6.434870754781068,6.434870754781068,6.434870754781068,6.434870754781068,6.434870754781068,6.434870754781068,6.434870754781068,6.434870754781068,6.434870754781068,6.434870754781068,6.434870754781068,6.434870754781068,6.434870754781068,6.434870754781068,6.434870754781068,6.434870754781068,6.434870754781068,6.191426461718937,6.191426461718937,6.191426461718937,6.191426461718937,5.942774949103585,5.942774949103585,5.837193601503655,5.837193601503655,5.837193601503655,5.837193601503655,5.837193601503655,5.837193601503655,5.837193601503655,5.837193601503655,4.949647541546983,4.949647541546983,4.949647541546983,4.949647541546983,4.949647541546983,4.949647541546983,4.949647541546983,4.949647541546983,4.949647541546983,4.949647541546983,4.949647541546983,4.949647541546983,4.949647541546983,4.949647541546983,4.949647541546983,4.949647541546983,4.949647541546983,4.949647541546983,4.949647541546983,4.949647541546983,4.949647541546983,4.949647541546983,4.949647541546983,4.949647541546983,4.949647541546983,4.949647541546983,4.949647541546983,4.949647541546983,4.949647541546983,4.949647541546983,4.949647541546983,4.949647541546983,4.949647541546983,4.949647541546983,4.949647541546983,4.949647541546983,4.949647541546983,4.949647541546983,4.949647541546983,4.949647541546983,4.949647541546983,4.949647541546983,4.949647541546983,4.949647541546983,4.949647541546983,4.949647541546983,4.949647541546983,4.949647541546983,4.949647541546983,4.949647541546983,4.949647541546983,4.949647541546983,4.949647541546983,4.949647541546983,4.949647541546983,4.949647541546983,4.949647541546983,4.949647541546983,4.949647541546983,4.949647541546983,4.949647541546983,4.949647541546983,4.949647541546983,4.949647541546983,4.949647541546983,4.949647541546983,4.949647541546983,4.949647541546983,4.949647541546983,4.949647541546983,4.949647541546983,4.949647541546983,4.949647541546983,4.949647541546983,4.949647541546983,4.949647541546983,4.949647541546983,4.949647541546983,4.949647541546983,4.949647541546983,4.949647541546983,4.949647541546983,4.949647541546983,4.949647541546983,4.949647541546983,4.949647541546983,4.949647541546983,4.949647541546983,4.949647541546983,4.949647541546983,4.949647541546983,4.949647541546983,4.949647541546983,4.949647541546983,4.949647541546983,4.949647541546983,4.949647541546983,4.949647541546983,4.949647541546983,4.949647541546983,4.949647541546983,4.949647541546983,4.949647541546983,4.949647541546983,4.949647541546983,4.949647541546983,4.949647541546983,4.949647541546983,4.949647541546983,4.949647541546983,4.949647541546983,4.949647541546983,4.949647541546983,4.949647541546983,4.949647541546983,4.949647541546983,4.949647541546983,4.949647541546983,4.949647541546983,4.949647541546983,4.949647541546983,4.949647541546983,4.949647541546983,4.949647541546983,4.949647541546983,4.949647541546983,4.949647541546983,4.949647541546983,4.949647541546983,4.949647541546983,4.949647541546983,4.949647541546983,4.949647541546983,4.949647541546983,4.949647541546983,4.949647541546983,4.949647541546983,4.949647541546983,4.949647541546983,4.949647541546983,4.949647541546983,4.949647541546983,4.949647541546983,4.949647541546983,4.949647541546983,4.949647541546983,4.949647541546983,4.949647541546983,4.949647541546983,4.949647541546983,4.949647541546983,4.949647541546983,4.949647541546983,4.949647541546983,4.949647541546983,4.949647541546983,4.949647541546983,4.949647541546983,4.949647541546983,4.949647541546983,4.949647541546983,4.949647541546983,4.949647541546983,4.949647541546983,4.949647541546983,4.949647541546983,4.949647541546983,4.949647541546983,4.949647541546983,4.949647541546983,4.949647541546983,4.949647541546983,4.949647541546983,4.949647541546983,4.949647541546983,4.949647541546983,4.949647541546983,4.949647541546983,4.949647541546983,4.949647541546983,4.949647541546983,4.949647541546983,4.949647541546983,4.949647541546983,4.949647541546983,4.949647541546983,4.949647541546983,4.949647541546983,4.949647541546983,4.949647541546983,4.949647541546983,4.949647541546983,4.949647541546983,4.949647541546983,4.949647541546983,4.949647541546983,4.949647541546983,4.949647541546983,4.949647541546983,4.949647541546983,4.949647541546983,4.949647541546983,4.949647541546983,4.949647541546983,4.949647541546983,4.949647541546983,4.949647541546983,4.949647541546983,4.949647541546983,4.949647541546983,4.949647541546983,4.949647541546983,4.949647541546983,4.949647541546983,4.949647541546983,4.949647541546983,4.949647541546983,4.949647541546983,4.949647541546983,4.949647541546983,4.949647541546983,4.949647541546983,4.949647541546983,4.949647541546983,4.949647541546983,4.949647541546983,4.949647541546983,4.949647541546983,4.949647541546983,4.949647541546983,4.949647541546983,4.949647541546983,4.949647541546983,4.949647541546983,4.949647541546983,4.949647541546983,4.949647541546983,4.949647541546983,4.949647541546983,4.949647541546983,4.949647541546983,4.949647541546983,4.949647541546983,4.949647541546983,4.949647541546983,4.949647541546983,4.949647541546983,4.949647541546983,4.949647541546983,4.949647541546983,4.949647541546983,4.949647541546983,4.949647541546983,4.949647541546983,4.949647541546983,4.949647541546983,4.949647541546983,4.949647541546983,4.949647541546983,4.949647541546983,4.949647541546983,4.949647541546983,4.949647541546983,4.949647541546983,4.949647541546983,4.949647541546983,4.949647541546983,4.949647541546983,4.949647541546983,4.949647541546983,4.949647541546983,4.949647541546983,4.949647541546983,4.949647541546983,4.949647541546983,4.522157347562512,4.522157347562512,4.522157347562512,4.522157347562512,4.522157347562512,4.522157347562512,4.522157347562512,4.522157347562512,4.522157347562512,4.522157347562512,4.522157347562512,4.522157347562512,4.522157347562512,4.522157347562512,4.522157347562512,4.522157347562512,4.522157347562512,4.522157347562512,4.522157347562512,4.522157347562512,4.522157347562512,4.522157347562512,4.522157347562512,4.522157347562512,4.522157347562512,4.522157347562512,4.522157347562512,4.522157347562512,4.522157347562512,4.522157347562512,4.522157347562512,4.522157347562512,4.522157347562512,4.522157347562512,4.522157347562512,4.522157347562512,4.522157347562512,4.522157347562512,4.522157347562512,4.522157347562512,4.522157347562512,4.522157347562512,4.522157347562512,4.522157347562512,4.522157347562512,4.522157347562512,4.522157347562512,4.522157347562512,4.522157347562512,4.522157347562512,4.522157347562512,4.522157347562512,4.522157347562512,4.522157347562512,4.522157347562512,4.522157347562512,4.522157347562512,4.522157347562512,4.522157347562512,4.522157347562512,4.522157347562512,3.8557405414568806,3.8557405414568806,3.8557405414568806,3.8557405414568806,3.8557405414568806,3.8557405414568806,3.8557405414568806,3.8557405414568806,3.8557405414568806,3.8557405414568806,3.8557405414568806,3.8557405414568806,3.8557405414568806,3.8557405414568806,3.8557405414568806,3.8557405414568806,3.8557405414568806,3.8557405414568806,3.8557405414568806,3.8557405414568806,3.8557405414568806,3.8557405414568806,3.8557405414568806,3.8557405414568806,3.8557405414568806,3.8557405414568806,3.8557405414568806,3.8557405414568806,3.8557405414568806,3.8557405414568806,3.8557405414568806,3.8557405414568806,3.8557405414568806,3.8557405414568806,3.8557405414568806,3.8557405414568806,3.8557405414568806,3.8557405414568806,3.8557405414568806,3.8557405414568806,3.8557405414568806,3.8557405414568806,3.8557405414568806,3.8557405414568806,3.8557405414568806,3.8557405414568806,3.8557405414568806,3.8557405414568806,3.8557405414568806,3.8557405414568806,3.8557405414568806,3.8557405414568806,3.8557405414568806,3.8557405414568806,3.8557405414568806,3.8557405414568806,3.8557405414568806,3.8557405414568806,3.8557405414568806,3.8557405414568806,3.8557405414568806,3.8557405414568806,3.8557405414568806,3.8557405414568806,3.8557405414568806,3.8557405414568806,3.8557405414568806,3.8557405414568806,3.8557405414568806,3.8557405414568806,3.8557405414568806,3.8557405414568806,3.8557405414568806,3.8557405414568806,3.8557405414568806,3.8557405414568806,3.8557405414568806,3.8557405414568806,3.8557405414568806,3.8557405414568806,3.8557405414568806,3.8557405414568806,3.8557405414568806,3.8557405414568806,3.8557405414568806,3.8557405414568806,3.8557405414568806,3.8557405414568806,3.8557405414568806,3.8557405414568806,3.8557405414568806,3.8557405414568806,3.8557405414568806,3.8557405414568806,3.8557405414568806,3.8557405414568806,3.8557405414568806,3.8557405414568806,3.8557405414568806,3.8557405414568806,3.8557405414568806,3.8557405414568806,3.8557405414568806,3.8557405414568806,3.8557405414568806,3.8557405414568806,3.8557405414568806,3.8557405414568806,3.8557405414568806,3.8557405414568806,3.8557405414568806,3.8557405414568806,3.8557405414568806,3.8557405414568806,3.8557405414568806,3.8557405414568806,3.8557405414568806,3.8557405414568806,3.8557405414568806,3.8557405414568806,3.8557405414568806,3.8557405414568806,3.8557405414568806,3.8557405414568806,3.8557405414568806,3.8557405414568806,3.8557405414568806,3.8557405414568806,3.8557405414568806,3.8557405414568806,3.8557405414568806,3.8557405414568806,3.8557405414568806,3.8557405414568806,3.8557405414568806,3.8557405414568806,3.8557405414568806,3.8557405414568806,3.8557405414568806,3.8557405414568806,3.8557405414568806,3.8557405414568806,3.8557405414568806,3.8557405414568806,3.8557405414568806,3.8557405414568806,3.8557405414568806,3.8557405414568806,3.8557405414568806,3.8557405414568806,3.8557405414568806,3.8557405414568806,3.8557405414568806,3.8557405414568806,3.8557405414568806,3.8557405414568806,3.8557405414568806,3.8557405414568806,3.8557405414568806,3.8557405414568806,3.8557405414568806,3.8557405414568806,3.8557405414568806,3.8557405414568806,3.8557405414568806,3.8557405414568806,3.8557405414568806,3.8557405414568806,3.8557405414568806,3.8557405414568806,3.8557405414568806,3.8557405414568806,3.8557405414568806,3.8557405414568806,3.8557405414568806,3.8557405414568806,3.8557405414568806,3.8557405414568806,3.8557405414568806,3.8557405414568806,3.8557405414568806,3.8557405414568806,3.8557405414568806,3.8557405414568806,3.8557405414568806,3.8557405414568806,3.8557405414568806,3.8557405414568806,3.8557405414568806,3.8557405414568806,3.8557405414568806,3.8557405414568806,3.8557405414568806,3.8557405414568806,3.8557405414568806,3.8557405414568806,3.8557405414568806,3.8557405414568806,3.8557405414568806,3.8557405414568806,3.8557405414568806,3.8557405414568806,3.8557405414568806,3.8557405414568806,3.8557405414568806,3.8557405414568806,3.8557405414568806,3.8557405414568806,3.8557405414568806,3.8557405414568806,3.8557405414568806,3.8557405414568806,3.8557405414568806,3.8557405414568806,3.8557405414568806,3.8557405414568806,3.8557405414568806,3.8557405414568806,3.8557405414568806,3.8557405414568806,3.8557405414568806,3.8557405414568806,3.8557405414568806,3.8557405414568806,3.8557405414568806,3.8557405414568806,3.8557405414568806,3.8557405414568806,3.8557405414568806,3.8557405414568806,3.8557405414568806,3.8557405414568806,3.8557405414568806,3.8557405414568806,3.8557405414568806,3.8557405414568806,3.8557405414568806,3.8557405414568806,3.8557405414568806,3.8557405414568806,3.8557405414568806,3.8557405414568806,3.8557405414568806,3.8557405414568806,3.8557405414568806,3.8557405414568806,3.8557405414568806,3.8557405414568806,3.8557405414568806,3.8557405414568806,3.8557405414568806,3.8557405414568806,3.8557405414568806,3.8557405414568806,3.8557405414568806,3.8557405414568806,3.8557405414568806,3.8557405414568806,3.8557405414568806,3.8557405414568806,3.8557405414568806,3.8557405414568806,3.8557405414568806,3.8557405414568806,3.8557405414568806,3.8557405414568806,3.8557405414568806,3.8557405414568806,3.8557405414568806,3.8557405414568806,3.8557405414568806,3.8557405414568806,3.8557405414568806,3.8557405414568806,3.8557405414568806,3.8557405414568806,3.8557405414568806,3.8557405414568806,3.8557405414568806,3.8557405414568806,3.8557405414568806,3.8557405414568806,3.8557405414568806,3.8557405414568806,3.8557405414568806,3.8557405414568806,3.8557405414568806,3.8557405414568806,3.8557405414568806,3.8557405414568806,3.8557405414568806,3.8557405414568806,3.8557405414568806,3.8557405414568806,3.8557405414568806,3.8557405414568806,3.8557405414568806,3.8557405414568806,3.8557405414568806,3.8557405414568806,3.8557405414568806,3.8557405414568806,3.8557405414568806,3.8557405414568806,3.8557405414568806,3.8557405414568806,3.8557405414568806,3.8557405414568806,3.8557405414568806,3.8557405414568806,3.8557405414568806,3.8557405414568806,3.8557405414568806,3.8557405414568806,3.8557405414568806,3.8557405414568806,3.8557405414568806,3.8557405414568806,3.8557405414568806,3.8557405414568806,3.8557405414568806,3.8557405414568806,3.8557405414568806,3.8557405414568806,3.8557405414568806,3.8557405414568806,3.8557405414568806,3.8557405414568806,3.8557405414568806,3.8557405414568806,3.8557405414568806,3.8557405414568806,3.8557405414568806,3.8557405414568806,3.8557405414568806,3.8557405414568806,3.8557405414568806,3.8557405414568806,3.8557405414568806,3.8557405414568806,3.8557405414568806,3.8557405414568806,3.8557405414568806,3.8557405414568806,3.8557405414568806,3.8557405414568806,3.8557405414568806,3.8557405414568806,3.8557405414568806,3.8557405414568806,3.8557405414568806,3.8557405414568806,3.8557405414568806,3.8557405414568806,3.8557405414568806,3.8557405414568806,3.8557405414568806,3.8557405414568806,3.8557405414568806,3.8557405414568806,3.8557405414568806,3.8557405414568806,3.8557405414568806,3.8557405414568806,3.8557405414568806,3.8557405414568806,3.8557405414568806,3.8557405414568806,3.8557405414568806,3.8557405414568806,3.8557405414568806,3.8557405414568806,3.8557405414568806,3.8557405414568806,3.8557405414568806,3.8557405414568806,3.8557405414568806,3.8557405414568806,3.8557405414568806,3.8557405414568806,3.8557405414568806,3.8557405414568806,3.8557405414568806,3.8557405414568806,3.8557405414568806,3.8557405414568806,3.8557405414568806,3.8557405414568806,3.8557405414568806,3.8557405414568806,3.8557405414568806,3.8557405414568806,3.8557405414568806,3.8557405414568806,3.8557405414568806,3.8557405414568806,3.8557405414568806,3.8557405414568806,3.8557405414568806,3.8557405414568806,3.8557405414568806,3.8557405414568806,3.8557405414568806,3.8557405414568806,3.8557405414568806,3.8557405414568806,3.8557405414568806,3.8557405414568806,3.8557405414568806,3.8557405414568806,3.8557405414568806,3.8557405414568806,3.8557405414568806,3.8557405414568806,3.8557405414568806,3.8557405414568806,3.8557405414568806,3.8557405414568806,3.8557405414568806,3.8557405414568806,3.8557405414568806,3.8557405414568806,3.8557405414568806,3.8557405414568806,3.8557405414568806,3.8557405414568806,3.8557405414568806,3.8557405414568806,3.8557405414568806,3.8557405414568806,3.8557405414568806,3.8557405414568806,3.8557405414568806,3.8557405414568806,3.8557405414568806,3.8557405414568806,3.8557405414568806,3.8557405414568806,3.8557405414568806,3.8557405414568806,3.8557405414568806,3.8557405414568806,3.8557405414568806,3.8557405414568806,3.8557405414568806,3.8557405414568806,3.8557405414568806,3.8557405414568806,3.8557405414568806,3.8557405414568806,3.8557405414568806,3.8557405414568806,3.8557405414568806,3.8557405414568806,3.8557405414568806,3.8557405414568806,3.8557405414568806,3.8557405414568806,3.8557405414568806,3.8557405414568806,3.8557405414568806,3.8557405414568806,3.8557405414568806,3.8557405414568806,3.8557405414568806,3.8557405414568806,3.8557405414568806,3.8557405414568806,3.8557405414568806,3.8557405414568806,3.8557405414568806,3.8557405414568806,3.8557405414568806,3.8557405414568806,3.8557405414568806,3.8557405414568806,3.8557405414568806,3.8557405414568806,3.8557405414568806,3.8557405414568806,3.8557405414568806,3.8557405414568806,3.8557405414568806,3.8557405414568806,3.8557405414568806,3.8557405414568806,3.8557405414568806,3.8557405414568806,3.8557405414568806,3.8557405414568806,3.8557405414568806,3.8557405414568806,3.8557405414568806,3.8557405414568806,3.8557405414568806,3.8557405414568806,3.8557405414568806,3.8557405414568806,3.8557405414568806,3.8557405414568806,3.8557405414568806,3.8557405414568806,3.8557405414568806,3.8557405414568806,3.8557405414568806,3.8557405414568806,3.8557405414568806,3.8557405414568806,3.8557405414568806,3.8557405414568806,3.8557405414568806,3.8557405414568806,3.8557405414568806,3.8557405414568806,3.8557405414568806,3.8557405414568806,3.8557405414568806,3.8557405414568806,3.8557405414568806,3.8557405414568806,3.8557405414568806,3.8557405414568806,3.8557405414568806,3.8557405414568806,3.8557405414568806,3.8557405414568806,3.8557405414568806,3.8557405414568806,3.8557405414568806,3.8557405414568806,3.8557405414568806,3.8557405414568806,3.8557405414568806,3.8557405414568806,3.8557405414568806,3.8557405414568806,3.8557405414568806,3.8557405414568806,3.8557405414568806,3.8557405414568806,3.8557405414568806,3.8557405414568806,3.8557405414568806,3.8557405414568806,3.8557405414568806,3.8557405414568806,3.8557405414568806,3.8557405414568806,3.8557405414568806,3.8557405414568806,3.8557405414568806,3.8557405414568806,3.8557405414568806,3.8557405414568806,3.8557405414568806,3.8557405414568806,3.8557405414568806,3.8557405414568806,3.8557405414568806,3.8557405414568806,3.8557405414568806,3.8557405414568806,3.8557405414568806,3.8557405414568806,3.8557405414568806,3.8557405414568806,3.8557405414568806,3.8557405414568806,3.8557405414568806,3.8557405414568806,3.8557405414568806,3.8557405414568806,3.8557405414568806,3.8557405414568806,3.8557405414568806,3.8557405414568806,3.8557405414568806,3.8557405414568806,3.8557405414568806,3.8557405414568806,3.8557405414568806,3.8557405414568806,3.8557405414568806,3.8557405414568806,3.8557405414568806,3.8557405414568806,3.8557405414568806,3.8557405414568806,3.8557405414568806,3.8557405414568806,3.8557405414568806,3.8557405414568806,3.8557405414568806,3.8557405414568806,3.8557405414568806,3.8557405414568806,3.8557405414568806,3.8557405414568806,3.8557405414568806,3.8557405414568806,3.8557405414568806,3.8557405414568806,3.8557405414568806,3.8557405414568806,3.8557405414568806,3.8557405414568806,3.8557405414568806,3.8557405414568806,3.8557405414568806,3.8557405414568806,3.8557405414568806,3.8557405414568806,3.8557405414568806,3.8557405414568806,3.8557405414568806,3.8557405414568806,3.8557405414568806,3.8557405414568806,3.8557405414568806,3.8557405414568806,3.8557405414568806,3.8557405414568806,3.8557405414568806,3.8557405414568806,3.8557405414568806,3.8557405414568806,3.8557405414568806,3.8557405414568806,3.8557405414568806,3.8557405414568806,3.8557405414568806,3.8557405414568806,3.8557405414568806,7.0659133120084,5.846308885623764,5.846308885623764,5.846308885623764,5.846308885623764,5.846308885623764,5.846308885623764,5.7782630856633075,5.7782630856633075,5.7782630856633075,5.7782630856633075,5.7782630856633075,5.7782630856633075,5.7782630856633075,5.7782630856633075,5.7782630856633075,5.7338282321693494,5.7338282321693494,5.7338282321693494,5.7338282321693494,5.7338282321693494,5.7338282321693494,5.7338282321693494,5.7338282321693494,5.7338282321693494,5.7338282321693494,5.7338282321693494,5.7338282321693494,5.7338282321693494,5.7338282321693494,5.7338282321693494,5.7338282321693494,5.7338282321693494,5.7338282321693494,5.7338282321693494,5.7338282321693494,5.7338282321693494,5.7338282321693494,5.7338282321693494,5.7338282321693494,5.7338282321693494,5.7338282321693494,5.525238860353245,5.525238860353245,4.910742025870583,4.910742025870583,4.910742025870583,4.910742025870583,4.910742025870583,4.910742025870583,4.910742025870583,4.910742025870583,4.910742025870583,4.910742025870583,4.910742025870583,4.676828710030843,4.676828710030843,4.676828710030843,4.676828710030843,4.676828710030843,4.676828710030843,4.676828710030843,4.676828710030843,4.676828710030843,4.676828710030843,4.676828710030843,4.676828710030843,4.676828710030843,4.676828710030843,4.676828710030843,4.676828710030843,4.676828710030843,4.676828710030843,4.676828710030843,4.676828710030843,4.676828710030843,4.676828710030843,4.676828710030843,4.676828710030843,4.676828710030843,4.676828710030843,4.676828710030843,4.676828710030843,4.676828710030843,4.676828710030843,4.676828710030843,4.676828710030843,4.676828710030843,4.676828710030843,4.676828710030843,4.676828710030843,4.676828710030843,4.676828710030843,4.676828710030843,4.676828710030843,4.676828710030843,4.676828710030843,4.676828710030843,4.676828710030843,4.676828710030843,4.676828710030843,4.676828710030843,4.676828710030843,4.676828710030843,4.676828710030843,4.676828710030843,4.676828710030843,4.676828710030843,4.676828710030843,4.676828710030843,4.676828710030843,4.676828710030843,4.676828710030843,4.676828710030843,4.676828710030843,4.676828710030843,4.676828710030843,4.676828710030843,4.676828710030843,4.676828710030843,4.676828710030843,4.676828710030843,4.676828710030843,4.676828710030843,4.676828710030843,4.676828710030843,4.676828710030843,4.676828710030843,4.676828710030843,4.676828710030843,4.676828710030843,4.676828710030843,4.676828710030843,4.676828710030843,4.676828710030843,4.676828710030843,4.676828710030843,4.676828710030843,4.676828710030843,4.676828710030843,4.676828710030843,4.676828710030843,4.676828710030843,4.676828710030843,4.676828710030843,4.676828710030843,4.676828710030843,4.676828710030843,4.676828710030843,4.676828710030843,4.676828710030843,4.676828710030843,4.676828710030843,4.676828710030843,4.676828710030843,4.676828710030843,4.676828710030843,4.676828710030843,4.676828710030843,4.676828710030843,4.676828710030843,4.676828710030843,4.676828710030843,4.676828710030843,4.676828710030843,4.676828710030843,4.676828710030843,4.676828710030843,4.676828710030843,4.676828710030843,4.676828710030843,4.676828710030843,4.676828710030843,4.676828710030843,4.676828710030843,4.676828710030843,4.676828710030843,4.676828710030843,4.676828710030843,4.676828710030843,4.676828710030843,4.676828710030843,4.676828710030843,4.676828710030843,4.676828710030843,4.676828710030843,4.676828710030843,4.676828710030843,4.676828710030843,4.676828710030843,4.676828710030843,4.676828710030843,4.676828710030843,4.676828710030843,4.676828710030843,4.676828710030843,4.676828710030843,4.676828710030843,4.676828710030843,4.676828710030843,4.676828710030843,4.676828710030843,4.676828710030843,4.676828710030843,4.676828710030843,4.676828710030843,4.676828710030843,4.676828710030843,4.676828710030843,4.676828710030843,4.676828710030843,4.676828710030843,4.676828710030843,4.676828710030843,4.676828710030843,4.676828710030843,4.676828710030843,4.676828710030843,4.676828710030843,4.676828710030843,4.676828710030843,4.676828710030843,4.676828710030843,4.676828710030843,4.676828710030843,4.676828710030843,4.676828710030843,4.676828710030843,4.676828710030843,4.676828710030843,4.676828710030843,4.676828710030843,4.676828710030843,4.676828710030843,4.676828710030843,4.676828710030843,4.676828710030843,4.676828710030843,4.676828710030843,4.676828710030843,4.676828710030843,4.676828710030843,4.676828710030843,4.676828710030843,4.676828710030843,4.676828710030843,4.186071412875692,4.186071412875692,4.186071412875692,4.186071412875692,4.186071412875692,4.186071412875692,4.186071412875692,4.186071412875692,4.186071412875692,4.186071412875692,4.186071412875692,4.181399172008935,4.123804388885495,3.844494664095985,3.844494664095985,3.844494664095985,3.844494664095985,3.844494664095985,3.844494664095985,3.844494664095985,3.844494664095985,3.844494664095985,3.844494664095985,3.844494664095985,3.844494664095985,3.844494664095985,3.844494664095985,3.844494664095985,3.844494664095985,3.844494664095985,3.844494664095985,3.844494664095985,3.844494664095985,3.844494664095985,3.844494664095985,3.844494664095985,3.7549272417931334,3.7549272417931334,3.7549272417931334,3.7549272417931334,3.7549272417931334,3.7549272417931334,3.7549272417931334,3.7549272417931334,3.7549272417931334,3.7549272417931334,3.7549272417931334,3.7549272417931334,3.7549272417931334,3.7549272417931334,3.7549272417931334,3.7549272417931334,3.7549272417931334,3.7549272417931334,3.7549272417931334,3.7549272417931334,3.7549272417931334,3.7549272417931334,3.7549272417931334,3.7549272417931334,3.7549272417931334,3.7549272417931334,3.7549272417931334,3.7549272417931334,3.7549272417931334,3.7549272417931334,3.7549272417931334,3.7549272417931334,3.7549272417931334,3.7549272417931334,3.7549272417931334,3.7549272417931334,3.7549272417931334,3.7549272417931334,3.7549272417931334,3.7549272417931334,3.7549272417931334,3.7549272417931334,3.7549272417931334,3.7549272417931334,3.7549272417931334,3.7549272417931334,3.7549272417931334,3.7549272417931334,3.7549272417931334,3.7549272417931334,3.7549272417931334,3.7549272417931334,3.7549272417931334,3.7549272417931334,3.7549272417931334,3.7549272417931334,3.7549272417931334,3.7549272417931334,3.7549272417931334,3.7549272417931334,3.7549272417931334,3.7549272417931334,3.7549272417931334,3.7549272417931334,3.7549272417931334,3.7549272417931334,3.7549272417931334,3.7549272417931334,3.7549272417931334,3.7549272417931334,3.7549272417931334,3.7549272417931334,3.7549272417931334,3.7549272417931334,3.7549272417931334,3.7549272417931334,3.7549272417931334,3.7549272417931334,3.7549272417931334,3.7549272417931334,3.7549272417931334,3.7549272417931334,3.7549272417931334,3.7549272417931334,3.7549272417931334,3.7549272417931334,3.7549272417931334,3.7549272417931334,3.7549272417931334,3.7549272417931334,3.7549272417931334,3.7549272417931334,3.7549272417931334,3.7549272417931334,3.7549272417931334,3.7549272417931334,3.7549272417931334,3.7549272417931334,3.7549272417931334,3.7549272417931334,3.7549272417931334,3.7549272417931334,3.7549272417931334,3.7549272417931334,3.7549272417931334,3.7549272417931334,3.7549272417931334,3.7549272417931334,3.7549272417931334,3.7549272417931334,3.7549272417931334,3.7549272417931334,3.7549272417931334,3.7549272417931334,3.7549272417931334,3.7549272417931334,3.7549272417931334,3.7549272417931334,3.7549272417931334,3.7549272417931334,3.7549272417931334,3.7549272417931334,3.7549272417931334,3.7549272417931334,3.7549272417931334,3.7549272417931334,3.7549272417931334,3.7549272417931334,3.7549272417931334,3.7549272417931334,3.7549272417931334,3.7549272417931334,3.7549272417931334,3.7549272417931334,3.7549272417931334,3.7549272417931334,3.7549272417931334,3.7549272417931334,3.7549272417931334,3.7549272417931334,3.7549272417931334,3.7549272417931334,3.7549272417931334,3.7549272417931334,3.7549272417931334,3.7549272417931334,3.7549272417931334,3.7549272417931334,3.7549272417931334,3.7549272417931334,3.7549272417931334,3.7549272417931334,3.7549272417931334,3.7549272417931334,3.7549272417931334,3.7549272417931334,3.7549272417931334,3.7549272417931334,3.7549272417931334,3.7549272417931334,3.7549272417931334,3.7549272417931334,3.7549272417931334,3.7549272417931334,3.7549272417931334,3.7549272417931334,3.7549272417931334,3.7549272417931334,3.7549272417931334,3.7549272417931334,3.7549272417931334,3.7549272417931334,3.7549272417931334,3.7549272417931334,3.7549272417931334,3.7549272417931334,3.7549272417931334,3.7549272417931334,3.7549272417931334,3.7549272417931334,3.7549272417931334,3.7549272417931334,3.7549272417931334,3.7549272417931334,3.7549272417931334,3.7549272417931334,3.7549272417931334,3.7549272417931334,3.7549272417931334,3.7549272417931334,3.7549272417931334,3.7549272417931334,3.7549272417931334,3.7549272417931334,3.7549272417931334,3.7549272417931334,3.7549272417931334,3.7549272417931334,3.7549272417931334,3.7549272417931334,3.7549272417931334,3.7549272417931334,3.7549272417931334,3.7549272417931334,3.7549272417931334,3.7549272417931334,3.7549272417931334,3.7549272417931334,3.7549272417931334,3.7549272417931334,3.7549272417931334,3.7549272417931334,3.7549272417931334,3.7549272417931334,3.7549272417931334,3.7549272417931334,3.7549272417931334,3.7549272417931334,3.7549272417931334,3.7549272417931334,3.7549272417931334,3.7549272417931334,3.7549272417931334,3.7549272417931334,3.7549272417931334,3.7549272417931334,3.7549272417931334,3.7549272417931334,3.7549272417931334,3.7549272417931334,3.7549272417931334,3.7549272417931334,3.7549272417931334,3.7549272417931334,3.7549272417931334,3.7549272417931334,3.7549272417931334,3.7549272417931334,3.7549272417931334,3.7549272417931334,3.7549272417931334,3.7549272417931334,3.7549272417931334,3.7549272417931334,3.7549272417931334,3.7549272417931334,3.7549272417931334,3.7549272417931334,3.7549272417931334,3.7549272417931334,3.7549272417931334,3.7549272417931334,3.7549272417931334,3.7549272417931334,3.7549272417931334,3.7549272417931334,3.7549272417931334,3.7549272417931334,3.7549272417931334,3.7549272417931334,3.7549272417931334,3.7549272417931334,3.7549272417931334,3.7549272417931334,3.7549272417931334,3.7549272417931334,3.7549272417931334,3.7549272417931334,3.7549272417931334,3.7549272417931334,3.7549272417931334,3.7549272417931334,3.7549272417931334,3.7549272417931334,3.7549272417931334,3.7549272417931334,3.7549272417931334,3.7549272417931334,3.7549272417931334,3.7549272417931334,3.7549272417931334,3.7549272417931334,3.7549272417931334,3.7549272417931334,3.7549272417931334,3.7549272417931334,3.7549272417931334,3.7549272417931334,3.7549272417931334,3.7549272417931334,3.7549272417931334,3.7549272417931334,3.7549272417931334,3.7549272417931334,3.7549272417931334,3.7549272417931334,3.7549272417931334,3.7549272417931334,3.7549272417931334,3.7549272417931334,3.7549272417931334,3.7549272417931334,3.7549272417931334,3.7549272417931334,3.7549272417931334,3.7549272417931334,3.7549272417931334,3.7549272417931334,3.7549272417931334,3.7549272417931334,3.7549272417931334,3.7549272417931334,3.7549272417931334,3.7549272417931334,3.7549272417931334,3.7549272417931334,3.7549272417931334,3.7549272417931334,3.7549272417931334,3.7549272417931334,3.7549272417931334,3.7549272417931334,3.7549272417931334,3.7549272417931334,3.7549272417931334,3.7549272417931334,3.7549272417931334,3.7549272417931334,3.7549272417931334,3.7549272417931334,3.7549272417931334,3.7549272417931334,3.7549272417931334,3.7549272417931334,3.7549272417931334,3.7549272417931334,3.7549272417931334,3.7549272417931334,3.7549272417931334,3.7549272417931334,3.7549272417931334,3.7549272417931334,3.7549272417931334,3.7549272417931334,3.7549272417931334,3.7549272417931334,3.7549272417931334,3.7549272417931334,3.7549272417931334,3.7549272417931334,3.7549272417931334,3.7549272417931334,3.7549272417931334,3.7549272417931334,3.7549272417931334,3.7549272417931334,3.7549272417931334,3.7549272417931334,3.7549272417931334,3.7549272417931334,3.7549272417931334,3.7549272417931334,3.7549272417931334,3.7549272417931334,3.7549272417931334,3.7549272417931334,3.710353096425739,3.710353096425739,3.710353096425739,3.710353096425739,3.710353096425739,3.710353096425739,3.710353096425739,3.710353096425739,3.710353096425739,3.710353096425739,3.710353096425739,3.710353096425739,3.710353096425739,3.710353096425739,3.710353096425739,3.710353096425739,3.710353096425739,3.710353096425739,3.710353096425739,3.710353096425739,3.710353096425739,3.710353096425739,3.710353096425739,3.710353096425739,3.710353096425739,3.710353096425739,3.710353096425739,3.710353096425739,3.710353096425739,3.710353096425739,3.710353096425739,3.710353096425739,3.710353096425739,3.710353096425739,3.710353096425739,3.710353096425739,3.710353096425739,3.710353096425739,3.710353096425739,3.710353096425739,3.710353096425739,3.710353096425739,3.710353096425739,3.710353096425739,3.710353096425739,3.710353096425739,3.710353096425739,3.710353096425739,3.710353096425739,3.710353096425739,3.710353096425739,3.710353096425739,3.710353096425739,3.710353096425739,3.710353096425739,3.710353096425739,3.710353096425739,3.710353096425739,3.710353096425739,3.710353096425739,3.710353096425739,3.710353096425739,3.710353096425739,3.710353096425739,3.710353096425739,3.710353096425739,3.710353096425739,3.710353096425739,3.710353096425739,3.710353096425739,3.710353096425739,3.710353096425739,3.710353096425739,3.710353096425739,3.710353096425739,3.710353096425739,3.710353096425739,3.710353096425739,3.710353096425739,3.710353096425739,3.710353096425739,3.710353096425739,3.710353096425739,3.710353096425739,3.710353096425739,3.710353096425739,3.710353096425739,3.710353096425739,3.710353096425739,3.710353096425739,3.710353096425739,3.710353096425739,3.710353096425739,3.710353096425739,3.710353096425739,3.710353096425739,3.710353096425739,3.710353096425739,3.710353096425739,3.710353096425739,3.710353096425739,3.710353096425739,3.710353096425739,3.710353096425739,3.710353096425739,3.710353096425739,3.710353096425739,3.710353096425739,3.710353096425739,3.710353096425739,3.710353096425739,3.710353096425739,3.710353096425739,3.710353096425739,3.710353096425739,3.710353096425739,3.710353096425739,3.710353096425739,3.710353096425739,3.710353096425739,3.710353096425739,3.710353096425739,3.710353096425739,3.710353096425739,3.710353096425739,3.710353096425739,3.710353096425739,3.710353096425739,3.710353096425739,3.710353096425739,3.710353096425739,3.710353096425739,3.710353096425739,3.710353096425739,3.710353096425739,3.710353096425739,3.710353096425739,3.710353096425739,3.710353096425739,3.710353096425739,3.710353096425739,3.710353096425739,3.710353096425739,3.710353096425739,3.710353096425739,3.710353096425739,3.710353096425739,3.710353096425739,3.710353096425739,3.710353096425739,3.710353096425739,3.710353096425739,3.710353096425739,3.710353096425739,3.710353096425739,3.710353096425739,3.710353096425739,3.710353096425739,3.710353096425739,3.710353096425739,3.710353096425739,3.710353096425739,3.710353096425739,3.710353096425739,3.710353096425739,3.710353096425739,3.710353096425739,3.710353096425739,3.710353096425739,3.710353096425739,3.710353096425739,3.710353096425739,3.710353096425739,3.710353096425739,3.710353096425739,3.710353096425739,3.710353096425739,3.710353096425739,3.710353096425739,3.710353096425739,3.710353096425739,3.710353096425739,3.710353096425739,3.710353096425739,3.710353096425739,3.710353096425739,3.710353096425739,3.710353096425739,3.710353096425739,3.710353096425739,3.710353096425739,3.710353096425739,3.710353096425739,3.710353096425739,3.710353096425739,3.710353096425739,3.710353096425739,3.710353096425739,3.710353096425739,3.710353096425739,3.710353096425739,3.710353096425739,3.710353096425739,3.710353096425739,3.710353096425739,3.710353096425739,3.710353096425739,3.710353096425739,3.710353096425739,3.710353096425739,3.710353096425739,3.710353096425739,3.710353096425739,3.710353096425739,3.710353096425739,3.710353096425739,3.710353096425739,3.710353096425739,3.710353096425739,3.710353096425739,3.710353096425739,3.710353096425739,3.710353096425739,3.710353096425739,3.710353096425739,3.710353096425739,3.710353096425739,3.710353096425739,3.710353096425739,3.710353096425739,3.710353096425739,3.710353096425739,3.710353096425739,3.710353096425739,3.710353096425739,3.710353096425739,3.710353096425739,3.710353096425739,3.426291732184125,3.426291732184125,3.426291732184125,3.426291732184125,3.426291732184125,3.426291732184125,3.426291732184125,3.426291732184125,3.426291732184125,3.426291732184125,3.426291732184125,3.426291732184125,3.426291732184125,3.426291732184125,3.426291732184125,3.426291732184125,3.426291732184125,3.426291732184125,3.426291732184125,3.426291732184125,3.426291732184125,3.426291732184125,3.426291732184125,3.426291732184125,3.426291732184125,3.426291732184125,3.426291732184125,3.426291732184125,3.426291732184125,3.426291732184125,3.426291732184125,3.426291732184125,3.426291732184125,3.426291732184125,3.426291732184125,3.426291732184125,3.426291732184125,3.426291732184125,3.426291732184125,3.426291732184125,3.426291732184125,3.426291732184125,3.426291732184125,3.426291732184125,3.426291732184125,3.426291732184125,3.426291732184125,3.426291732184125,3.426291732184125,3.426291732184125,3.426291732184125,3.426291732184125,3.426291732184125,3.426291732184125,3.426291732184125,3.426291732184125,3.426291732184125,3.426291732184125,3.426291732184125,3.426291732184125,3.426291732184125,3.426291732184125,3.426291732184125,3.426291732184125,3.426291732184125,3.426291732184125,3.426291732184125,3.426291732184125,3.426291732184125,3.426291732184125,3.426291732184125,3.426291732184125,3.426291732184125,3.426291732184125,3.426291732184125,3.426291732184125,3.426291732184125,3.426291732184125,3.426291732184125,3.426291732184125,3.426291732184125,3.426291732184125,3.426291732184125,3.426291732184125,3.426291732184125,3.426291732184125,3.426291732184125,3.426291732184125,3.426291732184125,3.426291732184125,3.426291732184125,3.426291732184125,3.426291732184125,3.426291732184125,3.426291732184125,3.426291732184125,3.426291732184125,3.426291732184125,3.426291732184125,3.426291732184125,3.426291732184125,3.426291732184125,3.426291732184125,3.426291732184125,3.426291732184125,3.426291732184125,3.426291732184125,3.426291732184125,3.426291732184125,3.426291732184125,3.426291732184125,3.426291732184125,3.426291732184125,3.426291732184125,9.322928590269548,9.322928590269548,9.322928590269548,9.19162579345861,9.19162579345861,9.19162579345861,9.042136105439601,7.34505348913055,7.34505348913055,7.34505348913055,7.34505348913055,6.524727580072846,6.524727580072846,6.510272317444973,6.510272317444973,6.510272317444973,6.510272317444973,6.510272317444973,6.510272317444973,6.510272317444973,6.510272317444973,6.510272317444973,6.510272317444973,6.510272317444973,6.510272317444973,6.510272317444973,6.510272317444973,6.510272317444973,6.510272317444973,6.510272317444973,6.510272317444973,6.510272317444973,6.510272317444973,6.510272317444973,6.510272317444973,6.510272317444973,6.510272317444973,6.510272317444973,6.510272317444973,6.510272317444973,6.510272317444973,6.510272317444973,6.510272317444973,6.510272317444973,6.510272317444973,6.510272317444973,6.510272317444973,6.510272317444973,6.510272317444973,6.510272317444973,6.510272317444973,6.510272317444973,6.510272317444973,6.510272317444973,6.510272317444973,6.510272317444973,6.510272317444973,6.510272317444973,6.510272317444973,6.510272317444973,6.510272317444973,6.510272317444973,6.510272317444973,6.510272317444973,6.510272317444973,6.510272317444973,6.510272317444973,6.510272317444973,6.139958076647473,6.139958076647473,6.139958076647473,6.139958076647473,6.139958076647473,6.139958076647473,6.139958076647473,6.0925476519467,6.0925476519467,6.0925476519467,6.0925476519467,6.0925476519467,6.0925476519467,6.0925476519467,6.0925476519467,6.0925476519467,6.0925476519467,6.0925476519467,6.0925476519467,6.0925476519467,6.0925476519467,6.0925476519467,6.0925476519467,6.0925476519467,6.0925476519467,6.0925476519467,6.0925476519467,6.0925476519467,6.0925476519467,6.0925476519467,6.0925476519467,6.0925476519467,6.0925476519467,6.0925476519467,6.0925476519467,6.0925476519467,6.0925476519467,6.0925476519467,6.0925476519467,6.0925476519467,6.0925476519467,6.0925476519467,6.0925476519467,6.0925476519467,6.0925476519467,6.0925476519467,6.0925476519467,6.0925476519467,6.0925476519467,6.0925476519467,6.0925476519467,6.0925476519467,6.0925476519467,6.0925476519467,6.0925476519467,6.0925476519467,6.0925476519467,6.0925476519467,6.0925476519467,6.0925476519467,6.0925476519467,6.0925476519467,6.0925476519467,6.0925476519467,6.0925476519467,6.0925476519467,6.0925476519467,6.0925476519467,6.0925476519467,6.0925476519467,6.0925476519467,6.0925476519467,6.0925476519467,6.0925476519467,6.0925476519467,6.0925476519467,6.0925476519467,6.0925476519467,6.0925476519467,6.0925476519467,6.0925476519467,6.0925476519467,6.0925476519467,6.0925476519467,6.0925476519467,6.0925476519467,6.0925476519467,6.0925476519467,6.0925476519467,6.0925476519467,6.0925476519467,6.0925476519467,6.0925476519467,6.0925476519467,6.0925476519467,6.0925476519467,6.0925476519467,6.0925476519467,6.0925476519467,6.0925476519467,6.0925476519467,6.0925476519467,6.0925476519467,6.0925476519467,6.0925476519467,6.0925476519467,6.0925476519467,6.0925476519467,6.0925476519467,6.0925476519467,6.0925476519467,6.08433047328521,6.08433047328521,6.08433047328521,6.08433047328521,6.08433047328521,6.08433047328521,6.08433047328521,6.08433047328521,6.08433047328521,6.08433047328521,6.08433047328521,6.08433047328521,6.08433047328521,6.08433047328521,6.08433047328521,6.08433047328521,6.08433047328521,6.08433047328521,6.08433047328521,6.08433047328521,6.08433047328521,6.08433047328521,6.08433047328521,6.08433047328521,6.08433047328521,6.08433047328521,6.08433047328521,6.08433047328521,6.08433047328521,6.08433047328521,6.08433047328521,6.08433047328521,6.08433047328521,6.08433047328521,6.08433047328521,6.08433047328521,6.08433047328521,6.08433047328521,6.08433047328521,6.08433047328521,6.08433047328521,6.08433047328521,6.08433047328521,6.08433047328521,6.08433047328521,6.08433047328521,6.08433047328521,6.08433047328521,6.08433047328521,6.08433047328521,6.08433047328521,6.08433047328521,6.08433047328521,6.08433047328521,6.08433047328521,6.08433047328521,6.08433047328521,6.08433047328521,6.08433047328521,6.08433047328521,6.08433047328521,6.08433047328521,6.08433047328521,6.08433047328521,6.08433047328521,6.08433047328521,6.08433047328521,6.08433047328521,6.08433047328521,6.08433047328521,6.08433047328521,6.08433047328521,6.08433047328521,6.08433047328521,6.08433047328521,6.08433047328521,6.08433047328521,6.08433047328521,6.08433047328521,6.08433047328521,6.08433047328521,6.08433047328521,6.08433047328521,6.08433047328521,6.08433047328521,6.08433047328521,6.08433047328521,6.08433047328521,6.08433047328521,6.08433047328521,5.749306471955328,5.749306471955328,5.749306471955328,5.749306471955328,5.749306471955328,5.749306471955328,5.749306471955328,5.749306471955328,5.749306471955328,5.749306471955328,5.749306471955328,5.749306471955328,5.749306471955328,5.749306471955328,5.749306471955328,5.749306471955328,5.749306471955328,5.749306471955328,5.749306471955328,5.749306471955328,5.749306471955328,5.749306471955328,5.749306471955328,5.749306471955328,5.749306471955328,5.749306471955328,5.749306471955328,5.749306471955328,5.749306471955328,5.749306471955328,5.749306471955328,5.749306471955328,5.749306471955328,5.749306471955328,5.749306471955328,5.749306471955328,5.749306471955328,5.749306471955328,5.749306471955328,5.749306471955328,5.749306471955328,5.749306471955328,5.749306471955328,5.749306471955328,4.356647806829976,4.356647806829976,4.242392025146883,4.242392025146883,4.242392025146883,4.242392025146883,4.242392025146883,4.242392025146883,4.242392025146883,4.242392025146883,4.242392025146883,4.242392025146883,4.242392025146883,4.242392025146883,4.242392025146883,4.242392025146883,4.242392025146883,4.242392025146883,4.242392025146883,4.190222393553612,4.190222393553612,4.190222393553612,4.190222393553612,4.190222393553612,4.190222393553612,4.190222393553612,4.190222393553612,4.190222393553612,4.190222393553612,4.190222393553612,4.190222393553612,4.190222393553612,4.190222393553612,4.190222393553612,4.190222393553612,4.190222393553612,4.190222393553612,4.190222393553612,4.190222393553612,4.190222393553612,4.190222393553612,4.190222393553612,4.190222393553612,4.190222393553612,4.190222393553612,4.190222393553612,4.190222393553612,4.190222393553612,4.190222393553612,4.190222393553612,4.190222393553612,4.190222393553612,4.190222393553612,4.190222393553612,4.190222393553612,4.190222393553612,4.190222393553612,4.190222393553612,4.190222393553612,4.190222393553612,4.190222393553612,4.190222393553612,4.190222393553612,4.190222393553612,4.190222393553612,4.190222393553612,4.190222393553612,4.190222393553612,4.190222393553612,4.190222393553612,4.190222393553612,4.190222393553612,4.190222393553612,4.190222393553612,4.190222393553612,4.190222393553612,4.190222393553612,4.190222393553612,4.190222393553612,4.190222393553612,4.190222393553612,4.190222393553612,4.190222393553612,4.190222393553612,4.190222393553612,4.190222393553612,4.190222393553612,4.190222393553612,4.190222393553612,4.190222393553612,4.190222393553612,4.190222393553612,4.190222393553612,4.190222393553612,4.190222393553612,4.190222393553612,4.190222393553612,4.190222393553612,4.190222393553612,4.190222393553612,4.190222393553612,4.190222393553612,4.190222393553612,4.190222393553612,4.190222393553612,4.190222393553612,4.190222393553612,4.190222393553612,4.190222393553612,4.190222393553612,4.190222393553612,4.190222393553612,4.190222393553612,4.190222393553612,4.190222393553612,4.190222393553612,4.190222393553612,4.190222393553612,4.190222393553612,4.190222393553612,4.190222393553612,4.190222393553612,4.190222393553612,4.190222393553612,4.190222393553612,4.190222393553612,4.190222393553612,4.190222393553612,4.190222393553612,4.190222393553612,4.190222393553612,4.190222393553612,4.190222393553612,4.190222393553612,4.190222393553612,4.190222393553612,4.190222393553612,4.190222393553612,4.190222393553612,4.190222393553612,4.190222393553612,4.190222393553612,4.190222393553612,4.190222393553612,4.190222393553612,4.190222393553612,4.190222393553612,4.190222393553612,4.190222393553612,4.190222393553612,4.190222393553612,4.190222393553612,4.190222393553612,4.190222393553612,4.190222393553612,4.190222393553612,4.190222393553612,4.190222393553612,4.190222393553612,4.190222393553612,4.190222393553612,4.190222393553612,4.190222393553612,4.190222393553612,4.190222393553612,4.190222393553612,4.190222393553612,4.190222393553612,4.190222393553612,4.190222393553612,4.190222393553612,4.190222393553612,4.190222393553612,4.190222393553612,4.190222393553612,4.190222393553612,4.190222393553612,4.190222393553612,4.190222393553612,4.190222393553612,4.190222393553612,4.190222393553612,4.190222393553612,4.190222393553612,4.190222393553612,4.190222393553612,4.190222393553612,4.190222393553612,4.190222393553612,4.190222393553612,4.190222393553612,4.190222393553612,4.190222393553612,4.190222393553612,4.190222393553612,4.190222393553612,4.190222393553612,4.190222393553612,4.190222393553612,4.190222393553612,4.190222393553612,4.190222393553612,4.190222393553612,4.190222393553612,4.190222393553612,4.190222393553612,4.190222393553612,4.190222393553612,4.190222393553612,4.190222393553612,4.190222393553612,4.190222393553612,4.190222393553612,4.190222393553612,4.190222393553612,4.190222393553612,4.190222393553612,4.190222393553612,4.190222393553612,4.190222393553612,4.190222393553612,4.190222393553612,4.190222393553612,4.190222393553612,4.190222393553612,4.190222393553612,4.190222393553612,4.190222393553612,4.190222393553612,4.190222393553612,4.190222393553612,4.190222393553612,4.190222393553612,4.190222393553612,4.190222393553612,4.190222393553612,4.190222393553612,4.190222393553612,4.190222393553612,4.190222393553612,4.190222393553612,4.190222393553612,4.190222393553612,4.190222393553612,4.190222393553612,4.190222393553612,4.190222393553612,4.190222393553612,4.190222393553612,4.190222393553612,4.190222393553612,4.190222393553612,4.190222393553612,4.190222393553612,4.190222393553612,4.190222393553612,4.190222393553612,4.190222393553612,4.190222393553612,4.190222393553612,4.190222393553612,4.190222393553612,4.190222393553612,4.190222393553612,4.190222393553612,4.190222393553612,4.190222393553612,4.190222393553612,4.190222393553612,4.190222393553612,4.190222393553612,4.190222393553612,4.190222393553612,4.190222393553612,4.190222393553612,4.190222393553612,4.190222393553612,4.190222393553612,4.190222393553612,4.190222393553612,4.190222393553612,4.190222393553612,4.190222393553612,4.190222393553612,4.190222393553612,4.190222393553612,4.190222393553612,4.190222393553612,4.190222393553612,4.190222393553612,4.190222393553612,4.190222393553612,4.190222393553612,4.190222393553612,4.190222393553612,4.190222393553612,4.190222393553612,4.190222393553612,4.190222393553612,4.190222393553612,4.190222393553612,4.190222393553612,4.190222393553612,4.190222393553612,4.190222393553612,4.190222393553612,4.190222393553612,4.190222393553612,4.190222393553612,4.190222393553612,4.190222393553612,4.190222393553612,4.190222393553612,4.190222393553612,4.190222393553612,4.190222393553612,4.190222393553612,4.190222393553612,4.190222393553612,4.190222393553612,4.190222393553612,4.190222393553612,4.190222393553612,4.190222393553612,4.190222393553612,4.190222393553612,4.190222393553612,4.190222393553612,4.190222393553612,4.190222393553612,4.190222393553612,4.190222393553612,4.190222393553612,4.190222393553612,4.190222393553612,4.190222393553612,4.190222393553612,4.190222393553612,4.190222393553612,4.190222393553612,4.190222393553612,4.190222393553612,4.190222393553612,4.190222393553612,4.190222393553612,4.190222393553612,4.190222393553612,4.190222393553612,4.190222393553612,4.190222393553612,4.190222393553612,4.190222393553612,4.190222393553612,4.190222393553612,4.190222393553612,4.190222393553612,4.190222393553612,4.190222393553612,4.190222393553612,4.190222393553612,4.190222393553612,4.190222393553612,4.190222393553612,4.190222393553612,4.190222393553612,4.190222393553612,4.190222393553612,4.190222393553612,4.190222393553612,4.190222393553612,4.190222393553612,4.190222393553612,4.190222393553612,4.190222393553612,4.190222393553612,4.190222393553612,4.190222393553612,4.190222393553612,4.190222393553612,4.190222393553612,4.190222393553612,4.190222393553612,4.190222393553612,4.190222393553612,4.190222393553612,4.190222393553612,4.190222393553612,4.190222393553612,4.190222393553612,4.190222393553612,4.190222393553612,4.190222393553612,4.190222393553612,4.190222393553612,4.190222393553612,4.190222393553612,4.190222393553612,4.190222393553612,4.190222393553612,4.190222393553612,4.190222393553612,4.190222393553612,4.190222393553612,4.190222393553612,4.190222393553612,4.190222393553612,4.190222393553612,4.190222393553612,4.190222393553612,4.190222393553612,4.190222393553612,4.190222393553612,4.190222393553612,4.190222393553612,4.190222393553612,4.190222393553612,4.190222393553612,4.190222393553612,4.190222393553612,4.190222393553612,4.190222393553612,4.190222393553612,4.190222393553612,4.190222393553612,4.190222393553612,4.190222393553612,4.190222393553612,4.190222393553612,4.190222393553612,4.190222393553612,4.190222393553612,4.190222393553612,4.190222393553612,4.190222393553612,4.190222393553612,4.190222393553612,4.190222393553612,4.190222393553612,4.190222393553612,4.190222393553612,4.190222393553612,4.190222393553612,4.190222393553612,4.190222393553612,4.190222393553612,4.190222393553612,4.190222393553612,4.190222393553612,4.190222393553612,4.190222393553612,4.190222393553612,4.190222393553612,4.190222393553612,4.190222393553612,4.190222393553612,4.190222393553612,4.190222393553612,4.190222393553612,4.190222393553612,4.190222393553612,4.190222393553612,4.190222393553612,4.190222393553612,4.190222393553612,4.190222393553612,4.190222393553612,4.190222393553612,4.190222393553612,4.190222393553612,4.190222393553612,4.190222393553612,4.190222393553612,4.190222393553612,4.190222393553612,4.190222393553612,4.190222393553612,4.190222393553612,4.190222393553612,4.190222393553612,4.190222393553612,4.190222393553612,4.190222393553612,4.190222393553612,4.190222393553612,4.190222393553612,4.190222393553612,4.190222393553612,4.190222393553612,4.190222393553612,4.190222393553612,4.190222393553612,4.190222393553612,4.190222393553612,4.190222393553612,4.190222393553612,4.190222393553612,4.190222393553612,4.190222393553612,4.190222393553612,4.190222393553612,4.190222393553612,4.190222393553612,4.190222393553612,4.190222393553612,4.190222393553612,4.190222393553612,4.190222393553612,4.190222393553612,4.190222393553612,4.190222393553612,4.190222393553612,4.190222393553612,4.190222393553612,4.190222393553612,4.190222393553612,4.190222393553612,4.190222393553612,4.190222393553612,4.190222393553612,4.190222393553612,4.190222393553612,4.190222393553612,4.190222393553612,4.190222393553612,4.190222393553612,4.190222393553612,4.190222393553612,4.190222393553612,4.190222393553612,4.190222393553612,4.190222393553612,4.190222393553612,4.190222393553612,4.190222393553612,4.190222393553612,4.190222393553612,4.190222393553612,4.190222393553612,4.190222393553612,4.190222393553612,4.190222393553612,4.190222393553612,4.190222393553612,4.190222393553612,4.190222393553612,4.190222393553612,4.190222393553612,4.190222393553612,4.190222393553612,4.190222393553612,4.190222393553612,4.190222393553612,4.190222393553612,4.190222393553612,4.190222393553612,4.190222393553612,4.190222393553612,4.190222393553612,4.190222393553612,4.190222393553612,4.190222393553612,4.190222393553612,4.190222393553612,4.190222393553612,4.190222393553612,4.190222393553612,4.190222393553612,4.190222393553612,4.190222393553612,4.190222393553612,4.190222393553612,4.190222393553612,4.190222393553612,4.190222393553612,4.190222393553612,4.190222393553612,4.190222393553612,4.190222393553612,4.190222393553612,4.190222393553612,4.190222393553612,4.190222393553612,4.190222393553612,4.190222393553612,4.190222393553612,4.190222393553612,4.190222393553612,4.190222393553612,4.190222393553612,4.190222393553612,4.190222393553612,4.190222393553612,4.190222393553612,4.190222393553612,4.190222393553612,4.190222393553612,4.190222393553612,4.190222393553612,4.190222393553612,4.190222393553612,4.190222393553612,4.190222393553612,4.190222393553612,4.190222393553612,4.190222393553612,4.190222393553612,4.190222393553612,4.190222393553612,4.190222393553612,4.190222393553612,4.190222393553612,4.190222393553612,4.190222393553612,4.190222393553612,4.190222393553612,4.190222393553612,4.190222393553612,4.190222393553612,4.190222393553612,4.190222393553612,4.190222393553612,4.190222393553612,4.190222393553612,4.190222393553612,4.190222393553612,4.190222393553612,4.190222393553612,4.190222393553612,4.190222393553612,4.190222393553612,4.190222393553612,4.190222393553612,4.190222393553612,4.190222393553612,4.190222393553612,4.190222393553612,4.190222393553612,4.190222393553612,4.190222393553612,4.190222393553612,4.190222393553612,4.190222393553612,4.190222393553612,4.190222393553612,4.190222393553612,4.190222393553612,4.190222393553612,4.190222393553612,4.190222393553612,4.190222393553612,4.190222393553612,4.190222393553612,4.190222393553612,4.190222393553612,4.190222393553612,4.190222393553612,4.190222393553612,4.190222393553612,4.190222393553612,4.190222393553612,4.190222393553612,4.190222393553612,4.190222393553612,4.190222393553612,4.190222393553612,4.190222393553612,4.190222393553612,4.190222393553612,4.190222393553612,4.190222393553612,4.190222393553612,4.190222393553612,4.190222393553612,4.190222393553612,4.190222393553612,4.190222393553612,4.190222393553612,4.190222393553612,4.190222393553612,4.190222393553612,4.190222393553612,4.190222393553612,4.190222393553612,4.190222393553612,4.190222393553612,4.190222393553612,4.190222393553612,7.465335376559929,7.465335376559929,7.465335376559929,7.465335376559929,7.38875041992319,7.38875041992319,7.38875041992319,7.38875041992319,7.38875041992319,7.38875041992319,7.38875041992319,7.38875041992319,7.38875041992319,7.111327686206756,7.111327686206756,7.111327686206756,7.111327686206756,7.111327686206756,7.111327686206756,7.111327686206756,7.111327686206756,6.167215417587647,6.167215417587647,6.167215417587647,6.167215417587647,6.167215417587647,6.167215417587647,6.167215417587647,6.167215417587647,6.167215417587647,6.167215417587647,6.167215417587647,6.167215417587647,6.167215417587647,6.167215417587647,6.167215417587647,6.167215417587647,6.167215417587647,6.167215417587647,6.167215417587647,6.167215417587647,6.167215417587647,6.167215417587647,6.167215417587647,6.167215417587647,6.167215417587647,6.167215417587647,6.167215417587647,6.167215417587647,6.167215417587647,6.167215417587647,6.167215417587647,6.167215417587647,6.167215417587647,6.167215417587647,6.167215417587647,6.167215417587647,6.167215417587647,6.167215417587647,6.167215417587647,6.167215417587647,6.167215417587647,6.167215417587647,6.167215417587647,6.167215417587647,6.167215417587647,6.167215417587647,6.167215417587647,6.167215417587647,6.167215417587647,6.167215417587647,6.167215417587647,6.167215417587647,6.167215417587647,6.167215417587647,6.167215417587647,6.167215417587647,6.167215417587647,6.167215417587647,6.167215417587647,6.167215417587647,6.167215417587647,6.167215417587647,6.167215417587647,6.167215417587647,6.167215417587647,6.167215417587647,6.167215417587647,6.167215417587647,6.167215417587647,6.167215417587647,6.167215417587647,6.167215417587647,6.167215417587647,6.167215417587647,6.167215417587647,6.167215417587647,6.167215417587647,6.167215417587647,6.167215417587647,6.167215417587647,6.167215417587647,6.167215417587647,6.167215417587647,6.167215417587647,6.167215417587647,6.167215417587647,6.167215417587647,6.167215417587647,6.167215417587647,6.167215417587647,6.167215417587647,6.167215417587647,6.167215417587647,6.167215417587647,6.167215417587647,6.167215417587647,6.167215417587647,6.167215417587647,6.167215417587647,5.961893349823995,5.961893349823995,5.961893349823995,5.961893349823995,5.961893349823995,5.961893349823995,5.961893349823995,5.961893349823995,5.961893349823995,5.961893349823995,5.961893349823995,5.961893349823995,5.961893349823995,5.961893349823995,5.961893349823995,5.961893349823995,5.961893349823995,5.961893349823995,5.961893349823995,5.961893349823995,5.961893349823995,5.961893349823995,5.961893349823995,5.961893349823995,5.961893349823995,5.961893349823995,5.961893349823995,5.961893349823995,5.961893349823995,5.961893349823995,5.961893349823995,5.961893349823995,5.961893349823995,5.961893349823995,5.961893349823995,5.961893349823995,5.961893349823995,5.961893349823995,5.961893349823995,5.961893349823995,5.961893349823995,5.961893349823995,5.961893349823995,5.961893349823995,5.961893349823995,5.961893349823995,5.961893349823995,5.961893349823995,5.961893349823995,5.961893349823995,5.961893349823995,5.961893349823995,5.961893349823995,5.961893349823995,5.961893349823995,5.961893349823995,5.961893349823995,5.961893349823995,5.961893349823995,5.961893349823995,5.961893349823995,5.961893349823995,5.961893349823995,5.961893349823995,5.961893349823995,5.961893349823995,5.592869375235106,5.592869375235106,5.592869375235106,5.592869375235106,5.510296564078253,5.510296564078253,5.510296564078253,5.510296564078253,5.510296564078253,5.510296564078253,5.510296564078253,5.510296564078253,5.510296564078253,5.510296564078253,5.5089108539556735,5.5089108539556735,5.5089108539556735,5.5089108539556735,5.5089108539556735,5.5089108539556735,5.5089108539556735,5.5089108539556735,4.373584017168996,4.373584017168996,4.373584017168996,4.373584017168996,4.373584017168996,4.373584017168996,4.373584017168996,4.373584017168996,4.373584017168996,4.373584017168996,4.373584017168996,4.373584017168996,4.373584017168996,4.373584017168996,4.373584017168996,4.373584017168996,4.373584017168996,4.373584017168996,4.373584017168996,4.373584017168996,4.373584017168996,4.373584017168996,4.373584017168996,4.373584017168996,4.373584017168996,4.373584017168996,4.373584017168996,4.373584017168996,4.373584017168996,4.373584017168996,4.373584017168996,4.373584017168996,4.373584017168996,4.373584017168996,4.373584017168996,4.373584017168996,4.373584017168996,4.373584017168996,4.373584017168996,4.373584017168996,4.373584017168996,4.373584017168996,4.373584017168996,4.373584017168996,4.373584017168996,4.373584017168996,4.373584017168996,4.373584017168996,4.373584017168996,4.373584017168996,4.373584017168996,4.373584017168996,4.373584017168996,4.373584017168996,4.373584017168996,4.373584017168996,4.373584017168996,4.373584017168996,4.373584017168996,4.373584017168996,4.373584017168996,4.373584017168996,4.373584017168996,4.373584017168996,4.373584017168996,4.373584017168996,4.373584017168996,4.373584017168996,4.373584017168996,4.373584017168996,4.373584017168996,4.373584017168996,4.373584017168996,4.373584017168996,4.373584017168996,4.373584017168996,4.373584017168996,4.373584017168996,4.373584017168996,4.373584017168996,4.373584017168996,4.373584017168996,4.373584017168996,4.373584017168996,4.373584017168996,4.373584017168996,4.373584017168996,4.373584017168996,4.373584017168996,4.373584017168996,4.373584017168996,4.373584017168996,4.373584017168996,4.373584017168996,4.373584017168996,4.373584017168996,4.373584017168996,4.373584017168996,4.373584017168996,4.373584017168996,4.373584017168996,4.373584017168996,4.373584017168996,4.373584017168996,4.373584017168996,4.373584017168996,4.373584017168996,4.373584017168996,4.373584017168996,4.373584017168996,4.373584017168996,4.373584017168996,4.373584017168996,4.373584017168996,4.373584017168996,4.373584017168996,4.373584017168996,4.373584017168996,4.373584017168996,4.373584017168996,4.373584017168996,4.373584017168996,4.373584017168996,4.373584017168996,4.373584017168996,4.373584017168996,4.373584017168996,4.373584017168996,4.373584017168996,4.373584017168996,4.373584017168996,4.373584017168996,4.373584017168996,4.373584017168996,4.373584017168996,4.373584017168996,4.373584017168996,4.373584017168996,4.373584017168996,4.373584017168996,4.373584017168996,4.373584017168996,4.373584017168996,4.373584017168996,4.373584017168996,4.373584017168996,4.373584017168996,4.373584017168996,4.373584017168996,4.373584017168996,4.373584017168996,4.373584017168996,4.373584017168996,4.373584017168996,4.373584017168996,4.373584017168996,4.373584017168996,4.373584017168996,4.373584017168996,4.373584017168996,4.373584017168996,4.373584017168996,4.373584017168996,4.373584017168996,4.373584017168996,4.373584017168996,4.373584017168996,4.373584017168996,4.373584017168996,4.373584017168996,4.373584017168996,4.373584017168996,4.373584017168996,4.373584017168996,4.373584017168996,4.373584017168996,4.373584017168996,4.373584017168996,4.373584017168996,4.373584017168996,4.373584017168996,4.373584017168996,4.373584017168996,4.373584017168996,4.373584017168996,4.373584017168996,4.373584017168996,4.373584017168996,4.373584017168996,4.373584017168996,4.373584017168996,4.373584017168996,4.373584017168996,4.373584017168996,4.373584017168996,4.373584017168996,4.373584017168996,4.373584017168996,4.373584017168996,4.373584017168996,4.373584017168996,4.373584017168996,4.373584017168996,4.373584017168996,4.373584017168996,4.373584017168996,4.373584017168996,4.373584017168996,4.373584017168996,4.373584017168996,4.373584017168996,4.373584017168996,4.373584017168996,4.373584017168996,4.373584017168996,4.373584017168996,4.373584017168996,4.373584017168996,4.373584017168996,4.373584017168996,4.373584017168996,4.373584017168996,4.373584017168996,4.373584017168996,4.373584017168996,4.373584017168996,4.373584017168996,4.373584017168996,4.373584017168996,4.373584017168996,4.373584017168996,4.373584017168996,4.373584017168996,4.373584017168996,4.373584017168996,4.373584017168996,4.373584017168996,4.373584017168996,4.373584017168996,4.373584017168996,4.373584017168996,4.373584017168996,4.373584017168996,4.373584017168996,4.373584017168996,4.373584017168996,4.373584017168996,4.373584017168996,4.373584017168996,4.373584017168996,4.373584017168996,4.373584017168996,4.373584017168996,4.373584017168996,4.373584017168996,4.373584017168996,4.373584017168996,4.373584017168996,4.373584017168996,4.373584017168996,4.373584017168996,4.373584017168996,4.373584017168996,4.373584017168996,4.373584017168996,4.373584017168996,4.373584017168996,4.373584017168996,4.373584017168996,4.373584017168996,4.373584017168996,4.373584017168996,4.373584017168996,4.373584017168996,4.373584017168996,4.373584017168996,4.373584017168996,4.373584017168996,4.373584017168996,4.373584017168996,4.373584017168996,4.373584017168996,4.373584017168996,4.373584017168996,4.373584017168996,4.373584017168996,4.373584017168996,4.373584017168996,4.373584017168996,4.373584017168996,4.373584017168996,4.373584017168996,4.373584017168996,4.373584017168996,4.373584017168996,4.373584017168996,4.373584017168996,4.373584017168996,4.373584017168996,4.373584017168996,4.373584017168996,4.373584017168996,4.373584017168996,4.373584017168996,4.373584017168996,4.373584017168996,4.373584017168996,4.373584017168996,4.373584017168996,4.373584017168996,4.373584017168996,4.373584017168996,4.373584017168996,4.373584017168996,4.373584017168996,4.373584017168996,4.373584017168996,4.373584017168996,4.373584017168996,4.373584017168996,4.373584017168996,4.373584017168996,4.373584017168996,4.373584017168996,4.373584017168996,4.373584017168996,4.373584017168996,4.373584017168996,4.373584017168996,4.373584017168996,4.373584017168996,4.373584017168996,4.373584017168996,4.373584017168996,4.373584017168996,4.373584017168996,4.373584017168996,4.373584017168996,4.373584017168996,4.373584017168996,4.373584017168996,4.373584017168996,4.373584017168996,4.373584017168996,4.373584017168996,4.373584017168996,4.373584017168996,4.373584017168996,4.373584017168996,4.373584017168996,4.373584017168996,4.373584017168996,4.373584017168996,4.373584017168996,4.373584017168996,4.373584017168996,4.373584017168996,4.373584017168996,4.373584017168996,4.373584017168996,4.373584017168996,4.373584017168996,4.373584017168996,4.373584017168996,4.373584017168996,4.373584017168996,4.373584017168996,4.373584017168996,4.373584017168996,4.373584017168996,4.373584017168996,4.373584017168996,4.373584017168996,4.373584017168996,4.373584017168996,4.373584017168996,4.373584017168996,4.373584017168996,4.373584017168996,4.373584017168996,4.373584017168996,4.373584017168996,4.373584017168996,4.373584017168996,4.373584017168996,4.373584017168996,4.373584017168996,4.373584017168996,4.373584017168996,4.373584017168996,4.373584017168996,4.373584017168996,4.373584017168996,4.373584017168996,4.373584017168996,4.373584017168996,4.373584017168996,4.373584017168996,4.373584017168996,4.373584017168996,4.373584017168996,4.373584017168996,4.373584017168996,4.373584017168996,4.373584017168996,4.373584017168996,4.373584017168996,4.373584017168996,4.373584017168996,4.373584017168996,4.373584017168996,4.373584017168996,4.373584017168996,4.373584017168996,4.373584017168996,4.373584017168996,4.373584017168996,4.373584017168996,4.373584017168996,4.373584017168996,4.373584017168996,4.373584017168996,4.373584017168996,4.373584017168996,4.373584017168996,4.373584017168996,4.373584017168996,4.373584017168996,4.373584017168996,4.373584017168996,4.373584017168996,4.373584017168996,4.373584017168996,4.373584017168996,4.373584017168996,4.373584017168996,4.373584017168996,4.373584017168996,4.373584017168996,4.373584017168996,4.373584017168996,4.373584017168996,4.373584017168996,4.373584017168996,4.373584017168996,4.373584017168996,4.373584017168996,4.373584017168996,4.373584017168996,4.373584017168996,4.373584017168996,4.373584017168996,4.373584017168996,4.373584017168996,4.373584017168996,4.373584017168996,4.373584017168996,4.373584017168996,4.373584017168996,4.373584017168996,4.373584017168996,4.373584017168996,4.373584017168996,4.373584017168996,4.373584017168996,4.373584017168996,4.373584017168996,4.373584017168996,4.373584017168996,4.373584017168996,4.373584017168996,4.373584017168996,4.373584017168996,4.373584017168996,4.373584017168996,4.373584017168996,4.373584017168996,4.373584017168996,4.373584017168996,4.373584017168996,4.373584017168996,4.373584017168996,4.373584017168996,4.373584017168996,4.373584017168996,4.373584017168996,4.373584017168996,4.373584017168996,4.373584017168996,4.373584017168996,4.373584017168996,4.373584017168996,4.373584017168996,4.373584017168996,4.373584017168996,4.373584017168996,4.373584017168996,4.373584017168996,4.373584017168996,4.373584017168996,4.373584017168996,4.373584017168996,4.373584017168996,4.373584017168996,4.373584017168996,4.373584017168996,4.373584017168996,4.373584017168996,4.373584017168996,4.373584017168996,4.373584017168996,4.373584017168996,4.373584017168996,4.373584017168996,4.373584017168996,4.373584017168996,4.373584017168996,4.373584017168996,4.373584017168996,4.373584017168996,4.373584017168996,4.373584017168996,4.373584017168996,4.373584017168996,4.373584017168996,4.373584017168996,4.373584017168996,4.373584017168996,4.373584017168996,4.373584017168996,4.373584017168996,4.373584017168996,4.373584017168996,4.373584017168996,4.373584017168996,4.373584017168996,4.373584017168996,4.373584017168996,4.373584017168996,4.373584017168996,4.373584017168996,4.373584017168996,4.373584017168996,4.373584017168996,4.373584017168996,4.373584017168996,4.373584017168996,4.373584017168996,4.373584017168996,4.373584017168996,4.373584017168996,4.373584017168996,4.373584017168996,4.373584017168996,4.373584017168996,4.373584017168996,4.373584017168996,4.373584017168996,4.373584017168996,4.373584017168996,4.373584017168996,4.373584017168996,4.373584017168996,4.373584017168996,4.373584017168996,4.373584017168996,4.373584017168996,4.373584017168996,4.373584017168996,4.373584017168996,4.373584017168996,4.373584017168996,4.373584017168996,4.373584017168996,4.373584017168996,4.373584017168996,4.373584017168996,4.373584017168996,4.373584017168996,4.373584017168996,4.373584017168996,4.373584017168996,4.373584017168996,4.373584017168996,4.373584017168996,4.373584017168996,4.373584017168996,4.373584017168996,4.373584017168996,4.373584017168996,4.373584017168996,4.373584017168996,4.373584017168996,4.373584017168996,4.373584017168996,4.373584017168996,4.373584017168996,4.373584017168996,4.373584017168996,4.373584017168996,4.373584017168996,4.373584017168996,4.373584017168996,4.373584017168996,4.373584017168996,4.373584017168996,4.373584017168996,4.373584017168996,4.373584017168996,4.373584017168996,4.373584017168996,4.373584017168996,4.373584017168996,4.373584017168996,4.373584017168996,4.373584017168996,4.373584017168996,4.373584017168996,4.373584017168996,4.373584017168996,4.373584017168996,4.373584017168996,4.373584017168996,4.373584017168996,4.373584017168996,4.373584017168996,4.373584017168996,4.373584017168996,4.373584017168996,4.373584017168996,4.373584017168996,4.373584017168996,4.373584017168996,4.373584017168996,4.373584017168996,4.373584017168996,4.373584017168996,4.373584017168996,4.373584017168996,4.373584017168996,4.373584017168996,4.373584017168996,4.373584017168996,4.373584017168996,4.373584017168996,4.373584017168996,4.373584017168996,4.373584017168996,4.373584017168996,4.373584017168996,4.373584017168996,4.373584017168996,4.373584017168996,4.373584017168996,4.373584017168996,4.325984774597032,4.325984774597032,4.325984774597032,4.325984774597032,4.325984774597032,4.325984774597032,4.325984774597032,4.325984774597032,4.325984774597032,4.325984774597032,4.325984774597032,4.325984774597032,4.325984774597032,4.325984774597032,4.325984774597032,4.325984774597032,4.325984774597032,4.325984774597032,4.325984774597032,4.325984774597032,4.325984774597032,4.325984774597032,4.325984774597032,4.325984774597032,4.325984774597032,4.325984774597032,4.325984774597032,4.325984774597032,4.325984774597032,4.325984774597032,4.325984774597032,4.325984774597032,4.325984774597032,4.325984774597032,4.325984774597032,4.325984774597032,4.325984774597032,4.325984774597032,4.325984774597032,4.325984774597032,4.325984774597032,4.325984774597032,4.325984774597032,4.325984774597032,4.325984774597032,4.325984774597032,4.325984774597032,4.325984774597032,4.325984774597032,4.325984774597032,4.325984774597032,4.325984774597032,4.325984774597032,4.325984774597032,4.325984774597032,4.325984774597032,4.325984774597032,4.325984774597032,4.325984774597032,4.325984774597032,4.325984774597032,4.325984774597032,4.325984774597032,4.325984774597032,4.325984774597032,4.325984774597032,4.325984774597032,4.325984774597032,4.325984774597032,4.325984774597032,4.325984774597032,4.325984774597032,4.325984774597032,4.325984774597032,4.325984774597032,4.325984774597032,4.325984774597032,4.325984774597032,4.325984774597032,4.325984774597032,4.325984774597032,4.325984774597032,4.325984774597032,4.325984774597032,4.325984774597032,4.325984774597032,4.325984774597032,4.325984774597032,4.056956269102465,4.056956269102465,4.056956269102465,4.056956269102465,4.056956269102465,4.056956269102465,4.056956269102465,4.056956269102465,4.056956269102465,4.056956269102465,4.056956269102465,4.056956269102465,4.056956269102465,4.056956269102465,4.056956269102465,4.056956269102465,4.056956269102465,4.056956269102465,4.056956269102465,4.056956269102465,4.056956269102465,4.056956269102465,4.056956269102465,4.056956269102465,4.056956269102465,4.056956269102465,4.056956269102465,4.056956269102465,4.056956269102465,4.056956269102465,4.056956269102465,4.056956269102465,4.056956269102465,4.056956269102465,4.056956269102465,4.056956269102465,4.056956269102465,4.056956269102465,4.056956269102465,4.056956269102465,4.056956269102465,4.056956269102465,4.056956269102465,4.056956269102465,4.056956269102465,4.056956269102465,4.056956269102465,4.056956269102465,4.056956269102465,7.963257831761999,7.882003280898257,7.882003280898257,7.046599508250051,7.046599508250051,7.046599508250051,7.046599508250051,7.046599508250051,7.046599508250051,6.656530685923417,5.979022382938171,5.979022382938171,5.979022382938171,5.979022382938171,5.979022382938171,5.979022382938171,5.979022382938171,5.979022382938171,5.979022382938171,5.979022382938171,5.979022382938171,5.979022382938171,5.979022382938171,5.979022382938171,5.979022382938171,5.979022382938171,5.979022382938171,5.979022382938171,5.979022382938171,5.979022382938171,5.979022382938171,5.79466170664268,5.79466170664268,5.79466170664268,5.5832811897025145,5.5832811897025145,5.5832811897025145,5.5832811897025145,5.5832811897025145,5.5832811897025145,5.5832811897025145,5.5832811897025145,5.5832811897025145,5.5832811897025145,5.5832811897025145,5.5832811897025145,5.5832811897025145,5.5832811897025145,5.5832811897025145,5.5832811897025145,5.5832811897025145,5.5832811897025145,5.5832811897025145,5.5832811897025145,5.5832811897025145,5.5832811897025145,5.5832811897025145,5.5832811897025145,5.5832811897025145,5.5832811897025145,5.5832811897025145,5.5832811897025145,5.5832811897025145,5.5832811897025145,5.5832811897025145,5.5832811897025145,5.5832811897025145,5.5832811897025145,5.5832811897025145,5.5832811897025145,5.5832811897025145,5.5832811897025145,5.5832811897025145,5.5832811897025145,5.5832811897025145,5.5832811897025145,5.5832811897025145,5.5832811897025145,5.5832811897025145,5.5832811897025145,5.5832811897025145,5.5832811897025145,5.5832811897025145,5.5832811897025145,5.5832811897025145,5.5832811897025145,5.5832811897025145,5.5832811897025145,5.5832811897025145,5.5832811897025145,5.5832811897025145,5.5832811897025145,5.5832811897025145,5.5832811897025145,5.5832811897025145,5.5832811897025145,5.5832811897025145,5.5832811897025145,5.5832811897025145,5.5832811897025145,5.5832811897025145,5.5832811897025145,5.5832811897025145,5.5832811897025145,5.5832811897025145,5.5832811897025145,5.5832811897025145,5.5832811897025145,5.5832811897025145,5.5832811897025145,5.5832811897025145,5.5832811897025145,5.5832811897025145,5.5832811897025145,5.5832811897025145,5.5832811897025145,5.5832811897025145,5.5832811897025145,5.5832811897025145,5.5832811897025145,5.5832811897025145,5.5832811897025145,5.5832811897025145,5.5832811897025145,5.5832811897025145,5.5832811897025145,5.5832811897025145,5.5832811897025145,5.5832811897025145,5.5832811897025145,5.5832811897025145,5.5832811897025145,5.5832811897025145,5.5832811897025145,5.5832811897025145,5.5832811897025145,5.5832811897025145,5.5832811897025145,5.5832811897025145,5.5832811897025145,5.5832811897025145,5.5832811897025145,5.5832811897025145,5.5832811897025145,5.5832811897025145,5.5832811897025145,5.5832811897025145,5.5832811897025145,5.5832811897025145,5.5832811897025145,5.5832811897025145,5.5832811897025145,5.5832811897025145,5.5832811897025145,5.5832811897025145,5.5832811897025145,5.5832811897025145,5.5832811897025145,5.5832811897025145,5.5832811897025145,5.5832811897025145,5.5832811897025145,5.5832811897025145,5.5832811897025145,5.5832811897025145,5.5832811897025145,5.5832811897025145,5.5832811897025145,5.5832811897025145,5.5832811897025145,5.5832811897025145,5.5832811897025145,5.5832811897025145,5.5832811897025145,5.5832811897025145,5.5832811897025145,5.5832811897025145,5.5832811897025145,5.5832811897025145,5.5832811897025145,5.5832811897025145,5.5832811897025145,5.5832811897025145,5.5832811897025145,5.5832811897025145,5.5832811897025145,5.5832811897025145,5.5832811897025145,5.5832811897025145,5.5832811897025145,5.5832811897025145,5.5832811897025145,5.5832811897025145,5.5832811897025145,5.5832811897025145,5.5832811897025145,5.5832811897025145,5.5832811897025145,5.5832811897025145,5.5832811897025145,5.5832811897025145,5.5832811897025145,5.5832811897025145,5.5832811897025145,5.5832811897025145,5.5832811897025145,5.5832811897025145,5.5832811897025145,5.5832811897025145,5.5832811897025145,5.5832811897025145,5.5832811897025145,5.5832811897025145,5.5832811897025145,5.5832811897025145,5.5832811897025145,5.5832811897025145,5.5832811897025145,5.5832811897025145,5.5832811897025145,5.5832811897025145,5.5832811897025145,5.5832811897025145,5.5832811897025145,5.5832811897025145,5.5832811897025145,5.5832811897025145,5.5832811897025145,5.5832811897025145,5.5832811897025145,5.5832811897025145,5.5832811897025145,5.5832811897025145,5.5832811897025145,5.5832811897025145,5.5832811897025145,5.5832811897025145,5.5832811897025145,5.5832811897025145,5.5832811897025145,5.5832811897025145,5.5832811897025145,5.5832811897025145,5.5832811897025145,5.5832811897025145,5.5832811897025145,5.5832811897025145,5.5832811897025145,5.5832811897025145,5.5832811897025145,5.5832811897025145,5.5832811897025145,5.5832811897025145,5.5832811897025145,5.5832811897025145,5.5832811897025145,5.5832811897025145,5.5832811897025145,5.5832811897025145,5.5832811897025145,5.5832811897025145,5.5832811897025145,5.5832811897025145,5.5832811897025145,5.5832811897025145,5.5832811897025145,5.5832811897025145,5.5832811897025145,5.5832811897025145,5.5832811897025145,5.5832811897025145,5.5832811897025145,5.5832811897025145,5.479705988636958,5.479705988636958,5.479705988636958,5.479705988636958,5.479705988636958,5.479705988636958,5.479705988636958,5.479705988636958,5.479705988636958,5.479705988636958,5.479705988636958,5.479705988636958,5.479705988636958,5.479705988636958,5.479705988636958,5.479705988636958,5.479705988636958,5.479705988636958,5.479705988636958,5.479705988636958,5.479705988636958,5.479705988636958,5.479705988636958,5.479705988636958,5.479705988636958,5.479705988636958,5.479705988636958,5.479705988636958,5.479705988636958,5.479705988636958,5.479705988636958,5.479705988636958,5.479705988636958,5.479705988636958,5.479705988636958,5.479705988636958,5.479705988636958,5.479705988636958,5.479705988636958,5.479705988636958,5.479705988636958,5.479705988636958,5.479705988636958,5.479705988636958,5.479705988636958,5.479705988636958,5.479705988636958,5.479705988636958,5.479705988636958,5.479705988636958,5.479705988636958,5.479705988636958,5.479705988636958,5.479705988636958,5.479705988636958,5.479705988636958,5.479705988636958,5.479705988636958,5.479705988636958,5.479705988636958,5.479705988636958,5.479705988636958,5.479705988636958,5.479705988636958,5.479705988636958,5.479705988636958,5.479705988636958,5.479705988636958,5.479705988636958,5.479705988636958,5.479705988636958,5.479705988636958,5.479705988636958,5.479705988636958,5.479705988636958,5.479705988636958,5.479705988636958,5.479705988636958,5.479705988636958,5.479705988636958,5.479705988636958,5.479705988636958,5.389020261213537,5.389020261213537,5.389020261213537,5.324067512932889,5.324067512932889,5.324067512932889,5.324067512932889,5.324067512932889,5.324067512932889,5.324067512932889,5.324067512932889,5.324067512932889,5.324067512932889,5.324067512932889,5.324067512932889,5.324067512932889,5.324067512932889,5.324067512932889,5.324067512932889,5.324067512932889,5.324067512932889,5.324067512932889,5.324067512932889,5.324067512932889,5.324067512932889,5.324067512932889,5.324067512932889,5.324067512932889,5.324067512932889,5.324067512932889,5.324067512932889,5.324067512932889,5.324067512932889,5.324067512932889,5.324067512932889,5.324067512932889,5.324067512932889,5.324067512932889,5.324067512932889,5.324067512932889,5.324067512932889,5.324067512932889,5.324067512932889,5.324067512932889,5.324067512932889,5.324067512932889,5.324067512932889,5.324067512932889,5.324067512932889,5.324067512932889,5.324067512932889,5.324067512932889,5.324067512932889,5.324067512932889,5.324067512932889,5.324067512932889,5.324067512932889,5.324067512932889,5.324067512932889,5.324067512932889,5.324067512932889,5.324067512932889,5.324067512932889,5.324067512932889,5.324067512932889,5.324067512932889,5.324067512932889,5.324067512932889,5.324067512932889,5.324067512932889,5.324067512932889,5.324067512932889,5.324067512932889,5.324067512932889,5.324067512932889,5.324067512932889,5.324067512932889,5.324067512932889,5.324067512932889,5.324067512932889,5.324067512932889,5.324067512932889,5.324067512932889,5.324067512932889,5.324067512932889,5.324067512932889,5.324067512932889,5.324067512932889,5.324067512932889,5.324067512932889,5.324067512932889,5.324067512932889,5.324067512932889,5.324067512932889,5.324067512932889,5.324067512932889,5.324067512932889,5.324067512932889,5.324067512932889,5.324067512932889,5.324067512932889,5.324067512932889,5.324067512932889,5.324067512932889,5.324067512932889,5.324067512932889,5.324067512932889,5.324067512932889,5.324067512932889,5.324067512932889,5.324067512932889,5.324067512932889,5.324067512932889,5.324067512932889,5.324067512932889,5.324067512932889,5.324067512932889,5.324067512932889,5.324067512932889,5.324067512932889,5.324067512932889,5.324067512932889,5.324067512932889,5.324067512932889,5.324067512932889,5.324067512932889,5.324067512932889,5.324067512932889,5.324067512932889,5.324067512932889,5.324067512932889,5.324067512932889,5.324067512932889,5.324067512932889,5.324067512932889,5.324067512932889,5.324067512932889,5.324067512932889,5.324067512932889,5.324067512932889,5.324067512932889,5.324067512932889,5.324067512932889,5.324067512932889,5.324067512932889,5.324067512932889,5.324067512932889,5.324067512932889,5.324067512932889,5.324067512932889,5.324067512932889,5.324067512932889,5.324067512932889,5.324067512932889,5.324067512932889,5.324067512932889,5.324067512932889,5.324067512932889,5.324067512932889,5.324067512932889,5.324067512932889,5.324067512932889,5.324067512932889,5.324067512932889,5.324067512932889,5.324067512932889,5.324067512932889,5.324067512932889,5.324067512932889,5.324067512932889,5.324067512932889,5.324067512932889,5.324067512932889,5.324067512932889,5.324067512932889,5.324067512932889,5.324067512932889,5.324067512932889,5.324067512932889,5.324067512932889,5.324067512932889,5.324067512932889,5.324067512932889,5.324067512932889,5.324067512932889,5.324067512932889,5.324067512932889,5.324067512932889,5.324067512932889,5.324067512932889,5.324067512932889,5.324067512932889,5.324067512932889,5.324067512932889,5.324067512932889,5.324067512932889,5.324067512932889,5.324067512932889,5.324067512932889,5.324067512932889,5.324067512932889,5.324067512932889,5.324067512932889,5.324067512932889,5.324067512932889,5.324067512932889,5.324067512932889,5.324067512932889,5.324067512932889,5.324067512932889,5.324067512932889,5.324067512932889,5.324067512932889,5.324067512932889,5.324067512932889,5.324067512932889,5.324067512932889,5.324067512932889,5.324067512932889,5.324067512932889,5.324067512932889,5.324067512932889,5.324067512932889,5.324067512932889,5.324067512932889,5.324067512932889,5.324067512932889,5.324067512932889,5.324067512932889,5.324067512932889,5.324067512932889,5.324067512932889,5.324067512932889,5.324067512932889,5.324067512932889,5.324067512932889,5.324067512932889,5.324067512932889,5.324067512932889,5.324067512932889,5.324067512932889,5.324067512932889,5.324067512932889,5.324067512932889,5.324067512932889,5.324067512932889,5.324067512932889,5.324067512932889,5.324067512932889,5.324067512932889,5.324067512932889,5.324067512932889,5.324067512932889,5.324067512932889,5.324067512932889,5.324067512932889,5.324067512932889,5.324067512932889,5.324067512932889,5.324067512932889,5.324067512932889,5.324067512932889,5.324067512932889,5.324067512932889,5.324067512932889,5.324067512932889,5.324067512932889,5.324067512932889,5.324067512932889,5.324067512932889,5.324067512932889,5.324067512932889,5.324067512932889,5.324067512932889,5.324067512932889,5.324067512932889,5.324067512932889,5.324067512932889,5.324067512932889,5.324067512932889,5.324067512932889,5.324067512932889,5.324067512932889,5.324067512932889,5.324067512932889,5.324067512932889,5.324067512932889,5.324067512932889,5.324067512932889,5.324067512932889,5.324067512932889,5.324067512932889,5.324067512932889,5.324067512932889,5.324067512932889,5.324067512932889,5.324067512932889,5.324067512932889,5.324067512932889,5.324067512932889,5.324067512932889,5.324067512932889,5.324067512932889,5.324067512932889,5.324067512932889,5.324067512932889,5.324067512932889,5.324067512932889,5.324067512932889,5.324067512932889,5.324067512932889,5.324067512932889,5.324067512932889,5.324067512932889,5.324067512932889,5.324067512932889,5.324067512932889,5.324067512932889,5.324067512932889,5.324067512932889,5.324067512932889,5.324067512932889,5.324067512932889,5.324067512932889,5.324067512932889,5.324067512932889,5.324067512932889,5.324067512932889,5.324067512932889,5.324067512932889,5.324067512932889,5.324067512932889,5.324067512932889,5.324067512932889,5.324067512932889,5.324067512932889,5.324067512932889,5.324067512932889,5.324067512932889,5.324067512932889,5.324067512932889,5.324067512932889,5.324067512932889,5.324067512932889,5.324067512932889,5.324067512932889,5.324067512932889,5.324067512932889,5.324067512932889,5.324067512932889,5.324067512932889,5.324067512932889,5.324067512932889,5.324067512932889,5.324067512932889,5.324067512932889,5.324067512932889,5.324067512932889,5.324067512932889,5.324067512932889,5.324067512932889,5.324067512932889,5.324067512932889,5.324067512932889,5.324067512932889,5.324067512932889,5.324067512932889,5.324067512932889,5.324067512932889,5.324067512932889,5.324067512932889,5.324067512932889,5.324067512932889,5.324067512932889,5.324067512932889,5.324067512932889,5.324067512932889,5.324067512932889,5.324067512932889,5.324067512932889,5.324067512932889,5.324067512932889,5.324067512932889,5.324067512932889,5.324067512932889,5.324067512932889,5.324067512932889,5.324067512932889,5.324067512932889,5.324067512932889,5.324067512932889,5.324067512932889,5.324067512932889,5.324067512932889,5.324067512932889,5.324067512932889,5.324067512932889,5.324067512932889,5.324067512932889,5.324067512932889,5.324067512932889,5.324067512932889,5.324067512932889,5.324067512932889,5.324067512932889,5.324067512932889,5.324067512932889,5.324067512932889,5.324067512932889,5.324067512932889,5.324067512932889,5.324067512932889,5.324067512932889,5.324067512932889,5.324067512932889,5.324067512932889,5.324067512932889,5.324067512932889,5.324067512932889,5.324067512932889,5.324067512932889,5.324067512932889,5.324067512932889,5.324067512932889,5.324067512932889,5.324067512932889,5.324067512932889,5.324067512932889,5.324067512932889,5.324067512932889,5.324067512932889,5.324067512932889,5.324067512932889,5.324067512932889,5.324067512932889,5.324067512932889,5.324067512932889,5.324067512932889,5.324067512932889,5.324067512932889,5.324067512932889,5.324067512932889,5.324067512932889,5.324067512932889,5.324067512932889,5.324067512932889,5.324067512932889,5.324067512932889,5.324067512932889,5.324067512932889,5.324067512932889,5.324067512932889,5.324067512932889,5.324067512932889,5.324067512932889,5.324067512932889,5.324067512932889,5.324067512932889,5.324067512932889,5.324067512932889,5.324067512932889,5.324067512932889,5.324067512932889,5.324067512932889,5.324067512932889,5.324067512932889,5.324067512932889,5.324067512932889,5.324067512932889,5.324067512932889,5.324067512932889,5.324067512932889,5.324067512932889,5.324067512932889,5.324067512932889,5.324067512932889,5.324067512932889,5.324067512932889,5.324067512932889,5.324067512932889,5.324067512932889,5.324067512932889,5.324067512932889,5.324067512932889,5.324067512932889,5.324067512932889,5.324067512932889,5.324067512932889,5.324067512932889,5.324067512932889,5.324067512932889,5.324067512932889,5.324067512932889,5.324067512932889,5.324067512932889,5.324067512932889,5.324067512932889,5.324067512932889,5.324067512932889,5.324067512932889,5.324067512932889,5.324067512932889,5.324067512932889,5.324067512932889,5.324067512932889,5.324067512932889,5.324067512932889,5.324067512932889,5.324067512932889,5.324067512932889,5.324067512932889,5.324067512932889,5.324067512932889,5.324067512932889,5.324067512932889,5.324067512932889,5.324067512932889,5.324067512932889,5.324067512932889,5.324067512932889,5.324067512932889,5.324067512932889,5.324067512932889,5.324067512932889,5.324067512932889,5.324067512932889,5.324067512932889,5.324067512932889,5.324067512932889,5.324067512932889,5.324067512932889,5.324067512932889,5.324067512932889,5.324067512932889,5.324067512932889,5.324067512932889,5.324067512932889,5.324067512932889,5.324067512932889,5.324067512932889,5.324067512932889,5.324067512932889,5.324067512932889,5.324067512932889,5.324067512932889,5.324067512932889,5.324067512932889,5.324067512932889,5.324067512932889,5.324067512932889,5.324067512932889,5.324067512932889,5.324067512932889,5.324067512932889,5.324067512932889,5.324067512932889,5.324067512932889,5.324067512932889,5.324067512932889,5.324067512932889,5.324067512932889,5.324067512932889,5.324067512932889,5.324067512932889,5.324067512932889,5.324067512932889,5.324067512932889,5.324067512932889,5.324067512932889,5.324067512932889,5.324067512932889,5.324067512932889,5.324067512932889,5.324067512932889,5.324067512932889,5.324067512932889,5.324067512932889,5.324067512932889,5.324067512932889,5.324067512932889,5.324067512932889,5.324067512932889,5.324067512932889,5.324067512932889,5.324067512932889,5.324067512932889,5.324067512932889,5.324067512932889,5.324067512932889,5.324067512932889,5.324067512932889,5.324067512932889,5.324067512932889,5.324067512932889,5.324067512932889,5.324067512932889,5.324067512932889,5.324067512932889,5.324067512932889,5.324067512932889,5.317533676723844,5.317533676723844,5.317533676723844,5.317533676723844,5.317533676723844,5.317533676723844,5.317533676723844,5.317533676723844,5.317533676723844,5.317533676723844,5.317533676723844,5.317533676723844,5.317533676723844,5.317533676723844,5.317533676723844,5.317533676723844,5.317533676723844,5.317533676723844,5.317533676723844,5.317533676723844,5.317533676723844,5.317533676723844,5.317533676723844,5.317533676723844,5.317533676723844,5.317533676723844,5.317533676723844,5.317533676723844,5.317533676723844,5.317533676723844,5.317533676723844,5.317533676723844,5.317533676723844,5.317533676723844,5.317533676723844,5.317533676723844,5.317533676723844,5.317533676723844,5.317533676723844,5.317533676723844,5.317533676723844,5.317533676723844,5.317533676723844,5.317533676723844,5.317533676723844,8.189641682089942,7.761340126850744,7.126335753542476,7.126335753542476,7.126335753542476,6.876326742954712,6.876326742954712,6.876326742954712,6.876326742954712,6.876326742954712,6.876326742954712,6.876326742954712,6.758222439726268,5.621070539175052,5.621070539175052,5.621070539175052,5.621070539175052,5.621070539175052,5.621070539175052,5.621070539175052,5.621070539175052,5.621070539175052,5.621070539175052,5.621070539175052,5.621070539175052,5.621070539175052,5.621070539175052,5.621070539175052,5.621070539175052,5.621070539175052,5.621070539175052,5.621070539175052,5.621070539175052,5.621070539175052,5.621070539175052,5.621070539175052,5.621070539175052,5.621070539175052,5.621070539175052,5.621070539175052,5.621070539175052,5.621070539175052,5.621070539175052,5.621070539175052,5.621070539175052,5.621070539175052,5.621070539175052,5.621070539175052,5.621070539175052,5.621070539175052,5.621070539175052,5.621070539175052,5.621070539175052,5.621070539175052,5.621070539175052,5.621070539175052,5.621070539175052,5.621070539175052,5.621070539175052,5.621070539175052,5.621070539175052,5.621070539175052,5.621070539175052,5.621070539175052,5.621070539175052,5.621070539175052,5.621070539175052,5.621070539175052,5.621070539175052,5.621070539175052,5.621070539175052,5.621070539175052,5.621070539175052,5.621070539175052,5.621070539175052,5.621070539175052,5.621070539175052,5.621070539175052,5.621070539175052,5.621070539175052,5.621070539175052,5.621070539175052,5.621070539175052,5.621070539175052,5.621070539175052,5.621070539175052,5.621070539175052,5.621070539175052,5.621070539175052,5.621070539175052,5.621070539175052,5.621070539175052,5.621070539175052,5.621070539175052,5.621070539175052,5.621070539175052,5.621070539175052,5.621070539175052,5.621070539175052,5.621070539175052,5.621070539175052,5.621070539175052,5.621070539175052,5.621070539175052,5.621070539175052,5.621070539175052,5.621070539175052,5.621070539175052,5.621070539175052,5.621070539175052,5.621070539175052,5.621070539175052,5.621070539175052,5.621070539175052,5.621070539175052,5.621070539175052,5.621070539175052,5.621070539175052,5.621070539175052,5.621070539175052,5.621070539175052,5.621070539175052,5.621070539175052,5.621070539175052,5.621070539175052,5.621070539175052,5.621070539175052,5.621070539175052,5.621070539175052,5.621070539175052,5.621070539175052,5.621070539175052,5.621070539175052,5.621070539175052,5.621070539175052,5.621070539175052,5.621070539175052,5.621070539175052,5.621070539175052,5.621070539175052,5.621070539175052,5.621070539175052,5.621070539175052,5.621070539175052,5.621070539175052,5.621070539175052,5.621070539175052,5.621070539175052,5.621070539175052,5.621070539175052,5.621070539175052,5.621070539175052,5.621070539175052,5.621070539175052,5.621070539175052,5.621070539175052,5.621070539175052,5.621070539175052,5.621070539175052,5.621070539175052,5.621070539175052,5.621070539175052,5.621070539175052,5.621070539175052,5.621070539175052,5.621070539175052,5.621070539175052,5.621070539175052,5.621070539175052,5.621070539175052,5.621070539175052,5.621070539175052,5.621070539175052,5.621070539175052,5.621070539175052,5.621070539175052,5.621070539175052,5.621070539175052,5.621070539175052,5.621070539175052,5.621070539175052,5.621070539175052,5.621070539175052,5.621070539175052,5.621070539175052,5.621070539175052,5.621070539175052,5.621070539175052,5.621070539175052,5.621070539175052,5.621070539175052,5.621070539175052,5.621070539175052,5.621070539175052,5.621070539175052,5.621070539175052,5.621070539175052,5.621070539175052,5.271845493810571,5.271845493810571,5.271845493810571,5.271845493810571,5.271845493810571,5.271845493810571,5.271845493810571,5.271845493810571,5.271845493810571,5.271845493810571,5.271845493810571,5.271845493810571,5.271845493810571,5.018161336635204,5.018161336635204,5.018161336635204,5.018161336635204,5.018161336635204,5.018161336635204,5.018161336635204,5.018161336635204,5.018161336635204,5.018161336635204,5.018161336635204,5.018161336635204,5.018161336635204,5.018161336635204,5.018161336635204,5.018161336635204,5.018161336635204,5.018161336635204,5.018161336635204,5.018161336635204,5.018161336635204,5.018161336635204,5.018161336635204,5.018161336635204,5.018161336635204,5.018161336635204,5.018161336635204,5.018161336635204,5.018161336635204,5.018161336635204,5.018161336635204,5.018161336635204,5.018161336635204,5.018161336635204,5.018161336635204,5.018161336635204,5.018161336635204,5.018161336635204,5.018161336635204,5.018161336635204,5.018161336635204,5.018161336635204,5.018161336635204,5.018161336635204,5.018161336635204,5.018161336635204,5.018161336635204,5.018161336635204,5.018161336635204,5.018161336635204,5.018161336635204,5.018161336635204,5.018161336635204,5.018161336635204,5.018161336635204,5.018161336635204,5.018161336635204,5.018161336635204,5.018161336635204,5.018161336635204,5.018161336635204,5.018161336635204,5.018161336635204,5.018161336635204,5.018161336635204,5.018161336635204,5.018161336635204,5.018161336635204,5.018161336635204,5.018161336635204,5.018161336635204,5.018161336635204,5.018161336635204,5.018161336635204,5.018161336635204,5.018161336635204,5.018161336635204,5.018161336635204,5.018161336635204,5.018161336635204,5.018161336635204,5.018161336635204,5.018161336635204,5.018161336635204,5.018161336635204,5.018161336635204,5.018161336635204,5.018161336635204,5.018161336635204,5.018161336635204,5.018161336635204,5.018161336635204,5.018161336635204,5.018161336635204,5.018161336635204,5.018161336635204,5.018161336635204,5.018161336635204,5.018161336635204,5.018161336635204,5.018161336635204,5.018161336635204,5.018161336635204,5.018161336635204,5.018161336635204,5.018161336635204,5.018161336635204,5.018161336635204,5.018161336635204,5.018161336635204,5.018161336635204,5.018161336635204,5.018161336635204,5.018161336635204,5.018161336635204,5.018161336635204,5.018161336635204,5.018161336635204,5.018161336635204,5.018161336635204,5.018161336635204,5.018161336635204,5.018161336635204,5.018161336635204,5.018161336635204,5.018161336635204,5.018161336635204,5.018161336635204,5.018161336635204,5.018161336635204,5.018161336635204,5.018161336635204,5.018161336635204,5.018161336635204,5.018161336635204,5.018161336635204,5.018161336635204,5.018161336635204,5.018161336635204,5.018161336635204,5.018161336635204,5.018161336635204,5.018161336635204,5.018161336635204,5.018161336635204,5.018161336635204,5.018161336635204,5.018161336635204,5.018161336635204,5.018161336635204,5.018161336635204,5.018161336635204,5.018161336635204,5.018161336635204,5.018161336635204,5.018161336635204,5.018161336635204,5.018161336635204,5.018161336635204,5.018161336635204,5.018161336635204,5.018161336635204,5.018161336635204,5.018161336635204,5.018161336635204,5.018161336635204,5.018161336635204,5.018161336635204,5.018161336635204,5.018161336635204,5.018161336635204,5.018161336635204,5.018161336635204,5.018161336635204,5.018161336635204,5.018161336635204,5.018161336635204,5.018161336635204,5.018161336635204,5.018161336635204,5.018161336635204,5.018161336635204,5.018161336635204,5.018161336635204,5.018161336635204,5.018161336635204,5.018161336635204,5.018161336635204,5.018161336635204,5.018161336635204,5.018161336635204,5.018161336635204,5.018161336635204,5.018161336635204,5.018161336635204,5.018161336635204,5.018161336635204,5.018161336635204,5.018161336635204,5.018161336635204,5.018161336635204,5.018161336635204,5.018161336635204,5.018161336635204,5.018161336635204,5.018161336635204,5.018161336635204,5.018161336635204,5.018161336635204,5.018161336635204,5.018161336635204,5.018161336635204,5.018161336635204,5.018161336635204,5.018161336635204,5.018161336635204,5.018161336635204,5.018161336635204,5.018161336635204,5.018161336635204,5.018161336635204,5.018161336635204,5.018161336635204,5.018161336635204,5.018161336635204,5.018161336635204,5.018161336635204,5.018161336635204,5.018161336635204,5.018161336635204,5.018161336635204,5.018161336635204,5.018161336635204,5.018161336635204,5.018161336635204,5.018161336635204,5.018161336635204,5.018161336635204,5.018161336635204,5.018161336635204,5.018161336635204,5.018161336635204,5.018161336635204,5.018161336635204,5.018161336635204,5.018161336635204,5.018161336635204,5.018161336635204,5.018161336635204,5.018161336635204,5.018161336635204,5.018161336635204,5.018161336635204,5.018161336635204,5.018161336635204,5.018161336635204,5.018161336635204,5.018161336635204,5.018161336635204,5.018161336635204,5.018161336635204,5.018161336635204,5.018161336635204,5.018161336635204,5.018161336635204,5.018161336635204,5.018161336635204,5.018161336635204,4.18647957823268,4.18647957823268,4.18647957823268,4.18647957823268,4.18647957823268,4.18647957823268,4.18647957823268,4.18647957823268,4.18647957823268,4.18647957823268,4.18647957823268,4.18647957823268,4.18647957823268,4.18647957823268,4.18647957823268,4.18647957823268,4.18647957823268,4.18647957823268,4.18647957823268,4.18647957823268,4.18647957823268,4.18647957823268,4.18647957823268,4.18647957823268,4.18647957823268,4.18647957823268,4.18647957823268,4.18647957823268,4.18647957823268,4.18647957823268,4.18647957823268,4.18647957823268,4.18647957823268,4.18647957823268,4.18647957823268,4.18647957823268,4.18647957823268,4.18647957823268,4.18647957823268,4.18647957823268,4.18647957823268,4.18647957823268,4.18647957823268,4.18647957823268,4.18647957823268,4.18647957823268,4.18647957823268,4.18647957823268,4.18647957823268,4.18647957823268,4.18647957823268,4.18647957823268,4.18647957823268,4.18647957823268,4.18647957823268,4.18647957823268,4.18647957823268,4.18647957823268,4.18647957823268,4.18647957823268,4.18647957823268,4.18647957823268,4.18647957823268,4.18647957823268,4.18647957823268,4.18647957823268,4.18647957823268,4.18647957823268,4.18647957823268,4.18647957823268,4.18647957823268,4.18647957823268,4.18647957823268,4.18647957823268,4.18647957823268,4.18647957823268,4.18647957823268,4.18647957823268,4.18647957823268,4.18647957823268,4.18647957823268,4.18647957823268,4.18647957823268,4.18647957823268,4.18647957823268,4.18647957823268,4.18647957823268,4.18647957823268,4.18647957823268,4.18647957823268,4.18647957823268,4.18647957823268,4.18647957823268,4.18647957823268,4.18647957823268,4.18647957823268,4.18647957823268,4.18647957823268,4.18647957823268,4.18647957823268,4.18647957823268,4.18647957823268,4.18647957823268,4.18647957823268,4.18647957823268,4.18647957823268,4.18647957823268,4.18647957823268,4.18647957823268,4.18647957823268,4.18647957823268,4.18647957823268,4.18647957823268,4.18647957823268,4.18647957823268,4.18647957823268,4.18647957823268,4.18647957823268,4.18647957823268,4.18647957823268,4.18647957823268,4.18647957823268,4.18647957823268,4.18647957823268,4.18647957823268,4.18647957823268,4.18647957823268,4.18647957823268,4.18647957823268,4.18647957823268,4.18647957823268,4.18647957823268,4.18647957823268,4.18647957823268,4.18647957823268,4.18647957823268,4.18647957823268,4.18647957823268,4.18647957823268,4.18647957823268,4.18647957823268,4.18647957823268,4.18647957823268,4.18647957823268,4.18647957823268,4.18647957823268,4.18647957823268,4.18647957823268,4.18647957823268,4.18647957823268,4.18647957823268,4.18647957823268,4.18647957823268,4.18647957823268,4.18647957823268,4.18647957823268,4.18647957823268,4.18647957823268,4.18647957823268,4.18647957823268,4.18647957823268,4.18647957823268,4.18647957823268,4.18647957823268,4.18647957823268,4.18647957823268,4.18647957823268,4.18647957823268,4.18647957823268,4.18647957823268,4.18647957823268,4.18647957823268,4.18647957823268,4.18647957823268,4.18647957823268,4.18647957823268,4.18647957823268,4.18647957823268,4.18647957823268,4.18647957823268,4.18647957823268,4.18647957823268,4.18647957823268,4.18647957823268,4.18647957823268,4.18647957823268,4.18647957823268,4.18647957823268,4.18647957823268,4.18647957823268,4.18647957823268,4.18647957823268,4.18647957823268,4.18647957823268,4.18647957823268,4.18647957823268,4.18647957823268,4.18647957823268,4.18647957823268,4.18647957823268,4.18647957823268,4.18647957823268,4.18647957823268,4.18647957823268,4.18647957823268,4.18647957823268,4.18647957823268,4.18647957823268,4.18647957823268,4.18647957823268,4.18647957823268,4.18647957823268,4.18647957823268,4.18647957823268,4.18647957823268,4.18647957823268,4.18647957823268,4.18647957823268,4.18647957823268,4.18647957823268,4.18647957823268,4.18647957823268,4.18647957823268,4.18647957823268,4.18647957823268,4.18647957823268,4.18647957823268,4.18647957823268,4.18647957823268,4.18647957823268,4.18647957823268,4.18647957823268,4.18647957823268,4.18647957823268,4.18647957823268,4.18647957823268,4.18647957823268,4.18647957823268,4.18647957823268,4.18647957823268,4.18647957823268,4.18647957823268,4.18647957823268,4.18647957823268,4.18647957823268,4.18647957823268,4.18647957823268,4.18647957823268,4.18647957823268,4.18647957823268,4.18647957823268,4.18647957823268,4.18647957823268,4.18647957823268,4.18647957823268,4.18647957823268,4.18647957823268,4.18647957823268,4.18647957823268,4.18647957823268,4.18647957823268,4.18647957823268,4.18647957823268,4.18647957823268,4.18647957823268,4.18647957823268,4.18647957823268,4.18647957823268,4.18647957823268,4.18647957823268,4.18647957823268,4.18647957823268,4.18647957823268,4.18647957823268,4.18647957823268,4.18647957823268,4.18647957823268,4.18647957823268,4.18647957823268,4.18647957823268,4.18647957823268,4.18647957823268,4.18647957823268,4.18647957823268,4.18647957823268,4.18647957823268,4.18647957823268,4.18647957823268,4.18647957823268,4.18647957823268,4.18647957823268,4.18647957823268,4.18647957823268,4.18647957823268,4.18647957823268,4.18647957823268,4.18647957823268,4.18647957823268,4.18647957823268,4.18647957823268,4.18647957823268,4.18647957823268,4.18647957823268,4.18647957823268,4.18647957823268,4.18647957823268,4.18647957823268,4.18647957823268,4.18647957823268,4.18647957823268,4.18647957823268,4.18647957823268,4.18647957823268,4.18647957823268,4.18647957823268,4.18647957823268,4.18647957823268,4.18647957823268,4.18647957823268,4.18647957823268,4.18647957823268,4.18647957823268,4.18647957823268,4.18647957823268,4.18647957823268,4.18647957823268,4.18647957823268,4.18647957823268,4.18647957823268,4.18647957823268,4.18647957823268,4.18647957823268,4.18647957823268,4.18647957823268,4.18647957823268,4.18647957823268,4.18647957823268,4.18647957823268,4.18647957823268,4.18647957823268,4.18647957823268,4.18647957823268,4.18647957823268,4.18647957823268,4.18647957823268,4.18647957823268,4.18647957823268,4.18647957823268,4.18647957823268,4.18647957823268,4.18647957823268,4.18647957823268,4.18647957823268,4.18647957823268,4.18647957823268,4.18647957823268,4.18647957823268,4.18647957823268,4.18647957823268,4.18647957823268,4.18647957823268,4.18647957823268,4.18647957823268,4.18647957823268,4.18647957823268,4.18647957823268,4.18647957823268,4.18647957823268,4.18647957823268,4.18647957823268,4.18647957823268,4.18647957823268,4.18647957823268,4.18647957823268,4.18647957823268,4.18647957823268,4.18647957823268,4.18647957823268,4.18647957823268,4.18647957823268,4.18647957823268,4.18647957823268,4.18647957823268,4.18647957823268,4.18647957823268,4.18647957823268,4.18647957823268,4.18647957823268,4.18647957823268,4.18647957823268,4.18647957823268,4.18647957823268,4.18647957823268,4.18647957823268,4.18647957823268,4.18647957823268,4.18647957823268,4.18647957823268,4.18647957823268,4.18647957823268,4.18647957823268,4.18647957823268,4.18647957823268,4.18647957823268,4.18647957823268,4.18647957823268,4.18647957823268,4.18647957823268,4.18647957823268,4.18647957823268,4.18647957823268,4.18647957823268,4.18647957823268,4.18647957823268,4.18647957823268,4.18647957823268,4.18647957823268,4.18647957823268,4.18647957823268,4.18647957823268,4.18647957823268,4.18647957823268,4.18647957823268,4.18647957823268,4.18647957823268,4.18647957823268,4.18647957823268,4.18647957823268,4.18647957823268,4.18647957823268,4.18647957823268,4.18647957823268,4.18647957823268,4.18647957823268,4.18647957823268,4.18647957823268,4.18647957823268,4.18647957823268,4.18647957823268,4.18647957823268,4.18647957823268,4.18647957823268,4.18647957823268,4.18647957823268,4.18647957823268,4.18647957823268,4.18647957823268,4.18647957823268,4.18647957823268,4.18647957823268,4.18647957823268,4.18647957823268,4.18647957823268,4.18647957823268,4.18647957823268,4.18647957823268,4.18647957823268,4.18647957823268,4.18647957823268,4.18647957823268,4.18647957823268,4.18647957823268,4.18647957823268,4.18647957823268,4.18647957823268,4.18647957823268,4.18647957823268,4.18647957823268,4.18647957823268,4.18647957823268,4.18647957823268,4.18647957823268,4.18647957823268,4.18647957823268,4.18647957823268,4.18647957823268,4.18647957823268,4.18647957823268,4.18647957823268,4.18647957823268,4.18647957823268,4.18647957823268,4.18647957823268,4.18647957823268,4.18647957823268,4.18647957823268,4.18647957823268,4.18647957823268,4.18647957823268,4.18647957823268,4.18647957823268,4.18647957823268,4.18647957823268,4.18647957823268,4.18647957823268,4.18647957823268,4.18647957823268,4.18647957823268,4.18647957823268,4.18647957823268,4.18647957823268,4.18647957823268,4.18647957823268,4.18647957823268,4.18647957823268,4.18647957823268,4.18647957823268,4.18647957823268,4.18647957823268,4.18647957823268,4.18647957823268,4.18647957823268,4.18647957823268,4.18647957823268,4.18647957823268,4.18647957823268,4.18647957823268,4.18647957823268,4.18647957823268,4.18647957823268,4.18647957823268,8.394429789205923,8.394429789205923,7.758517453030153,7.758517453030153,7.758517453030153,7.758517453030153,7.758517453030153,7.758517453030153,7.758517453030153,7.758517453030153,7.758517453030153,7.758517453030153,7.758517453030153,7.758517453030153,7.758517453030153,7.758517453030153,7.758517453030153,7.758517453030153,7.758517453030153,7.758517453030153,7.758517453030153,7.156020257837343,7.156020257837343,7.156020257837343,7.156020257837343,7.156020257837343,7.156020257837343,7.156020257837343,7.156020257837343,7.156020257837343,7.156020257837343,7.156020257837343,7.156020257837343,7.156020257837343,7.156020257837343,7.156020257837343,7.156020257837343,7.156020257837343,7.156020257837343,7.156020257837343,7.156020257837343,7.156020257837343,7.156020257837343,7.156020257837343,7.156020257837343,7.156020257837343,7.156020257837343,7.156020257837343,7.156020257837343,7.156020257837343,7.156020257837343,7.156020257837343,7.156020257837343,7.156020257837343,7.156020257837343,7.156020257837343,7.156020257837343,7.156020257837343,7.156020257837343,7.156020257837343,7.156020257837343,7.156020257837343,7.156020257837343,7.156020257837343,7.156020257837343,7.156020257837343,7.156020257837343,7.156020257837343,7.156020257837343,7.156020257837343,7.156020257837343,7.156020257837343,7.156020257837343,7.156020257837343,7.156020257837343,7.156020257837343,7.156020257837343,7.156020257837343,7.156020257837343,7.156020257837343,7.156020257837343,7.156020257837343,7.156020257837343,7.156020257837343,7.156020257837343,7.156020257837343,7.156020257837343,7.156020257837343,7.156020257837343,7.156020257837343,7.156020257837343,7.156020257837343,7.156020257837343,7.116195203171717,7.116195203171717,7.116195203171717,7.116195203171717,7.116195203171717,6.368621983000988,6.340726717316969,6.340726717316969,6.340726717316969,6.340726717316969,6.340726717316969,6.340726717316969,6.340726717316969,6.340726717316969,6.340726717316969,6.199376274440314,6.199376274440314,6.199376274440314,6.199376274440314,6.199376274440314,6.199376274440314,5.878276900763737,5.878276900763737,5.878276900763737,5.878276900763737,5.878276900763737,5.878276900763737,5.878276900763737,5.878276900763737,5.878276900763737,5.878276900763737,5.878276900763737,5.878276900763737,5.878276900763737,5.677770519324689,5.677770519324689,5.677770519324689,5.677770519324689,5.677770519324689,5.677770519324689,5.677770519324689,5.677770519324689,5.677770519324689,5.677770519324689,5.677770519324689,5.677770519324689,5.677770519324689,5.677770519324689,5.677770519324689,5.677770519324689,5.677770519324689,5.677770519324689,5.677770519324689,5.677770519324689,5.677770519324689,5.677770519324689,5.677770519324689,5.677770519324689,5.677770519324689,5.677770519324689,5.677770519324689,5.677770519324689,5.677770519324689,5.677770519324689,5.677770519324689,5.677770519324689,5.677770519324689,5.677770519324689,5.677770519324689,5.677770519324689,5.677770519324689,5.677770519324689,5.677770519324689,5.677770519324689,5.677770519324689,5.677770519324689,5.677770519324689,5.677770519324689,5.677770519324689,5.677770519324689,5.677770519324689,5.677770519324689,5.677770519324689,5.677770519324689,5.677770519324689,5.677770519324689,5.677770519324689,5.677770519324689,5.677770519324689,5.677770519324689,5.677770519324689,5.677770519324689,5.677770519324689,5.677770519324689,5.677770519324689,5.677770519324689,5.677770519324689,5.677770519324689,5.677770519324689,5.677770519324689,5.677770519324689,5.677770519324689,5.677770519324689,5.677770519324689,5.677770519324689,5.677770519324689,5.677770519324689,5.677770519324689,5.677770519324689,5.677770519324689,5.677770519324689,5.677770519324689,5.677770519324689,5.677770519324689,5.677770519324689,5.677770519324689,5.677770519324689,5.677770519324689,5.677770519324689,5.677770519324689,5.677770519324689,5.677770519324689,5.677770519324689,5.677770519324689,5.339556988487598,5.339556988487598,5.339556988487598,5.339556988487598,5.339556988487598,5.339556988487598,5.339556988487598,5.339556988487598,5.339556988487598,5.339556988487598,5.339556988487598,5.339556988487598,5.339556988487598,5.300028295013989,5.300028295013989,5.300028295013989,5.297461687186464,5.297461687186464,5.297461687186464,5.258612705587073,5.258612705587073,5.258612705587073,5.258612705587073,5.258612705587073,5.258612705587073,5.258612705587073,5.258612705587073,5.258612705587073,5.258612705587073,5.258612705587073,5.258612705587073,5.258612705587073,5.258612705587073,5.258612705587073,5.258612705587073,5.258612705587073,5.258612705587073,5.258612705587073,5.258612705587073,5.258612705587073,5.258612705587073,5.258612705587073,5.258612705587073,5.258612705587073,5.258612705587073,4.988796348886304,4.988796348886304,4.988796348886304,4.988796348886304,4.988796348886304,4.988796348886304,4.988796348886304,4.988796348886304,4.988796348886304,4.988796348886304,4.988796348886304,4.988796348886304,4.988796348886304,4.988796348886304,4.988796348886304,4.988796348886304,4.988796348886304,4.988796348886304,4.988796348886304,4.988796348886304,4.988796348886304,4.988796348886304,4.988796348886304,4.988796348886304,4.988796348886304,4.988796348886304,4.988796348886304,4.988796348886304,4.988796348886304,4.988796348886304,4.988796348886304,4.988796348886304,4.988796348886304,4.988796348886304,4.988796348886304,4.988796348886304,4.988796348886304,4.988796348886304,4.988796348886304,4.988796348886304,4.988796348886304,4.988796348886304,4.988796348886304,4.988796348886304,4.988796348886304,4.988796348886304,4.988796348886304,4.988796348886304,4.988796348886304,4.988796348886304,4.988796348886304,4.988796348886304,4.988796348886304,4.988796348886304,4.988796348886304,4.988796348886304,4.988796348886304,4.988796348886304,4.988796348886304,4.988796348886304,4.988796348886304,4.988796348886304,4.988796348886304,4.988796348886304,4.988796348886304,4.988796348886304,4.988796348886304,4.988796348886304,4.988796348886304,4.988796348886304,4.988796348886304,4.988796348886304,4.988796348886304,4.988796348886304,4.988796348886304,4.988796348886304,4.988796348886304,4.988796348886304,4.988796348886304,4.988796348886304,4.988796348886304,4.988796348886304,4.959800932498474,4.959800932498474,4.959800932498474,4.959800932498474,4.959800932498474,4.959800932498474,4.959800932498474,4.959800932498474,4.959800932498474,4.959800932498474,4.959800932498474,4.959800932498474,4.959800932498474,4.959800932498474,4.959800932498474,4.959800932498474,4.959800932498474,4.959800932498474,4.959800932498474,4.959800932498474,4.959800932498474,4.959800932498474,4.959800932498474,4.959800932498474,4.959800932498474,4.959800932498474,4.959800932498474,4.959800932498474,4.959800932498474,4.959800932498474,4.959800932498474,4.959800932498474,4.959800932498474,4.959800932498474,4.959800932498474,4.959800932498474,4.959800932498474,4.959800932498474,4.959800932498474,4.959800932498474,4.959800932498474,4.959800932498474,4.959800932498474,4.959800932498474,4.959800932498474,4.959800932498474,4.959800932498474,4.959800932498474,4.959800932498474,4.959800932498474,4.959800932498474,4.959800932498474,4.959800932498474,4.959800932498474,4.959800932498474,4.959800932498474,4.959800932498474,4.959800932498474,4.959800932498474,4.959800932498474,4.959800932498474,4.959800932498474,4.959800932498474,4.959800932498474,4.959800932498474,4.959800932498474,4.959800932498474,4.959800932498474,4.959800932498474,4.959800932498474,4.959800932498474,4.959800932498474,4.959800932498474,4.959800932498474,4.959800932498474,4.959800932498474,4.959800932498474,4.959800932498474,4.959800932498474,4.959800932498474,4.959800932498474,4.959800932498474,4.959800932498474,4.959800932498474,4.959800932498474,4.959800932498474,4.959800932498474,4.959800932498474,4.959800932498474,4.959800932498474,4.959800932498474,4.959800932498474,4.959800932498474,4.959800932498474,4.959800932498474,4.959800932498474,4.959800932498474,4.959800932498474,4.959800932498474,4.959800932498474,4.959800932498474,4.959800932498474,4.959800932498474,4.959800932498474,4.959800932498474,4.959800932498474,4.959800932498474,4.959800932498474,4.959800932498474,4.959800932498474,4.959800932498474,4.959800932498474,4.959800932498474,4.959800932498474,4.959800932498474,4.959800932498474,4.959800932498474,4.959800932498474,4.959800932498474,4.959800932498474,4.959800932498474,4.959800932498474,4.959800932498474,4.959800932498474,4.959800932498474,4.959800932498474,4.959800932498474,4.959800932498474,4.959800932498474,4.959800932498474,4.959800932498474,4.959800932498474,4.959800932498474,4.959800932498474,4.959800932498474,4.959800932498474,4.959800932498474,4.959800932498474,4.959800932498474,4.959800932498474,4.959800932498474,4.959800932498474,4.959800932498474,4.959800932498474,4.959800932498474,4.959800932498474,4.959800932498474,4.959800932498474,4.959800932498474,4.959800932498474,4.959800932498474,4.959800932498474,4.959800932498474,4.959800932498474,4.959800932498474,4.959800932498474,4.959800932498474,4.959800932498474,4.959800932498474,4.959800932498474,4.959800932498474,4.959800932498474,4.959800932498474,4.959800932498474,4.959800932498474,4.959800932498474,4.959800932498474,4.959800932498474,4.959800932498474,4.959800932498474,4.959800932498474,4.959800932498474,4.959800932498474,4.959800932498474,4.959800932498474,4.959800932498474,4.959800932498474,4.959800932498474,4.959800932498474,4.959800932498474,4.959800932498474,4.959800932498474,4.959800932498474,4.959800932498474,4.959800932498474,4.959800932498474,4.959800932498474,4.959800932498474,4.959800932498474,4.959800932498474,4.959800932498474,4.959800932498474,4.959800932498474,4.959800932498474,4.959800932498474,4.959800932498474,4.959800932498474,4.959800932498474,4.959800932498474,4.959800932498474,4.959800932498474,4.959800932498474,4.959800932498474,4.959800932498474,4.959800932498474,4.959800932498474,4.959800932498474,4.959800932498474,4.959800932498474,4.959800932498474,4.959800932498474,4.959800932498474,4.959800932498474,4.959800932498474,4.959800932498474,4.959800932498474,4.959800932498474,4.959800932498474,4.959800932498474,4.959800932498474,4.959800932498474,4.959800932498474,4.959800932498474,4.959800932498474,4.959800932498474,4.959800932498474,4.959800932498474,4.959800932498474,4.959800932498474,4.959800932498474,4.959800932498474,4.959800932498474,4.959800932498474,4.959800932498474,4.959800932498474,4.959800932498474,4.959800932498474,4.959800932498474,4.959800932498474,4.959800932498474,4.959800932498474,4.959800932498474,4.959800932498474,4.959800932498474,4.959800932498474,4.959800932498474,4.959800932498474,4.959800932498474,4.959800932498474,4.959800932498474,4.959800932498474,4.959800932498474,4.959800932498474,4.959800932498474,4.959800932498474,4.959800932498474,4.959800932498474,4.959800932498474,4.959800932498474,4.959800932498474,4.959800932498474,4.959800932498474,4.959800932498474,4.959800932498474,4.959800932498474,4.959800932498474,4.959800932498474,4.959800932498474,4.959800932498474,4.959800932498474,4.959800932498474,4.959800932498474,4.959800932498474,4.959800932498474,4.959800932498474,4.959800932498474,4.959800932498474,4.959800932498474,4.959800932498474,4.959800932498474,4.959800932498474,4.959800932498474,4.959800932498474,4.959800932498474,4.959800932498474,4.959800932498474,4.959800932498474,4.959800932498474,4.959800932498474,4.959800932498474,4.959800932498474,4.959800932498474,4.959800932498474,4.959800932498474,4.959800932498474,4.959800932498474,4.959800932498474,4.959800932498474,4.959800932498474,4.959800932498474,4.959800932498474,4.959800932498474,4.959800932498474,4.959800932498474,4.959800932498474,4.959800932498474,4.959800932498474,4.959800932498474,4.959800932498474,4.959800932498474,4.959800932498474,4.959800932498474,4.959800932498474,4.959800932498474,4.959800932498474,4.959800932498474,4.959800932498474,4.959800932498474,4.959800932498474,4.959800932498474,4.959800932498474,4.959800932498474,4.959800932498474,4.959800932498474,4.959800932498474,4.959800932498474,4.959800932498474,4.959800932498474,4.959800932498474,4.959800932498474,4.959800932498474,4.959800932498474,4.959800932498474,4.959800932498474,4.959800932498474,4.959800932498474,4.959800932498474,4.959800932498474,4.959800932498474,4.959800932498474,4.959800932498474,4.959800932498474,4.959800932498474,4.959800932498474,4.959800932498474,4.959800932498474,4.959800932498474,4.959800932498474,4.959800932498474,4.959800932498474,4.959800932498474,4.959800932498474,4.959800932498474,4.959800932498474,4.959800932498474,4.959800932498474,4.959800932498474,4.959800932498474,4.959800932498474,4.959800932498474,4.959800932498474,4.959800932498474,4.959800932498474,4.959800932498474,4.959800932498474,4.959800932498474,4.959800932498474,4.959800932498474,4.959800932498474,4.959800932498474,4.959800932498474,4.959800932498474,4.959800932498474,4.959800932498474,4.959800932498474,4.959800932498474,4.959800932498474,4.959800932498474,4.959800932498474,4.959800932498474,4.959800932498474,4.959800932498474,4.959800932498474,4.959800932498474,4.959800932498474,4.959800932498474,4.959800932498474,4.959800932498474,4.959800932498474,4.959800932498474,4.959800932498474,4.959800932498474,4.959800932498474,4.959800932498474,4.959800932498474,4.959800932498474,4.959800932498474,4.959800932498474,4.959800932498474,4.959800932498474,4.959800932498474,4.959800932498474,4.959800932498474,4.959800932498474,4.959800932498474,4.959800932498474,4.959800932498474,4.959800932498474,4.959800932498474,4.959800932498474,4.959800932498474,4.959800932498474,4.959800932498474,4.959800932498474,4.959800932498474,4.959800932498474,4.959800932498474,4.959800932498474,4.959800932498474,4.959800932498474,4.959800932498474,4.959800932498474,4.959800932498474,4.959800932498474,4.959800932498474,4.959800932498474,4.959800932498474,4.959800932498474,4.959800932498474,4.959800932498474,4.959800932498474,4.959800932498474,4.959800932498474,4.959800932498474,4.959800932498474,4.959800932498474,4.959800932498474,4.959800932498474,4.959800932498474,4.959800932498474,4.959800932498474,4.959800932498474,4.959800932498474,4.959800932498474,4.959800932498474,4.959800932498474,4.959800932498474,4.959800932498474,4.959800932498474,4.959800932498474,4.959800932498474,4.959800932498474,4.959800932498474,4.959800932498474,4.959800932498474,4.959800932498474,4.959800932498474,4.959800932498474,4.959800932498474,4.959800932498474,4.959800932498474,4.959800932498474,4.959800932498474,4.959800932498474,4.959800932498474,4.959800932498474,4.959800932498474,4.959800932498474,4.959800932498474,4.959800932498474,4.959800932498474,4.959800932498474,4.959800932498474,4.959800932498474,4.959800932498474,4.959800932498474,4.959800932498474,4.959800932498474,4.959800932498474,4.959800932498474,4.959800932498474,4.959800932498474,4.959800932498474,4.959800932498474,4.959800932498474,4.959800932498474,4.959800932498474,4.959800932498474,4.959800932498474,4.959800932498474,4.959800932498474,4.959800932498474,4.959800932498474,4.959800932498474,4.959800932498474,4.959800932498474,4.959800932498474,4.959800932498474,4.959800932498474,4.959800932498474,4.959800932498474,4.959800932498474,4.959800932498474,4.959800932498474,4.959800932498474,4.959800932498474,4.959800932498474,4.959800932498474,4.959800932498474,4.959800932498474,4.959800932498474,4.959800932498474,4.959800932498474,4.959800932498474,4.959800932498474,4.959800932498474,4.959800932498474,4.959800932498474,4.959800932498474,4.959800932498474,4.959800932498474,4.959800932498474,4.959800932498474,4.959800932498474,4.959800932498474,4.959800932498474,4.959800932498474,4.959800932498474,4.959800932498474,4.959800932498474,4.959800932498474,4.959800932498474,4.959800932498474,4.959800932498474,4.959800932498474,4.959800932498474,4.959800932498474,4.959800932498474,4.959800932498474,4.959800932498474,4.959800932498474,4.959800932498474,4.959800932498474,4.959800932498474,4.959800932498474,4.959800932498474,4.959800932498474,4.959800932498474,4.959800932498474,4.959800932498474,4.959800932498474,4.959800932498474,4.959800932498474,4.959800932498474,4.959800932498474,4.959800932498474,4.959800932498474,4.959800932498474,4.959800932498474,4.959800932498474,4.959800932498474,4.959800932498474,4.959800932498474,4.959800932498474,4.959800932498474,4.959800932498474,4.959800932498474,4.959800932498474,4.959800932498474,4.959800932498474,4.959800932498474,4.959800932498474,4.959800932498474,4.959800932498474,4.959800932498474,4.959800932498474,4.959800932498474,4.959800932498474,4.959800932498474,4.959800932498474,4.959800932498474,4.959800932498474,4.959800932498474,4.959800932498474,4.959800932498474,4.959800932498474,4.959800932498474,4.959800932498474,4.959800932498474,4.959800932498474,4.959800932498474,4.959800932498474,4.959800932498474,4.959800932498474,4.959800932498474,4.959800932498474,4.959800932498474,4.959800932498474,4.959800932498474,4.959800932498474,4.959800932498474,4.959800932498474,4.959800932498474,4.959800932498474,4.959800932498474,4.959800932498474,4.959800932498474,4.959800932498474,4.959800932498474,4.959800932498474,4.959800932498474,4.959800932498474,4.959800932498474,4.959800932498474,4.959800932498474,4.959800932498474,4.959800932498474,4.959800932498474,4.959800932498474,4.959800932498474,4.959800932498474,4.959800932498474,4.959800932498474,4.959800932498474,4.959800932498474,4.959800932498474,4.959800932498474,4.959800932498474,4.959800932498474,4.959800932498474,4.959800932498474,4.959800932498474,4.959800932498474,4.959800932498474,4.959800932498474,4.959800932498474,4.959800932498474,4.959800932498474,4.959800932498474,4.959800932498474,4.959800932498474,4.959800932498474,4.959800932498474,4.959800932498474,4.959800932498474,4.959800932498474,4.959800932498474,4.959800932498474,4.959800932498474,4.959800932498474,4.959800932498474,4.959800932498474,4.959800932498474,4.959800932498474,4.959800932498474,4.959800932498474,8.359034221624386,8.359034221624386,7.954371543416194,7.954371543416194,7.954371543416194,7.954371543416194,7.954371543416194,6.264603066649877,6.264603066649877,6.264603066649877,6.264603066649877,6.264603066649877,6.264603066649877,6.264603066649877,6.264603066649877,6.264603066649877,6.264603066649877,6.264603066649877,6.264603066649877,6.264603066649877,6.264603066649877,6.264603066649877,6.264603066649877,6.264603066649877,6.264603066649877,6.264603066649877,6.264603066649877,6.264603066649877,6.264603066649877,6.264603066649877,6.264603066649877,6.264603066649877,6.264603066649877,6.264603066649877,6.264603066649877,6.264603066649877,6.264603066649877,6.264603066649877,6.264603066649877,6.264603066649877,6.264603066649877,6.264603066649877,6.264603066649877,6.264603066649877,6.264603066649877,6.264603066649877,6.264603066649877,6.264603066649877,6.264603066649877,6.264603066649877,6.264603066649877,6.264603066649877,6.264603066649877,6.264603066649877,6.264603066649877,6.264603066649877,6.264603066649877,6.264603066649877,6.264603066649877,6.264603066649877,6.264603066649877,6.264603066649877,6.264603066649877,6.264603066649877,6.264603066649877,6.264603066649877,6.264603066649877,6.264603066649877,6.264603066649877,6.264603066649877,6.158429181098659,6.158429181098659,6.158429181098659,6.158429181098659,6.158429181098659,6.158429181098659,6.158429181098659,6.158429181098659,6.158429181098659,6.158429181098659,6.158429181098659,6.158429181098659,6.158429181098659,6.158429181098659,6.158429181098659,6.158429181098659,6.158429181098659,6.158429181098659,6.158429181098659,6.158429181098659,6.158429181098659,6.158429181098659,6.158429181098659,6.158429181098659,6.158429181098659,6.158429181098659,6.158429181098659,6.158429181098659,6.158429181098659,6.158429181098659,6.158429181098659,6.158429181098659,6.158429181098659,6.158429181098659,6.158429181098659,6.158429181098659,6.158429181098659,6.158429181098659,6.158429181098659,6.158429181098659,6.158429181098659,6.158429181098659,6.158429181098659,6.158429181098659,6.158429181098659,6.158429181098659,6.158429181098659,6.158429181098659,6.158429181098659,6.158429181098659,6.158429181098659,6.158429181098659,6.158429181098659,6.158429181098659,6.158429181098659,6.158429181098659,6.158429181098659,6.158429181098659,6.158429181098659,6.158429181098659,6.158429181098659,6.158429181098659,6.158429181098659,6.158429181098659,6.158429181098659,6.158429181098659,6.158429181098659,6.158429181098659,6.158429181098659,6.158429181098659,6.158429181098659,6.158429181098659,6.158429181098659,6.158429181098659,6.158429181098659,6.158429181098659,6.158429181098659,6.158429181098659,6.158429181098659,6.158429181098659,6.158429181098659,6.158429181098659,6.158429181098659,6.158429181098659,6.158429181098659,6.158429181098659,6.158429181098659,6.158429181098659,6.158429181098659,6.158429181098659,6.158429181098659,6.158429181098659,6.158429181098659,6.158429181098659,6.158429181098659,6.158429181098659,6.158429181098659,6.158429181098659,6.158429181098659,6.158429181098659,6.158429181098659,6.158429181098659,6.158429181098659,6.158429181098659,6.158429181098659,6.158429181098659,6.158429181098659,6.158429181098659,6.158429181098659,6.158429181098659,6.158429181098659,6.158429181098659,6.158429181098659,6.158429181098659,6.158429181098659,6.158429181098659,6.158429181098659,6.158429181098659,6.158429181098659,6.158429181098659,6.158429181098659,6.158429181098659,6.158429181098659,6.158429181098659,6.158429181098659,6.158429181098659,6.158429181098659,6.158429181098659,6.158429181098659,6.158429181098659,6.158429181098659,6.158429181098659,6.158429181098659,6.158429181098659,6.158429181098659,6.158429181098659,6.158429181098659,6.158429181098659,6.158429181098659,6.158429181098659,6.158429181098659,6.158429181098659,6.158429181098659,6.158429181098659,6.158429181098659,6.158429181098659,6.158429181098659,6.158429181098659,6.158429181098659,6.158429181098659,6.158429181098659,6.158429181098659,6.158429181098659,6.158429181098659,6.158429181098659,6.158429181098659,6.158429181098659,6.158429181098659,6.158429181098659,6.158429181098659,6.158429181098659,6.158429181098659,6.158429181098659,6.158429181098659,6.158429181098659,6.158429181098659,6.158429181098659,6.158429181098659,6.158429181098659,6.158429181098659,6.158429181098659,6.158429181098659,6.158429181098659,6.158429181098659,6.158429181098659,6.158429181098659,6.158429181098659,6.158429181098659,6.158429181098659,6.158429181098659,6.158429181098659,6.158429181098659,6.158429181098659,6.158429181098659,6.158429181098659,6.158429181098659,6.158429181098659,6.158429181098659,6.158429181098659,6.158429181098659,6.158429181098659,6.158429181098659,6.158429181098659,6.158429181098659,6.158429181098659,6.158429181098659,6.158429181098659,6.158429181098659,6.158429181098659,6.158429181098659,6.158429181098659,6.158429181098659,6.158429181098659,6.158429181098659,6.158429181098659,6.158429181098659,6.158429181098659,6.158429181098659,6.158429181098659,6.158429181098659,6.158429181098659,6.158429181098659,6.158429181098659,6.158429181098659,6.158429181098659,6.158429181098659,6.158429181098659,6.158429181098659,6.158429181098659,6.158429181098659,6.158429181098659,6.158429181098659,6.158429181098659,6.158429181098659,6.158429181098659,6.158429181098659,6.158429181098659,6.158429181098659,6.158429181098659,6.158429181098659,6.158429181098659,6.158429181098659,6.158429181098659,6.158429181098659,6.158429181098659,6.158429181098659,6.158429181098659,6.158429181098659,6.158429181098659,6.158429181098659,6.158429181098659,6.158429181098659,6.158429181098659,6.158429181098659,6.158429181098659,6.158429181098659,6.158429181098659,6.158429181098659,6.158429181098659,6.158429181098659,6.158429181098659,6.158429181098659,6.158429181098659,6.158429181098659,6.158429181098659,6.158429181098659,6.158429181098659,6.158429181098659,6.158429181098659,6.158429181098659,6.158429181098659,6.158429181098659,6.158429181098659,6.158429181098659,6.158429181098659,6.158429181098659,6.158429181098659,6.158429181098659,6.158429181098659,5.907554016916227,5.907554016916227,5.907554016916227,5.907554016916227,5.907554016916227,5.907554016916227,5.907554016916227,5.907554016916227,5.907554016916227,5.907554016916227,5.519462352984602,5.519462352984602,5.519462352984602,5.519462352984602,5.519462352984602,5.519462352984602,5.519462352984602,5.305652480016048,5.305652480016048,5.305652480016048,5.305652480016048,5.305652480016048,5.305652480016048,5.305652480016048,5.305652480016048,5.305652480016048,5.305652480016048,5.305652480016048,5.305652480016048,5.305652480016048,5.305652480016048,5.305652480016048,5.305652480016048,5.305652480016048,5.305652480016048,5.305652480016048,5.305652480016048,5.305652480016048,5.305652480016048,5.305652480016048,5.305652480016048,5.305652480016048,5.305652480016048,5.305652480016048,5.305652480016048,5.305652480016048,5.305652480016048,5.305652480016048,5.305652480016048,5.305652480016048,5.305652480016048,5.305652480016048,5.305652480016048,5.305652480016048,5.305652480016048,5.305652480016048,5.305652480016048,5.305652480016048,5.305652480016048,5.305652480016048,5.305652480016048,5.305652480016048,5.305652480016048,5.305652480016048,5.305652480016048,5.305652480016048,5.305652480016048,5.305652480016048,5.305652480016048,5.305652480016048,5.305652480016048,5.305652480016048,5.305652480016048,5.305652480016048,4.9466782518640935,4.9466782518640935,4.9443901170794415,4.9443901170794415,4.9443901170794415,4.9443901170794415,4.9443901170794415,4.9443901170794415,4.9443901170794415,4.9443901170794415,4.9443901170794415,4.9443901170794415,4.9443901170794415,4.9443901170794415,4.9443901170794415,4.9443901170794415,4.9443901170794415,4.9443901170794415,4.9443901170794415,4.9443901170794415,4.9443901170794415,4.9443901170794415,4.9443901170794415,4.9443901170794415,4.9443901170794415,4.9443901170794415,4.9443901170794415,4.9443901170794415,4.9443901170794415,4.9443901170794415,4.9443901170794415,4.9443901170794415,4.9443901170794415,4.9443901170794415,4.9443901170794415,4.9443901170794415,4.9443901170794415,4.9443901170794415,4.9443901170794415,4.9443901170794415,4.9443901170794415,4.9443901170794415,4.9443901170794415,4.9443901170794415,4.9443901170794415,4.9443901170794415,4.9443901170794415,4.9443901170794415,4.9443901170794415,4.9443901170794415,4.9443901170794415,4.9443901170794415,4.9443901170794415,4.9443901170794415,4.9443901170794415,4.9443901170794415,4.9443901170794415,4.9443901170794415,4.9443901170794415,4.9443901170794415,4.9443901170794415,4.9443901170794415,4.9443901170794415,4.9443901170794415,4.9443901170794415,4.9443901170794415,4.9443901170794415,4.9443901170794415,4.9443901170794415,4.9443901170794415,4.9443901170794415,4.9443901170794415,4.9443901170794415,4.9443901170794415,4.9443901170794415,4.9443901170794415,4.9443901170794415,4.9443901170794415,4.9443901170794415,4.9443901170794415,4.9443901170794415,4.9443901170794415,4.9443901170794415,4.9443901170794415,4.9443901170794415,4.9443901170794415,4.9443901170794415,4.9443901170794415,4.9443901170794415,4.9443901170794415,4.9443901170794415,4.9443901170794415,4.9443901170794415,4.9443901170794415,4.9443901170794415,4.9443901170794415,4.9443901170794415,4.9443901170794415,4.9443901170794415,4.9443901170794415,4.9443901170794415,4.9443901170794415,4.9443901170794415,4.9443901170794415,4.9443901170794415,4.9443901170794415,4.9443901170794415,4.9443901170794415,4.9443901170794415,4.9443901170794415,4.9443901170794415,4.9443901170794415,4.9443901170794415,4.9443901170794415,4.9443901170794415,4.9443901170794415,4.9443901170794415,4.9443901170794415,4.9443901170794415,4.9443901170794415,4.9443901170794415,4.9443901170794415,4.9443901170794415,4.9443901170794415,4.9443901170794415,4.9443901170794415,4.9443901170794415,4.9443901170794415,4.9443901170794415,4.9443901170794415,4.9443901170794415,4.9443901170794415,4.9443901170794415,4.9443901170794415,4.9443901170794415,4.9443901170794415,4.9443901170794415,4.9443901170794415,4.9443901170794415,4.9443901170794415,4.9443901170794415,4.9443901170794415,4.9443901170794415,4.9443901170794415,4.9443901170794415,4.9443901170794415,4.9443901170794415,4.9443901170794415,4.9443901170794415,4.9443901170794415,4.9443901170794415,4.9443901170794415,4.9443901170794415,4.9443901170794415,4.9443901170794415,4.9443901170794415,4.9443901170794415,4.9443901170794415,4.9443901170794415,4.9443901170794415,4.9443901170794415,4.9443901170794415,4.9443901170794415,4.9443901170794415,4.9443901170794415,4.9443901170794415,4.9443901170794415,4.9443901170794415,4.9443901170794415,4.9443901170794415,4.9443901170794415,4.9443901170794415,4.9443901170794415,4.9443901170794415,4.9443901170794415,4.9443901170794415,4.9443901170794415,4.9443901170794415,4.9443901170794415,4.9443901170794415,4.9443901170794415,4.9443901170794415,4.9443901170794415,4.9443901170794415,4.9443901170794415,4.9443901170794415,4.9443901170794415,4.9443901170794415,4.9443901170794415,4.9443901170794415,4.9443901170794415,4.9443901170794415,4.9443901170794415,4.9443901170794415,4.9443901170794415,4.9443901170794415,4.9443901170794415,4.9443901170794415,4.9443901170794415,4.9443901170794415,4.9443901170794415,4.9443901170794415,4.9443901170794415,4.9443901170794415,4.9443901170794415,4.9443901170794415,4.9443901170794415,4.9443901170794415,4.9443901170794415,4.9443901170794415,4.9443901170794415,4.9443901170794415,4.9443901170794415,4.9443901170794415,4.9443901170794415,4.9443901170794415,4.9443901170794415,4.9443901170794415,4.9443901170794415,4.9443901170794415,4.9443901170794415,4.9443901170794415,4.9443901170794415,4.9443901170794415,4.9443901170794415,4.9443901170794415,4.9443901170794415,4.9443901170794415,4.9443901170794415,4.9443901170794415,4.9443901170794415,4.9443901170794415,4.9443901170794415,4.9443901170794415,4.9443901170794415,4.9443901170794415,4.9443901170794415,4.9443901170794415,4.9443901170794415,4.9443901170794415,4.9443901170794415,4.9443901170794415,4.9443901170794415,4.9443901170794415,4.9443901170794415,4.9443901170794415,4.9443901170794415,4.9443901170794415,4.9443901170794415,4.9443901170794415,4.9443901170794415,4.9443901170794415,4.9443901170794415,4.9443901170794415,4.9443901170794415,4.9443901170794415,4.9443901170794415,4.9443901170794415,4.9443901170794415,4.9443901170794415,4.9443901170794415,4.9443901170794415,4.9443901170794415,4.9443901170794415,4.9443901170794415,4.9443901170794415,4.9443901170794415,4.9443901170794415,4.9443901170794415,4.9443901170794415,4.9443901170794415,4.9443901170794415,4.9443901170794415,4.9443901170794415,4.9443901170794415,4.9443901170794415,4.9443901170794415,4.9443901170794415,4.9443901170794415,4.9443901170794415,4.9443901170794415,4.9443901170794415,4.9443901170794415,4.9443901170794415,4.9443901170794415,4.9443901170794415,4.9443901170794415,4.9443901170794415,4.9443901170794415,4.9443901170794415,4.9443901170794415,4.9443901170794415,4.9443901170794415,4.9443901170794415,4.9443901170794415,4.9443901170794415,4.9443901170794415,4.9443901170794415,4.9443901170794415,4.9443901170794415,4.9443901170794415,4.9443901170794415,4.9443901170794415,4.9443901170794415,4.9443901170794415,4.9443901170794415,4.9443901170794415,4.9443901170794415,4.9443901170794415,4.9443901170794415,4.9443901170794415,4.9443901170794415,4.9443901170794415,4.9443901170794415,4.9443901170794415,4.9443901170794415,4.9443901170794415,4.9443901170794415,4.9443901170794415,4.9443901170794415,4.9443901170794415,4.9443901170794415,4.9443901170794415,4.9443901170794415,4.9443901170794415,4.9443901170794415,4.9443901170794415,4.9443901170794415,4.9443901170794415,4.9443901170794415,4.9443901170794415,4.9443901170794415,4.9443901170794415,4.9443901170794415,4.9443901170794415,4.9443901170794415,4.9443901170794415,4.9443901170794415,4.9443901170794415,4.9443901170794415,4.9443901170794415,4.9443901170794415,4.9443901170794415,4.9443901170794415,4.9443901170794415,4.9443901170794415,4.9443901170794415,4.9443901170794415,4.9443901170794415,4.9443901170794415,4.9443901170794415,4.9443901170794415,4.9443901170794415,4.9443901170794415,4.9443901170794415,4.9443901170794415,4.9443901170794415,4.9443901170794415,4.9443901170794415,4.9443901170794415,4.9443901170794415,4.9443901170794415,4.9443901170794415,4.9443901170794415,4.9443901170794415,4.9443901170794415,4.9443901170794415,4.9443901170794415,4.9443901170794415,4.9443901170794415,4.9443901170794415,4.9443901170794415,4.9443901170794415,4.9443901170794415,4.9443901170794415,4.9443901170794415,4.9443901170794415,4.9443901170794415,4.9443901170794415,4.9443901170794415,4.9443901170794415,4.9443901170794415,4.9443901170794415,4.9443901170794415,4.9443901170794415,4.9443901170794415,4.9443901170794415,4.9443901170794415,4.9443901170794415,4.9443901170794415,4.9443901170794415,4.9443901170794415,4.9443901170794415,4.9443901170794415,4.9443901170794415,4.9443901170794415,4.9443901170794415,4.9443901170794415,4.9443901170794415,4.9443901170794415,4.9443901170794415,4.9443901170794415,4.9443901170794415,4.9443901170794415,4.9443901170794415,4.9443901170794415,4.9443901170794415,4.9443901170794415,4.9443901170794415,4.9443901170794415,4.9443901170794415,4.9443901170794415,4.9443901170794415,4.9443901170794415,4.9443901170794415,4.9443901170794415,4.9443901170794415,4.9443901170794415,4.9443901170794415,4.9443901170794415,4.9443901170794415,4.9443901170794415,4.9443901170794415,4.9443901170794415,4.9443901170794415,4.9443901170794415,4.9443901170794415,4.9443901170794415,4.9443901170794415,4.9443901170794415,4.9443901170794415,4.9443901170794415,4.9443901170794415,4.9443901170794415,4.9443901170794415,4.9443901170794415,4.9443901170794415,4.9443901170794415,4.9443901170794415,4.9443901170794415,4.9443901170794415,4.9443901170794415,4.9443901170794415,4.9443901170794415,4.9443901170794415,4.9443901170794415,4.9443901170794415,4.9443901170794415,4.9443901170794415,4.9443901170794415,4.9443901170794415,4.9443901170794415,4.9443901170794415,4.9443901170794415,4.9443901170794415,4.9443901170794415,4.9443901170794415,4.9443901170794415,4.9443901170794415,4.9443901170794415,4.9443901170794415,4.9443901170794415,4.9443901170794415,4.9443901170794415,4.9443901170794415,4.9443901170794415,4.9443901170794415,4.9443901170794415,4.9443901170794415,4.9443901170794415,4.9443901170794415,4.9443901170794415,4.9443901170794415,4.9443901170794415,4.9443901170794415,4.9443901170794415,4.9443901170794415,4.9443901170794415,4.9443901170794415,4.9443901170794415,4.9443901170794415,4.9443901170794415,4.9443901170794415,4.9443901170794415,4.9443901170794415,4.9443901170794415,4.9443901170794415,4.9443901170794415,4.9443901170794415,4.9443901170794415,4.9443901170794415,4.9443901170794415,4.9443901170794415,4.9443901170794415,4.9443901170794415,4.9443901170794415,4.9443901170794415,4.9443901170794415,4.9443901170794415,4.9443901170794415,4.9443901170794415,4.9443901170794415,4.9443901170794415,4.9443901170794415,4.9443901170794415,4.9443901170794415,4.9443901170794415,4.9443901170794415,4.9443901170794415,4.9443901170794415,4.9443901170794415,4.9443901170794415,4.9443901170794415,4.9443901170794415,4.9443901170794415,4.9443901170794415,4.9443901170794415,4.9443901170794415,4.9443901170794415,4.9443901170794415,4.9443901170794415,4.9443901170794415,4.9443901170794415,4.9443901170794415,4.9443901170794415,4.9443901170794415,4.9443901170794415,4.9443901170794415,4.9443901170794415,4.9443901170794415,4.9443901170794415,4.9443901170794415,4.9443901170794415,4.9443901170794415,4.9443901170794415,4.9443901170794415,4.9443901170794415,4.9443901170794415,4.9443901170794415,4.9443901170794415,4.9443901170794415,4.9443901170794415,4.9443901170794415,4.9443901170794415,4.9443901170794415,4.9443901170794415,4.9443901170794415,4.9443901170794415,4.9443901170794415,4.9443901170794415,4.9443901170794415,4.9443901170794415,4.9443901170794415,4.9443901170794415,4.9443901170794415,4.9443901170794415,4.9443901170794415,4.9443901170794415,4.9443901170794415,4.9443901170794415,4.9443901170794415,4.9443901170794415,4.9443901170794415,4.9443901170794415,4.9443901170794415,4.9443901170794415,4.9443901170794415,4.9443901170794415,4.9443901170794415,4.9443901170794415,4.9443901170794415,4.9443901170794415,4.9443901170794415,4.9443901170794415,4.9443901170794415,4.9443901170794415,4.9443901170794415,4.9443901170794415,4.9443901170794415,4.9443901170794415,4.9443901170794415,4.9443901170794415,4.9443901170794415,4.9443901170794415,4.9443901170794415,4.9443901170794415,4.9443901170794415,7.2024046245582,7.2024046245582,7.2024046245582,7.2024046245582,7.03417985971652,7.03417985971652,7.03417985971652,7.03417985971652,7.03417985971652,7.03417985971652,7.03417985971652,7.03417985971652,7.03417985971652,7.03417985971652,7.03417985971652,7.03417985971652,7.03417985971652,7.03417985971652,7.03417985971652,7.03417985971652,7.03417985971652,7.03417985971652,7.03417985971652,7.03417985971652,7.03417985971652,7.03417985971652,7.03417985971652,7.03417985971652,7.03417985971652,7.03417985971652,7.03417985971652,7.03417985971652,7.03417985971652,7.03417985971652,7.03417985971652,7.03417985971652,7.03417985971652,6.893431939969179,6.893431939969179,6.893431939969179,6.893431939969179,6.893431939969179,6.893431939969179,6.893431939969179,6.893431939969179,6.893431939969179,6.893431939969179,6.893431939969179,6.893431939969179,6.893431939969179,6.893431939969179,6.893431939969179,6.893431939969179,6.893431939969179,6.893431939969179,6.893431939969179,6.893431939969179,6.893431939969179,6.893431939969179,6.893431939969179,6.893431939969179,6.893431939969179,6.893431939969179,6.893431939969179,6.893431939969179,6.893431939969179,6.893431939969179,6.893431939969179,6.893431939969179,6.893431939969179,6.893431939969179,6.893431939969179,6.893431939969179,6.893431939969179,6.893431939969179,6.893431939969179,6.893431939969179,6.893431939969179,6.893431939969179,6.893431939969179,6.893431939969179,6.893431939969179,6.893431939969179,6.893431939969179,6.893431939969179,6.893431939969179,6.893431939969179,6.893431939969179,6.893431939969179,6.893431939969179,6.893431939969179,6.893431939969179,6.893431939969179,6.893431939969179,6.893431939969179,6.893431939969179,6.893431939969179,6.893431939969179,6.893431939969179,6.893431939969179,6.861003774234234,6.861003774234234,6.861003774234234,6.861003774234234,6.861003774234234,6.861003774234234,6.861003774234234,6.861003774234234,6.861003774234234,6.861003774234234,6.861003774234234,6.861003774234234,6.861003774234234,6.861003774234234,6.861003774234234,6.861003774234234,6.861003774234234,6.861003774234234,6.861003774234234,6.861003774234234,6.861003774234234,6.861003774234234,6.861003774234234,6.861003774234234,6.861003774234234,6.861003774234234,6.861003774234234,5.596381028656763,5.596381028656763,5.596381028656763,5.596381028656763,5.596381028656763,5.596381028656763,5.596381028656763,5.596381028656763,5.596381028656763,5.596381028656763,5.596381028656763,5.596381028656763,5.596381028656763,5.596381028656763,5.596381028656763,5.596381028656763,5.596381028656763,5.596381028656763,5.596381028656763,5.596381028656763,5.596381028656763,5.596381028656763,5.596381028656763,5.596381028656763,5.596381028656763,5.596381028656763,5.596381028656763,5.596381028656763,5.596381028656763,5.596381028656763,5.596381028656763,5.596381028656763,5.596381028656763,5.596381028656763,5.402828178896415,5.402828178896415,5.402828178896415,5.402828178896415,5.402828178896415,5.402828178896415,5.402828178896415,5.402828178896415,5.402828178896415,5.402828178896415,5.402828178896415,5.402828178896415,5.402828178896415,5.402828178896415,5.402828178896415,5.402828178896415,5.402828178896415,5.402828178896415,5.402828178896415,5.402828178896415,5.402828178896415,5.402828178896415,5.402828178896415,5.402828178896415,5.402828178896415,5.402828178896415,5.402828178896415,5.402828178896415,5.402828178896415,5.402828178896415,5.402828178896415,5.402828178896415,5.402828178896415,5.402828178896415,5.402828178896415,5.402828178896415,5.402828178896415,5.402828178896415,5.402828178896415,5.402828178896415,5.402828178896415,5.402828178896415,5.402828178896415,5.402828178896415,5.402828178896415,5.402828178896415,5.402828178896415,5.402828178896415,5.402828178896415,5.402828178896415,5.402828178896415,5.402828178896415,5.402828178896415,5.402828178896415,5.402828178896415,5.402828178896415,5.402828178896415,5.402828178896415,5.402828178896415,5.402828178896415,5.402828178896415,5.402828178896415,5.402828178896415,5.402828178896415,5.402828178896415,5.402828178896415,5.402828178896415,5.402828178896415,5.402828178896415,5.402828178896415,5.402828178896415,5.402828178896415,5.402828178896415,5.402828178896415,5.402828178896415,5.402828178896415,5.402828178896415,5.402828178896415,5.402828178896415,5.402828178896415,5.402828178896415,5.402828178896415,5.402828178896415,5.402828178896415,5.402828178896415,5.402828178896415,5.402828178896415,5.402828178896415,5.402828178896415,5.402828178896415,5.402828178896415,5.402828178896415,5.402828178896415,5.402828178896415,5.402828178896415,5.402828178896415,5.402828178896415,5.402828178896415,5.402828178896415,5.402828178896415,5.402828178896415,5.402828178896415,5.402828178896415,5.402828178896415,5.402828178896415,5.402828178896415,5.402828178896415,5.402828178896415,5.402828178896415,5.402828178896415,5.402828178896415,5.402828178896415,5.402828178896415,5.402828178896415,5.402828178896415,5.402828178896415,5.402828178896415,5.402828178896415,5.402828178896415,5.402828178896415,5.402828178896415,5.402828178896415,5.402828178896415,5.402828178896415,5.402828178896415,5.402828178896415,5.402828178896415,5.402828178896415,5.402828178896415,5.402828178896415,5.402828178896415,5.402828178896415,5.402828178896415,5.402828178896415,5.402828178896415,5.402828178896415,5.402828178896415,5.402828178896415,5.402828178896415,5.402828178896415,5.402828178896415,5.402828178896415,5.402828178896415,5.402828178896415,5.402828178896415,5.402828178896415,5.402828178896415,5.402828178896415,5.402828178896415,5.402828178896415,5.402828178896415,5.402828178896415,5.402828178896415,5.402828178896415,5.402828178896415,5.402828178896415,5.402828178896415,5.402828178896415,5.402828178896415,5.402828178896415,5.402828178896415,5.402828178896415,5.402828178896415,5.402828178896415,5.402828178896415,5.402828178896415,5.402828178896415,5.402828178896415,5.402828178896415,5.402828178896415,5.402828178896415,5.402828178896415,5.402828178896415,5.402828178896415,5.402828178896415,5.402828178896415,5.402828178896415,5.402828178896415,5.402828178896415,5.402828178896415,5.402828178896415,5.402828178896415,5.402828178896415,5.402828178896415,5.402828178896415,5.402828178896415,5.402828178896415,5.402828178896415,5.402828178896415,5.402828178896415,5.402828178896415,5.402828178896415,5.402828178896415,5.402828178896415,5.402828178896415,5.402828178896415,5.402828178896415,5.402828178896415,5.402828178896415,5.402828178896415,5.402828178896415,5.402828178896415,5.402828178896415,5.402828178896415,5.402828178896415,5.402828178896415,5.402828178896415,5.402828178896415,5.402828178896415,5.402828178896415,5.402828178896415,5.402828178896415,5.402828178896415,5.402828178896415,5.402828178896415,5.402828178896415,5.402828178896415,5.402828178896415,5.402828178896415,5.402828178896415,5.402828178896415,5.402828178896415,5.402828178896415,5.402828178896415,5.402828178896415,5.402828178896415,5.402828178896415,5.402828178896415,5.402828178896415,5.402828178896415,5.402828178896415,5.402828178896415,5.402828178896415,5.402828178896415,5.402828178896415,5.402828178896415,5.402828178896415,5.402828178896415,5.402828178896415,5.402828178896415,5.402828178896415,5.402828178896415,5.402828178896415,5.402828178896415,5.402828178896415,5.402828178896415,5.402828178896415,5.402828178896415,5.402828178896415,5.402828178896415,5.402828178896415,5.402828178896415,5.402828178896415,5.402828178896415,5.402828178896415,5.402828178896415,5.402828178896415,5.402828178896415,5.402828178896415,5.402828178896415,5.402828178896415,5.402828178896415,5.402828178896415,5.402828178896415,5.402828178896415,5.402828178896415,5.402828178896415,5.402828178896415,5.402828178896415,5.402828178896415,5.402828178896415,5.402828178896415,5.402828178896415,5.402828178896415,5.402828178896415,5.402828178896415,5.402828178896415,5.402828178896415,5.402828178896415,5.402828178896415,5.402828178896415,5.402828178896415,5.402828178896415,5.402828178896415,5.402828178896415,5.402828178896415,5.402828178896415,5.402828178896415,5.402828178896415,5.402828178896415,5.402828178896415,5.402828178896415,5.402828178896415,5.402828178896415,5.402828178896415,5.402828178896415,5.402828178896415,5.402828178896415,5.402828178896415,5.402828178896415,5.402828178896415,5.402828178896415,5.402828178896415,5.402828178896415,5.402828178896415,5.402828178896415,5.402828178896415,5.402828178896415,5.402828178896415,5.402828178896415,5.402828178896415,5.402828178896415,5.402828178896415,5.402828178896415,5.402828178896415,5.402828178896415,5.402828178896415,5.402828178896415,5.402828178896415,5.402828178896415,5.402828178896415,5.402828178896415,5.402828178896415,5.402828178896415,5.402828178896415,5.402828178896415,5.402828178896415,5.402828178896415,5.402828178896415,5.402828178896415,5.402828178896415,5.402828178896415,5.402828178896415,5.402828178896415,5.402828178896415,5.402828178896415,5.402828178896415,5.402828178896415,5.402828178896415,5.402828178896415,5.402828178896415,5.402828178896415,5.402828178896415,5.402828178896415,5.402828178896415,5.402828178896415,5.402828178896415,5.402828178896415,5.402828178896415,5.402828178896415,5.402828178896415,5.402828178896415,5.402828178896415,5.402828178896415,5.402828178896415,5.402828178896415,5.402828178896415,5.402828178896415,5.38576795264884,5.38576795264884,5.38576795264884,5.280223262748801,5.280223262748801,5.280223262748801,5.280223262748801,5.242632428009972,5.242632428009972,5.242632428009972,5.242632428009972,5.242632428009972,5.242632428009972,5.242632428009972,5.242632428009972,5.242632428009972,5.242632428009972,5.242632428009972,5.242632428009972,5.242632428009972,5.242632428009972,5.242632428009972,5.242632428009972,5.242632428009972,5.242632428009972,5.242632428009972,5.242632428009972,5.242632428009972,5.242632428009972,5.242632428009972,5.242632428009972,5.242632428009972,5.242632428009972,5.242632428009972,5.242632428009972,5.242632428009972,5.242632428009972,5.242632428009972,5.242632428009972,5.242632428009972,5.242632428009972,5.242632428009972,5.242632428009972,5.242632428009972,5.242632428009972,4.808094564492573,4.808094564492573,4.808094564492573,4.808094564492573,4.808094564492573,4.808094564492573,4.808094564492573,4.808094564492573,4.808094564492573,4.808094564492573,4.808094564492573,4.808094564492573,4.808094564492573,4.808094564492573,4.808094564492573,4.808094564492573,4.808094564492573,4.808094564492573,4.808094564492573,4.808094564492573,4.808094564492573,4.808094564492573,4.808094564492573,4.808094564492573,4.808094564492573,4.808094564492573,4.808094564492573,4.808094564492573,4.808094564492573,4.808094564492573,4.808094564492573,4.808094564492573,4.808094564492573,4.808094564492573,4.808094564492573,4.808094564492573,4.808094564492573,4.808094564492573,4.808094564492573,4.808094564492573,4.808094564492573,4.808094564492573,4.808094564492573,4.808094564492573,4.808094564492573,4.808094564492573,4.808094564492573,4.808094564492573,4.808094564492573,4.808094564492573,4.808094564492573,4.808094564492573,4.808094564492573,4.808094564492573,4.808094564492573,4.808094564492573,4.808094564492573,4.808094564492573,4.808094564492573,4.808094564492573,4.808094564492573,4.808094564492573,4.808094564492573,4.808094564492573,4.808094564492573,4.808094564492573,4.808094564492573,4.808094564492573,4.808094564492573,4.808094564492573,4.808094564492573,4.808094564492573,4.808094564492573,4.808094564492573,4.808094564492573,4.808094564492573,4.808094564492573,4.808094564492573,4.808094564492573,4.808094564492573,4.808094564492573,4.808094564492573,4.808094564492573,4.808094564492573,4.808094564492573,4.808094564492573,4.808094564492573,4.808094564492573,4.808094564492573,4.808094564492573,4.808094564492573,4.808094564492573,4.808094564492573,4.808094564492573,4.808094564492573,4.808094564492573,4.808094564492573,4.808094564492573,4.808094564492573,4.808094564492573,4.808094564492573,4.808094564492573,4.808094564492573,4.808094564492573,4.808094564492573,4.808094564492573,4.808094564492573,4.808094564492573,4.808094564492573,4.808094564492573,4.808094564492573,4.808094564492573,4.808094564492573,4.808094564492573,4.808094564492573,4.808094564492573,4.808094564492573,4.808094564492573,4.808094564492573,4.808094564492573,4.808094564492573,4.808094564492573,4.808094564492573,4.808094564492573,4.808094564492573,4.808094564492573,4.808094564492573,4.808094564492573,4.808094564492573,4.808094564492573,4.808094564492573,4.808094564492573,4.808094564492573,4.808094564492573,4.808094564492573,4.808094564492573,4.808094564492573,4.808094564492573,4.808094564492573,4.808094564492573,4.808094564492573,4.808094564492573,4.808094564492573,4.808094564492573,4.808094564492573,4.808094564492573,4.808094564492573,4.808094564492573,4.808094564492573,4.808094564492573,4.808094564492573,4.808094564492573,4.808094564492573,4.808094564492573,4.808094564492573,4.808094564492573,4.808094564492573,4.808094564492573,4.808094564492573,4.808094564492573,4.808094564492573,4.808094564492573,4.808094564492573,4.808094564492573,4.808094564492573,4.808094564492573,4.808094564492573,4.808094564492573,4.808094564492573,4.808094564492573,4.808094564492573,4.808094564492573,4.808094564492573,4.808094564492573,4.808094564492573,4.808094564492573,4.808094564492573,4.808094564492573,4.808094564492573,4.808094564492573,4.808094564492573,4.808094564492573,4.808094564492573,4.808094564492573,4.808094564492573,4.808094564492573,4.808094564492573,4.808094564492573,4.808094564492573,4.808094564492573,4.808094564492573,4.808094564492573,4.808094564492573,4.808094564492573,4.808094564492573,4.808094564492573,4.808094564492573,4.808094564492573,4.808094564492573,4.808094564492573,4.808094564492573,4.808094564492573,4.808094564492573,4.808094564492573,4.808094564492573,4.808094564492573,4.808094564492573,4.808094564492573,4.808094564492573,4.808094564492573,4.808094564492573,4.808094564492573,4.808094564492573,4.808094564492573,4.808094564492573,4.808094564492573,4.808094564492573,4.808094564492573,4.808094564492573,4.808094564492573,4.808094564492573,4.808094564492573,4.808094564492573,4.808094564492573,4.808094564492573,4.808094564492573,4.808094564492573,4.808094564492573,4.808094564492573,4.808094564492573,4.808094564492573,4.808094564492573,4.808094564492573,4.808094564492573,4.808094564492573,4.808094564492573,4.808094564492573,4.808094564492573,4.521596405686209,4.521596405686209,4.521596405686209,4.521596405686209,4.521596405686209,4.521596405686209,4.521596405686209,4.521596405686209,4.521596405686209,4.521596405686209,4.521596405686209,4.521596405686209,4.521596405686209,4.521596405686209,4.521596405686209,4.521596405686209,4.521596405686209,4.521596405686209,4.521596405686209,4.521596405686209,4.521596405686209,4.521596405686209,4.521596405686209,4.521596405686209,4.521596405686209,4.521596405686209,4.521596405686209,4.521596405686209,4.521596405686209,4.521596405686209,4.521596405686209,4.521596405686209,4.521596405686209,4.521596405686209,4.521596405686209,4.521596405686209,4.521596405686209,4.521596405686209,4.521596405686209,4.521596405686209,4.521596405686209,4.521596405686209,4.521596405686209,4.521596405686209,4.521596405686209,4.521596405686209,4.521596405686209,4.521596405686209,4.521596405686209,4.521596405686209,4.521596405686209,4.521596405686209,4.521596405686209,4.521596405686209,4.521596405686209,4.521596405686209,4.521596405686209,4.521596405686209,4.521596405686209,4.521596405686209,4.521596405686209,4.521596405686209,4.521596405686209,4.521596405686209,4.521596405686209,4.521596405686209,4.521596405686209,4.521596405686209,4.521596405686209,4.521596405686209,4.521596405686209,4.521596405686209,4.521596405686209,4.521596405686209,4.521596405686209,4.521596405686209,4.521596405686209,4.521596405686209,4.521596405686209,4.521596405686209,4.521596405686209,4.521596405686209,4.521596405686209,4.521596405686209,4.521596405686209,4.521596405686209,4.521596405686209,4.521596405686209,4.521596405686209,4.521596405686209,4.521596405686209,4.521596405686209,4.521596405686209,4.521596405686209,4.521596405686209,4.521596405686209,4.521596405686209,4.521596405686209,4.521596405686209,4.521596405686209,4.521596405686209,4.521596405686209,4.521596405686209,4.521596405686209,4.521596405686209,4.521596405686209,4.521596405686209,4.521596405686209,4.521596405686209,4.521596405686209,4.521596405686209,4.521596405686209,4.521596405686209,4.521596405686209,4.521596405686209,4.521596405686209,4.521596405686209,4.521596405686209,4.521596405686209,4.521596405686209,4.521596405686209,4.521596405686209,4.521596405686209,4.521596405686209,4.521596405686209,4.521596405686209,4.521596405686209,4.521596405686209,4.521596405686209,4.521596405686209,4.521596405686209,4.521596405686209,4.521596405686209,4.521596405686209,4.521596405686209,4.521596405686209,4.521596405686209,4.521596405686209,4.521596405686209,4.521596405686209,4.521596405686209,4.521596405686209,4.521596405686209,4.521596405686209,4.521596405686209,4.521596405686209,4.521596405686209,4.521596405686209,4.521596405686209,4.521596405686209,4.521596405686209,4.521596405686209,4.521596405686209,4.521596405686209,4.521596405686209,4.521596405686209,4.521596405686209,4.521596405686209,4.521596405686209,4.521596405686209,4.521596405686209,4.521596405686209,4.521596405686209,4.521596405686209,4.521596405686209,4.521596405686209,4.521596405686209,4.521596405686209,4.521596405686209,4.521596405686209,4.521596405686209,4.521596405686209,4.521596405686209,4.521596405686209,4.521596405686209,4.521596405686209,4.521596405686209,4.521596405686209,4.521596405686209,4.521596405686209,4.521596405686209,4.521596405686209,4.521596405686209,4.521596405686209,4.521596405686209,4.521596405686209,4.521596405686209,4.521596405686209,4.521596405686209,4.521596405686209,4.521596405686209,4.521596405686209,4.521596405686209,4.521596405686209,4.521596405686209,4.521596405686209,4.521596405686209,4.521596405686209,9.517434718579779,8.938677220500773,7.934183158405511,7.687363021333579,7.687363021333579,7.687363021333579,7.417397983997996,7.417397983997996,7.343842146794315,7.343842146794315,7.242027808368011,7.095369336109636,7.021245591907489,7.021245591907489,7.021245591907489,7.021245591907489,7.021245591907489,7.021245591907489,6.949669183701374,6.700389621746664,6.700389621746664,6.700389621746664,6.700389621746664,6.700389621746664,6.700389621746664,6.700389621746664,6.700389621746664,6.700389621746664,6.700389621746664,6.700389621746664,6.700389621746664,6.700389621746664,6.700389621746664,6.700389621746664,6.700389621746664,6.700389621746664,6.700389621746664,6.700389621746664,6.700389621746664,6.700389621746664,6.700389621746664,6.700389621746664,6.700389621746664,6.700389621746664,6.700389621746664,6.700389621746664,6.700389621746664,6.700389621746664,6.700389621746664,6.700389621746664,6.700389621746664,6.700389621746664,6.700389621746664,6.700389621746664,6.700389621746664,6.700389621746664,6.700389621746664,6.700389621746664,6.700389621746664,6.700389621746664,6.700389621746664,6.700389621746664,6.700389621746664,6.700389621746664,6.700389621746664,6.700389621746664,6.700389621746664,6.700389621746664,6.700389621746664,6.700389621746664,6.700389621746664,6.700389621746664,6.700389621746664,6.700389621746664,6.700389621746664,6.700389621746664,6.700389621746664,6.700389621746664,6.700389621746664,6.700389621746664,6.700389621746664,6.700389621746664,6.700389621746664,6.700389621746664,6.700389621746664,6.700389621746664,6.700389621746664,6.700389621746664,6.700389621746664,6.700389621746664,6.700389621746664,6.700389621746664,6.700389621746664,6.700389621746664,6.700389621746664,6.700389621746664,6.700389621746664,6.700389621746664,6.6441977923137205,5.338570511761201,5.338570511761201,5.338570511761201,5.338570511761201,5.338570511761201,5.338570511761201,5.338570511761201,5.338570511761201,5.338570511761201,5.338570511761201,5.338570511761201,5.338570511761201,5.338570511761201,5.338570511761201,5.338570511761201,5.338570511761201,5.338570511761201,5.338570511761201,5.338570511761201,5.338570511761201,5.338570511761201,5.338570511761201,5.338570511761201,5.338570511761201,5.338570511761201,5.338570511761201,5.338570511761201,5.338570511761201,5.338570511761201,5.338570511761201,5.338570511761201,5.338570511761201,5.338570511761201,5.338570511761201,5.338570511761201,5.338570511761201,5.338570511761201,5.338570511761201,5.338570511761201,5.338570511761201,5.338570511761201,5.338570511761201,5.338570511761201,5.338570511761201,5.338570511761201,5.338570511761201,5.338570511761201,5.338570511761201,5.338570511761201,5.338570511761201,5.338570511761201,5.338570511761201,5.338570511761201,5.338570511761201,5.338570511761201,5.338570511761201,5.338570511761201,5.338570511761201,5.338570511761201,5.338570511761201,5.338570511761201,5.338570511761201,5.338570511761201,5.338570511761201,5.338570511761201,5.338570511761201,5.338570511761201,5.338570511761201,5.338570511761201,5.338570511761201,5.338570511761201,5.338570511761201,5.338570511761201,5.338570511761201,5.338570511761201,5.338570511761201,5.338570511761201,5.338570511761201,5.338570511761201,5.338570511761201,5.338570511761201,5.338570511761201,5.338570511761201,5.338570511761201,5.338570511761201,5.165971935554123,5.165971935554123,5.165971935554123,5.165971935554123,5.165971935554123,5.165971935554123,5.165971935554123,5.165971935554123,5.165971935554123,5.165971935554123,5.165971935554123,5.165971935554123,5.165971935554123,5.165971935554123,4.9615629503491165,4.9615629503491165,4.9615629503491165,4.9615629503491165,4.036169643590277,4.036169643590277,4.036169643590277,4.036169643590277,4.036169643590277,3.929968246269034,3.929968246269034,3.929968246269034,3.929968246269034,3.929968246269034,3.929968246269034,3.929968246269034,3.929968246269034,3.929968246269034,3.929968246269034,3.929968246269034,3.929968246269034,3.929968246269034,3.929968246269034,3.929968246269034,3.929968246269034,3.929968246269034,3.929968246269034,3.929968246269034,3.929968246269034,3.929968246269034,3.929968246269034,3.929968246269034,3.929968246269034,3.929968246269034,3.929968246269034,3.929968246269034,3.929968246269034,3.929968246269034,3.929968246269034,3.929968246269034,3.929968246269034,3.929968246269034,3.929968246269034,3.929968246269034,3.929968246269034,3.929968246269034,3.929968246269034,3.929968246269034,3.929968246269034,3.929968246269034,3.929968246269034,3.929968246269034,3.929968246269034,3.929968246269034,3.8683625267044754,3.8683625267044754,3.8683625267044754,3.8683625267044754,3.8683625267044754,3.8683625267044754,3.8683625267044754,3.8683625267044754,3.8683625267044754,3.8683625267044754,3.8683625267044754,3.8683625267044754,3.8683625267044754,3.8683625267044754,3.8683625267044754,3.8683625267044754,3.8683625267044754,3.8683625267044754,3.8683625267044754,3.8683625267044754,3.8683625267044754,3.8683625267044754,3.8683625267044754,3.8683625267044754,3.8683625267044754,3.8683625267044754,3.8683625267044754,3.8683625267044754,3.8683625267044754,3.8683625267044754,3.8683625267044754,3.8683625267044754,3.8683625267044754,3.8683625267044754,3.8683625267044754,3.8683625267044754,3.8683625267044754,3.8683625267044754,3.8683625267044754,3.8683625267044754,3.8683625267044754,3.8683625267044754,3.8683625267044754,3.8683625267044754,3.8683625267044754,3.8683625267044754,3.8683625267044754,3.8683625267044754,3.8683625267044754,3.8683625267044754,3.8683625267044754,3.8683625267044754,3.8683625267044754,3.8683625267044754,3.8683625267044754,3.8683625267044754,3.8683625267044754,3.8683625267044754,3.8683625267044754,3.8683625267044754,3.8683625267044754,3.8683625267044754,3.8683625267044754,3.8683625267044754,3.8683625267044754,3.8683625267044754,3.8683625267044754,3.8683625267044754,3.8683625267044754,3.8683625267044754,3.8683625267044754,3.8683625267044754,3.8683625267044754,3.8683625267044754,3.8683625267044754,3.8683625267044754,3.8683625267044754,3.8683625267044754,3.8683625267044754,3.8683625267044754,3.8683625267044754,3.8683625267044754,3.8683625267044754,3.8683625267044754,3.8683625267044754,3.8683625267044754,3.8683625267044754,3.8683625267044754,3.8683625267044754,3.8683625267044754,3.8683625267044754,3.8683625267044754,3.8683625267044754,3.8683625267044754,3.8683625267044754,3.8683625267044754,3.8683625267044754,3.8683625267044754,3.8683625267044754,3.8683625267044754,3.8683625267044754,3.8683625267044754,3.8683625267044754,3.8683625267044754,3.8683625267044754,3.8683625267044754,3.8683625267044754,3.8683625267044754,3.8683625267044754,3.8683625267044754,3.8683625267044754,3.8683625267044754,3.8683625267044754,3.8683625267044754,3.8683625267044754,3.8683625267044754,3.8683625267044754,3.8683625267044754,3.8683625267044754,3.8683625267044754,3.8683625267044754,3.8683625267044754,3.8683625267044754,3.8683625267044754,3.8683625267044754,3.8683625267044754,3.8683625267044754,3.8683625267044754,3.8683625267044754,3.8683625267044754,3.8683625267044754,3.8683625267044754,3.8683625267044754,3.8683625267044754,3.8683625267044754,3.8683625267044754,3.8683625267044754,3.8683625267044754,3.8683625267044754,3.8683625267044754,3.8683625267044754,3.8683625267044754,3.8683625267044754,3.8683625267044754,3.8683625267044754,3.8683625267044754,3.8683625267044754,3.8683625267044754,3.8683625267044754,3.8683625267044754,3.8683625267044754,3.8683625267044754,3.8683625267044754,3.8683625267044754,3.8683625267044754,3.8683625267044754,3.8683625267044754,3.8683625267044754,3.8683625267044754,3.8683625267044754,3.8683625267044754,3.8683625267044754,3.8683625267044754,3.8683625267044754,3.8683625267044754,3.8683625267044754,3.8683625267044754,3.8683625267044754,3.8683625267044754,3.8683625267044754,3.8683625267044754,3.8683625267044754,3.8683625267044754,3.8683625267044754,3.8683625267044754,3.8683625267044754,3.8683625267044754,3.8683625267044754,3.8683625267044754,3.8683625267044754,3.8683625267044754,3.8683625267044754,3.8683625267044754,3.8683625267044754,3.8683625267044754,3.8683625267044754,3.8683625267044754,3.8683625267044754,3.8683625267044754,3.8683625267044754,3.8683625267044754,3.8683625267044754,3.8683625267044754,3.8683625267044754,3.8683625267044754,3.8683625267044754,3.8683625267044754,3.8683625267044754,3.8683625267044754,3.8683625267044754,3.8683625267044754,3.8683625267044754,3.8683625267044754,3.8683625267044754,3.8683625267044754,3.8683625267044754,3.8683625267044754,3.8683625267044754,3.8683625267044754,3.8683625267044754,3.8683625267044754,3.8683625267044754,3.8683625267044754,3.8683625267044754,3.8683625267044754,3.8683625267044754,3.8683625267044754,3.8683625267044754,3.8683625267044754,3.8683625267044754,3.8683625267044754,3.8683625267044754,3.8683625267044754,3.8683625267044754,3.8683625267044754,3.8683625267044754,3.8683625267044754,3.8683625267044754,3.8683625267044754,3.8683625267044754,3.8683625267044754,3.8683625267044754,3.8683625267044754,3.8683625267044754,3.8683625267044754,3.8683625267044754,3.8683625267044754,3.8683625267044754,3.8683625267044754,3.8683625267044754,3.8683625267044754,3.8683625267044754,3.8683625267044754,3.8683625267044754,3.8683625267044754,3.8683625267044754,3.8683625267044754,3.8683625267044754,3.8683625267044754,3.8683625267044754,3.8683625267044754,3.8683625267044754,3.8683625267044754,3.8683625267044754,3.8683625267044754,3.8683625267044754,3.8683625267044754,3.8683625267044754,3.8683625267044754,3.8683625267044754,3.8683625267044754,3.8683625267044754,3.8683625267044754,3.8683625267044754,3.8683625267044754,3.8683625267044754,3.8683625267044754,3.8683625267044754,3.8683625267044754,3.8683625267044754,3.8683625267044754,3.8683625267044754,3.8683625267044754,3.8683625267044754,3.8683625267044754,3.8683625267044754,3.8683625267044754,3.8683625267044754,3.8683625267044754,3.8683625267044754,3.8683625267044754,3.8683625267044754,3.8683625267044754,3.8683625267044754,3.8683625267044754,3.8683625267044754,3.8683625267044754,3.8683625267044754,3.8683625267044754,3.8683625267044754,3.8683625267044754,3.8683625267044754,3.8683625267044754,3.8683625267044754,3.8683625267044754,3.8683625267044754,3.8683625267044754,3.8683625267044754,3.8683625267044754,3.8683625267044754,3.8683625267044754,3.8683625267044754,3.8683625267044754,3.8683625267044754,3.8683625267044754,3.8683625267044754,3.8683625267044754,3.8683625267044754,3.8683625267044754,3.8683625267044754,3.8683625267044754,3.8683625267044754,3.8683625267044754,3.8683625267044754,3.8683625267044754,3.8683625267044754,3.8683625267044754,3.8683625267044754,3.8683625267044754,3.8683625267044754,3.8683625267044754,3.8683625267044754,3.8683625267044754,3.8683625267044754,3.8683625267044754,3.8683625267044754,3.8683625267044754,3.8683625267044754,3.8683625267044754,3.8683625267044754,3.8683625267044754,3.8683625267044754,3.8683625267044754,3.8683625267044754,3.8683625267044754,3.8683625267044754,3.8683625267044754,3.8683625267044754,3.8683625267044754,3.8683625267044754,3.8683625267044754,3.8683625267044754,3.8683625267044754,3.8683625267044754,3.8683625267044754,3.8683625267044754,3.8683625267044754,3.8683625267044754,3.8683625267044754,3.8683625267044754,3.8683625267044754,3.8683625267044754,3.8683625267044754,3.8683625267044754,3.8683625267044754,3.8683625267044754,3.8683625267044754,3.8683625267044754,3.8683625267044754,3.8683625267044754,3.8683625267044754,3.8683625267044754,3.8683625267044754,3.8683625267044754,3.8683625267044754,3.8683625267044754,3.8683625267044754,3.8683625267044754,3.8683625267044754,3.8683625267044754,3.8683625267044754,3.8683625267044754,3.8683625267044754,3.8683625267044754,3.8683625267044754,3.8683625267044754,3.8683625267044754,3.8683625267044754,3.8683625267044754,3.8683625267044754,3.8683625267044754,3.8683625267044754,3.8683625267044754,3.8683625267044754,3.8683625267044754,3.8683625267044754,3.8683625267044754,3.8683625267044754,3.8683625267044754,3.8683625267044754,3.8683625267044754,3.8683625267044754,3.8683625267044754,3.8683625267044754,3.8683625267044754,3.8683625267044754,3.8683625267044754,3.8683625267044754,3.8683625267044754,3.8683625267044754,3.8683625267044754,3.8683625267044754,3.8683625267044754,3.8683625267044754,3.8683625267044754,3.8683625267044754,3.8683625267044754,3.8683625267044754,3.8683625267044754,3.8683625267044754,3.8683625267044754,3.8683625267044754,3.8683625267044754,3.8683625267044754,3.8683625267044754,3.8683625267044754,3.8683625267044754,3.8683625267044754,3.8683625267044754,3.8683625267044754,3.8683625267044754,3.8683625267044754,3.8683625267044754,3.8683625267044754,3.8683625267044754,3.8683625267044754,3.8683625267044754,3.8683625267044754,3.8683625267044754,3.8683625267044754,3.8683625267044754,3.8683625267044754,3.8683625267044754,3.8683625267044754,3.8683625267044754,3.8683625267044754,3.8683625267044754,3.8683625267044754,3.8683625267044754,3.8683625267044754,3.8683625267044754,3.8683625267044754,3.8683625267044754,3.8683625267044754,3.8683625267044754,3.8683625267044754,3.8683625267044754,3.8683625267044754,3.8683625267044754,3.8683625267044754,3.8683625267044754,3.8683625267044754,3.8683625267044754,3.8683625267044754,3.8683625267044754,3.8683625267044754,3.8683625267044754,3.8683625267044754,3.8683625267044754,3.8683625267044754,3.8683625267044754,3.8683625267044754,3.8683625267044754,3.8683625267044754,3.8683625267044754,3.8683625267044754,3.8683625267044754,3.8683625267044754,3.8683625267044754,3.8683625267044754,3.8683625267044754,3.8683625267044754,3.8683625267044754,3.8683625267044754,3.8683625267044754,3.8683625267044754,3.8683625267044754,3.8683625267044754,3.8683625267044754,3.8683625267044754,3.8683625267044754,3.8683625267044754,3.8683625267044754,3.8683625267044754,3.8683625267044754,3.8683625267044754,3.8683625267044754,3.8683625267044754,3.8683625267044754,3.8683625267044754,3.8683625267044754,3.8683625267044754,3.8683625267044754,3.8683625267044754,3.8683625267044754,3.8683625267044754,3.8683625267044754,3.8683625267044754,3.8683625267044754,3.8683625267044754,3.8683625267044754,3.8683625267044754,3.8683625267044754,3.8683625267044754,3.8683625267044754,3.8683625267044754,3.8683625267044754,3.8683625267044754,3.8683625267044754,3.8683625267044754,3.8683625267044754,3.8683625267044754,3.8683625267044754,3.8683625267044754,3.8683625267044754,3.8683625267044754,3.8683625267044754,3.8683625267044754,3.8683625267044754,3.8683625267044754,3.8683625267044754,3.8683625267044754,3.8683625267044754,3.8683625267044754,3.8683625267044754,3.8683625267044754,3.8683625267044754,3.8683625267044754,3.8683625267044754,3.8683625267044754,3.8683625267044754,3.8683625267044754,3.8683625267044754,3.8683625267044754,3.8683625267044754,3.8683625267044754,3.8683625267044754,3.8683625267044754,3.8683625267044754,3.8683625267044754,3.8683625267044754,3.8683625267044754,3.8683625267044754,3.8683625267044754,3.8683625267044754,3.8683625267044754,3.8683625267044754,3.8683625267044754,3.8683625267044754,3.8683625267044754,3.8683625267044754,3.8683625267044754,3.8683625267044754,3.8683625267044754,3.8683625267044754,3.8683625267044754,3.8683625267044754,3.8683625267044754,3.8683625267044754,3.8683625267044754,3.8683625267044754,3.8683625267044754,3.8683625267044754,3.8683625267044754,3.8683625267044754,3.8683625267044754,3.8683625267044754,3.8683625267044754,3.8683625267044754,3.8683625267044754,3.8683625267044754,3.8683625267044754,3.8683625267044754,3.8683625267044754,3.8683625267044754,3.8683625267044754,3.8683625267044754,3.8683625267044754,3.8683625267044754,3.8683625267044754,3.8683625267044754,3.8683625267044754,3.8683625267044754,3.8683625267044754,3.8683625267044754,3.8683625267044754,3.8683625267044754,3.8683625267044754,3.8683625267044754,3.8683625267044754,3.8683625267044754,3.8683625267044754,3.8683625267044754,3.8683625267044754,3.8683625267044754,3.8683625267044754,3.8683625267044754,3.8683625267044754,3.8683625267044754,3.8683625267044754,3.8683625267044754,3.8683625267044754,3.8683625267044754,3.8683625267044754,3.8683625267044754,3.8683625267044754,3.8683625267044754,3.8683625267044754,3.8683625267044754,3.8683625267044754,3.8683625267044754,3.8683625267044754,3.8683625267044754,3.8683625267044754,3.8683625267044754,3.8683625267044754,3.8683625267044754,3.8683625267044754,3.8683625267044754,3.8683625267044754,3.8683625267044754,3.8683625267044754,3.8683625267044754,3.8683625267044754,3.8683625267044754,3.8683625267044754,3.8683625267044754,3.8683625267044754,3.8683625267044754,3.8683625267044754,3.8683625267044754,3.8683625267044754,3.8683625267044754,3.8683625267044754,3.8683625267044754,3.8683625267044754,3.8683625267044754,3.8683625267044754,3.8683625267044754,3.8683625267044754,3.8683625267044754,3.8683625267044754,3.8683625267044754,3.8683625267044754,3.8683625267044754,3.8683625267044754,3.8683625267044754,3.8683625267044754,3.8683625267044754,3.8683625267044754,3.8683625267044754,3.8683625267044754,3.8683625267044754,3.8683625267044754,3.8683625267044754,3.8683625267044754,3.8683625267044754,3.8683625267044754,3.8683625267044754,3.8683625267044754,3.8683625267044754,3.8683625267044754,3.8683625267044754,3.8683625267044754,3.8683625267044754,3.8683625267044754,3.8683625267044754,3.8683625267044754,3.8683625267044754,3.8683625267044754,3.8683625267044754,3.8683625267044754,3.8683625267044754,3.8683625267044754,3.8683625267044754,3.8683625267044754,3.8683625267044754,3.8683625267044754,3.8683625267044754,3.8683625267044754,3.8683625267044754,3.8683625267044754,3.8683625267044754,3.8683625267044754,3.8683625267044754,3.8683625267044754,3.8683625267044754,3.8683625267044754,3.8683625267044754,3.8683625267044754,3.8683625267044754,3.8683625267044754,3.8683625267044754,3.8683625267044754,3.8683625267044754,3.8683625267044754,3.8683625267044754,3.8683625267044754,3.8683625267044754,3.8683625267044754,3.8683625267044754,3.8683625267044754,3.8683625267044754,3.8683625267044754,3.8683625267044754,3.8683625267044754,3.8683625267044754,3.8683625267044754,3.8683625267044754,3.8683625267044754,3.8683625267044754,3.8683625267044754,3.8683625267044754,3.8683625267044754,3.8683625267044754,3.8683625267044754,3.8683625267044754,3.8683625267044754,3.8683625267044754,3.8683625267044754,3.8683625267044754,3.8683625267044754,3.8683625267044754,3.8683625267044754,3.8683625267044754,3.8683625267044754,3.8683625267044754,3.8683625267044754,3.8683625267044754,3.8683625267044754,3.8683625267044754,3.8683625267044754,3.8683625267044754,3.8683625267044754,3.8683625267044754,3.8683625267044754,3.8683625267044754,3.8683625267044754,3.8683625267044754,3.8683625267044754,3.8683625267044754,3.8683625267044754,3.8683625267044754,3.8683625267044754,3.8683625267044754,3.8683625267044754,3.8683625267044754,3.8683625267044754,6.285444097888298,6.285444097888298,6.285444097888298,6.285444097888298,6.285444097888298,6.285444097888298,6.285444097888298,6.285444097888298,6.285444097888298,6.285444097888298,6.285444097888298,6.285444097888298,6.285444097888298,6.285444097888298,6.285444097888298,6.086412021157426,6.086412021157426,6.086412021157426,6.086412021157426,6.0576963145493865,6.0576963145493865,6.0576963145493865,6.0576963145493865,6.0576963145493865,6.0576963145493865,6.0576963145493865,6.0576963145493865,6.0576963145493865,6.0576963145493865,6.0576963145493865,6.0576963145493865,6.0576963145493865,6.0576963145493865,6.0576963145493865,6.0576963145493865,6.0576963145493865,6.0576963145493865,6.0576963145493865,6.0576963145493865,6.0576963145493865,6.0576963145493865,6.0576963145493865,6.0576963145493865,6.0576963145493865,5.88454789632764,5.88454789632764,5.88454789632764,5.88454789632764,5.88454789632764,5.88454789632764,5.88454789632764,5.88454789632764,5.88454789632764,5.88454789632764,5.88454789632764,5.88454789632764,5.88454789632764,5.0509835838926636,5.0509835838926636,5.0509835838926636,3.7270478542122643,3.7270478542122643,3.7270478542122643,3.7270478542122643,3.7270478542122643,3.7270478542122643,3.7270478542122643,3.7270478542122643,3.7270478542122643,3.7270478542122643,3.7270478542122643,3.7270478542122643,3.7270478542122643,3.7270478542122643,3.7270478542122643,3.7270478542122643,3.7270478542122643,3.7270478542122643,3.7270478542122643,3.7270478542122643,3.7270478542122643,3.7270478542122643,3.7270478542122643,3.7270478542122643,3.7270478542122643,3.7270478542122643,3.7270478542122643,3.7270478542122643,3.7270478542122643,3.7270478542122643,3.7270478542122643,3.7270478542122643,3.7270478542122643,3.7270478542122643,3.7270478542122643,3.7270478542122643,3.7270478542122643,3.7270478542122643,3.7270478542122643,3.7270478542122643,3.7270478542122643,3.7270478542122643,3.7270478542122643,3.7270478542122643,3.7270478542122643,3.7270478542122643,3.7270478542122643,3.7270478542122643,3.5916885200456274,3.5916885200456274,3.5916885200456274,3.5916885200456274,3.5916885200456274,3.5916885200456274,3.5916885200456274,3.5916885200456274,3.5916885200456274,3.5916885200456274,3.5916885200456274,3.5916885200456274,3.5916885200456274,3.5916885200456274,3.5916885200456274,3.5916885200456274,3.5916885200456274,3.5916885200456274,3.5916885200456274,3.5916885200456274,3.5916885200456274,3.5916885200456274,3.5916885200456274,3.5916885200456274,3.5916885200456274,3.5916885200456274,3.5916885200456274,3.5916885200456274,3.5916885200456274,3.5916885200456274,3.5916885200456274,3.5916885200456274,3.5916885200456274,3.5916885200456274,3.5916885200456274,3.5916885200456274,3.5916885200456274,3.5916885200456274,3.5916885200456274,3.5916885200456274,3.5916885200456274,3.5916885200456274,3.5916885200456274,3.5916885200456274,3.5916885200456274,3.5916885200456274,3.5916885200456274,3.5916885200456274,3.5916885200456274,3.5916885200456274,3.5916885200456274,3.5916885200456274,3.5916885200456274,3.5916885200456274,3.5916885200456274,3.5916885200456274,3.5916885200456274,3.5916885200456274,3.5916885200456274,3.5916885200456274,3.5916885200456274,3.5916885200456274,3.5916885200456274,3.5916885200456274,3.5916885200456274,3.5916885200456274,3.5916885200456274,3.5916885200456274,3.5916885200456274,3.5916885200456274,3.5916885200456274,3.5916885200456274,3.5916885200456274,3.5916885200456274,3.5916885200456274,3.5916885200456274,3.5916885200456274,3.5916885200456274,3.5916885200456274,3.5916885200456274,3.5916885200456274,3.5916885200456274,3.419715586589337,3.419715586589337,3.2545806141354907,3.2545806141354907,3.2545806141354907,3.2545806141354907,3.2545806141354907,3.2545806141354907,3.087950649272871,3.087950649272871,3.087950649272871,3.087950649272871,3.087950649272871,3.087950649272871,3.087950649272871,3.087950649272871,3.087950649272871,3.087950649272871,3.087950649272871,3.087950649272871,3.087950649272871,3.087950649272871,3.087950649272871,3.087950649272871,3.087950649272871,3.087950649272871,3.087950649272871,3.087950649272871,3.087950649272871,3.087950649272871,3.087950649272871,3.087950649272871,3.087950649272871,3.087950649272871,3.087950649272871,3.087950649272871,3.087950649272871,3.087950649272871,3.087950649272871,3.087950649272871,3.087950649272871,3.087950649272871,3.087950649272871,3.087950649272871,3.087950649272871,3.087950649272871,3.087950649272871,3.087950649272871,3.087950649272871,3.087950649272871,3.087950649272871,3.087950649272871,3.087950649272871,3.087950649272871,3.087950649272871,3.087950649272871,3.087950649272871,3.087950649272871,3.087950649272871,3.087950649272871,3.087950649272871,3.087950649272871,3.087950649272871,3.087950649272871,3.087950649272871,3.087950649272871,3.087950649272871,3.087950649272871,3.087950649272871,3.087950649272871,3.087950649272871,3.087950649272871,3.087950649272871,3.087950649272871,3.087950649272871,3.087950649272871,3.087950649272871,3.087950649272871,3.087950649272871,3.087950649272871,3.087950649272871,3.087950649272871,3.087950649272871,3.087950649272871,3.087950649272871,3.087950649272871,3.087950649272871,3.087950649272871,3.087950649272871,3.087950649272871,3.087950649272871,3.087950649272871,3.087950649272871,3.087950649272871,3.087950649272871,3.087950649272871,3.087950649272871,3.087950649272871,3.087950649272871,3.087950649272871,3.087950649272871,3.087950649272871,3.087950649272871,3.087950649272871,3.087950649272871,3.087950649272871,3.087950649272871,3.087950649272871,3.087950649272871,3.087950649272871,3.087950649272871,3.087950649272871,3.087950649272871,3.087950649272871,3.087950649272871,3.087950649272871,3.087950649272871,3.087950649272871,3.087950649272871,3.087950649272871,3.087950649272871,3.087950649272871,3.087950649272871,3.087950649272871,3.087950649272871,3.087950649272871,3.087950649272871,3.087950649272871,3.087950649272871,3.087950649272871,3.087950649272871,3.087950649272871,3.087950649272871,3.087950649272871,3.087950649272871,3.087950649272871,3.087950649272871,3.087950649272871,3.087950649272871,3.087950649272871,3.087950649272871,3.087950649272871,3.087950649272871,3.087950649272871,3.087950649272871,3.087950649272871,3.087950649272871,3.087950649272871,3.087950649272871,3.087950649272871,3.087950649272871,3.087950649272871,3.087950649272871,3.087950649272871,3.087950649272871,3.087950649272871,3.087950649272871,3.087950649272871,3.087950649272871,3.087950649272871,3.087950649272871,3.087950649272871,3.087950649272871,3.087950649272871,3.087950649272871,3.087950649272871,3.087950649272871,3.087950649272871,3.087950649272871,3.087950649272871,3.087950649272871,3.087950649272871,3.087950649272871,3.087950649272871,3.087950649272871,3.087950649272871,3.087950649272871,3.087950649272871,3.087950649272871,3.087950649272871,3.087950649272871,3.087950649272871,3.087950649272871,3.087950649272871,3.087950649272871,3.087950649272871,3.087950649272871,3.087950649272871,3.087950649272871,3.087950649272871,3.087950649272871,3.087950649272871,3.087950649272871,3.087950649272871,3.087950649272871,3.087950649272871,3.087950649272871,3.087950649272871,3.087950649272871,3.087950649272871,3.087950649272871,3.087950649272871,3.087950649272871,3.087950649272871,3.087950649272871,3.087950649272871,3.087950649272871,3.087950649272871,3.087950649272871,3.087950649272871,3.087950649272871,3.087950649272871,3.087950649272871,3.087950649272871,3.087950649272871,3.087950649272871,3.087950649272871,3.087950649272871,3.087950649272871,3.087950649272871,3.087950649272871,3.087950649272871,3.087950649272871,3.087950649272871,3.087950649272871,3.087950649272871,3.087950649272871,3.087950649272871,3.087950649272871,3.087950649272871,3.087950649272871,3.087950649272871,3.087950649272871,3.087950649272871,3.087950649272871,3.087950649272871,3.087950649272871,3.087950649272871,3.087950649272871,3.087950649272871,3.087950649272871,3.087950649272871,3.087950649272871,3.087950649272871,3.087950649272871,3.087950649272871,3.087950649272871,3.087950649272871,3.087950649272871,3.087950649272871,3.087950649272871,3.087950649272871,3.087950649272871,3.087950649272871,3.087950649272871,3.087950649272871,3.087950649272871,3.087950649272871,3.087950649272871,3.087950649272871,3.087950649272871,3.087950649272871,3.087950649272871,3.087950649272871,3.087950649272871,3.087950649272871,3.087950649272871,3.087950649272871,3.087950649272871,3.087950649272871,3.087950649272871,3.087950649272871,3.087950649272871,3.087950649272871,3.087950649272871,3.087950649272871,3.087950649272871,3.087950649272871,3.087950649272871,3.087950649272871,3.087950649272871,3.087950649272871,3.087950649272871,3.087950649272871,3.087950649272871,3.087950649272871,3.087950649272871,3.087950649272871,3.087950649272871,3.087950649272871,3.087950649272871,3.087950649272871,3.087950649272871,3.087950649272871,3.087950649272871,3.087950649272871,3.087950649272871,3.087950649272871,3.087950649272871,3.087950649272871,3.087950649272871,3.087950649272871,3.087950649272871,3.087950649272871,3.087950649272871,3.087950649272871,3.087950649272871,3.087950649272871,3.087950649272871,3.087950649272871,3.087950649272871,3.087950649272871,3.087950649272871,3.087950649272871,3.087950649272871,3.087950649272871,3.087950649272871,3.087950649272871,3.087950649272871,3.087950649272871,3.087950649272871,3.087950649272871,3.087950649272871,3.087950649272871,3.087950649272871,3.087950649272871,3.087950649272871,3.087950649272871,3.087950649272871,3.087950649272871,3.087950649272871,3.087950649272871,3.087950649272871,3.087950649272871,3.087950649272871,3.087950649272871,3.087950649272871,3.087950649272871,3.087950649272871,3.087950649272871,3.087950649272871,3.087950649272871,3.087950649272871,3.087950649272871,3.087950649272871,3.087950649272871,3.087950649272871,3.087950649272871,3.087950649272871,3.087950649272871,3.087950649272871,3.087950649272871,3.087950649272871,3.087950649272871,3.087950649272871,3.087950649272871,3.087950649272871,3.087950649272871,3.087950649272871,3.087950649272871,3.087950649272871,3.087950649272871,3.087950649272871,3.087950649272871,3.087950649272871,3.087950649272871,3.087950649272871,3.087950649272871,3.087950649272871,3.087950649272871,3.087950649272871,3.087950649272871,3.087950649272871,3.087950649272871,3.087950649272871,3.087950649272871,3.087950649272871,3.087950649272871,3.087950649272871,3.087950649272871,3.087950649272871,3.087950649272871,3.087950649272871,3.087950649272871,3.087950649272871,3.087950649272871,3.087950649272871,3.087950649272871,3.087950649272871,3.087950649272871,3.087950649272871,3.087950649272871,3.087950649272871,3.087950649272871,3.087950649272871,3.087950649272871,3.087950649272871,3.087950649272871,3.087950649272871,3.087950649272871,3.087950649272871,3.087950649272871,3.087950649272871,3.087950649272871,3.087950649272871,3.087950649272871,3.087950649272871,3.087950649272871,3.087950649272871,3.087950649272871,3.087950649272871,3.087950649272871,3.087950649272871,3.087950649272871,3.087950649272871,3.087950649272871,3.087950649272871,3.087950649272871,3.087950649272871,3.087950649272871,3.087950649272871,3.087950649272871,3.087950649272871,3.087950649272871,3.087950649272871,3.087950649272871,3.087950649272871,3.087950649272871,3.087950649272871,3.087950649272871,3.087950649272871,3.087950649272871,3.087950649272871,3.087950649272871,3.087950649272871,3.087950649272871,3.087950649272871,3.087950649272871,3.087950649272871,3.087950649272871,3.087950649272871,3.087950649272871,3.087950649272871,3.087950649272871,3.087950649272871,3.087950649272871,3.087950649272871,3.087950649272871,3.087950649272871,3.087950649272871,3.087950649272871,3.087950649272871,3.087950649272871,3.087950649272871,3.087950649272871,3.087950649272871,3.087950649272871,3.087950649272871,3.087950649272871,3.087950649272871,3.087950649272871,3.087950649272871,3.087950649272871,3.087950649272871,3.087950649272871,3.087950649272871,3.087950649272871,3.087950649272871,3.087950649272871,3.087950649272871,3.087950649272871,3.087950649272871,3.087950649272871,3.087950649272871,3.087950649272871,3.087950649272871,3.087950649272871,3.087950649272871,3.087950649272871,3.087950649272871,3.087950649272871,3.087950649272871,3.087950649272871,3.087950649272871,3.087950649272871,3.087950649272871,3.087950649272871,3.087950649272871,3.087950649272871,3.087950649272871,3.087950649272871,3.087950649272871,3.087950649272871,3.087950649272871,3.087950649272871,3.087950649272871,3.087950649272871,3.087950649272871,3.087950649272871,3.087950649272871,3.087950649272871,3.087950649272871,3.087950649272871,3.087950649272871,3.087950649272871,3.087950649272871,3.087950649272871,3.087950649272871,3.087950649272871,3.087950649272871,3.087950649272871,3.087950649272871,3.087950649272871,3.087950649272871,3.087950649272871,3.087950649272871,3.087950649272871,3.087950649272871,3.087950649272871,3.087950649272871,3.087950649272871,3.087950649272871,3.087950649272871,3.087950649272871,3.087950649272871,3.087950649272871,3.087950649272871,3.087950649272871,3.087950649272871,3.087950649272871,3.087950649272871,3.087950649272871,3.087950649272871,3.087950649272871,3.087950649272871,3.087950649272871,3.087950649272871,3.087950649272871,3.087950649272871,3.087950649272871,3.087950649272871,3.087950649272871,3.087950649272871,3.087950649272871,3.087950649272871,3.087950649272871,3.087950649272871,3.087950649272871,3.087950649272871,3.087950649272871,3.087950649272871,3.087950649272871,3.087950649272871,3.087950649272871,3.087950649272871,3.087950649272871,3.087950649272871,3.087950649272871,3.087950649272871,3.087950649272871,3.087950649272871,3.087950649272871,3.087950649272871,3.087950649272871,3.087950649272871,3.087950649272871,3.087950649272871,3.087950649272871,3.087950649272871,3.087950649272871,3.087950649272871,3.087950649272871,3.087950649272871,3.087950649272871,3.087950649272871,3.087950649272871,3.087950649272871,3.087950649272871,3.087950649272871,3.087950649272871,3.087950649272871,3.087950649272871,3.087950649272871,3.087950649272871,3.087950649272871,3.087950649272871,3.087950649272871,3.087950649272871,3.087950649272871,3.087950649272871,3.087950649272871,3.087950649272871,3.087950649272871,3.087950649272871,3.087950649272871,3.087950649272871,3.087950649272871,3.087950649272871,3.087950649272871,3.087950649272871,3.087950649272871,3.087950649272871,3.087950649272871,3.087950649272871,3.087950649272871,3.087950649272871,3.087950649272871,3.087950649272871,3.087950649272871,3.087950649272871,3.087950649272871,3.087950649272871,3.087950649272871,3.087950649272871,3.087950649272871,3.087950649272871,3.087950649272871,3.087950649272871,3.087950649272871,3.087950649272871,3.087950649272871,3.087950649272871,3.087950649272871,3.087950649272871,3.087950649272871,3.087950649272871,2.8947609270367365,2.8947609270367365,2.8947609270367365,2.8947609270367365,2.8947609270367365,2.8947609270367365,2.8947609270367365,2.8947609270367365,2.8947609270367365,2.8947609270367365,2.8947609270367365,2.8947609270367365,2.8947609270367365,2.8947609270367365,2.8947609270367365,2.8947609270367365,2.8947609270367365,2.8182721584033583,2.8182721584033583,2.8182721584033583,2.8182721584033583,2.8182721584033583,2.8182721584033583,2.8182721584033583,2.8182721584033583,2.8182721584033583,2.8182721584033583,2.8182721584033583,2.8182721584033583,2.8182721584033583,2.8182721584033583,2.8182721584033583,2.8182721584033583,2.8182721584033583,2.8182721584033583,2.8182721584033583,2.8182721584033583,2.8182721584033583,2.8182721584033583,2.8182721584033583,2.8182721584033583,2.772419733064649,2.772419733064649,2.772419733064649,2.772419733064649,2.772419733064649,2.772419733064649,2.772419733064649,2.772419733064649,2.772419733064649,2.772419733064649,2.772419733064649,2.772419733064649,2.772419733064649,2.772419733064649,2.772419733064649,2.772419733064649,2.772419733064649,2.772419733064649,2.772419733064649,2.772419733064649,2.772419733064649,2.772419733064649,2.772419733064649,2.772419733064649,2.772419733064649,2.772419733064649,2.772419733064649,2.772419733064649,2.772419733064649,2.772419733064649,2.772419733064649,2.772419733064649,2.772419733064649,2.772419733064649,2.772419733064649,2.772419733064649,2.772419733064649,2.772419733064649,2.772419733064649,2.772419733064649,2.772419733064649,2.772419733064649,2.772419733064649,2.772419733064649,2.772419733064649,2.772419733064649,2.772419733064649,2.772419733064649,2.772419733064649,2.772419733064649,2.772419733064649,2.772419733064649,2.772419733064649,2.772419733064649,2.772419733064649,2.772419733064649,2.772419733064649,2.772419733064649,2.772419733064649,2.772419733064649,2.772419733064649,2.772419733064649,2.772419733064649,2.772419733064649,2.772419733064649,2.772419733064649,2.772419733064649,2.772419733064649,2.772419733064649,2.772419733064649,2.772419733064649,2.772419733064649,2.772419733064649,2.772419733064649,2.772419733064649,2.772419733064649,2.772419733064649,2.772419733064649,2.772419733064649,2.772419733064649,2.772419733064649,2.772419733064649,2.772419733064649,2.772419733064649,2.772419733064649,2.772419733064649,2.772419733064649,2.772419733064649,2.772419733064649,2.772419733064649,2.772419733064649,2.772419733064649,2.772419733064649,2.772419733064649,2.772419733064649,2.772419733064649,2.772419733064649,2.772419733064649,2.772419733064649,2.772419733064649,2.772419733064649,2.772419733064649,2.772419733064649,2.772419733064649,2.772419733064649,2.772419733064649,2.772419733064649,2.772419733064649,2.772419733064649,2.772419733064649,2.772419733064649,2.772419733064649,2.772419733064649,2.772419733064649,2.772419733064649,2.772419733064649,2.772419733064649,2.772419733064649,2.772419733064649,2.772419733064649,2.772419733064649,2.772419733064649,2.772419733064649,2.772419733064649,2.772419733064649,2.772419733064649,2.772419733064649,2.772419733064649,2.772419733064649,2.772419733064649,2.772419733064649,2.772419733064649,2.772419733064649,2.772419733064649,2.772419733064649,2.772419733064649,2.772419733064649,2.772419733064649,2.772419733064649,2.772419733064649,2.772419733064649,2.772419733064649,2.772419733064649,6.973002384057676,6.887703669647767,6.887703669647767,6.735068388089369,6.6167053379733645,6.6167053379733645,6.6167053379733645,6.6167053379733645,6.6167053379733645,6.6167053379733645,6.6167053379733645,6.209661741177312,6.209661741177312,6.209661741177312,6.209661741177312,6.209661741177312,6.209661741177312,6.209661741177312,6.209661741177312,6.209661741177312,6.209661741177312,6.209661741177312,6.209661741177312,6.209661741177312,6.209661741177312,5.347058042401205,5.347058042401205,5.347058042401205,5.347058042401205,5.347058042401205,5.347058042401205,5.347058042401205,5.347058042401205,5.347058042401205,5.062399934381256,5.062399934381256,5.062399934381256,5.033088724559113,5.033088724559113,5.033088724559113,5.033088724559113,5.033088724559113,5.033088724559113,5.033088724559113,5.033088724559113,5.033088724559113,5.033088724559113,5.033088724559113,5.033088724559113,5.033088724559113,5.033088724559113,5.033088724559113,5.033088724559113,5.033088724559113,5.033088724559113,5.033088724559113,5.033088724559113,5.033088724559113,5.012466887240471,5.012466887240471,5.012466887240471,5.012466887240471,5.012466887240471,5.012466887240471,5.012466887240471,5.012466887240471,5.012466887240471,5.012466887240471,4.685228235290613,4.685228235290613,4.685228235290613,4.685228235290613,4.685228235290613,4.685228235290613,4.685228235290613,4.685228235290613,4.685228235290613,4.685228235290613,4.685228235290613,4.685228235290613,4.685228235290613,4.685228235290613,4.685228235290613,4.685228235290613,4.685228235290613,4.685228235290613,4.685228235290613,4.685228235290613,4.685228235290613,4.685228235290613,4.685228235290613,4.685228235290613,4.685228235290613,4.685228235290613,4.685228235290613,4.685228235290613,4.685228235290613,4.685228235290613,4.685228235290613,4.685228235290613,4.685228235290613,4.685228235290613,4.685228235290613,4.685228235290613,4.685228235290613,4.685228235290613,4.685228235290613,4.685228235290613,4.685228235290613,4.685228235290613,4.685228235290613,4.685228235290613,4.685228235290613,4.685228235290613,4.685228235290613,4.685228235290613,4.685228235290613,4.685228235290613,4.685228235290613,4.685228235290613,4.685228235290613,4.685228235290613,4.685228235290613,4.685228235290613,4.685228235290613,4.685228235290613,4.685228235290613,4.685228235290613,4.685228235290613,4.685228235290613,4.685228235290613,4.685228235290613,4.685228235290613,4.685228235290613,4.685228235290613,4.685228235290613,4.685228235290613,4.685228235290613,4.685228235290613,4.685228235290613,4.685228235290613,4.685228235290613,4.685228235290613,4.685228235290613,4.685228235290613,4.685228235290613,4.685228235290613,4.685228235290613,4.685228235290613,4.685228235290613,4.685228235290613,4.685228235290613,4.685228235290613,4.685228235290613,4.685228235290613,4.685228235290613,4.685228235290613,4.685228235290613,4.685228235290613,4.685228235290613,4.685228235290613,4.685228235290613,4.685228235290613,4.685228235290613,4.685228235290613,4.685228235290613,4.685228235290613,4.685228235290613,4.685228235290613,4.685228235290613,4.685228235290613,4.685228235290613,4.685228235290613,4.685228235290613,4.685228235290613,4.685228235290613,4.685228235290613,4.685228235290613,4.685228235290613,4.685228235290613,4.685228235290613,4.685228235290613,4.685228235290613,4.685228235290613,4.685228235290613,4.685228235290613,4.685228235290613,4.685228235290613,4.685228235290613,4.685228235290613,4.685228235290613,4.685228235290613,4.685228235290613,4.685228235290613,4.685228235290613,4.685228235290613,4.685228235290613,4.685228235290613,4.685228235290613,4.685228235290613,4.685228235290613,4.685228235290613,4.685228235290613,4.685228235290613,4.685228235290613,4.685228235290613,4.685228235290613,4.685228235290613,4.685228235290613,4.685228235290613,4.685228235290613,4.685228235290613,4.685228235290613,4.685228235290613,4.685228235290613,4.685228235290613,4.685228235290613,4.685228235290613,4.685228235290613,4.685228235290613,4.685228235290613,4.685228235290613,4.685228235290613,4.685228235290613,4.685228235290613,4.685228235290613,4.685228235290613,4.685228235290613,4.685228235290613,4.685228235290613,4.685228235290613,4.685228235290613,4.685228235290613,4.685228235290613,4.685228235290613,4.685228235290613,4.685228235290613,4.685228235290613,4.685228235290613,4.685228235290613,4.685228235290613,4.685228235290613,4.685228235290613,4.685228235290613,4.685228235290613,4.685228235290613,4.685228235290613,4.685228235290613,4.685228235290613,4.685228235290613,4.685228235290613,4.685228235290613,4.685228235290613,4.685228235290613,4.685228235290613,4.685228235290613,4.685228235290613,4.685228235290613,4.685228235290613,4.685228235290613,4.685228235290613,4.685228235290613,4.685228235290613,4.685228235290613,4.685228235290613,4.685228235290613,4.685228235290613,4.685228235290613,4.685228235290613,4.685228235290613,4.685228235290613,4.685228235290613,4.685228235290613,4.685228235290613,4.685228235290613,4.685228235290613,4.685228235290613,4.685228235290613,4.685228235290613,4.685228235290613,4.685228235290613,4.685228235290613,4.685228235290613,4.685228235290613,4.685228235290613,4.685228235290613,4.685228235290613,4.685228235290613,4.685228235290613,4.685228235290613,4.685228235290613,4.685228235290613,4.685228235290613,4.685228235290613,4.685228235290613,4.685228235290613,4.685228235290613,4.685228235290613,4.685228235290613,4.685228235290613,4.685228235290613,4.685228235290613,4.685228235290613,4.685228235290613,4.685228235290613,4.685228235290613,4.685228235290613,4.685228235290613,4.685228235290613,4.685228235290613,4.685228235290613,4.685228235290613,4.685228235290613,4.685228235290613,4.685228235290613,4.685228235290613,4.685228235290613,4.685228235290613,4.685228235290613,4.685228235290613,4.685228235290613,4.685228235290613,4.685228235290613,4.685228235290613,4.685228235290613,4.685228235290613,4.685228235290613,4.685228235290613,4.685228235290613,4.685228235290613,4.685228235290613,4.685228235290613,4.685228235290613,4.685228235290613,4.685228235290613,4.685228235290613,4.685228235290613,4.685228235290613,4.685228235290613,4.685228235290613,4.685228235290613,4.685228235290613,4.685228235290613,4.685228235290613,4.685228235290613,4.685228235290613,4.685228235290613,4.685228235290613,4.685228235290613,4.685228235290613,4.685228235290613,4.685228235290613,4.685228235290613,4.685228235290613,4.685228235290613,4.685228235290613,4.685228235290613,4.685228235290613,4.685228235290613,4.685228235290613,4.685228235290613,4.685228235290613,4.685228235290613,4.685228235290613,4.685228235290613,4.685228235290613,4.685228235290613,4.685228235290613,4.685228235290613,4.685228235290613,4.685228235290613,4.685228235290613,4.685228235290613,4.685228235290613,4.685228235290613,4.685228235290613,4.685228235290613,3.814321360884352,3.814321360884352,3.814321360884352,3.814321360884352,3.814321360884352,3.814321360884352,3.814321360884352,3.814321360884352,3.814321360884352,3.814321360884352,3.814321360884352,3.814321360884352,3.814321360884352,3.814321360884352,3.814321360884352,3.814321360884352,3.814321360884352,3.814321360884352,3.814321360884352,3.814321360884352,3.814321360884352,3.814321360884352,3.814321360884352,3.814321360884352,3.814321360884352,3.814321360884352,3.814321360884352,3.814321360884352,3.814321360884352,3.814321360884352,3.814321360884352,3.814321360884352,3.814321360884352,3.814321360884352,3.814321360884352,3.814321360884352,3.814321360884352,3.814321360884352,3.814321360884352,3.814321360884352,3.814321360884352,3.814321360884352,3.814321360884352,3.814321360884352,3.814321360884352,3.814321360884352,3.814321360884352,3.814321360884352,3.814321360884352,3.814321360884352,3.814321360884352,3.814321360884352,3.814321360884352,3.814321360884352,3.814321360884352,3.814321360884352,3.814321360884352,3.814321360884352,3.814321360884352,3.814321360884352,3.814321360884352,3.814321360884352,3.814321360884352,3.814321360884352,3.814321360884352,3.814321360884352,3.814321360884352,3.814321360884352,3.814321360884352,3.814321360884352,3.814321360884352,3.814321360884352,3.814321360884352,3.814321360884352,3.814321360884352,3.814321360884352,3.814321360884352,3.814321360884352,3.814321360884352,3.814321360884352,3.814321360884352,3.814321360884352,3.814321360884352,3.814321360884352,3.814321360884352,3.814321360884352,3.814321360884352,3.814321360884352,3.814321360884352,3.814321360884352,3.814321360884352,3.814321360884352,3.814321360884352,3.814321360884352,3.814321360884352,3.814321360884352,3.814321360884352,3.814321360884352,3.814321360884352,3.814321360884352,3.814321360884352,3.814321360884352,3.814321360884352,3.814321360884352,3.814321360884352,3.814321360884352,3.814321360884352,3.814321360884352,3.814321360884352,3.814321360884352,3.814321360884352,3.814321360884352,3.814321360884352,3.814321360884352,3.814321360884352,3.814321360884352,3.814321360884352,3.814321360884352,3.814321360884352,3.814321360884352,3.814321360884352,3.814321360884352,3.814321360884352,3.814321360884352,3.814321360884352,3.814321360884352,3.814321360884352,3.814321360884352,3.814321360884352,3.814321360884352,3.814321360884352,3.814321360884352,3.814321360884352,3.814321360884352,3.814321360884352,3.814321360884352,3.814321360884352,3.814321360884352,3.814321360884352,3.814321360884352,3.814321360884352,3.814321360884352,3.814321360884352,3.814321360884352,3.814321360884352,3.814321360884352,3.814321360884352,3.814321360884352,3.814321360884352,3.814321360884352,3.814321360884352,3.814321360884352,3.814321360884352,3.814321360884352,3.814321360884352,3.814321360884352,3.814321360884352,3.814321360884352,3.814321360884352,3.814321360884352,3.814321360884352,3.814321360884352,3.814321360884352,3.814321360884352,3.814321360884352,3.814321360884352,3.814321360884352,3.814321360884352,3.814321360884352,3.814321360884352,3.814321360884352,3.814321360884352,3.814321360884352,3.814321360884352,3.814321360884352,3.814321360884352,3.814321360884352,3.814321360884352,3.814321360884352,3.814321360884352,3.814321360884352,3.814321360884352,3.814321360884352,3.814321360884352,3.814321360884352,3.814321360884352,3.814321360884352,3.814321360884352,3.814321360884352,3.814321360884352,3.814321360884352,3.814321360884352,3.814321360884352,3.814321360884352,3.814321360884352,3.814321360884352,3.814321360884352,3.814321360884352,3.814321360884352,3.814321360884352,3.814321360884352,3.814321360884352,3.814321360884352,3.814321360884352,3.814321360884352,3.814321360884352,3.814321360884352,3.814321360884352,3.814321360884352,3.814321360884352,3.814321360884352,3.814321360884352,3.814321360884352,3.814321360884352,3.814321360884352,3.814321360884352,3.814321360884352,3.814321360884352,3.814321360884352,3.814321360884352,3.814321360884352,3.814321360884352,3.814321360884352,3.814321360884352,3.814321360884352,3.814321360884352,3.814321360884352,3.814321360884352,3.814321360884352,3.814321360884352,3.814321360884352,3.814321360884352,3.814321360884352,3.814321360884352,3.814321360884352,3.814321360884352,3.814321360884352,3.814321360884352,3.814321360884352,3.814321360884352,3.814321360884352,3.814321360884352,3.814321360884352,3.814321360884352,3.814321360884352,3.814321360884352,3.814321360884352,3.814321360884352,3.814321360884352,3.814321360884352,3.814321360884352,3.814321360884352,3.814321360884352,3.814321360884352,3.814321360884352,3.814321360884352,3.814321360884352,3.814321360884352,3.814321360884352,3.814321360884352,3.814321360884352,3.814321360884352,3.814321360884352,3.814321360884352,3.814321360884352,3.814321360884352,3.814321360884352,3.814321360884352,3.814321360884352,3.814321360884352,3.814321360884352,3.814321360884352,3.814321360884352,3.814321360884352,3.814321360884352,3.814321360884352,3.814321360884352,3.814321360884352,3.814321360884352,3.814321360884352,3.814321360884352,3.814321360884352,3.814321360884352,3.814321360884352,3.814321360884352,3.814321360884352,3.814321360884352,3.814321360884352,3.814321360884352,3.814321360884352,3.814321360884352,3.814321360884352,3.814321360884352,3.814321360884352,3.814321360884352,3.814321360884352,3.814321360884352,3.814321360884352,3.814321360884352,3.814321360884352,3.814321360884352,3.814321360884352,3.814321360884352,3.814321360884352,3.814321360884352,3.814321360884352,3.814321360884352,3.814321360884352,3.814321360884352,3.814321360884352,3.814321360884352,3.814321360884352,3.814321360884352,3.814321360884352,3.814321360884352,3.814321360884352,3.814321360884352,3.814321360884352,3.814321360884352,3.814321360884352,3.814321360884352,3.814321360884352,3.814321360884352,3.814321360884352,3.814321360884352,3.814321360884352,3.814321360884352,3.814321360884352,3.814321360884352,3.814321360884352,3.814321360884352,3.814321360884352,3.814321360884352,3.814321360884352,3.814321360884352,3.814321360884352,3.814321360884352,3.814321360884352,3.814321360884352,3.814321360884352,3.814321360884352,3.814321360884352,3.814321360884352,3.814321360884352,3.814321360884352,3.814321360884352,3.814321360884352,3.814321360884352,3.814321360884352,3.814321360884352,3.814321360884352,3.814321360884352,3.814321360884352,3.814321360884352,3.814321360884352,3.814321360884352,3.814321360884352,3.814321360884352,3.814321360884352,3.814321360884352,3.814321360884352,3.814321360884352,3.814321360884352,3.814321360884352,3.814321360884352,3.814321360884352,3.814321360884352,3.814321360884352,3.814321360884352,3.814321360884352,3.814321360884352,3.814321360884352,3.814321360884352,3.814321360884352,3.814321360884352,3.814321360884352,3.814321360884352,3.814321360884352,3.814321360884352,3.814321360884352,3.814321360884352,3.814321360884352,3.814321360884352,3.814321360884352,3.814321360884352,3.814321360884352,3.814321360884352,3.814321360884352,3.814321360884352,3.814321360884352,3.814321360884352,3.814321360884352,3.814321360884352,3.814321360884352,3.814321360884352,3.814321360884352,3.814321360884352,3.814321360884352,3.814321360884352,3.814321360884352,3.814321360884352,3.814321360884352,3.814321360884352,3.814321360884352,3.814321360884352,3.814321360884352,3.814321360884352,3.814321360884352,3.814321360884352,3.814321360884352,3.814321360884352,3.814321360884352,3.814321360884352,3.814321360884352,3.814321360884352,3.814321360884352,3.814321360884352,3.814321360884352,3.814321360884352,3.814321360884352,3.814321360884352,3.814321360884352,3.814321360884352,3.814321360884352,3.814321360884352,3.814321360884352,3.814321360884352,3.814321360884352,3.814321360884352,3.814321360884352,3.814321360884352,3.814321360884352,3.814321360884352,3.814321360884352,3.814321360884352,3.814321360884352,3.814321360884352,3.814321360884352,3.814321360884352,3.814321360884352,3.814321360884352,3.814321360884352,3.814321360884352,3.814321360884352,3.814321360884352,3.814321360884352,3.814321360884352,3.814321360884352,3.814321360884352,3.814321360884352,3.814321360884352,3.814321360884352,3.814321360884352,3.814321360884352,3.814321360884352,3.814321360884352,3.814321360884352,3.814321360884352,3.814321360884352,3.814321360884352,3.814321360884352,3.814321360884352,3.814321360884352,3.814321360884352,3.814321360884352,3.814321360884352,3.814321360884352,3.814321360884352,3.814321360884352,3.814321360884352,3.814321360884352,3.814321360884352,3.814321360884352,3.814321360884352,3.814321360884352,3.814321360884352,3.814321360884352,3.814321360884352,3.814321360884352,3.814321360884352,3.814321360884352,3.814321360884352,3.814321360884352,3.814321360884352,3.814321360884352,3.814321360884352,3.814321360884352,3.814321360884352,3.814321360884352,3.814321360884352,3.814321360884352,3.814321360884352,3.814321360884352,3.814321360884352,3.814321360884352,3.814321360884352,3.814321360884352,3.814321360884352,3.814321360884352,3.814321360884352,3.814321360884352,3.814321360884352,3.814321360884352,3.814321360884352,3.814321360884352,3.814321360884352,3.814321360884352,3.814321360884352,3.814321360884352,3.814321360884352,3.814321360884352,3.814321360884352,3.814321360884352,3.814321360884352,3.814321360884352,3.814321360884352,3.814321360884352,3.814321360884352,3.814321360884352,3.814321360884352,3.814321360884352,3.814321360884352,3.814321360884352,3.814321360884352,3.814321360884352,3.814321360884352,3.814321360884352,3.814321360884352,3.814321360884352,3.814321360884352,3.814321360884352,3.814321360884352,3.814321360884352,3.814321360884352,3.814321360884352,3.814321360884352,3.814321360884352,3.814321360884352,3.814321360884352,3.814321360884352,3.814321360884352,3.814321360884352,3.814321360884352,3.814321360884352,3.814321360884352,3.814321360884352,3.814321360884352,3.814321360884352,3.814321360884352,3.814321360884352,3.814321360884352,3.814321360884352,3.814321360884352,3.814321360884352,3.814321360884352,3.814321360884352,3.814321360884352,3.814321360884352,3.814321360884352,3.814321360884352,3.814321360884352,3.814321360884352,3.814321360884352,3.814321360884352,3.814321360884352,3.814321360884352,3.814321360884352,3.814321360884352,3.814321360884352,3.814321360884352,3.814321360884352,3.814321360884352,3.814321360884352,3.814321360884352,3.814321360884352,3.814321360884352,3.814321360884352,3.814321360884352,3.814321360884352,3.814321360884352,3.814321360884352,3.814321360884352,3.814321360884352,3.814321360884352,3.814321360884352,3.814321360884352,3.814321360884352,3.814321360884352,3.814321360884352,3.814321360884352,3.814321360884352,3.814321360884352,3.814321360884352,3.814321360884352,3.814321360884352,3.814321360884352,3.814321360884352,3.814321360884352,3.814321360884352,3.814321360884352,3.814321360884352,3.814321360884352,3.814321360884352,3.814321360884352,3.814321360884352,3.814321360884352,3.814321360884352,3.814321360884352,3.814321360884352,3.814321360884352,3.814321360884352,3.814321360884352,3.814321360884352,3.814321360884352,3.814321360884352,3.814321360884352,3.814321360884352,3.814321360884352,3.814321360884352,3.814321360884352,3.814321360884352,3.814321360884352,3.814321360884352,6.368622916773859,6.368622916773859,6.368622916773859,6.368622916773859,6.201582411504015,6.190576749975574,5.960022462672682,5.960022462672682,5.709224827534055,5.709224827534055,5.709224827534055,5.709224827534055,5.709224827534055,5.646156464184637,5.646156464184637,5.501872276536583,5.501872276536583,5.501872276536583,5.501872276536583,5.501872276536583,5.501872276536583,5.501872276536583,5.501872276536583,5.501872276536583,5.501872276536583,5.501872276536583,5.501872276536583,5.499111022015387,5.499111022015387,5.499111022015387,5.499111022015387,5.499111022015387,5.499111022015387,4.865101783955418,4.865101783955418,4.865101783955418,4.865101783955418,4.865101783955418,4.865101783955418,4.865101783955418,4.865101783955418,4.865101783955418,4.865101783955418,4.865101783955418,4.736207260318109,4.736207260318109,4.736207260318109,4.736207260318109,4.736207260318109,4.736207260318109,4.572600850347278,4.572600850347278,4.572600850347278,4.572600850347278,4.572600850347278,4.572600850347278,4.572600850347278,4.572600850347278,4.572600850347278,4.572600850347278,4.572600850347278,4.572600850347278,4.572600850347278,4.572600850347278,4.572600850347278,4.572600850347278,4.572600850347278,4.572600850347278,4.572600850347278,4.572600850347278,4.572600850347278,4.572600850347278,4.572600850347278,4.572600850347278,4.572600850347278,4.572600850347278,4.572600850347278,4.572600850347278,4.572600850347278,4.572600850347278,4.572600850347278,4.572600850347278,4.498136872971195,4.498136872971195,4.498136872971195,4.498136872971195,4.498136872971195,4.498136872971195,4.498136872971195,4.498136872971195,4.498136872971195,4.481714923727709,4.481714923727709,4.481714923727709,4.481714923727709,4.481714923727709,4.481714923727709,4.481714923727709,4.481714923727709,4.481714923727709,4.481714923727709,4.481714923727709,4.481714923727709,4.481714923727709,4.481714923727709,4.481714923727709,4.481714923727709,4.481714923727709,4.481714923727709,4.481714923727709,4.481714923727709,4.481714923727709,4.481714923727709,4.481714923727709,4.481714923727709,4.481714923727709,4.481714923727709,4.481714923727709,4.481714923727709,4.481714923727709,4.481714923727709,4.481714923727709,4.481714923727709,4.481714923727709,4.481714923727709,4.481714923727709,4.481714923727709,4.481714923727709,4.481714923727709,4.481714923727709,4.481714923727709,4.481714923727709,4.481714923727709,4.481714923727709,4.481714923727709,4.481714923727709,4.481714923727709,4.481714923727709,4.481714923727709,4.481714923727709,4.481714923727709,4.481714923727709,4.481714923727709,4.481714923727709,4.481714923727709,4.481714923727709,4.481714923727709,4.481714923727709,4.481714923727709,4.481714923727709,4.481714923727709,4.481714923727709,4.481714923727709,4.481714923727709,4.481714923727709,4.481714923727709,4.481714923727709,4.481714923727709,4.481714923727709,4.481714923727709,4.481714923727709,4.481714923727709,4.481714923727709,4.481714923727709,4.481714923727709,4.481714923727709,4.481714923727709,4.481714923727709,4.481714923727709,4.481714923727709,4.481714923727709,4.481714923727709,4.481714923727709,4.481714923727709,4.481714923727709,4.481714923727709,4.481714923727709,4.481714923727709,4.481714923727709,4.481714923727709,4.481714923727709,4.481714923727709,4.481714923727709,4.481714923727709,4.481714923727709,4.481714923727709,4.481714923727709,4.481714923727709,4.481714923727709,4.481714923727709,4.481714923727709,4.481714923727709,4.481714923727709,4.481714923727709,4.481714923727709,4.481714923727709,4.481714923727709,4.481714923727709,4.481714923727709,4.481714923727709,4.481714923727709,4.481714923727709,4.481714923727709,4.481714923727709,4.481714923727709,4.481714923727709,4.481714923727709,4.481714923727709,4.481714923727709,4.481714923727709,4.481714923727709,4.481714923727709,4.481714923727709,4.481714923727709,4.481714923727709,4.481714923727709,4.481714923727709,4.481714923727709,4.481714923727709,4.481714923727709,4.481714923727709,4.481714923727709,4.481714923727709,4.481714923727709,4.481714923727709,4.481714923727709,4.481714923727709,4.481714923727709,4.481714923727709,4.481714923727709,4.481714923727709,4.481714923727709,3.8914565064719593,3.8914565064719593,3.8914565064719593,3.8914565064719593,3.8914565064719593,3.8914565064719593,3.8914565064719593,3.8914565064719593,3.8914565064719593,3.8914565064719593,3.7924804639495955,3.7924804639495955,3.781683289920634,3.781683289920634,3.781683289920634,3.781683289920634,3.781683289920634,3.781683289920634,3.781683289920634,3.781683289920634,3.781683289920634,3.781683289920634,3.781683289920634,3.781683289920634,3.781683289920634,3.781683289920634,3.781683289920634,3.781683289920634,3.781683289920634,3.781683289920634,3.781683289920634,3.781683289920634,3.781683289920634,3.781683289920634,3.781683289920634,3.781683289920634,3.781683289920634,3.781683289920634,3.781683289920634,3.781683289920634,3.781683289920634,3.781683289920634,3.781683289920634,3.781683289920634,3.781683289920634,3.781683289920634,3.781683289920634,3.781683289920634,3.781683289920634,3.781683289920634,3.781683289920634,3.781683289920634,3.781683289920634,3.781683289920634,3.781683289920634,3.781683289920634,3.781683289920634,3.781683289920634,3.781683289920634,3.781683289920634,3.781683289920634,3.781683289920634,3.781683289920634,3.781683289920634,3.7598077323662675,3.7598077323662675,3.7598077323662675,3.7598077323662675,3.7598077323662675,3.7598077323662675,3.7598077323662675,3.7598077323662675,3.7598077323662675,3.7598077323662675,3.7598077323662675,3.7598077323662675,3.7598077323662675,3.7598077323662675,3.7598077323662675,3.7598077323662675,3.7598077323662675,3.7598077323662675,3.7598077323662675,3.7598077323662675,3.7598077323662675,3.7598077323662675,3.7598077323662675,3.7598077323662675,3.7598077323662675,3.7598077323662675,3.7598077323662675,3.7598077323662675,3.7598077323662675,3.7598077323662675,3.7598077323662675,3.7598077323662675,3.7598077323662675,3.7598077323662675,3.7598077323662675,3.7598077323662675,3.7598077323662675,3.7598077323662675,3.7598077323662675,3.7598077323662675,3.7598077323662675,3.7598077323662675,3.7598077323662675,3.7598077323662675,3.7598077323662675,3.7598077323662675,3.7598077323662675,3.7598077323662675,3.7598077323662675,3.7598077323662675,3.7598077323662675,3.7598077323662675,3.7598077323662675,3.7598077323662675,3.7598077323662675,3.7598077323662675,3.7598077323662675,3.7598077323662675,3.7598077323662675,3.7598077323662675,3.7598077323662675,3.7598077323662675,3.7598077323662675,3.7598077323662675,3.7598077323662675,3.7598077323662675,3.7598077323662675,3.7598077323662675,3.7598077323662675,3.7598077323662675,3.7598077323662675,3.7598077323662675,3.7598077323662675,3.7598077323662675,3.7598077323662675,3.7598077323662675,3.7598077323662675,3.7598077323662675,3.7598077323662675,3.7598077323662675,3.7598077323662675,3.7598077323662675,3.7598077323662675,3.7598077323662675,3.7598077323662675,3.7598077323662675,3.7598077323662675,3.7598077323662675,3.7598077323662675,3.7598077323662675,3.7598077323662675,3.7598077323662675,3.7598077323662675,3.7598077323662675,3.7598077323662675,3.7598077323662675,3.7598077323662675,3.7598077323662675,3.7598077323662675,3.7598077323662675,3.63474703295168,3.63474703295168,3.63474703295168,3.63474703295168,3.63474703295168,3.63474703295168,3.63474703295168,3.63474703295168,3.63474703295168,3.63474703295168,3.63474703295168,3.63474703295168,3.63474703295168,3.63474703295168,3.63474703295168,3.63474703295168,3.63474703295168,3.63474703295168,3.63474703295168,3.63474703295168,3.63474703295168,3.63474703295168,3.63474703295168,3.63474703295168,3.63474703295168,3.63474703295168,3.63474703295168,3.63474703295168,3.63474703295168,3.63474703295168,3.63474703295168,3.63474703295168,3.63474703295168,3.63474703295168,3.63474703295168,3.63474703295168,3.63474703295168,3.63474703295168,3.63474703295168,3.63474703295168,3.63474703295168,3.63474703295168,3.63474703295168,3.63474703295168,3.63474703295168,3.63474703295168,3.63474703295168,3.63474703295168,3.63474703295168,3.63474703295168,3.63474703295168,3.63474703295168,3.63474703295168,3.63474703295168,3.63474703295168,3.63474703295168,3.63474703295168,3.63474703295168,3.63474703295168,3.63474703295168,3.63474703295168,3.63474703295168,3.63474703295168,3.63474703295168,3.63474703295168,3.63474703295168,3.63474703295168,3.63474703295168,3.63474703295168,3.63474703295168,3.63474703295168,3.63474703295168,3.63474703295168,3.63474703295168,3.63474703295168,3.63474703295168,3.63474703295168,3.63474703295168,3.63474703295168,3.63474703295168,3.63474703295168,3.63474703295168,3.63474703295168,3.63474703295168,3.63474703295168,3.63474703295168,3.63474703295168,3.63474703295168,3.63474703295168,3.63474703295168,3.63474703295168,3.63474703295168,3.63474703295168,3.63474703295168,3.63474703295168,3.63474703295168,3.63474703295168,3.63474703295168,3.63474703295168,3.63474703295168,3.63474703295168,3.63474703295168,3.63474703295168,3.63474703295168,3.63474703295168,3.63474703295168,3.63474703295168,3.63474703295168,3.63474703295168,3.63474703295168,3.63474703295168,3.63474703295168,3.63474703295168,3.63474703295168,3.63474703295168,3.63474703295168,3.63474703295168,3.63474703295168,3.63474703295168,3.63474703295168,3.63474703295168,3.63474703295168,3.63474703295168,3.63474703295168,3.63474703295168,3.63474703295168,3.63474703295168,3.63474703295168,3.63474703295168,3.63474703295168,3.63474703295168,3.63474703295168,3.63474703295168,3.63474703295168,3.63474703295168,3.63474703295168,3.63474703295168,3.63474703295168,3.63474703295168,3.63474703295168,3.63474703295168,3.63474703295168,3.63474703295168,3.63474703295168,3.63474703295168,3.63474703295168,3.63474703295168,3.63474703295168,3.63474703295168,3.63474703295168,3.63474703295168,3.63474703295168,3.63474703295168,3.63474703295168,3.63474703295168,3.63474703295168,3.63474703295168,3.63474703295168,3.63474703295168,3.63474703295168,3.63474703295168,3.63474703295168,3.63474703295168,3.63474703295168,3.63474703295168,3.63474703295168,3.63474703295168,3.63474703295168,3.63474703295168,3.63474703295168,3.63474703295168,3.63474703295168,3.63474703295168,3.63474703295168,3.63474703295168,3.63474703295168,3.63474703295168,3.63474703295168,3.63474703295168,3.63474703295168,3.63474703295168,3.63474703295168,3.63474703295168,3.63474703295168,3.63474703295168,3.63474703295168,3.63474703295168,3.63474703295168,3.63474703295168,3.63474703295168,3.63474703295168,3.63474703295168,3.63474703295168,3.63474703295168,3.63474703295168,3.63474703295168,3.63474703295168,3.63474703295168,3.63474703295168,3.63474703295168,3.63474703295168,3.63474703295168,3.63474703295168,3.63474703295168,3.63474703295168,3.63474703295168,3.63474703295168,3.63474703295168,3.63474703295168,3.63474703295168,3.63474703295168,3.63474703295168,3.63474703295168,3.63474703295168,3.63474703295168,3.63474703295168,3.63474703295168,3.63474703295168,3.63474703295168,3.63474703295168,3.63474703295168,3.63474703295168,3.63474703295168,3.63474703295168,3.63474703295168,3.63474703295168,3.63474703295168,3.63474703295168,3.63474703295168,3.63474703295168,3.63474703295168,3.63474703295168,3.63474703295168,3.63474703295168,3.63474703295168,3.63474703295168,3.63474703295168,3.63474703295168,3.63474703295168,3.63474703295168,3.63474703295168,3.63474703295168,3.63474703295168,3.63474703295168,3.63474703295168,3.63474703295168,3.63474703295168,3.63474703295168,3.63474703295168,3.63474703295168,3.63474703295168,3.63474703295168,3.63474703295168,3.63474703295168,3.63474703295168,3.63474703295168,3.63474703295168,3.63474703295168,3.63474703295168,3.63474703295168,3.63474703295168,3.63474703295168,3.63474703295168,3.63474703295168,3.63474703295168,3.63474703295168,3.63474703295168,3.63474703295168,3.63474703295168,3.63474703295168,3.63474703295168,3.63474703295168,3.63474703295168,3.63474703295168,3.63474703295168,3.63474703295168,3.63474703295168,3.63474703295168,3.63474703295168,3.63474703295168,3.63474703295168,3.63474703295168,3.63474703295168,3.63474703295168,3.63474703295168,3.63474703295168,3.63474703295168,3.63474703295168,3.63474703295168,3.63474703295168,3.63474703295168,3.63474703295168,3.63474703295168,3.63474703295168,3.63474703295168,3.63474703295168,3.63474703295168,3.63474703295168,3.63474703295168,3.63474703295168,3.63474703295168,3.63474703295168,3.63474703295168,3.63474703295168,3.63474703295168,3.63474703295168,3.63474703295168,3.63474703295168,3.63474703295168,3.63474703295168,3.63474703295168,3.63474703295168,3.63474703295168,3.63474703295168,3.63474703295168,3.63474703295168,3.63474703295168,3.63474703295168,3.63474703295168,3.63474703295168,3.63474703295168,3.63474703295168,3.63474703295168,3.63474703295168,3.63474703295168,3.63474703295168,3.63474703295168,3.63474703295168,3.63474703295168,3.63474703295168,3.63474703295168,3.63474703295168,3.63474703295168,3.63474703295168,3.63474703295168,3.63474703295168,3.63474703295168,3.63474703295168,3.63474703295168,3.63474703295168,3.63474703295168,3.63474703295168,3.63474703295168,3.63474703295168,3.63474703295168,3.63474703295168,3.63474703295168,3.63474703295168,3.63474703295168,3.63474703295168,3.63474703295168,3.63474703295168,3.63474703295168,3.63474703295168,3.63474703295168,3.63474703295168,3.63474703295168,3.63474703295168,3.63474703295168,3.63474703295168,3.63474703295168,3.63474703295168,3.63474703295168,3.63474703295168,3.63474703295168,3.63474703295168,3.63474703295168,3.63474703295168,3.63474703295168,3.63474703295168,3.63474703295168,3.63474703295168,3.63474703295168,3.63474703295168,3.63474703295168,3.63474703295168,3.63474703295168,3.63474703295168,3.63474703295168,3.63474703295168,3.63474703295168,3.63474703295168,3.63474703295168,3.63474703295168,3.63474703295168,3.63474703295168,3.63474703295168,3.63474703295168,3.63474703295168,3.63474703295168,3.63474703295168,3.63474703295168,3.63474703295168,3.63474703295168,3.63474703295168,3.63474703295168,3.63474703295168,3.63474703295168,3.63474703295168,3.63474703295168,3.63474703295168,3.63474703295168,3.63474703295168,3.63474703295168,3.63474703295168,3.63474703295168,3.63474703295168,3.63474703295168,3.63474703295168,3.63474703295168,3.63474703295168,3.63474703295168,3.63474703295168,3.63474703295168,3.63474703295168,3.63474703295168,3.63474703295168,3.63474703295168,3.63474703295168,3.63474703295168,3.63474703295168,3.63474703295168,3.63474703295168,3.63474703295168,3.63474703295168,3.63474703295168,3.63474703295168,3.63474703295168,3.63474703295168,3.63474703295168,3.63474703295168,3.63474703295168,3.63474703295168,3.63474703295168,3.63474703295168,3.63474703295168,3.63474703295168,3.63474703295168,3.63474703295168,3.63474703295168,3.63474703295168,3.63474703295168,3.63474703295168,3.63474703295168,3.63474703295168,3.63474703295168,3.63474703295168,3.63474703295168,3.63474703295168,3.63474703295168,3.63474703295168,3.63474703295168,3.63474703295168,3.63474703295168,3.63474703295168,3.63474703295168,3.63474703295168,3.63474703295168,3.63474703295168,3.63474703295168,3.63474703295168,3.63474703295168,3.63474703295168,3.63474703295168,3.63474703295168,3.63474703295168,3.63474703295168,3.63474703295168,3.63474703295168,3.63474703295168,3.63474703295168,3.63474703295168,3.63474703295168,3.63474703295168,3.63474703295168,3.63474703295168,3.63474703295168,3.63474703295168,3.63474703295168,3.63474703295168,3.63474703295168,3.63474703295168,3.63474703295168,3.63474703295168,3.63474703295168,3.63474703295168,3.63474703295168,3.63474703295168,3.63474703295168,3.63474703295168,3.63474703295168,3.63474703295168,3.63474703295168,3.63474703295168,3.63474703295168,3.63474703295168,3.63474703295168,3.63474703295168,3.63474703295168,3.63474703295168,3.63474703295168,3.63474703295168,3.63474703295168,3.63474703295168,3.63474703295168,3.63474703295168,3.63474703295168,3.63474703295168,3.63474703295168,3.63474703295168,3.63474703295168,3.63474703295168,3.63474703295168,3.63474703295168,3.63474703295168,3.63474703295168,3.63474703295168,3.63474703295168,3.63474703295168,3.63474703295168,3.63474703295168,3.63474703295168,3.63474703295168,3.63474703295168,3.63474703295168,3.63474703295168,3.63474703295168,3.63474703295168,3.63474703295168,3.63474703295168,3.63474703295168,3.63474703295168,3.63474703295168,3.63474703295168,3.63474703295168,3.63474703295168,3.63474703295168,3.63474703295168,3.63474703295168,3.63474703295168,3.63474703295168,3.63474703295168,3.63474703295168,3.63474703295168,3.63474703295168,3.63474703295168,3.63474703295168,3.63474703295168,3.63474703295168,3.63474703295168,3.63474703295168,3.63474703295168,3.63474703295168,3.63474703295168,3.63474703295168,3.63474703295168,3.63474703295168,3.63474703295168,3.63474703295168,3.63474703295168,3.63474703295168,3.63474703295168,3.63474703295168,3.63474703295168,3.63474703295168,3.63474703295168,3.63474703295168,3.63474703295168,3.63474703295168,3.63474703295168,3.63474703295168,3.63474703295168,3.63474703295168,3.63474703295168,3.63474703295168,3.63474703295168,3.63474703295168,3.63474703295168,3.63474703295168,3.63474703295168,3.63474703295168,3.63474703295168,3.63474703295168,3.63474703295168,3.63474703295168,3.63474703295168,3.63474703295168,3.63474703295168,3.63474703295168,3.63474703295168,3.63474703295168,3.63474703295168,3.63474703295168,3.63474703295168,3.63474703295168,3.63474703295168,3.63474703295168,3.63474703295168,3.63474703295168,3.63474703295168,3.63474703295168,3.63474703295168,3.63474703295168,3.63474703295168,8.854321961827457,7.526107101344568,6.934627556075639,6.934627556075639,6.934627556075639,6.901606432062998,6.901606432062998,6.901606432062998,6.901606432062998,6.901606432062998,6.901606432062998,6.901606432062998,6.901606432062998,6.901606432062998,6.901606432062998,6.901606432062998,6.901606432062998,6.901606432062998,6.901606432062998,6.901606432062998,6.901606432062998,6.901606432062998,6.0894432705328665,6.0894432705328665,6.0894432705328665,6.0894432705328665,5.619354857397673,5.619354857397673,5.619354857397673,5.619354857397673,5.619354857397673,5.619354857397673,5.619354857397673,5.619354857397673,5.619354857397673,5.619354857397673,5.619354857397673,5.564824692774291,5.564824692774291,5.564824692774291,5.564824692774291,5.564824692774291,5.564824692774291,5.564824692774291,5.38933845616488,5.38933845616488,5.38933845616488,5.38933845616488,5.38933845616488,5.38933845616488,5.38933845616488,5.38933845616488,5.38933845616488,5.38933845616488,5.38933845616488,5.38933845616488,5.38933845616488,5.38933845616488,5.38933845616488,5.38933845616488,5.38933845616488,5.38933845616488,5.38933845616488,5.38933845616488,5.38933845616488,5.38933845616488,5.38933845616488,5.38933845616488,5.38933845616488,5.265164944574831,5.265164944574831,5.142537631822264,5.142537631822264,5.142537631822264,5.142537631822264,5.142537631822264,5.142537631822264,5.142537631822264,5.142537631822264,5.142537631822264,5.142537631822264,5.142537631822264,5.142537631822264,5.142537631822264,5.142537631822264,5.142537631822264,5.142537631822264,5.142537631822264,4.623223464202391,4.623223464202391,4.623223464202391,4.623223464202391,4.623223464202391,4.623223464202391,4.35612003753944,4.35612003753944,4.35612003753944,4.35612003753944,4.35612003753944,4.35612003753944,4.35612003753944,4.35612003753944,4.35612003753944,4.35612003753944,4.35612003753944,4.35612003753944,4.35612003753944,4.35612003753944,4.35612003753944,4.35612003753944,4.35612003753944,4.35612003753944,4.35612003753944,4.35612003753944,4.35612003753944,4.35612003753944,4.35612003753944,4.35612003753944,4.35612003753944,4.35612003753944,4.35612003753944,4.35612003753944,4.35612003753944,4.35612003753944,4.35612003753944,4.35612003753944,4.35612003753944,4.35612003753944,4.35612003753944,4.35612003753944,4.35612003753944,4.35612003753944,4.35612003753944,4.35612003753944,4.35612003753944,4.35612003753944,4.35612003753944,4.35612003753944,4.35612003753944,4.35612003753944,4.35612003753944,4.35612003753944,4.35612003753944,4.35612003753944,4.35612003753944,4.35612003753944,4.35612003753944,3.8013184975235026,3.8013184975235026,3.8013184975235026,3.8013184975235026,3.8013184975235026,3.8013184975235026,3.8013184975235026,3.8013184975235026,3.8013184975235026,3.8013184975235026,3.8013184975235026,3.8013184975235026,3.8013184975235026,3.8013184975235026,3.8013184975235026,3.801189704400903,3.801189704400903,3.801189704400903,3.801189704400903,3.801189704400903,3.801189704400903,3.801189704400903,3.801189704400903,3.801189704400903,3.801189704400903,3.801189704400903,3.801189704400903,3.801189704400903,3.801189704400903,3.801189704400903,3.801189704400903,3.801189704400903,3.801189704400903,3.801189704400903,3.801189704400903,3.801189704400903,3.801189704400903,3.801189704400903,3.801189704400903,3.801189704400903,3.801189704400903,3.801189704400903,3.801189704400903,3.801189704400903,3.801189704400903,3.801189704400903,3.801189704400903,3.801189704400903,3.801189704400903,3.801189704400903,3.801189704400903,3.801189704400903,3.801189704400903,3.801189704400903,3.801189704400903,3.801189704400903,3.801189704400903,3.801189704400903,3.801189704400903,3.801189704400903,3.801189704400903,3.801189704400903,3.801189704400903,3.801189704400903,3.801189704400903,3.801189704400903,3.801189704400903,3.801189704400903,3.801189704400903,3.801189704400903,3.801189704400903,3.801189704400903,3.801189704400903,3.801189704400903,3.801189704400903,3.801189704400903,3.801189704400903,3.801189704400903,3.801189704400903,3.801189704400903,3.801189704400903,3.801189704400903,3.801189704400903,3.801189704400903,3.801189704400903,3.801189704400903,3.801189704400903,3.801189704400903,3.801189704400903,3.801189704400903,3.801189704400903,3.801189704400903,3.801189704400903,3.801189704400903,3.801189704400903,3.801189704400903,3.801189704400903,3.801189704400903,3.801189704400903,3.801189704400903,3.801189704400903,3.801189704400903,3.801189704400903,3.801189704400903,3.801189704400903,3.801189704400903,3.801189704400903,3.801189704400903,3.801189704400903,3.801189704400903,3.801189704400903,3.801189704400903,3.801189704400903,3.801189704400903,3.801189704400903,3.801189704400903,3.801189704400903,3.801189704400903,3.801189704400903,3.801189704400903,3.801189704400903,3.801189704400903,3.801189704400903,3.801189704400903,3.801189704400903,3.801189704400903,3.801189704400903,3.801189704400903,3.801189704400903,3.801189704400903,3.801189704400903,3.801189704400903,3.801189704400903,3.801189704400903,3.801189704400903,3.801189704400903,3.801189704400903,3.801189704400903,3.801189704400903,3.801189704400903,3.801189704400903,3.801189704400903,3.801189704400903,3.801189704400903,3.801189704400903,3.801189704400903,3.801189704400903,3.801189704400903,3.801189704400903,3.801189704400903,3.801189704400903,3.801189704400903,3.801189704400903,3.801189704400903,3.801189704400903,3.801189704400903,3.801189704400903,3.801189704400903,3.801189704400903,3.801189704400903,3.801189704400903,3.801189704400903,3.801189704400903,3.801189704400903,3.801189704400903,3.801189704400903,3.801189704400903,3.801189704400903,3.801189704400903,3.801189704400903,3.801189704400903,3.801189704400903,3.801189704400903,3.801189704400903,3.801189704400903,3.801189704400903,3.801189704400903,3.801189704400903,3.801189704400903,3.801189704400903,3.801189704400903,3.801189704400903,3.801189704400903,3.801189704400903,3.801189704400903,3.801189704400903,3.801189704400903,3.801189704400903,3.801189704400903,3.801189704400903,3.801189704400903,3.801189704400903,3.801189704400903,3.801189704400903,3.801189704400903,3.801189704400903,3.801189704400903,3.801189704400903,3.801189704400903,3.801189704400903,3.801189704400903,3.801189704400903,3.801189704400903,3.801189704400903,3.801189704400903,3.801189704400903,3.801189704400903,3.801189704400903,3.801189704400903,3.801189704400903,3.801189704400903,3.801189704400903,3.801189704400903,3.801189704400903,3.801189704400903,3.801189704400903,3.801189704400903,3.801189704400903,3.801189704400903,3.801189704400903,3.801189704400903,3.801189704400903,3.801189704400903,3.801189704400903,3.801189704400903,3.801189704400903,3.801189704400903,3.801189704400903,3.801189704400903,3.801189704400903,3.801189704400903,3.801189704400903,3.801189704400903,3.801189704400903,3.801189704400903,3.801189704400903,3.801189704400903,3.801189704400903,3.801189704400903,3.801189704400903,3.801189704400903,3.801189704400903,3.801189704400903,3.801189704400903,3.801189704400903,3.801189704400903,3.801189704400903,3.801189704400903,3.801189704400903,3.801189704400903,3.801189704400903,3.801189704400903,3.801189704400903,3.801189704400903,3.801189704400903,3.801189704400903,3.801189704400903,3.801189704400903,3.801189704400903,3.801189704400903,3.801189704400903,3.801189704400903,3.801189704400903,3.801189704400903,3.801189704400903,3.801189704400903,3.801189704400903,3.801189704400903,3.801189704400903,3.801189704400903,3.801189704400903,3.801189704400903,3.801189704400903,3.801189704400903,3.801189704400903,3.801189704400903,3.801189704400903,3.801189704400903,3.801189704400903,3.801189704400903,3.801189704400903,3.801189704400903,3.801189704400903,3.801189704400903,3.801189704400903,3.801189704400903,3.801189704400903,3.801189704400903,3.801189704400903,3.801189704400903,3.801189704400903,3.801189704400903,3.801189704400903,3.801189704400903,3.801189704400903,3.801189704400903,3.801189704400903,3.801189704400903,3.801189704400903,3.801189704400903,3.801189704400903,3.801189704400903,3.801189704400903,3.801189704400903,3.801189704400903,3.801189704400903,3.801189704400903,3.801189704400903,3.801189704400903,3.801189704400903,3.801189704400903,3.801189704400903,3.801189704400903,3.801189704400903,3.801189704400903,3.801189704400903,3.801189704400903,3.801189704400903,3.801189704400903,3.801189704400903,3.801189704400903,3.801189704400903,3.801189704400903,3.801189704400903,3.801189704400903,3.801189704400903,3.801189704400903,3.801189704400903,3.801189704400903,3.801189704400903,3.801189704400903,3.801189704400903,3.801189704400903,3.801189704400903,3.801189704400903,3.801189704400903,3.801189704400903,3.801189704400903,3.801189704400903,3.801189704400903,3.801189704400903,3.801189704400903,3.801189704400903,3.801189704400903,3.801189704400903,3.801189704400903,3.801189704400903,3.801189704400903,3.801189704400903,3.801189704400903,3.801189704400903,3.801189704400903,3.801189704400903,3.801189704400903,3.801189704400903,3.801189704400903,3.801189704400903,3.801189704400903,3.801189704400903,3.801189704400903,3.801189704400903,3.801189704400903,3.801189704400903,3.801189704400903,3.801189704400903,3.801189704400903,3.801189704400903,3.801189704400903,3.801189704400903,3.801189704400903,3.801189704400903,3.801189704400903,3.801189704400903,3.801189704400903,3.801189704400903,3.801189704400903,3.801189704400903,3.801189704400903,3.801189704400903,3.801189704400903,3.801189704400903,3.801189704400903,3.801189704400903,3.801189704400903,3.801189704400903,3.801189704400903,3.801189704400903,3.801189704400903,3.801189704400903,3.801189704400903,3.801189704400903,3.801189704400903,3.801189704400903,3.801189704400903,3.801189704400903,3.801189704400903,3.801189704400903,3.801189704400903,3.801189704400903,3.801189704400903,3.801189704400903,3.801189704400903,3.801189704400903,3.801189704400903,3.801189704400903,3.801189704400903,3.801189704400903,3.801189704400903,3.801189704400903,3.801189704400903,3.801189704400903,3.801189704400903,3.801189704400903,3.801189704400903,3.801189704400903,3.801189704400903,3.801189704400903,3.801189704400903,3.801189704400903,3.801189704400903,3.801189704400903,3.801189704400903,3.801189704400903,3.801189704400903,3.801189704400903,3.801189704400903,3.801189704400903,3.801189704400903,3.801189704400903,3.801189704400903,3.801189704400903,3.801189704400903,3.801189704400903,3.801189704400903,3.801189704400903,3.801189704400903,3.801189704400903,3.801189704400903,3.801189704400903,3.801189704400903,3.801189704400903,3.801189704400903,3.801189704400903,3.801189704400903,3.801189704400903,3.801189704400903,3.801189704400903,3.801189704400903,3.801189704400903,3.801189704400903,3.801189704400903,3.801189704400903,3.801189704400903,3.801189704400903,3.801189704400903,3.801189704400903,3.801189704400903,3.801189704400903,3.801189704400903,3.801189704400903,3.801189704400903,3.801189704400903,3.801189704400903,3.801189704400903,3.801189704400903,3.801189704400903,3.801189704400903,3.801189704400903,3.801189704400903,3.801189704400903,3.801189704400903,3.801189704400903,3.801189704400903,3.801189704400903,3.801189704400903,3.801189704400903,3.801189704400903,3.801189704400903,3.801189704400903,3.801189704400903,3.801189704400903,3.801189704400903,3.801189704400903,3.801189704400903,3.801189704400903,3.801189704400903,3.801189704400903,3.801189704400903,3.801189704400903,3.801189704400903,3.801189704400903,3.801189704400903,3.801189704400903,3.801189704400903,3.801189704400903,3.801189704400903,3.801189704400903,3.801189704400903,3.801189704400903,3.801189704400903,3.801189704400903,3.801189704400903,3.801189704400903,3.801189704400903,3.801189704400903,3.801189704400903,3.801189704400903,3.801189704400903,3.801189704400903,3.801189704400903,3.801189704400903,3.801189704400903,3.801189704400903,3.801189704400903,3.801189704400903,3.801189704400903,3.801189704400903,3.801189704400903,3.801189704400903,3.801189704400903,3.801189704400903,3.801189704400903,3.801189704400903,3.801189704400903,3.801189704400903,3.801189704400903,3.801189704400903,3.801189704400903,3.801189704400903,3.801189704400903,3.801189704400903,3.801189704400903,3.801189704400903,3.801189704400903,3.801189704400903,3.801189704400903,3.801189704400903,3.801189704400903,3.801189704400903,3.801189704400903,3.801189704400903,3.801189704400903,3.801189704400903,3.801189704400903,3.801189704400903,3.801189704400903,3.801189704400903,3.801189704400903,3.801189704400903,3.801189704400903,3.801189704400903,3.801189704400903,3.801189704400903,3.801189704400903,3.801189704400903,3.801189704400903,3.801189704400903,3.801189704400903,3.801189704400903,3.801189704400903,3.801189704400903,3.801189704400903,3.801189704400903,3.801189704400903,3.801189704400903,3.801189704400903,3.801189704400903,3.801189704400903,3.801189704400903,3.801189704400903,3.801189704400903,3.801189704400903,3.801189704400903,3.801189704400903,3.801189704400903,3.801189704400903,3.801189704400903,3.801189704400903,3.801189704400903,3.801189704400903,3.801189704400903,3.801189704400903,3.801189704400903,3.801189704400903,3.801189704400903,3.801189704400903,3.801189704400903,3.801189704400903,3.801189704400903,3.801189704400903,3.801189704400903,3.801189704400903,3.801189704400903,3.801189704400903,3.801189704400903,3.801189704400903,3.801189704400903,3.801189704400903,3.801189704400903,3.801189704400903,3.801189704400903,3.801189704400903,3.801189704400903,3.801189704400903,3.801189704400903,3.801189704400903,3.801189704400903,3.801189704400903,3.801189704400903,3.801189704400903,3.801189704400903,3.801189704400903,3.801189704400903,3.801189704400903,3.801189704400903,3.801189704400903,3.801189704400903,3.801189704400903,3.801189704400903,3.801189704400903,3.801189704400903,3.801189704400903,3.801189704400903,3.801189704400903,3.801189704400903,3.801189704400903,3.801189704400903,3.801189704400903,3.801189704400903,3.801189704400903,3.801189704400903,3.801189704400903,3.801189704400903,3.801189704400903,3.801189704400903,3.801189704400903,3.801189704400903,3.801189704400903,3.801189704400903,3.801189704400903,3.801189704400903,3.801189704400903,3.801189704400903,3.801189704400903,3.801189704400903,3.801189704400903,3.801189704400903,3.801189704400903,3.801189704400903,3.801189704400903,3.801189704400903,3.801189704400903,3.801189704400903,3.801189704400903,3.801189704400903,3.801189704400903,3.801189704400903,3.801189704400903,3.801189704400903,3.801189704400903,3.801189704400903,3.801189704400903,3.801189704400903,3.801189704400903,3.801189704400903,3.801189704400903,3.801189704400903,3.801189704400903,3.801189704400903,3.801189704400903,3.801189704400903,3.801189704400903,3.801189704400903,3.801189704400903,3.801189704400903,3.801189704400903,3.801189704400903,3.801189704400903,3.801189704400903,3.801189704400903,3.801189704400903,3.801189704400903,3.801189704400903,3.801189704400903,3.801189704400903,3.801189704400903,3.801189704400903,3.801189704400903,3.801189704400903,3.801189704400903,3.801189704400903,3.801189704400903,3.801189704400903,3.801189704400903,3.801189704400903,3.801189704400903,3.801189704400903,3.801189704400903,3.801189704400903,3.801189704400903,3.801189704400903,3.801189704400903,3.801189704400903,3.801189704400903,3.801189704400903,3.801189704400903,3.801189704400903,3.801189704400903,3.801189704400903,3.801189704400903,3.801189704400903,3.801189704400903,3.801189704400903,3.801189704400903,3.801189704400903,3.801189704400903,3.801189704400903,3.801189704400903,3.801189704400903,3.801189704400903,3.801189704400903,3.801189704400903,3.801189704400903,3.801189704400903,3.801189704400903,3.801189704400903,3.801189704400903,3.801189704400903,3.801189704400903,3.801189704400903,3.801189704400903,3.801189704400903,3.801189704400903,3.801189704400903,3.801189704400903,3.801189704400903,3.801189704400903,3.801189704400903,3.801189704400903,3.801189704400903,3.801189704400903,3.801189704400903,3.801189704400903,3.801189704400903,3.801189704400903,3.801189704400903,3.801189704400903,3.801189704400903,3.801189704400903,3.801189704400903,3.801189704400903,3.801189704400903,3.801189704400903,3.801189704400903,3.801189704400903,3.801189704400903,3.801189704400903,3.801189704400903,3.801189704400903,3.801189704400903,3.801189704400903,3.801189704400903,3.801189704400903,3.801189704400903,3.801189704400903,3.801189704400903,3.801189704400903,3.801189704400903,3.801189704400903,3.801189704400903,3.801189704400903,3.801189704400903,3.801189704400903,3.801189704400903,3.801189704400903,3.801189704400903,3.801189704400903,3.801189704400903,3.801189704400903,3.801189704400903,3.801189704400903,3.801189704400903,3.801189704400903,3.801189704400903,3.801189704400903,3.801189704400903,3.801189704400903,3.801189704400903,3.801189704400903,3.801189704400903,3.801189704400903,3.801189704400903,3.801189704400903,3.801189704400903,3.801189704400903,3.801189704400903,3.801189704400903,3.801189704400903,3.801189704400903,3.801189704400903,3.801189704400903,3.801189704400903,3.801189704400903,3.801189704400903,3.801189704400903,3.801189704400903,3.801189704400903,3.801189704400903,3.801189704400903,3.801189704400903,3.801189704400903,3.801189704400903,3.801189704400903,3.801189704400903,3.801189704400903,3.801189704400903,3.801189704400903,3.801189704400903,3.801189704400903,3.801189704400903,3.801189704400903,3.801189704400903,3.801189704400903,3.801189704400903,3.801189704400903,3.801189704400903,3.801189704400903,3.801189704400903,3.801189704400903,3.801189704400903,3.801189704400903,3.801189704400903,3.801189704400903,3.801189704400903,3.801189704400903,3.801189704400903,3.801189704400903,3.801189704400903,3.801189704400903,3.801189704400903,3.801189704400903,3.801189704400903,3.801189704400903,3.801189704400903,3.801189704400903,3.801189704400903,3.801189704400903,3.801189704400903,3.801189704400903,3.801189704400903,3.801189704400903,3.801189704400903,3.801189704400903,8.723351803085938,8.49562239597425,8.278102305608952,8.278102305608952,8.278102305608952,8.209266478700238,8.209266478700238,8.209266478700238,8.209266478700238,8.209266478700238,8.17616414527777,8.17616414527777,8.17616414527777,8.009938659248007,8.009938659248007,6.87580872376325,6.87580872376325,6.87580872376325,6.87580872376325,6.87580872376325,6.87580872376325,6.87580872376325,6.87580872376325,6.87580872376325,6.484484155325101,6.484484155325101,6.484484155325101,6.484484155325101,6.484484155325101,6.484484155325101,6.484484155325101,6.484484155325101,6.484484155325101,6.484484155325101,6.484484155325101,6.484484155325101,6.484484155325101,6.484484155325101,6.356288154798714,6.356288154798714,6.356288154798714,6.124473402254052,6.124473402254052,6.124473402254052,6.124473402254052,6.124473402254052,6.124473402254052,6.124473402254052,6.124473402254052,6.124473402254052,6.124473402254052,5.480506649309977,5.480506649309977,5.480506649309977,5.480506649309977,5.480506649309977,5.480506649309977,5.480506649309977,5.480506649309977,5.349423573726289,5.349423573726289,5.349423573726289,5.349423573726289,5.349423573726289,5.349423573726289,5.349423573726289,5.349423573726289,5.349423573726289,5.349423573726289,5.349423573726289,5.349423573726289,5.349423573726289,5.349423573726289,5.349423573726289,5.349423573726289,5.349423573726289,5.349423573726289,5.349423573726289,5.349423573726289,5.349423573726289,5.349423573726289,5.349423573726289,5.349423573726289,5.349423573726289,5.349423573726289,5.349423573726289,5.349423573726289,5.349423573726289,5.349423573726289,5.349423573726289,5.349423573726289,5.349423573726289,5.349423573726289,5.349423573726289,5.349423573726289,5.349423573726289,5.349423573726289,5.349423573726289,5.349423573726289,5.349423573726289,5.349423573726289,5.349423573726289,5.349423573726289,5.349423573726289,5.349423573726289,5.349423573726289,5.349423573726289,5.349423573726289,5.349423573726289,5.349423573726289,5.349423573726289,5.349423573726289,5.349423573726289,5.349423573726289,5.349423573726289,5.349423573726289,5.349423573726289,5.349423573726289,5.349423573726289,5.349423573726289,5.349423573726289,5.349423573726289,5.349423573726289,5.349423573726289,5.349423573726289,5.349423573726289,5.349423573726289,5.349423573726289,5.349423573726289,5.349423573726289,5.349423573726289,5.349423573726289,5.349423573726289,5.349423573726289,5.349423573726289,5.349423573726289,5.349423573726289,5.349423573726289,5.349423573726289,5.349423573726289,5.349423573726289,5.349423573726289,5.349423573726289,5.349423573726289,5.349423573726289,5.349423573726289,5.349423573726289,5.349423573726289,5.349423573726289,5.349423573726289,5.349423573726289,5.349423573726289,5.349423573726289,5.349423573726289,5.349423573726289,5.349423573726289,5.349423573726289,5.349423573726289,5.349423573726289,5.349423573726289,5.349423573726289,5.349423573726289,5.349423573726289,5.349423573726289,5.349423573726289,5.349423573726289,5.349423573726289,5.349423573726289,5.349423573726289,5.349423573726289,5.349423573726289,5.349423573726289,5.349423573726289,5.349423573726289,5.349423573726289,5.349423573726289,5.349423573726289,5.349423573726289,5.349423573726289,5.349423573726289,5.349423573726289,5.349423573726289,5.349423573726289,5.349423573726289,5.349423573726289,5.349423573726289,5.349423573726289,5.349423573726289,5.349423573726289,5.349423573726289,5.349423573726289,5.349423573726289,5.349423573726289,5.349423573726289,5.349423573726289,5.349423573726289,5.349423573726289,5.349423573726289,5.349423573726289,5.349423573726289,5.349423573726289,5.349423573726289,5.349423573726289,5.349423573726289,5.349423573726289,5.349423573726289,5.349423573726289,5.349423573726289,5.349423573726289,5.349423573726289,5.349423573726289,5.349423573726289,5.349423573726289,5.349423573726289,5.349423573726289,5.349423573726289,5.349423573726289,5.349423573726289,5.349423573726289,5.349423573726289,5.349423573726289,5.349423573726289,5.349423573726289,5.349423573726289,5.349423573726289,5.349423573726289,5.349423573726289,5.349423573726289,5.349423573726289,5.349423573726289,5.349423573726289,5.349423573726289,5.349423573726289,5.349423573726289,5.349423573726289,5.349423573726289,5.349423573726289,5.349423573726289,5.349423573726289,5.349423573726289,5.349423573726289,5.349423573726289,5.349423573726289,5.349423573726289,5.349423573726289,5.349423573726289,5.349423573726289,5.349423573726289,5.349423573726289,5.349423573726289,5.349423573726289,5.349423573726289,5.349423573726289,5.349423573726289,5.349423573726289,5.349423573726289,5.349423573726289,5.349423573726289,5.349423573726289,5.349423573726289,5.349423573726289,5.349423573726289,5.349423573726289,5.349423573726289,5.349423573726289,5.349423573726289,5.349423573726289,5.349423573726289,5.349423573726289,5.349423573726289,5.349423573726289,5.349423573726289,5.349423573726289,5.349423573726289,5.349423573726289,5.349423573726289,5.349423573726289,5.349423573726289,5.349423573726289,5.349423573726289,5.349423573726289,5.349423573726289,5.349423573726289,5.349423573726289,5.349423573726289,5.349423573726289,5.349423573726289,5.349423573726289,5.349423573726289,5.349423573726289,5.349423573726289,5.349423573726289,5.349423573726289,5.349423573726289,5.349423573726289,5.349423573726289,5.349423573726289,5.349423573726289,5.349423573726289,5.349423573726289,5.349423573726289,5.349423573726289,5.349423573726289,5.349423573726289,5.349423573726289,5.349423573726289,5.349423573726289,5.349423573726289,5.349423573726289,5.349423573726289,5.349423573726289,5.349423573726289,5.349423573726289,5.349423573726289,5.349423573726289,5.349423573726289,5.349423573726289,5.349423573726289,5.349423573726289,5.349423573726289,5.349423573726289,5.349423573726289,5.349423573726289,5.349423573726289,5.349423573726289,5.349423573726289,5.349423573726289,5.349423573726289,5.349423573726289,5.349423573726289,5.349423573726289,5.349423573726289,5.349423573726289,5.349423573726289,5.349423573726289,5.349423573726289,5.349423573726289,5.349423573726289,5.349423573726289,5.349423573726289,5.349423573726289,5.349423573726289,5.349423573726289,5.349423573726289,5.349423573726289,5.349423573726289,5.349423573726289,5.349423573726289,5.349423573726289,5.349423573726289,5.349423573726289,5.349423573726289,5.349423573726289,5.349423573726289,5.349423573726289,5.349423573726289,5.349423573726289,5.349423573726289,5.349423573726289,5.349423573726289,5.349423573726289,5.349423573726289,5.349423573726289,5.349423573726289,5.349423573726289,5.349423573726289,5.349423573726289,5.349423573726289,5.349423573726289,5.349423573726289,5.349423573726289,5.349423573726289,5.349423573726289,5.349423573726289,5.349423573726289,5.349423573726289,5.349423573726289,5.349423573726289,5.349423573726289,5.349423573726289,5.349423573726289,5.349423573726289,5.349423573726289,5.349423573726289,5.349423573726289,5.349423573726289,5.349423573726289,5.349423573726289,5.349423573726289,5.349423573726289,5.349423573726289,5.349423573726289,5.349423573726289,5.349423573726289,5.349423573726289,5.1180978356055675,5.1180978356055675,5.1180978356055675,5.1180978356055675,5.1180978356055675,5.1180978356055675,5.1180978356055675,5.1180978356055675,5.1180978356055675,5.1180978356055675,5.1180978356055675,5.1180978356055675,5.1180978356055675,5.1180978356055675,5.1180978356055675,5.04486713028857,5.04486713028857,5.04486713028857,5.04486713028857,5.04486713028857,5.04486713028857,5.04486713028857,5.04486713028857,5.04486713028857,5.04486713028857,5.04486713028857,5.04486713028857,5.04486713028857,5.04486713028857,5.04486713028857,5.04486713028857,5.04486713028857,5.04486713028857,5.04486713028857,5.04486713028857,5.04486713028857,5.04486713028857,5.04486713028857,5.04486713028857,5.04486713028857,5.04486713028857,5.04486713028857,5.04486713028857,5.04486713028857,5.04486713028857,5.04486713028857,5.04486713028857,5.04486713028857,5.04486713028857,5.04486713028857,5.04486713028857,5.04486713028857,5.04486713028857,5.04486713028857,5.04486713028857,5.04486713028857,5.04486713028857,5.04486713028857,5.04486713028857,5.04486713028857,5.04486713028857,5.027957342694397,5.027957342694397,5.027957342694397,5.027957342694397,5.027957342694397,5.027957342694397,5.027957342694397,5.027957342694397,5.027957342694397,5.027957342694397,5.027957342694397,5.027957342694397,5.027957342694397,5.027957342694397,5.027957342694397,5.027957342694397,5.027957342694397,5.027957342694397,5.027957342694397,5.027957342694397,5.027957342694397,5.027957342694397,5.027957342694397,5.027957342694397,5.027957342694397,5.027957342694397,5.027957342694397,5.027957342694397,5.027957342694397,5.027957342694397,5.027957342694397,5.027957342694397,5.027957342694397,5.027957342694397,5.027957342694397,5.027957342694397,5.027957342694397,5.027957342694397,5.027957342694397,5.027957342694397,5.027957342694397,5.027957342694397,5.027957342694397,5.027957342694397,5.027957342694397,5.027957342694397,5.027957342694397,5.027957342694397,5.027957342694397,5.027957342694397,5.027957342694397,5.027957342694397,5.027957342694397,5.027957342694397,5.027957342694397,5.027957342694397,5.027957342694397,5.027957342694397,5.027957342694397,5.027957342694397,5.027957342694397,5.027957342694397,5.027957342694397,5.027957342694397,5.027957342694397,5.027957342694397,5.027957342694397,5.027957342694397,5.027957342694397,5.027957342694397,5.027957342694397,5.027957342694397,5.027957342694397,5.027957342694397,5.027957342694397,5.027957342694397,5.027957342694397,5.027957342694397,5.027957342694397,5.027957342694397,5.027957342694397,5.027957342694397,5.027957342694397,5.027957342694397,5.027957342694397,5.027957342694397,5.027957342694397,5.027957342694397,5.027957342694397,5.027957342694397,5.027957342694397,5.027957342694397,5.027957342694397,5.027957342694397,5.027957342694397,5.027957342694397,5.027957342694397,5.027957342694397,5.027957342694397,5.027957342694397,5.027957342694397,5.027957342694397,5.027957342694397,5.027957342694397,5.027957342694397,5.027957342694397,5.027957342694397,5.027957342694397,5.027957342694397,5.027957342694397,5.027957342694397,5.027957342694397,5.027957342694397,5.027957342694397,5.027957342694397,5.027957342694397,5.027957342694397,5.027957342694397,5.027957342694397,5.027957342694397,5.027957342694397,5.027957342694397,5.027957342694397,5.027957342694397,5.027957342694397,5.027957342694397,5.027957342694397,5.027957342694397,5.027957342694397,5.027957342694397,5.027957342694397,5.027957342694397,5.027957342694397,5.027957342694397,5.027957342694397,5.027957342694397,5.027957342694397,5.027957342694397,5.027957342694397,5.027957342694397,5.027957342694397,5.027957342694397,5.027957342694397,5.027957342694397,5.027957342694397,5.027957342694397,5.027957342694397,5.027957342694397,5.027957342694397,5.027957342694397,5.027957342694397,5.027957342694397,5.027957342694397,5.027957342694397,5.027957342694397,5.027957342694397,5.027957342694397,5.027957342694397,5.027957342694397,5.027957342694397,5.027957342694397,5.027957342694397,5.027957342694397,5.027957342694397,5.027957342694397,5.027957342694397,5.027957342694397,5.027957342694397,5.027957342694397,5.027957342694397,5.027957342694397,5.027957342694397,5.027957342694397,5.027957342694397,5.027957342694397,5.027957342694397,5.027957342694397,5.027957342694397,5.027957342694397,5.027957342694397,5.027957342694397,5.027957342694397,5.027957342694397,5.027957342694397,5.027957342694397,5.027957342694397,5.027957342694397,5.027957342694397,5.027957342694397,5.027957342694397,5.027957342694397,5.027957342694397,5.027957342694397,5.027957342694397,5.027957342694397,5.027957342694397,5.027957342694397,5.027957342694397,5.027957342694397,5.027957342694397,5.027957342694397,5.027957342694397,5.027957342694397,5.027957342694397,5.027957342694397,5.027957342694397,5.027957342694397,5.027957342694397,5.027957342694397,5.027957342694397,5.027957342694397,5.027957342694397,5.027957342694397,5.027957342694397,5.027957342694397,5.027957342694397,5.027957342694397,5.027957342694397,5.027957342694397,5.027957342694397,5.027957342694397,5.027957342694397,5.027957342694397,5.027957342694397,5.027957342694397,5.027957342694397,5.027957342694397,5.027957342694397,5.027957342694397,5.027957342694397,5.027957342694397,5.027957342694397,5.027957342694397,5.027957342694397,5.027957342694397,5.027957342694397,5.027957342694397,5.027957342694397,5.027957342694397,5.027957342694397,5.027957342694397,5.027957342694397,5.027957342694397,5.027957342694397,5.027957342694397,5.027957342694397,5.027957342694397,5.027957342694397,5.027957342694397,5.027957342694397,5.027957342694397,5.027957342694397,5.027957342694397,5.027957342694397,5.027957342694397,5.027957342694397,5.027957342694397,5.027957342694397,5.027957342694397,5.027957342694397,5.027957342694397,5.027957342694397,5.027957342694397,5.027957342694397,5.027957342694397,5.027957342694397,5.027957342694397,5.027957342694397,5.027957342694397,5.027957342694397,5.027957342694397,5.027957342694397,5.027957342694397,5.027957342694397,5.027957342694397,5.027957342694397,5.027957342694397,5.027957342694397,5.027957342694397,5.027957342694397,5.027957342694397,5.027957342694397,5.027957342694397,5.027957342694397,5.027957342694397,5.027957342694397,5.027957342694397,5.027957342694397,5.027957342694397,5.027957342694397,5.027957342694397,5.027957342694397,5.027957342694397,5.027957342694397,5.027957342694397,5.027957342694397,5.027957342694397,5.027957342694397,5.027957342694397,5.027957342694397,5.027957342694397,5.027957342694397,5.027957342694397,5.027957342694397,5.027957342694397,5.027957342694397,5.027957342694397,5.027957342694397,5.027957342694397,5.027957342694397,5.027957342694397,5.027957342694397,5.027957342694397,5.027957342694397,5.027957342694397,5.027957342694397,5.027957342694397,5.027957342694397,5.027957342694397,5.027957342694397,5.027957342694397,5.027957342694397,5.027957342694397,5.027957342694397,5.027957342694397,5.027957342694397,5.027957342694397,5.027957342694397,5.027957342694397,5.027957342694397,5.027957342694397,5.027957342694397,5.027957342694397,5.027957342694397,5.027957342694397,5.027957342694397,5.027957342694397,5.027957342694397,5.027957342694397,5.027957342694397,5.027957342694397,5.027957342694397,5.027957342694397,5.027957342694397,5.027957342694397,5.027957342694397,5.027957342694397,5.027957342694397,5.027957342694397,5.027957342694397,5.027957342694397,5.027957342694397,5.027957342694397,5.027957342694397,5.027957342694397,5.027957342694397,5.027957342694397,5.027957342694397,5.027957342694397,5.027957342694397,5.027957342694397,5.027957342694397,5.027957342694397,5.027957342694397,5.027957342694397,5.027957342694397,5.027957342694397,5.027957342694397,5.027957342694397,5.027957342694397,5.027957342694397,5.027957342694397,5.027957342694397,5.027957342694397,5.027957342694397,5.027957342694397,5.027957342694397,5.027957342694397,5.027957342694397,5.027957342694397,5.027957342694397,5.027957342694397,5.027957342694397,5.027957342694397,5.027957342694397,5.027957342694397,5.027957342694397,5.027957342694397,5.027957342694397,5.027957342694397,5.027957342694397,5.027957342694397,5.027957342694397,5.027957342694397,5.027957342694397,5.027957342694397,5.027957342694397,5.027957342694397,5.027957342694397,5.027957342694397,5.027957342694397,5.027957342694397,5.027957342694397,5.027957342694397,5.027957342694397,5.027957342694397,5.027957342694397,5.027957342694397,5.027957342694397,5.027957342694397,5.027957342694397,5.027957342694397,5.027957342694397,5.027957342694397,5.027957342694397,5.027957342694397,5.027957342694397,5.027957342694397,5.027957342694397,5.027957342694397,5.027957342694397,5.027957342694397,5.027957342694397,5.027957342694397,5.027957342694397,5.027957342694397,5.027957342694397,5.027957342694397,5.027957342694397,5.027957342694397,5.027957342694397,5.027957342694397,5.027957342694397,5.027957342694397,5.027957342694397,5.027957342694397,5.027957342694397,5.027957342694397,5.027957342694397,5.027957342694397,5.027957342694397,5.027957342694397,5.027957342694397,5.027957342694397,5.027957342694397,5.027957342694397,5.027957342694397,5.027957342694397,5.027957342694397,5.027957342694397,5.027957342694397,5.027957342694397,5.027957342694397,5.027957342694397,5.027957342694397,5.027957342694397,5.027957342694397,5.027957342694397,5.027957342694397,5.027957342694397,5.027957342694397,5.027957342694397,5.027957342694397,5.027957342694397,5.027957342694397,5.027957342694397,5.027957342694397,5.027957342694397,5.027957342694397,5.027957342694397,5.027957342694397,5.027957342694397,5.027957342694397,5.027957342694397,5.027957342694397,5.027957342694397,5.027957342694397,5.027957342694397,5.027957342694397,5.027957342694397,5.027957342694397,5.027957342694397,5.027957342694397,5.027957342694397,5.027957342694397,5.027957342694397,5.027957342694397,5.027957342694397,5.027957342694397,5.027957342694397,5.027957342694397,5.027957342694397,5.027957342694397,5.027957342694397,5.027957342694397,5.027957342694397,5.027957342694397,5.027957342694397,5.027957342694397,5.027957342694397,5.027957342694397,5.027957342694397,5.027957342694397,5.027957342694397,5.027957342694397,5.027957342694397,5.027957342694397,5.027957342694397,5.027957342694397,5.027957342694397,5.027957342694397,5.027957342694397,5.027957342694397,5.027957342694397,5.027957342694397,5.027957342694397,5.027957342694397,5.027957342694397,5.027957342694397,5.027957342694397,5.027957342694397,5.027957342694397,5.027957342694397,5.027957342694397,5.027957342694397,5.027957342694397,5.027957342694397,5.027957342694397,5.027957342694397,5.027957342694397,5.027957342694397,5.027957342694397,5.027957342694397,5.027957342694397,5.027957342694397,5.027957342694397,5.027957342694397,5.027957342694397,5.027957342694397,5.027957342694397,5.027957342694397,5.027957342694397,5.027957342694397,5.027957342694397,6.901221689773478,6.901221689773478,6.618047458100668,6.618047458100668,6.618047458100668,6.618047458100668,6.618047458100668,6.618047458100668,6.618047458100668,6.618047458100668,6.618047458100668,6.618047458100668,6.618047458100668,6.445887257262667,6.445887257262667,6.445887257262667,6.445887257262667,6.445887257262667,6.445887257262667,6.445887257262667,6.445887257262667,6.445887257262667,6.445887257262667,6.445887257262667,6.445887257262667,6.445887257262667,6.445887257262667,6.445887257262667,6.445887257262667,6.445887257262667,6.445887257262667,5.841378177865076,5.841378177865076,5.664411263225704,5.664411263225704,5.664411263225704,5.664411263225704,5.637415294580713,5.637415294580713,5.637415294580713,5.637415294580713,5.637415294580713,5.637415294580713,5.637415294580713,5.637415294580713,5.637415294580713,5.637415294580713,5.637415294580713,5.637415294580713,5.637415294580713,5.637415294580713,5.637415294580713,5.637415294580713,5.637415294580713,5.637415294580713,5.6044224259419675,5.6044224259419675,5.6044224259419675,5.6044224259419675,5.6044224259419675,5.6044224259419675,5.6044224259419675,5.6044224259419675,5.6044224259419675,5.6044224259419675,5.6044224259419675,5.6044224259419675,5.6044224259419675,5.6044224259419675,5.6044224259419675,5.6044224259419675,5.6044224259419675,5.6044224259419675,5.6044224259419675,4.673542549912669,4.673542549912669,4.673542549912669,4.673542549912669,4.673542549912669,4.250502004385198,4.250502004385198,4.250502004385198,4.250502004385198,4.250502004385198,4.250502004385198,4.250502004385198,4.250502004385198,4.250502004385198,4.250502004385198,4.250502004385198,4.250502004385198,4.250502004385198,4.250502004385198,4.250502004385198,4.250502004385198,4.250502004385198,4.250502004385198,4.250502004385198,4.250502004385198,4.250502004385198,4.250502004385198,4.250502004385198,4.250502004385198,4.250502004385198,4.250502004385198,4.250502004385198,4.250502004385198,4.250502004385198,4.250502004385198,4.250502004385198,4.250502004385198,4.250502004385198,4.250502004385198,4.250502004385198,4.250502004385198,4.250502004385198,4.250502004385198,4.250502004385198,4.250502004385198,4.250502004385198,4.250502004385198,4.250502004385198,4.250502004385198,4.250502004385198,4.250502004385198,4.250502004385198,4.250502004385198,4.250502004385198,4.250502004385198,4.250502004385198,4.250502004385198,4.250502004385198,4.250502004385198,4.250502004385198,4.250502004385198,4.250502004385198,4.250502004385198,4.250502004385198,4.250502004385198,4.250502004385198,4.250502004385198,4.250502004385198,4.250502004385198,4.250502004385198,4.250502004385198,4.250502004385198,4.250502004385198,4.250502004385198,4.250502004385198,4.250502004385198,4.250502004385198,4.250502004385198,4.250502004385198,4.250502004385198,4.250502004385198,4.250502004385198,4.250502004385198,4.250502004385198,4.250502004385198,4.250502004385198,4.250502004385198,4.250502004385198,4.250502004385198,4.250502004385198,4.250502004385198,4.250502004385198,4.250502004385198,4.250502004385198,4.250502004385198,4.250502004385198,4.250502004385198,4.250502004385198,4.250502004385198,4.250502004385198,4.250502004385198,4.250502004385198,4.250502004385198,4.250502004385198,4.250502004385198,4.250502004385198,4.250502004385198,4.250502004385198,4.250502004385198,4.250502004385198,4.250502004385198,4.250502004385198,4.250502004385198,4.250502004385198,4.250502004385198,4.250502004385198,4.250502004385198,4.250502004385198,4.250502004385198,4.250502004385198,4.250502004385198,4.250502004385198,4.250502004385198,4.250502004385198,4.250502004385198,4.250502004385198,4.250502004385198,4.250502004385198,4.250502004385198,4.250502004385198,4.250502004385198,4.250502004385198,4.250502004385198,4.250502004385198,4.250502004385198,4.250502004385198,4.250502004385198,4.250502004385198,4.250502004385198,4.250502004385198,4.250502004385198,4.250502004385198,4.250502004385198,4.250502004385198,4.250502004385198,4.250502004385198,4.250502004385198,4.250502004385198,4.250502004385198,4.250502004385198,4.250502004385198,4.250502004385198,4.250502004385198,4.250502004385198,4.250502004385198,4.250502004385198,4.250502004385198,4.250502004385198,4.250502004385198,4.250502004385198,4.250502004385198,4.250502004385198,4.250502004385198,4.250502004385198,4.250502004385198,4.250502004385198,4.250502004385198,4.250502004385198,4.250502004385198,4.250502004385198,4.250502004385198,4.250502004385198,4.250502004385198,4.250502004385198,4.250502004385198,4.250502004385198,4.250502004385198,4.250502004385198,4.250502004385198,4.250502004385198,4.250502004385198,4.250502004385198,4.250502004385198,4.250502004385198,4.250502004385198,4.250502004385198,4.250502004385198,4.250502004385198,4.250502004385198,4.250502004385198,4.250502004385198,4.250502004385198,4.250502004385198,4.250502004385198,4.250502004385198,4.250502004385198,4.250502004385198,4.250502004385198,4.250502004385198,4.250502004385198,4.250502004385198,4.250502004385198,4.250502004385198,4.250502004385198,4.250502004385198,4.250502004385198,4.250502004385198,4.250502004385198,4.250502004385198,4.250502004385198,4.250502004385198,4.250502004385198,4.250502004385198,4.250502004385198,4.250502004385198,4.250502004385198,4.250502004385198,4.250502004385198,4.250502004385198,4.250502004385198,4.250502004385198,4.250502004385198,4.250502004385198,4.250502004385198,4.250502004385198,4.250502004385198,4.250502004385198,4.250502004385198,4.250502004385198,4.250502004385198,4.250502004385198,4.250502004385198,4.250502004385198,4.250502004385198,4.250502004385198,4.250502004385198,4.250502004385198,4.250502004385198,4.250502004385198,4.250502004385198,4.250502004385198,4.250502004385198,4.250502004385198,4.250502004385198,4.250502004385198,4.250502004385198,4.250502004385198,4.250502004385198,4.250502004385198,4.250502004385198,4.250502004385198,4.250502004385198,4.250502004385198,4.250502004385198,4.250502004385198,4.250502004385198,4.250502004385198,4.250502004385198,4.250502004385198,4.250502004385198,4.250502004385198,4.250502004385198,4.250502004385198,4.250502004385198,4.250502004385198,4.250502004385198,4.250502004385198,4.250502004385198,4.250502004385198,4.250502004385198,4.250502004385198,4.250502004385198,4.250502004385198,4.250502004385198,4.250502004385198,4.250502004385198,4.250502004385198,4.250502004385198,4.250502004385198,4.250502004385198,4.250502004385198,4.250502004385198,4.250502004385198,4.250502004385198,4.250502004385198,4.250502004385198,4.250502004385198,4.250502004385198,4.250502004385198,4.250502004385198,4.250502004385198,4.250502004385198,4.250502004385198,4.250502004385198,4.250502004385198,4.250502004385198,4.250502004385198,4.250502004385198,4.250502004385198,4.250502004385198,4.250502004385198,4.250502004385198,4.250502004385198,4.250502004385198,4.250502004385198,4.250502004385198,4.250502004385198,4.250502004385198,4.250502004385198,4.250502004385198,4.250502004385198,4.250502004385198,4.250502004385198,4.250502004385198,4.250502004385198,4.250502004385198,4.250502004385198,4.250502004385198,4.250502004385198,4.250502004385198,4.250502004385198,4.250502004385198,4.250502004385198,4.250502004385198,4.250502004385198,4.250502004385198,4.250502004385198,4.250502004385198,4.250502004385198,4.250502004385198,4.250502004385198,4.250502004385198,4.250502004385198,4.250502004385198,4.250502004385198,4.250502004385198,4.250502004385198,4.250502004385198,4.250502004385198,4.250502004385198,4.250502004385198,4.250502004385198,4.250502004385198,4.250502004385198,4.250502004385198,4.250502004385198,4.250502004385198,4.250502004385198,4.250502004385198,4.250502004385198,4.250502004385198,4.250502004385198,4.250502004385198,4.250502004385198,4.250502004385198,4.250502004385198,4.250502004385198,4.250502004385198,4.250502004385198,4.250502004385198,4.250502004385198,4.250502004385198,4.250502004385198,4.250502004385198,4.250502004385198,4.250502004385198,4.250502004385198,4.250502004385198,4.250502004385198,4.250502004385198,4.250502004385198,4.250502004385198,4.250502004385198,4.250502004385198,4.250502004385198,4.250502004385198,4.250502004385198,4.250502004385198,4.250502004385198,4.250502004385198,4.250502004385198,4.250502004385198,4.250502004385198,4.250502004385198,4.250502004385198,4.250502004385198,4.250502004385198,4.250502004385198,4.250502004385198,4.250502004385198,4.250502004385198,4.250502004385198,4.250502004385198,4.250502004385198,4.250502004385198,4.250502004385198,4.250502004385198,4.250502004385198,4.250502004385198,4.250502004385198,4.250502004385198,4.250502004385198,4.104795394343608,4.104795394343608,4.104795394343608,4.104795394343608,4.104795394343608,4.104795394343608,4.104795394343608,4.104795394343608,4.104795394343608,4.104795394343608,4.104795394343608,3.7152078422528314,3.7152078422528314,3.7152078422528314,3.7152078422528314,3.7152078422528314,3.7152078422528314,3.7152078422528314,3.7152078422528314,3.7152078422528314,3.7152078422528314,3.7152078422528314,3.7152078422528314,3.7152078422528314,3.7152078422528314,3.7152078422528314,3.7152078422528314,3.7152078422528314,3.7152078422528314,3.7152078422528314,3.7152078422528314,3.7152078422528314,3.7152078422528314,3.7152078422528314,3.7152078422528314,3.7152078422528314,3.7152078422528314,3.7152078422528314,3.7152078422528314,3.7152078422528314,3.7152078422528314,3.7152078422528314,3.7152078422528314,3.7152078422528314,3.7152078422528314,3.7152078422528314,3.7152078422528314,3.7152078422528314,3.7152078422528314,3.7152078422528314,3.7152078422528314,3.7152078422528314,3.7152078422528314,3.7152078422528314,3.7152078422528314,3.7152078422528314,3.7152078422528314,3.7152078422528314,3.7152078422528314,3.7152078422528314,3.7152078422528314,3.7152078422528314,3.7152078422528314,3.7152078422528314,3.7152078422528314,3.7152078422528314,3.7152078422528314,3.7152078422528314,3.7152078422528314,3.7152078422528314,3.7152078422528314,3.7152078422528314,3.7152078422528314,3.7152078422528314,3.7152078422528314,3.7152078422528314,3.7152078422528314,3.7152078422528314,3.7152078422528314,3.7152078422528314,3.7152078422528314,3.7152078422528314,3.7152078422528314,3.7152078422528314,3.7152078422528314,3.7152078422528314,3.7152078422528314,3.7152078422528314,3.7152078422528314,3.7152078422528314,3.7152078422528314,3.7152078422528314,3.7152078422528314,3.7152078422528314,3.7152078422528314,3.7152078422528314,3.7152078422528314,3.7152078422528314,3.7152078422528314,3.7152078422528314,3.7152078422528314,3.7152078422528314,3.7152078422528314,3.7152078422528314,3.7152078422528314,3.7152078422528314,3.7152078422528314,3.7152078422528314,3.7152078422528314,3.7152078422528314,3.7152078422528314,3.7152078422528314,3.7152078422528314,3.7152078422528314,3.7152078422528314,3.7152078422528314,3.7152078422528314,3.7152078422528314,3.7152078422528314,3.7152078422528314,3.7152078422528314,3.7152078422528314,3.7152078422528314,3.7152078422528314,3.7152078422528314,3.7152078422528314,3.7152078422528314,3.7152078422528314,3.7152078422528314,3.7152078422528314,3.7152078422528314,3.7152078422528314,3.7152078422528314,3.7152078422528314,3.7152078422528314,3.7152078422528314,3.7152078422528314,3.7152078422528314,3.7152078422528314,3.7152078422528314,3.7152078422528314,3.7152078422528314,3.7152078422528314,3.7152078422528314,3.7152078422528314,3.7152078422528314,3.7152078422528314,3.7152078422528314,3.7152078422528314,3.7152078422528314,3.7152078422528314,3.7152078422528314,3.7152078422528314,3.7152078422528314,3.7152078422528314,3.7152078422528314,3.7152078422528314,3.7152078422528314,3.7152078422528314,3.7152078422528314,3.7152078422528314,3.7152078422528314,3.7152078422528314,3.7152078422528314,3.7152078422528314,3.7152078422528314,3.7152078422528314,3.7152078422528314,3.7152078422528314,3.7152078422528314,3.7152078422528314,3.7152078422528314,3.7152078422528314,3.7152078422528314,3.7152078422528314,3.7152078422528314,3.7152078422528314,3.7152078422528314,3.7152078422528314,3.7152078422528314,3.7152078422528314,3.1029891202839095,3.1029891202839095,3.1029891202839095,3.1029891202839095,3.1029891202839095,3.1029891202839095,3.1029891202839095,3.1029891202839095,3.1029891202839095,3.1029891202839095,3.1029891202839095,3.1029891202839095,3.1029891202839095,3.1029891202839095,3.1029891202839095,3.1029891202839095,3.1029891202839095,3.1029891202839095,3.1029891202839095,3.1029891202839095,3.1029891202839095,3.1029891202839095,3.1029891202839095,3.1029891202839095,3.1029891202839095,3.1029891202839095,3.1029891202839095,3.1029891202839095,3.1029891202839095,3.1029891202839095,3.1029891202839095,3.1029891202839095,3.1029891202839095,3.1029891202839095,3.1029891202839095,3.1029891202839095,3.1029891202839095,3.1029891202839095,3.1029891202839095,3.1029891202839095,3.1029891202839095,3.1029891202839095,3.1029891202839095,3.1029891202839095,3.1029891202839095,3.1029891202839095,3.1029891202839095,3.1029891202839095,3.1029891202839095,3.1029891202839095,3.1029891202839095,3.1029891202839095,3.1029891202839095,3.1029891202839095,3.1029891202839095,3.1029891202839095,3.1029891202839095,3.1029891202839095,3.1029891202839095,3.1029891202839095,3.1029891202839095,3.1029891202839095,3.1029891202839095,3.1029891202839095,3.1029891202839095,3.1029891202839095,3.1029891202839095,3.1029891202839095,3.1029891202839095,3.1029891202839095,3.1029891202839095,3.1029891202839095,3.1029891202839095,3.1029891202839095,3.1029891202839095,3.1029891202839095,3.1029891202839095,3.1029891202839095,3.1029891202839095,3.1029891202839095,3.1029891202839095,3.1029891202839095,3.1029891202839095,3.1029891202839095,3.1029891202839095,3.1029891202839095,3.1029891202839095,3.1029891202839095,3.1029891202839095,3.1029891202839095,3.1029891202839095,3.1029891202839095,3.1029891202839095,3.1029891202839095,3.1029891202839095,3.1029891202839095,3.1029891202839095,3.1029891202839095,3.1029891202839095,3.1029891202839095,3.1029891202839095,3.1029891202839095,3.1029891202839095,3.1029891202839095,3.1029891202839095,3.1029891202839095,3.1029891202839095,3.1029891202839095,3.1029891202839095,3.1029891202839095,3.1029891202839095,3.1029891202839095,3.1029891202839095,3.1029891202839095,3.1029891202839095,3.1029891202839095,3.1029891202839095,3.1029891202839095,3.1029891202839095,3.1029891202839095,3.1029891202839095,3.1029891202839095,3.1029891202839095,3.1029891202839095,3.1029891202839095,3.1029891202839095,3.1029891202839095,3.1029891202839095,3.1029891202839095,3.1029891202839095,3.1029891202839095,3.1029891202839095,3.1029891202839095,3.1029891202839095,3.1029891202839095,3.1029891202839095,3.1029891202839095,3.1029891202839095,3.1029891202839095,3.1029891202839095,3.1029891202839095,3.1029891202839095,3.1029891202839095,3.1029891202839095,3.1029891202839095,3.1029891202839095,3.1029891202839095,3.1029891202839095,3.1029891202839095,3.1029891202839095,3.1029891202839095,3.1029891202839095,3.1029891202839095,3.1029891202839095,3.1029891202839095,3.1029891202839095,3.1029891202839095,3.1029891202839095,3.1029891202839095,3.1029891202839095,3.1029891202839095,3.1029891202839095,3.1029891202839095,3.1029891202839095,3.1029891202839095,3.1029891202839095,3.1029891202839095,3.1029891202839095,3.1029891202839095,3.1029891202839095,3.1029891202839095,3.1029891202839095,3.1029891202839095,3.1029891202839095,3.1029891202839095,3.1029891202839095,3.1029891202839095,3.1029891202839095,3.1029891202839095,3.1029891202839095,3.1029891202839095,3.1029891202839095,3.1029891202839095,3.1029891202839095,3.1029891202839095,3.1029891202839095,3.1029891202839095,3.1029891202839095,3.1029891202839095,3.1029891202839095,3.1029891202839095,3.1029891202839095,3.1029891202839095,3.1029891202839095,3.1029891202839095,3.1029891202839095,3.1029891202839095,3.1029891202839095,3.1029891202839095,3.1029891202839095,3.1029891202839095,3.1029891202839095,3.1029891202839095,3.1029891202839095,3.1029891202839095,3.1029891202839095,3.1029891202839095,3.1029891202839095,3.1029891202839095,3.1029891202839095,3.1029891202839095,3.1029891202839095,3.1029891202839095,3.1029891202839095,3.1029891202839095,3.1029891202839095,3.1029891202839095,3.1029891202839095,3.1029891202839095,3.1029891202839095,3.1029891202839095,3.1029891202839095,3.1029891202839095,3.1029891202839095,3.1029891202839095,3.1029891202839095,3.1029891202839095,3.1029891202839095,3.1029891202839095,3.1029891202839095,3.1029891202839095,3.1029891202839095,3.1029891202839095,3.1029891202839095,3.1029891202839095,3.1029891202839095,3.1029891202839095,3.1029891202839095,3.1029891202839095,3.1029891202839095,3.1029891202839095,3.1029891202839095,3.1029891202839095,3.1029891202839095,3.1029891202839095,3.1029891202839095,3.1029891202839095,3.1029891202839095,3.1029891202839095,3.1029891202839095,3.1029891202839095,3.1029891202839095,3.1029891202839095,3.1029891202839095,3.1029891202839095,3.1029891202839095,3.1029891202839095,3.1029891202839095,3.1029891202839095,3.1029891202839095,3.1029891202839095,3.1029891202839095,3.1029891202839095,3.1029891202839095,3.1029891202839095,3.1029891202839095,3.1029891202839095,3.1029891202839095,3.1029891202839095,3.1029891202839095,3.1029891202839095,3.1029891202839095,3.1029891202839095,3.1029891202839095,3.1029891202839095,3.1029891202839095,3.1029891202839095,3.1029891202839095,3.1029891202839095,3.1029891202839095,3.1029891202839095,3.1029891202839095,3.1029891202839095,3.1029891202839095,3.1029891202839095,3.1029891202839095,3.1029891202839095,3.1029891202839095,3.1029891202839095,3.1029891202839095,3.1029891202839095,3.1029891202839095,3.1029891202839095,3.1029891202839095,3.1029891202839095,3.1029891202839095,3.1029891202839095,3.1029891202839095,3.1029891202839095,3.1029891202839095,3.1029891202839095,3.1029891202839095,3.1029891202839095,3.1029891202839095,3.1029891202839095,3.1029891202839095,3.1029891202839095,3.1029891202839095,3.1029891202839095,3.1029891202839095,3.1029891202839095,3.1029891202839095,3.1029891202839095,3.1029891202839095,3.1029891202839095,3.1029891202839095,3.1029891202839095,3.1029891202839095,3.1029891202839095,3.1029891202839095,3.1029891202839095,3.1029891202839095,3.1029891202839095,3.1029891202839095,3.1029891202839095,3.1029891202839095,3.1029891202839095,3.1029891202839095,3.1029891202839095,3.1029891202839095,3.1029891202839095,3.1029891202839095,3.1029891202839095,3.1029891202839095,3.1029891202839095,3.1029891202839095,3.1029891202839095,3.1029891202839095,3.1029891202839095,3.1029891202839095,3.1029891202839095,3.1029891202839095,3.1029891202839095,6.703502845790667,6.5173904050925,6.453505623350191,6.453505623350191,6.453505623350191,6.453505623350191,6.453505623350191,6.453505623350191,6.453505623350191,6.453505623350191,6.453505623350191,6.453505623350191,6.453505623350191,6.453505623350191,6.29392834082109,6.29392834082109,6.29392834082109,6.29392834082109,6.29392834082109,6.29392834082109,6.29392834082109,6.29392834082109,6.29392834082109,6.29392834082109,6.29392834082109,5.892870729604368,4.793277418879771,4.633070630577557,4.633070630577557,4.633070630577557,4.633070630577557,4.633070630577557,4.633070630577557,4.633070630577557,4.633070630577557,4.580459841830362,4.580459841830362,4.580459841830362,4.580459841830362,4.580459841830362,4.580459841830362,4.580459841830362,4.580459841830362,4.580459841830362,4.580459841830362,4.580459841830362,4.580459841830362,4.580459841830362,4.580459841830362,4.580459841830362,4.580459841830362,4.580459841830362,4.580459841830362,4.580459841830362,4.580459841830362,4.580459841830362,4.580459841830362,4.580459841830362,4.580459841830362,4.580459841830362,4.580459841830362,4.580459841830362,4.580459841830362,4.580459841830362,4.580459841830362,4.580459841830362,4.580459841830362,4.580459841830362,4.580459841830362,4.580459841830362,4.580459841830362,4.580459841830362,4.580459841830362,4.580459841830362,4.580459841830362,4.580459841830362,4.580459841830362,4.580459841830362,4.580459841830362,4.580459841830362,4.580459841830362,4.580459841830362,4.580459841830362,4.580459841830362,4.580459841830362,4.580459841830362,4.580459841830362,4.580459841830362,4.580459841830362,4.580459841830362,4.580459841830362,4.580459841830362,4.580459841830362,4.580459841830362,4.580459841830362,4.580459841830362,4.580459841830362,4.580459841830362,4.580459841830362,4.580459841830362,4.580459841830362,4.580459841830362,4.580459841830362,4.580459841830362,4.580459841830362,4.580459841830362,4.580459841830362,4.580459841830362,4.580459841830362,4.580459841830362,4.580459841830362,4.580459841830362,4.580459841830362,4.580459841830362,4.580459841830362,4.580459841830362,4.580459841830362,4.580459841830362,4.580459841830362,4.580459841830362,4.580459841830362,4.580459841830362,4.580459841830362,4.580459841830362,4.580459841830362,4.580459841830362,4.580459841830362,4.580459841830362,4.580459841830362,4.580459841830362,4.580459841830362,4.580459841830362,4.580459841830362,4.580459841830362,4.580459841830362,4.580459841830362,4.580459841830362,4.580459841830362,4.580459841830362,4.580459841830362,4.580459841830362,4.580459841830362,4.580459841830362,4.580459841830362,4.580459841830362,4.580459841830362,4.580459841830362,4.580459841830362,4.580459841830362,4.580459841830362,4.580459841830362,4.580459841830362,4.580459841830362,4.580459841830362,4.580459841830362,4.580459841830362,4.580459841830362,4.580459841830362,4.580459841830362,4.580459841830362,4.580459841830362,4.580459841830362,4.580459841830362,4.580459841830362,4.580459841830362,4.580459841830362,4.580459841830362,4.580459841830362,4.580459841830362,4.580459841830362,4.580459841830362,4.580459841830362,4.580459841830362,4.580459841830362,4.580459841830362,4.580459841830362,4.580459841830362,4.580459841830362,4.580459841830362,4.580459841830362,4.580459841830362,4.580459841830362,4.580459841830362,4.580459841830362,4.580459841830362,4.580459841830362,4.580459841830362,4.580459841830362,4.580459841830362,4.580459841830362,4.580459841830362,4.580459841830362,4.338211635839633,4.338211635839633,4.338211635839633,4.3032150679846835,4.3032150679846835,4.3032150679846835,4.3032150679846835,4.3032150679846835,4.3032150679846835,4.3032150679846835,4.3032150679846835,4.3032150679846835,4.3032150679846835,4.3032150679846835,4.3032150679846835,4.3032150679846835,4.3032150679846835,4.3032150679846835,4.3032150679846835,4.3032150679846835,4.3032150679846835,4.3032150679846835,4.3032150679846835,4.3032150679846835,4.3032150679846835,4.3032150679846835,4.3032150679846835,4.3032150679846835,4.3032150679846835,4.3032150679846835,4.3032150679846835,4.3032150679846835,4.3032150679846835,4.3032150679846835,4.3032150679846835,4.3032150679846835,4.3032150679846835,4.3032150679846835,4.3032150679846835,4.3032150679846835,4.3032150679846835,4.3032150679846835,4.3032150679846835,4.3032150679846835,4.3032150679846835,4.3032150679846835,4.3032150679846835,4.3032150679846835,4.3032150679846835,4.3032150679846835,4.3032150679846835,4.3032150679846835,4.3032150679846835,4.3032150679846835,4.3032150679846835,4.3032150679846835,4.3032150679846835,4.3032150679846835,4.3032150679846835,4.3032150679846835,4.3032150679846835,4.3032150679846835,4.3032150679846835,4.3032150679846835,4.3032150679846835,4.3032150679846835,4.3032150679846835,4.3032150679846835,4.3032150679846835,4.3032150679846835,4.3032150679846835,4.3032150679846835,4.3032150679846835,4.3032150679846835,4.3032150679846835,4.3032150679846835,4.3032150679846835,4.3032150679846835,4.3032150679846835,4.3032150679846835,4.3032150679846835,4.3032150679846835,4.3032150679846835,4.3032150679846835,4.3032150679846835,4.3032150679846835,4.3032150679846835,4.3032150679846835,4.3032150679846835,4.3032150679846835,4.3032150679846835,4.3032150679846835,4.3032150679846835,4.3032150679846835,4.3032150679846835,4.3032150679846835,4.3032150679846835,4.3032150679846835,4.3032150679846835,4.3032150679846835,4.3032150679846835,4.3032150679846835,4.3032150679846835,4.3032150679846835,4.3032150679846835,4.3032150679846835,4.3032150679846835,4.3032150679846835,4.3032150679846835,4.3032150679846835,4.3032150679846835,4.3032150679846835,4.3032150679846835,4.3032150679846835,4.3032150679846835,4.3032150679846835,4.3032150679846835,4.3032150679846835,4.3032150679846835,4.3032150679846835,4.3032150679846835,4.3032150679846835,4.3032150679846835,4.3032150679846835,4.3032150679846835,4.3032150679846835,4.3032150679846835,4.3032150679846835,4.3032150679846835,4.3032150679846835,4.3032150679846835,4.3032150679846835,4.3032150679846835,4.3032150679846835,4.3032150679846835,4.3032150679846835,4.3032150679846835,4.3032150679846835,4.3032150679846835,4.3032150679846835,4.3032150679846835,4.3032150679846835,4.3032150679846835,4.3032150679846835,4.3032150679846835,4.3032150679846835,4.3032150679846835,4.3032150679846835,4.3032150679846835,4.3032150679846835,4.3032150679846835,4.3032150679846835,4.3032150679846835,4.3032150679846835,4.3032150679846835,4.3032150679846835,4.3032150679846835,4.3032150679846835,4.3032150679846835,4.3032150679846835,4.3032150679846835,4.3032150679846835,4.3032150679846835,4.3032150679846835,4.3032150679846835,4.3032150679846835,4.3032150679846835,4.3032150679846835,4.3032150679846835,4.3032150679846835,4.3032150679846835,4.3032150679846835,4.3032150679846835,4.3032150679846835,4.3032150679846835,4.3032150679846835,4.3032150679846835,4.3032150679846835,4.3032150679846835,4.3032150679846835,4.3032150679846835,4.3032150679846835,4.3032150679846835,4.3032150679846835,4.3032150679846835,4.3032150679846835,4.3032150679846835,4.3032150679846835,4.3032150679846835,4.3032150679846835,4.3032150679846835,4.3032150679846835,4.3032150679846835,4.3032150679846835,4.3032150679846835,4.3032150679846835,4.3032150679846835,4.3032150679846835,4.3032150679846835,4.3032150679846835,4.3032150679846835,4.3032150679846835,4.3032150679846835,4.3032150679846835,4.3032150679846835,4.3032150679846835,4.3032150679846835,4.3032150679846835,4.3032150679846835,4.3032150679846835,4.3032150679846835,4.3032150679846835,4.3032150679846835,4.3032150679846835,4.3032150679846835,4.3032150679846835,4.3032150679846835,4.3032150679846835,4.3032150679846835,4.3032150679846835,4.3032150679846835,4.3032150679846835,4.3032150679846835,4.3032150679846835,4.3032150679846835,4.3032150679846835,4.3032150679846835,4.3032150679846835,4.3032150679846835,4.3032150679846835,4.3032150679846835,4.3032150679846835,4.3032150679846835,4.3032150679846835,4.3032150679846835,4.3032150679846835,4.3032150679846835,4.3032150679846835,4.3032150679846835,4.3032150679846835,4.3032150679846835,4.3032150679846835,4.3032150679846835,4.3032150679846835,4.3032150679846835,4.3032150679846835,4.3032150679846835,4.3032150679846835,4.3032150679846835,4.3032150679846835,4.3032150679846835,4.3032150679846835,4.3032150679846835,4.3032150679846835,4.3032150679846835,4.3032150679846835,4.3032150679846835,4.3032150679846835,4.3032150679846835,4.3032150679846835,4.3032150679846835,4.3032150679846835,4.3032150679846835,4.3032150679846835,4.3032150679846835,4.3032150679846835,4.3032150679846835,4.3032150679846835,4.3032150679846835,4.3032150679846835,4.3032150679846835,4.3032150679846835,4.3032150679846835,4.3032150679846835,4.3032150679846835,4.3032150679846835,4.3032150679846835,4.3032150679846835,4.3032150679846835,4.3032150679846835,4.3032150679846835,4.3032150679846835,4.3032150679846835,4.3032150679846835,4.3032150679846835,4.3032150679846835,4.3032150679846835,4.3032150679846835,4.3032150679846835,4.3032150679846835,4.3032150679846835,4.3032150679846835,4.3032150679846835,4.3032150679846835,4.3032150679846835,4.3032150679846835,4.3032150679846835,4.3032150679846835,4.3032150679846835,4.3032150679846835,4.3032150679846835,4.3032150679846835,4.3032150679846835,4.3032150679846835,4.3032150679846835,4.3032150679846835,4.3032150679846835,4.3032150679846835,4.3032150679846835,4.3032150679846835,4.3032150679846835,4.3032150679846835,4.3032150679846835,4.3032150679846835,4.3032150679846835,4.3032150679846835,4.3032150679846835,4.3032150679846835,4.3032150679846835,4.3032150679846835,4.3032150679846835,4.3032150679846835,4.3032150679846835,4.3032150679846835,4.3032150679846835,4.3032150679846835,4.3032150679846835,4.3032150679846835,4.3032150679846835,4.3032150679846835,4.3032150679846835,4.3032150679846835,4.3032150679846835,4.3032150679846835,4.3032150679846835,4.3032150679846835,4.3032150679846835,4.3032150679846835,4.3032150679846835,4.3032150679846835,4.3032150679846835,4.3032150679846835,4.3032150679846835,4.3032150679846835,4.3032150679846835,4.3032150679846835,4.3032150679846835,4.3032150679846835,4.3032150679846835,4.3032150679846835,4.3032150679846835,4.3032150679846835,4.3032150679846835,4.3032150679846835,4.3032150679846835,4.3032150679846835,4.3032150679846835,4.3032150679846835,4.3032150679846835,4.3032150679846835,4.3032150679846835,4.3032150679846835,4.3032150679846835,4.3032150679846835,4.3032150679846835,4.3032150679846835,4.3032150679846835,4.3032150679846835,4.3032150679846835,4.3032150679846835,4.3032150679846835,4.3032150679846835,4.3032150679846835,4.3032150679846835,4.3032150679846835,4.3032150679846835,4.3032150679846835,4.3032150679846835,4.3032150679846835,4.3032150679846835,4.3032150679846835,4.3032150679846835,4.3032150679846835,4.3032150679846835,4.3032150679846835,4.3032150679846835,4.3032150679846835,4.3032150679846835,4.3032150679846835,4.3032150679846835,4.3032150679846835,4.3032150679846835,4.3032150679846835,4.3032150679846835,4.3032150679846835,4.3032150679846835,4.3032150679846835,4.3032150679846835,4.3032150679846835,4.3032150679846835,4.3032150679846835,4.3032150679846835,4.3032150679846835,4.3032150679846835,4.3032150679846835,4.3032150679846835,4.3032150679846835,4.3032150679846835,4.3032150679846835,4.3032150679846835,4.3032150679846835,4.3032150679846835,4.3032150679846835,4.3032150679846835,4.3032150679846835,4.3032150679846835,4.3032150679846835,4.3032150679846835,4.3032150679846835,4.3032150679846835,4.3032150679846835,4.3032150679846835,4.3032150679846835,4.3032150679846835,4.3032150679846835,4.3032150679846835,4.3032150679846835,4.3032150679846835,4.3032150679846835,4.3032150679846835,4.3032150679846835,4.3032150679846835,4.3032150679846835,4.3032150679846835,4.3032150679846835,4.3032150679846835,4.3032150679846835,4.3032150679846835,4.3032150679846835,4.3032150679846835,4.3032150679846835,4.3032150679846835,4.3032150679846835,4.3032150679846835,4.3032150679846835,4.3032150679846835,4.3032150679846835,4.3032150679846835,4.3032150679846835,4.3032150679846835,4.3032150679846835,4.3032150679846835,4.3032150679846835,4.3032150679846835,4.3032150679846835,4.3032150679846835,4.3032150679846835,4.3032150679846835,4.3032150679846835,4.3032150679846835,4.3032150679846835,4.3032150679846835,4.3032150679846835,4.3032150679846835,4.243266922981061,4.243266922981061,4.243266922981061,4.243266922981061,4.243266922981061,4.243266922981061,4.243266922981061,4.243266922981061,4.243266922981061,4.243266922981061,4.243266922981061,4.243266922981061,4.243266922981061,4.243266922981061,4.243266922981061,4.243266922981061,4.243266922981061,4.243266922981061,4.243266922981061,4.243266922981061,4.243266922981061,4.243266922981061,4.243266922981061,4.243266922981061,4.243266922981061,4.243266922981061,4.243266922981061,4.243266922981061,4.243266922981061,4.243266922981061,4.243266922981061,4.243266922981061,4.243266922981061,4.243266922981061,4.243266922981061,4.243266922981061,4.243266922981061,4.243266922981061,4.243266922981061,4.243266922981061,4.243266922981061,4.243266922981061,4.243266922981061,4.243266922981061,4.243266922981061,4.243266922981061,4.243266922981061,4.243266922981061,4.243266922981061,4.243266922981061,4.243266922981061,4.243266922981061,4.243266922981061,4.243266922981061,4.243266922981061,4.243266922981061,4.243266922981061,4.243266922981061,4.243266922981061,4.243266922981061,4.243266922981061,4.243266922981061,4.243266922981061,4.243266922981061,4.243266922981061,4.243266922981061,4.243266922981061,4.243266922981061,4.243266922981061,4.243266922981061,4.243266922981061,4.243266922981061,4.243266922981061,4.243266922981061,4.243266922981061,4.243266922981061,4.243266922981061,4.243266922981061,4.243266922981061,4.243266922981061,4.243266922981061,4.243266922981061,4.243266922981061,4.243266922981061,4.243266922981061,4.243266922981061,4.243266922981061,4.243266922981061,4.243266922981061,4.243266922981061,4.243266922981061,4.243266922981061,4.243266922981061,4.243266922981061,4.243266922981061,4.243266922981061,4.243266922981061,4.243266922981061,4.243266922981061,4.243266922981061,4.243266922981061,4.243266922981061,4.243266922981061,4.243266922981061,4.243266922981061,4.243266922981061,4.243266922981061,4.243266922981061,4.243266922981061,4.243266922981061,4.243266922981061,4.243266922981061,4.243266922981061,4.243266922981061,4.243266922981061,4.243266922981061,4.243266922981061,4.243266922981061,4.243266922981061,4.243266922981061,4.243266922981061,4.243266922981061,4.243266922981061,4.243266922981061,4.243266922981061,4.243266922981061,4.243266922981061,4.243266922981061,4.243266922981061,4.243266922981061,4.243266922981061,4.243266922981061,4.243266922981061,4.243266922981061,4.243266922981061,4.243266922981061,4.243266922981061,4.243266922981061,4.243266922981061,4.243266922981061,4.243266922981061,4.243266922981061,4.243266922981061,4.243266922981061,4.243266922981061,4.243266922981061,4.243266922981061,4.243266922981061,4.243266922981061,4.243266922981061,4.243266922981061,4.243266922981061,4.243266922981061,4.243266922981061,4.243266922981061,4.243266922981061,4.243266922981061,4.243266922981061,4.243266922981061,4.243266922981061,4.243266922981061,4.243266922981061,4.243266922981061,4.243266922981061,4.243266922981061,4.243266922981061,4.243266922981061,4.243266922981061,4.243266922981061,4.243266922981061,4.243266922981061,4.243266922981061,4.243266922981061,4.243266922981061,4.243266922981061,4.243266922981061,4.243266922981061,4.243266922981061,4.243266922981061,4.243266922981061,4.243266922981061,4.243266922981061,4.243266922981061,4.243266922981061,4.243266922981061,4.243266922981061,4.243266922981061,4.243266922981061,4.243266922981061,4.243266922981061,4.243266922981061,4.243266922981061,4.243266922981061,4.243266922981061,4.243266922981061,4.243266922981061,4.243266922981061,4.243266922981061,4.243266922981061,4.243266922981061,4.243266922981061,4.243266922981061,4.243266922981061,4.243266922981061,4.243266922981061,4.243266922981061,4.243266922981061,4.243266922981061,4.243266922981061,4.243266922981061,4.243266922981061,4.243266922981061,4.243266922981061,4.243266922981061,4.243266922981061,4.243266922981061,4.243266922981061,4.243266922981061,4.243266922981061,4.243266922981061,4.243266922981061,4.243266922981061,4.243266922981061,4.243266922981061,4.243266922981061,4.243266922981061,4.243266922981061,4.243266922981061,4.243266922981061,4.243266922981061,4.243266922981061,4.243266922981061,4.243266922981061,4.243266922981061,4.243266922981061,4.243266922981061,4.243266922981061,4.243266922981061,4.243266922981061,4.243266922981061,4.243266922981061,4.243266922981061,4.243266922981061,4.243266922981061,4.243266922981061,4.243266922981061,4.243266922981061,4.243266922981061,4.243266922981061,4.243266922981061,4.243266922981061,4.243266922981061,4.243266922981061,4.243266922981061,4.243266922981061,4.243266922981061,4.243266922981061,4.243266922981061,4.243266922981061,4.243266922981061,4.243266922981061,4.243266922981061,4.243266922981061,4.243266922981061,4.243266922981061,4.243266922981061,4.243266922981061,4.243266922981061,4.243266922981061,4.243266922981061,4.243266922981061,4.243266922981061,4.243266922981061,4.243266922981061,4.243266922981061,4.243266922981061,4.243266922981061,4.243266922981061,4.243266922981061,4.243266922981061,4.243266922981061,4.243266922981061,4.243266922981061,4.243266922981061,4.243266922981061,4.243266922981061,4.243266922981061,4.243266922981061,4.243266922981061,4.243266922981061,4.243266922981061,4.243266922981061,4.243266922981061,4.243266922981061,4.243266922981061,4.243266922981061,4.243266922981061,4.243266922981061,4.243266922981061,4.243266922981061,4.243266922981061,4.243266922981061,4.243266922981061,4.243266922981061,4.243266922981061,4.243266922981061,4.243266922981061,4.243266922981061,4.243266922981061,4.243266922981061,4.243266922981061,4.243266922981061,4.243266922981061,4.243266922981061,4.243266922981061,4.243266922981061,4.243266922981061,4.243266922981061,4.243266922981061,4.243266922981061,4.243266922981061,4.243266922981061,4.243266922981061,4.243266922981061,4.243266922981061,4.243266922981061,4.243266922981061,4.243266922981061,4.243266922981061,4.243266922981061,4.243266922981061,4.243266922981061,4.243266922981061,4.243266922981061,4.243266922981061,4.243266922981061,4.243266922981061,4.243266922981061,4.243266922981061,4.243266922981061,4.243266922981061,4.243266922981061,4.243266922981061,4.243266922981061,8.586312585508168,8.293350136264799,8.293350136264799,8.293350136264799,8.293350136264799,8.293350136264799,8.293350136264799,7.778211499458857,6.954778524149321,6.954778524149321,6.954778524149321,6.954778524149321,6.954778524149321,6.954778524149321,6.954778524149321,6.954778524149321,6.954778524149321,5.779342103745885,5.779342103745885,5.779342103745885,5.779342103745885,5.766230930023393,5.766230930023393,5.766230930023393,5.766230930023393,5.766230930023393,5.766230930023393,5.766230930023393,5.766230930023393,5.36408545084328,5.36408545084328,5.36408545084328,5.36408545084328,5.36408545084328,5.36408545084328,5.36408545084328,5.36408545084328,5.283120649326037,5.283120649326037,5.283120649326037,5.283120649326037,5.1845423386513,5.1845423386513,5.1845423386513,5.1845423386513,5.1845423386513,5.1845423386513,5.1845423386513,5.1845423386513,5.1845423386513,5.1845423386513,5.1845423386513,5.1845423386513,5.1845423386513,5.1845423386513,5.1845423386513,5.1845423386513,5.1845423386513,5.1845423386513,5.1845423386513,5.1845423386513,5.1845423386513,5.1845423386513,5.1845423386513,5.1845423386513,5.1845423386513,5.1845423386513,5.1845423386513,5.1845423386513,5.1845423386513,5.1845423386513,5.1845423386513,5.1845423386513,5.1845423386513,5.1845423386513,5.1845423386513,5.1845423386513,5.1845423386513,5.1845423386513,5.1845423386513,5.1845423386513,5.1845423386513,5.1845423386513,5.1845423386513,5.1845423386513,5.1845423386513,5.1845423386513,5.1845423386513,5.1845423386513,5.1845423386513,5.1845423386513,5.1845423386513,5.1845423386513,5.1845423386513,5.1845423386513,5.1845423386513,5.1845423386513,5.1845423386513,5.1845423386513,5.1845423386513,5.1845423386513,5.1845423386513,5.1845423386513,5.1845423386513,5.1845423386513,5.1845423386513,5.1845423386513,5.1845423386513,5.1845423386513,5.1845423386513,5.1845423386513,5.1845423386513,5.1845423386513,5.1845423386513,5.1845423386513,5.1845423386513,5.1845423386513,5.1845423386513,5.1845423386513,5.1845423386513,5.1845423386513,5.1845423386513,5.1845423386513,5.1845423386513,5.1845423386513,5.1845423386513,5.1845423386513,5.1845423386513,5.1845423386513,5.1845423386513,5.1845423386513,5.1845423386513,5.1845423386513,5.1845423386513,5.1845423386513,5.1845423386513,5.1845423386513,5.1845423386513,5.1845423386513,5.1845423386513,5.1845423386513,5.1845423386513,5.1845423386513,5.1845423386513,5.1845423386513,5.1845423386513,5.1845423386513,5.1845423386513,5.1845423386513,5.1845423386513,5.1845423386513,5.1845423386513,5.1845423386513,5.1845423386513,5.1845423386513,5.1845423386513,5.1845423386513,5.1845423386513,5.1845423386513,5.1845423386513,5.1845423386513,5.1845423386513,5.1845423386513,5.1845423386513,5.1845423386513,5.1845423386513,5.1845423386513,5.1845423386513,5.1845423386513,5.1845423386513,5.1845423386513,5.1845423386513,5.1845423386513,5.1845423386513,5.1845423386513,5.1845423386513,5.1845423386513,5.1845423386513,5.1845423386513,5.1845423386513,5.1845423386513,5.1845423386513,5.1845423386513,5.1845423386513,5.1845423386513,5.1845423386513,5.1845423386513,5.1845423386513,5.1845423386513,5.1845423386513,5.1845423386513,5.1845423386513,5.1845423386513,5.1845423386513,5.1845423386513,5.1845423386513,5.1845423386513,5.1845423386513,5.1845423386513,5.1845423386513,5.1845423386513,5.1845423386513,5.1845423386513,5.1845423386513,5.1845423386513,5.1845423386513,5.1845423386513,5.1845423386513,5.1845423386513,5.1845423386513,5.1845423386513,5.1845423386513,5.1845423386513,5.1845423386513,5.1845423386513,5.1845423386513,5.1845423386513,5.1845423386513,5.1845423386513,5.1845423386513,5.1845423386513,5.1845423386513,5.1845423386513,5.1845423386513,5.1845423386513,5.1845423386513,5.1845423386513,5.1845423386513,5.1845423386513,5.1845423386513,5.1845423386513,5.1845423386513,5.1845423386513,5.1845423386513,5.1845423386513,5.1845423386513,5.1845423386513,5.1845423386513,5.1845423386513,5.1845423386513,5.1845423386513,5.1845423386513,5.1845423386513,5.1845423386513,5.1845423386513,5.1845423386513,5.1845423386513,5.1845423386513,5.1845423386513,5.1845423386513,5.1845423386513,5.1845423386513,5.1845423386513,5.1845423386513,5.1845423386513,5.1845423386513,5.1845423386513,5.1845423386513,5.1845423386513,5.1845423386513,5.1845423386513,5.1845423386513,5.1845423386513,5.1845423386513,5.1845423386513,5.1845423386513,5.1845423386513,5.1845423386513,5.1845423386513,5.1845423386513,5.1845423386513,5.1845423386513,5.1845423386513,5.1845423386513,5.1845423386513,5.1845423386513,5.1845423386513,5.1845423386513,5.1845423386513,5.1845423386513,5.1845423386513,5.1845423386513,5.1845423386513,5.1845423386513,5.1845423386513,5.1845423386513,5.1845423386513,5.1845423386513,5.1845423386513,5.1845423386513,5.1845423386513,5.1845423386513,5.1845423386513,5.1845423386513,5.1845423386513,5.1845423386513,5.1845423386513,5.1845423386513,5.1845423386513,5.1845423386513,5.1845423386513,5.1845423386513,5.1845423386513,5.1845423386513,5.1845423386513,5.1845423386513,5.1845423386513,5.1845423386513,5.1845423386513,5.1845423386513,5.1845423386513,5.1845423386513,5.1845423386513,5.1845423386513,5.1845423386513,5.1845423386513,5.1845423386513,5.1845423386513,5.1845423386513,5.1845423386513,5.1845423386513,5.1845423386513,5.1845423386513,5.1845423386513,5.1845423386513,5.1845423386513,5.1845423386513,5.1845423386513,5.1845423386513,5.1845423386513,5.1845423386513,5.1845423386513,5.1845423386513,5.1845423386513,5.1845423386513,5.1845423386513,5.1845423386513,5.1845423386513,5.1845423386513,5.1845423386513,5.1845423386513,5.1845423386513,5.1845423386513,5.1845423386513,5.1845423386513,5.1845423386513,5.1845423386513,5.1845423386513,5.1845423386513,5.1845423386513,5.1845423386513,5.1845423386513,5.1845423386513,5.1845423386513,5.1845423386513,5.1845423386513,5.1845423386513,5.1845423386513,5.1845423386513,5.1845423386513,5.1845423386513,5.1845423386513,5.1845423386513,5.1845423386513,5.1845423386513,5.1845423386513,5.1845423386513,5.1845423386513,5.1845423386513,5.1845423386513,5.1845423386513,5.1845423386513,5.1845423386513,5.1845423386513,5.1845423386513,5.1845423386513,5.1845423386513,5.1845423386513,5.1845423386513,5.1845423386513,5.1845423386513,5.1845423386513,5.1845423386513,5.1845423386513,5.1845423386513,5.1845423386513,5.1845423386513,5.1845423386513,5.1845423386513,5.1845423386513,5.1845423386513,5.1845423386513,5.1845423386513,5.1845423386513,5.1845423386513,5.1845423386513,5.1845423386513,5.1845423386513,5.1845423386513,5.1845423386513,5.1845423386513,5.1845423386513,5.1845423386513,5.1845423386513,5.1845423386513,5.1845423386513,5.1845423386513,5.1845423386513,5.1845423386513,5.1845423386513,5.1845423386513,5.1845423386513,5.1845423386513,5.1845423386513,5.1845423386513,5.1845423386513,5.1845423386513,5.1845423386513,5.1845423386513,5.1845423386513,5.1845423386513,5.1845423386513,5.1845423386513,5.1845423386513,5.1845423386513,5.1845423386513,5.1845423386513,5.1845423386513,5.1845423386513,5.1845423386513,5.1845423386513,5.1845423386513,5.1845423386513,5.1845423386513,5.1845423386513,5.1845423386513,5.1845423386513,5.1845423386513,5.1845423386513,5.1845423386513,5.1845423386513,5.1845423386513,5.1845423386513,5.1845423386513,5.1845423386513,5.1845423386513,5.1845423386513,5.1845423386513,5.1845423386513,5.1845423386513,5.1845423386513,5.1845423386513,5.1845423386513,5.1845423386513,5.1845423386513,5.1845423386513,5.1845423386513,5.1845423386513,5.1845423386513,5.1845423386513,5.1845423386513,5.1845423386513,5.1845423386513,5.1845423386513,5.1845423386513,5.1845423386513,5.1845423386513,5.1845423386513,5.1845423386513,5.1845423386513,5.1845423386513,5.1845423386513,5.1845423386513,5.1845423386513,5.1845423386513,5.1845423386513,5.1845423386513,5.1845423386513,5.1845423386513,5.1845423386513,5.1845423386513,5.1845423386513,5.1845423386513,5.1845423386513,5.1845423386513,5.1845423386513,5.1845423386513,5.1845423386513,5.1845423386513,5.1845423386513,5.1845423386513,5.1845423386513,5.1845423386513,5.1845423386513,5.1845423386513,5.1845423386513,5.1845423386513,5.1845423386513,5.1845423386513,5.1845423386513,5.1845423386513,5.1845423386513,5.1845423386513,5.1845423386513,5.1845423386513,5.1845423386513,5.1845423386513,5.1845423386513,5.1845423386513,5.1845423386513,5.1845423386513,5.1845423386513,5.1845423386513,5.1845423386513,5.1845423386513,5.1845423386513,5.1845423386513,5.1845423386513,5.1845423386513,5.1845423386513,5.1845423386513,5.1845423386513,5.1845423386513,5.1845423386513,5.1845423386513,5.1845423386513,5.1845423386513,5.1845423386513,5.1845423386513,5.1845423386513,5.1845423386513,5.1845423386513,5.1845423386513,5.1845423386513,5.1845423386513,5.1845423386513,5.1845423386513,5.1845423386513,5.1845423386513,5.1845423386513,5.1845423386513,5.1845423386513,5.1845423386513,5.1845423386513,5.1845423386513,5.1845423386513,5.1845423386513,5.1845423386513,5.1845423386513,5.1845423386513,5.1845423386513,5.1845423386513,5.1845423386513,5.1845423386513,5.1845423386513,5.1845423386513,5.1845423386513,5.1845423386513,5.1845423386513,5.1845423386513,5.1845423386513,5.1845423386513,5.1845423386513,5.1845423386513,5.1845423386513,5.1845423386513,5.1845423386513,5.1845423386513,5.1845423386513,5.1845423386513,5.1845423386513,5.1845423386513,5.1845423386513,5.1845423386513,5.1845423386513,5.1845423386513,5.1845423386513,5.1845423386513,5.1845423386513,5.1845423386513,5.1845423386513,5.1845423386513,5.1845423386513,5.1845423386513,5.1845423386513,5.1845423386513,5.1845423386513,5.1845423386513,5.1845423386513,5.1845423386513,5.1845423386513,5.1845423386513,5.1845423386513,5.1845423386513,5.1845423386513,5.1845423386513,5.1845423386513,5.1845423386513,5.1845423386513,5.1845423386513,5.1845423386513,5.1845423386513,5.1845423386513,5.1845423386513,5.1845423386513,5.1845423386513,5.1845423386513,5.1845423386513,5.1845423386513,5.1845423386513,5.1845423386513,5.1845423386513,5.1845423386513,5.1845423386513,5.1845423386513,5.1845423386513,5.1845423386513,5.1845423386513,5.1845423386513,5.1845423386513,5.1845423386513,5.1845423386513,5.1845423386513,5.1845423386513,5.1845423386513,5.1845423386513,5.1845423386513,5.1845423386513,5.1845423386513,5.1845423386513,5.1845423386513,5.1845423386513,5.1845423386513,5.1845423386513,5.1845423386513,5.1845423386513,5.1845423386513,5.1845423386513,5.1845423386513,5.1845423386513,5.1845423386513,5.1845423386513,5.1845423386513,5.1845423386513,5.1845423386513,5.1845423386513,5.1845423386513,5.1845423386513,5.1845423386513,5.1845423386513,5.1845423386513,5.1845423386513,5.1845423386513,5.1845423386513,5.1845423386513,5.1845423386513,5.1845423386513,5.1845423386513,5.1845423386513,5.1845423386513,5.1845423386513,5.1845423386513,5.1845423386513,5.1845423386513,5.1845423386513,5.1845423386513,5.1845423386513,5.1845423386513,5.1845423386513,5.1845423386513,5.1845423386513,5.1845423386513,5.1845423386513,5.1845423386513,5.1845423386513,5.1845423386513,5.1845423386513,5.1845423386513,5.1845423386513,5.1845423386513,5.1845423386513,5.1845423386513,5.1845423386513,5.1845423386513,5.1845423386513,5.1845423386513,5.1845423386513,5.1845423386513,5.1845423386513,5.1845423386513,5.1845423386513,5.1845423386513,5.1845423386513,5.1845423386513,5.1845423386513,5.1845423386513,5.1845423386513,5.1845423386513,5.1845423386513,5.1845423386513,5.1845423386513,5.1845423386513,5.1845423386513,5.1845423386513,5.1845423386513,5.1845423386513,5.1845423386513,5.1845423386513,5.1845423386513,5.1845423386513,5.1845423386513,5.1845423386513,5.1845423386513,5.1845423386513,5.1845423386513,5.1845423386513,5.1845423386513,5.1845423386513,5.1845423386513,5.1845423386513,5.1845423386513,5.1845423386513,5.1845423386513,5.1845423386513,5.1845423386513,5.1845423386513,5.1845423386513,5.1845423386513,5.1845423386513,5.1845423386513,5.1845423386513,5.1845423386513,5.1845423386513,5.1845423386513,5.1845423386513,5.1845423386513,5.1845423386513,5.1845423386513,5.1845423386513,5.1845423386513,5.1845423386513,5.1845423386513,5.1845423386513,5.1845423386513,5.1845423386513,5.1845423386513,5.1845423386513,5.1845423386513,5.1845423386513,5.1845423386513,5.1845423386513,5.1845423386513,5.1845423386513,5.1845423386513,5.1845423386513,5.1845423386513,5.1845423386513,5.1845423386513,5.1845423386513,5.1845423386513,5.1845423386513,5.1845423386513,5.1845423386513,5.1845423386513,5.1845423386513,5.1845423386513,5.1845423386513,5.1845423386513,5.1845423386513,5.1845423386513,5.1845423386513,5.1845423386513,5.1845423386513,5.1845423386513,5.1845423386513,5.1845423386513,5.1845423386513,5.1845423386513,5.1845423386513,5.1845423386513,5.1845423386513,5.1845423386513,5.1845423386513,5.1845423386513,5.1845423386513,5.1845423386513,5.1845423386513,5.1845423386513,5.1845423386513,5.1845423386513,5.1845423386513,5.1845423386513,5.1845423386513,5.1845423386513,5.1845423386513,5.1845423386513,5.1845423386513,5.1845423386513,5.1845423386513,5.1845423386513,5.1845423386513,5.1845423386513,5.1845423386513,5.1845423386513,5.1845423386513,5.1845423386513,5.1845423386513,5.1845423386513,5.1845423386513,5.1845423386513,5.1845423386513,5.1845423386513,5.1845423386513,5.1845423386513,5.1845423386513,5.1845423386513,5.1845423386513,5.1845423386513,5.1845423386513,5.1845423386513,5.1845423386513,5.1845423386513,5.1845423386513,5.1845423386513,5.1845423386513,5.1845423386513,5.1845423386513,5.1845423386513,5.1845423386513,5.1845423386513,5.1845423386513,5.1845423386513,5.1845423386513,5.1845423386513,5.1845423386513,5.1845423386513,5.1845423386513,5.1845423386513,5.1845423386513,5.1845423386513,5.1845423386513,5.1845423386513,5.1845423386513,5.1845423386513,5.1845423386513,5.1845423386513,5.1845423386513,5.1845423386513,5.1845423386513,5.1845423386513,5.1845423386513,5.1845423386513,5.1845423386513,5.1845423386513,5.1845423386513,5.1845423386513,5.1845423386513,5.1845423386513,5.1845423386513,5.1845423386513,5.1845423386513,5.1845423386513,5.1845423386513,5.1845423386513,5.1845423386513,5.1845423386513,5.1845423386513,5.1845423386513,5.1845423386513,5.1845423386513,5.1845423386513,5.1845423386513,5.1845423386513,5.1845423386513,5.1845423386513,5.1845423386513,5.1845423386513,5.1845423386513,5.1845423386513,5.1845423386513,5.1845423386513,5.1845423386513,5.1845423386513,5.1845423386513,5.1845423386513,5.1845423386513,5.1845423386513,5.1845423386513,5.1845423386513,5.1845423386513,5.1845423386513,5.1845423386513,5.1845423386513,5.1845423386513,5.1845423386513,5.1845423386513,5.1845423386513,5.1845423386513,5.1845423386513,5.1845423386513,5.1845423386513,5.1845423386513,5.1845423386513,5.1845423386513,5.1845423386513,5.1845423386513,5.1845423386513,5.1845423386513,5.1845423386513,5.1845423386513,5.1845423386513,5.1845423386513,5.1845423386513,5.1845423386513,5.1845423386513,5.1845423386513,5.1845423386513,5.1845423386513,5.1845423386513,5.1845423386513,5.1845423386513,5.1845423386513,5.1845423386513,5.1845423386513,5.1845423386513,5.1845423386513,5.1845423386513,5.1845423386513,5.1845423386513,5.1845423386513,5.1845423386513,5.1845423386513,5.1845423386513,5.1845423386513,5.1845423386513,5.1845423386513,5.1845423386513,5.1845423386513,5.1845423386513,5.1845423386513,5.1845423386513,5.1845423386513,5.1845423386513,5.1845423386513,5.1845423386513,5.1845423386513,5.1845423386513,5.1845423386513,5.1845423386513,5.1845423386513,5.1845423386513,5.1845423386513,5.1845423386513,5.1845423386513,5.1845423386513,5.1845423386513,5.1845423386513,5.1845423386513,5.1845423386513,5.1845423386513,5.1845423386513,5.1845423386513,5.1845423386513,5.1845423386513,5.1845423386513,5.1845423386513,5.1845423386513,5.1845423386513,5.1845423386513,5.1845423386513,5.1845423386513,5.1845423386513,5.1845423386513,5.1845423386513,5.1845423386513,5.1845423386513,5.1845423386513,5.1845423386513,5.1845423386513,5.1845423386513,5.1845423386513,5.1845423386513,5.1845423386513,5.1845423386513,5.1845423386513,5.1845423386513,5.1845423386513,5.1845423386513,5.1845423386513,5.1845423386513,5.1845423386513,5.1845423386513,5.1845423386513,5.1845423386513,5.1845423386513,5.1845423386513,5.1845423386513,5.1845423386513,5.1845423386513,5.1845423386513,6.6768226226187055,6.183276205704215,6.183276205704215,6.183276205704215,6.183276205704215,6.183276205704215,6.124315818537373,6.124315818537373,6.124315818537373,6.124315818537373,6.124315818537373,6.124315818537373,5.789999617378303,5.183139637483766,5.183139637483766,5.121609150437251,5.121609150437251,5.121609150437251,5.121609150437251,5.121609150437251,5.121609150437251,5.121609150437251,5.121609150437251,5.121609150437251,5.121609150437251,5.121609150437251,5.121609150437251,5.121609150437251,5.121609150437251,5.121609150437251,5.121609150437251,5.121609150437251,5.121609150437251,5.121609150437251,5.121609150437251,4.284046984511642,4.284046984511642,4.284046984511642,4.284046984511642,3.6059223635784403,3.002431196355044,3.002431196355044,3.002431196355044,3.002431196355044,3.002431196355044,3.002431196355044,3.002431196355044,2.9740371658452407,2.9740371658452407,2.9740371658452407,2.9740371658452407,2.9740371658452407,2.9740371658452407,2.9740371658452407,2.9740371658452407,2.9740371658452407,2.9740371658452407,2.9740371658452407,2.9740371658452407,2.9740371658452407,2.9740371658452407,2.9740371658452407,2.9740371658452407,2.9740371658452407,2.9740371658452407,2.9740371658452407,2.9740371658452407,2.9740371658452407,2.9740371658452407,2.9740371658452407,2.9740371658452407,2.9740371658452407,2.9740371658452407,2.9740371658452407,2.9740371658452407,2.9740371658452407,2.9740371658452407,2.9740371658452407,2.9740371658452407,2.9740371658452407,2.9740371658452407,2.9740371658452407,2.9740371658452407,2.9740371658452407,2.9740371658452407,2.9740371658452407,2.9740371658452407,2.9740371658452407,2.9740371658452407,2.9740371658452407,2.9740371658452407,2.9740371658452407,2.9740371658452407,2.9740371658452407,2.9740371658452407,2.9740371658452407,2.9740371658452407,2.9740371658452407,2.9740371658452407,2.9740371658452407,2.9740371658452407,2.9740371658452407,2.9740371658452407,2.9740371658452407,2.9740371658452407,2.9740371658452407,2.9740371658452407,2.9740371658452407,2.9740371658452407,2.9740371658452407,2.9740371658452407,2.9740371658452407,2.9740371658452407,2.9740371658452407,2.9740371658452407,2.9740371658452407,2.9740371658452407,2.9740371658452407,2.9740371658452407,2.9740371658452407,2.9740371658452407,2.9740371658452407,2.9740371658452407,2.9740371658452407,2.9740371658452407,2.9740371658452407,2.9740371658452407,2.9740371658452407,2.9740371658452407,2.9740371658452407,2.9740371658452407,2.9740371658452407,2.9740371658452407,2.9740371658452407,2.9740371658452407,2.9740371658452407,2.9740371658452407,2.9740371658452407,2.9740371658452407,2.9740371658452407,2.9740371658452407,2.9740371658452407,2.9740371658452407,2.9740371658452407,2.9740371658452407,2.9740371658452407,2.9740371658452407,2.9740371658452407,2.9740371658452407,2.9740371658452407,2.9740371658452407,2.9740371658452407,2.9740371658452407,2.9740371658452407,2.9740371658452407,2.9740371658452407,2.9740371658452407,2.9740371658452407,2.9740371658452407,2.9740371658452407,2.9740371658452407,2.9740371658452407,2.9740371658452407,2.9740371658452407,2.9740371658452407,2.9740371658452407,2.9740371658452407,2.9740371658452407,2.9740371658452407,2.9740371658452407,2.9740371658452407,2.9740371658452407,2.9740371658452407,2.9740371658452407,2.9740371658452407,2.9740371658452407,2.9740371658452407,2.9740371658452407,2.9740371658452407,2.9740371658452407,2.9740371658452407,2.9740371658452407,2.9740371658452407,2.9740371658452407,2.9740371658452407,2.9740371658452407,2.9740371658452407,2.9740371658452407,2.9740371658452407,2.9740371658452407,2.9740371658452407,2.9740371658452407,2.9740371658452407,2.9740371658452407,2.9740371658452407,2.9740371658452407,2.9740371658452407,2.9740371658452407,2.9740371658452407,2.9740371658452407,2.9740371658452407,2.9740371658452407,2.9740371658452407,2.9740371658452407,2.9740371658452407,2.9740371658452407,2.9740371658452407,2.9740371658452407,2.9740371658452407,2.9740371658452407,2.9740371658452407,2.9740371658452407,2.9740371658452407,2.9740371658452407,2.9740371658452407,2.9740371658452407,2.9740371658452407,2.9740371658452407,2.9740371658452407,2.9740371658452407,2.9740371658452407,2.9740371658452407,2.9740371658452407,2.9740371658452407,2.9740371658452407,2.9740371658452407,2.9740371658452407,2.9740371658452407,2.9740371658452407,2.9740371658452407,2.9740371658452407,2.9740371658452407,2.9740371658452407,2.9740371658452407,2.9740371658452407,2.9740371658452407,2.9740371658452407,2.9740371658452407,2.9740371658452407,2.9740371658452407,2.9740371658452407,2.9740371658452407,2.9740371658452407,2.9740371658452407,2.9740371658452407,2.9740371658452407,2.9740371658452407,2.9740371658452407,2.9740371658452407,2.9740371658452407,2.9740371658452407,2.9740371658452407,2.9740371658452407,2.9740371658452407,2.9740371658452407,2.9740371658452407,2.9740371658452407,2.9740371658452407,2.9740371658452407,2.9740371658452407,2.9740371658452407,2.9740371658452407,2.9740371658452407,2.9740371658452407,2.9740371658452407,2.9740371658452407,2.9740371658452407,2.9740371658452407,2.9740371658452407,2.9740371658452407,2.9740371658452407,2.9740371658452407,2.9740371658452407,2.9740371658452407,2.9740371658452407,2.9740371658452407,2.9740371658452407,2.9740371658452407,2.9740371658452407,2.9740371658452407,2.9740371658452407,2.9740371658452407,2.9740371658452407,2.9740371658452407,2.9740371658452407,2.9740371658452407,2.9740371658452407,2.9740371658452407,2.9740371658452407,2.9740371658452407,2.9740371658452407,2.9740371658452407,2.9740371658452407,2.9740371658452407,2.9740371658452407,2.9740371658452407,2.9740371658452407,2.9740371658452407,2.9740371658452407,2.9740371658452407,2.9740371658452407,2.9740371658452407,2.9740371658452407,2.9740371658452407,2.9740371658452407,2.9740371658452407,2.9740371658452407,2.9740371658452407,2.9740371658452407,2.9740371658452407,2.9740371658452407,2.9740371658452407,2.9740371658452407,2.9740371658452407,2.9740371658452407,2.9740371658452407,2.9740371658452407,2.9740371658452407,2.9740371658452407,2.9740371658452407,2.9740371658452407,2.9740371658452407,2.9740371658452407,2.9740371658452407,2.9740371658452407,2.9740371658452407,2.9740371658452407,2.9740371658452407,2.9740371658452407,2.9740371658452407,2.9740371658452407,2.9740371658452407,2.9740371658452407,2.9740371658452407,2.9740371658452407,2.9740371658452407,2.9740371658452407,2.9740371658452407,2.9740371658452407,2.9740371658452407,2.9740371658452407,2.9740371658452407,2.9740371658452407,2.9740371658452407,2.9740371658452407,2.9740371658452407,2.9740371658452407,2.9740371658452407,2.9740371658452407,2.9740371658452407,2.9740371658452407,2.9740371658452407,2.9740371658452407,2.9740371658452407,2.9740371658452407,2.9740371658452407,2.9740371658452407,2.9740371658452407,2.9740371658452407,2.9740371658452407,2.9740371658452407,2.9740371658452407,2.9740371658452407,2.9740371658452407,2.9740371658452407,2.9740371658452407,2.9740371658452407,2.9740371658452407,2.9740371658452407,2.9740371658452407,2.9740371658452407,2.9740371658452407,2.9740371658452407,2.9740371658452407,2.9740371658452407,2.9740371658452407,2.9740371658452407,2.9740371658452407,2.9740371658452407,2.9740371658452407,2.9740371658452407,2.9740371658452407,2.9740371658452407,2.9740371658452407,2.9740371658452407,2.9740371658452407,2.9740371658452407,2.9740371658452407,2.9740371658452407,2.9740371658452407,2.9740371658452407,2.9740371658452407,2.9740371658452407,2.9740371658452407,2.9740371658452407,2.9740371658452407,2.9740371658452407,2.9740371658452407,2.9740371658452407,2.9740371658452407,2.9740371658452407,2.9740371658452407,2.9740371658452407,2.9740371658452407,2.9740371658452407,2.9740371658452407,2.9740371658452407,2.9740371658452407,2.9740371658452407,2.9740371658452407,2.9740371658452407,2.9740371658452407,2.9740371658452407,2.9740371658452407,2.9740371658452407,2.9740371658452407,2.9740371658452407,2.9740371658452407,2.9740371658452407,2.9740371658452407,2.9740371658452407,2.9740371658452407,2.9740371658452407,2.9740371658452407,2.9740371658452407,2.9740371658452407,2.9740371658452407,2.9740371658452407,2.9740371658452407,2.9740371658452407,2.9740371658452407,2.9740371658452407,2.9740371658452407,2.9740371658452407,2.9740371658452407,2.9740371658452407,2.9740371658452407,2.9740371658452407,2.9740371658452407,2.9740371658452407,2.9740371658452407,2.9740371658452407,2.9740371658452407,2.9740371658452407,2.9740371658452407,2.9740371658452407,2.9740371658452407,2.9740371658452407,2.9740371658452407,2.9740371658452407,2.9740371658452407,2.9740371658452407,2.9740371658452407,2.9740371658452407,2.9740371658452407,2.9740371658452407,2.9740371658452407,2.9740371658452407,2.9740371658452407,2.9740371658452407,2.9740371658452407,2.9740371658452407,2.9740371658452407,2.9740371658452407,2.9740371658452407,2.9740371658452407,2.9740371658452407,2.9740371658452407,2.9740371658452407,2.9740371658452407,2.9740371658452407,2.9740371658452407,2.9740371658452407,2.9740371658452407,2.9740371658452407,2.9740371658452407,2.9740371658452407,2.9740371658452407,2.9740371658452407,2.9740371658452407,2.9740371658452407,2.9740371658452407,2.9740371658452407,2.9740371658452407,2.9740371658452407,2.9740371658452407,2.9740371658452407,2.9740371658452407,2.9740371658452407,2.9740371658452407,2.9740371658452407,2.9740371658452407,2.9740371658452407,2.9740371658452407,2.9740371658452407,2.9740371658452407,2.9740371658452407,2.9740371658452407,2.9740371658452407,2.9740371658452407,2.9740371658452407,2.9740371658452407,2.9740371658452407,2.9740371658452407,2.9740371658452407,2.9740371658452407,2.9740371658452407,2.9740371658452407,2.9740371658452407,2.9740371658452407,2.9740371658452407,2.9740371658452407,2.9740371658452407,2.9740371658452407,2.9740371658452407,2.9740371658452407,2.9740371658452407,2.9740371658452407,2.9740371658452407,2.9740371658452407,2.9740371658452407,2.9740371658452407,2.9740371658452407,2.9740371658452407,2.9740371658452407,2.9740371658452407,2.9740371658452407,2.9740371658452407,2.9740371658452407,2.9740371658452407,2.9740371658452407,2.9740371658452407,2.9740371658452407,2.9740371658452407,2.9740371658452407,2.9740371658452407,2.9740371658452407,2.9740371658452407,2.9740371658452407,2.9740371658452407,2.9740371658452407,2.9740371658452407,2.9740371658452407,2.9740371658452407,2.9740371658452407,2.9740371658452407,2.9740371658452407,2.9740371658452407,2.9740371658452407,2.9740371658452407,2.9740371658452407,2.9740371658452407,2.9740371658452407,2.9740371658452407,2.9740371658452407,2.9740371658452407,2.9740371658452407,2.9740371658452407,2.9740371658452407,2.9740371658452407,2.9740371658452407,2.9740371658452407,2.9740371658452407,2.9740371658452407,2.9740371658452407,2.9740371658452407,2.9740371658452407,2.9740371658452407,2.9740371658452407,2.9740371658452407,2.9740371658452407,2.9740371658452407,2.9740371658452407,2.9740371658452407,2.9740371658452407,2.9740371658452407,2.9740371658452407,2.9740371658452407,2.9740371658452407,2.9740371658452407,2.9740371658452407,2.9740371658452407,2.9740371658452407,2.9740371658452407,2.9740371658452407,2.9740371658452407,2.9740371658452407,2.9740371658452407,2.9740371658452407,2.9740371658452407,2.9740371658452407,2.9740371658452407,2.9740371658452407,2.9740371658452407,2.9740371658452407,2.9740371658452407,2.9740371658452407,2.9740371658452407,2.9740371658452407,2.9740371658452407,2.9740371658452407,2.9740371658452407,2.9740371658452407,2.9740371658452407,2.9740371658452407,2.9740371658452407,2.9740371658452407,2.9740371658452407,2.9740371658452407,2.9740371658452407,2.9740371658452407,2.9740371658452407,2.9740371658452407,2.9740371658452407,2.9740371658452407,2.9740371658452407,2.9740371658452407,2.9740371658452407,2.9740371658452407,2.9740371658452407,2.9740371658452407,2.9740371658452407,2.9740371658452407,2.9740371658452407,2.9740371658452407,2.9740371658452407,2.9740371658452407,2.9740371658452407,2.9740371658452407,2.9740371658452407,2.9740371658452407,2.9740371658452407,2.9740371658452407,2.9740371658452407,2.9740371658452407,2.9740371658452407,2.9740371658452407,2.9740371658452407,2.9740371658452407,2.9740371658452407,2.9740371658452407,2.9740371658452407,2.9740371658452407,2.9740371658452407,2.9740371658452407,2.9740371658452407,2.9740371658452407,2.9740371658452407,2.9740371658452407,2.9740371658452407,2.9740371658452407,2.9740371658452407,2.9740371658452407,2.9740371658452407,2.9740371658452407,2.9740371658452407,2.9740371658452407,2.9740371658452407,2.9740371658452407,2.9740371658452407,2.9740371658452407,2.9740371658452407,2.9740371658452407,2.9740371658452407,2.9740371658452407,2.9740371658452407,2.9740371658452407,2.9740371658452407,2.9740371658452407,2.9740371658452407,2.9740371658452407,2.9740371658452407,2.9740371658452407,2.9740371658452407,2.9740371658452407,2.9740371658452407,2.9740371658452407,2.9740371658452407,2.9740371658452407,2.9740371658452407,2.9740371658452407,2.9740371658452407,2.9740371658452407,2.9740371658452407,2.9740371658452407,2.9740371658452407,2.9740371658452407,2.9740371658452407,2.9740371658452407,2.9740371658452407,2.9740371658452407,2.9740371658452407,2.9740371658452407,2.9740371658452407,2.9740371658452407,2.9740371658452407,2.9740371658452407,2.9740371658452407,2.9740371658452407,2.9740371658452407,2.9740371658452407,2.9740371658452407,2.9740371658452407,2.9740371658452407,2.9740371658452407,2.9740371658452407,2.9740371658452407,2.9740371658452407,2.9740371658452407,2.9740371658452407,2.9740371658452407,2.9740371658452407,2.9740371658452407,2.9740371658452407,2.9740371658452407,2.9740371658452407,2.9740371658452407,2.9740371658452407,2.9740371658452407,2.9740371658452407,2.9740371658452407,2.9740371658452407,2.9740371658452407,2.9740371658452407,2.9740371658452407,2.9740371658452407,2.9740371658452407,2.9740371658452407,2.9740371658452407,2.9740371658452407,2.9740371658452407,2.9740371658452407,2.9740371658452407,2.9740371658452407,2.9740371658452407,2.9740371658452407,2.9740371658452407,2.9740371658452407,2.9740371658452407,2.9740371658452407,2.9740371658452407,2.9740371658452407,2.9740371658452407,2.9740371658452407,2.9740371658452407,2.9740371658452407,2.9740371658452407,2.9740371658452407,2.9740371658452407,2.9740371658452407,2.9740371658452407,2.9740371658452407,2.9740371658452407,2.9740371658452407,2.9740371658452407,2.9740371658452407,2.9740371658452407,2.9740371658452407,2.9740371658452407,2.9740371658452407,2.9740371658452407,2.9740371658452407,2.9740371658452407,2.9740371658452407,2.9740371658452407,2.9740371658452407,2.9740371658452407,2.9740371658452407,2.9740371658452407,2.9740371658452407,2.9740371658452407,2.9740371658452407,2.9740371658452407,2.9740371658452407,2.9740371658452407,2.9740371658452407,2.9740371658452407,2.9740371658452407,2.9740371658452407,2.9740371658452407,2.9740371658452407,2.9740371658452407,2.9740371658452407,2.9740371658452407,2.9740371658452407,2.9740371658452407,2.9740371658452407,2.9740371658452407,2.9740371658452407,2.9740371658452407,2.9740371658452407,2.9740371658452407,2.9740371658452407,2.9740371658452407,2.9740371658452407,2.9740371658452407,2.9740371658452407,2.9740371658452407,2.9740371658452407,2.9740371658452407,2.9740371658452407,2.9740371658452407,2.9740371658452407,2.9740371658452407,2.9740371658452407,2.9740371658452407,2.9740371658452407,2.9740371658452407,2.9740371658452407,2.9740371658452407,2.9740371658452407,2.9740371658452407,2.9740371658452407,2.9740371658452407,2.9740371658452407,2.9740371658452407,2.9740371658452407,2.9740371658452407,2.9740371658452407,2.9740371658452407,2.9740371658452407,2.9740371658452407,2.9740371658452407,2.9740371658452407,2.9740371658452407,2.9740371658452407,2.9740371658452407,2.9740371658452407,2.9740371658452407,2.9740371658452407,2.9740371658452407,2.9740371658452407,2.9740371658452407,2.9740371658452407,2.9740371658452407,2.9740371658452407,2.9740371658452407,2.9740371658452407,2.9740371658452407,2.9740371658452407,2.9740371658452407,2.9740371658452407,2.9740371658452407,2.9740371658452407,2.9740371658452407,2.9740371658452407,2.9740371658452407,2.9740371658452407,2.9740371658452407,2.9740371658452407,2.9740371658452407,2.9740371658452407,2.9740371658452407,2.9740371658452407,2.9740371658452407,2.9740371658452407,2.9740371658452407,2.9740371658452407,2.9740371658452407,2.9740371658452407,2.9740371658452407,2.9740371658452407,2.9740371658452407,2.9740371658452407,2.9740371658452407,2.9740371658452407,2.9740371658452407,2.9740371658452407,2.9740371658452407,2.9740371658452407,2.9740371658452407,2.9740371658452407,2.9740371658452407,2.9740371658452407,2.9740371658452407,2.9740371658452407,2.9740371658452407,2.9740371658452407,2.9740371658452407,2.9740371658452407,2.9740371658452407,2.9740371658452407,2.9740371658452407,2.9740371658452407,2.9740371658452407,2.9740371658452407,2.9740371658452407,2.9740371658452407,2.9740371658452407,2.9740371658452407,2.9740371658452407,2.9740371658452407,2.9740371658452407,2.9740371658452407,2.9740371658452407,2.9740371658452407,2.9740371658452407,2.9740371658452407,2.9740371658452407,2.9740371658452407,2.9740371658452407,2.9740371658452407,2.9740371658452407,2.9740371658452407,2.9740371658452407,2.9740371658452407,2.9740371658452407,2.9740371658452407,2.9740371658452407,2.9740371658452407,2.9740371658452407,2.9740371658452407,2.9740371658452407,2.9740371658452407,2.9740371658452407,2.9740371658452407,2.9740371658452407,2.9740371658452407,2.9740371658452407,2.9740371658452407,2.9740371658452407,2.9740371658452407,2.9740371658452407,2.9740371658452407,2.9740371658452407,2.9740371658452407,2.9740371658452407,2.9740371658452407,2.9740371658452407,2.9740371658452407,2.9740371658452407,2.9740371658452407,2.9740371658452407,2.9740371658452407,2.9740371658452407,2.9740371658452407,2.9740371658452407,2.9740371658452407,2.9740371658452407,2.9740371658452407,2.9740371658452407,2.9740371658452407,2.9740371658452407,2.9740371658452407,2.9740371658452407,2.9740371658452407,2.9740371658452407,2.9740371658452407,2.9740371658452407,2.9740371658452407,2.9740371658452407,2.9740371658452407,2.9740371658452407,2.9740371658452407,2.9740371658452407,2.9740371658452407,2.9740371658452407,2.9740371658452407,2.9740371658452407,2.9740371658452407,2.9740371658452407,2.9740371658452407,2.9740371658452407,2.9740371658452407,2.9740371658452407,2.9740371658452407,2.9740371658452407,2.9740371658452407,2.9740371658452407,2.9740371658452407,2.9740371658452407,2.9740371658452407,2.9740371658452407,2.9740371658452407,2.9740371658452407,2.9740371658452407,2.9740371658452407,2.9740371658452407,2.9740371658452407,2.9740371658452407,2.9740371658452407,2.9740371658452407,2.9740371658452407,2.9740371658452407,2.9740371658452407,2.9740371658452407,2.9740371658452407,2.9740371658452407,2.9740371658452407,2.9740371658452407,2.9740371658452407,2.9740371658452407,2.9740371658452407,2.9740371658452407,2.9740371658452407,2.9740371658452407,2.9740371658452407,2.9740371658452407,2.9740371658452407,2.9740371658452407,9.580499399764529,9.370095111417863,8.393200741736763,8.393200741736763,8.254724430052581,8.142922379594017,7.806825585222186,7.806825585222186,6.694545762174873,6.694545762174873,6.694545762174873,6.68005331602445,6.68005331602445,6.68005331602445,6.68005331602445,6.68005331602445,6.68005331602445,6.68005331602445,6.68005331602445,6.68005331602445,6.68005331602445,6.68005331602445,6.68005331602445,6.68005331602445,6.68005331602445,6.68005331602445,6.68005331602445,6.68005331602445,6.68005331602445,6.68005331602445,6.680053316024449,6.680053316024449,6.680053316024449,6.680053316024449,6.680053316024449,6.680053316024449,6.680053316024449,6.680053316024449,6.680053316024449,6.680053316024449,6.680053316024449,6.680053316024449,6.680053316024449,6.680053316024449,6.680053316024449,6.680053316024449,6.680053316024449,6.680053316024449,6.680053316024449,6.680053316024449,6.680053316024449,6.680053316024449,6.680053316024449,6.680053316024449,6.680053316024449,6.680053316024449,6.680053316024449,6.680053316024449,6.680053316024449,6.680053316024449,6.680053316024449,6.680053316024449,6.680053316024449,6.680053316024449,6.680053316024449,6.680053316024449,6.680053316024449,6.680053316024449,6.680053316024449,6.680053316024449,6.680053316024449,6.680053316024449,6.680053316024449,6.680053316024449,6.680053316024449,6.680053316024449,6.680053316024449,6.680053316024449,6.680053316024449,5.885574455037959,5.203061552277043,5.203061552277043,5.203061552277043,5.203061552277043,5.203061552277043,5.203061552277043,5.203061552277043,5.203061552277043,5.203061552277043,5.203061552277043,5.203061552277043,5.181243306282956,5.181243306282956,5.181243306282956,5.181243306282956,5.181243306282956,5.181243306282956,5.181243306282956,5.181243306282956,5.181243306282956,5.181243306282956,5.181243306282956,5.181243306282956,5.181243306282956,5.181243306282956,5.181243306282956,5.181243306282956,5.181243306282956,5.181243306282956,5.181243306282956,5.181243306282956,5.181243306282956,5.181243306282956,5.181243306282956,5.181243306282956,5.181243306282956,5.181243306282956,5.181243306282956,5.181243306282956,5.181243306282956,5.181243306282956,5.181243306282956,5.181243306282956,5.181243306282956,5.181243306282956,5.181243306282956,5.181243306282956,5.181243306282956,5.181243306282956,5.181243306282956,5.176090947899639,5.176090947899639,5.176090947899639,5.176090947899639,5.176090947899639,5.176090947899639,5.176090947899639,5.176090947899639,5.176090947899639,5.176090947899639,5.176090947899639,5.176090947899639,5.176090947899639,5.176090947899639,5.176090947899639,5.176090947899639,5.176090947899639,5.176090947899639,5.176090947899639,5.176090947899639,5.176090947899639,5.176090947899639,5.176090947899639,5.176090947899639,5.176090947899639,5.176090947899639,5.176090947899639,5.176090947899639,5.176090947899639,5.176090947899639,5.176090947899639,5.176090947899639,5.176090947899639,5.176090947899639,5.176090947899639,5.176090947899639,5.176090947899639,5.176090947899639,5.176090947899639,5.176090947899639,5.176090947899639,5.176090947899639,5.176090947899639,5.176090947899639,5.176090947899639,5.176090947899639,5.176090947899639,5.176090947899639,5.176090947899639,5.176090947899639,5.176090947899639,5.176090947899639,5.176090947899639,5.176090947899639,5.176090947899639,5.176090947899639,5.176090947899639,5.176090947899639,5.176090947899639,5.176090947899639,5.176090947899639,5.176090947899639,5.176090947899639,5.176090947899639,5.176090947899639,5.176090947899639,5.176090947899639,5.176090947899639,5.176090947899639,5.176090947899639,5.176090947899639,5.176090947899639,5.176090947899639,5.176090947899639,5.176090947899639,5.176090947899639,5.176090947899639,5.176090947899639,5.176090947899639,5.176090947899639,5.176090947899639,5.176090947899639,5.176090947899639,5.176090947899639,5.176090947899639,5.176090947899639,5.176090947899639,5.176090947899639,5.176090947899639,5.176090947899639,5.176090947899639,5.176090947899639,5.176090947899639,5.176090947899639,5.176090947899639,5.176090947899639,5.176090947899639,5.176090947899639,5.176090947899639,5.176090947899639,5.176090947899639,5.176090947899639,5.176090947899639,5.176090947899639,5.176090947899639,5.176090947899639,5.176090947899639,5.176090947899639,5.176090947899639,5.176090947899639,5.176090947899639,5.176090947899639,5.176090947899639,5.176090947899639,5.176090947899639,5.176090947899639,5.176090947899639,5.176090947899639,5.176090947899639,5.176090947899639,5.176090947899639,5.176090947899639,5.176090947899639,5.176090947899639,5.176090947899639,5.176090947899639,5.176090947899639,5.176090947899639,5.176090947899639,5.176090947899639,5.176090947899639,5.176090947899639,5.176090947899639,5.176090947899639,5.176090947899639,5.176090947899639,5.176090947899639,5.176090947899639,5.176090947899639,5.176090947899639,5.176090947899639,5.176090947899639,5.176090947899639,5.176090947899639,5.176090947899639,5.176090947899639,5.176090947899639,5.176090947899639,5.176090947899639,5.176090947899639,5.176090947899639,5.176090947899639,5.176090947899639,5.176090947899639,5.176090947899639,5.176090947899639,5.176090947899639,5.176090947899639,5.176090947899639,5.176090947899639,5.176090947899639,5.176090947899639,5.176090947899639,5.176090947899639,5.176090947899639,5.176090947899639,5.176090947899639,5.176090947899639,5.176090947899639,5.176090947899639,5.176090947899639,5.176090947899639,5.176090947899639,5.176090947899639,5.176090947899639,5.176090947899639,5.176090947899639,5.176090947899639,5.176090947899639,5.176090947899639,5.176090947899639,5.176090947899639,5.176090947899639,5.176090947899639,5.176090947899639,5.176090947899639,5.176090947899639,5.176090947899639,5.176090947899639,5.176090947899639,5.176090947899639,5.176090947899639,5.176090947899639,5.176090947899639,5.176090947899639,5.176090947899639,5.176090947899639,5.176090947899639,5.176090947899639,5.176090947899639,5.176090947899639,5.176090947899639,5.176090947899639,5.176090947899639,5.176090947899639,5.176090947899639,5.176090947899639,5.176090947899639,5.176090947899639,5.176090947899639,5.176090947899639,5.176090947899639,5.176090947899639,5.176090947899639,5.176090947899639,5.176090947899639,5.176090947899639,5.176090947899639,5.176090947899639,5.176090947899639,5.176090947899639,5.176090947899639,5.176090947899639,5.176090947899639,5.176090947899639,5.176090947899639,5.176090947899639,5.176090947899639,5.176090947899639,5.176090947899639,5.176090947899639,5.176090947899639,5.176090947899639,5.176090947899639,5.176090947899639,5.176090947899639,5.176090947899639,5.176090947899639,5.176090947899639,5.176090947899639,5.176090947899639,5.176090947899639,5.176090947899639,5.176090947899639,5.176090947899639,5.176090947899639,5.176090947899639,5.176090947899639,5.176090947899639,5.176090947899639,5.176090947899639,5.176090947899639,5.176090947899639,5.176090947899639,5.176090947899639,5.176090947899639,5.176090947899639,5.176090947899639,5.176090947899639,5.176090947899639,5.176090947899639,5.176090947899639,5.176090947899639,5.176090947899639,5.176090947899639,5.176090947899639,5.176090947899639,5.176090947899639,5.176090947899639,5.176090947899639,5.176090947899639,5.176090947899639,5.176090947899639,5.176090947899639,5.176090947899639,5.176090947899639,5.176090947899639,5.176090947899639,5.176090947899639,5.176090947899639,5.176090947899639,5.176090947899639,5.176090947899639,5.176090947899639,5.176090947899639,5.176090947899639,5.176090947899639,5.176090947899639,5.176090947899639,5.176090947899639,5.176090947899639,5.176090947899639,5.176090947899639,5.176090947899639,5.176090947899639,5.176090947899639,5.176090947899639,5.176090947899639,5.176090947899639,5.176090947899639,5.176090947899639,5.176090947899639,5.176090947899639,5.176090947899639,5.176090947899639,5.176090947899639,5.176090947899639,5.176090947899639,5.176090947899639,5.176090947899639,5.176090947899639,5.176090947899639,5.176090947899639,4.995899087317866,4.995899087317866,4.995899087317866,4.995899087317866,4.995899087317866,4.995899087317866,4.995899087317866,4.995899087317866,4.995899087317866,4.995899087317866,4.995899087317866,4.995899087317866,4.995899087317866,4.995899087317866,4.995899087317866,4.995899087317866,4.995899087317866,4.995899087317866,4.995899087317866,4.995899087317866,4.995899087317866,4.995899087317866,4.995899087317866,4.995899087317866,4.995899087317866,4.995899087317866,4.995899087317866,4.995899087317866,4.995899087317866,4.995899087317866,4.995899087317866,4.995899087317866,4.995899087317866,4.995899087317866,4.995899087317866,4.995899087317866,4.995899087317866,4.995899087317866,4.995899087317866,4.995899087317866,4.995899087317866,4.995899087317866,4.995899087317866,4.995899087317866,4.995899087317866,4.995899087317866,4.995899087317866,4.995899087317866,4.995899087317866,4.995899087317866,4.995899087317866,4.995899087317866,4.995899087317866,4.995899087317866,4.995899087317866,4.995899087317866,4.995899087317866,4.995899087317866,4.995899087317866,4.995899087317866,4.995899087317866,4.995899087317866,4.995899087317866,4.995899087317866,4.995899087317866,4.995899087317866,4.995899087317866,4.995899087317866,4.995899087317866,4.995899087317866,4.995899087317866,4.995899087317866,4.995899087317866,4.995899087317866,4.995899087317866,4.995899087317866,4.995899087317866,4.995899087317866,4.995899087317866,4.995899087317866,4.995899087317866,4.995899087317866,4.995899087317866,4.995899087317866,4.995899087317866,4.995899087317866,4.995899087317866,4.995899087317866,4.995899087317866,4.995899087317866,4.995899087317866,4.995899087317866,4.995899087317866,4.995899087317866,4.995899087317866,4.995899087317866,4.995899087317866,4.995899087317866,4.995899087317866,4.995899087317866,4.995899087317866,4.995899087317866,4.995899087317866,4.995899087317866,4.995899087317866,4.995899087317866,4.995899087317866,4.995899087317866,4.995899087317866,4.995899087317866,4.995899087317866,4.995899087317866,4.995899087317866,4.995899087317866,4.995899087317866,4.995899087317866,4.995899087317866,4.995899087317866,4.995899087317866,4.995899087317866,4.995899087317866,4.995899087317866,4.995899087317866,4.995899087317866,4.995899087317866,4.995899087317866,4.995899087317866,4.995899087317866,4.995899087317866,4.995899087317866,4.995899087317866,4.995899087317866,4.995899087317866,4.995899087317866,4.995899087317866,4.995899087317866,4.995899087317866,4.995899087317866,4.995899087317866,4.995899087317866,4.995899087317866,4.995899087317866,4.995899087317866,4.995899087317866,4.995899087317866,4.995899087317866,4.995899087317866,4.995899087317866,4.995899087317866,4.995899087317866,4.995899087317866,4.995899087317866,4.995899087317866,4.995899087317866,4.995899087317866,4.995899087317866,4.995899087317866,4.995899087317866,4.995899087317866,4.995899087317866,4.995899087317866,4.995899087317866,4.995899087317866,4.995899087317866,4.995899087317866,4.995899087317866,4.995899087317866,4.995899087317866,4.995899087317866,4.995899087317866,4.995899087317866,4.995899087317866,4.995899087317866,4.995899087317866,4.995899087317866,4.995899087317866,4.995899087317866,4.995899087317866,4.995899087317866,4.995899087317866,4.995899087317866,4.995899087317866,4.995899087317866,4.995899087317866,4.995899087317866,4.995899087317866,4.995899087317866,4.995899087317866,4.995899087317866,4.995899087317866,4.995899087317866,4.995899087317866,4.995899087317866,4.995899087317866,4.995899087317866,4.995899087317866,4.995899087317866,4.995899087317866,4.995899087317866,4.995899087317866,4.995899087317866,4.995899087317866,4.995899087317866,4.995899087317866,4.995899087317866,4.995899087317866,4.995899087317866,4.995899087317866,4.995899087317866,4.995899087317866,4.995899087317866,4.995899087317866,4.995899087317866,4.995899087317866,4.995899087317866,4.995899087317866,4.995899087317866,4.995899087317866,4.995899087317866,4.995899087317866,4.995899087317866,4.995899087317866,4.995899087317866,4.995899087317866,4.995899087317866,4.995899087317866,4.995899087317866,4.995899087317866,4.995899087317866,4.995899087317866,4.995899087317866,4.995899087317866,4.995899087317866,4.995899087317866,4.995899087317866,4.995899087317866,4.995899087317866,4.995899087317866,4.995899087317866,4.995899087317866,4.995899087317866,4.995899087317866,4.995899087317866,4.995899087317866,4.995899087317866,4.995899087317866,4.995899087317866,4.995899087317866,4.995899087317866,4.995899087317866,4.995899087317866,4.995899087317866,4.995899087317866,4.995899087317866,4.995899087317866,4.995899087317866,4.995899087317866,4.995899087317866,4.995899087317866,4.995899087317866,4.995899087317866,4.995899087317866,4.995899087317866,4.995899087317866,4.995899087317866,4.995899087317866,4.995899087317866,4.995899087317866,4.995899087317866,4.995899087317866,4.995899087317866,4.995899087317866,4.995899087317866,4.995899087317866,4.995899087317866,4.995899087317866,4.995899087317866,4.995899087317866,4.995899087317866,4.995899087317866,4.995899087317866,4.995899087317866,4.995899087317866,4.995899087317866,4.995899087317866,4.995899087317866,4.995899087317866,4.995899087317866,4.995899087317866,4.995899087317866,4.995899087317866,4.995899087317866,4.995899087317866,4.995899087317866,4.995899087317866,4.995899087317866,4.995899087317866,4.995899087317866,4.995899087317866,4.995899087317866,4.995899087317866,4.995899087317866,4.995899087317866,4.995899087317866,4.995899087317866,4.995899087317866,4.995899087317866,4.995899087317866,4.995899087317866,4.995899087317866,4.995899087317866,4.995899087317866,4.995899087317866,4.995899087317866,4.995899087317866,4.995899087317866,4.995899087317866,4.995899087317866,4.995899087317866,4.995899087317866,4.995899087317866,4.995899087317866,4.995899087317866,4.995899087317866,4.995899087317866,4.995899087317866,4.995899087317866,4.995899087317866,4.995899087317866,4.995899087317866,4.995899087317866,4.995899087317866,4.995899087317866,4.995899087317866,4.995899087317866,4.995899087317866,4.995899087317866,4.995899087317866,4.995899087317866,4.995899087317866,4.995899087317866,4.845479624914548,4.845479624914548,4.845479624914548,4.845479624914548,4.845479624914548,4.845479624914548,4.845479624914548,4.845479624914548,4.845479624914548,4.845479624914548,4.845479624914548,4.845479624914548,4.816521223465223,4.816521223465223,4.816521223465223,4.816521223465223,4.816521223465223,4.816521223465223,4.816521223465223,4.816521223465223,4.816521223465223,4.816521223465223,4.816521223465223,4.816521223465223,4.816521223465223,4.816521223465223,4.816521223465223,4.816521223465223,4.816521223465223,4.816521223465223,4.816521223465223,4.816521223465223,4.816521223465223,4.816521223465223,4.816521223465223,4.816521223465223,4.816521223465223,4.816521223465223,4.816521223465223,4.816521223465223,4.816521223465223,4.816521223465223,4.816521223465223,4.816521223465223,4.816521223465223,4.816521223465223,4.816521223465223,4.816521223465223,4.816521223465223,4.816521223465223,4.816521223465223,4.816521223465223,4.816521223465223,4.816521223465223,4.816521223465223,4.816521223465223,4.816521223465223,4.816521223465223,4.816521223465223,4.816521223465223,4.816521223465223,4.816521223465223,4.816521223465223,4.816521223465223,4.816521223465223,4.816521223465223,4.816521223465223,4.816521223465223,4.816521223465223,4.816521223465223,4.816521223465223,4.816521223465223,4.816521223465223,4.816521223465223,4.816521223465223,4.816521223465223,4.816521223465223,4.816521223465223,4.816521223465223,4.816521223465223,4.816521223465223,4.816521223465223,4.816521223465223,4.816521223465223,4.816521223465223,4.816521223465223,4.816521223465223,4.816521223465223,4.816521223465223,4.816521223465223,4.816521223465223,4.816521223465223,4.816521223465223,4.816521223465223,4.816521223465223,4.816521223465223,4.816521223465223,4.816521223465223,4.816521223465223,4.816521223465223,4.816521223465223,4.816521223465223,4.816521223465223,4.816521223465223,4.816521223465223,4.816521223465223,4.816521223465223,4.816521223465223,4.816521223465223,4.816521223465223,4.816521223465223,4.816521223465223,4.816521223465223,4.816521223465223,4.816521223465223,4.816521223465223,4.816521223465223,4.816521223465223,4.816521223465223,4.816521223465223,4.816521223465223,4.816521223465223,4.816521223465223,4.816521223465223,4.161953841917536,3.6108005126934786,3.6108005126934786,3.6108005126934786,3.6108005126934786,3.6108005126934786,3.6108005126934786,3.6108005126934786,3.6108005126934786,3.6108005126934786,3.6108005126934786,3.6108005126934786,3.6108005126934786,3.6108005126934786,3.6108005126934786,3.6108005126934786,3.6108005126934786,3.6108005126934786,3.6108005126934786,3.6108005126934786,3.6108005126934786,3.6108005126934786,3.6108005126934786,3.6108005126934786,3.6108005126934786,3.6108005126934786,3.6108005126934786,3.6108005126934786,3.6108005126934786,3.6108005126934786,3.6108005126934786,3.6108005126934786,3.6108005126934786,3.6108005126934786,3.6108005126934786,3.6108005126934786,3.6108005126934786,3.6108005126934786,3.6108005126934786,3.6108005126934786,3.6108005126934786,3.6108005126934786,3.6108005126934786,3.6108005126934786,3.6108005126934786,3.6108005126934786,3.6108005126934786,3.6108005126934786,3.6108005126934786,3.6108005126934786,3.6108005126934786,3.6108005126934786,3.6108005126934786,3.6108005126934786,3.6108005126934786,3.6108005126934786,3.6108005126934786,3.6108005126934786,3.6108005126934786,3.6108005126934786,3.6108005126934786,3.6108005126934786,3.6108005126934786,3.6108005126934786,3.6108005126934786,3.6108005126934786,3.6108005126934786,3.6108005126934786,3.6108005126934786,3.6108005126934786,3.6108005126934786,3.6108005126934786,3.6108005126934786,3.6108005126934786,3.6108005126934786,3.6108005126934786,3.6108005126934786,3.6108005126934786,3.6108005126934786,3.6108005126934786,3.6108005126934786,3.6108005126934786,3.6108005126934786,3.6108005126934786,3.6108005126934786,3.6108005126934786,3.6108005126934786,3.6108005126934786,3.6108005126934786,3.6108005126934786,3.6108005126934786,3.6108005126934786,5.480338425084389,5.480338425084389,5.480338425084389,5.480338425084389,5.480338425084389,5.480338425084389,5.369039357050026,5.369039357050026,4.703312401005719,4.703312401005719,4.703312401005719,4.703312401005719,4.703312401005719,4.703312401005719,4.703312401005719,4.703312401005719,4.703312401005719,4.703312401005719,4.703312401005719,4.703312401005719,4.703312401005719,4.703312401005719,4.696437084476553,4.696437084476553,4.696437084476553,4.696437084476553,4.696437084476553,4.696437084476553,4.696437084476553,4.696437084476553,4.696437084476553,4.696437084476553,4.696437084476553,4.696437084476553,4.696437084476553,4.696437084476553,4.696437084476553,4.696437084476553,4.696437084476553,4.696437084476553,4.696437084476553,4.696437084476553,4.696437084476553,4.696437084476553,4.696437084476553,4.696437084476553,4.696437084476553,4.696437084476553,4.696437084476553,4.696437084476553,4.696437084476553,4.696437084476553,4.696437084476553,4.696437084476553,4.696437084476553,4.696437084476553,4.696437084476553,4.696437084476553,4.696437084476553,4.696437084476553,4.696437084476553,4.696437084476553,4.696437084476553,4.696437084476553,4.696437084476553,4.696437084476553,4.696437084476553,4.696437084476553,4.696437084476553,4.696437084476553,4.696437084476553,4.696437084476553,4.696437084476553,4.696437084476553,4.696437084476553,4.696437084476553,4.696437084476553,4.696437084476553,4.696437084476553,4.653447241530947,4.653447241530947,4.653447241530947,4.653447241530947,4.653447241530947,4.653447241530947,4.653447241530947,4.653447241530947,4.653447241530947,4.653447241530947,4.653447241530947,4.653447241530947,4.653447241530947,4.653447241530947,4.653447241530947,4.653447241530947,4.653447241530947,4.653447241530947,4.653447241530947,4.653447241530947,4.653447241530947,4.653447241530947,4.653447241530947,4.653447241530947,4.653447241530947,4.653447241530947,4.653447241530947,4.653447241530947,4.653447241530947,4.635755069403742,4.635755069403742,4.635755069403742,4.635755069403742,4.635755069403742,4.635755069403742,4.635755069403742,4.635755069403742,4.635755069403742,4.635755069403742,4.635755069403742,4.635755069403742,4.635755069403742,4.635755069403742,4.635755069403742,4.635755069403742,4.635755069403742,4.635755069403742,4.635755069403742,4.635755069403742,4.635755069403742,4.635755069403742,4.635755069403742,4.635755069403742,4.635755069403742,4.635755069403742,4.635755069403742,4.635755069403742,4.635755069403742,4.635755069403742,4.635755069403742,4.635755069403742,4.635755069403742,4.635755069403742,4.635755069403742,4.635755069403742,4.635755069403742,4.635755069403742,4.635755069403742,4.626270253102068,4.626270253102068,4.626270253102068,4.626270253102068,4.626270253102068,4.626270253102068,4.626270253102068,4.626270253102068,4.626270253102068,4.48096718064549,4.48096718064549,4.313511929362093,4.313511929362093,4.313511929362093,4.313511929362093,4.313511929362093,4.313511929362093,4.313511929362093,4.313511929362093,4.313511929362093,4.313511929362093,4.313511929362093,4.313511929362093,4.313511929362093,4.313511929362093,4.313511929362093,4.313511929362093,4.313511929362093,4.313511929362093,4.313511929362093,4.313511929362093,4.313511929362093,4.313511929362093,4.313511929362093,4.313511929362093,4.313511929362093,4.313511929362093,4.313511929362093,4.313511929362093,4.313511929362093,4.313511929362093,4.313511929362093,4.313511929362093,4.313511929362093,4.313511929362093,4.313511929362093,4.313511929362093,4.313511929362093,4.313511929362093,4.313511929362093,4.313511929362093,4.313511929362093,4.313511929362093,4.313511929362093,4.313511929362093,4.313511929362093,4.313511929362093,4.313511929362093,4.313511929362093,4.313511929362093,4.313511929362093,4.313511929362093,3.5221810521870127,3.5221810521870127,3.5221810521870127,3.5221810521870127,3.5221810521870127,3.5221810521870127,3.5221810521870127,3.5221810521870127,3.5221810521870127,3.3748210881542664,3.3748210881542664,3.3748210881542664,3.3748210881542664,3.3748210881542664,3.3748210881542664,3.3748210881542664,3.3748210881542664,3.3748210881542664,3.3748210881542664,3.3748210881542664,3.3748210881542664,3.3748210881542664,3.3748210881542664,3.3748210881542664,3.3748210881542664,3.3748210881542664,3.3748210881542664,3.3079415466500612,3.3079415466500612,3.3079415466500612,3.3079415466500612,3.3079415466500612,3.3079415466500612,3.3079415466500612,3.3079415466500612,3.3079415466500612,3.3079415466500612,3.3079415466500612,3.3079415466500612,3.3079415466500612,3.3079415466500612,3.3079415466500612,3.3079415466500612,3.3079415466500612,3.3079415466500612,3.3079415466500612,3.3079415466500612,3.3079415466500612,3.3079415466500612,3.3079415466500612,3.3079415466500612,3.3079415466500612,3.3079415466500612,3.3079415466500612,3.3079415466500612,3.3079415466500612,3.3079415466500612,3.3079415466500612,3.3079415466500612,3.3079415466500612,3.3079415466500612,3.3079415466500612,3.3079415466500612,3.3079415466500612,3.3079415466500612,3.3079415466500612,3.3079415466500612,3.3079415466500612,3.3079415466500612,3.3079415466500612,3.3079415466500612,3.3079415466500612,3.3079415466500612,3.3079415466500612,3.3079415466500612,3.3079415466500612,3.3079415466500612,3.3079415466500612,3.3079415466500612,3.3079415466500612,3.3079415466500612,3.3079415466500612,3.3079415466500612,3.3079415466500612,3.3079415466500612,3.3079415466500612,3.3079415466500612,3.3079415466500612,3.3079415466500612,3.3079415466500612,3.3079415466500612,3.3079415466500612,3.3079415466500612,3.3079415466500612,3.3079415466500612,3.3079415466500612,3.3079415466500612,3.3079415466500612,3.3079415466500612,3.3079415466500612,3.3079415466500612,3.3079415466500612,3.3079415466500612,3.3079415466500612,3.3079415466500612,3.3079415466500612,3.3079415466500612,3.3079415466500612,3.3079415466500612,3.3079415466500612,3.3079415466500612,3.3079415466500612,3.3079415466500612,3.3079415466500612,3.3079415466500612,3.3079415466500612,3.3079415466500612,3.3079415466500612,3.3079415466500612,3.3079415466500612,3.3079415466500612,3.3079415466500612,3.3079415466500612,3.3079415466500612,3.3079415466500612,3.3079415466500612,3.3079415466500612,3.3079415466500612,3.3079415466500612,3.3079415466500612,3.3079415466500612,3.3079415466500612,3.3079415466500612,3.3079415466500612,3.3079415466500612,3.3079415466500612,3.3079415466500612,3.3079415466500612,3.3079415466500612,3.3079415466500612,3.3079415466500612,3.3079415466500612,3.3079415466500612,3.3079415466500612,3.3079415466500612,3.3079415466500612,3.3079415466500612,3.3079415466500612,3.3079415466500612,3.3079415466500612,3.3079415466500612,3.3079415466500612,3.3079415466500612,3.3079415466500612,3.3079415466500612,3.3079415466500612,3.3079415466500612,3.3079415466500612,3.3079415466500612,3.3079415466500612,3.3079415466500612,3.3079415466500612,3.3079415466500612,3.3079415466500612,3.3079415466500612,3.3079415466500612,3.176850373679168,3.176850373679168,3.176850373679168,3.176850373679168,3.176850373679168,3.176850373679168,3.176850373679168,3.176850373679168,3.176850373679168,3.176850373679168,3.176850373679168,3.176850373679168,2.9989256764079695,2.8652425222371147,2.8652425222371147,2.8652425222371147,2.8652425222371147,2.8652425222371147,2.8652425222371147,2.8652425222371147,2.8652425222371147,2.8652425222371147,2.8652425222371147,2.8652425222371147,2.8652425222371147,2.8652425222371147,2.8652425222371147,2.8652425222371147,2.8652425222371147,2.644772286601238,2.644772286601238,2.644772286601238,2.644772286601238,2.621564245539214,2.621564245539214,2.621564245539214,2.621564245539214,2.621564245539214,2.621564245539214,2.621564245539214,2.621564245539214,2.621564245539214,2.621564245539214,2.621564245539214,2.621564245539214,2.621564245539214,2.621564245539214,2.621564245539214,2.621564245539214,2.621564245539214,2.621564245539214,2.621564245539214,2.621564245539214,2.621564245539214,2.621564245539214,2.621564245539214,2.621564245539214,2.621564245539214,2.621564245539214,2.621564245539214,2.621564245539214,2.621564245539214,2.621564245539214,2.621564245539214,2.6175640360152763,2.6175640360152763,2.6175640360152763,2.6175640360152763,2.6175640360152763,2.6175640360152763,2.6175640360152763,2.6175640360152763,2.6175640360152763,2.6175640360152763,2.6175640360152763,2.6175640360152763,2.6175640360152763,2.6175640360152763,2.6175640360152763,2.6175640360152763,2.6175640360152763,2.6175640360152763,2.6175640360152763,2.6175640360152763,2.6175640360152763,2.6175640360152763,2.6175640360152763,2.6175640360152763,2.6175640360152763,2.6175640360152763,2.6175640360152763,2.6175640360152763,2.6175640360152763,2.6175640360152763,2.6175640360152763,2.6175640360152763,2.6175640360152763,2.6175640360152763,2.6175640360152763,2.6175640360152763,2.6175640360152763,2.6175640360152763,2.6175640360152763,2.6175640360152763,2.6175640360152763,2.6175640360152763,2.6175640360152763,2.6175640360152763,2.6175640360152763,2.6175640360152763,2.6175640360152763,2.6175640360152763,2.6175640360152763,2.6175640360152763,2.6175640360152763,2.6175640360152763,2.6175640360152763,2.6175640360152763,2.6175640360152763,2.6175640360152763,2.6175640360152763,2.6175640360152763,2.6175640360152763,2.6175640360152763,2.6175640360152763,2.6175640360152763,2.6175640360152763,2.6175640360152763,2.6175640360152763,2.6175640360152763,2.6175640360152763,2.6175640360152763,2.6175640360152763,2.6175640360152763,2.6175640360152763,2.6175640360152763,2.6175640360152763,2.6175640360152763,2.6175640360152763,2.6175640360152763,2.6175640360152763,2.6175640360152763,2.6175640360152763,2.6175640360152763,2.6175640360152763,2.6175640360152763,2.6175640360152763,2.6175640360152763,2.6175640360152763,2.6175640360152763,2.6175640360152763,2.6175640360152763,2.6175640360152763,2.6175640360152763,2.6175640360152763,2.6175640360152763,2.6175640360152763,2.6175640360152763,2.6175640360152763,2.6175640360152763,2.6175640360152763,2.6175640360152763,2.6175640360152763,2.6175640360152763,2.6175640360152763,2.6175640360152763,2.6175640360152763,2.6175640360152763,2.6175640360152763,2.6175640360152763,2.6175640360152763,2.6175640360152763,2.6175640360152763,2.6175640360152763,2.6175640360152763,2.6175640360152763,2.6175640360152763,2.6175640360152763,2.6175640360152763,2.6175640360152763,2.6175640360152763,2.6175640360152763,2.6175640360152763,2.6175640360152763,2.6175640360152763,2.6175640360152763,2.6175640360152763,2.6175640360152763,2.6175640360152763,2.6175640360152763,2.6175640360152763,2.6175640360152763,2.6175640360152763,2.6175640360152763,2.6175640360152763,2.6175640360152763,2.6175640360152763,2.6175640360152763,2.6175640360152763,2.6175640360152763,2.6175640360152763,2.6175640360152763,2.6175640360152763,2.6175640360152763,2.6175640360152763,2.6175640360152763,2.6175640360152763,2.6175640360152763,2.6175640360152763,2.6175640360152763,2.6175640360152763,2.6175640360152763,2.6175640360152763,2.6175640360152763,2.6175640360152763,2.6175640360152763,2.6175640360152763,2.6175640360152763,2.6175640360152763,2.6175640360152763,2.6175640360152763,2.6175640360152763,2.6175640360152763,2.6175640360152763,2.6175640360152763,2.6175640360152763,2.6175640360152763,2.6175640360152763,2.6175640360152763,2.6175640360152763,2.6175640360152763,2.6175640360152763,2.6175640360152763,2.6175640360152763,2.6175640360152763,2.6175640360152763,2.6175640360152763,2.6175640360152763,2.6175640360152763,2.6175640360152763,2.6175640360152763,2.6175640360152763,2.6175640360152763,2.6175640360152763,2.6175640360152763,2.6175640360152763,2.6175640360152763,2.6175640360152763,2.6175640360152763,2.6175640360152763,2.6175640360152763,2.6175640360152763,2.6175640360152763,2.6175640360152763,2.6175640360152763,2.6175640360152763,2.6175640360152763,2.6175640360152763,2.6175640360152763,2.6175640360152763,2.6175640360152763,2.6175640360152763,2.6175640360152763,2.6175640360152763,2.6175640360152763,2.6175640360152763,2.6175640360152763,2.6175640360152763,2.6175640360152763,2.6175640360152763,2.6175640360152763,2.6175640360152763,2.6175640360152763,2.6175640360152763,2.6175640360152763,2.6175640360152763,2.6175640360152763,2.6175640360152763,2.6175640360152763,2.6175640360152763,2.6175640360152763,2.6175640360152763,2.6175640360152763,2.6175640360152763,2.6175640360152763,2.6175640360152763,2.6175640360152763,2.6175640360152763,2.6175640360152763,2.6175640360152763,2.6175640360152763,2.6175640360152763,2.6175640360152763,2.6175640360152763,2.6175640360152763,2.6175640360152763,2.6175640360152763,2.6175640360152763,2.6175640360152763,2.6175640360152763,2.6175640360152763,2.6175640360152763,2.6175640360152763,2.6175640360152763,2.6175640360152763,2.6175640360152763,2.6175640360152763,2.6175640360152763,2.6175640360152763,2.6175640360152763,2.6175640360152763,2.6175640360152763,2.6175640360152763,2.6175640360152763,2.6175640360152763,2.6175640360152763,2.6175640360152763,2.6175640360152763,2.6175640360152763,2.6175640360152763,2.6175640360152763,2.6175640360152763,2.6175640360152763,2.6175640360152763,2.6175640360152763,2.6175640360152763,2.6175640360152763,2.6175640360152763,2.6175640360152763,2.6175640360152763,2.6175640360152763,2.6175640360152763,2.6175640360152763,2.6175640360152763,2.6175640360152763,2.6175640360152763,2.6175640360152763,2.6175640360152763,2.6175640360152763,2.6175640360152763,2.6175640360152763,2.6175640360152763,2.6175640360152763,2.6175640360152763,2.6175640360152763,2.6175640360152763,2.6175640360152763,2.6175640360152763,2.6175640360152763,2.6175640360152763,2.6175640360152763,2.6175640360152763,2.6175640360152763,2.6175640360152763,2.6175640360152763,2.6175640360152763,2.6175640360152763,2.6175640360152763,2.6175640360152763,2.6175640360152763,2.6175640360152763,2.6175640360152763,2.6175640360152763,2.6175640360152763,2.6175640360152763,2.6175640360152763,2.6175640360152763,2.6175640360152763,2.6175640360152763,2.6175640360152763,2.6175640360152763,2.6175640360152763,2.6175640360152763,2.6175640360152763,2.6175640360152763,2.6175640360152763,2.6175640360152763,2.6175640360152763,2.6175640360152763,2.6175640360152763,2.6175640360152763,2.6175640360152763,2.6175640360152763,2.6175640360152763,2.6175640360152763,2.6175640360152763,2.6175640360152763,2.6175640360152763,2.6175640360152763,2.6175640360152763,2.6175640360152763,2.6175640360152763,2.6175640360152763,2.6175640360152763,2.6175640360152763,2.6175640360152763,2.6175640360152763,2.6175640360152763,2.6175640360152763,2.6175640360152763,2.6175640360152763,2.6175640360152763,2.6175640360152763,2.6175640360152763,2.6175640360152763,2.6175640360152763,2.6175640360152763,2.6175640360152763,2.6175640360152763,2.6175640360152763,2.6175640360152763,2.6175640360152763,2.6175640360152763,2.6175640360152763,2.6175640360152763,2.6175640360152763,2.6175640360152763,2.6175640360152763,2.6175640360152763,2.6175640360152763,2.6175640360152763,2.6175640360152763,2.6175640360152763,2.6175640360152763,2.6175640360152763,2.6175640360152763,2.6175640360152763,2.6175640360152763,2.6175640360152763,2.6175640360152763,2.6175640360152763,2.6175640360152763,2.6175640360152763,2.6175640360152763,2.6175640360152763,2.6175640360152763,2.6175640360152763,2.6175640360152763,2.6175640360152763,2.6175640360152763,2.6175640360152763,2.6175640360152763,2.6175640360152763,2.6175640360152763,2.6175640360152763,2.6175640360152763,2.6175640360152763,2.6175640360152763,2.6175640360152763,2.6175640360152763,2.6175640360152763,2.6175640360152763,2.6175640360152763,2.6175640360152763,2.6175640360152763,2.6175640360152763,2.6175640360152763,2.6175640360152763,2.6175640360152763,2.6175640360152763,2.6175640360152763,2.6175640360152763,2.6175640360152763,2.6175640360152763,2.6175640360152763,2.6175640360152763,2.6175640360152763,2.6175640360152763,2.6175640360152763,2.6175640360152763,2.6175640360152763,2.6175640360152763,2.6175640360152763,2.6175640360152763,2.6175640360152763,2.6175640360152763,2.6175640360152763,2.6175640360152763,2.6175640360152763,2.6175640360152763,2.6175640360152763,2.6175640360152763,2.6175640360152763,2.6175640360152763,2.6175640360152763,2.6175640360152763,2.6175640360152763,2.6175640360152763,2.6175640360152763,2.6175640360152763,2.6175640360152763,2.6175640360152763,2.6175640360152763,2.6175640360152763,2.6175640360152763,2.6175640360152763,2.6175640360152763,2.6175640360152763,2.6175640360152763,2.6175640360152763,2.6175640360152763,2.6175640360152763,2.6175640360152763,2.6175640360152763,2.6175640360152763,2.6175640360152763,2.6175640360152763,2.6175640360152763,2.6175640360152763,2.6175640360152763,2.6175640360152763,2.6175640360152763,2.6175640360152763,2.6175640360152763,2.6175640360152763,2.6175640360152763,2.6175640360152763,2.6175640360152763,2.6175640360152763,2.6175640360152763,2.6175640360152763,2.6175640360152763,2.6175640360152763,2.6175640360152763,2.6175640360152763,2.6175640360152763,2.6175640360152763,2.6175640360152763,2.6175640360152763,2.6175640360152763,2.6175640360152763,2.6175640360152763,2.6175640360152763,2.6175640360152763,2.6175640360152763,2.6175640360152763,2.6175640360152763,2.6175640360152763,2.6175640360152763,2.6175640360152763,2.6175640360152763,2.6175640360152763,2.6175640360152763,2.6175640360152763,2.6175640360152763,2.6175640360152763,2.6175640360152763,2.6175640360152763,2.6175640360152763,2.6175640360152763,2.6175640360152763,2.6175640360152763,2.6175640360152763,2.6175640360152763,2.6175640360152763,2.6175640360152763,2.6175640360152763,2.6175640360152763,2.6175640360152763,2.6175640360152763,2.6175640360152763,2.6175640360152763,2.6175640360152763,2.6175640360152763,2.6175640360152763,2.6175640360152763,2.6175640360152763,2.6175640360152763,2.6175640360152763,2.6175640360152763,2.6175640360152763,2.6175640360152763,2.6175640360152763,2.6175640360152763,2.6175640360152763,2.6175640360152763,2.6175640360152763,2.6175640360152763,2.6175640360152763,2.6175640360152763,2.6175640360152763,2.6175640360152763,2.6175640360152763,2.6175640360152763,2.6175640360152763,2.6175640360152763,2.6175640360152763,2.6175640360152763,2.6175640360152763,2.6175640360152763,2.6175640360152763,2.6175640360152763,2.6175640360152763,2.6175640360152763,2.6175640360152763,2.6175640360152763,2.6175640360152763,2.6175640360152763,2.6175640360152763,2.6175640360152763,2.6175640360152763,2.6175640360152763,2.6175640360152763,2.6175640360152763,2.6175640360152763,2.6175640360152763,2.6175640360152763,2.6175640360152763,2.6175640360152763,2.6175640360152763,2.6175640360152763,2.6175640360152763,2.6175640360152763,2.6175640360152763,2.6175640360152763,2.6175640360152763,2.6175640360152763,2.6175640360152763,2.6175640360152763,2.6175640360152763,2.6175640360152763,2.6175640360152763,2.6175640360152763,2.6175640360152763,2.6175640360152763,7.0614592014024815,6.8885487430223735,6.8885487430223735,6.8885487430223735,6.8885487430223735,6.8885487430223735,6.792101027943889,6.792101027943889,6.792101027943889,6.792101027943889,6.597696871478457,6.597696871478457,6.4114652440537645,6.360373889864777,6.353923557384704,6.353923557384704,6.353923557384704,6.323251959149051,6.323251959149051,6.323251959149051,6.323251959149051,6.323251959149051,6.323251959149051,6.323251959149051,6.323251959149051,6.323251959149051,6.323251959149051,6.323251959149051,6.323251959149051,6.323251959149051,6.323251959149051,6.323251959149051,6.323251959149051,6.323251959149051,6.323251959149051,6.323251959149051,6.323251959149051,6.323251959149051,6.323251959149051,6.323251959149051,6.323251959149051,6.294933375348773,6.294933375348773,6.294933375348773,6.294933375348773,6.294933375348773,6.294933375348773,6.294933375348773,6.294933375348773,6.294933375348773,6.294933375348773,6.294933375348773,6.294933375348773,6.294933375348773,6.294933375348773,6.294933375348773,6.294933375348773,6.294933375348773,6.294933375348773,6.294933375348773,6.294933375348773,6.294933375348773,6.294933375348773,6.294933375348773,6.294933375348773,6.294933375348773,6.294933375348773,6.294933375348773,6.294933375348773,6.294933375348773,6.294933375348773,6.294933375348773,6.294933375348773,6.294933375348773,6.294933375348773,6.294933375348773,6.294933375348773,6.294933375348773,6.294933375348773,6.294933375348773,6.294933375348773,6.294933375348773,6.294933375348773,6.294933375348773,6.294933375348773,6.294933375348773,6.294933375348773,6.294933375348773,6.294933375348773,6.294933375348773,6.294933375348773,6.294933375348773,6.294933375348773,6.294933375348773,6.294933375348773,6.294933375348773,6.294933375348773,6.294933375348773,6.294933375348773,6.294933375348773,6.294933375348773,6.294933375348773,6.294933375348773,6.294933375348773,6.294933375348773,6.294933375348773,6.294933375348773,6.294933375348773,6.294933375348773,6.294933375348773,6.294933375348773,6.294933375348773,6.294933375348773,6.294933375348773,6.294933375348773,6.294933375348773,6.294933375348773,6.294933375348773,6.294933375348773,6.294933375348773,6.294933375348773,5.565625324114705,5.434400242388257,5.434400242388257,5.434400242388257,5.434400242388257,5.282512430359138,5.282512430359138,5.27364841924166,5.27364841924166,5.27364841924166,5.27364841924166,5.27364841924166,5.27364841924166,5.27364841924166,5.27364841924166,5.138235210805321,5.138235210805321,5.138235210805321,5.138235210805321,5.138235210805321,5.138235210805321,5.138235210805321,5.138235210805321,5.138235210805321,5.138235210805321,5.138235210805321,5.138235210805321,5.138235210805321,5.138235210805321,5.138235210805321,5.138235210805321,5.138235210805321,5.138235210805321,5.138235210805321,5.138235210805321,5.138235210805321,5.138235210805321,5.138235210805321,5.138235210805321,5.138235210805321,5.138235210805321,5.138235210805321,5.138235210805321,5.138235210805321,5.138235210805321,4.7936631274232875,4.7936631274232875,4.7936631274232875,4.7936631274232875,4.7936631274232875,4.7936631274232875,4.7936631274232875,4.7936631274232875,4.7936631274232875,4.7936631274232875,4.7936631274232875,4.7936631274232875,4.7936631274232875,4.7936631274232875,4.7936631274232875,4.7936631274232875,4.7936631274232875,4.7936631274232875,4.7936631274232875,4.7936631274232875,4.7936631274232875,4.7936631274232875,4.7936631274232875,4.7936631274232875,4.7936631274232875,4.7936631274232875,4.7936631274232875,4.7936631274232875,4.7936631274232875,4.7936631274232875,4.7936631274232875,4.7936631274232875,4.7936631274232875,4.7936631274232875,4.7936631274232875,4.7936631274232875,4.7936631274232875,4.7936631274232875,4.7936631274232875,4.7936631274232875,4.7936631274232875,4.7936631274232875,4.7936631274232875,4.7936631274232875,2.9396986809773487,2.9396986809773487,2.9396986809773487,2.9396986809773487,2.9396986809773487,2.9396986809773487,2.9396986809773487,2.9396986809773487,2.9396986809773487,2.9396986809773487,2.9396986809773487,2.9396986809773487,2.9396986809773487,2.9396986809773487,2.9396986809773487,2.9396986809773487,2.9396986809773487,2.9396986809773487,2.9396986809773487,2.9396986809773487,2.9396986809773487,2.9396986809773487,2.9396986809773487,2.9396986809773487,2.9396986809773487,2.9396986809773487,2.9396986809773487,2.9396986809773487,2.9396986809773487,2.9396986809773487,2.9396986809773487,2.9396986809773487,2.9396986809773487,2.9396986809773487,2.9396986809773487,2.9396986809773487,2.9396986809773487,2.9396986809773487,2.9396986809773487,2.9396986809773487,2.9396986809773487,2.9396986809773487,2.9396986809773487,2.9396986809773487,2.9396986809773487,2.9396986809773487,2.9396986809773487,2.9396986809773487,2.9396986809773487,2.9396986809773487,2.9396986809773487,2.9396986809773487,2.9396986809773487,2.9396986809773487,2.9396986809773487,2.9396986809773487,2.9396986809773487,2.9396986809773487,2.9396986809773487,2.9396986809773487,2.9396986809773487,2.9396986809773487,2.9396986809773487,2.9396986809773487,2.9396986809773487,2.9396986809773487,2.9396986809773487,2.9396986809773487,2.9396986809773487,2.9396986809773487,2.9396986809773487,2.9396986809773487,2.9396986809773487,2.9396986809773487,2.9396986809773487,2.9396986809773487,2.9396986809773487,2.9396986809773487,2.9396986809773487,2.9396986809773487,2.9396986809773487,2.9396986809773487,2.9396986809773487,2.9396986809773487,2.9396986809773487,2.9396986809773487,2.9396986809773487,2.9396986809773487,2.9396986809773487,2.9396986809773487,2.9396986809773487,2.9396986809773487,2.9396986809773487,2.9396986809773487,2.9396986809773487,2.9396986809773487,2.9396986809773487,2.9396986809773487,2.9396986809773487,2.9396986809773487,2.9396986809773487,2.9396986809773487,2.9396986809773487,2.9396986809773487,2.9396986809773487,2.9396986809773487,2.9396986809773487,2.9396986809773487,2.9396986809773487,2.9396986809773487,2.9396986809773487,2.9396986809773487,2.9396986809773487,2.9396986809773487,2.9396986809773487,2.9396986809773487,2.9396986809773487,2.9396986809773487,2.9396986809773487,2.9396986809773487,2.9396986809773487,2.9396986809773487,2.9396986809773487,2.9396986809773487,2.9396986809773487,2.9396986809773487,2.9396986809773487,2.9396986809773487,2.9396986809773487,2.9396986809773487,2.9396986809773487,2.9396986809773487,2.9396986809773487,2.9396986809773487,2.9396986809773487,2.9396986809773487,2.9396986809773487,2.9396986809773487,2.9396986809773487,2.9396986809773487,2.9396986809773487,2.9396986809773487,2.9396986809773487,2.9396986809773487,2.9396986809773487,2.9396986809773487,2.9396986809773487,2.9396986809773487,2.9396986809773487,2.9396986809773487,2.9396986809773487,2.9396986809773487,2.9396986809773487,2.9396986809773487,2.9396986809773487,2.9396986809773487,2.9396986809773487,2.9396986809773487,2.9396986809773487,2.9396986809773487,2.9396986809773487,2.9396986809773487,2.9396986809773487,2.9396986809773487,2.9396986809773487,2.9396986809773487,2.9396986809773487,2.9396986809773487,2.9396986809773487,2.9396986809773487,2.9396986809773487,2.9396986809773487,2.9396986809773487,2.9396986809773487,2.9396986809773487,2.9396986809773487,2.9396986809773487,2.9396986809773487,2.9396986809773487,2.9396986809773487,2.9396986809773487,2.9396986809773487,2.9396986809773487,2.9396986809773487,2.9396986809773487,2.9396986809773487,2.9396986809773487,2.9396986809773487,2.9396986809773487,2.9396986809773487,2.9396986809773487,2.9396986809773487,2.9396986809773487,2.9396986809773487,2.9396986809773487,2.9396986809773487,2.9396986809773487,2.9396986809773487,2.9396986809773487,2.9396986809773487,2.9396986809773487,2.9396986809773487,2.9396986809773487,2.9396986809773487,2.9396986809773487,2.9396986809773487,2.9396986809773487,2.9396986809773487,2.9396986809773487,2.9396986809773487,2.9396986809773487,2.9396986809773487,2.9396986809773487,2.9396986809773487,2.9396986809773487,2.9396986809773487,2.9396986809773487,2.9396986809773487,2.9396986809773487,2.9396986809773487,2.9396986809773487,2.9396986809773487,2.9396986809773487,2.9396986809773487,2.9396986809773487,2.9396986809773487,2.9396986809773487,2.9396986809773487,2.9396986809773487,2.9396986809773487,2.9396986809773487,2.9396986809773487,2.9396986809773487,2.9396986809773487,2.9396986809773487,2.9396986809773487,2.9396986809773487,2.9396986809773487,2.9396986809773487,2.9396986809773487,2.9396986809773487,2.9396986809773487,2.9396986809773487,2.9396986809773487,2.9396986809773487,2.9396986809773487,2.9396986809773487,2.9396986809773487,2.9396986809773487,2.9396986809773487,2.9396986809773487,2.9396986809773487,2.9396986809773487,2.9396986809773487,2.9396986809773487,2.9396986809773487,2.9396986809773487,2.9396986809773487,2.9396986809773487,2.9396986809773487,2.9396986809773487,2.9396986809773487,2.9396986809773487,2.9396986809773487,2.9396986809773487,2.9396986809773487,2.9396986809773487,2.9396986809773487,2.9396986809773487,2.9396986809773487,2.9396986809773487,2.9396986809773487,2.9396986809773487,2.9396986809773487,2.9396986809773487,2.9396986809773487,2.9396986809773487,2.9396986809773487,2.9396986809773487,2.9396986809773487,2.9396986809773487,2.9396986809773487,2.9396986809773487,2.9396986809773487,2.9396986809773487,2.9396986809773487,2.9396986809773487,2.9396986809773487,2.9396986809773487,2.9396986809773487,2.9396986809773487,2.9396986809773487,2.9396986809773487,2.9396986809773487,2.9396986809773487,2.9396986809773487,2.9396986809773487,2.9396986809773487,2.9396986809773487,2.9396986809773487,2.9396986809773487,2.9396986809773487,2.9396986809773487,2.9396986809773487,2.9396986809773487,2.9396986809773487,2.9396986809773487,2.9396986809773487,2.9396986809773487,2.9396986809773487,2.9396986809773487,2.9396986809773487,2.9396986809773487,2.9396986809773487,2.9396986809773487,2.9396986809773487,2.9396986809773487,2.9396986809773487,2.9396986809773487,2.9396986809773487,2.9396986809773487,2.9396986809773487,2.9396986809773487,2.9396986809773487,2.9396986809773487,2.9396986809773487,2.9396986809773487,2.9396986809773487,2.9396986809773487,2.9396986809773487,2.9396986809773487,2.9396986809773487,2.9396986809773487,2.9396986809773487,2.9396986809773487,2.9396986809773487,2.9396986809773487,2.9396986809773487,2.9396986809773487,2.9396986809773487,2.9396986809773487,2.9396986809773487,2.9396986809773487,2.9396986809773487,2.9396986809773487,2.9396986809773487,2.9396986809773487,2.9396986809773487,2.9396986809773487,2.9396986809773487,2.9396986809773487,2.9396986809773487,2.9396986809773487,2.9396986809773487,2.9396986809773487,2.9396986809773487,2.9396986809773487,2.9396986809773487,2.9396986809773487,2.9396986809773487,2.9396986809773487,2.9396986809773487,2.9396986809773487,2.9396986809773487,2.9396986809773487,2.9396986809773487,2.9396986809773487,2.9396986809773487,2.9396986809773487,2.9396986809773487,2.9396986809773487,2.9396986809773487,2.9396986809773487,2.9396986809773487,2.9396986809773487,2.9396986809773487,2.9396986809773487,2.9396986809773487,2.9396986809773487,2.9396986809773487,2.9396986809773487,2.9396986809773487,2.9396986809773487,2.9396986809773487,2.9396986809773487,2.9396986809773487,2.9396986809773487,2.9396986809773487,2.9396986809773487,2.9396986809773487,2.9396986809773487,2.9396986809773487,2.9396986809773487,2.9396986809773487,2.9396986809773487,2.9396986809773487,2.9396986809773487,2.9396986809773487,2.9396986809773487,2.9396986809773487,2.9396986809773487,2.9396986809773487,2.9396986809773487,2.9396986809773487,2.9396986809773487,2.9396986809773487,2.9396986809773487,2.9396986809773487,2.9396986809773487,2.9396986809773487,2.9396986809773487,2.9396986809773487,2.9396986809773487,2.9396986809773487,2.9396986809773487,2.9396986809773487,2.9396986809773487,2.9396986809773487,2.9396986809773487,2.9396986809773487,2.9396986809773487,2.9396986809773487,2.9396986809773487,2.9396986809773487,2.9396986809773487,2.9396986809773487,2.9396986809773487,2.9396986809773487,2.9396986809773487,2.9396986809773487,2.9396986809773487,2.9396986809773487,2.9396986809773487,2.9396986809773487,2.9396986809773487,2.9396986809773487,2.9396986809773487,2.9396986809773487,2.9396986809773487,2.9396986809773487,2.9396986809773487,2.9396986809773487,2.9396986809773487,2.9396986809773487,2.9396986809773487,2.9396986809773487,2.9396986809773487,2.9396986809773487,2.9396986809773487,2.9396986809773487,2.9396986809773487,2.9396986809773487,2.9396986809773487,2.9396986809773487,2.9396986809773487,2.9396986809773487,2.9396986809773487,2.9396986809773487,2.9396986809773487,2.9396986809773487,2.9396986809773487,2.9396986809773487,2.9396986809773487,2.9396986809773487,2.9396986809773487,2.9396986809773487,2.9396986809773487,2.9396986809773487,2.9396986809773487,2.9396986809773487,2.9396986809773487,2.9396986809773487,2.9396986809773487,2.9396986809773487,2.9396986809773487,2.9396986809773487,2.9396986809773487,2.9396986809773487,2.9396986809773487,2.9396986809773487,2.9396986809773487,2.9396986809773487,2.9396986809773487,2.9396986809773487,2.9396986809773487,2.9396986809773487,2.9396986809773487,2.9396986809773487,2.9396986809773487,2.9396986809773487,2.9396986809773487,2.9396986809773487,2.9396986809773487,2.9396986809773487,2.9396986809773487,2.9396986809773487,2.9396986809773487,2.9396986809773487,2.9396986809773487,2.9396986809773487,2.9396986809773487,2.9396986809773487,2.9396986809773487,2.9396986809773487,2.9396986809773487,2.9396986809773487,2.9396986809773487,2.9396986809773487,2.9396986809773487,2.9396986809773487,2.9396986809773487,2.9396986809773487,2.9396986809773487,2.9396986809773487,2.9396986809773487,2.9396986809773487,2.9396986809773487,2.9396986809773487,2.9396986809773487,2.9396986809773487,2.9396986809773487,2.9396986809773487,2.9396986809773487,2.9396986809773487,2.9396986809773487,2.9396986809773487,2.9396986809773487,2.9396986809773487,2.9396986809773487,2.9396986809773487,2.9396986809773487,2.9396986809773487,2.9396986809773487,2.9396986809773487,2.9396986809773487,2.9396986809773487,2.9396986809773487,2.9396986809773487,2.9396986809773487,2.9396986809773487,2.9396986809773487,2.9396986809773487,2.9396986809773487,2.9396986809773487,2.9396986809773487,2.9396986809773487,2.9396986809773487,2.9396986809773487,2.9396986809773487,2.9396986809773487,2.9396986809773487,2.9396986809773487,2.9396986809773487,2.9396986809773487,2.9396986809773487,2.9396986809773487,2.9396986809773487,2.9396986809773487,2.9396986809773487,2.9396986809773487,2.9396986809773487,2.9396986809773487,2.9396986809773487,2.9396986809773487,2.9396986809773487,2.9396986809773487,2.9396986809773487,2.9396986809773487,2.9396986809773487,2.9396986809773487,2.9396986809773487,2.9396986809773487,2.9396986809773487,2.9396986809773487,2.9396986809773487,2.9396986809773487,2.9396986809773487,2.9396986809773487,2.9396986809773487,2.9396986809773487,2.9396986809773487,2.9396986809773487,2.9396986809773487,2.9396986809773487,2.9396986809773487,2.9396986809773487,2.9396986809773487,2.9396986809773487,2.9396986809773487,2.9396986809773487,2.9396986809773487,2.9396986809773487,2.9396986809773487,2.9396986809773487,2.9396986809773487,2.9396986809773487,2.9396986809773487,2.9396986809773487,2.9396986809773487,2.9396986809773487,2.9396986809773487,2.9396986809773487,2.9396986809773487,2.9396986809773487,2.9396986809773487,2.9396986809773487,2.9396986809773487,2.9396986809773487,2.9396986809773487,2.9396986809773487,2.9396986809773487,2.9396986809773487,2.9396986809773487,2.9396986809773487,2.9396986809773487,2.9396986809773487,2.9396986809773487,2.9396986809773487,2.9396986809773487,2.9396986809773487,2.9396986809773487,2.9396986809773487,2.9396986809773487,2.9396986809773487,2.9396986809773487,2.9396986809773487,2.9396986809773487,2.9396986809773487,2.9396986809773487,2.9396986809773487,2.9396986809773487,2.9396986809773487,2.9396986809773487,2.9396986809773487,2.9396986809773487,2.9396986809773487,2.9396986809773487,2.9396986809773487,2.9396986809773487,2.9396986809773487,2.9396986809773487,2.9396986809773487,2.9396986809773487,2.9396986809773487,2.9396986809773487,2.9396986809773487,2.9396986809773487,2.9396986809773487,2.9396986809773487,2.9396986809773487,2.9396986809773487,2.9396986809773487,2.9396986809773487,2.9396986809773487,2.9396986809773487,2.9396986809773487,2.9396986809773487,2.9396986809773487,2.9396986809773487,2.9396986809773487,2.9396986809773487,2.9396986809773487,2.9396986809773487,2.9396986809773487,2.9396986809773487,2.9396986809773487,2.9396986809773487,2.9396986809773487,2.9396986809773487,2.9396986809773487,2.9396986809773487,2.9396986809773487,2.9396986809773487,2.9396986809773487,2.9396986809773487,2.9396986809773487,2.9396986809773487,2.9396986809773487,2.9396986809773487,2.9396986809773487,2.9396986809773487,2.9396986809773487,2.9396986809773487,2.9396986809773487,2.9396986809773487,2.9396986809773487,2.9396986809773487,2.9396986809773487,2.9396986809773487,2.9396986809773487,2.9396986809773487,2.9396986809773487,2.9396986809773487,2.9396986809773487,2.9396986809773487,2.9396986809773487,2.9396986809773487,2.9396986809773487,2.9396986809773487,2.9396986809773487,2.9396986809773487,2.9396986809773487,2.9396986809773487,2.9396986809773487,2.9396986809773487,2.9396986809773487,2.9396986809773487,2.9396986809773487,2.9396986809773487,2.9396986809773487,2.9396986809773487,2.9396986809773487,2.9396986809773487,2.9396986809773487,2.9396986809773487,2.9396986809773487,2.9396986809773487,2.9396986809773487,2.9396986809773487,2.9396986809773487,2.9396986809773487,2.9396986809773487,2.9396986809773487,2.9396986809773487,2.9396986809773487,2.9396986809773487,2.9396986809773487,2.9396986809773487,2.9396986809773487,2.9396986809773487,2.9396986809773487,2.9396986809773487,2.9396986809773487,2.9396986809773487,2.9396986809773487,2.9396986809773487,2.9396986809773487,2.9396986809773487,2.9396986809773487,2.9396986809773487,2.9396986809773487,2.9396986809773487,2.9396986809773487,2.9396986809773487,2.9396986809773487,2.9396986809773487,2.9396986809773487,2.9396986809773487,2.9396986809773487,2.9396986809773487,2.9396986809773487,2.9396986809773487,2.9396986809773487,2.9396986809773487,2.9396986809773487,2.9396986809773487,2.9396986809773487,2.9396986809773487,2.9396986809773487,2.9396986809773487,2.9396986809773487,2.9396986809773487,2.9396986809773487,2.9396986809773487,2.9396986809773487,2.9396986809773487,2.9396986809773487,2.9396986809773487,2.9396986809773487,2.9396986809773487,2.9396986809773487,2.9396986809773487,2.9396986809773487,2.9396986809773487,2.9396986809773487,2.9396986809773487,2.9396986809773487,2.9396986809773487,2.9396986809773487,2.9396986809773487,2.9396986809773487,2.9396986809773487,2.9396986809773487,2.9396986809773487,2.9396986809773487,2.9396986809773487,2.9396986809773487,2.9396986809773487,2.9396986809773487,2.9396986809773487,8.53974045193816,8.393579489854602,6.758863491752328,6.396134194097547,6.396134194097547,6.3530413809365225,6.292515639384024,6.292515639384024,6.292515639384024,6.292515639384024,6.292515639384024,6.292515639384024,6.292515639384024,6.292515639384024,6.161459353010552,5.858383270689965,5.850404156919858,5.850404156919858,5.850404156919858,5.850404156919858,5.692076604264411,5.692076604264411,5.692076604264411,5.692076604264411,5.692076604264411,5.692076604264411,5.692076604264411,5.692076604264411,5.692076604264411,5.692076604264411,5.692076604264411,5.692076604264411,5.692076604264411,5.692076604264411,5.692076604264411,5.692076604264411,5.692076604264411,5.692076604264411,5.692076604264411,5.692076604264411,5.692076604264411,5.692076604264411,5.692076604264411,5.692076604264411,5.692076604264411,5.669320496371909,5.511618129321908,5.511618129321908,5.511618129321908,5.511618129321908,5.511618129321908,5.511618129321908,5.511618129321908,5.511618129321908,5.511618129321908,5.511618129321908,5.511618129321908,5.511618129321908,5.511618129321908,5.511618129321908,5.511618129321908,5.511618129321908,5.511618129321908,5.511618129321908,5.511618129321908,5.511618129321908,5.511618129321908,5.511618129321908,5.511618129321908,5.511618129321908,5.511618129321908,5.511618129321908,5.511618129321908,5.511618129321908,5.511618129321908,5.511618129321908,5.368862849682812,5.368862849682812,5.368862849682812,5.368862849682812,5.368862849682812,5.368862849682812,5.368862849682812,5.368862849682812,5.368862849682812,5.368862849682812,5.368862849682812,5.368862849682812,5.368862849682812,5.368862849682812,5.368862849682812,5.368862849682812,5.368862849682812,5.368862849682812,5.368862849682812,5.368862849682812,5.368862849682812,5.368862849682812,5.368862849682812,5.368862849682812,5.368862849682812,5.368862849682812,5.368862849682812,5.368862849682812,5.368862849682812,5.368862849682812,5.368862849682812,5.368862849682812,5.368862849682812,5.368862849682812,5.368862849682812,5.368862849682812,5.368862849682812,5.368862849682812,5.368862849682812,5.368862849682812,5.368862849682812,5.368862849682812,5.368862849682812,5.368862849682812,5.368862849682812,5.368862849682812,5.368862849682812,5.368862849682812,5.368862849682812,5.368862849682812,5.180186138162859,5.180186138162859,5.1380344044248325,4.890328384965316,4.890328384965316,4.890328384965316,4.890328384965316,4.890328384965316,4.802227987312269,4.802227987312269,4.802227987312269,4.802227987312269,4.802227987312269,4.802227987312269,4.802227987312269,4.802227987312269,4.802227987312269,4.802227987312269,4.802227987312269,4.802227987312269,4.802227987312269,4.802227987312269,4.802227987312269,4.802227987312269,4.802227987312269,4.802227987312269,4.802227987312269,4.802227987312269,4.802227987312269,4.802227987312269,4.802227987312269,4.802227987312269,4.019219482031941,4.019219482031941,4.019219482031941,4.019219482031941,4.019219482031941,4.019219482031941,4.019219482031941,4.019219482031941,4.019219482031941,4.019219482031941,4.019219482031941,4.019219482031941,4.019219482031941,4.019219482031941,4.019219482031941,4.019219482031941,4.019219482031941,4.019219482031941,4.019219482031941,4.019219482031941,4.019219482031941,4.019219482031941,4.019219482031941,4.019219482031941,4.019219482031941,4.019219482031941,4.019219482031941,4.019219482031941,4.019219482031941,4.019219482031941,4.019219482031941,4.019219482031941,4.019219482031941,4.019219482031941,4.019219482031941,4.019219482031941,4.019219482031941,4.019219482031941,4.019219482031941,4.019219482031941,4.019219482031941,3.6390604146011047,3.634652013445976,3.634652013445976,3.634652013445976,3.634652013445976,3.634652013445976,3.634652013445976,3.634652013445976,3.634652013445976,3.634652013445976,3.634652013445976,3.634652013445976,3.634652013445976,3.634652013445976,3.634652013445976,3.634652013445976,3.634652013445976,3.634652013445976,3.634652013445976,3.634652013445976,3.634652013445976,3.634652013445976,3.634652013445976,3.634652013445976,3.634652013445976,3.634652013445976,3.634652013445976,3.634652013445976,3.634652013445976,3.634652013445976,3.634652013445976,3.634652013445976,3.634652013445976,3.634652013445976,3.634652013445976,3.634652013445976,3.634652013445976,3.634652013445976,3.634652013445976,3.634652013445976,3.634652013445976,3.634652013445976,3.634652013445976,3.634652013445976,3.634652013445976,3.634652013445976,3.634652013445976,3.634652013445976,3.634652013445976,3.634652013445976,3.634652013445976,3.634652013445976,3.634652013445976,3.634652013445976,3.634652013445976,3.634652013445976,3.634652013445976,3.634652013445976,3.634652013445976,3.634652013445976,3.634652013445976,3.634652013445976,3.634652013445976,3.634652013445976,3.634652013445976,3.634652013445976,3.634652013445976,3.634652013445976,3.634652013445976,3.634652013445976,3.634652013445976,3.634652013445976,3.634652013445976,3.634652013445976,3.634652013445976,3.634652013445976,3.634652013445976,3.634652013445976,3.634652013445976,3.634652013445976,3.634652013445976,3.634652013445976,3.634652013445976,3.634652013445976,3.634652013445976,3.634652013445976,3.634652013445976,3.634652013445976,3.634652013445976,3.634652013445976,3.634652013445976,3.634652013445976,3.634652013445976,3.634652013445976,3.634652013445976,3.634652013445976,3.634652013445976,3.634652013445976,3.634652013445976,3.634652013445976,3.634652013445976,3.634652013445976,3.634652013445976,3.634652013445976,3.634652013445976,3.634652013445976,3.634652013445976,3.634652013445976,3.634652013445976,3.634652013445976,3.634652013445976,3.0666063506979113,3.0666063506979113,3.0666063506979113,3.0666063506979113,3.0666063506979113,3.0666063506979113,3.0666063506979113,3.0666063506979113,3.0666063506979113,3.0666063506979113,3.0666063506979113,3.0666063506979113,3.0666063506979113,3.0666063506979113,3.0666063506979113,3.0666063506979113,3.0666063506979113,3.0666063506979113,3.0666063506979113,3.0666063506979113,3.0666063506979113,3.0666063506979113,3.0666063506979113,3.0666063506979113,3.0666063506979113,3.0666063506979113,3.0666063506979113,3.0666063506979113,3.0666063506979113,3.0666063506979113,3.0666063506979113,3.0666063506979113,3.0666063506979113,3.0666063506979113,3.0666063506979113,3.0666063506979113,3.0666063506979113,3.0666063506979113,3.0666063506979113,3.0666063506979113,3.0666063506979113,3.0666063506979113,3.0666063506979113,3.0666063506979113,3.0666063506979113,3.0666063506979113,3.0666063506979113,3.0666063506979113,3.0666063506979113,3.0666063506979113,3.0666063506979113,3.0666063506979113,3.0666063506979113,3.0666063506979113,3.0666063506979113,3.0666063506979113,3.0666063506979113,3.0666063506979113,3.0666063506979113,3.0666063506979113,3.0666063506979113,3.0666063506979113,3.0666063506979113,3.0666063506979113,3.0666063506979113,3.0666063506979113,3.0666063506979113,3.0666063506979113,3.0666063506979113,3.0666063506979113,3.0666063506979113,3.0666063506979113,3.0666063506979113,3.0666063506979113,3.0666063506979113,3.0666063506979113,3.0666063506979113,3.0666063506979113,3.0666063506979113,3.0666063506979113,3.0666063506979113,3.0666063506979113,3.0666063506979113,3.0666063506979113,3.0666063506979113,3.0666063506979113,3.0666063506979113,3.0666063506979113,3.0666063506979113,3.0666063506979113,3.0666063506979113,3.0666063506979113,3.0666063506979113,3.0666063506979113,3.0666063506979113,3.0666063506979113,3.0666063506979113,3.0666063506979113,3.0666063506979113,3.0666063506979113,3.0666063506979113,3.0666063506979113,3.0666063506979113,3.0666063506979113,3.0666063506979113,3.0666063506979113,3.0666063506979113,3.0666063506979113,3.0666063506979113,3.0666063506979113,3.0666063506979113,3.0666063506979113,3.0666063506979113,3.0666063506979113,3.0666063506979113,3.0666063506979113,3.0666063506979113,3.0666063506979113,3.0666063506979113,3.0666063506979113,3.0666063506979113,3.0666063506979113,3.0666063506979113,3.0666063506979113,3.0666063506979113,3.0666063506979113,3.0666063506979113,3.0666063506979113,3.0666063506979113,3.0666063506979113,3.0666063506979113,3.0666063506979113,3.0666063506979113,3.0666063506979113,3.0666063506979113,3.0666063506979113,3.0666063506979113,3.0666063506979113,3.0666063506979113,3.0666063506979113,3.0666063506979113,3.0666063506979113,3.0666063506979113,3.0666063506979113,3.0666063506979113,3.0666063506979113,3.0666063506979113,3.0666063506979113,3.0666063506979113,3.0666063506979113,3.0666063506979113,3.0666063506979113,3.0666063506979113,3.0666063506979113,3.0666063506979113,3.0666063506979113,3.0666063506979113,3.0666063506979113,3.0666063506979113,3.0666063506979113,3.0666063506979113,3.0666063506979113,3.0666063506979113,3.0666063506979113,3.0666063506979113,3.0666063506979113,3.0666063506979113,3.0666063506979113,3.0666063506979113,3.0666063506979113,3.0666063506979113,3.0666063506979113,3.0666063506979113,3.0666063506979113,3.0666063506979113,3.0666063506979113,3.0666063506979113,3.0666063506979113,3.0666063506979113,3.0666063506979113,3.0666063506979113,3.0666063506979113,3.0666063506979113,3.0666063506979113,3.0666063506979113,3.0666063506979113,3.0666063506979113,3.0666063506979113,3.0666063506979113,3.0666063506979113,3.0666063506979113,3.0666063506979113,3.0666063506979113,3.0666063506979113,3.0666063506979113,3.0666063506979113,3.0666063506979113,3.0666063506979113,3.0666063506979113,3.0666063506979113,3.0666063506979113,3.0666063506979113,3.0666063506979113,3.0666063506979113,3.0666063506979113,3.0666063506979113,3.0666063506979113,3.0666063506979113,3.0666063506979113,3.0666063506979113,3.0666063506979113,3.0666063506979113,3.0666063506979113,3.0666063506979113,3.0666063506979113,3.0666063506979113,3.0666063506979113,3.0666063506979113,3.0666063506979113,3.0666063506979113,3.0666063506979113,3.0666063506979113,3.0666063506979113,3.0666063506979113,3.0666063506979113,3.0666063506979113,3.0666063506979113,3.0666063506979113,3.0666063506979113,3.0666063506979113,3.0666063506979113,3.0666063506979113,3.0666063506979113,3.0666063506979113,3.0666063506979113,3.0666063506979113,3.0666063506979113,3.0666063506979113,3.0666063506979113,3.0666063506979113,3.0666063506979113,3.0666063506979113,3.0666063506979113,3.0666063506979113,3.0666063506979113,3.0666063506979113,3.0666063506979113,3.0666063506979113,3.0666063506979113,3.0666063506979113,3.0666063506979113,3.0666063506979113,3.0666063506979113,3.0666063506979113,3.0666063506979113,3.0666063506979113,3.0666063506979113,3.0666063506979113,3.0666063506979113,3.0666063506979113,3.0666063506979113,3.0666063506979113,3.0666063506979113,3.0666063506979113,3.0666063506979113,3.0666063506979113,3.0666063506979113,3.0666063506979113,3.0666063506979113,3.0666063506979113,3.0666063506979113,3.0666063506979113,3.0666063506979113,3.0666063506979113,3.0666063506979113,3.0666063506979113,3.0666063506979113,3.0666063506979113,3.0666063506979113,3.0666063506979113,3.0666063506979113,3.0666063506979113,3.0666063506979113,3.0666063506979113,3.0666063506979113,3.0666063506979113,3.0666063506979113,3.0666063506979113,3.0666063506979113,3.0666063506979113,3.0666063506979113,3.0666063506979113,3.0666063506979113,3.0666063506979113,3.0666063506979113,3.0666063506979113,3.0666063506979113,3.0666063506979113,3.0666063506979113,3.0666063506979113,3.0666063506979113,3.0666063506979113,3.0666063506979113,3.0666063506979113,3.0666063506979113,3.0666063506979113,3.0666063506979113,3.0666063506979113,3.0666063506979113,3.0666063506979113,3.0666063506979113,3.0666063506979113,3.0666063506979113,3.0666063506979113,3.0666063506979113,3.0666063506979113,3.0666063506979113,3.0666063506979113,3.0666063506979113,3.0666063506979113,3.0666063506979113,3.0666063506979113,3.0666063506979113,3.0666063506979113,3.0666063506979113,3.0666063506979113,3.0666063506979113,3.0666063506979113,3.0666063506979113,3.0666063506979113,3.0666063506979113,3.0666063506979113,3.0666063506979113,3.0666063506979113,3.0666063506979113,3.0666063506979113,3.0666063506979113,3.0666063506979113,3.0666063506979113,3.0666063506979113,3.0666063506979113,3.0666063506979113,3.0666063506979113,3.0666063506979113,3.0666063506979113,3.0666063506979113,3.0666063506979113,3.0666063506979113,3.0666063506979113,3.0666063506979113,3.0666063506979113,3.0666063506979113,3.0666063506979113,3.0666063506979113,3.0666063506979113,3.0666063506979113,3.0666063506979113,3.0666063506979113,3.0666063506979113,3.0666063506979113,3.0666063506979113,3.0666063506979113,3.0666063506979113,3.0666063506979113,3.0666063506979113,3.0666063506979113,3.0666063506979113,3.0666063506979113,3.0666063506979113,3.0666063506979113,3.0666063506979113,3.0666063506979113,3.0666063506979113,3.0666063506979113,3.0666063506979113,3.0666063506979113,3.0666063506979113,3.0666063506979113,3.0666063506979113,3.0666063506979113,3.0666063506979113,3.0666063506979113,3.0666063506979113,3.0666063506979113,3.0666063506979113,3.0666063506979113,3.0666063506979113,3.0666063506979113,3.0666063506979113,3.0666063506979113,3.0666063506979113,3.0666063506979113,3.0666063506979113,3.0666063506979113,3.0666063506979113,3.0666063506979113,3.0666063506979113,3.0666063506979113,3.0666063506979113,3.0666063506979113,3.0666063506979113,3.0666063506979113,3.0666063506979113,3.0666063506979113,3.0666063506979113,3.0666063506979113,3.0666063506979113,3.0666063506979113,3.0666063506979113,3.0666063506979113,3.0666063506979113,3.0666063506979113,3.0666063506979113,3.0666063506979113,3.0666063506979113,3.0666063506979113,3.0666063506979113,3.0666063506979113,3.0666063506979113,3.0666063506979113,3.0666063506979113,3.0666063506979113,3.0666063506979113,3.0666063506979113,3.0666063506979113,3.0666063506979113,3.0666063506979113,3.0666063506979113,3.0666063506979113,3.0666063506979113,3.0666063506979113,3.0666063506979113,3.0666063506979113,3.0666063506979113,3.0666063506979113,3.0666063506979113,3.0666063506979113,3.0666063506979113,3.0666063506979113,3.0666063506979113,3.0666063506979113,3.0666063506979113,3.0666063506979113,3.0666063506979113,3.0666063506979113,3.0666063506979113,3.0666063506979113,3.0666063506979113,3.0666063506979113,3.0666063506979113,3.0666063506979113,3.0666063506979113,3.0666063506979113,3.0666063506979113,3.0666063506979113,3.0666063506979113,3.0666063506979113,3.0666063506979113,3.0666063506979113,3.0666063506979113,3.0666063506979113,3.0666063506979113,3.0666063506979113,3.0666063506979113,3.0666063506979113,3.0666063506979113,3.0666063506979113,3.0666063506979113,3.0666063506979113,3.0666063506979113,3.0666063506979113,3.0666063506979113,3.0666063506979113,3.0666063506979113,3.0666063506979113,3.0666063506979113,3.0666063506979113,3.0666063506979113,3.0666063506979113,3.0666063506979113,3.0666063506979113,3.0666063506979113,3.0666063506979113,3.0666063506979113,3.0666063506979113,3.0666063506979113,3.0666063506979113,3.0666063506979113,3.0666063506979113,3.0666063506979113,3.0666063506979113,3.0666063506979113,3.0666063506979113,3.0666063506979113,3.0666063506979113,3.0666063506979113,3.0666063506979113,3.0666063506979113,3.0666063506979113,3.0666063506979113,3.0666063506979113,3.0666063506979113,3.0666063506979113,3.0666063506979113,3.0666063506979113,3.0666063506979113,3.0666063506979113,3.0666063506979113,3.0666063506979113,3.0666063506979113,3.0666063506979113,3.0666063506979113,3.0666063506979113,3.0666063506979113,3.0666063506979113,3.0666063506979113,3.0666063506979113,3.0666063506979113,3.0666063506979113,3.0666063506979113,3.0666063506979113,3.0666063506979113,3.0666063506979113,3.0666063506979113,3.0666063506979113,3.0666063506979113,3.0666063506979113,3.0666063506979113,3.0666063506979113,3.0666063506979113,3.0666063506979113,3.0666063506979113,3.0666063506979113,3.0666063506979113,3.0666063506979113,3.0666063506979113,3.0666063506979113,3.0666063506979113,3.0666063506979113,3.0666063506979113,3.0666063506979113,3.0666063506979113,3.0666063506979113,3.0666063506979113,3.0666063506979113,3.0666063506979113,3.0666063506979113,3.0666063506979113,3.0666063506979113,3.0666063506979113,3.0666063506979113,3.0666063506979113,3.0666063506979113,3.0666063506979113,3.0666063506979113,3.0666063506979113,3.0666063506979113,3.0666063506979113,3.0666063506979113,3.0666063506979113,3.0666063506979113,3.0666063506979113,3.0666063506979113,3.0666063506979113,3.0666063506979113,3.0666063506979113,3.0666063506979113,3.0666063506979113,3.0666063506979113,3.0666063506979113,3.0666063506979113,3.0666063506979113,3.0666063506979113,3.0666063506979113,3.0666063506979113,3.0666063506979113,3.0666063506979113,3.0666063506979113,3.0666063506979113,3.0666063506979113,3.0666063506979113,3.0666063506979113,3.0666063506979113,3.0666063506979113,3.0666063506979113,3.0666063506979113,3.0666063506979113,3.0666063506979113,3.0666063506979113,3.0666063506979113,3.0666063506979113,3.0666063506979113,3.0666063506979113,3.0666063506979113,3.0666063506979113,3.0666063506979113,3.0666063506979113,3.0666063506979113,3.0666063506979113,3.0666063506979113,3.0666063506979113,3.0666063506979113,3.0666063506979113,3.0666063506979113,3.0666063506979113,3.0666063506979113,3.0666063506979113,3.0666063506979113,3.0666063506979113,3.0666063506979113,3.0666063506979113,3.0666063506979113,3.0666063506979113,3.0666063506979113,3.0666063506979113,3.0666063506979113,3.0666063506979113,3.0666063506979113,3.0666063506979113,3.0666063506979113,3.0666063506979113,3.0666063506979113,3.0666063506979113,3.0666063506979113,3.0666063506979113,3.0666063506979113,3.0666063506979113,3.0666063506979113,3.0666063506979113,3.0666063506979113,3.0666063506979113,3.0666063506979113,3.0666063506979113,3.0666063506979113,3.0666063506979113,3.0666063506979113,3.0666063506979113,3.0666063506979113,3.0666063506979113,3.0666063506979113,3.0666063506979113,3.0666063506979113,3.0666063506979113,3.0666063506979113,3.0666063506979113,3.0666063506979113,3.0666063506979113,3.0666063506979113,3.0666063506979113,3.0666063506979113,3.0666063506979113,3.0666063506979113,3.0666063506979113,3.0666063506979113,3.0666063506979113,3.0666063506979113,3.0666063506979113,3.0666063506979113,3.0666063506979113,3.0666063506979113,3.0666063506979113,3.0666063506979113,3.0666063506979113,3.0666063506979113,3.0666063506979113,3.0666063506979113,3.0666063506979113,3.0666063506979113,3.0666063506979113,3.0666063506979113,3.0666063506979113,3.0666063506979113,3.0666063506979113,3.0666063506979113,3.0666063506979113,3.0666063506979113,3.0666063506979113,3.0666063506979113,3.0666063506979113,3.0666063506979113,3.0666063506979113,3.0666063506979113,3.0666063506979113,3.0666063506979113,3.0666063506979113,3.0666063506979113,3.0666063506979113,3.0666063506979113,3.0666063506979113,3.0666063506979113,8.566669857620838,8.504921155411248,7.201510288227087,6.35996753133655,6.35996753133655,6.35996753133655,6.35996753133655,6.273663134737879,6.273663134737879,6.273663134737879,6.273663134737879,6.273663134737879,6.273663134737879,6.273663134737879,6.273663134737879,6.273663134737879,5.9043982197944835,5.9043982197944835,5.9043982197944835,5.9043982197944835,5.9043982197944835,5.9043982197944835,5.9043982197944835,5.9043982197944835,5.9043982197944835,5.9043982197944835,5.9043982197944835,5.9043982197944835,5.9043982197944835,5.9043982197944835,5.9043982197944835,5.9043982197944835,5.9043982197944835,5.9043982197944835,5.9043982197944835,5.9043982197944835,5.9043982197944835,5.876973841509914,5.876973841509914,5.876973841509914,5.876973841509914,5.876973841509914,5.876973841509914,5.876973841509914,5.876973841509914,5.853679350176075,5.853679350176075,5.853679350176075,5.853679350176075,5.773927291652457,5.773927291652457,5.773927291652457,5.773927291652457,5.773927291652457,5.773927291652457,5.773927291652457,5.773927291652457,5.773927291652457,5.773927291652457,5.773927291652457,5.773927291652457,5.773927291652457,5.730717668036598,5.730717668036598,5.730717668036598,5.730717668036598,5.730717668036598,5.730717668036598,5.730717668036598,5.730717668036598,5.730717668036598,5.730717668036598,5.730717668036598,5.730717668036598,5.730717668036597,5.730717668036597,5.730717668036597,5.730717668036597,5.730717668036597,5.730717668036597,5.730717668036597,5.730717668036597,5.730717668036597,5.730717668036597,5.730717668036597,5.730717668036597,5.730717668036597,5.730717668036597,5.730717668036597,5.730717668036597,5.730717668036597,5.730717668036597,5.730717668036597,5.730717668036597,5.730717668036597,5.730717668036597,5.730717668036597,5.730717668036597,5.730717668036597,5.730717668036597,5.730717668036597,5.730717668036597,5.730717668036597,5.730717668036597,5.730717668036597,5.730717668036597,5.730717668036597,5.730717668036597,5.730717668036597,5.730717668036597,5.730717668036597,5.730717668036597,5.730717668036597,5.730717668036597,5.730717668036597,5.730717668036597,5.730717668036597,5.730717668036597,5.730717668036597,5.730717668036597,5.730717668036597,5.730717668036597,5.730717668036597,5.730717668036597,5.730717668036597,5.730717668036597,5.730717668036597,5.730717668036597,5.730717668036597,5.730717668036597,5.730717668036597,5.730717668036597,5.730717668036597,5.730717668036597,5.730717668036597,5.730717668036597,5.730717668036597,5.730717668036597,5.730717668036597,5.730717668036597,5.730717668036597,5.730717668036597,5.730717668036597,5.730717668036597,5.730717668036597,5.730717668036597,5.730717668036597,5.730717668036597,5.730717668036597,5.730717668036597,5.730717668036597,5.730717668036597,5.730717668036597,5.730717668036597,5.730717668036597,5.730717668036597,5.730717668036597,5.730717668036597,5.730717668036597,5.730717668036597,5.730717668036597,5.730717668036597,5.730717668036597,5.730717668036597,5.730717668036597,5.730717668036597,5.730717668036597,5.730717668036597,5.730717668036597,5.730717668036597,5.730717668036597,5.730717668036597,5.730717668036597,5.730717668036597,5.730717668036597,5.730717668036597,5.730717668036597,5.730717668036597,5.730717668036597,5.730717668036597,5.730717668036597,5.730717668036597,5.730717668036597,5.730717668036597,5.730717668036597,5.730717668036597,5.730717668036597,5.730717668036597,5.730717668036597,5.730717668036597,5.730717668036597,5.730717668036597,5.730717668036597,5.730717668036597,5.730717668036597,5.730717668036597,5.730717668036597,5.730717668036597,5.730717668036597,5.730717668036597,5.730717668036597,5.730717668036597,5.730717668036597,5.730717668036597,5.730717668036597,5.730717668036597,5.730717668036597,5.730717668036597,5.730717668036597,5.730717668036597,5.730717668036597,5.730717668036597,5.730717668036597,5.730717668036597,5.730717668036597,5.730717668036597,5.730717668036597,5.730717668036597,5.730717668036597,5.730717668036597,5.730717668036597,4.859797580550969,4.859797580550969,4.6065988070518795,4.6065988070518795,4.6065988070518795,4.6065988070518795,4.6065988070518795,4.6065988070518795,4.6065988070518795,4.6065988070518795,4.6065988070518795,4.6065988070518795,4.6065988070518795,4.0564986217104915,4.0564986217104915,4.0564986217104915,4.0564986217104915,4.0564986217104915,4.0564986217104915,4.0564986217104915,4.0564986217104915,4.055295757019716,4.055295757019716,4.055295757019716,4.055295757019716,4.055295757019716,4.055295757019716,4.055295757019716,4.055295757019716,4.055295757019716,4.054418173353346,4.054418173353346,4.054418173353346,4.054418173353346,4.054418173353346,4.054418173353346,4.054418173353346,4.054418173353346,4.054418173353346,4.054418173353346,4.054418173353346,4.054418173353346,4.054418173353346,4.054418173353346,4.054418173353346,4.0389431326524505,4.0389431326524505,4.0389431326524505,4.0389431326524505,4.0389431326524505,4.0389431326524505,4.0389431326524505,4.0389431326524505,4.0389431326524505,4.0389431326524505,4.0389431326524505,4.0389431326524505,3.9785589344172365,3.9785589344172365,3.9785589344172365,3.9785589344172365,3.9785589344172365,3.9785589344172365,3.9785589344172365,3.9785589344172365,3.976478486060092,3.976478486060092,3.976478486060092,3.976478486060092,3.976478486060092,3.976478486060092,3.976478486060092,3.976478486060092,3.976478486060092,3.976478486060092,3.976478486060092,3.976478486060092,3.976478486060092,3.976478486060092,3.976478486060092,3.976478486060092,3.976478486060092,3.976478486060092,3.976478486060092,3.976478486060092,3.976478486060092,3.976478486060092,3.976478486060092,3.976478486060092,3.976478486060092,3.976478486060092,3.976478486060092,3.976478486060092,3.976478486060092,3.976478486060092,3.976478486060092,3.976478486060092,3.976478486060092,3.976478486060092,3.976478486060092,3.976478486060092,3.976478486060092,3.976478486060092,3.976478486060092,3.976478486060092,3.976478486060092,3.976478486060092,3.976478486060092,3.976478486060092,3.976478486060092,3.976478486060092,3.976478486060092,3.976478486060092,3.976478486060092,3.976478486060092,3.976478486060092,3.976478486060092,3.976478486060092,3.976478486060092,3.976478486060092,3.976478486060092,3.976478486060092,3.976478486060092,3.976478486060092,3.976478486060092,3.976478486060092,3.976478486060092,3.976478486060092,3.976478486060092,3.976478486060092,3.976478486060092,3.976478486060092,3.976478486060092,3.976478486060092,3.976478486060092,3.976478486060092,3.976478486060092,3.976478486060092,3.976478486060092,3.976478486060092,3.976478486060092,3.976478486060092,3.976478486060092,3.976478486060092,3.976478486060092,3.976478486060092,3.976478486060092,3.976478486060092,3.976478486060092,3.976478486060092,3.976478486060092,3.976478486060092,3.976478486060092,3.976478486060092,3.976478486060092,3.976478486060092,3.976478486060092,3.976478486060092,3.976478486060092,3.976478486060092,3.976478486060092,3.976478486060092,3.976478486060092,3.976478486060092,3.976478486060092,3.976478486060092,3.976478486060092,3.976478486060092,3.976478486060092,3.976478486060092,3.976478486060092,3.976478486060092,3.976478486060092,3.976478486060092,3.976478486060092,3.976478486060092,3.976478486060092,3.976478486060092,3.976478486060092,3.976478486060092,3.976478486060092,3.976478486060092,3.976478486060092,3.976478486060092,3.976478486060092,3.976478486060092,3.976478486060092,3.976478486060092,3.976478486060092,3.976478486060092,3.976478486060092,3.976478486060092,3.976478486060092,3.976478486060092,3.976478486060092,3.976478486060092,3.976478486060092,3.976478486060092,3.976478486060092,3.976478486060092,3.976478486060092,3.976478486060092,3.976478486060092,3.976478486060092,3.976478486060092,3.976478486060092,3.976478486060092,3.976478486060092,3.976478486060092,3.976478486060092,3.976478486060092,3.976478486060092,3.976478486060092,3.976478486060092,3.976478486060092,3.976478486060092,3.976478486060092,3.976478486060092,3.976478486060092,3.976478486060092,3.976478486060092,3.976478486060092,3.976478486060092,3.976478486060092,3.976478486060092,3.976478486060092,3.976478486060092,3.976478486060092,3.976478486060092,3.976478486060092,3.976478486060092,3.976478486060092,3.976478486060092,3.976478486060092,3.976478486060092,3.976478486060092,3.976478486060092,3.976478486060092,3.976478486060092,3.976478486060092,3.976478486060092,3.976478486060092,3.976478486060092,3.976478486060092,3.976478486060092,3.976478486060092,3.976478486060092,3.976478486060092,3.976478486060092,3.976478486060092,3.976478486060092,3.976478486060092,3.976478486060092,3.976478486060092,3.976478486060092,3.976478486060092,3.976478486060092,3.976478486060092,3.976478486060092,3.976478486060092,3.976478486060092,3.976478486060092,3.976478486060092,3.976478486060092,3.976478486060092,3.976478486060092,3.976478486060092,3.976478486060092,3.976478486060092,3.976478486060092,3.976478486060092,3.976478486060092,3.976478486060092,3.976478486060092,3.976478486060092,3.976478486060092,3.976478486060092,3.976478486060092,3.976478486060092,3.976478486060092,3.976478486060092,3.976478486060092,3.976478486060092,3.976478486060092,3.976478486060092,3.976478486060092,3.976478486060092,3.976478486060092,3.976478486060092,3.976478486060092,3.976478486060092,3.976478486060092,3.976478486060092,3.976478486060092,3.976478486060092,3.976478486060092,3.976478486060092,3.976478486060092,3.976478486060092,3.976478486060092,3.976478486060092,3.976478486060092,3.976478486060092,3.976478486060092,3.976478486060092,3.976478486060092,3.976478486060092,3.976478486060092,3.976478486060092,3.976478486060092,3.976478486060092,3.976478486060092,3.976478486060092,3.976478486060092,3.976478486060092,3.976478486060092,3.976478486060092,3.976478486060092,3.976478486060092,3.976478486060092,3.976478486060092,3.976478486060092,3.976478486060092,3.976478486060092,3.976478486060092,3.976478486060092,3.976478486060092,3.976478486060092,3.976478486060092,3.976478486060092,3.976478486060092,3.976478486060092,3.976478486060092,3.976478486060092,3.976478486060092,3.976478486060092,3.976478486060092,3.976478486060092,3.976478486060092,3.976478486060092,3.976478486060092,3.976478486060092,3.976478486060092,3.976478486060092,3.976478486060092,3.976478486060092,3.976478486060092,3.976478486060092,3.976478486060092,3.976478486060092,3.976478486060092,3.976478486060092,3.976478486060092,3.976478486060092,3.976478486060092,3.976478486060092,3.976478486060092,3.976478486060092,3.976478486060092,3.976478486060092,3.976478486060092,3.976478486060092,3.976478486060092,3.976478486060092,3.976478486060092,3.976478486060092,3.976478486060092,3.976478486060092,3.976478486060092,3.976478486060092,3.976478486060092,3.976478486060092,3.976478486060092,3.976478486060092,3.976478486060092,3.976478486060092,3.976478486060092,3.976478486060092,3.976478486060092,3.976478486060092,3.976478486060092,3.976478486060092,3.976478486060092,3.976478486060092,3.976478486060092,3.976478486060092,3.976478486060092,3.976478486060092,3.976478486060092,3.976478486060092,3.976478486060092,3.976478486060092,3.976478486060092,3.976478486060092,3.976478486060092,3.976478486060092,3.976478486060092,3.976478486060092,3.976478486060092,3.976478486060092,3.976478486060092,3.976478486060092,3.976478486060092,3.976478486060092,3.976478486060092,3.976478486060092,3.976478486060092,3.976478486060092,3.976478486060092,3.976478486060092,3.976478486060092,3.976478486060092,3.976478486060092,3.976478486060092,3.976478486060092,3.976478486060092,3.976478486060092,3.976478486060092,3.976478486060092,3.976478486060092,3.976478486060092,3.976478486060092,3.976478486060092,3.976478486060092,3.976478486060092,3.976478486060092,3.976478486060092,3.976478486060092,3.976478486060092,3.976478486060092,3.976478486060092,3.976478486060092,3.976478486060092,3.976478486060092,3.976478486060092,3.976478486060092,3.976478486060092,3.976478486060092,3.976478486060092,3.976478486060092,3.976478486060092,3.976478486060092,3.976478486060092,3.976478486060092,3.976478486060092,3.976478486060092,3.976478486060092,3.976478486060092,3.976478486060092,3.976478486060092,3.976478486060092,3.976478486060092,3.976478486060092,3.976478486060092,3.976478486060092,3.976478486060092,3.976478486060092,3.976478486060092,3.976478486060092,3.976478486060092,3.976478486060092,3.976478486060092,3.976478486060092,3.976478486060092,3.976478486060092,3.976478486060092,3.976478486060092,3.976478486060092,3.976478486060092,3.976478486060092,3.976478486060092,3.976478486060092,3.976478486060092,3.976478486060092,3.976478486060092,3.976478486060092,3.976478486060092,3.976478486060092,3.976478486060092,3.976478486060092,3.976478486060092,3.976478486060092,3.976478486060092,3.976478486060092,3.976478486060092,3.976478486060092,3.976478486060092,3.976478486060092,3.976478486060092,3.976478486060092,3.976478486060092,3.976478486060092,3.976478486060092,3.976478486060092,3.976478486060092,3.976478486060092,3.976478486060092,3.976478486060092,3.976478486060092,3.976478486060092,3.976478486060092,3.976478486060092,3.976478486060092,3.976478486060092,3.976478486060092,3.976478486060092,3.976478486060092,3.976478486060092,3.976478486060092,3.976478486060092,3.976478486060092,3.976478486060092,3.976478486060092,3.976478486060092,3.976478486060092,3.976478486060092,3.976478486060092,3.976478486060092,3.976478486060092,3.976478486060092,3.976478486060092,3.976478486060092,3.976478486060092,3.976478486060092,3.976478486060092,3.976478486060092,3.976478486060092,3.976478486060092,3.976478486060092,3.976478486060092,3.976478486060092,3.976478486060092,3.976478486060092,3.976478486060092,3.976478486060092,3.976478486060092,3.976478486060092,3.976478486060092,3.976478486060092,3.976478486060092,3.976478486060092,3.976478486060092,3.976478486060092,3.976478486060092,3.976478486060092,3.976478486060092,3.976478486060092,3.976478486060092,3.976478486060092,3.976478486060092,3.976478486060092,3.976478486060092,3.976478486060092,3.976478486060092,3.976478486060092,3.976478486060092,3.976478486060092,3.976478486060092,3.976478486060092,3.976478486060092,3.976478486060092,3.976478486060092,3.976478486060092,3.976478486060092,3.976478486060092,3.976478486060092,3.976478486060092,3.976478486060092,3.976478486060092,3.976478486060092,3.976478486060092,3.976478486060092,3.976478486060092,3.976478486060092,3.976478486060092,3.976478486060092,3.976478486060092,3.976478486060092,3.976478486060092,3.976478486060092,3.976478486060092,3.976478486060092,3.976478486060092,3.976478486060092,3.976478486060092,3.976478486060092,3.976478486060092,3.976478486060092,3.976478486060092,3.976478486060092,3.976478486060092,3.976478486060092,3.976478486060092,3.976478486060092,3.976478486060092,3.976478486060092,3.976478486060092,3.976478486060092,3.976478486060092,3.976478486060092,3.976478486060092,3.976478486060092,3.976478486060092,3.976478486060092,3.976478486060092,3.976478486060092,3.976478486060092,3.976478486060092,3.976478486060092,3.976478486060092,3.976478486060092,3.976478486060092,3.976478486060092,3.976478486060092,3.976478486060092,3.976478486060092,3.976478486060092,3.976478486060092,3.976478486060092,3.976478486060092,3.976478486060092,3.976478486060092,3.976478486060092,3.976478486060092,3.976478486060092,3.976478486060092,3.976478486060092,3.976478486060092,3.976478486060092,3.976478486060092,3.976478486060092,3.976478486060092,3.976478486060092,3.976478486060092,3.976478486060092,3.976478486060092,3.976478486060092,3.976478486060092,3.976478486060092,3.976478486060092,3.976478486060092,3.976478486060092,3.976478486060092,3.976478486060092,3.976478486060092,3.976478486060092,3.976478486060092,3.976478486060092,3.976478486060092,3.976478486060092,3.976478486060092,3.976478486060092,3.976478486060092,3.976478486060092,3.976478486060092,3.976478486060092,3.976478486060092,3.976478486060092,3.976478486060092,3.976478486060092,3.976478486060092,3.976478486060092,3.976478486060092,3.976478486060092,3.976478486060092,3.976478486060092,3.976478486060092,3.976478486060092,3.976478486060092,3.976478486060092,3.976478486060092,3.976478486060092,3.976478486060092,3.976478486060092,3.976478486060092,3.976478486060092,3.976478486060092,3.976478486060092,3.976478486060092,3.976478486060092,3.976478486060092,3.976478486060092,3.976478486060092,3.976478486060092,3.976478486060092,3.976478486060092,3.976478486060092,3.976478486060092,3.976478486060092,3.976478486060092,3.976478486060092,3.976478486060092,3.976478486060092,3.976478486060092,3.976478486060092,3.976478486060092,3.976478486060092,3.976478486060092,3.976478486060092,3.976478486060092,3.976478486060092,3.976478486060092,3.976478486060092,3.976478486060092,3.976478486060092,3.976478486060092,3.976478486060092,3.976478486060092,3.976478486060092,3.976478486060092,3.976478486060092,3.976478486060092,3.976478486060092,3.976478486060092,3.976478486060092,3.976478486060092,3.976478486060092,3.976478486060092,3.976478486060092,3.976478486060092,3.976478486060092,3.976478486060092,3.976478486060092,3.976478486060092,3.976478486060092,3.976478486060092,3.976478486060092,3.976478486060092,3.976478486060092,3.976478486060092,3.976478486060092,3.976478486060092,3.976478486060092,3.976478486060092,3.976478486060092,3.976478486060092,3.976478486060092,3.976478486060092,3.976478486060092,3.976478486060092,3.976478486060092,3.976478486060092,3.976478486060092,3.976478486060092,3.976478486060092,3.976478486060092,3.976478486060092,3.976478486060092,3.976478486060092,3.976478486060092,3.976478486060092,3.976478486060092,3.976478486060092,3.976478486060092,3.976478486060092,3.976478486060092,3.976478486060092,3.976478486060092,3.976478486060092,3.976478486060092,3.976478486060092,3.976478486060092,3.976478486060092,3.976478486060092,3.976478486060092,3.976478486060092,3.976478486060092,3.976478486060092,3.976478486060092,3.976478486060092,3.976478486060092,3.976478486060092,3.976478486060092,3.976478486060092,3.976478486060092,3.976478486060092,3.976478486060092,3.976478486060092,3.976478486060092,8.597288052491233,8.597288052491233,6.976980058395168,6.976980058395168,6.41790390783509,6.41790390783509,6.294491462537367,6.294491462537367,6.294491462537367,6.294491462537367,6.294491462537367,6.294491462537367,6.294491462537367,6.294491462537367,6.271494590627381,6.271494590627381,6.2603767843826565,6.2603767843826565,6.2603767843826565,6.2603767843826565,6.2603767843826565,6.172366235005858,6.172366235005858,6.172366235005858,6.172366235005858,6.172366235005858,6.172366235005858,6.172366235005858,6.172366235005858,6.172366235005858,6.172366235005858,6.172366235005858,6.172366235005858,6.172366235005858,6.172366235005858,6.172366235005858,6.172366235005858,6.172366235005858,6.172366235005858,6.172366235005858,6.172366235005858,6.172366235005858,6.172366235005858,6.172366235005858,6.172366235005858,6.172366235005858,6.172366235005858,6.172366235005858,6.172366235005858,6.172366235005858,6.172366235005858,6.172366235005858,6.172366235005858,6.172366235005858,6.172366235005858,6.172366235005858,6.172366235005858,6.172366235005858,6.172366235005858,6.172366235005858,6.172366235005858,6.172366235005858,6.172366235005858,6.172366235005858,6.172366235005858,6.172366235005858,6.172366235005858,6.172366235005858,6.172366235005858,6.172366235005858,6.172366235005858,6.172366235005858,6.172366235005858,6.172366235005857,6.172366235005857,6.172366235005857,6.172366235005857,6.172366235005857,6.172366235005857,6.172366235005857,6.172366235005857,6.172366235005857,6.172366235005857,6.172366235005857,6.172366235005857,6.172366235005857,6.172366235005857,6.1639103762524385,6.1639103762524385,6.1639103762524385,6.1639103762524385,6.1639103762524385,6.1639103762524385,6.1639103762524385,6.1639103762524385,6.1639103762524385,6.1639103762524385,6.1639103762524385,6.1639103762524385,6.1639103762524385,6.1639103762524385,6.1639103762524385,6.1639103762524385,6.1639103762524385,6.1639103762524385,6.1639103762524385,6.1639103762524385,6.1639103762524385,6.1639103762524385,6.1639103762524385,6.1639103762524385,6.1639103762524385,6.1639103762524385,6.1639103762524385,6.1639103762524385,6.1639103762524385,6.1639103762524385,6.1639103762524385,6.1639103762524385,6.1639103762524385,6.1639103762524385,6.1639103762524385,6.1639103762524385,6.1639103762524385,6.1639103762524385,6.1639103762524385,6.1639103762524385,6.1639103762524385,6.1639103762524385,6.1639103762524385,5.920774292156033,5.920774292156033,5.221057798606657,4.966381234982974,4.966381234982974,4.966381234982974,4.966381234982974,4.966381234982974,4.966381234982974,4.966381234982974,4.966381234982974,4.966381234982974,4.966381234982974,4.966381234982974,4.72775727050951,4.72775727050951,4.72775727050951,4.72775727050951,4.72775727050951,4.72775727050951,4.72775727050951,4.72775727050951,4.72775727050951,4.72775727050951,4.72775727050951,4.72775727050951,4.72775727050951,4.72775727050951,4.72775727050951,4.72775727050951,4.72775727050951,4.430155145109309,4.430155145109309,4.430155145109309,4.430155145109309,4.430155145109309,4.430155145109309,4.430155145109309,4.430155145109309,4.430155145109309,4.430155145109309,4.430155145109309,4.430155145109309,4.430155145109309,4.430155145109309,4.430155145109309,4.430155145109309,4.430155145109309,4.430155145109309,4.430155145109309,4.430155145109309,4.430155145109309,4.430155145109309,4.430155145109309,4.430155145109309,4.430155145109309,4.430155145109309,4.430155145109309,4.430155145109309,4.430155145109309,4.430155145109309,4.341099181301836,4.341099181301836,4.341099181301836,4.341099181301836,4.341099181301836,4.341099181301836,4.341099181301836,4.341099181301836,4.341099181301836,4.341099181301836,4.341099181301836,4.341099181301836,4.341099181301836,4.341099181301836,4.341099181301836,4.341099181301836,4.341099181301836,4.341099181301836,4.341099181301836,4.341099181301836,4.341099181301836,4.341099181301836,4.341099181301836,4.341099181301836,4.341099181301836,4.341099181301836,4.341099181301836,4.341099181301836,4.341099181301836,4.341099181301836,4.341099181301836,4.341099181301836,4.341099181301836,4.341099181301836,4.341099181301836,4.341099181301836,4.341099181301836,4.341099181301836,4.341099181301836,4.341099181301836,4.341099181301836,4.341099181301836,4.341099181301836,4.341099181301836,4.341099181301836,4.341099181301836,4.341099181301836,4.341099181301836,4.341099181301836,4.341099181301836,4.341099181301836,4.341099181301836,4.341099181301836,4.341099181301836,4.341099181301836,4.341099181301836,4.341099181301836,4.341099181301836,4.341099181301836,4.341099181301836,4.341099181301836,4.341099181301836,4.341099181301836,4.341099181301836,4.341099181301836,4.341099181301836,4.341099181301836,4.341099181301836,4.341099181301836,4.341099181301836,4.341099181301836,4.341099181301836,4.341099181301836,4.341099181301836,4.341099181301836,4.341099181301836,4.341099181301836,4.341099181301836,4.341099181301836,4.341099181301836,4.341099181301836,4.341099181301836,4.341099181301836,4.341099181301836,4.341099181301836,4.341099181301836,4.341099181301836,4.341099181301836,4.341099181301836,4.341099181301836,4.341099181301836,4.341099181301836,4.341099181301836,4.341099181301836,4.341099181301836,4.341099181301836,4.341099181301836,4.341099181301836,4.341099181301836,4.341099181301836,4.341099181301836,4.341099181301836,4.341099181301836,4.341099181301836,4.341099181301836,4.341099181301836,4.341099181301836,4.341099181301836,4.341099181301836,4.341099181301836,4.341099181301836,4.341099181301836,4.341099181301836,4.341099181301836,4.341099181301836,4.341099181301836,4.341099181301836,4.341099181301836,4.341099181301836,4.341099181301836,4.341099181301836,4.341099181301836,4.341099181301836,4.341099181301836,4.341099181301836,4.341099181301836,4.341099181301836,4.341099181301836,4.341099181301836,4.341099181301836,4.341099181301836,4.341099181301836,4.341099181301836,4.341099181301836,4.341099181301836,4.341099181301836,4.341099181301836,4.341099181301836,4.341099181301836,4.341099181301836,4.341099181301836,4.341099181301836,4.341099181301836,4.341099181301836,4.341099181301836,4.341099181301836,4.341099181301836,4.341099181301836,4.341099181301836,4.341099181301836,4.341099181301836,4.341099181301836,4.341099181301836,4.341099181301836,4.341099181301836,4.341099181301836,4.268984680336995,4.268984680336995,4.268984680336995,4.268984680336995,4.268984680336995,4.268984680336995,4.268984680336995,4.268984680336995,4.268984680336995,4.268984680336995,4.268984680336995,4.268984680336995,4.268984680336995,4.268984680336995,4.268984680336995,4.268984680336995,4.268984680336995,4.268984680336995,4.268984680336995,4.268984680336995,4.268984680336995,4.268984680336995,4.268984680336995,4.268984680336995,4.268984680336995,4.268984680336995,4.268984680336995,4.268984680336995,4.268984680336995,4.268984680336995,4.268984680336995,4.268984680336995,4.268984680336995,4.268984680336995,4.268984680336995,4.268984680336995,4.268984680336995,4.268984680336995,4.268984680336995,4.268984680336995,4.268984680336995,4.268984680336995,4.268984680336995,4.268984680336995,4.268984680336995,4.268984680336995,4.268984680336995,4.268984680336995,4.268984680336995,4.268984680336995,4.268984680336995,4.268984680336995,4.268984680336995,4.268984680336995,4.268984680336995,4.268984680336995,4.268984680336995,4.268984680336995,4.268984680336995,4.268984680336995,4.268984680336995,4.268984680336995,4.268984680336995,4.268984680336995,4.268984680336995,4.268984680336995,4.268984680336995,4.268984680336995,4.268984680336995,4.268984680336995,4.268984680336995,4.268984680336995,4.268984680336995,4.268984680336995,4.268984680336995,4.268984680336995,4.268984680336995,4.268984680336995,4.268984680336995,4.268984680336995,4.268984680336995,4.268984680336995,4.268984680336995,4.268984680336995,4.268984680336995,4.268984680336995,4.268984680336995,4.268984680336995,4.268984680336995,4.268984680336995,4.268984680336995,4.268984680336995,4.268984680336995,4.268984680336995,4.268984680336995,4.268984680336995,4.268984680336995,4.268984680336995,4.268984680336995,4.268984680336995,4.268984680336995,4.268984680336995,4.268984680336995,4.268984680336995,4.066301869103111,4.066301869103111,4.066301869103111,4.066301869103111,4.066301869103111,3.9315486725336584,3.9315486725336584,3.9315486725336584,3.9315486725336584,3.9315486725336584,3.9315486725336584,3.9315486725336584,3.9315486725336584,3.9315486725336584,3.9315486725336584,3.9315486725336584,3.9315486725336584,3.9315486725336584,3.9315486725336584,3.9315486725336584,3.9315486725336584,3.9315486725336584,3.9315486725336584,3.9315486725336584,3.9315486725336584,3.9315486725336584,3.9315486725336584,3.9315486725336584,3.9315486725336584,3.9315486725336584,3.9315486725336584,3.9315486725336584,3.9315486725336584,3.9315486725336584,3.9315486725336584,3.9315486725336584,3.9315486725336584,3.9315486725336584,3.9315486725336584,3.9315486725336584,3.9315486725336584,3.9315486725336584,3.9315486725336584,3.9315486725336584,3.9315486725336584,3.9315486725336584,3.9315486725336584,3.9315486725336584,3.9315486725336584,3.9315486725336584,3.9315486725336584,3.9315486725336584,3.9315486725336584,3.9315486725336584,3.9315486725336584,3.9315486725336584,3.9315486725336584,3.9315486725336584,3.9315486725336584,3.9315486725336584,3.9315486725336584,3.9315486725336584,3.9315486725336584,3.9315486725336584,3.9315486725336584,3.9315486725336584,3.9315486725336584,3.9315486725336584,3.9315486725336584,3.9315486725336584,3.9315486725336584,3.9315486725336584,3.9315486725336584,3.9315486725336584,3.9315486725336584,3.9315486725336584,3.9315486725336584,3.9315486725336584,3.9315486725336584,3.9315486725336584,3.9315486725336584,3.9315486725336584,3.9315486725336584,3.9315486725336584,3.9315486725336584,3.9315486725336584,3.9315486725336584,3.9315486725336584,3.9315486725336584,3.9315486725336584,3.9315486725336584,3.9315486725336584,3.9315486725336584,3.9315486725336584,3.9315486725336584,3.9315486725336584,3.9315486725336584,3.9315486725336584,3.9315486725336584,3.9315486725336584,3.9315486725336584,3.9315486725336584,3.9315486725336584,3.9315486725336584,3.9315486725336584,3.9315486725336584,3.9315486725336584,3.9315486725336584,3.9315486725336584,3.9315486725336584,3.9315486725336584,3.9315486725336584,3.9315486725336584,3.9315486725336584,3.9315486725336584,3.9315486725336584,3.9315486725336584,3.9315486725336584,3.9315486725336584,3.9315486725336584,3.9315486725336584,3.9315486725336584,3.9315486725336584,3.9315486725336584,3.9315486725336584,3.9315486725336584,3.9315486725336584,3.9315486725336584,3.9315486725336584,3.9315486725336584,3.9315486725336584,3.9315486725336584,3.9315486725336584,3.9315486725336584,3.9315486725336584,3.9315486725336584,3.9315486725336584,3.9315486725336584,3.9315486725336584,3.9315486725336584,3.9315486725336584,3.9315486725336584,3.9315486725336584,3.9315486725336584,3.9315486725336584,3.9315486725336584,3.9315486725336584,3.9315486725336584,3.9315486725336584,3.9315486725336584,3.9315486725336584,3.9315486725336584,3.9315486725336584,3.9315486725336584,3.9315486725336584,3.9315486725336584,3.9315486725336584,3.9315486725336584,3.9315486725336584,3.9315486725336584,3.9315486725336584,3.9315486725336584,3.9315486725336584,3.9315486725336584,3.9315486725336584,3.9315486725336584,3.9315486725336584,3.9315486725336584,3.9315486725336584,3.9315486725336584,3.9315486725336584,3.9315486725336584,3.9315486725336584,3.9315486725336584,3.9315486725336584,3.9315486725336584,3.9315486725336584,3.9315486725336584,3.9315486725336584,3.9315486725336584,3.9315486725336584,3.9315486725336584,3.9315486725336584,3.9315486725336584,3.9315486725336584,3.9315486725336584,3.9315486725336584,3.9315486725336584,3.9315486725336584,3.9315486725336584,3.9315486725336584,3.9315486725336584,3.9315486725336584,3.9315486725336584,3.9315486725336584,3.9315486725336584,3.9315486725336584,3.9315486725336584,3.9315486725336584,3.9315486725336584,3.9315486725336584,3.9315486725336584,3.9315486725336584,3.9315486725336584,3.9315486725336584,3.9315486725336584,3.9315486725336584,3.9315486725336584,3.9315486725336584,3.9315486725336584,3.9315486725336584,3.9315486725336584,3.9315486725336584,3.9315486725336584,3.9315486725336584,3.9315486725336584,3.9315486725336584,3.9315486725336584,3.9315486725336584,3.9315486725336584,3.9315486725336584,3.9315486725336584,3.9315486725336584,3.9315486725336584,3.9315486725336584,3.9315486725336584,3.9315486725336584,3.9315486725336584,3.9315486725336584,3.9315486725336584,3.9315486725336584,3.9315486725336584,3.9315486725336584,3.9315486725336584,3.9315486725336584,3.9315486725336584,3.9315486725336584,3.9315486725336584,3.9315486725336584,3.9315486725336584,3.9315486725336584,3.9315486725336584,3.9315486725336584,3.9315486725336584,3.9315486725336584,3.9315486725336584,3.9315486725336584,3.9315486725336584,3.9315486725336584,3.9315486725336584,3.9315486725336584,3.9315486725336584,3.9315486725336584,3.9315486725336584,3.9315486725336584,3.9315486725336584,3.9315486725336584,3.9315486725336584,3.9315486725336584,3.9315486725336584,3.9315486725336584,3.9315486725336584,3.9315486725336584,3.9315486725336584,3.9315486725336584,3.9315486725336584,3.9315486725336584,3.9315486725336584,3.9315486725336584,3.9315486725336584,3.9315486725336584,3.9315486725336584,3.9315486725336584,3.9315486725336584,3.9315486725336584,3.9315486725336584,3.9315486725336584,3.9315486725336584,3.9315486725336584,3.9315486725336584,3.9315486725336584,3.9315486725336584,3.9315486725336584,3.9315486725336584,3.9315486725336584,3.9315486725336584,3.9315486725336584,3.9315486725336584,3.9315486725336584,3.9315486725336584,3.9315486725336584,3.9315486725336584,3.9315486725336584,3.9315486725336584,3.9315486725336584,3.9315486725336584,3.9315486725336584,3.9315486725336584,3.9315486725336584,3.9315486725336584,3.9315486725336584,3.9315486725336584,3.9315486725336584,3.9315486725336584,3.9315486725336584,3.9315486725336584,3.9315486725336584,3.9315486725336584,3.9315486725336584,3.9315486725336584,3.9315486725336584,3.9315486725336584,3.9315486725336584,3.9315486725336584,3.9315486725336584,3.9315486725336584,3.9315486725336584,3.9315486725336584,3.9315486725336584,3.9315486725336584,3.9315486725336584,3.9315486725336584,3.9315486725336584,3.9315486725336584,3.9315486725336584,3.9315486725336584,3.9315486725336584,3.9315486725336584,3.9315486725336584,3.9315486725336584,3.9315486725336584,3.9315486725336584,3.9315486725336584,3.9315486725336584,3.9315486725336584,3.9315486725336584,3.9315486725336584,3.9315486725336584,3.9315486725336584,3.9315486725336584,3.9315486725336584,3.9315486725336584,3.9315486725336584,3.9315486725336584,3.9315486725336584,3.9315486725336584,3.9315486725336584,3.9315486725336584,3.9315486725336584,3.9315486725336584,3.9315486725336584,3.9315486725336584,3.9315486725336584,3.9315486725336584,3.9315486725336584,3.9315486725336584,3.9315486725336584,3.9315486725336584,3.9315486725336584,3.9315486725336584,3.9315486725336584,3.9315486725336584,3.9315486725336584,3.9315486725336584,3.9315486725336584,3.9315486725336584,3.9315486725336584,3.9315486725336584,3.9315486725336584,3.9315486725336584,3.9315486725336584,3.9315486725336584,3.9315486725336584,3.9315486725336584,3.9315486725336584,3.9315486725336584,3.9315486725336584,3.9315486725336584,3.9315486725336584,3.9315486725336584,3.9315486725336584,3.9315486725336584,3.9315486725336584,3.9315486725336584,3.9315486725336584,3.9315486725336584,3.9315486725336584,3.9315486725336584,3.9315486725336584,3.9315486725336584,3.9315486725336584,3.9315486725336584,3.9315486725336584,3.9315486725336584,3.9315486725336584,3.9315486725336584,3.9315486725336584,3.9315486725336584,3.9315486725336584,3.9315486725336584,3.9315486725336584,3.9315486725336584,3.9315486725336584,3.9315486725336584,3.9315486725336584,3.9315486725336584,3.9315486725336584,3.9315486725336584,3.9315486725336584,3.9315486725336584,3.9315486725336584,3.9315486725336584,3.9315486725336584,3.9315486725336584,3.9315486725336584,3.9315486725336584,3.9315486725336584,3.9315486725336584,3.9315486725336584,3.9315486725336584,3.9315486725336584,3.9315486725336584,3.9315486725336584,3.9315486725336584,3.9315486725336584,3.9315486725336584,3.9315486725336584,3.9315486725336584,3.9315486725336584,3.9315486725336584,3.9315486725336584,3.9315486725336584,3.9315486725336584,3.9315486725336584,3.9315486725336584,3.9315486725336584,3.9315486725336584,3.9315486725336584,3.9315486725336584,3.9315486725336584,3.9315486725336584,3.9315486725336584,3.9315486725336584,3.9315486725336584,3.9315486725336584,3.9315486725336584,3.9315486725336584,3.9315486725336584,3.9315486725336584,3.9315486725336584,3.9315486725336584,3.9315486725336584,3.9315486725336584,3.9315486725336584,3.9315486725336584,3.9315486725336584,3.9315486725336584,3.9315486725336584,3.9315486725336584,3.9315486725336584,3.9315486725336584,3.9315486725336584,3.9315486725336584,3.9315486725336584,3.9315486725336584,3.9315486725336584,3.9315486725336584,3.9315486725336584,3.9315486725336584,3.9315486725336584,3.9315486725336584,3.9315486725336584,3.9315486725336584,3.9315486725336584,3.9315486725336584,3.9315486725336584,3.9315486725336584,3.9315486725336584,3.9315486725336584,3.9315486725336584,3.9315486725336584,3.9315486725336584,3.9315486725336584,3.9315486725336584,3.9315486725336584,3.9315486725336584,3.9315486725336584,3.9315486725336584,3.9315486725336584,3.9315486725336584,3.9315486725336584,3.9315486725336584,3.9315486725336584,3.9315486725336584,3.9315486725336584,3.9315486725336584,3.9315486725336584,3.9315486725336584,3.9315486725336584,3.9315486725336584,3.9315486725336584,3.9315486725336584,3.9315486725336584,3.9315486725336584,3.9315486725336584,3.9315486725336584,3.9315486725336584,3.9315486725336584,3.9315486725336584,3.9315486725336584,3.9315486725336584,3.9315486725336584,3.9315486725336584,3.9315486725336584,3.9315486725336584,3.9315486725336584,3.9315486725336584,3.9315486725336584,3.9315486725336584,3.9315486725336584,3.9315486725336584,3.9315486725336584,3.9315486725336584,3.9315486725336584,3.9315486725336584,3.9315486725336584,3.9315486725336584,3.9315486725336584,3.9315486725336584,3.9315486725336584,3.9315486725336584,3.9315486725336584,3.9315486725336584,3.9315486725336584,3.9315486725336584,3.9315486725336584,3.9315486725336584,3.9315486725336584,3.9315486725336584,3.9315486725336584,3.9315486725336584,3.9315486725336584,3.9315486725336584,3.9315486725336584,3.9315486725336584,3.9315486725336584,3.9315486725336584,3.9315486725336584,3.9315486725336584,8.676281810108588,8.676281810108588,8.676281810108588,7.975294108673074,7.975294108673074,7.975294108673074,7.440496180791535,7.440496180791535,7.440496180791535,7.440496180791535,7.440496180791535,7.440496180791535,7.440496180791535,7.440496180791535,7.433802410373938,7.433802410373938,7.433802410373938,7.433802410373938,7.433802410373938,7.433802410373938,7.433802410373938,7.433802410373938,7.433802410373938,7.433802410373938,7.433802410373938,7.433802410373938,7.433802410373938,7.433802410373938,7.433802410373938,7.433802410373938,7.433802410373938,7.433802410373938,7.433802410373938,7.433802410373938,7.433802410373938,7.433802410373938,7.433802410373938,7.433802410373938,7.433802410373938,7.433802410373938,7.433802410373938,7.433802410373938,7.433802410373938,7.433802410373938,7.433802410373938,7.433802410373938,7.433802410373938,7.433802410373938,7.433802410373938,7.433802410373938,7.433802410373938,7.433802410373938,7.433802410373938,7.433802410373938,7.433802410373938,7.433802410373938,7.433802410373938,7.433802410373938,7.345692990441336,7.345692990441336,7.3341934518923555,7.3341934518923555,7.3341934518923555,7.3341934518923555,7.3341934518923555,7.3341934518923555,7.3341934518923555,7.3341934518923555,7.3341934518923555,7.3341934518923555,7.3341934518923555,7.3341934518923555,7.3341934518923555,7.3341934518923555,7.3341934518923555,7.3341934518923555,7.3341934518923555,7.3341934518923555,7.3341934518923555,7.313278318953709,7.287187098761722,7.287187098761722,7.287187098761722,6.917934557605517,6.917934557605517,6.917934557605517,6.917934557605517,6.917934557605517,6.917934557605517,6.917934557605517,6.917934557605517,6.917934557605517,6.917934557605517,6.917934557605517,6.533235726133849,6.533235726133849,6.533235726133849,6.533235726133849,6.3675545023346904,6.3675545023346904,6.3675545023346904,6.3675545023346904,6.3675545023346904,6.3675545023346904,6.3675545023346904,6.3675545023346904,6.3675545023346904,6.3675545023346904,6.3675545023346904,6.3675545023346904,6.3675545023346904,6.3675545023346904,6.3675545023346904,6.3675545023346904,6.3675545023346904,6.3675545023346904,6.219195618633992,6.219195618633992,6.219195618633992,6.219195618633992,6.219195618633992,6.219195618633992,6.219195618633992,6.219195618633992,6.219195618633992,6.219195618633992,6.219195618633992,6.219195618633992,6.219195618633992,6.219195618633992,6.219195618633992,6.219195618633992,6.219195618633992,6.219195618633992,6.219195618633992,6.219195618633992,6.219195618633992,6.219195618633992,6.219195618633992,6.219195618633992,6.219195618633992,6.219195618633992,6.219195618633992,6.219195618633992,6.219195618633992,6.219195618633992,6.219195618633992,6.219195618633992,6.219195618633992,6.219195618633992,6.219195618633992,6.219195618633992,6.219195618633992,6.219195618633992,6.219195618633992,6.219195618633992,6.219195618633992,6.219195618633992,6.219195618633992,6.219195618633992,6.219195618633992,6.219195618633992,6.219195618633992,6.219195618633992,6.219195618633992,6.219195618633992,6.219195618633992,6.219195618633992,6.219195618633992,6.219195618633992,6.219195618633992,6.219195618633992,6.219195618633992,6.219195618633992,6.219195618633992,6.219195618633992,6.219195618633992,6.219195618633992,6.219195618633992,6.219195618633992,6.219195618633992,6.219195618633992,6.219195618633992,6.219195618633992,6.219195618633992,6.219195618633992,6.219195618633992,6.219195618633992,6.219195618633992,6.219195618633992,6.219195618633992,6.219195618633992,6.219195618633992,6.219195618633992,6.219195618633992,6.219195618633992,6.219195618633992,6.219195618633992,6.219195618633992,6.219195618633992,5.888077737215541,5.888077737215541,5.888077737215541,5.888077737215541,5.888077737215541,5.888077737215541,5.888077737215541,5.888077737215541,5.888077737215541,5.888077737215541,5.888077737215541,5.888077737215541,5.888077737215541,5.888077737215541,5.888077737215541,5.888077737215541,5.888077737215541,5.888077737215541,5.888077737215541,5.888077737215541,5.888077737215541,5.888077737215541,5.888077737215541,5.888077737215541,5.888077737215541,5.888077737215541,5.888077737215541,5.888077737215541,5.888077737215541,5.888077737215541,5.888077737215541,5.888077737215541,5.888077737215541,5.888077737215541,5.888077737215541,5.888077737215541,5.888077737215541,5.888077737215541,5.888077737215541,5.888077737215541,5.888077737215541,5.888077737215541,5.888077737215541,5.888077737215541,5.888077737215541,5.888077737215541,5.888077737215541,5.888077737215541,5.888077737215541,5.888077737215541,5.888077737215541,5.888077737215541,5.888077737215541,5.888077737215541,5.888077737215541,5.888077737215541,5.888077737215541,5.888077737215541,5.888077737215541,5.888077737215541,5.888077737215541,5.888077737215541,5.888077737215541,5.888077737215541,5.888077737215541,5.888077737215541,5.888077737215541,5.888077737215541,5.888077737215541,5.7101199786286765,5.7101199786286765,5.7101199786286765,5.7101199786286765,5.7101199786286765,5.7101199786286765,5.7101199786286765,5.7101199786286765,5.7101199786286765,5.7101199786286765,5.7101199786286765,5.7101199786286765,5.7101199786286765,5.7101199786286765,5.7101199786286765,5.7101199786286765,5.7101199786286765,5.7101199786286765,5.7101199786286765,5.7101199786286765,5.7101199786286765,5.7101199786286765,5.7101199786286765,5.7101199786286765,5.7101199786286765,5.7101199786286765,5.7101199786286765,5.7101199786286765,5.7101199786286765,5.7101199786286765,5.7101199786286765,5.7101199786286765,5.7101199786286765,5.7101199786286765,5.7101199786286765,5.7101199786286765,5.7101199786286765,5.7101199786286765,5.7101199786286765,5.7101199786286765,5.7101199786286765,5.7101199786286765,5.7101199786286765,5.7101199786286765,5.7101199786286765,5.7101199786286765,5.7101199786286765,5.7101199786286765,5.7101199786286765,5.7101199786286765,5.7101199786286765,5.7101199786286765,5.7101199786286765,5.7101199786286765,5.7101199786286765,5.7101199786286765,5.7101199786286765,5.7101199786286765,5.7101199786286765,5.7101199786286765,5.7101199786286765,5.7101199786286765,5.7101199786286765,5.7101199786286765,5.7101199786286765,5.7101199786286765,5.7101199786286765,5.7101199786286765,5.7101199786286765,5.7101199786286765,5.7101199786286765,5.7101199786286765,5.7101199786286765,5.7101199786286765,5.7101199786286765,5.7101199786286765,5.7101199786286765,5.7101199786286765,5.7101199786286765,5.7101199786286765,5.7101199786286765,5.7101199786286765,5.7101199786286765,5.7101199786286765,5.7101199786286765,5.7101199786286765,5.7101199786286765,5.7101199786286765,5.7101199786286765,5.7101199786286765,5.7101199786286765,5.7101199786286765,5.7101199786286765,5.7101199786286765,5.7101199786286765,5.7101199786286765,5.7101199786286765,5.7101199786286765,5.7101199786286765,5.7101199786286765,5.7101199786286765,5.7101199786286765,5.7101199786286765,5.7101199786286765,5.7101199786286765,5.7101199786286765,5.7101199786286765,5.7101199786286765,5.7101199786286765,5.7101199786286765,5.7101199786286765,5.7101199786286765,5.7101199786286765,5.7101199786286765,5.7101199786286765,4.246307753888321,4.246307753888321,4.246307753888321,4.246307753888321,4.246307753888321,4.246307753888321,4.246307753888321,4.246307753888321,4.246307753888321,4.246307753888321,4.246307753888321,4.246307753888321,4.246307753888321,4.246307753888321,4.246307753888321,4.246307753888321,4.246307753888321,4.246307753888321,4.246307753888321,4.246307753888321,4.246307753888321,4.246307753888321,4.246307753888321,4.246307753888321,4.246307753888321,4.246307753888321,4.246307753888321,4.246307753888321,4.246307753888321,4.246307753888321,4.246307753888321,4.246307753888321,4.246307753888321,4.246307753888321,4.246307753888321,4.246307753888321,4.246307753888321,4.246307753888321,4.246307753888321,4.246307753888321,4.246307753888321,4.246307753888321,4.246307753888321,4.246307753888321,4.246307753888321,4.246307753888321,4.246307753888321,4.246307753888321,4.246307753888321,4.246307753888321,4.246307753888321,4.246307753888321,4.246307753888321,4.246307753888321,4.246307753888321,4.246307753888321,4.246307753888321,4.246307753888321,4.246307753888321,4.246307753888321,4.246307753888321,4.246307753888321,4.246307753888321,4.246307753888321,4.246307753888321,4.246307753888321,4.246307753888321,4.246307753888321,4.246307753888321,4.246307753888321,4.246307753888321,4.246307753888321,4.246307753888321,4.246307753888321,4.246307753888321,4.246307753888321,4.246307753888321,4.246307753888321,4.246307753888321,4.246307753888321,4.246307753888321,4.246307753888321,4.246307753888321,4.246307753888321,4.246307753888321,4.246307753888321,4.246307753888321,4.246307753888321,4.246307753888321,4.246307753888321,4.246307753888321,4.246307753888321,4.230552666400904,3.4121119710661993,3.4121119710661993,3.4121119710661993,3.4121119710661993,3.4121119710661993,3.4121119710661993,3.4121119710661993,3.4121119710661993,3.4121119710661993,3.4121119710661993,3.4121119710661993,3.4121119710661993,3.4121119710661993,3.4121119710661993,3.4121119710661993,3.4121119710661993,3.4121119710661993,3.4121119710661993,3.4121119710661993,3.4121119710661993,3.4121119710661993,3.4121119710661993,3.4121119710661993,3.4121119710661993,3.4121119710661993,3.4121119710661993,3.4121119710661993,3.4121119710661993,3.4121119710661993,3.4121119710661993,3.4121119710661993,3.4121119710661993,3.4121119710661993,3.4121119710661993,3.4121119710661993,3.4121119710661993,3.4121119710661993,3.4121119710661993,3.4121119710661993,3.4121119710661993,3.4121119710661993,3.4121119710661993,3.4121119710661993,3.4121119710661993,3.4121119710661993,3.4121119710661993,3.4121119710661993,3.4121119710661993,3.4121119710661993,3.4121119710661993,3.4121119710661993,3.4121119710661993,3.4121119710661993,3.4121119710661993,3.4121119710661993,3.4121119710661993,3.4121119710661993,3.4121119710661993,3.4121119710661993,3.4121119710661993,3.4121119710661993,3.4121119710661993,3.4121119710661993,3.4121119710661993,3.4121119710661993,3.4121119710661993,3.4121119710661993,3.4121119710661993,3.4121119710661993,3.4121119710661993,3.4121119710661993,3.4121119710661993,3.4121119710661993,3.4121119710661993,3.4121119710661993,3.4121119710661993,3.4121119710661993,3.4121119710661993,3.4121119710661993,3.4121119710661993,3.4121119710661993,3.4121119710661993,3.4121119710661993,3.4121119710661993,3.4121119710661993,3.4121119710661993,3.4121119710661993,3.4121119710661993,3.4121119710661993,3.4121119710661993,3.4121119710661993,3.4121119710661993,3.4121119710661993,3.4121119710661993,3.4121119710661993,3.4121119710661993,3.4121119710661993,3.4121119710661993,3.4121119710661993,3.4121119710661993,3.4121119710661993,3.4121119710661993,3.4121119710661993,3.4121119710661993,3.4121119710661993,3.4121119710661993,3.4121119710661993,3.4121119710661993,3.4121119710661993,3.4121119710661993,3.4121119710661993,3.4121119710661993,3.4121119710661993,3.4121119710661993,3.4121119710661993,3.4121119710661993,3.4121119710661993,3.4121119710661993,3.4121119710661993,3.4121119710661993,3.4121119710661993,3.4121119710661993,3.4121119710661993,3.4121119710661993,3.4121119710661993,3.4121119710661993,3.4121119710661993,3.4121119710661993,3.4121119710661993,3.4121119710661993,3.4121119710661993,3.4121119710661993,3.4121119710661993,3.4121119710661993,3.4121119710661993,3.4121119710661993,3.4121119710661993,3.4121119710661993,3.4121119710661993,3.4121119710661993,3.4121119710661993,3.4121119710661993,3.4121119710661993,3.4121119710661993,3.4121119710661993,3.4121119710661993,3.4121119710661993,3.4121119710661993,3.4121119710661993,3.4121119710661993,3.4121119710661993,3.4121119710661993,3.4121119710661993,3.4121119710661993,3.4121119710661993,3.4121119710661993,3.4121119710661993,3.4121119710661993,3.4121119710661993,3.4121119710661993,3.4121119710661993,3.4121119710661993,3.4121119710661993,3.4121119710661993,3.4121119710661993,3.4121119710661993,3.4121119710661993,3.4121119710661993,3.4121119710661993,3.4121119710661993,3.4121119710661993,3.4121119710661993,3.4121119710661993,3.4121119710661993,3.4121119710661993,3.4121119710661993,3.4121119710661993,3.4121119710661993,3.4121119710661993,3.4121119710661993,3.4121119710661993,3.4121119710661993,3.4121119710661993,3.4121119710661993,3.4121119710661993,3.4121119710661993,3.4121119710661993,3.4121119710661993,3.4121119710661993,3.4121119710661993,3.4121119710661993,3.4121119710661993,3.4121119710661993,3.4121119710661993,3.4121119710661993,3.4121119710661993,3.4121119710661993,3.4121119710661993,3.4121119710661993,3.4121119710661993,3.4121119710661993,3.4121119710661993,3.4121119710661993,3.4121119710661993,3.4121119710661993,3.4121119710661993,3.4121119710661993,3.4121119710661993,3.4121119710661993,3.4121119710661993,3.4121119710661993,3.4121119710661993,3.4121119710661993,3.4121119710661993,3.4121119710661993,3.4121119710661993,3.4121119710661993,3.4121119710661993,3.4121119710661993,3.4121119710661993,3.4121119710661993,3.4121119710661993,3.4121119710661993,3.4121119710661993,3.4121119710661993,3.4121119710661993,3.4121119710661993,3.4121119710661993,3.4121119710661993,3.4121119710661993,3.4121119710661993,3.4121119710661993,3.4121119710661993,3.4121119710661993,3.4121119710661993,3.4121119710661993,3.4121119710661993,3.4121119710661993,3.4121119710661993,3.4121119710661993,3.4121119710661993,3.4121119710661993,3.4121119710661993,3.4121119710661993,3.4121119710661993,3.4121119710661993,3.4121119710661993,3.4121119710661993,3.4121119710661993,3.4121119710661993,3.4121119710661993,3.4121119710661993,3.4121119710661993,3.4121119710661993,3.4121119710661993,3.4121119710661993,3.4121119710661993,3.4121119710661993,3.4121119710661993,3.4121119710661993,3.4121119710661993,3.4121119710661993,3.4121119710661993,3.4121119710661993,3.4121119710661993,3.4121119710661993,3.4121119710661993,3.4121119710661993,3.4121119710661993,3.4121119710661993,3.4121119710661993,3.4121119710661993,3.4121119710661993,3.4121119710661993,3.4121119710661993,3.4121119710661993,3.4121119710661993,3.4121119710661993,3.4121119710661993,3.4121119710661993,3.4121119710661993,3.4121119710661993,3.4121119710661993,3.4121119710661993,3.4121119710661993,3.4121119710661993,3.4121119710661993,3.4121119710661993,3.4121119710661993,3.4121119710661993,3.4121119710661993,3.4121119710661993,3.4121119710661993,3.4121119710661993,3.4121119710661993,3.4121119710661993,3.4121119710661993,3.4121119710661993,3.4121119710661993,3.4121119710661993,3.4121119710661993,3.4121119710661993,3.4121119710661993,3.4121119710661993,3.4121119710661993,3.4121119710661993,3.4121119710661993,3.4121119710661993,3.4121119710661993,3.4121119710661993,3.4121119710661993,3.4121119710661993,3.4121119710661993,3.4121119710661993,3.4121119710661993,3.4121119710661993,3.4121119710661993,3.4121119710661993,3.4121119710661993,3.4121119710661993,3.4121119710661993,3.4121119710661993,3.4121119710661993,3.4121119710661993,3.4121119710661993,3.4121119710661993,3.4121119710661993,3.4121119710661993,3.4121119710661993,3.4121119710661993,3.4121119710661993,3.4121119710661993,3.4121119710661993,3.4121119710661993,3.4121119710661993,3.4121119710661993,3.4121119710661993,3.4121119710661993,3.4121119710661993,3.4121119710661993,3.4121119710661993,3.4121119710661993,3.4121119710661993,3.4121119710661993,3.4121119710661993,3.4121119710661993,3.4121119710661993,3.4121119710661993,3.4121119710661993,3.4121119710661993,3.4121119710661993,3.4121119710661993,3.4121119710661993,3.4121119710661993,3.4121119710661993,3.4121119710661993,3.4121119710661993,3.4121119710661993,3.4121119710661993,3.4121119710661993,3.4121119710661993,3.4121119710661993,3.4121119710661993,3.4121119710661993,3.4121119710661993,3.4121119710661993,3.4121119710661993,3.4121119710661993,3.4121119710661993,3.4121119710661993,3.4121119710661993,3.4121119710661993,3.4121119710661993,3.4121119710661993,3.4121119710661993,3.4121119710661993,3.4121119710661993,3.4121119710661993,3.4121119710661993,3.4121119710661993,3.4121119710661993,3.4121119710661993,3.4121119710661993,3.4121119710661993,3.4121119710661993,3.4121119710661993,3.4121119710661993,3.4121119710661993,3.4121119710661993,3.4121119710661993,3.4121119710661993,3.4121119710661993,3.4121119710661993,3.4121119710661993,3.4121119710661993,3.4121119710661993,3.4121119710661993,3.4121119710661993,3.4121119710661993,3.4121119710661993,3.4121119710661993,3.4121119710661993,3.4121119710661993,3.4121119710661993,3.4121119710661993,3.4121119710661993,3.4121119710661993,3.4121119710661993,3.4121119710661993,3.4121119710661993,3.4121119710661993,3.4121119710661993,3.4121119710661993,3.4121119710661993,3.4121119710661993,3.4121119710661993,3.4121119710661993,3.4121119710661993,3.4121119710661993,3.4121119710661993,3.4121119710661993,3.4121119710661993,3.4121119710661993,3.4121119710661993,3.4121119710661993,3.4121119710661993,3.4121119710661993,3.4121119710661993,3.4121119710661993,3.4121119710661993,3.4121119710661993,3.4121119710661993,3.4121119710661993,3.4121119710661993,3.4121119710661993,3.4121119710661993,3.4121119710661993,3.4121119710661993,3.4121119710661993,3.4121119710661993,3.4121119710661993,3.4121119710661993,3.4121119710661993,3.4121119710661993,3.4121119710661993,3.4121119710661993,3.4121119710661993,3.4121119710661993,3.4121119710661993,3.4121119710661993,3.4121119710661993,3.4121119710661993,3.4121119710661993,3.4121119710661993,3.4121119710661993,3.4121119710661993,3.4121119710661993,3.4121119710661993,3.4121119710661993,3.4121119710661993,3.4121119710661993,3.4121119710661993,3.4121119710661993,3.4121119710661993,3.4121119710661993,3.4121119710661993,3.4121119710661993,3.4121119710661993,3.4121119710661993,3.4121119710661993,3.4121119710661993,3.4121119710661993,3.4121119710661993,3.4121119710661993,3.4121119710661993,3.4121119710661993,3.4121119710661993,3.4121119710661993,3.4121119710661993,3.4121119710661993,3.4121119710661993,3.4121119710661993,3.4121119710661993,3.4121119710661993,3.4121119710661993,3.4121119710661993,3.4121119710661993,3.4121119710661993,3.4121119710661993,3.4121119710661993,3.4121119710661993,3.4121119710661993,3.4121119710661993,3.4121119710661993,3.4121119710661993,3.4121119710661993,3.4121119710661993,3.4121119710661993,3.4121119710661993,3.4121119710661993,3.4121119710661993,3.4121119710661993,3.4121119710661993,3.4121119710661993,3.4121119710661993,3.4121119710661993,3.4121119710661993,3.4121119710661993,3.4121119710661993,3.4121119710661993,3.4121119710661993,3.4121119710661993,3.4121119710661993,3.4121119710661993,3.4121119710661993,3.4121119710661993,3.4121119710661993,3.4121119710661993,3.4121119710661993,3.4121119710661993,3.4121119710661993,3.4121119710661993,3.4121119710661993,10.27135807918297,10.27135807918297,10.109348682546207,10.109348682546207,9.76511758942179,9.359574519125589,9.359574519125589,9.359574519125589,9.334210003172076,9.334210003172076,9.334210003172076,9.334210003172076,9.334210003172076,9.334210003172076,9.334210003172076,9.334210003172076,9.334210003172076,9.334210003172076,9.334210003172076,9.334210003172076,9.334210003172076,9.334210003172076,9.334210003172076,9.334210003172076,9.334210003172076,9.334210003172076,9.334210003172076,9.146577240192862,8.70218757240864,8.70218757240864,8.70218757240864,8.70218757240864,8.70218757240864,8.70218757240864,8.70218757240864,8.70218757240864,8.70218757240864,8.70218757240864,8.70218757240864,8.70218757240864,8.70218757240864,8.70218757240864,8.70218757240864,8.70218757240864,8.637163957677645,8.637163957677645,8.637163957677645,8.637163957677645,8.637163957677645,8.637163957677645,8.637163957677645,8.637163957677645,8.637163957677645,8.637163957677645,8.637163957677645,8.637163957677645,8.637163957677645,8.637163957677645,8.637163957677645,8.637163957677645,8.637163957677645,8.637163957677645,8.637163957677645,8.637163957677645,8.637163957677645,8.637163957677645,8.637163957677645,8.637163957677645,8.637163957677645,8.637163957677645,8.637163957677645,8.637163957677645,8.637163957677645,8.637163957677645,8.637163957677645,8.637163957677645,8.637163957677645,8.637163957677645,8.637163957677645,8.637163957677645,8.637163957677645,8.637163957677645,8.637163957677645,8.637163957677645,8.637163957677645,8.637163957677645,8.637163957677645,8.637163957677645,8.637163957677645,8.637163957677645,8.637163957677645,8.637163957677645,8.637163957677645,8.637163957677645,8.637163957677645,8.637163957677645,8.637163957677645,8.637163957677645,8.637163957677645,8.637163957677645,8.637163957677645,8.637163957677645,8.637163957677645,8.637163957677645,8.637163957677645,8.637163957677645,8.637163957677645,8.637163957677645,8.637163957677645,8.637163957677645,8.637163957677645,8.637163957677645,8.637163957677645,8.637163957677645,8.637163957677645,8.637163957677645,8.637163957677645,8.637163957677645,8.637163957677645,8.637163957677645,8.637163957677645,8.637163957677645,8.637163957677645,8.637163957677645,8.637163957677645,8.637163957677645,8.637163957677645,8.637163957677645,8.637163957677645,8.637163957677645,8.637163957677645,8.637163957677645,8.637163957677645,8.637163957677645,8.637163957677645,8.637163957677645,8.637163957677645,8.637163957677645,8.637163957677645,8.637163957677645,8.637163957677645,8.637163957677645,8.637163957677645,8.637163957677645,8.637163957677645,8.637163957677645,8.637163957677645,8.637163957677645,8.637163957677645,8.637163957677645,8.637163957677645,8.637163957677645,8.637163957677645,8.637163957677645,8.637163957677645,8.637163957677645,8.637163957677645,8.637163957677645,8.637163957677645,8.637163957677645,8.637163957677645,8.637163957677645,8.637163957677645,8.637163957677645,8.637163957677645,8.637163957677645,8.637163957677645,8.637163957677645,8.637163957677645,8.637163957677645,8.637163957677645,8.637163957677645,8.637163957677645,8.637163957677645,8.637163957677645,8.637163957677645,8.637163957677645,8.637163957677645,8.637163957677645,8.637163957677645,8.637163957677645,8.637163957677645,8.637163957677645,8.637163957677645,8.637163957677645,8.637163957677645,8.637163957677645,8.637163957677645,8.637163957677645,8.637163957677645,8.637163957677645,8.637163957677645,8.637163957677645,8.637163957677645,8.637163957677645,8.637163957677645,8.637163957677645,8.637163957677645,8.637163957677645,8.637163957677645,8.637163957677645,8.637163957677645,8.637163957677645,8.637163957677645,5.560328772264939,5.560328772264939,5.400041855470486,5.400041855470486,5.400041855470486,5.400041855470486,5.400041855470486,5.400041855470486,5.400041855470486,5.400041855470486,5.400041855470486,5.400041855470486,5.400041855470486,5.400041855470486,5.400041855470486,5.400041855470486,5.400041855470486,5.400041855470486,5.400041855470486,5.400041855470486,5.400041855470486,5.400041855470486,5.400041855470486,5.400041855470486,5.400041855470486,5.400041855470486,5.400041855470486,5.400041855470486,5.400041855470486,5.400041855470486,5.400041855470486,5.400041855470486,5.400041855470486,5.400041855470486,5.400041855470486,5.400041855470486,5.400041855470486,5.400041855470486,5.400041855470486,5.400041855470486,5.400041855470486,5.400041855470486,5.400041855470486,5.400041855470486,5.400041855470486,5.400041855470486,5.400041855470486,5.400041855470486,5.400041855470486,5.400041855470486,5.400041855470486,5.400041855470486,5.400041855470486,5.400041855470486,5.400041855470486,5.400041855470486,5.400041855470486,5.400041855470486,5.400041855470486,5.400041855470486,5.400041855470486,5.400041855470486,5.400041855470486,5.400041855470486,5.400041855470486,5.400041855470486,5.400041855470486,5.400041855470486,5.400041855470486,5.400041855470486,5.400041855470486,5.400041855470486,5.400041855470486,5.400041855470486,5.400041855470486,5.400041855470486,5.400041855470486,5.400041855470486,5.400041855470486,5.400041855470486,5.400041855470486,5.400041855470486,5.400041855470486,5.400041855470486,5.400041855470486,5.400041855470486,5.400041855470486,5.400041855470486,5.400041855470486,5.400041855470486,5.400041855470486,5.400041855470486,5.400041855470486,5.400041855470486,5.400041855470486,5.400041855470486,5.400041855470486,5.400041855470486,5.400041855470486,5.400041855470486,5.400041855470486,5.400041855470486,5.400041855470486,5.400041855470486,5.400041855470486,5.400041855470486,5.400041855470486,5.400041855470486,5.400041855470486,5.400041855470486,5.400041855470486,5.400041855470486,5.400041855470486,5.400041855470486,5.400041855470486,5.400041855470486,5.400041855470486,5.400041855470486,5.400041855470486,5.400041855470486,5.400041855470486,5.400041855470486,5.400041855470486,5.400041855470486,5.400041855470486,5.400041855470486,5.400041855470486,5.400041855470486,5.400041855470486,5.400041855470486,5.400041855470486,5.400041855470486,5.400041855470486,5.400041855470486,5.400041855470486,5.400041855470486,5.400041855470486,5.400041855470486,5.400041855470486,5.400041855470486,5.400041855470486,5.400041855470486,5.400041855470486,5.400041855470486,5.400041855470486,5.400041855470486,5.400041855470486,5.400041855470486,5.400041855470486,5.400041855470486,5.400041855470486,5.400041855470486,5.400041855470486,5.400041855470486,5.400041855470486,5.400041855470486,5.400041855470486,5.400041855470486,5.400041855470486,5.400041855470486,5.400041855470486,5.400041855470486,5.400041855470486,5.400041855470486,5.400041855470486,5.400041855470486,5.400041855470486,5.400041855470486,5.400041855470486,5.400041855470486,5.400041855470486,5.400041855470486,5.400041855470486,5.400041855470486,5.400041855470486,5.400041855470486,5.400041855470486,5.400041855470486,5.400041855470486,5.400041855470486,5.400041855470486,5.400041855470486,5.400041855470486,5.400041855470486,5.400041855470486,5.400041855470486,5.400041855470486,5.400041855470486,5.400041855470486,5.400041855470486,5.400041855470486,5.400041855470486,5.400041855470486,5.400041855470486,5.400041855470486,5.400041855470486,5.400041855470486,5.400041855470486,5.400041855470486,5.400041855470486,5.400041855470486,5.400041855470486,5.400041855470486,5.400041855470486,5.400041855470486,5.400041855470486,5.400041855470486,5.400041855470486,5.400041855470486,5.400041855470486,5.400041855470486,5.400041855470486,5.400041855470486,5.400041855470486,5.400041855470486,5.400041855470486,5.400041855470486,5.400041855470486,5.400041855470486,5.400041855470486,5.400041855470486,5.400041855470486,5.400041855470486,5.400041855470486,5.400041855470486,5.400041855470486,5.400041855470486,5.400041855470486,5.400041855470486,5.400041855470486,5.400041855470486,5.400041855470486,5.400041855470486,5.400041855470486,5.400041855470486,5.400041855470486,5.400041855470486,5.400041855470486,5.400041855470486,5.400041855470486,5.400041855470486,5.400041855470486,5.400041855470486,5.400041855470486,5.400041855470486,5.400041855470486,5.400041855470486,5.400041855470486,5.400041855470486,5.400041855470486,5.400041855470486,5.400041855470486,5.400041855470486,5.400041855470486,5.400041855470486,5.400041855470486,5.400041855470486,5.400041855470486,5.400041855470486,5.400041855470486,5.400041855470486,5.400041855470486,5.400041855470486,5.400041855470486,5.400041855470486,5.400041855470486,5.400041855470486,5.400041855470486,5.400041855470486,5.400041855470486,5.400041855470486,5.400041855470486,5.400041855470486,5.400041855470486,5.400041855470486,5.400041855470486,5.400041855470486,5.400041855470486,5.400041855470486,5.400041855470486,5.400041855470486,5.400041855470486,5.400041855470486,5.400041855470486,5.400041855470486,5.400041855470486,5.400041855470486,5.400041855470486,5.400041855470486,5.400041855470486,5.400041855470486,5.400041855470486,5.400041855470486,5.400041855470486,5.400041855470486,5.400041855470486,5.400041855470486,5.400041855470486,5.400041855470486,5.400041855470486,5.400041855470486,5.400041855470486,5.400041855470486,5.400041855470486,5.400041855470486,5.400041855470486,5.400041855470486,5.400041855470486,5.400041855470486,5.400041855470486,5.400041855470486,5.400041855470486,5.400041855470486,5.400041855470486,5.400041855470486,5.400041855470486,5.400041855470486,5.400041855470486,5.400041855470486,5.400041855470486,5.400041855470486,5.400041855470486,5.400041855470486,5.400041855470486,5.400041855470486,5.400041855470486,5.400041855470486,5.400041855470486,5.400041855470486,5.400041855470486,5.400041855470486,5.400041855470486,5.400041855470486,5.400041855470486,5.400041855470486,5.400041855470486,5.400041855470486,5.400041855470486,5.400041855470486,5.400041855470486,5.400041855470486,5.400041855470486,5.400041855470486,5.400041855470486,5.400041855470486,5.400041855470486,5.400041855470486,5.400041855470486,5.400041855470486,5.400041855470486,5.400041855470486,5.400041855470486,5.400041855470486,5.400041855470486,5.400041855470486,5.400041855470486,5.400041855470486,5.400041855470486,5.400041855470486,5.400041855470486,5.400041855470486,5.400041855470486,5.400041855470486,5.400041855470486,5.400041855470486,5.400041855470486,5.400041855470486,5.400041855470486,5.400041855470486,5.400041855470486,5.400041855470486,5.400041855470486,5.400041855470486,5.400041855470486,5.400041855470486,5.400041855470486,5.400041855470486,5.400041855470486,5.400041855470486,5.400041855470486,5.400041855470486,5.400041855470486,5.400041855470486,5.400041855470486,5.400041855470486,5.400041855470486,5.400041855470486,5.400041855470486,5.400041855470486,5.400041855470486,5.400041855470486,5.400041855470486,5.400041855470486,5.400041855470486,5.400041855470486,5.400041855470486,5.400041855470486,5.400041855470486,5.400041855470486,5.400041855470486,5.400041855470486,5.400041855470486,5.400041855470486,5.400041855470486,5.400041855470486,5.400041855470486,5.400041855470486,5.400041855470486,5.400041855470486,5.400041855470486,5.400041855470486,5.400041855470486,5.400041855470486,5.400041855470486,5.400041855470486,5.400041855470486,5.400041855470486,5.400041855470486,5.400041855470486,5.400041855470486,5.400041855470486,5.400041855470486,5.400041855470486,5.400041855470486,5.400041855470486,5.400041855470486,5.400041855470486,5.400041855470486,5.400041855470486,5.400041855470486,5.400041855470486,5.400041855470486,5.400041855470486,5.400041855470486,5.400041855470486,5.400041855470486,5.400041855470486,5.400041855470486,5.400041855470486,5.400041855470486,5.400041855470486,5.400041855470486,5.400041855470486,5.400041855470486,5.400041855470486,5.400041855470486,5.400041855470486,5.400041855470486,5.400041855470486,5.400041855470486,5.400041855470486,5.400041855470486,5.400041855470486,5.400041855470486,5.400041855470486,5.400041855470486,5.400041855470486,5.400041855470486,5.400041855470486,5.400041855470486,5.400041855470486,5.400041855470486,5.400041855470486,5.400041855470486,5.400041855470486,5.400041855470486,5.400041855470486,5.400041855470486,5.400041855470486,5.400041855470486,5.400041855470486,5.400041855470486,5.400041855470486,5.400041855470486,5.400041855470486,5.400041855470486,5.400041855470486,5.400041855470486,5.400041855470486,5.400041855470486,5.400041855470486,5.400041855470486,5.400041855470486,5.400041855470486,5.400041855470486,5.400041855470486,5.400041855470486,5.400041855470486,5.400041855470486,5.400041855470486,5.400041855470486,5.400041855470486,5.400041855470486,5.400041855470486,5.400041855470486,5.400041855470486,5.400041855470486,5.400041855470486,5.400041855470486,5.400041855470486,5.400041855470486,5.400041855470486,5.400041855470486,5.400041855470486,5.400041855470486,5.400041855470486,5.400041855470486,5.400041855470486,5.400041855470486,5.400041855470486,5.400041855470486,5.400041855470486,5.400041855470486,5.400041855470486,5.400041855470486,5.400041855470486,5.400041855470486,5.400041855470486,5.400041855470486,5.400041855470486,5.400041855470486,5.400041855470486,5.400041855470486,5.400041855470486,5.400041855470486,5.400041855470486,5.400041855470486,5.400041855470486,5.400041855470486,5.400041855470486,5.400041855470486,5.400041855470486,5.400041855470486,5.400041855470486,5.400041855470486,5.400041855470486,5.400041855470486,5.400041855470486,5.400041855470486,5.400041855470486,5.400041855470486,5.400041855470486,5.400041855470486,5.400041855470486,5.400041855470486,5.400041855470486,5.400041855470486,5.400041855470486,5.400041855470486,5.400041855470486,5.400041855470486,5.400041855470486,5.400041855470486,5.400041855470486,5.400041855470486,5.400041855470486,5.400041855470486,5.400041855470486,5.400041855470486,5.400041855470486,5.400041855470486,5.400041855470486,5.400041855470486,5.400041855470486,5.400041855470486,5.400041855470486,5.400041855470486,5.400041855470486,5.400041855470486,5.400041855470486,5.400041855470486,5.400041855470486,5.400041855470486,5.400041855470486,5.400041855470486,5.400041855470486,5.400041855470486,5.400041855470486,5.400041855470486,5.400041855470486,5.400041855470486,5.400041855470486,5.400041855470486,5.400041855470486,5.400041855470486,5.400041855470486,5.400041855470486,5.400041855470486,5.400041855470486,5.400041855470486,5.400041855470486,5.400041855470486,5.400041855470486,5.400041855470486,5.400041855470486,5.400041855470486,5.400041855470486,5.400041855470486,5.400041855470486,5.400041855470486,5.400041855470486,5.400041855470486,5.400041855470486,5.400041855470486,5.400041855470486,5.400041855470486,5.400041855470486,5.400041855470486,5.400041855470486,5.400041855470486,5.400041855470486,5.400041855470486,5.400041855470486,5.400041855470486,5.400041855470486,5.400041855470486,5.400041855470486,5.400041855470486,5.400041855470486,5.400041855470486,5.400041855470486,5.400041855470486,5.400041855470486,5.400041855470486,5.400041855470486,5.400041855470486,5.400041855470486,5.400041855470486,5.400041855470486,5.400041855470486,5.400041855470486,5.400041855470486,5.400041855470486,5.400041855470486,5.400041855470486,5.400041855470486,5.400041855470486,5.400041855470486,5.400041855470486,5.400041855470486,5.400041855470486,5.400041855470486,5.400041855470486,5.400041855470486,5.400041855470486,5.400041855470486,5.400041855470486,5.400041855470486,5.400041855470486,5.400041855470486,5.400041855470486,5.400041855470486,5.400041855470486,5.400041855470486,5.400041855470486,5.400041855470486,5.400041855470486,5.400041855470486,5.400041855470486,5.400041855470486,5.400041855470486,5.400041855470486,5.400041855470486,5.400041855470486,5.400041855470486,5.400041855470486,5.400041855470486,5.400041855470486,5.400041855470486,5.400041855470486,5.400041855470486,5.400041855470486,5.400041855470486,5.400041855470486,5.400041855470486,5.400041855470486,5.400041855470486,5.400041855470486,5.400041855470486,5.400041855470486,5.400041855470486,5.400041855470486,5.400041855470486,5.400041855470486,5.400041855470486,5.400041855470486,5.400041855470486,5.400041855470486,5.400041855470486,5.400041855470486,5.400041855470486,5.400041855470486,5.400041855470486,5.400041855470486,5.400041855470486,5.400041855470486,5.400041855470486,5.400041855470486,5.400041855470486,5.400041855470486,5.400041855470486,5.400041855470486,5.400041855470486,5.400041855470486,5.400041855470486,5.400041855470486,5.400041855470486,5.400041855470486,5.400041855470486,5.400041855470486,5.400041855470486,5.400041855470486,5.400041855470486,5.400041855470486,5.400041855470486,5.400041855470486,5.400041855470486,5.400041855470486,5.400041855470486,5.400041855470486,5.400041855470486,5.400041855470486,5.400041855470486,5.400041855470486,5.400041855470486,5.400041855470486,5.400041855470486,5.400041855470486,5.400041855470486,5.400041855470486,5.400041855470486,5.400041855470486,5.400041855470486,5.400041855470486,5.400041855470486,5.400041855470486,5.400041855470486,5.400041855470486,5.400041855470486,5.400041855470486,5.400041855470486,5.400041855470486,5.400041855470486,5.400041855470486,5.400041855470486,5.400041855470486,5.400041855470486,5.400041855470486,5.400041855470486,5.400041855470486,5.400041855470486,5.400041855470486,5.400041855470486,5.400041855470486,5.400041855470486,5.400041855470486,5.400041855470486,5.400041855470486,5.400041855470486,5.400041855470486,5.400041855470486,5.400041855470486,5.400041855470486,5.400041855470486,5.400041855470486,5.400041855470486,5.400041855470486,5.400041855470486,5.400041855470486,5.400041855470486,5.400041855470486,5.400041855470486,5.400041855470486,5.400041855470486,5.400041855470486,5.400041855470486,5.400041855470486,5.400041855470486,5.400041855470486,5.400041855470486,5.400041855470486,5.400041855470486,5.400041855470486,5.400041855470486,5.400041855470486,5.400041855470486,5.400041855470486,5.400041855470486,5.400041855470486,5.400041855470486,5.400041855470486,5.400041855470486,5.400041855470486,5.400041855470486,5.400041855470486,5.400041855470486,6.195027479697847,5.951813407073194,5.951813407073194,5.951813407073194,5.951813407073194,5.951813407073194,5.864239423105098,5.864239423105098,5.382752950976486,5.382752950976486,5.382752950976486,5.382752950976486,5.382752950976486,5.382752950976486,5.382752950976486,5.382752950976486,5.382752950976486,5.382752950976486,5.382752950976486,5.382752950976486,5.382752950976486,5.382752950976486,5.382752950976486,5.382752950976486,5.382752950976486,5.382752950976486,5.382752950976486,5.382752950976486,5.382752950976486,5.382752950976486,5.382752950976486,5.382752950976486,5.382752950976486,5.382752950976486,5.382752950976486,5.382752950976486,5.382752950976486,5.382752950976486,5.382752950976486,5.382752950976486,5.0472435914765095,5.0472435914765095,4.415525641623018,4.415525641623018,4.415525641623018,4.415525641623018,4.1016122717737336,4.1016122717737336,4.1016122717737336,4.1016122717737336,4.1016122717737336,4.1016122717737336,4.1016122717737336,4.1016122717737336,4.1016122717737336,4.1016122717737336,4.1016122717737336,4.1016122717737336,4.1016122717737336,4.1016122717737336,4.1016122717737336,4.1016122717737336,4.1016122717737336,4.1016122717737336,4.1016122717737336,4.1016122717737336,4.1016122717737336,4.1016122717737336,4.1016122717737336,4.1016122717737336,4.1016122717737336,4.1016122717737336,4.1016122717737336,4.1016122717737336,4.1016122717737336,4.1016122717737336,4.1016122717737336,4.1016122717737336,4.1016122717737336,4.1016122717737336,4.1016122717737336,4.1016122717737336,4.1016122717737336,4.1016122717737336,4.1016122717737336,4.1016122717737336,4.1016122717737336,4.1016122717737336,4.1016122717737336,4.1016122717737336,4.1016122717737336,4.1016122717737336,4.1016122717737336,4.1016122717737336,4.1016122717737336,4.1016122717737336,4.1016122717737336,4.1016122717737336,4.1016122717737336,4.1016122717737336,4.1016122717737336,4.1016122717737336,4.1016122717737336,4.1016122717737336,4.1016122717737336,4.1016122717737336,4.1016122717737336,4.1016122717737336,4.1016122717737336,4.1016122717737336,4.1016122717737336,4.1016122717737336,4.1016122717737336,4.1016122717737336,4.1016122717737336,4.1016122717737336,4.1016122717737336,4.1016122717737336,4.1016122717737336,4.1016122717737336,4.1016122717737336,4.1016122717737336,4.1016122717737336,4.1016122717737336,4.1016122717737336,4.1016122717737336,4.1016122717737336,4.1016122717737336,4.1016122717737336,4.1016122717737336,4.1016122717737336,4.1016122717737336,4.1016122717737336,4.1016122717737336,4.1016122717737336,4.1016122717737336,4.1016122717737336,4.1016122717737336,4.1016122717737336,4.1016122717737336,4.1016122717737336,4.1016122717737336,4.1016122717737336,4.1016122717737336,4.1016122717737336,4.1016122717737336,4.1016122717737336,4.1016122717737336,4.1016122717737336,4.1016122717737336,4.1016122717737336,4.1016122717737336,4.1016122717737336,4.1016122717737336,4.1016122717737336,4.1016122717737336,4.1016122717737336,4.1016122717737336,4.1016122717737336,4.1016122717737336,4.1016122717737336,4.1016122717737336,4.1016122717737336,4.1016122717737336,4.1016122717737336,4.1016122717737336,4.1016122717737336,4.1016122717737336,4.1016122717737336,4.1016122717737336,4.1016122717737336,4.1016122717737336,4.1016122717737336,4.1016122717737336,4.1016122717737336,4.1016122717737336,4.1016122717737336,4.1016122717737336,4.1016122717737336,4.1016122717737336,4.1016122717737336,4.1016122717737336,4.1016122717737336,4.1016122717737336,4.1016122717737336,4.1016122717737336,4.1016122717737336,4.1016122717737336,4.1016122717737336,4.1016122717737336,4.1016122717737336,4.1016122717737336,4.1016122717737336,4.1016122717737336,4.1016122717737336,4.1016122717737336,4.1016122717737336,4.1016122717737336,4.1016122717737336,4.1016122717737336,4.1016122717737336,4.1016122717737336,4.1016122717737336,4.1016122717737336,4.1016122717737336,4.1016122717737336,4.1016122717737336,4.1016122717737336,4.1016122717737336,4.1016122717737336,4.1016122717737336,4.1016122717737336,4.1016122717737336,4.1016122717737336,4.1016122717737336,4.1016122717737336,4.1016122717737336,4.1016122717737336,4.1016122717737336,4.1016122717737336,4.1016122717737336,4.1016122717737336,4.1016122717737336,4.1016122717737336,4.1016122717737336,4.1016122717737336,4.1016122717737336,4.1016122717737336,4.1016122717737336,4.1016122717737336,4.1016122717737336,4.1016122717737336,4.1016122717737336,4.1016122717737336,4.1016122717737336,4.1016122717737336,4.1016122717737336,4.1016122717737336,4.1016122717737336,4.1016122717737336,4.1016122717737336,4.1016122717737336,4.1016122717737336,4.1016122717737336,4.1016122717737336,4.1016122717737336,4.1016122717737336,4.1016122717737336,4.1016122717737336,4.1016122717737336,4.1016122717737336,4.1016122717737336,4.1016122717737336,4.1016122717737336,4.1016122717737336,4.1016122717737336,4.1016122717737336,4.1016122717737336,4.1016122717737336,4.1016122717737336,4.1016122717737336,4.1016122717737336,4.1016122717737336,4.1016122717737336,4.1016122717737336,4.1016122717737336,4.1016122717737336,4.1016122717737336,4.1016122717737336,4.1016122717737336,4.1016122717737336,4.1016122717737336,4.1016122717737336,4.1016122717737336,4.1016122717737336,4.1016122717737336,4.1016122717737336,4.1016122717737336,4.1016122717737336,4.1016122717737336,4.1016122717737336,4.1016122717737336,4.1016122717737336,4.1016122717737336,4.1016122717737336,4.1016122717737336,4.1016122717737336,4.1016122717737336,4.1016122717737336,4.1016122717737336,4.1016122717737336,4.1016122717737336,4.1016122717737336,4.1016122717737336,4.1016122717737336,4.1016122717737336,4.1016122717737336,4.1016122717737336,4.1016122717737336,3.838601696132709,3.838601696132709,3.838601696132709,3.838601696132709,3.838601696132709,3.838601696132709,3.838601696132709,3.838601696132709,3.838601696132709,3.838601696132709,3.838601696132709,3.838601696132709,3.838601696132709,3.838601696132709,3.838601696132709,3.838601696132709,3.838601696132709,3.838601696132709,3.838601696132709,3.838601696132709,3.838601696132709,3.838601696132709,3.838601696132709,3.838601696132709,3.838601696132709,3.838601696132709,3.838601696132709,3.838601696132709,3.838601696132709,3.838601696132709,3.838601696132709,3.838601696132709,3.838601696132709,3.838601696132709,3.838601696132709,3.838601696132709,3.838601696132709,3.838601696132709,3.838601696132709,3.838601696132709,3.838601696132709,3.838601696132709,3.838601696132709,3.838601696132709,3.838601696132709,3.838601696132709,3.838601696132709,3.838601696132709,3.838601696132709,3.838601696132709,3.838601696132709,3.838601696132709,3.838601696132709,3.838601696132709,3.838601696132709,3.838601696132709,3.838601696132709,3.838601696132709,3.838601696132709,3.838601696132709,3.838601696132709,3.838601696132709,3.838601696132709,3.838601696132709,3.838601696132709,3.838601696132709,3.838601696132709,3.838601696132709,3.838601696132709,3.838601696132709,3.838601696132709,3.838601696132709,3.838601696132709,3.838601696132709,3.838601696132709,3.838601696132709,3.838601696132709,3.838601696132709,3.838601696132709,3.838601696132709,3.838601696132709,3.838601696132709,3.838601696132709,3.838601696132709,3.838601696132709,3.838601696132709,3.838601696132709,3.838601696132709,3.838601696132709,3.838601696132709,3.838601696132709,3.838601696132709,3.838601696132709,3.838601696132709,3.838601696132709,3.838601696132709,3.838601696132709,3.838601696132709,3.838601696132709,3.838601696132709,3.838601696132709,3.838601696132709,3.838601696132709,3.838601696132709,3.838601696132709,3.838601696132709,3.838601696132709,3.838601696132709,3.838601696132709,3.838601696132709,3.838601696132709,3.838601696132709,3.838601696132709,3.838601696132709,3.838601696132709,3.838601696132709,3.838601696132709,3.838601696132709,3.838601696132709,3.838601696132709,3.838601696132709,3.838601696132709,3.838601696132709,3.838601696132709,3.838601696132709,3.838601696132709,3.838601696132709,3.838601696132709,3.838601696132709,3.838601696132709,3.838601696132709,3.838601696132709,3.838601696132709,3.838601696132709,3.838601696132709,3.838601696132709,3.838601696132709,3.838601696132709,3.838601696132709,3.838601696132709,3.838601696132709,3.838601696132709,3.838601696132709,3.838601696132709,3.838601696132709,3.838601696132709,3.838601696132709,3.838601696132709,3.838601696132709,3.838601696132709,3.838601696132709,3.838601696132709,3.838601696132709,3.838601696132709,3.838601696132709,3.838601696132709,3.838601696132709,3.838601696132709,3.838601696132709,3.838601696132709,3.838601696132709,3.838601696132709,3.838601696132709,3.838601696132709,3.838601696132709,3.838601696132709,3.838601696132709,3.838601696132709,3.838601696132709,3.838601696132709,3.838601696132709,3.838601696132709,3.838601696132709,3.838601696132709,3.838601696132709,3.838601696132709,3.838601696132709,3.838601696132709,3.838601696132709,3.838601696132709,3.838601696132709,3.838601696132709,3.838601696132709,3.838601696132709,3.838601696132709,3.838601696132709,3.838601696132709,3.838601696132709,3.838601696132709,3.838601696132709,3.838601696132709,3.838601696132709,3.838601696132709,3.838601696132709,3.838601696132709,3.838601696132709,3.838601696132709,3.838601696132709,3.838601696132709,3.838601696132709,3.838601696132709,3.838601696132709,3.838601696132709,3.838601696132709,3.838601696132709,3.838601696132709,3.838601696132709,3.838601696132709,3.838601696132709,3.838601696132709,3.838601696132709,3.838601696132709,3.838601696132709,3.838601696132709,3.838601696132709,3.838601696132709,3.838601696132709,3.838601696132709,3.838601696132709,3.838601696132709,3.838601696132709,3.838601696132709,3.838601696132709,3.838601696132709,3.838601696132709,3.838601696132709,3.838601696132709,3.838601696132709,3.838601696132709,3.838601696132709,3.838601696132709,3.838601696132709,3.838601696132709,3.838601696132709,3.838601696132709,3.838601696132709,3.838601696132709,3.838601696132709,3.838601696132709,3.838601696132709,3.838601696132709,3.838601696132709,3.838601696132709,3.838601696132709,3.838601696132709,3.838601696132709,3.838601696132709,3.838601696132709,3.838601696132709,3.838601696132709,3.838601696132709,3.838601696132709,3.838601696132709,3.838601696132709,3.838601696132709,3.838601696132709,3.8239968352704286,3.7886642845045038,3.7886642845045038,3.7886642845045038,3.7886642845045038,3.7886642845045038,3.7886642845045038,3.7886642845045038,3.7886642845045038,3.7886642845045038,3.7886642845045038,3.7886642845045038,3.7886642845045038,3.7886642845045038,3.7886642845045038,3.7886642845045038,3.7886642845045038,3.7886642845045038,3.7886642845045038,3.7886642845045038,3.7886642845045038,3.7886642845045038,3.7093925085661192,3.7093925085661192,3.7093925085661192,3.7093925085661192,3.7093925085661192,3.7093925085661192,3.7093925085661192,3.7093925085661192,3.7093925085661192,3.7093925085661192,3.7093925085661192,3.7093925085661192,3.7093925085661192,3.7093925085661192,3.7093925085661192,3.7093925085661192,3.7093925085661192,3.7093925085661192,3.7093925085661192,3.7093925085661192,3.7093925085661192,3.7093925085661192,3.7093925085661192,3.7093925085661192,3.7093925085661192,3.7093925085661192,3.7093925085661192,3.7093925085661192,3.7093925085661192,3.7093925085661192,3.7093925085661192,3.7093925085661192,3.7093925085661192,3.7093925085661192,3.7093925085661192,3.7093925085661192,3.7093925085661192,3.7093925085661192,3.7093925085661192,3.7093925085661192,3.7093925085661192,3.7093925085661192,3.7093925085661192,3.7093925085661192,3.7093925085661192,3.7093925085661192,3.7093925085661192,3.7093925085661192,3.7093925085661192,3.7093925085661192,3.7093925085661192,3.7093925085661192,3.7093925085661192,3.7093925085661192,3.7093925085661192,3.7093925085661192,3.7093925085661192,3.7093925085661192,3.7093925085661192,3.7093925085661192,3.7093925085661192,3.7093925085661192,3.7093925085661192,3.7093925085661192,3.7093925085661192,3.7093925085661192,3.7093925085661192,3.7093925085661192,3.7093925085661192,3.7093925085661192,3.7093925085661192,3.7093925085661192,3.7093925085661192,3.7093925085661192,3.7093925085661192,3.7093925085661192,3.7093925085661192,3.7093925085661192,3.7093925085661192,3.7093925085661192,3.7093925085661192,3.7093925085661192,3.7093925085661192,3.7093925085661192,3.7093925085661192,3.7093925085661192,3.7093925085661192,3.7093925085661192,3.7093925085661192,3.7093925085661192,3.7093925085661192,3.7093925085661192,3.7093925085661192,3.7093925085661192,3.7093925085661192,3.7093925085661192,3.7093925085661192,3.7093925085661192,3.7093925085661192,3.7093925085661192,3.7093925085661192,3.7093925085661192,3.7093925085661192,3.7093925085661192,3.7093925085661192,3.7093925085661192,3.7093925085661192,3.7093925085661192,3.7093925085661192,3.7093925085661192,3.7093925085661192,3.7093925085661192,3.7093925085661192,3.7093925085661192,3.7093925085661192,3.7093925085661192,3.7093925085661192,3.7093925085661192,3.7093925085661192,3.7093925085661192,3.7093925085661192,3.7093925085661192,3.7093925085661192,3.7093925085661192,3.7093925085661192,3.7093925085661192,3.7093925085661192,3.7093925085661192,3.7093925085661192,3.7093925085661192,3.7093925085661192,3.7093925085661192,3.7093925085661192,3.7093925085661192,3.7093925085661192,3.7093925085661192,3.7093925085661192,3.7093925085661192,3.7093925085661192,3.7093925085661192,3.7093925085661192,3.7093925085661192,3.7093925085661192,3.7093925085661192,3.7093925085661192,3.7093925085661192,3.7093925085661192,3.7093925085661192,3.7093925085661192,3.7093925085661192,3.7093925085661192,3.7093925085661192,3.7093925085661192,3.7093925085661192,3.6738332559322044,3.5745206966858154,3.5745206966858154,3.5745206966858154,3.5745206966858154,3.5745206966858154,3.5745206966858154,3.5745206966858154,3.5745206966858154,3.5745206966858154,3.5745206966858154,3.5745206966858154,3.5745206966858154,3.5745206966858154,3.5745206966858154,3.5745206966858154,3.5745206966858154,3.5745206966858154,3.5745206966858154,3.5745206966858154,3.5745206966858154,3.5745206966858154,3.5745206966858154,3.5745206966858154,3.5745206966858154,3.5745206966858154,3.5745206966858154,3.5745206966858154,3.5745206966858154,3.5745206966858154,3.5745206966858154,3.5745206966858154,3.5745206966858154,3.5745206966858154,3.5745206966858154,3.5745206966858154,3.5745206966858154,3.5745206966858154,3.5745206966858154,3.5745206966858154,3.5745206966858154,3.5745206966858154,3.5745206966858154,3.5745206966858154,3.5745206966858154,3.5745206966858154,3.5745206966858154,3.5745206966858154,3.5745206966858154,3.5745206966858154,3.5745206966858154,3.5745206966858154,3.5745206966858154,3.5745206966858154,3.5745206966858154,3.5745206966858154,3.5745206966858154,3.5745206966858154,3.5745206966858154,3.5745206966858154,3.5745206966858154,3.5745206966858154,3.5745206966858154,3.5745206966858154,3.5745206966858154,3.5745206966858154,3.5745206966858154,3.5745206966858154,3.5745206966858154,3.5745206966858154,3.5745206966858154,3.5745206966858154,3.5745206966858154,3.5745206966858154,3.5745206966858154,3.5745206966858154,3.5745206966858154,3.5745206966858154,3.5745206966858154,3.5745206966858154,3.5745206966858154,3.5745206966858154,3.5745206966858154,3.5745206966858154,3.5745206966858154,3.5745206966858154,3.5745206966858154,3.5745206966858154,3.5745206966858154,3.5745206966858154,3.5745206966858154,3.5745206966858154,3.5745206966858154,3.5745206966858154,3.5745206966858154,3.5745206966858154,3.5745206966858154,3.5745206966858154,3.5745206966858154,3.5745206966858154,3.5745206966858154,3.5745206966858154,3.5745206966858154,3.5745206966858154,3.5745206966858154,3.5745206966858154,3.5745206966858154,3.5745206966858154,3.5745206966858154,3.5745206966858154,3.5745206966858154,3.5745206966858154,3.5745206966858154,3.5745206966858154,3.5745206966858154,3.5745206966858154,3.5745206966858154,3.5745206966858154,3.5745206966858154,3.5745206966858154,3.5745206966858154,3.5745206966858154,3.5745206966858154,3.5745206966858154,3.5745206966858154,3.5745206966858154,3.5745206966858154,3.5745206966858154,3.5745206966858154,3.5745206966858154,3.5745206966858154,3.5745206966858154,3.5745206966858154,3.5745206966858154,3.5745206966858154,3.5745206966858154,3.5745206966858154,3.5745206966858154,3.5745206966858154,3.5745206966858154,3.5745206966858154,3.5745206966858154,3.5745206966858154,3.5745206966858154,3.5745206966858154,3.5745206966858154,3.5745206966858154,3.5745206966858154,3.5745206966858154,3.5745206966858154,3.5745206966858154,3.5745206966858154,3.5745206966858154,3.5745206966858154,3.5745206966858154,3.5745206966858154,3.5745206966858154,3.5745206966858154,3.5745206966858154,3.5745206966858154,3.5745206966858154,3.5745206966858154,3.5745206966858154,3.5745206966858154,3.5745206966858154,3.5745206966858154,3.5745206966858154,3.5745206966858154,3.5745206966858154,3.5745206966858154,3.5745206966858154,3.5745206966858154,3.5745206966858154,3.5745206966858154,3.5745206966858154,3.5745206966858154,3.5745206966858154,3.5745206966858154,3.5745206966858154,3.5745206966858154,3.5745206966858154,3.5745206966858154,3.5745206966858154,3.5745206966858154,3.5745206966858154,3.5745206966858154,3.5745206966858154,3.5745206966858154,3.5745206966858154,3.5745206966858154,3.5745206966858154,3.5745206966858154,3.5745206966858154,3.5745206966858154,3.5745206966858154,3.5745206966858154,3.5745206966858154,3.5745206966858154,3.5745206966858154,3.5745206966858154,3.5745206966858154,3.5745206966858154,3.5745206966858154,3.5745206966858154,3.5745206966858154,3.5745206966858154,3.5745206966858154,3.5745206966858154,3.5745206966858154,3.5745206966858154,3.5745206966858154,3.5745206966858154,3.5745206966858154,3.5745206966858154,3.5745206966858154,3.5745206966858154,3.5745206966858154,3.5745206966858154,3.5745206966858154,3.5745206966858154,3.5745206966858154,3.5745206966858154,3.5745206966858154,3.5745206966858154,3.5745206966858154,3.5745206966858154,3.5745206966858154,3.5745206966858154,3.5745206966858154,3.5745206966858154,3.5745206966858154,3.5745206966858154,3.5745206966858154,3.5745206966858154,3.5745206966858154,3.5745206966858154,3.5745206966858154,3.5745206966858154,3.5745206966858154,3.5745206966858154,3.5745206966858154,3.5745206966858154,3.5745206966858154,3.5745206966858154,3.5745206966858154,3.5745206966858154,3.5745206966858154,3.5745206966858154,3.5745206966858154,3.5745206966858154,3.5745206966858154,3.5745206966858154,3.5745206966858154,3.5745206966858154,3.5745206966858154,3.5745206966858154,3.5745206966858154,3.5745206966858154,3.5745206966858154,3.5745206966858154,3.5745206966858154,3.5745206966858154,3.5745206966858154,3.5745206966858154,3.5745206966858154,3.5745206966858154,3.5745206966858154,3.5745206966858154,3.5745206966858154,7.981154939105602,7.2503154867562065,7.038065702583401,6.297180000730261,6.297180000730261,6.297180000730261,6.297180000730261,6.000708709082043,6.000708709082043,6.000708709082043,6.000708709082043,6.000708709082043,6.000708709082043,6.000708709082043,6.000708709082043,6.000708709082043,6.000708709082043,6.000708709082043,6.000708709082043,6.000708709082043,6.000708709082043,6.000708709082043,6.000708709082043,6.000708709082043,6.000708709082043,6.000708709082043,4.865856480689079,4.85701087616682,4.85701087616682,4.85701087616682,4.85701087616682,4.85701087616682,4.85701087616682,4.85701087616682,4.85701087616682,4.85701087616682,4.85701087616682,4.85701087616682,4.85701087616682,4.85701087616682,4.85701087616682,4.85701087616682,4.85701087616682,4.85701087616682,4.85701087616682,4.85701087616682,4.85701087616682,4.85701087616682,4.85701087616682,4.85701087616682,4.85701087616682,4.85701087616682,4.85701087616682,4.85701087616682,4.85701087616682,4.85701087616682,4.85701087616682,4.85701087616682,4.85701087616682,4.85701087616682,4.799852884435011,4.799852884435011,4.778843575643633,4.778843575643633,4.778843575643633,4.778843575643633,4.778843575643633,4.778843575643633,4.778843575643633,4.778843575643633,4.778843575643633,4.778843575643633,4.778843575643633,4.778843575643633,4.778843575643633,4.778843575643633,4.778843575643633,4.778843575643633,4.778843575643633,4.778843575643633,4.778843575643633,4.778843575643633,4.778843575643633,4.778843575643633,4.778843575643633,4.778843575643633,4.778843575643633,4.778843575643633,4.778843575643633,4.778843575643633,4.778843575643633,4.778843575643633,4.778843575643633,4.778843575643633,4.778843575643633,4.778843575643633,4.778843575643633,4.778843575643633,4.778843575643633,4.778843575643633,4.778843575643633,4.778843575643633,4.778843575643633,4.778843575643633,4.778843575643633,4.778843575643633,4.778843575643633,4.778843575643633,4.778843575643633,4.778843575643633,4.778843575643633,4.778843575643633,4.778843575643633,4.778843575643633,4.778843575643633,4.778843575643633,4.778843575643633,4.778843575643633,4.778843575643633,4.778843575643633,4.778843575643633,4.778843575643633,4.778843575643633,4.778843575643633,4.778843575643633,4.778843575643633,4.778843575643633,4.778843575643633,4.778843575643633,4.778843575643633,4.778843575643633,4.778843575643633,4.778843575643633,4.778843575643633,4.778843575643633,4.778843575643633,4.778843575643633,4.778843575643633,4.778843575643633,4.778843575643633,4.778843575643633,4.778843575643633,4.778843575643633,4.778843575643633,4.778843575643633,4.778843575643633,4.778843575643633,4.778843575643633,4.778843575643633,4.778843575643633,4.778843575643633,4.778843575643633,4.778843575643633,4.778843575643633,4.778843575643633,4.778843575643633,4.778843575643633,4.778843575643633,4.778843575643633,4.778843575643633,4.778843575643633,4.778843575643633,4.778843575643633,4.778843575643633,4.778843575643633,4.778843575643633,4.778843575643633,4.778843575643633,4.778843575643633,4.778843575643633,4.778843575643633,4.778843575643633,4.778843575643633,4.778843575643633,4.778843575643633,4.778843575643633,4.778843575643633,4.778843575643633,4.778843575643633,4.778843575643633,4.778843575643633,4.778843575643633,4.778843575643633,4.778843575643633,4.778843575643633,4.778843575643633,4.778843575643633,4.778843575643633,4.778843575643633,4.778843575643633,4.778843575643633,4.778843575643633,4.778843575643633,4.778843575643633,4.778843575643633,4.778843575643633,4.778843575643633,4.778843575643633,4.778843575643633,4.778843575643633,4.778843575643633,4.778843575643633,4.778843575643633,4.778843575643633,4.778843575643633,4.778843575643633,4.778843575643633,4.778843575643633,4.778843575643633,4.778843575643633,4.778843575643633,4.778843575643633,4.778843575643633,4.778843575643633,4.778843575643633,4.778843575643633,4.778843575643633,4.778843575643633,4.778843575643633,4.778843575643633,4.778843575643633,4.778843575643633,4.778843575643633,4.778843575643633,4.5399799493047714,4.5399799493047714,4.5399799493047714,4.5399799493047714,4.5399799493047714,4.5399799493047714,4.5399799493047714,4.5399799493047714,4.5399799493047714,4.5399799493047714,4.5399799493047714,4.5399799493047714,4.5399799493047714,4.5399799493047714,4.5399799493047714,4.5399799493047714,4.5399799493047714,4.5399799493047714,4.5399799493047714,4.5399799493047714,4.5399799493047714,4.5399799493047714,4.5399799493047714,4.5399799493047714,4.5399799493047714,4.5399799493047714,4.5399799493047714,4.5399799493047714,4.5399799493047714,4.5399799493047714,4.5399799493047714,4.5399799493047714,4.5399799493047714,4.5399799493047714,4.5399799493047714,4.5399799493047714,4.5399799493047714,4.5399799493047714,4.5399799493047714,4.5399799493047714,4.5399799493047714,4.5399799493047714,4.5399799493047714,4.5399799493047714,4.5399799493047714,4.5399799493047714,4.5399799493047714,4.5399799493047714,4.5399799493047714,4.5399799493047714,4.5399799493047714,4.5399799493047714,4.5399799493047714,4.5399799493047714,4.5399799493047714,4.5399799493047714,4.5399799493047714,4.5399799493047714,4.5399799493047714,4.5399799493047714,4.5399799493047714,4.5399799493047714,4.5399799493047714,4.5399799493047714,4.5399799493047714,4.5399799493047714,4.5399799493047714,4.5399799493047714,4.5399799493047714,4.5399799493047714,4.5399799493047714,4.528531366122699,4.528531366122699,4.528531366122699,4.528531366122699,4.528531366122699,4.528531366122699,4.528531366122699,4.528531366122699,4.528531366122699,4.528531366122699,4.528531366122699,4.528531366122699,4.528531366122699,4.528531366122699,4.528531366122699,4.528531366122699,4.528531366122699,4.528531366122699,4.528531366122699,4.528531366122699,4.528531366122699,4.528531366122699,4.528531366122699,4.528531366122699,4.528531366122699,4.528531366122699,4.528531366122699,4.528531366122699,4.528531366122699,4.528531366122699,4.528531366122699,4.528531366122699,4.528531366122699,4.528531366122699,4.528531366122699,4.528531366122699,4.528531366122699,4.528531366122699,4.528531366122699,4.528531366122699,4.528531366122699,4.528531366122699,4.528531366122699,4.528531366122699,4.528531366122699,4.528531366122699,4.528531366122699,4.528531366122699,4.528531366122699,4.528531366122699,4.528531366122699,4.528531366122699,4.528531366122699,4.528531366122699,4.528531366122699,4.528531366122699,4.528531366122699,4.528531366122699,4.528531366122699,4.528531366122699,4.528531366122699,4.528531366122699,4.528531366122699,4.528531366122699,4.528531366122699,4.528531366122699,4.528531366122699,4.528531366122699,4.528531366122699,4.528531366122699,4.528531366122699,4.528531366122699,4.528531366122699,4.528531366122699,4.528531366122699,4.528531366122699,4.528531366122699,4.528531366122699,4.528531366122699,4.528531366122699,4.528531366122699,4.528531366122699,4.528531366122699,4.528531366122699,4.528531366122699,4.528531366122699,4.528531366122699,4.528531366122699,4.528531366122699,4.528531366122699,4.528531366122699,4.528531366122699,4.528531366122699,4.528531366122699,4.528531366122699,4.528531366122699,4.528531366122699,4.528531366122699,4.528531366122699,4.528531366122699,4.528531366122699,4.528531366122699,4.528531366122699,4.528531366122699,4.528531366122699,4.528531366122699,4.528531366122699,4.528531366122699,4.528531366122699,4.528531366122699,4.528531366122699,4.528531366122699,4.528531366122699,4.528531366122699,4.528531366122699,4.528531366122699,4.528531366122699,4.528531366122699,4.528531366122699,4.528531366122699,4.528531366122699,4.528531366122699,4.528531366122699,4.528531366122699,4.528531366122699,4.528531366122699,4.528531366122699,4.528531366122699,4.528531366122699,4.528531366122699,4.528531366122699,4.528531366122699,4.528531366122699,4.528531366122699,4.528531366122699,4.528531366122699,4.528531366122699,4.528531366122699,4.528531366122699,4.528531366122699,4.528531366122699,4.528531366122699,4.528531366122699,4.528531366122699,4.528531366122699,4.528531366122699,4.528531366122699,4.528531366122699,4.528531366122699,4.528531366122699,4.528531366122699,4.528531366122699,4.528531366122699,4.528531366122699,4.528531366122699,4.528531366122699,4.528531366122699,4.528531366122699,4.528531366122699,4.528531366122699,4.528531366122699,4.528531366122699,4.528531366122699,4.528531366122699,4.528531366122699,4.528531366122699,4.528531366122699,4.528531366122699,4.528531366122699,4.528531366122699,4.528531366122699,4.528531366122699,4.528531366122699,4.528531366122699,4.528531366122699,4.528531366122699,4.528531366122699,4.528531366122699,4.528531366122699,4.528531366122699,4.528531366122699,4.528531366122699,4.528531366122699,4.528531366122699,4.528531366122699,4.528531366122699,4.528531366122699,4.528531366122699,4.528531366122699,4.528531366122699,4.528531366122699,4.528531366122699,4.528531366122699,4.528531366122699,4.528531366122699,4.528531366122699,4.528531366122699,4.528531366122699,4.528531366122699,4.528531366122699,4.528531366122699,4.528531366122699,4.528531366122699,4.528531366122699,4.528531366122699,4.528531366122699,4.528531366122699,4.528531366122699,4.528531366122699,4.528531366122699,4.528531366122699,4.528531366122699,4.528531366122699,4.528531366122699,4.528531366122699,4.528531366122699,4.528531366122699,4.528531366122699,4.528531366122699,4.528531366122699,4.528531366122699,4.528531366122699,4.528531366122699,4.528531366122699,4.528531366122699,4.528531366122699,4.528531366122699,4.528531366122699,4.528531366122699,4.528531366122699,4.528531366122699,4.528531366122699,4.528531366122699,4.528531366122699,4.528531366122699,4.528531366122699,4.528531366122699,4.528531366122699,4.528531366122699,4.528531366122699,4.528531366122699,4.528531366122699,4.528531366122699,4.528531366122699,4.528531366122699,4.528531366122699,4.528531366122699,4.528531366122699,4.528531366122699,4.528531366122699,4.528531366122699,4.528531366122699,4.528531366122699,4.528531366122699,4.528531366122699,4.528531366122699,4.528531366122699,4.528531366122699,4.528531366122699,4.528531366122699,4.528531366122699,4.528531366122699,4.528531366122699,4.528531366122699,4.528531366122699,4.528531366122699,4.528531366122699,4.528531366122699,4.528531366122699,4.528531366122699,4.528531366122699,4.528531366122699,4.528531366122699,4.528531366122699,4.528531366122699,4.528531366122699,4.528531366122699,4.528531366122699,4.528531366122699,4.528531366122699,4.528531366122699,4.528531366122699,4.528531366122699,4.528531366122699,4.528531366122699,4.528531366122699,4.528531366122699,4.528531366122699,4.470002246424171,4.470002246424171,4.470002246424171,4.470002246424171,4.470002246424171,4.409627839495333,4.409627839495333,4.409627839495333,4.409627839495333,4.409627839495333,4.409627839495333,4.409627839495333,4.409627839495333,4.409627839495333,4.409627839495333,4.409627839495333,4.409627839495333,4.409627839495333,4.409627839495333,4.409627839495333,4.409627839495333,4.409627839495333,4.409627839495333,4.409627839495333,4.409627839495333,4.409627839495333,4.409627839495333,4.409627839495333,4.271781281005996,4.271781281005996,4.074502657028274,4.074502657028274,4.074502657028274,4.074502657028274,4.074502657028274,4.074502657028274,4.074502657028274,4.074502657028274,4.074502657028274,4.074502657028274,4.074502657028274,4.074502657028274,4.074502657028274,4.074502657028274,4.074502657028274,4.074502657028274,4.074502657028274,4.074502657028274,4.074502657028274,4.074502657028274,4.074502657028274,4.074502657028274,4.074502657028274,4.074502657028274,4.074502657028274,4.074502657028274,4.074502657028274,4.074502657028274,4.074502657028274,4.074502657028274,4.074502657028274,4.074502657028274,4.074502657028274,4.074502657028274,4.074502657028274,4.074502657028274,4.074502657028274,4.074502657028274,4.074502657028274,4.074502657028274,4.074502657028274,4.074502657028274,4.074502657028274,4.074502657028274,4.074502657028274,4.074502657028274,4.074502657028274,4.074502657028274,4.074502657028274,4.074502657028274,4.074502657028274,4.074502657028274,4.074502657028274,4.074502657028274,4.074502657028274,4.074502657028274,4.074502657028274,4.074502657028274,4.074502657028274,4.074502657028274,4.074502657028274,4.074502657028274,4.074502657028274,4.074502657028274,4.074502657028274,4.074502657028274,4.074502657028274,4.074502657028274,4.074502657028274,4.074502657028274,4.074502657028274,4.074502657028274,4.074502657028274,4.074502657028274,4.074502657028274,4.074502657028274,4.074502657028274,4.074502657028274,4.074502657028274,4.074502657028274,4.074502657028274,4.074502657028274,4.074502657028274,4.074502657028274,4.074502657028274,4.074502657028274,4.074502657028274,4.074502657028274,4.074502657028274,4.074502657028274,4.074502657028274,4.074502657028274,4.074502657028274,4.074502657028274,4.074502657028274,4.074502657028274,4.074502657028274,4.074502657028274,4.074502657028274,4.074502657028274,4.074502657028274,4.074502657028274,4.074502657028274,4.074502657028274,4.074502657028274,4.074502657028274,4.074502657028274,4.074502657028274,4.074502657028274,4.074502657028274,4.074502657028274,4.074502657028274,4.074502657028274,4.074502657028274,4.074502657028274,4.074502657028274,4.074502657028274,4.074502657028274,4.074502657028274,4.074502657028274,4.074502657028274,4.074502657028274,4.074502657028274,4.074502657028274,4.074502657028274,4.074502657028274,4.074502657028274,4.074502657028274,4.074502657028274,4.074502657028274,4.074502657028274,4.074502657028274,4.074502657028274,4.074502657028274,4.074502657028274,4.074502657028274,4.074502657028274,4.074502657028274,4.074502657028274,4.074502657028274,4.074502657028274,4.074502657028274,4.074502657028274,4.074502657028274,4.074502657028274,4.074502657028274,4.074502657028274,4.074502657028274,4.074502657028274,4.074502657028274,4.074502657028274,4.074502657028274,4.074502657028274,4.074502657028274,4.074502657028274,4.074502657028274,4.074502657028274,4.074502657028274,4.074502657028274,4.074502657028274,4.074502657028274,4.074502657028274,4.074502657028274,4.074502657028274,4.074502657028274,4.074502657028274,4.074502657028274,4.074502657028274,4.074502657028274,4.074502657028274,4.074502657028274,4.074502657028274,4.074502657028274,4.074502657028274,4.074502657028274,4.074502657028274,4.074502657028274,4.074502657028274,4.074502657028274,4.074502657028274,4.074502657028274,4.074502657028274,4.074502657028274,4.074502657028274,4.074502657028274,4.074502657028274,4.074502657028274,4.074502657028274,4.074502657028274,4.074502657028274,4.074502657028274,4.074502657028274,4.074502657028274,4.074502657028274,4.074502657028274,4.074502657028274,4.074502657028274,4.074502657028274,4.074502657028274,4.074502657028274,4.074502657028274,4.074502657028274,4.074502657028274,4.074502657028274,4.074502657028274,4.074502657028274,4.074502657028274,4.074502657028274,4.074502657028274,4.074502657028274,4.074502657028274,4.074502657028274,4.074502657028274,4.074502657028274,4.074502657028274,4.074502657028274,4.074502657028274,4.074502657028274,4.074502657028274,4.074502657028274,4.074502657028274,4.074502657028274,4.074502657028274,4.074502657028274,4.074502657028274,4.074502657028274,4.074502657028274,4.074502657028274,4.074502657028274,4.074502657028274,4.074502657028274,4.074502657028274,4.074502657028274,4.074502657028274,4.074502657028274,4.074502657028274,4.074502657028274,4.074502657028274,4.074502657028274,4.074502657028274,4.074502657028274,4.074502657028274,4.074502657028274,4.074502657028274,4.074502657028274,4.074502657028274,4.074502657028274,4.074502657028274,4.074502657028274,4.074502657028274,4.074502657028274,4.074502657028274,4.074502657028274,4.074502657028274,4.074502657028274,4.074502657028274,4.074502657028274,4.074502657028274,4.074502657028274,4.074502657028274,4.074502657028274,4.074502657028274,4.074502657028274,4.074502657028274,4.074502657028274,4.074502657028274,4.074502657028274,4.074502657028274,4.074502657028274,4.074502657028274,4.074502657028274,4.074502657028274,4.074502657028274,4.074502657028274,4.074502657028274,4.074502657028274,4.074502657028274,4.074502657028274,4.074502657028274,4.074502657028274,4.074502657028274,4.074502657028274,4.074502657028274,4.074502657028274,4.074502657028274,4.074502657028274,4.074502657028274,4.074502657028274,4.074502657028274,4.074502657028274,4.074502657028274,4.074502657028274,4.074502657028274,4.074502657028274,4.074502657028274,4.074502657028274,4.074502657028274,4.074502657028274,4.074502657028274,4.074502657028274,4.074502657028274,4.074502657028274,4.074502657028274,4.074502657028274,4.074502657028274,4.074502657028274,4.074502657028274,4.074502657028274,4.074502657028274,4.074502657028274,4.074502657028274,4.074502657028274,4.074502657028274,4.074502657028274,4.074502657028274,4.074502657028274,4.074502657028274,4.074502657028274,4.074502657028274,4.074502657028274,4.074502657028274,4.074502657028274,4.074502657028274,4.074502657028274,4.074502657028274,4.074502657028274,4.074502657028274,4.074502657028274,4.074502657028274,4.074502657028274,4.074502657028274,4.074502657028274,4.074502657028274,4.074502657028274,4.074502657028274,4.074502657028274,4.074502657028274,4.074502657028274,4.074502657028274,4.074502657028274,4.074502657028274,4.074502657028274,4.074502657028274,4.074502657028274,4.074502657028274,4.074502657028274,4.074502657028274,4.074502657028274,4.074502657028274,4.074502657028274,4.074502657028274,4.074502657028274,4.074502657028274,4.074502657028274,4.074502657028274,4.074502657028274,4.074502657028274,4.074502657028274,4.074502657028274,4.074502657028274,4.074502657028274,4.074502657028274,4.074502657028274,4.074502657028274,4.074502657028274,4.074502657028274,4.074502657028274,4.074502657028274,4.074502657028274,4.074502657028274,4.074502657028274,4.074502657028274,4.074502657028274,4.074502657028274,4.074502657028274,4.074502657028274,4.074502657028274,4.074502657028274,4.074502657028274,4.074502657028274,4.074502657028274,4.074502657028274,4.074502657028274,4.074502657028274,4.074502657028274,4.074502657028274,4.074502657028274,5.925595527319527,5.65204531979945,5.523807717204378,5.5144662492786045,5.390845794522069,5.390845794522069,5.390845794522069,5.390845794522069,5.390845794522069,5.390845794522069,5.390845794522069,5.261538634565643,5.261538634565643,5.261538634565643,5.261538634565643,5.261538634565643,5.261538634565643,5.261538634565643,5.261538634565643,5.261538634565643,5.261538634565643,5.261538634565643,5.261538634565643,5.261538634565643,5.261538634565643,5.261538634565643,5.261538634565643,5.204568705885134,5.204568705885134,5.204568705885134,5.204568705885134,5.204568705885134,5.12200114802002,5.12200114802002,5.12200114802002,5.12200114802002,5.12200114802002,5.12200114802002,5.12200114802002,5.12200114802002,5.12200114802002,5.12200114802002,5.12200114802002,5.12200114802002,5.12200114802002,5.12200114802002,5.12200114802002,5.12200114802002,5.12200114802002,5.12200114802002,5.12200114802002,5.12200114802002,5.12200114802002,5.12200114802002,5.12200114802002,5.12200114802002,5.12200114802002,5.12200114802002,5.12200114802002,5.12200114802002,5.12200114802002,5.12200114802002,5.12200114802002,5.12200114802002,5.12200114802002,5.12200114802002,5.12200114802002,5.12200114802002,5.12200114802002,5.12200114802002,5.12200114802002,5.12200114802002,5.12200114802002,5.12200114802002,5.12200114802002,5.12200114802002,5.12200114802002,5.12200114802002,5.12200114802002,5.12200114802002,5.12200114802002,5.12200114802002,5.12200114802002,5.12200114802002,5.12200114802002,5.12200114802002,5.12200114802002,4.637877488810685,4.211837552008023,3.8473984606300844,3.8473984606300844,3.8473984606300844,3.8473984606300844,3.8473984606300844,3.8473984606300844,3.8129108973647345,3.8129108973647345,3.8129108973647345,3.8129108973647345,3.8129108973647345,3.8129108973647345,3.8129108973647345,3.8129108973647345,3.8129108973647345,3.8129108973647345,3.8129108973647345,3.8129108973647345,3.8129108973647345,3.8129108973647345,3.8129108973647345,3.8129108973647345,3.5915138384237797,3.5915138384237797,3.5915138384237797,3.589931222594278,3.589931222594278,3.589931222594278,3.589931222594278,3.589931222594278,3.589931222594278,3.589931222594278,3.589931222594278,3.589931222594278,3.589931222594278,3.589931222594278,3.589931222594278,3.589931222594278,3.589931222594278,3.589931222594278,3.589931222594278,3.589931222594278,3.589931222594278,3.589931222594278,3.589931222594278,3.589931222594278,3.589931222594278,3.589931222594278,3.589931222594278,3.589931222594278,3.589931222594278,3.589931222594278,3.589931222594278,3.589931222594278,3.589931222594278,3.589931222594278,3.589931222594278,3.589931222594278,3.589931222594278,3.589931222594278,3.589931222594278,3.589931222594278,3.589931222594278,3.589931222594278,3.589931222594278,3.589931222594278,3.589931222594278,3.589931222594278,3.589931222594278,3.589931222594278,3.589931222594278,3.589931222594278,3.589931222594278,3.589931222594278,3.589931222594278,3.589931222594278,3.589931222594278,3.589931222594278,3.589931222594278,3.589931222594278,3.589931222594278,3.589931222594278,3.589931222594278,3.589931222594278,3.589931222594278,3.589931222594278,3.589931222594278,3.589931222594278,3.589931222594278,3.589931222594278,3.589931222594278,3.589931222594278,3.589931222594278,3.589931222594278,3.589931222594278,3.589931222594278,3.589931222594278,3.589931222594278,3.589931222594278,3.589931222594278,3.589931222594278,3.589931222594278,3.589931222594278,3.589931222594278,3.589931222594278,3.589931222594278,3.589931222594278,3.589931222594278,3.589931222594278,3.589931222594278,3.589931222594278,3.589931222594278,3.589931222594278,3.589931222594278,3.589931222594278,3.589931222594278,3.589931222594278,3.589931222594278,3.589931222594278,3.589931222594278,3.589931222594278,3.589931222594278,3.589931222594278,3.589931222594278,3.589931222594278,3.589931222594278,3.589931222594278,3.589931222594278,3.589931222594278,3.589931222594278,3.589931222594278,3.589931222594278,3.589931222594278,3.589931222594278,3.589931222594278,3.589931222594278,3.589931222594278,3.589931222594278,3.589931222594278,3.589931222594278,3.589931222594278,3.589931222594278,3.589931222594278,3.589931222594278,3.589931222594278,3.589931222594278,3.589931222594278,3.589931222594278,3.589931222594278,3.589931222594278,3.589931222594278,3.589931222594278,3.589931222594278,3.589931222594278,3.589931222594278,3.589931222594278,3.589931222594278,3.589931222594278,3.589931222594278,3.589931222594278,3.589931222594278,3.589931222594278,3.589931222594278,3.589931222594278,3.589931222594278,3.589931222594278,3.589931222594278,3.589931222594278,3.589931222594278,3.589931222594278,3.589931222594278,3.589931222594278,3.589931222594278,3.589931222594278,3.589931222594278,3.589931222594278,3.589931222594278,3.589931222594278,3.589931222594278,3.589931222594278,3.589931222594278,3.589931222594278,3.589931222594278,3.589931222594278,3.589931222594278,3.589931222594278,3.589931222594278,3.589931222594278,3.589931222594278,3.589931222594278,3.589931222594278,3.589931222594278,3.589931222594278,3.5894965598659283,3.5894965598659283,3.5894965598659283,3.5894965598659283,3.5894965598659283,3.489820563247658,3.0737597781138914,3.0737597781138914,3.0737597781138914,3.0737597781138914,3.0737597781138914,3.0737597781138914,3.0737597781138914,3.0737597781138914,3.0737597781138914,3.0737597781138914,3.0737597781138914,3.0737597781138914,3.0737597781138914,3.0737597781138914,3.0737597781138914,3.0737597781138914,3.0737597781138914,3.0737597781138914,3.0737597781138914,3.0737597781138914,3.0737597781138914,3.0737597781138914,3.0737597781138914,3.0737597781138914,3.0737597781138914,3.0737597781138914,3.0737597781138914,3.0737597781138914,3.0737597781138914,3.0737597781138914,3.0737597781138914,3.0737597781138914,3.0737597781138914,3.0737597781138914,3.0737597781138914,3.0737597781138914,3.0737597781138914,3.0737597781138914,3.0737597781138914,3.0737597781138914,3.0737597781138914,3.0737597781138914,3.0737597781138914,3.0737597781138914,3.0737597781138914,3.0737597781138914,3.0737597781138914,3.0737597781138914,3.0737597781138914,3.0737597781138914,3.0737597781138914,3.0737597781138914,3.0737597781138914,3.0737597781138914,3.0737597781138914,3.0737597781138914,3.0737597781138914,3.0737597781138914,3.0737597781138914,3.0737597781138914,3.0737597781138914,3.0737597781138914,3.0737597781138914,3.0737597781138914,3.0737597781138914,3.0737597781138914,3.0737597781138914,3.0737597781138914,3.0737597781138914,3.0737597781138914,3.0737597781138914,3.0737597781138914,3.0737597781138914,3.0737597781138914,3.0737597781138914,3.0737597781138914,3.0737597781138914,3.0737597781138914,3.0737597781138914,3.0737597781138914,3.0737597781138914,3.0737597781138914,3.0737597781138914,3.0737597781138914,3.0737597781138914,3.0737597781138914,3.0737597781138914,3.0737597781138914,3.0737597781138914,3.0737597781138914,3.0737597781138914,3.0737597781138914,3.0737597781138914,3.0737597781138914,3.0737597781138914,3.0737597781138914,3.0737597781138914,3.0737597781138914,3.0737597781138914,3.0737597781138914,3.0737597781138914,3.0737597781138914,3.0737597781138914,3.0737597781138914,3.0737597781138914,3.0737597781138914,3.0737597781138914,3.0737597781138914,3.0737597781138914,3.0737597781138914,3.0737597781138914,3.0737597781138914,3.0737597781138914,3.0737597781138914,3.0737597781138914,3.0737597781138914,3.0737597781138914,3.0737597781138914,3.0737597781138914,3.0737597781138914,3.0737597781138914,3.0737597781138914,3.0737597781138914,3.0737597781138914,3.0737597781138914,3.0737597781138914,3.0737597781138914,3.0737597781138914,3.0737597781138914,3.0737597781138914,3.0737597781138914,3.0737597781138914,3.0737597781138914,3.0737597781138914,3.0737597781138914,3.0737597781138914,3.0737597781138914,3.0737597781138914,3.0737597781138914,3.0737597781138914,3.0737597781138914,3.0737597781138914,3.0737597781138914,3.0737597781138914,3.0737597781138914,3.0737597781138914,3.0737597781138914,3.0737597781138914,3.0737597781138914,3.0737597781138914,3.0737597781138914,3.0737597781138914,3.0737597781138914,3.0737597781138914,3.0737597781138914,3.0737597781138914,3.0737597781138914,3.0737597781138914,3.0737597781138914,3.0737597781138914,3.0737597781138914,3.0737597781138914,3.0737597781138914,3.0737597781138914,3.0737597781138914,3.0737597781138914,3.0737597781138914,3.0737597781138914,3.0737597781138914,3.0737597781138914,3.0737597781138914,3.0737597781138914,3.0737597781138914,3.0737597781138914,3.0737597781138914,3.0737597781138914,3.0737597781138914,3.0737597781138914,3.0737597781138914,3.0737597781138914,3.0737597781138914,3.0737597781138914,3.0737597781138914,3.0737597781138914,3.0737597781138914,3.0737597781138914,3.0737597781138914,3.0737597781138914,3.0737597781138914,3.0737597781138914,3.0737597781138914,3.0737597781138914,3.0737597781138914,3.0737597781138914,3.0737597781138914,3.0737597781138914,3.0737597781138914,3.0737597781138914,3.0737597781138914,3.0737597781138914,3.0737597781138914,3.0737597781138914,3.0737597781138914,3.0737597781138914,3.0737597781138914,3.0737597781138914,3.0737597781138914,3.0737597781138914,3.0737597781138914,3.0737597781138914,3.0737597781138914,3.0737597781138914,3.0737597781138914,3.0737597781138914,3.0737597781138914,3.0737597781138914,3.0737597781138914,3.0737597781138914,3.0737597781138914,3.0737597781138914,3.0737597781138914,3.0737597781138914,3.0737597781138914,3.0737597781138914,3.0737597781138914,3.0737597781138914,3.0737597781138914,3.0737597781138914,3.0737597781138914,3.0737597781138914,3.0737597781138914,3.0737597781138914,3.0737597781138914,3.0737597781138914,3.0737597781138914,3.0737597781138914,3.0737597781138914,3.0737597781138914,3.0737597781138914,3.0737597781138914,3.0737597781138914,3.0737597781138914,3.0737597781138914,3.0737597781138914,3.0737597781138914,3.0737597781138914,3.0737597781138914,3.0737597781138914,3.0737597781138914,3.0737597781138914,3.0737597781138914,3.0737597781138914,3.0737597781138914,3.0737597781138914,3.0737597781138914,3.0737597781138914,3.0737597781138914,3.0737597781138914,3.0737597781138914,3.0737597781138914,3.0737597781138914,3.0737597781138914,3.0737597781138914,3.0737597781138914,3.0737597781138914,3.0737597781138914,3.0737597781138914,3.0737597781138914,3.0737597781138914,3.0737597781138914,3.0737597781138914,3.0737597781138914,3.0737597781138914,3.0737597781138914,3.0737597781138914,3.0737597781138914,3.0737597781138914,3.0737597781138914,3.0737597781138914,3.0737597781138914,3.0737597781138914,3.0737597781138914,3.0737597781138914,3.0737597781138914,3.0737597781138914,3.0737597781138914,3.0737597781138914,3.0737597781138914,3.0737597781138914,3.0737597781138914,3.0737597781138914,3.0737597781138914,3.0737597781138914,3.0737597781138914,3.0737597781138914,3.0737597781138914,3.0737597781138914,3.0737597781138914,3.0737597781138914,3.0737597781138914,3.0737597781138914,3.0737597781138914,3.0737597781138914,3.0737597781138914,3.0737597781138914,3.0737597781138914,3.0737597781138914,3.0737597781138914,3.0737597781138914,3.0737597781138914,3.0737597781138914,3.0737597781138914,3.0737597781138914,3.0737597781138914,3.0737597781138914,3.0737597781138914,3.0737597781138914,3.0737597781138914,3.0737597781138914,3.0737597781138914,3.0737597781138914,2.7517308937113656,2.7517308937113656,2.7517308937113656,2.7517308937113656,2.7517308937113656,2.7517308937113656,2.7517308937113656,2.7517308937113656,2.7517308937113656,2.7517308937113656,2.7517308937113656,2.7517308937113656,2.7517308937113656,2.7517308937113656,2.7517308937113656,2.7517308937113656,2.7517308937113656,2.7517308937113656,2.7517308937113656,2.7517308937113656,2.7517308937113656,2.7517308937113656,2.7517308937113656,2.7517308937113656,2.7517308937113656,2.7517308937113656,2.7517308937113656,2.7517308937113656,2.7517308937113656,2.7517308937113656,2.7517308937113656,2.7517308937113656,2.7517308937113656,2.7517308937113656,2.7517308937113656,2.7517308937113656,2.7517308937113656,2.7517308937113656,2.7517308937113656,2.7517308937113656,2.7517308937113656,2.7517308937113656,2.7517308937113656,2.7517308937113656,2.7517308937113656,2.7517308937113656,2.7517308937113656,2.7517308937113656,2.7517308937113656,2.7517308937113656,2.7517308937113656,2.7517308937113656,2.7517308937113656,2.7517308937113656,2.7517308937113656,2.7517308937113656,2.7517308937113656,2.7517308937113656,2.7517308937113656,2.7517308937113656,2.7517308937113656,2.7517308937113656,2.7517308937113656,2.7517308937113656,2.7517308937113656,2.7517308937113656,2.7517308937113656,2.7517308937113656,2.7517308937113656,2.7517308937113656,2.7517308937113656,2.7517308937113656,2.7517308937113656,2.7517308937113656,2.7517308937113656,2.7517308937113656,2.7517308937113656,2.7517308937113656,2.7517308937113656,2.7517308937113656,2.7517308937113656,2.7517308937113656,2.7517308937113656,2.7517308937113656,2.7517308937113656,2.7517308937113656,2.7517308937113656,2.7517308937113656,2.7517308937113656,2.7517308937113656,2.7517308937113656,2.7517308937113656,2.7517308937113656,2.7517308937113656,2.7517308937113656,2.7517308937113656,2.7517308937113656,2.7517308937113656,2.7517308937113656,2.7517308937113656,2.7517308937113656,2.7517308937113656,2.7517308937113656,2.7517308937113656,2.7517308937113656,2.7517308937113656,2.7517308937113656,2.7517308937113656,2.7517308937113656,2.7517308937113656,2.7517308937113656,2.7517308937113656,2.7517308937113656,2.7517308937113656,2.7517308937113656,2.7517308937113656,2.7517308937113656,2.7517308937113656,2.7517308937113656,2.7517308937113656,2.7517308937113656,2.7517308937113656,2.7517308937113656,2.7517308937113656,2.7517308937113656,2.7517308937113656,2.7517308937113656,2.7517308937113656,2.7517308937113656,2.7517308937113656,2.7517308937113656,2.7517308937113656,2.7517308937113656,2.7517308937113656,2.7517308937113656,2.7517308937113656,2.7517308937113656,2.7517308937113656,2.7517308937113656,2.7517308937113656,2.7517308937113656,2.7517308937113656,2.7517308937113656,2.7517308937113656,2.7517308937113656,2.7517308937113656,2.7517308937113656,2.7517308937113656,2.7517308937113656,2.7517308937113656,2.7517308937113656,2.7517308937113656,2.7517308937113656,2.7517308937113656,2.7517308937113656,2.7517308937113656,2.7517308937113656,2.7517308937113656,2.7517308937113656,2.7517308937113656,2.7517308937113656,2.7517308937113656,2.7517308937113656,2.7517308937113656,2.7517308937113656,2.7517308937113656,2.7517308937113656,2.7517308937113656,2.7517308937113656,2.7517308937113656,2.7517308937113656,2.7517308937113656,2.7517308937113656,2.7517308937113656,2.7517308937113656,2.7517308937113656,2.7517308937113656,2.7517308937113656,2.7517308937113656,2.7517308937113656,2.7517308937113656,2.7517308937113656,2.7517308937113656,2.7517308937113656,2.7517308937113656,2.7517308937113656,2.7517308937113656,2.7517308937113656,2.7517308937113656,2.7517308937113656,2.7517308937113656,2.7517308937113656,2.7517308937113656,2.7517308937113656,2.7517308937113656,2.7517308937113656,2.7517308937113656,2.7517308937113656,2.7517308937113656,2.7517308937113656,2.7517308937113656,2.7517308937113656,2.7517308937113656,2.7517308937113656,2.7517308937113656,2.7517308937113656,2.7517308937113656,2.7517308937113656,2.7517308937113656,2.7517308937113656,2.7517308937113656,2.7517308937113656,2.7517308937113656,2.7517308937113656,2.7517308937113656,2.7517308937113656,2.7517308937113656,2.7517308937113656,2.7517308937113656,2.7517308937113656,2.7517308937113656,2.7517308937113656,2.7517308937113656,2.7517308937113656,2.7517308937113656,2.7517308937113656,2.7517308937113656,2.7517308937113656,2.7517308937113656,2.7517308937113656,2.7517308937113656,2.7517308937113656,2.7517308937113656,2.7517308937113656,2.7517308937113656,2.7517308937113656,2.7517308937113656,2.7517308937113656,2.7517308937113656,2.7517308937113656,2.7517308937113656,2.7517308937113656,2.7517308937113656,2.7517308937113656,2.7517308937113656,2.7517308937113656,2.7517308937113656,2.7517308937113656,2.7517308937113656,2.7517308937113656,2.7517308937113656,2.7517308937113656,2.7517308937113656,2.7517308937113656,2.7517308937113656,2.7517308937113656,2.7517308937113656,2.7517308937113656,2.7517308937113656,2.7517308937113656,2.7517308937113656,2.7517308937113656,2.7517308937113656,2.7517308937113656,2.7517308937113656,2.7517308937113656,2.7517308937113656,2.7517308937113656,2.7517308937113656,2.7517308937113656,2.7517308937113656,2.7517308937113656,2.7517308937113656,2.7517308937113656,2.7517308937113656,2.7517308937113656,2.7517308937113656,2.7517308937113656,2.7517308937113656,2.7517308937113656,2.7517308937113656,2.7517308937113656,2.7517308937113656,2.7517308937113656,2.7517308937113656,2.7517308937113656,2.7517308937113656,2.7517308937113656,2.7517308937113656,2.7517308937113656,2.7517308937113656,2.7517308937113656,2.7517308937113656,2.7517308937113656,2.7517308937113656,2.7517308937113656,2.7517308937113656,2.7517308937113656,2.7517308937113656,2.7517308937113656,2.7517308937113656,2.7517308937113656,2.7517308937113656,2.7517308937113656,2.7517308937113656,2.7517308937113656,2.7517308937113656,2.7517308937113656,2.7517308937113656,2.7517308937113656,2.7517308937113656,2.7517308937113656,2.7517308937113656,2.7517308937113656,2.7517308937113656,2.7517308937113656,2.7517308937113656,2.7517308937113656,2.7517308937113656,2.7517308937113656,2.7517308937113656,2.7517308937113656,2.7517308937113656,2.7517308937113656,2.7517308937113656,2.7517308937113656,2.7517308937113656,2.7517308937113656,2.7517308937113656,2.7517308937113656,2.7517308937113656,2.7517308937113656,2.7517308937113656,2.7517308937113656,2.7517308937113656,2.7517308937113656,2.7517308937113656,2.7517308937113656,2.7517308937113656,2.7517308937113656,2.7517308937113656,2.7517308937113656,2.7517308937113656,2.7517308937113656,2.7517308937113656,2.7517308937113656,2.7517308937113656,2.7517308937113656,2.7517308937113656,2.7517308937113656,2.7517308937113656,2.7517308937113656,2.7517308937113656,2.7517308937113656,2.7517308937113656,2.7517308937113656,2.7517308937113656,2.7517308937113656,2.7517308937113656,2.7517308937113656,2.7517308937113656,2.7517308937113656,2.7517308937113656,2.7517308937113656,2.7517308937113656,2.7517308937113656,2.7517308937113656,2.7517308937113656,2.7517308937113656,2.7517308937113656,2.7517308937113656,2.7517308937113656,2.7517308937113656,2.7517308937113656,2.7517308937113656,2.7517308937113656,2.7517308937113656,2.7517308937113656,2.7517308937113656,2.7517308937113656,2.7517308937113656,2.7517308937113656,2.7517308937113656,2.7517308937113656,2.7517308937113656,2.7517308937113656,2.7517308937113656,2.7517308937113656,2.7517308937113656,2.7517308937113656,2.7517308937113656,5.559744179787223,5.559744179787223,5.559744179787223,5.5064919713526495,5.5064919713526495,5.5064919713526495,5.5064919713526495,5.5064919713526495,5.5064919713526495,5.33711831526858,5.33711831526858,5.33711831526858,5.33711831526858,4.950988733301378,4.950988733301378,4.941651006570362,4.941651006570362,4.941651006570362,4.941651006570362,4.941651006570362,4.941651006570362,4.941651006570362,4.941651006570362,4.941651006570362,4.941651006570362,4.941651006570362,4.941651006570362,4.941651006570362,4.941651006570362,4.941651006570362,4.941651006570362,4.941651006570362,4.941651006570362,4.941651006570362,4.941651006570362,4.941651006570362,4.941651006570362,4.941651006570362,4.941651006570362,4.941651006570362,4.941651006570362,4.941651006570362,4.941651006570362,4.941651006570362,4.585850392393871,4.045871179429108,4.045871179429108,4.045871179429108,3.9855785085288424,3.9855785085288424,3.9855785085288424,3.9855785085288424,3.9855785085288424,3.9855785085288424,3.9855785085288424,3.9855785085288424,3.9855785085288424,3.9855785085288424,3.9855785085288424,3.9855785085288424,3.9855785085288424,3.9855785085288424,3.9855785085288424,3.9855785085288424,3.9855785085288424,3.9855785085288424,3.9855785085288424,3.9855785085288424,3.9855785085288424,3.9855785085288424,3.9855785085288424,3.9855785085288424,3.9855785085288424,3.9855785085288424,3.9855785085288424,3.9855785085288424,3.9855785085288424,3.9855785085288424,3.9855785085288424,3.9855785085288424,3.9855785085288424,3.9855785085288424,3.9855785085288424,3.9855785085288424,3.9855785085288424,3.9855785085288424,3.9855785085288424,3.9855785085288424,3.9855785085288424,3.9855785085288424,3.9855785085288424,3.9855785085288424,3.9855785085288424,3.9855785085288424,3.9855785085288424,3.9855785085288424,3.9855785085288424,3.9855785085288424,3.9855785085288424,3.9855785085288424,3.9855785085288424,3.9855785085288424,3.9855785085288424,3.9855785085288424,3.9855785085288424,3.9855785085288424,3.9855785085288424,3.9855785085288424,3.9855785085288424,3.9855785085288424,3.9855785085288424,3.9855785085288424,3.9855785085288424,3.9855785085288424,3.9855785085288424,3.9855785085288424,3.9855785085288424,3.9855785085288424,3.9855785085288424,3.9855785085288424,3.9855785085288424,3.9855785085288424,3.9855785085288424,3.9855785085288424,3.9855785085288424,3.9855785085288424,3.9855785085288424,3.9855785085288424,3.9855785085288424,3.9855785085288424,3.9855785085288424,3.9855785085288424,3.9855785085288424,3.9855785085288424,3.9855785085288424,3.9855785085288424,3.9855785085288424,3.9855785085288424,3.9855785085288424,3.9855785085288424,3.9855785085288424,3.9855785085288424,3.9855785085288424,3.9855785085288424,3.9855785085288424,3.9855785085288424,3.9855785085288424,3.9855785085288424,3.9855785085288424,3.9855785085288424,3.9855785085288424,3.9855785085288424,3.9855785085288424,3.9855785085288424,3.9855785085288424,3.9855785085288424,3.947498625527619,3.92913029033284,3.92913029033284,3.92913029033284,3.92913029033284,3.853115940213151,3.853115940213151,3.853115940213151,3.853115940213151,3.853115940213151,3.853115940213151,3.853115940213151,3.853115940213151,3.853115940213151,3.853115940213151,3.853115940213151,3.853115940213151,3.853115940213151,3.853115940213151,3.853115940213151,3.853115940213151,3.853115940213151,3.853115940213151,3.853115940213151,3.853115940213151,3.853115940213151,3.853115940213151,3.853115940213151,3.853115940213151,3.853115940213151,3.853115940213151,3.853115940213151,3.853115940213151,3.853115940213151,3.853115940213151,3.853115940213151,3.853115940213151,3.853115940213151,3.853115940213151,3.853115940213151,3.853115940213151,3.853115940213151,3.853115940213151,3.853115940213151,3.853115940213151,3.853115940213151,3.853115940213151,3.853115940213151,3.853115940213151,3.853115940213151,3.853115940213151,3.853115940213151,3.853115940213151,3.853115940213151,3.853115940213151,3.853115940213151,3.853115940213151,3.853115940213151,3.853115940213151,3.853115940213151,3.853115940213151,3.853115940213151,3.853115940213151,3.853115940213151,3.853115940213151,3.853115940213151,3.853115940213151,3.853115940213151,3.853115940213151,3.853115940213151,3.853115940213151,3.853115940213151,3.853115940213151,3.853115940213151,3.853115940213151,3.853115940213151,3.853115940213151,3.853115940213151,3.853115940213151,3.853115940213151,3.853115940213151,3.853115940213151,3.853115940213151,3.853115940213151,3.853115940213151,3.853115940213151,3.853115940213151,3.853115940213151,3.853115940213151,3.853115940213151,3.853115940213151,3.853115940213151,3.853115940213151,3.853115940213151,3.853115940213151,3.853115940213151,3.853115940213151,3.853115940213151,3.853115940213151,3.853115940213151,3.853115940213151,3.853115940213151,3.853115940213151,3.853115940213151,3.853115940213151,3.853115940213151,3.853115940213151,3.853115940213151,3.853115940213151,3.853115940213151,3.853115940213151,3.853115940213151,3.853115940213151,3.853115940213151,3.853115940213151,3.853115940213151,3.853115940213151,3.853115940213151,3.853115940213151,3.853115940213151,3.853115940213151,3.853115940213151,3.853115940213151,3.853115940213151,3.853115940213151,3.853115940213151,3.853115940213151,3.853115940213151,3.853115940213151,3.853115940213151,3.853115940213151,3.853115940213151,3.853115940213151,3.853115940213151,3.853115940213151,3.853115940213151,3.853115940213151,3.853115940213151,3.853115940213151,3.853115940213151,3.853115940213151,3.853115940213151,3.853115940213151,3.853115940213151,3.853115940213151,3.853115940213151,3.853115940213151,3.853115940213151,3.853115940213151,3.853115940213151,3.853115940213151,3.853115940213151,3.853115940213151,3.853115940213151,3.853115940213151,3.853115940213151,3.853115940213151,3.853115940213151,3.853115940213151,3.853115940213151,3.853115940213151,3.853115940213151,3.853115940213151,3.853115940213151,3.853115940213151,3.853115940213151,3.853115940213151,3.853115940213151,3.853115940213151,3.853115940213151,3.853115940213151,3.853115940213151,3.853115940213151,3.853115940213151,3.853115940213151,3.853115940213151,3.853115940213151,3.853115940213151,3.853115940213151,3.853115940213151,3.853115940213151,3.853115940213151,3.853115940213151,3.853115940213151,3.853115940213151,3.853115940213151,3.853115940213151,3.853115940213151,3.853115940213151,3.853115940213151,3.853115940213151,3.853115940213151,3.853115940213151,3.853115940213151,3.853115940213151,3.853115940213151,3.853115940213151,3.853115940213151,3.853115940213151,3.853115940213151,3.853115940213151,3.853115940213151,3.853115940213151,3.853115940213151,3.853115940213151,3.853115940213151,3.853115940213151,3.853115940213151,3.853115940213151,3.853115940213151,3.853115940213151,3.853115940213151,3.853115940213151,3.853115940213151,3.853115940213151,3.853115940213151,3.853115940213151,3.853115940213151,3.853115940213151,3.853115940213151,3.853115940213151,3.853115940213151,3.853115940213151,3.853115940213151,3.853115940213151,3.853115940213151,3.853115940213151,3.853115940213151,3.853115940213151,3.853115940213151,3.853115940213151,3.853115940213151,3.853115940213151,3.853115940213151,3.853115940213151,3.853115940213151,3.853115940213151,3.853115940213151,3.853115940213151,3.853115940213151,3.853115940213151,3.853115940213151,3.853115940213151,3.853115940213151,3.853115940213151,3.853115940213151,3.853115940213151,3.853115940213151,3.853115940213151,3.853115940213151,3.853115940213151,3.853115940213151,3.853115940213151,3.853115940213151,3.853115940213151,3.853115940213151,3.853115940213151,3.853115940213151,3.853115940213151,3.853115940213151,3.853115940213151,3.853115940213151,3.853115940213151,3.853115940213151,3.853115940213151,3.853115940213151,3.853115940213151,3.853115940213151,3.853115940213151,3.853115940213151,3.853115940213151,3.853115940213151,3.853115940213151,3.853115940213151,3.853115940213151,3.853115940213151,3.853115940213151,3.853115940213151,3.853115940213151,3.853115940213151,3.853115940213151,3.853115940213151,3.82587769470561,3.82587769470561,3.82587769470561,3.82587769470561,3.82587769470561,3.82587769470561,3.82587769470561,3.82587769470561,3.82587769470561,3.82587769470561,3.82587769470561,3.82587769470561,3.82587769470561,3.82587769470561,3.82587769470561,3.82587769470561,3.82587769470561,3.82587769470561,3.82587769470561,3.82587769470561,3.82587769470561,3.82587769470561,3.82587769470561,3.82587769470561,3.82587769470561,3.82587769470561,3.82587769470561,3.82587769470561,3.82587769470561,3.82587769470561,3.82587769470561,3.82587769470561,3.82587769470561,3.82587769470561,3.82587769470561,3.82587769470561,3.82587769470561,3.82587769470561,3.82587769470561,3.82587769470561,3.82587769470561,3.82587769470561,3.82587769470561,3.82587769470561,3.82587769470561,3.82587769470561,3.82587769470561,3.82587769470561,3.82587769470561,3.82587769470561,3.82587769470561,3.82587769470561,3.82587769470561,3.82587769470561,3.82587769470561,3.82587769470561,3.82587769470561,3.82587769470561,3.82587769470561,3.82587769470561,3.82587769470561,3.82587769470561,3.82587769470561,3.82587769470561,3.82587769470561,3.82587769470561,3.82587769470561,3.82587769470561,3.82587769470561,3.82587769470561,3.82587769470561,3.82587769470561,3.82587769470561,3.82587769470561,3.82587769470561,3.82587769470561,3.82587769470561,3.82587769470561,3.82587769470561,3.82587769470561,3.82587769470561,3.82587769470561,3.82587769470561,3.82587769470561,3.82587769470561,3.82587769470561,3.82587769470561,3.82587769470561,3.82587769470561,3.82587769470561,3.82587769470561,3.82587769470561,3.82587769470561,3.82587769470561,3.82587769470561,3.82587769470561,3.82587769470561,3.82587769470561,3.82587769470561,3.82587769470561,3.82587769470561,3.82587769470561,3.82587769470561,3.82587769470561,3.82587769470561,3.82587769470561,3.82587769470561,3.82587769470561,3.82587769470561,3.82587769470561,3.82587769470561,3.82587769470561,3.82587769470561,3.82587769470561,3.82587769470561,3.82587769470561,3.82587769470561,3.82587769470561,3.82587769470561,3.82587769470561,3.82587769470561,3.82587769470561,3.82587769470561,3.82587769470561,3.82587769470561,3.82587769470561,3.82587769470561,3.82587769470561,3.82587769470561,3.82587769470561,3.82587769470561,3.82587769470561,3.82587769470561,3.82587769470561,3.82587769470561,3.82587769470561,3.82587769470561,3.82587769470561,3.82587769470561,3.82587769470561,3.82587769470561,3.82587769470561,3.82587769470561,3.82587769470561,3.82587769470561,3.82587769470561,3.82587769470561,3.82587769470561,3.82587769470561,3.82587769470561,3.82587769470561,3.82587769470561,3.82587769470561,3.82587769470561,3.82587769470561,3.82587769470561,3.82587769470561,3.82587769470561,3.82587769470561,3.82587769470561,3.82587769470561,3.82587769470561,3.82587769470561,3.82587769470561,3.82587769470561,3.82587769470561,3.82587769470561,3.82587769470561,3.82587769470561,3.82587769470561,3.82587769470561,3.82587769470561,3.82587769470561,3.82587769470561,3.82587769470561,3.82587769470561,3.82587769470561,3.82587769470561,3.82587769470561,3.82587769470561,3.82587769470561,3.82587769470561,3.82587769470561,3.82587769470561,3.82587769470561,3.82587769470561,3.82587769470561,3.82587769470561,3.82587769470561,3.82587769470561,3.82587769470561,3.82587769470561,3.82587769470561,3.82587769470561,3.82587769470561,3.82587769470561,3.82587769470561,3.82587769470561,3.82587769470561,3.82587769470561,3.82587769470561,3.82587769470561,3.82587769470561,3.82587769470561,3.82587769470561,3.82587769470561,3.82587769470561,3.82587769470561,3.82587769470561,3.82587769470561,3.82587769470561,3.82587769470561,3.82587769470561,3.82587769470561,3.82587769470561,3.82587769470561,3.82587769470561,3.82587769470561,3.82587769470561,3.82587769470561,3.82587769470561,3.82587769470561,3.82587769470561,3.82587769470561,3.82587769470561,3.82587769470561,3.82587769470561,3.82587769470561,3.82587769470561,3.82587769470561,3.82587769470561,3.82587769470561,3.82587769470561,3.82587769470561,3.82587769470561,3.82587769470561,3.82587769470561,3.82587769470561,3.82587769470561,3.82587769470561,3.82587769470561,3.82587769470561,3.82587769470561,3.82587769470561,3.82587769470561,3.82587769470561,3.82587769470561,3.82587769470561,3.82587769470561,3.82587769470561,3.82587769470561,3.82587769470561,3.82587769470561,3.82587769470561,3.82587769470561,3.82587769470561,3.82587769470561,3.82587769470561,3.82587769470561,3.82587769470561,3.82587769470561,3.82587769470561,3.82587769470561,3.82587769470561,3.82587769470561,3.82587769470561,3.82587769470561,3.82587769470561,3.82587769470561,3.82587769470561,3.82587769470561,3.82587769470561,3.82587769470561,3.82587769470561,3.82587769470561,3.82587769470561,3.82587769470561,3.82587769470561,3.82587769470561,3.82587769470561,3.82587769470561,3.82587769470561,3.82587769470561,3.82587769470561,3.82587769470561,3.82587769470561,3.82587769470561,3.82587769470561,3.82587769470561,3.82587769470561,3.82587769470561,3.82587769470561,3.82587769470561,3.82587769470561,3.82587769470561,3.82587769470561,3.82587769470561,3.82587769470561,3.82587769470561,3.82587769470561,3.82587769470561,3.82587769470561,3.82587769470561,3.82587769470561,3.82587769470561,3.82587769470561,3.82587769470561,3.82587769470561,3.82587769470561,3.82587769470561,3.82587769470561,3.82587769470561,3.82587769470561,3.82587769470561,3.82587769470561,3.82587769470561,3.82587769470561,3.82587769470561,3.82587769470561,3.82587769470561,3.82587769470561,3.82587769470561,3.82587769470561,3.82587769470561,3.82587769470561,3.82587769470561,3.82587769470561,3.82587769470561,3.82587769470561,3.82587769470561,3.82587769470561,3.82587769470561,3.82587769470561,3.82587769470561,3.82587769470561,3.82587769470561,3.82587769470561,3.82587769470561,3.82587769470561,3.82587769470561,3.82587769470561,3.82587769470561,3.82587769470561,3.82587769470561,3.82587769470561,3.82587769470561,3.82587769470561,3.82587769470561,3.82587769470561,3.82587769470561,3.82587769470561,3.82587769470561,3.82587769470561,3.82587769470561,3.82587769470561,3.82587769470561,3.82587769470561,3.82587769470561,3.82587769470561,3.82587769470561,3.82587769470561,3.82587769470561,3.82587769470561,3.82587769470561,3.82587769470561,3.82587769470561,3.82587769470561,3.82587769470561,3.82587769470561,3.82587769470561,3.82587769470561,3.82587769470561,3.82587769470561,3.82587769470561,3.82587769470561,3.82587769470561,3.82587769470561,3.82587769470561,3.82587769470561,3.82587769470561,3.82587769470561,3.82587769470561,3.82587769470561,3.82587769470561,3.82587769470561,3.82587769470561,3.82587769470561,3.82587769470561,3.82587769470561,3.82587769470561,3.82587769470561,3.82587769470561,3.82587769470561,3.82587769470561,3.82587769470561,3.82587769470561,3.82587769470561,3.82587769470561,3.82587769470561,3.82587769470561,3.82587769470561,3.82587769470561,3.82587769470561,3.82587769470561,3.82587769470561,3.82587769470561,3.82587769470561,3.82587769470561,3.82587769470561,3.82587769470561,3.82587769470561,3.82587769470561,3.82587769470561,3.82587769470561,3.82587769470561,3.82587769470561,3.82587769470561,3.82587769470561,3.82587769470561,3.82587769470561,3.82587769470561,3.82587769470561,3.82587769470561,3.82587769470561,3.82587769470561,3.82587769470561,3.82587769470561,3.82587769470561,3.82587769470561,3.82587769470561,3.82587769470561,3.82587769470561,3.82587769470561,3.82587769470561,3.82587769470561,3.82587769470561,3.82587769470561,3.82587769470561,3.82587769470561,3.82587769470561,3.82587769470561,3.82587769470561,3.82587769470561,3.82587769470561,3.82587769470561,3.82587769470561,3.82587769470561,3.82587769470561,3.82587769470561,3.82587769470561,3.82587769470561,3.82587769470561,3.82587769470561,3.82587769470561,3.82587769470561,3.82587769470561,3.82587769470561,3.82587769470561,3.82587769470561,3.82587769470561,3.82587769470561,3.82587769470561,3.82587769470561,3.82587769470561,3.82587769470561,3.82587769470561,3.82587769470561,3.82587769470561,3.82587769470561,3.82587769470561,3.82587769470561,3.82587769470561,3.82587769470561,3.82587769470561,3.82587769470561,3.82587769470561,3.82587769470561,3.82587769470561,3.82587769470561,3.82587769470561,3.82587769470561,3.82587769470561,3.82587769470561,3.82587769470561,3.82587769470561,3.82587769470561,3.82587769470561,3.82587769470561,3.82587769470561,3.82587769470561,3.82587769470561,3.82587769470561,3.82587769470561,3.82587769470561,3.82587769470561,3.82587769470561,3.82587769470561,3.82587769470561,3.82587769470561,3.82587769470561,3.502020075621479,3.502020075621479,3.502020075621479,3.502020075621479,3.2637987957615886,3.2637987957615886,3.2637987957615886,3.2637987957615886,3.2637987957615886,3.2637987957615886,3.2637987957615886,3.2637987957615886,3.2637987957615886,3.2637987957615886,3.2637987957615886,3.2637987957615886,3.2637987957615886,3.2637987957615886,3.2637987957615886,3.2637987957615886,3.2637987957615886,3.2637987957615886,3.2637987957615886,3.2637987957615886,3.2637987957615886,3.2637987957615886,3.2637987957615886,3.2637987957615886,3.2637987957615886,3.2637987957615886,3.2637987957615886,3.2637987957615886,3.2637987957615886,3.2637987957615886,3.2637987957615886,3.2637987957615886,3.2637987957615886,3.2637987957615886,3.2637987957615886,3.2637987957615886,3.2637987957615886,3.2637987957615886,3.2637987957615886,3.2637987957615886,3.2637987957615886,3.2637987957615886,3.2637987957615886,3.2637987957615886,3.2637987957615886,3.2637987957615886,3.2637987957615886,3.2637987957615886,3.2637987957615886,3.2637987957615886,3.2637987957615886,3.2637987957615886,3.2637987957615886,3.2637987957615886,3.2637987957615886,3.2637987957615886,3.2637987957615886,3.2637987957615886,8.440031651942473,8.40119008201192,8.233622727419903,8.233622727419903,8.221883572878351,8.221883572878351,8.221883572878351,8.221883572878351,8.221883572878351,8.221883572878351,8.221883572878351,8.221883572878351,8.221883572878351,8.221883572878351,8.221883572878351,8.221883572878351,8.221883572878351,8.221883572878351,8.221883572878351,8.221883572878351,8.221883572878351,8.221883572878351,8.221883572878351,8.221883572878351,8.221883572878351,8.221883572878351,8.221883572878351,8.221883572878351,8.221883572878351,8.221883572878351,8.221883572878351,8.221883572878351,8.221883572878351,8.221883572878351,8.221883572878351,8.221883572878351,8.221883572878351,8.221883572878351,8.221883572878351,8.221883572878351,8.221883572878351,8.221883572878351,8.221883572878351,8.221883572878351,8.221883572878351,8.221883572878351,8.221883572878351,8.221883572878351,8.221883572878351,8.221883572878351,8.221883572878351,8.221883572878351,8.221883572878351,8.221883572878351,8.221883572878351,8.221883572878351,8.221883572878351,8.221883572878351,8.221883572878351,8.221883572878351,8.221883572878351,8.221883572878351,8.221883572878351,8.221883572878351,8.221883572878351,8.221883572878351,8.221883572878351,8.221883572878351,8.221883572878351,8.221883572878351,8.221883572878351,8.221883572878351,8.221883572878351,8.221883572878351,8.221883572878351,8.221883572878351,8.221883572878351,8.221883572878351,8.221883572878351,8.221883572878351,8.221883572878351,8.221883572878351,8.221883572878351,8.221883572878351,8.221883572878351,8.221883572878351,8.221883572878351,8.182234635646536,8.182234635646536,8.182234635646536,8.182234635646536,8.182234635646536,8.182234635646536,8.182234635646536,8.182234635646536,8.182234635646536,8.182234635646536,8.182234635646536,8.182234635646536,8.182234635646536,8.182234635646536,8.182234635646536,8.182234635646536,8.182234635646536,8.182234635646536,8.182234635646536,8.182234635646536,8.182234635646536,8.182234635646536,8.182234635646536,8.182234635646536,8.182234635646536,8.182234635646536,8.182234635646536,8.182234635646536,8.182234635646536,8.182234635646536,8.182234635646536,8.182234635646536,8.182234635646536,8.182234635646536,8.182234635646536,8.182234635646536,8.182234635646536,8.182234635646536,8.182234635646536,8.182234635646536,8.182234635646536,8.182234635646536,8.182234635646536,8.182234635646536,8.182234635646536,8.182234635646536,8.182234635646536,8.182234635646536,6.312732500033771,6.312732500033771,6.312732500033771,6.312732500033771,6.312732500033771,6.312732500033771,6.312732500033771,6.312732500033771,6.312732500033771,6.312732500033771,6.312732500033771,6.312732500033771,6.312732500033771,5.873391069251757,5.394114829086019,5.308048260441886,5.221041995439857,5.221041995439857,5.221041995439857,5.221041995439857,5.221041995439857,5.221041995439857,5.221041995439857,5.221041995439857,5.221041995439857,5.221041995439857,5.221041995439857,5.221041995439857,5.221041995439857,5.221041995439857,5.221041995439857,5.221041995439857,5.221041995439857,5.221041995439857,5.221041995439857,5.221041995439857,5.221041995439857,5.221041995439857,5.221041995439857,5.221041995439857,5.221041995439857,5.221041995439857,5.221041995439857,5.221041995439857,5.221041995439857,5.221041995439857,5.221041995439857,5.221041995439857,5.221041995439857,5.221041995439857,5.221041995439857,5.221041995439857,5.221041995439857,5.221041995439857,5.221041995439857,5.221041995439857,5.221041995439857,5.221041995439857,5.221041995439857,5.221041995439857,5.221041995439857,5.221041995439857,5.221041995439857,5.221041995439857,5.221041995439857,5.221041995439857,5.221041995439857,5.221041995439857,5.221041995439857,5.221041995439857,5.221041995439857,5.221041995439857,5.221041995439857,5.221041995439857,5.221041995439857,5.221041995439857,5.221041995439857,5.221041995439857,5.221041995439857,5.221041995439857,5.221041995439857,5.221041995439857,5.221041995439857,5.221041995439857,5.221041995439857,5.221041995439857,5.221041995439857,5.221041995439857,5.221041995439857,5.221041995439857,5.221041995439857,5.221041995439857,5.221041995439857,5.221041995439857,5.221041995439857,5.221041995439857,5.221041995439857,5.221041995439857,5.221041995439857,5.221041995439857,5.221041995439857,5.221041995439857,5.221041995439857,5.221041995439857,5.221041995439857,5.221041995439857,5.221041995439857,5.221041995439857,5.221041995439857,5.221041995439857,5.221041995439857,5.221041995439857,5.221041995439857,5.221041995439857,5.221041995439857,5.221041995439857,5.221041995439857,5.221041995439857,5.221041995439857,5.221041995439857,5.221041995439857,5.221041995439857,5.221041995439857,5.221041995439857,5.221041995439857,5.221041995439857,5.221041995439857,5.221041995439857,5.221041995439857,5.221041995439857,5.221041995439857,5.221041995439857,5.221041995439857,5.221041995439857,5.221041995439857,5.221041995439857,5.221041995439857,5.221041995439857,5.221041995439857,5.221041995439857,5.221041995439857,5.221041995439857,5.221041995439857,5.221041995439857,5.221041995439857,5.221041995439857,5.221041995439857,5.221041995439857,5.221041995439857,5.221041995439857,5.221041995439857,5.221041995439857,5.221041995439857,5.221041995439857,5.221041995439857,5.221041995439857,5.221041995439857,5.221041995439857,5.221041995439857,5.221041995439857,5.221041995439857,5.221041995439857,5.221041995439857,5.221041995439857,5.221041995439857,4.640007258094103,4.640007258094103,4.640007258094103,4.640007258094103,4.640007258094103,4.640007258094103,4.640007258094103,4.640007258094103,4.640007258094103,4.640007258094103,4.640007258094103,4.640007258094103,4.640007258094103,4.640007258094103,4.640007258094103,4.640007258094103,4.562174206074349,4.562174206074349,4.562174206074349,4.562174206074349,4.562174206074349,4.562174206074349,4.562174206074349,4.562174206074349,4.562174206074349,4.562174206074349,4.562174206074349,4.562174206074349,4.562174206074349,4.562174206074349,4.562174206074349,4.562174206074349,4.562174206074349,4.562174206074349,4.562174206074349,4.562174206074349,4.562174206074349,4.562174206074349,4.562174206074349,4.562174206074349,4.562174206074349,4.562174206074349,4.562174206074349,4.562174206074349,4.562174206074349,4.562174206074349,4.562174206074349,4.562174206074349,4.562174206074349,4.562174206074349,4.518901619896683,4.518901619896683,4.518901619896683,4.518901619896683,4.518901619896683,4.518901619896683,4.518901619896683,4.518901619896683,4.518901619896683,4.518901619896683,4.518901619896683,4.518901619896683,4.518901619896683,4.518901619896683,4.518901619896683,4.518901619896683,4.518901619896683,4.518901619896683,4.518901619896683,4.518901619896683,4.518901619896683,4.518901619896683,4.518901619896683,4.518901619896683,4.518901619896683,4.518901619896683,4.518901619896683,4.518901619896683,4.518901619896683,4.518901619896683,4.518901619896683,4.518901619896683,4.518901619896683,4.518901619896683,4.518901619896683,4.518901619896683,4.518901619896683,4.518901619896683,4.518901619896683,4.518901619896683,4.518901619896683,4.518901619896683,4.518901619896683,4.518901619896683,4.518901619896683,4.518901619896683,4.518901619896683,4.518901619896683,4.518901619896683,4.518901619896683,4.518901619896683,4.518901619896683,4.518901619896683,4.518901619896683,4.518901619896683,4.518901619896683,4.518901619896683,4.518901619896683,4.518901619896683,4.518901619896683,4.518901619896683,4.518901619896683,4.518901619896683,4.518901619896683,4.518901619896683,4.518901619896683,4.518901619896683,4.518901619896683,4.518901619896683,4.518901619896683,4.518901619896683,4.518901619896683,4.518901619896683,4.518901619896683,4.518901619896683,4.518901619896683,4.518901619896683,4.518901619896683,4.518901619896683,4.518901619896683,4.518901619896683,4.518901619896683,4.518901619896683,4.518901619896683,4.518901619896683,4.518901619896683,4.518901619896683,4.518901619896683,4.518901619896683,4.518901619896683,4.518901619896683,4.518901619896683,4.518901619896683,4.518901619896683,4.518901619896683,4.518901619896683,4.518901619896683,4.518901619896683,4.518901619896683,4.518901619896683,4.518901619896683,4.518901619896683,4.518901619896683,4.518901619896683,4.518901619896683,4.518901619896683,4.518901619896683,4.518901619896683,4.518901619896683,4.518901619896683,4.518901619896683,4.518901619896683,4.518901619896683,4.518901619896683,4.518901619896683,4.518901619896683,4.518901619896683,4.518901619896683,4.518901619896683,4.518901619896683,4.518901619896683,4.518901619896683,4.518901619896683,4.518901619896683,4.518901619896683,4.518901619896683,4.518901619896683,4.518901619896683,4.518901619896683,4.518901619896683,4.518901619896683,4.518901619896683,4.518901619896683,4.518901619896683,4.518901619896683,4.518901619896683,4.518901619896683,4.518901619896683,4.518901619896683,4.518901619896683,4.518901619896683,4.518901619896683,4.518901619896683,4.518901619896683,4.518901619896683,4.518901619896683,4.518901619896683,4.518901619896683,4.518901619896683,4.518901619896683,4.518901619896683,4.518901619896683,4.518901619896683,4.518901619896683,4.518901619896683,4.518901619896683,4.518901619896683,4.518901619896683,4.518901619896683,4.518901619896683,4.518901619896683,4.518901619896683,4.518901619896683,4.518901619896683,4.518901619896683,4.518901619896683,4.518901619896683,4.518901619896683,4.518901619896683,4.518901619896683,4.518901619896683,4.518901619896683,4.518901619896683,4.518901619896683,4.518901619896683,4.518901619896683,4.518901619896683,4.518901619896683,4.518901619896683,4.518901619896683,4.518901619896683,4.518901619896683,4.518901619896683,4.518901619896683,4.518901619896683,4.518901619896683,4.518901619896683,4.518901619896683,4.518901619896683,4.518901619896683,4.518901619896683,4.518901619896683,4.518901619896683,4.518901619896683,4.518901619896683,4.518901619896683,4.518901619896683,4.518901619896683,4.518901619896683,4.518901619896683,4.518901619896683,4.518901619896683,4.518901619896683,4.518901619896683,4.518901619896683,4.518901619896683,4.518901619896683,4.518901619896683,4.518901619896683,4.518901619896683,4.518901619896683,4.518901619896683,4.518901619896683,4.518901619896683,4.518901619896683,4.518901619896683,4.518901619896683,4.518901619896683,4.518901619896683,4.518901619896683,4.518901619896683,4.518901619896683,4.518901619896683,4.518901619896683,4.518901619896683,4.518901619896683,4.518901619896683,4.518901619896683,4.518901619896683,4.518901619896683,4.518901619896683,4.518901619896683,4.518901619896683,4.518901619896683,4.518901619896683,4.518901619896683,4.518901619896683,4.518901619896683,4.518901619896683,4.518901619896683,4.518901619896683,4.518901619896683,4.518901619896683,4.518901619896683,4.518901619896683,4.518901619896683,4.518901619896683,4.518901619896683,4.518901619896683,4.518901619896683,4.518901619896683,4.518901619896683,4.518901619896683,4.518901619896683,4.518901619896683,4.518901619896683,4.518901619896683,4.518901619896683,4.518901619896683,4.518901619896683,4.518901619896683,4.518901619896683,4.518901619896683,4.518901619896683,4.518901619896683,4.518901619896683,4.518901619896683,4.518901619896683,4.518901619896683,4.518901619896683,4.518901619896683,4.518901619896683,4.518901619896683,4.518901619896683,4.518901619896683,4.518901619896683,4.518901619896683,4.518901619896683,4.518901619896683,4.518901619896683,4.518901619896683,4.518901619896683,4.518901619896683,4.518901619896683,4.518901619896683,4.518901619896683,4.518901619896683,4.518901619896683,4.518901619896683,4.518901619896683,4.518901619896683,4.518901619896683,4.518901619896683,4.518901619896683,4.518901619896683,4.518901619896683,4.518901619896683,4.518901619896683,4.518901619896683,4.518901619896683,4.518901619896683,4.518901619896683,4.518901619896683,4.518901619896683,4.518901619896683,4.518901619896683,4.518901619896683,4.518901619896683,4.518901619896683,4.518901619896683,4.518901619896683,4.518901619896683,4.518901619896683,4.518901619896683,4.518901619896683,4.518901619896683,4.518901619896683,4.518901619896683,4.518901619896683,4.518901619896683,4.518901619896683,4.518901619896683,4.518901619896683,4.518901619896683,4.518901619896683,4.518901619896683,4.518901619896683,4.518901619896683,4.518901619896683,4.518901619896683,4.518901619896683,4.518901619896683,4.518901619896683,4.518901619896683,4.518901619896683,4.518901619896683,4.518901619896683,4.518901619896683,4.518901619896683,4.518901619896683,4.518901619896683,4.518901619896683,4.518901619896683,4.518901619896683,4.518901619896683,4.518901619896683,4.518901619896683,4.518901619896683,4.518901619896683,4.518901619896683,4.518901619896683,4.518901619896683,4.518901619896683,4.518901619896683,4.518901619896683,4.518901619896683,4.518901619896683,4.518901619896683,4.518901619896683,4.518901619896683,4.518901619896683,4.518901619896683,4.518901619896683,4.518901619896683,4.518901619896683,4.518901619896683,4.518901619896683,4.518901619896683,4.518901619896683,4.518901619896683,4.518901619896683,4.518901619896683,4.518901619896683,4.518901619896683,4.518901619896683,4.518901619896683,4.518901619896683,4.518901619896683,4.518901619896683,4.518901619896683,4.518901619896683,4.518901619896683,4.518901619896683,4.518901619896683,4.518901619896683,4.518901619896683,4.518901619896683,4.518901619896683,4.518901619896683,4.518901619896683,4.518901619896683,4.518901619896683,4.518901619896683,4.518901619896683,4.518901619896683,4.518901619896683,4.518901619896683,4.518901619896683,4.518901619896683,4.518901619896683,4.518901619896683,4.518901619896683,4.518901619896683,4.518901619896683,4.518901619896683,4.518901619896683,4.518901619896683,4.518901619896683,4.518901619896683,4.518901619896683,4.518901619896683,4.518901619896683,4.518901619896683,4.518901619896683,4.518901619896683,4.518901619896683,4.518901619896683,4.518901619896683,4.518901619896683,4.518901619896683,4.518901619896683,4.518901619896683,4.518901619896683,4.518901619896683,4.518901619896683,4.518901619896683,4.518901619896683,4.518901619896683,4.518901619896683,4.518901619896683,4.518901619896683,4.518901619896683,4.518901619896683,4.518901619896683,4.518901619896683,4.518901619896683,4.518901619896683,4.518901619896683,4.518901619896683,4.518901619896683,4.518901619896683,4.518901619896683,4.518901619896683,4.518901619896683,4.518901619896683,4.518901619896683,4.518901619896683,4.518901619896683,4.518901619896683,4.518901619896683,4.518901619896683,4.518901619896683,4.518901619896683,4.518901619896683,4.518901619896683,4.518901619896683,4.518901619896683,4.518901619896683,4.518901619896683,4.518901619896683,4.518901619896683,4.518901619896683,4.518901619896683,4.518901619896683,4.518901619896683,4.518901619896683,4.518901619896683,4.518901619896683,4.518901619896683,4.518901619896683,4.518901619896683,4.518901619896683,4.518901619896683,4.518901619896683,4.518901619896683,4.518901619896683,4.518901619896683,4.518901619896683,4.518901619896683,4.518901619896683,4.518901619896683,4.518901619896683,4.518901619896683,4.518901619896683,4.518901619896683,4.518901619896683,4.518901619896683,4.518901619896683,4.518901619896683,4.518901619896683,4.518901619896683,4.518901619896683,4.518901619896683,4.518901619896683,4.518901619896683,4.518901619896683,4.518901619896683,4.518901619896683,4.518901619896683,4.518901619896683,4.518901619896683,4.518901619896683,4.518901619896683,4.518901619896683,4.518901619896683,4.518901619896683,4.518901619896683,4.518901619896683,4.518901619896683,4.518901619896683,4.518901619896683,4.518901619896683,4.518901619896683,4.518901619896683,4.518901619896683,4.518901619896683,4.518901619896683,4.518901619896683,4.518901619896683,4.518901619896683,4.518901619896683,4.518901619896683,4.518901619896683,4.518901619896683,4.518901619896683,4.518901619896683,4.518901619896683,4.518901619896683,4.518901619896683,4.518901619896683,4.518901619896683,4.518901619896683,4.518901619896683,4.518901619896683,4.518901619896683,4.518901619896683,4.518901619896683,4.518901619896683,4.518901619896683,4.518901619896683,4.518901619896683,4.518901619896683,4.518901619896683,4.518901619896683,4.518901619896683,4.518901619896683,4.518901619896683,4.518901619896683,4.518901619896683,4.518901619896683,4.518901619896683,4.518901619896683,4.518901619896683,4.518901619896683,4.518901619896683,4.518901619896683,4.518901619896683,4.518901619896683,4.518901619896683,4.518901619896683,4.518901619896683,4.518901619896683,4.518901619896683,4.518901619896683,4.518901619896683,4.518901619896683,4.518901619896683,4.518901619896683,4.518901619896683,4.518901619896683,4.518901619896683,4.518901619896683,4.518901619896683,4.518901619896683,4.518901619896683,4.518901619896683,4.518901619896683,4.518901619896683,4.518901619896683,4.518901619896683,4.518901619896683,4.518901619896683,4.518901619896683,4.518901619896683,4.518901619896683,4.518901619896683,4.518901619896683,4.518901619896683,4.518901619896683,4.518901619896683,4.518901619896683,4.518901619896683,4.518901619896683,4.518901619896683,4.518901619896683,4.518901619896683,4.518901619896683,4.518901619896683,4.518901619896683,4.518901619896683,4.518901619896683,4.518901619896683,4.518901619896683,4.518901619896683,4.518901619896683,4.518901619896683,4.518901619896683,4.518901619896683,4.518901619896683,4.518901619896683,4.518901619896683,4.518901619896683,4.518901619896683,4.518901619896683,4.518901619896683,4.518901619896683,4.518901619896683,4.518901619896683,4.518901619896683,4.518901619896683,4.518901619896683,4.518901619896683,4.518901619896683,4.518901619896683,4.518901619896683,4.518901619896683,4.518901619896683,4.518901619896683,4.518901619896683,4.518901619896683,4.518901619896683,4.518901619896683,4.518901619896683,4.518901619896683,4.518901619896683,4.518901619896683,4.518901619896683,4.518901619896683,4.518901619896683,4.518901619896683,4.518901619896683,4.518901619896683,4.518901619896683,4.518901619896683,4.518901619896683,4.518901619896683,4.518901619896683,4.518901619896683,4.518901619896683,4.518901619896683,8.452965459123932,8.243227770235038,8.020080849303493,8.020080849303493,8.020080849303493,8.020080849303493,8.020080849303493,7.82731019996176,7.82731019996176,7.82731019996176,7.82731019996176,7.82731019996176,7.82731019996176,7.82731019996176,7.82731019996176,7.82731019996176,7.82731019996176,7.82731019996176,7.82731019996176,7.82731019996176,7.82731019996176,7.82731019996176,7.82731019996176,7.82731019996176,7.82731019996176,7.82731019996176,7.82731019996176,7.82731019996176,7.82731019996176,7.82731019996176,7.539524109823615,7.539524109823615,7.539524109823615,7.539524109823615,7.539524109823615,7.539524109823615,7.539524109823615,7.539524109823615,7.539524109823615,7.539524109823615,7.539524109823615,7.539524109823615,7.539524109823615,7.539524109823615,7.539524109823615,7.539524109823615,7.539524109823615,7.539524109823615,7.539524109823615,7.539524109823615,7.539524109823615,7.539524109823615,7.539524109823615,7.539524109823615,7.539524109823615,7.539524109823615,7.539524109823615,7.539524109823615,7.539524109823615,7.539524109823615,7.539524109823615,7.539524109823615,7.539524109823615,7.539524109823615,7.539524109823615,7.539524109823615,7.539524109823615,7.539524109823615,7.539524109823615,7.539524109823615,7.539524109823615,7.539524109823615,7.539524109823615,7.539524109823615,7.539524109823615,7.539524109823615,7.539524109823615,7.539524109823615,7.539524109823615,7.539524109823615,7.539524109823615,7.539524109823615,7.539524109823615,7.539524109823615,7.539524109823615,7.539524109823615,7.539524109823615,7.539524109823615,7.539524109823615,7.539524109823615,7.539524109823615,7.539524109823615,6.256689145766355,6.256689145766355,5.53671882798968,5.53671882798968,5.53671882798968,5.53671882798968,5.53671882798968,5.53671882798968,5.53671882798968,5.53671882798968,5.53671882798968,5.53671882798968,5.53671882798968,5.53671882798968,5.53671882798968,5.53671882798968,5.53671882798968,5.53671882798968,5.53671882798968,5.53671882798968,5.53671882798968,5.53671882798968,5.447958138117848,5.447958138117848,5.447958138117848,5.368854582091479,5.368854582091479,5.368854582091479,5.368854582091479,5.368854582091479,5.368854582091479,5.368854582091479,5.368854582091479,5.368854582091479,5.368854582091479,5.368854582091479,5.368854582091479,5.368854582091479,5.368854582091479,5.368854582091479,5.368854582091479,5.368854582091479,5.368854582091479,5.368854582091479,5.368854582091479,5.368854582091479,5.368854582091479,5.368854582091479,5.368854582091479,5.368854582091479,5.368854582091479,5.368854582091479,5.368854582091479,5.368854582091479,5.368854582091479,5.368854582091479,5.368854582091479,5.368854582091479,5.368854582091479,5.368854582091479,5.368854582091479,5.368854582091479,5.368854582091479,5.368854582091479,5.368854582091479,5.368854582091479,5.368854582091479,5.368854582091479,5.368854582091479,5.368854582091479,5.368854582091479,5.368854582091479,5.368854582091479,5.368854582091479,5.368854582091479,5.368854582091479,5.368854582091479,5.368854582091479,5.368854582091479,5.368854582091479,5.368854582091479,5.368854582091479,5.368854582091479,5.368854582091479,5.368854582091479,5.368854582091479,5.368854582091479,5.368854582091479,5.368854582091479,5.368854582091479,5.368854582091479,5.368854582091479,5.368854582091479,5.368854582091479,5.368854582091479,5.368854582091479,5.368854582091479,5.368854582091479,5.368854582091479,5.368854582091479,5.368854582091479,5.320282734223315,5.320282734223315,5.320282734223315,5.320282734223315,5.320282734223315,5.320282734223315,5.320282734223315,5.320282734223315,5.320282734223315,5.320282734223315,5.320282734223315,5.320282734223315,5.320282734223315,5.320282734223315,5.320282734223315,5.320282734223315,5.320282734223315,5.320282734223315,5.320282734223315,5.320282734223315,5.320282734223315,5.320282734223315,5.320282734223315,5.320282734223315,5.320282734223315,5.320282734223315,5.320282734223315,5.320282734223315,5.320282734223315,5.320282734223315,5.320282734223315,5.320282734223315,5.320282734223315,5.320282734223315,5.320282734223315,5.320282734223315,5.320282734223315,5.320282734223315,5.320282734223315,5.320282734223315,5.320282734223315,5.320282734223315,5.320282734223315,5.320282734223315,5.233343754536958,5.233343754536958,5.233343754536958,5.233343754536958,5.233343754536958,5.233343754536958,5.233343754536958,5.233343754536958,5.233343754536958,5.233343754536958,5.233343754536958,5.233343754536958,5.233343754536958,5.233343754536958,5.233343754536958,5.233343754536958,5.233343754536958,5.233343754536958,5.233343754536958,5.233343754536958,5.233343754536958,5.233343754536958,5.233343754536958,5.233343754536958,5.233343754536958,5.233343754536958,5.233343754536958,5.233343754536958,5.233343754536958,5.233343754536958,5.233343754536958,5.233343754536958,5.233343754536958,5.233343754536958,5.233343754536958,5.233343754536958,5.233343754536958,5.233343754536958,5.233343754536958,5.233343754536958,5.233343754536958,5.233343754536958,5.233343754536958,5.233343754536958,5.233343754536958,5.233343754536958,5.233343754536958,5.233343754536958,5.233343754536958,5.233343754536958,5.233343754536958,5.233343754536958,5.233343754536958,5.233343754536958,5.233343754536958,5.233343754536958,5.233343754536958,5.233343754536958,5.233343754536958,5.233343754536958,5.233343754536958,5.233343754536958,5.233343754536958,5.233343754536958,5.233343754536958,5.233343754536958,5.233343754536958,5.233343754536958,5.233343754536958,5.233343754536958,5.233343754536958,5.233343754536958,5.233343754536958,5.233343754536958,5.233343754536958,5.233343754536958,5.233343754536958,5.233343754536958,5.233343754536958,5.233343754536958,5.233343754536958,5.233343754536958,5.233343754536958,5.233343754536958,5.233343754536958,5.233343754536958,5.233343754536958,5.233343754536958,5.233343754536958,5.233343754536958,5.233343754536958,5.233343754536958,5.233343754536958,5.233343754536958,5.233343754536958,5.233343754536958,5.233343754536958,5.233343754536958,5.233343754536958,5.233343754536958,5.233343754536958,5.233343754536958,5.233343754536958,5.233343754536958,5.233343754536958,5.233343754536958,5.233343754536958,5.233343754536958,5.233343754536958,5.233343754536958,5.233343754536958,5.233343754536958,5.233343754536958,5.233343754536958,5.233343754536958,5.233343754536958,5.233343754536958,5.233343754536958,5.233343754536958,5.233343754536958,5.233343754536958,5.233343754536958,5.233343754536958,5.233343754536958,5.233343754536958,5.233343754536958,5.233343754536958,5.233343754536958,5.233343754536958,5.233343754536958,5.233343754536958,5.233343754536958,5.233343754536958,5.233343754536958,5.233343754536958,5.233343754536958,5.233343754536958,5.233343754536958,5.233343754536958,5.233343754536958,5.233343754536958,5.233343754536958,5.233343754536958,5.233343754536958,5.233343754536958,5.233343754536958,5.233343754536958,5.233343754536958,5.233343754536958,5.233343754536958,5.233343754536958,5.233343754536958,5.233343754536958,5.233343754536958,5.233343754536958,5.233343754536958,5.233343754536958,5.233343754536958,5.233343754536958,5.233343754536958,5.233343754536958,5.233343754536958,5.233343754536958,5.233343754536958,5.233343754536958,5.233343754536958,5.233343754536958,5.233343754536958,5.233343754536958,5.233343754536958,5.233343754536958,5.233343754536958,5.233343754536958,5.233343754536958,5.233343754536958,5.233343754536958,5.233343754536958,5.233343754536958,5.233343754536958,5.233343754536958,5.233343754536958,5.233343754536958,5.233343754536958,5.233343754536958,5.233343754536958,5.233343754536958,5.233343754536958,5.233343754536958,5.233343754536958,5.233343754536958,5.233343754536958,5.233343754536958,5.233343754536958,5.233343754536958,5.233343754536958,5.233343754536958,5.233343754536958,5.233343754536958,5.233343754536958,5.233343754536958,5.233343754536958,5.233343754536958,5.233343754536958,5.233343754536958,5.233343754536958,5.233343754536958,5.233343754536958,5.233343754536958,5.233343754536958,5.233343754536958,5.233343754536958,5.233343754536958,5.233343754536958,5.233343754536958,5.233343754536958,5.233343754536958,5.233343754536958,5.233343754536958,5.233343754536958,5.233343754536958,5.233343754536958,5.233343754536958,5.233343754536958,5.233343754536958,5.233343754536958,5.233343754536958,5.233343754536958,5.233343754536958,5.233343754536958,5.233343754536958,5.233343754536958,5.233343754536958,5.233343754536958,5.233343754536958,5.233343754536958,5.233343754536958,5.233343754536958,5.233343754536958,5.233343754536958,5.233343754536958,5.233343754536958,5.233343754536958,5.233343754536958,5.233343754536958,5.233343754536958,5.233343754536958,5.233343754536958,5.233343754536958,5.233343754536958,5.233343754536958,5.233343754536958,5.233343754536958,5.233343754536958,5.233343754536958,5.233343754536958,5.233343754536958,5.233343754536958,5.233343754536958,5.233343754536958,5.233343754536958,5.233343754536958,5.233343754536958,5.233343754536958,5.233343754536958,5.233343754536958,5.233343754536958,5.233343754536958,5.233343754536958,5.233343754536958,5.233343754536958,5.233343754536958,5.233343754536958,5.233343754536958,5.233343754536958,5.233343754536958,5.233343754536958,5.233343754536958,5.233343754536958,5.233343754536958,5.233343754536958,5.233343754536958,5.233343754536958,5.233343754536958,5.233343754536958,5.233343754536958,5.233343754536958,5.233343754536958,5.233343754536958,5.233343754536958,5.233343754536958,5.233343754536958,5.233343754536958,5.233343754536958,5.233343754536958,5.233343754536958,5.233343754536958,5.233343754536958,5.233343754536958,5.233343754536958,5.233343754536958,5.233343754536958,5.233343754536958,5.233343754536958,5.233343754536958,5.233343754536958,5.233343754536958,5.233343754536958,5.233343754536958,5.233343754536958,5.233343754536958,5.233343754536958,5.233343754536958,5.233343754536958,5.233343754536958,5.233343754536958,5.233343754536958,5.233343754536958,5.233343754536958,5.233343754536958,5.233343754536958,5.233343754536958,5.233343754536958,5.233343754536958,5.233343754536958,5.233343754536958,5.233343754536958,5.233343754536958,5.233343754536958,5.233343754536958,5.233343754536958,5.233343754536958,5.233343754536958,5.233343754536958,5.233343754536958,5.233343754536958,5.233343754536958,5.233343754536958,5.233343754536958,5.233343754536958,5.233343754536958,5.233343754536958,5.233343754536958,5.233343754536958,5.233343754536958,5.233343754536958,5.233343754536958,5.233343754536958,5.233343754536958,5.233343754536958,5.233343754536958,5.233343754536958,5.233343754536958,5.233343754536958,5.233343754536958,5.233343754536958,5.233343754536958,5.233343754536958,5.233343754536958,5.233343754536958,5.233343754536958,5.233343754536958,5.233343754536958,5.233343754536958,5.233343754536958,5.233343754536958,5.233343754536958,5.233343754536958,5.233343754536958,5.233343754536958,5.233343754536958,5.233343754536958,5.233343754536958,5.233343754536958,5.233343754536958,5.233343754536958,5.233343754536958,5.233343754536958,5.233343754536958,5.233343754536958,5.233343754536958,5.233343754536958,5.233343754536958,5.233343754536958,5.233343754536958,5.233343754536958,5.233343754536958,5.233343754536958,5.233343754536958,5.233343754536958,5.233343754536958,5.233343754536958,5.233343754536958,5.233343754536958,5.233343754536958,5.233343754536958,5.233343754536958,5.233343754536958,5.233343754536958,5.233343754536958,5.233343754536958,5.233343754536958,5.233343754536958,5.233343754536958,5.233343754536958,5.233343754536958,5.233343754536958,5.233343754536958,5.233343754536958,5.233343754536958,5.233343754536958,5.233343754536958,5.233343754536958,5.233343754536958,5.233343754536958,5.233343754536958,5.233343754536958,5.233343754536958,5.233343754536958,5.233343754536958,5.233343754536958,5.233343754536958,5.233343754536958,5.233343754536958,5.233343754536958,5.233343754536958,5.233343754536958,5.233343754536958,5.233343754536958,5.233343754536958,5.233343754536958,5.233343754536958,5.233343754536958,5.233343754536958,5.233343754536958,5.233343754536958,5.233343754536958,5.233343754536958,5.233343754536958,5.233343754536958,5.233343754536958,5.233343754536958,5.233343754536958,5.233343754536958,5.233343754536958,5.233343754536958,5.233343754536958,5.233343754536958,5.233343754536958,5.233343754536958,5.233343754536958,5.233343754536958,5.233343754536958,5.233343754536958,5.233343754536958,5.233343754536958,5.233343754536958,5.233343754536958,5.233343754536958,5.233343754536958,5.233343754536958,5.233343754536958,5.233343754536958,5.233343754536958,5.233343754536958,5.233343754536958,5.233343754536958,5.233343754536958,5.233343754536958,5.233343754536958,5.233343754536958,5.233343754536958,5.233343754536958,5.233343754536958,5.233343754536958,5.233343754536958,5.233343754536958,5.233343754536958,5.233343754536958,5.233343754536958,5.233343754536958,5.233343754536958,5.233343754536958,5.233343754536958,5.233343754536958,5.233343754536958,5.233343754536958,5.233343754536958,5.233343754536958,5.233343754536958,5.233343754536958,5.233343754536958,5.233343754536958,5.233343754536958,5.233343754536958,5.233343754536958,5.233343754536958,5.233343754536958,5.233343754536958,5.233343754536958,5.233343754536958,5.233343754536958,5.233343754536958,5.233343754536958,5.233343754536958,5.233343754536958,5.233343754536958,5.233343754536958,5.233343754536958,5.233343754536958,5.233343754536958,5.233343754536958,5.233343754536958,5.233343754536958,5.233343754536958,5.233343754536958,5.233343754536958,5.233343754536958,5.233343754536958,5.233343754536958,5.233343754536958,5.233343754536958,5.233343754536958,5.233343754536958,5.233343754536958,5.233343754536958,5.233343754536958,5.233343754536958,5.233343754536958,5.233343754536958,5.233343754536958,5.233343754536958,5.233343754536958,5.233343754536958,5.233343754536958,5.233343754536958,5.233343754536958,5.233343754536958,5.233343754536958,5.233343754536958,5.233343754536958,5.233343754536958,5.233343754536958,5.233343754536958,5.233343754536958,5.233343754536958,5.233343754536958,5.233343754536958,5.233343754536958,5.233343754536958,5.233343754536958,5.233343754536958,5.233343754536958,5.233343754536958,5.233343754536958,5.233343754536958,5.233343754536958,5.233343754536958,5.233343754536958,5.233343754536958,5.233343754536958,5.233343754536958,5.233343754536958,5.233343754536958,5.233343754536958,5.233343754536958,5.233343754536958,5.233343754536958,5.233343754536958,5.233343754536958,5.233343754536958,5.233343754536958,5.233343754536958,5.233343754536958,5.233343754536958,5.233343754536958,5.233343754536958,5.233343754536958,5.233343754536958,5.233343754536958,5.233343754536958,5.233343754536958,5.233343754536958,5.233343754536958,5.233343754536958,5.233343754536958,5.233343754536958,5.233343754536958,5.233343754536958,5.233343754536958,5.233343754536958,5.233343754536958,5.233343754536958,5.233343754536958,5.233343754536958,5.233343754536958,5.233343754536958,5.233343754536958,5.233343754536958,5.233343754536958,5.233343754536958,5.233343754536958,5.233343754536958,5.233343754536958,5.233343754536958,5.233343754536958,5.233343754536958,5.233343754536958,5.233343754536958,5.233343754536958,5.233343754536958,5.233343754536958,5.233343754536958,5.233343754536958,5.233343754536958,5.233343754536958,5.233343754536958,5.233343754536958,5.233343754536958,5.233343754536958,5.233343754536958,5.233343754536958,5.233343754536958,5.233343754536958,5.233343754536958,5.233343754536958,5.233343754536958,5.233343754536958,5.233343754536958,5.233343754536958,5.233343754536958,5.233343754536958,5.233343754536958,5.233343754536958,5.233343754536958,5.233343754536958,5.233343754536958,5.233343754536958,5.233343754536958,5.233343754536958,5.233343754536958,5.233343754536958,5.233343754536958,5.191220666295534,5.191220666295534,5.191220666295534,5.191220666295534,5.191220666295534,5.191220666295534,5.191220666295534,5.191220666295534,5.191220666295534,5.191220666295534,5.191220666295534,5.191220666295534,5.191220666295534,5.191220666295534,5.191220666295534,5.191220666295534,5.191220666295534,5.191220666295534,5.191220666295534,4.891839201914344,4.891839201914344,4.891839201914344,4.891839201914344,4.891839201914344,4.891839201914344,4.891839201914344,4.891839201914344,4.891839201914344,4.891839201914344,4.891839201914344,4.891839201914344,4.891839201914344,4.891839201914344,4.891839201914344,4.891839201914344,4.891839201914344,4.891839201914344,4.891839201914344,4.891839201914344,4.891839201914344,4.891839201914344,4.891839201914344,4.891839201914344,4.891839201914344,4.891839201914344,4.891839201914344,4.891839201914344,4.891839201914344,4.891839201914344,4.891839201914344,4.891839201914344,4.891839201914344,4.891839201914344,4.891839201914344,4.891839201914344,4.891839201914344,4.891839201914344,4.891839201914344,4.891839201914344,4.891839201914344,4.891839201914344,4.891839201914344,4.891839201914344,4.891839201914344,4.891839201914344,4.891839201914344,4.891839201914344,4.891839201914344,4.891839201914344,4.891839201914344,4.891839201914344,4.891839201914344,4.891839201914344,4.808599525718467,4.808599525718467,4.808599525718467,4.639696398637444,4.538202392613765,4.538202392613765,4.46879139996258,4.46879139996258,4.46879139996258,4.46879139996258,4.46879139996258,4.46879139996258,4.46879139996258,4.46879139996258,4.46879139996258,4.46879139996258,4.46879139996258,4.46879139996258,4.46879139996258,4.46879139996258,4.46879139996258,4.46879139996258,4.46879139996258,4.46879139996258,4.46879139996258,4.46879139996258,4.46879139996258,4.445201682772638,4.445201682772638,4.445201682772638,4.445201682772638,4.445201682772638,4.445201682772638,4.445201682772638,4.445201682772638,4.445201682772638,4.445201682772638,4.445201682772638,4.445201682772638,4.445201682772638,4.445201682772638,4.445201682772638,4.445201682772638,4.445201682772638,4.445201682772638,4.445201682772638,4.445201682772638,4.445201682772638,6.903518949915073,6.4295252855591825,6.4295252855591825,6.4295252855591825,6.4295252855591825,6.4295252855591825,6.4295252855591825,6.4295252855591825,6.4295252855591825,6.4295252855591825,6.4295252855591825,6.4295252855591825,6.405998947333853,6.223703276207698,6.223703276207698,6.223703276207698,6.223703276207698,6.223703276207698,6.223703276207698,6.223703276207698,6.223703276207698,6.222620371350023,6.222620371350023,6.222620371350023,6.222620371350023,6.222620371350023,6.222620371350023,6.222620371350023,6.222620371350023,6.222620371350023,6.222620371350023,6.222620371350023,6.222620371350023,6.222620371350023,6.222620371350023,6.222620371350023,6.222620371350023,6.222620371350023,6.222620371350023,6.222620371350023,6.222620371350023,6.222620371350023,6.222620371350023,6.222620371350023,6.222620371350023,6.222620371350023,6.222620371350023,6.222620371350023,6.222620371350023,6.222620371350023,6.222620371350023,6.222620371350023,6.222620371350023,6.222620371350023,6.222620371350023,6.222620371350023,6.222620371350023,6.222620371350023,6.222620371350023,6.222620371350023,6.222620371350023,6.222620371350023,6.222620371350023,6.222620371350023,6.222620371350023,6.222620371350023,6.222620371350023,6.222620371350023,6.222620371350023,6.222620371350023,6.222620371350023,6.222620371350023,6.222620371350023,6.222620371350023,6.222620371350023,6.222620371350023,6.222620371350023,6.222620371350023,6.222620371350023,6.222620371350023,6.222620371350023,6.222620371350023,6.222620371350023,6.222620371350023,6.222620371350023,6.222620371350023,6.222620371350023,6.222620371350023,6.222620371350023,6.222620371350023,6.222620371350023,6.222620371350023,6.222620371350023,6.222620371350023,6.222620371350023,6.222620371350023,6.222620371350023,6.222620371350023,6.222620371350023,6.222620371350023,6.222620371350023,6.222620371350023,6.222620371350023,6.222620371350023,6.222620371350023,6.222620371350023,6.222620371350023,6.222620371350023,6.222620371350023,6.222620371350023,6.222620371350023,6.222620371350023,6.222620371350023,6.222620371350023,6.222620371350023,6.222620371350023,6.222620371350023,6.222620371350023,6.222620371350023,6.222620371350023,6.222620371350023,6.222620371350023,6.222620371350023,6.222620371350023,6.222620371350023,6.222620371350023,6.222620371350023,6.222620371350023,6.222620371350023,6.222620371350023,6.222620371350023,6.222620371350023,6.222620371350023,6.222620371350023,6.222620371350023,6.222620371350023,6.222620371350023,6.222620371350023,6.222620371350023,6.222620371350023,6.222620371350023,6.222620371350023,6.222620371350023,6.222620371350023,6.222620371350023,6.222620371350023,6.222620371350023,6.222620371350023,6.222620371350023,6.222620371350023,6.222620371350023,6.222620371350023,6.222620371350023,6.103597570463322,6.103597570463322,6.103597570463322,5.832297208907881,5.429670402486123,5.429670402486123,5.429670402486123,4.687410887750266,4.687410887750266,4.687410887750266,4.687410887750266,4.687410887750266,4.687410887750266,4.687410887750266,4.687410887750266,4.687410887750266,4.687410887750266,4.687410887750266,4.687410887750266,4.687410887750266,4.687410887750266,4.687410887750266,4.687410887750266,4.687410887750266,4.687410887750266,4.687410887750266,4.687410887750266,4.687410887750266,4.687410887750266,4.687410887750266,4.687410887750266,4.687410887750266,4.687410887750266,4.687410887750266,4.687410887750266,4.687410887750266,4.687410887750266,4.687410887750266,4.687410887750266,4.687410887750266,4.687410887750266,4.687410887750266,4.687410887750266,4.687410887750266,4.687410887750266,4.687410887750266,4.687410887750266,4.687410887750266,4.687410887750266,4.687410887750266,4.687410887750266,4.687410887750266,4.687410887750266,4.687410887750266,4.687410887750266,4.687410887750266,4.687410887750266,4.687410887750266,4.687410887750266,4.687410887750266,4.687410887750266,4.687410887750266,4.687410887750266,4.687410887750266,4.687410887750266,4.687410887750266,4.687410887750266,4.687410887750266,4.687410887750266,4.687410887750266,4.687410887750266,4.687410887750266,4.687410887750266,4.687410887750266,4.687410887750266,4.687410887750266,4.687410887750266,4.687410887750266,4.687410887750266,4.687410887750266,4.687410887750266,4.687410887750266,4.687410887750266,4.687410887750266,4.687410887750266,4.687410887750266,4.687410887750266,4.687410887750266,4.687410887750266,4.687410887750266,4.687410887750266,4.687410887750266,4.687410887750266,4.687410887750266,4.687410887750266,4.687410887750266,4.687410887750266,4.687410887750266,4.687410887750266,4.687410887750266,4.687410887750266,4.687410887750266,4.687410887750266,4.687410887750266,4.687410887750266,4.687410887750266,4.687410887750266,4.687410887750266,4.687410887750266,4.687410887750266,4.687410887750266,4.687410887750266,4.687410887750266,4.687410887750266,4.687410887750266,4.687410887750266,4.687410887750266,4.687410887750266,4.687410887750266,4.687410887750266,4.687410887750266,4.687410887750266,4.687410887750266,4.687410887750266,4.687410887750266,4.687410887750266,4.687410887750266,4.687410887750266,4.687410887750266,4.687410887750266,4.687410887750266,4.687410887750266,4.687410887750266,4.687410887750266,4.687410887750266,4.687410887750266,4.687410887750266,4.687410887750266,4.687410887750266,4.687410887750266,4.687410887750266,4.687410887750266,4.687410887750266,4.687410887750266,4.687410887750266,4.687410887750266,4.687410887750266,4.687410887750266,4.687410887750266,4.687410887750266,4.687410887750266,4.687410887750266,4.687410887750266,4.687410887750266,4.687410887750266,4.687410887750266,4.687410887750266,4.687410887750266,4.687410887750266,4.687410887750266,4.687410887750266,4.687410887750266,4.687410887750266,4.687410887750266,4.687410887750266,4.687410887750266,4.687410887750266,4.687410887750266,4.687410887750266,4.687410887750266,4.687410887750266,4.687410887750266,4.687410887750266,4.687410887750266,4.687410887750266,4.687410887750266,4.687410887750266,4.687410887750266,4.687410887750266,4.687410887750266,4.687410887750266,4.687410887750266,4.687410887750266,4.687410887750266,4.687410887750266,4.687410887750266,4.687410887750266,4.687410887750266,4.687410887750266,4.687410887750266,4.687410887750266,4.687410887750266,4.687410887750266,4.687410887750266,4.687410887750266,4.687410887750266,4.687410887750266,4.687410887750266,4.687410887750266,4.687410887750266,4.687410887750266,4.687410887750266,4.687410887750266,4.687410887750266,4.687410887750266,4.687410887750266,4.687410887750266,4.687410887750266,4.687410887750266,4.687410887750266,4.687410887750266,4.687410887750266,4.687410887750266,4.687410887750266,4.687410887750266,4.687410887750266,4.687410887750266,4.687410887750266,4.687410887750266,4.687410887750266,4.687410887750266,4.687410887750266,4.687410887750266,4.687410887750266,4.687410887750266,4.687410887750266,4.687410887750266,4.687410887750266,4.687410887750266,4.687410887750266,4.687410887750266,4.687410887750266,4.687410887750266,4.687410887750266,4.687410887750266,4.687410887750266,4.687410887750266,4.687410887750266,4.687410887750266,4.687410887750266,4.687410887750266,4.687410887750266,4.687410887750266,4.687410887750266,4.687410887750266,4.687410887750266,4.687410887750266,4.687410887750266,4.687410887750266,4.687410887750266,4.687410887750266,4.687410887750266,4.687410887750266,4.687410887750266,4.687410887750266,4.687410887750266,4.687410887750266,4.687410887750266,4.687410887750266,4.687410887750266,4.687410887750266,4.687410887750266,4.687410887750266,4.687410887750266,4.687410887750266,4.687410887750266,4.687410887750266,4.687410887750266,4.687410887750266,4.687410887750266,4.687410887750266,4.687410887750266,4.687410887750266,4.687410887750266,4.687410887750266,4.687410887750266,4.687410887750266,4.687410887750266,4.687410887750266,4.106362352192781,4.106362352192781,4.106362352192781,4.106362352192781,4.106362352192781,4.106362352192781,4.106362352192781,4.106362352192781,4.106362352192781,4.106362352192781,4.106362352192781,4.106362352192781,4.106362352192781,4.106362352192781,4.106362352192781,4.106362352192781,4.106362352192781,4.106362352192781,4.106362352192781,4.106362352192781,4.106362352192781,4.106362352192781,4.106362352192781,4.106362352192781,4.106362352192781,4.106362352192781,4.106362352192781,4.106362352192781,4.106362352192781,4.106362352192781,4.106362352192781,4.106362352192781,4.106362352192781,4.106362352192781,4.106362352192781,4.106362352192781,4.106362352192781,4.106362352192781,4.106362352192781,4.106362352192781,4.106362352192781,4.106362352192781,4.106362352192781,4.106362352192781,4.106362352192781,4.106362352192781,4.106362352192781,4.106362352192781,4.106362352192781,4.106362352192781,4.106362352192781,4.106362352192781,4.106362352192781,4.106362352192781,4.106362352192781,4.106362352192781,4.106362352192781,4.106362352192781,4.106362352192781,4.106362352192781,4.106362352192781,4.106362352192781,4.106362352192781,4.106362352192781,4.106362352192781,4.106362352192781,4.106362352192781,4.106362352192781,4.106362352192781,4.106362352192781,4.106362352192781,4.106362352192781,4.106362352192781,4.106362352192781,4.106362352192781,4.106362352192781,4.106362352192781,4.106362352192781,4.106362352192781,4.106362352192781,4.106362352192781,4.106362352192781,4.106362352192781,4.106362352192781,4.106362352192781,4.106362352192781,4.106362352192781,4.106362352192781,4.106362352192781,4.106362352192781,4.106362352192781,4.106362352192781,4.106362352192781,4.106362352192781,4.106362352192781,4.106362352192781,4.106362352192781,4.106362352192781,4.106362352192781,4.106362352192781,4.106362352192781,4.106362352192781,4.106362352192781,4.106362352192781,4.106362352192781,4.106362352192781,4.106362352192781,4.106362352192781,4.106362352192781,4.106362352192781,4.106362352192781,4.106362352192781,4.106362352192781,4.106362352192781,4.106362352192781,4.106362352192781,4.106362352192781,4.106362352192781,4.106362352192781,4.106362352192781,4.106362352192781,4.106362352192781,4.106362352192781,4.106362352192781,4.106362352192781,4.106362352192781,4.106362352192781,4.106362352192781,4.106362352192781,4.106362352192781,4.106362352192781,4.106362352192781,4.106362352192781,4.106362352192781,4.106362352192781,4.106362352192781,4.106362352192781,4.106362352192781,4.106362352192781,4.106362352192781,4.106362352192781,4.106362352192781,4.106362352192781,4.106362352192781,4.106362352192781,4.106362352192781,4.106362352192781,4.106362352192781,4.106362352192781,4.106362352192781,4.106362352192781,4.106362352192781,4.106362352192781,4.106362352192781,4.106362352192781,4.106362352192781,4.106362352192781,4.106362352192781,4.106362352192781,4.106362352192781,4.106362352192781,4.106362352192781,4.106362352192781,4.106362352192781,4.106362352192781,4.106362352192781,4.106362352192781,4.106362352192781,4.106362352192781,4.106362352192781,4.106362352192781,4.106362352192781,4.106362352192781,4.106362352192781,4.106362352192781,4.106362352192781,4.106362352192781,3.8987638392037876,3.8987638392037876,3.8987638392037876,3.8987638392037876,3.8987638392037876,3.8987638392037876,3.8865137653441875,3.8865137653441875,3.8865137653441875,3.8865137653441875,3.8865137653441875,3.8865137653441875,3.8865137653441875,3.8865137653441875,3.8865137653441875,3.8865137653441875,3.8865137653441875,3.8865137653441875,3.8865137653441875,3.8865137653441875,3.8865137653441875,3.8865137653441875,3.8865137653441875,3.8865137653441875,3.8865137653441875,3.8865137653441875,3.8865137653441875,3.8865137653441875,3.8865137653441875,3.8865137653441875,3.8865137653441875,3.8865137653441875,3.8865137653441875,3.8865137653441875,3.8865137653441875,3.8865137653441875,3.8865137653441875,3.8865137653441875,3.8865137653441875,3.8865137653441875,3.8865137653441875,3.8865137653441875,3.8865137653441875,3.8865137653441875,3.8865137653441875,3.8865137653441875,3.8865137653441875,3.8865137653441875,3.8865137653441875,3.8865137653441875,3.8865137653441875,3.8865137653441875,3.8865137653441875,3.8865137653441875,3.8865137653441875,3.8865137653441875,3.8865137653441875,3.8865137653441875,3.8865137653441875,3.8865137653441875,3.8865137653441875,3.8865137653441875,3.8865137653441875,3.8865137653441875,3.8865137653441875,3.8865137653441875,3.8865137653441875,3.8865137653441875,3.8865137653441875,3.8865137653441875,3.8865137653441875,3.8865137653441875,3.8865137653441875,3.8865137653441875,3.8865137653441875,3.8865137653441875,3.8865137653441875,3.8865137653441875,3.8865137653441875,3.8865137653441875,3.8865137653441875,3.8865137653441875,3.8865137653441875,3.8865137653441875,3.8865137653441875,3.8865137653441875,3.8865137653441875,3.8865137653441875,3.8865137653441875,3.8865137653441875,3.8865137653441875,3.8865137653441875,3.8865137653441875,3.8865137653441875,3.8865137653441875,3.8865137653441875,3.8865137653441875,3.8865137653441875,3.8865137653441875,3.8865137653441875,3.8865137653441875,3.8865137653441875,3.8865137653441875,3.8865137653441875,3.8865137653441875,3.8865137653441875,3.8865137653441875,3.8865137653441875,3.8865137653441875,3.8865137653441875,3.8865137653441875,3.8865137653441875,3.8865137653441875,3.8865137653441875,3.8865137653441875,3.8865137653441875,3.8865137653441875,3.8865137653441875,3.8865137653441875,3.8865137653441875,3.8865137653441875,3.8865137653441875,3.8865137653441875,3.8865137653441875,3.8865137653441875,3.8865137653441875,3.8865137653441875,3.8865137653441875,3.8865137653441875,3.8865137653441875,3.8865137653441875,3.8865137653441875,3.8865137653441875,3.8865137653441875,3.8865137653441875,3.8865137653441875,3.8865137653441875,3.8865137653441875,3.8865137653441875,3.8865137653441875,3.8865137653441875,3.8865137653441875,3.8865137653441875,3.8865137653441875,3.8865137653441875,3.8865137653441875,3.8865137653441875,3.8865137653441875,3.8865137653441875,3.8865137653441875,3.8865137653441875,3.8865137653441875,3.8865137653441875,3.8865137653441875,3.8865137653441875,3.8865137653441875,3.8865137653441875,3.8865137653441875,3.8865137653441875,3.8865137653441875,3.8865137653441875,3.8865137653441875,3.8865137653441875,3.8865137653441875,3.8865137653441875,3.8865137653441875,3.8865137653441875,3.8865137653441875,3.8865137653441875,3.8865137653441875,3.8865137653441875,3.8865137653441875,3.8865137653441875,3.8865137653441875,3.8865137653441875,3.8865137653441875,3.8865137653441875,3.8865137653441875,3.8865137653441875,3.8865137653441875,3.8865137653441875,3.8865137653441875,3.8865137653441875,3.8865137653441875,3.8865137653441875,3.8865137653441875,3.8865137653441875,3.8865137653441875,3.8865137653441875,3.8865137653441875,3.8865137653441875,3.8865137653441875,3.8865137653441875,3.8865137653441875,3.8865137653441875,3.8865137653441875,3.8865137653441875,3.8865137653441875,3.8865137653441875,3.8865137653441875,3.8865137653441875,3.8865137653441875,3.8865137653441875,3.8865137653441875,3.8865137653441875,3.8865137653441875,3.8865137653441875,3.8865137653441875,3.8865137653441875,3.8865137653441875,3.8865137653441875,3.8865137653441875,3.8865137653441875,3.8865137653441875,3.8865137653441875,3.8865137653441875,3.8865137653441875,3.8865137653441875,3.8865137653441875,3.8865137653441875,3.8865137653441875,3.8865137653441875,3.8865137653441875,3.8865137653441875,3.8865137653441875,3.8865137653441875,3.8865137653441875,3.8865137653441875,3.8865137653441875,3.8865137653441875,3.8865137653441875,3.8865137653441875,3.8865137653441875,3.8865137653441875,3.8865137653441875,3.8865137653441875,3.8865137653441875,3.8865137653441875,3.8865137653441875,3.8865137653441875,3.8865137653441875,3.8865137653441875,3.8865137653441875,3.8865137653441875,3.8865137653441875,3.8865137653441875,3.8865137653441875,3.8865137653441875,3.8865137653441875,3.8865137653441875,3.8865137653441875,3.8865137653441875,3.8865137653441875,3.8865137653441875,3.8865137653441875,3.8865137653441875,3.8865137653441875,3.8865137653441875,3.8865137653441875,3.8865137653441875,3.8865137653441875,3.8865137653441875,3.8865137653441875,3.8865137653441875,3.8865137653441875,3.8865137653441875,3.8865137653441875,3.8865137653441875,3.8865137653441875,3.8865137653441875,3.8865137653441875,3.8865137653441875,3.8865137653441875,3.8865137653441875,3.8865137653441875,3.8865137653441875,3.8865137653441875,3.8865137653441875,3.8865137653441875,3.8865137653441875,3.8865137653441875,3.8865137653441875,3.8865137653441875,3.8865137653441875,3.8865137653441875,3.8865137653441875,3.8865137653441875,3.8865137653441875,3.8865137653441875,3.8865137653441875,3.8865137653441875,3.8865137653441875,3.8865137653441875,3.8865137653441875,3.8865137653441875,3.8865137653441875,3.8865137653441875,3.8865137653441875,3.8865137653441875,3.8865137653441875,3.8865137653441875,3.8865137653441875,3.8865137653441875,3.8865137653441875,3.8865137653441875,3.8865137653441875,3.8865137653441875,3.8865137653441875,3.8865137653441875,3.8865137653441875,3.8865137653441875,3.8865137653441875,3.8865137653441875,3.8865137653441875,3.8865137653441875,3.8865137653441875,3.8865137653441875,3.8865137653441875,3.8865137653441875,3.8865137653441875,3.8865137653441875,3.8865137653441875,3.8865137653441875,3.8865137653441875,3.8865137653441875,3.8865137653441875,3.8865137653441875,3.8865137653441875,3.8865137653441875,3.8865137653441875,3.8865137653441875,3.8865137653441875,3.8865137653441875,3.8865137653441875,3.8865137653441875,3.8865137653441875,3.8865137653441875,3.8865137653441875,3.8865137653441875,3.8865137653441875,3.8865137653441875,3.8865137653441875,3.8865137653441875,3.8865137653441875,3.8865137653441875,3.8865137653441875,3.8865137653441875,3.8865137653441875,3.8865137653441875,3.8865137653441875,3.8865137653441875,3.8865137653441875,3.8865137653441875,3.8865137653441875,3.8865137653441875,3.8865137653441875,3.8865137653441875,3.8865137653441875,3.8865137653441875,3.8865137653441875,3.8865137653441875,3.8865137653441875,3.8865137653441875,3.8865137653441875,3.8865137653441875,3.8865137653441875,3.8865137653441875,3.8865137653441875,3.8865137653441875,3.8865137653441875,3.8865137653441875,3.8865137653441875,3.8865137653441875,3.8865137653441875,3.8865137653441875,3.8865137653441875,3.8865137653441875,3.8865137653441875,3.8865137653441875,3.8865137653441875,3.8865137653441875,3.8865137653441875,3.8865137653441875,3.8865137653441875,3.8865137653441875,3.8865137653441875,3.8865137653441875,3.8865137653441875,3.8865137653441875,3.8865137653441875,3.8865137653441875,6.731270460788493,6.731270460788493,6.600566293260891,6.600566293260891,6.600566293260891,6.600566293260891,6.600566293260891,6.53531370736136,6.53531370736136,6.53531370736136,6.53531370736136,6.53531370736136,6.53531370736136,6.53531370736136,6.53531370736136,6.53531370736136,6.53531370736136,6.53531370736136,6.53531370736136,6.53531370736136,6.53531370736136,6.53531370736136,6.53531370736136,6.53531370736136,6.53531370736136,6.53531370736136,6.53531370736136,6.53531370736136,6.53531370736136,6.53531370736136,6.53531370736136,6.373810201702268,6.373810201702268,6.373810201702268,6.373810201702268,6.373810201702268,6.373810201702268,6.373810201702268,6.373810201702268,6.373810201702268,6.373810201702268,6.373810201702268,6.373810201702268,6.373810201702268,6.373810201702268,6.373810201702268,6.373810201702268,6.373810201702268,6.348410751269556,6.348410751269556,6.348410751269556,6.348410751269556,6.348410751269556,6.348410751269556,6.348410751269556,6.348410751269556,6.348410751269556,6.348410751269556,6.348410751269556,6.348410751269556,6.348410751269556,6.348410751269556,6.348410751269556,6.348410751269556,6.348410751269556,6.348410751269556,6.348410751269556,6.348410751269556,6.348410751269556,6.348410751269556,6.348410751269556,6.348410751269556,6.348410751269556,6.348410751269556,6.348410751269556,6.348410751269556,6.348410751269556,6.348410751269556,6.348410751269556,6.348410751269556,6.348410751269556,6.348410751269556,6.348410751269556,6.348410751269556,6.348410751269556,6.348410751269556,6.348410751269556,6.348410751269556,6.348410751269556,6.348410751269556,6.348410751269556,6.348410751269556,6.348410751269556,6.348410751269556,6.348410751269556,6.348410751269556,6.348410751269556,6.348410751269556,6.348410751269556,6.348410751269556,6.348410751269556,6.348410751269556,5.594017392483479,5.594017392483479,5.545214544000019,5.545214544000019,5.545214544000019,5.164828738196112,5.164828738196112,5.164828738196112,5.164828738196112,5.077741349688905,4.978132360473664,4.957331254030393,4.768522677858969,4.768522677858969,4.768522677858969,4.768522677858969,4.768522677858969,4.768522677858969,4.768522677858969,4.768522677858969,4.768522677858969,4.768522677858969,4.768522677858969,4.768522677858969,4.768522677858969,4.768522677858969,4.768522677858969,4.768522677858969,4.768522677858969,4.768522677858969,4.768522677858969,4.768522677858969,4.768522677858969,4.768522677858969,4.768522677858969,4.768522677858969,4.768522677858969,4.768522677858969,4.768522677858969,4.768522677858969,4.768522677858969,4.768522677858969,4.768522677858969,4.768522677858969,4.768522677858969,4.768522677858969,4.768522677858969,4.768522677858969,4.768522677858969,4.768522677858969,4.768522677858969,4.768522677858969,4.768522677858969,4.768522677858969,4.768522677858969,4.768522677858969,4.768522677858969,4.768522677858969,4.768522677858969,4.768522677858969,4.768522677858969,4.768522677858969,4.768522677858969,4.768522677858969,4.768522677858969,4.768522677858969,4.768522677858969,4.768522677858969,4.768522677858969,4.768522677858969,4.768522677858969,4.768522677858969,4.768522677858969,4.768522677858969,4.768522677858969,4.768522677858969,4.768522677858969,4.768522677858969,4.768522677858969,4.768522677858969,4.768522677858969,4.768522677858969,4.768522677858969,4.768522677858969,4.768522677858969,4.768522677858969,4.768522677858969,4.768522677858969,4.768522677858969,4.768522677858969,4.768522677858969,4.768522677858969,4.768522677858969,4.768522677858969,4.768522677858969,4.768522677858969,4.768522677858969,4.768522677858969,4.768522677858969,4.768522677858969,4.768522677858969,4.768522677858969,4.768522677858969,4.768522677858969,4.768522677858969,4.768522677858969,4.768522677858969,4.768522677858969,4.768522677858969,4.768522677858969,4.768522677858969,4.768522677858969,4.768522677858969,4.768522677858969,4.768522677858969,4.768522677858969,4.768522677858969,4.768522677858969,4.768522677858969,4.768522677858969,4.768522677858969,4.768522677858969,4.768522677858969,4.768522677858969,4.768522677858969,4.768522677858969,4.768522677858969,4.768522677858969,4.768522677858969,4.768522677858969,4.768522677858969,4.768522677858969,4.768522677858969,4.768522677858969,4.768522677858969,4.768522677858969,4.768522677858969,4.768522677858969,4.768522677858969,4.768522677858969,4.768522677858969,4.768522677858969,4.768522677858969,4.768522677858969,4.768522677858969,4.768522677858969,4.768522677858969,4.768522677858969,4.768522677858969,4.768522677858969,4.768522677858969,4.768522677858969,4.768522677858969,4.768522677858969,4.768522677858969,4.768522677858969,4.768522677858969,4.768522677858969,4.768522677858969,4.768522677858969,4.768522677858969,4.768522677858969,4.768522677858969,4.768522677858969,4.768522677858969,4.768522677858969,4.768522677858969,4.768522677858969,4.768522677858969,4.768522677858969,4.768522677858969,4.768522677858969,4.768522677858969,4.768522677858969,4.768522677858969,4.768522677858969,4.768522677858969,4.768522677858969,4.768522677858969,4.768522677858969,4.768522677858969,4.768522677858969,4.768522677858969,4.768522677858969,4.768522677858969,4.768522677858969,4.768522677858969,4.768522677858969,4.768522677858969,4.768522677858969,4.768522677858969,4.768522677858969,4.768522677858969,4.768522677858969,4.768522677858969,4.768522677858969,4.768522677858969,4.768522677858969,4.768522677858969,4.768522677858969,4.768522677858969,4.768522677858969,4.768522677858969,4.768522677858969,4.768522677858969,4.768522677858969,4.768522677858969,4.768522677858969,4.768522677858969,4.768522677858969,4.768522677858969,4.768522677858969,4.768522677858969,4.768522677858969,4.768522677858969,4.768522677858969,4.768522677858969,4.768522677858969,4.768522677858969,4.768522677858969,4.768522677858969,4.768522677858969,4.768522677858969,4.768522677858969,4.768522677858969,4.768522677858969,4.768522677858969,4.768522677858969,4.768522677858969,4.768522677858969,4.768522677858969,4.768522677858969,4.768522677858969,4.768522677858969,4.768522677858969,4.768522677858969,4.768522677858969,4.768522677858969,4.768522677858969,4.768522677858969,4.768522677858969,4.768522677858969,4.768522677858969,4.768522677858969,4.768522677858969,4.768522677858969,4.768522677858969,4.768522677858969,4.768522677858969,4.768522677858969,4.768522677858969,4.768522677858969,4.768522677858969,4.768522677858969,4.768522677858969,4.768522677858969,4.768522677858969,4.768522677858969,4.768522677858969,4.768522677858969,4.768522677858969,4.768522677858969,4.768522677858969,4.768522677858969,4.768522677858969,4.768522677858969,4.768522677858969,4.768522677858969,4.768522677858969,4.768522677858969,4.768522677858969,4.768522677858969,4.768522677858969,4.768522677858969,4.768522677858969,4.768522677858969,4.768522677858969,4.768522677858969,4.768522677858969,4.768522677858969,4.768522677858969,4.768522677858969,4.768522677858969,4.768522677858969,4.768522677858969,4.768522677858969,4.768522677858969,4.768522677858969,4.768522677858969,4.768522677858969,4.768522677858969,4.768522677858969,4.768522677858969,4.768522677858969,4.768522677858969,4.768522677858969,4.768522677858969,4.768522677858969,4.768522677858969,4.768522677858969,4.768522677858969,4.768522677858969,4.768522677858969,4.768522677858969,4.768522677858969,4.768522677858969,4.768522677858969,4.768522677858969,4.768522677858969,4.768522677858969,4.768522677858969,4.768522677858969,4.768522677858969,4.768522677858969,4.768522677858969,4.768522677858969,4.768522677858969,4.768522677858969,4.768522677858969,4.768522677858969,4.768522677858969,4.768522677858969,4.768522677858969,4.768522677858969,4.768522677858969,4.768522677858969,4.768522677858969,4.768522677858969,4.768522677858969,4.768522677858969,4.768522677858969,4.768522677858969,4.768522677858969,4.768522677858969,4.768522677858969,4.768522677858969,4.768522677858969,4.768522677858969,4.768522677858969,4.768522677858969,4.768522677858969,4.768522677858969,4.768522677858969,4.768522677858969,4.768522677858969,4.768522677858969,4.768522677858969,4.768522677858969,4.768522677858969,4.768522677858969,4.768522677858969,4.768522677858969,4.7635872885484325,4.7635872885484325,4.7635872885484325,4.7635872885484325,4.7635872885484325,4.7635872885484325,4.7635872885484325,4.7635872885484325,4.7635872885484325,4.7635872885484325,4.7635872885484325,4.7635872885484325,4.7635872885484325,4.7635872885484325,4.7635872885484325,4.7635872885484325,4.7635872885484325,4.7635872885484325,4.7635872885484325,4.7635872885484325,4.7635872885484325,4.7635872885484325,4.7635872885484325,4.7635872885484325,4.7635872885484325,4.7635872885484325,4.7635872885484325,4.7635872885484325,4.7635872885484325,4.7635872885484325,4.7635872885484325,4.7635872885484325,4.7635872885484325,4.7635872885484325,4.7635872885484325,4.7635872885484325,4.7635872885484325,4.7635872885484325,4.7635872885484325,4.7635872885484325,4.7635872885484325,4.7635872885484325,4.7635872885484325,4.7635872885484325,4.7635872885484325,4.7635872885484325,4.7635872885484325,4.7635872885484325,4.7635872885484325,4.7635872885484325,4.7635872885484325,4.7635872885484325,4.7635872885484325,4.7635872885484325,4.7635872885484325,4.7635872885484325,4.7635872885484325,4.7635872885484325,4.7635872885484325,4.7635872885484325,4.7635872885484325,4.7635872885484325,4.7635872885484325,4.7635872885484325,4.7635872885484325,4.7635872885484325,4.7635872885484325,4.7635872885484325,4.7635872885484325,4.7635872885484325,4.7635872885484325,4.7635872885484325,4.7635872885484325,4.7635872885484325,4.7635872885484325,4.7635872885484325,4.7635872885484325,4.7635872885484325,4.7635872885484325,4.7635872885484325,4.7635872885484325,4.7635872885484325,4.7635872885484325,4.7635872885484325,4.7635872885484325,4.7635872885484325,4.7635872885484325,4.7635872885484325,4.7635872885484325,4.7635872885484325,4.7635872885484325,4.7635872885484325,4.7635872885484325,4.7635872885484325,4.7635872885484325,4.7635872885484325,4.7635872885484325,4.7635872885484325,4.7635872885484325,4.7635872885484325,4.7635872885484325,4.7635872885484325,4.7635872885484325,4.7635872885484325,4.7635872885484325,4.7635872885484325,4.7635872885484325,4.7635872885484325,4.7635872885484325,4.7635872885484325,4.7635872885484325,4.7635872885484325,4.7635872885484325,4.7635872885484325,4.7635872885484325,4.7635872885484325,4.7635872885484325,4.7635872885484325,4.7635872885484325,4.7635872885484325,4.7635872885484325,4.7635872885484325,4.7635872885484325,4.7635872885484325,4.7635872885484325,4.7635872885484325,4.7635872885484325,4.7635872885484325,4.7635872885484325,4.7635872885484325,4.7635872885484325,4.7635872885484325,4.7635872885484325,4.7635872885484325,4.7635872885484325,4.7635872885484325,4.7635872885484325,4.7635872885484325,4.7635872885484325,4.7635872885484325,4.7635872885484325,4.7635872885484325,4.7635872885484325,4.7635872885484325,4.7635872885484325,4.7635872885484325,4.7635872885484325,4.7635872885484325,4.7635872885484325,4.7635872885484325,4.7635872885484325,4.7635872885484325,4.7635872885484325,4.7635872885484325,4.7635872885484325,4.7635872885484325,4.7635872885484325,4.7635872885484325,4.7635872885484325,4.7635872885484325,4.7635872885484325,4.7635872885484325,4.7635872885484325,4.7635872885484325,4.7635872885484325,4.7635872885484325,4.7635872885484325,4.7635872885484325,4.7635872885484325,4.7635872885484325,4.7635872885484325,4.7635872885484325,4.7635872885484325,4.7635872885484325,4.7635872885484325,4.7635872885484325,4.7635872885484325,4.7635872885484325,4.7635872885484325,4.7635872885484325,4.7635872885484325,4.7635872885484325,4.7635872885484325,4.7635872885484325,4.7635872885484325,4.7635872885484325,4.7635872885484325,4.7635872885484325,4.7635872885484325,4.7635872885484325,4.7635872885484325,4.7635872885484325,4.7635872885484325,4.7635872885484325,4.7635872885484325,4.7635872885484325,4.7635872885484325,4.7635872885484325,4.7635872885484325,4.7635872885484325,4.7635872885484325,4.7635872885484325,4.7635872885484325,4.7635872885484325,4.7635872885484325,4.7635872885484325,4.7635872885484325,4.7635872885484325,4.7635872885484325,4.7635872885484325,4.7635872885484325,4.7635872885484325,4.7635872885484325,4.7635872885484325,4.7635872885484325,4.7635872885484325,4.7635872885484325,4.7635872885484325,4.7635872885484325,4.7635872885484325,4.7635872885484325,4.7635872885484325,4.7635872885484325,4.7635872885484325,4.7635872885484325,4.7635872885484325,4.7635872885484325,4.7635872885484325,4.7635872885484325,4.7635872885484325,4.7635872885484325,4.7635872885484325,4.7635872885484325,4.7635872885484325,4.7635872885484325,4.7635872885484325,4.7635872885484325,4.7635872885484325,4.7635872885484325,4.7635872885484325,4.7635872885484325,4.7635872885484325,4.7635872885484325,4.7635872885484325,4.7635872885484325,4.7635872885484325,4.7635872885484325,4.7635872885484325,4.7635872885484325,4.7635872885484325,4.7635872885484325,4.7635872885484325,4.7635872885484325,4.7635872885484325,4.7635872885484325,4.7635872885484325,4.7635872885484325,4.7635872885484325,4.7635872885484325,4.7635872885484325,4.7635872885484325,4.7635872885484325,4.7635872885484325,4.7635872885484325,4.7635872885484325,4.7635872885484325,4.7635872885484325,4.7635872885484325,4.7635872885484325,4.7635872885484325,4.7635872885484325,4.7635872885484325,4.7635872885484325,4.7635872885484325,4.7635872885484325,4.7635872885484325,4.7635872885484325,4.7635872885484325,4.7635872885484325,4.7635872885484325,4.7635872885484325,4.7635872885484325,4.7635872885484325,4.7635872885484325,4.7635872885484325,4.7635872885484325,4.7635872885484325,4.7635872885484325,4.7635872885484325,4.7635872885484325,4.7635872885484325,4.7635872885484325,4.7635872885484325,4.7635872885484325,4.7635872885484325,4.7635872885484325,4.7635872885484325,4.7635872885484325,4.7635872885484325,4.7635872885484325,4.7635872885484325,4.7635872885484325,4.7635872885484325,4.7635872885484325,4.7635872885484325,4.7635872885484325,4.7635872885484325,4.7635872885484325,4.7635872885484325,4.7635872885484325,4.7635872885484325,4.7635872885484325,4.7635872885484325,4.7635872885484325,4.7635872885484325,4.7635872885484325,4.7635872885484325,4.7635872885484325,4.7635872885484325,4.7635872885484325,4.7635872885484325,4.7635872885484325,4.7635872885484325,4.7635872885484325,4.7635872885484325,4.7635872885484325,4.7635872885484325,4.7635872885484325,4.7635872885484325,4.7635872885484325,4.7635872885484325,4.7635872885484325,4.7635872885484325,4.7635872885484325,4.7635872885484325,4.7635872885484325,4.7635872885484325,4.7635872885484325,4.7635872885484325,4.7635872885484325,4.7635872885484325,4.7635872885484325,4.7635872885484325,4.7635872885484325,4.7635872885484325,4.7635872885484325,4.7635872885484325,4.7635872885484325,4.7635872885484325,4.7635872885484325,4.7635872885484325,4.7635872885484325,4.7635872885484325,4.7635872885484325,4.7635872885484325,4.7635872885484325,4.7635872885484325,4.7635872885484325,4.7635872885484325,4.7635872885484325,4.7635872885484325,4.7635872885484325,4.7635872885484325,4.7635872885484325,4.7635872885484325,4.7635872885484325,4.7635872885484325,4.7635872885484325,4.7635872885484325,4.7635872885484325,4.7635872885484325,4.7635872885484325,4.7635872885484325,4.7635872885484325,4.7635872885484325,4.7635872885484325,4.7635872885484325,4.7635872885484325,4.7635872885484325,4.7635872885484325,4.7635872885484325,4.7635872885484325,4.7635872885484325,4.7635872885484325,4.7635872885484325,4.7635872885484325,4.7635872885484325,4.7635872885484325,4.7635872885484325,4.7635872885484325,4.7635872885484325,4.7635872885484325,4.7635872885484325,4.7635872885484325,4.7635872885484325,4.7635872885484325,4.7635872885484325,4.7635872885484325,4.7635872885484325,4.7635872885484325,4.7635872885484325,4.7635872885484325,4.7635872885484325,4.7635872885484325,4.7635872885484325,4.7635872885484325,4.7635872885484325,4.7635872885484325,4.7635872885484325,4.7635872885484325,4.7635872885484325,4.7635872885484325,4.7635872885484325,4.7635872885484325,4.7635872885484325,4.7635872885484325,4.7635872885484325,4.7635872885484325,4.7635872885484325,4.7635872885484325,4.7635872885484325,4.7635872885484325,4.7635872885484325,4.7635872885484325,4.7635872885484325,4.7635872885484325,4.7635872885484325,4.7635872885484325,4.7635872885484325,4.7635872885484325,4.7635872885484325,4.7635872885484325,4.7635872885484325,4.7635872885484325,4.7635872885484325,4.7635872885484325,4.7635872885484325,4.7635872885484325,4.7635872885484325,4.7635872885484325,4.7635872885484325,4.7635872885484325,4.7635872885484325,4.7635872885484325,4.7635872885484325,4.7635872885484325,4.7635872885484325,4.7635872885484325,4.7635872885484325,4.7635872885484325,4.7635872885484325,4.7635872885484325,4.7635872885484325,4.7635872885484325,4.7635872885484325,4.7635872885484325,4.7635872885484325,4.7635872885484325,4.7635872885484325,4.7635872885484325,4.7635872885484325,4.7635872885484325,4.7635872885484325,4.7635872885484325,4.7635872885484325,4.7635872885484325,4.7635872885484325,4.7635872885484325,4.7635872885484325,4.7635872885484325,4.7635872885484325,4.7635872885484325,4.7635872885484325,4.7635872885484325,4.7635872885484325,4.7635872885484325,4.7635872885484325,4.7635872885484325,4.7635872885484325,4.7635872885484325,4.7635872885484325,4.7635872885484325,4.7635872885484325,4.7635872885484325,4.7635872885484325,4.7635872885484325,4.7635872885484325,4.7635872885484325,4.7635872885484325,4.7635872885484325,4.7635872885484325,4.7635872885484325,4.7635872885484325,4.7635872885484325,4.7635872885484325,4.7635872885484325,4.7635872885484325,4.7635872885484325,4.7635872885484325,4.7635872885484325,4.7635872885484325,4.7635872885484325,4.7635872885484325,4.7635872885484325,4.7635872885484325,4.7635872885484325,4.7635872885484325,4.7635872885484325,4.7635872885484325,4.7635872885484325,4.7635872885484325,4.7635872885484325,4.7635872885484325,4.7635872885484325,4.7635872885484325,4.7635872885484325,4.7635872885484325,4.7635872885484325,4.7635872885484325,4.7635872885484325,4.7635872885484325,4.7635872885484325,4.7635872885484325,4.7635872885484325,4.7635872885484325,4.7635872885484325,4.7635872885484325,4.7635872885484325,4.7635872885484325,4.7635872885484325,4.7635872885484325,4.7635872885484325,4.7635872885484325,4.7635872885484325,4.7635872885484325,4.7635872885484325,4.7635872885484325,4.7635872885484325,4.7635872885484325,4.7635872885484325,4.7635872885484325,4.7635872885484325,4.7635872885484325,4.7635872885484325,4.7635872885484325,4.7635872885484325,6.851558743514221,5.61310302196694,5.61310302196694,5.61310302196694,5.61310302196694,5.61310302196694,5.61310302196694,5.61310302196694,5.61310302196694,5.61310302196694,5.61310302196694,5.61310302196694,5.61310302196694,5.61310302196694,5.61310302196694,5.61310302196694,5.61310302196694,5.61310302196694,5.59189893388594,5.59189893388594,5.59189893388594,5.59189893388594,5.59189893388594,5.59189893388594,5.59189893388594,5.59189893388594,5.59189893388594,5.59189893388594,5.59189893388594,5.59189893388594,5.59189893388594,5.59189893388594,5.59189893388594,5.59189893388594,5.59189893388594,5.59189893388594,5.59189893388594,5.291375552489705,5.2631249036606205,5.2631249036606205,5.2631249036606205,5.2631249036606205,5.2631249036606205,5.2631249036606205,5.2631249036606205,5.167134168188713,5.167134168188713,5.167134168188713,5.167134168188713,5.167134168188713,5.167134168188713,5.167134168188713,5.167134168188713,5.167134168188713,5.167134168188713,5.167134168188713,5.167134168188713,5.167134168188713,5.167134168188713,5.167134168188713,5.167134168188713,5.167134168188713,5.167134168188713,5.167134168188713,5.167134168188713,5.167134168188713,5.167134168188713,5.167134168188713,5.167134168188713,5.167134168188713,5.167134168188713,5.167134168188713,5.167134168188713,5.167134168188713,5.167134168188713,5.167134168188713,5.167134168188713,5.167134168188713,5.167134168188713,5.167134168188713,5.167134168188713,5.167134168188713,5.167134168188713,5.167134168188713,5.167134168188713,5.167134168188713,5.167134168188713,5.167134168188713,5.167134168188713,5.167134168188713,5.167134168188713,5.167134168188713,5.167134168188713,5.167134168188713,5.167134168188713,5.167134168188713,5.167134168188713,5.167134168188713,5.167134168188713,5.167134168188713,5.167134168188713,5.167134168188713,5.167134168188713,5.167134168188713,5.167134168188713,5.167134168188713,5.167134168188713,5.167134168188713,5.167134168188713,3.368172451354919,3.368172451354919,3.368172451354919,3.368172451354919,3.368172451354919,3.368172451354919,3.367316061426648,3.367316061426648,3.367316061426648,3.367316061426648,3.367316061426648,3.367316061426648,3.367316061426648,3.367316061426648,3.367316061426648,3.3063435659616935,3.3063435659616935,3.3063435659616935,3.3063435659616935,3.3063435659616935,3.3063435659616935,3.3063435659616935,3.3063435659616935,3.3063435659616935,3.3063435659616935,3.3063435659616935,3.3063435659616935,3.3063435659616935,3.3063435659616935,3.3063435659616935,3.3063435659616935,3.3063435659616935,3.3063435659616935,3.3063435659616935,3.3063435659616935,3.3063435659616935,3.3063435659616935,3.3063435659616935,3.3063435659616935,3.3063435659616935,3.3063435659616935,3.3063435659616935,3.3063435659616935,3.3063435659616935,3.3063435659616935,3.3063435659616935,3.3063435659616935,3.3063435659616935,3.3063435659616935,3.3063435659616935,3.3063435659616935,3.3063435659616935,3.3063435659616935,3.3063435659616935,3.3063435659616935,3.3063435659616935,3.3063435659616935,3.3063435659616935,3.3063435659616935,3.3063435659616935,3.3063435659616935,3.3063435659616935,3.3063435659616935,3.3063435659616935,3.3063435659616935,3.3063435659616935,3.3063435659616935,3.3063435659616935,3.3063435659616935,3.3063435659616935,3.3063435659616935,3.3063435659616935,3.3063435659616935,3.3063435659616935,3.3063435659616935,3.3063435659616935,3.3063435659616935,3.3063435659616935,3.3063435659616935,3.3063435659616935,3.3063435659616935,3.3063435659616935,3.3063435659616935,3.3063435659616935,3.3063435659616935,3.3063435659616935,3.3063435659616935,3.3063435659616935,3.3063435659616935,3.3063435659616935,3.3063435659616935,3.3063435659616935,3.3063435659616935,3.3063435659616935,3.3063435659616935,3.3063435659616935,3.3063435659616935,3.3063435659616935,3.3063435659616935,3.3063435659616935,3.3063435659616935,3.3063435659616935,3.3063435659616935,3.3063435659616935,3.3063435659616935,3.3063435659616935,3.3063435659616935,3.3063435659616935,3.3063435659616935,3.3063435659616935,3.3063435659616935,3.3063435659616935,3.3063435659616935,3.3063435659616935,3.3063435659616935,3.3063435659616935,3.3063435659616935,3.3063435659616935,3.3063435659616935,3.3063435659616935,3.3063435659616935,3.3063435659616935,3.3063435659616935,3.3063435659616935,3.3063435659616935,3.3063435659616935,3.3063435659616935,3.3063435659616935,3.3063435659616935,3.3063435659616935,3.3063435659616935,3.3063435659616935,3.3063435659616935,3.3063435659616935,3.3063435659616935,3.3063435659616935,3.3063435659616935,3.3063435659616935,3.3063435659616935,3.3063435659616935,3.3063435659616935,3.3063435659616935,3.3063435659616935,3.3063435659616935,3.3063435659616935,3.3063435659616935,3.3063435659616935,3.3063435659616935,3.3063435659616935,3.3063435659616935,3.3063435659616935,3.3063435659616935,3.3063435659616935,3.3063435659616935,3.3063435659616935,3.3063435659616935,3.3063435659616935,3.3063435659616935,3.3063435659616935,3.3063435659616935,3.3063435659616935,3.3063435659616935,3.3063435659616935,3.3063435659616935,3.3063435659616935,3.3063435659616935,3.3063435659616935,3.3063435659616935,3.3063435659616935,3.3063435659616935,3.3063435659616935,3.3063435659616935,3.3063435659616935,3.3063435659616935,3.3063435659616935,3.3063435659616935,3.3063435659616935,3.3063435659616935,3.3063435659616935,3.3063435659616935,3.3063435659616935,3.3063435659616935,3.3063435659616935,3.3063435659616935,3.3063435659616935,3.3063435659616935,3.3063435659616935,3.3063435659616935,3.3063435659616935,3.3063435659616935,3.3063435659616935,3.3063435659616935,3.3063435659616935,3.3063435659616935,3.3063435659616935,3.3063435659616935,3.3063435659616935,3.3063435659616935,3.3063435659616935,3.3063435659616935,3.3063435659616935,3.3063435659616935,3.3063435659616935,3.3063435659616935,3.3063435659616935,3.3063435659616935,3.3063435659616935,3.3063435659616935,3.3063435659616935,3.3063435659616935,3.3063435659616935,3.3063435659616935,3.3063435659616935,3.3063435659616935,3.3063435659616935,3.3063435659616935,3.3063435659616935,3.3063435659616935,3.3063435659616935,3.3063435659616935,3.3063435659616935,3.3063435659616935,3.3063435659616935,3.3063435659616935,3.3063435659616935,3.3063435659616935,3.3063435659616935,3.3063435659616935,3.3063435659616935,3.3063435659616935,3.3063435659616935,3.3063435659616935,3.3063435659616935,3.3063435659616935,3.3063435659616935,3.3063435659616935,3.3063435659616935,3.3063435659616935,3.3063435659616935,3.3063435659616935,3.3063435659616935,3.3063435659616935,3.3063435659616935,3.3063435659616935,3.3063435659616935,3.3063435659616935,3.3063435659616935,3.3063435659616935,3.3063435659616935,3.3063435659616935,3.3063435659616935,3.3063435659616935,3.3063435659616935,3.3063435659616935,3.3063435659616935,3.3063435659616935,3.3063435659616935,3.3063435659616935,3.3063435659616935,3.3063435659616935,3.3063435659616935,3.3063435659616935,3.3063435659616935,3.3063435659616935,3.3063435659616935,3.3063435659616935,3.3063435659616935,3.3063435659616935,3.3063435659616935,3.3063435659616935,3.3063435659616935,3.3063435659616935,3.3063435659616935,3.3063435659616935,3.3063435659616935,3.3063435659616935,3.3063435659616935,3.3063435659616935,3.3063435659616935,3.3063435659616935,3.3063435659616935,3.3063435659616935,3.3063435659616935,3.3063435659616935,3.3063435659616935,3.3063435659616935,3.3063435659616935,3.3063435659616935,3.3063435659616935,3.3063435659616935,3.3063435659616935,3.3063435659616935,3.3063435659616935,3.3063435659616935,3.3063435659616935,3.3063435659616935,3.3063435659616935,3.3063435659616935,3.3063435659616935,3.3063435659616935,3.3063435659616935,3.3063435659616935,3.3063435659616935,3.3063435659616935,3.3063435659616935,3.3063435659616935,3.3063435659616935,3.3063435659616935,3.3063435659616935,3.3063435659616935,3.3063435659616935,3.3063435659616935,3.3063435659616935,3.3063435659616935,3.3063435659616935,3.3063435659616935,3.3063435659616935,3.3063435659616935,3.3063435659616935,3.3063435659616935,3.3063435659616935,3.3063435659616935,3.3063435659616935,3.3063435659616935,3.3063435659616935,3.3063435659616935,3.3063435659616935,3.3063435659616935,3.3063435659616935,3.3063435659616935,3.3063435659616935,3.3063435659616935,3.3063435659616935,3.3063435659616935,3.3063435659616935,3.3063435659616935,3.3063435659616935,3.3063435659616935,3.3063435659616935,3.3063435659616935,3.3063435659616935,3.3063435659616935,3.3063435659616935,3.3063435659616935,3.3063435659616935,3.3063435659616935,3.3063435659616935,3.3063435659616935,3.3063435659616935,3.3063435659616935,3.3063435659616935,3.3063435659616935,3.3063435659616935,3.3063435659616935,3.3063435659616935,3.3063435659616935,3.3063435659616935,3.3063435659616935,3.3063435659616935,3.3063435659616935,3.3063435659616935,3.3063435659616935,3.3063435659616935,3.3063435659616935,3.3063435659616935,3.3063435659616935,3.3063435659616935,3.3063435659616935,3.3063435659616935,3.3063435659616935,3.3063435659616935,3.3063435659616935,3.3063435659616935,3.3063435659616935,3.3063435659616935,3.3063435659616935,3.3063435659616935,3.3063435659616935,3.3063435659616935,3.3063435659616935,3.3063435659616935,3.3063435659616935,3.3063435659616935,3.3063435659616935,3.3063435659616935,3.3063435659616935,3.3063435659616935,3.3063435659616935,3.3063435659616935,3.3063435659616935,3.3063435659616935,3.3063435659616935,3.3063435659616935,3.3063435659616935,3.3063435659616935,3.3063435659616935,3.3063435659616935,3.3063435659616935,3.3063435659616935,3.3063435659616935,3.3063435659616935,3.3063435659616935,3.3063435659616935,3.3063435659616935,3.3063435659616935,3.3063435659616935,3.3063435659616935,3.3063435659616935,3.3063435659616935,3.3063435659616935,3.3063435659616935,3.3063435659616935,3.3063435659616935,3.3063435659616935,3.3063435659616935,3.3063435659616935,3.3063435659616935,3.3063435659616935,3.3063435659616935,3.3063435659616935,3.3063435659616935,3.3063435659616935,3.3063435659616935,3.3063435659616935,3.3063435659616935,3.3063435659616935,3.3063435659616935,3.3063435659616935,3.3063435659616935,3.3063435659616935,3.3063435659616935,3.3063435659616935,3.3063435659616935,3.3063435659616935,3.3063435659616935,3.3063435659616935,3.3063435659616935,3.3063435659616935,3.3063435659616935,3.3063435659616935,3.3063435659616935,3.3063435659616935,3.3063435659616935,3.3063435659616935,3.3063435659616935,3.3063435659616935,3.3063435659616935,3.3063435659616935,3.3063435659616935,3.3063435659616935,3.3063435659616935,3.3063435659616935,3.3063435659616935,3.3063435659616935,3.3063435659616935,3.3063435659616935,3.3063435659616935,3.3063435659616935,3.3063435659616935,3.3063435659616935,3.3063435659616935,3.3063435659616935,3.3063435659616935,3.3063435659616935,3.3063435659616935,3.3063435659616935,3.3063435659616935,3.3063435659616935,3.3063435659616935,3.3063435659616935,3.3063435659616935,3.3063435659616935,3.3063435659616935,3.3063435659616935,3.3063435659616935,3.3063435659616935,3.3063435659616935,3.3063435659616935,3.3063435659616935,3.3063435659616935,3.3063435659616935,3.3063435659616935,3.3063435659616935,3.3063435659616935,3.3063435659616935,3.3063435659616935,3.3063435659616935,3.3063435659616935,3.3063435659616935,3.3063435659616935,3.3063435659616935,3.3063435659616935,3.3063435659616935,3.3063435659616935,3.3063435659616935,3.3063435659616935,3.3063435659616935,3.3063435659616935,3.3063435659616935,3.3063435659616935,3.3063435659616935,3.3063435659616935,3.3063435659616935,3.3063435659616935,3.3063435659616935,3.3063435659616935,3.3063435659616935,3.3063435659616935,3.3063435659616935,3.3063435659616935,3.3063435659616935,3.3063435659616935,3.3063435659616935,3.3063435659616935,3.3063435659616935,3.3063435659616935,3.3063435659616935,3.3063435659616935,3.3063435659616935,3.3063435659616935,3.3063435659616935,3.3063435659616935,3.3063435659616935,3.3063435659616935,3.3063435659616935,3.3063435659616935,3.3063435659616935,3.3063435659616935,3.3063435659616935,3.3063435659616935,3.3063435659616935,3.3063435659616935,3.3063435659616935,3.3063435659616935,3.3063435659616935,3.3063435659616935,3.3063435659616935,3.3063435659616935,3.3063435659616935,3.3063435659616935,3.3063435659616935,3.3063435659616935,3.3063435659616935,3.3063435659616935,3.3063435659616935,3.3063435659616935,3.3063435659616935,3.3063435659616935,3.3063435659616935,3.3063435659616935,3.3063435659616935,3.3063435659616935,3.3063435659616935,3.3063435659616935,3.3063435659616935,3.3063435659616935,3.3063435659616935,3.3063435659616935,3.3063435659616935,3.3063435659616935,3.3063435659616935,3.3063435659616935,3.3063435659616935,3.3063435659616935,3.3063435659616935,3.3063435659616935,3.3063435659616935,3.3063435659616935,3.3063435659616935,3.3063435659616935,3.3063435659616935,3.3063435659616935,3.3063435659616935,3.3063435659616935,3.3063435659616935,3.3063435659616935,3.3063435659616935,3.3063435659616935,3.3063435659616935,3.3063435659616935,3.3063435659616935,3.3063435659616935,3.3063435659616935,3.2019138724216845,3.2019138724216845,3.2019138724216845,3.2019138724216845,3.2019138724216845,3.2019138724216845,3.2019138724216845,3.2019138724216845,3.2019138724216845,3.2019138724216845,3.2019138724216845,3.2019138724216845,3.2019138724216845,3.2019138724216845,3.2019138724216845,3.2019138724216845,3.2019138724216845,3.2019138724216845,3.2019138724216845,3.2019138724216845,3.2019138724216845,3.2019138724216845,3.2019138724216845,3.2019138724216845,3.2019138724216845,3.2019138724216845,3.2019138724216845,3.2019138724216845,3.2019138724216845,3.2019138724216845,3.2019138724216845,3.2019138724216845,3.2019138724216845,3.2019138724216845,3.2019138724216845,3.2019138724216845,3.2019138724216845,3.2019138724216845,3.2019138724216845,3.2019138724216845,3.2019138724216845,3.2019138724216845,3.2019138724216845,3.2019138724216845,3.2019138724216845,3.2019138724216845,3.2019138724216845,3.2019138724216845,3.2019138724216845,3.2019138724216845,3.2019138724216845,3.2019138724216845,3.2019138724216845,3.2019138724216845,3.2019138724216845,3.2019138724216845,3.2019138724216845,3.2019138724216845,3.2019138724216845,3.2019138724216845,3.2019138724216845,3.2019138724216845,3.2019138724216845,3.2019138724216845,3.2019138724216845,3.2019138724216845,3.2019138724216845,3.2019138724216845,3.2019138724216845,3.2019138724216845,3.2019138724216845,3.2019138724216845,3.2019138724216845,3.2019138724216845,3.2019138724216845,3.2019138724216845,3.2019138724216845,3.2019138724216845,3.2019138724216845,3.2019138724216845,3.2019138724216845,3.2019138724216845,3.2019138724216845,3.2019138724216845,3.2019138724216845,3.2019138724216845,3.2019138724216845,3.2019138724216845,3.2019138724216845,3.2019138724216845,3.2019138724216845,3.2019138724216845,3.2019138724216845,3.2019138724216845,3.2019138724216845,3.2019138724216845,3.2019138724216845,3.2019138724216845,3.2019138724216845,3.2019138724216845,3.2019138724216845,3.2019138724216845,3.2019138724216845,3.2019138724216845,3.2019138724216845,3.2019138724216845,3.2019138724216845,3.2019138724216845,3.2019138724216845,3.2019138724216845,3.2019138724216845,3.2019138724216845,3.2019138724216845,3.2019138724216845,3.2019138724216845,3.2019138724216845,3.2019138724216845,3.2019138724216845,3.2019138724216845,3.2019138724216845,3.2019138724216845,3.2019138724216845,3.2019138724216845,3.2019138724216845,3.2019138724216845,3.2019138724216845,3.2019138724216845,3.2019138724216845,3.2019138724216845,3.2019138724216845,3.2019138724216845,3.2019138724216845,3.2019138724216845,3.2019138724216845,3.2019138724216845,3.2019138724216845,3.2019138724216845,3.2019138724216845,3.2019138724216845,3.2019138724216845,3.2019138724216845,3.2019138724216845,3.2019138724216845,3.2019138724216845,3.2019138724216845,3.2019138724216845,3.2019138724216845,3.2019138724216845,3.2019138724216845,3.2019138724216845,3.2019138724216845,3.2019138724216845,3.2019138724216845,3.2019138724216845,3.2019138724216845,3.2019138724216845,3.2019138724216845,3.2019138724216845,3.2019138724216845,3.2019138724216845,3.2019138724216845,3.2019138724216845,3.2019138724216845,3.2019138724216845,3.2019138724216845,3.2019138724216845,3.2019138724216845,3.2019138724216845,3.2019138724216845,3.2019138724216845,3.2019138724216845,3.2019138724216845,3.2019138724216845,3.2019138724216845,3.2019138724216845,3.2019138724216845,3.2019138724216845,3.2019138724216845,3.2019138724216845,3.2019138724216845,3.2019138724216845,3.2019138724216845,3.2019138724216845,3.2019138724216845,3.2019138724216845,3.2019138724216845,3.2019138724216845,3.2019138724216845,3.2019138724216845,3.2019138724216845,3.2019138724216845,3.1769929999264734,3.1769929999264734,3.1769929999264734,2.659495370545248,2.659495370545248,2.659495370545248,2.659495370545248,2.659495370545248,2.659495370545248,2.659495370545248,2.659495370545248,2.659495370545248,2.659495370545248,2.659495370545248,2.659495370545248,2.659495370545248,2.659495370545248,2.659495370545248,2.659495370545248,2.659495370545248,2.659495370545248,2.659495370545248,2.659495370545248,2.659495370545248,2.659495370545248,2.659495370545248,2.659495370545248,2.659495370545248,2.659495370545248,2.659495370545248,2.659495370545248,2.659495370545248,2.659495370545248,2.659495370545248,2.659495370545248,2.659495370545248,2.659495370545248,2.659495370545248,2.659495370545248,2.659495370545248,2.659495370545248,2.659495370545248,2.659495370545248,2.659495370545248,2.659495370545248,2.659495370545248,2.659495370545248,2.659495370545248,2.659495370545248,2.659495370545248,2.659495370545248,2.659495370545248,2.659495370545248,2.659495370545248,2.659495370545248,2.659495370545248,2.659495370545248,2.659495370545248,2.659495370545248,2.659495370545248,2.659495370545248,2.659495370545248,2.659495370545248,2.659495370545248,2.659495370545248,2.659495370545248,2.659495370545248,2.659495370545248,2.659495370545248,2.659495370545248,2.659495370545248,2.659495370545248,2.659495370545248,2.659495370545248,2.659495370545248,2.659495370545248,2.659495370545248,2.659495370545248,2.659495370545248,2.659495370545248,2.659495370545248,2.659495370545248,2.659495370545248,2.659495370545248,2.659495370545248,2.659495370545248,2.659495370545248,2.659495370545248,2.659495370545248,2.659495370545248,2.659495370545248,2.659495370545248,2.659495370545248,2.659495370545248,2.659495370545248,2.659495370545248,2.659495370545248,2.659495370545248,2.659495370545248,2.659495370545248,2.659495370545248,2.659495370545248,2.659495370545248,2.659495370545248,2.659495370545248,2.659495370545248,2.659495370545248,2.659495370545248,2.659495370545248,2.659495370545248,2.659495370545248,2.659495370545248,2.659495370545248,2.659495370545248,2.659495370545248,2.659495370545248,2.659495370545248,7.992946929687719,7.882598167296064,7.882598167296064,7.80466355213774,6.3817590713923495,6.3817590713923495,6.365190219137459,6.211639749444892,6.211639749444892,5.976519750970572,5.721216760091363,5.721216760091363,5.721216760091363,5.721216760091363,5.721216760091363,5.721216760091363,5.721216760091363,5.721216760091363,5.721216760091363,5.721216760091363,5.721216760091363,5.721216760091363,5.721216760091363,5.721216760091363,5.721216760091363,5.721216760091363,5.721216760091363,5.721216760091363,5.721216760091363,5.721216760091363,5.721216760091363,5.721216760091363,5.721216760091363,5.721216760091363,5.721216760091363,5.721216760091363,5.721216760091363,5.721216760091363,5.721216760091363,5.721216760091363,5.721216760091363,5.721216760091363,5.721216760091363,5.721216760091363,5.721216760091363,5.721216760091363,5.721216760091363,5.721216760091363,5.721216760091363,5.721216760091363,5.721216760091363,5.721216760091363,5.721216760091363,5.721216760091363,5.721216760091363,5.721216760091363,5.721216760091363,5.721216760091363,5.721216760091363,5.721216760091363,5.721216760091363,5.721216760091363,5.721216760091363,5.721216760091363,5.721216760091363,5.721216760091363,5.721216760091363,5.721216760091363,5.721216760091363,5.721216760091363,5.721216760091363,5.721216760091363,5.721216760091363,5.721216760091363,5.721216760091363,5.721216760091363,5.721216760091363,5.721216760091363,5.721216760091363,5.721216760091363,5.721216760091363,5.721216760091363,5.721216760091363,5.721216760091363,5.721216760091363,5.721216760091363,5.721216760091363,5.721216760091363,5.721216760091363,5.721216760091363,5.721216760091363,5.721216760091363,5.721216760091363,5.721216760091363,5.721216760091363,5.721216760091363,5.721216760091363,5.721216760091363,5.721216760091363,5.721216760091363,5.721216760091363,5.721216760091363,5.721216760091363,5.721216760091363,5.721216760091363,5.721216760091363,5.721216760091363,5.721216760091363,5.721216760091363,5.721216760091363,5.721216760091363,5.533873519466053,5.533873519466053,4.556665898108243,3.697943084977507,3.697943084977507,3.697943084977507,3.697943084977507,3.697943084977507,3.697943084977507,3.697943084977507,3.697943084977507,3.697943084977507,3.697943084977507,3.697943084977507,3.697943084977507,3.697943084977507,3.697943084977507,3.697943084977507,3.697943084977507,3.697943084977507,3.697943084977507,3.697943084977507,3.697943084977507,3.697943084977507,3.697943084977507,3.697943084977507,3.697943084977507,3.697943084977507,3.697943084977507,3.697943084977507,3.697943084977507,3.697943084977507,3.697943084977507,3.697943084977507,3.697943084977507,3.697943084977507,3.697943084977507,3.697943084977507,3.697943084977507,3.697943084977507,3.697943084977507,3.697943084977507,3.697943084977507,3.697943084977507,3.697943084977507,3.697943084977507,3.697943084977507,3.697943084977507,3.697943084977507,3.697943084977507,3.697943084977507,3.697943084977507,3.697943084977507,3.697943084977507,3.697943084977507,3.697943084977507,3.697943084977507,3.697943084977507,3.697943084977507,3.697943084977507,3.697943084977507,3.697943084977507,3.697943084977507,3.697943084977507,3.697943084977507,3.697943084977507,3.697943084977507,3.697943084977507,3.697943084977507,3.697943084977507,3.697943084977507,3.697943084977507,3.697943084977507,3.697943084977507,3.697943084977507,3.697943084977507,3.697943084977507,3.697943084977507,3.697943084977507,3.697943084977507,3.697943084977507,3.697943084977507,3.697943084977507,3.697943084977507,3.697943084977507,3.697943084977507,3.697943084977507,3.697943084977507,3.697943084977507,3.697943084977507,3.697943084977507,3.697943084977507,3.6653073362896116,3.6653073362896116,3.6653073362896116,3.6653073362896116,3.6653073362896116,3.6653073362896116,3.6653073362896116,3.6653073362896116,3.6653073362896116,3.6653073362896116,3.6653073362896116,3.6653073362896116,3.6653073362896116,3.6653073362896116,3.6653073362896116,3.6653073362896116,3.6653073362896116,3.6653073362896116,3.6653073362896116,3.6653073362896116,3.6653073362896116,3.6653073362896116,3.6653073362896116,3.6653073362896116,3.6653073362896116,3.6653073362896116,3.6653073362896116,3.6653073362896116,3.6653073362896116,3.6653073362896116,3.6653073362896116,3.6653073362896116,3.6653073362896116,3.6653073362896116,3.6653073362896116,3.6653073362896116,3.6653073362896116,3.6653073362896116,3.6653073362896116,3.6653073362896116,3.6653073362896116,3.6653073362896116,3.6653073362896116,3.6653073362896116,3.6653073362896116,3.6653073362896116,3.6653073362896116,3.6653073362896116,3.6653073362896116,3.6653073362896116,3.6653073362896116,3.6653073362896116,3.6653073362896116,3.6653073362896116,3.6653073362896116,3.6653073362896116,3.6653073362896116,3.6653073362896116,3.6653073362896116,3.6653073362896116,3.6653073362896116,3.6653073362896116,3.6653073362896116,3.6653073362896116,3.6653073362896116,3.6653073362896116,3.6653073362896116,3.6653073362896116,3.6653073362896116,3.6653073362896116,3.6653073362896116,3.6653073362896116,3.6653073362896116,3.6653073362896116,3.6653073362896116,3.6653073362896116,3.6653073362896116,3.6653073362896116,3.6653073362896116,3.6653073362896116,3.6653073362896116,3.6653073362896116,3.6653073362896116,3.6653073362896116,3.6653073362896116,3.6653073362896116,3.6653073362896116,3.6653073362896116,3.6653073362896116,3.6653073362896116,3.6653073362896116,3.6653073362896116,3.6653073362896116,3.6653073362896116,3.6653073362896116,3.6653073362896116,3.6653073362896116,3.6653073362896116,3.6653073362896116,3.6653073362896116,3.6653073362896116,3.6653073362896116,3.6653073362896116,3.6653073362896116,3.6653073362896116,3.6653073362896116,3.6653073362896116,3.6653073362896116,3.6653073362896116,3.6653073362896116,3.6653073362896116,3.6653073362896116,3.6653073362896116,3.6653073362896116,3.6653073362896116,3.6653073362896116,3.6653073362896116,3.6653073362896116,3.6653073362896116,3.6653073362896116,3.6653073362896116,3.6653073362896116,3.6653073362896116,3.6653073362896116,3.6653073362896116,3.6653073362896116,3.6653073362896116,3.6653073362896116,3.6653073362896116,3.6653073362896116,3.6653073362896116,3.6653073362896116,3.6653073362896116,3.6653073362896116,3.6653073362896116,3.6653073362896116,3.6653073362896116,3.6653073362896116,3.6653073362896116,3.6653073362896116,3.6653073362896116,3.6653073362896116,3.6653073362896116,3.6653073362896116,3.6653073362896116,3.6653073362896116,3.6653073362896116,3.6653073362896116,3.6653073362896116,3.6653073362896116,3.6653073362896116,3.6653073362896116,3.6653073362896116,3.6653073362896116,3.6653073362896116,3.6653073362896116,3.6653073362896116,3.6653073362896116,3.6653073362896116,3.6653073362896116,3.6653073362896116,3.6653073362896116,3.6653073362896116,3.6653073362896116,3.6653073362896116,3.6653073362896116,3.6653073362896116,3.6653073362896116,3.6653073362896116,3.6653073362896116,3.6653073362896116,3.6653073362896116,3.6653073362896116,3.6653073362896116,3.6653073362896116,3.6653073362896116,3.6653073362896116,3.6653073362896116,3.6653073362896116,3.6653073362896116,3.6653073362896116,3.6653073362896116,3.6653073362896116,3.6653073362896116,3.6653073362896116,3.6653073362896116,3.6653073362896116,3.6653073362896116,3.6653073362896116,3.6653073362896116,3.6653073362896116,3.6653073362896116,3.6653073362896116,3.6653073362896116,3.6653073362896116,3.6653073362896116,3.6653073362896116,3.6653073362896116,3.6653073362896116,3.6653073362896116,3.6653073362896116,3.6653073362896116,3.6653073362896116,3.6653073362896116,3.6653073362896116,3.6653073362896116,3.6653073362896116,3.6653073362896116,3.6653073362896116,3.6653073362896116,3.6653073362896116,3.6653073362896116,3.6653073362896116,3.6653073362896116,3.6653073362896116,3.6653073362896116,3.6653073362896116,3.6653073362896116,3.6653073362896116,3.6653073362896116,3.6653073362896116,3.6653073362896116,3.6653073362896116,3.6653073362896116,3.6653073362896116,3.6653073362896116,3.6653073362896116,3.6653073362896116,3.6653073362896116,3.6653073362896116,3.6653073362896116,3.6653073362896116,3.6653073362896116,3.6653073362896116,3.6653073362896116,3.6653073362896116,3.6653073362896116,3.6653073362896116,3.6653073362896116,3.6653073362896116,3.6653073362896116,3.6653073362896116,3.6653073362896116,3.6653073362896116,3.6653073362896116,3.6653073362896116,3.6653073362896116,3.6653073362896116,3.6653073362896116,3.6653073362896116,3.6653073362896116,3.6653073362896116,3.6653073362896116,3.6653073362896116,3.6653073362896116,3.6653073362896116,3.6653073362896116,3.6653073362896116,3.6653073362896116,3.6653073362896116,3.6653073362896116,3.6653073362896116,3.6653073362896116,3.6653073362896116,3.6653073362896116,3.6653073362896116,3.6653073362896116,3.6653073362896116,3.6653073362896116,3.6653073362896116,3.6653073362896116,3.6653073362896116,3.6653073362896116,3.6653073362896116,3.6653073362896116,3.6653073362896116,3.6653073362896116,3.6653073362896116,3.6653073362896116,3.6653073362896116,3.6653073362896116,3.6653073362896116,3.6653073362896116,3.6653073362896116,3.6653073362896116,3.6653073362896116,3.6653073362896116,3.6653073362896116,3.6653073362896116,3.6653073362896116,3.6653073362896116,3.6653073362896116,3.6653073362896116,3.6653073362896116,3.6653073362896116,3.6653073362896116,3.6653073362896116,3.6653073362896116,3.6653073362896116,3.6653073362896116,3.6653073362896116,3.6653073362896116,3.6653073362896116,3.6653073362896116,3.6653073362896116,3.6653073362896116,3.6653073362896116,3.6653073362896116,3.6653073362896116,3.6653073362896116,3.6653073362896116,3.6653073362896116,3.6653073362896116,3.6653073362896116,3.6653073362896116,3.6653073362896116,3.6653073362896116,3.6653073362896116,3.6653073362896116,3.6653073362896116,3.6653073362896116,3.6653073362896116,3.6653073362896116,3.6653073362896116,3.6653073362896116,3.6653073362896116,3.6653073362896116,3.6653073362896116,3.6653073362896116,3.6653073362896116,3.6653073362896116,3.6653073362896116,3.6653073362896116,3.6653073362896116,3.6653073362896116,3.6653073362896116,3.6653073362896116,3.6653073362896116,3.6653073362896116,3.6653073362896116,3.6653073362896116,3.6653073362896116,3.6653073362896116,3.6653073362896116,3.6653073362896116,3.6653073362896116,3.6653073362896116,3.6653073362896116,3.6653073362896116,3.6653073362896116,3.6653073362896116,3.6653073362896116,3.6653073362896116,3.6653073362896116,3.6653073362896116,3.6653073362896116,3.6653073362896116,3.6653073362896116,3.6653073362896116,3.6653073362896116,3.6653073362896116,3.6653073362896116,3.6653073362896116,3.6653073362896116,3.6653073362896116,3.6653073362896116,3.6653073362896116,3.6653073362896116,3.6653073362896116,3.6653073362896116,3.6653073362896116,3.6653073362896116,3.6653073362896116,3.6653073362896116,3.6653073362896116,3.6653073362896116,3.6653073362896116,3.6653073362896116,3.6653073362896116,3.6653073362896116,3.6653073362896116,3.6653073362896116,3.6653073362896116,3.6653073362896116,3.6653073362896116,3.6653073362896116,3.6653073362896116,3.6653073362896116,3.6653073362896116,3.6653073362896116,3.6653073362896116,3.6653073362896116,3.6653073362896116,3.6653073362896116,3.6653073362896116,3.6653073362896116,3.6653073362896116,3.6653073362896116,3.6653073362896116,3.6653073362896116,3.6653073362896116,3.6653073362896116,3.6653073362896116,3.6653073362896116,3.6653073362896116,3.6653073362896116,3.6653073362896116,3.6653073362896116,3.6653073362896116,3.6653073362896116,3.6653073362896116,3.6653073362896116,3.6653073362896116,3.6653073362896116,3.6653073362896116,3.6653073362896116,3.6653073362896116,3.6653073362896116,3.6653073362896116,3.6653073362896116,3.6653073362896116,3.6653073362896116,3.6653073362896116,3.6653073362896116,3.6653073362896116,3.6653073362896116,3.6653073362896116,3.6653073362896116,3.6653073362896116,3.6653073362896116,3.6653073362896116,3.6653073362896116,3.6653073362896116,3.6653073362896116,3.6653073362896116,3.6653073362896116,3.6653073362896116,3.6653073362896116,3.6653073362896116,3.6653073362896116,3.6653073362896116,3.6653073362896116,3.6653073362896116,3.6653073362896116,3.6653073362896116,3.6653073362896116,3.6653073362896116,3.6653073362896116,3.6653073362896116,3.6653073362896116,3.6653073362896116,3.6653073362896116,3.6653073362896116,3.6653073362896116,3.6653073362896116,3.6653073362896116,3.6653073362896116,3.6653073362896116,3.6653073362896116,3.6653073362896116,3.6653073362896116,3.6653073362896116,3.6653073362896116,3.6653073362896116,3.6653073362896116,3.6653073362896116,3.6653073362896116,3.6653073362896116,3.6653073362896116,3.6653073362896116,3.6653073362896116,3.6653073362896116,3.6653073362896116,3.6653073362896116,3.6653073362896116,3.6653073362896116,3.6653073362896116,3.6653073362896116,3.6653073362896116,3.6653073362896116,3.6653073362896116,3.6653073362896116,3.6653073362896116,3.6653073362896116,3.6653073362896116,3.6653073362896116,3.6653073362896116,3.6653073362896116,3.6653073362896116,3.6653073362896116,3.6653073362896116,3.6653073362896116,3.6653073362896116,3.6653073362896116,3.6653073362896116,3.6653073362896116,3.6653073362896116,3.6653073362896116,3.6653073362896116,3.6653073362896116,3.6653073362896116,3.6653073362896116,3.6653073362896116,3.6653073362896116,3.6653073362896116,3.6653073362896116,3.6653073362896116,3.6653073362896116,3.6653073362896116,3.6653073362896116,3.6653073362896116,3.6653073362896116,3.6653073362896116,3.6653073362896116,3.6653073362896116,3.6653073362896116,3.6653073362896116,3.6653073362896116,3.6653073362896116,3.6653073362896116,3.6653073362896116,3.6653073362896116,3.6653073362896116,3.6653073362896116,3.6653073362896116,3.6653073362896116,3.6653073362896116,3.6653073362896116,3.6653073362896116,3.6653073362896116,3.6653073362896116,3.6653073362896116,3.6653073362896116,3.6653073362896116,3.6653073362896116,3.6653073362896116,3.6653073362896116,3.6653073362896116,3.6653073362896116,3.6653073362896116,3.6653073362896116,3.6653073362896116,3.6653073362896116,3.6653073362896116,3.6653073362896116,3.6653073362896116,3.6653073362896116,3.6653073362896116,3.6653073362896116,3.6653073362896116,3.6653073362896116,3.6653073362896116,3.6653073362896116,3.6653073362896116,3.6653073362896116,3.6653073362896116,3.6653073362896116,3.6653073362896116,3.6653073362896116,3.6653073362896116,3.6653073362896116,3.6653073362896116,3.6653073362896116,3.6653073362896116,3.6653073362896116,3.6653073362896116,3.6653073362896116,3.6653073362896116,3.6653073362896116,3.6653073362896116,3.6653073362896116,3.6653073362896116,3.6653073362896116,3.6653073362896116,3.6653073362896116,3.6653073362896116,3.6653073362896116,3.6653073362896116,3.6653073362896116,3.6653073362896116,3.6653073362896116,3.6653073362896116,3.6653073362896116,3.6653073362896116,3.6653073362896116,3.6653073362896116,3.6653073362896116,3.6653073362896116,3.6653073362896116,3.6653073362896116,3.6653073362896116,3.6653073362896116,3.6653073362896116,3.6653073362896116,3.6653073362896116,3.6653073362896116,3.6653073362896116,3.6653073362896116,3.6653073362896116,3.6653073362896116,3.6653073362896116,3.6653073362896116,3.6653073362896116,3.6653073362896116,3.6653073362896116,3.6653073362896116,3.6653073362896116,3.6653073362896116,3.6653073362896116,3.6653073362896116,3.6653073362896116,3.6653073362896116,3.6653073362896116,3.6653073362896116,3.6653073362896116,3.6653073362896116,3.6653073362896116,3.6653073362896116,3.6653073362896116,3.6653073362896116,3.6653073362896116,3.6653073362896116,3.6653073362896116,3.6653073362896116,3.6653073362896116,3.6653073362896116,3.6653073362896116,3.6653073362896116,3.6653073362896116,3.6653073362896116,3.6653073362896116,3.6653073362896116,3.6653073362896116,3.6653073362896116,3.6653073362896116,3.6653073362896116,3.6653073362896116,3.6653073362896116,3.6653073362896116,3.6653073362896116,3.6653073362896116,3.6653073362896116,3.6653073362896116,3.6653073362896116,3.6653073362896116,3.6653073362896116,3.6653073362896116,3.6653073362896116,3.6653073362896116,3.6653073362896116,3.6653073362896116,3.6653073362896116,3.6653073362896116,3.6653073362896116,3.6653073362896116,3.6653073362896116,3.6653073362896116,3.6653073362896116,3.6653073362896116,3.6653073362896116,3.6653073362896116,3.6653073362896116,3.6653073362896116,3.6653073362896116,3.6653073362896116,3.6653073362896116,3.6653073362896116,3.6653073362896116,3.6653073362896116,3.6653073362896116,3.6653073362896116,3.6653073362896116,3.6653073362896116,3.6653073362896116,3.6653073362896116,3.6653073362896116,3.6653073362896116,3.6653073362896116,3.6653073362896116,3.6653073362896116,3.6653073362896116,3.6653073362896116,3.6653073362896116,3.6653073362896116,3.6653073362896116,3.6653073362896116,3.6653073362896116,3.6653073362896116,3.6653073362896116,3.6653073362896116,3.6653073362896116,3.6653073362896116,3.6653073362896116,3.6653073362896116,3.6653073362896116,3.6653073362896116,3.6653073362896116,3.6653073362896116,3.6653073362896116,3.6653073362896116,3.6653073362896116,3.6653073362896116,3.6653073362896116,3.6653073362896116,3.6653073362896116,3.6653073362896116,3.6653073362896116,3.6653073362896116,3.6653073362896116,3.6653073362896116,3.6653073362896116,3.6653073362896116,3.6653073362896116,3.6653073362896116,3.6653073362896116,3.6653073362896116,3.6653073362896116,3.6653073362896116,3.6653073362896116,3.6653073362896116,3.6653073362896116,3.6653073362896116,3.6653073362896116,3.6653073362896116,3.6653073362896116,3.6653073362896116,3.6653073362896116,3.6653073362896116,3.6653073362896116,3.6653073362896116,3.6653073362896116,3.6653073362896116,3.6653073362896116,3.6653073362896116,3.6653073362896116,3.6653073362896116,3.6653073362896116,3.6653073362896116,3.6653073362896116,3.6653073362896116,3.6653073362896116,3.6653073362896116,3.6653073362896116,3.6653073362896116,3.6653073362896116,3.6653073362896116,3.6653073362896116,3.6653073362896116,3.6653073362896116,3.6653073362896116,3.6653073362896116,3.6653073362896116,3.6653073362896116,3.6653073362896116,3.6653073362896116,3.6653073362896116,3.6653073362896116,3.6653073362896116,3.6653073362896116,3.6653073362896116,3.6653073362896116,3.6653073362896116,3.6653073362896116,3.6653073362896116,3.6653073362896116,3.6653073362896116,3.6653073362896116,3.6653073362896116,3.6653073362896116,3.6653073362896116,3.6653073362896116,3.6653073362896116,3.6653073362896116,3.6653073362896116,3.6653073362896116,3.6653073362896116,3.6653073362896116,3.6653073362896116,3.6653073362896116,3.6653073362896116,3.6653073362896116,3.6653073362896116,3.6653073362896116,3.6653073362896116,3.6653073362896116,3.6653073362896116,3.6653073362896116,3.6653073362896116,3.6653073362896116,3.6653073362896116,3.6653073362896116,3.6653073362896116,3.6653073362896116,3.6653073362896116,3.6653073362896116,3.6653073362896116,3.6653073362896116,8.478434658110457,8.433076080405794,8.433076080405794,8.433076080405794,8.433076080405794,8.433076080405794,8.433076080405794,8.433076080405794,8.433076080405794,8.433076080405794,8.433076080405794,8.433076080405794,8.433076080405794,8.433076080405794,8.433076080405794,8.433076080405794,8.433076080405794,8.433076080405794,8.433076080405794,8.433076080405794,8.433076080405794,8.433076080405794,8.433076080405794,8.176489544689323,8.14704420912345,8.14704420912345,8.14704420912345,8.134849867720392,8.134849867720392,8.134849867720392,8.134849867720392,8.134849867720392,8.134849867720392,8.134849867720392,8.134849867720392,8.134849867720392,8.134849867720392,8.134849867720392,8.134849867720392,8.134849867720392,8.134849867720392,8.134849867720392,8.134849867720392,8.056455610752732,8.056455610752732,8.056455610752732,7.468094536484516,7.468094536484516,7.468094536484516,7.468094536484516,7.468094536484516,7.33422778739469,7.33422778739469,7.33422778739469,7.33422778739469,7.33422778739469,7.33422778739469,7.33422778739469,7.33422778739469,7.33422778739469,7.33422778739469,7.326029619577318,7.326029619577318,7.326029619577318,7.326029619577318,7.326029619577318,7.326029619577318,7.326029619577318,7.096685209126906,7.096685209126906,7.096685209126906,7.096685209126906,7.096685209126906,7.096685209126906,7.096685209126906,7.096685209126906,7.096685209126906,7.096685209126906,7.096685209126906,7.096685209126906,7.096685209126906,7.096685209126906,7.096685209126906,7.096685209126906,7.096685209126906,7.096685209126906,7.096685209126906,7.096685209126906,7.096685209126906,7.096685209126906,7.096685209126906,7.096685209126906,7.096685209126906,7.096685209126906,7.096685209126906,7.096685209126906,7.096685209126906,7.096685209126906,7.096685209126906,7.096685209126906,7.096685209126906,7.096685209126906,7.096685209126906,7.096685209126906,7.096685209126906,7.096685209126906,7.096685209126906,7.096685209126906,7.096685209126906,7.096685209126906,7.096685209126906,7.096685209126906,7.096685209126906,7.096685209126906,7.096685209126906,7.096685209126906,7.096685209126906,7.096685209126906,7.096685209126906,6.961959648635865,6.961959648635865,6.961959648635865,6.961959648635865,6.961959648635865,6.961959648635865,6.961959648635865,6.961959648635865,6.961959648635865,6.961959648635865,6.961959648635865,6.789057808822904,6.789057808822904,6.789057808822904,6.789057808822904,6.789057808822904,6.789057808822904,6.789057808822904,6.522473367515568,6.522473367515568,6.027112373920888,6.027112373920888,6.027112373920888,6.027112373920888,6.027112373920888,6.027112373920888,6.027112373920888,6.027112373920888,6.027112373920888,6.027112373920888,6.027112373920888,6.027112373920888,6.027112373920888,6.027112373920888,6.027112373920888,6.027112373920888,6.027112373920888,6.027112373920888,6.027112373920888,6.027112373920888,6.027112373920888,6.027112373920888,6.027112373920888,6.027112373920888,6.027112373920888,6.027112373920888,6.027112373920888,6.027112373920888,6.027112373920888,6.027112373920888,6.027112373920888,6.027112373920888,6.027112373920888,6.027112373920888,6.027112373920888,6.027112373920888,6.027112373920888,6.027112373920888,6.027112373920888,6.027112373920888,6.027112373920888,6.027112373920888,6.027112373920888,6.027112373920888,6.027112373920888,6.027112373920888,6.027112373920888,6.027112373920888,6.027112373920888,6.027112373920888,6.027112373920888,6.027112373920888,6.027112373920888,4.222321087284064,4.132623681387862,4.128029077823401,4.128029077823401,3.8461740038430094,3.8461740038430094,3.8461740038430094,3.8461740038430094,3.8461740038430094,3.8461740038430094,3.8461740038430094,3.8461740038430094,3.8461740038430094,3.8461740038430094,3.8461740038430094,3.8461740038430094,3.8461740038430094,3.8461740038430094,3.8461740038430094,3.8461740038430094,3.8461740038430094,3.8461740038430094,3.8461740038430094,3.8461740038430094,3.8461740038430094,3.8461740038430094,3.8461740038430094,3.8461740038430094,3.8461740038430094,3.8461740038430094,3.8461740038430094,3.8461740038430094,3.8461740038430094,3.8461740038430094,3.8461740038430094,3.8461740038430094,3.8461740038430094,3.8461740038430094,3.8461740038430094,3.8461740038430094,3.8461740038430094,3.8461740038430094,3.8461740038430094,3.8461740038430094,3.8461740038430094,3.8461740038430094,3.8461740038430094,3.8461740038430094,3.8461740038430094,3.8461740038430094,3.8461740038430094,3.8461740038430094,3.8461740038430094,3.8461740038430094,3.8461740038430094,3.8461740038430094,3.8461740038430094,3.8461740038430094,3.8461740038430094,3.8461740038430094,3.8461740038430094,3.8461740038430094,3.8461740038430094,3.8461740038430094,3.8461740038430094,3.8461740038430094,3.8461740038430094,3.8461740038430094,3.8461740038430094,3.8461740038430094,3.8461740038430094,3.8461740038430094,3.8461740038430094,3.8461740038430094,3.8461740038430094,3.8461740038430094,3.8461740038430094,3.8461740038430094,3.8461740038430094,3.8461740038430094,3.8461740038430094,3.8461740038430094,3.8461740038430094,3.8461740038430094,3.8461740038430094,3.8461740038430094,3.8461740038430094,3.8461740038430094,3.8461740038430094,3.8461740038430094,3.8461740038430094,3.8461740038430094,3.8461740038430094,3.8461740038430094,3.8461740038430094,3.8461740038430094,3.8461740038430094,3.8461740038430094,3.8461740038430094,3.8461740038430094,3.8461740038430094,3.8461740038430094,3.8461740038430094,3.8461740038430094,3.8461740038430094,3.8461740038430094,3.8461740038430094,3.8461740038430094,3.8461740038430094,3.8461740038430094,3.8461740038430094,3.8461740038430094,3.8461740038430094,3.8461740038430094,3.8461740038430094,3.8461740038430094,3.8461740038430094,3.8461740038430094,3.8461740038430094,3.8461740038430094,3.8461740038430094,3.8461740038430094,3.8461740038430094,3.8461740038430094,3.8461740038430094,3.8461740038430094,3.8461740038430094,3.8461740038430094,3.8461740038430094,3.8461740038430094,3.8461740038430094,3.8461740038430094,3.8461740038430094,3.8461740038430094,3.8461740038430094,3.8461740038430094,3.8461740038430094,3.8461740038430094,3.8461740038430094,3.8461740038430094,3.8461740038430094,3.8461740038430094,3.8461740038430094,3.8461740038430094,3.8461740038430094,3.8461740038430094,3.8461740038430094,3.8461740038430094,3.8461740038430094,3.8461740038430094,3.8461740038430094,3.8461740038430094,3.8461740038430094,3.8461740038430094,3.8461740038430094,3.8461740038430094,3.8461740038430094,3.8461740038430094,3.8461740038430094,3.8461740038430094,3.8461740038430094,3.8461740038430094,3.8461740038430094,3.8461740038430094,3.8461740038430094,3.8461740038430094,3.8461740038430094,3.8461740038430094,3.8461740038430094,3.8461740038430094,3.8461740038430094,3.8461740038430094,3.8461740038430094,3.8461740038430094,3.8461740038430094,3.8461740038430094,3.8461740038430094,3.8461740038430094,3.8461740038430094,3.8461740038430094,3.8461740038430094,3.8461740038430094,3.8461740038430094,3.8461740038430094,3.8461740038430094,3.8461740038430094,3.8461740038430094,3.8461740038430094,3.8461740038430094,3.8461740038430094,3.8461740038430094,3.8461740038430094,3.8461740038430094,3.8461740038430094,3.8461740038430094,3.8461740038430094,3.8461740038430094,3.8461740038430094,3.8461740038430094,3.8461740038430094,3.8461740038430094,3.8461740038430094,3.8461740038430094,3.8461740038430094,3.8461740038430094,3.8461740038430094,3.8461740038430094,3.8461740038430094,3.8461740038430094,3.8461740038430094,3.8461740038430094,3.8461740038430094,3.8461740038430094,3.8461740038430094,3.8461740038430094,3.8461740038430094,3.8461740038430094,3.8461740038430094,3.8461740038430094,3.8461740038430094,3.8461740038430094,3.8461740038430094,3.8461740038430094,3.8461740038430094,3.8461740038430094,3.8461740038430094,3.8461740038430094,3.8461740038430094,3.8461740038430094,3.8461740038430094,3.8461740038430094,3.8461740038430094,3.8461740038430094,3.8461740038430094,3.8461740038430094,3.8461740038430094,3.8461740038430094,3.8461740038430094,3.8461740038430094,3.8461740038430094,3.8461740038430094,3.8461740038430094,3.8461740038430094,3.8461740038430094,3.8461740038430094,3.8461740038430094,3.8461740038430094,3.8461740038430094,3.8461740038430094,3.8461740038430094,3.8461740038430094,3.8461740038430094,3.8461740038430094,3.8461740038430094,3.8461740038430094,3.8461740038430094,3.8461740038430094,3.8461740038430094,3.8461740038430094,3.8461740038430094,3.8461740038430094,3.8461740038430094,3.8461740038430094,3.8461740038430094,3.8461740038430094,3.8461740038430094,3.8461740038430094,3.8461740038430094,3.8461740038430094,3.8461740038430094,3.8461740038430094,3.8461740038430094,3.8461740038430094,3.8461740038430094,3.8461740038430094,3.8461740038430094,3.8461740038430094,3.8461740038430094,3.8461740038430094,3.8461740038430094,3.8461740038430094,3.8461740038430094,3.8461740038430094,3.8461740038430094,3.8461740038430094,3.8461740038430094,3.8461740038430094,3.8461740038430094,3.8461740038430094,3.8461740038430094,3.8461740038430094,3.8461740038430094,3.8461740038430094,3.8461740038430094,3.8461740038430094,3.8461740038430094,3.8461740038430094,3.8461740038430094,3.8461740038430094,3.8461740038430094,3.8461740038430094,3.8461740038430094,3.8461740038430094,3.8461740038430094,3.8461740038430094,3.8461740038430094,3.8461740038430094,3.8461740038430094,3.8461740038430094,3.8461740038430094,3.8461740038430094,3.8461740038430094,3.8461740038430094,3.8461740038430094,3.8461740038430094,3.8461740038430094,3.8461740038430094,3.8461740038430094,3.8461740038430094,3.8461740038430094,3.8461740038430094,3.8461740038430094,3.8461740038430094,3.8461740038430094,3.8461740038430094,3.8461740038430094,3.8461740038430094,3.8461740038430094,3.8461740038430094,3.8461740038430094,3.8461740038430094,3.8461740038430094,3.8461740038430094,3.8461740038430094,3.8461740038430094,3.8461740038430094,3.8461740038430094,3.8461740038430094,3.8461740038430094,3.8461740038430094,3.8461740038430094,3.8461740038430094,3.8461740038430094,3.8461740038430094,3.8461740038430094,3.8461740038430094,3.8461740038430094,3.8461740038430094,3.8461740038430094,3.8461740038430094,3.8461740038430094,3.8461740038430094,3.8461740038430094,3.8461740038430094,3.8461740038430094,3.8461740038430094,3.8461740038430094,3.8461740038430094,3.8461740038430094,3.8461740038430094,3.8461740038430094,3.8461740038430094,3.8461740038430094,3.8461740038430094,3.8461740038430094,3.8461740038430094,3.8461740038430094,3.8461740038430094,3.8461740038430094,3.8461740038430094,3.8461740038430094,3.8461740038430094,3.8461740038430094,3.8461740038430094,3.8461740038430094,3.8461740038430094,3.8461740038430094,3.8461740038430094,3.8461740038430094,3.8461740038430094,3.8461740038430094,3.8461740038430094,3.8461740038430094,3.8461740038430094,3.8461740038430094,3.8461740038430094,3.8461740038430094,3.8461740038430094,3.8461740038430094,3.8461740038430094,3.8461740038430094,3.8461740038430094,3.8461740038430094,3.8461740038430094,3.8461740038430094,3.8461740038430094,3.8461740038430094,3.8461740038430094,3.8461740038430094,3.8461740038430094,3.8461740038430094,3.8461740038430094,3.8461740038430094,3.8461740038430094,3.8461740038430094,3.8461740038430094,3.8461740038430094,3.8461740038430094,3.8461740038430094,3.8461740038430094,3.8461740038430094,3.8461740038430094,3.8461740038430094,3.8461740038430094,3.8461740038430094,3.8461740038430094,3.8461740038430094,3.8461740038430094,3.8461740038430094,3.8461740038430094,3.8461740038430094,3.8461740038430094,3.8461740038430094,3.8461740038430094,3.8461740038430094,3.8461740038430094,3.8461740038430094,3.8461740038430094,3.8461740038430094,3.8461740038430094,3.8461740038430094,3.8461740038430094,3.8461740038430094,3.8461740038430094,3.8461740038430094,3.8461740038430094,3.8461740038430094,3.8461740038430094,3.8461740038430094,3.8461740038430094,3.8461740038430094,3.8461740038430094,3.8461740038430094,3.8461740038430094,3.8461740038430094,3.8461740038430094,3.8461740038430094,3.8461740038430094,3.8461740038430094,3.8461740038430094,3.8461740038430094,3.8461740038430094,3.8461740038430094,3.8461740038430094,3.8461740038430094,3.8461740038430094,3.8461740038430094,3.8461740038430094,3.8461740038430094,3.8461740038430094,3.8461740038430094,3.8461740038430094,3.8461740038430094,3.8461740038430094,3.8461740038430094,3.8461740038430094,3.8461740038430094,3.8461740038430094,3.8461740038430094,3.8461740038430094,3.8461740038430094,3.8461740038430094,3.8461740038430094,3.8461740038430094,3.8461740038430094,3.8461740038430094,3.8461740038430094,3.8461740038430094,3.8461740038430094,3.8461740038430094,3.8461740038430094,3.8461740038430094,3.8461740038430094,3.8461740038430094,3.8461740038430094,3.8461740038430094,3.8461740038430094,3.8461740038430094,3.8461740038430094,3.8461740038430094,3.8461740038430094,3.8461740038430094,3.8461740038430094,3.8461740038430094,3.8461740038430094,3.8461740038430094,3.8461740038430094,3.8461740038430094,3.8461740038430094,3.8461740038430094,3.8461740038430094,3.8461740038430094,3.8461740038430094,3.8461740038430094,3.8461740038430094,3.8461740038430094,3.8461740038430094,3.8461740038430094,3.8461740038430094,3.8461740038430094,3.8461740038430094,3.8461740038430094,3.8461740038430094,3.8461740038430094,3.8461740038430094,3.8461740038430094,3.8461740038430094,3.8461740038430094,3.8461740038430094,3.8461740038430094,3.8461740038430094,3.8461740038430094,3.8461740038430094,3.8461740038430094,3.8461740038430094,3.8461740038430094,3.8461740038430094,3.8461740038430094,3.8461740038430094,3.8461740038430094,3.8461740038430094,3.8461740038430094,3.8461740038430094,3.8461740038430094,3.8461740038430094,3.8461740038430094,3.8461740038430094,3.8461740038430094,3.8461740038430094,3.8461740038430094,3.8461740038430094,3.8461740038430094,3.8461740038430094,3.8461740038430094,3.8461740038430094,3.8461740038430094,3.8461740038430094,3.8461740038430094,3.8461740038430094,3.8461740038430094,3.8461740038430094,3.8461740038430094,3.8461740038430094,3.8461740038430094,3.8461740038430094,3.8461740038430094,3.8461740038430094,3.8461740038430094,3.8461740038430094,3.8461740038430094,3.8461740038430094,3.8461740038430094,3.8461740038430094,3.8461740038430094,3.8461740038430094,3.8461740038430094,3.8461740038430094,3.8461740038430094,3.8461740038430094,3.8461740038430094,3.8461740038430094,3.8461740038430094,3.8461740038430094,3.8461740038430094,3.8461740038430094,3.8461740038430094,3.8461740038430094,3.8461740038430094,3.8461740038430094,3.8461740038430094,3.8461740038430094,3.8461740038430094,3.8461740038430094,3.8461740038430094,3.8461740038430094,3.8461740038430094,3.8461740038430094,3.8461740038430094,3.8461740038430094,3.8461740038430094,3.8461740038430094,3.8461740038430094,3.8461740038430094,3.8461740038430094,3.8461740038430094,3.8461740038430094,3.8461740038430094,3.8461740038430094,3.8461740038430094,3.8461740038430094,3.8461740038430094,3.8461740038430094,3.8461740038430094,3.8461740038430094,3.8461740038430094,3.8461740038430094,3.8461740038430094,3.8461740038430094,3.8461740038430094,3.8461740038430094,3.8461740038430094,3.8461740038430094,3.8461740038430094,3.8461740038430094,3.8461740038430094,3.8461740038430094,3.8461740038430094,3.8461740038430094,3.8461740038430094,3.8461740038430094,3.8461740038430094,3.8461740038430094,3.8461740038430094,3.8461740038430094,3.8461740038430094,3.8461740038430094,3.8461740038430094,3.8461740038430094,3.8461740038430094,3.8461740038430094,3.8461740038430094,3.8461740038430094,3.8461740038430094,3.8461740038430094,3.8461740038430094,3.8461740038430094,3.8461740038430094,3.8461740038430094,3.8461740038430094,3.8461740038430094,3.8461740038430094,3.8461740038430094,3.8461740038430094,3.8461740038430094,3.8461740038430094,3.8461740038430094,3.8461740038430094,3.8461740038430094,3.8461740038430094,3.8461740038430094,3.8461740038430094,3.8461740038430094,3.8461740038430094,3.8461740038430094,3.8461740038430094,3.8461740038430094,3.8461740038430094,3.8461740038430094,3.8461740038430094,3.8461740038430094,3.8461740038430094,3.8461740038430094,3.8461740038430094,3.8461740038430094,3.8461740038430094,3.8461740038430094,3.8461740038430094,3.8461740038430094,3.8461740038430094,3.8461740038430094,3.8461740038430094,3.8461740038430094,3.8461740038430094,3.8461740038430094,3.8461740038430094,3.8461740038430094,3.8461740038430094,3.8461740038430094,3.8461740038430094,3.8461740038430094,3.8461740038430094,3.8461740038430094,3.8461740038430094,3.8461740038430094,3.8461740038430094,3.8461740038430094,3.8461740038430094,3.8461740038430094,3.8461740038430094,3.8461740038430094,3.8461740038430094,3.8461740038430094,3.8461740038430094,3.8461740038430094,3.8461740038430094,3.8461740038430094,3.8461740038430094,3.8461740038430094,3.8461740038430094,3.8461740038430094,3.8461740038430094,3.8461740038430094,3.8461740038430094,3.8461740038430094,3.8461740038430094,3.8461740038430094,3.8461740038430094,3.8461740038430094,3.8461740038430094,3.8461740038430094,3.8461740038430094,3.8461740038430094,3.8461740038430094,3.8461740038430094,3.8461740038430094,3.8461740038430094,3.8461740038430094,3.8461740038430094,3.8461740038430094,3.8461740038430094,3.8461740038430094,3.8461740038430094,3.8461740038430094,3.8461740038430094,3.8461740038430094,3.8461740038430094,3.8461740038430094,3.8461740038430094,3.8461740038430094,3.8461740038430094,3.8461740038430094,3.8461740038430094,3.8461740038430094,3.8461740038430094,3.8461740038430094,3.8461740038430094,3.8461740038430094,3.8461740038430094,3.8461740038430094,3.8461740038430094,3.8461740038430094,3.8461740038430094,3.8461740038430094,3.8461740038430094,3.8461740038430094,3.8461740038430094,3.8461740038430094,3.8461740038430094,3.8461740038430094,3.8461740038430094,3.8461740038430094,3.8461740038430094,3.8461740038430094,3.8461740038430094,3.8461740038430094,3.8461740038430094,3.8461740038430094,3.8461740038430094,3.8461740038430094,3.8461740038430094,3.8461740038430094,3.8461740038430094,3.8461740038430094,3.8461740038430094,3.8461740038430094,3.8461740038430094,3.8461740038430094,3.8461740038430094,3.8461740038430094,3.8461740038430094,3.8461740038430094,3.8461740038430094,3.8461740038430094,3.8461740038430094,3.8461740038430094,3.8461740038430094,3.8461740038430094,3.8461740038430094,3.8461740038430094,3.8461740038430094,3.8461740038430094,3.8461740038430094,3.8461740038430094,3.8461740038430094,3.8461740038430094,3.8461740038430094,3.8461740038430094,3.8461740038430094,3.8461740038430094,3.8461740038430094,3.8461740038430094,3.8461740038430094,3.8461740038430094,3.8461740038430094,3.8461740038430094,3.8461740038430094,3.8461740038430094,3.8461740038430094,3.8461740038430094,3.8461740038430094,3.8461740038430094,3.8461740038430094,3.8461740038430094,3.8461740038430094,3.8461740038430094,3.8461740038430094,3.8461740038430094,3.8461740038430094,7.202462324574133,7.1075177113550625,7.087186617104907,7.087186617104907,7.087186617104907,6.899750872004999,5.746541120632381,5.546089417431653,5.546089417431653,5.546089417431653,5.521296802572222,5.521296802572222,5.521296802572222,5.521296802572222,5.521296802572222,5.521296802572222,5.521296802572222,5.521296802572222,5.521296802572222,5.521296802572222,5.521296802572222,5.521296802572222,5.521296802572222,5.521296802572222,5.521296802572222,5.521296802572222,5.521296802572222,5.521296802572222,5.521296802572222,5.521296802572222,5.521296802572222,5.521296802572222,5.521296802572222,5.521296802572222,5.521296802572222,5.521296802572222,5.521296802572222,5.521296802572222,5.521296802572222,5.521296802572222,5.521296802572222,5.521296802572222,5.521296802572222,5.521296802572222,5.521296802572222,5.521296802572222,5.521296802572222,5.521296802572222,5.521296802572222,5.521296802572222,5.521296802572222,5.521296802572222,5.521296802572222,5.521296802572222,5.521296802572222,5.521296802572222,5.521296802572222,5.521296802572222,5.521296802572222,5.521296802572222,5.521296802572222,5.521296802572222,5.521296802572222,5.521296802572222,5.521296802572222,5.521296802572222,5.521296802572222,5.521296802572222,5.521296802572222,5.521296802572222,5.521296802572222,5.521296802572222,5.521296802572222,5.521296802572222,5.521296802572222,5.521296802572222,5.521296802572222,5.521296802572222,5.521296802572222,5.521296802572222,5.521296802572222,5.521296802572222,5.521296802572222,5.521296802572222,5.521296802572222,5.521296802572222,5.521296802572222,5.521296802572222,5.521296802572222,5.521296802572222,5.521296802572222,5.521296802572222,5.521296802572222,5.521296802572222,5.521296802572222,5.521296802572222,5.521296802572222,5.521296802572222,5.521296802572222,5.521296802572222,5.521296802572222,5.521296802572222,5.521296802572222,5.521296802572222,5.521296802572222,5.521296802572222,5.521296802572222,5.521296802572222,5.521296802572222,5.468107028274513,5.468107028274513,4.398718043448082,4.398718043448082,4.398718043448082,4.398718043448082,4.398718043448082,4.398718043448082,4.398718043448082,4.398718043448082,4.398718043448082,4.398718043448082,4.398718043448082,4.398718043448082,4.398718043448082,4.398718043448082,4.398718043448082,4.398718043448082,4.398718043448082,4.398718043448082,4.398718043448082,4.398718043448082,4.398718043448082,4.398718043448082,4.398718043448082,4.398718043448082,4.398718043448082,4.398718043448082,4.398718043448082,4.398718043448082,4.398718043448082,4.398718043448082,4.398718043448082,4.398718043448082,4.398718043448082,4.398718043448082,4.398718043448082,4.398718043448082,4.398718043448082,4.398718043448082,4.398718043448082,4.398718043448082,4.398718043448082,4.398718043448082,4.398718043448082,4.398718043448082,4.398718043448082,4.398718043448082,4.398718043448082,4.398718043448082,4.398718043448082,4.398718043448082,4.398718043448082,4.398718043448082,4.398718043448082,4.398718043448082,4.398718043448082,4.398718043448082,4.398718043448082,4.398718043448082,4.398718043448082,4.398718043448082,4.398718043448082,4.398718043448082,4.398718043448082,4.398718043448082,4.398718043448082,4.398718043448082,4.398718043448082,4.398718043448082,4.398718043448082,4.398718043448082,4.398718043448082,4.398718043448082,4.398718043448082,4.398718043448082,4.398718043448082,4.398718043448082,4.398718043448082,4.398718043448082,4.398718043448082,4.398718043448082,4.398718043448082,4.398718043448082,4.398718043448082,4.398718043448082,4.398718043448082,4.398718043448082,4.398718043448082,4.398718043448082,4.398718043448082,4.398718043448082,4.398718043448082,4.398718043448082,4.398718043448082,4.398718043448082,4.398718043448082,4.398718043448082,4.398718043448082,4.398718043448082,4.398718043448082,4.398718043448082,4.398718043448082,4.398718043448082,4.398718043448082,4.398718043448082,4.398718043448082,4.398718043448082,4.398718043448082,4.398718043448082,4.398718043448082,4.398718043448082,4.398718043448082,4.398718043448082,4.398718043448082,4.398718043448082,4.398718043448082,4.398718043448082,4.398718043448082,4.398718043448082,4.398718043448082,4.398718043448082,4.398718043448082,4.398718043448082,4.398718043448082,4.398718043448082,4.398718043448082,4.398718043448082,4.398718043448082,4.398718043448082,4.398718043448082,4.398718043448082,4.398718043448082,4.398718043448082,4.398718043448082,4.398718043448082,4.398718043448082,4.398718043448082,4.398718043448082,4.398718043448082,4.398718043448082,4.398718043448082,4.398718043448082,4.398718043448082,4.398718043448082,4.398718043448082,4.398718043448082,4.398718043448082,4.398718043448082,4.398718043448082,4.398718043448082,4.398718043448082,4.398718043448082,4.398718043448082,4.398718043448082,4.398718043448082,4.398718043448082,4.398718043448082,4.398718043448082,4.398718043448082,4.398718043448082,4.398718043448082,4.398718043448082,4.398718043448082,4.398718043448082,4.398718043448082,4.398718043448082,4.398718043448082,4.398718043448082,4.398718043448082,4.398718043448082,4.398718043448082,4.398718043448082,4.398718043448082,4.398718043448082,4.398718043448082,4.398718043448082,4.398718043448082,4.398718043448082,4.398718043448082,4.398718043448082,4.398718043448082,4.398718043448082,4.398718043448082,4.398718043448082,4.398718043448082,4.398718043448082,4.398718043448082,4.398718043448082,4.398718043448082,4.398718043448082,4.398718043448082,4.398718043448082,4.398718043448082,4.398718043448082,4.398718043448082,4.398718043448082,4.398718043448082,4.398718043448082,4.293645783735871,4.142993860560269,4.086078352839105,4.009846148433344,4.009846148433344,4.009846148433344,4.009846148433344,4.009846148433344,4.009846148433344,4.009846148433344,4.009846148433344,4.009846148433344,4.009846148433344,4.009846148433344,4.009846148433344,4.009846148433344,4.009846148433344,4.009846148433344,4.009846148433344,4.009846148433344,4.009846148433344,4.009846148433344,4.009846148433344,4.009846148433344,4.009846148433344,4.009846148433344,4.009846148433344,4.009846148433344,4.009846148433344,4.009846148433344,4.009846148433344,4.009846148433344,4.009846148433344,4.009846148433344,4.009846148433344,4.009846148433344,4.009846148433344,4.009846148433344,4.009846148433344,4.009846148433344,4.009846148433344,4.009846148433344,4.009846148433344,4.009846148433344,4.009846148433344,4.009846148433344,4.009846148433344,4.009846148433344,4.009846148433344,4.009846148433344,4.009846148433344,4.009846148433344,4.009846148433344,4.009846148433344,4.009846148433344,4.009846148433344,4.009846148433344,4.009846148433344,4.009846148433344,4.009846148433344,4.009846148433344,4.009846148433344,4.009846148433344,4.009846148433344,4.009846148433344,4.009846148433344,4.009846148433344,4.009846148433344,4.009846148433344,4.009846148433344,4.009846148433344,4.009846148433344,4.009846148433344,4.009846148433344,4.009846148433344,4.009846148433344,4.009846148433344,4.009846148433344,4.009846148433344,4.009846148433344,4.009846148433344,4.009846148433344,4.009846148433344,4.009846148433344,4.009846148433344,4.009846148433344,4.009846148433344,4.009846148433344,4.009846148433344,4.009846148433344,4.009846148433344,4.009846148433344,4.009846148433344,4.009846148433344,4.009846148433344,4.009846148433344,4.009846148433344,4.009846148433344,4.009846148433344,4.009846148433344,4.009846148433344,4.009846148433344,4.009846148433344,4.009846148433344,4.009846148433344,4.009846148433344,4.009846148433344,4.009846148433344,4.009846148433344,4.009846148433344,4.009846148433344,4.009846148433344,4.009846148433344,4.009846148433344,4.009846148433344,4.009846148433344,4.009846148433344,4.009846148433344,4.009846148433344,4.009846148433344,4.009846148433344,4.009846148433344,4.009846148433344,4.009846148433344,4.009846148433344,4.009846148433344,4.009846148433344,4.009846148433344,4.009846148433344,4.009846148433344,4.009846148433344,4.009846148433344,4.009846148433344,4.009846148433344,4.009846148433344,4.009846148433344,4.009846148433344,4.009846148433344,4.009846148433344,4.009846148433344,4.009846148433344,4.009846148433344,4.009846148433344,4.009846148433344,4.009846148433344,4.009846148433344,4.009846148433344,4.009846148433344,4.009846148433344,4.009846148433344,4.009846148433344,4.009846148433344,4.009846148433344,4.009846148433344,4.009846148433344,4.009846148433344,4.009846148433344,4.009846148433344,4.009846148433344,4.009846148433344,4.009846148433344,4.009846148433344,4.009846148433344,4.009846148433344,4.009846148433344,4.009846148433344,4.009846148433344,4.009846148433344,4.009846148433344,4.009846148433344,4.009846148433344,4.009846148433344,4.009846148433344,4.009846148433344,4.009846148433344,4.009846148433344,4.009846148433344,4.009846148433344,4.009846148433344,4.009846148433344,4.009846148433344,4.009846148433344,4.009846148433344,4.009846148433344,4.009846148433344,4.009846148433344,4.009846148433344,4.009846148433344,4.009846148433344,4.009846148433344,4.009846148433344,4.009846148433344,4.009846148433344,4.009846148433344,4.009846148433344,4.009846148433344,4.009846148433344,4.009846148433344,4.009846148433344,4.009846148433344,4.009846148433344,4.009846148433344,4.009846148433344,4.009846148433344,4.009846148433344,4.009846148433344,4.009846148433344,4.009846148433344,4.009846148433344,4.009846148433344,4.009846148433344,4.009846148433344,4.009846148433344,4.009846148433344,4.009846148433344,4.009846148433344,4.009846148433344,4.009846148433344,4.009846148433344,4.009846148433344,4.009846148433344,4.009846148433344,4.009846148433344,4.009846148433344,4.009846148433344,4.009846148433344,4.009846148433344,4.009846148433344,4.009846148433344,4.009846148433344,4.009846148433344,4.009846148433344,4.009846148433344,4.009846148433344,4.009846148433344,4.009846148433344,4.009846148433344,4.009846148433344,4.009846148433344,4.009846148433344,4.009846148433344,4.009846148433344,4.009846148433344,4.009846148433344,4.009846148433344,4.009846148433344,4.009846148433344,4.009846148433344,4.009846148433344,4.009846148433344,4.009846148433344,4.009846148433344,4.009846148433344,4.009846148433344,4.009846148433344,4.009846148433344,4.009846148433344,4.009846148433344,4.009846148433344,4.009846148433344,4.009846148433344,4.009846148433344,4.009846148433344,4.009846148433344,4.009846148433344,4.009846148433344,4.009846148433344,4.009846148433344,4.009846148433344,4.009846148433344,4.009846148433344,4.009846148433344,4.009846148433344,4.009846148433344,4.009846148433344,4.009846148433344,4.009846148433344,4.009846148433344,4.009846148433344,4.009846148433344,4.009846148433344,4.009846148433344,4.009846148433344,4.009846148433344,4.009846148433344,4.009846148433344,4.009846148433344,4.009846148433344,4.009846148433344,4.009846148433344,4.009846148433344,4.009846148433344,4.009846148433344,4.009846148433344,4.009846148433344,4.009846148433344,4.009846148433344,4.009846148433344,4.009846148433344,4.009846148433344,4.009846148433344,4.009846148433344,4.009846148433344,4.009846148433344,4.009846148433344,4.009846148433344,4.009846148433344,4.009846148433344,4.009846148433344,4.009846148433344,4.009846148433344,4.009846148433344,4.009846148433344,4.009846148433344,4.009846148433344,4.009846148433344,4.009846148433344,4.009846148433344,4.009846148433344,4.009846148433344,4.009846148433344,4.009846148433344,4.009846148433344,4.009846148433344,4.009846148433344,4.009846148433344,4.009846148433344,4.009846148433344,4.009846148433344,4.009846148433344,4.009846148433344,4.009846148433344,4.009846148433344,4.009846148433344,4.009846148433344,4.009846148433344,4.009846148433344,4.009846148433344,4.009846148433344,4.009846148433344,4.009846148433344,4.009846148433344,4.009846148433344,4.009846148433344,4.009846148433344,4.009846148433344,4.009846148433344,4.009846148433344,4.009846148433344,4.009846148433344,4.009846148433344,4.009846148433344,4.009846148433344,4.009846148433344,4.009846148433344,4.009846148433344,4.009846148433344,4.009846148433344,4.009846148433344,4.009846148433344,4.009846148433344,4.009846148433344,4.009846148433344,4.009846148433344,4.009846148433344,4.009846148433344,4.009846148433344,4.009846148433344,4.009846148433344,4.009846148433344,4.009846148433344,4.009846148433344,4.009846148433344,4.009846148433344,4.009846148433344,4.009846148433344,4.009846148433344,4.009846148433344,4.009846148433344,4.009846148433344,4.009846148433344,4.009846148433344,4.009846148433344,4.009846148433344,4.009846148433344,4.009846148433344,3.415685854842204,3.415685854842204,3.415685854842204,3.415685854842204,3.415685854842204,3.415685854842204,3.415685854842204,3.415685854842204,3.415685854842204,3.415685854842204,3.415685854842204,3.415685854842204,3.415685854842204,3.415685854842204,3.415685854842204,3.415685854842204,3.415685854842204,3.415685854842204,3.415685854842204,3.415685854842204,3.415685854842204,3.415685854842204,3.415685854842204,3.415685854842204,3.415685854842204,3.415685854842204,3.415685854842204,3.415685854842204,3.415685854842204,3.415685854842204,3.415685854842204,3.415685854842204,3.415685854842204,3.415685854842204,3.415685854842204,3.415685854842204,3.415685854842204,3.415685854842204,3.415685854842204,3.415685854842204,3.415685854842204,3.415685854842204,3.415685854842204,3.415685854842204,3.415685854842204,3.415685854842204,3.415685854842204,3.415685854842204,3.415685854842204,3.415685854842204,3.415685854842204,3.415685854842204,3.415685854842204,3.415685854842204,3.415685854842204,3.415685854842204,3.415685854842204,3.415685854842204,3.415685854842204,3.415685854842204,3.415685854842204,3.415685854842204,3.415685854842204,3.415685854842204,3.415685854842204,3.415685854842204,3.415685854842204,3.415685854842204,3.415685854842204,3.415685854842204,3.415685854842204,3.415685854842204,3.415685854842204,3.415685854842204,3.415685854842204,3.415685854842204,3.415685854842204,3.415685854842204,3.415685854842204,3.415685854842204,3.415685854842204,3.415685854842204,3.415685854842204,3.415685854842204,3.415685854842204,3.415685854842204,3.415685854842204,3.415685854842204,3.415685854842204,3.415685854842204,3.415685854842204,3.415685854842204,3.415685854842204,3.415685854842204,3.415685854842204,3.415685854842204,3.415685854842204,3.415685854842204,3.415685854842204,3.415685854842204,3.415685854842204,3.415685854842204,3.415685854842204,3.415685854842204,3.415685854842204,3.415685854842204,3.415685854842204,3.415685854842204,3.415685854842204,3.415685854842204,3.415685854842204,3.415685854842204,3.415685854842204,3.415685854842204,3.415685854842204,3.415685854842204,3.415685854842204,3.415685854842204,3.415685854842204,3.415685854842204,3.415685854842204,3.415685854842204,3.415685854842204,3.415685854842204,3.415685854842204,3.415685854842204,3.415685854842204,3.415685854842204,3.415685854842204,3.415685854842204,3.415685854842204,3.415685854842204,3.415685854842204,3.415685854842204,3.415685854842204,3.415685854842204,3.415685854842204,3.415685854842204,3.415685854842204,3.415685854842204,3.415685854842204,3.415685854842204,3.415685854842204,3.415685854842204,3.415685854842204,3.415685854842204,3.415685854842204,3.415685854842204,3.415685854842204,3.415685854842204,3.415685854842204,3.415685854842204,3.415685854842204,3.415685854842204,3.415685854842204,3.415685854842204,3.415685854842204,3.415685854842204,3.415685854842204,3.415685854842204,3.415685854842204,3.415685854842204,3.415685854842204,3.415685854842204,3.415685854842204,3.415685854842204,3.415685854842204,3.415685854842204,3.415685854842204,3.415685854842204,3.415685854842204,3.415685854842204,3.415685854842204,3.415685854842204,3.415685854842204,3.415685854842204,3.415685854842204,3.415685854842203,3.415685854842203,3.415685854842203,3.415685854842203,3.415685854842203,3.415685854842203,3.415685854842203,3.415685854842203,3.415685854842203,3.415685854842203,3.415685854842203,3.415685854842203,3.415685854842203,3.415685854842203,3.415685854842203,3.415685854842203,3.415685854842203,3.415685854842203,3.415685854842203,3.415685854842203,3.415685854842203,3.415685854842203,3.415685854842203,3.415685854842203,3.415685854842203,3.415685854842203,3.415685854842203,3.415685854842203,3.415685854842203,3.415685854842203,3.415685854842203,3.415685854842203,3.415685854842203,3.415685854842203,3.415685854842203,3.415685854842203,3.415685854842203,3.415685854842203,3.415685854842203,3.415685854842203,3.415685854842203,3.415685854842203,3.415685854842203,3.415685854842203,3.415685854842203,3.415685854842203,3.415685854842203,3.415685854842203,3.415685854842203,3.415685854842203,3.415685854842203,3.415685854842203,3.415685854842203,3.415685854842203,3.415685854842203,3.415685854842203,3.415685854842203,3.1400393439796392,3.1400393439796392,3.1400393439796392,3.1400393439796392,3.1400393439796392,3.1400393439796392,3.1400393439796392,3.1400393439796392,3.1400393439796392,3.1400393439796392,3.1400393439796392,3.1400393439796392,3.1400393439796392,3.1400393439796392,3.1400393439796392,3.1400393439796392,3.1400393439796392,3.1400393439796392,3.1400393439796392,3.1400393439796392,3.1400393439796392,3.1400393439796392,3.1400393439796392,3.1400393439796392,3.1400393439796392,3.1400393439796392,3.1400393439796392,3.1400393439796392,3.1400393439796392,3.1400393439796392,3.1400393439796392,3.1400393439796392,3.1400393439796392,3.1400393439796392,3.1400393439796392,3.1400393439796392,3.1400393439796392,3.1400393439796392,3.1400393439796392,3.1400393439796392,3.1400393439796392,3.1400393439796392,3.1400393439796392,3.1400393439796392,3.1400393439796392,3.1400393439796392,3.1400393439796392,3.1400393439796392,3.1400393439796392,3.1400393439796392,3.1400393439796392,3.1400393439796392,3.1400393439796392,3.1400393439796392,3.1400393439796392,3.1400393439796392,3.1400393439796392,3.1400393439796392,3.1400393439796392,3.1400393439796392,3.1400393439796392,3.1400393439796392,3.1400393439796392,3.1400393439796392,3.1400393439796392,3.1400393439796392,3.1400393439796392,3.1400393439796392,3.1400393439796392,3.1400393439796392,3.1400393439796392,3.1400393439796392,9.246608658827343,7.406557519875503,7.406557519875503,7.406557519875503,7.406557519875503,7.406557519875503,7.406557519875503,7.406557519875503,7.406557519875503,7.406557519875503,7.237234171793091,7.022247015196157,7.022247015196157,7.022247015196157,7.022247015196157,7.022247015196157,7.022247015196157,7.022247015196157,7.022247015196157,7.022247015196157,7.022247015196157,7.022247015196157,7.022247015196157,7.022247015196157,7.022247015196157,7.022247015196157,7.022247015196157,7.022247015196157,7.022247015196157,7.022247015196157,7.022247015196157,7.022247015196157,7.022247015196157,7.022247015196157,7.022247015196157,7.022247015196157,7.022247015196157,7.022247015196157,7.022247015196157,7.022247015196157,7.022247015196157,7.022247015196157,7.022247015196157,7.022247015196157,7.022247015196157,7.022247015196157,7.022247015196157,7.022247015196157,7.022247015196157,7.022247015196157,7.022247015196157,7.022247015196157,7.022247015196157,7.022247015196157,7.022247015196157,6.873082699398628,6.873082699398628,6.873082699398628,6.873082699398628,6.873082699398628,6.873082699398628,6.873082699398628,6.873082699398628,6.873082699398628,6.873082699398628,6.873082699398628,6.873082699398628,6.873082699398628,6.873082699398628,6.873082699398628,6.873082699398628,6.873082699398628,6.873082699398628,6.873082699398628,6.873082699398628,6.873082699398628,6.873082699398628,6.873082699398628,6.873082699398628,6.873082699398628,6.873082699398628,6.873082699398628,6.873082699398628,6.873082699398628,6.873082699398628,6.873082699398628,6.873082699398628,6.873082699398628,6.873082699398628,6.873082699398628,6.873082699398628,6.873082699398628,6.873082699398628,6.873082699398628,6.873082699398628,6.873082699398628,6.873082699398628,6.873082699398628,6.873082699398628,6.873082699398628,6.873082699398628,6.873082699398628,6.873082699398628,6.873082699398628,6.873082699398628,6.873082699398628,6.873082699398628,6.873082699398628,6.873082699398628,6.873082699398628,6.873082699398628,6.873082699398628,6.873082699398628,6.873082699398628,6.873082699398628,6.873082699398628,6.873082699398628,6.873082699398628,6.873082699398628,6.873082699398628,5.8157343079863315,5.169533373836836,5.147866474202136,5.147866474202136,5.147866474202136,5.147866474202136,5.147866474202136,5.147866474202136,5.147866474202136,5.147866474202136,5.147866474202136,5.12735552910962,5.12735552910962,5.12735552910962,5.12735552910962,5.12735552910962,5.12735552910962,5.12735552910962,5.12735552910962,5.12735552910962,4.931105894733123,4.931105894733123,4.931105894733123,4.931105894733123,4.931105894733123,4.931105894733123,4.931105894733123,4.931105894733123,4.931105894733123,4.869018571933386,4.869018571933386,4.869018571933386,4.869018571933386,4.869018571933386,4.869018571933386,4.869018571933386,4.869018571933386,4.869018571933386,4.869018571933386,4.869018571933386,4.869018571933386,4.869018571933386,4.869018571933386,4.869018571933386,4.869018571933386,4.869018571933386,4.869018571933386,4.869018571933386,4.869018571933386,4.869018571933386,4.869018571933386,4.869018571933386,4.869018571933386,4.869018571933386,4.869018571933386,4.869018571933386,4.869018571933386,4.869018571933386,4.869018571933386,4.869018571933386,4.869018571933386,4.869018571933386,4.869018571933386,4.869018571933386,4.869018571933386,4.869018571933386,4.869018571933386,4.869018571933386,4.869018571933386,4.869018571933386,4.869018571933386,4.869018571933386,4.869018571933386,4.869018571933386,4.869018571933386,4.869018571933386,4.869018571933386,4.869018571933386,4.869018571933386,4.869018571933386,4.869018571933386,4.869018571933386,4.869018571933386,4.869018571933386,4.869018571933386,4.869018571933386,4.869018571933386,4.869018571933386,4.869018571933386,4.869018571933386,4.869018571933386,4.869018571933386,4.869018571933386,4.869018571933386,4.869018571933386,4.869018571933386,4.869018571933386,4.869018571933386,4.869018571933386,4.869018571933386,4.869018571933386,4.869018571933386,4.869018571933386,4.869018571933386,4.869018571933386,4.869018571933386,4.869018571933386,4.869018571933386,4.869018571933386,4.869018571933386,4.869018571933386,4.869018571933386,4.869018571933386,4.869018571933386,4.869018571933386,4.869018571933386,4.869018571933386,4.869018571933386,4.869018571933386,4.869018571933386,4.869018571933386,4.869018571933386,4.869018571933386,4.869018571933386,4.869018571933386,4.869018571933386,4.869018571933386,4.869018571933386,4.869018571933386,4.869018571933386,4.869018571933386,4.869018571933386,4.869018571933386,4.869018571933386,4.869018571933386,4.869018571933386,4.869018571933386,4.869018571933386,4.869018571933386,4.869018571933386,4.869018571933386,4.869018571933386,4.869018571933386,4.869018571933386,4.869018571933386,4.869018571933386,4.869018571933386,4.869018571933386,4.869018571933386,4.869018571933386,4.869018571933386,4.869018571933386,4.869018571933386,4.869018571933386,4.869018571933386,4.869018571933386,4.869018571933386,4.869018571933386,4.869018571933386,4.869018571933386,4.869018571933386,4.869018571933386,4.869018571933386,4.869018571933386,4.869018571933386,4.869018571933386,4.869018571933386,4.869018571933386,4.869018571933386,4.869018571933386,4.869018571933386,4.869018571933386,4.869018571933386,4.869018571933386,4.869018571933386,4.869018571933386,4.869018571933386,4.869018571933386,4.869018571933386,4.869018571933386,4.869018571933386,4.869018571933386,4.869018571933386,4.869018571933386,4.869018571933386,4.869018571933386,4.869018571933386,4.869018571933386,4.869018571933386,4.869018571933386,4.869018571933386,4.869018571933386,4.869018571933386,4.869018571933386,4.869018571933386,4.869018571933386,4.869018571933386,4.869018571933386,4.869018571933386,4.869018571933386,4.869018571933386,4.869018571933386,4.869018571933386,4.869018571933386,4.869018571933386,4.869018571933386,4.869018571933386,4.869018571933386,4.869018571933386,4.869018571933386,4.869018571933386,4.869018571933386,4.869018571933386,4.869018571933386,4.869018571933386,4.869018571933386,4.869018571933386,4.869018571933386,4.869018571933386,4.869018571933386,4.869018571933386,4.869018571933386,4.869018571933386,4.869018571933386,4.869018571933386,4.869018571933386,4.869018571933386,4.869018571933386,4.869018571933386,4.869018571933386,4.869018571933386,4.869018571933386,4.869018571933386,4.869018571933386,4.869018571933386,4.869018571933386,4.869018571933386,4.869018571933386,4.869018571933386,4.869018571933386,4.869018571933386,4.869018571933386,4.869018571933386,4.869018571933386,4.869018571933386,4.869018571933386,4.869018571933386,4.869018571933386,4.869018571933386,4.869018571933386,4.869018571933386,4.869018571933386,4.869018571933386,4.869018571933386,4.869018571933386,4.869018571933386,4.869018571933386,4.869018571933386,4.869018571933386,4.869018571933386,4.869018571933386,4.869018571933386,4.869018571933386,4.869018571933386,4.869018571933386,4.869018571933386,4.869018571933386,4.869018571933386,4.869018571933386,4.869018571933386,4.869018571933386,4.869018571933386,4.869018571933386,4.869018571933386,4.869018571933386,4.869018571933386,4.869018571933386,4.869018571933386,4.869018571933386,4.869018571933386,4.869018571933386,4.869018571933386,4.869018571933386,4.869018571933386,4.869018571933386,4.869018571933386,4.869018571933386,4.869018571933386,4.869018571933386,4.869018571933386,4.869018571933386,4.869018571933386,4.869018571933386,4.869018571933386,4.869018571933386,4.869018571933386,4.869018571933386,4.869018571933386,4.869018571933386,4.869018571933386,4.869018571933386,4.869018571933386,4.869018571933386,4.869018571933386,4.869018571933386,4.869018571933386,4.869018571933386,4.869018571933386,4.869018571933386,4.869018571933386,4.869018571933386,4.869018571933386,4.869018571933386,4.869018571933386,4.869018571933386,4.869018571933386,4.869018571933386,4.869018571933386,4.869018571933386,4.869018571933386,4.869018571933386,4.869018571933386,4.869018571933386,4.869018571933386,4.869018571933386,4.869018571933386,4.869018571933386,4.869018571933386,4.869018571933386,4.869018571933386,4.869018571933386,4.869018571933386,4.869018571933386,4.869018571933386,4.869018571933386,4.869018571933386,4.869018571933386,4.869018571933386,4.869018571933386,4.869018571933386,4.869018571933386,4.869018571933386,4.869018571933386,4.869018571933386,4.869018571933386,4.869018571933386,4.869018571933386,4.869018571933386,4.869018571933386,4.869018571933386,4.869018571933386,4.869018571933386,4.869018571933386,4.869018571933386,4.629600554090885,4.629600554090885,4.629600554090885,4.629600554090885,4.629600554090885,4.629600554090885,4.629600554090885,4.629600554090885,4.629600554090885,4.629600554090885,4.629600554090885,4.629600554090885,4.629600554090885,4.629600554090885,4.629600554090885,4.629600554090885,4.629600554090885,4.629600554090885,4.629600554090885,4.629600554090885,4.629600554090885,4.629600554090885,4.629600554090885,4.629600554090885,4.629600554090885,4.629600554090885,4.629600554090885,4.629600554090885,4.629600554090885,4.629600554090885,4.629600554090885,4.629600554090885,4.629600554090885,4.629600554090885,4.629600554090885,4.629600554090885,4.629600554090885,4.629600554090885,4.629600554090885,4.629600554090885,4.629600554090885,4.629600554090885,4.629600554090885,4.629600554090885,4.629600554090885,4.629600554090885,4.629600554090885,4.629600554090885,4.629600554090885,4.629600554090885,4.629600554090885,4.629600554090885,4.629600554090885,4.629600554090885,4.629600554090885,4.629600554090885,4.629600554090885,4.629600554090885,4.629600554090885,4.629600554090885,4.629600554090885,4.629600554090885,4.629600554090885,4.629600554090885,4.629600554090885,4.629600554090885,4.629600554090885,4.629600554090885,4.629600554090885,4.629600554090885,4.629600554090885,4.629600554090885,4.629600554090885,4.629600554090885,4.629600554090885,4.629600554090885,4.629600554090885,4.629600554090885,4.629600554090885,4.629600554090885,4.629600554090885,4.629600554090885,4.629600554090885,4.629600554090885,4.629600554090885,4.629600554090885,4.629600554090885,4.629600554090885,4.629600554090885,4.629600554090885,4.629600554090885,4.629600554090885,4.629600554090885,4.629600554090885,4.629600554090885,4.629600554090885,4.629600554090885,4.629600554090885,4.629600554090885,4.629600554090885,4.629600554090885,4.629600554090885,4.629600554090885,4.629600554090885,4.629600554090885,4.528799161613489,4.528799161613489,4.5156595010990985,4.5156595010990985,4.16472496491401,4.16472496491401,4.16472496491401,4.16472496491401,4.16472496491401,4.16472496491401,4.16472496491401,4.16472496491401,4.16472496491401,4.16472496491401,4.16472496491401,4.16472496491401,4.16472496491401,4.16472496491401,4.16472496491401,4.16472496491401,4.16472496491401,4.16472496491401,4.16472496491401,4.16472496491401,4.16472496491401,4.16472496491401,4.16472496491401,4.16472496491401,4.16472496491401,4.16472496491401,4.16472496491401,4.16472496491401,4.16472496491401,4.16472496491401,4.16472496491401,4.16472496491401,4.16472496491401,4.16472496491401,4.16472496491401,4.16472496491401,4.16472496491401,4.16472496491401,4.16472496491401,4.16472496491401,4.16472496491401,4.16472496491401,4.16472496491401,4.16472496491401,4.16472496491401,4.16472496491401,4.16472496491401,4.16472496491401,4.16472496491401,4.16472496491401,4.16472496491401,4.16472496491401,4.16472496491401,4.16472496491401,4.16472496491401,4.16472496491401,4.16472496491401,4.16472496491401,4.16472496491401,4.16472496491401,4.16472496491401,4.16472496491401,4.16472496491401,4.16472496491401,4.16472496491401,4.16472496491401,4.16472496491401,4.16472496491401,4.16472496491401,4.16472496491401,4.16472496491401,4.16472496491401,4.16472496491401,4.16472496491401,4.16472496491401,4.16472496491401,4.16472496491401,4.16472496491401,4.16472496491401,4.16472496491401,4.16472496491401,4.16472496491401,4.16472496491401,4.16472496491401,4.16472496491401,4.16472496491401,4.16472496491401,4.16472496491401,4.16472496491401,4.16472496491401,4.16472496491401,4.16472496491401,4.16472496491401,4.16472496491401,4.16472496491401,4.16472496491401,4.16472496491401,4.16472496491401,4.16472496491401,4.16472496491401,4.16472496491401,4.16472496491401,4.16472496491401,4.16472496491401,4.16472496491401,4.16472496491401,4.16472496491401,4.16472496491401,4.16472496491401,4.16472496491401,4.16472496491401,4.16472496491401,4.16472496491401,4.16472496491401,4.16472496491401,4.16472496491401,4.16472496491401,4.16472496491401,4.16472496491401,4.16472496491401,4.16472496491401,4.16472496491401,4.16472496491401,4.16472496491401,4.16472496491401,4.16472496491401,4.16472496491401,4.16472496491401,4.16472496491401,4.16472496491401,4.16472496491401,4.16472496491401,4.16472496491401,4.16472496491401,4.16472496491401,4.16472496491401,4.16472496491401,4.16472496491401,4.16472496491401,4.16472496491401,4.16472496491401,4.16472496491401,4.16472496491401,4.16472496491401,4.16472496491401,4.16472496491401,4.16472496491401,4.16472496491401,4.16472496491401,4.16472496491401,4.16472496491401,4.16472496491401,4.16472496491401,4.16472496491401,4.16472496491401,4.16472496491401,4.16472496491401,4.16472496491401,4.16472496491401,4.16472496491401,4.16472496491401,4.16472496491401,4.16472496491401,4.16472496491401,4.16472496491401,4.16472496491401,4.16472496491401,4.16472496491401,4.16472496491401,4.16472496491401,4.16472496491401,4.16472496491401,4.16472496491401,4.16472496491401,4.16472496491401,4.16472496491401,4.16472496491401,4.16472496491401,4.16472496491401,4.16472496491401,4.16472496491401,4.16472496491401,4.16472496491401,4.16472496491401,4.16472496491401,4.16472496491401,4.16472496491401,4.16472496491401,4.16472496491401,4.16472496491401,4.16472496491401,4.16472496491401,4.16472496491401,4.16472496491401,4.16472496491401,4.16472496491401,4.16472496491401,4.16472496491401,4.16472496491401,4.16472496491401,4.16472496491401,4.16472496491401,4.16472496491401,4.16472496491401,4.16472496491401,4.16472496491401,4.16472496491401,4.16472496491401,4.16472496491401,4.16472496491401,4.16472496491401,4.16472496491401,4.16472496491401,4.16472496491401,4.16472496491401,4.16472496491401,4.16472496491401,4.16472496491401,4.16472496491401,4.16472496491401,4.16472496491401,4.16472496491401,4.16472496491401,4.16472496491401,4.16472496491401,4.16472496491401,4.16472496491401,4.16472496491401,4.16472496491401,4.16472496491401,4.16472496491401,4.16472496491401,4.16472496491401,4.16472496491401,4.16472496491401,4.16472496491401,4.16472496491401,4.16472496491401,4.16472496491401,4.16472496491401,4.16472496491401,4.16472496491401,4.16472496491401,4.16472496491401,4.16472496491401,4.16472496491401,4.16472496491401,4.16472496491401,4.16472496491401,4.16472496491401,4.16472496491401,4.16472496491401,4.16472496491401,4.16472496491401,4.16472496491401,4.16472496491401,4.16472496491401,4.16472496491401,4.16472496491401,4.16472496491401,4.16472496491401,4.16472496491401,4.16472496491401,4.16472496491401,4.16472496491401,4.16472496491401,4.16472496491401,4.16472496491401,4.16472496491401,4.16472496491401,4.16472496491401,4.16472496491401,4.16472496491401,4.16472496491401,4.16472496491401,4.16472496491401,4.16472496491401,4.16472496491401,4.16472496491401,4.16472496491401,4.16472496491401,4.16472496491401,4.16472496491401,4.16472496491401,4.16472496491401,4.16472496491401,4.16472496491401,4.16472496491401,4.16472496491401,4.16472496491401,4.16472496491401,4.16472496491401,4.16472496491401,4.16472496491401,4.16472496491401,4.16472496491401,4.16472496491401,4.16472496491401,4.16472496491401,4.16472496491401,4.16472496491401,4.16472496491401,4.16472496491401,4.16472496491401,4.16472496491401,4.16472496491401,4.16472496491401,4.16472496491401,4.16472496491401,4.16472496491401,4.16472496491401,4.16472496491401,4.16472496491401,4.16472496491401,4.16472496491401,4.16472496491401,4.16472496491401,4.16472496491401,4.16472496491401,4.16472496491401,4.16472496491401,4.16472496491401,4.16472496491401,4.16472496491401,4.16472496491401,4.16472496491401,4.16472496491401,4.16472496491401,4.16472496491401,4.16472496491401,4.16472496491401,4.16472496491401,4.16472496491401,4.16472496491401,4.16472496491401,4.16472496491401,4.16472496491401,4.16472496491401,4.16472496491401,4.16472496491401,4.16472496491401,4.16472496491401,4.16472496491401,4.16472496491401,4.16472496491401,4.16472496491401,4.16472496491401,4.16472496491401,4.16472496491401,4.16472496491401,4.16472496491401,4.16472496491401,4.16472496491401,4.16472496491401,4.16472496491401,4.16472496491401,4.16472496491401,4.16472496491401,4.16472496491401,4.16472496491401,4.16472496491401,4.16472496491401,4.16472496491401,4.16472496491401,4.16472496491401,4.16472496491401,4.16472496491401,4.16472496491401,4.16472496491401,4.16472496491401,4.16472496491401,4.16472496491401,4.16472496491401,4.16472496491401,4.16472496491401,4.16472496491401,4.16472496491401,4.16472496491401,4.16472496491401,4.16472496491401,4.16472496491401,4.16472496491401,4.16472496491401,4.16472496491401,4.16472496491401,4.16472496491401,4.16472496491401,4.16472496491401,4.16472496491401,4.16472496491401,4.16472496491401,4.16472496491401,4.16472496491401,4.16472496491401,4.16472496491401,4.16472496491401,4.16472496491401,4.16472496491401,4.16472496491401,4.16472496491401,4.16472496491401,4.16472496491401,4.16472496491401,4.16472496491401,4.16472496491401,4.16472496491401,4.16472496491401,4.16472496491401,4.16472496491401,4.16472496491401,4.16472496491401,4.16472496491401,4.16472496491401,4.16472496491401,4.16472496491401,4.16472496491401,4.16472496491401,7.313569501165559,7.313569501165559,7.313569501165559,7.313569501165559,7.313569501165559,7.313569501165559,7.313569501165559,7.313569501165559,7.313569501165559,7.313569501165559,7.313569501165559,7.313569501165559,7.296141209095949,7.296141209095949,7.296141209095949,7.296141209095949,6.3098890697660615,6.3098890697660615,6.3098890697660615,6.3098890697660615,6.3098890697660615,6.3098890697660615,6.3098890697660615,6.3098890697660615,6.3098890697660615,6.3098890697660615,6.3098890697660615,6.3098890697660615,6.3098890697660615,6.3098890697660615,6.3098890697660615,6.3098890697660615,6.3098890697660615,6.3098890697660615,6.3098890697660615,6.3098890697660615,6.3098890697660615,6.3098890697660615,6.3098890697660615,6.3098890697660615,6.3098890697660615,6.3098890697660615,6.3098890697660615,6.3098890697660615,6.3098890697660615,6.3098890697660615,6.3098890697660615,6.3098890697660615,6.3098890697660615,6.3098890697660615,6.3098890697660615,6.3098890697660615,6.3098890697660615,6.3098890697660615,6.3098890697660615,6.3098890697660615,6.3098890697660615,6.3098890697660615,6.3098890697660615,6.004453401276085,6.004453401276085,6.004453401276085,6.004453401276085,6.004453401276085,6.004453401276085,6.004453401276085,6.004453401276085,6.004453401276085,6.004453401276085,6.004453401276085,6.004453401276085,6.004453401276085,6.004453401276085,6.004453401276085,6.004453401276085,6.004453401276085,6.004453401276085,6.004453401276085,6.004453401276085,6.004453401276085,6.004453401276085,6.004453401276085,6.004453401276085,6.004453401276085,6.004453401276085,6.004453401276085,6.004453401276085,6.004453401276085,6.004453401276085,6.004453401276085,6.004453401276085,6.004453401276085,6.004453401276085,6.004453401276085,6.004453401276085,6.004453401276085,6.004453401276085,6.004453401276085,6.004453401276085,6.004453401276085,6.004453401276085,6.004453401276085,6.004453401276085,6.004453401276085,6.004453401276085,6.004453401276085,6.004453401276085,5.895786989152632,5.895786989152632,5.895786989152632,5.895786989152632,5.895786989152632,5.895786989152632,5.895786989152632,5.895786989152632,5.895786989152632,5.895786989152632,5.895786989152632,5.895786989152632,5.895786989152632,5.895786989152632,5.895786989152632,5.895786989152632,5.895786989152632,5.895786989152632,5.895786989152632,5.895786989152632,5.895786989152632,5.895786989152632,5.895786989152632,5.895786989152632,5.8769835322380795,5.8769835322380795,5.8769835322380795,5.8769835322380795,5.8769835322380795,5.8769835322380795,5.8769835322380795,5.8769835322380795,5.8769835322380795,5.8769835322380795,5.8769835322380795,5.8769835322380795,5.8769835322380795,5.8769835322380795,5.8769835322380795,5.8769835322380795,5.8769835322380795,5.8769835322380795,5.8769835322380795,5.8769835322380795,5.8769835322380795,5.8769835322380795,5.8769835322380795,5.8769835322380795,5.8769835322380795,5.8769835322380795,5.8769835322380795,5.8769835322380795,5.8769835322380795,5.8769835322380795,5.8769835322380795,5.8769835322380795,5.8769835322380795,5.8769835322380795,5.8769835322380795,5.8769835322380795,5.8769835322380795,5.8769835322380795,5.8769835322380795,5.8769835322380795,5.8769835322380795,5.8769835322380795,5.8769835322380795,5.8769835322380795,5.8769835322380795,5.8769835322380795,5.8769835322380795,5.8769835322380795,5.8769835322380795,5.8769835322380795,5.8769835322380795,5.8769835322380795,5.8769835322380795,5.8769835322380795,5.8769835322380795,5.8769835322380795,5.8769835322380795,5.8769835322380795,5.8769835322380795,5.8769835322380795,5.8769835322380795,5.8769835322380795,5.8769835322380795,5.8769835322380795,5.8769835322380795,5.8769835322380795,5.8769835322380795,5.8769835322380795,5.8769835322380795,5.8769835322380795,5.8769835322380795,5.8769835322380795,5.8769835322380795,5.8769835322380795,5.8769835322380795,5.8769835322380795,5.8769835322380795,5.8769835322380795,5.8769835322380795,5.8769835322380795,5.8769835322380795,5.8769835322380795,5.8769835322380795,5.8769835322380795,5.8769835322380795,5.8769835322380795,5.8769835322380795,5.8769835322380795,5.8769835322380795,5.8769835322380795,5.8769835322380795,5.8769835322380795,5.8769835322380795,5.8769835322380795,5.8769835322380795,5.8769835322380795,5.8769835322380795,5.8769835322380795,5.8769835322380795,5.8769835322380795,5.8769835322380795,5.8769835322380795,5.8769835322380795,5.8769835322380795,5.8769835322380795,5.8769835322380795,5.8769835322380795,5.8769835322380795,5.8769835322380795,5.8769835322380795,5.8769835322380795,5.8769835322380795,5.8769835322380795,5.519309130870628,5.050573110656009,4.380233392185849,4.380233392185849,4.380233392185849,4.380233392185849,4.380233392185849,4.380233392185849,4.380233392185849,4.380233392185849,4.380233392185849,4.380233392185849,4.380233392185849,4.380233392185849,4.380233392185849,4.380233392185849,4.380233392185849,4.380233392185849,4.380233392185849,4.380233392185849,4.380233392185849,4.380233392185849,4.380233392185849,4.380233392185849,4.380233392185849,4.380233392185849,4.380233392185849,4.380233392185849,4.380233392185849,4.380233392185849,4.380233392185849,4.380233392185849,4.380233392185849,4.380233392185849,4.380233392185849,4.380233392185849,4.380233392185849,4.380233392185849,4.380233392185849,4.380233392185849,4.380233392185849,4.380233392185849,4.380233392185849,4.380233392185849,4.380233392185849,4.380233392185849,4.380233392185849,4.380233392185849,4.380233392185849,4.380233392185849,4.380233392185849,4.380233392185849,4.380233392185849,4.380233392185849,4.380233392185849,4.380233392185849,4.380233392185849,4.380233392185849,4.380233392185849,4.380233392185849,4.380233392185849,4.380233392185849,4.380233392185849,4.380233392185849,4.380233392185849,4.380233392185849,4.380233392185849,4.380233392185849,4.380233392185849,4.380233392185849,4.380233392185849,4.380233392185849,4.380233392185849,4.380233392185849,4.380233392185849,4.380233392185849,4.380233392185849,4.380233392185849,4.380233392185849,4.380233392185849,4.380233392185849,4.380233392185849,4.380233392185849,4.380233392185849,4.380233392185849,4.380233392185849,4.380233392185849,4.380233392185849,4.380233392185849,4.380233392185849,4.380233392185849,4.380233392185849,4.380233392185849,4.380233392185849,4.380233392185849,4.380233392185849,4.380233392185849,4.380233392185849,4.380233392185849,4.380233392185849,4.380233392185849,4.380233392185849,4.380233392185849,4.380233392185849,4.380233392185849,4.380233392185849,4.380233392185849,4.380233392185849,4.380233392185849,4.380233392185849,4.380233392185849,4.380233392185849,4.380233392185849,4.380233392185849,4.380233392185849,4.380233392185849,4.380233392185849,4.380233392185849,4.380233392185849,4.380233392185849,4.380233392185849,4.380233392185849,4.380233392185849,4.380233392185849,4.380233392185849,4.380233392185849,4.380233392185849,4.380233392185849,4.380233392185849,4.380233392185849,3.9787288412554647,3.9787288412554647,3.9532367345107113,3.9532367345107113,3.9532367345107113,3.9532367345107113,3.9532367345107113,3.9532367345107113,3.9532367345107113,3.9532367345107113,3.9532367345107113,3.9532367345107113,3.9532367345107113,3.9532367345107113,3.9532367345107113,3.9532367345107113,3.9532367345107113,3.9532367345107113,3.9532367345107113,3.9532367345107113,3.9532367345107113,3.9532367345107113,3.9532367345107113,3.9532367345107113,3.9532367345107113,3.9532367345107113,3.9532367345107113,3.9532367345107113,3.9532367345107113,3.9532367345107113,3.9532367345107113,3.9532367345107113,3.9532367345107113,3.9532367345107113,3.9532367345107113,3.9532367345107113,3.9532367345107113,3.9532367345107113,3.9532367345107113,3.9532367345107113,3.9532367345107113,3.9532367345107113,3.9532367345107113,3.9532367345107113,3.9532367345107113,3.9532367345107113,3.9532367345107113,3.9532367345107113,3.9532367345107113,3.9532367345107113,3.9532367345107113,3.9532367345107113,3.9532367345107113,3.9532367345107113,3.9532367345107113,3.9532367345107113,3.9532367345107113,3.9532367345107113,3.9532367345107113,3.9532367345107113,3.9532367345107113,3.9532367345107113,3.9532367345107113,3.9532367345107113,3.9532367345107113,3.9532367345107113,3.9532367345107113,3.9532367345107113,3.9532367345107113,3.9532367345107113,3.9532367345107113,3.9532367345107113,3.9532367345107113,3.9532367345107113,3.9532367345107113,3.9532367345107113,3.9532367345107113,3.9532367345107113,3.9532367345107113,3.9532367345107113,3.9532367345107113,3.9532367345107113,3.9532367345107113,3.9532367345107113,3.9532367345107113,3.9532367345107113,3.9532367345107113,3.9532367345107113,3.9532367345107113,3.9532367345107113,3.9532367345107113,3.9532367345107113,3.9532367345107113,3.9532367345107113,3.9532367345107113,3.9532367345107113,3.9532367345107113,3.9532367345107113,3.9532367345107113,3.9532367345107113,3.9532367345107113,3.9532367345107113,3.9532367345107113,3.9532367345107113,3.9532367345107113,3.9532367345107113,3.9532367345107113,3.9532367345107113,3.9532367345107113,3.9532367345107113,3.9532367345107113,3.9532367345107113,3.9532367345107113,3.9532367345107113,3.9532367345107113,3.9532367345107113,3.9532367345107113,3.9532367345107113,3.9532367345107113,3.9532367345107113,3.9532367345107113,3.9532367345107113,3.9532367345107113,3.9532367345107113,3.9532367345107113,3.9532367345107113,3.9532367345107113,3.9532367345107113,3.9532367345107113,3.9532367345107113,3.9532367345107113,3.9532367345107113,3.9532367345107113,3.9532367345107113,3.9532367345107113,3.9532367345107113,3.9532367345107113,3.9532367345107113,3.9532367345107113,3.9532367345107113,3.9532367345107113,3.9532367345107113,3.9532367345107113,3.9532367345107113,3.9532367345107113,3.9532367345107113,3.9532367345107113,3.9532367345107113,3.9532367345107113,3.9532367345107113,3.9532367345107113,3.9532367345107113,3.9532367345107113,3.9532367345107113,3.9532367345107113,3.9532367345107113,3.9532367345107113,3.9532367345107113,3.9532367345107113,3.9532367345107113,3.9532367345107113,3.9532367345107113,3.9532367345107113,3.9532367345107113,3.9532367345107113,3.9532367345107113,3.9532367345107113,3.9532367345107113,3.9532367345107113,3.9532367345107113,3.9532367345107113,3.9532367345107113,3.9532367345107113,3.9532367345107113,3.9532367345107113,3.9532367345107113,3.9532367345107113,3.9532367345107113,3.9532367345107113,3.9532367345107113,3.9532367345107113,3.9532367345107113,3.9532367345107113,3.9532367345107113,3.9532367345107113,3.9532367345107113,3.9532367345107113,3.9532367345107113,3.9532367345107113,3.9532367345107113,3.9532367345107113,3.9532367345107113,3.9532367345107113,3.9532367345107113,3.9532367345107113,3.9532367345107113,3.9532367345107113,3.9532367345107113,3.9532367345107113,3.9532367345107113,3.9532367345107113,3.9532367345107113,3.9532367345107113,3.9532367345107113,3.9532367345107113,3.9532367345107113,3.9532367345107113,3.9532367345107113,3.9532367345107113,3.9532367345107113,3.9532367345107113,3.9532367345107113,3.9532367345107113,3.9532367345107113,3.9532367345107113,3.9532367345107113,3.9532367345107113,3.9532367345107113,3.9532367345107113,3.9532367345107113,3.9532367345107113,3.9532367345107113,3.9532367345107113,3.9532367345107113,3.9532367345107113,3.9532367345107113,3.9532367345107113,3.9532367345107113,3.9532367345107113,3.9532367345107113,3.9532367345107113,3.9532367345107113,3.9532367345107113,3.9532367345107113,3.9532367345107113,3.9532367345107113,3.9532367345107113,3.9532367345107113,3.9532367345107113,3.9532367345107113,3.9532367345107113,3.9532367345107113,3.9532367345107113,3.9532367345107113,3.9532367345107113,3.9532367345107113,3.9532367345107113,3.9532367345107113,3.9532367345107113,3.9532367345107113,3.9532367345107113,3.9532367345107113,3.9532367345107113,3.9532367345107113,3.9532367345107113,3.9532367345107113,3.9532367345107113,3.9532367345107113,3.9532367345107113,3.9532367345107113,3.9532367345107113,3.9532367345107113,3.9532367345107113,3.9532367345107113,3.9532367345107113,3.9532367345107113,3.9532367345107113,3.9532367345107113,3.9532367345107113,3.9532367345107113,3.9532367345107113,3.9532367345107113,3.9532367345107113,3.9532367345107113,3.9532367345107113,3.9532367345107113,3.9532367345107113,3.9532367345107113,3.9532367345107113,3.9532367345107113,3.9532367345107113,3.9532367345107113,3.9532367345107113,3.9532367345107113,3.9532367345107113,3.9532367345107113,3.9532367345107113,3.9532367345107113,3.9532367345107113,3.9532367345107113,3.9532367345107113,3.9532367345107113,3.9532367345107113,3.9532367345107113,3.9532367345107113,3.9532367345107113,3.9532367345107113,3.9532367345107113,3.9532367345107113,3.9532367345107113,3.9532367345107113,3.9532367345107113,3.9532367345107113,3.9532367345107113,3.9532367345107113,3.9532367345107113,3.9532367345107113,3.9532367345107113,3.9532367345107113,3.9532367345107113,3.9532367345107113,3.9532367345107113,3.9532367345107113,3.9532367345107113,3.9532367345107113,3.9532367345107113,3.9532367345107113,3.9532367345107113,3.9532367345107113,3.9532367345107113,3.9532367345107113,3.9532367345107113,3.9532367345107113,3.9532367345107113,3.9532367345107113,3.9532367345107113,3.9532367345107113,3.9532367345107113,3.9532367345107113,3.9532367345107113,3.9532367345107113,3.9532367345107113,3.9532367345107113,3.9532367345107113,3.9532367345107113,3.9532367345107113,3.9532367345107113,3.9532367345107113,3.9532367345107113,3.9532367345107113,3.9532367345107113,3.9532367345107113,3.9532367345107113,3.9532367345107113,3.9532367345107113,3.9532367345107113,3.9532367345107113,3.9532367345107113,3.9532367345107113,3.9532367345107113,3.9532367345107113,3.9532367345107113,3.9532367345107113,3.9532367345107113,3.9532367345107113,3.9532367345107113,3.9532367345107113,3.9532367345107113,3.9532367345107113,3.9532367345107113,3.9532367345107113,3.9532367345107113,3.9532367345107113,3.9532367345107113,3.9532367345107113,3.9532367345107113,3.9532367345107113,3.9532367345107113,3.9532367345107113,3.9532367345107113,3.9532367345107113,3.9532367345107113,3.9532367345107113,3.9532367345107113,3.9532367345107113,3.9532367345107113,3.9532367345107113,3.9532367345107113,3.9532367345107113,3.9532367345107113,3.9532367345107113,3.9532367345107113,3.9532367345107113,3.9532367345107113,3.9532367345107113,3.9532367345107113,3.9532367345107113,3.9532367345107113,3.9532367345107113,3.9532367345107113,3.9532367345107113,3.9532367345107113,3.9532367345107113,3.9532367345107113,3.9532367345107113,3.9532367345107113,3.9532367345107113,3.9532367345107113,3.9532367345107113,3.9532367345107113,3.9532367345107113,3.9532367345107113,3.9532367345107113,3.9532367345107113,3.9532367345107113,3.9532367345107113,3.9532367345107113,3.9532367345107113,3.9532367345107113,3.9532367345107113,3.9532367345107113,3.9532367345107113,3.9532367345107113,3.9532367345107113,3.9532367345107113,3.9532367345107113,3.9532367345107113,3.9532367345107113,3.9532367345107113,3.9532367345107113,3.9532367345107113,3.9532367345107113,3.9532367345107113,3.9532367345107113,3.9532367345107113,3.9532367345107113,3.9532367345107113,3.9532367345107113,3.9532367345107113,3.9532367345107113,3.9532367345107113,3.9532367345107113,3.9532367345107113,3.9532367345107113,3.9532367345107113,3.9532367345107113,3.9532367345107113,3.9532367345107113,3.9532367345107113,3.9532367345107113,3.9532367345107113,3.9532367345107113,3.9532367345107113,3.9532367345107113,3.9532367345107113,3.9532367345107113,3.9532367345107113,3.9532367345107113,3.9532367345107113,3.9532367345107113,3.9532367345107113,3.9532367345107113,3.9532367345107113,3.9532367345107113,3.9532367345107113,3.9532367345107113,3.9532367345107113,3.9532367345107113,3.9532367345107113,3.9532367345107113,3.9532367345107113,3.9532367345107113,3.9532367345107113,3.9532367345107113,3.8543786340166033,3.8543786340166033,3.8543786340166033,3.8543786340166033,3.8543786340166033,3.8543786340166033,3.8543786340166033,3.8543786340166033,3.8543786340166033,3.8543786340166033,3.8543786340166033,3.8543786340166033,3.8543786340166033,3.8543786340166033,3.8543786340166033,3.8543786340166033,3.8543786340166033,3.8543786340166033,3.8543786340166033,3.8543786340166033,3.8543786340166033,3.8543786340166033,3.8543786340166033,3.8543786340166033,3.8543786340166033,3.8543786340166033,3.8543786340166033,3.8543786340166033,3.8543786340166033,3.8543786340166033,3.8543786340166033,3.8543786340166033,3.8543786340166033,3.8543786340166033,3.8543786340166033,3.8543786340166033,3.8543786340166033,3.8543786340166033,3.8543786340166033,3.8543786340166033,3.8543786340166033,3.8543786340166033,3.8543786340166033,3.8543786340166033,3.8543786340166033,3.8543786340166033,3.8543786340166033,3.8543786340166033,3.8543786340166033,3.8543786340166033,3.8543786340166033,3.8543786340166033,3.8543786340166033,3.8543786340166033,3.8543786340166033,3.8543786340166033,3.8543786340166033,3.8543786340166033,3.8543786340166033,3.8543786340166033,3.8543786340166033,3.8543786340166033,3.8543786340166033,3.8543786340166033,3.8543786340166033,3.8543786340166033,3.8543786340166033,3.8543786340166033,3.8543786340166033,3.8543786340166033,3.8543786340166033,3.8543786340166033,3.8543786340166033,3.8543786340166033,3.8543786340166033,3.8543786340166033,3.8543786340166033,3.8543786340166033,3.8543786340166033,3.8543786340166033,3.8543786340166033,3.8543786340166033,3.8543786340166033,3.8543786340166033,3.8543786340166033,3.8543786340166033,3.8543786340166033,3.8543786340166033,3.8543786340166033,3.8543786340166033,3.8543786340166033,3.8543786340166033,3.8543786340166033,3.8543786340166033,3.8543786340166033,3.8543786340166033,3.8543786340166033,3.8543786340166033,3.8543786340166033,3.8543786340166033,3.8543786340166033,3.8543786340166033,3.8543786340166033,3.8543786340166033,3.8543786340166033,3.8543786340166033,3.8543786340166033,3.8543786340166033,3.8543786340166033,3.8543786340166033,3.8543786340166033,3.8543786340166033,3.8543786340166033,3.8543786340166033,3.8543786340166033,3.8543786340166033,3.8543786340166033,3.8543786340166033,3.8543786340166033,3.8543786340166033,3.8543786340166033,3.8543786340166033,3.8543786340166033,3.8543786340166033,3.8543786340166033,3.8543786340166033,3.8543786340166033,3.8543786340166033,3.8543786340166033,3.8543786340166033,3.8543786340166033,3.8543786340166033,3.8543786340166033,3.8543786340166033,3.8543786340166033,3.8543786340166033,3.8543786340166033,3.8543786340166033,3.8543786340166033,3.8543786340166033,3.8543786340166033,3.8543786340166033,3.8543786340166033,3.8543786340166033,3.8543786340166033,3.8543786340166033,3.8543786340166033,3.8543786340166033,3.8543786340166033,3.8543786340166033,3.8543786340166033,3.8543786340166033,3.8543786340166033,3.8543786340166033,3.8543786340166033,3.8543786340166033,3.8543786340166033,3.8543786340166033,3.8543786340166033,3.8543786340166033,3.8543786340166033,3.8543786340166033,6.472088024318065,6.238600862497311,6.238600862497311,6.181141173278872,6.181141173278872,6.175298397052117,6.175298397052117,6.175298397052117,6.175298397052117,6.175298397052117,6.175298397052117,6.175298397052117,6.175298397052117,6.175298397052117,6.175298397052117,6.175298397052117,6.175298397052117,6.175298397052117,6.175298397052117,6.175298397052117,6.175298397052117,6.175298397052117,6.175298397052117,6.175298397052117,6.175298397052117,6.175298397052117,6.175298397052117,6.175298397052117,6.175298397052117,6.175298397052117,6.175298397052117,6.175298397052117,6.175298397052117,6.175298397052117,6.175298397052117,6.175298397052117,6.175298397052117,6.175298397052117,6.175298397052117,6.175298397052117,6.175298397052117,6.175298397052117,6.175298397052117,6.175298397052117,6.175298397052117,6.175298397052117,6.175298397052117,6.175298397052117,6.175298397052117,6.175298397052117,6.175298397052117,6.175298397052117,6.175298397052117,6.175298397052117,6.175298397052117,6.175298397052117,6.175298397052117,6.175298397052117,6.175298397052117,6.175298397052117,6.175298397052117,6.175298397052117,6.175298397052117,6.175298397052117,6.175298397052117,6.175298397052117,6.175298397052117,6.136694043069319,6.136694043069319,6.136694043069319,6.136694043069319,5.685968929448144,5.65176676247972,5.65176676247972,5.080053916792367,4.488943104160579,4.488943104160579,4.488943104160579,4.488943104160579,4.488943104160579,4.488943104160579,4.488943104160579,4.488943104160579,4.488943104160579,4.488943104160579,4.488943104160579,4.488943104160579,4.488943104160579,4.488943104160579,4.488943104160579,4.488943104160579,4.488943104160579,4.488943104160579,4.488943104160579,4.488943104160579,4.488943104160579,4.488943104160579,4.488943104160579,4.488943104160579,4.488943104160579,4.488943104160579,4.488943104160579,4.488943104160579,4.488943104160579,4.488943104160579,4.488943104160579,4.488943104160579,4.488943104160579,4.488943104160579,4.488943104160579,4.488943104160579,4.488943104160579,4.488943104160579,4.488943104160579,4.488943104160579,4.488943104160579,3.668952490646839,3.384318089863443,3.384318089863443,3.384318089863443,3.384318089863443,3.384318089863443,3.384318089863443,3.384318089863443,3.384318089863443,3.384318089863443,3.384318089863443,3.384318089863443,3.384318089863443,3.384318089863443,3.384318089863443,3.384318089863443,3.384318089863443,3.384318089863443,3.384318089863443,3.384318089863443,3.384318089863443,3.384318089863443,3.384318089863443,3.384318089863443,3.384318089863443,3.384318089863443,3.384318089863443,3.384318089863443,3.384318089863443,3.384318089863443,3.384318089863443,3.384318089863443,3.384318089863443,3.384318089863443,3.384318089863443,3.384318089863443,3.384318089863443,3.384318089863443,3.384318089863443,3.384318089863443,3.384318089863443,3.384318089863443,3.384318089863443,3.384318089863443,3.384318089863443,3.384318089863443,3.384318089863443,3.384318089863443,3.384318089863443,3.384318089863443,3.384318089863443,3.384318089863443,3.384318089863443,3.384318089863443,3.384318089863443,3.384318089863443,3.384318089863443,3.384318089863443,3.384318089863443,3.384318089863443,3.384318089863443,3.384318089863443,3.384318089863443,3.384318089863443,3.384318089863443,3.384318089863443,3.384318089863443,3.384318089863443,3.384318089863443,3.384318089863443,3.384318089863443,3.384318089863443,3.384318089863443,3.384318089863443,3.384318089863443,3.384318089863443,3.384318089863443,3.384318089863443,3.384318089863443,3.384318089863443,3.384318089863443,3.384318089863443,3.384318089863443,3.384318089863443,3.384318089863443,3.384318089863443,3.384318089863443,3.384318089863443,3.384318089863443,3.384318089863443,3.384318089863443,3.384318089863443,3.384318089863443,3.384318089863443,3.384318089863443,3.384318089863443,3.384318089863443,3.384318089863443,3.384318089863443,3.384318089863443,3.384318089863443,3.384318089863443,3.384318089863443,3.384318089863443,3.384318089863443,3.384318089863443,3.384318089863443,3.384318089863443,3.384318089863443,3.384318089863443,3.384318089863443,3.384318089863443,3.384318089863443,3.384318089863443,3.384318089863443,3.384318089863443,3.384318089863443,3.384318089863443,3.384318089863443,3.384318089863443,3.384318089863443,3.384318089863443,3.384318089863443,3.384318089863443,3.384318089863443,3.384318089863443,3.384318089863443,3.384318089863443,3.384318089863443,3.384318089863443,3.384318089863443,3.384318089863443,3.384318089863443,3.384318089863443,3.384318089863443,3.384318089863443,3.384318089863443,3.384318089863443,3.384318089863443,3.384318089863443,3.384318089863443,3.384318089863443,3.384318089863443,3.384318089863443,3.384318089863443,3.384318089863443,3.384318089863443,3.384318089863443,3.384318089863443,3.384318089863443,3.384318089863443,3.384318089863443,3.384318089863443,3.384318089863443,3.384318089863443,3.384318089863443,3.384318089863443,3.384318089863443,3.384318089863443,3.384318089863443,3.384318089863443,3.384318089863443,3.384318089863443,3.384318089863443,3.384318089863443,3.384318089863443,3.384318089863443,3.384318089863443,3.384318089863443,3.384318089863443,3.384318089863443,3.384318089863443,3.384318089863443,3.384318089863443,3.384318089863443,3.384318089863443,3.384318089863443,3.384318089863443,3.384318089863443,3.384318089863443,3.384318089863443,3.384318089863443,3.384318089863443,3.384318089863443,3.384318089863443,3.384318089863443,3.384318089863443,3.384318089863443,3.384318089863443,3.384318089863443,3.384318089863443,3.384318089863443,3.384318089863443,3.384318089863443,3.384318089863443,3.384318089863443,3.384318089863443,3.384318089863443,3.384318089863443,3.384318089863443,3.384318089863443,3.384318089863443,3.384318089863443,3.384318089863443,3.384318089863443,3.384318089863443,3.384318089863443,3.384318089863443,3.384318089863443,3.384318089863443,3.384318089863443,3.384318089863443,3.384318089863443,3.384318089863443,3.384318089863443,3.384318089863443,3.384318089863443,3.384318089863443,3.384318089863443,3.384318089863443,3.384318089863443,3.384318089863443,3.384318089863443,3.384318089863443,3.384318089863443,3.384318089863443,3.384318089863443,3.384318089863443,3.384318089863443,3.384318089863443,3.384318089863443,3.384318089863443,3.384318089863443,3.384318089863443,3.384318089863443,3.384318089863443,3.384318089863443,3.384318089863443,3.384318089863443,3.384318089863443,3.384318089863443,3.384318089863443,3.384318089863443,3.384318089863443,3.384318089863443,3.384318089863443,3.384318089863443,3.384318089863443,3.384318089863443,3.384318089863443,3.384318089863443,3.384318089863443,3.384318089863443,3.384318089863443,3.384318089863443,3.384318089863443,3.384318089863443,3.384318089863443,3.384318089863443,3.384318089863443,3.384318089863443,3.384318089863443,3.384318089863443,3.384318089863443,3.384318089863443,3.384318089863443,3.384318089863443,3.384318089863443,3.384318089863443,3.384318089863443,3.384318089863443,3.384318089863443,3.384318089863443,3.384318089863443,3.384318089863443,3.384318089863443,3.384318089863443,3.384318089863443,3.384318089863443,3.384318089863443,3.384318089863443,3.384318089863443,3.384318089863443,3.384318089863443,3.384318089863443,3.384318089863443,3.384318089863443,3.384318089863443,3.384318089863443,3.384318089863443,3.384318089863443,3.384318089863443,3.384318089863443,3.384318089863443,3.384318089863443,3.384318089863443,3.384318089863443,3.384318089863443,3.384318089863443,3.384318089863443,3.384318089863443,3.384318089863443,3.384318089863443,3.384318089863443,3.384318089863443,3.384318089863443,3.384318089863443,3.384318089863443,3.384318089863443,3.384318089863443,3.384318089863443,3.384318089863443,3.384318089863443,3.384318089863443,3.384318089863443,3.384318089863443,3.384318089863443,3.384318089863443,3.384318089863443,3.384318089863443,3.384318089863443,3.384318089863443,3.384318089863443,3.384318089863443,3.384318089863443,3.384318089863443,3.384318089863443,3.384318089863443,3.384318089863443,3.384318089863443,3.384318089863443,3.384318089863443,3.384318089863443,3.384318089863443,3.384318089863443,3.384318089863443,3.384318089863443,3.384318089863443,3.384318089863443,3.384318089863443,3.384318089863443,3.384318089863443,3.384318089863443,3.384318089863443,3.384318089863443,3.384318089863443,3.384318089863443,3.384318089863443,3.384318089863443,3.384318089863443,3.384318089863443,3.384318089863443,3.384318089863443,3.384318089863443,3.384318089863443,3.384318089863443,3.384318089863443,3.384318089863443,3.384318089863443,3.384318089863443,3.384318089863443,3.384318089863443,3.384318089863443,3.384318089863443,3.384318089863443,3.384318089863443,3.384318089863443,3.384318089863443,3.384318089863443,3.384318089863443,3.384318089863443,3.384318089863443,3.384318089863443,3.384318089863443,3.384318089863443,3.384318089863443,3.384318089863443,3.384318089863443,3.384318089863443,3.384318089863443,3.384318089863443,3.384318089863443,3.384318089863443,3.384318089863443,3.384318089863443,3.384318089863443,3.384318089863443,3.384318089863443,3.384318089863443,3.384318089863443,3.384318089863443,3.384318089863443,3.384318089863443,3.384318089863443,3.384318089863443,3.384318089863443,3.384318089863443,3.384318089863443,3.384318089863443,3.384318089863443,3.384318089863443,3.384318089863443,3.384318089863443,3.384318089863443,3.384318089863443,3.384318089863443,3.384318089863443,3.384318089863443,3.384318089863443,3.384318089863443,3.384318089863443,3.384318089863443,3.384318089863443,3.384318089863443,3.384318089863443,3.384318089863443,3.384318089863443,3.384318089863443,3.384318089863443,3.384318089863443,3.384318089863443,3.384318089863443,3.384318089863443,3.384318089863443,3.384318089863443,3.384318089863443,3.384318089863443,3.384318089863443,3.384318089863443,3.384318089863443,3.384318089863443,3.384318089863443,3.384318089863443,3.384318089863443,3.384318089863443,3.384318089863443,3.384318089863443,3.384318089863443,3.384318089863443,3.384318089863443,3.384318089863443,3.384318089863443,3.384318089863443,3.384318089863443,3.384318089863443,3.384318089863443,3.384318089863443,3.384318089863443,3.384318089863443,3.384318089863443,3.384318089863443,3.384318089863443,3.384318089863443,3.384318089863443,3.384318089863443,3.384318089863443,3.384318089863443,3.384318089863443,3.384318089863443,3.384318089863443,3.384318089863443,3.384318089863443,3.384318089863443,3.384318089863443,3.384318089863443,3.384318089863443,3.384318089863443,3.384318089863443,3.384318089863443,3.384318089863443,3.384318089863443,3.384318089863443,3.384318089863443,3.384318089863443,3.384318089863443,3.384318089863443,3.384318089863443,3.384318089863443,3.384318089863443,3.384318089863443,3.384318089863443,3.384318089863443,3.384318089863443,3.384318089863443,3.384318089863443,3.384318089863443,3.384318089863443,3.384318089863443,3.384318089863443,3.384318089863443,3.384318089863443,3.384318089863443,3.384318089863443,3.384318089863443,3.384318089863443,3.384318089863443,3.384318089863443,3.384318089863443,3.384318089863443,3.384318089863443,3.384318089863443,3.384318089863443,3.384318089863443,3.384318089863443,3.384318089863443,3.384318089863443,3.384318089863443,3.384318089863443,3.384318089863443,3.384318089863443,3.384318089863443,3.384318089863443,3.384318089863443,3.384318089863443,3.384318089863443,3.384318089863443,3.384318089863443,3.384318089863443,3.384318089863443,3.384318089863443,3.384318089863443,3.384318089863443,3.384318089863443,3.384318089863443,3.384318089863443,3.384318089863443,3.384318089863443,3.384318089863443,3.384318089863443,3.384318089863443,3.384318089863443,3.384318089863443,3.384318089863443,3.384318089863443,3.384318089863443,3.384318089863443,3.384318089863443,3.384318089863443,3.384318089863443,3.384318089863443,3.384318089863443,3.384318089863443,3.384318089863443,3.384318089863443,3.384318089863443,3.384318089863443,3.384318089863443,3.384318089863443,3.384318089863443,3.384318089863443,3.384318089863443,3.384318089863443,3.384318089863443,3.384318089863443,3.384318089863443,3.384318089863443,3.384318089863443,3.384318089863443,3.384318089863443,3.384318089863443,3.384318089863443,3.384318089863443,3.384318089863443,3.384318089863443,3.384318089863443,3.384318089863443,3.384318089863443,3.384318089863443,3.384318089863443,3.384318089863443,3.384318089863443,3.384318089863443,3.384318089863443,3.384318089863443,3.384318089863443,3.384318089863443,3.384318089863443,3.384318089863443,3.384318089863443,3.384318089863443,3.384318089863443,3.384318089863443,3.384318089863443,3.384318089863443,3.384318089863443,3.384318089863443,3.384318089863443,3.384318089863443,3.384318089863443,3.384318089863443,3.384318089863443,3.384318089863443,3.384318089863443,3.384318089863443,3.384318089863443,3.384318089863443,3.384318089863443,3.384318089863443,3.384318089863443,3.384318089863443,3.384318089863443,3.384318089863443,3.384318089863443,3.384318089863443,3.384318089863443,3.384318089863443,3.384318089863443,3.384318089863443,3.384318089863443,3.384318089863443,3.384318089863443,3.384318089863443,3.384318089863443,3.384318089863443,3.384318089863443,3.384318089863443,3.384318089863443,3.384318089863443,3.384318089863443,3.384318089863443,3.384318089863443,3.384318089863443,3.384318089863443,3.384318089863443,3.384318089863443,3.384318089863443,3.384318089863443,3.384318089863443,3.384318089863443,3.384318089863443,3.384318089863443,3.384318089863443,3.384318089863443,3.384318089863443,3.384318089863443,3.384318089863443,3.384318089863443,3.384318089863443,3.384318089863443,3.384318089863443,3.384318089863443,3.384318089863443,3.384318089863443,3.384318089863443,3.384318089863443,3.384318089863443,3.384318089863443,3.384318089863443,3.384318089863443,3.384318089863443,3.384318089863443,3.384318089863443,3.384318089863443,3.384318089863443,3.384318089863443,3.384318089863443,3.384318089863443,3.384318089863443,3.384318089863443,3.384318089863443,3.384318089863443,3.384318089863443,3.384318089863443,3.384318089863443,3.384318089863443,3.384318089863443,3.384318089863443,3.384318089863443,3.384318089863443,3.384318089863443,3.384318089863443,3.384318089863443,3.384318089863443,3.384318089863443,3.384318089863443,3.384318089863443,3.384318089863443,3.384318089863443,3.384318089863443,3.384318089863443,3.384318089863443,3.384318089863443,3.384318089863443,3.384318089863443,3.384318089863443,3.384318089863443,3.384318089863443,3.384318089863443,3.384318089863443,3.384318089863443,3.384318089863443,3.384318089863443,3.384318089863443,3.384318089863443,3.384318089863443,3.384318089863443,3.384318089863443,3.384318089863443,3.384318089863443,3.384318089863443,3.384318089863443,3.384318089863443,3.384318089863443,3.384318089863443,3.384318089863443,3.384318089863443,3.384318089863443,3.384318089863443,3.384318089863443,3.384318089863443,3.384318089863443,3.384318089863443,3.384318089863443,3.384318089863443,3.384318089863443,3.384318089863443,3.384318089863443,3.384318089863443,3.384318089863443,3.384318089863443,3.384318089863443,3.384318089863443,3.384318089863443,3.384318089863443,3.384318089863443,3.384318089863443,3.384318089863443,3.384318089863443,3.384318089863443,3.384318089863443,3.384318089863443,3.384318089863443,3.384318089863443,3.384318089863443,3.384318089863443,3.384318089863443,3.384318089863443,3.384318089863443,3.384318089863443,3.384318089863443,3.384318089863443,3.384318089863443,3.384318089863443,3.384318089863443,3.384318089863443,3.384318089863443,3.384318089863443,3.384318089863443,3.384318089863443,3.384318089863443,3.384318089863443,3.384318089863443,3.384318089863443,3.384318089863443,3.384318089863443,3.384318089863443,3.384318089863443,3.384318089863443,3.384318089863443,3.384318089863443,3.384318089863443,3.384318089863443,3.384318089863443,3.384318089863443,3.384318089863443,3.384318089863443,3.384318089863443,3.384318089863443,3.384318089863443,3.384318089863443,3.384318089863443,3.384318089863443,3.384318089863443,3.384318089863443,3.384318089863443,3.384318089863443,3.384318089863443,3.384318089863443,3.384318089863443,3.384318089863443,3.384318089863443,3.384318089863443,3.384318089863443,3.384318089863443,3.384318089863443,3.384318089863443,3.384318089863443,3.384318089863443,3.384318089863443,3.384318089863443,3.384318089863443,3.384318089863443,3.384318089863443,3.384318089863443,3.384318089863443,3.384318089863443,3.384318089863443,3.384318089863443,3.384318089863443,3.384318089863443,3.384318089863443,3.384318089863443,3.384318089863443,3.384318089863443,3.384318089863443,3.384318089863443,3.384318089863443,3.384318089863443,3.384318089863443,3.384318089863443,3.384318089863443,3.384318089863443,3.384318089863443,3.384318089863443,3.384318089863443,3.384318089863443,3.384318089863443,3.384318089863443,3.384318089863443,3.384318089863443,3.384318089863443,3.384318089863443,3.384318089863443,3.384318089863443,3.384318089863443,3.384318089863443,3.384318089863443,3.384318089863443,3.384318089863443,3.384318089863443,3.384318089863443,3.384318089863443,3.384318089863443,3.384318089863443,3.384318089863443,3.384318089863443,3.384318089863443,3.384318089863443,3.384318089863443,3.384318089863443,3.384318089863443,3.384318089863443,3.384318089863443,3.384318089863443,3.384318089863443,3.384318089863443,3.384318089863443,3.384318089863443,3.384318089863443,3.384318089863443,3.384318089863443,3.384318089863443,3.384318089863443,3.384318089863443,3.384318089863443,3.384318089863443,3.384318089863443,3.384318089863443,3.384318089863443,3.384318089863443,3.384318089863443,3.384318089863443,3.384318089863443,3.384318089863443,3.384318089863443,3.384318089863443,3.384318089863443,3.384318089863443,3.384318089863443,3.384318089863443,3.384318089863443,3.384318089863443,3.384318089863443,3.384318089863443,3.384318089863443,3.384318089863443,3.384318089863443,3.384318089863443,3.384318089863443,3.384318089863443,3.384318089863443,3.384318089863443,3.384318089863443,3.384318089863443,7.134718672227446,7.134718672227446,7.085712516989059,6.848455217301227,6.848455217301227,6.848455217301227,6.848455217301227,6.848455217301227,6.848455217301227,6.797375762003415,6.797375762003415,6.797375762003415,6.797375762003414,6.797375762003414,6.797375762003414,6.797375762003414,6.797375762003414,6.797375762003414,6.797375762003414,6.797375762003414,6.797375762003414,6.797375762003414,6.797375762003414,6.797375762003414,6.797375762003414,6.797375762003414,6.797375762003414,6.797375762003414,6.797375762003414,6.797375762003414,6.797375762003414,6.797375762003414,6.797375762003414,6.797375762003414,6.797375762003414,6.797375762003414,6.797375762003414,6.797375762003414,6.797375762003414,6.797375762003414,6.797375762003414,6.797375762003414,6.797375762003414,6.797375762003414,6.797375762003414,6.797375762003414,6.797375762003414,6.797375762003414,6.797375762003414,6.797375762003414,6.797375762003414,6.797375762003414,6.797375762003414,6.797375762003414,6.797375762003414,6.797375762003414,6.797375762003414,6.797375762003414,6.797375762003414,6.797375762003414,6.797375762003414,6.797375762003414,6.797375762003414,6.797375762003414,6.797375762003414,6.797375762003414,6.797375762003414,6.797375762003414,6.797375762003414,6.797375762003414,6.797375762003414,6.797375762003414,6.797375762003414,6.797375762003414,6.797375762003414,6.797375762003414,6.797375762003414,6.797375762003414,6.797375762003414,6.797375762003414,6.797375762003414,6.797375762003414,6.797375762003414,6.797375762003414,6.797375762003414,6.797375762003414,6.797375762003414,6.797375762003414,6.797375762003414,6.797375762003414,6.797375762003414,6.797375762003414,6.797375762003414,6.797375762003414,6.797375762003414,6.797375762003414,6.797375762003414,6.797375762003414,6.797375762003414,6.797375762003414,6.797375762003414,6.797375762003414,6.797375762003414,6.797375762003414,6.797375762003414,6.797375762003414,6.797375762003414,6.797375762003414,6.797375762003414,6.797375762003414,6.797375762003414,6.797375762003414,5.925714698835865,5.749941104715659,5.749941104715659,5.749941104715659,5.276467352805347,4.788339249220325,4.788339249220325,4.788339249220325,4.788339249220325,4.788339249220325,4.788339249220325,4.788339249220325,4.788339249220325,4.788339249220325,4.788339249220325,4.788339249220325,4.788339249220325,4.788339249220325,4.788339249220325,4.788339249220325,4.788339249220325,4.788339249220325,4.788339249220325,4.788339249220325,4.788339249220325,4.788339249220325,4.788339249220325,4.788339249220325,4.788339249220325,4.788339249220325,4.788339249220325,4.788339249220325,4.788339249220325,4.788339249220325,4.788339249220325,4.788339249220325,4.788339249220325,4.788339249220325,4.788339249220325,4.788339249220325,4.788339249220325,4.788339249220325,4.788339249220325,4.788339249220325,4.788339249220325,4.788339249220325,4.788339249220325,4.788339249220325,4.788339249220325,4.788339249220325,4.788339249220325,4.788339249220325,4.788339249220325,4.788339249220325,4.788339249220325,4.788339249220325,4.788339249220325,4.788339249220325,4.788339249220325,4.788339249220325,4.788339249220325,4.788339249220325,4.788339249220325,4.788339249220325,4.788339249220325,4.788339249220325,4.788339249220325,4.788339249220325,4.788339249220325,4.788339249220325,4.788339249220325,4.788339249220325,4.788339249220325,4.788339249220325,4.788339249220325,4.788339249220325,4.788339249220325,4.788339249220325,4.788339249220325,4.788339249220325,4.788339249220325,4.788339249220325,4.788339249220325,4.788339249220325,4.788339249220325,4.788339249220325,4.788339249220325,4.788339249220325,4.788339249220325,4.788339249220325,4.788339249220325,4.788339249220325,4.788339249220325,4.788339249220325,4.788339249220325,4.788339249220325,4.788339249220325,4.788339249220325,4.788339249220325,4.788339249220325,4.788339249220325,4.788339249220325,4.788339249220325,4.788339249220325,4.788339249220325,4.788339249220325,4.788339249220325,4.788339249220325,4.788339249220325,4.788339249220325,4.788339249220325,4.788339249220325,4.788339249220325,4.788339249220325,4.788339249220325,4.788339249220325,4.788339249220325,4.788339249220325,4.788339249220325,4.788339249220325,4.788339249220325,4.788339249220325,4.788339249220325,4.788339249220325,4.788339249220325,4.788339249220325,4.788339249220325,4.788339249220325,4.788339249220325,4.788339249220325,4.788339249220325,4.788339249220325,4.788339249220325,4.788339249220325,4.788339249220325,4.788339249220325,4.788339249220325,4.788339249220325,4.788339249220325,4.788339249220325,4.788339249220325,4.788339249220325,4.788339249220325,4.788339249220325,4.788339249220325,4.788339249220325,4.788339249220325,4.788339249220325,4.788339249220325,4.788339249220325,4.788339249220325,4.788339249220325,4.788339249220325,4.788339249220325,4.788339249220325,4.788339249220325,4.788339249220325,4.788339249220325,4.788339249220325,4.788339249220325,4.788339249220325,4.788339249220325,4.788339249220325,4.788339249220325,4.788339249220325,4.788339249220325,4.788339249220325,4.788339249220325,4.788339249220325,4.788339249220325,4.788339249220325,4.788339249220325,4.788339249220325,4.788339249220325,4.788339249220325,4.788339249220325,4.788339249220325,4.788339249220325,4.788339249220325,4.788339249220325,4.788339249220325,4.788339249220325,4.788339249220325,4.788339249220325,4.788339249220325,4.788339249220325,4.788339249220325,4.788339249220325,4.788339249220325,4.788339249220325,4.788339249220325,4.788339249220325,4.788339249220325,4.788339249220325,4.788339249220325,4.788339249220325,4.788339249220325,4.788339249220325,4.788339249220325,4.788339249220325,4.788339249220325,4.788339249220325,4.788339249220325,4.788339249220325,4.788339249220325,4.788339249220325,4.788339249220325,4.788339249220325,4.788339249220325,4.788339249220325,4.788339249220325,4.155347668925902,4.123504788611989,4.120541330558088,4.120541330558088,4.120541330558088,4.120541330558088,4.120541330558088,4.120541330558088,4.120541330558088,4.120541330558088,4.120541330558088,4.120541330558088,4.120541330558088,4.120541330558088,4.120541330558088,4.120541330558088,4.120541330558088,4.120541330558088,4.120541330558088,3.493630799987445,3.493630799987445,3.493630799987445,3.493630799987445,3.493630799987445,3.493630799987445,3.493630799987445,3.493630799987445,3.493630799987445,3.493630799987445,3.493630799987445,3.493630799987445,3.493630799987445,3.493630799987445,3.493630799987445,3.493630799987445,3.493630799987445,3.493630799987445,3.493630799987445,3.493630799987445,3.493630799987445,3.493630799987445,3.493630799987445,3.493630799987445,3.493630799987445,3.493630799987445,3.369611792512291,3.369611792512291,3.369611792512291,3.369611792512291,3.369611792512291,3.369611792512291,3.369611792512291,3.369611792512291,3.369611792512291,3.369611792512291,3.369611792512291,3.369611792512291,3.369611792512291,3.369611792512291,3.369611792512291,3.369611792512291,3.369611792512291,3.369611792512291,3.369611792512291,3.369611792512291,3.369611792512291,3.369611792512291,3.369611792512291,3.369611792512291,3.369611792512291,3.369611792512291,3.369611792512291,3.369611792512291,3.369611792512291,3.369611792512291,3.369611792512291,3.369611792512291,3.369611792512291,3.369611792512291,3.369611792512291,3.369611792512291,3.369611792512291,3.369611792512291,3.369611792512291,3.369611792512291,3.369611792512291,3.369611792512291,3.369611792512291,3.369611792512291,3.369611792512291,3.369611792512291,3.369611792512291,3.369611792512291,3.369611792512291,3.369611792512291,3.369611792512291,3.369611792512291,3.369611792512291,3.369611792512291,3.369611792512291,3.369611792512291,3.369611792512291,3.369611792512291,3.369611792512291,3.369611792512291,3.369611792512291,3.369611792512291,3.369611792512291,3.369611792512291,3.369611792512291,3.369611792512291,3.369611792512291,3.369611792512291,3.369611792512291,3.369611792512291,3.369611792512291,3.369611792512291,3.369611792512291,3.369611792512291,3.369611792512291,3.369611792512291,3.369611792512291,3.369611792512291,3.369611792512291,3.369611792512291,3.369611792512291,3.369611792512291,3.369611792512291,3.369611792512291,3.369611792512291,3.369611792512291,3.369611792512291,3.369611792512291,3.369611792512291,3.369611792512291,3.369611792512291,3.369611792512291,3.369611792512291,3.369611792512291,3.369611792512291,3.369611792512291,3.369611792512291,3.369611792512291,3.369611792512291,3.369611792512291,3.369611792512291,3.369611792512291,3.369611792512291,3.369611792512291,3.369611792512291,3.369611792512291,3.369611792512291,3.369611792512291,3.369611792512291,3.369611792512291,3.369611792512291,3.369611792512291,3.369611792512291,3.369611792512291,3.369611792512291,3.369611792512291,3.369611792512291,3.369611792512291,3.369611792512291,3.369611792512291,3.369611792512291,3.369611792512291,3.369611792512291,3.369611792512291,3.369611792512291,3.369611792512291,3.369611792512291,3.369611792512291,3.369611792512291,3.369611792512291,3.369611792512291,3.369611792512291,3.369611792512291,3.369611792512291,3.369611792512291,3.369611792512291,3.369611792512291,3.369611792512291,3.369611792512291,3.369611792512291,3.369611792512291,3.369611792512291,3.369611792512291,3.369611792512291,3.369611792512291,3.369611792512291,3.369611792512291,3.369611792512291,3.369611792512291,3.369611792512291,3.369611792512291,3.369611792512291,3.369611792512291,3.369611792512291,3.369611792512291,3.369611792512291,3.369611792512291,3.369611792512291,3.369611792512291,3.369611792512291,3.369611792512291,3.369611792512291,3.369611792512291,3.369611792512291,3.369611792512291,3.369611792512291,3.369611792512291,3.369611792512291,3.369611792512291,3.369611792512291,3.369611792512291,3.369611792512291,3.369611792512291,3.369611792512291,3.369611792512291,3.369611792512291,3.369611792512291,3.369611792512291,3.369611792512291,3.369611792512291,3.369611792512291,3.369611792512291,3.369611792512291,3.369611792512291,3.369611792512291,3.369611792512291,3.369611792512291,3.369611792512291,3.369611792512291,3.369611792512291,3.369611792512291,3.369611792512291,3.369611792512291,3.369611792512291,3.369611792512291,3.369611792512291,3.369611792512291,3.369611792512291,3.369611792512291,3.369611792512291,3.369611792512291,3.369611792512291,3.369611792512291,3.369611792512291,3.369611792512291,3.369611792512291,3.369611792512291,3.369611792512291,3.369611792512291,3.369611792512291,3.369611792512291,3.369611792512291,3.369611792512291,3.369611792512291,3.369611792512291,3.369611792512291,3.369611792512291,3.369611792512291,3.369611792512291,3.369611792512291,3.369611792512291,3.369611792512291,3.369611792512291,3.369611792512291,3.369611792512291,3.369611792512291,3.369611792512291,3.369611792512291,3.369611792512291,3.369611792512291,3.369611792512291,3.369611792512291,3.369611792512291,3.369611792512291,3.369611792512291,3.369611792512291,3.369611792512291,3.369611792512291,3.369611792512291,3.369611792512291,3.369611792512291,3.369611792512291,3.369611792512291,3.369611792512291,3.369611792512291,3.369611792512291,3.369611792512291,3.369611792512291,3.369611792512291,3.369611792512291,3.369611792512291,3.369611792512291,3.369611792512291,3.369611792512291,3.369611792512291,3.369611792512291,3.369611792512291,3.369611792512291,3.369611792512291,3.369611792512291,3.369611792512291,3.369611792512291,3.369611792512291,3.369611792512291,3.369611792512291,3.369611792512291,3.369611792512291,3.369611792512291,3.369611792512291,3.369611792512291,3.369611792512291,3.369611792512291,3.369611792512291,3.369611792512291,3.369611792512291,3.369611792512291,3.369611792512291,3.369611792512291,3.369611792512291,3.369611792512291,3.369611792512291,3.369611792512291,3.369611792512291,3.369611792512291,3.369611792512291,3.369611792512291,3.369611792512291,3.369611792512291,3.369611792512291,3.369611792512291,3.369611792512291,3.369611792512291,3.369611792512291,3.369611792512291,3.369611792512291,3.369611792512291,3.369611792512291,3.369611792512291,3.369611792512291,3.369611792512291,3.369611792512291,3.369611792512291,3.369611792512291,3.369611792512291,3.369611792512291,3.369611792512291,3.369611792512291,3.369611792512291,3.369611792512291,3.369611792512291,3.369611792512291,3.369611792512291,3.369611792512291,3.369611792512291,3.369611792512291,3.369611792512291,3.369611792512291,3.369611792512291,3.369611792512291,3.369611792512291,3.369611792512291,3.369611792512291,3.369611792512291,3.369611792512291,3.369611792512291,3.369611792512291,3.369611792512291,3.369611792512291,3.369611792512291,3.369611792512291,3.369611792512291,3.369611792512291,3.369611792512291,3.369611792512291,3.369611792512291,3.369611792512291,3.369611792512291,3.369611792512291,3.369611792512291,3.369611792512291,3.369611792512291,3.369611792512291,3.369611792512291,3.369611792512291,3.369611792512291,3.369611792512291,3.369611792512291,3.369611792512291,3.369611792512291,3.369611792512291,3.369611792512291,3.369611792512291,3.369611792512291,3.369611792512291,3.369611792512291,3.369611792512291,3.369611792512291,3.369611792512291,3.369611792512291,3.369611792512291,3.369611792512291,3.369611792512291,3.369611792512291,3.369611792512291,3.369611792512291,3.369611792512291,3.369611792512291,3.369611792512291,3.369611792512291,3.369611792512291,3.369611792512291,3.369611792512291,3.369611792512291,3.369611792512291,3.369611792512291,3.369611792512291,3.369611792512291,3.369611792512291,3.369611792512291,3.369611792512291,3.369611792512291,3.369611792512291,3.369611792512291,3.369611792512291,3.369611792512291,3.369611792512291,3.369611792512291,3.369611792512291,3.369611792512291,3.369611792512291,3.369611792512291,3.369611792512291,3.369611792512291,3.369611792512291,3.369611792512291,3.369611792512291,3.369611792512291,3.369611792512291,3.369611792512291,3.369611792512291,3.369611792512291,3.369611792512291,3.369611792512291,3.369611792512291,3.369611792512291,3.369611792512291,3.369611792512291,3.369611792512291,3.369611792512291,3.369611792512291,3.369611792512291,3.369611792512291,3.369611792512291,3.369611792512291,3.369611792512291,3.369611792512291,3.369611792512291,3.369611792512291,3.369611792512291,3.369611792512291,3.369611792512291,3.369611792512291,3.369611792512291,3.369611792512291,3.369611792512291,3.369611792512291,3.369611792512291,3.369611792512291,3.369611792512291,3.369611792512291,3.369611792512291,3.369611792512291,3.369611792512291,3.369611792512291,3.369611792512291,3.369611792512291,3.369611792512291,3.369611792512291,3.369611792512291,3.369611792512291,3.369611792512291,3.369611792512291,3.369611792512291,3.369611792512291,3.369611792512291,3.369611792512291,3.369611792512291,3.369611792512291,3.369611792512291,3.369611792512291,3.369611792512291,3.369611792512291,3.369611792512291,3.369611792512291,3.369611792512291,3.369611792512291,3.369611792512291,3.369611792512291,3.369611792512291,3.369611792512291,3.369611792512291,3.369611792512291,3.369611792512291,3.369611792512291,3.369611792512291,3.369611792512291,3.369611792512291,3.369611792512291,3.369611792512291,3.369611792512291,3.369611792512291,3.369611792512291,3.369611792512291,3.369611792512291,3.369611792512291,3.369611792512291,3.369611792512291,3.369611792512291,3.369611792512291,3.369611792512291,3.369611792512291,3.369611792512291,3.369611792512291,3.369611792512291,3.369611792512291,3.369611792512291,3.369611792512291,3.369611792512291,3.369611792512291,3.369611792512291,3.369611792512291,3.369611792512291,3.369611792512291,3.369611792512291,3.369611792512291,3.369611792512291,3.369611792512291,3.369611792512291,3.369611792512291,3.369611792512291,3.369611792512291,3.369611792512291,3.369611792512291,3.369611792512291,3.369611792512291,3.369611792512291,3.369611792512291,3.369611792512291,3.369611792512291,3.369611792512291,3.369611792512291,3.369611792512291,3.369611792512291,3.369611792512291,3.369611792512291,3.369611792512291,3.369611792512291,3.369611792512291,3.369611792512291,3.369611792512291,3.369611792512291,3.369611792512291,3.369611792512291,3.369611792512291,3.369611792512291,3.369611792512291,3.369611792512291,3.369611792512291,3.369611792512291,3.369611792512291,3.369611792512291,3.369611792512291,3.369611792512291,3.369611792512291,3.369611792512291,3.369611792512291,3.369611792512291,3.369611792512291,3.369611792512291,3.369611792512291,3.369611792512291,3.369611792512291,3.369611792512291,3.369611792512291,3.369611792512291,3.369611792512291,3.369611792512291,3.369611792512291,3.369611792512291,3.369611792512291,3.369611792512291,3.369611792512291,3.369611792512291,3.369611792512291,3.369611792512291,3.369611792512291,3.369611792512291,3.369611792512291,3.369611792512291,3.369611792512291,3.369611792512291,3.369611792512291,3.369611792512291,3.369611792512291,3.369611792512291,3.369611792512291,3.369611792512291,3.369611792512291,3.369611792512291,3.369611792512291,3.369611792512291,3.369611792512291,3.369611792512291,3.369611792512291,3.369611792512291,3.369611792512291,3.369611792512291,3.369611792512291,3.369611792512291,3.369611792512291,3.369611792512291,3.369611792512291,3.369611792512291,3.369611792512291,3.369611792512291,3.369611792512291,3.369611792512291,3.369611792512291,3.369611792512291,3.369611792512291,3.369611792512291,3.369611792512291,3.369611792512291,3.369611792512291,3.369611792512291,3.369611792512291,3.369611792512291,3.369611792512291,3.369611792512291,3.369611792512291,3.369611792512291,3.369611792512291,3.369611792512291,3.369611792512291,3.369611792512291,3.369611792512291,3.369611792512291,3.369611792512291,3.369611792512291,3.369611792512291,3.369611792512291,3.369611792512291,3.369611792512291,3.369611792512291,3.369611792512291,3.369611792512291,3.369611792512291,3.369611792512291,3.369611792512291,3.369611792512291,3.369611792512291,3.369611792512291,3.369611792512291,3.369611792512291,3.369611792512291,3.369611792512291,3.369611792512291,3.369611792512291,3.369611792512291,3.369611792512291,3.369611792512291,3.369611792512291,7.27820470639219,7.27820470639219,7.27820470639219,7.27820470639219,7.27820470639219,7.27820470639219,7.27820470639219,7.27820470639219,7.27820470639219,7.27820470639219,7.27820470639219,7.27820470639219,7.27820470639219,7.27820470639219,7.27820470639219,7.27820470639219,7.27820470639219,7.27820470639219,7.27820470639219,7.27820470639219,7.27820470639219,7.27820470639219,7.229359504936555,7.229359504936555,7.229359504936555,7.1299226180594895,7.1299226180594895,7.1299226180594895,7.1299226180594895,7.1299226180594895,7.1299226180594895,7.1299226180594895,7.1299226180594895,7.1299226180594895,7.1299226180594895,7.1299226180594895,7.1299226180594895,7.1299226180594895,7.1299226180594895,7.1299226180594895,7.1299226180594895,7.1299226180594895,7.1299226180594895,7.1299226180594895,7.1299226180594895,7.1299226180594895,7.1299226180594895,7.1299226180594895,7.117670006026526,7.117670006026526,7.117670006026526,7.117670006026526,7.117670006026526,7.117670006026526,7.117670006026526,7.117670006026526,7.117670006026526,7.117670006026526,7.117670006026526,7.117670006026526,7.117670006026526,7.117670006026526,7.117670006026526,7.117670006026526,7.117670006026526,7.117670006026526,7.117670006026526,6.895036213158819,6.895036213158819,6.895036213158819,6.895036213158819,6.895036213158819,6.895036213158819,6.895036213158819,6.895036213158819,6.895036213158819,6.895036213158819,6.895036213158819,6.895036213158819,6.895036213158819,6.895036213158819,6.895036213158819,6.895036213158819,6.895036213158819,6.895036213158819,6.895036213158819,6.895036213158819,6.895036213158819,6.243580732563035,6.10694712310699,5.972716354237903,5.930156777684103,5.693505032693578,5.693505032693578,5.693505032693578,5.693505032693578,5.693505032693578,5.693505032693578,5.693505032693578,5.693505032693578,5.693505032693578,5.693505032693578,5.693505032693578,5.693505032693578,5.693505032693578,5.693505032693578,5.693505032693578,5.693505032693578,5.693505032693578,5.693505032693578,5.693505032693578,5.693505032693578,5.693505032693578,5.693505032693578,5.693505032693578,5.693505032693578,5.693505032693578,5.693505032693578,5.693505032693578,5.693505032693578,5.693505032693578,5.693505032693578,5.693505032693578,5.693505032693578,5.693505032693578,5.693505032693578,5.693505032693578,5.693505032693578,5.693505032693578,5.693505032693578,5.693505032693578,5.693505032693578,5.693505032693578,5.693505032693578,5.693505032693578,5.693505032693578,5.693505032693578,5.693505032693578,5.693505032693578,5.693505032693578,5.693505032693578,5.693505032693578,5.693505032693578,5.693505032693578,5.693505032693578,5.693505032693578,5.693505032693578,5.693505032693578,5.693505032693578,5.693505032693578,5.693505032693578,5.693505032693578,5.693505032693578,5.693505032693578,5.693505032693578,5.693505032693578,5.693505032693578,5.693505032693578,5.693505032693578,5.693505032693578,5.693505032693578,5.693505032693578,5.693505032693578,5.693505032693578,5.693505032693578,5.693505032693578,5.693505032693578,5.693505032693578,5.693505032693578,5.693505032693578,5.693505032693578,5.693505032693578,5.693505032693578,5.693505032693578,5.693505032693578,5.693505032693578,5.693505032693578,5.693505032693578,5.693505032693578,5.693505032693578,5.693505032693578,5.693505032693578,5.693505032693578,5.693505032693578,5.693505032693578,5.693505032693578,5.693505032693578,5.693505032693578,5.693505032693578,5.693505032693578,5.693505032693578,5.693505032693578,5.693505032693578,5.693505032693578,5.693505032693578,5.693505032693578,5.693505032693578,5.693505032693578,5.693505032693578,5.693505032693578,5.693505032693578,5.693505032693578,5.693505032693578,5.693505032693578,5.693505032693578,5.693505032693578,5.693505032693578,5.693505032693578,5.693505032693578,5.693505032693578,5.693505032693578,5.693505032693578,5.693505032693578,5.693505032693578,5.693505032693578,5.693505032693578,5.693505032693578,5.693505032693578,5.693505032693578,5.6472435653880675,5.6472435653880675,5.6472435653880675,5.6472435653880675,5.6472435653880675,5.6472435653880675,5.6472435653880675,5.6472435653880675,5.6472435653880675,5.6472435653880675,5.6472435653880675,5.6472435653880675,5.6472435653880675,5.6472435653880675,5.6472435653880675,5.587834713182631,5.587834713182631,5.587834713182631,5.587834713182631,5.587834713182631,5.587834713182631,5.587834713182631,5.587834713182631,5.587834713182631,5.587834713182631,5.587834713182631,5.587834713182631,5.587834713182631,5.587834713182631,5.587834713182631,5.587834713182631,5.587834713182631,5.587834713182631,5.587834713182631,5.587834713182631,5.587834713182631,5.587834713182631,5.587834713182631,5.587834713182631,5.587834713182631,5.587834713182631,5.587834713182631,5.587834713182631,5.587834713182631,5.587834713182631,5.587834713182631,5.587834713182631,5.587834713182631,5.587834713182631,5.587834713182631,5.587834713182631,5.587834713182631,5.587834713182631,5.587834713182631,5.587834713182631,5.587834713182631,5.587834713182631,5.587834713182631,5.587834713182631,5.587834713182631,5.587834713182631,5.587834713182631,5.587834713182631,5.587834713182631,5.587834713182631,5.587834713182631,5.587834713182631,5.587834713182631,5.587834713182631,5.587834713182631,5.587834713182631,5.587834713182631,5.587834713182631,5.587834713182631,5.587834713182631,5.587834713182631,5.587834713182631,5.587834713182631,5.587834713182631,5.587834713182631,5.587834713182631,5.587834713182631,5.587834713182631,5.587834713182631,5.587834713182631,5.587834713182631,5.587834713182631,5.587834713182631,5.587834713182631,5.587834713182631,5.587834713182631,5.587834713182631,5.587834713182631,5.587834713182631,5.587834713182631,5.587834713182631,5.587834713182631,5.587834713182631,5.587834713182631,5.587834713182631,5.587834713182631,5.587834713182631,5.587834713182631,5.587834713182631,5.587834713182631,5.587834713182631,5.587834713182631,5.587834713182631,5.587834713182631,5.587834713182631,5.587834713182631,5.587834713182631,5.587834713182631,5.587834713182631,5.587834713182631,5.587834713182631,5.587834713182631,5.587834713182631,5.587834713182631,5.587834713182631,5.587834713182631,5.587834713182631,5.587834713182631,5.587834713182631,5.587834713182631,5.587834713182631,5.587834713182631,5.587834713182631,5.587834713182631,5.587834713182631,5.587834713182631,5.587834713182631,5.587834713182631,5.587834713182631,5.587834713182631,5.587834713182631,5.587834713182631,5.587834713182631,5.587834713182631,5.587834713182631,5.587834713182631,5.587834713182631,5.587834713182631,5.587834713182631,5.587834713182631,5.587834713182631,5.587834713182631,5.587834713182631,5.587834713182631,5.587834713182631,5.587834713182631,5.587834713182631,5.587834713182631,5.587834713182631,5.587834713182631,5.587834713182631,5.587834713182631,5.587834713182631,5.587834713182631,5.587834713182631,5.587834713182631,5.587834713182631,5.587834713182631,5.587834713182631,5.587834713182631,5.587834713182631,5.587834713182631,5.587834713182631,5.587834713182631,5.587834713182631,5.587834713182631,5.587834713182631,5.587834713182631,5.587834713182631,5.587834713182631,5.587834713182631,5.587834713182631,5.587834713182631,5.587834713182631,5.587834713182631,5.587834713182631,5.587834713182631,5.587834713182631,5.587834713182631,5.587834713182631,5.587834713182631,5.587834713182631,5.587834713182631,5.587834713182631,5.587834713182631,5.587834713182631,5.587834713182631,5.587834713182631,5.587834713182631,5.587834713182631,5.587834713182631,5.587834713182631,5.587834713182631,5.587834713182631,5.587834713182631,5.587834713182631,5.587834713182631,5.587834713182631,5.587834713182631,5.587834713182631,5.587834713182631,5.587834713182631,5.587834713182631,5.587834713182631,5.587834713182631,5.587834713182631,5.587834713182631,5.587834713182631,5.587834713182631,5.587834713182631,5.587834713182631,5.587834713182631,5.587834713182631,5.587834713182631,5.587834713182631,5.587834713182631,5.587834713182631,5.587834713182631,5.587834713182631,5.587834713182631,5.587834713182631,5.587834713182631,5.587834713182631,5.587834713182631,5.587834713182631,5.543991525394111,5.543991525394111,5.543991525394111,5.543991525394111,5.543991525394111,5.543991525394111,5.543991525394111,5.476184486594395,5.476184486594395,5.476184486594395,5.476184486594395,5.476184486594395,5.476184486594395,5.476184486594395,5.476184486594395,5.476184486594395,5.476184486594395,4.952836732790019,4.952836732790019,4.927816543192623,4.927816543192623,4.927816543192623,4.927816543192623,4.927816543192623,4.927816543192623,4.927816543192623,4.927816543192623,4.927816543192623,4.927816543192623,4.927816543192623,4.927816543192623,4.927816543192623,4.927816543192623,4.927816543192623,4.927816543192623,4.927816543192623,4.927816543192623,4.927816543192623,4.927816543192623,4.927816543192623,4.927816543192623,4.927816543192623,4.927816543192623,4.927816543192623,4.927816543192623,4.927816543192623,4.927816543192623,4.927816543192623,4.927816543192623,4.927816543192623,4.927816543192623,4.927816543192623,4.927816543192623,4.927816543192623,4.927816543192623,4.927816543192623,4.927816543192623,4.927816543192623,4.927816543192623,4.927816543192623,4.927816543192623,4.927816543192623,4.927816543192623,4.927816543192623,4.927816543192623,4.927816543192623,4.927816543192623,4.927816543192623,4.927816543192623,4.927816543192623,4.927816543192623,4.927816543192623,4.927816543192623,4.927816543192623,4.927816543192623,4.927816543192623,4.927816543192623,4.927816543192623,4.927816543192623,4.927816543192623,4.927816543192623,4.927816543192623,4.927816543192623,4.927816543192623,4.927816543192623,4.927816543192623,4.927816543192623,4.927816543192623,4.927816543192623,4.927816543192623,4.927816543192623,4.927816543192623,4.927816543192623,4.927816543192623,4.927816543192623,4.927816543192623,4.927816543192623,4.927816543192623,4.927816543192623,4.927816543192623,4.927816543192623,4.927816543192623,4.927816543192623,4.927816543192623,4.927816543192623,4.927816543192623,4.927816543192623,4.927816543192623,4.927816543192623,4.927816543192623,4.927816543192623,4.927816543192623,4.927816543192623,4.927816543192623,4.927816543192623,4.927816543192623,4.927816543192623,4.927816543192623,4.927816543192623,4.927816543192623,4.927816543192623,4.927816543192623,4.927816543192623,4.927816543192623,4.927816543192623,4.927816543192623,4.927816543192623,4.927816543192623,4.927816543192623,4.927816543192623,4.927816543192623,4.927816543192623,4.927816543192623,4.927816543192623,4.927816543192623,4.927816543192623,4.927816543192623,4.927816543192623,4.927816543192623,4.927816543192623,4.927816543192623,4.927816543192623,4.927816543192623,4.927816543192623,4.927816543192623,4.927816543192623,4.927816543192623,4.927816543192623,4.927816543192623,4.927816543192623,4.927816543192623,4.927816543192623,4.927816543192623,4.927816543192623,4.927816543192623,4.927816543192623,4.927816543192623,4.927816543192623,4.927816543192623,4.927816543192623,4.927816543192623,4.927816543192623,4.927816543192623,4.927816543192623,4.927816543192623,4.927816543192623,4.927816543192623,4.927816543192623,4.927816543192623,4.927816543192623,4.927816543192623,4.927816543192623,4.927816543192623,4.927816543192623,4.927816543192623,4.927816543192623,4.927816543192623,4.927816543192623,4.927816543192623,4.927816543192623,4.927816543192623,4.927816543192623,4.927816543192623,4.927816543192623,4.927816543192623,4.927816543192623,4.927816543192623,4.927816543192623,4.927816543192623,4.927816543192623,4.927816543192623,4.927816543192623,4.927816543192623,4.927816543192623,4.927816543192623,4.927816543192623,4.927816543192623,4.927816543192623,4.927816543192623,4.927816543192623,4.927816543192623,4.927816543192623,4.927816543192623,4.927816543192623,4.927816543192623,4.927816543192623,4.927816543192623,4.927816543192623,4.927816543192623,4.927816543192623,4.927816543192623,4.927816543192623,4.927816543192623,4.927816543192623,4.927816543192623,4.927816543192623,4.927816543192623,4.927816543192623,4.927816543192623,4.927816543192623,4.927816543192623,4.927816543192623,4.927816543192623,4.927816543192623,4.927816543192623,4.927816543192623,4.927816543192623,4.927816543192623,4.927816543192623,4.927816543192623,4.927816543192623,4.927816543192623,4.927816543192623,4.927816543192623,4.927816543192623,4.927816543192623,4.927816543192623,4.927816543192623,4.927816543192623,4.927816543192623,4.927816543192623,4.927816543192623,4.927816543192623,4.927816543192623,4.927816543192623,4.927816543192623,4.927816543192623,4.927816543192623,4.927816543192623,4.927816543192623,4.927816543192623,4.927816543192623,4.927816543192623,4.927816543192623,4.927816543192623,4.927816543192623,4.927816543192623,4.927816543192623,4.927816543192623,4.927816543192623,4.927816543192623,4.927816543192623,4.927816543192623,4.927816543192623,4.927816543192623,4.927816543192623,4.927816543192623,4.927816543192623,4.927816543192623,4.927816543192623,4.927816543192623,4.927816543192623,4.927816543192623,4.927816543192623,4.927816543192623,4.927816543192623,4.927816543192623,4.927816543192623,4.927816543192623,4.927816543192623,4.927816543192623,4.927816543192623,4.927816543192623,4.927816543192623,4.927816543192623,4.927816543192623,4.927816543192623,4.927816543192623,4.927816543192623,4.927816543192623,4.927816543192623,4.927816543192623,4.927816543192623,4.927816543192623,4.927816543192623,4.927816543192623,4.927816543192623,4.927816543192623,4.927816543192623,4.927816543192623,4.927816543192623,4.927816543192623,4.927816543192623,4.927816543192623,4.927816543192623,4.927816543192623,4.927816543192623,4.927816543192623,4.927816543192623,4.927816543192623,4.927816543192623,4.927816543192623,4.927816543192623,4.927816543192623,4.927816543192623,4.927816543192623,4.927816543192623,4.927816543192623,4.927816543192623,4.927816543192623,4.927816543192623,4.927816543192623,4.927816543192623,4.927816543192623,4.927816543192623,4.927816543192623,4.927816543192623,4.927816543192623,4.927816543192623,4.927816543192623,4.927816543192623,4.927816543192623,4.927816543192623,4.927816543192623,4.927816543192623,4.927816543192623,4.927816543192623,4.927816543192623,4.927816543192623,4.927816543192623,4.927816543192623,4.927816543192623,4.927816543192623,4.927816543192623,4.927816543192623,4.927816543192623,4.927816543192623,4.927816543192623,4.927816543192623,4.927816543192623,4.927816543192623,4.927816543192623,4.927816543192623,4.927816543192623,4.927816543192623,4.927816543192623,4.927816543192623,4.927816543192623,4.927816543192623,4.927816543192623,4.927816543192623,4.927816543192623,4.927816543192623,4.927816543192623,4.927816543192623,4.927816543192623,4.927816543192623,4.927816543192623,4.927816543192623,4.927816543192623,4.927816543192623,4.927816543192623,4.927816543192623,4.927816543192623,4.927816543192623,4.927816543192623,4.927816543192623,4.927816543192623,4.927816543192623,4.927816543192623,4.927816543192623,4.927816543192623,4.927816543192623,4.927816543192623,4.927816543192623,4.927816543192623,4.927816543192623,4.927816543192623,4.927816543192623,4.927816543192623,4.927816543192623,4.927816543192623,4.927816543192623,4.927816543192623,4.927816543192623,4.927816543192623,4.927816543192623,4.927816543192623,4.927816543192623,4.927816543192623,4.927816543192623,4.927816543192623,4.927816543192623,4.927816543192623,4.927816543192623,4.927816543192623,4.927816543192623,4.927816543192623,4.927816543192623,4.927816543192623,4.927816543192623,4.927816543192623,4.927816543192623,4.927816543192623,4.927816543192623,4.927816543192623,4.927816543192623,4.927816543192623,4.927816543192623,4.927816543192623,4.927816543192623,4.927816543192623,4.927816543192623,4.927816543192623,4.927816543192623,4.927816543192623,4.927816543192623,4.927816543192623,4.927816543192623,4.927816543192623,4.927816543192623,4.927816543192623,4.927816543192623,4.927816543192623,4.927816543192623,4.927816543192623,4.927816543192623,4.927816543192623,4.927816543192623,4.927816543192623,4.927816543192623,4.927816543192623,4.927816543192623,4.927816543192623,4.927816543192623,4.927816543192623,4.927816543192623,4.927816543192623,4.927816543192623,4.927816543192623,4.927816543192623,4.927816543192623,4.927816543192623,4.927816543192623,4.927816543192623,4.927816543192623,4.927816543192623,4.927816543192623,4.927816543192623,4.927816543192623,4.927816543192623,4.927816543192623,4.927816543192623,4.927816543192623,4.927816543192623,4.927816543192623,4.927816543192623,4.927816543192623,4.927816543192623,4.927816543192623,4.927816543192623,4.927816543192623,4.927816543192623,4.927816543192623,4.927816543192623,4.927816543192623,4.927816543192623,4.927816543192623,4.927816543192623,4.927816543192623,4.927816543192623,4.927816543192623,4.927816543192623,4.927816543192623,4.927816543192623,4.927816543192623,4.927816543192623,4.927816543192623,4.927816543192623,4.927816543192623,4.927816543192623,4.927816543192623,4.927816543192623,4.927816543192623,4.927816543192623,4.927816543192623,4.927816543192623,4.927816543192623,4.927816543192623,4.927816543192623,4.927816543192623,4.927816543192623,4.927816543192623,4.927816543192623,4.927816543192623,4.927816543192623,4.927816543192623,4.927816543192623,4.927816543192623,4.927816543192623,4.927816543192623,4.927816543192623,4.927816543192623,4.927816543192623,4.927816543192623,4.927816543192623,4.927816543192623,4.927816543192623,4.927816543192623,4.927816543192623,4.927816543192623,4.927816543192623,4.927816543192623,4.927816543192623,4.927816543192623,4.927816543192623,4.927816543192623,4.927816543192623,4.927816543192623,4.927816543192623,4.927816543192623,4.927816543192623,4.927816543192623,4.927816543192623,4.927816543192623,4.927816543192623,4.927816543192623,4.927816543192623,4.927816543192623,4.927816543192623,4.927816543192623,4.927816543192623,4.927816543192623,4.927816543192623,4.927816543192623,4.927816543192623,4.927816543192623,4.927816543192623,4.927816543192623,4.927816543192623,4.927816543192623,8.032743101448943,7.15049126837141,7.15049126837141,7.15049126837141,7.076419945407652,7.076419945407652,6.702132902002858,6.702132902002858,6.6882097078624145,6.6882097078624145,6.6882097078624145,6.6882097078624145,6.6882097078624145,6.6882097078624145,6.6882097078624145,6.5609398621660775,6.5609398621660775,6.5609398621660775,6.5609398621660775,6.5609398621660775,6.5609398621660775,6.5609398621660775,6.5609398621660775,5.973066759342659,5.29087018784032,5.1723961044297315,5.1723961044297315,5.1723961044297315,5.1723961044297315,5.1723961044297315,5.1723961044297315,5.106129688821798,5.094103893830268,5.094103893830268,5.094103893830268,5.094103893830268,4.973669073624965,4.973669073624965,4.973669073624965,4.973669073624965,4.973669073624965,4.973669073624965,4.973669073624965,4.973669073624965,4.973669073624965,4.973669073624965,4.973669073624965,4.973669073624965,4.973669073624965,4.973669073624965,4.973669073624965,4.973669073624965,4.973669073624965,4.973669073624965,4.973669073624965,4.973669073624965,4.973669073624965,4.973669073624965,4.973669073624965,4.973669073624965,4.973669073624965,4.973669073624965,4.973669073624965,4.973669073624965,4.973669073624965,4.973669073624965,4.973669073624965,4.973669073624965,4.973669073624965,4.973669073624965,4.973669073624965,4.973669073624965,4.973669073624965,4.973669073624965,4.973669073624965,4.973669073624965,4.973669073624965,4.973669073624965,4.973669073624965,4.973669073624965,4.973669073624965,4.973669073624965,4.973669073624965,4.973669073624965,4.973669073624965,4.973669073624965,4.973669073624965,4.973669073624965,4.973669073624965,4.973669073624965,4.973669073624965,4.973669073624965,4.973669073624965,4.973669073624965,4.973669073624965,4.973669073624965,4.973669073624965,4.973669073624965,4.973669073624965,4.973669073624965,4.973669073624965,4.973669073624965,4.973669073624965,4.962822267541706,4.962822267541706,4.7925177432446775,4.7925177432446775,4.7925177432446775,4.642771114882594,4.642771114882594,4.161571899911252,4.161571899911252,4.161571899911252,4.161571899911252,4.161571899911252,4.161571899911252,4.161571899911252,4.161571899911252,4.161571899911252,4.161571899911252,4.161571899911252,4.161571899911252,4.161571899911252,4.161571899911252,4.161571899911252,4.161571899911252,4.161571899911252,4.161571899911252,4.161571899911252,4.161571899911252,4.161571899911252,4.161571899911252,4.161571899911252,4.161571899911252,4.161571899911252,4.161571899911252,4.161571899911252,4.161571899911252,4.161571899911252,4.161571899911252,4.161571899911252,4.161571899911252,4.161571899911252,4.161571899911252,4.161571899911252,4.161571899911252,4.161571899911252,4.161571899911252,4.161571899911252,4.161571899911252,4.161571899911252,4.161571899911252,4.161571899911252,4.161571899911252,4.161571899911252,4.161571899911252,4.161571899911252,4.161571899911252,4.161571899911252,4.161571899911252,4.161571899911252,4.161571899911252,4.161571899911252,4.161571899911252,4.161571899911252,4.161571899911252,4.161571899911252,4.161571899911252,4.161571899911252,4.161571899911252,4.161571899911252,4.161571899911252,4.161571899911252,4.161571899911252,4.161571899911252,4.161571899911252,4.161571899911252,4.161571899911252,4.161571899911252,4.161571899911252,4.161571899911252,4.161571899911252,4.161571899911252,4.146968005786752,4.146968005786752,4.146968005786752,4.146968005786752,4.126584533737255,4.126584533737255,4.126584533737255,4.126584533737255,4.126584533737255,4.126584533737255,4.126584533737255,4.126584533737255,4.126584533737255,4.126584533737255,4.126584533737255,4.126584533737255,4.126584533737255,4.126584533737255,4.126584533737255,4.126584533737255,4.126584533737255,4.126584533737255,4.126584533737255,4.126584533737255,4.126584533737255,4.126584533737255,4.126584533737255,4.126584533737255,4.126584533737255,4.126584533737255,4.126584533737255,4.126584533737255,4.126584533737255,4.126584533737255,4.126584533737255,4.126584533737255,4.126584533737255,4.126584533737255,4.126584533737255,4.126584533737255,4.126584533737255,4.126584533737255,4.126584533737255,4.126584533737255,4.126584533737255,4.126584533737255,4.126584533737255,4.126584533737255,4.126584533737255,4.126584533737255,4.126584533737255,4.126584533737255,4.126584533737255,4.126584533737255,4.126584533737255,4.126584533737255,4.126584533737255,4.126584533737255,4.126584533737255,4.126584533737255,4.126584533737255,4.126584533737255,4.126584533737255,4.126584533737255,4.126584533737255,4.126584533737255,4.126584533737255,4.126584533737255,4.126584533737255,4.126584533737255,4.126584533737255,4.126584533737255,4.126584533737255,4.126584533737255,4.126584533737255,4.126584533737255,4.126584533737255,4.126584533737255,4.126584533737255,4.126584533737255,4.126584533737255,4.126584533737255,4.126584533737255,4.126584533737255,4.126584533737255,4.126584533737255,4.126584533737255,4.126584533737255,4.126584533737255,4.126584533737255,4.126584533737255,4.126584533737255,4.126584533737255,4.126584533737255,4.126584533737255,4.126584533737255,4.126584533737255,4.126584533737255,4.126584533737255,4.126584533737255,4.126584533737255,3.7946408064485952,3.008735564747159,3.008735564747159,3.008735564747159,3.008735564747159,3.008735564747159,3.008735564747159,3.008735564747159,3.008735564747159,3.008735564747159,3.008735564747159,3.008735564747159,3.008735564747159,3.008735564747159,3.008735564747159,3.008735564747159,3.008735564747159,3.008735564747159,3.008735564747159,3.008735564747159,3.008735564747159,3.008735564747159,3.008735564747159,3.008735564747159,3.008735564747159,3.008735564747159,3.008735564747159,3.008735564747159,3.008735564747159,3.008735564747159,3.008735564747159,3.008735564747159,3.008735564747159,3.008735564747159,3.008735564747159,3.008735564747159,3.008735564747159,3.008735564747159,3.008735564747159,3.008735564747159,3.008735564747159,3.008735564747159,3.008735564747159,3.008735564747159,3.008735564747159,3.008735564747159,3.008735564747159,3.008735564747159,3.008735564747159,3.008735564747159,3.008735564747159,3.008735564747159,3.008735564747159,3.008735564747159,3.008735564747159,3.008735564747159,3.008735564747159,3.008735564747159,3.008735564747159,3.008735564747159,3.008735564747159,3.008735564747159,3.008735564747159,3.008735564747159,3.008735564747159,3.008735564747159,3.008735564747159,3.008735564747159,3.008735564747159,3.008735564747159,3.008735564747159,3.008735564747159,3.008735564747159,3.008735564747159,3.008735564747159,3.008735564747159,3.008735564747159,3.008735564747159,3.008735564747159,3.008735564747159,3.008735564747159,3.008735564747159,3.008735564747159,3.008735564747159,3.008735564747159,3.008735564747159,3.008735564747159,3.008735564747159,3.008735564747159,3.008735564747159,3.008735564747159,3.008735564747159,3.008735564747159,3.008735564747159,3.008735564747159,3.008735564747159,3.008735564747159,3.008735564747159,3.008735564747159,3.008735564747159,3.008735564747159,3.008735564747159,3.008735564747159,3.008735564747159,3.008735564747159,3.008735564747159,3.008735564747159,3.008735564747159,3.008735564747159,3.008735564747159,3.008735564747159,3.008735564747159,3.008735564747159,3.008735564747159,3.008735564747159,3.008735564747159,3.008735564747159,3.008735564747159,3.008735564747159,3.008735564747159,3.008735564747159,3.008735564747159,3.008735564747159,3.008735564747159,3.008735564747159,3.008735564747159,3.008735564747159,3.008735564747159,3.008735564747159,3.008735564747159,3.008735564747159,3.008735564747159,3.008735564747159,3.008735564747159,3.008735564747159,3.008735564747159,3.008735564747159,3.008735564747159,3.008735564747159,3.008735564747159,3.008735564747159,3.008735564747159,3.008735564747159,3.008735564747159,3.008735564747159,3.008735564747159,3.008735564747159,3.008735564747159,3.008735564747159,3.008735564747159,3.008735564747159,3.008735564747159,3.008735564747159,3.008735564747159,3.008735564747159,3.008735564747159,3.008735564747159,3.008735564747159,3.008735564747159,3.008735564747159,3.008735564747159,3.008735564747159,3.008735564747159,3.008735564747159,3.008735564747159,3.008735564747159,3.008735564747159,3.008735564747159,3.008735564747159,3.008735564747159,3.008735564747159,3.008735564747159,3.008735564747159,3.008735564747159,3.008735564747159,3.008735564747159,3.008735564747159,3.008735564747159,3.008735564747159,3.008735564747159,3.008735564747159,3.008735564747159,3.008735564747159,3.008735564747159,3.008735564747159,3.008735564747159,3.008735564747159,3.008735564747159,3.008735564747159,3.008735564747159,3.008735564747159,3.008735564747159,3.008735564747159,3.008735564747159,3.008735564747159,3.008735564747159,3.008735564747159,3.008735564747159,3.008735564747159,3.008735564747159,3.008735564747159,3.008735564747159,3.008735564747159,3.008735564747159,3.008735564747159,3.008735564747159,3.008735564747159,3.008735564747159,3.008735564747159,3.008735564747159,3.008735564747159,3.008735564747159,3.008735564747159,3.008735564747159,3.008735564747159,3.008735564747159,3.008735564747159,3.008735564747159,3.008735564747159,3.008735564747159,3.008735564747159,3.008735564747159,3.008735564747159,3.008735564747159,3.008735564747159,3.008735564747159,3.008735564747159,3.008735564747159,3.008735564747159,3.008735564747159,3.008735564747159,3.008735564747159,3.008735564747159,3.008735564747159,3.008735564747159,3.008735564747159,3.008735564747159,3.008735564747159,3.008735564747159,3.008735564747159,3.008735564747159,3.008735564747159,3.008735564747159,3.008735564747159,3.008735564747159,3.008735564747159,3.008735564747159,3.008735564747159,3.008735564747159,3.008735564747159,3.008735564747159,3.008735564747159,3.008735564747159,3.008735564747159,3.008735564747159,3.008735564747159,3.008735564747159,3.008735564747159,3.008735564747159,3.008735564747159,3.008735564747159,3.008735564747159,3.008735564747159,3.008735564747159,3.008735564747159,3.008735564747159,3.008735564747159,3.008735564747159,3.008735564747159,3.008735564747159,3.008735564747159,3.008735564747159,3.008735564747159,3.008735564747159,3.008735564747159,3.008735564747159,3.008735564747159,3.008735564747159,3.008735564747159,3.008735564747159,3.008735564747159,3.008735564747159,3.008735564747159,3.008735564747159,3.008735564747159,3.008735564747159,3.008735564747159,3.008735564747159,3.008735564747159,3.008735564747159,3.008735564747159,3.008735564747159,3.008735564747159,3.008735564747159,3.008735564747159,3.008735564747159,3.008735564747159,3.008735564747159,3.008735564747159,3.008735564747159,3.008735564747159,3.008735564747159,3.008735564747159,3.008735564747159,3.008735564747159,3.008735564747159,3.008735564747159,3.008735564747159,3.008735564747159,3.008735564747159,3.008735564747159,3.008735564747159,3.008735564747159,3.008735564747159,3.008735564747159,3.008735564747159,3.008735564747159,3.008735564747159,3.008735564747159,3.008735564747159,3.008735564747159,3.008735564747159,3.008735564747159,3.008735564747159,3.008735564747159,3.008735564747159,3.008735564747159,3.008735564747159,3.008735564747159,3.008735564747159,3.008735564747159,3.008735564747159,3.008735564747159,3.008735564747159,3.008735564747159,3.008735564747159,3.008735564747159,3.008735564747159,3.008735564747159,3.008735564747159,3.008735564747159,3.008735564747159,3.008735564747159,3.008735564747159,3.008735564747159,3.008735564747159,3.008735564747159,3.008735564747159,3.008735564747159,3.008735564747159,3.008735564747159,3.008735564747159,3.008735564747159,3.008735564747159,3.008735564747159,3.008735564747159,3.008735564747159,3.008735564747159,3.008735564747159,3.008735564747159,3.008735564747159,3.008735564747159,3.008735564747159,3.008735564747159,3.008735564747159,3.008735564747159,3.008735564747159,3.008735564747159,3.008735564747159,3.008735564747159,3.008735564747159,3.008735564747159,3.008735564747159,3.008735564747159,3.008735564747159,3.008735564747159,3.008735564747159,3.008735564747159,3.008735564747159,3.008735564747159,3.008735564747159,3.008735564747159,3.008735564747159,3.008735564747159,3.008735564747159,3.008735564747159,3.008735564747159,3.008735564747159,3.008735564747159,3.008735564747159,3.008735564747159,3.008735564747159,3.008735564747159,3.008735564747159,3.008735564747159,3.008735564747159,3.008735564747159,3.008735564747159,3.008735564747159,3.008735564747159,3.008735564747159,3.008735564747159,3.008735564747159,3.008735564747159,3.008735564747159,3.008735564747159,3.008735564747159,3.008735564747159,3.008735564747159,3.008735564747159,3.008735564747159,3.008735564747159,3.008735564747159,3.008735564747159,3.008735564747159,3.008735564747159,3.008735564747159,3.008735564747159,3.008735564747159,3.008735564747159,3.008735564747159,3.008735564747159,3.008735564747159,3.008735564747159,3.008735564747159,3.008735564747159,3.008735564747159,3.008735564747159,3.008735564747159,3.008735564747159,3.008735564747159,3.008735564747159,3.008735564747159,3.008735564747159,3.008735564747159,3.008735564747159,3.008735564747159,3.008735564747159,3.008735564747159,3.008735564747159,3.008735564747159,3.008735564747159,3.008735564747159,3.008735564747159,3.008735564747159,3.008735564747159,3.008735564747159,3.008735564747159,3.008735564747159,3.008735564747159,3.008735564747159,3.008735564747159,3.008735564747159,3.008735564747159,3.008735564747159,3.008735564747159,3.008735564747159,3.008735564747159,3.008735564747159,3.008735564747159,3.008735564747159,3.008735564747159,3.008735564747159,3.008735564747159,3.008735564747159,3.008735564747159,3.008735564747159,3.008735564747159,3.008735564747159,3.008735564747159,3.008735564747159,3.008735564747159,3.008735564747159,3.008735564747159,3.008735564747159,3.008735564747159,3.008735564747159,3.008735564747159,3.008735564747159,3.008735564747159,3.008735564747159,3.008735564747159,3.008735564747159,3.008735564747159,3.008735564747159,3.008735564747159,3.008735564747159,3.008735564747159,3.008735564747159,3.008735564747159,3.008735564747159,3.008735564747159,3.008735564747159,3.008735564747159,3.008735564747159,3.008735564747159,3.008735564747159,3.008735564747159,3.008735564747159,3.008735564747159,3.008735564747159,3.008735564747159,3.008735564747159,3.008735564747159,3.008735564747159,3.008735564747159,3.008735564747159,3.008735564747159,3.008735564747159,3.008735564747159,3.008735564747159,3.008735564747159,3.008735564747159,3.008735564747159,3.008735564747159,3.008735564747159,3.008735564747159,3.008735564747159,3.008735564747159,3.008735564747159,3.008735564747159,3.008735564747159,3.008735564747159,3.008735564747159,3.008735564747159,3.008735564747159,3.008735564747159,3.008735564747159,3.008735564747159,3.008735564747159,3.008735564747159,3.008735564747159,3.008735564747159,3.008735564747159,3.008735564747159,3.008735564747159,3.008735564747159,3.008735564747159,3.008735564747159,3.008735564747159,3.008735564747159,3.008735564747159,3.008735564747159,3.008735564747159,3.008735564747159,3.008735564747159,3.008735564747159,3.008735564747159,3.008735564747159,3.008735564747159,3.008735564747159,3.008735564747159,3.008735564747159,3.008735564747159,3.008735564747159,3.008735564747159,3.008735564747159,3.008735564747159,3.008735564747159,3.008735564747159,3.008735564747159,3.008735564747159,3.008735564747159,3.008735564747159,3.008735564747159,3.008735564747159,3.008735564747159,3.008735564747159,3.008735564747159,3.008735564747159,3.008735564747159,3.008735564747159,3.008735564747159,3.008735564747159,3.008735564747159,3.008735564747159,3.008735564747159,3.008735564747159,3.008735564747159,3.008735564747159,3.008735564747159,3.008735564747159,3.008735564747159,3.008735564747159,3.008735564747159,3.008735564747159,3.008735564747159,3.008735564747159,3.008735564747159,3.008735564747159,3.008735564747159,3.008735564747159,3.008735564747159,3.008735564747159,3.008735564747159,3.008735564747159,3.008735564747159,3.008735564747159,3.008735564747159,3.008735564747159,3.008735564747159,3.008735564747159,3.008735564747159,3.008735564747159,3.008735564747159,3.008735564747159,3.008735564747159,3.008735564747159,3.008735564747159,3.008735564747159,3.008735564747159,3.008735564747159,3.008735564747159,3.008735564747159,3.008735564747159,3.008735564747159,3.008735564747159,3.008735564747159,3.008735564747159,3.008735564747159,3.008735564747159,3.008735564747159,3.008735564747159,3.008735564747159,3.008735564747159,3.008735564747159,3.008735564747159,3.008735564747159,3.008735564747159,3.008735564747159,3.008735564747159,3.008735564747159,3.008735564747159,3.008735564747159,3.008735564747159,3.008735564747159,3.008735564747159,3.008735564747159,3.008735564747159,3.008735564747159,3.008735564747159,3.008735564747159,3.008735564747159,3.008735564747159,3.008735564747159,3.008735564747159,3.008735564747159,3.008735564747159,3.008735564747159,3.008735564747159,3.008735564747159,3.008735564747159,3.008735564747159,3.008735564747159,3.008735564747159,3.008735564747159,3.008735564747159,3.008735564747159,3.008735564747159,3.008735564747159,3.008735564747159,3.008735564747159,3.008735564747159,3.008735564747159,3.008735564747159,3.008735564747159,3.008735564747159,3.008735564747159,3.008735564747159,3.008735564747159,3.008735564747159,3.008735564747159,3.008735564747159,3.008735564747159,3.008735564747159,3.008735564747159,3.008735564747159,3.008735564747159,3.008735564747159,3.008735564747159,3.008735564747159,3.008735564747159,3.008735564747159,3.008735564747159,3.008735564747159,3.008735564747159,3.008735564747159,3.008735564747159,3.008735564747159,3.008735564747159,3.008735564747159,3.008735564747159,3.008735564747159,3.008735564747159,3.008735564747159,3.008735564747159,3.008735564747159,3.008735564747159,3.008735564747159,3.008735564747159,3.008735564747159,3.008735564747159,3.008735564747159,3.008735564747159,3.008735564747159,3.008735564747159,3.008735564747159,3.008735564747159,3.008735564747159,3.008735564747159,3.008735564747159,3.008735564747159,3.008735564747159,3.008735564747159,3.008735564747159,3.008735564747159,8.175966133009112,8.175966133009112,8.175966133009112,8.175966133009112,8.175966133009112,8.136753072659397,7.560094531719106,7.265203559684094,7.265203559684094,7.265203559684094,7.265203559684094,7.265203559684094,7.265203559684094,7.265203559684094,7.265203559684094,7.265203559684094,7.265203559684094,7.265203559684094,7.265203559684094,7.265203559684094,7.265203559684094,7.265203559684094,7.265203559684094,7.265203559684094,7.265203559684094,7.265203559684094,7.265203559684094,7.265203559684094,7.265203559684094,7.265203559684094,7.265203559684094,7.265203559684094,7.265203559684094,7.265203559684094,7.265203559684094,7.265203559684094,7.265203559684094,7.265203559684094,7.265203559684094,7.265203559684094,7.265203559684094,7.265203559684094,7.265203559684094,7.265203559684094,7.265203559684094,7.265203559684094,7.265203559684094,7.265203559684094,7.265203559684094,7.265203559684094,7.265203559684094,7.265203559684094,7.265203559684094,7.265203559684094,7.265203559684094,7.265203559684094,7.265203559684094,7.265203559684094,7.265203559684094,7.265203559684094,7.265203559684094,7.265203559684094,7.265203559684094,7.265203559684094,7.265203559684094,7.265203559684094,7.265203559684094,7.265203559684094,7.265203559684094,7.265203559684094,7.265203559684094,7.265203559684094,7.265203559684094,7.265203559684094,7.265203559684094,7.265203559684094,7.265203559684094,7.265203559684094,7.265203559684094,7.265203559684094,7.265203559684094,7.265203559684094,7.265203559684094,7.265203559684094,6.25625396949627,6.027376270213431,6.010403272569736,6.010403272569736,6.010403272569736,5.625969555640048,5.565010891358322,5.515027637552828,5.490838174924679,5.490838174924679,5.490838174924679,5.490838174924679,5.490838174924679,5.490838174924679,5.490838174924679,5.490838174924679,5.429953028134072,5.429953028134072,5.429953028134072,5.429953028134072,5.429953028134072,5.429953028134072,5.429953028134072,5.429953028134072,5.429953028134072,5.429953028134072,5.429953028134072,5.429953028134072,5.429953028134072,5.429953028134072,5.429953028134072,5.429953028134072,5.429953028134072,5.429953028134072,5.429953028134072,5.429953028134072,5.429953028134072,5.429953028134072,5.407442106523921,5.407442106523921,5.407442106523921,5.407442106523921,5.407442106523921,5.407442106523921,5.407442106523921,5.407442106523921,5.407442106523921,5.357619641142746,5.357619641142746,5.357619641142746,5.357619641142746,5.357619641142746,4.712410980604183,4.712410980604183,4.712410980604183,4.712410980604183,4.712410980604183,4.712410980604183,4.479642124622284,4.479642124622284,4.479642124622284,4.479642124622284,4.479642124622284,4.479642124622284,4.479642124622284,4.479642124622284,4.479642124622284,4.479642124622284,4.479642124622284,4.479642124622284,4.479642124622284,4.479642124622284,4.479642124622284,4.479642124622284,4.479642124622284,4.479642124622284,4.479642124622284,4.479642124622284,4.479642124622284,4.479642124622284,4.479642124622284,4.479642124622284,4.479642124622284,4.479642124622284,4.479642124622284,4.479642124622284,4.479642124622284,4.479642124622284,4.479642124622284,4.479642124622284,4.479642124622284,4.479642124622284,4.479642124622284,4.479642124622284,4.479642124622284,4.479642124622284,4.479642124622284,4.479642124622284,4.479642124622284,4.479642124622284,4.479642124622284,4.479642124622284,4.479642124622284,4.479642124622284,4.479642124622284,4.479642124622284,4.479642124622284,4.479642124622284,4.479642124622284,4.479642124622284,4.479642124622284,4.479642124622284,4.479642124622284,4.479642124622284,4.479642124622284,4.479642124622284,4.479642124622284,4.479642124622284,4.479642124622284,4.479642124622284,4.479642124622284,4.479642124622284,4.479642124622284,4.479642124622284,4.479642124622284,4.479642124622284,4.479642124622284,4.479642124622284,4.479642124622284,4.479642124622284,4.479642124622284,4.479642124622284,4.479642124622284,4.479642124622284,4.479642124622284,4.479642124622284,4.479642124622284,4.479642124622284,4.479642124622284,4.479642124622284,4.479642124622284,4.479642124622284,4.479642124622284,4.479642124622284,4.479642124622284,4.479642124622284,4.479642124622284,4.479642124622284,4.479642124622284,4.479642124622284,4.479642124622284,4.479642124622284,4.479642124622284,4.479642124622284,4.479642124622284,4.479642124622284,4.479642124622284,4.479642124622284,4.479642124622284,4.479642124622284,4.479642124622284,4.479642124622284,4.479642124622284,4.479642124622284,4.479642124622284,4.479642124622284,4.479642124622284,4.479642124622284,4.479642124622284,4.479642124622284,4.479642124622284,4.479642124622284,4.479642124622284,4.479642124622284,4.479642124622284,4.479642124622284,4.479642124622284,4.479642124622284,4.479642124622284,4.479642124622284,4.479642124622284,4.479642124622284,4.479642124622284,4.479642124622284,4.479642124622284,4.479642124622284,4.479642124622284,4.479642124622284,4.479642124622284,4.479642124622284,4.479642124622284,4.479642124622284,4.479642124622284,4.479642124622284,4.479642124622284,4.479642124622284,4.479642124622284,4.479642124622284,4.479642124622284,4.479642124622284,4.479642124622284,4.479642124622284,4.479642124622284,4.479642124622284,4.479642124622284,4.479642124622284,4.479642124622284,4.479642124622284,4.479642124622284,4.479642124622284,4.479642124622284,4.479642124622284,4.479642124622284,4.479642124622284,4.479642124622284,4.479642124622284,4.479642124622284,4.479642124622284,4.479642124622284,4.479642124622284,4.479642124622284,4.479642124622284,4.479642124622284,4.479642124622284,4.479642124622284,4.479642124622284,4.479642124622284,4.479642124622284,4.479642124622284,4.479642124622284,4.479642124622284,4.479642124622284,4.479642124622284,4.479642124622284,4.479642124622284,4.479642124622284,4.479642124622284,4.479642124622284,4.479642124622284,4.479642124622284,4.479642124622284,4.479642124622284,4.479642124622284,4.479642124622284,4.479642124622284,4.479642124622284,4.479642124622284,4.479642124622284,4.479642124622284,4.479642124622284,4.479642124622284,4.479642124622284,4.479642124622284,4.479642124622284,4.479642124622284,4.479642124622284,4.479642124622284,4.479642124622284,4.479642124622284,4.479642124622284,4.479642124622284,4.479642124622284,4.479642124622284,4.479642124622284,4.479642124622284,4.479642124622284,4.479642124622284,4.479642124622284,4.479642124622284,4.479642124622284,4.479642124622284,4.479642124622284,4.479642124622284,4.479642124622284,4.479642124622284,4.479642124622284,4.479642124622284,4.479642124622284,4.479642124622284,4.479642124622284,4.479642124622284,4.479642124622284,4.479642124622284,4.479642124622284,4.479642124622284,4.479642124622284,4.479642124622284,4.479642124622284,4.479642124622284,4.479642124622284,4.479642124622284,4.479642124622284,4.479642124622284,4.479642124622284,4.479642124622284,4.479642124622284,4.479642124622284,4.479642124622284,4.479642124622284,4.479642124622284,4.479642124622284,4.479642124622284,4.479642124622284,4.479642124622284,4.479642124622284,4.479642124622284,4.479642124622284,4.479642124622284,4.479642124622284,4.479642124622284,4.479642124622284,4.479642124622284,4.479642124622284,4.479642124622284,4.479642124622284,4.479642124622284,4.479642124622284,4.479642124622284,4.479642124622284,4.479642124622284,4.479642124622284,4.479642124622284,4.479642124622284,4.479642124622284,4.479642124622284,4.479642124622284,4.479642124622284,4.479642124622284,4.479642124622284,4.479642124622284,4.479642124622284,4.479642124622284,4.479642124622284,4.479642124622284,4.479642124622284,4.479642124622284,4.479642124622284,4.479642124622284,4.479642124622284,4.479642124622284,4.479642124622284,4.479642124622284,4.479642124622284,4.479642124622284,4.479642124622284,4.479642124622284,4.479642124622284,4.479642124622284,4.479642124622284,4.479642124622284,4.479642124622284,4.479642124622284,4.479642124622284,4.479642124622284,4.479642124622284,4.479642124622284,4.479642124622284,4.479642124622284,4.479642124622284,4.479642124622284,4.479642124622284,4.479642124622284,4.479642124622284,4.479642124622284,4.479642124622284,4.479642124622284,4.479642124622284,4.479642124622284,4.479642124622284,4.479642124622284,4.479642124622284,4.479642124622284,4.479642124622284,4.479642124622284,4.479642124622284,4.479642124622284,4.479642124622284,4.479642124622284,4.479642124622284,4.479642124622284,4.479642124622284,4.479642124622284,4.479642124622284,4.479642124622284,4.479642124622284,4.479642124622284,4.479642124622284,4.479642124622284,4.479642124622284,4.479642124622284,4.479642124622284,4.479642124622284,4.479642124622284,4.479642124622284,4.479642124622284,4.479642124622284,4.479642124622284,4.479642124622284,4.479642124622284,4.479642124622284,4.479642124622284,4.479642124622284,4.479642124622284,4.479642124622284,4.479642124622284,4.479642124622284,4.479642124622284,4.479642124622284,4.479642124622284,4.479642124622284,4.479642124622284,4.479642124622284,4.479642124622284,4.479642124622284,4.479642124622284,4.479642124622284,4.479642124622284,4.479642124622284,4.479642124622284,4.479642124622284,4.479642124622284,4.479642124622284,4.479642124622284,4.479642124622284,4.479642124622284,4.479642124622284,4.479642124622284,4.479642124622284,4.479642124622284,4.479642124622284,4.479642124622284,4.479642124622284,4.479642124622284,4.479642124622284,4.479642124622284,4.479642124622284,4.479642124622284,4.479642124622284,4.479642124622284,4.479642124622284,4.479642124622284,4.479642124622284,4.479642124622284,4.479642124622284,4.479642124622284,4.479642124622284,4.479642124622284,4.479642124622284,4.479642124622284,4.479642124622284,4.479642124622284,4.479642124622284,4.479642124622284,4.479642124622284,4.479642124622284,4.479642124622284,4.479642124622284,4.479642124622284,4.479642124622284,4.479642124622284,4.479642124622284,4.479642124622284,4.479642124622284,4.479642124622284,4.479642124622284,4.479642124622284,4.479642124622284,4.479642124622284,4.479642124622284,4.479642124622284,4.479642124622284,4.479642124622284,4.479642124622284,4.479642124622284,4.479642124622284,4.479642124622284,4.479642124622284,4.479642124622284,4.479642124622284,4.479642124622284,4.479642124622284,4.479642124622284,4.479642124622284,4.479642124622284,4.479642124622284,4.479642124622284,4.479642124622284,4.479642124622284,4.479642124622284,4.479642124622284,4.479642124622284,4.479642124622284,4.479642124622284,4.479642124622284,4.479642124622284,4.479642124622284,4.479642124622284,4.479642124622284,4.479642124622284,4.479642124622284,4.479642124622284,4.479642124622284,4.479642124622284,4.479642124622284,4.479642124622284,4.479642124622284,4.479642124622284,4.479642124622284,4.479642124622284,4.479642124622284,4.479642124622284,4.479642124622284,4.479642124622284,4.479642124622284,4.479642124622284,4.479642124622284,4.479642124622284,4.479642124622284,4.479642124622284,4.479642124622284,4.479642124622284,4.479642124622284,4.479642124622284,4.479642124622284,4.479642124622284,4.479642124622284,4.479642124622284,4.479642124622284,4.479642124622284,4.479642124622284,4.479642124622284,4.479642124622284,4.479642124622284,4.479642124622284,4.479642124622284,4.479642124622284,4.479642124622284,4.479642124622284,4.479642124622284,4.479642124622284,4.479642124622284,4.479642124622284,4.479642124622284,4.479642124622284,4.479642124622284,4.479642124622284,4.479642124622284,4.479642124622284,4.479642124622284,4.479642124622284,4.479642124622284,4.479642124622284,4.479642124622284,4.479642124622284,4.479642124622284,4.479642124622284,4.479642124622284,4.479642124622284,4.479642124622284,4.479642124622284,4.479642124622284,4.479642124622284,4.479642124622284,4.479642124622284,4.479642124622284,4.479642124622284,4.479642124622284,4.479642124622284,4.479642124622284,4.479642124622284,4.479642124622284,4.479642124622284,4.479642124622284,4.479642124622284,4.479642124622284,4.479642124622284,4.479642124622284,4.479642124622284,4.479642124622284,4.479642124622284,4.479642124622284,4.479642124622284,4.479642124622284,4.479642124622284,4.479642124622284,4.479642124622284,4.479642124622284,4.479642124622284,4.479642124622284,4.479642124622284,4.479642124622284,4.479642124622284,4.479642124622284,4.479642124622284,4.479642124622284,4.479642124622284,4.479642124622284,4.479642124622284,4.479642124622284,4.479642124622284,4.479642124622284,4.479642124622284,4.479642124622284,4.479642124622284,4.479642124622284,4.479642124622284,4.479642124622284,4.479642124622284,4.479642124622284,4.479642124622284,4.479642124622284,4.479642124622284,4.479642124622284,4.479642124622284,4.479642124622284,4.479642124622284,4.479642124622284,4.479642124622284,4.479642124622284,4.479642124622284,4.479642124622284,4.479642124622284,4.479642124622284,4.479642124622284,4.479642124622284,4.479642124622284,4.479642124622284,4.479642124622284,4.479642124622284,4.479642124622284,4.479642124622284,4.479642124622284,4.479642124622284,4.479642124622284,4.479642124622284,4.479642124622284,4.479642124622284,4.479642124622284,4.479642124622284,4.479642124622284,4.479642124622284,4.479642124622284,4.479642124622284,4.479642124622284,4.479642124622284,4.479642124622284,4.479642124622284,4.479642124622284,4.479642124622284,4.479642124622284,4.479642124622284,4.479642124622284,4.479642124622284,4.479642124622284,4.479642124622284,4.479642124622284,4.479642124622284,4.479642124622284,4.479642124622284,4.479642124622284,4.479642124622284,4.479642124622284,4.479642124622284,4.479642124622284,4.479642124622284,4.479642124622284,4.479642124622284,4.479642124622284,4.479642124622284,4.479642124622284,4.479642124622284,4.479642124622284,4.479642124622284,4.479642124622284,4.479642124622284,4.479642124622284,4.479642124622284,4.479642124622284,4.479642124622284,4.479642124622284,4.479642124622284,4.479642124622284,4.479642124622284,4.479642124622284,4.479642124622284,4.479642124622284,4.479642124622284,4.479642124622284,4.479642124622284,4.479642124622284,4.479642124622284,4.479642124622284,4.479642124622284,4.479642124622284,4.479642124622284,4.479642124622284,4.479642124622284,4.479642124622284,4.479642124622284,4.479642124622284,4.479642124622284,4.479642124622284,4.479642124622284,4.479642124622284,4.479642124622284,4.479642124622284,4.479642124622284,4.479642124622284,4.479642124622284,4.479642124622284,4.479642124622284,4.479642124622284,4.479642124622284,4.479642124622284,4.479642124622284,4.479642124622284,4.479642124622284,4.479642124622284,4.479642124622284,4.479642124622284,4.479642124622284,4.479642124622284,4.479642124622284,4.479642124622284,4.479642124622284,4.479642124622284,4.479642124622284,4.479642124622284,4.479642124622284,4.479642124622284,4.479642124622284,4.479642124622284,4.479642124622284,4.479642124622284,4.479642124622284,4.479642124622284,4.479642124622284,4.479642124622284,4.479642124622284,4.479642124622284,4.479642124622284,4.479642124622284,4.479642124622284,4.479642124622284,4.479642124622284,4.479642124622284,4.479642124622284,4.479642124622284,4.479642124622284,4.479642124622284,4.479642124622284,4.479642124622284,4.479642124622284,4.479642124622284,4.479642124622284,4.479642124622284,4.479642124622284,4.479642124622284,4.479642124622284,4.479642124622284,4.479642124622284,4.479642124622284,4.479642124622284,4.479642124622284,4.479642124622284,4.479642124622284,4.479642124622284,4.479642124622284,4.479642124622284,4.479642124622284,4.479642124622284,4.479642124622284,4.479642124622284,4.479642124622284,4.479642124622284,4.479642124622284,4.479642124622284,4.479642124622284,4.479642124622284,4.479642124622284,4.479642124622284,4.479642124622284,4.479642124622284,4.479642124622284,4.479642124622284,4.479642124622284,4.479642124622284,4.479642124622284,4.479642124622284,4.479642124622284,4.479642124622284,4.479642124622284,4.479642124622284,4.479642124622284,4.479642124622284,4.479642124622284,4.479642124622284,4.479642124622284,4.479642124622284,4.479642124622284,4.479642124622284,4.479642124622284,4.479642124622284,4.479642124622284,4.479642124622284,4.479642124622284,4.479642124622284,4.479642124622284,4.479642124622284,4.479642124622284,4.479642124622284,4.479642124622284,4.479642124622284,4.479642124622284,4.479642124622284,4.479642124622284,4.479642124622284,4.479642124622284,4.479642124622284,4.479642124622284,4.479642124622284,4.479642124622284,4.479642124622284,4.479642124622284,4.479642124622284,4.479642124622284,4.479642124622284,4.479642124622284,4.479642124622284,4.479642124622284,4.479642124622284,4.479642124622284,4.479642124622284,4.479642124622284,4.479642124622284,4.479642124622284,4.479642124622284,4.479642124622284,4.479642124622284,4.479642124622284,4.479642124622284,4.479642124622284,4.479642124622284,4.479642124622284,4.479642124622284,4.479642124622284,4.479642124622284,4.479642124622284,4.479642124622284,4.479642124622284,4.479642124622284,4.479642124622284,4.479642124622284,4.479642124622284,4.479642124622284,4.479642124622284,4.479642124622284,4.479642124622284,4.479642124622284,4.479642124622284,4.479642124622284,4.479642124622284,4.479642124622284,4.479642124622284,4.479642124622284,4.479642124622284,4.479642124622284,4.479642124622284,4.479642124622284,4.479642124622284,4.479642124622284,4.479642124622284,4.479642124622284,4.479642124622284,4.479642124622284,4.479642124622284,4.479642124622284,4.479642124622284,4.479642124622284,4.479642124622284,4.479642124622284,4.479642124622284,4.479642124622284,4.479642124622284,4.479642124622284,4.479642124622284,4.479642124622284,4.479642124622284,4.479642124622284,4.479642124622284,4.479642124622284,4.479642124622284,4.479642124622284,4.479642124622284,4.479642124622284,4.479642124622284,4.479642124622284,4.479642124622284,4.479642124622284,4.479642124622284,4.479642124622284,4.479642124622284,4.479642124622284,4.479642124622284,4.479642124622284,4.479642124622284,4.479642124622284,4.479642124622284,4.479642124622284,4.479642124622284,4.479642124622284,4.479642124622284,4.479642124622284,4.479642124622284,4.479642124622284,4.479642124622284,8.108184526484425,8.108184526484425,7.775550175678774,7.775550175678774,7.775550175678774,7.775550175678774,7.775550175678774,7.775550175678774,7.775550175678774,7.775550175678774,7.775550175678774,7.775550175678774,7.775550175678774,7.720327247129263,7.543416339858803,7.543416339858803,7.232676635105113,7.232676635105113,7.232676635105113,7.232676635105113,7.232676635105113,7.232676635105113,6.965745835433665,6.965745835433665,6.965745835433665,6.965745835433665,6.841791627466431,6.841791627466431,6.841791627466431,6.841791627466431,6.841791627466431,6.841791627466431,6.841791627466431,6.841791627466431,6.841791627466431,6.841791627466431,6.841791627466431,6.789511282787103,6.789511282787103,6.789511282787103,6.789511282787103,6.789511282787103,6.789511282787103,6.789511282787103,6.789511282787103,6.789511282787103,6.789511282787103,6.789511282787103,6.789511282787103,6.789511282787103,6.789511282787103,6.789511282787103,6.789511282787103,6.789511282787103,6.789511282787103,6.789511282787103,6.789511282787103,6.789511282787103,6.789511282787103,6.789511282787103,6.789511282787103,6.789511282787103,6.789511282787103,6.789511282787103,6.789511282787103,6.789511282787103,6.789511282787103,6.789511282787103,6.789511282787103,6.789511282787103,6.789511282787103,6.789511282787103,6.789511282787103,6.789511282787103,6.789511282787103,6.789511282787103,6.789511282787103,6.789511282787103,6.789511282787103,6.789511282787103,6.789511282787103,6.789511282787103,6.789511282787103,6.789511282787103,6.789511282787103,6.789511282787103,6.789511282787103,6.789511282787103,6.789511282787103,6.789511282787103,6.789511282787103,6.789511282787103,6.789511282787103,6.789511282787103,6.789511282787103,6.789511282787103,6.789511282787103,6.789511282787103,6.789511282787103,6.789511282787103,6.789511282787103,6.789511282787103,6.789511282787103,6.789511282787103,6.789511282787103,6.789511282787103,6.789511282787103,6.789511282787103,6.789511282787103,6.789511282787103,6.789511282787103,6.789511282787103,6.789511282787103,6.789511282787103,6.789511282787103,6.789511282787103,6.7567619178159175,6.7567619178159175,6.7567619178159175,6.7567619178159175,6.7567619178159175,6.7567619178159175,6.7567619178159175,6.7567619178159175,6.7567619178159175,6.7567619178159175,6.7567619178159175,6.7567619178159175,6.7567619178159175,6.7567619178159175,6.7567619178159175,6.7567619178159175,6.7567619178159175,6.7567619178159175,6.7567619178159175,6.7567619178159175,6.7567619178159175,6.7567619178159175,6.7567619178159175,6.7567619178159175,6.7567619178159175,6.7567619178159175,6.7567619178159175,6.7567619178159175,6.7567619178159175,6.7567619178159175,6.7567619178159175,6.7567619178159175,6.7567619178159175,6.7567619178159175,6.7567619178159175,6.7567619178159175,6.7567619178159175,6.7567619178159175,6.7567619178159175,6.7567619178159175,6.7567619178159175,6.492680754773318,6.492680754773318,6.492680754773318,6.492680754773318,6.492680754773318,6.492680754773318,6.492680754773318,6.492680754773318,6.492680754773318,6.492680754773318,6.492680754773318,6.492680754773318,6.492680754773318,6.492680754773318,6.492680754773318,6.492680754773318,6.492680754773318,6.492680754773318,6.492680754773318,6.492680754773318,6.492680754773318,6.492680754773318,6.492680754773318,6.492680754773318,6.492680754773318,6.492680754773318,6.492680754773318,6.492680754773318,6.492680754773318,6.492680754773318,6.492680754773318,6.492680754773318,6.492680754773318,6.492680754773318,6.492680754773318,6.492680754773318,6.492680754773318,6.492680754773318,6.492680754773318,6.492680754773318,6.492680754773318,6.492680754773318,6.492680754773318,6.492680754773318,6.492680754773318,6.492680754773318,6.492680754773318,6.492680754773318,6.492680754773318,6.492680754773318,6.492680754773318,6.492680754773318,6.492680754773318,6.492680754773318,6.492680754773318,6.492680754773318,6.492680754773318,6.492680754773318,6.492680754773318,6.492680754773318,6.492680754773318,6.492680754773318,6.492680754773318,6.492680754773318,6.492680754773318,6.492680754773318,6.492680754773318,6.492680754773318,6.492680754773318,6.492680754773318,6.492680754773318,6.492680754773318,6.492680754773318,6.492680754773318,6.492680754773318,6.492680754773318,6.492680754773318,6.492680754773318,6.492680754773318,6.492680754773318,6.492680754773318,6.492680754773318,6.492680754773318,6.492680754773318,6.492680754773318,6.492680754773318,6.492680754773318,6.492680754773318,6.492680754773318,6.492680754773318,6.492680754773318,6.492680754773318,6.492680754773318,6.492680754773318,6.492680754773318,6.492680754773318,6.492680754773318,6.492680754773318,6.492680754773318,6.492680754773318,6.492680754773318,6.492680754773318,6.492680754773318,6.492680754773318,6.492680754773318,6.492680754773318,6.492680754773318,6.215276738953921,5.7001494386159415,5.7001494386159415,5.314725053787276,5.314725053787276,5.314725053787276,5.314725053787276,5.314725053787276,5.294098919280076,5.294098919280076,5.294098919280076,5.294098919280076,5.294098919280076,5.294098919280076,5.078618654723533,4.962062888483957,4.805319944383878,4.805319944383878,4.805319944383878,4.805319944383878,4.805319944383878,4.805319944383878,4.805319944383878,4.805319944383878,4.805319944383878,4.805319944383878,4.805319944383878,4.805319944383878,4.805319944383878,4.639045738600159,4.639045738600159,4.639045738600159,4.639045738600159,4.639045738600159,4.639045738600159,4.639045738600159,4.639045738600159,4.639045738600159,4.639045738600159,4.639045738600159,4.614528445075106,4.614528445075106,4.614528445075106,4.614528445075106,4.614528445075106,4.614528445075106,4.614528445075106,4.614528445075106,4.614528445075106,4.614528445075106,4.614528445075106,4.614528445075106,4.614528445075106,4.614528445075106,4.614528445075106,4.595323483200593,4.595323483200593,4.595323483200593,4.595323483200593,4.595323483200593,4.595323483200593,4.595323483200593,4.595323483200593,4.595323483200593,4.5359329824064725,4.5359329824064725,4.5359329824064725,4.5359329824064725,4.5359329824064725,4.5359329824064725,4.5359329824064725,4.5359329824064725,4.5359329824064725,4.5359329824064725,4.504418228173645,4.504418228173645,4.504418228173645,4.504418228173645,4.504418228173645,4.504418228173645,4.504418228173645,4.504418228173645,4.504418228173645,4.504418228173645,4.504418228173645,4.504418228173645,4.504418228173645,4.504418228173645,4.504418228173645,4.504418228173645,4.504418228173645,4.504418228173645,4.504418228173645,4.504418228173645,4.504418228173645,4.504418228173645,4.504418228173645,4.504418228173645,4.504418228173645,4.504418228173645,4.504418228173645,4.504418228173645,4.504418228173645,4.504418228173645,4.504418228173645,4.504418228173645,4.504418228173645,4.504418228173645,4.504418228173645,4.504418228173645,4.504418228173645,4.504418228173645,4.504418228173645,4.504418228173645,4.504418228173645,4.504418228173645,4.504418228173645,4.504418228173645,4.504418228173645,4.504418228173645,4.504418228173645,4.504418228173645,4.504418228173645,4.504418228173645,4.504418228173645,4.504418228173645,4.504418228173645,4.504418228173645,4.504418228173645,4.504418228173645,4.504418228173645,4.504418228173645,4.504418228173645,4.504418228173645,4.504418228173645,4.504418228173645,4.504418228173645,4.504418228173645,4.504418228173645,4.504418228173645,4.504418228173645,4.504418228173645,4.504418228173645,4.504418228173645,4.504418228173645,4.504418228173645,4.504418228173645,4.504418228173645,4.504418228173645,4.504418228173645,4.504418228173645,4.504418228173645,4.504418228173645,4.504418228173645,4.504418228173645,4.504418228173645,4.504418228173645,4.504418228173645,4.504418228173645,4.504418228173645,4.504418228173645,4.504418228173645,4.504418228173645,4.504418228173645,4.504418228173645,4.504418228173645,4.504418228173645,4.504418228173645,4.504418228173645,4.504418228173645,4.504418228173645,4.504418228173645,4.504418228173645,4.504418228173645,4.504418228173645,4.504418228173645,4.504418228173645,4.504418228173645,4.504418228173645,4.504418228173645,4.504418228173645,4.504418228173645,4.504418228173645,4.504418228173645,4.504418228173645,4.504418228173645,4.504418228173645,4.504418228173645,4.504418228173645,4.504418228173645,4.504418228173645,4.504418228173645,4.504418228173645,4.504418228173645,4.504418228173645,4.504418228173645,4.504418228173645,4.504418228173645,4.504418228173645,4.504418228173645,4.504418228173645,4.504418228173645,4.504418228173645,4.504418228173645,4.504418228173645,4.504418228173645,4.504418228173645,4.504418228173645,4.504418228173645,4.504418228173645,4.504418228173645,4.504418228173645,4.504418228173645,4.504418228173645,4.504418228173645,4.504418228173645,4.504418228173645,4.504418228173645,4.504418228173645,4.504418228173645,4.504418228173645,4.504418228173645,4.504418228173645,4.504418228173645,4.504418228173645,4.504418228173645,4.504418228173645,4.504418228173645,4.504418228173645,4.504418228173645,4.504418228173645,4.504418228173645,4.504418228173645,4.504418228173645,4.504418228173645,4.504418228173645,4.504418228173645,4.504418228173645,4.504418228173645,4.504418228173645,4.504418228173645,4.504418228173645,4.504418228173645,4.504418228173645,4.504418228173645,4.504418228173645,4.504418228173645,4.504418228173645,4.504418228173645,4.504418228173645,4.504418228173645,4.504418228173645,4.504418228173645,4.504418228173645,4.504418228173645,4.504418228173645,4.504418228173645,4.504418228173645,4.504418228173645,4.504418228173645,4.504418228173645,4.504418228173645,4.504418228173645,4.504418228173645,4.504418228173645,4.504418228173645,4.504418228173645,4.504418228173645,4.504418228173645,4.504418228173645,4.504418228173645,4.504418228173645,4.504418228173645,4.504418228173645,4.504418228173645,4.504418228173645,4.504418228173645,4.504418228173645,4.504418228173645,4.504418228173645,4.504418228173645,4.504418228173645,4.504418228173645,4.504418228173645,4.504418228173645,4.504418228173645,4.504418228173645,4.504418228173645,4.504418228173645,4.504418228173645,4.504418228173645,4.504418228173645,4.504418228173645,4.504418228173645,4.504418228173645,4.504418228173645,4.504418228173645,4.504418228173645,4.504418228173645,4.504418228173645,4.504418228173645,4.504418228173645,4.504418228173645,4.504418228173645,4.504418228173645,4.504418228173645,4.504418228173645,4.504418228173645,4.504418228173645,4.504418228173645,4.504418228173645,4.504418228173645,4.504418228173645,4.504418228173645,4.504418228173645,4.504418228173645,4.504418228173645,4.504418228173645,4.504418228173645,4.504418228173645,4.504418228173645,4.504418228173645,4.504418228173645,4.504418228173645,4.504418228173645,4.504418228173645,4.504418228173645,4.504418228173645,4.504418228173645,4.504418228173645,4.504418228173645,4.504418228173645,4.504418228173645,4.504418228173645,4.504418228173645,4.504418228173645,4.504418228173645,4.504418228173645,4.504418228173645,4.504418228173645,4.504418228173645,4.504418228173645,4.504418228173645,4.504418228173645,4.504418228173645,4.504418228173645,4.504418228173645,4.504418228173645,4.504418228173645,4.504418228173645,4.504418228173645,4.504418228173645,4.504418228173645,4.504418228173645,4.504418228173645,4.504418228173645,4.504418228173645,4.504418228173645,4.504418228173645,4.504418228173645,4.504418228173645,4.504418228173645,4.504418228173645,4.504418228173645,4.504418228173645,4.504418228173645,4.504418228173645,4.504418228173645,4.504418228173645,4.504418228173645,4.504418228173645,4.504418228173645,4.504418228173645,4.504418228173645,4.504418228173645,4.504418228173645,4.504418228173645,4.504418228173645,4.504418228173645,4.504418228173645,4.504418228173645,4.504418228173645,4.504418228173645,4.504418228173645,4.504418228173645,4.504418228173645,4.504418228173645,4.504418228173645,4.504418228173645,4.504418228173645,4.504418228173645,4.504418228173645,4.504418228173645,4.504418228173645,4.504418228173645,4.504418228173645,4.504418228173645,4.504418228173645,4.504418228173645,4.504418228173645,4.504418228173645,4.504418228173645,4.504418228173645,4.504418228173645,4.504418228173645,4.504418228173645,4.504418228173645,4.504418228173645,4.504418228173645,4.504418228173645,4.504418228173645,4.504418228173645,4.504418228173645,4.504418228173645,4.504418228173645,4.504418228173645,4.504418228173645,4.504418228173645,4.504418228173645,4.504418228173645,4.504418228173645,4.504418228173645,4.504418228173645,4.504418228173645,4.504418228173645,4.504418228173645,4.504418228173645,4.504418228173645,4.504418228173645,4.504418228173645,4.504418228173645,4.504418228173645,4.504418228173645,4.504418228173645,4.504418228173645,4.504418228173645,4.504418228173645,4.504418228173645,4.504418228173645,4.504418228173645,4.504418228173645,4.504418228173645,4.504418228173645,4.504418228173645,4.504418228173645,4.504418228173645,4.504418228173645,4.504418228173645,4.504418228173645,4.504418228173645,4.504418228173645,4.504418228173645,4.504418228173645,4.504418228173645,4.504418228173645,4.504418228173645,4.504418228173645,4.504418228173645,4.504418228173645,4.504418228173645,4.504418228173645,4.504418228173645,4.504418228173645,4.504418228173645,4.504418228173645,4.504418228173645,4.504418228173645,4.504418228173645,4.504418228173645,4.504418228173645,4.504418228173645,4.504418228173645,4.504418228173645,4.504418228173645,4.504418228173645,4.504418228173645,4.504418228173645,4.504418228173645,4.504418228173645,4.504418228173645,4.504418228173645,4.504418228173645,4.504418228173645,4.504418228173645,4.504418228173645,4.504418228173645,4.504418228173645,4.504418228173645,4.504418228173645,4.504418228173645,4.504418228173645,4.504418228173645,4.504418228173645,4.504418228173645,4.504418228173645,4.504418228173645,4.504418228173645,4.504418228173645,4.504418228173645,4.504418228173645,4.504418228173645,4.504418228173645,4.504418228173645,4.504418228173645,4.504418228173645,4.504418228173645,4.504418228173645,4.504418228173645,4.504418228173645,4.504418228173645,4.504418228173645,4.504418228173645,4.504418228173645,4.504418228173645,4.504418228173645,4.504418228173645,4.504418228173645,4.504418228173645,4.504418228173645,4.504418228173645,4.504418228173645,4.504418228173645,4.504418228173645,4.504418228173645,4.504418228173645,4.504418228173645,4.504418228173645,4.504418228173645,4.504418228173645,4.504418228173645,4.504418228173645,4.504418228173645,4.504418228173645,4.504418228173645,4.504418228173645,4.504418228173645,4.504418228173645,4.504418228173645,4.504418228173645,4.504418228173645,4.504418228173645,4.504418228173645,4.504418228173645,4.504418228173645,4.504418228173645,4.504418228173645,4.504418228173645,4.504418228173645,4.504418228173645,4.504418228173645,4.504418228173645,4.504418228173645,4.504418228173645,4.504418228173645,4.504418228173645,4.504418228173645,4.504418228173645,4.504418228173645,4.504418228173645,4.504418228173645,4.504418228173645,4.504418228173645,4.504418228173645,4.504418228173645,4.504418228173645,4.504418228173645,4.504418228173645,4.504418228173645,4.504418228173645,4.504418228173645,4.504418228173645,4.504418228173645,4.504418228173645,4.504418228173645,4.504418228173645,4.504418228173645,4.504418228173645,4.504418228173645,4.504418228173645,4.504418228173645,4.504418228173645,4.504418228173645,4.504418228173645,4.504418228173645,4.504418228173645,4.504418228173645,4.504418228173645,4.504418228173645,4.504418228173645,4.504418228173645,4.504418228173645,4.504418228173645,4.504418228173645,4.504418228173645,4.504418228173645,4.504418228173645,4.504418228173645,4.504418228173645,4.504418228173645,4.504418228173645,4.504418228173645,4.504418228173645,4.504418228173645,4.504418228173645,4.504418228173645,4.504418228173645,4.504418228173645,4.504418228173645,4.504418228173645,4.504418228173645,4.504418228173645,4.504418228173645,4.504418228173645,4.504418228173645,4.504418228173645,4.504418228173645,4.504418228173645,4.504418228173645,4.504418228173645,4.504418228173645,4.504418228173645,4.504418228173645,4.504418228173645,4.504418228173645,4.504418228173645,4.504418228173645,4.504418228173645,4.504418228173645,4.504418228173645,4.504418228173645,4.504418228173645,4.504418228173645,4.504418228173645,4.504418228173645,4.504418228173645,4.504418228173645,4.504418228173645,4.504418228173645,4.504418228173645,4.504418228173645,4.504418228173645,4.504418228173645,4.504418228173645,4.504418228173645,4.504418228173645,4.504418228173645,4.504418228173645,4.504418228173645,4.504418228173645,4.504418228173645,4.504418228173645,4.504418228173645,4.504418228173645,4.504418228173645,4.504418228173645,4.504418228173645,4.504418228173645,4.504418228173645,4.504418228173645,4.504418228173645,4.504418228173645,4.504418228173645,4.504418228173645,4.504418228173645,4.504418228173645,4.504418228173645,4.504418228173645,4.504418228173645,4.504418228173645,4.504418228173645,4.504418228173645,4.504418228173645,4.504418228173645,4.504418228173645,4.504418228173645,4.504418228173645,4.504418228173645,4.504418228173645,4.504418228173645,4.504418228173645,4.504418228173645,4.504418228173645,4.504418228173645,4.504418228173645,4.504418228173645,4.504418228173645,4.504418228173645,4.504418228173645,4.504418228173645,4.504418228173645,4.504418228173645,4.504418228173645,4.504418228173645,4.504418228173645,4.504418228173645,4.504418228173645,4.504418228173645,4.504418228173645,4.504418228173645,4.504418228173645,4.504418228173645,4.504418228173645,4.504418228173645,4.504418228173645,4.504418228173645,4.504418228173645,4.504418228173645,4.504418228173645,4.504418228173645,4.504418228173645,4.504418228173645,4.504418228173645,4.504418228173645,4.504418228173645,4.504418228173645,4.504418228173645,4.504418228173645,4.504418228173645,4.504418228173645,4.504418228173645,4.504418228173645,4.504418228173645,4.504418228173645,4.504418228173645,4.504418228173645,4.504418228173645,4.504418228173645,4.504418228173645,4.504418228173645,4.504418228173645,4.504418228173645,4.504418228173645,4.504418228173645,4.504418228173645,4.504418228173645,4.504418228173645,8.351525037545047,8.351525037545047,8.351525037545047,8.351525037545047,8.351525037545047,7.813201640225329,7.813201640225329,7.813201640225329,7.813201640225329,7.813201640225329,7.0118443125770105,7.0118443125770105,7.0118443125770105,7.0118443125770105,7.0118443125770105,7.0118443125770105,7.0118443125770105,7.0118443125770105,7.0118443125770105,7.0118443125770105,7.0118443125770105,7.0118443125770105,7.0118443125770105,7.0118443125770105,7.0118443125770105,6.832425713859694,6.8250200828627845,6.8250200828627845,6.8250200828627845,6.8250200828627845,6.8250200828627845,6.8250200828627845,6.8250200828627845,6.8250200828627845,6.8250200828627845,6.8250200828627845,6.8250200828627845,6.8250200828627845,6.8250200828627845,6.8250200828627845,6.8250200828627845,6.8250200828627845,6.8250200828627845,6.8250200828627845,6.8250200828627845,6.8250200828627845,6.8250200828627845,6.8250200828627845,6.8250200828627845,6.8250200828627845,6.8250200828627845,6.8250200828627845,6.8250200828627845,6.8250200828627845,6.8250200828627845,6.8250200828627845,6.8250200828627845,6.8250200828627845,6.8250200828627845,6.8250200828627845,6.8250200828627845,6.8250200828627845,6.8250200828627845,6.8250200828627845,6.8250200828627845,6.8250200828627845,6.8250200828627845,6.8250200828627845,6.8250200828627845,6.8250200828627845,6.8250200828627845,6.8250200828627845,6.8250200828627845,6.8250200828627845,6.8250200828627845,6.8250200828627845,6.8250200828627845,6.8250200828627845,6.8250200828627845,6.8250200828627845,6.8250200828627845,6.8250200828627845,6.8250200828627845,6.8250200828627845,6.8250200828627845,6.8250200828627845,6.8250200828627845,6.8250200828627845,6.8250200828627845,6.8250200828627845,6.8250200828627845,6.8250200828627845,6.8250200828627845,6.8250200828627845,6.8250200828627845,6.8250200828627845,6.8250200828627845,6.8250200828627845,6.8250200828627845,6.8250200828627845,6.8250200828627845,6.8250200828627845,6.8250200828627845,6.8250200828627845,6.8250200828627845,6.8250200828627845,6.8250200828627845,6.8250200828627845,6.8250200828627845,6.8250200828627845,6.8250200828627845,6.8250200828627845,6.8250200828627845,6.8250200828627845,6.8250200828627845,6.8250200828627845,6.8250200828627845,6.8250200828627845,6.8250200828627845,6.8250200828627845,6.8250200828627845,6.8250200828627845,6.8250200828627845,6.8250200828627845,6.8250200828627845,6.8250200828627845,6.8250200828627845,6.8250200828627845,6.8250200828627845,6.8250200828627845,6.8250200828627845,6.8250200828627845,6.8250200828627845,6.8250200828627845,6.8250200828627845,6.8250200828627845,6.8250200828627845,6.8250200828627845,6.8250200828627845,6.8250200828627845,6.8250200828627845,6.8250200828627845,6.8250200828627845,6.8250200828627845,6.8250200828627845,6.8250200828627845,6.8250200828627845,6.8250200828627845,6.8250200828627845,6.8250200828627845,6.8250200828627845,6.8250200828627845,6.8250200828627845,6.8250200828627845,6.8250200828627845,6.8250200828627845,6.8250200828627845,6.8250200828627845,6.8250200828627845,6.8250200828627845,6.8250200828627845,6.825020082862784,6.825020082862784,6.825020082862784,6.825020082862784,6.825020082862784,6.825020082862784,6.825020082862784,6.825020082862784,6.825020082862784,6.825020082862784,6.825020082862784,6.825020082862784,6.825020082862784,6.825020082862784,6.825020082862784,6.825020082862784,6.825020082862784,6.825020082862784,6.825020082862784,6.825020082862784,6.825020082862784,6.825020082862784,6.825020082862784,6.825020082862784,6.825020082862784,6.825020082862784,6.825020082862784,6.825020082862784,6.825020082862784,6.825020082862784,6.825020082862784,6.825020082862784,6.825020082862784,6.825020082862784,6.825020082862784,6.825020082862784,6.825020082862784,6.825020082862784,6.825020082862784,6.825020082862784,6.825020082862784,6.825020082862784,6.825020082862784,6.825020082862784,6.825020082862784,6.825020082862784,6.825020082862784,6.825020082862784,6.825020082862784,6.825020082862784,6.825020082862784,6.825020082862784,6.825020082862784,6.825020082862784,6.825020082862784,6.825020082862784,6.825020082862784,6.825020082862784,6.825020082862784,6.825020082862784,6.825020082862784,6.825020082862784,6.825020082862784,6.825020082862784,6.825020082862784,6.825020082862784,6.825020082862784,6.825020082862784,6.825020082862784,6.825020082862784,6.825020082862784,6.825020082862784,6.825020082862784,6.825020082862784,6.825020082862784,6.825020082862784,6.825020082862784,6.825020082862784,6.825020082862784,6.825020082862784,6.825020082862784,6.825020082862784,6.825020082862784,6.825020082862784,6.825020082862784,6.825020082862784,6.825020082862784,6.825020082862784,6.825020082862784,6.825020082862784,6.825020082862784,6.825020082862784,6.825020082862784,6.825020082862784,6.825020082862784,6.825020082862784,6.825020082862784,6.825020082862784,6.825020082862784,6.825020082862784,6.825020082862784,6.825020082862784,6.825020082862784,6.825020082862784,6.825020082862784,6.825020082862784,6.825020082862784,6.825020082862784,6.825020082862784,6.825020082862784,6.825020082862784,6.825020082862784,6.825020082862784,6.825020082862784,6.825020082862784,6.825020082862784,6.825020082862784,6.825020082862784,6.825020082862784,6.825020082862784,6.825020082862784,6.825020082862784,6.825020082862784,6.825020082862784,6.825020082862784,6.825020082862784,6.825020082862784,6.825020082862784,6.825020082862784,6.825020082862784,6.825020082862784,6.825020082862784,6.825020082862784,6.825020082862784,6.825020082862784,6.825020082862784,6.825020082862784,6.825020082862784,6.825020082862784,6.825020082862784,6.825020082862784,6.825020082862784,6.825020082862784,6.825020082862784,6.263447280187102,6.263447280187102,6.263447280187102,6.263447280187102,6.263447280187102,6.263447280187102,6.263447280187102,6.263447280187102,6.263447280187102,6.263447280187102,6.263447280187102,6.263447280187102,6.263447280187102,6.263447280187102,6.263447280187102,6.263447280187102,6.263447280187102,6.263447280187102,6.263447280187102,6.263447280187102,6.263447280187102,6.263447280187102,6.263447280187102,6.263447280187102,6.263447280187102,6.263447280187102,6.263447280187102,6.263447280187102,6.263447280187102,6.010620158557039,6.010620158557039,6.010620158557039,6.010620158557039,6.010620158557039,6.010620158557039,6.010620158557039,6.010620158557039,6.010620158557039,6.010620158557039,6.010620158557039,6.010620158557039,6.010620158557039,6.010620158557039,6.010620158557039,6.010620158557039,6.010620158557039,6.010620158557039,6.010620158557039,6.010620158557039,6.010620158557039,6.010620158557039,6.010620158557039,6.010620158557039,6.010620158557039,6.010620158557039,6.010620158557039,6.010620158557039,6.010620158557039,6.010620158557039,6.010620158557039,6.010620158557039,6.010620158557039,6.010620158557039,6.010620158557039,6.010620158557039,6.010620158557039,6.010620158557039,6.010620158557039,6.010620158557039,6.010620158557039,6.010620158557039,6.010620158557039,6.010620158557039,6.010620158557039,6.010620158557039,6.010620158557039,6.010620158557039,6.010620158557039,6.010620158557039,6.010620158557039,6.010620158557039,6.010620158557039,6.010620158557039,6.010620158557039,6.010620158557039,6.010620158557039,6.010620158557039,6.010620158557039,6.010620158557039,6.010620158557039,6.010620158557039,6.010620158557039,6.010620158557039,6.010620158557039,6.010620158557039,6.010620158557039,6.010620158557039,6.010620158557039,6.010620158557039,6.010620158557039,6.010620158557039,6.010620158557039,6.010620158557039,6.010620158557039,6.010620158557039,6.010620158557039,6.010620158557039,6.010620158557039,6.010620158557039,6.010620158557039,6.010620158557039,6.010620158557039,6.010620158557039,6.010620158557039,6.010620158557039,6.010620158557039,6.010620158557039,6.010620158557039,6.010620158557039,6.010620158557039,6.010620158557039,6.010620158557039,6.010620158557039,6.010620158557039,6.010620158557039,5.605988601699629,5.604166167845303,5.604166167845303,5.604166167845303,5.604166167845303,5.604166167845303,5.604166167845303,5.604166167845303,5.604166167845303,5.604166167845303,5.604166167845303,5.604166167845303,5.604166167845303,5.604166167845303,5.604166167845303,5.604166167845303,5.604166167845303,5.604166167845303,5.604166167845303,5.604166167845303,5.604166167845303,5.604166167845303,5.604166167845303,5.604166167845303,5.604166167845303,5.604166167845303,5.604166167845303,5.604166167845303,5.604166167845303,5.604166167845303,5.604166167845303,5.604166167845303,5.604166167845303,5.604166167845303,5.604166167845303,5.604166167845303,5.604166167845303,5.604166167845303,5.604166167845303,5.604166167845303,5.604166167845303,5.604166167845303,5.604166167845303,5.604166167845303,5.604166167845303,5.539157144181894,5.539157144181894,5.539157144181894,5.539157144181894,5.539157144181894,5.539157144181894,5.539157144181894,5.539157144181894,5.539157144181894,5.539157144181894,5.539157144181894,5.539157144181894,5.539157144181894,5.539157144181894,5.539157144181894,5.539157144181894,5.539157144181894,5.539157144181894,5.539157144181894,5.539157144181894,5.539157144181894,5.539157144181894,5.539157144181894,5.539157144181894,5.539157144181894,5.539157144181894,5.539157144181894,5.539157144181894,5.539157144181894,5.539157144181894,5.539157144181894,5.539157144181894,5.539157144181894,5.539157144181894,5.539157144181894,5.539157144181894,5.539157144181894,5.539157144181894,5.539157144181894,5.539157144181894,5.539157144181894,5.539157144181894,5.539157144181894,5.539157144181894,5.539157144181894,5.539157144181894,5.539157144181894,5.539157144181894,5.539157144181894,5.539157144181894,5.539157144181894,5.539157144181894,5.539157144181894,5.539157144181894,5.539157144181894,5.539157144181894,5.539157144181894,5.539157144181894,5.539157144181894,5.539157144181894,5.539157144181894,5.539157144181894,5.539157144181894,5.539157144181894,5.539157144181894,5.539157144181894,5.539157144181894,5.539157144181894,5.539157144181894,5.539157144181894,5.539157144181894,5.539157144181894,5.539157144181894,5.539157144181894,5.539157144181894,5.539157144181894,5.539157144181894,5.539157144181894,5.539157144181894,5.539157144181894,5.539157144181894,5.539157144181894,5.539157144181894,5.539157144181894,5.539157144181894,5.539157144181894,5.539157144181894,5.539157144181894,5.539157144181894,5.539157144181894,5.539157144181894,5.539157144181894,5.539157144181894,5.539157144181894,5.539157144181894,5.539157144181894,5.539157144181894,5.539157144181894,5.539157144181894,5.539157144181894,5.539157144181894,5.539157144181894,5.539157144181894,5.539157144181894,5.539157144181894,5.539157144181894,5.539157144181894,5.539157144181894,5.539157144181894,5.539157144181894,5.539157144181894,5.539157144181894,5.539157144181894,5.539157144181894,5.539157144181894,5.539157144181894,5.539157144181894,5.539157144181894,5.539157144181894,5.539157144181894,5.539157144181894,5.539157144181894,5.539157144181894,5.539157144181894,5.539157144181894,5.539157144181894,5.539157144181894,5.539157144181894,5.539157144181894,5.539157144181894,5.539157144181894,5.539157144181894,5.539157144181894,5.539157144181894,5.539157144181894,5.539157144181894,5.539157144181894,5.539157144181894,5.539157144181894,5.539157144181894,5.539157144181894,5.539157144181894,5.539157144181894,5.539157144181894,5.539157144181894,5.539157144181894,5.539157144181894,5.539157144181894,5.539157144181894,5.539157144181894,5.539157144181894,5.539157144181894,5.539157144181894,5.539157144181894,5.539157144181894,5.539157144181894,5.539157144181894,5.539157144181894,5.539157144181894,5.539157144181894,5.539157144181894,5.539157144181894,5.539157144181894,5.539157144181894,5.539157144181894,5.539157144181894,5.539157144181894,5.539157144181894,5.539157144181894,5.539157144181894,5.539157144181894,5.539157144181894,5.539157144181894,5.539157144181894,5.539157144181894,5.539157144181894,5.539157144181894,5.539157144181894,5.539157144181894,5.539157144181894,5.539157144181894,5.539157144181894,5.539157144181894,5.539157144181894,5.539157144181894,5.539157144181894,5.539157144181894,5.539157144181894,5.539157144181894,5.539157144181894,5.539157144181894,5.539157144181894,5.539157144181894,5.539157144181894,5.539157144181894,5.539157144181894,5.539157144181894,5.539157144181894,5.539157144181894,5.539157144181894,5.539157144181894,5.539157144181894,5.539157144181894,5.539157144181894,5.539157144181894,5.539157144181894,5.539157144181894,5.539157144181894,5.539157144181894,5.539157144181894,5.539157144181894,5.539157144181894,5.539157144181894,5.539157144181894,5.539157144181894,5.539157144181894,5.539157144181894,5.539157144181894,5.539157144181894,5.539157144181894,5.539157144181894,5.539157144181894,5.539157144181894,5.539157144181894,5.539157144181894,5.539157144181894,5.539157144181894,5.539157144181894,5.539157144181894,5.539157144181894,5.539157144181894,5.539157144181894,5.539157144181894,5.539157144181894,5.539157144181894,5.539157144181894,5.539157144181894,5.539157144181894,5.539157144181894,5.539157144181894,5.539157144181894,5.539157144181894,5.539157144181894,5.539157144181894,5.539157144181894,5.539157144181894,5.539157144181894,5.539157144181894,5.539157144181894,5.539157144181894,5.539157144181894,5.539157144181894,5.539157144181894,5.539157144181894,5.539157144181894,5.539157144181894,5.539157144181894,5.539157144181894,5.539157144181894,5.539157144181894,5.539157144181894,5.539157144181894,5.539157144181894,5.539157144181894,5.539157144181894,5.539157144181894,5.539157144181894,5.539157144181894,5.539157144181894,5.539157144181894,5.539157144181894,5.539157144181894,5.539157144181894,5.539157144181894,5.539157144181894,5.539157144181894,5.539157144181894,5.539157144181894,5.539157144181894,5.539157144181894,5.539157144181894,5.539157144181894,5.539157144181894,5.539157144181894,5.539157144181894,5.539157144181894,5.539157144181894,5.539157144181894,5.539157144181894,5.539157144181894,5.539157144181894,5.539157144181894,5.539157144181894,5.539157144181894,5.539157144181894,5.539157144181894,5.539157144181894,5.539157144181894,5.539157144181894,5.539157144181894,5.539157144181894,5.539157144181894,5.539157144181894,5.539157144181894,5.539157144181894,5.539157144181894,5.539157144181894,5.539157144181894,5.539157144181894,5.539157144181894,5.539157144181894,5.539157144181894,5.539157144181894,5.539157144181894,5.539157144181894,5.539157144181894,5.539157144181894,5.539157144181894,5.539157144181894,5.539157144181894,5.539157144181894,5.539157144181894,5.539157144181894,5.539157144181894,5.539157144181894,5.539157144181894,5.539157144181894,5.539157144181894,5.539157144181894,5.539157144181894,5.539157144181894,5.539157144181894,5.539157144181894,5.539157144181894,5.539157144181894,5.539157144181894,5.539157144181894,5.539157144181894,5.539157144181894,5.539157144181894,5.539157144181894,5.539157144181894,5.539157144181894,5.539157144181894,5.539157144181894,5.539157144181894,5.539157144181894,5.539157144181894,5.539157144181894,5.539157144181894,5.539157144181894,5.539157144181894,5.539157144181894,5.539157144181894,5.539157144181894,5.539157144181894,5.539157144181894,5.539157144181894,5.539157144181894,5.539157144181894,5.539157144181894,5.539157144181894,5.539157144181894,5.539157144181894,5.539157144181894,5.539157144181894,5.539157144181894,5.539157144181894,5.539157144181894,5.539157144181894,5.539157144181894,5.539157144181894,5.539157144181894,5.539157144181894,5.539157144181894,5.539157144181894,5.539157144181894,5.539157144181894,5.539157144181894,5.539157144181894,5.539157144181894,5.539157144181894,5.539157144181894,5.539157144181894,5.539157144181894,5.539157144181894,5.539157144181894,5.539157144181894,5.539157144181894,5.539157144181894,5.539157144181894,5.539157144181894,5.539157144181894,5.539157144181894,5.539157144181894,5.539157144181894,5.539157144181894,5.539157144181894,5.539157144181894,5.539157144181894,5.539157144181894,5.539157144181894,5.539157144181894,5.539157144181894,5.539157144181894,5.539157144181894,5.539157144181894,5.42053959610874,5.420390450669932,5.420390450669932,5.420390450669932,5.420390450669932,5.420390450669932,5.420390450669932,5.420390450669932,5.420390450669932,5.420390450669932,5.420390450669932,5.420390450669932,5.420390450669932,5.420390450669932,5.420390450669932,5.420390450669932,5.420390450669932,5.420390450669932,5.420390450669932,5.420390450669932,5.420390450669932,5.420390450669932,5.420390450669932,5.420390450669932,5.420390450669932,5.420390450669932,5.420390450669932,5.420390450669932,5.420390450669932,5.420390450669932,5.420390450669932,5.420390450669932,5.420390450669932,5.420390450669932,5.420390450669932,5.420390450669932,5.420390450669932,5.420390450669932,5.420390450669932,5.420390450669932,5.420390450669932,5.420390450669932,5.420390450669932,5.420390450669932,5.420390450669932,5.420390450669932,5.420390450669932,5.420390450669932,5.420390450669932,5.420390450669932,5.420390450669932,5.420390450669932,5.420390450669932,5.420390450669932,5.420390450669932,5.420390450669932,5.420390450669932,5.420390450669932,5.420390450669932,5.420390450669932,5.420390450669932,5.420390450669932,5.420390450669932,5.420390450669932,5.420390450669932,5.420390450669932,5.420390450669932,5.420390450669932,5.420390450669932,5.420390450669932,5.420390450669932,5.420390450669932,5.420390450669932,5.420390450669932,5.420390450669932,5.420390450669932,5.420390450669932,5.420390450669932,5.420390450669932,5.420390450669932,5.420390450669932,5.420390450669932,5.420390450669932,5.420390450669932,5.420390450669932,5.420390450669932,5.420390450669932,5.420390450669932,5.420390450669932,5.420390450669932,5.420390450669932,5.420390450669932,5.420390450669932,5.420390450669932,5.420390450669932,5.420390450669932,5.420390450669932,5.420390450669932,5.420390450669932,5.420390450669932,5.420390450669932,5.420390450669932,5.420390450669932,5.420390450669932,5.420390450669932,5.420390450669932,5.420390450669932,5.420390450669932,5.420390450669932,5.420390450669932,5.420390450669932,5.420390450669932,5.420390450669932,5.420390450669932,5.420390450669932,5.420390450669932,5.420390450669932,5.420390450669932,8.187862155264657,8.187862155264657,8.187862155264657,8.187862155264657,8.187862155264657,7.748065442929236,7.748065442929236,7.748065442929236,7.748065442929236,7.748065442929236,7.748065442929236,7.611145127749708,7.611145127749708,7.611145127749708,7.545662613203562,7.545662613203562,7.545662613203562,7.545662613203562,7.545662613203562,7.545662613203562,7.545662613203562,7.545662613203562,7.545662613203562,7.545662613203562,7.545662613203562,7.545662613203562,7.545662613203562,7.545662613203562,7.545662613203562,7.545662613203562,7.545662613203562,7.545662613203562,7.121410975399508,7.121410975399508,7.121410975399508,7.121410975399508,7.121410975399508,7.121410975399508,7.121410975399508,7.102364401949218,7.102364401949218,7.102364401949218,7.102364401949218,7.102364401949218,7.102364401949218,7.102364401949218,7.102364401949218,7.102364401949218,7.102364401949218,7.102364401949218,7.102364401949218,7.102364401949218,7.102364401949218,7.102364401949218,7.072679533552016,7.072679533552016,7.072679533552016,7.072679533552016,7.072679533552016,7.072679533552016,7.072679533552016,7.072679533552016,7.072679533552016,7.072679533552016,6.99756151659937,6.99756151659937,6.99756151659937,6.99756151659937,6.99756151659937,6.99756151659937,6.99756151659937,6.99756151659937,6.99756151659937,6.99756151659937,6.99756151659937,6.99756151659937,6.699874332679416,6.699874332679416,6.699874332679416,6.699874332679416,6.699874332679416,6.699874332679416,6.699874332679416,6.699874332679416,6.699874332679416,6.699874332679416,6.699874332679416,6.699874332679416,6.699874332679416,6.699874332679416,6.699874332679416,6.699874332679416,6.699874332679416,6.699874332679416,6.699874332679416,6.699874332679416,6.699874332679416,6.699874332679416,6.699874332679416,6.699874332679416,6.699874332679416,6.699874332679416,6.699874332679416,6.699874332679416,6.699874332679416,6.699874332679416,6.699874332679416,6.699874332679416,6.699874332679416,6.699874332679416,6.699874332679416,6.699874332679416,6.699874332679416,6.699874332679416,6.699874332679416,6.699874332679416,6.699874332679416,6.699874332679416,6.699874332679416,6.699874332679416,6.699874332679416,6.699874332679416,6.699874332679416,6.699874332679416,6.699874332679416,6.699874332679416,6.699874332679416,6.699874332679416,6.699874332679416,6.699874332679416,6.699874332679416,6.699874332679416,6.699874332679416,6.699874332679416,6.699874332679416,6.699874332679416,6.699874332679416,6.699874332679416,6.699874332679416,6.699874332679416,6.699874332679416,6.699874332679416,6.699874332679416,6.699874332679416,6.699874332679416,6.699874332679416,6.699874332679416,6.699874332679416,6.699874332679416,6.699874332679416,6.699874332679416,6.699874332679416,6.699874332679416,6.699874332679416,6.699874332679416,6.699874332679416,6.699874332679416,6.699874332679416,6.699874332679416,6.699874332679416,6.699874332679416,6.699874332679416,6.699874332679416,6.699874332679416,6.699874332679416,6.699874332679416,6.699874332679416,6.699874332679416,6.699874332679416,6.699874332679416,6.699874332679416,6.699874332679416,6.699874332679416,6.699874332679416,6.699874332679416,6.699874332679416,6.699874332679416,6.699874332679416,6.699874332679416,6.699874332679416,6.699874332679416,6.699874332679416,6.699874332679416,6.699874332679416,6.699874332679416,6.699874332679416,6.699874332679416,6.699874332679416,6.699874332679416,6.149904810137232,6.149904810137232,5.017490389174418,5.017490389174418,5.017490389174418,5.017490389174418,5.017490389174418,5.017490389174418,5.017490389174418,5.017490389174418,4.488540874394683,4.488540874394683,3.963295446067512,3.963295446067512,3.963295446067512,3.963295446067512,3.963295446067512,3.963295446067512,3.963295446067512,3.963295446067512,3.963295446067512,3.963295446067512,3.963295446067512,3.963295446067512,3.963295446067512,3.963295446067512,3.963295446067512,3.963295446067512,3.963295446067512,3.963295446067512,3.963295446067512,3.963295446067512,3.963295446067512,3.963295446067512,3.963295446067512,3.963295446067512,3.963295446067512,3.963295446067512,3.963295446067512,3.963295446067512,3.963295446067512,3.963295446067512,3.963295446067512,3.963295446067512,3.963295446067512,3.963295446067512,3.963295446067512,3.963295446067512,3.963295446067512,3.963295446067512,3.963295446067512,3.963295446067512,3.963295446067512,3.963295446067512,3.963295446067512,3.963295446067512,3.963295446067512,3.963295446067512,3.963295446067512,3.963295446067512,3.963295446067512,3.963295446067512,3.963295446067512,3.963295446067512,3.963295446067512,3.963295446067512,3.963295446067512,3.963295446067512,3.963295446067512,3.963295446067512,3.963295446067512,3.963295446067512,3.963295446067512,3.963295446067512,3.963295446067512,3.963295446067512,3.963295446067512,3.963295446067512,3.963295446067512,3.963295446067512,3.963295446067512,3.963295446067512,3.963295446067512,3.963295446067512,3.963295446067512,3.963295446067512,3.963295446067512,3.963295446067512,3.963295446067512,3.963295446067512,3.963295446067512,3.963295446067512,3.963295446067512,3.963295446067512,3.963295446067512,3.963295446067512,3.963295446067512,3.963295446067512,3.963295446067512,3.963295446067512,3.963295446067512,3.963295446067512,3.963295446067512,3.963295446067512,3.963295446067512,3.963295446067512,3.963295446067512,3.963295446067512,3.963295446067512,3.963295446067512,3.963295446067512,3.963295446067512,3.963295446067512,3.963295446067512,3.963295446067512,3.963295446067512,3.963295446067512,3.963295446067512,3.963295446067512,3.963295446067512,3.963295446067512,3.963295446067512,3.963295446067512,3.963295446067512,3.963295446067512,3.963295446067512,3.963295446067512,3.963295446067512,3.963295446067512,3.963295446067512,3.963295446067512,3.963295446067512,3.963295446067512,3.963295446067512,3.963295446067512,3.963295446067512,3.963295446067512,3.963295446067512,3.963295446067512,3.963295446067512,3.963295446067512,3.963295446067512,3.963295446067512,3.963295446067512,3.963295446067512,3.963295446067512,3.963295446067512,3.963295446067512,3.963295446067512,3.963295446067512,3.963295446067512,3.963295446067512,3.963295446067512,3.963295446067512,3.963295446067512,3.963295446067512,3.963295446067512,3.963295446067512,3.963295446067512,3.963295446067512,3.963295446067512,3.963295446067512,3.963295446067512,3.963295446067512,3.963295446067512,3.963295446067512,3.963295446067512,3.963295446067512,3.963295446067512,3.963295446067512,3.963295446067512,3.963295446067512,3.963295446067512,3.963295446067512,3.963295446067512,3.963295446067512,3.963295446067512,3.963295446067512,3.963295446067512,3.963295446067512,3.963295446067512,3.963295446067512,3.963295446067512,3.963295446067512,3.963295446067512,3.963295446067512,3.963295446067512,3.963295446067512,3.963295446067512,3.963295446067512,3.963295446067512,3.963295446067512,3.963295446067512,3.963295446067512,3.963295446067512,3.963295446067512,3.963295446067512,3.963295446067512,3.963295446067512,3.963295446067512,3.963295446067512,3.963295446067512,3.963295446067512,3.963295446067512,3.963295446067512,3.963295446067512,3.963295446067512,3.963295446067512,3.963295446067512,3.963295446067512,3.963295446067512,3.963295446067512,3.963295446067512,3.963295446067512,3.963295446067512,3.963295446067512,3.963295446067512,3.963295446067512,3.963295446067512,3.963295446067512,3.963295446067512,3.963295446067512,3.963295446067512,3.963295446067512,3.963295446067512,3.963295446067512,3.963295446067512,3.963295446067512,3.963295446067512,3.963295446067512,3.963295446067512,3.963295446067512,3.963295446067512,3.963295446067512,3.963295446067512,3.963295446067512,3.963295446067512,3.963295446067512,3.963295446067512,3.963295446067512,3.963295446067512,3.963295446067512,3.963295446067512,3.963295446067512,3.963295446067512,3.963295446067512,3.963295446067512,3.963295446067512,3.963295446067512,3.963295446067512,3.963295446067512,3.963295446067512,3.963295446067512,3.963295446067512,3.963295446067512,3.963295446067512,3.963295446067512,3.963295446067512,3.963295446067512,3.963295446067512,3.963295446067512,3.963295446067512,3.963295446067512,3.963295446067512,3.963295446067512,3.963295446067512,3.963295446067512,3.963295446067512,3.963295446067512,3.963295446067512,3.963295446067512,3.963295446067512,3.963295446067512,3.963295446067512,3.963295446067512,3.963295446067512,3.963295446067512,3.963295446067512,3.963295446067512,3.963295446067512,3.963295446067512,3.963295446067512,3.963295446067512,3.963295446067512,3.963295446067512,3.844866613460704,3.844866613460704,3.844866613460704,3.844866613460704,3.844866613460704,3.844866613460704,3.844866613460704,3.844866613460704,3.844866613460704,3.844866613460704,3.844866613460704,3.844866613460704,3.844866613460704,3.844866613460704,3.844866613460704,3.844866613460704,3.844866613460704,3.844866613460704,3.844866613460704,3.844866613460704,3.844866613460704,3.844866613460704,3.844866613460704,3.844866613460704,3.844866613460704,3.844866613460704,3.844866613460704,3.844866613460704,3.844866613460704,3.844866613460704,3.844866613460704,3.844866613460704,3.844866613460704,3.844866613460704,3.844866613460704,3.844866613460704,3.844866613460704,3.844866613460704,3.844866613460704,3.844866613460704,3.844866613460704,3.844866613460704,3.3238615769200797,3.3238615769200797,3.3238615769200797,3.3238615769200797,3.3238615769200797,3.3238615769200797,3.3238615769200797,3.3238615769200797,3.3238615769200797,3.3238615769200797,3.3238615769200797,3.3238615769200797,3.3238615769200797,3.3238615769200797,3.3238615769200797,3.3238615769200797,3.3238615769200797,3.3238615769200797,3.3238615769200797,3.3238615769200797,3.3238615769200797,3.3238615769200797,3.3238615769200797,3.3238615769200797,3.3238615769200797,3.3238615769200797,3.3238615769200797,3.3238615769200797,3.3238615769200797,3.3238615769200797,3.3238615769200797,3.3238615769200797,3.3238615769200797,3.3238615769200797,3.3238615769200797,3.3238615769200797,3.3238615769200797,3.3238615769200797,3.3238615769200797,3.3238615769200797,3.3238615769200797,3.3238615769200797,3.3238615769200797,3.3238615769200797,3.3238615769200797,3.3238615769200797,3.3238615769200797,3.3238615769200797,3.3238615769200797,3.3238615769200797,3.3238615769200797,3.3238615769200797,3.3238615769200797,3.3238615769200797,3.3238615769200797,3.3238615769200797,3.3238615769200797,3.3238615769200797,3.3238615769200797,3.3238615769200797,3.3238615769200797,3.3238615769200797,3.3238615769200797,3.3238615769200797,3.3238615769200797,3.3238615769200797,3.3238615769200797,3.3238615769200797,3.3238615769200797,3.3238615769200797,3.3238615769200797,3.3238615769200797,3.3238615769200797,3.3238615769200797,3.3238615769200797,3.3238615769200797,3.3238615769200797,3.3238615769200797,3.3238615769200797,3.3238615769200797,3.3238615769200797,3.3238615769200797,3.3238615769200797,3.3238615769200797,3.3238615769200797,3.3238615769200797,3.3238615769200797,3.3238615769200797,3.3238615769200797,3.3238615769200797,3.3238615769200797,3.3238615769200797,3.3238615769200797,3.3238615769200797,3.3238615769200797,3.3238615769200797,3.3238615769200797,3.3238615769200797,3.3238615769200797,3.3238615769200797,3.3238615769200797,3.3238615769200797,3.3238615769200797,3.3238615769200797,3.3238615769200797,3.3238615769200797,3.3238615769200797,3.3238615769200797,3.3238615769200797,3.3238615769200797,3.3238615769200797,3.3238615769200797,3.3238615769200797,3.3238615769200797,3.3238615769200797,3.3238615769200797,3.3238615769200797,3.3238615769200797,3.3238615769200797,3.3238615769200797,3.3238615769200797,3.3238615769200797,3.3238615769200797,3.3238615769200797,3.3238615769200797,3.3238615769200797,3.3238615769200797,3.3238615769200797,3.3238615769200797,3.3238615769200797,3.3238615769200797,3.3238615769200797,3.3238615769200797,3.3238615769200797,3.3238615769200797,3.3238615769200797,3.3238615769200797,3.3238615769200797,3.3238615769200797,3.3238615769200797,3.3238615769200797,3.3238615769200797,3.3238615769200797,3.3238615769200797,3.3238615769200797,3.3238615769200797,3.3238615769200797,3.3238615769200797,3.3238615769200797,3.3238615769200797,3.3238615769200797,3.3238615769200797,3.3238615769200797,3.3238615769200797,3.3238615769200797,3.3238615769200797,3.3238615769200797,3.3238615769200797,3.3238615769200797,3.3238615769200797,3.3238615769200797,3.3238615769200797,3.3238615769200797,3.3238615769200797,3.3238615769200797,3.3238615769200797,3.3238615769200797,3.3238615769200797,3.3238615769200797,3.3238615769200797,3.3238615769200797,3.3238615769200797,3.3238615769200797,3.3238615769200797,3.3238615769200797,3.3238615769200797,3.3238615769200797,3.3238615769200797,3.3238615769200797,3.3238615769200797,3.3238615769200797,3.3238615769200797,3.3238615769200797,3.3238615769200797,3.3238615769200797,3.3238615769200797,3.3238615769200797,3.3238615769200797,3.3238615769200797,3.3238615769200797,3.3238615769200797,3.3238615769200797,3.3238615769200797,3.3238615769200797,3.3238615769200797,3.3238615769200797,3.3238615769200797,3.3238615769200797,3.3238615769200797,3.3238615769200797,3.3238615769200797,3.3238615769200797,3.3238615769200797,3.3238615769200797,3.3238615769200797,3.3238615769200797,3.3238615769200797,3.3238615769200797,3.3238615769200797,3.3238615769200797,3.3238615769200797,3.3238615769200797,3.3238615769200797,3.3238615769200797,3.3238615769200797,3.3238615769200797,3.3238615769200797,3.3238615769200797,3.3238615769200797,3.3238615769200797,3.3238615769200797,3.3238615769200797,3.3238615769200797,3.3238615769200797,3.3238615769200797,3.3238615769200797,3.3238615769200797,3.3238615769200797,3.3238615769200797,3.3238615769200797,3.3238615769200797,3.3238615769200797,3.3238615769200797,3.3238615769200797,3.3238615769200797,3.3238615769200797,3.3238615769200797,3.3238615769200797,3.3238615769200797,3.3238615769200797,3.3238615769200797,3.3238615769200797,3.3238615769200797,3.3238615769200797,3.3238615769200797,3.3238615769200797,3.3238615769200797,3.3238615769200797,3.3238615769200797,3.3238615769200797,3.3238615769200797,3.3238615769200797,3.3238615769200797,3.3238615769200797,3.3238615769200797,3.3238615769200797,3.3238615769200797,3.3238615769200797,3.3238615769200797,3.3238615769200797,3.3238615769200797,3.3238615769200797,3.3238615769200797,3.3238615769200797,3.3238615769200797,3.3238615769200797,3.3238615769200797,3.3238615769200797,3.3238615769200797,3.3238615769200797,3.3238615769200797,3.3238615769200797,3.3238615769200797,3.3238615769200797,3.3238615769200797,3.3238615769200797,3.3238615769200797,3.3238615769200797,3.3238615769200797,3.3238615769200797,3.3238615769200797,3.3238615769200797,3.3238615769200797,3.3238615769200797,3.3238615769200797,3.3238615769200797,3.3238615769200797,3.3238615769200797,3.3238615769200797,3.3238615769200797,3.3238615769200797,3.3238615769200797,3.3238615769200797,3.3238615769200797,3.3238615769200797,3.3238615769200797,3.3238615769200797,3.3238615769200797,3.3238615769200797,3.3238615769200797,3.3238615769200797,3.3238615769200797,3.3238615769200797,3.3238615769200797,3.3238615769200797,3.3238615769200797,3.3238615769200797,3.3238615769200797,3.3238615769200797,3.3238615769200797,3.3238615769200797,3.3238615769200797,3.3238615769200797,3.3238615769200797,3.3238615769200797,3.3238615769200797,3.3238615769200797,3.3238615769200797,3.3238615769200797,3.3238615769200797,3.3238615769200797,3.3238615769200797,3.3238615769200797,3.3238615769200797,3.3238615769200797,3.3238615769200797,3.3238615769200797,3.3238615769200797,3.3238615769200797,3.3238615769200797,3.3238615769200797,3.3238615769200797,3.3238615769200797,3.3238615769200797,3.3238615769200797,3.3238615769200797,3.3238615769200797,3.3238615769200797,3.3238615769200797,3.3238615769200797,3.3238615769200797,3.3238615769200797,3.3238615769200797,3.3238615769200797,3.3238615769200797,3.3238615769200797,3.3238615769200797,3.3238615769200797,3.3238615769200797,3.3238615769200797,3.3238615769200797,3.3238615769200797,3.3238615769200797,3.3238615769200797,3.3238615769200797,3.3238615769200797,3.3238615769200797,3.3238615769200797,3.3238615769200797,3.3238615769200797,3.3238615769200797,3.3238615769200797,3.3238615769200797,3.3238615769200797,3.3238615769200797,3.3238615769200797,3.3238615769200797,3.3238615769200797,3.3238615769200797,3.3238615769200797,3.3238615769200797,3.3238615769200797,3.3238615769200797,3.3238615769200797,3.3238615769200797,3.3238615769200797,3.3238615769200797,3.3238615769200797,3.3238615769200797,3.3238615769200797,3.3238615769200797,3.3238615769200797,3.3238615769200797,3.3238615769200797,3.3238615769200797,3.3238615769200797,3.3238615769200797,3.3238615769200797,3.3238615769200797,3.3238615769200797,3.3238615769200797,3.3238615769200797,3.3238615769200797,3.3238615769200797,3.3238615769200797,3.3238615769200797,3.3238615769200797,3.3238615769200797,3.3238615769200797,3.3238615769200797,3.3238615769200797,3.3238615769200797,3.3238615769200797,3.3238615769200797,3.3238615769200797,3.3238615769200797,3.3238615769200797,3.3238615769200797,3.3238615769200797,3.3238615769200797,3.3238615769200797,3.3238615769200797,3.3238615769200797,3.3238615769200797,3.3238615769200797,3.3238615769200797,3.3238615769200797,3.3238615769200797,3.3238615769200797,3.3238615769200797,3.3238615769200797,3.3238615769200797,3.3238615769200797,3.3238615769200797,3.3238615769200797,3.3238615769200797,3.3238615769200797,3.3238615769200797,3.3238615769200797,3.3238615769200797,3.3238615769200797,3.3238615769200797,3.3238615769200797,3.3238615769200797,3.3238615769200797,3.3238615769200797,3.3238615769200797,3.3238615769200797,3.3238615769200797,3.3238615769200797,3.3238615769200797,3.3238615769200797,3.3238615769200797,3.3238615769200797,3.3238615769200797,3.3238615769200797,3.3238615769200797,3.3238615769200797,3.3238615769200797,3.3238615769200797,3.3238615769200797,3.3238615769200797,3.3238615769200797,3.3238615769200797,3.3238615769200797,3.3238615769200797,3.3238615769200797,3.3238615769200797,3.3238615769200797,3.3238615769200797,3.3238615769200797,3.3238615769200797,3.3238615769200797,3.3238615769200797,3.3238615769200797,3.3238615769200797,3.3238615769200797,3.3238615769200797,3.3238615769200797,3.3238615769200797,3.3238615769200797,3.3238615769200797,3.3238615769200797,3.3238615769200797,3.3238615769200797,3.3238615769200797,3.3238615769200797,3.3238615769200797,3.3238615769200797,3.3238615769200797,3.3238615769200797,3.3238615769200797,3.3238615769200797,3.3238615769200797,9.488709934336606,9.488709934336606,9.488709934336606,9.27567651469197,9.27567651469197,9.27567651469197,9.27567651469197,9.12001638030938,8.74409931260753,8.715120962442976,7.8820558784157,7.8820558784157,7.8820558784157,7.8820558784157,7.8820558784157,7.8820558784157,7.8820558784157,7.8820558784157,7.8820558784157,7.8820558784157,7.8820558784157,7.8820558784157,7.8820558784157,7.8820558784157,7.8820558784157,7.8820558784157,7.8820558784157,7.8820558784157,7.8486655611038625,7.8486655611038625,7.8486655611038625,7.8486655611038625,7.8486655611038625,7.8486655611038625,7.8486655611038625,7.8486655611038625,7.8486655611038625,7.8486655611038625,7.8486655611038625,7.8486655611038625,7.8486655611038625,7.8486655611038625,7.8486655611038625,7.8486655611038625,7.8486655611038625,7.8486655611038625,7.8486655611038625,7.8486655611038625,7.8486655611038625,7.8486655611038625,7.8486655611038625,7.8486655611038625,7.8486655611038625,7.8486655611038625,7.8486655611038625,7.8486655611038625,7.8486655611038625,7.8486655611038625,7.8486655611038625,7.8486655611038625,7.8486655611038625,7.8486655611038625,7.8486655611038625,7.8486655611038625,7.8486655611038625,7.8486655611038625,7.8486655611038625,7.8486655611038625,7.8486655611038625,7.8486655611038625,7.8486655611038625,7.8486655611038625,7.8486655611038625,7.8486655611038625,7.8486655611038625,7.8486655611038625,7.8486655611038625,7.8486655611038625,7.8486655611038625,7.8486655611038625,7.8486655611038625,7.8486655611038625,7.8486655611038625,7.8486655611038625,7.8486655611038625,7.8486655611038625,7.8486655611038625,7.8486655611038625,7.8486655611038625,7.8486655611038625,7.8486655611038625,7.8486655611038625,7.8486655611038625,7.8486655611038625,7.8486655611038625,7.8486655611038625,7.8486655611038625,7.8486655611038625,7.8486655611038625,7.8486655611038625,7.8486655611038625,7.8486655611038625,7.8486655611038625,7.8486655611038625,7.8486655611038625,7.8486655611038625,7.8486655611038625,7.8486655611038625,7.8486655611038625,7.8486655611038625,7.8486655611038625,7.8486655611038625,7.8486655611038625,7.8486655611038625,7.8486655611038625,7.8486655611038625,7.8486655611038625,7.8486655611038625,7.8486655611038625,7.8486655611038625,7.8486655611038625,7.8486655611038625,7.8486655611038625,7.8486655611038625,7.8486655611038625,7.8486655611038625,7.8486655611038625,7.8486655611038625,7.8486655611038625,7.8486655611038625,7.8486655611038625,7.8486655611038625,7.8486655611038625,7.8486655611038625,7.8486655611038625,7.8486655611038625,7.8486655611038625,7.8486655611038625,7.8486655611038625,7.8486655611038625,7.8486655611038625,7.8486655611038625,7.8486655611038625,7.8486655611038625,7.8486655611038625,7.8486655611038625,7.8486655611038625,7.8486655611038625,7.8486655611038625,7.8486655611038625,7.8486655611038625,7.8486655611038625,7.8486655611038625,7.8486655611038625,7.8486655611038625,7.8486655611038625,7.8486655611038625,7.8486655611038625,7.8486655611038625,7.8486655611038625,7.8486655611038625,7.8486655611038625,7.8486655611038625,7.8486655611038625,7.8486655611038625,7.8486655611038625,7.8486655611038625,7.8486655611038625,7.8486655611038625,7.8486655611038625,7.8486655611038625,7.8486655611038625,7.8486655611038625,7.8486655611038625,7.8486655611038625,7.8486655611038625,7.8486655611038625,7.8486655611038625,7.8486655611038625,7.8486655611038625,7.8486655611038625,7.8486655611038625,6.579813421540744,6.579813421540744,6.579813421540744,6.579813421540744,6.579813421540744,6.579813421540744,6.579813421540744,6.579813421540744,6.408643733572601,6.057519873324109,6.057519873324109,6.057519873324109,6.057519873324109,6.057519873324109,6.057519873324109,6.057519873324109,5.747222466214938,5.747222466214938,5.747222466214938,5.747222466214938,5.747222466214938,5.747222466214938,5.747222466214938,5.747222466214938,5.747222466214938,5.747222466214938,5.747222466214938,5.747222466214938,5.747222466214938,5.747222466214938,5.747222466214938,5.747222466214938,5.747222466214938,5.747222466214938,5.747222466214938,5.747222466214938,5.747222466214938,5.747222466214938,5.747222466214938,5.747222466214938,5.747222466214938,5.747222466214938,5.747222466214938,5.747222466214938,5.747222466214938,5.747222466214938,5.747222466214938,5.747222466214938,5.747222466214938,5.747222466214938,5.747222466214938,5.747222466214938,5.747222466214938,5.747222466214938,5.747222466214938,5.747222466214938,5.747222466214938,5.747222466214938,5.747222466214938,5.747222466214938,5.747222466214938,5.747222466214938,5.747222466214938,5.747222466214938,5.747222466214938,5.747222466214938,5.747222466214938,5.747222466214938,5.747222466214938,5.747222466214938,5.747222466214938,5.747222466214938,5.747222466214938,5.747222466214938,5.747222466214938,5.747222466214938,5.747222466214938,5.747222466214938,5.747222466214938,5.747222466214938,5.747222466214938,5.747222466214938,5.747222466214938,5.747222466214938,5.747222466214938,5.747222466214938,5.747222466214938,5.747222466214938,5.747222466214938,5.747222466214938,5.747222466214938,5.747222466214938,5.747222466214938,5.747222466214938,5.747222466214938,5.747222466214938,5.747222466214938,5.747222466214938,5.747222466214938,5.747222466214938,5.747222466214938,5.747222466214938,5.747222466214938,5.747222466214938,5.747222466214938,5.747222466214938,5.747222466214938,5.747222466214938,5.747222466214938,5.747222466214938,5.747222466214938,5.747222466214938,5.747222466214938,5.747222466214938,5.747222466214938,5.747222466214938,5.747222466214938,5.747222466214938,5.747222466214938,5.747222466214938,5.747222466214938,5.747222466214938,5.747222466214938,5.747222466214938,5.747222466214938,5.747222466214938,5.747222466214938,5.747222466214938,5.747222466214938,5.747222466214938,5.747222466214938,5.747222466214938,5.747222466214938,5.747222466214938,5.747222466214938,5.747222466214938,5.747222466214938,5.747222466214938,5.747222466214938,5.747222466214938,5.747222466214938,5.747222466214938,5.747222466214938,5.747222466214938,5.747222466214938,5.747222466214938,5.747222466214938,5.747222466214938,5.747222466214938,5.747222466214938,5.747222466214938,5.747222466214938,5.747222466214938,5.747222466214938,5.747222466214938,5.747222466214938,5.747222466214938,5.747222466214938,5.747222466214938,5.747222466214938,5.747222466214938,5.747222466214938,5.747222466214938,5.747222466214938,5.747222466214938,5.747222466214938,5.747222466214938,5.747222466214938,5.747222466214938,5.747222466214938,5.747222466214938,5.747222466214938,5.747222466214938,5.747222466214938,5.747222466214938,5.747222466214938,5.747222466214938,5.747222466214938,5.747222466214938,5.747222466214938,5.747222466214938,5.747222466214938,5.747222466214938,5.747222466214938,5.747222466214938,5.747222466214938,5.747222466214938,5.747222466214938,5.747222466214938,5.747222466214938,5.747222466214938,5.747222466214938,5.747222466214938,5.747222466214938,5.747222466214938,5.747222466214938,5.747222466214938,5.747222466214938,5.747222466214938,5.747222466214938,5.747222466214938,5.747222466214938,5.747222466214938,5.747222466214938,5.747222466214938,5.747222466214938,5.747222466214938,5.747222466214938,5.747222466214938,5.747222466214938,5.747222466214938,5.747222466214938,5.747222466214938,5.747222466214938,5.747222466214938,5.747222466214938,5.747222466214938,5.747222466214938,5.747222466214938,5.747222466214938,5.747222466214938,5.747222466214938,5.747222466214938,5.747222466214938,5.747222466214938,5.747222466214938,5.747222466214938,5.747222466214938,5.747222466214938,5.747222466214938,5.747222466214938,5.747222466214938,5.747222466214938,5.747222466214938,5.747222466214938,5.747222466214938,5.747222466214938,5.747222466214938,5.747222466214938,5.747222466214938,5.747222466214938,5.747222466214938,5.747222466214938,5.747222466214938,5.747222466214938,5.747222466214938,5.747222466214938,5.747222466214938,5.747222466214938,5.747222466214938,5.747222466214938,5.747222466214938,5.747222466214938,5.747222466214938,5.747222466214938,5.747222466214938,5.747222466214938,5.747222466214938,5.747222466214938,5.747222466214938,5.747222466214938,5.747222466214938,5.747222466214938,5.747222466214938,5.747222466214938,5.747222466214938,5.747222466214938,5.747222466214938,5.747222466214938,5.747222466214938,5.747222466214938,5.747222466214938,5.747222466214938,5.747222466214938,5.747222466214938,5.747222466214938,5.747222466214938,5.747222466214938,5.747222466214938,5.747222466214938,5.747222466214938,5.747222466214938,5.747222466214938,5.747222466214938,5.747222466214938,5.747222466214938,5.747222466214938,5.747222466214938,5.747222466214938,5.747222466214938,5.747222466214938,5.747222466214938,5.747222466214938,5.747222466214938,5.747222466214938,5.747222466214938,5.747222466214938,5.747222466214938,5.747222466214938,5.747222466214938,5.747222466214938,5.747222466214938,5.747222466214938,5.747222466214938,5.747222466214938,5.747222466214938,5.747222466214938,5.747222466214938,5.747222466214938,5.747222466214938,5.747222466214938,5.747222466214938,5.747222466214938,5.747222466214938,5.747222466214938,5.747222466214938,5.747222466214938,5.747222466214938,5.747222466214938,5.747222466214938,5.747222466214938,5.747222466214938,5.747222466214938,5.747222466214938,5.747222466214938,5.747222466214938,5.747222466214938,5.747222466214938,5.747222466214938,5.747222466214938,5.747222466214938,5.747222466214938,5.747222466214938,5.747222466214938,5.747222466214938,5.747222466214938,5.747222466214938,5.747222466214938,5.747222466214938,5.747222466214938,5.747222466214938,5.747222466214938,5.747222466214938,5.747222466214938,5.747222466214938,5.747222466214938,5.747222466214938,5.747222466214938,5.747222466214938,5.747222466214938,5.747222466214938,5.747222466214938,5.747222466214938,5.747222466214938,5.747222466214938,5.747222466214938,5.747222466214938,5.747222466214938,5.747222466214938,5.747222466214938,5.747222466214938,5.747222466214938,5.747222466214938,5.747222466214938,5.747222466214938,5.747222466214938,5.747222466214938,5.747222466214938,5.747222466214938,5.747222466214938,5.747222466214938,5.747222466214938,5.747222466214938,5.747222466214938,5.747222466214938,5.747222466214938,5.747222466214938,5.747222466214938,5.747222466214938,5.747222466214938,5.747222466214938,5.747222466214938,5.747222466214938,5.747222466214938,5.747222466214938,5.747222466214938,5.747222466214938,5.747222466214938,5.747222466214938,5.747222466214938,5.747222466214938,5.747222466214938,5.747222466214938,5.747222466214938,5.747222466214938,5.747222466214938,5.747222466214938,5.747222466214938,5.747222466214938,5.747222466214938,5.747222466214938,5.747222466214938,5.747222466214938,5.747222466214938,5.747222466214938,5.747222466214938,5.747222466214938,5.747222466214938,5.747222466214938,5.747222466214938,5.747222466214938,5.747222466214938,5.747222466214938,5.747222466214938,5.747222466214938,5.747222466214938,5.747222466214938,5.747222466214938,5.747222466214938,5.747222466214938,5.747222466214938,5.747222466214938,5.747222466214938,5.747222466214938,5.747222466214938,5.747222466214938,5.747222466214938,5.747222466214938,5.747222466214938,5.747222466214938,5.747222466214938,5.747222466214938,5.747222466214938,5.747222466214938,5.747222466214938,5.747222466214938,5.747222466214938,5.747222466214938,5.747222466214938,5.747222466214938,5.747222466214938,5.747222466214938,5.747222466214938,5.747222466214938,5.747222466214938,5.747222466214938,5.747222466214938,5.747222466214938,5.747222466214938,5.747222466214938,5.747222466214938,5.747222466214938,5.747222466214938,5.747222466214938,5.747222466214938,5.747222466214938,5.747222466214938,5.747222466214938,5.747222466214938,5.747222466214938,5.747222466214938,5.747222466214938,5.747222466214938,5.747222466214938,5.747222466214938,5.747222466214938,5.747222466214938,5.747222466214938,5.747222466214938,5.747222466214938,5.747222466214938,5.747222466214938,5.747222466214938,5.747222466214938,5.747222466214938,5.747222466214938,5.747222466214938,5.747222466214938,5.747222466214938,5.747222466214938,5.747222466214938,5.747222466214938,5.747222466214938,5.747222466214938,5.747222466214938,5.747222466214938,5.747222466214938,5.747222466214938,5.747222466214938,5.747222466214938,5.747222466214938,5.747222466214938,5.747222466214938,5.747222466214938,5.747222466214938,5.747222466214938,5.747222466214938,5.747222466214938,5.747222466214938,5.747222466214938,5.747222466214938,5.747222466214938,5.747222466214938,5.747222466214938,5.747222466214938,5.747222466214938,5.747222466214938,5.747222466214938,5.747222466214938,5.747222466214938,5.747222466214938,5.747222466214938,5.747222466214938,5.747222466214938,5.747222466214938,5.747222466214938,5.747222466214938,5.747222466214938,5.747222466214938,5.747222466214938,5.747222466214938,5.747222466214938,5.747222466214938,5.747222466214938,5.747222466214938,5.747222466214938,5.747222466214938,5.747222466214938,5.747222466214938,5.747222466214938,5.747222466214938,5.747222466214938,5.747222466214938,5.747222466214938,5.747222466214938,5.747222466214938,5.747222466214938,5.747222466214938,5.747222466214938,5.747222466214938,5.747222466214938,5.747222466214938,5.747222466214938,5.747222466214938,5.747222466214938,5.747222466214938,5.747222466214938,5.747222466214938,5.747222466214938,5.747222466214938,5.747222466214938,5.747222466214938,5.747222466214938,5.747222466214938,5.747222466214938,5.747222466214938,5.747222466214938,5.747222466214938,5.747222466214938,5.747222466214938,5.747222466214938,5.747222466214938,5.747222466214938,5.747222466214938,5.747222466214938,5.747222466214938,5.747222466214938,5.747222466214938,5.747222466214938,5.747222466214938,5.747222466214938,5.747222466214938,5.747222466214938,5.747222466214938,5.747222466214938,5.747222466214938,5.747222466214938,5.747222466214938,5.747222466214938,5.747222466214938,5.747222466214938,5.747222466214938,5.747222466214938,5.747222466214938,5.747222466214938,5.747222466214938,5.747222466214938,5.747222466214938,5.747222466214938,5.747222466214938,5.747222466214938,5.747222466214938,5.747222466214938,5.747222466214938,5.747222466214938,5.747222466214938,5.747222466214938,5.747222466214938,5.747222466214938,5.747222466214938,5.747222466214938,5.747222466214938,5.747222466214938,5.747222466214938,5.747222466214938,5.747222466214938,5.747222466214938,5.747222466214938,5.747222466214938,5.747222466214938,5.747222466214938,5.747222466214938,5.747222466214938,5.747222466214938,5.747222466214938,5.747222466214938,5.747222466214938,5.747222466214938,5.747222466214938,5.747222466214938,5.747222466214938,5.747222466214938,5.747222466214938,5.747222466214938,5.747222466214938,5.747222466214938,5.747222466214938,5.747222466214938,5.747222466214938,5.747222466214938,5.747222466214938,5.747222466214938,5.747222466214938,5.747222466214938,5.747222466214938,5.747222466214938,5.747222466214938,5.747222466214938,5.747222466214938,5.747222466214938,5.747222466214938,5.747222466214938,5.747222466214938,5.747222466214938,5.747222466214938,5.747222466214938,5.747222466214938,5.747222466214938,5.747222466214938,5.747222466214938,5.747222466214938,5.747222466214938,5.747222466214938,5.747222466214938,5.747222466214938,5.747222466214938,5.747222466214938,5.747222466214938,5.747222466214938,5.747222466214938,5.747222466214938,5.747222466214938,5.747222466214938,5.747222466214938,5.747222466214938,5.747222466214938,5.747222466214938,5.747222466214938,5.747222466214938,5.747222466214938,5.747222466214938,5.747222466214938,5.747222466214938,5.747222466214938,5.747222466214938,5.747222466214938,5.747222466214938,5.747222466214938,5.747222466214938,5.747222466214938,5.747222466214938,5.747222466214938,5.747222466214938,5.747222466214938,5.747222466214938,5.747222466214938,5.747222466214938,5.747222466214938,5.747222466214938,5.747222466214938,5.747222466214938,5.747222466214938,5.747222466214938,5.747222466214938,5.747222466214938,5.747222466214938,5.747222466214938,5.747222466214938,5.747222466214938,5.747222466214938,5.747222466214938,5.747222466214938,5.747222466214938,5.747222466214938,5.747222466214938,5.747222466214938,5.747222466214938,5.747222466214938,5.747222466214938,5.747222466214938,5.747222466214938,5.747222466214938,5.747222466214938,5.747222466214938,5.747222466214938,5.747222466214938,5.747222466214938,5.747222466214938,5.747222466214938,5.747222466214938,5.747222466214938,5.747222466214938,5.747222466214938,5.747222466214938,5.747222466214938,5.747222466214938,5.747222466214938,5.747222466214938,5.747222466214938,5.747222466214938,5.747222466214938,5.747222466214938,5.747222466214938,5.747222466214938,5.747222466214938,5.747222466214938,5.747222466214938,5.747222466214938,5.747222466214938,5.747222466214938,5.747222466214938,5.747222466214938,5.747222466214938,5.747222466214938,5.747222466214938,5.747222466214938,5.747222466214938,5.747222466214938,5.747222466214938,5.747222466214938,5.747222466214938,5.747222466214938,5.747222466214938,5.747222466214938,5.747222466214938,5.747222466214938,5.747222466214938,5.747222466214938,5.747222466214938,5.747222466214938,5.747222466214938,5.747222466214938,5.747222466214938,5.747222466214938,5.747222466214938,5.747222466214938,5.747222466214938,5.747222466214938,5.747222466214938,5.747222466214938,5.747222466214938,5.747222466214938,5.747222466214938,5.747222466214938,5.747222466214938,5.747222466214938,5.747222466214938,5.747222466214938,5.747222466214938,5.747222466214938,5.747222466214938,5.747222466214938,5.747222466214938,5.747222466214938,5.747222466214938,5.747222466214938,5.747222466214938,5.747222466214938,5.747222466214938,5.747222466214938,5.747222466214938,5.747222466214938,5.747222466214938,5.747222466214938,5.747222466214938,5.747222466214938,5.747222466214938,5.747222466214938,5.747222466214938,5.747222466214938,5.747222466214938,5.747222466214938,5.747222466214938,5.747222466214938,5.747222466214938,5.747222466214938,5.747222466214938,5.747222466214938,5.747222466214938,5.747222466214938,5.747222466214938,5.747222466214938,5.747222466214938,5.747222466214938,5.747222466214938,5.747222466214938,5.747222466214938,5.747222466214938,4.860510296524448,4.860510296524448,4.7794045437021175,4.7794045437021175,4.7794045437021175,4.7794045437021175,4.7794045437021175,4.7794045437021175,4.7794045437021175,4.7794045437021175,4.7794045437021175,4.7794045437021175,4.690803044152571,4.677866461289262,4.677866461289262,4.677866461289262,4.677866461289262,4.677866461289262,4.677866461289262,4.677866461289262,4.677866461289262,4.677866461289262,4.677866461289262,4.677866461289262,4.677866461289262,4.509719447570901,4.509719447570901,4.509719447570901,4.509719447570901,4.509719447570901,4.2124735420468165,4.2124735420468165,4.115756500626141,4.115756500626141,4.115756500626141,4.103280607757208,4.103280607757208,4.103280607757208,4.103280607757208,4.103280607757208,4.103280607757208,4.103280607757208,4.103280607757208,4.103280607757208,4.103280607757208,4.103280607757208,4.103280607757208,4.103280607757208,4.103280607757208,4.103280607757208,4.103280607757208,4.103280607757208,4.103280607757208,4.103280607757208,4.103280607757208,4.103280607757208,4.103280607757208,4.103280607757208,4.103280607757208,4.103280607757208,4.103280607757208,4.103280607757208,4.103280607757208,4.103280607757208,4.103280607757208,4.103280607757208,4.103280607757208,4.103280607757208,4.103280607757208,4.103280607757208,4.103280607757208,4.103280607757208,4.103280607757208,4.103280607757208,4.103280607757208,4.103280607757208,4.103280607757208,4.103280607757208,4.103280607757208,4.103280607757208,4.103280607757208,4.103280607757208,4.103280607757208,4.103280607757208,4.103280607757208,4.103280607757208,4.103280607757208,4.103280607757208,4.103280607757208,4.103280607757208,4.103280607757208,4.103280607757208,4.103280607757208,4.103280607757208,4.103280607757208,4.103280607757208,4.103280607757208,4.103280607757208,4.103280607757208,4.103280607757208,4.103280607757208,4.103280607757208,4.103280607757208,4.103280607757208,4.103280607757208,4.103280607757208,4.103280607757208,4.103280607757208,4.103280607757208,4.103280607757208,4.103280607757208,4.103280607757208,4.103280607757208,4.103280607757208,4.103280607757208,4.103280607757208,4.103280607757208,4.103280607757208,4.103280607757208,4.103280607757208,4.103280607757208,4.103280607757208,4.103280607757208,4.103280607757208,4.103280607757208,4.103280607757208,4.103280607757208,4.103280607757208,4.103280607757208,4.103280607757208,4.103280607757208,4.103280607757208,4.103280607757208,4.103280607757208,4.103280607757208,4.103280607757208,4.103280607757208,4.103280607757208,4.103280607757208,4.103280607757208,4.103280607757208,4.103280607757208,4.103280607757208,4.103280607757208,4.103280607757208,4.103280607757208,4.103280607757208,4.103280607757208,4.103280607757208,4.103280607757208,4.103280607757208,4.103280607757208,4.103280607757208,4.103280607757208,4.103280607757208,4.103280607757208,4.103280607757208,4.103280607757208,4.103280607757208,4.103280607757208,4.103280607757208,4.103280607757208,4.103280607757208,4.103280607757208,4.103280607757208,4.103280607757208,4.103280607757208,4.103280607757208,4.103280607757208,4.103280607757208,4.103280607757208,4.103280607757208,4.103280607757208,4.103280607757208,4.103280607757208,4.103280607757208,4.103280607757208,4.103280607757208,4.103280607757208,4.103280607757208,4.103280607757208,4.103280607757208,4.103280607757208,4.103280607757208,4.103280607757208,4.103280607757208,4.103280607757208,4.066236256718166,4.066236256718166,4.066236256718166,4.066236256718166,4.066236256718166,4.066236256718166,4.066236256718166,4.066236256718166,4.066236256718166,4.066236256718166,4.066236256718166,4.066236256718166,4.066236256718166,4.066236256718166,4.066236256718166,4.066236256718166,4.066236256718166,4.066236256718166,4.066236256718166,4.066236256718166,4.066236256718166,4.066236256718166,4.066236256718166,4.066236256718166,4.066236256718166,4.066236256718166,4.047597555798531,4.047597555798531,4.047597555798531,4.047597555798531,4.047597555798531,4.047597555798531,4.047597555798531,4.047597555798531,4.047597555798531,4.047597555798531,4.047597555798531,4.047597555798531,4.047597555798531,4.047597555798531,4.047597555798531,4.047597555798531,4.047597555798531,4.047597555798531,4.047597555798531,4.047597555798531,4.047597555798531,4.047597555798531,4.047597555798531,4.047597555798531,4.047597555798531,4.047597555798531,4.047597555798531,4.047597555798531,4.047597555798531,4.047597555798531,4.047597555798531,4.047597555798531,4.047597555798531,4.047597555798531,4.047597555798531,4.047597555798531,4.047597555798531,4.047597555798531,4.047597555798531,4.047597555798531,4.047597555798531,4.047597555798531,4.047597555798531,4.047597555798531,4.047597555798531,4.047597555798531,4.047597555798531,4.047597555798531,4.047597555798531,4.047597555798531,4.047597555798531,4.047597555798531,4.047597555798531,4.047597555798531,4.047597555798531,4.047597555798531,4.047597555798531,4.047597555798531,4.047597555798531,4.047597555798531,4.047597555798531,4.047597555798531,4.047597555798531,4.047597555798531,4.047597555798531,4.047597555798531,4.047597555798531,4.047597555798531,4.047597555798531,4.047597555798531,4.047597555798531,4.047597555798531,4.047597555798531,4.047597555798531,4.047597555798531,4.047597555798531,4.047597555798531,4.047597555798531,4.047597555798531,4.047597555798531,4.047597555798531,4.047597555798531,4.047597555798531,4.047597555798531,4.047597555798531,4.047597555798531,4.047597555798531,4.047597555798531,4.047597555798531,4.047597555798531,4.047597555798531,4.047597555798531,4.047597555798531,4.047597555798531,4.047597555798531,4.047597555798531,4.047597555798531,4.047597555798531,4.047597555798531,4.047597555798531,4.047597555798531,4.047597555798531,4.047597555798531,4.047597555798531,4.047597555798531,4.047597555798531,4.047597555798531,4.047597555798531,4.047597555798531,4.047597555798531,4.047597555798531,4.047597555798531,4.047597555798531,4.047597555798531,4.047597555798531,4.047597555798531,4.047597555798531,4.047597555798531,4.047597555798531,4.047597555798531,4.047597555798531,4.047597555798531,4.047597555798531,4.047597555798531,4.047597555798531,4.047597555798531,4.047597555798531,4.047597555798531,4.047597555798531,4.047597555798531,4.047597555798531,4.047597555798531,4.047597555798531,4.047597555798531,4.047597555798531,4.047597555798531,4.047597555798531,4.047597555798531,4.047597555798531,4.047597555798531,4.047597555798531,4.047597555798531,4.047597555798531,4.047597555798531,4.047597555798531,4.047597555798531,4.047597555798531,4.047597555798531,4.047597555798531,4.047597555798531,4.047597555798531,4.047597555798531,4.047597555798531,4.047597555798531,4.047597555798531,4.047597555798531,4.047597555798531,4.047597555798531,4.047597555798531,4.047597555798531,4.047597555798531,4.047597555798531,4.047597555798531,4.047597555798531,4.047597555798531,4.047597555798531,4.047597555798531,4.047597555798531,4.047597555798531,4.047597555798531,4.047597555798531,4.047597555798531,4.047597555798531,4.047597555798531,4.047597555798531,4.047597555798531,4.047597555798531,4.047597555798531,4.047597555798531,4.047597555798531,4.047597555798531,4.047597555798531,4.047597555798531,4.047597555798531,4.047597555798531,4.047597555798531,4.047597555798531,4.047597555798531,4.047597555798531,4.047597555798531,4.047597555798531,4.047597555798531,4.047597555798531,4.047597555798531,4.047597555798531,4.047597555798531,4.047597555798531,4.047597555798531,4.047597555798531,4.047597555798531,4.047597555798531,4.047597555798531,4.047597555798531,4.047597555798531,4.047597555798531,4.047597555798531,4.047597555798531,4.047597555798531,4.047597555798531,4.047597555798531,4.047597555798531,4.047597555798531,4.047597555798531,4.047597555798531,4.047597555798531,4.047597555798531,4.047597555798531,4.047597555798531,4.047597555798531,4.047597555798531,4.047597555798531,4.047597555798531,4.047597555798531,4.047597555798531,4.047597555798531,4.047597555798531,4.047597555798531,4.047597555798531,4.047597555798531,4.047597555798531,4.047597555798531,4.047597555798531,4.047597555798531,4.047597555798531,4.047597555798531,4.047597555798531,4.047597555798531,4.047597555798531,4.047597555798531,4.047597555798531,3.963059683405717,3.963059683405717,3.963059683405717,3.8337065783568347,3.8037163320903327,3.793985702532234,3.793985702532234,3.793985702532234,3.793985702532234,3.793985702532234,3.793985702532234,3.793985702532234,3.793985702532234,3.793985702532234,3.793985702532234,3.793985702532234,3.793985702532234,3.793985702532234,3.793985702532234,3.793985702532234,3.793985702532234,3.793985702532234,3.772874879937072,3.772874879937072,3.772874879937072,3.718690054698663,3.718690054698663,3.718690054698663,3.718690054698663,3.718690054698663,3.718690054698663,3.718690054698663,3.718690054698663,3.718690054698663,3.718690054698663,3.718690054698663,3.718690054698663,3.5954318283279307,3.5954318283279307,3.4449184828793618,3.4449184828793618,3.4449184828793618,3.4449184828793618,3.4449184828793618,3.4449184828793618,3.4449184828793618,3.4449184828793618,3.4449184828793618,3.4449184828793618,3.4449184828793618,3.4449184828793618,3.4449184828793618,3.4449184828793618,3.4449184828793618,3.4449184828793618,3.4449184828793618,3.4449184828793618,3.4449184828793618,3.4449184828793618,3.4449184828793618,3.4449184828793618,3.4449184828793618,3.4449184828793618,3.4449184828793618,3.4449184828793618,3.4449184828793618,3.438582766087113,3.438582766087113,3.438582766087113,3.438582766087113,3.438582766087113,3.438582766087113,3.438582766087113,3.438582766087113,3.438582766087113,3.438582766087113,3.438582766087113,3.438582766087113,3.438582766087113,3.438582766087113,3.438582766087113,3.438582766087113,3.438582766087113,3.438582766087113,3.438582766087113,3.438582766087113,3.438582766087113,3.438582766087113,3.438582766087113,3.438582766087113,3.438582766087113,3.438582766087113,3.438582766087113,3.438582766087113,3.438582766087113,3.438582766087113,3.438582766087113,3.438582766087113,3.438582766087113,3.438582766087113,3.438582766087113,3.438582766087113,3.438582766087113,3.438582766087113,3.438582766087113,3.438582766087113,3.438582766087113,3.438582766087113,3.438582766087113,3.438582766087113,3.438582766087113,3.438582766087113,3.438582766087113,3.438582766087113,3.438582766087113,3.438582766087113,3.438582766087113,3.438582766087113,3.438582766087113,3.438582766087113,3.438582766087113,3.438582766087113,3.438582766087113,3.438582766087113,3.438582766087113,3.438582766087113,3.438582766087113,3.438582766087113,3.438582766087113,3.438582766087113,3.438582766087113,3.438582766087113,3.438582766087113,3.438582766087113,3.438582766087113,3.438582766087113,3.438582766087113,3.438582766087113,3.438582766087113,3.438582766087113,3.438582766087113,3.438582766087113,3.438582766087113,3.438582766087113,3.438582766087113,3.438582766087113,3.438582766087113,3.438582766087113,3.438582766087113,3.438582766087113,3.438582766087113,3.438582766087113,3.438582766087113,3.438582766087113,3.438582766087113,3.438582766087113,3.438582766087113,3.438582766087113,3.438582766087113,3.438582766087113,3.438582766087113,3.438582766087113,3.438582766087113,3.438582766087113,3.438582766087113,3.438582766087113,3.438582766087113,3.438582766087113,3.438582766087113,3.438582766087113,3.438582766087113,3.438582766087113,3.438582766087113,3.438582766087113,3.438582766087113,3.438582766087113,3.438582766087113,3.438582766087113,3.438582766087113,3.438582766087113,3.438582766087113,3.438582766087113,3.438582766087113,3.438582766087113,3.438582766087113,3.438582766087113,3.438582766087113,3.438582766087113,3.438582766087113,3.438582766087113,3.438582766087113,3.438582766087113,3.438582766087113,3.438582766087113,3.438582766087113,3.438582766087113,3.438582766087113,3.438582766087113,3.438582766087113,3.438582766087113,3.438582766087113,3.438582766087113,3.438582766087113,3.438582766087113,3.438582766087113,3.438582766087113,3.438582766087113,3.438582766087113,3.438582766087113,3.438582766087113,3.438582766087113,3.438582766087113,3.438582766087113,3.438582766087113,3.438582766087113,3.438582766087113,3.438582766087113,3.438582766087113,3.438582766087113,3.438582766087113,3.438582766087113,3.438582766087113,3.438582766087113,3.438582766087113,3.438582766087113,3.438582766087113,3.438582766087113,3.438582766087113,3.438582766087113,3.438582766087113,3.438582766087113,3.438582766087113,3.438582766087113,3.438582766087113,3.438582766087113,3.438582766087113,3.438582766087113,3.438582766087113,3.438582766087113,3.438582766087113,3.438582766087113,3.438582766087113,3.438582766087113,3.438582766087113,3.438582766087113,3.438582766087113,3.438582766087113,3.438582766087113,3.438582766087113,3.438582766087113,3.438582766087113,3.438582766087113,3.438582766087113,3.438582766087113,3.438582766087113,3.438582766087113,3.438582766087113,3.438582766087113,3.438582766087113,3.438582766087113,3.438582766087113,3.438582766087113,3.438582766087113,3.438582766087113,3.438582766087113,3.438582766087113,3.438582766087113,3.438582766087113,3.438582766087113,3.438582766087113,3.438582766087113,3.438582766087113,3.438582766087113,3.438582766087113,3.438582766087113,3.438582766087113,3.438582766087113,3.438582766087113,3.438582766087113,3.438582766087113,3.438582766087113,3.438582766087113,3.438582766087113,3.438582766087113,3.438582766087113,3.438582766087113,3.438582766087113,3.438582766087113,3.438582766087113,3.438582766087113,3.438582766087113,3.438582766087113,3.438582766087113,3.438582766087113,3.438582766087113,3.438582766087113,3.438582766087113,3.438582766087113,3.438582766087113,3.438582766087113,3.438582766087113,3.438582766087113,3.438582766087113,3.438582766087113,3.438582766087113,3.438582766087113,3.438582766087113,3.438582766087113,3.438582766087113,3.438582766087113,3.438582766087113,3.438582766087113,3.438582766087113,3.438582766087113,3.438582766087113,3.438582766087113,3.438582766087113,3.438582766087113,3.438582766087113,3.438582766087113,3.438582766087113,3.438582766087113,3.438582766087113,3.438582766087113,3.438582766087113,3.438582766087113,3.438582766087113,3.438582766087113,3.438582766087113,3.438582766087113,3.438582766087113,3.438582766087113,3.438582766087113,3.438582766087113,3.438582766087113,3.438582766087113,3.438582766087113,3.438582766087113,3.438582766087113,3.438582766087113,3.438582766087113,3.438582766087113,3.438582766087113,3.438582766087113,3.438582766087113,3.438582766087113,3.438582766087113,3.438582766087113,3.438582766087113,3.438582766087113,3.438582766087113,3.438582766087113,3.438582766087113,3.438582766087113,3.438582766087113,3.438582766087113,3.438582766087113,3.438582766087113,3.438582766087113,3.438582766087113,3.438582766087113,3.438582766087113,3.438582766087113,3.438582766087113,3.438582766087113,3.438582766087113,3.438582766087113,3.438582766087113,3.438582766087113,3.438582766087113,3.438582766087113,3.438582766087113,3.438582766087113,3.438582766087113,3.438582766087113,3.438582766087113,3.438582766087113,3.438582766087113,3.438582766087113,3.438582766087113,3.438582766087113,3.438582766087113,3.438582766087113,3.438582766087113,3.438582766087113,3.438582766087113,3.438582766087113,3.438582766087113,3.438582766087113,3.438582766087113,3.438582766087113,3.438582766087113,3.438582766087113,3.438582766087113,3.438582766087113,3.438582766087113,3.438582766087113,3.438582766087113,3.438582766087113,3.438582766087113,3.438582766087113,3.438582766087113,3.438582766087113,3.438582766087113,3.438582766087113,3.438582766087113,3.438582766087113,3.438582766087113,3.438582766087113,3.438582766087113,3.438582766087113,3.438582766087113,3.438582766087113,3.438582766087113,3.438582766087113,3.438582766087113,3.438582766087113,3.438582766087113,3.438582766087113,3.438582766087113,3.438582766087113,3.438582766087113,3.438582766087113,3.438582766087113,3.438582766087113,3.438582766087113,3.438582766087113,3.438582766087113,3.438582766087113,3.438582766087113,3.438582766087113,3.438582766087113,3.438582766087113,3.438582766087113,3.438582766087113,3.438582766087113,3.438582766087113,3.438582766087113,3.438582766087113,3.438582766087113,3.438582766087113,3.438582766087113,3.438582766087113,3.438582766087113,3.438582766087113,3.438582766087113,3.438582766087113,3.438582766087113,3.438582766087113,3.438582766087113,3.438582766087113,3.438582766087113,3.438582766087113,3.438582766087113,3.438582766087113,3.438582766087113,3.438582766087113,3.438582766087113,3.438582766087113,3.438582766087113,3.438582766087113,3.438582766087113,3.438582766087113,3.438582766087113,3.438582766087113,3.438582766087113,3.438582766087113,3.438582766087113,3.438582766087113,3.438582766087113,3.438582766087113,3.438582766087113,3.438582766087113,3.438582766087113,3.438582766087113,3.438582766087113,3.438582766087113,3.438582766087113,3.438582766087113,3.438582766087113,3.438582766087113,3.438582766087113,3.438582766087113,3.438582766087113,3.438582766087113,3.438582766087113,3.438582766087113,3.438582766087113,3.438582766087113,3.438582766087113,3.438582766087113,3.438582766087113,3.438582766087113,3.438582766087113,3.438582766087113,3.438582766087113,3.438582766087113,3.438582766087113,3.438582766087113,3.438582766087113,3.438582766087113,3.438582766087113,3.438582766087113,3.438582766087113,3.438582766087113,3.438582766087113,3.438582766087113,3.438582766087113,3.438582766087113,3.438582766087113,3.438582766087113,3.438582766087113,3.438582766087113,3.438582766087113,3.438582766087113,3.438582766087113,3.438582766087113,3.438582766087113,3.438582766087113,3.438582766087113,3.438582766087113,3.438582766087113,3.438582766087113,3.438582766087113,3.438582766087113,3.438582766087113,3.438582766087113,3.438582766087113,3.438582766087113,3.438582766087113,3.438582766087113,3.438582766087113,3.438582766087113,3.438582766087113,3.438582766087113,3.438582766087113,3.438582766087113,3.438582766087113,3.438582766087113,3.438582766087113,3.438582766087113,3.438582766087113,3.438582766087113,3.438582766087113,3.438582766087113,3.438582766087113,3.438582766087113,7.102901443543395,7.102901443543395,7.102901443543395,7.102901443543395,7.101264430380661,7.101264430380661,7.101264430380661,7.009243975240542,7.009243975240542,7.009243975240542,7.009243975240542,7.009243975240542,7.009243975240542,7.009243975240542,6.89812468385097,6.89812468385097,6.89812468385097,6.89812468385097,6.89812468385097,6.89812468385097,6.89812468385097,6.725492346218313,6.725492346218313,6.725492346218313,6.725492346218313,6.725492346218313,6.725492346218313,6.725492346218313,6.725492346218313,6.725492346218313,6.725492346218313,6.725492346218313,6.725492346218313,6.725492346218313,6.725492346218313,6.725492346218313,6.725492346218313,6.725492346218313,6.725492346218313,6.725492346218313,6.725492346218313,6.725492346218313,6.725492346218313,6.725492346218313,6.725492346218313,6.725492346218313,6.725492346218313,6.725492346218313,6.725492346218313,6.725492346218313,6.725492346218313,6.725492346218313,6.725492346218313,6.725492346218313,6.161621665957056,6.161621665957056,6.161621665957056,6.161621665957056,6.161621665957056,6.161621665957056,6.161621665957056,6.161621665957056,6.161621665957056,6.161621665957056,6.161621665957056,6.161621665957056,6.161621665957056,6.161621665957056,6.161621665957056,6.161621665957056,6.161621665957056,6.161621665957056,6.161621665957056,6.161621665957056,6.161621665957056,6.161621665957056,6.161621665957056,6.161621665957056,6.161621665957056,6.161621665957056,6.161621665957056,6.161621665957056,6.161621665957056,6.161621665957056,6.161621665957056,6.161621665957056,6.161621665957056,6.161621665957056,6.161621665957056,6.161621665957056,6.161621665957056,6.161621665957056,6.161621665957056,6.161621665957056,6.161621665957056,6.161621665957056,6.161621665957056,6.161621665957056,6.161621665957056,6.161621665957056,6.161621665957056,6.161621665957056,6.161621665957056,6.161621665957056,6.161621665957056,6.161621665957056,6.161621665957056,6.161621665957056,6.161621665957056,6.161621665957056,6.161621665957056,6.161621665957056,6.161621665957056,6.161621665957056,6.161621665957056,6.161621665957056,6.161621665957056,6.161621665957056,6.161621665957056,6.161621665957056,6.161621665957056,6.161621665957056,6.161621665957056,6.161621665957056,6.161621665957056,6.161621665957056,6.161621665957056,6.161621665957056,6.161621665957056,6.161621665957056,6.161621665957056,6.161621665957056,6.161621665957056,6.161621665957056,6.161621665957056,6.161621665957056,6.161621665957056,6.161621665957056,6.161621665957056,6.161621665957056,6.161621665957056,6.161621665957056,6.161621665957056,6.161621665957056,6.161621665957056,6.161621665957056,6.161621665957056,6.161621665957056,6.161621665957056,6.161621665957056,6.161621665957056,6.161621665957056,6.161621665957056,6.161621665957056,6.161621665957056,6.161621665957056,6.161621665957056,6.161621665957056,6.161621665957056,6.161621665957056,6.161621665957056,6.161621665957056,6.161621665957056,6.161621665957056,6.161621665957056,6.161621665957056,6.161621665957056,6.161621665957056,6.161621665957056,6.161621665957056,6.161621665957056,6.161621665957056,6.161621665957056,6.161621665957056,6.161621665957056,6.161621665957056,6.161621665957056,6.143049215866814,6.143049215866814,6.143049215866814,6.143049215866814,6.143049215866814,6.143049215866814,6.143049215866814,6.143049215866814,6.143049215866814,6.143049215866814,5.914955028726064,5.914955028726064,5.914955028726064,5.914955028726064,5.914955028726064,5.914955028726064,5.914955028726064,5.860089607803745,5.860089607803745,5.860089607803745,5.860089607803745,5.84043901417652,5.84043901417652,5.84043901417652,5.84043901417652,5.84043901417652,5.84043901417652,5.84043901417652,5.84043901417652,5.84043901417652,5.84043901417652,5.84043901417652,5.84043901417652,5.84043901417652,5.84043901417652,5.84043901417652,5.84043901417652,5.84043901417652,5.84043901417652,5.598457883421606,5.598457883421606,5.598457883421606,5.598457883421606,5.598457883421606,5.598457883421606,5.598457883421606,5.598457883421606,5.184593505168907,5.184593505168907,5.184593505168907,5.184593505168907,5.184593505168907,5.184593505168907,5.184593505168907,5.184593505168907,5.184593505168907,5.184593505168907,5.184593505168907,5.184593505168907,5.184593505168907,5.184593505168907,5.184593505168907,5.184593505168907,5.184593505168907,5.184593505168907,5.184593505168907,5.184593505168907,5.184593505168907,5.184593505168907,5.184593505168907,5.184593505168907,5.184593505168907,5.184593505168907,5.184593505168907,5.184593505168907,5.184593505168907,5.184593505168907,5.184593505168907,5.184593505168907,5.184593505168907,5.040238398424398,5.040238398424398,5.040238398424398,5.040238398424398,5.040238398424398,5.040238398424398,5.040238398424398,5.040238398424398,5.040238398424398,5.040238398424398,5.040238398424398,5.040238398424398,5.040238398424398,5.040238398424398,5.040238398424398,5.040238398424398,5.040238398424398,5.040238398424398,5.040238398424398,5.040238398424398,5.040238398424398,5.040238398424398,5.040238398424398,5.040238398424398,5.040238398424398,5.040238398424398,5.040238398424398,5.040238398424398,5.040238398424398,5.040238398424398,5.040238398424398,5.040238398424398,5.040238398424398,5.040238398424398,5.040238398424398,5.040238398424398,5.040238398424398,5.040238398424398,5.040238398424398,5.040238398424398,5.040238398424398,5.040238398424398,5.040238398424398,5.040238398424398,5.040238398424398,5.040238398424398,5.040238398424398,5.040238398424398,5.040238398424398,5.040238398424398,5.040238398424398,5.040238398424398,5.040238398424398,5.040238398424398,5.040238398424398,5.040238398424398,5.040238398424398,5.040238398424398,5.040238398424398,5.040238398424398,5.040238398424398,5.040238398424398,5.040238398424398,5.040238398424398,5.040238398424398,5.040238398424398,5.040238398424398,5.040238398424398,5.040238398424398,5.040238398424398,5.040238398424398,5.040238398424398,5.040238398424398,5.040238398424398,5.040238398424398,5.040238398424398,5.040238398424398,5.040238398424398,5.040238398424398,5.040238398424398,5.040238398424398,5.040238398424398,5.040238398424398,5.040238398424398,5.040238398424398,5.040238398424398,5.040238398424398,5.040238398424398,5.040238398424398,5.040238398424398,5.040238398424398,5.040238398424398,5.040238398424398,5.040238398424398,5.040238398424398,5.040238398424398,5.040238398424398,5.040238398424398,5.040238398424398,5.040238398424398,5.040238398424398,5.040238398424398,5.040238398424398,5.040238398424398,5.040238398424398,5.040238398424398,5.040238398424398,5.040238398424398,5.040238398424398,5.040238398424398,5.040238398424398,5.040238398424398,5.040238398424398,5.040238398424398,5.040238398424398,5.040238398424398,5.040238398424398,5.040238398424398,5.040238398424398,5.040238398424398,5.040238398424398,5.040238398424398,5.040238398424398,4.787089689994033,4.787089689994033,4.787089689994033,4.787089689994033,4.787089689994033,4.787089689994033,4.787089689994033,4.744861068807195,4.744861068807195,4.744861068807195,4.744861068807195,4.744861068807195,4.744861068807195,4.744861068807195,4.744861068807195,4.744861068807195,4.744861068807195,4.744861068807195,4.744861068807195,4.744861068807195,4.744861068807195,4.744861068807195,4.744861068807195,4.744861068807195,4.744861068807195,4.744861068807195,4.744861068807195,4.744861068807195,4.744861068807195,4.744861068807195,4.744861068807195,4.744861068807195,4.744861068807195,4.744861068807195,4.744861068807195,4.744861068807195,4.744861068807195,4.744861068807195,4.744861068807195,4.070098514284434,4.070098514284434,4.070098514284434,4.070098514284434,4.070098514284434,4.070098514284434,4.070098514284434,4.070098514284434,4.070098514284434,4.070098514284434,4.070098514284434,4.070098514284434,4.070098514284434,4.070098514284434,4.070098514284434,4.070098514284434,4.070098514284434,4.070098514284434,4.070098514284434,4.070098514284434,4.070098514284434,4.070098514284434,4.070098514284434,4.070098514284434,4.070098514284434,4.070098514284434,4.070098514284434,4.070098514284434,4.070098514284434,4.070098514284434,4.070098514284434,4.070098514284434,4.070098514284434,4.070098514284434,4.070098514284434,4.070098514284434,4.070098514284434,4.070098514284434,4.070098514284434,4.070098514284434,4.070098514284434,4.070098514284434,4.070098514284434,4.070098514284434,4.070098514284434,4.070098514284434,4.070098514284434,4.070098514284434,4.070098514284434,4.070098514284434,4.070098514284434,4.070098514284434,4.070098514284434,4.070098514284434,4.070098514284434,4.070098514284434,4.070098514284434,4.070098514284434,4.070098514284434,4.070098514284434,4.070098514284434,4.070098514284434,4.070098514284434,4.070098514284434,4.070098514284434,4.070098514284434,4.070098514284434,4.070098514284434,4.070098514284434,4.070098514284434,4.070098514284434,4.070098514284434,4.070098514284434,4.070098514284434,4.070098514284434,4.070098514284434,4.070098514284434,4.070098514284434,4.070098514284434,4.070098514284434,4.070098514284434,4.070098514284434,4.070098514284434,4.070098514284434,4.070098514284434,4.070098514284434,4.070098514284434,4.070098514284434,4.070098514284434,4.070098514284434,4.070098514284434,4.070098514284434,4.070098514284434,4.070098514284434,4.070098514284434,4.070098514284434,4.070098514284434,4.070098514284434,4.070098514284434,4.070098514284434,4.070098514284434,4.070098514284434,4.070098514284434,4.070098514284434,4.070098514284434,4.070098514284434,4.070098514284434,4.070098514284434,4.070098514284434,4.070098514284434,4.070098514284434,4.070098514284434,4.070098514284434,4.070098514284434,4.070098514284434,4.070098514284434,4.070098514284434,4.070098514284434,4.070098514284434,4.070098514284434,4.070098514284434,4.070098514284434,4.070098514284434,4.070098514284434,4.070098514284434,4.070098514284434,4.070098514284434,4.070098514284434,4.070098514284434,4.070098514284434,4.070098514284434,4.070098514284434,4.070098514284434,4.070098514284434,4.070098514284434,4.070098514284434,4.070098514284434,4.070098514284434,4.070098514284434,4.070098514284434,4.070098514284434,4.070098514284434,4.070098514284434,4.070098514284434,4.070098514284434,4.070098514284434,4.070098514284434,4.070098514284434,4.070098514284434,4.070098514284434,4.070098514284434,4.070098514284434,4.070098514284434,4.070098514284434,4.070098514284434,4.070098514284434,4.070098514284434,4.070098514284434,4.070098514284434,4.070098514284434,4.070098514284434,4.070098514284434,4.070098514284434,4.070098514284434,4.070098514284434,4.070098514284434,4.070098514284434,4.070098514284434,4.070098514284434,4.070098514284434,4.070098514284434,4.070098514284434,4.070098514284434,4.070098514284434,4.070098514284434,4.070098514284434,4.070098514284434,4.070098514284434,4.070098514284434,4.070098514284434,4.070098514284434,4.070098514284434,4.070098514284434,4.070098514284434,4.070098514284434,4.070098514284434,4.070098514284434,4.070098514284434,4.070098514284434,4.070098514284434,4.070098514284434,4.070098514284434,4.070098514284434,4.070098514284434,4.070098514284434,4.070098514284434,4.070098514284434,4.070098514284434,4.070098514284434,4.070098514284434,4.070098514284434,4.070098514284434,4.070098514284434,4.070098514284434,4.070098514284434,4.070098514284434,4.070098514284434,4.070098514284434,4.070098514284434,4.070098514284434,4.070098514284434,4.070098514284434,4.070098514284434,4.070098514284434,4.070098514284434,4.070098514284434,4.070098514284434,4.070098514284434,4.070098514284434,4.070098514284434,4.070098514284434,4.070098514284434,4.070098514284434,4.070098514284434,4.070098514284434,4.070098514284434,4.070098514284434,4.070098514284434,4.070098514284434,4.070098514284434,4.070098514284434,4.070098514284434,4.070098514284434,4.070098514284434,4.070098514284434,4.070098514284434,4.070098514284434,4.070098514284434,4.070098514284434,4.070098514284434,4.070098514284434,4.070098514284434,4.070098514284434,4.070098514284434,4.070098514284434,4.070098514284434,4.070098514284434,4.070098514284434,4.070098514284434,4.070098514284434,4.070098514284434,4.070098514284434,4.070098514284434,4.070098514284434,4.070098514284434,4.070098514284434,4.070098514284434,4.070098514284434,4.070098514284434,4.070098514284434,4.070098514284434,4.070098514284434,4.070098514284434,4.070098514284434,4.070098514284434,4.070098514284434,4.070098514284434,4.070098514284434,4.070098514284434,4.070098514284434,4.070098514284434,4.070098514284434,4.070098514284434,4.070098514284434,4.070098514284434,4.070098514284434,4.070098514284434,4.070098514284434,4.070098514284434,4.070098514284434,4.070098514284434,4.070098514284434,4.070098514284434,4.070098514284434,4.070098514284434,4.070098514284434,4.070098514284434,4.070098514284434,4.070098514284434,4.070098514284434,4.070098514284434,4.070098514284434,4.070098514284434,4.070098514284434,4.070098514284434,4.070098514284434,4.070098514284434,4.070098514284434,4.070098514284434,4.070098514284434,4.070098514284434,4.070098514284434,4.070098514284434,4.070098514284434,4.070098514284434,4.070098514284434,4.070098514284434,4.070098514284434,4.070098514284434,4.070098514284434,4.070098514284434,4.070098514284434,4.070098514284434,4.070098514284434,4.070098514284434,4.070098514284434,4.070098514284434,4.070098514284434,4.070098514284434,4.070098514284434,4.070098514284434,4.070098514284434,4.070098514284434,4.070098514284434,4.070098514284434,4.070098514284434,4.070098514284434,4.070098514284434,4.070098514284434,4.070098514284434,4.070098514284434,4.070098514284434,4.070098514284434,4.070098514284434,4.070098514284434,4.070098514284434,4.070098514284434,4.070098514284434,4.070098514284434,4.070098514284434,4.070098514284434,4.070098514284434,4.070098514284434,4.070098514284434,4.070098514284434,4.070098514284434,4.070098514284434,4.070098514284434,4.070098514284434,4.070098514284434,4.070098514284434,4.070098514284434,4.070098514284434,4.070098514284434,4.070098514284434,4.070098514284434,4.070098514284434,4.070098514284434,4.070098514284434,4.070098514284434,4.070098514284434,4.070098514284434,4.070098514284434,4.070098514284434,4.070098514284434,4.070098514284434,4.070098514284434,4.070098514284434,4.070098514284434,4.070098514284434,4.070098514284434,4.070098514284434,4.070098514284434,4.070098514284434,4.070098514284434,4.070098514284434,4.070098514284434,4.070098514284434,4.070098514284434,4.070098514284434,4.070098514284434,4.070098514284434,4.070098514284434,4.070098514284434,4.070098514284434,4.070098514284434,4.070098514284434,4.070098514284434,4.070098514284434,4.070098514284434,4.070098514284434,4.070098514284434,4.070098514284434,4.070098514284434,4.070098514284434,4.070098514284434,4.070098514284434,4.070098514284434,4.070098514284434,4.070098514284434,4.070098514284434,4.070098514284434,4.070098514284434,4.070098514284434,4.070098514284434,4.070098514284434,4.070098514284434,4.070098514284434,4.070098514284434,4.070098514284434,4.070098514284434,4.070098514284434,4.070098514284434,4.070098514284434,4.070098514284434,4.070098514284434,4.070098514284434,4.070098514284434,4.070098514284434,4.070098514284434,4.070098514284434,4.070098514284434,4.070098514284434,4.070098514284434,4.070098514284434,4.070098514284434,4.070098514284434,4.070098514284434,4.070098514284434,4.070098514284434,4.070098514284434,4.070098514284434,4.070098514284434,4.070098514284434,4.070098514284434,4.070098514284434,4.070098514284434,4.070098514284434,4.070098514284434,4.070098514284434,4.070098514284434,4.070098514284434,4.070098514284434,4.070098514284434,4.070098514284434,4.070098514284434,4.070098514284434,4.070098514284434,4.070098514284434,4.070098514284434,4.070098514284434,4.070098514284434,4.070098514284434,4.070098514284434,4.070098514284434,4.070098514284434,4.070098514284434,4.070098514284434,4.070098514284434,4.070098514284434,4.070098514284434,4.070098514284434,4.070098514284434,4.070098514284434,4.070098514284434,4.070098514284434,4.070098514284434,4.070098514284434,4.070098514284434,4.070098514284434,4.070098514284434,4.070098514284434,4.070098514284434,4.070098514284434,4.070098514284434,4.070098514284434,4.070098514284434,4.070098514284434,4.070098514284434,4.070098514284434,4.070098514284434,4.070098514284434,4.070098514284434,4.070098514284434,4.070098514284434,4.070098514284434,4.070098514284434,4.070098514284434,4.070098514284434,4.070098514284434,4.070098514284434,4.070098514284434,4.070098514284434,4.070098514284434,4.070098514284434,4.070098514284434,4.070098514284434,4.070098514284434,4.070098514284434,4.070098514284434,4.070098514284434,4.070098514284434,4.070098514284434,4.070098514284434,4.070098514284434,4.070098514284434,4.070098514284434,4.070098514284434,4.070098514284434,4.070098514284434,4.070098514284434,4.070098514284434,4.070098514284434,4.070098514284434,4.070098514284434,4.070098514284434,4.070098514284434,4.070098514284434,4.070098514284434,4.070098514284434,4.070098514284434,4.070098514284434,4.070098514284434,4.070098514284434,4.070098514284434,4.070098514284434,4.070098514284434,4.070098514284434,4.070098514284434,4.070098514284434,4.070098514284434,4.070098514284434,4.070098514284434,4.070098514284434,4.070098514284434,4.070098514284434,4.070098514284434,4.070098514284434,4.070098514284434,4.070098514284434,4.070098514284434,4.070098514284434,4.070098514284434,4.070098514284434,4.070098514284434,4.070098514284434,4.070098514284434,4.070098514284434,4.070098514284434,4.070098514284434,4.070098514284434,4.070098514284434,4.070098514284434,4.070098514284434,4.070098514284434,4.070098514284434,4.070098514284434,4.070098514284434,4.070098514284434,4.070098514284434,4.070098514284434,4.070098514284434,4.070098514284434,4.070098514284434,4.070098514284434,4.070098514284434,4.070098514284434,4.070098514284434,4.070098514284434,4.070098514284434,4.070098514284434,4.070098514284434,4.070098514284434,4.070098514284434,4.070098514284434,4.070098514284434,4.070098514284434,4.070098514284434,4.070098514284434,4.070098514284434,4.070098514284434,8.692122489231666,8.493380565046866,8.493380565046866,8.356571098702949,7.557308871063862,7.557308871063862,7.557308871063862,7.557308871063862,7.557308871063862,7.557308871063862,7.557308871063862,7.557308871063862,7.557308871063862,7.557308871063862,7.557308871063862,7.557308871063862,7.557308871063862,7.557308871063862,7.557308871063862,7.557308871063862,7.557308871063862,7.557308871063862,7.557308871063862,7.557308871063862,7.557308871063862,7.557308871063862,7.557308871063862,7.557308871063862,7.557308871063862,7.557308871063862,7.557308871063862,7.557308871063862,7.557308871063862,7.557308871063862,7.557308871063862,7.246440682671276,7.246440682671276,7.246440682671276,7.246440682671276,7.246440682671276,7.246440682671276,7.246440682671276,7.246440682671276,7.246440682671276,7.246440682671276,7.246440682671276,7.246440682671276,7.246440682671276,7.246440682671276,7.246440682671276,7.246440682671276,7.246440682671276,7.177807070716058,7.177807070716058,7.177807070716058,7.177807070716058,7.177807070716058,7.177807070716058,7.177807070716058,7.177807070716058,7.177807070716058,7.177807070716058,7.177807070716058,7.177807070716058,7.177807070716058,7.177807070716058,7.177807070716058,7.177807070716058,7.177807070716058,7.177807070716058,7.177807070716058,7.177807070716058,7.177807070716058,7.177807070716058,7.177807070716058,7.177807070716058,7.177807070716058,7.177807070716058,7.177807070716058,7.177807070716058,7.177807070716058,7.177807070716058,7.177807070716058,7.177807070716058,7.177807070716058,7.177807070716058,7.177807070716058,7.177807070716058,7.177807070716058,7.177807070716058,7.177807070716058,7.177807070716058,7.177807070716058,7.177807070716058,7.177807070716058,7.177807070716058,7.177807070716058,7.177807070716058,7.177807070716058,7.177807070716058,7.177807070716058,7.177807070716058,7.177807070716058,7.177807070716058,7.177807070716058,7.177807070716058,7.177807070716058,7.177807070716058,7.177807070716058,7.177807070716058,7.177807070716058,7.177807070716058,7.177807070716058,7.177807070716058,7.177807070716058,7.177807070716058,7.177807070716058,7.177807070716058,7.177807070716058,7.177807070716058,7.177807070716058,7.177807070716058,7.177807070716058,7.177807070716058,7.177807070716058,7.177807070716058,7.177807070716058,7.177807070716058,7.177807070716058,7.177807070716058,7.177807070716058,7.177807070716058,7.177807070716058,7.177807070716058,7.177807070716058,7.177807070716058,7.177807070716058,7.177807070716058,7.177807070716058,7.177807070716058,7.177807070716058,7.177807070716058,7.177807070716058,7.177807070716058,7.177807070716058,6.558780174207938,6.301885068652343,6.227669656167344,6.227669656167344,6.227669656167344,6.227669656167344,6.227669656167344,6.227669656167344,5.683389486022424,5.473606207215986,5.473606207215986,5.473606207215986,5.473606207215986,5.473606207215986,5.473606207215986,5.473606207215986,5.473606207215986,5.473606207215986,5.473606207215986,5.473606207215986,5.473606207215986,5.473606207215986,5.473606207215986,5.473606207215986,5.473606207215986,5.473606207215986,5.473606207215986,5.473606207215986,5.473606207215986,5.473606207215986,5.473606207215986,5.473606207215986,5.473606207215986,5.473606207215986,5.473606207215986,5.473606207215986,5.473606207215986,5.473606207215986,5.473606207215986,5.473606207215986,5.473606207215986,5.473606207215986,5.473606207215986,5.473606207215986,5.473606207215986,5.473606207215986,5.473606207215986,5.473606207215986,5.473606207215986,5.473606207215986,5.473606207215986,5.473606207215986,5.473606207215986,5.473606207215986,5.473606207215986,5.473606207215986,5.473606207215986,5.473606207215986,5.473606207215986,5.473606207215986,5.473606207215986,5.473606207215986,5.473606207215986,5.473606207215986,5.473606207215986,5.473606207215986,5.473606207215986,5.331343139755214,5.331343139755214,5.331343139755214,5.331343139755214,5.331343139755214,5.331343139755214,5.331343139755214,5.331343139755214,5.331343139755214,5.331343139755214,5.331343139755214,5.331343139755214,5.331343139755214,5.331343139755214,5.331343139755214,5.331343139755214,5.331343139755214,5.331343139755214,5.331343139755214,5.331343139755214,5.331343139755214,5.331343139755214,5.331343139755214,5.331343139755214,5.331343139755214,5.331343139755214,5.331343139755214,5.331343139755214,5.331343139755214,5.331343139755214,5.331343139755214,5.331343139755214,5.331343139755214,5.331343139755214,5.331343139755214,5.331343139755214,5.331343139755214,5.331343139755214,5.331343139755214,5.331343139755214,5.331343139755214,5.331343139755214,5.331343139755214,5.331343139755214,5.331343139755214,5.331343139755214,5.331343139755214,5.331343139755214,5.331343139755214,5.331343139755214,5.331343139755214,5.331343139755214,5.331343139755214,5.331343139755214,5.331343139755214,5.331343139755214,5.331343139755214,5.331343139755214,5.331343139755214,5.331343139755214,5.331343139755214,5.331343139755214,5.331343139755214,5.331343139755214,5.331343139755214,5.331343139755214,5.331343139755214,5.331343139755214,5.331343139755214,5.331343139755214,5.331343139755214,5.331343139755214,5.331343139755214,5.331343139755214,5.331343139755214,5.331343139755214,5.331343139755214,5.331343139755214,5.331343139755214,5.331343139755214,5.331343139755214,5.331343139755214,5.331343139755214,5.331343139755214,5.331343139755214,5.331343139755214,5.331343139755214,5.331343139755214,5.331343139755214,5.331343139755214,5.331343139755214,5.331343139755214,5.331343139755214,5.331343139755214,5.331343139755214,5.331343139755214,5.331343139755214,5.331343139755214,5.331343139755214,5.331343139755214,5.331343139755214,5.331343139755214,5.331343139755214,5.331343139755214,5.331343139755214,5.331343139755214,5.331343139755214,5.331343139755214,5.331343139755214,5.331343139755214,5.331343139755214,5.331343139755214,5.331343139755214,5.331343139755214,5.331343139755214,5.331343139755214,5.331343139755214,5.331343139755214,5.331343139755214,5.331343139755214,5.331343139755214,5.331343139755214,5.331343139755214,5.331343139755214,5.331343139755214,5.331343139755214,5.331343139755214,5.331343139755214,5.331343139755214,5.331343139755214,5.331343139755214,5.331343139755214,5.331343139755214,5.331343139755214,5.331343139755214,5.331343139755214,5.331343139755214,5.331343139755214,5.331343139755214,5.331343139755214,5.331343139755214,5.331343139755214,5.331343139755214,5.331343139755214,5.331343139755214,5.331343139755214,5.331343139755214,5.331343139755214,5.331343139755214,5.331343139755214,5.331343139755214,5.331343139755214,5.331343139755214,5.331343139755214,5.331343139755214,5.331343139755214,5.331343139755214,5.331343139755214,5.331343139755214,5.331343139755214,5.331343139755214,5.331343139755214,5.331343139755214,5.331343139755214,5.331343139755214,5.331343139755214,5.331343139755214,5.331343139755214,5.331343139755214,5.331343139755214,5.331343139755214,5.331343139755214,5.331343139755214,5.331343139755214,5.331343139755214,5.331343139755214,5.331343139755214,5.331343139755214,5.331343139755214,5.331343139755214,5.331343139755214,5.331343139755214,5.331343139755214,5.331343139755214,5.331343139755214,5.331343139755214,5.331343139755214,5.331343139755214,5.331343139755214,5.331343139755214,5.331343139755214,5.331343139755214,5.331343139755214,5.331343139755214,5.331343139755214,5.331343139755214,5.331343139755214,5.331343139755214,5.331343139755214,5.331343139755214,5.331343139755214,5.331343139755214,5.331343139755214,5.331343139755214,5.331343139755214,5.331343139755214,5.331343139755214,5.331343139755214,5.331343139755214,5.331343139755214,5.331343139755214,5.331343139755214,5.331343139755214,5.331343139755214,5.331343139755214,5.331343139755214,5.331343139755214,5.331343139755214,5.331343139755214,5.331343139755214,5.331343139755214,5.331343139755214,5.331343139755214,5.331343139755214,5.331343139755214,5.331343139755214,5.331343139755214,5.331343139755214,5.331343139755214,5.331343139755214,5.331343139755214,5.331343139755214,5.331343139755214,5.331343139755214,5.331343139755214,5.331343139755214,5.331343139755214,5.331343139755214,5.331343139755214,5.331343139755214,5.331343139755214,5.331343139755214,5.331343139755214,5.331343139755214,5.331343139755214,5.331343139755214,5.331343139755214,5.331343139755214,5.331343139755214,5.331343139755214,5.331343139755214,5.331343139755214,5.331343139755214,5.331343139755214,5.331343139755214,5.331343139755214,5.331343139755214,5.331343139755214,5.331343139755214,5.331343139755214,5.331343139755214,5.331343139755214,5.331343139755214,5.331343139755214,5.331343139755214,5.331343139755214,5.331343139755214,5.331343139755214,5.331343139755214,5.331343139755214,5.331343139755214,5.331343139755214,5.331343139755214,5.331343139755214,5.331343139755214,5.331343139755214,5.331343139755214,5.331343139755214,5.331343139755214,5.331343139755214,5.331343139755214,5.331343139755214,5.331343139755214,5.331343139755214,5.331343139755214,5.331343139755214,5.331343139755214,5.331343139755214,5.331343139755214,5.331343139755214,5.331343139755214,5.331343139755214,5.331343139755214,5.331343139755214,5.331343139755214,5.331343139755214,5.331343139755214,5.331343139755214,5.331343139755214,5.331343139755214,5.331343139755214,5.331343139755214,5.331343139755214,5.331343139755214,5.331343139755214,5.331343139755214,5.331343139755214,5.331343139755214,5.331343139755214,5.331343139755214,5.331343139755214,5.331343139755214,5.331343139755214,5.331343139755214,5.331343139755214,5.331343139755214,5.331343139755214,5.331343139755214,5.331343139755214,5.331343139755214,5.331343139755214,5.331343139755214,5.331343139755214,5.331343139755214,5.331343139755214,5.331343139755214,5.331343139755214,5.331343139755214,5.331343139755214,5.331343139755214,5.331343139755214,5.331343139755214,5.331343139755214,5.331343139755214,5.331343139755214,5.331343139755214,5.331343139755214,5.331343139755214,5.331343139755214,5.331343139755214,5.331343139755214,5.331343139755214,5.331343139755214,5.331343139755214,5.331343139755214,5.331343139755214,5.331343139755214,5.331343139755214,5.331343139755214,5.331343139755214,5.331343139755214,5.331343139755214,5.331343139755214,5.331343139755214,5.331343139755214,5.331343139755214,5.331343139755214,5.331343139755214,5.331343139755214,5.331343139755214,5.331343139755214,5.331343139755214,5.331343139755214,5.331343139755214,5.331343139755214,5.189844487899395,5.189844487899395,5.189844487899395,5.189844487899395,5.189844487899395,5.189844487899395,5.189844487899395,5.189844487899395,5.151607790448762,5.151607790448762,5.151607790448762,5.151607790448762,5.151607790448762,5.151607790448762,5.151607790448762,5.151607790448762,5.151607790448762,5.151607790448762,5.151607790448762,5.151607790448762,5.151607790448762,5.151607790448762,5.151607790448762,5.151607790448762,5.151607790448762,5.151607790448762,5.151607790448762,5.151607790448762,5.151607790448762,5.151607790448762,5.151607790448762,5.151607790448762,5.151607790448762,5.151607790448762,5.151607790448762,5.151607790448762,5.151607790448762,5.151607790448762,5.151607790448762,5.151607790448762,5.151607790448762,5.151607790448762,5.151607790448762,5.151607790448762,5.151607790448762,5.151607790448762,5.151607790448762,5.151607790448762,5.151607790448762,5.151607790448762,5.151607790448762,5.151607790448762,5.151607790448762,5.151607790448762,5.151607790448762,5.151607790448762,5.151607790448762,5.151607790448762,5.151607790448762,5.151607790448762,5.151607790448762,5.151607790448762,5.151607790448762,5.151607790448762,5.151607790448762,5.151607790448762,5.151607790448762,5.151607790448762,5.151607790448762,5.151607790448762,5.151607790448762,5.151607790448762,5.151607790448762,5.151607790448762,5.151607790448762,5.151607790448762,5.151607790448762,5.151607790448762,5.151607790448762,5.151607790448762,5.151607790448762,5.151607790448762,5.151607790448762,5.151607790448762,5.151607790448762,5.151607790448762,5.151607790448762,5.151607790448762,5.151607790448762,5.151607790448762,5.151607790448762,5.151607790448762,5.151607790448762,5.151607790448762,5.151607790448762,5.151607790448762,5.151607790448762,5.151607790448762,5.151607790448762,5.151607790448762,5.151607790448762,5.151607790448762,5.151607790448762,5.151607790448762,5.151607790448762,5.151607790448762,5.151607790448762,5.151607790448762,5.151607790448762,5.151607790448762,5.151607790448762,5.151607790448762,5.151607790448762,5.151607790448762,5.151607790448762,5.151607790448762,5.151607790448762,5.151607790448762,5.151607790448762,5.151607790448762,5.151607790448762,5.151607790448762,5.151607790448762,5.151607790448762,5.151607790448762,5.151607790448762,5.151607790448762,5.151607790448762,5.151607790448762,5.151607790448762,5.151607790448762,5.151607790448762,5.151607790448762,5.151607790448762,5.151607790448762,5.151607790448762,5.151607790448762,5.151607790448762,4.585415867716306,4.585415867716306,4.585415867716306,4.585415867716306,4.585415867716306,4.585415867716306,4.585415867716306,4.585415867716306,4.585415867716306,4.585415867716306,4.585415867716306,4.585415867716306,4.585415867716306,4.585415867716306,4.585415867716306,4.585415867716306,4.585415867716306,4.585415867716306,4.585415867716306,4.585415867716306,4.585415867716306,4.585415867716306,4.585415867716306,4.585415867716306,4.585415867716306,4.585415867716306,4.585415867716306,4.585415867716306,4.585415867716306,4.585415867716306,4.585415867716306,4.585415867716306,4.585415867716306,4.585415867716306,4.585415867716306,4.585415867716306,4.585415867716306,4.585415867716306,4.585415867716306,4.585415867716306,4.585415867716306,4.585415867716306,4.585415867716306,4.585415867716306,4.585415867716306,4.585415867716306,4.585415867716306,4.585415867716306,4.585415867716306,4.585415867716306,4.585415867716306,4.585415867716306,4.585415867716306,4.585415867716306,4.585415867716306,4.585415867716306,4.585415867716306,4.585415867716306,4.585415867716306,4.585415867716306,4.585415867716306,4.585415867716306,4.585415867716306,4.585415867716306,4.585415867716306,4.585415867716306,4.585415867716306,4.585415867716306,4.585415867716306,4.585415867716306,4.585415867716306,4.585415867716306,4.585415867716306,4.585415867716306,4.585415867716306,4.585415867716306,4.585415867716306,4.585415867716306,4.585415867716306,4.585415867716306,4.585415867716306,4.585415867716306,4.585415867716306,4.585415867716306,4.585415867716306,4.585415867716306,4.585415867716306,4.585415867716306,4.585415867716306,4.585415867716306,4.585415867716306,4.585415867716306,4.585415867716306,4.585415867716306,4.585415867716306,4.585415867716306,4.585415867716306,4.585415867716306,4.585415867716306,4.585415867716306,4.585415867716306,4.585415867716306,4.585415867716306,4.585415867716306,4.585415867716306,4.585415867716306,4.585415867716306,4.585415867716306,4.585415867716306,4.585415867716306,4.585415867716306,4.585415867716306,4.585415867716306,4.585415867716306,4.585415867716306,4.585415867716306,4.585415867716306,4.585415867716306,4.585415867716306,4.585415867716306,4.585415867716306,4.585415867716306,4.585415867716306,4.585415867716306,4.585415867716306,4.585415867716306,4.585415867716306,4.585415867716306,4.585415867716306,4.585415867716306,4.585415867716306,4.585415867716306,4.4874453180955705,4.4874453180955705,4.4874453180955705,4.4874453180955705,4.3949317012411715,4.177341064197736,4.177341064197736,4.177341064197736,4.177341064197736,4.177341064197736,4.177341064197736,4.177341064197736,4.177341064197736,4.177341064197736,4.177341064197736,4.177341064197736,4.177341064197736,4.177341064197736,4.177341064197736,4.177341064197736,4.177341064197736,4.177341064197736,4.177341064197736,4.177341064197736,4.177341064197736,4.177341064197736,4.177341064197736,4.177341064197736,4.177341064197736,4.177341064197736,4.177341064197736,4.177341064197736,4.177341064197736,4.177341064197736,4.177341064197736,4.177341064197736,4.177341064197736,4.177341064197736,4.177341064197736,4.177341064197736,4.177341064197736,4.177341064197736,4.177341064197736,4.177341064197736,4.177341064197736,4.177341064197736,4.177341064197736,4.177341064197736,4.177341064197736,4.177341064197736,4.177341064197736,4.177341064197736,4.177341064197736,4.177341064197736,4.177341064197736,4.177341064197736,4.177341064197736,4.177341064197736,4.177341064197736,4.177341064197736,4.177341064197736,4.177341064197736,4.177341064197736,4.177341064197736,4.177341064197736,4.177341064197736,4.177341064197736,4.177341064197736,4.177341064197736,4.177341064197736,4.177341064197736,4.177341064197736,4.177341064197736,4.177341064197736,4.177341064197736,4.177341064197736,4.177341064197736,4.177341064197736,4.177341064197736,4.177341064197736,4.177341064197736,4.177341064197736,4.177341064197736,4.177341064197736,4.177341064197736,4.177341064197736,4.177341064197736,4.177341064197736,4.177341064197736,4.177341064197736,4.177341064197736,4.177341064197736,4.177341064197736,4.177341064197736,4.177341064197736,4.177341064197736,4.177341064197736,4.177341064197736,4.177341064197736,4.177341064197736,4.177341064197736,4.177341064197736,4.177341064197736,4.177341064197736,4.177341064197736,4.177341064197736,4.177341064197736,4.177341064197736,4.177341064197736,4.177341064197736,4.177341064197736,4.177341064197736,4.177341064197736,4.177341064197736,4.177341064197736,4.177341064197736,4.177341064197736,4.177341064197736,4.177341064197736,4.177341064197736,4.177341064197736,4.177341064197736,4.177341064197736,4.177341064197736,4.177341064197736,4.177341064197736,4.177341064197736,4.177341064197736,4.177341064197736,4.177341064197736,4.177341064197736,4.177341064197736,4.177341064197736,4.177341064197736,4.177341064197736,4.177341064197736,4.177341064197736,4.177341064197736,4.177341064197736,4.177341064197736,4.177341064197736,4.177341064197736,4.177341064197736,4.177341064197736,4.177341064197736,4.177341064197736,4.177341064197736,4.177341064197736,4.177341064197736,4.177341064197736,4.177341064197736,4.177341064197736,4.177341064197736,7.76863814227351,7.76863814227351,7.705671375953415,7.489833290398258,7.489833290398258,7.489833290398258,7.489833290398258,7.489833290398258,7.362555754605317,7.362555754605317,7.362555754605317,7.318363471786696,7.318363471786696,7.318363471786696,7.318363471786696,7.318363471786696,6.803455990608742,6.803455990608742,6.803455990608742,6.803455990608742,6.803455990608742,6.401243443841805,6.401243443841805,6.401243443841805,6.401243443841805,6.401243443841805,6.401243443841805,6.401243443841805,6.401243443841805,6.401243443841805,6.401243443841805,6.401243443841805,6.401243443841805,6.401243443841805,6.401243443841805,6.401243443841805,6.401243443841805,6.401243443841805,6.401243443841805,6.401243443841805,6.401243443841805,6.401243443841805,6.401243443841805,6.401243443841805,6.401243443841805,6.401243443841805,6.401243443841805,6.401243443841805,6.401243443841805,6.401243443841805,6.401243443841805,6.401243443841805,6.401243443841805,6.401243443841805,6.401243443841805,6.401243443841805,6.401243443841805,6.401243443841805,6.401243443841805,6.401243443841805,6.401243443841805,6.401243443841805,6.401243443841805,6.401243443841805,6.401243443841805,6.401243443841805,6.401243443841805,6.401243443841805,6.401243443841805,6.401243443841805,6.401243443841805,6.401243443841805,6.401243443841805,6.401243443841805,6.401243443841805,6.401243443841805,6.401243443841805,6.401243443841805,6.401243443841805,6.401243443841805,6.401243443841805,6.401243443841805,6.401243443841805,6.401243443841805,6.401243443841805,6.401243443841805,6.401243443841805,6.401243443841805,5.956543399780576,5.956543399780576,5.867716314484863,5.867716314484863,5.867716314484863,5.867716314484863,5.867716314484863,5.867716314484863,5.684970050008837,5.684970050008837,5.684970050008837,5.684970050008837,5.684970050008837,5.684970050008837,5.684970050008837,5.684970050008837,5.591217938561752,5.31081018479594,5.230688863715076,5.230688863715076,5.230688863715076,5.230688863715076,5.2247066335409995,5.195815351923714,5.195815351923714,5.195815351923714,5.195815351923714,5.195815351923714,5.195815351923714,5.195815351923714,5.195815351923714,5.195815351923714,5.195815351923714,5.195815351923714,5.195815351923714,5.195815351923714,5.195815351923714,5.195815351923714,5.195815351923714,5.195815351923714,5.195815351923714,5.195815351923714,5.195815351923714,5.195815351923714,5.195815351923714,5.195815351923714,5.195815351923714,5.195815351923714,5.195815351923714,5.195815351923714,5.195815351923714,5.195815351923714,5.195815351923714,5.195815351923714,5.195815351923714,5.195815351923714,5.195815351923714,5.195815351923714,5.195815351923714,5.195815351923714,5.195815351923714,5.195815351923714,5.195815351923714,5.195815351923714,5.195815351923714,5.195815351923714,5.195815351923714,5.195815351923714,5.195815351923714,5.195815351923714,5.195815351923714,5.195815351923714,5.195815351923714,5.195815351923714,5.195815351923714,5.195815351923714,5.195815351923714,5.195815351923714,5.195815351923714,5.195815351923714,5.195815351923714,5.195815351923714,5.195815351923714,5.195815351923714,5.195815351923714,5.195815351923714,5.195815351923714,5.195815351923714,5.195815351923714,5.195815351923714,5.195815351923714,5.195815351923714,5.195815351923714,5.195815351923714,5.195815351923714,5.195815351923714,5.195815351923714,5.195815351923714,5.195815351923714,5.195815351923714,5.195815351923714,5.195815351923714,5.195815351923714,5.195815351923714,5.195815351923714,5.195815351923714,5.195815351923714,5.195815351923714,5.195815351923714,5.195815351923714,5.195815351923714,5.195815351923714,5.195815351923714,5.195815351923714,5.195815351923714,5.195815351923714,5.195815351923714,5.195815351923714,5.195815351923714,5.195815351923714,5.195815351923714,5.195815351923714,5.195815351923714,5.195815351923714,5.195815351923714,5.195815351923714,5.195815351923714,5.195815351923714,5.195815351923714,5.195815351923714,5.195815351923714,5.195815351923714,5.195815351923714,5.195815351923714,5.195815351923714,5.195815351923714,5.195815351923714,5.195815351923714,5.195815351923714,5.195815351923714,5.195815351923714,5.195815351923714,5.195815351923714,5.195815351923714,5.195815351923714,5.195815351923714,5.195815351923714,5.195815351923714,5.195815351923714,5.195815351923714,5.195815351923714,5.195815351923714,5.195815351923714,5.195815351923714,5.195815351923714,5.195815351923714,5.195815351923714,5.195815351923714,5.195815351923714,5.195815351923714,5.195815351923714,5.195815351923714,5.195815351923714,5.195815351923714,5.195815351923714,5.195815351923714,5.195815351923714,5.195815351923714,5.195815351923714,5.195815351923714,5.195815351923714,5.195815351923714,5.195815351923714,5.195815351923714,5.195815351923714,5.195815351923714,5.195815351923714,5.195815351923714,5.195815351923714,5.195815351923714,5.195815351923714,5.195815351923714,5.195815351923714,5.195815351923714,5.195815351923714,5.195815351923714,5.195815351923714,5.195815351923714,5.195815351923714,5.195815351923714,5.195815351923714,5.195815351923714,5.195815351923714,5.195815351923714,5.195815351923714,5.195815351923714,5.195815351923714,5.195815351923714,5.195815351923714,5.195815351923714,5.195815351923714,5.195815351923714,5.195815351923714,5.195815351923714,5.195815351923714,5.195815351923714,5.195815351923714,5.195815351923714,5.195815351923714,5.195815351923714,5.195815351923714,5.195815351923714,5.195815351923714,5.195815351923714,5.195815351923714,5.195815351923714,5.195815351923714,5.195815351923714,5.195815351923714,5.195815351923714,5.195815351923714,5.195815351923714,5.195815351923714,5.195815351923714,5.195815351923714,5.195815351923714,5.195815351923714,5.195815351923714,5.195815351923714,5.195815351923714,5.195815351923714,5.195815351923714,5.195815351923714,5.195815351923714,5.195815351923714,5.195815351923714,5.195815351923714,5.195815351923714,5.195815351923714,5.195815351923714,5.195815351923714,5.195815351923714,5.195815351923714,5.195815351923714,5.195815351923714,5.195815351923714,5.195815351923714,5.195815351923714,5.195815351923714,5.195815351923714,5.195815351923714,5.195815351923714,5.195815351923714,5.195815351923714,5.195815351923714,5.195815351923714,5.195815351923714,5.195815351923714,5.195815351923714,5.195815351923714,5.195815351923714,5.195815351923714,5.195815351923714,5.195815351923714,5.195815351923714,5.195815351923714,5.195815351923714,5.195815351923714,5.195815351923714,5.195815351923714,5.195815351923714,5.195815351923714,5.195815351923714,5.195815351923714,5.195815351923714,5.195815351923714,5.195815351923714,5.195815351923714,5.195815351923714,5.195815351923714,5.195815351923714,5.195815351923714,5.195815351923714,5.195815351923714,5.195815351923714,5.195815351923714,5.195815351923714,5.195815351923714,5.195815351923714,5.195815351923714,5.195815351923714,5.195815351923714,5.195815351923714,5.195815351923714,5.195815351923714,5.195815351923714,5.195815351923714,5.195815351923714,5.195815351923714,5.195815351923714,5.195815351923714,5.195815351923714,5.195815351923714,5.195815351923714,5.195815351923714,5.195815351923714,5.195815351923714,5.195815351923714,5.195815351923714,5.195815351923714,5.195815351923714,5.195815351923714,5.195815351923714,5.195815351923714,5.195815351923714,5.195815351923714,5.195815351923714,5.195815351923714,5.195815351923714,5.195815351923714,5.195815351923714,5.195815351923714,5.195815351923714,5.195815351923714,5.195815351923714,5.195815351923714,5.195815351923714,5.195815351923714,5.195815351923714,5.195815351923714,5.160780640095817,5.160780640095817,5.160780640095817,4.965842567644221,4.965842567644221,4.965842567644221,4.965842567644221,4.965842567644221,4.965842567644221,4.965842567644221,4.965842567644221,4.965842567644221,4.965842567644221,4.940226369501027,4.940226369501027,4.940226369501027,4.940226369501027,4.940226369501027,4.940226369501027,4.940226369501027,4.940226369501027,4.940226369501027,4.940226369501027,4.940226369501027,4.940226369501027,4.940226369501027,4.940226369501027,4.940226369501027,4.940226369501027,4.940226369501027,4.940226369501027,4.940226369501027,4.940226369501027,4.940226369501027,4.940226369501027,4.940226369501027,4.940226369501027,4.940226369501027,4.940226369501027,4.940226369501027,4.940226369501027,4.940226369501027,4.940226369501027,4.940226369501027,4.940226369501027,4.940226369501027,4.940226369501027,4.940226369501027,4.940226369501027,4.940226369501027,4.940226369501027,4.940226369501027,4.940226369501027,4.940226369501027,4.940226369501027,4.940226369501027,4.940226369501027,4.940226369501027,4.940226369501027,4.940226369501027,4.940226369501027,4.940226369501027,4.940226369501027,4.940226369501027,4.940226369501027,4.940226369501027,4.940226369501027,4.940226369501027,4.940226369501027,4.940226369501027,4.940226369501027,4.940226369501027,4.940226369501027,4.940226369501027,4.940226369501027,4.940226369501027,4.940226369501027,4.940226369501027,4.940226369501027,4.940226369501027,4.940226369501027,4.940226369501027,4.940226369501027,4.940226369501027,4.940226369501027,4.940226369501027,4.940226369501027,4.940226369501027,4.940226369501027,4.940226369501027,4.940226369501027,4.940226369501027,4.6173006197868585,4.6173006197868585,4.6173006197868585,4.6173006197868585,4.6173006197868585,4.6173006197868585,4.6173006197868585,4.6173006197868585,4.6173006197868585,4.6173006197868585,4.6173006197868585,4.6173006197868585,4.6173006197868585,4.6173006197868585,4.6173006197868585,4.6173006197868585,4.6173006197868585,4.6173006197868585,4.6173006197868585,4.6173006197868585,4.6173006197868585,4.6173006197868585,4.6173006197868585,4.6173006197868585,4.6173006197868585,4.6173006197868585,4.6173006197868585,4.6173006197868585,4.6173006197868585,4.6173006197868585,4.6173006197868585,4.6173006197868585,4.6173006197868585,4.6173006197868585,4.6173006197868585,4.6173006197868585,4.6173006197868585,4.6173006197868585,4.6173006197868585,4.6173006197868585,4.6173006197868585,4.6173006197868585,4.6173006197868585,4.6173006197868585,4.6173006197868585,4.6173006197868585,4.6173006197868585,4.6173006197868585,4.6173006197868585,4.6173006197868585,4.6173006197868585,4.6173006197868585,4.6173006197868585,4.6173006197868585,4.6173006197868585,4.6173006197868585,4.6173006197868585,4.6173006197868585,4.6173006197868585,4.6173006197868585,4.6173006197868585,4.6173006197868585,4.6173006197868585,4.6173006197868585,4.6173006197868585,4.6173006197868585,4.6173006197868585,4.6173006197868585,4.6173006197868585,4.6173006197868585,4.6173006197868585,4.6173006197868585,4.6173006197868585,4.6173006197868585,4.6173006197868585,4.6173006197868585,4.6173006197868585,4.6173006197868585,4.6173006197868585,4.6173006197868585,4.6173006197868585,4.6173006197868585,4.6173006197868585,4.6173006197868585,4.6173006197868585,4.6173006197868585,4.6173006197868585,4.6173006197868585,4.6173006197868585,4.6173006197868585,4.6173006197868585,4.6173006197868585,4.6173006197868585,4.6173006197868585,4.6173006197868585,4.6173006197868585,4.6173006197868585,4.6173006197868585,4.6173006197868585,4.6173006197868585,4.6173006197868585,4.6173006197868585,4.6173006197868585,4.6173006197868585,4.6173006197868585,4.6173006197868585,4.6173006197868585,4.6173006197868585,4.6173006197868585,4.6173006197868585,4.6173006197868585,4.6173006197868585,4.6173006197868585,4.6173006197868585,4.6173006197868585,4.6173006197868585,4.6173006197868585,4.6173006197868585,4.6173006197868585,4.6173006197868585,4.6173006197868585,4.6173006197868585,4.6173006197868585,4.6173006197868585,4.6173006197868585,4.6173006197868585,4.6173006197868585,4.6173006197868585,4.6173006197868585,4.6173006197868585,4.6173006197868585,4.6173006197868585,4.6173006197868585,4.6173006197868585,4.6173006197868585,4.6173006197868585,4.6173006197868585,4.6173006197868585,4.6173006197868585,4.6173006197868585,4.6173006197868585,4.6173006197868585,4.6173006197868585,4.6173006197868585,4.6173006197868585,4.6173006197868585,4.6173006197868585,4.6173006197868585,4.6173006197868585,4.6173006197868585,4.6173006197868585,4.6173006197868585,4.6173006197868585,4.6173006197868585,4.6173006197868585,4.6173006197868585,4.6173006197868585,4.6173006197868585,4.6173006197868585,4.6173006197868585,4.6173006197868585,4.6173006197868585,4.6173006197868585,4.6173006197868585,4.6173006197868585,4.6173006197868585,4.6173006197868585,4.6173006197868585,4.6173006197868585,4.6173006197868585,4.6173006197868585,4.6173006197868585,4.6173006197868585,4.6173006197868585,4.6173006197868585,4.6173006197868585,4.6173006197868585,4.6173006197868585,4.6173006197868585,4.6173006197868585,4.6173006197868585,4.6173006197868585,4.6173006197868585,4.6173006197868585,4.6173006197868585,4.6173006197868585,4.6173006197868585,4.6173006197868585,4.6173006197868585,4.6173006197868585,4.6173006197868585,4.6173006197868585,4.6173006197868585,4.6173006197868585,4.6173006197868585,4.6173006197868585,4.6173006197868585,4.6173006197868585,4.6173006197868585,4.6173006197868585,4.6173006197868585,4.6173006197868585,4.6173006197868585,4.6173006197868585,4.6173006197868585,4.6173006197868585,4.6173006197868585,4.6173006197868585,4.6173006197868585,4.6173006197868585,4.6173006197868585,4.6173006197868585,4.6173006197868585,4.6173006197868585,4.6173006197868585,4.6173006197868585,4.6173006197868585,4.6173006197868585,4.6173006197868585,4.6173006197868585,4.6173006197868585,4.6173006197868585,4.6173006197868585,4.6173006197868585,4.6173006197868585,4.6173006197868585,4.6173006197868585,4.6173006197868585,4.6173006197868585,4.6173006197868585,4.6173006197868585,4.6173006197868585,4.6173006197868585,4.6173006197868585,4.6173006197868585,4.6173006197868585,4.6173006197868585,4.6173006197868585,4.6173006197868585,4.6173006197868585,4.6173006197868585,4.6173006197868585,4.6173006197868585,4.6173006197868585,4.6173006197868585,4.6173006197868585,4.6173006197868585,4.6173006197868585,4.6173006197868585,4.6173006197868585,4.6173006197868585,4.6173006197868585,4.6173006197868585,4.6173006197868585,4.6173006197868585,4.6173006197868585,4.6173006197868585,4.6173006197868585,4.6173006197868585,4.6173006197868585,4.6173006197868585,4.6173006197868585,4.6173006197868585,4.6173006197868585,4.6173006197868585,4.6173006197868585,4.6173006197868585,4.6173006197868585,4.6173006197868585,4.6173006197868585,4.6173006197868585,4.6173006197868585,4.6173006197868585,4.6173006197868585,4.6173006197868585,4.6173006197868585,4.6173006197868585,4.6173006197868585,4.6173006197868585,4.6173006197868585,4.6173006197868585,4.6173006197868585,4.6173006197868585,4.6173006197868585,4.6173006197868585,4.6173006197868585,4.6173006197868585,4.6173006197868585,4.6173006197868585,4.6173006197868585,4.6173006197868585,4.6173006197868585,4.6173006197868585,4.6173006197868585,4.6173006197868585,4.6173006197868585,4.6173006197868585,4.6173006197868585,4.6173006197868585,4.6173006197868585,4.6173006197868585,4.6173006197868585,4.6173006197868585,4.6173006197868585,4.6173006197868585,4.6173006197868585,4.6173006197868585,4.6173006197868585,4.6173006197868585,4.6173006197868585,4.6173006197868585,4.6173006197868585,4.6173006197868585,4.6173006197868585,4.6173006197868585,4.6173006197868585,4.6173006197868585,4.6173006197868585,4.6173006197868585,4.6173006197868585,4.6173006197868585,4.6173006197868585,4.6173006197868585,4.6173006197868585,4.6173006197868585,4.6173006197868585,4.6173006197868585,4.6173006197868585,4.6173006197868585,4.6173006197868585,4.6173006197868585,4.6173006197868585,4.6173006197868585,4.6173006197868585,4.6173006197868585,4.6173006197868585,4.6173006197868585,4.6173006197868585,4.6173006197868585,4.6173006197868585,4.6173006197868585,4.6173006197868585,4.6173006197868585,4.6173006197868585,4.6173006197868585,4.6173006197868585,4.6173006197868585,4.6173006197868585,4.6173006197868585,4.6173006197868585,4.6173006197868585,4.6173006197868585,4.6173006197868585,4.6173006197868585,4.6173006197868585,4.6173006197868585,4.6173006197868585,4.6173006197868585,4.6173006197868585,4.6173006197868585,4.6173006197868585,4.6173006197868585,4.6173006197868585,4.6173006197868585,4.6173006197868585,4.6173006197868585,4.6173006197868585,4.6173006197868585,4.6173006197868585,4.6173006197868585,4.6173006197868585,4.6173006197868585,4.6173006197868585,4.6173006197868585,4.6173006197868585,4.6173006197868585,4.6173006197868585,4.6173006197868585,4.6173006197868585,4.6173006197868585,4.6173006197868585,4.6173006197868585,4.6173006197868585,4.6173006197868585,4.6173006197868585,4.6173006197868585,4.6173006197868585,4.6173006197868585,4.6173006197868585,4.6173006197868585,4.6173006197868585,4.6173006197868585,4.6173006197868585,4.6173006197868585,4.6173006197868585,4.6173006197868585,4.6173006197868585,4.6173006197868585,4.6173006197868585,4.6173006197868585,4.6173006197868585,4.6173006197868585,4.6173006197868585,4.6173006197868585,4.6173006197868585,4.6173006197868585,4.6173006197868585,4.6173006197868585,4.6173006197868585,4.6173006197868585,4.6173006197868585,4.6173006197868585,4.6173006197868585,4.6173006197868585,4.6173006197868585,4.6173006197868585,4.6173006197868585,4.6173006197868585,4.6173006197868585,4.6173006197868585,4.6173006197868585,4.6173006197868585,4.6173006197868585,4.6173006197868585,4.6173006197868585,4.6173006197868585,4.6173006197868585,4.6173006197868585,4.6173006197868585,4.6173006197868585,4.6173006197868585,4.6173006197868585,4.6173006197868585,4.6173006197868585,4.6173006197868585,4.6173006197868585,4.6173006197868585,4.6173006197868585,4.6173006197868585,4.6173006197868585,4.6173006197868585,4.6173006197868585,4.6173006197868585,4.6173006197868585,4.6173006197868585,4.6173006197868585,4.6173006197868585,4.6173006197868585,4.6173006197868585,4.6173006197868585,4.6173006197868585,4.6173006197868585,4.6173006197868585,4.6173006197868585,4.6173006197868585,4.6173006197868585,4.6173006197868585,4.6173006197868585,4.425197380822509,4.425197380822509,4.425197380822509,4.425197380822509,4.425197380822509,4.425197380822509,4.425197380822509,4.425197380822509,4.425197380822509,4.425197380822509,4.425197380822509,4.425197380822509,4.425197380822509,4.425197380822509,4.425197380822509,4.425197380822509,4.425197380822509,4.425197380822509,4.425197380822509,4.425197380822509,4.425197380822509,4.425197380822509,4.425197380822509,4.425197380822509,4.425197380822509,4.425197380822509,4.425197380822509,4.425197380822509,4.425197380822509,4.425197380822509,4.425197380822509,4.425197380822509,5.738718242434876,5.738718242434876,5.738718242434876,5.738718242434876,5.738718242434876,5.738718242434876,5.738718242434876,5.738718242434876,5.738718242434876,5.738718242434876,5.738718242434876,5.738718242434876,5.738718242434876,5.738718242434876,5.738718242434876,5.738718242434876,5.738718242434876,5.738718242434876,5.738718242434876,5.738718242434876,5.738718242434876,5.738718242434876,5.738718242434876,5.738718242434876,5.738718242434876,5.738718242434876,5.738718242434876,5.738718242434876,5.738718242434876,5.738718242434876,5.738718242434876,5.738718242434876,5.738718242434876,5.738718242434876,5.738718242434876,5.514389843307001,5.0646683112003075,5.0646683112003075,5.0646683112003075,5.0646683112003075,5.0646683112003075,5.061638267217988,5.061638267217988,5.061638267217988,5.061638267217988,4.9176603114795805,4.9176603114795805,4.9176603114795805,4.9176603114795805,4.9176603114795805,4.9176603114795805,4.9176603114795805,4.9176603114795805,4.9176603114795805,4.9176603114795805,4.9176603114795805,4.9176603114795805,4.9176603114795805,4.9176603114795805,4.9176603114795805,4.9176603114795805,4.9176603114795805,4.9176603114795805,4.9176603114795805,4.9176603114795805,4.9176603114795805,4.9176603114795805,4.9176603114795805,4.9176603114795805,4.9176603114795805,4.9176603114795805,4.9176603114795805,4.9176603114795805,4.9176603114795805,4.881873381912623,4.881873381912623,4.881873381912623,4.881873381912623,4.881873381912623,4.881873381912623,4.881873381912623,4.881873381912623,4.881873381912623,4.881873381912623,4.881873381912623,4.881873381912623,4.881873381912623,4.881873381912623,4.881873381912623,4.881873381912623,4.881873381912623,4.881873381912623,4.881873381912623,4.881873381912623,4.881873381912623,4.881873381912623,4.881873381912623,4.881873381912623,4.881873381912623,4.881873381912623,4.881873381912623,4.881873381912623,4.881873381912623,4.881873381912623,4.881873381912623,4.881873381912623,4.881873381912623,4.881873381912623,4.881873381912623,4.881873381912623,4.881873381912623,4.881873381912623,4.881873381912623,4.881873381912623,4.881873381912623,4.881873381912623,4.881873381912623,4.881873381912623,4.881873381912623,4.881873381912623,4.881873381912623,4.881873381912623,4.881873381912623,4.881873381912623,4.881873381912623,4.881873381912623,4.881873381912623,4.881873381912623,4.881873381912623,4.881873381912623,4.881873381912623,4.881873381912623,4.881873381912623,4.881873381912623,4.881873381912623,4.881873381912623,4.881873381912623,4.881873381912623,4.881873381912623,4.881873381912623,4.881873381912623,4.881873381912623,4.881873381912623,4.881873381912623,4.881873381912623,4.881873381912623,4.881873381912623,4.881873381912623,4.881873381912623,4.881873381912623,4.881873381912623,4.881873381912623,4.881873381912623,4.881873381912623,4.881873381912623,4.881873381912623,4.881873381912623,4.881873381912623,4.881873381912623,4.881873381912623,4.881873381912623,4.881873381912623,4.881873381912623,4.881873381912623,4.881873381912623,4.881873381912623,4.881873381912623,4.881873381912623,4.881873381912623,4.881873381912623,4.881873381912623,4.881873381912623,4.881873381912623,4.881873381912623,4.881873381912623,4.881873381912623,4.881873381912623,4.881873381912623,4.881873381912623,4.881873381912623,4.881873381912623,4.881873381912623,4.881873381912623,4.881873381912623,4.881873381912623,4.881873381912623,4.881873381912623,4.881873381912623,4.881873381912623,4.881873381912623,4.881873381912623,4.881873381912623,4.881873381912623,4.881873381912623,4.881873381912623,4.881873381912623,4.881873381912623,4.881873381912623,4.881873381912623,4.881873381912623,4.881873381912623,4.881873381912623,4.881873381912623,4.881873381912623,4.881873381912623,4.881873381912623,4.881873381912623,4.881873381912623,4.881873381912623,4.881873381912623,4.881873381912623,4.881873381912623,4.881873381912623,4.881873381912623,4.881873381912623,4.881873381912623,4.881873381912623,4.881873381912623,4.881873381912623,4.881873381912623,4.881873381912623,4.881873381912623,4.881873381912623,4.881873381912623,4.881873381912623,4.881873381912623,4.881873381912623,4.881873381912623,4.881873381912623,4.881873381912623,4.881873381912623,4.881873381912623,4.881873381912623,4.881873381912623,4.881873381912623,4.537045683616122,4.537045683616122,4.537045683616122,4.537045683616122,4.537045683616122,4.537045683616122,4.537045683616122,4.537045683616122,4.537045683616122,4.537045683616122,4.537045683616122,4.537045683616122,4.537045683616122,4.482704205414219,4.482704205414219,4.482704205414219,4.482704205414219,4.482704205414219,4.482704205414219,4.482704205414219,4.482704205414219,4.482704205414219,4.482704205414219,4.482704205414219,4.482704205414219,4.482704205414219,4.482704205414219,4.482704205414219,4.482704205414219,4.482704205414219,4.482704205414219,4.482704205414219,4.482704205414219,4.482704205414219,4.482704205414219,4.482704205414219,4.482704205414219,4.482704205414219,4.482704205414219,4.482704205414219,4.482704205414219,4.482704205414219,4.482704205414219,4.482704205414219,4.482704205414219,4.482704205414219,4.482704205414219,4.482704205414219,4.482704205414219,4.482704205414219,4.482704205414219,4.482704205414219,4.482704205414219,4.482704205414219,4.482704205414219,4.482704205414219,4.482704205414219,4.482704205414219,4.482704205414219,4.482704205414219,4.482704205414219,4.482704205414219,4.482704205414219,4.482704205414219,4.482704205414219,4.482704205414219,4.482704205414219,4.482704205414219,4.482704205414219,4.482704205414219,4.482704205414219,4.482704205414219,4.482704205414219,4.482704205414219,4.482704205414219,4.482704205414219,4.482704205414219,4.482704205414219,4.482704205414219,4.482704205414219,4.482704205414219,4.482704205414219,4.482704205414219,4.482704205414219,4.482704205414219,4.482704205414219,4.482704205414219,4.482704205414219,4.482704205414219,4.482704205414219,4.482704205414219,4.482704205414219,4.482704205414219,4.482704205414219,4.482704205414219,4.482704205414219,4.482704205414219,4.482704205414219,4.482704205414219,4.482704205414219,4.482704205414219,4.482704205414219,4.482704205414219,4.482704205414219,4.482704205414219,4.482704205414219,4.482704205414219,4.482704205414219,4.482704205414219,4.482704205414219,4.482704205414219,4.482704205414219,4.482704205414219,4.482704205414219,4.482704205414219,4.482704205414219,4.482704205414219,4.482704205414219,4.482704205414219,4.482704205414219,4.482704205414219,4.482704205414219,4.318589103208567,4.083389822664208,4.083389822664208,3.9121228624169926,3.9121228624169926,3.7171585930318556,3.7171585930318556,3.7171585930318556,3.7171585930318556,3.7171585930318556,3.7171585930318556,3.7171585930318556,3.7171585930318556,3.7171585930318556,3.7171585930318556,3.7171585930318556,3.7171585930318556,3.7171585930318556,3.7171585930318556,3.7171585930318556,3.7171585930318556,3.7171585930318556,3.7171585930318556,3.7171585930318556,3.7171585930318556,3.7171585930318556,3.7171585930318556,3.7171585930318556,3.7171585930318556,3.7171585930318556,3.7171585930318556,3.7171585930318556,3.7171585930318556,3.7171585930318556,3.7171585930318556,3.7171585930318556,3.7171585930318556,3.7171585930318556,3.7171585930318556,3.7171585930318556,3.7171585930318556,3.7171585930318556,3.7171585930318556,3.7171585930318556,3.7171585930318556,3.7171585930318556,3.7171585930318556,3.7171585930318556,3.7171585930318556,3.7171585930318556,3.7171585930318556,3.7171585930318556,3.7171585930318556,3.7171585930318556,3.7171585930318556,3.7171585930318556,3.7171585930318556,3.7171585930318556,3.7171585930318556,3.7171585930318556,3.7171585930318556,3.7171585930318556,3.7171585930318556,3.7171585930318556,3.7171585930318556,3.7171585930318556,3.7171585930318556,3.7171585930318556,3.7171585930318556,3.7171585930318556,3.7171585930318556,3.7171585930318556,3.7171585930318556,3.7171585930318556,3.7171585930318556,3.7171585930318556,3.7171585930318556,3.7171585930318556,3.7171585930318556,3.7171585930318556,3.7171585930318556,3.7171585930318556,3.7171585930318556,3.7171585930318556,3.7171585930318556,3.7171585930318556,3.7171585930318556,3.7171585930318556,3.7171585930318556,3.7171585930318556,3.7171585930318556,3.7171585930318556,3.7171585930318556,3.7171585930318556,3.7171585930318556,3.7171585930318556,3.7171585930318556,3.7171585930318556,3.7171585930318556,3.7171585930318556,3.7171585930318556,3.7171585930318556,3.7171585930318556,3.7171585930318556,3.7171585930318556,3.7171585930318556,3.7171585930318556,3.7171585930318556,3.7171585930318556,3.7171585930318556,3.7171585930318556,3.7171585930318556,3.7171585930318556,3.7171585930318556,3.7171585930318556,3.7171585930318556,3.7171585930318556,3.7171585930318556,3.7171585930318556,3.7171585930318556,3.7171585930318556,3.7171585930318556,3.7171585930318556,3.7171585930318556,3.7171585930318556,3.7171585930318556,3.7171585930318556,3.7171585930318556,3.7171585930318556,3.7171585930318556,3.7171585930318556,3.7171585930318556,3.7171585930318556,3.7171585930318556,3.7171585930318556,3.7171585930318556,3.7171585930318556,3.7171585930318556,3.7171585930318556,3.7171585930318556,3.7171585930318556,3.7171585930318556,3.7171585930318556,3.7171585930318556,3.7171585930318556,3.7171585930318556,3.7171585930318556,3.7171585930318556,3.7171585930318556,3.7171585930318556,3.7171585930318556,3.7171585930318556,3.7171585930318556,3.7171585930318556,3.7171585930318556,3.7171585930318556,3.7171585930318556,3.7171585930318556,3.7171585930318556,3.7171585930318556,3.7171585930318556,3.7171585930318556,3.7171585930318556,3.7171585930318556,3.7171585930318556,3.7171585930318556,3.7171585930318556,3.7171585930318556,3.7171585930318556,3.7171585930318556,3.7171585930318556,3.7171585930318556,3.7171585930318556,3.7171585930318556,3.7171585930318556,3.7171585930318556,3.7171585930318556,3.7171585930318556,3.7171585930318556,3.7171585930318556,3.7171585930318556,3.7171585930318556,3.7171585930318556,3.7171585930318556,3.7171585930318556,3.7171585930318556,3.7171585930318556,3.7171585930318556,3.7171585930318556,3.7171585930318556,3.7171585930318556,3.7171585930318556,3.7171585930318556,3.7171585930318556,3.7171585930318556,3.7171585930318556,3.7171585930318556,3.7171585930318556,3.7171585930318556,3.7171585930318556,3.7171585930318556,3.7171585930318556,3.7171585930318556,3.7171585930318556,3.7171585930318556,3.7171585930318556,3.7171585930318556,3.7171585930318556,3.7171585930318556,3.7171585930318556,3.7171585930318556,3.7171585930318556,3.7171585930318556,3.7171585930318556,3.7171585930318556,3.7171585930318556,3.7171585930318556,3.7171585930318556,3.7171585930318556,3.7171585930318556,3.7171585930318556,3.7171585930318556,3.7171585930318556,3.7171585930318556,3.7171585930318556,3.7171585930318556,3.7171585930318556,3.7171585930318556,3.7171585930318556,3.7171585930318556,3.7171585930318556,3.7171585930318556,3.7171585930318556,3.7171585930318556,3.7171585930318556,3.7171585930318556,3.7171585930318556,3.7171585930318556,3.7171585930318556,3.7171585930318556,3.7171585930318556,3.7171585930318556,3.7171585930318556,3.7171585930318556,3.7171585930318556,3.7171585930318556,3.7171585930318556,3.7171585930318556,3.7171585930318556,3.7171585930318556,3.7171585930318556,3.7171585930318556,3.7171585930318556,3.7171585930318556,3.7171585930318556,3.7171585930318556,3.7171585930318556,3.7171585930318556,3.7171585930318556,3.7171585930318556,3.7171585930318556,3.7171585930318556,3.7171585930318556,3.7171585930318556,3.7171585930318556,3.7171585930318556,3.7171585930318556,3.7171585930318556,3.7171585930318556,3.7171585930318556,3.7171585930318556,3.7171585930318556,3.7171585930318556,3.7171585930318556,3.7171585930318556,3.7171585930318556,3.7171585930318556,3.7171585930318556,3.7171585930318556,3.7171585930318556,3.7171585930318556,3.7171585930318556,3.7171585930318556,3.7171585930318556,3.7171585930318556,3.7171585930318556,3.7171585930318556,3.7171585930318556,3.7171585930318556,3.7171585930318556,3.7171585930318556,3.7171585930318556,3.7171585930318556,3.7171585930318556,3.7171585930318556,3.7171585930318556,3.7171585930318556,3.7171585930318556,3.7171585930318556,3.7171585930318556,3.7171585930318556,3.7171585930318556,3.7171585930318556,3.7171585930318556,3.7171585930318556,3.7171585930318556,3.7171585930318556,3.7171585930318556,3.7171585930318556,3.7171585930318556,3.7171585930318556,3.7171585930318556,3.7171585930318556,3.7171585930318556,3.7171585930318556,3.7171585930318556,3.7171585930318556,3.7171585930318556,3.7171585930318556,3.7171585930318556,3.7171585930318556,3.7171585930318556,3.7171585930318556,3.7171585930318556,3.7171585930318556,3.7171585930318556,3.7171585930318556,3.7171585930318556,3.7171585930318556,3.7171585930318556,3.7171585930318556,3.7171585930318556,3.7171585930318556,3.7171585930318556,3.7171585930318556,3.7171585930318556,3.7171585930318556,3.7171585930318556,3.7171585930318556,3.7171585930318556,3.7171585930318556,3.7171585930318556,3.7171585930318556,3.7171585930318556,3.7171585930318556,3.7171585930318556,3.7171585930318556,3.7171585930318556,3.7171585930318556,3.7171585930318556,3.7171585930318556,3.7171585930318556,3.7171585930318556,3.7171585930318556,3.7171585930318556,3.7171585930318556,3.7171585930318556,3.7171585930318556,3.7171585930318556,3.7171585930318556,3.7171585930318556,3.7171585930318556,3.7171585930318556,3.7171585930318556,3.7171585930318556,3.7171585930318556,3.7171585930318556,3.7171585930318556,3.7171585930318556,3.7171585930318556,3.7171585930318556,3.7171585930318556,3.7171585930318556,3.7171585930318556,3.7171585930318556,3.7171585930318556,3.7171585930318556,3.7171585930318556,3.7171585930318556,3.7171585930318556,3.7171585930318556,3.7171585930318556,3.7171585930318556,3.7171585930318556,3.7171585930318556,3.7171585930318556,3.7171585930318556,3.7171585930318556,3.7171585930318556,3.7171585930318556,3.7171585930318556,3.7171585930318556,3.7171585930318556,3.7171585930318556,3.7171585930318556,3.7171585930318556,3.7171585930318556,3.7171585930318556,3.7171585930318556,3.7171585930318556,3.7171585930318556,3.7171585930318556,3.7171585930318556,3.7171585930318556,3.7171585930318556,3.7171585930318556,3.7171585930318556,3.7171585930318556,3.7171585930318556,3.7171585930318556,3.7171585930318556,3.7171585930318556,3.7171585930318556,3.7171585930318556,3.7171585930318556,3.7171585930318556,3.7171585930318556,3.7171585930318556,3.7171585930318556,3.7171585930318556,3.7171585930318556,3.7171585930318556,3.7171585930318556,3.7171585930318556,3.7171585930318556,3.7171585930318556,3.7171585930318556,3.7171585930318556,3.7171585930318556,3.7171585930318556,3.7171585930318556,3.7171585930318556,3.7171585930318556,3.7171585930318556,3.7171585930318556,3.7171585930318556,3.7171585930318556,3.7171585930318556,3.7171585930318556,3.7171585930318556,3.7171585930318556,3.7171585930318556,3.7171585930318556,3.7171585930318556,3.7171585930318556,3.7171585930318556,3.7171585930318556,3.7171585930318556,3.7171585930318556,3.7171585930318556,3.7171585930318556,3.7171585930318556,3.7171585930318556,3.7171585930318556,3.7171585930318556,3.7171585930318556,3.7171585930318556,3.7171585930318556,3.7171585930318556,3.7171585930318556,3.7171585930318556,3.7171585930318556,3.7171585930318556,3.7171585930318556,3.7171585930318556,3.7171585930318556,3.7171585930318556,3.7171585930318556,3.7171585930318556,3.7171585930318556,3.7171585930318556,3.7171585930318556,3.7171585930318556,3.7171585930318556,3.7171585930318556,3.7171585930318556,3.7171585930318556,3.7171585930318556,3.7171585930318556,3.7171585930318556,3.7171585930318556,3.7171585930318556,3.7171585930318556,3.7171585930318556,3.7171585930318556,3.7171585930318556,3.7171585930318556,3.7171585930318556,3.7171585930318556,3.7171585930318556,3.7171585930318556,3.7171585930318556,3.7171585930318556,3.7171585930318556,3.7171585930318556,3.7171585930318556,3.7171585930318556,3.7171585930318556,3.7171585930318556,3.7171585930318556,3.7171585930318556,3.7171585930318556,3.7171585930318556,3.7171585930318556,3.7171585930318556,3.7171585930318556,3.7171585930318556,3.7171585930318556,3.7171585930318556,3.7171585930318556,3.7171585930318556,3.7171585930318556,3.7171585930318556,3.7171585930318556,3.7171585930318556,3.7171585930318556,3.7171585930318556,3.7171585930318556,3.7171585930318556,3.7171585930318556,3.7171585930318556,3.7171585930318556,3.7171585930318556,3.7171585930318556,3.7171585930318556,3.7171585930318556,3.7171585930318556,3.7171585930318556,3.7171585930318556,3.7171585930318556,3.7171585930318556,3.7171585930318556,3.7171585930318556,3.7171585930318556,3.7171585930318556,3.7171585930318556,3.7171585930318556,3.7171585930318556,3.7171585930318556,3.7171585930318556,3.7171585930318556,3.7171585930318556,3.7171585930318556,3.7171585930318556,3.7171585930318556,3.7171585930318556,3.7171585930318556,3.7171585930318556,3.7171585930318556,3.7171585930318556,3.7171585930318556,3.7171585930318556,3.7171585930318556,3.7171585930318556,3.7171585930318556,3.7171585930318556,3.7171585930318556,3.7171585930318556,3.7171585930318556,3.7171585930318556,3.7171585930318556,3.7171585930318556,3.7171585930318556,3.7171585930318556,3.7171585930318556,3.7171585930318556,3.7171585930318556,3.7171585930318556,3.7171585930318556,3.7171585930318556,3.7171585930318556,3.7171585930318556,3.7171585930318556,3.7171585930318556,3.7171585930318556,3.7171585930318556,3.7171585930318556,3.7171585930318556,3.7171585930318556,3.7171585930318556,3.7171585930318556,3.7171585930318556,3.7171585930318556,3.7171585930318556,3.7171585930318556,3.7171585930318556,3.7171585930318556,3.7171585930318556,3.7171585930318556,3.7171585930318556,3.7171585930318556,3.7171585930318556,3.7171585930318556,3.7171585930318556,3.7171585930318556,3.7171585930318556,3.7171585930318556,3.7171585930318556,3.7171585930318556,3.7171585930318556,3.7171585930318556,3.7171585930318556,3.7171585930318556,3.7171585930318556,3.7171585930318556,3.7171585930318556,3.7171585930318556,3.7171585930318556,3.7171585930318556,3.7171585930318556,3.7171585930318556,3.7171585930318556,3.7171585930318556,3.7171585930318556,3.7171585930318556,3.7171585930318556,3.7171585930318556,3.7171585930318556,3.7171585930318556,3.7171585930318556,3.7171585930318556,3.7171585930318556,3.7171585930318556,3.7171585930318556,3.7171585930318556,3.7171585930318556,3.7171585930318556,3.7171585930318556,3.7171585930318556,3.7171585930318556,3.7171585930318556,3.7171585930318556,3.7171585930318556,3.7171585930318556,3.7171585930318556,3.7171585930318556,3.7171585930318556,3.7171585930318556,3.7171585930318556,3.7171585930318556,3.7171585930318556,3.7171585930318556,3.7171585930318556,6.719370245806282,6.532218126908432,6.532218126908432,6.532218126908432,6.532218126908432,6.532218126908432,6.532218126908432,6.532218126908432,6.532218126908432,6.532218126908432,6.532218126908432,6.532218126908432,6.532218126908432,6.532218126908432,6.297285810466849,6.120304726152295,6.120304726152295,6.120304726152295,6.120304726152295,6.120304726152295,6.120304726152295,6.120304726152295,6.120304726152295,6.120304726152295,6.105133844040573,6.105133844040573,6.105133844040573,6.105133844040573,6.009779876708083,6.009779876708083,5.9255850581223815,5.638440241616805,5.466552087456464,5.466552087456464,5.466552087456464,5.466552087456464,5.466552087456464,5.466552087456464,5.466552087456464,5.466552087456464,5.466552087456464,5.466552087456464,5.466552087456464,5.466552087456464,5.400693977334029,5.400693977334029,5.400693977334029,5.400693977334029,5.400693977334029,5.400693977334029,5.400693977334029,5.400693977334029,5.400693977334029,5.400693977334029,5.400693977334029,5.400693977334029,5.400693977334029,5.400693977334029,5.400693977334029,5.400693977334029,5.400693977334029,5.400693977334029,5.400693977334029,5.400693977334029,5.400693977334029,5.400693977334029,5.400693977334029,5.400693977334029,5.400693977334029,5.400693977334029,5.400693977334029,5.400693977334029,5.400693977334029,5.400693977334029,5.400693977334029,5.400693977334029,5.400693977334029,5.400693977334029,5.400693977334029,5.400693977334029,5.400693977334029,5.400693977334029,5.400693977334029,5.400693977334029,5.400693977334029,5.400693977334029,5.400693977334029,5.400693977334029,5.400693977334029,5.400693977334029,5.400693977334029,5.400693977334029,5.400693977334029,5.400693977334029,5.400693977334029,5.400693977334029,5.400693977334029,5.400693977334029,5.400693977334029,5.400693977334029,5.400693977334029,5.400693977334029,5.400693977334029,5.400693977334029,5.400693977334029,5.400693977334029,5.400693977334029,5.400693977334029,5.400693977334029,5.400693977334029,5.400693977334029,5.400693977334029,5.400693977334029,5.400693977334029,5.400693977334029,5.400693977334029,5.302795091540192,4.747809514845152,4.747809514845152,4.554012400530852,4.554012400530852,4.554012400530852,4.554012400530852,4.554012400530852,4.310951257213478,4.310951257213478,4.310951257213478,4.310951257213478,4.310951257213478,4.310951257213478,4.310951257213478,4.152002313045146,4.152002313045146,4.152002313045146,4.152002313045146,4.152002313045146,4.152002313045146,4.152002313045146,4.152002313045146,4.152002313045146,4.152002313045146,4.152002313045146,4.152002313045146,4.152002313045146,4.152002313045146,4.152002313045146,4.152002313045146,4.152002313045146,4.152002313045146,4.152002313045146,4.152002313045146,4.152002313045146,4.152002313045146,4.152002313045146,4.152002313045146,4.152002313045146,4.152002313045146,4.152002313045146,4.152002313045146,4.152002313045146,4.152002313045146,4.152002313045146,4.152002313045146,4.152002313045146,4.152002313045146,4.152002313045146,4.152002313045146,4.152002313045146,4.152002313045146,4.152002313045146,4.152002313045146,4.152002313045146,4.152002313045146,4.152002313045146,4.152002313045146,4.152002313045146,4.152002313045146,4.152002313045146,4.152002313045146,4.152002313045146,4.152002313045146,4.152002313045146,4.152002313045146,4.152002313045146,4.152002313045146,4.152002313045146,4.152002313045146,4.152002313045146,4.152002313045146,4.152002313045146,4.152002313045146,4.152002313045146,4.152002313045146,4.152002313045146,4.152002313045146,4.152002313045146,4.152002313045146,4.152002313045146,4.152002313045146,4.152002313045146,4.152002313045146,4.152002313045146,4.152002313045146,4.152002313045146,4.152002313045146,4.152002313045146,4.152002313045146,4.152002313045146,4.152002313045146,4.152002313045146,4.152002313045146,4.152002313045146,4.152002313045146,4.152002313045146,4.152002313045146,4.152002313045146,4.152002313045146,4.152002313045146,4.152002313045146,4.152002313045146,4.152002313045146,4.152002313045146,4.152002313045146,4.152002313045146,4.152002313045146,4.152002313045146,4.152002313045146,4.152002313045146,4.152002313045146,4.152002313045146,4.152002313045146,4.152002313045146,4.152002313045146,4.152002313045146,4.152002313045146,4.152002313045146,4.152002313045146,4.152002313045146,4.152002313045146,4.152002313045146,4.152002313045146,4.152002313045146,4.152002313045146,4.152002313045146,3.4424600228177056,3.1645336795446566,3.1528348374855693,2.738093449011169,2.738093449011169,2.738093449011169,2.738093449011169,2.738093449011169,2.738093449011169,2.738093449011169,2.738093449011169,2.738093449011169,2.738093449011169,2.738093449011169,2.738093449011169,2.738093449011169,2.738093449011169,2.738093449011169,2.738093449011169,2.738093449011169,2.738093449011169,2.738093449011169,2.738093449011169,2.738093449011169,2.738093449011169,2.738093449011169,2.738093449011169,2.738093449011169,2.738093449011169,2.738093449011169,2.738093449011169,2.738093449011169,2.738093449011169,2.738093449011169,2.738093449011169,2.738093449011169,2.738093449011169,2.738093449011169,2.738093449011169,2.738093449011169,2.738093449011169,2.738093449011169,2.738093449011169,2.738093449011169,2.738093449011169,2.738093449011169,2.738093449011169,2.738093449011169,2.738093449011169,2.738093449011169,2.738093449011169,2.738093449011169,2.738093449011169,2.738093449011169,2.738093449011169,2.738093449011169,2.738093449011169,2.738093449011169,2.738093449011169,2.738093449011169,2.738093449011169,2.738093449011169,2.738093449011169,2.738093449011169,2.738093449011169,2.738093449011169,2.738093449011169,2.738093449011169,2.738093449011169,2.738093449011169,2.738093449011169,2.738093449011169,2.738093449011169,2.738093449011169,2.738093449011169,2.738093449011169,2.738093449011169,2.738093449011169,2.738093449011169,2.738093449011169,2.738093449011169,2.738093449011169,2.738093449011169,2.738093449011169,2.738093449011169,2.738093449011169,2.738093449011169,2.738093449011169,2.738093449011169,2.738093449011169,2.738093449011169,2.738093449011169,2.738093449011169,2.738093449011169,2.738093449011169,2.738093449011169,2.738093449011169,2.738093449011169,2.738093449011169,2.738093449011169,2.738093449011169,2.738093449011169,2.738093449011169,2.738093449011169,2.738093449011169,2.738093449011169,2.738093449011169,2.738093449011169,2.738093449011169,2.738093449011169,2.738093449011169,2.738093449011169,2.738093449011169,2.738093449011169,2.738093449011169,2.738093449011169,2.738093449011169,2.738093449011169,2.738093449011169,2.738093449011169,2.738093449011169,2.738093449011169,2.738093449011169,2.738093449011169,2.738093449011169,2.738093449011169,2.738093449011169,2.738093449011169,2.738093449011169,2.738093449011169,2.738093449011169,2.738093449011169,2.738093449011169,2.738093449011169,2.738093449011169,2.738093449011169,2.738093449011169,2.738093449011169,2.738093449011169,2.738093449011169,2.738093449011169,2.738093449011169,2.738093449011169,2.738093449011169,2.738093449011169,2.738093449011169,2.738093449011169,2.738093449011169,2.738093449011169,2.738093449011169,2.738093449011169,2.738093449011169,2.738093449011169,2.738093449011169,2.738093449011169,2.738093449011169,2.738093449011169,2.738093449011169,2.738093449011169,2.738093449011169,2.738093449011169,2.738093449011169,2.738093449011169,2.738093449011169,2.738093449011169,2.738093449011169,2.738093449011169,2.738093449011169,2.738093449011169,2.738093449011169,2.738093449011169,2.738093449011169,2.738093449011169,2.738093449011169,2.738093449011169,2.738093449011169,2.738093449011169,2.738093449011169,2.738093449011169,2.738093449011169,2.738093449011169,2.738093449011169,2.738093449011169,2.738093449011169,2.738093449011169,2.738093449011169,2.738093449011169,2.738093449011169,2.738093449011169,2.738093449011169,2.738093449011169,2.738093449011169,2.738093449011169,2.738093449011169,2.738093449011169,2.738093449011169,2.738093449011169,2.738093449011169,2.738093449011169,2.738093449011169,2.738093449011169,2.738093449011169,2.738093449011169,2.738093449011169,2.738093449011169,2.738093449011169,2.738093449011169,2.738093449011169,2.738093449011169,2.738093449011169,2.738093449011169,2.738093449011169,2.738093449011169,2.738093449011169,2.738093449011169,2.738093449011169,2.738093449011169,2.738093449011169,2.738093449011169,2.738093449011169,2.738093449011169,2.738093449011169,2.738093449011169,2.738093449011169,2.738093449011169,2.738093449011169,2.738093449011169,2.738093449011169,2.738093449011169,2.738093449011169,2.738093449011169,2.738093449011169,2.738093449011169,2.738093449011169,2.738093449011169,2.738093449011169,2.738093449011169,2.738093449011169,2.738093449011169,2.738093449011169,2.738093449011169,2.738093449011169,2.738093449011169,2.738093449011169,2.738093449011169,2.738093449011169,2.738093449011169,2.738093449011169,2.738093449011169,2.738093449011169,2.738093449011169,2.738093449011169,2.738093449011169,2.738093449011169,2.738093449011169,2.738093449011169,2.738093449011169,2.738093449011169,2.738093449011169,2.738093449011169,2.738093449011169,2.738093449011169,2.738093449011169,2.738093449011169,2.738093449011169,2.738093449011169,2.738093449011169,2.738093449011169,2.738093449011169,2.738093449011169,2.738093449011169,2.738093449011169,2.738093449011169,2.738093449011169,2.738093449011169,2.738093449011169,2.738093449011169,2.738093449011169,2.738093449011169,2.738093449011169,2.738093449011169,2.738093449011169,2.738093449011169,2.738093449011169,2.738093449011169,2.738093449011169,2.738093449011169,2.738093449011169,2.738093449011169,2.738093449011169,2.738093449011169,2.738093449011169,2.738093449011169,2.738093449011169,2.738093449011169,2.738093449011169,2.738093449011169,2.738093449011169,2.738093449011169,2.738093449011169,2.738093449011169,2.738093449011169,2.738093449011169,2.738093449011169,2.738093449011169,2.738093449011169,2.738093449011169,2.738093449011169,2.738093449011169,2.738093449011169,2.738093449011169,2.738093449011169,2.738093449011169,2.738093449011169,2.738093449011169,2.738093449011169,2.738093449011169,2.738093449011169,2.738093449011169,2.738093449011169,2.738093449011169,2.738093449011169,2.738093449011169,2.738093449011169,2.738093449011169,2.738093449011169,2.738093449011169,2.738093449011169,2.738093449011169,2.738093449011169,2.738093449011169,2.738093449011169,2.738093449011169,2.738093449011169,2.738093449011169,2.738093449011169,2.738093449011169,2.738093449011169,2.738093449011169,2.738093449011169,2.738093449011169,2.738093449011169,2.738093449011169,2.738093449011169,2.738093449011169,2.738093449011169,2.738093449011169,2.738093449011169,2.738093449011169,2.738093449011169,2.738093449011169,2.738093449011169,2.738093449011169,2.738093449011169,2.738093449011169,2.738093449011169,2.738093449011169,2.738093449011169,2.738093449011169,2.738093449011169,2.738093449011169,2.738093449011169,2.738093449011169,2.738093449011169,2.738093449011169,2.738093449011169,2.738093449011169,2.738093449011169,2.738093449011169,2.738093449011169,2.738093449011169,2.738093449011169,2.738093449011169,2.738093449011169,2.738093449011169,2.738093449011169,2.738093449011169,2.738093449011169,2.738093449011169,2.738093449011169,2.738093449011169,2.738093449011169,2.738093449011169,2.738093449011169,2.738093449011169,2.738093449011169,2.738093449011169,2.738093449011169,2.738093449011169,2.738093449011169,2.738093449011169,2.738093449011169,2.738093449011169,2.738093449011169,2.738093449011169,2.738093449011169,2.738093449011169,2.738093449011169,2.738093449011169,2.738093449011169,2.738093449011169,2.738093449011169,2.738093449011169,2.738093449011169,2.738093449011169,2.738093449011169,2.738093449011169,2.738093449011169,2.738093449011169,2.738093449011169,2.738093449011169,2.738093449011169,2.738093449011169,2.738093449011169,2.738093449011169,2.738093449011169,2.738093449011169,2.738093449011169,2.738093449011169,2.738093449011169,2.738093449011169,2.738093449011169,2.738093449011169,2.738093449011169,2.738093449011169,2.738093449011169,2.738093449011169,2.738093449011169,2.738093449011169,2.738093449011169,2.738093449011169,2.738093449011169,2.738093449011169,2.738093449011169,2.738093449011169,2.738093449011169,2.738093449011169,2.738093449011169,2.738093449011169,2.738093449011169,2.738093449011169,2.738093449011169,2.738093449011169,2.738093449011169,2.738093449011169,2.738093449011169,2.738093449011169,2.738093449011169,2.738093449011169,2.738093449011169,2.738093449011169,2.738093449011169,2.738093449011169,2.738093449011169,2.738093449011169,2.738093449011169,2.738093449011169,2.738093449011169,2.738093449011169,2.738093449011169,2.738093449011169,2.738093449011169,2.738093449011169,2.738093449011169,2.738093449011169,2.738093449011169,2.738093449011169,2.738093449011169,2.738093449011169,2.738093449011169,2.738093449011169,2.738093449011169,2.738093449011169,2.738093449011169,2.738093449011169,2.738093449011169,2.738093449011169,2.738093449011169,2.738093449011169,2.738093449011169,2.738093449011169,2.738093449011169,2.738093449011169,2.738093449011169,2.738093449011169,2.738093449011169,2.738093449011169,2.738093449011169,2.738093449011169,2.738093449011169,2.738093449011169,2.738093449011169,2.738093449011169,2.738093449011169,2.738093449011169,2.738093449011169,2.738093449011169,2.738093449011169,2.738093449011169,2.738093449011169,2.738093449011169,2.738093449011169,2.738093449011169,2.738093449011169,2.738093449011169,2.738093449011169,2.738093449011169,2.738093449011169,2.738093449011169,2.738093449011169,2.738093449011169,2.738093449011169,2.738093449011169,2.738093449011169,2.738093449011169,2.738093449011169,2.738093449011169,2.738093449011169,2.738093449011169,2.738093449011169,2.738093449011169,2.738093449011169,2.738093449011169,2.738093449011169,2.738093449011169,2.738093449011169,2.738093449011169,2.738093449011169,2.738093449011169,2.738093449011169,2.738093449011169,2.738093449011169,2.738093449011169,2.738093449011169,2.738093449011169,2.738093449011169,2.738093449011169,2.738093449011169,2.738093449011169,2.738093449011169,2.738093449011169,2.738093449011169,2.738093449011169,2.738093449011169,2.738093449011169,2.738093449011169,2.738093449011169,2.738093449011169,2.738093449011169,2.738093449011169,2.738093449011169,2.738093449011169,2.738093449011169,2.738093449011169,2.738093449011169,2.738093449011169,2.738093449011169,2.738093449011169,2.738093449011169,2.738093449011169,2.738093449011169,2.738093449011169,2.738093449011169,2.738093449011169,2.738093449011169,2.738093449011169,2.738093449011169,2.738093449011169,2.738093449011169,2.738093449011169,2.738093449011169,2.738093449011169,2.738093449011169,2.738093449011169,2.738093449011169,2.738093449011169,2.738093449011169,2.738093449011169,2.738093449011169,2.738093449011169,2.738093449011169,2.738093449011169,2.738093449011169,2.738093449011169,2.738093449011169,2.738093449011169,2.738093449011169,2.738093449011169,2.738093449011169,2.738093449011169,2.738093449011169,2.738093449011169,2.738093449011169,2.738093449011169,2.738093449011169,2.738093449011169,2.738093449011169,2.738093449011169,2.738093449011169,2.738093449011169,2.738093449011169,2.738093449011169,2.738093449011169,2.738093449011169,2.738093449011169,2.738093449011169,2.738093449011169,2.738093449011169,2.738093449011169,2.738093449011169,2.738093449011169,2.738093449011169,2.738093449011169,2.738093449011169,2.738093449011169,2.738093449011169,2.738093449011169,2.738093449011169,2.738093449011169,2.738093449011169,2.738093449011169,2.738093449011169,2.738093449011169,2.738093449011169,2.738093449011169,2.738093449011169,2.738093449011169,2.738093449011169,2.738093449011169,2.738093449011169,2.738093449011169,2.738093449011169,2.738093449011169,2.738093449011169,2.738093449011169,2.738093449011169,2.738093449011169,2.738093449011169,2.738093449011169,2.738093449011169,2.738093449011169,2.738093449011169,2.738093449011169,2.738093449011169,2.738093449011169,2.738093449011169,2.738093449011169,2.738093449011169,2.738093449011169,2.738093449011169,2.738093449011169,2.738093449011169,2.738093449011169,2.738093449011169,2.738093449011169,2.738093449011169,2.738093449011169,2.738093449011169,2.738093449011169,2.738093449011169,2.738093449011169,2.738093449011169,2.738093449011169,2.738093449011169,2.738093449011169,2.738093449011169,2.738093449011169,2.738093449011169,2.738093449011169,2.738093449011169,2.738093449011169,2.738093449011169,2.738093449011169,2.738093449011169,2.738093449011169,2.738093449011169,2.738093449011169,2.738093449011169,2.738093449011169,2.738093449011169,2.738093449011169,2.738093449011169,2.738093449011169,2.738093449011169,2.738093449011169,2.738093449011169,2.738093449011169,2.738093449011169,2.738093449011169,2.738093449011169,2.738093449011169,2.738093449011169,2.738093449011169,2.738093449011169,2.738093449011169,2.738093449011169,2.738093449011169,2.738093449011169,2.738093449011169,2.738093449011169,2.738093449011169,2.738093449011169,2.738093449011169,2.738093449011169,2.738093449011169,2.738093449011169,2.738093449011169,2.738093449011169,2.738093449011169,2.738093449011169,2.738093449011169,2.738093449011169,2.738093449011169,2.738093449011169,2.738093449011169,2.738093449011169,2.738093449011169,2.738093449011169,2.738093449011169,2.738093449011169,2.738093449011169,2.738093449011169,2.738093449011169,2.738093449011169,2.738093449011169,2.738093449011169,2.738093449011169,2.738093449011169,2.738093449011169,2.738093449011169,2.738093449011169,2.738093449011169,2.738093449011169,2.738093449011169,2.738093449011169,2.738093449011169,2.738093449011169,2.738093449011169,2.738093449011169,2.738093449011169,2.738093449011169,2.738093449011169,2.738093449011169,2.738093449011169,2.738093449011169,2.738093449011169,2.738093449011169,2.738093449011169,2.738093449011169,2.738093449011169,2.738093449011169,2.738093449011169,2.738093449011169,2.738093449011169,2.738093449011169,2.738093449011169,6.626652392638695,6.626652392638695,6.626652392638695,6.626652392638695,6.626652392638695,6.626652392638695,6.570645976801291,6.570645976801291,6.570645976801291,6.570645976801291,6.570645976801291,6.570645976801291,6.570645976801291,6.570645976801291,6.570645976801291,6.570645976801291,6.570645976801291,6.570645976801291,6.570645976801291,6.570645976801291,6.570645976801291,6.570645976801291,6.570645976801291,6.570645976801291,6.570645976801291,6.570645976801291,6.467350155061377,6.467350155061377,6.467350155061377,6.467350155061377,6.467350155061377,6.467350155061377,6.467350155061377,6.467350155061377,6.467350155061377,6.467350155061377,6.467350155061377,6.467350155061377,6.467350155061377,6.467350155061377,6.467350155061377,6.467350155061377,6.467350155061377,6.467350155061377,6.467350155061377,6.467350155061377,6.467350155061377,6.467350155061377,6.467350155061377,6.467350155061377,6.467350155061377,6.467350155061377,6.467350155061377,6.467350155061377,6.467350155061377,6.467350155061377,6.467350155061377,6.467350155061377,6.467350155061377,6.467350155061377,6.467350155061377,6.467350155061377,6.467350155061377,6.467350155061377,6.467350155061377,6.467350155061377,6.467350155061377,6.168545569232162,5.854283531526364,5.854283531526364,5.829214939401194,5.829214939401194,5.829214939401194,5.829214939401194,5.829214939401194,5.829214939401194,5.829214939401194,5.829214939401194,5.829214939401194,5.829214939401194,5.829214939401194,5.829214939401194,5.829214939401194,5.829214939401194,5.829214939401194,5.829214939401194,5.829214939401194,5.829214939401194,5.829214939401194,5.829214939401194,5.829214939401194,5.829214939401194,5.829214939401194,5.829214939401194,5.829214939401194,5.829214939401194,5.829214939401194,5.829214939401194,5.829214939401194,5.829214939401194,5.829214939401194,5.829214939401194,5.829214939401194,5.829214939401194,5.829214939401194,5.829214939401194,5.829214939401194,5.829214939401194,5.829214939401194,5.829214939401194,5.829214939401194,5.829214939401194,5.829214939401194,5.829214939401194,5.829214939401194,5.829214939401194,5.829214939401194,5.829214939401194,5.829214939401194,5.829214939401194,5.829214939401194,5.829214939401194,5.829214939401194,5.829214939401194,5.829214939401194,5.829214939401194,5.829214939401194,5.829214939401194,5.829214939401194,5.829214939401194,5.829214939401194,5.829214939401194,5.829214939401194,5.829214939401194,5.829214939401194,5.829214939401194,5.829214939401194,5.829214939401194,5.829214939401194,5.829214939401194,5.777140443057022,5.777140443057022,5.399007235176474,5.399007235176474,5.399007235176474,5.399007235176474,5.399007235176474,5.399007235176474,4.996591912969426,4.996591912969426,4.722162837508534,4.722162837508534,4.722162837508534,4.722162837508534,4.722162837508534,4.722162837508534,4.722162837508534,4.722162837508534,4.722162837508534,4.722162837508534,4.722162837508534,4.722162837508534,4.722162837508534,4.722162837508534,4.722162837508534,4.722162837508534,4.722162837508534,4.722162837508534,4.722162837508534,4.722162837508534,4.722162837508534,4.722162837508534,4.722162837508534,4.722162837508534,4.722162837508534,4.722162837508534,4.722162837508534,4.722162837508534,4.722162837508534,4.722162837508534,4.722162837508534,4.722162837508534,4.722162837508534,4.722162837508534,4.722162837508534,4.722162837508534,4.722162837508534,4.722162837508534,4.722162837508534,4.722162837508534,4.722162837508534,4.722162837508534,4.722162837508534,4.722162837508534,4.722162837508534,4.722162837508534,4.722162837508534,4.722162837508534,4.722162837508534,4.722162837508534,4.722162837508534,4.722162837508534,4.722162837508534,4.722162837508534,4.722162837508534,4.722162837508534,4.722162837508534,4.722162837508534,4.722162837508534,4.722162837508534,3.8721277392454425,3.8721277392454425,3.8721277392454425,3.8721277392454425,3.8721277392454425,3.8721277392454425,3.8721277392454425,3.8721277392454425,3.8721277392454425,3.8721277392454425,3.8721277392454425,3.8721277392454425,3.8721277392454425,3.8721277392454425,3.8721277392454425,3.8721277392454425,3.8721277392454425,3.8721277392454425,3.8721277392454425,3.8721277392454425,3.8721277392454425,3.8721277392454425,3.8721277392454425,3.8721277392454425,3.8721277392454425,3.8721277392454425,3.8721277392454425,3.8721277392454425,3.8721277392454425,3.8721277392454425,3.8721277392454425,3.8721277392454425,3.8721277392454425,3.8721277392454425,3.8721277392454425,3.8721277392454425,3.8721277392454425,3.8721277392454425,3.8721277392454425,3.8721277392454425,3.8721277392454425,3.8721277392454425,3.8721277392454425,3.8721277392454425,3.8721277392454425,3.8721277392454425,3.8721277392454425,3.8721277392454425,3.8721277392454425,3.8721277392454425,3.8721277392454425,3.8721277392454425,3.8721277392454425,3.8721277392454425,3.8721277392454425,3.8721277392454425,3.8721277392454425,3.8721277392454425,3.8721277392454425,3.8721277392454425,3.8721277392454425,3.8721277392454425,3.8721277392454425,3.8721277392454425,3.8721277392454425,3.8721277392454425,3.8721277392454425,3.8721277392454425,3.8721277392454425,3.8721277392454425,3.8721277392454425,3.8721277392454425,3.8721277392454425,3.8721277392454425,3.8721277392454425,3.8721277392454425,3.8721277392454425,3.8721277392454425,3.8721277392454425,3.8721277392454425,3.8721277392454425,3.8721277392454425,3.8721277392454425,3.8721277392454425,3.8721277392454425,3.8721277392454425,3.8721277392454425,3.8721277392454425,3.8721277392454425,3.8721277392454425,3.8721277392454425,3.8721277392454425,3.8721277392454425,3.8721277392454425,3.8721277392454425,3.8721277392454425,3.8721277392454425,3.8721277392454425,3.8721277392454425,3.8721277392454425,3.8721277392454425,3.8721277392454425,3.8721277392454425,3.8721277392454425,3.8721277392454425,3.8721277392454425,3.8721277392454425,3.8721277392454425,3.8721277392454425,3.8721277392454425,3.8721277392454425,3.8721277392454425,3.8721277392454425,3.8721277392454425,3.8721277392454425,3.8721277392454425,3.8721277392454425,3.8721277392454425,3.8721277392454425,3.8721277392454425,3.8721277392454425,3.8721277392454425,3.8721277392454425,3.8721277392454425,3.8721277392454425,3.8721277392454425,3.8721277392454425,3.8721277392454425,3.8721277392454425,3.8721277392454425,3.8721277392454425,3.8721277392454425,3.8721277392454425,3.8721277392454425,3.8721277392454425,3.8721277392454425,3.8721277392454425,3.8721277392454425,3.8721277392454425,3.8721277392454425,3.8721277392454425,3.8721277392454425,3.8721277392454425,3.8721277392454425,3.8721277392454425,3.8721277392454425,3.8721277392454425,3.8721277392454425,3.8721277392454425,3.8721277392454425,3.8721277392454425,3.8721277392454425,3.8721277392454425,3.8721277392454425,3.8721277392454425,3.8721277392454425,3.8721277392454425,3.8721277392454425,3.8721277392454425,3.8721277392454425,3.8721277392454425,3.2161103593646927,3.2161103593646927,3.2161103593646927,3.2161103593646927,3.2161103593646927,3.2161103593646927,3.2161103593646927,3.2161103593646927,3.2161103593646927,3.2161103593646927,3.2161103593646927,3.2161103593646927,3.2161103593646927,3.2161103593646927,3.2161103593646927,3.2161103593646927,3.2161103593646927,3.2161103593646927,3.2161103593646927,3.2161103593646927,3.2161103593646927,3.2161103593646927,3.2161103593646927,3.2161103593646927,3.2161103593646927,3.2161103593646927,3.2161103593646927,3.2161103593646927,3.2161103593646927,3.2161103593646927,3.2161103593646927,3.2161103593646927,3.2161103593646927,3.2161103593646927,3.2161103593646927,3.2161103593646927,3.2161103593646927,3.2161103593646927,3.2161103593646927,3.2161103593646927,3.2161103593646927,3.2161103593646927,3.2161103593646927,3.2161103593646927,3.2161103593646927,3.2161103593646927,3.2161103593646927,3.2161103593646927,3.2161103593646927,3.2161103593646927,3.2161103593646927,3.2161103593646927,3.2161103593646927,3.2161103593646927,3.2161103593646927,3.2161103593646927,3.2161103593646927,3.2161103593646927,3.2161103593646927,3.2161103593646927,3.2161103593646927,3.2161103593646927,3.2161103593646927,3.2161103593646927,3.2161103593646927,3.2161103593646927,3.2161103593646927,3.2161103593646927,3.2161103593646927,3.2161103593646927,3.2161103593646927,3.2161103593646927,3.2161103593646927,3.2161103593646927,3.2161103593646927,3.2161103593646927,3.2161103593646927,3.2161103593646927,3.2161103593646927,3.2161103593646927,3.2161103593646927,3.2161103593646927,3.2161103593646927,3.2161103593646927,3.2161103593646927,3.2161103593646927,3.2161103593646927,3.2161103593646927,3.2161103593646927,3.2161103593646927,3.2161103593646927,3.2161103593646927,3.2161103593646927,3.2161103593646927,3.2161103593646927,3.2161103593646927,3.2161103593646927,3.2161103593646927,3.2161103593646927,3.2161103593646927,3.2161103593646927,3.2161103593646927,3.2161103593646927,3.2161103593646927,3.2161103593646927,3.2161103593646927,3.2161103593646927,3.2161103593646927,3.2161103593646927,3.2161103593646927,3.2161103593646927,3.2161103593646927,3.2161103593646927,3.2161103593646927,3.2161103593646927,3.2161103593646927,3.2161103593646927,3.2161103593646927,3.2161103593646927,3.2161103593646927,3.2161103593646927,3.2161103593646927,3.2161103593646927,3.2161103593646927,3.2161103593646927,3.2161103593646927,3.2161103593646927,3.2161103593646927,3.2161103593646927,3.2161103593646927,3.2161103593646927,3.2161103593646927,3.2161103593646927,3.2161103593646927,3.2161103593646927,3.2161103593646927,3.2161103593646927,3.2161103593646927,3.2161103593646927,3.2161103593646927,3.2161103593646927,3.2161103593646927,3.2161103593646927,3.2161103593646927,3.2161103593646927,3.2161103593646927,3.2161103593646927,3.2161103593646927,3.2161103593646927,3.2161103593646927,3.2161103593646927,3.2161103593646927,3.2161103593646927,3.2161103593646927,3.2161103593646927,3.2161103593646927,3.2161103593646927,3.2161103593646927,3.2161103593646927,3.2161103593646927,3.2161103593646927,3.2161103593646927,3.2161103593646927,3.2161103593646927,3.2161103593646927,3.2161103593646927,3.2161103593646927,3.2161103593646927,3.2161103593646927,3.2161103593646927,3.2161103593646927,3.2161103593646927,3.2161103593646927,3.2161103593646927,3.2161103593646927,3.2161103593646927,3.2161103593646927,3.2161103593646927,3.2161103593646927,3.2161103593646927,3.2161103593646927,3.2161103593646927,3.2161103593646927,3.2161103593646927,3.2161103593646927,3.2161103593646927,3.2161103593646927,3.2161103593646927,3.2161103593646927,3.2161103593646927,3.2161103593646927,3.2161103593646927,3.2161103593646927,3.2161103593646927,3.2161103593646927,3.2161103593646927,3.2161103593646927,3.2161103593646927,3.2161103593646927,3.2161103593646927,3.2161103593646927,3.2161103593646927,3.2161103593646927,3.2161103593646927,3.2161103593646927,3.2161103593646927,3.2161103593646927,3.2161103593646927,3.2161103593646927,3.2161103593646927,3.2161103593646927,3.2161103593646927,3.2161103593646927,3.2161103593646927,3.2161103593646927,3.2161103593646927,3.2161103593646927,3.2161103593646927,3.2161103593646927,3.2161103593646927,3.2161103593646927,3.2161103593646927,3.2161103593646927,3.2161103593646927,3.2161103593646927,3.2161103593646927,3.2161103593646927,3.2161103593646927,3.2161103593646927,3.2161103593646927,3.2161103593646927,3.2161103593646927,3.2161103593646927,3.2161103593646927,3.2161103593646927,3.2161103593646927,3.2161103593646927,3.2161103593646927,3.2161103593646927,3.2161103593646927,3.2161103593646927,3.2161103593646927,3.2161103593646927,3.2161103593646927,3.2161103593646927,3.2161103593646927,3.2161103593646927,3.2161103593646927,3.2161103593646927,3.2161103593646927,3.2161103593646927,3.2161103593646927,3.2161103593646927,3.2161103593646927,3.2161103593646927,3.2161103593646927,3.2161103593646927,3.2161103593646927,3.2161103593646927,3.2161103593646927,3.2161103593646927,3.2161103593646927,3.2161103593646927,3.2161103593646927,3.2161103593646927,3.2161103593646927,3.2161103593646927,3.2161103593646927,3.2161103593646927,3.2161103593646927,3.2161103593646927,3.2161103593646927,3.2161103593646927,3.2161103593646927,3.2161103593646927,3.2161103593646927,3.2161103593646927,3.2161103593646927,3.2161103593646927,3.2161103593646927,3.2161103593646927,3.2161103593646927,3.2161103593646927,3.2161103593646927,3.2161103593646927,3.2161103593646927,3.2161103593646927,3.2161103593646927,3.2161103593646927,3.2161103593646927,3.2161103593646927,3.2161103593646927,3.2161103593646927,3.2161103593646927,3.2161103593646927,3.2161103593646927,3.2161103593646927,3.2161103593646927,3.2161103593646927,3.2161103593646927,3.2161103593646927,3.2161103593646927,3.2161103593646927,3.2161103593646927,3.2161103593646927,3.2161103593646927,3.2161103593646927,3.2161103593646927,3.2161103593646927,3.2161103593646927,3.2161103593646927,3.2161103593646927,3.2161103593646927,3.2161103593646927,3.2161103593646927,3.2161103593646927,3.2161103593646927,3.2161103593646927,3.2161103593646927,3.2161103593646927,3.2161103593646927,3.2161103593646927,3.2161103593646927,3.2161103593646927,3.2161103593646927,3.2161103593646927,3.2161103593646927,3.2161103593646927,3.2161103593646927,3.2161103593646927,3.2161103593646927,3.2161103593646927,3.2161103593646927,3.2161103593646927,3.2161103593646927,3.2161103593646927,3.2161103593646927,3.2161103593646927,3.2161103593646927,3.2161103593646927,3.2161103593646927,3.2161103593646927,3.2161103593646927,3.2161103593646927,3.2161103593646927,3.2161103593646927,3.2161103593646927,3.2161103593646927,3.2161103593646927,3.2161103593646927,3.2161103593646927,3.2161103593646927,3.2161103593646927,3.2161103593646927,3.2161103593646927,3.2161103593646927,3.2161103593646927,3.2161103593646927,3.2161103593646927,3.2161103593646927,3.2161103593646927,3.2161103593646927,3.2161103593646927,3.2161103593646927,3.2161103593646927,3.2161103593646927,3.2161103593646927,3.2161103593646927,3.2161103593646927,3.2161103593646927,3.2161103593646927,3.2161103593646927,3.2161103593646927,3.2161103593646927,3.2161103593646927,3.2161103593646927,3.2161103593646927,3.2161103593646927,3.2161103593646927,3.2161103593646927,3.2161103593646927,3.2161103593646927,3.2161103593646927,3.2161103593646927,3.2161103593646927,3.2161103593646927,3.2161103593646927,3.2161103593646927,3.2161103593646927,3.2161103593646927,3.2161103593646927,3.2161103593646927,3.2161103593646927,3.2161103593646927,3.2161103593646927,3.2161103593646927,3.2161103593646927,3.2161103593646927,3.2161103593646927,3.2161103593646927,3.2161103593646927,3.2161103593646927,3.2161103593646927,3.2161103593646927,3.2161103593646927,3.2161103593646927,3.2161103593646927,3.2161103593646927,3.2161103593646927,3.2161103593646927,3.2161103593646927,3.2161103593646927,3.2161103593646927,3.2161103593646927,3.2161103593646927,3.2161103593646927,3.2161103593646927,3.2161103593646927,3.2161103593646927,3.2161103593646927,3.2161103593646927,3.2161103593646927,3.2161103593646927,3.2161103593646927,3.2161103593646927,3.2161103593646927,3.2161103593646927,3.2161103593646927,3.2161103593646927,3.2161103593646927,3.2161103593646927,3.2161103593646927,3.2161103593646927,3.2161103593646927,3.2161103593646927,3.2161103593646927,3.2161103593646927,3.2161103593646927,3.2161103593646927,3.2161103593646927,3.2161103593646927,3.2161103593646927,3.2161103593646927,3.2161103593646927,3.2161103593646927,3.2161103593646927,3.2161103593646927,3.2161103593646927,3.2161103593646927,3.2161103593646927,3.2161103593646927,3.2161103593646927,3.2161103593646927,3.2161103593646927,3.2161103593646927,3.2161103593646927,3.2161103593646927,3.2161103593646927,3.2161103593646927,3.2161103593646927,3.2161103593646927,3.2161103593646927,3.2161103593646927,3.2161103593646927,3.2161103593646927,3.2161103593646927,3.2161103593646927,3.2161103593646927,3.2161103593646927,3.2161103593646927,3.2161103593646927,3.2161103593646927,3.2161103593646927,3.2161103593646927,3.2161103593646927,3.2161103593646927,3.2161103593646927,3.2161103593646927,3.2161103593646927,3.2161103593646927,3.2161103593646927,3.2161103593646927,3.2161103593646927,3.2161103593646927,3.2161103593646927,3.2161103593646927,3.2161103593646927,3.2161103593646927,3.2161103593646927,3.2161103593646927,3.2161103593646927,3.2161103593646927,3.2161103593646927,3.2161103593646927,3.2161103593646927,3.2161103593646927,3.2161103593646927,3.2161103593646927,3.2161103593646927,3.2161103593646927,3.2161103593646927,3.2161103593646927,3.2161103593646927,3.2161103593646927,3.2161103593646927,3.2161103593646927,3.2161103593646927,3.2161103593646927,3.2161103593646927,3.2161103593646927,3.2161103593646927,3.2161103593646927,3.2161103593646927,3.2161103593646927,3.2161103593646927,3.2161103593646927,3.2161103593646927,3.2161103593646927,3.2161103593646927,3.2161103593646927,3.2161103593646927,3.2161103593646927,3.2161103593646927,3.2161103593646927,3.2161103593646927,3.2161103593646927,3.2161103593646927,3.2161103593646927,3.2161103593646927,3.2161103593646927,3.2161103593646927,3.2161103593646927,3.2161103593646927,3.2161103593646927,3.2161103593646927,3.2161103593646927,3.2161103593646927,3.2161103593646927,3.2161103593646927,3.2161103593646927,3.2161103593646927,3.2161103593646927,3.2161103593646927,3.2161103593646927,3.2161103593646927,3.2161103593646927,3.2161103593646927,3.2161103593646927,3.2161103593646927,3.2161103593646927,3.2161103593646927,3.2161103593646927,3.2161103593646927,3.2161103593646927,3.2161103593646927,3.2161103593646927,3.2161103593646927,3.2161103593646927,3.2161103593646927,3.2161103593646927,3.2161103593646927,3.2161103593646927,3.2161103593646927,3.2161103593646927,3.2161103593646927,3.2161103593646927,3.2161103593646927,3.2161103593646927,3.2161103593646927,3.2161103593646927,3.2161103593646927,3.2161103593646927,3.2161103593646927,3.2161103593646927,3.2161103593646927,3.2161103593646927,3.2161103593646927,3.2161103593646927,3.2161103593646927,3.2161103593646927,3.2161103593646927,3.2161103593646927,3.2161103593646927,3.2161103593646927,3.2161103593646927,3.2161103593646927,3.2161103593646927,3.2161103593646927,3.2161103593646927,3.2161103593646927,3.2161103593646927,3.2161103593646927,3.2161103593646927,3.2161103593646927,3.2161103593646927,3.2161103593646927,3.2161103593646927,3.2161103593646927,3.2161103593646927,3.2161103593646927,3.2161103593646927,3.2161103593646927,3.2161103593646927,3.2161103593646927,3.2161103593646927,3.2161103593646927,3.2161103593646927,3.2161103593646927,3.2161103593646927,3.2161103593646927,3.2161103593646927,3.2161103593646927,3.2161103593646927,3.2161103593646927,3.2161103593646927,3.2161103593646927,3.2161103593646927,3.2161103593646927,3.2161103593646927,3.2161103593646927,3.2161103593646927,3.2161103593646927,3.2161103593646927,3.2161103593646927,3.2161103593646927,3.2161103593646927,3.2161103593646927,3.2161103593646927,3.2161103593646927,6.520060876825416,6.467217980723948,5.848231661007464,5.848231661007464,5.848231661007464,5.848231661007464,5.848231661007464,5.778776236129481,5.7677866558018485,5.7677866558018485,5.7677866558018485,5.7677866558018485,5.7677866558018485,5.7677866558018485,5.7677866558018485,5.7677866558018485,5.7677866558018485,5.7677866558018485,5.756986802578962,5.756986802578962,5.756986802578962,5.756986802578962,5.756986802578962,5.756986802578962,5.756986802578962,5.756986802578962,5.756986802578962,5.756986802578962,5.756986802578962,5.756986802578962,5.756986802578962,5.756986802578962,5.756986802578962,5.756986802578962,5.756986802578962,5.756986802578962,5.756986802578962,5.756986802578962,5.756986802578962,5.756986802578962,5.756986802578962,5.756986802578962,5.756986802578962,5.756986802578962,5.756986802578962,5.756986802578962,5.756986802578962,5.756986802578962,5.756986802578962,5.756986802578962,5.756986802578962,5.756986802578962,5.756986802578962,5.756986802578962,5.034918183110009,5.034918183110009,5.034918183110009,5.034918183110009,5.034918183110009,5.034918183110009,5.034918183110009,4.87132262895251,4.752177475443854,4.752177475443854,4.752177475443854,4.752177475443854,4.752177475443854,4.735130025130538,4.49733004835188,4.49733004835188,4.49733004835188,4.338494028629584,4.338494028629584,4.338494028629584,4.338494028629584,4.338494028629584,4.338494028629584,4.338494028629584,4.338494028629584,4.338494028629584,4.338494028629584,4.338494028629584,4.338494028629584,4.338494028629584,4.338494028629584,4.338494028629584,4.338494028629584,4.338494028629584,4.338494028629584,4.338494028629584,4.338494028629584,4.338494028629584,4.338494028629584,4.338494028629584,4.338494028629584,4.338494028629584,4.338494028629584,4.338494028629584,4.338494028629584,4.338494028629584,4.338494028629584,4.338494028629584,4.338494028629584,4.338494028629584,4.338494028629584,4.338494028629584,4.338494028629584,4.338494028629584,4.338494028629584,4.338494028629584,4.338494028629584,4.338494028629584,4.338494028629584,4.338494028629584,4.338494028629584,4.338494028629584,4.338494028629584,4.338494028629584,4.338494028629584,4.338494028629584,4.338494028629584,4.338494028629584,4.338494028629584,4.338494028629584,4.338494028629584,4.338494028629584,4.338494028629584,4.338494028629584,4.338494028629584,4.338494028629584,4.338494028629584,4.338494028629583,4.338494028629583,4.338494028629583,4.338494028629583,4.338494028629583,4.338494028629583,4.338494028629583,4.338494028629583,4.338494028629583,4.338494028629583,4.338494028629583,4.338494028629583,4.338494028629583,4.338494028629583,4.338494028629583,4.338494028629583,4.338494028629583,4.338494028629583,4.338494028629583,4.335727785940068,4.335727785940068,4.335727785940068,4.335727785940068,4.335727785940068,4.335727785940068,4.335727785940068,4.335727785940068,4.335727785940068,4.335727785940068,4.335727785940068,4.335727785940068,4.335727785940068,4.335727785940068,4.335727785940068,4.335727785940068,4.335727785940068,4.335727785940068,4.335727785940068,4.335727785940068,4.335727785940068,4.335727785940068,4.335727785940068,4.335727785940068,4.335727785940068,4.335727785940068,4.335727785940068,4.335727785940068,4.335727785940068,4.335727785940068,4.335727785940068,4.335727785940068,4.335727785940068,4.335727785940068,4.335727785940068,4.335727785940068,4.335727785940068,4.335727785940068,4.335727785940068,4.335727785940068,4.335727785940068,4.335727785940068,4.335727785940068,4.335727785940068,4.335727785940068,4.335727785940068,4.335727785940068,4.335727785940068,4.335727785940068,4.335727785940068,4.335727785940068,4.335727785940068,4.335727785940068,4.335727785940068,4.335727785940068,4.335727785940068,4.335727785940068,4.335727785940068,4.335727785940068,4.335727785940068,4.335727785940068,4.335727785940068,4.335727785940068,4.335727785940068,4.335727785940068,4.335727785940068,4.335727785940068,4.335727785940068,4.335727785940068,4.335727785940068,4.335727785940068,4.335727785940068,4.335727785940068,4.335727785940068,4.335727785940068,4.335727785940068,4.335727785940068,4.335727785940068,4.335727785940068,4.335727785940068,4.335727785940068,4.335727785940068,4.335727785940068,4.335727785940068,4.335727785940068,4.335727785940068,4.335727785940068,4.335727785940068,4.335727785940068,4.335727785940068,4.335727785940068,4.335727785940068,4.335727785940068,4.335727785940068,4.335727785940068,4.335727785940068,4.335727785940068,4.335727785940068,4.335727785940068,4.335727785940068,4.335727785940068,4.335727785940068,4.335727785940068,4.335727785940068,4.335727785940068,4.335727785940068,4.335727785940068,4.335727785940068,4.335727785940068,4.335727785940068,4.335727785940068,4.335727785940068,4.335727785940068,4.335727785940068,4.335727785940068,4.335727785940068,4.335727785940068,4.335727785940068,4.335727785940068,4.335727785940068,4.335727785940068,4.335727785940068,4.335727785940068,4.335727785940068,4.335727785940068,3.4933476839132833,3.4933476839132833,3.4546330783375665,3.4546330783375665,3.4546330783375665,3.4546330783375665,3.4546330783375665,3.4546330783375665,3.4546330783375665,3.4546330783375665,3.4546330783375665,3.4546330783375665,3.4546330783375665,3.4546330783375665,3.4546330783375665,3.4546330783375665,3.4546330783375665,3.4546330783375665,3.4546330783375665,3.4546330783375665,3.4546330783375665,3.4546330783375665,3.4546330783375665,3.4546330783375665,3.4546330783375665,3.4546330783375665,3.4546330783375665,3.4546330783375665,3.4546330783375665,3.4546330783375665,3.4546330783375665,3.4546330783375665,3.4546330783375665,3.4546330783375665,3.4546330783375665,3.4546330783375665,3.4546330783375665,3.4546330783375665,3.4546330783375665,3.4546330783375665,3.4546330783375665,3.4546330783375665,3.4546330783375665,3.4546330783375665,3.4546330783375665,3.4546330783375665,3.4546330783375665,3.4546330783375665,3.4546330783375665,3.4546330783375665,3.4546330783375665,3.4546330783375665,3.4546330783375665,3.4546330783375665,3.4546330783375665,3.4546330783375665,3.4546330783375665,3.4546330783375665,3.4546330783375665,3.4546330783375665,3.4546330783375665,3.4546330783375665,3.4546330783375665,3.4546330783375665,3.4546330783375665,3.4546330783375665,3.4546330783375665,3.4546330783375665,3.4546330783375665,3.4546330783375665,3.4546330783375665,3.4546330783375665,3.4546330783375665,3.4546330783375665,3.4546330783375665,3.4546330783375665,3.4546330783375665,3.4546330783375665,3.4546330783375665,3.4546330783375665,3.4546330783375665,3.4546330783375665,3.4546330783375665,3.4546330783375665,3.4546330783375665,3.4546330783375665,3.4546330783375665,3.4546330783375665,3.4546330783375665,3.4546330783375665,3.4546330783375665,3.4546330783375665,3.4546330783375665,3.4546330783375665,3.4546330783375665,3.4546330783375665,3.4546330783375665,3.4546330783375665,3.4546330783375665,3.4546330783375665,3.4546330783375665,3.4546330783375665,3.4546330783375665,3.4546330783375665,3.4546330783375665,3.4546330783375665,3.4546330783375665,3.4546330783375665,3.4546330783375665,3.4546330783375665,3.4546330783375665,3.4546330783375665,3.4546330783375665,3.4546330783375665,3.4546330783375665,3.4546330783375665,3.4546330783375665,3.4546330783375665,3.4546330783375665,3.4546330783375665,3.4546330783375665,3.4546330783375665,3.4546330783375665,3.4546330783375665,3.4546330783375665,3.4546330783375665,3.4546330783375665,3.4546330783375665,3.4546330783375665,3.4546330783375665,3.4546330783375665,3.4546330783375665,3.4546330783375665,3.4546330783375665,3.4546330783375665,3.4546330783375665,3.4546330783375665,3.4546330783375665,3.4546330783375665,3.4546330783375665,3.4546330783375665,3.4546330783375665,3.4546330783375665,3.4546330783375665,3.4546330783375665,3.4546330783375665,3.4546330783375665,3.4546330783375665,3.4546330783375665,3.4546330783375665,3.4546330783375665,3.4546330783375665,3.4546330783375665,3.4546330783375665,3.4546330783375665,3.4546330783375665,3.4546330783375665,3.4546330783375665,3.4546330783375665,3.4546330783375665,3.4546330783375665,3.4546330783375665,3.4546330783375665,3.4546330783375665,3.4546330783375665,3.4546330783375665,3.4546330783375665,3.4546330783375665,3.4546330783375665,3.4546330783375665,3.4546330783375665,3.4546330783375665,3.4546330783375665,3.4546330783375665,3.4546330783375665,3.4546330783375665,3.4546330783375665,3.4546330783375665,3.4546330783375665,3.4546330783375665,3.4546330783375665,3.4546330783375665,3.4546330783375665,3.4546330783375665,3.4546330783375665,3.4546330783375665,3.4546330783375665,3.4546330783375665,3.4546330783375665,3.4546330783375665,3.4546330783375665,3.4546330783375665,3.4546330783375665,3.4546330783375665,3.4546330783375665,3.4546330783375665,3.4546330783375665,3.4546330783375665,3.4546330783375665,3.4546330783375665,3.4546330783375665,3.4546330783375665,3.4546330783375665,3.4546330783375665,3.233031609054122,2.7147610876301016,2.7147610876301016,2.7147610876301016,2.7147610876301016,2.7147610876301016,2.7147610876301016,2.7147610876301016,2.7147610876301016,2.7147610876301016,2.7147610876301016,2.7147610876301016,2.7147610876301016,2.7147610876301016,2.7147610876301016,2.7147610876301016,2.7147610876301016,2.7147610876301016,2.7147610876301016,2.7147610876301016,2.7147610876301016,2.7147610876301016,2.7147610876301016,2.7147610876301016,2.7147610876301016,2.7147610876301016,2.7147610876301016,2.7147610876301016,2.7147610876301016,2.7147610876301016,2.7147610876301016,2.7147610876301016,2.7147610876301016,2.7147610876301016,2.7147610876301016,2.7147610876301016,2.7147610876301016,2.7147610876301016,2.7147610876301016,2.7147610876301016,2.7147610876301016,2.7147610876301016,2.7147610876301016,2.7147610876301016,2.7147610876301016,2.7147610876301016,2.7147610876301016,2.7147610876301016,2.7147610876301016,2.7147610876301016,2.7147610876301016,2.7147610876301016,2.7147610876301016,2.7147610876301016,2.7147610876301016,2.7147610876301016,2.7147610876301016,2.7147610876301016,2.7147610876301016,2.7147610876301016,2.7147610876301016,2.7147610876301016,2.7147610876301016,2.7147610876301016,2.7147610876301016,2.7147610876301016,2.7147610876301016,2.7147610876301016,2.7147610876301016,2.7147610876301016,2.7147610876301016,2.7147610876301016,2.7147610876301016,2.7147610876301016,2.7147610876301016,2.7147610876301016,2.7147610876301016,2.7147610876301016,2.7147610876301016,2.7147610876301016,2.7147610876301016,2.7147610876301016,2.7147610876301016,2.7147610876301016,2.7147610876301016,2.7147610876301016,2.7147610876301016,2.7147610876301016,2.7147610876301016,2.7147610876301016,2.7147610876301016,2.7147610876301016,2.7147610876301016,2.7147610876301016,2.7147610876301016,2.7147610876301016,2.7147610876301016,2.7147610876301016,2.7147610876301016,2.7147610876301016,2.7147610876301016,2.7147610876301016,2.7147610876301016,2.7147610876301016,2.7147610876301016,2.7147610876301016,2.7147610876301016,2.7147610876301016,2.7147610876301016,2.7147610876301016,2.7147610876301016,2.7147610876301016,2.7147610876301016,2.7147610876301016,2.7147610876301016,2.7147610876301016,2.7147610876301016,2.7147610876301016,2.7147610876301016,2.7147610876301016,2.7147610876301016,2.7147610876301016,2.7147610876301016,2.7147610876301016,2.7147610876301016,2.7147610876301016,2.7147610876301016,2.7147610876301016,2.7147610876301016,2.7147610876301016,2.7147610876301016,2.7147610876301016,2.7147610876301016,2.7147610876301016,2.7147610876301016,2.7147610876301016,2.7147610876301016,2.7147610876301016,2.7147610876301016,2.7147610876301016,2.7147610876301016,2.7147610876301016,2.7147610876301016,2.7147610876301016,2.7147610876301016,2.7147610876301016,2.7147610876301016,2.7147610876301016,2.7147610876301016,2.7147610876301016,2.7147610876301016,2.7147610876301016,2.7147610876301016,2.7147610876301016,2.7147610876301016,2.7147610876301016,2.7147610876301016,2.7147610876301016,2.7147610876301016,2.7147610876301016,2.7147610876301016,2.7147610876301016,2.7147610876301016,2.7147610876301016,2.7147610876301016,2.7147610876301016,2.7147610876301016,2.7147610876301016,2.7147610876301016,2.7147610876301016,2.7147610876301016,2.7147610876301016,2.7147610876301016,2.7147610876301016,2.7147610876301016,2.7147610876301016,2.7147610876301016,2.7147610876301016,2.7147610876301016,2.7147610876301016,2.7147610876301016,2.7147610876301016,2.7147610876301016,2.7147610876301016,2.7147610876301016,2.7147610876301016,2.7147610876301016,2.7147610876301016,2.7147610876301016,2.7147610876301016,2.7147610876301016,2.7147610876301016,2.7147610876301016,2.7147610876301016,2.7147610876301016,2.7147610876301016,2.7147610876301016,2.7147610876301016,2.7147610876301016,2.7147610876301016,2.7147610876301016,2.7147610876301016,2.7147610876301016,2.7147610876301016,2.7147610876301016,2.7147610876301016,2.7147610876301016,2.7147610876301016,2.7147610876301016,2.7147610876301016,2.7147610876301016,2.7147610876301016,2.7147610876301016,2.7147610876301016,2.7147610876301016,2.7147610876301016,2.7147610876301016,2.7147610876301016,2.7147610876301016,2.7147610876301016,2.7147610876301016,2.7147610876301016,2.7147610876301016,2.7147610876301016,2.7147610876301016,2.7147610876301016,2.7147610876301016,2.7147610876301016,2.7147610876301016,2.7147610876301016,2.7147610876301016,2.7147610876301016,2.7147610876301016,2.7147610876301016,2.7147610876301016,2.7147610876301016,2.7147610876301016,2.7147610876301016,2.7147610876301016,2.7147610876301016,2.7147610876301016,2.7147610876301016,2.7147610876301016,2.7147610876301016,2.7147610876301016,2.7147610876301016,2.7147610876301016,2.7147610876301016,2.7147610876301016,2.7147610876301016,2.7147610876301016,2.7147610876301016,2.7147610876301016,2.7147610876301016,2.7147610876301016,2.7147610876301016,2.7147610876301016,2.7147610876301016,2.7147610876301016,2.7147610876301016,2.7147610876301016,2.7147610876301016,2.7147610876301016,2.7147610876301016,2.7147610876301016,2.7147610876301016,2.7147610876301016,2.7147610876301016,2.7147610876301016,2.7147610876301016,2.7147610876301016,2.7147610876301016,2.7147610876301016,2.7147610876301016,2.7147610876301016,2.7147610876301016,2.7147610876301016,2.7147610876301016,2.7147610876301016,2.7147610876301016,2.7147610876301016,2.7147610876301016,2.7147610876301016,2.7147610876301016,2.7147610876301016,2.7147610876301016,2.7147610876301016,2.7147610876301016,2.7147610876301016,2.7147610876301016,2.7147610876301016,2.7147610876301016,2.7147610876301016,2.7147610876301016,2.7147610876301016,2.7147610876301016,2.7147610876301016,2.7147610876301016,2.7147610876301016,2.7147610876301016,2.7147610876301016,2.7147610876301016,2.7147610876301016,2.7147610876301016,2.7147610876301016,2.7147610876301016,2.7147610876301016,2.7147610876301016,2.7147610876301016,2.7147610876301016,2.7147610876301016,2.7147610876301016,2.7147610876301016,2.7147610876301016,2.7147610876301016,2.7147610876301016,2.7147610876301016,2.7147610876301016,2.7147610876301016,2.7147610876301016,2.7147610876301016,2.7147610876301016,2.7147610876301016,2.7147610876301016,2.7147610876301016,2.7147610876301016,2.7147610876301016,2.7147610876301016,2.7147610876301016,2.7147610876301016,2.7147610876301016,2.7147610876301016,2.7147610876301016,2.7147610876301016,2.7147610876301016,2.7147610876301016,2.7147610876301016,2.7147610876301016,2.7147610876301016,2.7147610876301016,2.7147610876301016,2.7147610876301016,2.7147610876301016,2.7147610876301016,2.7147610876301016,2.7147610876301016,2.7147610876301016,2.7147610876301016,2.7147610876301016,2.7147610876301016,2.7147610876301016,2.7147610876301016,2.7147610876301016,2.7147610876301016,2.7147610876301016,2.7147610876301016,2.7147610876301016,2.7147610876301016,2.7147610876301016,2.7147610876301016,2.7147610876301016,2.7147610876301016,2.7147610876301016,2.7147610876301016,2.7147610876301016,2.7147610876301016,2.7147610876301016,2.7147610876301016,2.7147610876301016,2.7147610876301016,2.7147610876301016,2.7147610876301016,2.7147610876301016,2.7147610876301016,2.7147610876301016,2.7147610876301016,2.7147610876301016,2.7147610876301016,2.7147610876301016,2.7147610876301016,2.7147610876301016,2.7147610876301016,2.7147610876301016,2.7147610876301016,2.7147610876301016,2.7147610876301016,2.7147610876301016,2.7147610876301016,2.7147610876301016,2.7147610876301016,2.7147610876301016,2.7147610876301016,2.7147610876301016,2.7147610876301016,2.7147610876301016,2.7147610876301016,2.7147610876301016,2.7147610876301016,2.7147610876301016,2.7147610876301016,2.7147610876301016,2.7147610876301016,2.7147610876301016,2.7147610876301016,2.7147610876301016,2.7147610876301016,2.7147610876301016,2.7147610876301016,2.7147610876301016,2.7147610876301016,2.7147610876301016,2.7147610876301016,2.7147610876301016,2.7147610876301016,2.7147610876301016,2.7147610876301016,2.7147610876301016,2.7147610876301016,2.7147610876301016,2.7147610876301016,2.7147610876301016,2.7147610876301016,2.7147610876301016,2.7147610876301016,2.7147610876301016,2.7147610876301016,2.7147610876301016,2.7147610876301016,2.7147610876301016,2.7147610876301016,2.7147610876301016,2.7147610876301016,2.7147610876301016,2.7147610876301016,2.7147610876301016,2.7147610876301016,2.7147610876301016,2.7147610876301016,2.7147610876301016,2.7147610876301016,2.7147610876301016,2.7147610876301016,2.7147610876301016,2.7147610876301016,2.7147610876301016,2.7147610876301016,2.7147610876301016,2.7147610876301016,2.7147610876301016,2.7147610876301016,2.7147610876301016,2.7147610876301016,2.7147610876301016,2.7147610876301016,2.7147610876301016,2.7147610876301016,2.7147610876301016,2.7147610876301016,2.7147610876301016,2.7147610876301016,2.7147610876301016,2.7147610876301016,2.7147610876301016,2.7147610876301016,2.7147610876301016,2.7147610876301016,2.7147610876301016,2.7147610876301016,2.7147610876301016,2.7147610876301016,2.7147610876301016,2.7147610876301016,2.7147610876301016,2.7147610876301016,2.7147610876301016,2.7147610876301016,2.7147610876301016,2.7147610876301016,2.7147610876301016,2.7147610876301016,2.7147610876301016,2.7147610876301016,2.7147610876301016,2.7147610876301016,2.7147610876301016,2.7147610876301016,2.7147610876301016,2.7147610876301016,2.7147610876301016,2.7147610876301016,2.7147610876301016,2.7147610876301016,2.7147610876301016,2.7147610876301016,2.7147610876301016,2.7147610876301016,2.7147610876301016,2.7147610876301016,2.7147610876301016,2.7147610876301016,2.7147610876301016,2.7147610876301016,2.7147610876301016,2.7147610876301016,2.7147610876301016,2.7147610876301016,2.7147610876301016,2.7147610876301016,2.7147610876301016,2.7147610876301016,2.7147610876301016,2.7147610876301016,2.7147610876301016,2.7147610876301016,2.7147610876301016,2.7147610876301016,2.7147610876301016,2.7147610876301016,2.7147610876301016,2.7147610876301016,2.7147610876301016,7.359039518596349,7.226167286167187,7.226167286167187,7.226167286167187,7.226167286167187,7.226167286167187,7.226167286167187,7.226167286167187,6.544668477902392,6.544668477902392,6.544668477902392,6.544668477902392,6.520253481910183,6.520253481910183,6.520253481910183,6.520253481910183,6.520253481910183,6.520253481910183,6.520253481910183,6.520253481910183,6.51365087390411,6.466290542142158,6.466290542142158,6.466290542142158,6.466290542142158,6.466290542142158,6.466290542142158,6.466290542142158,6.466290542142158,6.466290542142158,6.466290542142158,6.466290542142158,6.466290542142158,6.466290542142158,6.466290542142158,6.466290542142158,6.1484459054683125,6.1484459054683125,6.1484459054683125,6.1484459054683125,6.1484459054683125,6.1484459054683125,6.1484459054683125,6.1484459054683125,6.1484459054683125,6.1484459054683125,6.1484459054683125,6.1484459054683125,6.1484459054683125,6.1484459054683125,6.1484459054683125,6.1484459054683125,6.1484459054683125,6.1484459054683125,6.1484459054683125,6.1484459054683125,6.1484459054683125,6.1484459054683125,6.1484459054683125,6.1484459054683125,6.1484459054683125,6.1484459054683125,6.1484459054683125,6.1484459054683125,6.123386687460228,6.123386687460228,6.123386687460228,6.123386687460228,6.123386687460228,6.123386687460228,6.123386687460228,6.123386687460228,6.123386687460228,6.123386687460228,6.123386687460228,6.123386687460228,6.123386687460228,6.123386687460228,6.123386687460228,6.123386687460228,6.123386687460228,6.123386687460228,6.123386687460228,6.123386687460228,6.123386687460228,6.123386687460228,6.123386687460228,6.123386687460228,6.123386687460228,6.123386687460228,6.123386687460228,6.123386687460228,6.123386687460228,6.123386687460228,6.123386687460228,6.123386687460228,6.123386687460228,6.123386687460228,6.123386687460228,6.123386687460228,6.123386687460228,6.123386687460228,6.123386687460228,6.123386687460228,6.123386687460228,6.123386687460228,6.123386687460228,6.123386687460228,6.123386687460228,6.123386687460228,5.457527367532366,4.970767503478393,4.970767503478393,4.946390096962868,4.946390096962868,4.946390096962868,4.946390096962868,4.839455420904469,4.839455420904469,4.839455420904469,4.839455420904469,4.839455420904469,4.839455420904469,4.839455420904469,4.626632656915869,4.626632656915869,4.626632656915869,4.626632656915869,4.626632656915869,4.626632656915869,4.626632656915869,4.626632656915869,4.626632656915869,4.626632656915869,4.626632656915869,4.626632656915869,4.626632656915869,4.626632656915869,4.626632656915869,4.626632656915869,4.626632656915869,4.626632656915869,4.626632656915869,4.626632656915869,4.626632656915869,4.626632656915869,4.626632656915869,4.626632656915869,4.626632656915869,4.626632656915869,4.626632656915869,4.626632656915869,4.478369270157286,4.478369270157286,4.478369270157286,4.478369270157286,4.478369270157286,4.478369270157286,4.478369270157286,4.478369270157286,4.478369270157286,4.478369270157286,4.478369270157286,4.478369270157286,4.478369270157286,4.478369270157286,4.478369270157286,4.478369270157286,4.478369270157286,4.478369270157286,4.478369270157286,4.478369270157286,4.478369270157286,4.478369270157286,4.478369270157286,4.478369270157286,4.478369270157286,4.3946873090405685,4.3946873090405685,4.3946873090405685,4.3946873090405685,4.3946873090405685,4.3946873090405685,4.3946873090405685,4.3946873090405685,4.3946873090405685,4.3946873090405685,4.3946873090405685,4.3946873090405685,4.3946873090405685,4.3946873090405685,4.3946873090405685,4.3946873090405685,4.3946873090405685,4.3946873090405685,4.3946873090405685,4.3946873090405685,4.3946873090405685,4.3946873090405685,4.3946873090405685,4.3946873090405685,4.3946873090405685,4.3946873090405685,4.3946873090405685,4.3946873090405685,4.3946873090405685,4.3946873090405685,4.3946873090405685,4.3946873090405685,4.3946873090405685,4.3946873090405685,4.3946873090405685,4.3946873090405685,4.3946873090405685,4.3946873090405685,4.3946873090405685,4.3946873090405685,4.3946873090405685,4.3946873090405685,4.3946873090405685,4.3946873090405685,4.3946873090405685,4.3946873090405685,4.3946873090405685,4.3946873090405685,4.3946873090405685,4.3946873090405685,4.3946873090405685,4.3946873090405685,4.3946873090405685,4.3946873090405685,4.3946873090405685,4.3946873090405685,4.3946873090405685,4.3946873090405685,4.3946873090405685,4.3946873090405685,4.3946873090405685,4.3946873090405685,4.3946873090405685,4.3946873090405685,4.3946873090405685,4.3946873090405685,4.3946873090405685,4.3946873090405685,4.3946873090405685,4.3946873090405685,4.3946873090405685,4.3946873090405685,4.3946873090405685,4.3946873090405685,4.3946873090405685,4.3946873090405685,4.3946873090405685,4.3946873090405685,4.3946873090405685,4.3946873090405685,4.3946873090405685,4.3946873090405685,4.3946873090405685,4.3946873090405685,4.3946873090405685,4.3946873090405685,4.3946873090405685,4.3946873090405685,4.3946873090405685,4.3946873090405685,4.3946873090405685,4.3946873090405685,4.3946873090405685,4.3946873090405685,4.3946873090405685,4.3946873090405685,4.3946873090405685,4.3946873090405685,4.3946873090405685,4.3946873090405685,4.3946873090405685,4.3946873090405685,4.3946873090405685,4.3946873090405685,4.3946873090405685,4.3946873090405685,4.3946873090405685,4.3946873090405685,4.3946873090405685,4.3946873090405685,4.3946873090405685,4.3946873090405685,4.3946873090405685,4.3946873090405685,4.3946873090405685,4.3946873090405685,4.3946873090405685,4.3946873090405685,4.3946873090405685,4.3946873090405685,4.3946873090405685,4.3946873090405685,4.3946873090405685,4.3946873090405685,4.3946873090405685,4.3946873090405685,4.3946873090405685,4.3946873090405685,4.3946873090405685,4.3946873090405685,4.3946873090405685,4.3946873090405685,4.3946873090405685,4.3946873090405685,4.3946873090405685,4.3946873090405685,4.3946873090405685,4.3946873090405685,4.3946873090405685,4.3946873090405685,4.3946873090405685,4.3946873090405685,4.3946873090405685,4.3946873090405685,4.3946873090405685,4.3946873090405685,4.3946873090405685,4.3946873090405685,4.3946873090405685,4.3946873090405685,4.3946873090405685,4.3946873090405685,4.3946873090405685,4.3946873090405685,4.3946873090405685,4.3946873090405685,4.3946873090405685,4.3946873090405685,4.3946873090405685,4.3946873090405685,4.3946873090405685,4.3946873090405685,4.3946873090405685,4.3946873090405685,4.3946873090405685,4.3946873090405685,4.3946873090405685,4.3946873090405685,4.3946873090405685,4.3946873090405685,4.3946873090405685,4.3946873090405685,4.3946873090405685,4.3946873090405685,4.3946873090405685,4.3946873090405685,4.3946873090405685,4.3946873090405685,4.3946873090405685,4.3946873090405685,4.3946873090405685,4.3946873090405685,4.3946873090405685,4.3946873090405685,4.3946873090405685,4.3946873090405685,4.3946873090405685,4.3946873090405685,4.3946873090405685,4.3946873090405685,4.3946873090405685,4.3946873090405685,4.3946873090405685,4.3946873090405685,4.3946873090405685,4.3946873090405685,4.3946873090405685,4.3946873090405685,4.3946873090405685,4.3946873090405685,4.3946873090405685,4.3946873090405685,4.3946873090405685,4.3946873090405685,4.3946873090405685,4.3946873090405685,4.3946873090405685,4.3946873090405685,4.3946873090405685,4.3946873090405685,4.3946873090405685,4.3946873090405685,4.3946873090405685,4.3946873090405685,4.3946873090405685,4.3946873090405685,4.3946873090405685,4.3946873090405685,4.3946873090405685,4.3946873090405685,4.3946873090405685,4.3946873090405685,4.3946873090405685,4.3946873090405685,4.3946873090405685,4.3946873090405685,4.3946873090405685,4.3946873090405685,4.3946873090405685,4.3946873090405685,4.3946873090405685,4.3946873090405685,4.3946873090405685,4.3946873090405685,4.3946873090405685,4.3946873090405685,4.3946873090405685,4.3946873090405685,4.3946873090405685,4.3946873090405685,4.3946873090405685,4.3946873090405685,4.3946873090405685,4.3946873090405685,4.3946873090405685,4.3946873090405685,4.3946873090405685,4.3946873090405685,4.3946873090405685,4.3946873090405685,4.3946873090405685,4.3946873090405685,4.3946873090405685,4.3946873090405685,4.3946873090405685,4.3946873090405685,4.3946873090405685,4.3946873090405685,4.3946873090405685,4.3946873090405685,4.3946873090405685,4.3946873090405685,4.3946873090405685,4.3946873090405685,4.3946873090405685,4.3946873090405685,4.3946873090405685,4.3946873090405685,4.3946873090405685,4.3946873090405685,4.3946873090405685,4.3946873090405685,4.3946873090405685,4.3946873090405685,4.3946873090405685,4.3946873090405685,4.3946873090405685,4.3946873090405685,4.3946873090405685,4.3946873090405685,4.3946873090405685,4.3946873090405685,4.3946873090405685,4.3946873090405685,4.3946873090405685,4.3946873090405685,4.3946873090405685,4.3946873090405685,4.3946873090405685,4.3946873090405685,4.3946873090405685,4.3946873090405685,4.3946873090405685,4.3946873090405685,4.3946873090405685,4.3946873090405685,4.3946873090405685,4.3946873090405685,4.3946873090405685,4.3946873090405685,4.3946873090405685,4.3946873090405685,4.3946873090405685,4.3946873090405685,4.3946873090405685,4.3946873090405685,4.3946873090405685,4.3946873090405685,4.3946873090405685,4.3946873090405685,4.3946873090405685,4.3946873090405685,4.3946873090405685,4.3946873090405685,4.3946873090405685,4.3946873090405685,4.3946873090405685,4.3946873090405685,4.3946873090405685,4.3946873090405685,4.3946873090405685,4.3946873090405685,4.3946873090405685,4.3946873090405685,4.3946873090405685,4.3946873090405685,4.3946873090405685,4.3946873090405685,4.3946873090405685,4.3946873090405685,4.3946873090405685,4.3946873090405685,4.3946873090405685,4.3946873090405685,4.3946873090405685,4.3946873090405685,4.3946873090405685,4.3946873090405685,4.3946873090405685,4.3946873090405685,4.3946873090405685,4.3946873090405685,4.3946873090405685,4.3946873090405685,4.3946873090405685,4.3946873090405685,4.3946873090405685,4.3946873090405685,4.3946873090405685,4.3946873090405685,4.3946873090405685,4.3946873090405685,4.3946873090405685,4.3946873090405685,4.3946873090405685,4.3946873090405685,4.3946873090405685,4.3946873090405685,4.3946873090405685,4.3946873090405685,4.3946873090405685,4.3946873090405685,4.3946873090405685,4.3946873090405685,4.3946873090405685,4.3946873090405685,4.3946873090405685,4.3946873090405685,4.3946873090405685,4.3946873090405685,4.3946873090405685,4.3946873090405685,4.3946873090405685,4.3946873090405685,4.3946873090405685,4.3946873090405685,4.3946873090405685,4.3946873090405685,4.3946873090405685,4.3946873090405685,4.3946873090405685,4.3946873090405685,4.3946873090405685,4.3946873090405685,4.3946873090405685,4.3946873090405685,4.3946873090405685,4.3946873090405685,4.3946873090405685,4.3946873090405685,4.3946873090405685,4.3946873090405685,4.3946873090405685,4.3946873090405685,4.3946873090405685,4.3946873090405685,4.3946873090405685,4.3946873090405685,4.3946873090405685,4.3946873090405685,4.3946873090405685,4.3946873090405685,4.3946873090405685,4.3946873090405685,4.3946873090405685,4.3946873090405685,4.3946873090405685,4.3946873090405685,4.3946873090405685,4.3946873090405685,4.3946873090405685,4.3946873090405685,4.3946873090405685,4.3946873090405685,4.3946873090405685,4.3946873090405685,4.3946873090405685,4.3946873090405685,4.3946873090405685,4.3946873090405685,4.3946873090405685,4.3946873090405685,4.3946873090405685,4.3946873090405685,4.3946873090405685,4.3946873090405685,4.3946873090405685,4.3946873090405685,4.3946873090405685,4.3946873090405685,4.3946873090405685,4.3946873090405685,4.3946873090405685,4.3946873090405685,4.3946873090405685,4.3946873090405685,4.3946873090405685,4.3946873090405685,4.3946873090405685,4.3946873090405685,4.3946873090405685,4.3946873090405685,4.3946873090405685,4.3946873090405685,4.3946873090405685,4.3946873090405685,4.3946873090405685,4.3946873090405685,4.3946873090405685,4.3946873090405685,4.3946873090405685,4.3946873090405685,4.3946873090405685,4.3946873090405685,4.3946873090405685,4.3946873090405685,4.3946873090405685,4.3946873090405685,4.3946873090405685,4.3946873090405685,4.3946873090405685,4.3946873090405685,4.3946873090405685,4.3946873090405685,4.3946873090405685,4.3946873090405685,4.3946873090405685,4.3946873090405685,4.3946873090405685,4.3946873090405685,4.3946873090405685,4.3946873090405685,4.3946873090405685,4.3946873090405685,4.3946873090405685,4.3946873090405685,4.3946873090405685,4.3946873090405685,4.3946873090405685,4.3946873090405685,4.3946873090405685,4.3946873090405685,4.3946873090405685,4.3946873090405685,4.3946873090405685,4.3946873090405685,4.3946873090405685,4.3946873090405685,4.3946873090405685,4.3946873090405685,4.3946873090405685,4.3946873090405685,4.3946873090405685,4.3946873090405685,4.3946873090405685,4.3946873090405685,4.3946873090405685,4.3946873090405685,4.3946873090405685,4.3946873090405685,4.3946873090405685,4.3946873090405685,4.3946873090405685,4.3946873090405685,4.3946873090405685,4.3946873090405685,4.3946873090405685,4.3946873090405685,4.3946873090405685,4.3946873090405685,4.3946873090405685,4.3946873090405685,4.3946873090405685,4.3946873090405685,4.3946873090405685,4.3946873090405685,4.3946873090405685,4.3946873090405685,4.3946873090405685,4.3946873090405685,4.3946873090405685,4.3946873090405685,4.3946873090405685,4.3946873090405685,4.3946873090405685,4.3946873090405685,4.3946873090405685,4.3946873090405685,4.3946873090405685,4.3946873090405685,4.3946873090405685,4.3946873090405685,4.3946873090405685,4.3946873090405685,4.3946873090405685,4.3946873090405685,4.3946873090405685,4.3946873090405685,4.3946873090405685,4.3946873090405685,4.3946873090405685,4.3946873090405685,4.3946873090405685,4.3946873090405685,4.3946873090405685,4.3946873090405685,4.3946873090405685,4.3946873090405685,4.3946873090405685,4.3946873090405685,4.3946873090405685,4.3946873090405685,4.3946873090405685,4.3946873090405685,4.3946873090405685,4.3946873090405685,4.3946873090405685,4.3946873090405685,4.3946873090405685,4.3946873090405685,4.3946873090405685,4.3946873090405685,4.3946873090405685,4.3946873090405685,4.3946873090405685,4.3946873090405685,4.3946873090405685,4.3946873090405685,4.3946873090405685,4.3946873090405685,4.3946873090405685,4.3946873090405685,4.3946873090405685,4.3946873090405685,4.3946873090405685,4.3946873090405685,4.3946873090405685,4.3946873090405685,4.3946873090405685,4.3946873090405685,4.3946873090405685,4.3946873090405685,4.3946873090405685,4.3946873090405685,4.3946873090405685,4.3946873090405685,4.3946873090405685,4.3946873090405685,4.3946873090405685,4.3946873090405685,4.3946873090405685,4.3946873090405685,4.3946873090405685,4.3946873090405685,4.3946873090405685,4.3946873090405685,4.3946873090405685,4.3946873090405685,4.3946873090405685,4.3946873090405685,4.3946873090405685,4.3946873090405685,4.3946873090405685,4.3946873090405685,4.3946873090405685,4.3946873090405685,4.3946873090405685,4.3946873090405685,4.3946873090405685,4.3946873090405685,4.3946873090405685,4.3946873090405685,4.3946873090405685,4.3946873090405685,4.3946873090405685,4.3946873090405685,4.3946873090405685,4.3946873090405685,4.3946873090405685,4.3946873090405685,4.3946873090405685,4.3946873090405685,4.3946873090405685,4.3946873090405685,4.3946873090405685,4.3946873090405685,4.3946873090405685,4.3946873090405685,4.3946873090405685,4.3946873090405685,4.3946873090405685,4.3946873090405685,4.3946873090405685,4.3946873090405685,4.3946873090405685,4.3946873090405685,4.3946873090405685,4.3946873090405685,4.3946873090405685,4.3946873090405685,4.3946873090405685,4.3946873090405685,4.3946873090405685,4.3946873090405685,4.3946873090405685,4.3946873090405685,4.3946873090405685,4.3946873090405685,4.3946873090405685,4.3946873090405685,4.3946873090405685,4.3946873090405685,4.3946873090405685,4.3946873090405685,4.3946873090405685,4.3946873090405685,4.3946873090405685,4.3946873090405685,4.3946873090405685,4.3946873090405685,4.3946873090405685,4.3946873090405685,4.3946873090405685,4.3946873090405685,4.3946873090405685,4.3946873090405685,4.3946873090405685,4.3946873090405685,4.3946873090405685,4.3946873090405685,4.3946873090405685,4.3946873090405685,4.3946873090405685,4.3946873090405685,4.3946873090405685,4.3946873090405685,4.3946873090405685,4.3946873090405685,4.3946873090405685,4.3946873090405685,4.3946873090405685,4.3946873090405685,4.3946873090405685,4.3946873090405685,4.3946873090405685,4.3946873090405685,4.3946873090405685,4.3946873090405685,4.3946873090405685,4.3946873090405685,4.3946873090405685,4.3946873090405685,4.3946873090405685,4.3946873090405685,4.3946873090405685,4.3946873090405685,4.3946873090405685,4.3946873090405685,4.3946873090405685,4.3946873090405685,4.3946873090405685,4.3946873090405685,4.3946873090405685,4.3946873090405685,4.3946873090405685,4.3946873090405685,4.3946873090405685,4.3946873090405685,4.3946873090405685,4.3946873090405685,4.3946873090405685,4.3946873090405685,4.3946873090405685,4.3946873090405685,4.3946873090405685,4.3946873090405685,4.3946873090405685,4.3946873090405685,4.3946873090405685,4.3946873090405685,4.3946873090405685,4.3946873090405685,4.3946873090405685,4.3946873090405685,4.3946873090405685,4.3946873090405685,4.3946873090405685,4.3946873090405685,4.3946873090405685,4.3946873090405685,4.3946873090405685,4.3946873090405685,4.3946873090405685,4.3946873090405685,4.3946873090405685,4.3946873090405685,4.3946873090405685,4.3946873090405685,4.3946873090405685,4.3946873090405685,4.3946873090405685,4.3946873090405685,4.3946873090405685,4.3946873090405685,4.3946873090405685,4.3946873090405685,4.3946873090405685,4.3946873090405685,4.3946873090405685,4.3946873090405685,4.3946873090405685,4.3946873090405685,4.3946873090405685,4.3946873090405685,4.3946873090405685,4.3946873090405685,4.3946873090405685,4.3946873090405685,4.3946873090405685,4.3946873090405685,4.3946873090405685,4.3946873090405685,4.3946873090405685,4.3946873090405685,4.3946873090405685,4.3946873090405685,4.3946873090405685,4.3946873090405685,4.3946873090405685,4.3946873090405685,4.3946873090405685,4.3946873090405685,4.3946873090405685,4.3946873090405685,4.3946873090405685,4.3946873090405685,4.3946873090405685,4.3946873090405685,4.3946873090405685,4.3946873090405685,4.3946873090405685,4.3946873090405685,4.3946873090405685,4.3946873090405685,4.3946873090405685,4.3946873090405685,4.3946873090405685,4.3946873090405685,4.3946873090405685,4.3946873090405685,4.3946873090405685,4.3946873090405685,4.3946873090405685,4.3946873090405685,4.3946873090405685,4.3946873090405685,4.3946873090405685,4.3946873090405685,4.3946873090405685,4.3946873090405685,4.3946873090405685,4.3946873090405685,4.3946873090405685,4.3946873090405685,4.3946873090405685,4.3946873090405685,4.3946873090405685,4.3946873090405685,4.3946873090405685,4.3946873090405685,4.3946873090405685,4.3946873090405685,4.3946873090405685,4.3946873090405685,4.3946873090405685,4.3946873090405685,4.3946873090405685,4.3946873090405685,4.3946873090405685,4.3946873090405685,4.3946873090405685,4.3946873090405685,4.3946873090405685,8.128868004360003,8.128868004360003,6.7617840322717715,6.7617840322717715,6.7617840322717715,6.7617840322717715,6.366839545889538,5.97485261271261,5.97485261271261,5.712166797355138,5.712166797355138,5.712166797355138,5.712166797355138,5.712166797355138,5.712166797355138,5.712166797355138,5.712166797355138,5.712166797355138,5.712166797355138,5.712166797355138,5.712166797355138,5.712166797355138,5.712166797355138,5.712166797355138,5.712166797355138,5.712166797355138,5.712166797355138,5.712166797355138,5.712166797355138,5.712166797355138,5.712166797355138,5.712166797355138,5.712166797355138,5.712166797355138,5.712166797355138,5.712166797355138,5.712166797355138,5.712166797355138,5.712166797355138,5.712166797355138,5.712166797355138,5.712166797355138,5.712166797355138,5.712166797355138,5.712166797355138,5.712166797355138,5.712166797355138,5.712166797355138,5.712166797355138,5.712166797355138,5.712166797355138,5.712166797355138,5.712166797355138,5.712166797355138,5.712166797355138,5.712166797355138,5.712166797355138,5.712166797355138,5.159165732142084,5.159165732142084,5.159165732142084,5.03695490596065,5.03695490596065,5.03695490596065,4.905165392544451,4.905165392544451,4.905165392544451,4.905165392544451,4.905165392544451,4.905165392544451,4.905165392544451,4.852704806152068,4.852704806152068,4.852704806152068,4.852704806152068,4.852704806152068,4.852704806152068,4.852704806152068,4.852704806152068,4.852704806152068,4.852704806152068,4.852704806152068,4.852704806152068,4.852704806152068,4.852704806152068,4.852704806152068,4.848034960069743,4.848034960069743,4.848034960069743,4.848034960069743,4.289210795840705,4.289210795840705,4.289210795840705,4.289210795840705,4.289210795840705,4.289210795840705,4.289210795840705,4.289210795840705,4.289210795840705,4.289210795840705,4.289210795840705,4.289210795840705,4.289210795840705,4.289210795840705,4.289210795840705,4.289210795840705,4.289210795840705,4.289210795840705,4.289210795840705,4.289210795840705,4.289210795840705,4.289210795840705,4.289210795840705,4.289210795840705,4.289210795840705,4.289210795840705,4.289210795840705,4.289210795840705,4.289210795840705,4.289210795840705,4.289210795840705,4.289210795840705,4.289210795840705,4.289210795840705,4.289210795840705,4.289210795840705,4.289210795840705,4.289210795840705,4.289210795840705,4.289210795840705,4.289210795840705,4.289210795840705,4.289210795840705,4.289210795840705,4.289210795840705,4.289210795840705,4.289210795840705,4.289210795840705,4.289210795840705,4.289210795840705,4.289210795840705,4.289210795840705,4.289210795840705,4.289210795840705,4.289210795840705,4.289210795840705,4.289210795840705,4.289210795840705,4.289210795840705,4.289210795840705,4.289210795840705,4.289210795840705,4.289210795840705,4.289210795840705,4.289210795840705,4.289210795840705,4.289210795840705,4.289210795840705,4.289210795840705,4.289210795840705,4.289210795840705,4.289210795840705,4.289210795840705,4.289210795840705,4.289210795840705,4.289210795840705,4.289210795840705,4.289210795840705,4.289210795840705,4.289210795840705,4.289210795840705,4.289210795840705,4.289210795840705,4.289210795840705,4.289210795840705,4.289210795840705,4.289210795840705,4.289210795840705,4.289210795840705,4.289210795840705,4.289210795840705,4.289210795840705,4.289210795840705,4.289210795840705,4.289210795840705,4.289210795840705,4.289210795840705,4.289210795840705,4.289210795840705,4.289210795840705,4.289210795840705,4.289210795840705,4.289210795840705,4.289210795840705,4.289210795840705,4.289210795840705,4.289210795840705,4.289210795840705,4.289210795840705,4.289210795840705,4.289210795840705,4.289210795840705,4.289210795840705,4.289210795840705,4.289210795840705,4.289210795840705,4.289210795840705,4.289210795840705,4.289210795840705,4.289210795840705,4.289210795840705,4.289210795840705,4.289210795840705,4.289210795840705,4.289210795840705,4.289210795840705,4.289210795840705,4.289210795840705,4.289210795840705,4.289210795840705,4.289210795840705,4.289210795840705,4.289210795840705,4.289210795840705,4.289210795840705,4.289210795840705,4.289210795840705,4.289210795840705,4.289210795840705,4.289210795840705,4.289210795840705,4.289210795840705,4.289210795840705,4.289210795840705,4.289210795840705,4.289210795840705,4.289210795840705,4.289210795840705,4.289210795840705,4.289210795840705,4.289210795840705,4.289210795840705,4.289210795840705,4.289210795840705,4.289210795840705,4.289210795840705,4.289210795840705,4.289210795840705,4.289210795840705,4.289210795840705,4.289210795840705,4.289210795840705,4.289210795840705,4.289210795840705,4.289210795840705,4.289210795840705,3.668266537804457,3.668266537804457,3.668266537804457,3.668266537804457,3.668266537804457,3.668266537804457,3.668266537804457,3.668266537804457,3.668266537804457,3.668266537804457,3.668266537804457,3.668266537804457,3.668266537804457,3.668266537804457,3.668266537804457,3.668266537804457,3.668266537804457,3.668266537804457,3.668266537804457,3.668266537804457,3.668266537804457,3.668266537804457,3.668266537804457,3.668266537804457,3.668266537804457,3.668266537804457,3.668266537804457,3.668266537804457,3.668266537804457,3.668266537804457,3.668266537804457,3.668266537804457,3.668266537804457,3.668266537804457,3.668266537804457,3.668266537804457,3.668266537804457,3.668266537804457,3.668266537804457,3.668266537804457,3.668266537804457,3.668266537804457,3.668266537804457,3.668266537804457,3.668266537804457,3.668266537804457,3.668266537804457,3.668266537804457,3.668266537804457,3.668266537804457,3.668266537804457,3.668266537804457,3.668266537804457,3.668266537804457,3.668266537804457,3.668266537804457,3.668266537804457,3.668266537804457,3.668266537804457,3.668266537804457,3.668266537804457,3.668266537804457,3.668266537804457,3.668266537804457,3.668266537804457,3.668266537804457,3.668266537804457,3.668266537804457,3.668266537804457,3.668266537804457,2.2204925239121795,2.2204925239121795,2.2204925239121795,2.2204925239121795,2.2204925239121795,2.2204925239121795,2.2204925239121795,2.2204925239121795,2.2204925239121795,2.2204925239121795,2.2204925239121795,2.2204925239121795,2.2204925239121795,2.2204925239121795,2.2204925239121795,2.2204925239121795,2.2204925239121795,2.2204925239121795,2.2204925239121795,2.2204925239121795,2.2204925239121795,2.2204925239121795,2.2204925239121795,2.2204925239121795,2.2204925239121795,2.2204925239121795,2.2204925239121795,2.2204925239121795,2.2204925239121795,2.2204925239121795,2.2204925239121795,2.2204925239121795,2.2204925239121795,2.2204925239121795,2.2204925239121795,2.2204925239121795,2.2204925239121795,2.2204925239121795,2.2204925239121795,2.2204925239121795,2.2204925239121795,2.2204925239121795,2.2204925239121795,2.2204925239121795,2.2204925239121795,2.2204925239121795,2.2204925239121795,2.2204925239121795,2.2204925239121795,2.2204925239121795,2.2204925239121795,2.2204925239121795,2.2204925239121795,2.2204925239121795,2.2204925239121795,2.2204925239121795,2.2204925239121795,2.2204925239121795,2.2204925239121795,2.2204925239121795,2.2204925239121795,2.2204925239121795,2.2204925239121795,2.2204925239121795,2.2204925239121795,2.2204925239121795,2.2204925239121795,2.2204925239121795,2.2204925239121795,2.2204925239121795,2.2204925239121795,2.2204925239121795,2.2204925239121795,2.2204925239121795,2.2204925239121795,2.2204925239121795,2.2204925239121795,2.2204925239121795,2.2204925239121795,2.2204925239121795,2.2204925239121795,2.2204925239121795,2.2204925239121795,2.2204925239121795,2.2204925239121795,2.2204925239121795,2.2204925239121795,2.2204925239121795,2.2204925239121795,2.2204925239121795,2.2204925239121795,2.2204925239121795,2.2204925239121795,2.2204925239121795,2.2204925239121795,2.2204925239121795,2.2204925239121795,2.2204925239121795,2.2204925239121795,2.2204925239121795,2.2204925239121795,2.2204925239121795,2.2204925239121795,2.2204925239121795,2.2204925239121795,2.2204925239121795,2.2204925239121795,2.2204925239121795,2.2204925239121795,2.2204925239121795,2.2204925239121795,2.2204925239121795,2.2204925239121795,2.2204925239121795,2.2204925239121795,2.2204925239121795,2.2204925239121795,2.2204925239121795,2.2204925239121795,2.2204925239121795,2.2204925239121795,2.2204925239121795,2.2204925239121795,2.2204925239121795,2.2204925239121795,2.2204925239121795,2.2204925239121795,2.2204925239121795,2.2204925239121795,2.2204925239121795,2.2204925239121795,2.2204925239121795,2.2204925239121795,2.2204925239121795,2.2204925239121795,2.2204925239121795,2.2204925239121795,2.2204925239121795,2.2204925239121795,2.2204925239121795,2.2204925239121795,2.2204925239121795,2.2204925239121795,2.2204925239121795,2.2204925239121795,2.2204925239121795,2.2204925239121795,2.2204925239121795,2.2204925239121795,2.2204925239121795,2.2204925239121795,2.2204925239121795,2.2204925239121795,2.2204925239121795,2.2204925239121795,2.2204925239121795,2.2204925239121795,2.2204925239121795,2.2204925239121795,2.2204925239121795,2.2204925239121795,2.2204925239121795,2.2204925239121795,2.2204925239121795,2.2204925239121795,2.2204925239121795,2.2204925239121795,2.2204925239121795,2.2204925239121795,2.2204925239121795,2.2204925239121795,2.2204925239121795,2.2204925239121795,2.2204925239121795,2.2204925239121795,2.2204925239121795,2.2204925239121795,2.2204925239121795,2.2204925239121795,2.2204925239121795,2.2204925239121795,2.2204925239121795,2.2204925239121795,2.2204925239121795,2.2204925239121795,2.2204925239121795,2.2204925239121795,2.2204925239121795,2.2204925239121795,2.2204925239121795,2.2204925239121795,2.2204925239121795,2.2204925239121795,2.2204925239121795,2.2204925239121795,2.2204925239121795,2.2204925239121795,2.2204925239121795,2.2204925239121795,2.2204925239121795,2.2204925239121795,2.2204925239121795,2.2204925239121795,2.2204925239121795,2.2204925239121795,2.2204925239121795,2.2204925239121795,2.2204925239121795,2.2204925239121795,2.2204925239121795,2.2204925239121795,2.2204925239121795,2.2204925239121795,2.2204925239121795,2.2204925239121795,2.2204925239121795,2.2204925239121795,2.2204925239121795,2.2204925239121795,2.2204925239121795,2.2204925239121795,2.2204925239121795,2.2204925239121795,2.2204925239121795,2.2204925239121795,2.2204925239121795,2.2204925239121795,2.2204925239121795,2.2204925239121795,2.2204925239121795,2.2204925239121795,2.2204925239121795,2.2204925239121795,2.2204925239121795,2.2204925239121795,2.2204925239121795,2.2204925239121795,2.2204925239121795,2.2204925239121795,2.2204925239121795,2.2204925239121795,2.2204925239121795,2.2204925239121795,2.2204925239121795,2.2204925239121795,2.2204925239121795,2.2204925239121795,2.2204925239121795,2.2204925239121795,2.2204925239121795,2.2204925239121795,2.2204925239121795,2.2204925239121795,2.2204925239121795,2.2204925239121795,2.2204925239121795,2.2204925239121795,2.2204925239121795,2.2204925239121795,2.2204925239121795,2.2204925239121795,2.2204925239121795,2.2204925239121795,2.2204925239121795,2.2204925239121795,2.2204925239121795,2.2204925239121795,2.2204925239121795,2.2204925239121795,2.2204925239121795,2.2204925239121795,2.2204925239121795,2.2204925239121795,2.2204925239121795,2.2204925239121795,2.2204925239121795,2.2204925239121795,2.2204925239121795,2.2204925239121795,2.2204925239121795,2.2204925239121795,2.2204925239121795,2.2204925239121795,2.2204925239121795,2.2204925239121795,2.2204925239121795,2.2204925239121795,2.2204925239121795,2.2204925239121795,2.2204925239121795,2.2204925239121795,2.2204925239121795,2.2204925239121795,2.2204925239121795,2.2204925239121795,2.2204925239121795,2.2204925239121795,2.2204925239121795,2.2204925239121795,2.2204925239121795,2.2204925239121795,2.2204925239121795,2.2204925239121795,2.2204925239121795,2.2204925239121795,2.2204925239121795,2.2204925239121795,2.2204925239121795,2.2204925239121795,2.2204925239121795,2.2204925239121795,2.2204925239121795,2.2204925239121795,2.2204925239121795,2.2204925239121795,2.2204925239121795,2.2204925239121795,2.2204925239121795,2.2204925239121795,2.2204925239121795,2.2204925239121795,2.2204925239121795,2.2204925239121795,2.2204925239121795,2.2204925239121795,2.2204925239121795,2.2204925239121795,2.2204925239121795,2.2204925239121795,2.2204925239121795,2.2204925239121795,2.2204925239121795,2.2204925239121795,2.2204925239121795,2.2204925239121795,2.2204925239121795,2.2204925239121795,2.2204925239121795,2.2204925239121795,2.2204925239121795,2.2204925239121795,2.2204925239121795,2.2204925239121795,2.2204925239121795,2.2204925239121795,2.2204925239121795,2.2204925239121795,2.2204925239121795,2.2204925239121795,2.2204925239121795,2.2204925239121795,2.2204925239121795,2.2204925239121795,2.2204925239121795,2.2204925239121795,2.2204925239121795,2.2204925239121795,2.2204925239121795,2.2204925239121795,2.2204925239121795,2.2204925239121795,2.2204925239121795,2.2204925239121795,2.2204925239121795,2.2204925239121795,2.2204925239121795,2.2204925239121795,2.2204925239121795,2.2204925239121795,2.2204925239121795,2.2204925239121795,2.2204925239121795,2.2204925239121795,2.2204925239121795,2.2204925239121795,2.2204925239121795,2.2204925239121795,2.2204925239121795,2.2204925239121795,2.2204925239121795,2.2204925239121795,2.2204925239121795,2.2204925239121795,2.2204925239121795,2.2204925239121795,2.2204925239121795,2.2204925239121795,2.2204925239121795,2.2204925239121795,2.2204925239121795,2.2204925239121795,2.2204925239121795,2.2204925239121795,2.2204925239121795,2.2204925239121795,2.2204925239121795,2.2204925239121795,2.2204925239121795,2.2204925239121795,2.2204925239121795,2.2204925239121795,2.2204925239121795,2.2204925239121795,2.2204925239121795,2.2204925239121795,2.2204925239121795,2.2204925239121795,2.2204925239121795,2.2204925239121795,2.2204925239121795,2.2204925239121795,2.2204925239121795,2.2204925239121795,2.2204925239121795,2.2204925239121795,2.2204925239121795,2.2204925239121795,2.2204925239121795,2.2204925239121795,2.2204925239121795,2.2204925239121795,2.2204925239121795,2.2204925239121795,2.2204925239121795,2.2204925239121795,2.2204925239121795,2.2204925239121795,2.2204925239121795,2.2204925239121795,2.2204925239121795,2.2204925239121795,2.2204925239121795,2.2204925239121795,2.2204925239121795,2.2204925239121795,2.2204925239121795,2.2204925239121795,2.2204925239121795,2.2204925239121795,2.2204925239121795,2.2204925239121795,2.2204925239121795,2.2204925239121795,2.2204925239121795,2.2204925239121795,2.2204925239121795,2.2204925239121795,2.2204925239121795,2.2204925239121795,2.2204925239121795,2.2204925239121795,2.2204925239121795,2.2204925239121795,2.2204925239121795,2.2204925239121795,2.2204925239121795,2.2204925239121795,2.2204925239121795,2.2204925239121795,2.2204925239121795,2.2204925239121795,2.2204925239121795,2.2204925239121795,2.2204925239121795,2.2204925239121795,2.2204925239121795,2.2204925239121795,2.2204925239121795,2.2204925239121795,2.2204925239121795,2.2204925239121795,2.2204925239121795,2.2204925239121795,2.2204925239121795,2.2204925239121795,2.2204925239121795,2.2204925239121795,2.2204925239121795,2.2204925239121795,2.2204925239121795,2.2204925239121795,2.2204925239121795,2.2204925239121795,2.2204925239121795,2.2204925239121795,2.2204925239121795,2.2204925239121795,2.2204925239121795,2.2204925239121795,2.2204925239121795,2.2204925239121795,2.2204925239121795,2.2204925239121795,2.2204925239121795,2.2204925239121795,2.2204925239121795,2.2204925239121795,2.2204925239121795,2.2204925239121795,2.2204925239121795,2.2204925239121795,2.2204925239121795,2.2204925239121795,2.2204925239121795,2.2204925239121795,2.2204925239121795,2.2204925239121795,2.2204925239121795,2.2204925239121795,2.2204925239121795,2.2204925239121795,2.2204925239121795,2.2204925239121795,2.2204925239121795,2.2204925239121795,2.2204925239121795,2.2204925239121795,2.2204925239121795,2.2204925239121795,2.2204925239121795,2.2204925239121795,2.2204925239121795,2.2204925239121795,2.2204925239121795,2.2204925239121795,2.2204925239121795,2.2204925239121795,2.2204925239121795,2.2204925239121795,2.2204925239121795,2.2204925239121795,2.2204925239121795,2.2204925239121795,2.2204925239121795,2.2204925239121795,2.2204925239121795,2.2204925239121795,2.2204925239121795,2.2204925239121795,2.2204925239121795,2.2204925239121795,2.2204925239121795,2.2204925239121795,2.2204925239121795,2.2204925239121795,2.2204925239121795,2.2204925239121795,2.2204925239121795,2.2204925239121795,2.2204925239121795,2.2204925239121795,2.2204925239121795,2.2204925239121795,2.2204925239121795,2.2204925239121795,2.2204925239121795,2.2204925239121795,2.2204925239121795,2.2204925239121795,2.2204925239121795,2.2204925239121795,2.2204925239121795,2.2204925239121795,2.2204925239121795,2.2204925239121795,2.2204925239121795,2.2204925239121795,2.2204925239121795,2.2204925239121795,2.2204925239121795,2.2204925239121795,2.2204925239121795,2.2204925239121795,2.2204925239121795,2.2204925239121795,2.2204925239121795,2.2204925239121795,2.2204925239121795,2.2204925239121795,2.2204925239121795,2.2204925239121795,2.2204925239121795,2.2204925239121795,2.2204925239121795,2.2204925239121795,2.2204925239121795,2.2204925239121795,2.2204925239121795,2.2204925239121795,2.2204925239121795,2.2204925239121795,2.2204925239121795,2.2204925239121795,2.2204925239121795,2.2204925239121795,2.2204925239121795,2.2204925239121795,2.2204925239121795,2.2204925239121795,2.2204925239121795,2.2204925239121795,2.2204925239121795,2.2204925239121795,2.2204925239121795,2.2204925239121795,2.2204925239121795,2.2204925239121795,2.2204925239121795,2.2204925239121795,2.2204925239121795,2.2204925239121795,2.2204925239121795,2.2204925239121795,2.2204925239121795,2.2204925239121795,2.2204925239121795,2.2204925239121795,2.2204925239121795,2.2204925239121795,2.2204925239121795,2.2204925239121795,2.2204925239121795,2.2204925239121795,2.2204925239121795,2.2204925239121795,2.2204925239121795,2.2204925239121795,2.2204925239121795,2.2204925239121795,2.2204925239121795,2.2204925239121795,2.2204925239121795,2.2204925239121795,2.2204925239121795,2.2204925239121795,2.2204925239121795,2.2204925239121795,2.2204925239121795,2.2204925239121795,2.2204925239121795,2.2204925239121795,2.2204925239121795,2.2204925239121795,2.2204925239121795,2.2204925239121795,2.2204925239121795,2.2204925239121795,2.2204925239121795,2.2204925239121795,2.2204925239121795,2.2204925239121795,2.2204925239121795,2.2204925239121795,2.2204925239121795,2.2204925239121795,2.2204925239121795,2.2204925239121795,2.2204925239121795,2.2204925239121795,2.2204925239121795,2.2204925239121795,2.2204925239121795,2.2204925239121795,2.2204925239121795,2.2204925239121795,2.2204925239121795,2.2204925239121795,2.2204925239121795,2.2204925239121795,2.2204925239121795,2.2204925239121795,2.2204925239121795,2.2204925239121795,2.2204925239121795,7.095474569726648,6.782702056938059,5.5356153352435475,5.5356153352435475,5.435582035227891,5.435582035227891,5.435582035227891,5.435582035227891,5.435582035227891,5.435582035227891,5.435582035227891,5.435582035227891,5.435582035227891,5.435582035227891,5.435582035227891,5.435582035227891,5.435582035227891,5.435582035227891,5.435582035227891,5.435582035227891,5.435582035227891,5.435582035227891,5.435582035227891,5.435582035227891,5.435582035227891,5.435582035227891,5.435582035227891,5.435582035227891,5.435582035227891,5.435582035227891,5.435582035227891,5.435582035227891,5.435582035227891,5.435582035227891,5.435582035227891,5.435582035227891,5.435582035227891,5.435582035227891,5.435582035227891,5.435582035227891,5.435582035227891,5.435582035227891,5.435582035227891,5.435582035227891,5.435582035227891,5.435582035227891,5.435582035227891,5.435582035227891,5.435582035227891,5.435582035227891,5.435582035227891,4.996551034873727,4.996551034873727,4.996551034873727,4.996551034873727,4.931107252658386,4.931107252658386,4.931107252658386,4.931107252658386,4.931107252658386,4.931107252658386,4.931107252658386,4.931107252658386,4.750814989679537,4.719582256436472,4.719582256436472,4.719582256436472,4.719582256436472,4.719582256436472,4.719582256436472,4.719582256436472,4.719582256436472,4.719582256436472,4.719582256436472,4.706568168076839,4.706568168076839,4.706568168076839,4.706568168076839,4.706568168076839,4.706568168076839,4.706568168076839,4.706568168076839,4.706568168076839,4.706568168076839,4.706568168076839,4.706568168076839,4.706568168076839,4.706568168076839,4.706568168076839,4.706568168076839,4.706568168076839,4.706568168076839,4.706568168076839,4.706568168076839,4.706568168076839,4.706568168076839,4.706568168076839,4.706568168076839,4.706568168076839,4.706568168076839,4.706568168076839,4.706568168076839,4.706568168076839,4.706568168076839,4.706568168076839,4.706568168076839,4.706568168076839,4.706568168076839,4.706568168076839,4.706568168076839,4.706568168076839,4.706568168076839,4.706568168076839,4.706568168076839,4.706568168076839,4.706568168076839,4.706568168076839,4.706568168076839,4.706568168076839,4.706568168076839,4.706568168076839,4.706568168076839,4.706568168076839,4.706568168076839,4.706568168076839,4.706568168076839,4.706568168076839,4.706568168076839,4.706568168076839,4.706568168076839,4.706568168076839,4.706568168076839,4.706568168076839,4.706568168076839,4.706568168076839,4.706568168076839,4.706568168076839,4.706568168076839,4.706568168076839,4.706568168076839,4.706568168076839,4.706568168076839,4.706568168076839,4.706568168076839,4.706568168076839,4.706568168076839,4.476358090891856,4.232279764255089,4.11380303900596,4.11380303900596,4.11380303900596,4.11380303900596,4.11380303900596,4.11380303900596,4.1132645823294105,4.1132645823294105,4.1132645823294105,4.1132645823294105,4.1132645823294105,4.1132645823294105,4.1132645823294105,4.1132645823294105,4.1132645823294105,4.1132645823294105,4.1132645823294105,4.1132645823294105,4.1132645823294105,4.1132645823294105,4.1132645823294105,4.1132645823294105,4.1132645823294105,4.1132645823294105,4.1132645823294105,4.1132645823294105,4.1132645823294105,4.1132645823294105,4.1132645823294105,4.1132645823294105,4.1132645823294105,4.1132645823294105,4.1132645823294105,4.1132645823294105,4.1132645823294105,4.1132645823294105,4.1132645823294105,4.1132645823294105,4.1132645823294105,4.1132645823294105,4.1132645823294105,4.1132645823294105,4.1132645823294105,4.1132645823294105,4.1132645823294105,4.1132645823294105,4.1132645823294105,4.1132645823294105,4.1132645823294105,4.1132645823294105,4.1132645823294105,4.1132645823294105,4.1132645823294105,4.1132645823294105,4.1132645823294105,4.1132645823294105,4.1132645823294105,4.1132645823294105,4.1132645823294105,4.1132645823294105,4.1132645823294105,4.1132645823294105,4.1132645823294105,4.1132645823294105,4.1132645823294105,4.1132645823294105,4.1132645823294105,4.1132645823294105,4.1132645823294105,4.1132645823294105,4.1132645823294105,4.1132645823294105,4.1132645823294105,4.1132645823294105,4.1132645823294105,4.1132645823294105,4.1132645823294105,4.1132645823294105,4.1132645823294105,4.1132645823294105,4.1132645823294105,4.1132645823294105,4.1132645823294105,4.1132645823294105,4.1132645823294105,4.1132645823294105,4.1132645823294105,2.2225678090239493,2.2225678090239493,2.2225678090239493,2.2225678090239493,2.2225678090239493,2.2225678090239493,2.2225678090239493,2.2225678090239493,2.2225678090239493,2.2225678090239493,2.2225678090239493,2.2225678090239493,2.2225678090239493,2.2225678090239493,2.2225678090239493,2.2225678090239493,2.2225678090239493,2.2225678090239493,2.2225678090239493,2.2225678090239493,2.2225678090239493,2.2225678090239493,2.2225678090239493,2.2225678090239493,2.2225678090239493,2.2225678090239493,2.2225678090239493,2.2225678090239493,2.2225678090239493,2.2225678090239493,2.2225678090239493,2.2225678090239493,2.2225678090239493,2.2225678090239493,2.2225678090239493,2.2225678090239493,2.2225678090239493,2.2225678090239493,2.2225678090239493,2.2225678090239493,2.2225678090239493,2.2225678090239493,2.2225678090239493,2.2225678090239493,2.2225678090239493,2.2225678090239493,2.2225678090239493,2.2225678090239493,2.2225678090239493,2.2225678090239493,2.2225678090239493,2.2225678090239493,2.2225678090239493,2.2225678090239493,2.2225678090239493,2.2225678090239493,2.2225678090239493,2.2225678090239493,2.2225678090239493,2.2225678090239493,2.2225678090239493,2.2225678090239493,2.2225678090239493,2.2225678090239493,2.2225678090239493,2.2225678090239493,2.2225678090239493,2.2225678090239493,2.2225678090239493,2.2225678090239493,2.2225678090239493,2.2225678090239493,2.2225678090239493,2.2225678090239493,2.2225678090239493,2.2225678090239493,2.2225678090239493,2.2225678090239493,2.2225678090239493,2.2225678090239493,2.2225678090239493,2.2225678090239493,2.2225678090239493,2.2225678090239493,2.2225678090239493,2.2225678090239493,2.2225678090239493,2.2225678090239493,2.2225678090239493,2.2225678090239493,2.2225678090239493,2.2225678090239493,2.2225678090239493,2.2225678090239493,2.2225678090239493,2.2225678090239493,2.2225678090239493,2.2225678090239493,2.2225678090239493,2.2225678090239493,2.2225678090239493,2.2225678090239493,2.2225678090239493,2.2225678090239493,2.2225678090239493,2.2225678090239493,2.2225678090239493,2.2225678090239493,2.2225678090239493,2.2225678090239493,2.2225678090239493,2.2225678090239493,2.2225678090239493,2.2225678090239493,2.2225678090239493,2.2225678090239493,2.2225678090239493,2.2225678090239493,2.2225678090239493,2.2225678090239493,2.2225678090239493,2.2225678090239493,2.2225678090239493,2.2225678090239493,2.2225678090239493,2.2225678090239493,2.2225678090239493,2.2225678090239493,2.2225678090239493,2.2225678090239493,2.2225678090239493,2.2225678090239493,2.2225678090239493,2.2225678090239493,2.2225678090239493,2.2225678090239493,2.2225678090239493,2.2225678090239493,2.2225678090239493,2.2225678090239493,2.2225678090239493,2.2225678090239493,2.2225678090239493,2.2225678090239493,2.2225678090239493,2.2225678090239493,2.2225678090239493,2.2225678090239493,2.2225678090239493,2.2225678090239493,2.2225678090239493,2.2225678090239493,2.2225678090239493,2.2225678090239493,2.2225678090239493,2.2225678090239493,2.2225678090239493,2.2225678090239493,2.2225678090239493,2.2225678090239493,2.2225678090239493,2.2225678090239493,2.2225678090239493,2.2225678090239493,2.2225678090239493,2.2225678090239493,2.2225678090239493,2.2225678090239493,2.2225678090239493,2.2225678090239493,2.2225678090239493,2.2225678090239493,2.2225678090239493,2.2225678090239493,2.2225678090239493,2.2225678090239493,2.2225678090239493,2.2225678090239493,2.2225678090239493,2.2225678090239493,2.2225678090239493,2.2225678090239493,2.2225678090239493,2.2225678090239493,2.2225678090239493,2.2225678090239493,2.2225678090239493,2.2225678090239493,2.2225678090239493,2.2225678090239493,2.2225678090239493,2.2225678090239493,2.2225678090239493,2.2225678090239493,2.2225678090239493,2.2225678090239493,2.2225678090239493,2.2225678090239493,2.2225678090239493,2.2225678090239493,2.2225678090239493,2.2225678090239493,2.2225678090239493,2.2225678090239493,2.2225678090239493,2.2225678090239493,2.2225678090239493,2.2225678090239493,2.2225678090239493,2.2225678090239493,2.2225678090239493,2.2225678090239493,2.2225678090239493,2.2225678090239493,2.2225678090239493,2.2225678090239493,2.2225678090239493,2.2225678090239493,2.2225678090239493,2.2225678090239493,2.2225678090239493,2.2225678090239493,2.2225678090239493,2.2225678090239493,2.2225678090239493,2.2225678090239493,2.2225678090239493,2.2225678090239493,2.2225678090239493,2.2225678090239493,2.2225678090239493,2.2225678090239493,2.2225678090239493,2.2225678090239493,2.2225678090239493,2.2225678090239493,2.2225678090239493,2.2225678090239493,2.2225678090239493,2.2225678090239493,2.2225678090239493,2.2225678090239493,2.2225678090239493,2.2225678090239493,2.2225678090239493,2.2225678090239493,2.2225678090239493,2.2225678090239493,2.2225678090239493,2.2225678090239493,2.2225678090239493,2.2225678090239493,2.2225678090239493,2.2225678090239493,2.2225678090239493,2.2225678090239493,2.2225678090239493,2.2225678090239493,2.2225678090239493,2.2225678090239493,2.2225678090239493,2.2225678090239493,2.2225678090239493,2.2225678090239493,2.2225678090239493,2.2225678090239493,2.2225678090239493,2.2225678090239493,2.2225678090239493,2.2225678090239493,2.2225678090239493,2.2225678090239493,2.2225678090239493,2.2225678090239493,2.2225678090239493,2.2225678090239493,2.2225678090239493,2.2225678090239493,2.2225678090239493,2.2225678090239493,2.2225678090239493,2.2225678090239493,2.2225678090239493,2.2225678090239493,2.2225678090239493,2.2225678090239493,2.2225678090239493,2.2225678090239493,2.2225678090239493,2.2225678090239493,2.2225678090239493,2.2225678090239493,2.2225678090239493,2.2225678090239493,2.2225678090239493,2.2225678090239493,2.2225678090239493,2.2225678090239493,2.2225678090239493,2.2225678090239493,2.2225678090239493,2.2225678090239493,2.2225678090239493,2.2225678090239493,2.2225678090239493,2.2225678090239493,2.2225678090239493,2.2225678090239493,2.2225678090239493,2.2225678090239493,2.2225678090239493,2.2225678090239493,2.2225678090239493,2.2225678090239493,2.2225678090239493,2.2225678090239493,2.2225678090239493,2.2225678090239493,2.2225678090239493,2.2225678090239493,2.2225678090239493,2.2225678090239493,2.2225678090239493,2.2225678090239493,2.2225678090239493,2.2225678090239493,2.2225678090239493,2.2225678090239493,2.2225678090239493,2.2225678090239493,2.2225678090239493,2.2225678090239493,2.2225678090239493,2.2225678090239493,2.2225678090239493,2.2225678090239493,2.2225678090239493,2.2225678090239493,2.2225678090239493,2.2225678090239493,2.2225678090239493,2.2225678090239493,2.2225678090239493,2.2225678090239493,2.2225678090239493,2.2225678090239493,2.2225678090239493,2.2225678090239493,2.2225678090239493,2.2225678090239493,2.2225678090239493,2.2225678090239493,2.2225678090239493,2.2225678090239493,2.2225678090239493,2.2225678090239493,2.2225678090239493,2.2225678090239493,2.2225678090239493,2.2225678090239493,2.2225678090239493,2.2225678090239493,2.2225678090239493,2.2225678090239493,2.2225678090239493,2.2225678090239493,2.2225678090239493,2.2225678090239493,2.2225678090239493,2.2225678090239493,2.2225678090239493,2.2225678090239493,2.2225678090239493,2.2225678090239493,2.2225678090239493,2.2225678090239493,2.2225678090239493,2.2225678090239493,2.2225678090239493,2.2225678090239493,2.2225678090239493,2.2225678090239493,2.2225678090239493,2.2225678090239493,2.2225678090239493,2.2225678090239493,2.2225678090239493,2.2225678090239493,2.2225678090239493,2.2225678090239493,2.2225678090239493,2.2225678090239493,2.2225678090239493,2.2225678090239493,2.2225678090239493,2.2225678090239493,2.2225678090239493,2.2225678090239493,2.2225678090239493,2.2225678090239493,2.2225678090239493,2.2225678090239493,2.2225678090239493,2.2225678090239493,2.2225678090239493,2.2225678090239493,2.2225678090239493,2.2225678090239493,2.2225678090239493,2.2225678090239493,2.2225678090239493,2.2225678090239493,2.2225678090239493,2.2225678090239493,2.2225678090239493,2.2225678090239493,2.2225678090239493,2.2225678090239493,2.2225678090239493,2.2225678090239493,2.2225678090239493,2.2225678090239493,2.2225678090239493,2.2225678090239493,2.2225678090239493,2.2225678090239493,2.2225678090239493,2.2225678090239493,2.2225678090239493,2.2225678090239493,2.2225678090239493,2.2225678090239493,2.2225678090239493,2.2225678090239493,2.2225678090239493,2.2225678090239493,2.2225678090239493,2.2225678090239493,2.2225678090239493,2.2225678090239493,2.2225678090239493,2.2225678090239493,2.2225678090239493,2.2225678090239493,2.2225678090239493,2.2225678090239493,2.2225678090239493,2.2225678090239493,2.2225678090239493,2.2225678090239493,2.2225678090239493,2.2225678090239493,2.2225678090239493,2.2225678090239493,2.2225678090239493,2.2225678090239493,2.2225678090239493,2.2225678090239493,2.2225678090239493,2.2225678090239493,2.2225678090239493,2.2225678090239493,2.2225678090239493,2.2225678090239493,2.2225678090239493,2.2225678090239493,2.2225678090239493,2.2225678090239493,2.2225678090239493,2.2225678090239493,2.2225678090239493,2.2225678090239493,2.2225678090239493,2.2225678090239493,2.2225678090239493,2.2225678090239493,2.2225678090239493,2.2225678090239493,2.2225678090239493,2.2225678090239493,2.2225678090239493,2.2225678090239493,2.2225678090239493,2.2225678090239493,2.2225678090239493,2.2225678090239493,2.2225678090239493,2.2225678090239493,2.2225678090239493,2.2225678090239493,2.2225678090239493,2.2225678090239493,2.2225678090239493,2.2225678090239493,2.2225678090239493,2.2225678090239493,2.2225678090239493,2.2225678090239493,2.2225678090239493,2.2225678090239493,2.2225678090239493,2.2225678090239493,2.2225678090239493,2.2225678090239493,2.2225678090239493,2.2225678090239493,2.2225678090239493,2.2225678090239493,2.2225678090239493,2.2225678090239493,2.2225678090239493,2.2225678090239493,2.2225678090239493,2.2225678090239493,2.2225678090239493,2.2225678090239493,2.2225678090239493,2.2225678090239493,2.2225678090239493,2.2225678090239493,2.2225678090239493,2.2225678090239493,2.2225678090239493,2.2225678090239493,2.2225678090239493,2.2225678090239493,2.2225678090239493,2.2225678090239493,2.2225678090239493,2.2225678090239493,2.2225678090239493,2.2225678090239493,2.2225678090239493,2.2225678090239493,2.2225678090239493,2.2225678090239493,2.2225678090239493,2.2225678090239493,2.2225678090239493,2.2225678090239493,2.2225678090239493,2.2225678090239493,2.2225678090239493,2.2225678090239493,2.2225678090239493,2.2225678090239493,2.2225678090239493,2.2225678090239493,2.2225678090239493,2.2225678090239493,2.2225678090239493,2.2225678090239493,2.2225678090239493,2.2225678090239493,2.2225678090239493,2.2225678090239493,2.2225678090239493,2.2225678090239493,2.2225678090239493,2.2225678090239493,2.2225678090239493,2.2225678090239493,2.2225678090239493,2.2225678090239493,2.2225678090239493,2.2225678090239493,2.2225678090239493,2.2225678090239493,2.2225678090239493,2.2225678090239493,2.2225678090239493,2.2225678090239493,2.2225678090239493,2.2225678090239493,2.2225678090239493,2.2225678090239493,2.2225678090239493,2.2225678090239493,2.2225678090239493,2.2225678090239493,2.2225678090239493,2.2225678090239493,2.2225678090239493,2.2225678090239493,2.2225678090239493,2.2225678090239493,2.2225678090239493,2.2225678090239493,2.2225678090239493,2.2225678090239493,2.2225678090239493,2.2225678090239493,2.2225678090239493,2.2225678090239493,2.2225678090239493,2.2225678090239493,2.2225678090239493,2.2225678090239493,2.2225678090239493,2.2225678090239493,2.2225678090239493,2.2225678090239493,2.2225678090239493,2.2225678090239493,2.2225678090239493,2.2225678090239493,2.2225678090239493,2.2225678090239493,2.2225678090239493,2.2225678090239493,2.2225678090239493,2.2225678090239493,2.2225678090239493,2.2225678090239493,2.2225678090239493,2.2225678090239493,2.2225678090239493,2.2225678090239493,2.2225678090239493,2.2225678090239493,2.2225678090239493,2.2225678090239493,2.2225678090239493,2.2225678090239493,2.2225678090239493,2.2225678090239493,2.2225678090239493,2.2225678090239493,2.2225678090239493,2.2225678090239493,2.2225678090239493,2.2225678090239493,2.2225678090239493,2.2225678090239493,2.2225678090239493,2.2225678090239493,2.2225678090239493,2.2225678090239493,2.2225678090239493,2.2225678090239493,2.2225678090239493,2.2225678090239493,2.2225678090239493,2.2225678090239493,2.2225678090239493,2.2225678090239493,2.2225678090239493,2.2225678090239493,2.2225678090239493,2.2225678090239493,2.2225678090239493,2.2225678090239493,2.2225678090239493,2.2225678090239493,2.2225678090239493,2.2225678090239493,2.2225678090239493,2.2225678090239493,2.2225678090239493,2.2225678090239493,2.2225678090239493,2.2225678090239493,2.2225678090239493,2.2225678090239493,2.2225678090239493,2.2225678090239493,2.2225678090239493,2.2225678090239493,2.2225678090239493,2.2225678090239493,2.2225678090239493,2.2225678090239493,2.2225678090239493,2.2225678090239493,2.2225678090239493,2.2225678090239493,2.2225678090239493,2.2225678090239493,2.2225678090239493,2.2225678090239493,2.2225678090239493,2.2225678090239493,2.2225678090239493,2.2225678090239493,2.2225678090239493,2.2225678090239493,2.2225678090239493,2.2225678090239493,2.2225678090239493,2.2225678090239493,2.2225678090239493,2.2225678090239493,2.2225678090239493,2.2225678090239493,2.2225678090239493,2.2225678090239493,2.2225678090239493,2.2225678090239493,2.2225678090239493,2.2225678090239493,2.2225678090239493,2.2225678090239493,2.2225678090239493,2.2225678090239493,2.2225678090239493,2.2225678090239493,2.2225678090239493,2.2225678090239493,2.2225678090239493,2.2225678090239493,2.2225678090239493,2.2225678090239493,2.2225678090239493,2.2225678090239493,2.2225678090239493,2.2225678090239493,2.2225678090239493,2.2225678090239493,2.2225678090239493,2.2225678090239493,2.2225678090239493,2.2225678090239493,2.2225678090239493,2.2225678090239493,2.2225678090239493,2.2225678090239493,2.2225678090239493,2.2225678090239493,2.2225678090239493,2.2225678090239493,2.2225678090239493,2.2225678090239493,2.2225678090239493,2.2225678090239493,2.2225678090239493,2.2225678090239493,2.2225678090239493,2.2225678090239493,2.2225678090239493,2.2225678090239493,2.2225678090239493,2.2225678090239493,2.2225678090239493,2.2225678090239493,2.2225678090239493,2.2225678090239493,2.2225678090239493,2.2225678090239493,2.2225678090239493,2.2225678090239493,2.2225678090239493,2.2225678090239493,2.2225678090239493,2.2225678090239493,2.2225678090239493,2.2225678090239493,2.2225678090239493,2.2225678090239493,2.2225678090239493,2.2225678090239493,2.2225678090239493,2.2225678090239493,2.2225678090239493,2.2225678090239493,2.2225678090239493,6.597022971993748,6.578139247706853,6.092832613294473,6.092832613294473,6.092832613294473,6.092832613294473,6.092832613294473,6.092832613294473,6.092832613294473,6.092832613294473,6.092832613294473,6.092832613294473,6.092832613294473,6.092832613294473,6.092832613294473,6.092832613294473,6.092832613294473,6.092832613294473,6.092832613294473,6.092832613294473,6.092832613294473,6.092832613294473,6.092832613294473,6.092832613294473,6.092832613294473,6.092832613294473,6.092832613294473,6.092832613294473,6.092832613294473,6.092832613294473,6.092832613294473,6.092832613294473,6.092832613294473,6.092832613294473,6.092832613294473,6.092832613294473,6.092832613294473,6.092832613294473,6.092832613294473,6.092832613294473,6.092832613294473,6.092832613294473,6.092832613294473,6.092832613294473,6.092832613294473,6.092832613294473,6.092832613294473,6.092832613294473,5.993416937080204,5.993416937080204,5.993416937080204,5.975765654199589,5.975765654199589,5.975765654199589,5.975765654199589,5.975765654199589,5.975765654199589,5.975765654199589,5.975765654199589,5.975765654199589,5.975765654199589,5.975765654199589,5.975765654199589,5.975765654199589,5.975765654199589,5.975765654199589,5.975765654199589,5.975765654199589,5.975765654199589,5.975765654199589,5.975765654199589,5.975765654199589,5.975765654199589,5.975765654199589,5.975765654199589,5.975765654199589,5.975765654199589,5.975765654199589,5.975765654199589,5.975765654199589,5.975765654199589,5.975765654199589,5.975765654199589,5.975765654199589,5.975765654199589,5.975765654199589,3.868345176304862,3.868345176304862,3.868345176304862,3.868345176304862,3.8395237579683474,3.8395237579683474,3.8395237579683474,3.7869185529886553,3.7869185529886553,3.7869185529886553,3.7869185529886553,3.613664830231433,3.613664830231433,3.613664830231433,3.6044712702516564,3.6044712702516564,3.6044712702516564,3.5972689344305184,3.5972689344305184,3.5972689344305184,3.5972689344305184,3.5972689344305184,3.5972689344305184,3.5972689344305184,3.5972689344305184,3.5972689344305184,3.5972689344305184,3.5972689344305184,3.5972689344305184,3.5972689344305184,3.5972689344305184,3.5972689344305184,3.5972689344305184,3.5972689344305184,3.5972689344305184,3.5972689344305184,3.5972689344305184,3.5972689344305184,3.5972689344305184,3.5972689344305184,3.5972689344305184,3.5972689344305184,3.5972689344305184,3.5972689344305184,3.5972689344305184,3.5972689344305184,3.5972689344305184,3.5972689344305184,3.5972689344305184,3.5972689344305184,3.5972689344305184,3.5972689344305184,3.5972689344305184,3.5972689344305184,3.5972689344305184,3.5972689344305184,3.5972689344305184,3.5972689344305184,3.5972689344305184,3.5972689344305184,3.5972689344305184,3.5972689344305184,3.5972689344305184,3.5972689344305184,3.5972689344305184,3.5972689344305184,3.5972689344305184,3.5972689344305184,3.5972689344305184,3.5972689344305184,3.5972689344305184,3.5972689344305184,3.5972689344305184,3.5972689344305184,3.5972689344305184,3.5972689344305184,3.5972689344305184,3.5972689344305184,3.5972689344305184,3.5972689344305184,3.5972689344305184,3.5972689344305184,3.5972689344305184,3.5972689344305184,3.5972689344305184,3.5972689344305184,3.5972689344305184,3.5972689344305184,3.5972689344305184,3.5972689344305184,3.5972689344305184,3.5972689344305184,3.5972689344305184,3.5972689344305184,3.5972689344305184,3.5972689344305184,3.5972689344305184,3.5972689344305184,3.5972689344305184,3.5972689344305184,3.5972689344305184,3.5972689344305184,3.5972689344305184,3.5972689344305184,3.5972689344305184,3.5972689344305184,3.5972689344305184,3.5972689344305184,3.5972689344305184,3.5972689344305184,3.5972689344305184,3.5972689344305184,3.5972689344305184,3.5972689344305184,3.5972689344305184,3.5972689344305184,3.5972689344305184,3.5972689344305184,3.5972689344305184,3.5972689344305184,3.5972689344305184,3.5972689344305184,3.5972689344305184,3.5972689344305184,3.5972689344305184,3.5972689344305184,3.5972689344305184,3.5972689344305184,3.5972689344305184,3.5972689344305184,3.5972689344305184,3.5972689344305184,3.5972689344305184,3.5972689344305184,3.5972689344305184,3.5972689344305184,3.5972689344305184,3.5972689344305184,3.5972689344305184,3.5972689344305184,3.5972689344305184,3.5972689344305184,3.5972689344305184,3.5972689344305184,3.5972689344305184,3.5972689344305184,3.5972689344305184,3.5972689344305184,3.5972689344305184,3.5972689344305184,3.5972689344305184,3.5972689344305184,3.5972689344305184,3.5972689344305184,3.5972689344305184,3.5972689344305184,3.5972689344305184,3.5972689344305184,3.5972689344305184,3.5972689344305184,3.5972689344305184,3.5972689344305184,3.5972689344305184,3.5972689344305184,3.5972689344305184,3.5972689344305184,3.5972689344305184,3.5972689344305184,3.5972689344305184,3.5972689344305184,3.5972689344305184,3.5972689344305184,3.5972689344305184,3.5972689344305184,3.5972689344305184,3.5972689344305184,3.5972689344305184,3.5972689344305184,3.5972689344305184,3.5972689344305184,3.5972689344305184,3.5972689344305184,3.5972689344305184,3.5972689344305184,3.5972689344305184,3.5972689344305184,3.5972689344305184,3.5972689344305184,3.5972689344305184,3.5972689344305184,3.5972689344305184,3.5972689344305184,3.5972689344305184,3.5972689344305184,3.5972689344305184,3.5972689344305184,3.5972689344305184,3.5972689344305184,3.5972689344305184,3.5972689344305184,3.5972689344305184,3.5972689344305184,3.5972689344305184,3.5972689344305184,3.5972689344305184,3.5972689344305184,3.5972689344305184,3.5972689344305184,3.5972689344305184,3.5972689344305184,3.5972689344305184,3.5972689344305184,3.5972689344305184,3.5972689344305184,3.5972689344305184,3.5972689344305184,3.5972689344305184,3.5972689344305184,3.5972689344305184,3.5972689344305184,3.5972689344305184,3.5972689344305184,3.5972689344305184,3.5972689344305184,3.5972689344305184,3.5972689344305184,3.5972689344305184,3.5972689344305184,3.5972689344305184,3.5972689344305184,3.5972689344305184,3.5972689344305184,3.5972689344305184,3.5972689344305184,3.5972689344305184,3.5972689344305184,3.5972689344305184,3.5972689344305184,3.5972689344305184,3.5972689344305184,3.5972689344305184,3.5972689344305184,3.5972689344305184,3.5972689344305184,3.5972689344305184,3.5972689344305184,3.5972689344305184,3.5972689344305184,3.5972689344305184,3.5972689344305184,3.5972689344305184,3.5972689344305184,3.5972689344305184,3.5972689344305184,3.5972689344305184,3.5972689344305184,3.5972689344305184,3.5972689344305184,3.5972689344305184,3.5972689344305184,3.5972689344305184,3.5972689344305184,3.5972689344305184,3.5972689344305184,3.5972689344305184,3.5972689344305184,3.5972689344305184,3.5972689344305184,3.5972689344305184,3.5972689344305184,3.5972689344305184,3.5972689344305184,3.5972689344305184,3.5972689344305184,3.5972689344305184,3.5972689344305184,3.5972689344305184,3.5972689344305184,3.5972689344305184,3.5972689344305184,3.5972689344305184,3.5972689344305184,3.5972689344305184,3.5972689344305184,3.5972689344305184,3.5972689344305184,3.5972689344305184,3.5972689344305184,3.5972689344305184,3.5972689344305184,3.5972689344305184,3.5972689344305184,3.5972689344305184,3.5972689344305184,3.5972689344305184,3.5972689344305184,3.5972689344305184,3.5972689344305184,3.5972689344305184,3.5972689344305184,3.5972689344305184,3.5972689344305184,3.5972689344305184,3.5972689344305184,3.5972689344305184,3.5972689344305184,3.5972689344305184,3.5972689344305184,3.5972689344305184,3.5972689344305184,3.5972689344305184,3.5972689344305184,3.5972689344305184,3.5972689344305184,3.5972689344305184,3.5972689344305184,3.5972689344305184,3.5972689344305184,3.5972689344305184,3.5972689344305184,3.5972689344305184,3.5972689344305184,3.5972689344305184,3.5972689344305184,3.5972689344305184,3.5972689344305184,3.5972689344305184,3.5972689344305184,3.5972689344305184,3.5972689344305184,3.5972689344305184,3.5972689344305184,3.5972689344305184,3.5972689344305184,3.5972689344305184,3.5972689344305184,3.5972689344305184,3.5972689344305184,3.5972689344305184,3.5972689344305184,3.5972689344305184,3.5972689344305184,3.5972689344305184,3.5972689344305184,3.5972689344305184,3.5972689344305184,3.5972689344305184,3.5972689344305184,3.5972689344305184,3.5972689344305184,3.5972689344305184,3.5972689344305184,3.5972689344305184,3.5972689344305184,3.5972689344305184,3.5972689344305184,3.5972689344305184,3.5972689344305184,3.5972689344305184,3.5972689344305184,3.5972689344305184,3.5972689344305184,3.5972689344305184,3.5972689344305184,3.5972689344305184,3.5972689344305184,3.5972689344305184,3.5972689344305184,3.5972689344305184,3.5972689344305184,3.5972689344305184,3.5972689344305184,3.5972689344305184,3.5972689344305184,3.5972689344305184,3.5972689344305184,3.5972689344305184,3.5972689344305184,3.5972689344305184,3.5972689344305184,3.5972689344305184,3.5972689344305184,3.5972689344305184,3.5972689344305184,3.5972689344305184,3.5972689344305184,3.5972689344305184,3.5972689344305184,3.5972689344305184,3.5972689344305184,3.5972689344305184,3.5972689344305184,3.5972689344305184,3.5972689344305184,3.5972689344305184,3.5972689344305184,3.5972689344305184,3.5972689344305184,3.5972689344305184,3.5972689344305184,3.5972689344305184,3.5972689344305184,3.5972689344305184,3.5972689344305184,3.5972689344305184,3.5972689344305184,3.5972689344305184,3.5972689344305184,3.5972689344305184,3.5972689344305184,3.5972689344305184,3.5972689344305184,3.5972689344305184,3.5972689344305184,3.5972689344305184,3.5972689344305184,3.5972689344305184,3.5972689344305184,3.5972689344305184,3.5972689344305184,3.5972689344305184,3.5972689344305184,3.5972689344305184,3.5972689344305184,3.5972689344305184,3.5972689344305184,3.5972689344305184,3.5972689344305184,3.5972689344305184,3.5972689344305184,3.5972689344305184,3.5972689344305184,3.5972689344305184,3.5972689344305184,3.5972689344305184,3.5972689344305184,3.5972689344305184,3.5972689344305184,3.5972689344305184,3.5972689344305184,3.5972689344305184,3.5972689344305184,3.5972689344305184,3.5972689344305184,3.5972689344305184,3.5972689344305184,3.5972689344305184,3.5972689344305184,3.5972689344305184,3.5972689344305184,3.5972689344305184,3.5972689344305184,3.5972689344305184,3.5972689344305184,3.5972689344305184,3.5972689344305184,3.5972689344305184,3.5972689344305184,3.5972689344305184,3.5972689344305184,3.5972689344305184,3.5972689344305184,3.5972689344305184,3.5972689344305184,3.5972689344305184,3.5972689344305184,3.5972689344305184,3.5972689344305184,3.5972689344305184,3.5972689344305184,3.5972689344305184,3.5972689344305184,3.5972689344305184,3.5972689344305184,3.5972689344305184,3.5972689344305184,3.5972689344305184,3.5972689344305184,3.5972689344305184,3.5972689344305184,3.5972689344305184,3.5972689344305184,3.5972689344305184,3.5972689344305184,3.5972689344305184,3.5972689344305184,3.5972689344305184,3.5972689344305184,3.5972689344305184,3.5972689344305184,3.5972689344305184,3.5972689344305184,3.5972689344305184,3.5972689344305184,3.5972689344305184,3.5972689344305184,3.5972689344305184,3.5972689344305184,3.5972689344305184,3.5972689344305184,3.5972689344305184,3.5972689344305184,3.5972689344305184,3.5972689344305184,3.5972689344305184,3.5972689344305184,3.5972689344305184,3.5972689344305184,3.5972689344305184,3.5972689344305184,3.5972689344305184,3.5972689344305184,3.5972689344305184,3.5972689344305184,3.5972689344305184,3.5972689344305184,3.5972689344305184,3.5972689344305184,3.5972689344305184,3.5972689344305184,3.5972689344305184,3.5972689344305184,3.5972689344305184,3.5972689344305184,3.5972689344305184,3.5972689344305184,3.5972689344305184,3.5972689344305184,3.5972689344305184,3.5972689344305184,3.5972689344305184,3.5972689344305184,3.5972689344305184,3.5972689344305184,3.5972689344305184,3.5972689344305184,3.5972689344305184,3.5972689344305184,3.5972689344305184,3.5972689344305184,3.5972689344305184,3.5972689344305184,3.5972689344305184,3.5972689344305184,3.5972689344305184,3.5972689344305184,3.5972689344305184,3.5972689344305184,3.5972689344305184,3.5972689344305184,3.5972689344305184,3.5972689344305184,3.5972689344305184,3.5972689344305184,3.5972689344305184,3.5972689344305184,3.5972689344305184,3.5972689344305184,3.5972689344305184,3.5972689344305184,3.5972689344305184,3.5972689344305184,3.5972689344305184,3.5972689344305184,3.5972689344305184,3.5972689344305184,3.5972689344305184,3.5972689344305184,3.5972689344305184,3.5972689344305184,3.5972689344305184,3.5972689344305184,3.5972689344305184,3.5972689344305184,3.5972689344305184,3.5972689344305184,3.5972689344305184,3.5972689344305184,3.5972689344305184,3.5972689344305184,3.5972689344305184,3.5972689344305184,3.5972689344305184,3.5972689344305184,3.5972689344305184,3.5972689344305184,3.5972689344305184,3.5972689344305184,3.5972689344305184,3.5972689344305184,3.5972689344305184,3.5972689344305184,3.5972689344305184,3.5972689344305184,3.5972689344305184,3.5972689344305184,3.5972689344305184,3.5972689344305184,3.5972689344305184,3.5972689344305184,3.5972689344305184,3.5972689344305184,3.5972689344305184,3.5972689344305184,3.5972689344305184,3.5972689344305184,3.5972689344305184,3.5972689344305184,3.5972689344305184,3.5972689344305184,3.5972689344305184,3.5972689344305184,3.5972689344305184,3.5972689344305184,3.5972689344305184,3.5972689344305184,3.5972689344305184,3.5972689344305184,3.5972689344305184,3.5972689344305184,3.5972689344305184,3.5972689344305184,3.5972689344305184,3.5972689344305184,3.5972689344305184,3.5972689344305184,3.5972689344305184,3.5972689344305184,3.5972689344305184,3.5972689344305184,3.5972689344305184,3.5972689344305184,3.5972689344305184,3.5972689344305184,3.5972689344305184,3.5972689344305184,3.5972689344305184,3.5972689344305184,3.5972689344305184,3.5972689344305184,3.5972689344305184,3.5972689344305184,3.5972689344305184,3.5972689344305184,3.5972689344305184,3.5972689344305184,3.5972689344305184,3.5972689344305184,3.5972689344305184,3.5972689344305184,3.5972689344305184,3.5972689344305184,3.5972689344305184,3.5972689344305184,3.5972689344305184,3.5972689344305184,3.5972689344305184,3.5972689344305184,3.5972689344305184,3.5972689344305184,3.5972689344305184,3.5972689344305184,3.5972689344305184,3.5972689344305184,3.5972689344305184,3.5972689344305184,3.5972689344305184,3.5972689344305184,3.5972689344305184,3.5972689344305184,3.5972689344305184,3.5972689344305184,3.5972689344305184,3.5972689344305184,3.5972689344305184,3.5972689344305184,3.5972689344305184,3.5972689344305184,3.5972689344305184,3.5972689344305184,3.5972689344305184,3.5972689344305184,3.5972689344305184,3.5972689344305184,3.5972689344305184,3.5972689344305184,3.5972689344305184,3.5972689344305184,3.5972689344305184,3.5972689344305184,3.5972689344305184,3.5972689344305184,3.5972689344305184,3.5972689344305184,3.5972689344305184,3.5972689344305184,3.5972689344305184,3.5972689344305184,3.5972689344305184,3.5972689344305184,3.5972689344305184,3.5972689344305184,3.5972689344305184,3.5972689344305184,3.5972689344305184,3.5972689344305184,3.5972689344305184,3.5972689344305184,3.5972689344305184,3.5972689344305184,3.5972689344305184,3.5972689344305184,3.5972689344305184,3.5972689344305184,3.5972689344305184,3.5972689344305184,3.5972689344305184,3.5972689344305184,3.5972689344305184,3.5972689344305184,3.5972689344305184,3.5972689344305184,3.5972689344305184,3.5972689344305184,3.5972689344305184,3.5972689344305184,3.5972689344305184,3.5972689344305184,3.5972689344305184,3.5972689344305184,3.5972689344305184,3.5972689344305184,3.5972689344305184,3.5972689344305184,3.5972689344305184,3.5972689344305184,3.5972689344305184,3.5972689344305184,3.5972689344305184,3.5972689344305184,3.5972689344305184,3.5972689344305184,3.5972689344305184,3.5972689344305184,3.5972689344305184,3.5972689344305184,3.5972689344305184,3.5972689344305184,3.5972689344305184,3.5972689344305184,3.5972689344305184,3.5972689344305184,3.5972689344305184,3.5972689344305184,3.5972689344305184,3.5972689344305184,3.5972689344305184,3.5972689344305184,3.5972689344305184,3.5972689344305184,3.5972689344305184,3.5972689344305184,3.5972689344305184,3.5972689344305184,3.5972689344305184,3.5972689344305184,3.5972689344305184,3.5972689344305184,3.5972689344305184,3.5972689344305184,3.5972689344305184,3.5972689344305184,3.5972689344305184,3.5972689344305184,3.5972689344305184,3.5972689344305184,3.5972689344305184,3.5972689344305184,3.5972689344305184,3.5972689344305184,3.5972689344305184,3.5972689344305184,3.5972689344305184,3.5972689344305184,3.5972689344305184,3.5972689344305184,3.5972689344305184,3.5972689344305184,3.5972689344305184,3.5972689344305184,3.5972689344305184,3.5972689344305184,3.5972689344305184,3.5972689344305184,3.5972689344305184,3.5972689344305184,3.5972689344305184,3.5972689344305184,3.5972689344305184,3.5972689344305184,3.5972689344305184,3.5972689344305184,3.5972689344305184,3.5972689344305184,3.5972689344305184,3.5972689344305184,3.5972689344305184,3.5972689344305184,3.5972689344305184,3.5972689344305184,3.5972689344305184,3.5972689344305184,3.5972689344305184,3.5972689344305184,3.5972689344305184,3.5972689344305184,3.5972689344305184,3.5972689344305184,3.5972689344305184,3.5972689344305184,3.5972689344305184,3.5972689344305184,3.5972689344305184,3.5972689344305184,3.5972689344305184,3.5972689344305184,3.5972689344305184,3.5972689344305184,3.5972689344305184,3.5972689344305184,3.5972689344305184,3.5972689344305184,3.5972689344305184,3.5972689344305184,3.5972689344305184,3.5972689344305184,3.5972689344305184,3.5972689344305184,3.5972689344305184,3.5972689344305184,3.5972689344305184,3.5972689344305184,3.5972689344305184,3.5972689344305184,3.5972689344305184,3.5972689344305184,3.5972689344305184,3.5972689344305184,3.5972689344305184,3.5972689344305184,3.5972689344305184,3.5972689344305184,3.5972689344305184,3.5972689344305184,3.5972689344305184,3.5972689344305184,3.5972689344305184,3.5972689344305184,3.5972689344305184,3.5972689344305184,3.5972689344305184,3.5972689344305184,3.5972689344305184,3.5972689344305184,3.5972689344305184,3.5972689344305184,3.5972689344305184,3.5972689344305184,3.5972689344305184,3.5972689344305184,3.5972689344305184,3.5972689344305184,3.5972689344305184,3.5972689344305184,3.5972689344305184,3.5972689344305184,3.5972689344305184,3.5972689344305184,3.5972689344305184,3.5972689344305184,3.5972689344305184,3.5972689344305184,3.5972689344305184,3.5972689344305184,3.5972689344305184,3.5972689344305184,3.5972689344305184,3.5972689344305184,3.5972689344305184,3.5972689344305184,3.5972689344305184,3.5972689344305184,3.5972689344305184,3.5972689344305184,3.5972689344305184,3.5972689344305184,3.5972689344305184,3.5972689344305184,3.5972689344305184,3.5972689344305184,3.5972689344305184,3.5972689344305184,3.5972689344305184,3.5972689344305184,3.5972689344305184,3.5972689344305184,3.5972689344305184,3.5972689344305184,3.5972689344305184,3.5972689344305184,3.5972689344305184,3.5972689344305184,3.5972689344305184,3.5972689344305184,7.849470194950811,7.849470194950811,7.849470194950811,7.849470194950811,7.849470194950811,7.849470194950811,7.796360625217916,7.758131163233076,6.903972097027239,6.903972097027239,6.619572499689329,6.619572499689329,6.619572499689329,6.619572499689329,6.619572499689329,6.619572499689329,6.619572499689329,6.619572499689329,6.619572499689329,6.619572499689329,6.619572499689329,6.619572499689329,6.619572499689329,6.619572499689329,6.619572499689329,6.619572499689329,6.619572499689329,6.619572499689329,6.619572499689329,6.619572499689329,6.619572499689329,6.619572499689329,6.619572499689329,6.619572499689329,6.619572499689329,6.619572499689329,6.619572499689329,6.619572499689329,6.619572499689329,6.619572499689329,6.619572499689329,6.619572499689329,6.619572499689329,6.619572499689329,6.619572499689329,6.619572499689329,6.619572499689329,6.619572499689329,6.619572499689329,6.619572499689329,6.619572499689329,6.619572499689329,6.619572499689329,6.619572499689329,6.619572499689329,6.619572499689329,6.619572499689329,6.619572499689329,6.619572499689329,5.761392051086547,5.157569876643029,4.876385412478235,4.876385412478235,4.876385412478235,4.876385412478235,4.876385412478235,4.876385412478235,4.876385412478235,4.876385412478235,4.876385412478235,4.876385412478235,4.687346962083299,4.687346962083299,4.687346962083299,4.579286608412045,4.579286608412045,4.579286608412045,4.579286608412045,4.579286608412045,4.579286608412045,4.579286608412045,4.579286608412045,4.579286608412045,4.579286608412045,4.579286608412045,4.579286608412045,4.579286608412045,4.579286608412045,4.579286608412045,4.579286608412045,4.579286608412045,4.579286608412045,4.579286608412045,4.579286608412045,4.579286608412045,4.579286608412045,4.579286608412045,4.579286608412045,4.579286608412045,4.359153877558751,4.359153877558751,4.359153877558751,4.359153877558751,4.359153877558751,4.343218024791489,4.338795530547545,4.338795530547545,4.338795530547545,4.338795530547545,4.315682561539892,4.315682561539892,4.315682561539892,4.315682561539892,4.315682561539892,4.315682561539892,4.315682561539892,4.315682561539892,4.315682561539892,4.315682561539892,4.315682561539892,4.315682561539892,4.315682561539892,4.315682561539892,4.315682561539892,4.315682561539892,4.315682561539892,4.315682561539892,4.315682561539892,4.315682561539892,4.315682561539892,4.315682561539892,4.27318067706756,4.27318067706756,4.203617204683442,4.203617204683442,4.203617204683442,4.203617204683442,4.203617204683442,4.203617204683442,3.95290380150631,3.95290380150631,3.95290380150631,3.95290380150631,3.95290380150631,3.95290380150631,3.95290380150631,3.95290380150631,3.95290380150631,3.95290380150631,3.95290380150631,3.95290380150631,3.95290380150631,3.95290380150631,3.95290380150631,3.95290380150631,3.95290380150631,3.95290380150631,3.95290380150631,3.95290380150631,3.95290380150631,3.95290380150631,3.95290380150631,3.95290380150631,3.95290380150631,3.95290380150631,3.95290380150631,3.95290380150631,3.95290380150631,3.95290380150631,3.95290380150631,3.95290380150631,3.95290380150631,3.95290380150631,3.95290380150631,3.95290380150631,3.95290380150631,3.95290380150631,3.95290380150631,3.95290380150631,3.95290380150631,3.95290380150631,3.95290380150631,3.95290380150631,3.95290380150631,3.95290380150631,3.95290380150631,3.95290380150631,3.95290380150631,3.95290380150631,3.95290380150631,3.95290380150631,3.95290380150631,3.95290380150631,3.95290380150631,3.95290380150631,3.95290380150631,3.95290380150631,3.95290380150631,3.95290380150631,3.95290380150631,3.95290380150631,3.95290380150631,3.95290380150631,3.95290380150631,3.95290380150631,3.95290380150631,3.95290380150631,3.95290380150631,3.95290380150631,3.95290380150631,3.95290380150631,3.95290380150631,3.95290380150631,3.95290380150631,3.95290380150631,3.95290380150631,3.95290380150631,3.95290380150631,3.95290380150631,3.95290380150631,3.95290380150631,3.95290380150631,3.95290380150631,3.95290380150631,3.95290380150631,3.95290380150631,3.95290380150631,3.95290380150631,3.95290380150631,3.95290380150631,3.95290380150631,3.95290380150631,3.95290380150631,3.95290380150631,3.95290380150631,3.95290380150631,3.95290380150631,3.95290380150631,3.95290380150631,3.95290380150631,3.95290380150631,3.95290380150631,3.95290380150631,3.95290380150631,3.95290380150631,3.95290380150631,3.95290380150631,3.95290380150631,3.95290380150631,3.95290380150631,3.95290380150631,3.95290380150631,3.95290380150631,3.95290380150631,3.95290380150631,3.95290380150631,3.95290380150631,3.95290380150631,3.95290380150631,3.95290380150631,3.95290380150631,3.95290380150631,3.95290380150631,3.95290380150631,3.95290380150631,3.95290380150631,3.95290380150631,3.95290380150631,3.95290380150631,3.95290380150631,3.95290380150631,3.95290380150631,3.95290380150631,3.95290380150631,3.95290380150631,3.95290380150631,3.95290380150631,3.95290380150631,3.95290380150631,3.95290380150631,3.95290380150631,3.95290380150631,3.95290380150631,3.95290380150631,3.95290380150631,3.95290380150631,3.95290380150631,3.95290380150631,3.95290380150631,3.95290380150631,3.95290380150631,3.95290380150631,3.95290380150631,3.95290380150631,3.95290380150631,3.95290380150631,3.95290380150631,3.95290380150631,3.95290380150631,3.95290380150631,3.95290380150631,3.95290380150631,3.95290380150631,3.95290380150631,3.95290380150631,3.95290380150631,3.95290380150631,3.95290380150631,3.95290380150631,3.95290380150631,3.95290380150631,3.95290380150631,3.95290380150631,3.95290380150631,3.95290380150631,3.95290380150631,3.95290380150631,3.95290380150631,3.95290380150631,3.95290380150631,3.95290380150631,3.95290380150631,3.95290380150631,3.95290380150631,3.95290380150631,3.95290380150631,3.95290380150631,3.95290380150631,3.95290380150631,3.95290380150631,3.95290380150631,3.95290380150631,3.95290380150631,3.95290380150631,3.95290380150631,3.95290380150631,3.95290380150631,3.95290380150631,3.95290380150631,3.95290380150631,3.95290380150631,3.95290380150631,3.95290380150631,3.95290380150631,3.95290380150631,3.95290380150631,3.95290380150631,3.95290380150631,3.95290380150631,3.95290380150631,3.95290380150631,3.95290380150631,3.95290380150631,3.95290380150631,3.95290380150631,3.95290380150631,3.95290380150631,3.95290380150631,3.95290380150631,3.95290380150631,3.95290380150631,3.95290380150631,3.95290380150631,3.95290380150631,3.95290380150631,3.95290380150631,3.95290380150631,3.95290380150631,3.95290380150631,3.95290380150631,3.95290380150631,3.95290380150631,3.95290380150631,3.95290380150631,3.95290380150631,3.95290380150631,3.95290380150631,3.95290380150631,3.95290380150631,3.95290380150631,3.95290380150631,3.95290380150631,3.95290380150631,3.95290380150631,3.95290380150631,3.95290380150631,3.95290380150631,3.95290380150631,3.95290380150631,3.95290380150631,3.95290380150631,3.95290380150631,3.95290380150631,3.95290380150631,3.95290380150631,3.95290380150631,3.95290380150631,3.95290380150631,3.95290380150631,3.95290380150631,3.95290380150631,3.95290380150631,3.95290380150631,3.95290380150631,3.95290380150631,3.95290380150631,3.95290380150631,3.95290380150631,3.95290380150631,3.95290380150631,3.95290380150631,3.95290380150631,3.95290380150631,3.95290380150631,3.95290380150631,3.95290380150631,3.95290380150631,3.95290380150631,3.95290380150631,3.95290380150631,3.95290380150631,3.95290380150631,3.95290380150631,3.95290380150631,3.95290380150631,3.95290380150631,3.95290380150631,3.95290380150631,3.95290380150631,3.95290380150631,3.95290380150631,3.95290380150631,3.95290380150631,3.95290380150631,3.95290380150631,3.95290380150631,3.95290380150631,3.95290380150631,3.95290380150631,3.95290380150631,3.95290380150631,3.95290380150631,3.95290380150631,3.95290380150631,3.95290380150631,3.95290380150631,3.95290380150631,3.95290380150631,3.95290380150631,3.95290380150631,3.95290380150631,3.95290380150631,3.95290380150631,3.95290380150631,3.95290380150631,3.95290380150631,3.95290380150631,3.95290380150631,3.95290380150631,3.95290380150631,3.95290380150631,3.95290380150631,3.95290380150631,3.95290380150631,3.95290380150631,3.95290380150631,3.95290380150631,3.95290380150631,3.95290380150631,3.95290380150631,3.95290380150631,3.95290380150631,3.95290380150631,3.95290380150631,3.95290380150631,3.95290380150631,3.95290380150631,3.95290380150631,3.95290380150631,3.95290380150631,3.95290380150631,3.95290380150631,3.95290380150631,3.95290380150631,3.95290380150631,3.95290380150631,3.95290380150631,3.95290380150631,3.95290380150631,3.95290380150631,3.95290380150631,3.95290380150631,3.95290380150631,3.95290380150631,3.95290380150631,3.95290380150631,3.95290380150631,3.95290380150631,3.95290380150631,3.95290380150631,3.95290380150631,3.95290380150631,3.95290380150631,3.95290380150631,3.95290380150631,3.95290380150631,3.95290380150631,3.95290380150631,3.95290380150631,3.95290380150631,3.95290380150631,3.95290380150631,3.95290380150631,3.95290380150631,3.95290380150631,3.95290380150631,3.95290380150631,3.95290380150631,3.95290380150631,3.95290380150631,3.95290380150631,3.95290380150631,3.95290380150631,3.95290380150631,3.95290380150631,3.95290380150631,3.95290380150631,3.95290380150631,3.95290380150631,3.95290380150631,3.95290380150631,3.95290380150631,3.95290380150631,3.95290380150631,3.95290380150631,3.95290380150631,3.95290380150631,3.95290380150631,3.95290380150631,3.95290380150631,3.95290380150631,3.95290380150631,3.95290380150631,3.95290380150631,3.95290380150631,3.95290380150631,3.95290380150631,3.95290380150631,3.95290380150631,3.95290380150631,3.95290380150631,3.95290380150631,3.95290380150631,3.95290380150631,3.95290380150631,3.95290380150631,3.95290380150631,3.95290380150631,3.95290380150631,3.95290380150631,3.95290380150631,3.95290380150631,3.95290380150631,3.95290380150631,3.95290380150631,3.95290380150631,3.95290380150631,3.95290380150631,3.95290380150631,3.95290380150631,3.95290380150631,3.95290380150631,3.95290380150631,3.95290380150631,3.95290380150631,3.95290380150631,3.95290380150631,3.95290380150631,3.95290380150631,3.95290380150631,3.95290380150631,3.95290380150631,3.95290380150631,3.95290380150631,3.95290380150631,3.95290380150631,3.95290380150631,3.95290380150631,3.95290380150631,3.95290380150631,3.95290380150631,3.95290380150631,3.95290380150631,3.95290380150631,3.95290380150631,3.95290380150631,3.95290380150631,3.95290380150631,3.95290380150631,3.95290380150631,3.95290380150631,3.95290380150631,3.95290380150631,3.95290380150631,3.95290380150631,3.95290380150631,3.95290380150631,3.95290380150631,3.95290380150631,3.95290380150631,3.95290380150631,3.95290380150631,3.95290380150631,3.95290380150631,3.95290380150631,3.95290380150631,3.95290380150631,3.95290380150631,3.95290380150631,3.95290380150631,3.95290380150631,3.95290380150631,3.95290380150631,3.95290380150631,3.95290380150631,3.95290380150631,3.95290380150631,3.95290380150631,3.95290380150631,3.95290380150631,3.95290380150631,3.95290380150631,3.95290380150631,3.95290380150631,3.95290380150631,3.95290380150631,3.95290380150631,3.95290380150631,3.95290380150631,3.95290380150631,3.95290380150631,3.95290380150631,3.95290380150631,3.95290380150631,3.95290380150631,3.95290380150631,3.95290380150631,3.95290380150631,3.95290380150631,3.95290380150631,3.95290380150631,3.95290380150631,3.95290380150631,3.95290380150631,3.95290380150631,3.95290380150631,3.95290380150631,3.95290380150631,3.95290380150631,3.95290380150631,3.95290380150631,3.95290380150631,3.95290380150631,3.95290380150631,3.95290380150631,3.95290380150631,3.95290380150631,3.95290380150631,3.95290380150631,3.95290380150631,3.95290380150631,3.95290380150631,3.95290380150631,3.95290380150631,3.95290380150631,3.95290380150631,3.95290380150631,3.95290380150631,3.95290380150631,3.95290380150631,3.95290380150631,3.95290380150631,3.95290380150631,3.95290380150631,3.95290380150631,3.95290380150631,3.95290380150631,3.95290380150631,3.95290380150631,3.95290380150631,3.95290380150631,3.95290380150631,3.95290380150631,3.95290380150631,3.95290380150631,3.95290380150631,3.95290380150631,3.95290380150631,3.95290380150631,3.95290380150631,3.95290380150631,3.95290380150631,3.95290380150631,3.95290380150631,3.95290380150631,3.95290380150631,3.95290380150631,3.95290380150631,3.95290380150631,3.95290380150631,3.95290380150631,3.95290380150631,3.95290380150631,3.95290380150631,3.95290380150631,3.95290380150631,3.95290380150631,3.95290380150631,3.95290380150631,3.95290380150631,3.95290380150631,3.95290380150631,3.95290380150631,3.95290380150631,3.95290380150631,3.95290380150631,3.95290380150631,3.95290380150631,3.95290380150631,3.95290380150631,3.95290380150631,3.95290380150631,3.95290380150631,3.95290380150631,3.95290380150631,3.95290380150631,3.95290380150631,3.95290380150631,3.95290380150631,3.95290380150631,3.95290380150631,3.95290380150631,3.95290380150631,3.95290380150631,3.95290380150631,3.95290380150631,3.95290380150631,3.95290380150631,3.95290380150631,3.95290380150631,3.95290380150631,3.95290380150631,3.95290380150631,3.95290380150631,3.95290380150631,3.95290380150631,3.95290380150631,3.95290380150631,3.95290380150631,3.95290380150631,3.95290380150631,3.95290380150631,3.95290380150631,3.95290380150631,3.95290380150631,3.95290380150631,3.95290380150631,3.95290380150631,3.95290380150631,3.95290380150631,3.95290380150631,3.95290380150631,3.95290380150631,3.95290380150631,3.95290380150631,3.95290380150631,3.95290380150631,3.95290380150631,3.95290380150631,3.95290380150631,3.95290380150631,3.95290380150631,3.95290380150631,3.95290380150631,3.95290380150631,3.95290380150631,3.95290380150631,3.95290380150631,3.95290380150631,3.95290380150631,3.95290380150631,3.95290380150631,3.95290380150631,3.95290380150631,3.95290380150631,3.95290380150631,3.95290380150631,3.95290380150631,3.95290380150631,3.95290380150631,3.95290380150631,3.95290380150631,3.95290380150631,3.95290380150631,3.95290380150631,3.95290380150631,3.95290380150631,3.95290380150631,3.95290380150631,3.95290380150631,3.95290380150631,3.95290380150631,3.95290380150631,3.95290380150631,3.95290380150631,3.95290380150631,3.95290380150631,3.95290380150631,3.95290380150631,3.95290380150631,3.95290380150631,3.95290380150631,3.95290380150631,3.95290380150631,3.95290380150631,3.95290380150631,3.95290380150631,3.95290380150631,3.95290380150631,3.95290380150631,3.95290380150631,3.95290380150631,3.95290380150631,3.95290380150631,3.95290380150631,3.95290380150631,3.95290380150631,3.95290380150631,3.95290380150631,3.95290380150631,3.95290380150631,3.95290380150631,3.95290380150631,3.95290380150631,3.95290380150631,3.95290380150631,3.95290380150631,3.95290380150631,3.95290380150631,3.95290380150631,3.95290380150631,3.95290380150631,3.95290380150631,3.95290380150631,3.95290380150631,3.95290380150631,3.95290380150631,3.95290380150631,3.95290380150631,3.95290380150631,3.95290380150631,3.95290380150631,3.95290380150631,3.95290380150631,3.95290380150631,3.95290380150631,3.95290380150631,3.95290380150631,3.95290380150631,3.95290380150631,3.95290380150631,3.95290380150631,3.95290380150631,3.95290380150631,3.95290380150631,3.95290380150631,3.95290380150631,3.95290380150631,3.95290380150631,3.95290380150631,3.95290380150631,3.95290380150631,3.95290380150631,3.95290380150631,3.95290380150631,3.95290380150631,3.95290380150631,3.95290380150631,3.95290380150631,3.95290380150631,3.95290380150631,3.95290380150631,3.95290380150631,3.95290380150631,3.95290380150631,3.95290380150631,3.95290380150631,3.95290380150631,3.95290380150631,3.95290380150631,3.95290380150631,3.95290380150631,3.95290380150631,3.95290380150631,3.95290380150631,3.95290380150631,3.95290380150631,3.95290380150631,3.95290380150631,3.95290380150631,3.95290380150631,3.95290380150631,3.95290380150631,3.95290380150631,3.95290380150631,3.95290380150631,3.95290380150631,3.95290380150631,3.95290380150631,3.95290380150631,3.95290380150631,3.95290380150631,3.95290380150631,3.95290380150631,3.95290380150631,3.95290380150631,3.95290380150631,3.95290380150631,3.95290380150631,3.95290380150631,3.95290380150631,3.95290380150631,3.95290380150631,3.95290380150631,3.95290380150631,3.95290380150631,3.95290380150631,3.95290380150631,3.95290380150631,3.95290380150631,3.95290380150631,3.95290380150631,3.95290380150631,3.95290380150631,3.95290380150631,3.95290380150631,3.95290380150631,3.95290380150631,3.95290380150631,3.95290380150631,3.95290380150631,3.95290380150631,3.95290380150631,3.95290380150631,3.95290380150631,3.95290380150631,3.95290380150631,3.95290380150631,3.95290380150631,3.95290380150631,3.95290380150631,3.95290380150631,3.95290380150631,3.95290380150631,3.95290380150631,3.95290380150631,3.95290380150631,3.95290380150631,3.95290380150631,3.95290380150631,3.95290380150631,3.95290380150631,3.95290380150631,3.95290380150631,3.95290380150631,3.95290380150631,3.95290380150631,3.95290380150631,3.95290380150631,3.95290380150631,3.95290380150631,3.95290380150631,3.95290380150631,3.95290380150631,3.95290380150631,3.95290380150631,3.95290380150631,3.95290380150631,3.95290380150631,3.95290380150631,3.95290380150631,3.95290380150631,3.95290380150631,3.95290380150631,3.95290380150631,3.95290380150631,3.95290380150631,3.95290380150631,3.95290380150631,3.95290380150631,7.8497258076859,7.8497258076859,7.369279406306312,7.369279406306312,7.369279406306312,7.369279406306312,7.369279406306312,7.369279406306312,7.369279406306312,7.369279406306312,7.369279406306312,7.369279406306312,7.369279406306312,7.369279406306312,7.369279406306312,7.369279406306312,7.369279406306312,7.369279406306312,7.369279406306312,7.369279406306312,7.369279406306312,7.369279406306312,7.369279406306312,7.369279406306312,7.369279406306312,7.369279406306312,7.369279406306312,7.369279406306312,7.369279406306312,7.369279406306312,7.369279406306312,7.369279406306312,7.369279406306312,7.369279406306312,7.369279406306312,7.369279406306312,7.369279406306312,7.369279406306312,7.369279406306312,7.369279406306312,7.369279406306312,7.369279406306312,7.369279406306312,7.369279406306312,7.369279406306312,7.369279406306312,7.369279406306312,7.369279406306312,7.369279406306312,7.369279406306312,7.369279406306312,7.369279406306312,7.369279406306312,7.369279406306312,7.369279406306312,7.369279406306312,7.369279406306312,7.369279406306312,7.369279406306312,7.369279406306312,7.369279406306312,7.369279406306312,7.369279406306312,7.369279406306312,7.369279406306312,7.369279406306312,7.369279406306312,7.369279406306312,4.99900002449614,4.99900002449614,4.99900002449614,4.99900002449614,4.99900002449614,4.99900002449614,4.99900002449614,4.99900002449614,4.99900002449614,4.99900002449614,4.99900002449614,4.99900002449614,4.99900002449614,4.99900002449614,4.99900002449614,4.99900002449614,4.99900002449614,4.99900002449614,4.99900002449614,4.99900002449614,4.99900002449614,4.99900002449614,4.99900002449614,4.99900002449614,4.99900002449614,4.99900002449614,4.99900002449614,4.99900002449614,4.99900002449614,4.99900002449614,4.99900002449614,4.99900002449614,4.99900002449614,4.99900002449614,4.99900002449614,4.99900002449614,4.99900002449614,4.99900002449614,4.99900002449614,4.99900002449614,4.99900002449614,4.99900002449614,4.99900002449614,4.99900002449614,4.99900002449614,4.99900002449614,4.99900002449614,4.99900002449614,4.99900002449614,4.99900002449614,4.99900002449614,4.99900002449614,4.99900002449614,4.99900002449614,4.99900002449614,4.99900002449614,4.99900002449614,4.99900002449614,4.99900002449614,4.99900002449614,4.99900002449614,4.99900002449614,4.99900002449614,4.99900002449614,4.99900002449614,4.99900002449614,4.99900002449614,4.99900002449614,4.99900002449614,4.99900002449614,4.99900002449614,4.99900002449614,4.99900002449614,4.99900002449614,4.99900002449614,4.99900002449614,4.99900002449614,4.99900002449614,4.99900002449614,4.99900002449614,4.99900002449614,4.99900002449614,4.99900002449614,4.99900002449614,4.99900002449614,4.99900002449614,4.99900002449614,4.99900002449614,4.99900002449614,4.99900002449614,4.99900002449614,4.99900002449614,4.99900002449614,4.99900002449614,4.99900002449614,4.99900002449614,4.99900002449614,4.99900002449614,4.99900002449614,4.99900002449614,4.99900002449614,4.99900002449614,4.99900002449614,4.99900002449614,4.99900002449614,4.99900002449614,4.99900002449614,4.99900002449614,4.99900002449614,4.99900002449614,4.99900002449614,4.99900002449614,4.99900002449614,4.99900002449614,4.875782172651584,4.691842948007748,4.691842948007748,4.691842948007748,4.691842948007748,4.691842948007748,4.691842948007748,4.691842948007748,4.691842948007748,4.691842948007748,4.691842948007748,4.691842948007748,4.691842948007748,4.691842948007748,4.691842948007748,4.691842948007748,4.691842948007748,4.691842948007748,4.691842948007748,4.691842948007748,4.691842948007748,4.691842948007748,4.691842948007748,4.691842948007748,4.691842948007748,4.691842948007748,4.691842948007748,4.691842948007748,4.691842948007748,4.691842948007748,4.691842948007748,4.691842948007748,4.691842948007748,4.691842948007748,4.691842948007748,4.691842948007748,4.691842948007748,4.691842948007748,4.691842948007748,4.691842948007748,4.691842948007748,4.691842948007748,4.691842948007748,4.691842948007748,4.691842948007748,4.691842948007748,4.691842948007748,4.691842948007748,4.691842948007748,4.691842948007748,4.691842948007748,4.691842948007748,4.691842948007748,4.691842948007748,4.691842948007748,4.691842948007748,4.691842948007748,4.691842948007748,4.691842948007748,4.691842948007748,4.691842948007748,4.691842948007748,4.691842948007748,4.691842948007748,4.691842948007748,4.691842948007748,4.691842948007748,4.691842948007748,4.691842948007748,4.691842948007748,4.691842948007748,4.691842948007748,4.691842948007748,4.691842948007748,4.691842948007748,4.691842948007748,4.691842948007748,4.691842948007748,4.691842948007748,4.691842948007748,4.691842948007748,4.691842948007748,4.691842948007748,4.691842948007748,4.691842948007748,4.691842948007748,4.691842948007748,4.691842948007748,4.691842948007748,4.691842948007748,4.691842948007748,4.691842948007748,4.691842948007748,4.691842948007748,4.691842948007748,4.691842948007748,4.691842948007748,4.691842948007748,4.691842948007748,4.691842948007748,4.691842948007748,4.691842948007748,4.691842948007748,4.691842948007748,4.691842948007748,4.691842948007748,4.691842948007748,4.691842948007748,4.691842948007748,4.691842948007748,0.7506901862153438,0.7506901862153438,0.7506901862153438,0.7506901862153438,0.7506901862153438,0.7506901862153438,0.7506901862153438,0.7506901862153438,0.7506901862153438,0.7506901862153438,0.7506901862153438,0.7506901862153438,0.7506901862153438,0.7506901862153438,0.7506901862153438,0.7506901862153438,0.7506901862153438,0.7506901862153438,0.7506901862153438,0.7506901862153438,0.7506901862153438,0.7506901862153438,0.7506901862153438,0.7506901862153438,0.7506901862153438,0.7506901862153438,0.7506901862153438,0.7506901862153438,0.7506901862153438,0.7506901862153438,0.7506901862153438,0.7506901862153438,0.7506901862153438,0.7506901862153438,0.7506901862153438,0.7506901862153438,0.7506901862153438,0.7506901862153438,0.7506901862153438,0.7506901862153438,0.7506901862153438,0.7506901862153438,0.7506901862153438,0.7506901862153438,0.7506901862153438,0.7506901862153438,0.7506901862153438,0.7506901862153438,0.7506901862153438,0.7506901862153438,0.7506901862153438,0.7506901862153438,0.7506901862153438,0.7506901862153438,0.7506901862153438,0.7506901862153438,0.7506901862153438,0.7506901862153438,0.7506901862153438,0.7506901862153438,0.7506901862153438,0.7506901862153438,0.7506901862153438,0.7506901862153438,0.7506901862153438,0.7506901862153438,0.7506901862153438,0.7506901862153438,0.7506901862153438,0.7506901862153438,0.7506901862153438,0.7506901862153438,0.7506901862153438,0.7506901862153438,0.7506901862153438,0.7506901862153438,0.7506901862153438,0.7506901862153438,0.7506901862153438,0.7506901862153438,0.7506901862153438,0.7506901862153438,0.7506901862153438,0.7506901862153438,0.7506901862153438,0.7506901862153438,0.7506901862153438,0.7506901862153438,0.7506901862153438,0.7506901862153438,0.7506901862153438,0.7506901862153438,0.7506901862153438,0.7506901862153438,0.7506901862153438,0.7506901862153438,0.7506901862153438,0.7506901862153438,0.7506901862153438,0.7506901862153438,0.7506901862153438,0.7506901862153438,0.7506901862153438,0.7506901862153438,0.7506901862153438,0.7506901862153438,0.7506901862153438,0.7506901862153438,0.7506901862153438,0.7506901862153438,0.7506901862153438,0.7506901862153438,0.7506901862153438,0.7506901862153438,0.7506901862153438,0.7506901862153438,0.7506901862153438,0.7506901862153438,0.7506901862153438,0.7506901862153438,0.7506901862153438,0.7506901862153438,0.7506901862153438,0.7506901862153438,0.7506901862153438,0.7506901862153438,0.7506901862153438,0.7506901862153438,0.7506901862153438,0.7506901862153438,0.7506901862153438,0.7506901862153438,0.7506901862153438,0.7506901862153438,0.7506901862153438,0.7506901862153438,0.7506901862153438,0.7506901862153438,0.7506901862153438,0.7506901862153438,0.7506901862153438,0.7506901862153438,0.7506901862153438,0.7506901862153438,0.7506901862153438,0.7506901862153438,0.7506901862153438,0.7506901862153438,0.7506901862153438,0.7506901862153438,0.7506901862153438,0.7506901862153438,0.7506901862153438,0.7506901862153438,0.7506901862153438,0.7506901862153438,0.7506901862153438,0.7506901862153438,0.7506901862153438,0.7506901862153438,0.7506901862153438,0.7506901862153438,0.7506901862153438,0.7506901862153438,0.7506901862153438,0.7506901862153438,0.7506901862153438,0.7506901862153438,0.7506901862153438,0.7506901862153438,0.7506901862153438,0.7506901862153438,0.7506901862153438,0.7506901862153438,0.7506901862153438,0.7506901862153438,0.7506901862153438,0.7506901862153438,0.7506901862153438,0.7506901862153438,0.7506901862153438,0.7506901862153438,0.7506901862153438,0.7506901862153438,0.7506901862153438,0.7506901862153438,0.7506901862153438,0.7506901862153438,0.7506901862153438,0.7506901862153438,0.7506901862153438,0.7506901862153438,0.7506901862153438,0.7506901862153438,0.7506901862153438,0.7506901862153438,0.7506901862153438,0.7506901862153438,0.7506901862153438,0.7506901862153438,0.7506901862153438,0.7506901862153438,0.7506901862153438,0.7506901862153438,0.7506901862153438,0.7506901862153438,0.7506901862153438,0.7506901862153438,0.7506901862153438,0.7506901862153438,0.7506901862153438,0.7506901862153438,0.7506901862153438,0.7506901862153438,0.7506901862153438,0.7506901862153438,0.7506901862153438,0.7506901862153438,0.7506901862153438,0.7506901862153438,0.7506901862153438,0.7506901862153438,0.7506901862153438,0.7506901862153438,0.7506901862153438,0.7506901862153438,0.7506901862153438,0.7506901862153438,0.7506901862153438,0.7506901862153438,0.7506901862153438,0.7506901862153438,0.7506901862153438,0.7506901862153438,0.7506901862153438,0.7506901862153438,0.7506901862153438,0.7506901862153438,0.7506901862153438,0.7506901862153438,0.7506901862153438,0.7506901862153438,0.7506901862153438,0.7506901862153438,0.7506901862153438,0.7506901862153438,0.7506901862153438,0.7506901862153438,0.7506901862153438,0.7506901862153438,0.7506901862153438,0.7506901862153438,0.7506901862153438,0.7506901862153438,0.7506901862153438,0.7506901862153438,0.7506901862153438,0.7506901862153438,0.7506901862153438,0.7506901862153438,0.7506901862153438,0.7506901862153438,0.7506901862153438,0.7506901862153438,0.7506901862153438,0.7506901862153438,0.7506901862153438,0.7506901862153438,0.7506901862153438,0.7506901862153438,0.7506901862153438,0.7506901862153438,0.7506901862153438,0.7506901862153438,0.7506901862153438,0.7506901862153438,0.7506901862153438,0.7506901862153438,0.7506901862153438,0.7506901862153438,0.7506901862153438,0.7506901862153438,0.7506901862153438,0.7506901862153438,0.7506901862153438,0.7506901862153438,0.7506901862153438,0.7506901862153438,0.7506901862153438,0.7506901862153438,0.7506901862153438,0.7506901862153438,0.7506901862153438,0.7506901862153438,0.7506901862153438,0.7506901862153438,0.7506901862153438,0.7506901862153438,0.7506901862153438,0.7506901862153438,0.7506901862153438,0.7506901862153438,0.7506901862153438,0.7506901862153438,0.7506901862153438,0.7506901862153438,0.7506901862153438,0.7506901862153438,0.7506901862153438,0.7506901862153438,0.7506901862153438,0.7506901862153438,0.7506901862153438,0.7506901862153438,0.7506901862153438,0.7506901862153438,0.7506901862153438,0.7506901862153438,0.7506901862153438,0.7506901862153438,0.7506901862153438,0.7506901862153438,0.7506901862153438,0.7506901862153438,0.7506901862153438,0.7506901862153438,0.7506901862153438,0.7506901862153438,0.7506901862153438,0.7506901862153438,0.7506901862153438,0.7506901862153438,0.7506901862153438,0.7506901862153438,0.7506901862153438,0.7506901862153438,0.7506901862153438,0.7506901862153438,0.7506901862153438,0.7506901862153438,0.7506901862153438,0.7506901862153438,0.7506901862153438,0.7506901862153438,0.7506901862153438,0.7506901862153438,0.7506901862153438,0.7506901862153438,0.7506901862153438,0.7506901862153438,0.7506901862153438,0.7506901862153438,0.7506901862153438,0.7506901862153438,0.7506901862153438,0.7506901862153438,0.7506901862153438,0.7506901862153438,0.7506901862153438,0.7506901862153438,0.7506901862153438,0.7506901862153438,0.7506901862153438,0.7506901862153438,0.7506901862153438,0.7506901862153438,0.7506901862153438,0.7506901862153438,0.7506901862153438,0.7506901862153438,0.7506901862153438,0.7506901862153438,0.7506901862153438,0.7506901862153438,0.7506901862153438,0.7506901862153438,0.7506901862153438,0.7506901862153438,0.7506901862153438,0.7506901862153438,0.7506901862153438,0.7506901862153438,0.7506901862153438,0.7506901862153438,0.7506901862153438,0.7506901862153438,0.7506901862153438,0.7506901862153438,0.7506901862153438,0.7506901862153438,0.7506901862153438,0.7506901862153438,0.7506901862153438,0.7506901862153438,0.7506901862153438,0.7506901862153438,0.7506901862153438,0.7506901862153438,0.7506901862153438,0.7506901862153438,0.7506901862153438,0.7506901862153438,0.7506901862153438,0.7506901862153438,0.7506901862153438,0.7506901862153438,0.7506901862153438,0.7506901862153438,0.7506901862153438,0.7506901862153438,0.7506901862153438,0.7506901862153438,0.7506901862153438,0.7506901862153438,0.7506901862153438,0.7506901862153438,0.7506901862153438,0.7506901862153438,0.7506901862153438,0.7506901862153438,0.7506901862153438,0.7506901862153438,0.7506901862153438,0.7506901862153438,0.7506901862153438,0.7506901862153438,0.7506901862153438,0.7506901862153438,0.7506901862153438,0.7506901862153438,0.7506901862153438,0.7506901862153438,0.7506901862153438,0.7506901862153438,0.7506901862153438,0.7506901862153438,0.7506901862153438,0.7506901862153438,0.7506901862153438,0.7506901862153438,0.7506901862153438,0.7506901862153438,0.7506901862153438,0.7506901862153438,0.7506901862153438,0.7506901862153438,0.7506901862153438,0.7506901862153438,0.7506901862153438,0.7506901862153438,0.7506901862153438,0.7506901862153438,0.7506901862153438,0.7506901862153438,0.7506901862153438,0.7506901862153438,0.7506901862153438,0.7506901862153438,0.7506901862153438,0.7506901862153438,0.7506901862153438,0.7506901862153438,0.7506901862153438,0.7506901862153438,0.7506901862153438,0.7506901862153438,0.7506901862153438,0.7506901862153438,0.7506901862153438,0.7506901862153438,0.7506901862153438,0.7506901862153438,0.7506901862153438,0.7506901862153438,0.7506901862153438,0.7506901862153438,0.7506901862153438,0.7506901862153438,0.7506901862153438,0.7506901862153438,0.7506901862153438,0.7506901862153438,0.7506901862153438,0.7506901862153438,0.7506901862153438,0.7506901862153438,0.7506901862153438,0.7506901862153438,0.7506901862153438,0.7506901862153438,0.7506901862153438,0.7506901862153438,0.7506901862153438,0.7506901862153438,0.7506901862153438,0.7506901862153438,0.7506901862153438,0.7506901862153438,0.7506901862153438,0.7506901862153438,0.7506901862153438,0.7506901862153438,0.7506901862153438,0.7506901862153438,0.7506901862153438,0.7506901862153438,0.7506901862153438,0.7506901862153438,0.7506901862153438,0.7506901862153438,0.7506901862153438,0.7506901862153438,0.7506901862153438,0.7506901862153438,0.7506901862153438,0.7506901862153438,0.7506901862153438,0.7506901862153438,0.7506901862153438,0.7506901862153438,0.7506901862153438,0.7506901862153438,0.7506901862153438,0.7506901862153438,0.7506901862153438,0.7506901862153438,0.7506901862153438,0.7506901862153438,0.7506901862153438,0.7506901862153438,0.7506901862153438,0.7506901862153438,0.7506901862153438,0.7506901862153438,0.7506901862153438,0.7506901862153438,0.7506901862153438,0.7506901862153438,0.7506901862153438,0.7506901862153438,0.7506901862153438,0.7506901862153438,0.7506901862153438,0.7506901862153438,0.7506901862153438,0.7506901862153438,0.7506901862153438,0.7506901862153438,0.7506901862153438,0.7506901862153438,0.7506901862153438,0.7506901862153438,0.7506901862153438,0.7506901862153438,0.7506901862153438,0.7506901862153438,0.7506901862153438,0.7506901862153438,0.7506901862153438,0.7506901862153438,0.7506901862153438,0.7506901862153438,0.7506901862153438,0.7506901862153438,0.7506901862153438,0.7506901862153438,0.7506901862153438,0.7506901862153438,0.7506901862153438,0.7506901862153438,0.7506901862153438,0.7506901862153438,0.7506901862153438,0.7506901862153438,0.7506901862153438,0.7506901862153438,0.7506901862153438,0.7506901862153438,0.7506901862153438,0.7506901862153438,0.7506901862153438,0.7506901862153438,0.7506901862153438,0.7506901862153438,0.7506901862153438,0.7506901862153438,0.7506901862153438,0.7506901862153438,0.7506901862153438,0.7506901862153438,0.7506901862153438,0.7506901862153438,0.7506901862153438,0.7506901862153438,0.7506901862153438,0.7506901862153438,0.7506901862153438,0.7506901862153438,0.7506901862153438,0.7506901862153438,0.7506901862153438,0.7506901862153438,0.7506901862153438,0.7506901862153438,0.7506901862153438,0.7506901862153438,0.7506901862153438,0.7506901862153438,0.7506901862153438,0.7506901862153438,0.7506901862153438,0.7506901862153438,0.7506901862153438,0.7506901862153438,0.7506901862153438,0.7506901862153438,0.7506901862153438,0.7506901862153438,0.7506901862153438,0.7506901862153438,0.7506901862153438,0.7506901862153438,0.7506901862153438,0.7506901862153438,0.7506901862153438,0.7506901862153438,0.7506901862153438,0.7506901862153438,0.7506901862153438,0.7506901862153438,0.7506901862153438,0.7506901862153438,0.7506901862153438,0.7506901862153438,0.7506901862153438,0.7506901862153438,0.7506901862153438,0.7506901862153438,0.7506901862153438,0.7506901862153438,0.7506901862153438,0.7506901862153438,0.7506901862153438,0.7506901862153438,0.7506901862153438,0.7506901862153438,0.7506901862153438,0.7506901862153438,0.7506901862153438,0.7506901862153438,0.7506901862153438,0.7506901862153438,0.7506901862153438,0.7506901862153438,0.7506901862153438,0.7506901862153438,0.7506901862153438,0.7506901862153438,0.7506901862153438,0.7506901862153438,0.7506901862153438,0.7506901862153438,0.7506901862153438,0.7506901862153438,0.7506901862153438,0.7506901862153438,0.7506901862153438,0.7506901862153438,0.7506901862153438,0.7506901862153438,0.7506901862153438,0.7506901862153438,0.7506901862153438,0.7506901862153438,0.7506901862153438,0.7506901862153438,0.7506901862153438,0.7506901862153438,0.7506901862153438,0.7506901862153438,0.7506901862153438,0.7506901862153438,0.7506901862153438,0.7506901862153438,0.7506901862153438,0.7506901862153438,0.7506901862153438,0.7506901862153438,0.7506901862153438,0.7506901862153438,0.7506901862153438,0.7506901862153438,0.7506901862153438,0.7506901862153438,0.7506901862153438,0.7506901862153438,0.7506901862153438,0.7506901862153438,0.7506901862153438,0.7506901862153438,0.7506901862153438,0.7506901862153438,0.7506901862153438,0.7506901862153438,0.7506901862153438,0.7506901862153438,0.7506901862153438,0.7506901862153438,7.428644933784593,7.428644933784593,7.428644933784593,7.428644933784593,7.428644933784593,7.428644933784593,7.428644933784593,7.428644933784593,7.076054259750776,7.076054259750776,7.076054259750776,7.076054259750776,7.076054259750776,7.076054259750776,7.076054259750776,7.076054259750776,7.076054259750776,7.076054259750776,7.076054259750776,7.076054259750776,7.076054259750776,7.076054259750776,7.076054259750776,7.076054259750776,7.076054259750776,7.076054259750776,7.076054259750776,7.076054259750776,7.076054259750776,7.076054259750776,7.076054259750776,7.076054259750776,7.076054259750776,7.076054259750776,7.076054259750776,7.076054259750776,7.076054259750776,7.076054259750776,7.076054259750776,7.076054259750776,7.076054259750776,7.076054259750776,7.076054259750776,7.076054259750776,7.076054259750776,7.076054259750776,7.076054259750776,7.076054259750776,7.076054259750776,7.076054259750776,7.076054259750776,7.076054259750776,7.076054259750776,7.076054259750776,7.076054259750776,7.076054259750776,7.076054259750776,7.076054259750776,7.076054259750776,7.076054259750776,7.076054259750776,7.076054259750776,7.076054259750776,7.076054259750776,7.076054259750776,7.076054259750776,7.076054259750776,7.076054259750776,7.076054259750776,7.076054259750776,7.076054259750776,7.076054259750776,7.076054259750776,7.076054259750776,7.076054259750776,7.076054259750776,7.076054259750776,7.076054259750776,7.076054259750776,7.076054259750776,7.076054259750776,6.821744739032006,6.821744739032006,6.821744739032006,6.821744739032006,6.821744739032006,6.821744739032006,6.821744739032006,6.821744739032006,6.821744739032006,6.821744739032006,6.821744739032006,6.821744739032006,6.821744739032006,6.821744739032006,6.821744739032006,6.821744739032006,6.821744739032006,6.821744739032006,6.821744739032006,6.821744739032006,6.821744739032006,6.821744739032006,6.821744739032006,6.821744739032006,6.821744739032006,6.821744739032006,6.821744739032006,6.821744739032006,6.821744739032006,6.821744739032006,6.821744739032006,6.821744739032006,6.821744739032006,6.821744739032006,6.821744739032006,6.821744739032006,6.821744739032006,6.821744739032006,6.821744739032006,6.821744739032006,6.821744739032006,6.821744739032006,6.821744739032006,6.821744739032006,6.821744739032006,6.821744739032006,6.821744739032006,6.821744739032006,6.821744739032006,6.821744739032006,6.821744739032006,6.821744739032006,6.821744739032006,6.821744739032006,6.821744739032006,6.821744739032006,6.821744739032006,6.821744739032006,6.821744739032006,6.821744739032006,6.821744739032006,6.821744739032006,6.821744739032006,6.335800258579524,5.187695517735783,5.187695517735783,4.998518638138864,4.998518638138864,4.998518638138864,4.998518638138864,4.998518638138864,4.998518638138864,4.998518638138864,4.998518638138864,4.998518638138864,4.998518638138864,4.998518638138864,4.998518638138864,4.998518638138864,4.998518638138864,4.998518638138864,4.998518638138864,4.998518638138864,4.998518638138864,4.998518638138864,4.998518638138864,4.998518638138864,4.998518638138864,4.998518638138864,4.998518638138864,4.998518638138864,4.998518638138864,4.998518638138864,4.998518638138864,4.998518638138864,4.998518638138864,4.998518638138864,4.998518638138864,4.998518638138864,4.998518638138864,4.998518638138864,4.998518638138864,4.998518638138864,4.998518638138864,4.998518638138864,4.998518638138864,4.998518638138864,4.998518638138864,4.998518638138864,4.998518638138864,4.998518638138864,4.998518638138864,4.998518638138864,4.998518638138864,4.998518638138864,4.998518638138864,4.998518638138864,4.998518638138864,4.998518638138864,4.998518638138864,4.998518638138864,4.998518638138864,4.998518638138864,4.998518638138864,4.998518638138864,4.998518638138864,4.998518638138864,4.998518638138864,4.998518638138864,4.998518638138864,4.998518638138864,4.998518638138864,4.998518638138864,4.998518638138864,4.998518638138864,4.998518638138864,4.998518638138864,4.998518638138864,4.998518638138864,4.998518638138864,4.998518638138864,4.998518638138864,4.998518638138864,4.998518638138864,4.998518638138864,4.998518638138864,4.998518638138864,4.998518638138864,4.998518638138864,4.998518638138864,4.998518638138864,4.998518638138864,4.998518638138864,4.998518638138864,4.998518638138864,4.998518638138864,4.998518638138864,4.998518638138864,4.998518638138864,4.998518638138864,4.998518638138864,4.998518638138864,4.998518638138864,4.998518638138864,4.998518638138864,4.998518638138864,4.998518638138864,4.998518638138864,4.998518638138864,4.998518638138864,4.998518638138864,4.998518638138864,4.998518638138864,4.998518638138864,4.998518638138864,4.998518638138864,4.998518638138864,4.998518638138864,4.998518638138864,4.998518638138864,4.998518638138864,4.998518638138864,4.998518638138864,4.998518638138864,4.998518638138864,4.998518638138864,4.998518638138864,4.998518638138864,4.998518638138864,4.998518638138864,4.998518638138864,4.998518638138864,4.998518638138864,4.998518638138864,4.998518638138864,4.998518638138864,4.998518638138864,4.998518638138864,4.998518638138864,4.998518638138864,4.998518638138864,4.998518638138864,4.998518638138864,4.998518638138864,4.998518638138864,4.998518638138864,4.998518638138864,4.998518638138864,4.998518638138864,4.998518638138864,4.998518638138864,4.998518638138864,4.998518638138864,4.998518638138864,4.998518638138864,4.998518638138864,4.998518638138864,4.998518638138864,4.998518638138864,4.998518638138864,4.998518638138864,4.998518638138864,4.998518638138864,4.998518638138864,4.998518638138864,4.998518638138864,4.998518638138864,4.998518638138864,4.998518638138864,4.998518638138864,4.998518638138864,4.998518638138864,4.998518638138864,4.998518638138864,4.998518638138864,4.998518638138864,4.998518638138864,4.998518638138864,4.998518638138864,4.998518638138864,4.998518638138864,4.998518638138864,4.998518638138864,4.998518638138864,4.998518638138864,4.998518638138864,4.998518638138864,4.998518638138864,4.998518638138864,4.998518638138864,4.998518638138864,4.998518638138864,4.998518638138864,4.998518638138864,4.998518638138864,4.998518638138864,4.998518638138864,4.998518638138864,4.998518638138864,4.998518638138864,4.998518638138864,4.998518638138864,4.998518638138864,4.998518638138864,4.998518638138864,4.998518638138864,4.998518638138864,4.998518638138864,4.998518638138864,4.998518638138864,4.998518638138864,4.998518638138864,4.998518638138864,4.998518638138864,4.998518638138864,4.998518638138864,4.998518638138864,4.998518638138864,4.998518638138864,4.998518638138864,4.998518638138864,4.998518638138864,4.998518638138864,4.998518638138864,4.998518638138864,4.998518638138864,4.998518638138864,4.998518638138864,4.998518638138864,4.998518638138864,4.998518638138864,4.998518638138864,4.998518638138864,4.998518638138864,4.998518638138864,4.998518638138864,4.998518638138864,4.998518638138864,4.998518638138864,4.998518638138864,4.998518638138864,4.998518638138864,4.998518638138864,4.998518638138864,4.998518638138864,4.998518638138864,4.998518638138864,4.998518638138864,4.998518638138864,4.998518638138864,4.998518638138864,4.998518638138864,4.998518638138864,4.998518638138864,4.998518638138864,4.998518638138864,4.998518638138864,4.998518638138864,4.998518638138864,4.998518638138864,4.998518638138864,4.998518638138864,4.998518638138864,4.998518638138864,4.998518638138864,4.998518638138864,4.998518638138864,4.998518638138864,4.998518638138864,4.998518638138864,4.998518638138864,4.998518638138864,4.998518638138864,4.998518638138864,4.998518638138864,4.998518638138864,4.998518638138864,4.998518638138864,4.998518638138864,4.998518638138864,4.998518638138864,4.998518638138864,4.998518638138864,4.998518638138864,4.998518638138864,4.998518638138864,4.998518638138864,4.998518638138864,4.998518638138864,4.998518638138864,4.998518638138864,4.998518638138864,4.998518638138864,4.998518638138864,4.998518638138864,4.998518638138864,4.998518638138864,4.998518638138864,4.998518638138864,4.998518638138864,4.998518638138864,4.998518638138864,4.998518638138864,4.998518638138864,4.998518638138864,4.998518638138864,4.998518638138864,4.998518638138864,4.998518638138864,4.998518638138864,4.998518638138864,4.998518638138864,4.998518638138864,4.998518638138864,4.998518638138864,4.998518638138864,4.998518638138864,4.998518638138864,4.998518638138864,4.998518638138864,4.998518638138864,4.998518638138864,4.998518638138864,4.998518638138864,4.998518638138864,4.998518638138864,4.998518638138864,4.998518638138864,4.998518638138864,4.998518638138864,4.998518638138864,4.998518638138864,4.998518638138864,4.998518638138864,4.998518638138864,4.998518638138864,4.998518638138864,4.998518638138864,4.998518638138864,4.998518638138864,4.998518638138864,4.998518638138864,4.998518638138864,4.998518638138864,4.998518638138864,4.998518638138864,4.998518638138864,4.998518638138864,4.998518638138864,4.998518638138864,4.998518638138864,4.998518638138864,4.998518638138864,4.998518638138864,4.998518638138864,4.998518638138864,4.998518638138864,4.998518638138864,4.998518638138864,4.998518638138864,4.998518638138864,4.998518638138864,4.998518638138864,4.998518638138864,4.998518638138864,4.998518638138864,4.998518638138864,4.998518638138864,4.998518638138864,4.998518638138864,4.998518638138864,4.998518638138864,4.998518638138864,4.998518638138864,4.998518638138864,4.998518638138864,4.998518638138864,4.998518638138864,4.998518638138864,4.998518638138864,4.998518638138864,4.998518638138864,4.998518638138864,4.998518638138864,4.998518638138864,4.998518638138864,4.998518638138864,4.998518638138864,4.998518638138864,4.998518638138864,4.998518638138864,4.998518638138864,4.998518638138864,4.998518638138864,4.998518638138864,4.998518638138864,4.998518638138864,4.998518638138864,4.998518638138864,4.998518638138864,4.998518638138864,4.998518638138864,4.998518638138864,4.998518638138864,4.998518638138864,4.998518638138864,4.998518638138864,4.998518638138864,4.998518638138864,4.998518638138864,4.998518638138864,4.998518638138864,4.998518638138864,4.998518638138864,4.998518638138864,4.998518638138864,4.998518638138864,4.998518638138864,4.998518638138864,4.998518638138864,4.998518638138864,4.998518638138864,4.998518638138864,4.998518638138864,4.998518638138864,4.998518638138864,4.998518638138864,4.998518638138864,4.998518638138864,4.998518638138864,4.998518638138864,4.998518638138864,4.998518638138864,4.998518638138864,4.998518638138864,4.998518638138864,4.998518638138864,4.998518638138864,4.998518638138864,4.998518638138864,4.998518638138864,4.998518638138864,4.998518638138864,4.998518638138864,4.998518638138864,4.998518638138864,4.998518638138864,4.998518638138864,4.998518638138864,4.998518638138864,4.998518638138864,4.998518638138864,4.998518638138864,4.998518638138864,4.998518638138864,4.998518638138864,4.998518638138864,4.998518638138864,4.998518638138864,4.998518638138864,4.998518638138864,4.998518638138864,4.998518638138864,4.998518638138864,4.998518638138864,4.998518638138864,4.998518638138864,4.998518638138864,4.998518638138864,4.998518638138864,4.998518638138864,4.998518638138864,4.998518638138864,4.998518638138864,4.998518638138864,4.998518638138864,4.998518638138864,4.998518638138864,4.998518638138864,4.998518638138864,4.998518638138864,4.998518638138864,4.998518638138864,4.998518638138864,4.998518638138864,4.998518638138864,4.998518638138864,4.998518638138864,4.998518638138864,4.998518638138864,4.998518638138864,4.998518638138864,4.998518638138864,4.998518638138864,4.998518638138864,4.998518638138864,4.998518638138864,4.998518638138864,4.998518638138864,4.998518638138864,4.998518638138864,4.998518638138864,4.998518638138864,4.998518638138864,4.998518638138864,4.998518638138864,4.998518638138864,4.998518638138864,4.998518638138864,4.998518638138864,4.998518638138864,4.998518638138864,4.998518638138864,4.998518638138864,4.998518638138864,4.998518638138864,4.998518638138864,4.998518638138864,4.998518638138864,4.998518638138864,4.998518638138864,4.998518638138864,4.998518638138864,4.998518638138864,4.998518638138864,4.998518638138864,4.998518638138864,4.998518638138864,4.998518638138864,4.998518638138864,4.998518638138864,4.998518638138864,4.998518638138864,4.998518638138864,4.998518638138864,4.998518638138864,4.998518638138864,4.998518638138864,4.998518638138864,4.998518638138864,4.998518638138864,4.998518638138864,4.998518638138864,4.998518638138864,4.998518638138864,4.998518638138864,4.998518638138864,4.998518638138864,4.998518638138864,4.998518638138864,4.998518638138864,4.998518638138864,4.998518638138864,4.998518638138864,4.998518638138864,4.998518638138864,4.998518638138864,4.998518638138864,4.998518638138864,4.998518638138864,4.998518638138864,4.998518638138864,4.998518638138864,4.998518638138864,4.998518638138864,4.998518638138864,4.998518638138864,4.998518638138864,4.998518638138864,4.998518638138864,4.998518638138864,4.998518638138864,4.998518638138864,4.998518638138864,4.998518638138864,4.998518638138864,4.998518638138864,4.998518638138864,4.998518638138864,4.998518638138864,4.998518638138864,4.998518638138864,4.998518638138864,4.998518638138864,4.998518638138864,4.998518638138864,4.998518638138864,4.998518638138864,4.998518638138864,4.998518638138864,4.998518638138864,4.998518638138864,4.998518638138864,4.998518638138864,4.998518638138864,4.998518638138864,4.998518638138864,4.998518638138864,4.998518638138864,4.998518638138864,4.998518638138864,4.998518638138864,4.998518638138864,4.998518638138864,4.998518638138864,4.998518638138864,4.998518638138864,4.998518638138864,4.998518638138864,4.998518638138864,4.998518638138864,4.998518638138864,4.998518638138864,4.998518638138864,4.998518638138864,4.998518638138864,4.998518638138864,4.998518638138864,4.998518638138864,4.998518638138864,4.998518638138864,4.998518638138864,4.998518638138864,4.998518638138864,4.998518638138864,4.998518638138864,4.998518638138864,4.998518638138864,4.998518638138864,4.998518638138864,4.998518638138864,4.998518638138864,4.998518638138864,4.998518638138864,4.998518638138864,4.998518638138864,4.998518638138864,4.998518638138864,4.998518638138864,4.998518638138864,4.998518638138864,4.998518638138864,4.998518638138864,4.998518638138864,4.998518638138864,4.998518638138864,4.998518638138864,4.998518638138864,4.998518638138864,4.998518638138864,4.998518638138864,4.998518638138864,4.998518638138864,4.998518638138864,4.998518638138864,4.998518638138864,4.998518638138864,4.998518638138864,4.998518638138864,4.998518638138864,4.998518638138864,4.998518638138864,4.998518638138864,4.998518638138864,4.998518638138864,4.998518638138864,4.998518638138864,4.998518638138864,4.998518638138864,4.998518638138864,4.998518638138864,4.998518638138864,4.998518638138864,4.998518638138864,4.998518638138864,4.998518638138864,4.998518638138864,4.998518638138864,4.998518638138864,4.998518638138864,4.998518638138864,4.998518638138864,4.998518638138864,4.998518638138864,4.998518638138864,4.998518638138864,4.998518638138864,4.998518638138864,4.998518638138864,4.998518638138864,4.998518638138864,4.998518638138864,4.998518638138864,4.998518638138864,4.998518638138864,4.998518638138864,4.998518638138864,4.998518638138864,4.998518638138864,4.998518638138864,4.998518638138864,4.998518638138864,4.998518638138864,4.998518638138864,4.998518638138864,4.998518638138864,4.998518638138864,4.998518638138864,4.998518638138864,4.998518638138864,4.998518638138864,4.998518638138864,4.998518638138864,4.998518638138864,4.998518638138864,4.998518638138864,4.998518638138864,4.998518638138864,4.998518638138864,4.998518638138864,4.998518638138864,4.998518638138864,4.998518638138864,4.998518638138864,4.998518638138864,4.998518638138864,4.998518638138864,4.998518638138864,4.998518638138864,4.998518638138864,4.998518638138864,4.998518638138864,4.998518638138864,4.998518638138864,4.998518638138864,4.998518638138864,4.998518638138864,4.998518638138864,4.998518638138864,4.998518638138864,4.998518638138864,4.998518638138864,4.998518638138864,4.998518638138864,4.998518638138864,4.998518638138864,4.998518638138864,4.998518638138864,4.998518638138864,4.998518638138864,4.998518638138864,4.998518638138864,4.998518638138864,4.998518638138864,4.998518638138864,4.998518638138864,4.998518638138864,4.998518638138864,4.998518638138864,4.998518638138864,4.998518638138864,4.998518638138864,4.998518638138864,4.998518638138864,4.998518638138864,4.998518638138864,4.998518638138864,4.998518638138864,4.998518638138864,4.998518638138864,4.998518638138864,4.998518638138864,4.998518638138864,4.998518638138864,4.998518638138864,4.998518638138864,4.998518638138864,4.998518638138864,4.998518638138864,4.998518638138864,4.998518638138864,4.998518638138864,4.998518638138864,4.998518638138864,4.998518638138864,4.998518638138864,4.998518638138864,4.998518638138864,4.998518638138864,4.998518638138864,4.998518638138864,4.998518638138864,4.998518638138864,4.998518638138864,4.998518638138864,4.998518638138864,4.998518638138864,4.998518638138864,4.998518638138864,4.998518638138864,4.998518638138864,4.998518638138864,4.998518638138864,4.998518638138864,4.998518638138864,4.998518638138864,4.998518638138864,4.998518638138864,4.998518638138864,4.998518638138864,4.998518638138864,4.998518638138864,4.998518638138864,4.998518638138864,4.998518638138864,4.998518638138864,4.998518638138864,4.998518638138864,4.998518638138864,4.998518638138864,4.998518638138864,4.998518638138864,4.998518638138864,4.998518638138864,4.998518638138864,4.998518638138864,4.998518638138864,4.998518638138864,4.998518638138864,4.998518638138864,4.998518638138864,4.998518638138864,4.998518638138864,4.998518638138864,4.998518638138864,4.998518638138864,4.998518638138864,4.998518638138864,4.998518638138864,4.998518638138864,4.998518638138864,4.998518638138864,4.998518638138864,4.998518638138864,4.998518638138864,4.998518638138864,4.998518638138864,4.998518638138864,4.998518638138864,4.998518638138864,4.998518638138864,4.998518638138864,4.998518638138864,4.998518638138864,4.998518638138864,4.998518638138864,4.998518638138864,4.998518638138864,4.998518638138864,8.93179112945549,8.919231534923343,8.919231534923343,8.919231534923343,8.919231534923343,8.919231534923343,8.919231534923343,8.919231534923343,8.602944036148491,8.602944036148491,8.575090737997929,8.179011742802924,8.179011742802924,8.179011742802924,8.179011742802924,8.094357230948136,8.094357230948136,7.523879285495935,7.523879285495935,7.523879285495935,7.523879285495935,7.523879285495935,7.523879285495935,7.523879285495935,7.523879285495935,7.523879285495935,7.523879285495935,7.523879285495935,7.523879285495935,7.523879285495935,7.523879285495935,7.523879285495935,7.523879285495935,7.523879285495935,7.523879285495935,7.523879285495935,7.523879285495935,7.523879285495935,7.523879285495935,7.523879285495935,7.523879285495935,7.523879285495935,7.523879285495935,7.523879285495935,7.523879285495935,7.523879285495935,7.523879285495935,7.523879285495935,7.523879285495935,7.523879285495935,7.523879285495935,7.523879285495935,7.523879285495935,7.523879285495935,7.523879285495935,7.523879285495935,7.523879285495935,7.523879285495935,7.523879285495935,7.523879285495935,7.523879285495935,7.523879285495935,7.523879285495935,6.6390820502006225,6.6390820502006225,6.048060126374286,6.048060126374286,6.048060126374286,6.048060126374286,6.048060126374286,6.048060126374286,6.048060126374286,5.6245376820138,5.6245376820138,5.6245376820138,5.6245376820138,5.420703380457615,5.420703380457615,5.420703380457615,5.420703380457615,5.420703380457615,5.420703380457615,5.420703380457615,5.420703380457615,5.420703380457615,5.420703380457615,5.420703380457615,5.420703380457615,5.420703380457615,5.420703380457615,5.420703380457615,5.420703380457615,5.420703380457615,5.420703380457615,5.420703380457615,5.420703380457615,5.420703380457615,5.420703380457615,5.420703380457615,5.420703380457615,5.420703380457615,5.420703380457615,5.420703380457615,5.420703380457615,5.420703380457615,5.420703380457615,5.420703380457615,5.420703380457615,5.420703380457615,5.420703380457615,5.420703380457615,5.420703380457615,5.420703380457615,5.420703380457615,5.420703380457615,5.420703380457615,5.420703380457615,5.420703380457615,5.420703380457615,5.420703380457615,5.420703380457615,5.420703380457615,5.420703380457615,5.420703380457615,5.420703380457615,5.420703380457615,5.420703380457615,5.420703380457615,5.420703380457615,5.420703380457615,5.420703380457615,5.420703380457615,5.420703380457615,5.420703380457615,5.420703380457615,5.420703380457615,5.420703380457615,5.420703380457615,4.4171812432926245,4.4171812432926245,4.4171812432926245,4.4171812432926245,4.4171812432926245,4.4171812432926245,4.4171812432926245,4.4171812432926245,4.4171812432926245,4.4171812432926245,4.4171812432926245,4.4171812432926245,4.4171812432926245,4.4171812432926245,4.4171812432926245,4.4171812432926245,4.4171812432926245,4.4171812432926245,4.4171812432926245,4.4171812432926245,4.4171812432926245,4.4171812432926245,4.4171812432926245,4.4171812432926245,4.4171812432926245,4.4171812432926245,4.4171812432926245,4.4171812432926245,4.4171812432926245,4.4171812432926245,4.4171812432926245,4.4171812432926245,4.4171812432926245,4.4171812432926245,4.4171812432926245,4.4171812432926245,4.4171812432926245,4.4171812432926245,4.4171812432926245,4.4171812432926245,4.4171812432926245,4.4171812432926245,4.4171812432926245,4.4171812432926245,4.4171812432926245,4.4171812432926245,4.4171812432926245,4.4171812432926245,4.4171812432926245,4.4171812432926245,4.4171812432926245,4.4171812432926245,4.4171812432926245,4.4171812432926245,4.4171812432926245,4.4171812432926245,4.4171812432926245,4.4171812432926245,4.4171812432926245,4.4171812432926245,4.4171812432926245,4.4171812432926245,4.4171812432926245,4.4171812432926245,4.4171812432926245,4.4171812432926245,4.4171812432926245,4.4171812432926245,4.4171812432926245,4.4171812432926245,4.4171812432926245,4.4171812432926245,4.4171812432926245,4.4171812432926245,4.4171812432926245,4.4171812432926245,4.4171812432926245,4.4171812432926245,4.4171812432926245,4.4171812432926245,4.4171812432926245,4.4171812432926245,4.4171812432926245,4.4171812432926245,4.4171812432926245,4.4171812432926245,4.4171812432926245,4.4171812432926245,4.4171812432926245,4.4171812432926245,4.4171812432926245,4.4171812432926245,4.4171812432926245,4.4171812432926245,4.4171812432926245,4.4171812432926245,4.4171812432926245,4.4171812432926245,4.4171812432926245,4.4171812432926245,4.4171812432926245,4.4171812432926245,4.4171812432926245,4.4171812432926245,4.4171812432926245,4.4171812432926245,4.4171812432926245,4.4171812432926245,4.4171812432926245,4.4171812432926245,4.4171812432926245,4.4171812432926245,4.4171812432926245,4.4171812432926245,4.4171812432926245,4.4171812432926245,4.4171812432926245,4.4171812432926245,4.4171812432926245,4.4171812432926245,4.4171812432926245,4.4171812432926245,4.4171812432926245,4.4171812432926245,4.4171812432926245,4.4171812432926245,4.4171812432926245,4.4171812432926245,4.4171812432926245,4.4171812432926245,4.4171812432926245,4.4171812432926245,4.4171812432926245,4.4171812432926245,4.4171812432926245,4.4171812432926245,4.4171812432926245,4.4171812432926245,4.4171812432926245,4.4171812432926245,4.4171812432926245,4.4171812432926245,4.4171812432926245,4.4171812432926245,4.4171812432926245,4.4171812432926245,4.4171812432926245,4.4171812432926245,4.4171812432926245,4.4171812432926245,4.4171812432926245,4.4171812432926245,4.4171812432926245,4.4171812432926245,4.4171812432926245,4.4171812432926245,4.4171812432926245,4.4171812432926245,4.4171812432926245,4.4171812432926245,4.4171812432926245,4.4171812432926245,4.4171812432926245,4.4171812432926245,4.4171812432926245,4.4171812432926245,4.4171812432926245,4.4171812432926245,4.4171812432926245,4.4171812432926245,4.4171812432926245,4.4171812432926245,4.4171812432926245,4.4171812432926245,4.4171812432926245,4.4171812432926245,4.4171812432926245,4.4171812432926245,4.4171812432926245,4.4171812432926245,4.4171812432926245,4.4171812432926245,4.4171812432926245,4.4171812432926245,4.4171812432926245,4.4171812432926245,4.4171812432926245,4.4171812432926245,4.4171812432926245,4.4171812432926245,4.4171812432926245,4.4171812432926245,4.4171812432926245,4.4171812432926245,4.4171812432926245,4.4171812432926245,4.4171812432926245,4.4171812432926245,4.4171812432926245,4.4171812432926245,4.4171812432926245,4.4171812432926245,4.4171812432926245,4.4171812432926245,4.4171812432926245,4.4171812432926245,4.4171812432926245,4.4171812432926245,4.4171812432926245,4.4171812432926245,4.4171812432926245,4.4171812432926245,4.4171812432926245,4.4171812432926245,4.4171812432926245,4.4171812432926245,4.4171812432926245,4.4171812432926245,4.4171812432926245,4.4171812432926245,4.4171812432926245,4.4171812432926245,4.4171812432926245,4.4171812432926245,4.4171812432926245,4.4171812432926245,4.4171812432926245,4.4171812432926245,4.4171812432926245,4.4171812432926245,4.4171812432926245,4.4171812432926245,4.4171812432926245,4.4171812432926245,4.4171812432926245,4.4171812432926245,4.4171812432926245,4.4171812432926245,4.4171812432926245,4.4171812432926245,4.4171812432926245,4.4171812432926245,4.4171812432926245,4.4171812432926245,4.4171812432926245,4.4171812432926245,4.4171812432926245,4.4171812432926245,4.4171812432926245,4.4171812432926245,4.4171812432926245,4.4171812432926245,4.4171812432926245,4.4171812432926245,4.4171812432926245,4.4171812432926245,4.4171812432926245,4.4171812432926245,4.4171812432926245,4.4171812432926245,4.4171812432926245,4.4171812432926245,4.4171812432926245,4.4171812432926245,4.4171812432926245,4.4171812432926245,4.4171812432926245,4.4171812432926245,4.4171812432926245,4.4171812432926245,4.4171812432926245,4.4171812432926245,4.4171812432926245,4.4171812432926245,4.4171812432926245,4.4171812432926245,4.4171812432926245,4.4171812432926245,4.4171812432926245,4.4171812432926245,4.4171812432926245,4.4171812432926245,4.4171812432926245,4.4171812432926245,4.4171812432926245,4.4171812432926245,4.4171812432926245,4.4171812432926245,4.4171812432926245,4.4171812432926245,4.4171812432926245,4.4171812432926245,4.4171812432926245,4.4171812432926245,4.4171812432926245,4.4171812432926245,4.4171812432926245,4.4171812432926245,4.4171812432926245,4.4171812432926245,4.4171812432926245,4.4171812432926245,4.4171812432926245,4.4171812432926245,4.4171812432926245,4.4171812432926245,4.4171812432926245,4.4171812432926245,4.4171812432926245,4.4171812432926245,4.4171812432926245,4.4171812432926245,4.4171812432926245,4.4171812432926245,4.4171812432926245,4.4171812432926245,4.4171812432926245,4.4171812432926245,4.4171812432926245,4.4171812432926245,4.4171812432926245,4.4171812432926245,4.4171812432926245,4.4171812432926245,4.4171812432926245,4.4171812432926245,4.4171812432926245,4.4171812432926245,4.4171812432926245,4.4171812432926245,4.4171812432926245,4.4171812432926245,4.4171812432926245,4.4171812432926245,4.4171812432926245,4.4171812432926245,4.4171812432926245,4.4171812432926245,4.4171812432926245,4.4171812432926245,4.4171812432926245,4.4171812432926245,4.4171812432926245,4.4171812432926245,4.4171812432926245,4.4171812432926245,4.4171812432926245,4.4171812432926245,4.4171812432926245,4.4171812432926245,4.4171812432926245,4.4171812432926245,4.4171812432926245,4.4171812432926245,4.4171812432926245,4.4171812432926245,4.4171812432926245,4.4171812432926245,4.4171812432926245,4.4171812432926245,4.4171812432926245,4.4171812432926245,4.4171812432926245,4.4171812432926245,4.4171812432926245,4.4171812432926245,4.4171812432926245,4.4171812432926245,4.4171812432926245,4.4171812432926245,4.4171812432926245,4.4171812432926245,4.4171812432926245,4.4171812432926245,4.4171812432926245,4.4171812432926245,4.4171812432926245,4.4171812432926245,4.4171812432926245,4.4171812432926245,4.4171812432926245,4.4171812432926245,4.4171812432926245,4.4171812432926245,4.4171812432926245,4.4171812432926245,4.4171812432926245,4.4171812432926245,4.4171812432926245,4.4171812432926245,4.4171812432926245,4.4171812432926245,4.4171812432926245,4.4171812432926245,4.4171812432926245,4.4171812432926245,4.4171812432926245,4.4171812432926245,4.4171812432926245,4.4171812432926245,4.4171812432926245,4.4171812432926245,4.4171812432926245,4.4171812432926245,4.4171812432926245,4.4171812432926245,4.4171812432926245,4.4171812432926245,4.4171812432926245,4.4171812432926245,4.4171812432926245,4.4171812432926245,4.4171812432926245,4.4171812432926245,4.4171812432926245,4.4171812432926245,4.4171812432926245,4.4171812432926245,4.4171812432926245,4.4171812432926245,4.4171812432926245,4.4171812432926245,4.4171812432926245,4.4171812432926245,4.4171812432926245,4.4171812432926245,4.4171812432926245,4.4171812432926245,4.4171812432926245,4.4171812432926245,4.4171812432926245,4.4171812432926245,4.4171812432926245,4.4171812432926245,4.4171812432926245,4.4171812432926245,4.4171812432926245,4.4171812432926245,4.4171812432926245,4.4171812432926245,4.4171812432926245,4.4171812432926245,4.4171812432926245,4.4171812432926245,4.4171812432926245,4.4171812432926245,4.4171812432926245,4.4171812432926245,4.4171812432926245,4.4171812432926245,4.4171812432926245,4.4171812432926245,4.4171812432926245,4.4171812432926245,4.4171812432926245,4.4171812432926245,4.4171812432926245,4.4171812432926245,4.4171812432926245,4.4171812432926245,4.4171812432926245,4.4171812432926245,4.4171812432926245,4.4171812432926245,4.4171812432926245,4.4171812432926245,4.4171812432926245,4.4171812432926245,4.4171812432926245,4.4171812432926245,4.4171812432926245,4.4171812432926245,4.4171812432926245,4.4171812432926245,4.4171812432926245,4.4171812432926245,4.4171812432926245,4.4171812432926245,4.4171812432926245,4.4171812432926245,4.4171812432926245,4.4171812432926245,4.4171812432926245,4.4171812432926245,4.4171812432926245,4.4171812432926245,4.4171812432926245,4.4171812432926245,4.4171812432926245,4.4171812432926245,4.4171812432926245,4.4171812432926245,4.4171812432926245,4.4171812432926245,4.4171812432926245,4.4171812432926245,4.4171812432926245,4.4171812432926245,4.4171812432926245,4.4171812432926245,4.4171812432926245,4.4171812432926245,4.4171812432926245,4.4171812432926245,4.4171812432926245,4.4171812432926245,4.4171812432926245,4.4171812432926245,4.4171812432926245,4.4171812432926245,4.4171812432926245,4.4171812432926245,4.4171812432926245,4.4171812432926245,4.4171812432926245,4.4171812432926245,4.4171812432926245,4.4171812432926245,4.4171812432926245,4.4171812432926245,4.4171812432926245,4.4171812432926245,4.4171812432926245,4.4171812432926245,4.4171812432926245,4.4171812432926245,4.4171812432926245,4.4171812432926245,4.4171812432926245,4.4171812432926245,4.4171812432926245,4.4171812432926245,4.4171812432926245,4.4171812432926245,4.4171812432926245,4.4171812432926245,4.4171812432926245,4.4171812432926245,4.4171812432926245,4.4171812432926245,4.4171812432926245,4.4171812432926245,4.4171812432926245,4.4171812432926245,4.4171812432926245,4.4171812432926245,4.4171812432926245,4.4171812432926245,4.4171812432926245,4.4171812432926245,4.4171812432926245,4.4171812432926245,4.4171812432926245,4.4171812432926245,4.4171812432926245,4.4171812432926245,4.4171812432926245,4.4171812432926245,4.4171812432926245,4.4171812432926245,4.4171812432926245,4.4171812432926245,4.4171812432926245,4.4171812432926245,4.4171812432926245,4.4171812432926245,4.4171812432926245,4.4171812432926245,4.4171812432926245,4.4171812432926245,4.4171812432926245,4.4171812432926245,4.4171812432926245,4.4171812432926245,4.4171812432926245,4.4171812432926245,4.4171812432926245,4.4171812432926245,4.4171812432926245,4.4171812432926245,4.4171812432926245,4.4171812432926245,4.4171812432926245,4.4171812432926245,4.4171812432926245,4.4171812432926245,4.4171812432926245,4.4171812432926245,4.4171812432926245,4.4171812432926245,4.4171812432926245,4.4171812432926245,4.4171812432926245,4.4171812432926245,4.4171812432926245,4.4171812432926245,4.4171812432926245,4.4171812432926245,4.4171812432926245,4.4171812432926245,4.4171812432926245,4.4171812432926245,4.4171812432926245,4.4171812432926245,4.4171812432926245,4.4171812432926245,4.4171812432926245,4.4171812432926245,4.4171812432926245,4.4171812432926245,4.4171812432926245,4.4171812432926245,4.4171812432926245,4.4171812432926245,4.4171812432926245,4.4171812432926245,4.4171812432926245,4.4171812432926245,4.4171812432926245,4.4171812432926245,4.4171812432926245,4.4171812432926245,4.4171812432926245,4.4171812432926245,4.4171812432926245,4.4171812432926245,4.4171812432926245,4.4171812432926245,4.4171812432926245,4.4171812432926245,4.4171812432926245,4.4171812432926245,4.4171812432926245,4.4171812432926245,4.4171812432926245,4.4171812432926245,4.4171812432926245,4.4171812432926245,4.4171812432926245,4.4171812432926245,4.4171812432926245,4.4171812432926245,4.4171812432926245,4.4171812432926245,4.4171812432926245,4.4171812432926245,4.4171812432926245,4.4171812432926245,4.4171812432926245,4.4171812432926245,4.4171812432926245,4.4171812432926245,4.4171812432926245,4.4171812432926245,4.4171812432926245,4.4171812432926245,4.4171812432926245,4.4171812432926245,4.4171812432926245,4.4171812432926245,4.4171812432926245,4.4171812432926245,4.4171812432926245,4.4171812432926245,4.4171812432926245,4.4171812432926245,4.4171812432926245,4.4171812432926245,4.4171812432926245,4.4171812432926245,4.4171812432926245,4.4171812432926245,4.4171812432926245,4.4171812432926245,4.4171812432926245,4.4171812432926245,4.4171812432926245,4.4171812432926245,4.4171812432926245,4.4171812432926245,4.4171812432926245,4.4171812432926245,4.4171812432926245,4.4171812432926245,4.4171812432926245,4.4171812432926245,4.4171812432926245,4.4171812432926245,4.4171812432926245,4.4171812432926245,4.4171812432926245,4.4171812432926245,4.4171812432926245,4.4171812432926245,4.4171812432926245,4.4171812432926245,4.4171812432926245,4.4171812432926245,4.4171812432926245,4.4171812432926245,4.4171812432926245,4.4171812432926245,4.4171812432926245,4.4171812432926245,4.4171812432926245,4.4171812432926245,4.4171812432926245,4.4171812432926245,4.4171812432926245,4.4171812432926245,4.4171812432926245,4.4171812432926245,4.4171812432926245,4.4171812432926245,4.4171812432926245,4.4171812432926245,4.4171812432926245,4.4171812432926245,4.4171812432926245,4.4171812432926245,4.4171812432926245,4.4171812432926245,4.4171812432926245,4.4171812432926245,4.4171812432926245,4.4171812432926245,4.4171812432926245,4.4171812432926245,4.4171812432926245,4.4171812432926245,4.4171812432926245,4.4171812432926245,4.4171812432926245,4.4171812432926245,4.4171812432926245,4.4171812432926245,4.4171812432926245,4.4171812432926245,4.4171812432926245,4.4171812432926245,4.4171812432926245,4.4171812432926245,4.4171812432926245,4.4171812432926245,4.4171812432926245,4.4171812432926245,4.4171812432926245,4.4171812432926245,4.4171812432926245,4.4171812432926245,4.4171812432926245,4.4171812432926245,4.4171812432926245,4.4171812432926245,4.4171812432926245,4.4171812432926245,4.4171812432926245,4.4171812432926245,4.4171812432926245,4.4171812432926245,4.4171812432926245,4.4171812432926245,4.4171812432926245,4.4171812432926245,4.4171812432926245,4.4171812432926245,4.4171812432926245,4.4171812432926245,4.4171812432926245,4.4171812432926245,4.4171812432926245,4.4171812432926245,4.4171812432926245,4.4171812432926245,4.4171812432926245,4.4171812432926245,4.4171812432926245,4.4171812432926245,4.4171812432926245,4.4171812432926245,4.4171812432926245,4.4171812432926245,4.4171812432926245,4.4171812432926245,4.4171812432926245,4.4171812432926245,4.4171812432926245,4.4171812432926245,4.4171812432926245,4.4171812432926245,4.4171812432926245,4.4171812432926245,4.4171812432926245,4.4171812432926245,4.4171812432926245,4.4171812432926245,4.4171812432926245,4.4171812432926245,4.4171812432926245,4.4171812432926245,4.4171812432926245,4.4171812432926245,4.4171812432926245,4.4171812432926245,4.4171812432926245,4.4171812432926245,4.4171812432926245,4.4171812432926245,4.4171812432926245,4.4171812432926245,4.4171812432926245,4.4171812432926245,4.4171812432926245,4.4171812432926245,4.4171812432926245,4.4171812432926245,4.4171812432926245,4.4171812432926245,4.4171812432926245,4.4171812432926245,4.4171812432926245,4.4171812432926245,4.4171812432926245,4.4171812432926245,4.4171812432926245,4.4171812432926245,4.4171812432926245,4.4171812432926245,4.4171812432926245,4.4171812432926245,4.4171812432926245,4.4171812432926245,4.4171812432926245,4.4171812432926245,4.4171812432926245,4.4171812432926245,4.4171812432926245,4.4171812432926245,4.4171812432926245,4.4171812432926245,4.4171812432926245,4.4171812432926245,4.4171812432926245,4.4171812432926245,4.4171812432926245,4.4171812432926245,4.4171812432926245,4.4171812432926245,4.4171812432926245,4.4171812432926245,4.4171812432926245,4.4171812432926245,4.4171812432926245,4.4171812432926245,4.4171812432926245,4.4171812432926245,4.4171812432926245,4.4171812432926245,4.4171812432926245,4.4171812432926245,4.4171812432926245,4.4171812432926245,5.977936983091542,5.516897885341609,5.516897885341609,5.516897885341609,5.516897885341609,5.516897885341609,5.516897885341609,5.516897885341609,5.516897885341609,5.516897885341609,5.516897885341609,5.516897885341609,5.516897885341609,5.516897885341609,5.516897885341609,5.516897885341609,5.516897885341609,5.516897885341609,5.516897885341609,5.516897885341609,5.516897885341609,5.516897885341609,5.516897885341609,5.516897885341609,5.516897885341609,5.516897885341609,5.516897885341609,5.516897885341609,5.516897885341609,5.516897885341609,5.516897885341609,5.516897885341609,5.516897885341609,5.516897885341609,5.516897885341609,5.516897885341609,5.516897885341609,5.516897885341609,5.516897885341609,5.516897885341609,5.516897885341609,5.516897885341609,5.516897885341609,5.516897885341609,5.516897885341609,5.516897885341609,5.516897885341609,3.457840525673022,3.457840525673022,3.457840525673022,3.457840525673022,3.457840525673022,3.457840525673022,3.2795259334463576,3.2795259334463576,3.2795259334463576,3.2795259334463576,3.2795259334463576,3.2795259334463576,3.2795259334463576,3.2795259334463576,3.2795259334463576,3.2795259334463576,3.2795259334463576,3.2795259334463576,3.2795259334463576,3.2795259334463576,3.2795259334463576,3.2795259334463576,3.2795259334463576,3.2795259334463576,3.2795259334463576,3.2795259334463576,3.2795259334463576,3.2795259334463576,3.2795259334463576,3.2795259334463576,3.2795259334463576,3.2795259334463576,3.2795259334463576,3.2795259334463576,3.2795259334463576,3.2795259334463576,3.2795259334463576,3.2795259334463576,3.2795259334463576,3.2795259334463576,3.2795259334463576,3.2795259334463576,3.2795259334463576,3.2795259334463576,3.2795259334463576,3.2795259334463576,3.2795259334463576,3.2795259334463576,3.2795259334463576,3.2795259334463576,3.2795259334463576,3.2795259334463576,3.2795259334463576,3.2795259334463576,3.2795259334463576,3.2795259334463576,3.2795259334463576,3.2795259334463576,3.2795259334463576,3.2795259334463576,3.2795259334463576,3.2795259334463576,3.2795259334463576,3.2795259334463576,3.2795259334463576,3.2795259334463576,3.2795259334463576,3.2795259334463576,3.2795259334463576,3.2795259334463576,3.2795259334463576,3.2795259334463576,3.2795259334463576,3.2795259334463576,3.2795259334463576,3.2795259334463576,3.2795259334463576,3.2795259334463576,3.2795259334463576,3.2795259334463576,3.2795259334463576,3.2795259334463576,3.2795259334463576,3.2795259334463576,3.2795259334463576,3.2795259334463576,3.2795259334463576,3.2795259334463576,3.2795259334463576,3.2795259334463576,3.2795259334463576,3.2795259334463576,3.2795259334463576,3.2795259334463576,3.2795259334463576,3.2795259334463576,3.2795259334463576,3.2795259334463576,3.2795259334463576,3.2795259334463576,3.2795259334463576,3.2795259334463576,3.2795259334463576,3.2795259334463576,3.2795259334463576,3.2795259334463576,3.2795259334463576,3.2795259334463576,2.2671274704863777,2.2671274704863777,2.2671274704863777,2.2671274704863777,2.2671274704863777,2.2671274704863777,2.2671274704863777,2.2671274704863777,2.2671274704863777,2.2671274704863777,2.2671274704863777,2.2671274704863777,2.2671274704863777,2.2671274704863777,2.2671274704863777,2.2671274704863777,2.2671274704863777,2.2671274704863777,2.2671274704863777,2.2671274704863777,2.2671274704863777,2.2671274704863777,2.2671274704863777,2.2671274704863777,2.2671274704863777,2.2671274704863777,2.2671274704863777,2.2671274704863777,2.2671274704863777,2.2671274704863777,2.2671274704863777,2.2671274704863777,2.2671274704863777,2.2671274704863777,2.2671274704863777,2.2671274704863777,2.2671274704863777,2.2671274704863777,2.2671274704863777,2.2671274704863777,2.2671274704863777,2.2671274704863777,2.2671274704863777,2.2671274704863777,2.2671274704863777,2.2671274704863777,2.2671274704863777,2.2671274704863777,2.2671274704863777,2.2671274704863777,2.2671274704863777,2.2671274704863777,2.2671274704863777,2.2671274704863777,2.2671274704863777,2.2671274704863777,2.2671274704863777,2.2671274704863777,2.2671274704863777,2.2671274704863777,2.2671274704863777,2.2671274704863777,0.5629233878715392,0.5629233878715392,0.5629233878715392,0.5629233878715392,0.5629233878715392,0.5629233878715392,0.5629233878715392,0.5629233878715392,0.5629233878715392,0.5629233878715392,0.5629233878715392,0.5629233878715392,0.5629233878715392,0.5629233878715392,0.5629233878715392,0.5629233878715392,0.5629233878715392,0.5629233878715392,0.5629233878715392,0.5629233878715392,0.5629233878715392,0.5629233878715392,0.5629233878715392,0.5629233878715392,0.5629233878715392,0.5629233878715392,0.5629233878715392,0.5629233878715392,0.5629233878715392,0.5629233878715392,0.5629233878715392,0.5629233878715392,0.5629233878715392,0.5629233878715392,0.5629233878715392,0.5629233878715392,0.5629233878715392,0.5629233878715392,0.5629233878715392,0.5629233878715392,0.5629233878715392,0.5629233878715392,0.5629233878715392,0.5629233878715392,0.5629233878715392,0.5629233878715392,0.5629233878715392,0.5629233878715392,0.5629233878715392,0.5629233878715392,0.5629233878715392,0.5629233878715392,0.5629233878715392,0.5629233878715392,0.5629233878715392,0.5629233878715392,0.5629233878715392,0.5629233878715392,0.5629233878715392,0.5629233878715392,0.5629233878715392,0.5629233878715392,0.5629233878715392,0.5629233878715392,0.5629233878715392,0.5629233878715392,0.5629233878715392,0.5629233878715392,0.5629233878715392,0.5629233878715392,0.5629233878715392,0.5629233878715392,0.5629233878715392,0.5629233878715392,0.5629233878715392,0.5629233878715392,0.5629233878715392,0.5629233878715392,0.5629233878715392,0.5629233878715392,0.5629233878715392,0.5629233878715392,0.5629233878715392,0.5629233878715392,0.5629233878715392,0.5629233878715392,0.5629233878715392,0.5629233878715392,0.5629233878715392,0.5629233878715392,0.5629233878715392,0.5629233878715392,0.5629233878715392,0.5629233878715392,0.5629233878715392,0.5629233878715392,0.5629233878715392,0.5629233878715392,0.5629233878715392,0.5629233878715392,0.5629233878715392,0.5629233878715392,0.5629233878715392,0.5629233878715392,0.5629233878715392,0.5629233878715392,0.5629233878715392,0.5629233878715392,0.5629233878715392,0.5629233878715392,0.5629233878715392,0.5629233878715392,0.5629233878715392,0.5629233878715392,0.5629233878715392,0.5629233878715392,0.5629233878715392,0.5629233878715392,0.5629233878715392,0.5629233878715392,0.5629233878715392,0.5629233878715392,0.5629233878715392,0.5629233878715392,0.5629233878715392,0.5629233878715392,0.5629233878715392,0.5629233878715392,0.5629233878715392,0.5629233878715392,0.5629233878715392,0.5629233878715392,0.5629233878715392,0.5629233878715392,0.5629233878715392,0.5629233878715392,0.5629233878715392,0.5629233878715392,0.5629233878715392,0.5629233878715392,0.5629233878715392,0.5629233878715392,0.5629233878715392,0.5629233878715392,0.5629233878715392,0.5629233878715392,0.5629233878715392,0.5629233878715392,0.5629233878715392,0.5629233878715392,0.5629233878715392,0.5629233878715392,0.5629233878715392,0.5629233878715392,0.5629233878715392,0.5629233878715392,0.5629233878715392,0.5629233878715392,0.5629233878715392,0.5629233878715392,0.5629233878715392,0.5629233878715392,0.5629233878715392,0.5629233878715392,0.5629233878715392,0.5629233878715392,0.5629233878715392,0.5629233878715392,0.5629233878715392,0.5629233878715392,0.5629233878715392,0.5629233878715392,0.5629233878715392,0.5629233878715392,0.5629233878715392,0.5629233878715392,0.5629233878715392,0.5629233878715392,0.5629233878715392,0.5629233878715392,0.5629233878715392,0.5629233878715392,0.5629233878715392,0.5629233878715392,0.5629233878715392,0.5629233878715392,0.5629233878715392,0.5629233878715392,0.5629233878715392,0.5629233878715392,0.5629233878715392,0.5629233878715392,0.5629233878715392,0.5629233878715392,0.5629233878715392,0.5629233878715392,0.5629233878715392,0.5629233878715392,0.5629233878715392,0.5629233878715392,0.5629233878715392,0.5629233878715392,0.5629233878715392,0.5629233878715392,0.5629233878715392,0.5629233878715392,0.5629233878715392,0.5629233878715392,0.5629233878715392,0.5629233878715392,0.5629233878715392,0.5629233878715392,0.5629233878715392,0.5629233878715392,0.5629233878715392,0.5629233878715392,0.5629233878715392,0.5629233878715392,0.5629233878715392,0.5629233878715392,0.5629233878715392,0.5629233878715392,0.5629233878715392,0.5629233878715392,0.5629233878715392,0.5629233878715392,0.5629233878715392,0.5629233878715392,0.5629233878715392,0.5629233878715392,0.5629233878715392,0.5629233878715392,0.5629233878715392,0.5629233878715392,0.5629233878715392,0.5629233878715392,0.5629233878715392,0.5629233878715392,0.5629233878715392,0.5629233878715392,0.5629233878715392,0.5629233878715392,0.5629233878715392,0.5629233878715392,0.5629233878715392,0.5629233878715392,0.5629233878715392,0.5629233878715392,0.5629233878715392,0.5629233878715392,0.5629233878715392,0.5629233878715392,0.5629233878715392,0.5629233878715392,0.5629233878715392,0.5629233878715392,0.5629233878715392,0.5629233878715392,0.5629233878715392,0.5629233878715392,0.5629233878715392,0.5629233878715392,0.5629233878715392,0.5629233878715392,0.5629233878715392,0.5629233878715392,0.5629233878715392,0.5629233878715392,0.5629233878715392,0.5629233878715392,0.5629233878715392,0.5629233878715392,0.5629233878715392,0.5629233878715392,0.5629233878715392,0.5629233878715392,0.5629233878715392,0.5629233878715392,0.5629233878715392,0.5629233878715392,0.5629233878715392,0.5629233878715392,0.5629233878715392,0.5629233878715392,0.5629233878715392,0.5629233878715392,0.5629233878715392,0.5629233878715392,0.5629233878715392,0.5629233878715392,0.5629233878715392,0.5629233878715392,0.5629233878715392,0.5629233878715392,0.5629233878715392,0.5629233878715392,0.5629233878715392,0.5629233878715392,0.5629233878715392,0.5629233878715392,0.5629233878715392,0.5629233878715392,0.5629233878715392,0.5629233878715392,0.5629233878715392,0.5629233878715392,0.5629233878715392,0.5629233878715392,0.5629233878715392,0.5629233878715392,0.5629233878715392,0.5629233878715392,0.5629233878715392,0.5629233878715392,0.5629233878715392,0.5629233878715392,0.5629233878715392,0.5629233878715392,0.5629233878715392,0.5629233878715392,0.5629233878715392,0.5629233878715392,0.5629233878715392,0.5629233878715392,0.5629233878715392,0.5629233878715392,0.5629233878715392,0.5629233878715392,0.5629233878715392,0.5629233878715392,0.5629233878715392,0.5629233878715392,0.5629233878715392,0.5629233878715392,0.5629233878715392,0.5629233878715392,0.5629233878715392,0.5629233878715392,0.5629233878715392,0.5629233878715392,0.5629233878715392,0.5629233878715392,0.5629233878715392,0.5629233878715392,0.5629233878715392,0.5629233878715392,0.5629233878715392,0.5629233878715392,0.5629233878715392,0.5629233878715392,0.5629233878715392,0.5629233878715392,0.5629233878715392,0.5629233878715392,0.5629233878715392,0.5629233878715392,0.5629233878715392,0.5629233878715392,0.5629233878715392,0.5629233878715392,0.5629233878715392,0.5629233878715392,0.5629233878715392,0.5629233878715392,0.5629233878715392,0.5629233878715392,0.5629233878715392,0.5629233878715392,0.5629233878715392,0.5629233878715392,0.5629233878715392,0.5629233878715392,0.5629233878715392,0.5629233878715392,0.5629233878715392,0.5629233878715392,0.5629233878715392,0.5629233878715392,0.5629233878715392,0.5629233878715392,0.5629233878715392,0.5629233878715392,0.5629233878715392,0.5629233878715392,0.5629233878715392,0.5629233878715392,0.5629233878715392,0.5629233878715392,0.5629233878715392,0.5629233878715392,0.5629233878715392,0.5629233878715392,0.5629233878715392,0.5629233878715392,0.5629233878715392,0.5629233878715392,0.5629233878715392,0.5629233878715392,0.5629233878715392,0.5629233878715392,0.5629233878715392,0.5629233878715392,0.5629233878715392,0.5629233878715392,0.5629233878715392,0.5629233878715392,0.5629233878715392,0.5629233878715392,0.5629233878715392,0.5629233878715392,0.5629233878715392,0.5629233878715392,0.5629233878715392,0.5629233878715392,0.5629233878715392,0.5629233878715392,0.5629233878715392,0.5629233878715392,0.5629233878715392,0.5629233878715392,0.5629233878715392,0.5629233878715392,0.5629233878715392,0.5629233878715392,0.5629233878715392,0.5629233878715392,0.5629233878715392,0.5629233878715392,0.5629233878715392,0.5629233878715392,0.5629233878715392,0.5629233878715392,0.5629233878715392,0.5629233878715392,0.5629233878715392,0.5629233878715392,0.5629233878715392,0.5629233878715392,0.5629233878715392,0.5629233878715392,0.5629233878715392,0.5629233878715392,0.5629233878715392,0.5629233878715392,0.5629233878715392,0.5629233878715392,0.5629233878715392,0.5629233878715392,0.5629233878715392,0.5629233878715392,0.5629233878715392,0.5629233878715392,0.5629233878715392,0.5629233878715392,0.5629233878715392,0.5629233878715392,0.5629233878715392,0.5629233878715392,0.5629233878715392,0.5629233878715392,0.5629233878715392,0.5629233878715392,0.5629233878715392,0.5629233878715392,0.5629233878715392,0.5629233878715392,0.5629233878715392,0.5629233878715392,0.5629233878715392,0.5629233878715392,0.5629233878715392,0.5629233878715392,0.5629233878715392,0.5629233878715392,0.5629233878715392,0.5629233878715392,0.5629233878715392,0.5629233878715392,0.5629233878715392,0.5629233878715392,0.5629233878715392,0.5629233878715392,0.5629233878715392,0.5629233878715392,0.5629233878715392,0.5629233878715392,0.5629233878715392,0.5629233878715392,0.5629233878715392,0.5629233878715392,0.5629233878715392,0.5629233878715392,0.5629233878715392,0.5629233878715392,0.5629233878715392,0.5629233878715392,0.5629233878715392,0.5629233878715392,0.5629233878715392,0.5629233878715392,0.5629233878715392,0.5629233878715392,0.5629233878715392,0.5629233878715392,0.5629233878715392,0.5629233878715392,0.5629233878715392,0.5629233878715392,0.5629233878715392,0.5629233878715392,0.5629233878715392,0.5629233878715392,0.5629233878715392,0.5629233878715392,0.5629233878715392,0.5629233878715392,0.5629233878715392,0.5629233878715392,0.5629233878715392,0.5629233878715392,0.5629233878715392,0.5629233878715392,0.5629233878715392,0.5629233878715392,0.5629233878715392,0.5629233878715392,0.5629233878715392,0.5629233878715392,0.5629233878715392,0.5629233878715392,0.5629233878715392,0.5629233878715392,0.5629233878715392,0.5629233878715392,0.5629233878715392,0.5629233878715392,0.5629233878715392,0.5629233878715392,0.5629233878715392,0.5629233878715392,0.5629233878715392,0.5629233878715392,0.5629233878715392,0.5629233878715392,0.5629233878715392,0.5629233878715392,0.5629233878715392,0.5629233878715392,0.5629233878715392,0.5629233878715392,0.5629233878715392,0.5629233878715392,0.5629233878715392,0.5629233878715392,0.5629233878715392,0.5629233878715392,0.5629233878715392,0.5629233878715392,0.5629233878715392,0.5629233878715392,0.5629233878715392,0.5629233878715392,0.5629233878715392,0.5629233878715392,0.5629233878715392,0.5629233878715392,0.5629233878715392,0.5629233878715392,0.5629233878715392,0.5629233878715392,0.5629233878715392,0.5629233878715392,0.5629233878715392,0.5629233878715392,0.5629233878715392,0.5629233878715392,0.5629233878715392,0.5629233878715392,0.5629233878715392,0.5629233878715392,0.5629233878715392,0.5629233878715392,0.5629233878715392,0.5629233878715392,0.5629233878715392,0.5629233878715392,0.5629233878715392,0.5629233878715392,0.5629233878715392,0.5629233878715392,0.5629233878715392,0.5629233878715392,0.5629233878715392,0.5629233878715392,0.5629233878715392,0.5629233878715392,0.5629233878715392,0.5629233878715392,0.5629233878715392,0.5629233878715392,0.5629233878715392,0.5629233878715392,0.5629233878715392,0.5629233878715392,0.5629233878715392,0.5629233878715392,0.5629233878715392,0.5629233878715392,0.5629233878715392,0.5629233878715392,0.5629233878715392,0.5629233878715392,0.5629233878715392,0.5629233878715392,0.5629233878715392,0.5629233878715392,0.5629233878715392,0.5629233878715392,0.5629233878715392,0.5629233878715392,0.5629233878715392,0.5629233878715392,0.5629233878715392,0.5629233878715392,0.5629233878715392,0.5629233878715392,0.5629233878715392,0.5629233878715392,0.5629233878715392,0.5629233878715392,0.5629233878715392,0.5629233878715392,0.5629233878715392,0.5629233878715392,0.5629233878715392,0.5629233878715392,0.5629233878715392,0.5629233878715392,0.5629233878715392,0.5629233878715392,0.5629233878715392,0.5629233878715392,0.5629233878715392,0.5629233878715392,0.5629233878715392,0.5629233878715392,0.5629233878715392,0.5629233878715392,0.5629233878715392,0.5629233878715392,0.5629233878715392,0.5629233878715392,0.5629233878715392,0.5629233878715392,0.5629233878715392,0.5629233878715392,0.5629233878715392,0.5629233878715392,0.5629233878715392,0.5629233878715392,0.5629233878715392,0.5629233878715392,0.5629233878715392,0.5629233878715392,0.5629233878715392,0.5629233878715392,0.5629233878715392,0.5629233878715392,0.5629233878715392,0.5629233878715392,0.5629233878715392,0.5629233878715392,0.5629233878715392,0.5629233878715392,0.5629233878715392,0.5629233878715392,0.5629233878715392,0.5629233878715392,0.5629233878715392,0.5629233878715392,0.5629233878715392,0.5629233878715392,0.5629233878715392,0.5629233878715392,0.5629233878715392,0.5629233878715392,0.5629233878715392,0.5629233878715392,0.5629233878715392,0.5629233878715392,0.5629233878715392,0.5629233878715392,0.5629233878715392,0.5629233878715392,0.5629233878715392,0.5629233878715392,0.5629233878715392,0.5629233878715392,0.5629233878715392,0.5629233878715392,0.5629233878715392,0.5629233878715392,0.5629233878715392,0.5629233878715392,0.5629233878715392,0.5629233878715392,0.5629233878715392,0.5629233878715392,0.5629233878715392,0.5629233878715392,0.5629233878715392,0.5629233878715392,0.5629233878715392,0.5629233878715392,0.5629233878715392,0.5629233878715392,0.5629233878715392,0.5629233878715392,0.5629233878715392,0.5629233878715392,0.5629233878715392,0.5629233878715392,0.5629233878715392,0.5629233878715392,0.5629233878715392,0.5629233878715392,0.5629233878715392,0.5629233878715392,0.5629233878715392,0.5629233878715392,0.5629233878715392,0.5629233878715392,0.5629233878715392,0.5629233878715392,0.5629233878715392,0.5629233878715392,0.5629233878715392,0.5629233878715392,0.5629233878715392,0.5629233878715392,0.5629233878715392,0.5629233878715392,0.5629233878715392,0.5629233878715392,0.5629233878715392,0.5629233878715392,0.5629233878715392,0.5629233878715392,0.5629233878715392,0.5629233878715392,0.5629233878715392,0.5629233878715392,0.5629233878715392,0.5629233878715392,0.5629233878715392,0.5629233878715392,0.5629233878715392,0.5629233878715392,0.5629233878715392,0.5629233878715392,0.5629233878715392,0.5629233878715392,0.5629233878715392,0.5629233878715392,0.5629233878715392,0.5629233878715392,0.5629233878715392,0.5629233878715392,0.5629233878715392,0.5629233878715392,0.5629233878715392,0.5629233878715392,0.5629233878715392,0.5629233878715392,0.5629233878715392,0.5629233878715392,0.5629233878715392,0.5629233878715392,0.5629233878715392,0.5629233878715392,0.5629233878715392,0.5629233878715392,0.5629233878715392,8.441033484780563,7.528249329096224,7.528249329096224,7.528249329096224,7.528249329096224,7.528249329096224,7.528249329096224,7.528249329096224,7.528249329096224,7.528249329096224,7.528249329096224,7.528249329096224,7.528249329096224,7.424579750842191,7.424579750842191,7.424579750842191,7.424579750842191,7.424579750842191,7.424579750842191,7.424579750842191,7.424579750842191,7.424579750842191,7.424579750842191,7.424579750842191,7.424579750842191,7.424579750842191,7.424579750842191,7.424579750842191,7.424579750842191,7.424579750842191,7.424579750842191,7.424579750842191,7.424579750842191,7.424579750842191,7.424579750842191,7.424579750842191,7.424579750842191,7.424579750842191,7.424579750842191,7.424579750842191,7.424579750842191,7.424579750842191,7.424579750842191,7.424579750842191,7.424579750842191,7.424579750842191,7.424579750842191,7.424579750842191,7.424579750842191,7.424579750842191,7.424579750842191,7.424579750842191,7.424579750842191,7.424579750842191,7.424579750842191,7.424579750842191,7.424579750842191,7.424579750842191,7.424579750842191,7.424579750842191,7.424579750842191,7.424579750842191,7.424579750842191,7.424579750842191,7.424579750842191,7.424579750842191,7.424579750842191,7.424579750842191,7.424579750842191,7.424579750842191,7.424579750842191,7.424579750842191,7.424579750842191,7.424579750842191,7.424579750842191,7.424579750842191,7.424579750842191,7.424579750842191,7.424579750842191,6.261454147746129,6.261454147746129,6.261454147746129,5.938002364183575,5.799040907529988,5.799040907529988,5.600909040494437,5.0524440746847,4.993535921530159,4.993535921530159,4.993535921530159,4.993535921530159,4.642235140448368,4.642235140448368,4.35846423813518,4.349149974806988,4.349149974806988,4.349149974806988,4.349149974806988,4.349149974806988,4.349149974806988,4.349149974806988,4.349149974806988,4.349149974806988,4.349149974806988,4.349149974806988,4.235420870803048,4.235420870803048,4.235420870803048,4.235420870803048,4.235420870803048,4.235420870803048,4.235420870803048,4.235420870803048,4.235420870803048,4.235420870803048,4.235420870803048,4.235420870803048,4.235420870803048,4.235420870803048,4.235420870803048,4.235420870803048,4.235420870803048,4.235420870803048,4.235420870803048,4.235420870803048,4.235420870803048,4.235420870803048,4.235420870803048,4.235420870803048,4.235420870803048,4.235420870803048,4.235420870803048,4.235420870803048,4.235420870803048,4.235420870803048,4.235420870803048,4.235420870803048,4.235420870803048,4.235420870803048,4.235420870803048,4.235420870803048,4.235420870803048,4.235420870803048,4.235420870803048,4.235420870803048,4.235420870803048,4.235420870803048,4.235420870803048,4.235420870803048,4.235420870803048,4.235420870803048,4.235420870803048,4.235420870803048,4.235420870803048,4.235420870803048,4.235420870803048,4.235420870803048,4.235420870803048,4.235420870803048,4.235420870803048,4.235420870803048,4.235420870803048,4.235420870803048,4.235420870803048,4.235420870803048,4.235420870803048,4.235420870803048,4.235420870803048,4.235420870803048,4.235420870803048,4.235420870803048,4.235420870803048,4.235420870803048,4.235420870803048,4.235420870803048,4.235420870803048,4.235420870803048,4.235420870803048,4.235420870803048,4.235420870803048,4.235420870803048,4.235420870803048,4.235420870803048,4.235420870803048,4.235420870803048,4.235420870803048,4.235420870803048,4.235420870803048,4.235420870803048,4.235420870803048,4.235420870803048,4.235420870803048,4.235420870803048,4.235420870803048,4.235420870803048,4.235420870803048,4.235420870803048,4.235420870803048,4.235420870803048,4.235420870803048,4.235420870803048,4.235420870803048,4.235420870803048,4.235420870803048,4.235420870803048,4.235420870803048,4.235420870803048,4.235420870803048,4.235420870803048,4.235420870803048,4.235420870803048,4.235420870803048,4.235420870803048,4.235420870803048,4.235420870803048,4.235420870803048,4.235420870803048,4.235420870803048,4.235420870803048,4.235420870803048,4.235420870803048,4.235420870803048,4.235420870803048,4.235420870803048,4.235420870803048,4.235420870803048,4.235420870803048,4.235420870803048,4.235420870803048,4.235420870803048,4.235420870803048,4.235420870803048,4.235420870803048,4.235420870803048,4.235420870803048,4.235420870803048,4.235420870803048,4.235420870803048,4.235420870803048,4.235420870803048,4.235420870803048,4.235420870803048,4.235420870803048,4.235420870803048,4.235420870803048,4.235420870803048,4.235420870803048,4.235420870803048,4.235420870803048,4.235420870803048,4.235420870803048,4.235420870803048,4.235420870803048,4.235420870803048,4.235420870803048,4.235420870803048,4.235420870803048,4.235420870803048,4.235420870803048,4.235420870803048,4.235420870803048,4.235420870803048,4.235420870803048,4.235420870803048,4.235420870803048,4.235420870803048,4.235420870803048,4.235420870803048,3.9727463510964727,3.8795043786692327,3.8795043786692327,3.8795043786692327,3.8795043786692327,3.8795043786692327,3.8795043786692327,3.8795043786692327,3.8795043786692327,3.8795043786692327,3.8795043786692327,3.8795043786692327,3.8795043786692327,3.8795043786692327,3.8795043786692327,3.8795043786692327,3.8795043786692327,3.8795043786692327,3.8795043786692327,3.8795043786692327,3.8795043786692327,3.8795043786692327,3.8795043786692327,3.8795043786692327,3.8795043786692327,3.8795043786692327,3.8795043786692327,3.8795043786692327,3.8795043786692327,3.8795043786692327,3.8795043786692327,3.8795043786692327,3.8795043786692327,3.8795043786692327,3.8795043786692327,3.8795043786692327,3.8795043786692327,3.8795043786692327,3.8795043786692327,3.8795043786692327,3.8795043786692327,3.8795043786692327,3.8795043786692327,3.8795043786692327,3.8795043786692327,3.8795043786692327,3.8795043786692327,3.8795043786692327,3.8795043786692327,3.8795043786692327,3.8795043786692327,3.8795043786692327,3.8795043786692327,3.8795043786692327,3.8795043786692327,3.8795043786692327,3.8795043786692327,3.8795043786692327,3.8795043786692327,3.8795043786692327,3.8795043786692327,3.8795043786692327,3.8795043786692327,3.8795043786692327,3.8795043786692327,3.8795043786692327,3.8795043786692327,3.8795043786692327,3.8795043786692327,3.8795043786692327,3.8795043786692327,3.8795043786692327,3.8795043786692327,3.8795043786692327,3.8795043786692327,3.8795043786692327,3.8795043786692327,3.8795043786692327,3.8795043786692327,3.8795043786692327,3.8795043786692327,3.8795043786692327,3.8795043786692327,3.8795043786692327,3.8795043786692327,3.8795043786692327,3.8795043786692327,3.8795043786692327,3.8795043786692327,3.8795043786692327,3.8795043786692327,3.8795043786692327,3.8795043786692327,3.8795043786692327,3.8795043786692327,3.8795043786692327,3.8795043786692327,3.8795043786692327,3.8795043786692327,3.8795043786692327,3.8795043786692327,3.8795043786692327,3.8795043786692327,3.8795043786692327,3.8795043786692327,3.8795043786692327,3.8795043786692327,3.8795043786692327,3.8795043786692327,3.8795043786692327,3.8795043786692327,3.8795043786692327,3.8795043786692327,3.8795043786692327,3.8795043786692327,3.8795043786692327,3.8795043786692327,3.8795043786692327,3.8795043786692327,3.8795043786692327,3.8795043786692327,3.8795043786692327,3.8795043786692327,3.8795043786692327,3.8795043786692327,3.8795043786692327,3.8795043786692327,3.8795043786692327,3.8795043786692327,3.8795043786692327,3.8795043786692327,3.8795043786692327,3.8795043786692327,3.8795043786692327,3.8795043786692327,3.8795043786692327,3.8795043786692327,3.8795043786692327,3.8795043786692327,3.8795043786692327,3.8795043786692327,3.8795043786692327,3.8795043786692327,3.8795043786692327,3.8795043786692327,3.8795043786692327,3.8795043786692327,3.8795043786692327,3.8795043786692327,3.8795043786692327,3.8795043786692327,3.8795043786692327,3.8795043786692327,3.8795043786692327,3.8795043786692327,3.8795043786692327,3.8795043786692327,3.8795043786692327,3.8795043786692327,3.8795043786692327,3.8795043786692327,3.8795043786692327,3.8795043786692327,3.8795043786692327,3.8795043786692327,3.8795043786692327,3.8795043786692327,3.8795043786692327,3.8795043786692327,3.8795043786692327,3.8795043786692327,3.8795043786692327,3.8795043786692327,3.8795043786692327,3.8795043786692327,3.8795043786692327,3.8795043786692327,3.8795043786692327,3.8795043786692327,3.8795043786692327,3.8795043786692327,3.8795043786692327,3.8795043786692327,3.8795043786692327,3.8795043786692327,3.8795043786692327,3.8795043786692327,3.8795043786692327,3.8795043786692327,3.8795043786692327,3.8795043786692327,3.8795043786692327,3.8795043786692327,3.8795043786692327,3.8795043786692327,3.8795043786692327,3.8795043786692327,3.8795043786692327,3.8795043786692327,3.8795043786692327,3.8795043786692327,3.8795043786692327,3.8795043786692327,3.8795043786692327,3.8795043786692327,3.8795043786692327,3.8795043786692327,3.8795043786692327,3.8795043786692327,3.8795043786692327,3.8795043786692327,3.8795043786692327,3.8795043786692327,3.8795043786692327,3.8795043786692327,3.8795043786692327,3.8795043786692327,3.8795043786692327,3.8795043786692327,3.8795043786692327,3.8795043786692327,3.8795043786692327,3.8795043786692327,3.8795043786692327,3.8795043786692327,3.8795043786692327,3.8795043786692327,3.8795043786692327,3.8795043786692327,3.8795043786692327,3.8795043786692327,3.8795043786692327,3.8795043786692327,3.8795043786692327,3.8795043786692327,3.8795043786692327,3.8795043786692327,3.8795043786692327,3.8795043786692327,3.8795043786692327,3.8795043786692327,3.8795043786692327,3.8795043786692327,3.8795043786692327,3.8795043786692327,3.8795043786692327,3.8795043786692327,3.8795043786692327,3.8795043786692327,3.8795043786692327,3.8795043786692327,3.8795043786692327,3.8795043786692327,3.8795043786692327,3.8795043786692327,3.8795043786692327,3.8795043786692327,3.8795043786692327,3.8795043786692327,3.8795043786692327,3.8795043786692327,3.8795043786692327,3.8795043786692327,3.8795043786692327,3.8795043786692327,3.8795043786692327,3.8795043786692327,3.8795043786692327,3.8795043786692327,3.8795043786692327,3.8795043786692327,3.8795043786692327,3.8795043786692327,3.8795043786692327,3.8795043786692327,3.8795043786692327,3.8795043786692327,3.8795043786692327,3.8795043786692327,3.8795043786692327,3.8795043786692327,3.8795043786692327,3.8795043786692327,3.8795043786692327,3.8795043786692327,3.8795043786692327,3.8795043786692327,3.8795043786692327,3.8795043786692327,3.8795043786692327,3.8795043786692327,3.8795043786692327,3.8795043786692327,3.8795043786692327,3.8795043786692327,3.8795043786692327,3.8795043786692327,3.8795043786692327,3.8795043786692327,3.8795043786692327,3.8795043786692327,3.8795043786692327,3.8795043786692327,3.8795043786692327,3.8795043786692327,3.8795043786692327,3.8795043786692327,3.8795043786692327,3.8795043786692327,3.8795043786692327,3.8795043786692327,3.8795043786692327,3.8795043786692327,3.8795043786692327,3.8795043786692327,3.8795043786692327,3.8795043786692327,3.8795043786692327,3.8795043786692327,3.8795043786692327,3.8795043786692327,3.8795043786692327,3.8795043786692327,3.8795043786692327,3.8795043786692327,3.8795043786692327,3.8795043786692327,3.8795043786692327,3.8795043786692327,3.8795043786692327,3.8795043786692327,3.8795043786692327,3.8795043786692327,3.8795043786692327,3.8795043786692327,3.8795043786692327,3.8795043786692327,3.8795043786692327,3.8795043786692327,3.8795043786692327,3.8795043786692327,3.8795043786692327,3.8795043786692327,3.8795043786692327,3.8795043786692327,3.8795043786692327,3.8795043786692327,3.8795043786692327,3.8795043786692327,3.8795043786692327,3.8795043786692327,3.8795043786692327,3.8795043786692327,3.8795043786692327,3.8795043786692327,3.8795043786692327,3.8795043786692327,3.8795043786692327,3.8795043786692327,3.8795043786692327,3.8795043786692327,3.8795043786692327,3.8795043786692327,3.8795043786692327,3.8795043786692327,3.8795043786692327,3.8795043786692327,3.8795043786692327,3.8795043786692327,3.8795043786692327,3.8795043786692327,3.8795043786692327,3.8795043786692327,3.8795043786692327,3.8795043786692327,3.8795043786692327,3.8795043786692327,3.8795043786692327,3.8795043786692327,3.8795043786692327,3.8795043786692327,3.8795043786692327,3.8795043786692327,3.8795043786692327,3.8795043786692327,3.8795043786692327,3.8795043786692327,3.8795043786692327,3.8795043786692327,3.8795043786692327,3.8795043786692327,3.8795043786692327,3.8795043786692327,3.8795043786692327,3.8795043786692327,3.8795043786692327,3.8795043786692327,3.8795043786692327,3.8795043786692327,3.8795043786692327,3.8795043786692327,3.8795043786692327,3.8795043786692327,3.8795043786692327,3.8795043786692327,3.8795043786692327,3.8795043786692327,3.8795043786692327,3.8795043786692327,3.8795043786692327,3.8795043786692327,3.8795043786692327,3.8795043786692327,3.8795043786692327,3.8795043786692327,3.8795043786692327,3.8795043786692327,3.8795043786692327,3.8795043786692327,3.8795043786692327,3.8795043786692327,3.8795043786692327,3.8795043786692327,3.8795043786692327,3.8795043786692327,3.8795043786692327,3.8795043786692327,3.8795043786692327,3.8795043786692327,3.8795043786692327,3.8795043786692327,3.8795043786692327,3.8795043786692327,3.8795043786692327,3.8795043786692327,3.8795043786692327,3.8795043786692327,3.8795043786692327,3.8795043786692327,3.8795043786692327,3.8795043786692327,3.8795043786692327,3.8795043786692327,3.8795043786692327,3.8795043786692327,3.8795043786692327,3.8795043786692327,3.8795043786692327,3.8795043786692327,3.8795043786692327,3.8795043786692327,3.8795043786692327,3.8795043786692327,3.8795043786692327,3.8795043786692327,3.8795043786692327,3.8795043786692327,3.8795043786692327,3.8795043786692327,3.8795043786692327,3.8795043786692327,3.8795043786692327,3.8795043786692327,3.8795043786692327,3.8795043786692327,3.8795043786692327,3.8795043786692327,3.8795043786692327,3.8795043786692327,3.8795043786692327,3.8795043786692327,3.8795043786692327,3.8795043786692327,3.8795043786692327,3.8795043786692327,3.8795043786692327,3.8795043786692327,3.8795043786692327,3.8795043786692327,3.8795043786692327,3.8795043786692327,3.8795043786692327,3.8795043786692327,3.8795043786692327,3.8795043786692327,3.8795043786692327,3.8795043786692327,3.8795043786692327,3.8795043786692327,3.8795043786692327,3.8795043786692327,3.8795043786692327,3.8795043786692327,3.8795043786692327,3.8795043786692327,3.8795043786692327,3.8795043786692327,3.8795043786692327,3.8795043786692327,3.8795043786692327,3.8795043786692327,3.8795043786692327,3.8795043786692327,3.8795043786692327,3.8795043786692327,3.8795043786692327,3.8795043786692327,3.8795043786692327,3.8795043786692327,3.8795043786692327,3.8795043786692327,3.8795043786692327,3.8795043786692327,3.8795043786692327,3.8795043786692327,3.8795043786692327,3.8795043786692327,3.8795043786692327,3.8795043786692327,3.8795043786692327,3.8795043786692327,3.8795043786692327,3.8795043786692327,3.8795043786692327,3.8795043786692327,3.8795043786692327,3.8795043786692327,3.8795043786692327,3.8795043786692327,3.8795043786692327,3.8795043786692327,3.8795043786692327,3.8795043786692327,3.8795043786692327,3.8795043786692327,3.8795043786692327,3.8795043786692327,3.8795043786692327,3.8795043786692327,3.8795043786692327,3.8795043786692327,3.8795043786692327,3.8795043786692327,3.8795043786692327,3.8795043786692327,3.8795043786692327,3.8795043786692327,3.8795043786692327,3.8795043786692327,3.8795043786692327,3.8795043786692327,3.8795043786692327,3.8795043786692327,3.8795043786692327,3.8795043786692327,3.8795043786692327,3.8795043786692327,3.8795043786692327,3.8795043786692327,3.8795043786692327,3.8795043786692327,3.8795043786692327,3.8795043786692327,3.8795043786692327,3.8795043786692327,3.8795043786692327,3.8795043786692327,3.8795043786692327,3.8795043786692327,3.8795043786692327,3.8795043786692327,3.8795043786692327,3.8795043786692327,3.8795043786692327,3.8795043786692327,3.8795043786692327,3.8795043786692327,3.8795043786692327,3.8795043786692327,3.8795043786692327,3.8795043786692327,3.8795043786692327,3.8795043786692327,3.8795043786692327,3.8795043786692327,3.8795043786692327,3.8795043786692327,3.8795043786692327,3.8795043786692327,3.8795043786692327,3.8795043786692327,3.8795043786692327,3.8795043786692327,3.8795043786692327,3.8795043786692327,3.8795043786692327,3.8795043786692327,3.8795043786692327,3.8795043786692327,3.8795043786692327,3.8795043786692327,3.8795043786692327,3.8795043786692327,3.8795043786692327,3.8795043786692327,3.8795043786692327,3.8795043786692327,3.8795043786692327,3.8795043786692327,3.8795043786692327,3.8795043786692327,3.8795043786692327,3.8795043786692327,3.8795043786692327,3.8795043786692327,3.8795043786692327,3.8795043786692327,3.8795043786692327,3.8795043786692327,3.8795043786692327,3.8795043786692327,3.8795043786692327,3.8795043786692327,3.8795043786692327,3.8795043786692327,3.8795043786692327,3.8795043786692327,3.8795043786692327,3.8795043786692327,3.8795043786692327,3.8795043786692327,3.8795043786692327,3.8795043786692327,3.8795043786692327,3.8795043786692327,3.8795043786692327,3.8795043786692327,3.8795043786692327,3.8795043786692327,3.8795043786692327,3.8795043786692327,3.8795043786692327,3.8795043786692327,3.8795043786692327,3.8795043786692327,3.8795043786692327,3.8795043786692327,3.8795043786692327,3.8795043786692327,3.8795043786692327,3.8795043786692327,3.8795043786692327,3.8795043786692327,3.8795043786692327,3.8795043786692327,3.8795043786692327,3.8795043786692327,3.8795043786692327,3.8795043786692327,3.8795043786692327,3.8795043786692327,3.8795043786692327,3.8795043786692327,3.8795043786692327,3.8795043786692327,3.8795043786692327,3.8795043786692327,3.8795043786692327,3.8795043786692327,3.8795043786692327,3.8795043786692327,3.8795043786692327,3.8795043786692327,3.8795043786692327,3.8795043786692327,3.8795043786692327,3.8795043786692327,3.8795043786692327,3.8795043786692327,3.8795043786692327,3.8795043786692327,3.8795043786692327,3.8795043786692327,3.8795043786692327,3.8795043786692327,3.8795043786692327,3.8795043786692327,3.8795043786692327,3.8795043786692327,3.8795043786692327,3.8795043786692327,3.8795043786692327,3.8795043786692327,3.8795043786692327,3.8795043786692327,3.8795043786692327,3.8795043786692327,3.8795043786692327,3.8795043786692327,3.8795043786692327,3.8795043786692327,3.8795043786692327,3.8795043786692327,3.8795043786692327,3.8795043786692327,3.8795043786692327,3.8795043786692327,3.8795043786692327,3.8795043786692327,3.8795043786692327,3.8795043786692327,3.8795043786692327,3.8795043786692327,3.8795043786692327,3.8795043786692327,3.8795043786692327,3.8795043786692327,3.8795043786692327,3.8795043786692327,3.8795043786692327,3.8795043786692327,3.8795043786692327,3.8795043786692327,3.8795043786692327,3.8795043786692327,3.8795043786692327,3.8795043786692327,3.8795043786692327,3.8795043786692327,3.8795043786692327,3.8795043786692327,3.8795043786692327,6.642723250274731,6.642723250274731,6.642723250274731,6.642723250274731,6.642723250274731,6.642723250274731,6.642723250274731,6.642723250274731,6.642723250274731,6.642723250274731,6.642723250274731,6.642723250274731,6.642723250274731,6.642723250274731,6.642723250274731,6.642723250274731,6.642723250274731,6.642723250274731,6.642723250274731,6.642723250274731,6.642723250274731,6.642723250274731,6.642723250274731,6.642723250274731,6.642723250274731,6.642723250274731,6.642723250274731,6.642723250274731,6.642723250274731,6.642723250274731,6.642723250274731,6.642723250274731,6.642723250274731,6.642723250274731,6.642723250274731,6.642723250274731,6.642723250274731,6.642723250274731,6.642723250274731,6.642723250274731,6.642723250274731,6.642723250274731,6.642723250274731,6.642723250274731,6.642723250274731,6.642723250274731,6.642723250274731,6.642723250274731,6.642723250274731,6.642723250274731,6.642723250274731,6.642723250274731,6.642723250274731,6.642723250274731,6.642723250274731,6.642723250274731,6.642723250274731,6.642723250274731,6.642723250274731,6.642723250274731,6.642723250274731,6.642723250274731,6.642723250274731,6.642723250274731,6.642723250274731,6.642723250274731,6.642723250274731,6.642723250274731,6.642723250274731,6.642723250274731,6.642723250274731,6.642723250274731,6.642723250274731,6.642723250274731,6.642723250274731,6.642723250274731,6.642723250274731,6.642723250274731,6.642723250274731,6.642723250274731,6.642723250274731,6.642723250274731,6.642723250274731,6.642723250274731,6.642723250274731,6.642723250274731,6.524249571431359,6.524249571431359,6.524249571431359,6.524249571431359,6.524249571431359,6.524249571431359,6.390656231351604,6.390656231351604,6.390656231351604,6.390656231351604,6.390656231351604,6.390656231351604,6.390656231351604,6.390656231351604,6.390656231351604,6.390656231351604,6.390656231351604,6.390656231351604,6.390656231351604,6.390656231351604,6.390656231351604,6.390656231351604,6.390656231351604,6.390656231351604,6.390656231351604,6.390656231351604,6.390656231351604,6.390656231351604,6.390656231351604,6.390656231351604,6.390656231351604,6.390656231351604,6.390656231351604,6.390656231351604,6.390656231351604,6.390656231351604,6.390656231351604,6.390656231351604,6.390656231351604,6.390656231351604,6.390656231351604,6.390656231351604,6.390656231351604,6.390656231351604,6.390656231351604,6.390656231351604,6.390656231351604,6.390656231351604,6.390656231351604,6.390656231351604,5.498301030873626,4.899053169686442,4.899053169686442,4.899053169686442,4.899053169686442,4.899053169686442,4.899053169686442,4.819496503835365,4.819496503835365,4.819496503835365,4.819496503835365,4.819496503835365,4.819496503835365,4.819496503835365,4.819496503835365,4.819496503835365,4.819496503835365,4.819496503835365,4.819496503835365,4.819496503835365,4.819496503835365,4.819496503835365,4.819496503835365,4.819496503835365,4.819496503835365,4.819496503835365,4.819496503835365,4.819496503835365,4.819496503835365,4.819496503835365,4.819496503835365,4.819496503835365,4.819496503835365,4.819496503835365,4.819496503835365,4.819496503835365,4.819496503835365,4.819496503835365,4.819496503835365,4.819496503835365,4.819496503835365,4.819496503835365,4.819496503835365,4.819496503835365,4.819496503835365,4.819496503835365,4.819496503835365,4.819496503835365,4.819496503835365,4.819496503835365,4.819496503835365,4.819496503835365,4.819496503835365,4.819496503835365,4.819496503835365,4.819496503835365,4.819496503835365,4.819496503835365,4.819496503835365,4.819496503835365,4.819496503835365,4.819496503835365,4.819496503835365,4.819496503835365,4.819496503835365,4.819496503835365,4.819496503835365,4.819496503835365,4.819496503835365,4.819496503835365,4.819496503835365,4.819496503835365,4.819496503835365,4.819496503835365,4.819496503835365,4.819496503835365,4.819496503835365,4.819496503835365,4.819496503835365,4.819496503835365,4.819496503835365,4.819496503835365,4.819496503835365,4.819496503835365,4.819496503835365,4.819496503835365,4.819496503835365,4.819496503835365,4.819496503835365,4.819496503835365,4.819496503835365,4.819496503835365,4.819496503835365,4.819496503835365,4.819496503835365,4.819496503835365,4.819496503835365,4.819496503835365,4.819496503835365,4.819496503835365,4.819496503835365,4.819496503835365,4.819496503835365,4.819496503835365,4.819496503835365,4.819496503835365,4.819496503835365,4.819496503835365,4.819496503835365,4.819496503835365,4.819496503835365,4.819496503835365,4.819496503835365,4.819496503835365,4.819496503835365,4.819496503835365,4.819496503835365,4.819496503835365,4.819496503835365,4.819496503835365,4.819496503835365,4.819496503835365,2.0157760663185447,2.0157760663185447,2.0157760663185447,2.0157760663185447,2.0157760663185447,2.0157760663185447,2.0157760663185447,2.0157760663185447,2.0157760663185447,2.0157760663185447,2.0157760663185447,2.0157760663185447,2.0157760663185447,2.0157760663185447,2.0157760663185447,2.0157760663185447,2.0157760663185447,2.0157760663185447,2.0157760663185447,2.0157760663185447,2.0157760663185447,2.0157760663185447,2.0157760663185447,2.0157760663185447,2.0157760663185447,2.0157760663185447,2.0157760663185447,2.0157760663185447,2.0157760663185447,2.0157760663185447,2.0157760663185447,2.0157760663185447,2.0157760663185447,2.0157760663185447,2.0157760663185447,2.0157760663185447,2.0157760663185447,2.0157760663185447,2.0157760663185447,2.0157760663185447,2.0157760663185447,2.0157760663185447,2.0157760663185447,2.0157760663185447,2.0157760663185447,2.0157760663185447,2.0157760663185447,2.0157760663185447,2.0157760663185447,2.0157760663185447,2.0157760663185447,2.0157760663185447,2.0157760663185447,2.0157760663185447,2.0157760663185447,2.0157760663185447,2.0157760663185447,2.0157760663185447,2.0157760663185447,2.0157760663185447,2.0157760663185447,2.0157760663185447,2.0157760663185447,2.0157760663185447,2.0157760663185447,2.0157760663185447,2.0157760663185447,2.0157760663185447,2.0157760663185447,2.0157760663185447,2.0157760663185447,2.0157760663185447,2.0157760663185447,2.0157760663185447,2.0157760663185447,2.0157760663185447,2.0157760663185447,2.0157760663185447,2.0157760663185447,2.0157760663185447,2.0157760663185447,2.0157760663185447,2.0157760663185447,2.0157760663185447,2.0157760663185447,2.0157760663185447,2.0157760663185447,2.0157760663185447,2.0157760663185447,2.0157760663185447,2.0157760663185447,2.0157760663185447,2.0157760663185447,2.0157760663185447,2.0157760663185447,2.0157760663185447,2.0157760663185447,2.0157760663185447,2.0157760663185447,2.0157760663185447,2.0157760663185447,2.0157760663185447,2.0157760663185447,2.0157760663185447,2.0157760663185447,2.0157760663185447,2.0157760663185447,2.0157760663185447,2.0157760663185447,2.0157760663185447,2.0157760663185447,2.0157760663185447,2.0157760663185447,2.0157760663185447,2.0157760663185447,2.0157760663185447,2.0157760663185447,2.0157760663185447,2.0157760663185447,2.0157760663185447,2.0157760663185447,2.0157760663185447,2.0157760663185447,2.0157760663185447,2.0157760663185447,2.0157760663185447,2.0157760663185447,2.0157760663185447,2.0157760663185447,2.0157760663185447,2.0157760663185447,2.0157760663185447,2.0157760663185447,2.0157760663185447,2.0157760663185447,2.0157760663185447,2.0157760663185447,2.0157760663185447,2.0157760663185447,2.0157760663185447,2.0157760663185447,2.0157760663185447,2.0157760663185447,2.0157760663185447,2.0157760663185447,2.0157760663185447,2.0157760663185447,2.0157760663185447,2.0157760663185447,2.0157760663185447,2.0157760663185447,2.0157760663185447,2.0157760663185447,2.0157760663185447,2.0157760663185447,2.0157760663185447,2.0157760663185447,2.0157760663185447,2.0157760663185447,2.0157760663185447,2.0157760663185447,2.0157760663185447,2.0157760663185447,2.0157760663185447,2.0157760663185447,2.0157760663185447,2.0157760663185447,2.0157760663185447,2.0157760663185447,2.0157760663185447,2.0157760663185447,2.0157760663185447,2.0157760663185447,2.0157760663185447,2.0157760663185447,2.0157760663185447,2.0157760663185447,2.0157760663185447,2.0157760663185447,2.0157760663185447,2.0157760663185447,2.0157760663185447,2.0157760663185447,2.0157760663185447,2.0157760663185447,2.0157760663185447,2.0157760663185447,2.0157760663185447,2.0157760663185447,2.0157760663185447,2.0157760663185447,2.0157760663185447,2.0157760663185447,2.0157760663185447,2.0157760663185447,2.0157760663185447,2.0157760663185447,2.0157760663185447,2.0157760663185447,2.0157760663185447,2.0157760663185447,2.0157760663185447,2.0157760663185447,2.0157760663185447,2.0157760663185447,2.0157760663185447,2.0157760663185447,2.0157760663185447,2.0157760663185447,2.0157760663185447,2.0157760663185447,2.0157760663185447,2.0157760663185447,2.0157760663185447,2.0157760663185447,2.0157760663185447,2.0157760663185447,2.0157760663185447,2.0157760663185447,2.0157760663185447,2.0157760663185447,2.0157760663185447,2.0157760663185447,2.0157760663185447,2.0157760663185447,2.0157760663185447,2.0157760663185447,2.0157760663185447,2.0157760663185447,2.0157760663185447,2.0157760663185447,2.0157760663185447,2.0157760663185447,2.0157760663185447,2.0157760663185447,2.0157760663185447,2.0157760663185447,2.0157760663185447,2.0157760663185447,2.0157760663185447,2.0157760663185447,2.0157760663185447,2.0157760663185447,2.0157760663185447,2.0157760663185447,2.0157760663185447,2.0157760663185447,2.0157760663185447,2.0157760663185447,2.0157760663185447,2.0157760663185447,2.0157760663185447,2.0157760663185447,2.0157760663185447,2.0157760663185447,2.0157760663185447,2.0157760663185447,2.0157760663185447,2.0157760663185447,2.0157760663185447,2.0157760663185447,2.0157760663185447,2.0157760663185447,2.0157760663185447,2.0157760663185447,2.0157760663185447,2.0157760663185447,2.0157760663185447,2.0157760663185447,2.0157760663185447,2.0157760663185447,2.0157760663185447,2.0157760663185447,2.0157760663185447,2.0157760663185447,2.0157760663185447,2.0157760663185447,2.0157760663185447,2.0157760663185447,2.0157760663185447,2.0157760663185447,2.0157760663185447,2.0157760663185447,2.0157760663185447,2.0157760663185447,2.0157760663185447,2.0157760663185447,2.0157760663185447,2.0157760663185447,2.0157760663185447,2.0157760663185447,2.0157760663185447,2.0157760663185447,2.0157760663185447,2.0157760663185447,2.0157760663185447,2.0157760663185447,2.0157760663185447,2.0157760663185447,2.0157760663185447,2.0157760663185447,2.0157760663185447,2.0157760663185447,2.0157760663185447,2.0157760663185447,2.0157760663185447,2.0157760663185447,2.0157760663185447,2.0157760663185447,2.0157760663185447,2.0157760663185447,2.0157760663185447,2.0157760663185447,2.0157760663185447,2.0157760663185447,2.0157760663185447,2.0157760663185447,2.0157760663185447,2.0157760663185447,2.0157760663185447,2.0157760663185447,2.0157760663185447,2.0157760663185447,2.0157760663185447,2.0157760663185447,2.0157760663185447,2.0157760663185447,2.0157760663185447,2.0157760663185447,2.0157760663185447,2.0157760663185447,2.0157760663185447,2.0157760663185447,2.0157760663185447,2.0157760663185447,2.0157760663185447,2.0157760663185447,2.0157760663185447,2.0157760663185447,2.0157760663185447,2.0157760663185447,2.0157760663185447,2.0157760663185447,2.0157760663185447,2.0157760663185447,2.0157760663185447,2.0157760663185447,2.0157760663185447,2.0157760663185447,2.0157760663185447,2.0157760663185447,2.0157760663185447,2.0157760663185447,2.0157760663185447,2.0157760663185447,2.0157760663185447,2.0157760663185447,2.0157760663185447,2.0157760663185447,2.0157760663185447,2.0157760663185447,2.0157760663185447,2.0157760663185447,2.0157760663185447,2.0157760663185447,2.0157760663185447,2.0157760663185447,2.0157760663185447,2.0157760663185447,2.0157760663185447,2.0157760663185447,2.0157760663185447,2.0157760663185447,2.0157760663185447,2.0157760663185447,2.0157760663185447,2.0157760663185447,2.0157760663185447,2.0157760663185447,2.0157760663185447,2.0157760663185447,2.0157760663185447,2.0157760663185447,2.0157760663185447,2.0157760663185447,2.0157760663185447,2.0157760663185447,2.0157760663185447,2.0157760663185447,2.0157760663185447,2.0157760663185447,2.0157760663185447,2.0157760663185447,2.0157760663185447,2.0157760663185447,2.0157760663185447,2.0157760663185447,2.0157760663185447,2.0157760663185447,2.0157760663185447,2.0157760663185447,2.0157760663185447,2.0157760663185447,2.0157760663185447,2.0157760663185447,2.0157760663185447,2.0157760663185447,2.0157760663185447,2.0157760663185447,2.0157760663185447,2.0157760663185447,2.0157760663185447,2.0157760663185447,2.0157760663185447,2.0157760663185447,2.0157760663185447,2.0157760663185447,2.0157760663185447,2.0157760663185447,2.0157760663185447,2.0157760663185447,2.0157760663185447,2.0157760663185447,2.0157760663185447,2.0157760663185447,2.0157760663185447,2.0157760663185447,2.0157760663185447,2.0157760663185447,2.0157760663185447,2.0157760663185447,2.0157760663185447,2.0157760663185447,2.0157760663185447,2.0157760663185447,2.0157760663185447,2.0157760663185447,2.0157760663185447,2.0157760663185447,2.0157760663185447,2.0157760663185447,2.0157760663185447,2.0157760663185447,2.0157760663185447,2.0157760663185447,2.0157760663185447,2.0157760663185447,2.0157760663185447,2.0157760663185447,2.0157760663185447,2.0157760663185447,2.0157760663185447,2.0157760663185447,2.0157760663185447,2.0157760663185447,2.0157760663185447,2.0157760663185447,2.0157760663185447,2.0157760663185447,2.0157760663185447,2.0157760663185447,2.0157760663185447,2.0157760663185447,2.0157760663185447,2.0157760663185447,2.0157760663185447,2.0157760663185447,2.0157760663185447,2.0157760663185447,2.0157760663185447,2.0157760663185447,2.0157760663185447,2.0157760663185447,2.0157760663185447,2.0157760663185447,2.0157760663185447,2.0157760663185447,2.0157760663185447,2.0157760663185447,2.0157760663185447,2.0157760663185447,2.0157760663185447,2.0157760663185447,2.0157760663185447,2.0157760663185447,2.0157760663185447,2.0157760663185447,2.0157760663185447,2.0157760663185447,2.0157760663185447,2.0157760663185447,2.0157760663185447,2.0157760663185447,2.0157760663185447,2.0157760663185447,2.0157760663185447,2.0157760663185447,2.0157760663185447,2.0157760663185447,2.0157760663185447,2.0157760663185447,2.0157760663185447,2.0157760663185447,2.0157760663185447,2.0157760663185447,2.0157760663185447,2.0157760663185447,2.0157760663185447,2.0157760663185447,2.0157760663185447,2.0157760663185447,2.0157760663185447,2.0157760663185447,2.0157760663185447,2.0157760663185447,2.0157760663185447,2.0157760663185447,2.0157760663185447,2.0157760663185447,2.0157760663185447,2.0157760663185447,2.0157760663185447,2.0157760663185447,2.0157760663185447,2.0157760663185447,2.0157760663185447,2.0157760663185447,2.0157760663185447,2.0157760663185447,2.0157760663185447,2.0157760663185447,2.0157760663185447,2.0157760663185447,2.0157760663185447,2.0157760663185447,2.0157760663185447,2.0157760663185447,2.0157760663185447,2.0157760663185447,2.0157760663185447,2.0157760663185447,2.0157760663185447,2.0157760663185447,2.0157760663185447,2.0157760663185447,2.0157760663185447,2.0157760663185447,2.0157760663185447,2.0157760663185447,2.0157760663185447,2.0157760663185447,2.0157760663185447,2.0157760663185447,2.0157760663185447,2.0157760663185447,2.0157760663185447,2.0157760663185447,2.0157760663185447,2.0157760663185447,2.0157760663185447,2.0157760663185447,2.0157760663185447,2.0157760663185447,2.0157760663185447,2.0157760663185447,2.0157760663185447,2.0157760663185447,2.0157760663185447,2.0157760663185447,2.0157760663185447,2.0157760663185447,2.0157760663185447,2.0157760663185447,2.0157760663185447,2.0157760663185447,2.0157760663185447,2.0157760663185447,2.0157760663185447,2.0157760663185447,2.0157760663185447,2.0157760663185447,2.0157760663185447,2.0157760663185447,2.0157760663185447,2.0157760663185447,2.0157760663185447,2.0157760663185447,2.0157760663185447,2.0157760663185447,2.0157760663185447,2.0157760663185447,2.0157760663185447,2.0157760663185447,2.0157760663185447,2.0157760663185447,2.0157760663185447,2.0157760663185447,2.0157760663185447,2.0157760663185447,2.0157760663185447,2.0157760663185447,2.0157760663185447,2.0157760663185447,2.0157760663185447,2.0157760663185447,2.0157760663185447,2.0157760663185447,2.0157760663185447,2.0157760663185447,2.0157760663185447,2.0157760663185447,2.0157760663185447,2.0157760663185447,2.0157760663185447,2.0157760663185447,2.0157760663185447,2.0157760663185447,2.0157760663185447,2.0157760663185447,2.0157760663185447,2.0157760663185447,2.0157760663185447,2.0157760663185447,2.0157760663185447,2.0157760663185447,2.0157760663185447,2.0157760663185447,2.0157760663185447,2.0157760663185447,2.0157760663185447,2.0157760663185447,2.0157760663185447,2.0157760663185447,2.0157760663185447,2.0157760663185447,2.0157760663185447,2.0157760663185447,2.0157760663185447,2.0157760663185447,2.0157760663185447,2.0157760663185447,2.0157760663185447,2.0157760663185447,2.0157760663185447,2.0157760663185447,2.0157760663185447,2.0157760663185447,2.0157760663185447,2.0157760663185447,2.0157760663185447,2.0157760663185447,2.0157760663185447,2.0157760663185447,2.0157760663185447,2.0157760663185447,2.0157760663185447,2.0157760663185447,2.0157760663185447,2.0157760663185447,2.0157760663185447,2.0157760663185447,2.0157760663185447,2.0157760663185447,2.0157760663185447,2.0157760663185447,2.0157760663185447,2.0157760663185447,2.0157760663185447,2.0157760663185447,2.0157760663185447,2.0157760663185447,2.0157760663185447,2.0157760663185447,2.0157760663185447,2.0157760663185447,2.0157760663185447,2.0157760663185447,2.0157760663185447,2.0157760663185447,2.0157760663185447,2.0157760663185447,2.0157760663185447,2.0157760663185447,2.0157760663185447,2.0157760663185447,2.0157760663185447,2.0157760663185447,2.0157760663185447,2.0157760663185447,2.0157760663185447,2.0157760663185447,2.0157760663185447,2.0157760663185447,2.0157760663185447,2.0157760663185447,2.0157760663185447,2.0157760663185447,2.0157760663185447,2.0157760663185447,2.0157760663185447,2.0157760663185447,2.0157760663185447,2.0157760663185447,2.0157760663185447,2.0157760663185447,2.0157760663185447,2.0157760663185447,2.0157760663185447,2.0157760663185447,2.0157760663185447,2.0157760663185447,2.0157760663185447,2.0157760663185447,2.0157760663185447,2.0157760663185447,2.0157760663185447,2.0157760663185447,2.0157760663185447,2.0157760663185447,2.0157760663185447,2.0157760663185447,2.0157760663185447,2.0157760663185447,2.0157760663185447,2.0157760663185447,2.0157760663185447,2.0157760663185447,2.0157760663185447,2.0157760663185447,2.0157760663185447,2.0157760663185447,2.0157760663185447,2.0157760663185447,2.0157760663185447,2.0157760663185447,2.0157760663185447,2.0157760663185447,2.0157760663185447,2.0157760663185447,2.0157760663185447,2.0157760663185447,2.0157760663185447,7.510800834161688,5.976140084642513,5.976140084642513,5.658215260053492,5.658215260053492,5.491275101725079,5.491275101725079,5.491275101725079,5.491275101725079,5.491275101725079,5.491275101725079,5.491275101725079,5.491275101725079,5.491275101725079,5.491275101725079,5.491275101725079,5.491275101725079,5.491275101725079,5.491275101725079,5.491275101725079,5.491275101725079,5.491275101725079,5.491275101725079,5.491275101725079,5.491275101725079,5.491275101725079,5.491275101725079,5.491275101725079,5.491275101725079,5.491275101725079,5.491275101725079,5.491275101725079,5.491275101725079,5.491275101725079,5.491275101725079,5.491275101725079,5.491275101725079,5.491275101725079,5.491275101725079,5.491275101725079,5.491275101725079,5.491275101725079,5.491275101725079,5.491275101725079,5.491275101725079,5.491275101725079,5.491275101725079,5.491275101725079,5.491275101725079,5.491275101725079,5.491275101725079,5.491275101725079,5.491275101725079,5.491275101725079,5.491275101725079,5.491275101725079,5.491275101725079,5.491275101725079,5.491275101725079,5.491275101725079,5.491275101725079,5.491275101725079,5.491275101725079,5.491275101725079,5.491275101725079,5.491275101725079,5.491275101725079,5.491275101725079,5.491275101725079,5.491275101725079,5.491275101725079,5.491275101725079,5.491275101725079,5.491275101725079,5.491275101725079,5.491275101725079,5.491275101725079,5.491275101725079,5.491275101725079,5.491275101725079,5.491275101725079,5.491275101725079,5.491275101725079,5.491275101725079,5.491275101725079,5.491275101725079,5.491275101725079,5.491275101725079,5.491275101725079,5.491275101725079,5.491275101725079,5.491275101725079,5.491275101725079,5.491275101725079,5.491275101725079,5.491275101725079,5.491275101725079,5.491275101725079,5.491275101725079,5.491275101725079,5.491275101725079,5.491275101725079,5.491275101725079,5.491275101725079,5.491275101725079,5.491275101725079,5.491275101725079,5.491275101725079,5.491275101725079,5.491275101725079,5.491275101725079,5.491275101725079,5.491275101725079,5.491275101725079,5.491275101725079,5.491275101725079,5.491275101725079,5.491275101725079,5.491275101725079,5.491275101725079,5.491275101725079,5.491275101725079,5.491275101725079,5.491275101725079,5.491275101725079,5.491275101725079,5.491275101725079,5.491275101725079,5.491275101725079,5.491275101725079,5.491275101725079,5.491275101725079,5.491275101725079,5.491275101725079,5.491275101725079,5.491275101725079,5.491275101725079,5.491275101725079,5.491275101725079,5.491275101725079,5.491275101725079,5.491275101725079,5.491275101725079,5.491275101725079,5.491275101725079,5.491275101725079,5.491275101725079,5.491275101725079,5.491275101725079,5.491275101725079,5.491275101725079,5.491275101725079,5.491275101725079,5.491275101725079,5.491275101725079,5.491275101725079,5.491275101725079,5.491275101725079,5.491275101725079,5.491275101725079,5.491275101725079,5.491275101725079,5.491275101725079,5.491275101725079,5.491275101725079,5.491275101725079,5.491275101725079,5.491275101725079,5.491275101725079,5.491275101725079,5.491275101725079,5.491275101725079,5.491275101725079,5.491275101725079,5.491275101725079,5.491275101725079,5.491275101725079,5.491275101725079,5.491275101725079,5.491275101725079,5.491275101725079,5.491275101725079,5.491275101725079,5.491275101725079,5.491275101725079,5.491275101725079,5.491275101725079,5.491275101725079,5.491275101725079,5.491275101725079,5.491275101725079,5.491275101725079,5.491275101725079,5.491275101725079,5.491275101725079,5.491275101725079,5.491275101725079,5.491275101725079,5.491275101725079,5.491275101725079,5.491275101725079,5.491275101725079,5.491275101725079,5.491275101725079,5.491275101725079,5.491275101725079,5.491275101725079,5.491275101725079,5.491275101725079,5.491275101725079,5.491275101725079,5.491275101725079,5.491275101725079,5.491275101725079,4.579105312464142,4.579105312464142,4.579105312464142,4.579105312464142,4.579105312464142,4.579105312464142,4.579105312464142,4.579105312464142,4.579105312464142,4.579105312464142,4.579105312464142,4.579105312464142,4.579105312464142,4.579105312464142,4.579105312464142,4.579105312464142,4.579105312464142,4.579105312464142,4.579105312464142,4.579105312464142,4.579105312464142,4.579105312464142,4.579105312464142,4.579105312464142,4.579105312464142,4.579105312464142,4.579105312464142,4.579105312464142,4.579105312464142,4.579105312464142,4.579105312464142,4.579105312464142,4.579105312464142,4.579105312464142,4.579105312464142,4.579105312464142,4.579105312464142,4.579105312464142,4.579105312464142,4.579105312464142,4.579105312464142,4.579105312464142,4.579105312464142,4.579105312464142,4.579105312464142,4.579105312464142,4.579105312464142,4.579105312464142,4.579105312464142,4.579105312464142,4.579105312464142,4.579105312464142,4.579105312464142,4.579105312464142,4.579105312464142,4.579105312464142,4.579105312464142,4.579105312464142,4.579105312464142,4.579105312464142,4.579105312464142,4.579105312464142,4.579105312464142,4.579105312464142,4.579105312464142,4.579105312464142,4.579105312464142,4.579105312464142,4.579105312464142,4.579105312464142,4.579105312464142,4.579105312464142,4.579105312464142,4.579105312464142,4.579105312464142,4.579105312464142,4.579105312464142,4.579105312464142,4.579105312464142,4.579105312464142,4.579105312464142,4.579105312464142,4.579105312464142,4.579105312464142,4.579105312464142,4.579105312464142,4.579105312464142,4.579105312464142,4.579105312464142,4.579105312464142,4.579105312464142,4.579105312464142,4.579105312464142,4.579105312464142,4.579105312464142,4.579105312464142,4.579105312464142,4.579105312464142,4.579105312464142,4.579105312464142,4.579105312464142,4.579105312464142,4.579105312464142,4.579105312464142,4.579105312464142,4.579105312464142,4.579105312464142,4.579105312464142,4.579105312464142,4.579105312464142,4.579105312464142,4.579105312464142,4.579105312464142,4.579105312464142,4.579105312464142,4.579105312464142,4.364792059106293,4.307065915179408,4.307065915179408,4.307065915179408,4.307065915179408,4.307065915179408,4.307065915179408,4.307065915179408,4.307065915179408,4.307065915179408,4.307065915179408,4.307065915179408,4.307065915179408,4.307065915179408,4.307065915179408,4.307065915179408,4.307065915179408,4.307065915179408,4.307065915179408,4.307065915179408,4.307065915179408,4.307065915179408,4.307065915179408,4.307065915179408,4.307065915179408,4.307065915179408,4.307065915179408,4.307065915179408,4.307065915179408,4.307065915179408,4.307065915179408,4.307065915179408,4.307065915179408,4.307065915179408,4.307065915179408,4.307065915179408,4.307065915179408,4.307065915179408,4.307065915179408,4.307065915179408,4.307065915179408,4.307065915179408,4.307065915179408,4.307065915179408,4.307065915179408,4.307065915179408,4.307065915179408,4.307065915179408,4.307065915179408,4.307065915179408,4.307065915179408,4.307065915179408,4.307065915179408,4.307065915179408,4.307065915179408,4.307065915179408,4.307065915179408,4.307065915179408,4.307065915179408,4.307065915179408,4.307065915179408,4.307065915179408,4.307065915179408,4.307065915179408,4.307065915179408,4.307065915179408,4.307065915179408,4.307065915179408,4.307065915179408,4.307065915179408,4.307065915179408,4.307065915179408,4.307065915179408,4.307065915179408,4.307065915179408,4.307065915179408,4.307065915179408,4.307065915179408,4.307065915179408,4.307065915179408,4.307065915179408,4.307065915179408,4.307065915179408,4.307065915179408,4.307065915179408,4.307065915179408,4.307065915179408,4.307065915179408,4.307065915179408,4.307065915179408,4.307065915179408,4.307065915179408,4.307065915179408,4.307065915179408,4.307065915179408,4.307065915179408,4.307065915179408,4.307065915179408,4.307065915179408,4.307065915179408,4.307065915179408,4.307065915179408,4.307065915179408,4.307065915179408,4.307065915179408,4.307065915179408,4.307065915179408,4.307065915179408,4.307065915179408,4.307065915179408,4.307065915179408,4.307065915179408,4.307065915179408,4.307065915179408,4.307065915179408,4.307065915179408,4.307065915179408,4.307065915179408,4.307065915179408,4.307065915179408,4.307065915179408,4.307065915179408,4.087061273495558,4.087061273495558,4.087061273495558,4.087061273495558,4.087061273495558,4.087061273495558,4.087061273495558,4.087061273495558,4.087061273495558,4.087061273495558,4.087061273495558,4.087061273495558,4.087061273495558,4.087061273495558,4.087061273495558,4.087061273495558,4.087061273495558,4.087061273495558,4.087061273495558,4.087061273495558,4.087061273495558,4.087061273495558,4.087061273495558,4.087061273495558,4.087061273495558,4.087061273495558,4.087061273495558,4.087061273495558,4.087061273495558,4.087061273495558,4.087061273495558,4.087061273495558,4.087061273495558,4.087061273495558,4.087061273495558,4.087061273495558,4.087061273495558,4.087061273495558,4.087061273495558,4.087061273495558,4.087061273495558,4.087061273495558,4.087061273495558,4.087061273495558,4.087061273495558,4.087061273495558,4.087061273495558,4.087061273495558,4.087061273495558,4.087061273495558,4.087061273495558,4.087061273495558,4.087061273495558,4.087061273495558,4.087061273495558,4.087061273495558,4.087061273495558,4.087061273495558,4.087061273495558,4.087061273495558,4.087061273495558,4.087061273495558,4.087061273495558,4.087061273495558,4.087061273495558,4.087061273495558,4.087061273495558,4.087061273495558,4.087061273495558,4.087061273495558,4.087061273495558,4.087061273495558,4.087061273495558,4.087061273495558,4.087061273495558,4.087061273495558,4.087061273495558,4.087061273495558,4.087061273495558,4.087061273495558,4.087061273495558,4.087061273495558,4.087061273495558,4.087061273495558,4.087061273495558,4.087061273495558,4.087061273495558,4.087061273495558,4.087061273495558,4.087061273495558,4.087061273495558,4.087061273495558,4.087061273495558,4.087061273495558,4.087061273495558,4.087061273495558,4.087061273495558,4.087061273495558,4.087061273495558,4.087061273495558,4.087061273495558,4.087061273495558,4.087061273495558,4.087061273495558,4.087061273495558,4.087061273495558,4.087061273495558,4.087061273495558,4.087061273495558,4.087061273495558,4.087061273495558,4.087061273495558,4.087061273495558,4.087061273495558,4.087061273495558,4.087061273495558,4.087061273495558,4.087061273495558,4.087061273495558,4.087061273495558,4.087061273495558,4.087061273495558,4.087061273495558,4.087061273495558,4.087061273495558,4.087061273495558,4.087061273495558,4.087061273495558,4.087061273495558,4.087061273495558,4.087061273495558,4.087061273495558,4.087061273495558,4.087061273495558,4.087061273495558,4.087061273495558,4.087061273495558,4.087061273495558,4.087061273495558,4.087061273495558,4.087061273495558,4.087061273495558,4.087061273495558,4.087061273495558,4.087061273495558,4.087061273495558,4.087061273495558,4.087061273495558,4.087061273495558,4.087061273495558,4.087061273495558,4.087061273495558,4.087061273495558,4.087061273495558,4.087061273495558,4.087061273495558,4.087061273495558,4.087061273495558,4.087061273495558,4.087061273495558,4.087061273495558,4.087061273495558,4.087061273495558,4.087061273495558,4.087061273495558,4.087061273495558,4.087061273495558,4.087061273495558,4.087061273495558,4.087061273495558,4.087061273495558,4.087061273495558,4.087061273495558,4.087061273495558,4.087061273495558,4.087061273495558,4.087061273495558,4.087061273495558,4.087061273495558,4.087061273495558,4.087061273495558,4.087061273495558,4.087061273495558,4.087061273495558,4.087061273495558,4.087061273495558,4.087061273495558,4.087061273495558,4.087061273495558,4.087061273495558,4.087061273495558,4.087061273495558,4.087061273495558,4.087061273495558,4.087061273495558,4.087061273495558,4.087061273495558,4.087061273495558,4.087061273495558,4.087061273495558,4.087061273495558,4.087061273495558,4.087061273495558,4.087061273495558,4.087061273495558,4.087061273495558,4.087061273495558,4.087061273495558,4.087061273495558,4.087061273495558,4.087061273495558,4.087061273495558,4.087061273495558,4.087061273495558,4.087061273495558,4.087061273495558,4.087061273495558,4.087061273495558,4.087061273495558,4.087061273495558,4.087061273495558,4.087061273495558,4.087061273495558,4.087061273495558,4.087061273495558,4.087061273495558,4.087061273495558,4.087061273495558,4.087061273495558,4.087061273495558,4.087061273495558,4.087061273495558,4.087061273495558,4.087061273495558,4.087061273495558,4.087061273495558,4.087061273495558,4.087061273495558,4.087061273495558,4.087061273495558,4.087061273495558,4.087061273495558,4.087061273495558,4.087061273495558,4.087061273495558,4.087061273495558,4.087061273495558,4.087061273495558,4.087061273495558,4.087061273495558,4.087061273495558,4.087061273495558,4.087061273495558,4.087061273495558,4.087061273495558,4.087061273495558,4.087061273495558,4.087061273495558,4.087061273495558,4.087061273495558,4.087061273495558,4.087061273495558,4.087061273495558,4.087061273495558,4.087061273495558,4.087061273495558,4.087061273495558,4.087061273495558,4.087061273495558,4.087061273495558,4.087061273495558,4.087061273495558,4.087061273495558,4.087061273495558,4.087061273495558,4.087061273495558,4.087061273495558,4.087061273495558,4.087061273495558,4.087061273495558,4.087061273495558,4.087061273495558,4.087061273495558,4.087061273495558,4.087061273495558,4.087061273495558,4.087061273495558,4.087061273495558,4.087061273495558,4.087061273495558,4.087061273495558,4.087061273495558,4.087061273495558,4.087061273495558,4.087061273495558,4.087061273495558,4.087061273495558,4.087061273495558,4.087061273495558,4.087061273495558,4.087061273495558,4.087061273495558,4.087061273495558,4.087061273495558,4.087061273495558,4.087061273495558,4.087061273495558,4.087061273495558,4.087061273495558,4.087061273495558,4.087061273495558,4.087061273495558,4.087061273495558,4.087061273495558,4.087061273495558,4.087061273495558,4.087061273495558,4.087061273495558,4.087061273495558,4.087061273495558,4.087061273495558,4.087061273495558,4.087061273495558,4.087061273495558,4.087061273495558,4.087061273495558,4.087061273495558,4.087061273495558,4.087061273495558,4.087061273495558,4.087061273495558,4.087061273495558,4.087061273495558,4.087061273495558,4.087061273495558,4.087061273495558,4.087061273495558,4.087061273495558,4.087061273495558,4.087061273495558,4.087061273495558,4.087061273495558,4.087061273495558,4.087061273495558,4.087061273495558,4.087061273495558,4.087061273495558,4.087061273495558,4.087061273495558,4.087061273495558,4.087061273495558,4.087061273495558,4.087061273495558,4.087061273495558,4.087061273495558,4.087061273495558,4.087061273495558,4.087061273495558,4.087061273495558,4.087061273495558,4.087061273495558,4.087061273495558,4.087061273495558,4.087061273495558,4.087061273495558,4.087061273495558,4.087061273495558,4.087061273495558,4.087061273495558,4.087061273495558,4.087061273495558,4.087061273495558,4.087061273495558,4.087061273495558,4.087061273495558,4.087061273495558,4.087061273495558,4.087061273495558,4.087061273495558,4.087061273495558,4.087061273495558,4.087061273495558,4.087061273495558,4.087061273495558,4.087061273495558,4.087061273495558,4.087061273495558,4.087061273495558,4.087061273495558,4.087061273495558,4.087061273495558,4.087061273495558,4.087061273495558,4.087061273495558,4.087061273495558,4.087061273495558,4.087061273495558,4.087061273495558,4.087061273495558,4.087061273495558,4.087061273495558,4.087061273495558,4.087061273495558,4.087061273495558,4.087061273495558,4.087061273495558,4.087061273495558,4.087061273495558,4.087061273495558,4.087061273495558,4.087061273495558,4.087061273495558,4.087061273495558,4.087061273495558,4.087061273495558,4.087061273495558,4.087061273495558,4.087061273495558,4.087061273495558,4.087061273495558,4.087061273495558,4.087061273495558,4.087061273495558,4.087061273495558,4.087061273495558,4.087061273495558,4.087061273495558,4.087061273495558,4.087061273495558,4.087061273495558,4.087061273495558,4.087061273495558,4.087061273495558,4.087061273495558,4.087061273495558,4.087061273495558,4.087061273495558,4.087061273495558,4.087061273495558,4.087061273495558,4.087061273495558,4.087061273495558,4.087061273495558,4.087061273495558,4.087061273495558,4.087061273495558,4.087061273495558,4.087061273495558,4.087061273495558,4.087061273495558,4.087061273495558,4.087061273495558,4.087061273495558,4.087061273495558,4.087061273495558,4.087061273495558,4.087061273495558,4.087061273495558,4.087061273495558,4.087061273495558,4.087061273495558,4.087061273495558,4.087061273495558,4.087061273495558,4.087061273495558,4.087061273495558,4.087061273495558,4.087061273495558,4.087061273495558,4.087061273495558,4.087061273495558,4.087061273495558,4.087061273495558,4.087061273495558,4.087061273495558,4.087061273495558,4.087061273495558,4.087061273495558,4.087061273495558,4.087061273495558,4.087061273495558,4.087061273495558,4.087061273495558,4.087061273495558,4.087061273495558,4.087061273495558,4.087061273495558,4.087061273495558,4.087061273495558,4.087061273495558,4.087061273495558,4.087061273495558,4.087061273495558,4.087061273495558,4.087061273495558,4.087061273495558,4.087061273495558,4.087061273495558,4.087061273495558,4.087061273495558,4.087061273495558,4.087061273495558,4.087061273495558,4.087061273495558,4.087061273495558,4.087061273495558,4.087061273495558,4.087061273495558,4.087061273495558,4.087061273495558,4.087061273495558,4.087061273495558,4.087061273495558,4.087061273495558,4.087061273495558,4.087061273495558,4.087061273495558,4.087061273495558,4.087061273495558,4.087061273495558,4.087061273495558,4.087061273495558,4.087061273495558,4.087061273495558,4.087061273495558,4.087061273495558,4.087061273495558,4.087061273495558,4.087061273495558,4.087061273495558,4.087061273495558,4.087061273495558,4.087061273495558,4.087061273495558,4.087061273495558,4.087061273495558,4.087061273495558,4.087061273495558,4.087061273495558,4.087061273495558,4.087061273495558,4.087061273495558,4.087061273495558,4.087061273495558,4.087061273495558,4.087061273495558,4.087061273495558,4.087061273495558,8.36708808254663,8.36708808254663,8.36708808254663,7.904004619843172,7.904004619843172,7.904004619843172,7.904004619843172,7.904004619843172,7.904004619843172,7.904004619843172,7.904004619843172,7.904004619843172,5.2049919187199425,5.189364609614464,5.189364609614464,5.189364609614464,5.189364609614464,5.151425024415468,5.151425024415468,5.151425024415468,5.151425024415468,5.151425024415468,5.151425024415468,4.962916570313587,4.962916570313587,4.7182136645035895,4.7182136645035895,4.69441487611747,4.69441487611747,4.69441487611747,4.69441487611747,4.69441487611747,4.69441487611747,4.69441487611747,4.69441487611747,4.69441487611747,4.69441487611747,4.69441487611747,4.69441487611747,4.69441487611747,4.551855817308931,4.551855817308931,4.551855817308931,4.551855817308931,4.551855817308931,4.551855817308931,4.551855817308931,4.551855817308931,4.551855817308931,4.551855817308931,4.551855817308931,4.551855817308931,4.551855817308931,4.551855817308931,4.551855817308931,4.551855817308931,4.551855817308931,4.551855817308931,4.551855817308931,4.551855817308931,4.551855817308931,4.551855817308931,4.551855817308931,4.551855817308931,4.551855817308931,4.551855817308931,4.551855817308931,4.551855817308931,4.551855817308931,4.551855817308931,4.551855817308931,4.551855817308931,4.551855817308931,4.551855817308931,4.551855817308931,4.551855817308931,4.551855817308931,4.551855817308931,4.551855817308931,4.551855817308931,4.551855817308931,4.551855817308931,4.551855817308931,4.551855817308931,4.551855817308931,4.551855817308931,4.551855817308931,4.551855817308931,4.551855817308931,4.551855817308931,4.551855817308931,4.551855817308931,4.551855817308931,4.551855817308931,4.551855817308931,4.551855817308931,4.551855817308931,4.551855817308931,4.551855817308931,4.551855817308931,4.551855817308931,4.551855817308931,4.551855817308931,4.551855817308931,4.551855817308931,4.551855817308931,4.551855817308931,4.551855817308931,4.551855817308931,4.551855817308931,4.551855817308931,4.551855817308931,4.551855817308931,4.551855817308931,4.551855817308931,4.551855817308931,4.551855817308931,4.551855817308931,4.551855817308931,4.551855817308931,4.551855817308931,4.551855817308931,4.551855817308931,4.551855817308931,4.551855817308931,4.551855817308931,4.551855817308931,4.551855817308931,4.551855817308931,4.551855817308931,4.551855817308931,4.551855817308931,4.551855817308931,4.551855817308931,4.551855817308931,4.551855817308931,4.551855817308931,4.551855817308931,4.551855817308931,4.551855817308931,4.551855817308931,4.551855817308931,4.551855817308931,4.551855817308931,4.551855817308931,4.551855817308931,4.551855817308931,4.551855817308931,4.551855817308931,4.551855817308931,4.551855817308931,4.551855817308931,4.551855817308931,4.551855817308931,4.551855817308931,4.551855817308931,4.551855817308931,4.551855817308931,4.551855817308931,4.551855817308931,4.551855817308931,4.551855817308931,4.551855817308931,4.551855817308931,4.551855817308931,4.551855817308931,4.551855817308931,4.551855817308931,4.551855817308931,4.551855817308931,4.551855817308931,4.551855817308931,4.551855817308931,4.551855817308931,4.551855817308931,4.551855817308931,4.551855817308931,4.551855817308931,4.551855817308931,4.551855817308931,4.551855817308931,4.551855817308931,4.551855817308931,4.551855817308931,4.551855817308931,4.551855817308931,4.551855817308931,4.551855817308931,4.551855817308931,4.551855817308931,4.551855817308931,4.551855817308931,4.551855817308931,4.551855817308931,4.551855817308931,4.551855817308931,4.551855817308931,4.551855817308931,4.551855817308931,4.551855817308931,4.551855817308931,4.551855817308931,4.551855817308931,4.551855817308931,4.551855817308931,4.551855817308931,4.551855817308931,4.551855817308931,4.551855817308931,4.551855817308931,4.551855817308931,4.551855817308931,4.551855817308931,4.551855817308931,4.551855817308931,4.551855817308931,4.551855817308931,4.551855817308931,4.551855817308931,4.551855817308931,4.551855817308931,4.551855817308931,4.551855817308931,4.551855817308931,4.551855817308931,4.551855817308931,4.551855817308931,4.551855817308931,4.551855817308931,4.551855817308931,4.551855817308931,4.551855817308931,4.551855817308931,4.551855817308931,4.551855817308931,4.551855817308931,4.551855817308931,4.551855817308931,4.551855817308931,4.551855817308931,4.551855817308931,4.551855817308931,4.551855817308931,4.551855817308931,4.551855817308931,4.551855817308931,4.551855817308931,4.551855817308931,4.551855817308931,4.551855817308931,4.551855817308931,4.551855817308931,4.551855817308931,4.551855817308931,4.551855817308931,4.551855817308931,4.551855817308931,4.551855817308931,4.551855817308931,4.551855817308931,4.551855817308931,4.551855817308931,4.551855817308931,4.551855817308931,4.551855817308931,4.551855817308931,4.551855817308931,4.551855817308931,4.551855817308931,4.551855817308931,4.551855817308931,4.551855817308931,4.551855817308931,4.551855817308931,4.551855817308931,4.551855817308931,4.551855817308931,4.551855817308931,4.551855817308931,4.551855817308931,4.551855817308931,4.551855817308931,4.551855817308931,4.551855817308931,4.551855817308931,4.551855817308931,4.551855817308931,4.551855817308931,4.551855817308931,4.551855817308931,4.551855817308931,4.551855817308931,4.551855817308931,4.551855817308931,4.551855817308931,4.551855817308931,4.551855817308931,4.551855817308931,4.551855817308931,4.551855817308931,4.551855817308931,4.551855817308931,4.551855817308931,4.551855817308931,4.551855817308931,4.551855817308931,4.551855817308931,4.551855817308931,4.551855817308931,4.551855817308931,4.551855817308931,4.551855817308931,4.551855817308931,4.551855817308931,4.551855817308931,4.551855817308931,4.551855817308931,4.551855817308931,4.551855817308931,4.551855817308931,4.551855817308931,4.551855817308931,4.551855817308931,4.551855817308931,4.551855817308931,4.551855817308931,4.551855817308931,4.551855817308931,4.551855817308931,4.551855817308931,4.551855817308931,4.551855817308931,4.551855817308931,4.551855817308931,4.551855817308931,4.551855817308931,4.551855817308931,4.551855817308931,4.551855817308931,4.551855817308931,4.551855817308931,4.551855817308931,4.551855817308931,4.551855817308931,4.551855817308931,4.551855817308931,4.551855817308931,4.551855817308931,4.551855817308931,4.551855817308931,4.551855817308931,4.551855817308931,4.551855817308931,4.551855817308931,4.551855817308931,4.551855817308931,4.551855817308931,4.551855817308931,4.551855817308931,4.551855817308931,4.551855817308931,4.551855817308931,4.551855817308931,4.551855817308931,4.551855817308931,4.551855817308931,4.551855817308931,4.551855817308931,4.551855817308931,4.551855817308931,4.551855817308931,4.551855817308931,4.551855817308931,4.551855817308931,4.551855817308931,4.551855817308931,4.551855817308931,4.551855817308931,4.551855817308931,4.551855817308931,4.551855817308931,4.551855817308931,4.551855817308931,4.551855817308931,4.551855817308931,4.551855817308931,4.551855817308931,4.551855817308931,4.551855817308931,4.551855817308931,4.551855817308931,4.551855817308931,4.551855817308931,4.551855817308931,4.551855817308931,4.551855817308931,4.551855817308931,4.551855817308931,4.551855817308931,4.551855817308931,4.551855817308931,4.551855817308931,4.551855817308931,4.551855817308931,4.551855817308931,4.551855817308931,4.551855817308931,4.551855817308931,4.551855817308931,4.551855817308931,4.551855817308931,4.551855817308931,4.551855817308931,4.551855817308931,4.551855817308931,4.551855817308931,4.551855817308931,4.551855817308931,4.551855817308931,4.551855817308931,4.551855817308931,4.551855817308931,4.551855817308931,4.551855817308931,4.551855817308931,4.551855817308931,4.551855817308931,4.551855817308931,4.551855817308931,4.551855817308931,4.551855817308931,4.551855817308931,4.551855817308931,4.551855817308931,4.551855817308931,4.551855817308931,4.551855817308931,4.551855817308931,4.551855817308931,4.551855817308931,4.551855817308931,4.551855817308931,4.551855817308931,4.551855817308931,4.551855817308931,4.551855817308931,4.551855817308931,4.551855817308931,4.551855817308931,4.551855817308931,4.551855817308931,4.551855817308931,4.551855817308931,4.551855817308931,4.551855817308931,4.551855817308931,4.551855817308931,4.551855817308931,4.551855817308931,4.551855817308931,4.551855817308931,4.551855817308931,4.551855817308931,4.551855817308931,4.551855817308931,4.551855817308931,4.551855817308931,4.551855817308931,4.551855817308931,4.551855817308931,4.551855817308931,4.551855817308931,4.551855817308931,4.551855817308931,4.551855817308931,4.551855817308931,4.551855817308931,4.551855817308931,4.551855817308931,4.551855817308931,4.551855817308931,4.551855817308931,4.551855817308931,4.551855817308931,4.551855817308931,4.551855817308931,4.551855817308931,4.551855817308931,4.551855817308931,4.551855817308931,4.551855817308931,4.551855817308931,4.551855817308931,4.551855817308931,4.551855817308931,4.551855817308931,4.551855817308931,4.551855817308931,4.551855817308931,4.551855817308931,4.551855817308931,4.551855817308931,4.551855817308931,4.551855817308931,4.551855817308931,4.551855817308931,4.551855817308931,4.551855817308931,4.551855817308931,4.551855817308931,4.551855817308931,4.551855817308931,4.551855817308931,4.551855817308931,4.551855817308931,4.551855817308931,4.551855817308931,4.551855817308931,4.551855817308931,4.551855817308931,4.551855817308931,4.551855817308931,4.551855817308931,4.551855817308931,4.551855817308931,4.551855817308931,4.551855817308931,4.551855817308931,4.551855817308931,4.551855817308931,4.551855817308931,4.551855817308931,4.551855817308931,4.551855817308931,4.551855817308931,4.551855817308931,4.551855817308931,4.551855817308931,4.551855817308931,4.551855817308931,4.551855817308931,4.551855817308931,4.551855817308931,4.551855817308931,4.551855817308931,4.551855817308931,4.551855817308931,4.551855817308931,4.551855817308931,4.551855817308931,4.551855817308931,4.551855817308931,4.551855817308931,4.551855817308931,4.551855817308931,4.551855817308931,4.551855817308931,4.551855817308931,4.551855817308931,4.551855817308931,4.551855817308931,4.551855817308931,4.551855817308931,4.551855817308931,4.551855817308931,4.551855817308931,4.551855817308931,4.551855817308931,4.551855817308931,4.551855817308931,4.551855817308931,4.551855817308931,4.551855817308931,4.551855817308931,4.551855817308931,4.551855817308931,4.551855817308931,4.551855817308931,4.551855817308931,4.551855817308931,4.551855817308931,4.551855817308931,4.551855817308931,4.551855817308931,4.551855817308931,4.551855817308931,4.551855817308931,4.551855817308931,4.551855817308931,4.551855817308931,4.551855817308931,4.551855817308931,4.551855817308931,4.551855817308931,4.551855817308931,4.551855817308931,4.551855817308931,4.551855817308931,4.551855817308931,4.551855817308931,4.551855817308931,4.551855817308931,4.551855817308931,4.551855817308931,4.551855817308931,4.551855817308931,4.551855817308931,4.551855817308931,4.551855817308931,4.551855817308931,4.551855817308931,4.551855817308931,4.551855817308931,4.551855817308931,4.551855817308931,4.551855817308931,4.551855817308931,4.551855817308931,4.551855817308931,4.551855817308931,4.551855817308931,4.551855817308931,4.551855817308931,4.551855817308931,4.551855817308931,4.551855817308931,4.551855817308931,4.551855817308931,4.551855817308931,4.551855817308931,4.551855817308931,4.551855817308931,4.551855817308931,4.551855817308931,4.551855817308931,4.551855817308931,4.551855817308931,4.551855817308931,4.551855817308931,4.551855817308931,4.551855817308931,4.551855817308931,4.551855817308931,4.551855817308931,4.551855817308931,4.551855817308931,4.551855817308931,4.551855817308931,4.551855817308931,4.551855817308931,4.551855817308931,4.551855817308931,4.551855817308931,4.551855817308931,4.551855817308931,4.551855817308931,4.551855817308931,4.551855817308931,4.551855817308931,4.551855817308931,4.551855817308931,4.551855817308931,4.551855817308931,4.551855817308931,4.551855817308931,4.551855817308931,4.551855817308931,4.551855817308931,4.551855817308931,4.551855817308931,4.551855817308931,4.551855817308931,4.551855817308931,4.551855817308931,4.551855817308931,4.551855817308931,4.551855817308931,4.551855817308931,4.551855817308931,4.551855817308931,4.551855817308931,4.551855817308931,4.551855817308931,4.551855817308931,4.551855817308931,4.551855817308931,4.551855817308931,4.551855817308931,4.551855817308931,4.551855817308931,4.551855817308931,4.551855817308931,4.551855817308931,4.551855817308931,4.551855817308931,4.551855817308931,4.551855817308931,4.551855817308931,4.551855817308931,4.551855817308931,4.551855817308931,4.551855817308931,4.551855817308931,4.551855817308931,4.551855817308931,4.551855817308931,4.551855817308931,4.551855817308931,4.551855817308931,4.551855817308931,4.551855817308931,4.551855817308931,4.551855817308931,4.551855817308931,4.551855817308931,4.551855817308931,4.551855817308931,4.551855817308931,4.551855817308931,4.551855817308931,4.551855817308931,4.551855817308931,4.551855817308931,4.551855817308931,4.551855817308931,4.551855817308931,4.551855817308931,4.551855817308931,4.551855817308931,4.551855817308931,4.551855817308931,4.551855817308931,4.551855817308931,4.551855817308931,4.551855817308931,4.551855817308931,4.551855817308931,4.551855817308931,4.551855817308931,4.551855817308931,4.551855817308931,4.551855817308931,4.551855817308931,4.551855817308931,4.551855817308931,4.551855817308931,4.551855817308931,4.551855817308931,4.551855817308931,4.551855817308931,4.551855817308931,4.551855817308931,4.551855817308931,4.551855817308931,4.551855817308931,4.551855817308931,4.551855817308931,4.551855817308931,4.551855817308931,4.551855817308931,4.551855817308931,4.551855817308931,4.551855817308931,4.551855817308931,4.551855817308931,4.551855817308931,4.551855817308931,4.551855817308931,4.551855817308931,4.551855817308931,4.551855817308931,4.551855817308931,4.551855817308931,4.551855817308931,4.551855817308931,4.551855817308931,4.551855817308931,4.551855817308931,4.551855817308931,4.551855817308931,4.551855817308931,4.551855817308931,4.551855817308931,4.551855817308931,4.551855817308931,4.551855817308931,4.551855817308931,4.551855817308931,4.551855817308931,4.551855817308931,4.551855817308931,4.551855817308931,4.551855817308931,4.551855817308931,4.551855817308931,4.551855817308931,4.551855817308931,4.551855817308931,4.551855817308931,4.551855817308931,4.551855817308931,4.551855817308931,4.551855817308931,4.551855817308931,4.551855817308931,4.551855817308931,4.551855817308931,4.551855817308931,4.551855817308931,4.551855817308931,4.551855817308931,4.551855817308931,4.551855817308931,4.551855817308931,4.551855817308931,4.551855817308931,4.551855817308931,4.551855817308931,4.551855817308931,4.551855817308931,4.551855817308931,4.551855817308931,4.551855817308931,4.551855817308931,4.551855817308931,4.551855817308931,4.551855817308931,4.551855817308931,4.551855817308931,4.551855817308931,4.551855817308931,4.551855817308931,4.551855817308931,4.551855817308931,4.551855817308931,4.551855817308931,4.551855817308931,4.551855817308931,4.551855817308931,4.551855817308931,4.551855817308931,4.551855817308931,4.551855817308931,4.551855817308931,4.551855817308931,4.551855817308931,4.551855817308931,4.551855817308931,4.551855817308931,4.551855817308931,4.551855817308931,4.551855817308931,4.551855817308931,4.551855817308931,4.551855817308931,4.551855817308931,4.551855817308931,4.551855817308931,4.551855817308931,4.551855817308931,4.551855817308931,4.551855817308931,4.551855817308931,4.551855817308931,4.551855817308931,4.551855817308931,4.551855817308931,4.551855817308931,4.551855817308931,4.551855817308931,4.551855817308931,4.551855817308931,4.551855817308931,4.551855817308931,4.551855817308931,4.551855817308931,4.551855817308931,4.551855817308931,4.551855817308931,4.551855817308931,4.551855817308931,4.551855817308931,4.551855817308931,4.551855817308931,4.551855817308931,4.551855817308931,4.551855817308931,4.551855817308931,4.551855817308931,4.551855817308931,4.551855817308931,4.551855817308931,4.551855817308931,4.551855817308931,4.551855817308931,4.551855817308931,4.551855817308931,4.551855817308931,4.551855817308931,4.551855817308931,4.551855817308931,4.551855817308931,4.551855817308931,4.551855817308931,4.551855817308931,4.551855817308931,4.551855817308931,4.551855817308931,4.551855817308931,4.551855817308931,4.551855817308931,4.551855817308931,4.551855817308931,4.551855817308931,4.551855817308931,4.551855817308931,4.551855817308931,4.551855817308931,4.551855817308931,4.551855817308931,4.551855817308931,4.551855817308931,4.551855817308931,4.551855817308931,4.551855817308931,4.551855817308931,4.551855817308931,4.551855817308931,4.551855817308931,4.551855817308931,4.551855817308931,4.551855817308931,4.551855817308931,4.551855817308931,4.551855817308931,4.551855817308931,4.551855817308931,4.551855817308931,4.551855817308931,4.551855817308931,4.551855817308931,4.551855817308931,4.551855817308931,4.551855817308931,4.551855817308931,4.551855817308931,4.551855817308931,4.551855817308931,4.551855817308931,4.551855817308931,4.551855817308931,4.551855817308931,4.551855817308931,4.551855817308931,4.551855817308931,4.551855817308931,4.551855817308931,4.551855817308931,4.551855817308931,4.551855817308931,4.551855817308931,4.551855817308931,4.551855817308931,4.551855817308931,4.551855817308931,4.551855817308931,4.551855817308931,4.551855817308931,4.551855817308931,4.551855817308931,4.551855817308931,4.551855817308931,4.551855817308931,4.551855817308931,4.551855817308931,4.551855817308931,4.551855817308931,4.551855817308931,4.551855817308931,4.551855817308931,4.551855817308931,4.551855817308931,4.551855817308931,4.551855817308931,4.551855817308931,4.551855817308931,4.551855817308931,4.551855817308931,4.551855817308931,4.551855817308931,4.551855817308931,4.551855817308931,4.551855817308931,4.551855817308931,4.551855817308931,4.551855817308931,4.551855817308931,4.551855817308931,4.551855817308931,4.551855817308931,9.002571668314351,8.354089080882147,8.354089080882147,8.354089080882147,8.354089080882147,8.354089080882147,8.354089080882147,8.354089080882147,8.349073361505717,7.950104896242032,7.950104896242032,7.897487751638522,7.897487751638522,7.897487751638522,7.788527871362081,7.788527871362081,7.788527871362081,7.788527871362081,7.788527871362081,7.788527871362081,7.788527871362081,7.788527871362081,7.788527871362081,7.788527871362081,7.788527871362081,7.788527871362081,7.788527871362081,7.788527871362081,7.788527871362081,7.788527871362081,7.788527871362081,7.788527871362081,7.788527871362081,7.788527871362081,7.788527871362081,7.788527871362081,7.788527871362081,7.393365684976713,7.393365684976713,7.393365684976713,7.393365684976713,7.393365684976713,7.393365684976713,7.393365684976713,7.393365684976713,7.393365684976713,7.393365684976713,7.393365684976713,7.3867707287213875,7.3867707287213875,7.3867707287213875,7.3867707287213875,7.3867707287213875,7.3867707287213875,7.3867707287213875,7.3867707287213875,7.3867707287213875,7.3867707287213875,7.3867707287213875,7.3867707287213875,7.3867707287213875,7.3867707287213875,7.3867707287213875,7.3867707287213875,7.3867707287213875,7.3867707287213875,7.3867707287213875,7.3867707287213875,7.3867707287213875,7.3867707287213875,7.3867707287213875,7.3867707287213875,7.3867707287213875,7.3867707287213875,7.3867707287213875,7.3867707287213875,7.3867707287213875,7.3867707287213875,7.3867707287213875,7.3867707287213875,7.3867707287213875,7.3867707287213875,7.3867707287213875,7.3867707287213875,7.3867707287213875,7.3867707287213875,7.3867707287213875,7.3867707287213875,7.3867707287213875,7.3867707287213875,7.3867707287213875,7.3867707287213875,7.3867707287213875,7.3867707287213875,7.3867707287213875,7.3867707287213875,7.3867707287213875,7.3867707287213875,7.3867707287213875,7.3867707287213875,7.3867707287213875,7.3867707287213875,7.3867707287213875,7.3867707287213875,7.3867707287213875,7.3867707287213875,7.244272117123944,7.244272117123944,7.244272117123944,7.244272117123944,7.244272117123944,7.244272117123944,7.244272117123944,7.244272117123944,7.244272117123944,7.244272117123944,7.244272117123944,7.244272117123944,7.244272117123944,7.244272117123944,7.244272117123944,7.244272117123944,7.244272117123944,7.244272117123944,7.244272117123944,7.244272117123944,7.244272117123944,7.244272117123944,7.244272117123944,7.244272117123944,7.244272117123944,7.244272117123944,7.244272117123944,7.244272117123944,7.244272117123944,7.244272117123944,7.244272117123944,7.244272117123944,7.244272117123944,7.244272117123944,7.244272117123944,7.244272117123944,7.244272117123944,7.244272117123944,7.244272117123944,7.244272117123944,6.974017937383077,6.13107750023399,5.988459985897154,5.988459985897154,5.988459985897154,5.988459985897154,5.988459985897154,5.988459985897154,5.988459985897154,5.988459985897154,5.988459985897154,5.461386380813702,5.461386380813702,5.419658280062209,5.419658280062209,5.38189623442354,5.38189623442354,5.38189623442354,5.187797381180173,5.187797381180173,5.187797381180173,5.187797381180173,5.187797381180173,5.187797381180173,5.187797381180173,5.187797381180173,5.187797381180173,5.187797381180173,5.187797381180173,5.187797381180173,5.187797381180173,5.187797381180173,5.187797381180173,5.187797381180173,5.187797381180173,5.187797381180173,5.187797381180173,4.9805144242025134,4.9805144242025134,4.9805144242025134,4.9805144242025134,4.9805144242025134,4.9805144242025134,4.9045315474301425,4.9045315474301425,4.890836217633963,4.890836217633963,4.890836217633963,4.890836217633963,4.890836217633963,4.890836217633963,4.890836217633963,4.890836217633963,4.890836217633963,4.890836217633963,4.890836217633963,4.890836217633963,4.890836217633963,4.890836217633963,4.890836217633963,4.890836217633963,4.890836217633963,4.890836217633963,4.890836217633963,4.890836217633963,4.890836217633963,4.890836217633963,4.890836217633963,4.890836217633963,4.890836217633963,4.890836217633963,4.890836217633963,4.890836217633963,4.890836217633963,4.890836217633963,4.890836217633963,4.890836217633963,4.890836217633963,4.890836217633963,4.890836217633963,4.890836217633963,4.890836217633963,4.890836217633963,4.890836217633963,4.890836217633963,4.890836217633963,4.890836217633963,4.890836217633963,4.890836217633963,4.890836217633963,4.890836217633963,4.890836217633963,4.890836217633963,4.890836217633963,4.890836217633963,4.890836217633963,4.890836217633963,4.890836217633963,4.890836217633963,4.890836217633963,4.890836217633963,4.890836217633963,4.890836217633963,4.890836217633963,4.890836217633963,4.890836217633963,4.890836217633963,4.890836217633963,4.890836217633963,4.890836217633963,4.890836217633963,4.890836217633963,4.890836217633963,4.890836217633963,4.890836217633963,4.890836217633963,4.890836217633963,4.890836217633963,4.890836217633963,4.890836217633963,4.890836217633963,4.890836217633963,4.890836217633963,4.890836217633963,4.890836217633963,4.890836217633963,4.890836217633963,4.890836217633963,4.890836217633963,4.890836217633963,4.890836217633963,4.890836217633963,4.890836217633963,4.890836217633963,4.890836217633963,4.890836217633963,4.890836217633963,4.890836217633963,4.890836217633963,4.890836217633963,4.890836217633963,4.890836217633963,4.890836217633963,4.890836217633963,4.890836217633963,4.890836217633963,4.890836217633963,4.890836217633963,4.890836217633963,4.890836217633963,4.890836217633963,4.890836217633963,4.890836217633963,4.890836217633963,4.890836217633963,4.890836217633963,4.890836217633963,4.890836217633963,4.890836217633963,4.890836217633963,4.890836217633963,4.890836217633963,4.890836217633963,4.890836217633963,4.890836217633963,4.890836217633963,4.890836217633963,4.890836217633963,4.890836217633963,4.890836217633963,4.890836217633963,4.890836217633963,4.890836217633963,4.890836217633963,4.890836217633963,4.890836217633963,4.890836217633963,4.890836217633963,4.890836217633963,4.890836217633963,4.890836217633963,4.890836217633963,4.890836217633963,4.890836217633963,4.890836217633963,4.890836217633963,4.890836217633963,4.890836217633963,4.890836217633963,4.890836217633963,4.890836217633963,4.890836217633963,4.890836217633963,4.890836217633963,4.890836217633963,4.890836217633963,4.890836217633963,4.890836217633963,4.890836217633963,4.890836217633963,4.890836217633963,4.890836217633963,4.890836217633963,4.890836217633963,4.890836217633963,4.890836217633963,4.890836217633963,4.890836217633963,4.890836217633963,4.890836217633963,4.890836217633963,4.890836217633963,4.890836217633963,4.890836217633963,4.890836217633963,4.890836217633963,4.890836217633963,4.890836217633963,4.890836217633963,4.890836217633963,4.890836217633963,4.890836217633963,4.890836217633963,4.890836217633963,4.890836217633963,4.890836217633963,4.890836217633963,4.890836217633963,4.890836217633963,4.890836217633963,4.890836217633963,4.890836217633963,4.890836217633963,4.890836217633963,4.890836217633963,4.890836217633963,4.890836217633963,4.890836217633963,4.890836217633963,4.890836217633963,4.890836217633963,4.890836217633963,4.890836217633963,4.890836217633963,4.890836217633963,4.890836217633963,4.890836217633963,4.890836217633963,4.890836217633963,4.890836217633963,4.890836217633963,4.890836217633963,4.890836217633963,4.890836217633963,4.890836217633963,4.890836217633963,4.890836217633963,4.890836217633963,4.890836217633963,4.890836217633963,4.890836217633963,4.890836217633963,4.890836217633963,4.890836217633963,4.890836217633963,4.890836217633963,4.890836217633963,4.890836217633963,4.890836217633963,4.890836217633963,4.890836217633963,4.890836217633963,4.890836217633963,4.890836217633963,4.890836217633963,4.890836217633963,4.890836217633963,4.890836217633963,4.890836217633963,4.890836217633963,4.890836217633963,4.890836217633963,4.890836217633963,4.890836217633963,4.890836217633963,4.890836217633963,4.890836217633963,4.890836217633963,4.890836217633963,4.890836217633963,4.890836217633963,4.890836217633963,4.890836217633963,4.890836217633963,4.890836217633963,4.890836217633963,4.890836217633963,4.890836217633963,4.890836217633963,4.890836217633963,4.890836217633963,4.890836217633963,4.890836217633963,4.890836217633963,4.890836217633963,4.890836217633963,4.890836217633963,4.890836217633963,4.890836217633963,4.890836217633963,4.890836217633963,4.890836217633963,4.890836217633963,4.890836217633963,4.890836217633963,4.890836217633963,4.890836217633963,4.890836217633963,4.890836217633963,4.890836217633963,4.890836217633963,4.890836217633963,4.890836217633963,4.890836217633963,4.890836217633963,4.890836217633963,4.890836217633963,4.890836217633963,4.890836217633963,4.890836217633963,4.890836217633963,4.890836217633963,4.890836217633963,4.890836217633963,4.890836217633963,4.890836217633963,4.890836217633963,4.890836217633963,4.890836217633963,4.890836217633963,4.890836217633963,4.890836217633963,4.890836217633963,4.890836217633963,4.890836217633963,4.890836217633963,4.890836217633963,4.890836217633963,4.890836217633963,4.890836217633963,4.890836217633963,4.890836217633963,4.890836217633963,4.890836217633963,4.890836217633963,4.890836217633963,4.890836217633963,4.890836217633963,4.890836217633963,4.890836217633963,4.890836217633963,4.890836217633963,4.890836217633963,4.890836217633963,4.890836217633963,4.890836217633963,4.890836217633963,4.890836217633963,4.890836217633963,4.890836217633963,4.890836217633963,4.890836217633963,4.890836217633963,4.890836217633963,4.890836217633963,4.890836217633963,4.890836217633963,4.890836217633963,4.890836217633963,4.890836217633963,4.890836217633963,4.890836217633963,4.890836217633963,4.890836217633963,4.890836217633963,4.890836217633963,4.890836217633963,4.890836217633963,4.890836217633963,4.890836217633963,4.890836217633963,4.890836217633963,4.890836217633963,4.890836217633963,4.890836217633963,4.890836217633963,4.890836217633963,4.890836217633963,4.890836217633963,4.890836217633963,4.890836217633963,4.890836217633963,4.890836217633963,4.890836217633963,4.890836217633963,4.890836217633963,4.890836217633963,4.890836217633963,4.890836217633963,4.890836217633963,4.890836217633963,4.890836217633963,4.890836217633963,4.890836217633963,4.890836217633963,4.890836217633963,4.890836217633963,4.890836217633963,4.890836217633963,4.890836217633963,4.890836217633963,4.890836217633963,4.890836217633963,4.890836217633963,4.890836217633963,4.890836217633963,4.890836217633963,4.890836217633963,4.890836217633963,4.890836217633963,4.890836217633963,4.890836217633963,4.890836217633963,4.890836217633963,4.890836217633963,4.890836217633963,4.890836217633963,4.890836217633963,4.890836217633963,4.890836217633963,4.890836217633963,4.890836217633963,4.890836217633963,4.890836217633963,4.890836217633963,4.890836217633963,4.890836217633963,4.890836217633963,4.890836217633963,4.890836217633963,4.890836217633963,4.890836217633963,4.890836217633963,4.890836217633963,4.890836217633963,4.890836217633963,4.890836217633963,4.890836217633963,4.890836217633963,4.890836217633963,4.890836217633963,4.890836217633963,4.890836217633963,4.890836217633963,4.890836217633963,4.890836217633963,4.890836217633963,4.890836217633963,4.890836217633963,4.890836217633963,4.890836217633963,4.890836217633963,4.890836217633963,4.890836217633963,4.890836217633963,4.890836217633963,4.890836217633963,4.890836217633963,4.890836217633963,4.890836217633963,4.890836217633963,4.890836217633963,4.890836217633963,4.890836217633963,4.890836217633963,4.890836217633963,4.890836217633963,4.890836217633963,4.890836217633963,4.890836217633963,4.890836217633963,4.890836217633963,4.890836217633963,4.890836217633963,4.890836217633963,4.890836217633963,4.890836217633963,4.890836217633963,4.890836217633963,4.890836217633963,4.890836217633963,4.890836217633963,4.890836217633963,4.890836217633963,4.890836217633963,4.890836217633963,4.890836217633963,4.890836217633963,4.890836217633963,4.890836217633963,4.890836217633963,4.890836217633963,4.890836217633963,4.890836217633963,4.890836217633963,4.890836217633963,4.890836217633963,4.890836217633963,4.890836217633963,4.890836217633963,4.890836217633963,4.890836217633963,4.890836217633963,4.890836217633963,4.890836217633963,4.890836217633963,4.890836217633963,4.890836217633963,4.890836217633963,4.890836217633963,4.890836217633963,4.890836217633963,4.890836217633963,4.890836217633963,4.890836217633963,4.890836217633963,4.890836217633963,4.890836217633963,4.890836217633963,4.890836217633963,4.890836217633963,4.890836217633963,4.890836217633963,4.890836217633963,4.890836217633963,4.890836217633963,4.890836217633963,4.890836217633963,4.890836217633963,4.890836217633963,4.890836217633963,4.890836217633963,4.890836217633963,4.890836217633963,4.890836217633963,4.890836217633963,4.890836217633963,4.890836217633963,4.890836217633963,4.890836217633963,4.890836217633963,4.890836217633963,4.890836217633963,4.890836217633963,4.890836217633963,4.890836217633963,4.890836217633963,4.890836217633963,4.890836217633963,4.890836217633963,4.890836217633963,4.890836217633963,4.890836217633963,4.890836217633963,4.890836217633963,4.890836217633963,4.890836217633963,4.890836217633963,4.890836217633963,4.890836217633963,4.890836217633963,4.890836217633963,4.890836217633963,4.890836217633963,4.890836217633963,4.890836217633963,4.890836217633963,4.890836217633963,4.890836217633963,4.890836217633963,4.890836217633963,4.890836217633963,4.890836217633963,4.890836217633963,4.890836217633963,4.890836217633963,4.890836217633963,4.890836217633963,4.890836217633963,4.890836217633963,4.890836217633963,4.890836217633963,4.890836217633963,4.890836217633963,4.890836217633963,4.890836217633963,4.890836217633963,4.890836217633963,4.890836217633963,4.890836217633963,4.890836217633963,4.890836217633963,4.890836217633963,4.890836217633963,4.890836217633963,4.890836217633963,4.890836217633963,4.890836217633963,4.890836217633963,4.890836217633963,4.890836217633963,4.890836217633963,4.890836217633963,4.890836217633963,4.890836217633963,4.890836217633963,4.890836217633963,4.890836217633963,4.890836217633963,4.890836217633963,4.890836217633963,4.890836217633963,4.890836217633963,4.890836217633963,4.890836217633963,4.890836217633963,4.890836217633963,4.890836217633963,4.890836217633963,4.890836217633963,4.890836217633963,4.890836217633963,4.890836217633963,4.890836217633963,4.890836217633963,4.890836217633963,4.890836217633963,4.890836217633963,4.890836217633963,4.890836217633963,4.890836217633963,4.890836217633963,4.890836217633963,4.890836217633963,4.890836217633963,4.890836217633963,4.890836217633963,4.890836217633963,4.890836217633963,4.890836217633963,4.890836217633963,4.890836217633963,4.890836217633963,4.890836217633963,4.890836217633963,4.890836217633963,4.890836217633963,4.890836217633963,4.890836217633963,4.890836217633963,4.890836217633963,4.890836217633963,4.890836217633963,4.890836217633963,4.890836217633963,4.890836217633963,4.890836217633963,4.890836217633963,4.890836217633963,4.890836217633963,4.890836217633963,4.890836217633963,4.890836217633963,4.890836217633963,4.890836217633963,4.890836217633963,4.890836217633963,4.890836217633963,4.890836217633963,4.890836217633963,4.890836217633963,4.890836217633963,4.890836217633963,4.890836217633963,4.890836217633963,4.890836217633963,4.890836217633963,4.890836217633963,4.890836217633963,4.890836217633963,4.890836217633963,4.890836217633963,4.890836217633963,4.890836217633963,4.890836217633963,4.890836217633963,4.890836217633963,4.890836217633963,4.890836217633963,4.890836217633963,4.890836217633963,4.890836217633963,4.890836217633963,4.890836217633963,4.890836217633963,4.890836217633963,4.890836217633963,4.890836217633963,4.890836217633963,4.890836217633963,4.890836217633963,4.890836217633963,4.890836217633963,4.890836217633963,4.890836217633963,4.890836217633963,4.890836217633963,4.890836217633963,4.890836217633963,4.890836217633963,4.890836217633963,4.890836217633963,4.890836217633963,4.890836217633963,4.890836217633963,4.890836217633963,4.890836217633963,4.890836217633963,4.890836217633963,4.890836217633963,4.890836217633963,4.890836217633963,4.890836217633963,4.890836217633963,4.890836217633963,4.890836217633963,4.890836217633963,4.890836217633963,4.890836217633963,4.890836217633963,4.890836217633963,4.890836217633963,4.890836217633963,4.890836217633963,4.890836217633963,4.890836217633963,4.890836217633963,4.890836217633963,4.890836217633963,4.890836217633963,4.890836217633963,4.890836217633963,4.890836217633963,4.890836217633963,4.890836217633963,4.890836217633963,4.890836217633963,4.890836217633963,4.890836217633963,4.890836217633963,4.890836217633963,4.890836217633963,4.890836217633963,4.890836217633963,4.890836217633963,4.890836217633963,4.890836217633963,4.890836217633963,4.890836217633963,4.890836217633963,4.890836217633963,4.890836217633963,4.890836217633963,4.890836217633963,4.890836217633963,4.890836217633963,4.890836217633963,4.890836217633963,4.890836217633963,4.890836217633963,4.890836217633963,4.890836217633963,4.890836217633963,4.890836217633963,4.890836217633963,4.890836217633963,4.890836217633963,4.890836217633963,4.890836217633963,4.890836217633963,4.890836217633963,4.890836217633963,4.890836217633963,4.890836217633963,4.890836217633963,4.890836217633963,4.890836217633963,4.890836217633963,4.890836217633963,4.890836217633963,4.890836217633963,4.890836217633963,4.890836217633963,4.890836217633963,4.890836217633963,4.890836217633963,4.890836217633963,4.890836217633963,4.890836217633963,4.890836217633963,4.890836217633963,4.890836217633963,4.890836217633963,4.890836217633963,4.890836217633963,4.890836217633963,4.890836217633963,4.890836217633963,4.890836217633963,4.890836217633963,4.890836217633963,4.890836217633963,4.890836217633963,4.890836217633963,4.890836217633963,4.890836217633963,4.890836217633963,4.890836217633963,4.890836217633963,4.890836217633963,4.890836217633963,4.890836217633963,4.890836217633963,4.890836217633963,4.890836217633963,4.890836217633963,4.890836217633963,4.890836217633963,4.890836217633963,4.890836217633963,4.890836217633963,4.890836217633963,4.890836217633963,4.890836217633963,7.4697600348071935,6.989024920819703,6.473580362282685,6.473580362282685,6.473580362282685,6.473580362282685,5.93631678650388,5.93631678650388,5.93631678650388,5.93631678650388,5.93631678650388,5.93631678650388,5.93631678650388,5.93631678650388,5.93631678650388,5.93631678650388,5.93631678650388,5.93631678650388,5.93631678650388,5.93631678650388,5.93631678650388,5.93631678650388,5.93631678650388,5.93631678650388,5.93631678650388,5.93631678650388,5.93631678650388,5.93631678650388,5.93631678650388,5.93631678650388,5.93631678650388,5.93631678650388,5.93631678650388,5.93631678650388,5.93631678650388,5.93631678650388,5.93631678650388,5.93631678650388,5.93631678650388,5.93631678650388,5.93631678650388,5.93631678650388,5.93631678650388,5.93631678650388,5.93631678650388,5.93631678650388,5.93631678650388,5.93631678650388,5.93631678650388,5.93631678650388,5.93631678650388,5.93631678650388,5.93631678650388,5.93631678650388,5.93631678650388,5.93631678650388,5.93631678650388,5.93631678650388,5.93631678650388,5.93631678650388,5.93631678650388,5.93631678650388,5.93631678650388,5.93631678650388,5.93631678650388,5.93631678650388,5.93631678650388,5.93631678650388,5.93631678650388,5.93631678650388,5.93631678650388,5.93631678650388,5.93631678650388,5.93631678650388,5.93631678650388,5.93631678650388,5.93631678650388,5.93631678650388,5.93631678650388,5.93631678650388,5.93631678650388,5.93631678650388,5.93631678650388,5.93631678650388,5.93631678650388,5.93631678650388,5.93631678650388,5.93631678650388,5.93631678650388,5.93631678650388,5.93631678650388,5.93631678650388,5.3846072523169015,5.3846072523169015,5.3846072523169015,5.3846072523169015,5.3846072523169015,5.3846072523169015,5.3846072523169015,5.3846072523169015,5.3846072523169015,5.3846072523169015,5.3846072523169015,5.3846072523169015,5.3846072523169015,5.3846072523169015,5.3846072523169015,5.258737110052772,5.258737110052772,5.258737110052772,5.022203345353347,5.022203345353347,5.022203345353347,5.022203345353347,5.022203345353347,5.022203345353347,5.022203345353347,5.022203345353347,5.022203345353347,5.022203345353347,5.022203345353347,5.022203345353347,5.022203345353347,5.022203345353347,5.022203345353347,5.022203345353347,5.022203345353347,5.022203345353347,5.022203345353347,5.022203345353347,5.022203345353347,5.022203345353347,5.022203345353347,5.022203345353347,5.022203345353347,5.022203345353347,5.022203345353347,5.022203345353347,5.022203345353347,5.022203345353347,5.022203345353347,5.022203345353347,5.022203345353347,5.022203345353347,5.022203345353347,5.022203345353347,5.022203345353347,5.022203345353347,5.022203345353347,5.022203345353347,5.022203345353347,5.022203345353347,5.022203345353347,5.022203345353347,5.022203345353347,5.022203345353347,5.022203345353347,5.022203345353347,5.022203345353347,5.022203345353347,5.022203345353347,5.022203345353347,5.022203345353347,5.022203345353347,5.022203345353347,5.022203345353347,5.022203345353347,5.022203345353347,5.022203345353347,5.022203345353347,5.022203345353347,5.022203345353347,5.022203345353347,5.022203345353347,5.022203345353347,5.022203345353347,5.022203345353347,5.022203345353347,5.022203345353347,5.022203345353347,5.022203345353347,5.022203345353347,5.022203345353347,5.022203345353347,5.022203345353347,5.022203345353347,5.022203345353347,5.022203345353347,5.022203345353347,5.022203345353347,5.022203345353347,5.022203345353347,5.022203345353347,5.022203345353347,5.022203345353347,5.022203345353347,5.022203345353347,5.022203345353347,5.022203345353347,5.022203345353347,5.022203345353347,5.022203345353347,5.022203345353347,5.022203345353347,5.022203345353347,5.022203345353347,5.022203345353347,5.022203345353347,5.022203345353347,5.022203345353347,5.022203345353347,5.022203345353347,5.022203345353347,5.022203345353347,5.022203345353347,5.022203345353347,5.022203345353347,5.022203345353347,5.022203345353347,5.022203345353347,5.022203345353347,5.022203345353347,5.022203345353347,5.022203345353347,5.022203345353347,5.022203345353347,5.022203345353347,5.022203345353347,5.022203345353347,5.022203345353347,4.614767731733031,4.614767731733031,4.614767731733031,4.614767731733031,4.5483546395033025,4.5483546395033025,4.5483546395033025,4.5483546395033025,4.5483546395033025,4.5483546395033025,4.522886851812615,4.522886851812615,4.522886851812615,4.427832611401174,4.370653498142164,4.370653498142164,4.370653498142164,4.370653498142164,4.370653498142164,4.370653498142164,4.370653498142164,4.370653498142164,4.370653498142164,4.370653498142164,4.370653498142164,4.370653498142164,4.370653498142164,4.370653498142164,4.370653498142164,4.370653498142164,4.370653498142164,4.370653498142164,4.370653498142164,4.370653498142164,4.370653498142164,4.370653498142164,4.370653498142164,4.370653498142164,4.370653498142164,4.370653498142164,4.370653498142164,4.370653498142164,4.370653498142164,4.370653498142164,4.370653498142164,4.370653498142164,4.370653498142164,4.370653498142164,4.370653498142164,4.370653498142164,4.370653498142164,4.370653498142164,4.370653498142164,4.370653498142164,4.370653498142164,4.370653498142164,4.370653498142164,4.370653498142164,4.370653498142164,4.370653498142164,4.370653498142164,4.370653498142164,4.370653498142164,4.370653498142164,4.370653498142164,4.370653498142164,4.370653498142164,4.370653498142164,4.370653498142164,4.370653498142164,4.370653498142164,4.370653498142164,4.370653498142164,4.370653498142164,4.370653498142164,4.370653498142164,4.370653498142164,4.370653498142164,4.370653498142164,4.370653498142164,4.370653498142164,4.370653498142164,4.370653498142164,4.370653498142164,4.370653498142164,4.370653498142164,4.370653498142164,4.370653498142164,4.370653498142164,4.370653498142164,4.370653498142164,4.370653498142164,4.370653498142164,4.370653498142164,4.370653498142164,4.370653498142164,4.370653498142164,4.370653498142164,4.370653498142164,4.370653498142164,4.370653498142164,4.370653498142164,4.370653498142164,4.370653498142164,4.370653498142164,4.370653498142164,4.370653498142164,4.370653498142164,4.370653498142164,4.370653498142164,4.370653498142164,4.370653498142164,4.370653498142164,4.370653498142164,4.370653498142164,4.370653498142164,4.370653498142164,4.370653498142164,4.353996868619658,4.353996868619658,4.353996868619658,4.353996868619658,4.353996868619658,4.353996868619658,4.353996868619658,4.353996868619658,4.353996868619658,4.353996868619658,4.353996868619658,4.353996868619658,4.353996868619658,4.353996868619658,4.353996868619658,4.353996868619658,4.353996868619658,4.353996868619658,4.353996868619658,4.353996868619658,4.353996868619658,4.353996868619658,4.353996868619658,4.353996868619658,4.353996868619658,4.353996868619658,4.353996868619658,4.353996868619658,4.353996868619658,4.353996868619658,4.353996868619658,4.353996868619658,4.353996868619658,4.353996868619658,4.353996868619658,4.353996868619658,4.353996868619658,4.353996868619658,4.353996868619658,4.353996868619658,4.353996868619658,4.353996868619658,4.353996868619658,4.353996868619658,4.132970259049205,4.132970259049205,4.132970259049205,4.132970259049205,4.132970259049205,4.132970259049205,4.132970259049205,4.132970259049205,4.132970259049205,4.132970259049205,4.132970259049205,4.132970259049205,4.132970259049205,4.132970259049205,4.132970259049205,4.132970259049205,4.132970259049205,4.132970259049205,4.132970259049205,4.132970259049205,4.132970259049205,4.132970259049205,4.132970259049205,4.132970259049205,4.132970259049205,4.132970259049205,4.132970259049205,4.132970259049205,4.132970259049205,4.132970259049205,4.132970259049205,4.132970259049205,4.132970259049205,4.132970259049205,4.132970259049205,4.132970259049205,4.132970259049205,4.132970259049205,4.132970259049205,4.132970259049205,4.132970259049205,4.132970259049205,4.132970259049205,4.132970259049205,4.132970259049205,4.132970259049205,4.132970259049205,4.132970259049205,4.132970259049205,4.132970259049205,4.132970259049205,4.132970259049205,4.132970259049205,4.132970259049205,4.132970259049205,4.132970259049205,4.132970259049205,4.132970259049205,4.132970259049205,4.132970259049205,4.132970259049205,4.132970259049205,4.132970259049205,4.132970259049205,4.132970259049205,4.132970259049205,4.132970259049205,4.132970259049205,4.132970259049205,4.132970259049205,4.132970259049205,4.132970259049205,4.132970259049205,4.132970259049205,4.132970259049205,4.132970259049205,4.132970259049205,4.132970259049205,4.132970259049205,4.132970259049205,4.132970259049205,4.132970259049205,4.132970259049205,4.132970259049205,4.132970259049205,4.132970259049205,4.132970259049205,4.132970259049205,4.132970259049205,4.132970259049205,4.132970259049205,4.132970259049205,4.132970259049205,4.132970259049205,4.132970259049205,4.132970259049205,4.132970259049205,4.132970259049205,4.132970259049205,4.132970259049205,4.132970259049205,4.132970259049205,4.132970259049205,4.132970259049205,4.132970259049205,4.132970259049205,4.132970259049205,4.132970259049205,4.132970259049205,4.132970259049205,4.132970259049205,4.132970259049205,4.132970259049205,4.132970259049205,4.132970259049205,4.132970259049205,4.132970259049205,4.132970259049205,4.132970259049205,4.132970259049205,4.132970259049205,4.132970259049205,4.132970259049205,4.132970259049205,4.132970259049205,4.132970259049205,4.132970259049205,4.132970259049205,4.132970259049205,4.132970259049205,4.132970259049205,4.132970259049205,4.132970259049205,4.132970259049205,4.132970259049205,4.132970259049205,4.132970259049205,4.132970259049205,4.132970259049205,4.132970259049205,4.132970259049205,4.132970259049205,4.132970259049205,4.132970259049205,4.132970259049205,4.132970259049205,4.132970259049205,4.132970259049205,4.132970259049205,4.132970259049205,4.132970259049205,4.132970259049205,4.132970259049205,4.132970259049205,4.132970259049205,4.132970259049205,4.132970259049205,4.132970259049205,4.132970259049205,4.132970259049205,4.132970259049205,4.132970259049205,4.132970259049205,4.132970259049205,4.132970259049205,4.132970259049205,4.132970259049205,4.132970259049205,4.132970259049205,4.132970259049205,4.132970259049205,4.132970259049205,4.132970259049205,4.132970259049205,4.132970259049205,4.132970259049205,4.132970259049205,4.132970259049205,4.132970259049205,4.132970259049205,4.132970259049205,4.132970259049205,4.132970259049205,4.132970259049205,4.132970259049205,4.132970259049205,4.132970259049205,4.132970259049205,4.132970259049205,4.132970259049205,4.132970259049205,4.132970259049205,4.132970259049205,4.132970259049205,4.132970259049205,4.132970259049205,4.132970259049205,4.132970259049205,4.132970259049205,4.132970259049205,4.132970259049205,4.132970259049205,4.132970259049205,4.132970259049205,4.132970259049205,4.132970259049205,4.132970259049205,4.132970259049205,4.132970259049205,4.132970259049205,4.132970259049205,4.132970259049205,4.132970259049205,4.132970259049205,4.132970259049205,4.132970259049205,4.132970259049205,4.132970259049205,4.132970259049205,4.132970259049205,4.132970259049205,4.132970259049205,4.132970259049205,4.132970259049205,4.132970259049205,4.132970259049205,4.132970259049205,4.132970259049205,4.132970259049205,4.132970259049205,4.132970259049205,4.132970259049205,4.132970259049205,4.132970259049205,4.132970259049205,4.132970259049205,4.132970259049205,4.132970259049205,4.132970259049205,4.132970259049205,4.132970259049205,4.132970259049205,4.132970259049205,4.132970259049205,4.132970259049205,4.132970259049205,4.132970259049205,4.132970259049205,4.132970259049205,4.132970259049205,4.132970259049205,4.132970259049205,4.132970259049205,4.132970259049205,4.132970259049205,4.132970259049205,4.132970259049205,4.132970259049205,4.132970259049205,4.132970259049205,4.132970259049205,4.132970259049205,4.132970259049205,4.132970259049205,4.132970259049205,4.132970259049205,4.132970259049205,4.132970259049205,4.132970259049205,4.132970259049205,4.132970259049205,4.132970259049205,4.132970259049205,4.132970259049205,4.132970259049205,4.132970259049205,4.132970259049205,4.132970259049205,4.132970259049205,4.132970259049205,4.132970259049205,4.132970259049205,4.132970259049205,4.132970259049205,4.132970259049205,4.132970259049205,4.132970259049205,4.132970259049205,4.132970259049205,4.132970259049205,4.132970259049205,4.132970259049205,4.132970259049205,4.132970259049205,4.132970259049205,4.132970259049205,4.132970259049205,4.132970259049205,4.132970259049205,4.132970259049205,4.132970259049205,4.132970259049205,4.132970259049205,4.132970259049205,4.132970259049205,4.132970259049205,4.132970259049205,4.132970259049205,4.132970259049205,4.132970259049205,4.132970259049205,4.132970259049205,4.132970259049205,4.132970259049205,4.132970259049205,4.132970259049205,4.132970259049205,4.132970259049205,4.132970259049205,4.132970259049205,4.132970259049205,4.132970259049205,4.132970259049205,4.132970259049205,4.132970259049205,4.132970259049205,4.132970259049205,4.132970259049205,4.132970259049205,4.132970259049205,4.132970259049205,4.132970259049205,4.132970259049205,4.132970259049205,4.132970259049205,4.132970259049205,4.132970259049205,4.132970259049205,4.132970259049205,4.132970259049205,4.132970259049205,4.132970259049205,4.132970259049205,4.132970259049205,4.132970259049205,4.132970259049205,4.132970259049205,4.132970259049205,4.132970259049205,4.132970259049205,4.132970259049205,4.132970259049205,4.132970259049205,4.132970259049205,4.132970259049205,4.132970259049205,4.132970259049205,4.132970259049205,4.132970259049205,4.132970259049205,4.132970259049205,4.132970259049205,4.132970259049205,4.132970259049205,4.132970259049205,4.132970259049205,4.132970259049205,4.132970259049205,4.132970259049205,4.132970259049205,4.132970259049205,4.132970259049205,4.132970259049205,4.132970259049205,4.132970259049205,4.132970259049205,4.132970259049205,4.132970259049205,4.132970259049205,4.132970259049205,4.132970259049205,4.132970259049205,4.132970259049205,4.132970259049205,4.132970259049205,4.132970259049205,4.132970259049205,4.132970259049205,4.132970259049205,4.132970259049205,4.132970259049205,4.132970259049205,4.132970259049205,4.132970259049205,4.132970259049205,4.132970259049205,4.132970259049205,4.132970259049205,4.132970259049205,4.132970259049205,4.132970259049205,4.132970259049205,4.132970259049205,4.132970259049205,4.132970259049205,4.132970259049205,4.132970259049205,4.132970259049205,4.132970259049205,4.132970259049205,4.132970259049205,4.132970259049205,4.132970259049205,4.132970259049205,4.132970259049205,4.132970259049205,4.132970259049205,4.132970259049205,4.132970259049205,4.132970259049205,4.132970259049205,4.132970259049205,4.132970259049205,4.132970259049205,4.132970259049205,4.132970259049205,4.132970259049205,4.132970259049205,4.132970259049205,4.132970259049205,4.132970259049205,4.132970259049205,4.132970259049205,4.132970259049205,4.132970259049205,4.132970259049205,4.132970259049205,4.132970259049205,4.132970259049205,4.132970259049205,4.132970259049205,4.132970259049205,4.132970259049205,4.132970259049205,4.132970259049205,4.132970259049205,4.132970259049205,4.132970259049205,4.132970259049205,4.132970259049205,4.132970259049205,4.132970259049205,4.132970259049205,4.132970259049205,4.132970259049205,4.132970259049205,4.132970259049205,4.132970259049205,4.132970259049205,4.132970259049205,4.132970259049205,4.132970259049205,4.132970259049205,4.132970259049205,4.132970259049205,4.132970259049205,4.132970259049205,4.132970259049205,4.132970259049205,4.132970259049205,4.132970259049205,4.132970259049205,4.132970259049205,4.132970259049205,4.132970259049205,4.132970259049205,4.132970259049205,4.132970259049205,4.132970259049205,4.132970259049205,4.132970259049205,4.132970259049205,4.132970259049205,4.132970259049205,4.132970259049205,4.132970259049205,4.132970259049205,4.132970259049205,4.132970259049205,4.132970259049205,4.132970259049205,4.132970259049205,4.132970259049205,4.132970259049205,4.132970259049205,4.132970259049205,4.132970259049205,4.132970259049205,4.132970259049205,4.132970259049205,4.132970259049205,4.132970259049205,4.132970259049205,4.132970259049205,4.132970259049205,4.132970259049205,4.132970259049205,4.132970259049205,4.132970259049205,4.132970259049205,4.132970259049205,4.132970259049205,4.132970259049205,4.132970259049205,4.132970259049205,4.132970259049205,4.132970259049205,4.132970259049205,4.132970259049205,4.132970259049205,4.132970259049205,4.132970259049205,4.132970259049205,4.132970259049205,4.132970259049205,4.132970259049205,4.132970259049205,4.132970259049205,4.132970259049205,4.132970259049205,4.132970259049205,4.132970259049205,4.132970259049205,4.132970259049205,4.132970259049205,4.132970259049205,4.132970259049205,4.132970259049205,4.132970259049205,4.132970259049205,4.132970259049205,4.132970259049205,4.132970259049205,4.132970259049205,4.132970259049205,4.132970259049205,4.132970259049205,4.132970259049205,4.132970259049205,4.132970259049205,4.132970259049205,4.132970259049205,4.132970259049205,4.132970259049205,4.132970259049205,4.132970259049205,4.132970259049205,4.132970259049205,4.132970259049205,4.132970259049205,4.132970259049205,4.132970259049205,4.132970259049205,4.132970259049205,4.132970259049205,4.132970259049205,4.132970259049205,4.132970259049205,4.132970259049205,4.132970259049205,4.132970259049205,4.132970259049205,4.132970259049205,4.132970259049205,4.132970259049205,4.132970259049205,4.132970259049205,4.132970259049205,4.132970259049205,4.132970259049205,4.132970259049205,4.132970259049205,4.132970259049205,4.132970259049205,4.132970259049205,4.132970259049205,4.132970259049205,4.132970259049205,4.132970259049205,4.132970259049205,4.132970259049205,4.132970259049205,4.132970259049205,4.132970259049205,4.132970259049205,4.132970259049205,4.132970259049205,4.132970259049205,4.132970259049205,4.132970259049205,4.132970259049205,4.132970259049205,4.132970259049205,4.132970259049205,4.132970259049205,4.132970259049205,4.132970259049205,4.132970259049205,6.6442812771919035,6.148132756548043,5.929128224911361,5.929128224911361,5.929128224911361,5.929128224911361,5.929128224911361,5.929128224911361,5.929128224911361,5.929128224911361,5.929128224911361,5.929128224911361,5.929128224911361,5.929128224911361,5.929128224911361,5.929128224911361,5.929128224911361,5.929128224911361,5.929128224911361,5.929128224911361,5.929128224911361,5.929128224911361,5.929128224911361,5.929128224911361,5.929128224911361,5.929128224911361,5.929128224911361,5.929128224911361,5.929128224911361,5.929128224911361,5.929128224911361,5.929128224911361,5.929128224911361,5.929128224911361,5.929128224911361,5.929128224911361,5.929128224911361,5.929128224911361,5.929128224911361,5.929128224911361,5.929128224911361,5.929128224911361,5.929128224911361,5.929128224911361,5.929128224911361,5.929128224911361,5.929128224911361,5.929128224911361,5.929128224911361,5.929128224911361,5.929128224911361,5.929128224911361,5.929128224911361,4.7833886734098705,4.155072141725216,4.155072141725216,4.155072141725216,4.155072141725216,4.155072141725216,4.155072141725216,4.155072141725216,4.155072141725216,4.155072141725216,4.155072141725216,4.155072141725216,4.155072141725216,4.155072141725216,4.155072141725216,4.155072141725216,4.155072141725216,4.155072141725216,4.155072141725216,4.155072141725216,4.155072141725216,4.155072141725216,4.155072141725216,4.155072141725216,4.155072141725216,4.155072141725216,4.155072141725216,4.155072141725216,4.155072141725216,4.155072141725216,4.155072141725216,4.155072141725216,4.155072141725216,4.155072141725216,4.155072141725216,4.155072141725216,4.155072141725216,4.155072141725216,4.155072141725216,4.155072141725216,4.155072141725216,4.155072141725216,4.155072141725216,4.155072141725216,4.155072141725216,4.155072141725216,4.155072141725216,4.155072141725216,4.155072141725216,4.155072141725216,4.155072141725216,4.155072141725216,4.155072141725216,4.155072141725216,4.155072141725216,4.155072141725216,4.155072141725216,4.155072141725216,4.155072141725216,4.155072141725216,4.155072141725216,4.155072141725216,4.155072141725216,4.155072141725216,4.155072141725216,4.155072141725216,4.155072141725216,4.155072141725216,4.155072141725216,4.155072141725216,4.155072141725216,4.155072141725216,4.155072141725216,4.155072141725216,4.155072141725216,4.155072141725216,4.155072141725216,4.155072141725216,4.155072141725216,4.155072141725216,4.155072141725216,4.155072141725216,4.155072141725216,4.155072141725216,4.155072141725216,4.155072141725216,4.155072141725216,4.155072141725216,4.155072141725216,4.155072141725216,4.155072141725216,4.155072141725216,4.155072141725216,4.155072141725216,4.155072141725216,4.155072141725216,4.155072141725216,4.155072141725216,4.155072141725216,4.155072141725216,4.155072141725216,4.155072141725216,4.155072141725216,4.155072141725216,4.155072141725216,4.155072141725216,4.155072141725216,4.155072141725216,4.155072141725216,4.155072141725216,4.155072141725216,4.155072141725216,4.155072141725216,4.155072141725216,4.155072141725216,4.155072141725216,4.155072141725216,4.155072141725216,4.155072141725216,4.155072141725216,4.155072141725216,4.155072141725216,4.155072141725216,4.155072141725216,4.155072141725216,4.155072141725216,4.155072141725216,4.155072141725216,4.155072141725216,4.155072141725216,4.155072141725216,4.155072141725216,4.155072141725216,4.155072141725216,4.155072141725216,4.155072141725216,4.155072141725216,4.155072141725216,4.155072141725216,4.155072141725216,4.155072141725216,4.155072141725216,4.155072141725216,4.155072141725216,4.155072141725216,4.155072141725216,4.155072141725216,4.155072141725216,4.155072141725216,4.155072141725216,4.155072141725216,4.155072141725216,4.155072141725216,4.155072141725216,4.155072141725216,4.155072141725216,4.155072141725216,4.155072141725216,4.155072141725216,4.155072141725216,4.155072141725216,4.155072141725216,4.155072141725216,4.155072141725216,4.155072141725216,4.155072141725216,4.155072141725216,4.155072141725216,4.155072141725216,4.155072141725216,4.155072141725216,4.155072141725216,4.155072141725216,4.155072141725216,4.155072141725216,4.155072141725216,4.155072141725216,4.155072141725216,4.155072141725216,4.155072141725216,4.155072141725216,4.155072141725216,4.155072141725216,4.155072141725216,4.155072141725216,4.155072141725216,4.155072141725216,4.155072141725216,4.155072141725216,4.155072141725216,4.155072141725216,4.155072141725216,4.155072141725216,4.155072141725216,4.155072141725216,4.155072141725216,4.155072141725216,4.155072141725216,4.155072141725216,4.155072141725216,4.155072141725216,4.155072141725216,4.155072141725216,4.155072141725216,4.155072141725216,4.155072141725216,4.155072141725216,4.155072141725216,4.155072141725216,4.155072141725216,4.155072141725216,4.155072141725216,4.155072141725216,4.155072141725216,4.155072141725216,4.155072141725216,4.155072141725216,4.155072141725216,4.155072141725216,4.155072141725216,4.155072141725216,4.155072141725216,4.155072141725216,4.155072141725216,4.155072141725216,4.155072141725216,4.155072141725216,4.155072141725216,4.155072141725216,4.155072141725216,4.155072141725216,4.155072141725216,4.155072141725216,4.155072141725216,4.155072141725216,4.155072141725216,4.155072141725216,4.155072141725216,4.155072141725216,4.155072141725216,4.155072141725216,4.155072141725216,4.155072141725216,4.155072141725216,4.155072141725216,4.155072141725216,4.155072141725216,4.155072141725216,4.155072141725216,4.155072141725216,4.155072141725216,4.155072141725216,4.155072141725216,4.155072141725216,4.155072141725216,4.155072141725216,4.155072141725216,4.155072141725216,4.155072141725216,4.155072141725216,4.155072141725216,4.155072141725216,4.155072141725216,4.155072141725216,4.155072141725216,4.155072141725216,4.155072141725216,3.98223830530038,3.9398374404452383,3.9398374404452383,3.9398374404452383,3.9398374404452383,3.9398374404452383,3.9398374404452383,3.9398374404452383,3.9398374404452383,3.9398374404452383,3.9398374404452383,3.9398374404452383,3.9398374404452383,3.9398374404452383,3.9398374404452383,3.9398374404452383,3.9398374404452383,3.9398374404452383,3.9398374404452383,3.9398374404452383,3.9398374404452383,3.9398374404452383,3.9398374404452383,3.9398374404452383,3.9398374404452383,3.9398374404452383,3.9398374404452383,3.9398374404452383,3.9398374404452383,3.9398374404452383,3.9398374404452383,3.9398374404452383,3.9398374404452383,3.9398374404452383,3.9398374404452383,3.9398374404452383,3.9398374404452383,3.9398374404452383,3.9398374404452383,3.9398374404452383,3.9398374404452383,3.9398374404452383,3.9398374404452383,3.9398374404452383,3.9398374404452383,3.9398374404452383,3.9398374404452383,3.9398374404452383,3.9398374404452383,3.9398374404452383,3.9398374404452383,3.9398374404452383,3.9398374404452383,3.9398374404452383,3.9398374404452383,3.9398374404452383,3.9398374404452383,3.9398374404452383,3.9398374404452383,3.9398374404452383,3.9398374404452383,3.9398374404452383,3.9398374404452383,3.9398374404452383,3.9398374404452383,3.9398374404452383,3.9398374404452383,3.9398374404452383,3.9398374404452383,3.9398374404452383,3.9398374404452383,3.9398374404452383,3.9398374404452383,3.9398374404452383,3.9398374404452383,3.9398374404452383,3.9398374404452383,3.9398374404452383,3.9398374404452383,3.9398374404452383,3.9398374404452383,3.9398374404452383,3.9398374404452383,3.9398374404452383,3.9398374404452383,3.9398374404452383,3.9398374404452383,3.9398374404452383,3.9398374404452383,3.9398374404452383,3.9398374404452383,3.9398374404452383,3.9398374404452383,3.9398374404452383,3.9398374404452383,3.9398374404452383,3.9398374404452383,3.9398374404452383,3.9398374404452383,3.9398374404452383,3.9398374404452383,3.9398374404452383,3.9398374404452383,3.9398374404452383,3.9398374404452383,3.9398374404452383,3.9398374404452383,3.9398374404452383,3.9398374404452383,3.9398374404452383,3.9398374404452383,3.9398374404452383,3.9398374404452383,3.9398374404452383,3.9398374404452383,3.9398374404452383,3.9398374404452383,3.9398374404452383,3.9398374404452383,3.9398374404452383,3.9398374404452383,3.9398374404452383,3.9398374404452383,3.9398374404452383,3.9398374404452383,3.9398374404452383,3.9398374404452383,3.9398374404452383,3.9398374404452383,3.9398374404452383,3.9398374404452383,3.9398374404452383,3.9398374404452383,3.9398374404452383,3.9398374404452383,3.9398374404452383,3.9398374404452383,3.9398374404452383,3.9398374404452383,3.9398374404452383,3.9398374404452383,3.9398374404452383,3.9398374404452383,3.9398374404452383,3.9398374404452383,3.9398374404452383,3.9398374404452383,3.9398374404452383,3.9398374404452383,3.9398374404452383,3.9398374404452383,3.9398374404452383,3.9398374404452383,3.9398374404452383,3.9398374404452383,3.9398374404452383,3.9398374404452383,3.9398374404452383,3.9398374404452383,3.9398374404452383,3.9398374404452383,3.9398374404452383,3.9398374404452383,3.9398374404452383,3.9398374404452383,3.9398374404452383,3.9398374404452383,3.9398374404452383,3.9398374404452383,3.9398374404452383,2.545035977072938,2.545035977072938,2.545035977072938,2.545035977072938,2.545035977072938,2.545035977072938,2.545035977072938,2.545035977072938,2.545035977072938,2.545035977072938,2.545035977072938,2.545035977072938,2.545035977072938,2.545035977072938,2.545035977072938,2.545035977072938,2.545035977072938,2.545035977072938,2.545035977072938,2.545035977072938,2.545035977072938,2.545035977072938,2.545035977072938,2.545035977072938,2.545035977072938,2.545035977072938,2.545035977072938,2.545035977072938,2.545035977072938,2.545035977072938,2.545035977072938,2.545035977072938,2.545035977072938,2.545035977072938,2.545035977072938,2.545035977072938,2.545035977072938,2.545035977072938,2.545035977072938,2.545035977072938,2.545035977072938,2.545035977072938,2.545035977072938,2.545035977072938,2.545035977072938,2.545035977072938,2.545035977072938,2.545035977072938,2.545035977072938,2.545035977072938,2.545035977072938,2.545035977072938,2.545035977072938,2.545035977072938,2.545035977072938,2.545035977072938,2.545035977072938,2.545035977072938,2.545035977072938,2.545035977072938,2.545035977072938,2.545035977072938,2.545035977072938,2.545035977072938,2.545035977072938,2.545035977072938,2.545035977072938,2.545035977072938,2.545035977072938,2.545035977072938,2.545035977072938,2.545035977072938,2.545035977072938,2.545035977072938,2.545035977072938,2.545035977072938,2.545035977072938,2.545035977072938,2.545035977072938,2.545035977072938,2.545035977072938,2.545035977072938,2.545035977072938,2.545035977072938,2.545035977072938,2.545035977072938,2.545035977072938,2.545035977072938,2.545035977072938,2.545035977072938,2.545035977072938,2.545035977072938,2.545035977072938,2.545035977072938,2.545035977072938,2.545035977072938,2.545035977072938,2.545035977072938,2.545035977072938,2.545035977072938,2.545035977072938,2.545035977072938,2.545035977072938,2.545035977072938,2.545035977072938,2.545035977072938,2.545035977072938,2.545035977072938,2.545035977072938,2.545035977072938,2.545035977072938,2.545035977072938,2.545035977072938,2.545035977072938,2.545035977072938,2.545035977072938,2.545035977072938,2.545035977072938,2.545035977072938,2.545035977072938,2.545035977072938,2.545035977072938,2.545035977072938,2.545035977072938,2.545035977072938,2.545035977072938,2.545035977072938,2.545035977072938,2.545035977072938,2.545035977072938,2.545035977072938,2.545035977072938,2.545035977072938,2.545035977072938,2.545035977072938,2.545035977072938,2.545035977072938,2.545035977072938,2.545035977072938,2.545035977072938,2.545035977072938,2.545035977072938,2.545035977072938,2.545035977072938,2.545035977072938,2.545035977072938,2.545035977072938,2.545035977072938,2.545035977072938,2.545035977072938,2.545035977072938,2.545035977072938,2.545035977072938,2.545035977072938,2.545035977072938,2.545035977072938,2.545035977072938,2.545035977072938,2.545035977072938,2.545035977072938,2.545035977072938,2.545035977072938,2.545035977072938,2.545035977072938,2.545035977072938,2.545035977072938,2.545035977072938,2.545035977072938,2.545035977072938,2.545035977072938,2.545035977072938,2.545035977072938,2.545035977072938,2.545035977072938,2.545035977072938,2.545035977072938,2.545035977072938,2.545035977072938,2.545035977072938,2.545035977072938,2.545035977072938,2.545035977072938,2.545035977072938,2.545035977072938,2.545035977072938,2.545035977072938,2.545035977072938,2.545035977072938,2.545035977072938,2.545035977072938,2.545035977072938,2.545035977072938,2.545035977072938,2.545035977072938,2.545035977072938,2.545035977072938,2.545035977072938,2.545035977072938,2.545035977072938,2.545035977072938,2.545035977072938,2.545035977072938,2.545035977072938,2.545035977072938,2.545035977072938,2.545035977072938,2.545035977072938,2.545035977072938,2.545035977072938,2.545035977072938,2.545035977072938,2.545035977072938,2.545035977072938,2.545035977072938,2.545035977072938,2.545035977072938,2.545035977072938,2.545035977072938,2.545035977072938,2.545035977072938,2.545035977072938,2.545035977072938,2.545035977072938,2.545035977072938,2.545035977072938,2.545035977072938,2.545035977072938,2.545035977072938,2.545035977072938,2.545035977072938,2.545035977072938,2.545035977072938,2.545035977072938,2.545035977072938,2.545035977072938,2.545035977072938,2.545035977072938,2.545035977072938,2.545035977072938,2.545035977072938,2.545035977072938,2.545035977072938,2.545035977072938,2.545035977072938,2.545035977072938,2.545035977072938,2.545035977072938,2.545035977072938,2.545035977072938,2.545035977072938,2.545035977072938,2.545035977072938,2.545035977072938,2.545035977072938,2.545035977072938,2.545035977072938,2.545035977072938,2.545035977072938,2.545035977072938,2.545035977072938,2.545035977072938,2.545035977072938,2.545035977072938,2.545035977072938,2.545035977072938,2.545035977072938,2.545035977072938,2.545035977072938,2.545035977072938,2.545035977072938,2.545035977072938,2.545035977072938,2.545035977072938,2.545035977072938,2.545035977072938,2.545035977072938,2.545035977072938,2.545035977072938,2.545035977072938,2.545035977072938,2.545035977072938,2.545035977072938,2.545035977072938,2.545035977072938,2.545035977072938,2.545035977072938,2.545035977072938,2.545035977072938,2.545035977072938,2.545035977072938,2.545035977072938,2.545035977072938,2.545035977072938,2.545035977072938,2.545035977072938,2.545035977072938,2.545035977072938,2.545035977072938,2.545035977072938,2.545035977072938,2.545035977072938,2.545035977072938,2.545035977072938,2.545035977072938,2.545035977072938,2.545035977072938,2.545035977072938,2.545035977072938,2.545035977072938,2.545035977072938,2.545035977072938,2.545035977072938,2.545035977072938,2.545035977072938,2.545035977072938,2.545035977072938,2.545035977072938,2.545035977072938,2.545035977072938,2.545035977072938,2.545035977072938,2.545035977072938,2.545035977072938,2.545035977072938,2.545035977072938,2.545035977072938,2.545035977072938,2.545035977072938,2.545035977072938,2.545035977072938,2.545035977072938,2.545035977072938,2.545035977072938,2.545035977072938,2.545035977072938,2.545035977072938,2.545035977072938,2.545035977072938,2.545035977072938,2.545035977072938,2.545035977072938,2.545035977072938,2.545035977072938,2.545035977072938,2.545035977072938,2.545035977072938,2.545035977072938,2.545035977072938,2.545035977072938,2.545035977072938,2.545035977072938,2.545035977072938,2.545035977072938,2.545035977072938,2.545035977072938,2.545035977072938,2.545035977072938,2.545035977072938,2.545035977072938,2.545035977072938,2.545035977072938,2.545035977072938,2.545035977072938,2.545035977072938,2.545035977072938,2.545035977072938,2.545035977072938,2.545035977072938,2.545035977072938,2.545035977072938,2.545035977072938,2.545035977072938,2.545035977072938,2.545035977072938,2.545035977072938,2.545035977072938,2.545035977072938,2.545035977072938,2.545035977072938,2.545035977072938,2.545035977072938,2.545035977072938,2.545035977072938,2.545035977072938,2.545035977072938,2.545035977072938,2.545035977072938,2.545035977072938,2.545035977072938,2.545035977072938,2.545035977072938,2.545035977072938,2.545035977072938,2.545035977072938,2.545035977072938,2.545035977072938,2.545035977072938,2.545035977072938,2.545035977072938,2.545035977072938,2.545035977072938,2.545035977072938,2.545035977072938,2.545035977072938,2.545035977072938,2.545035977072938,2.545035977072938,2.545035977072938,2.545035977072938,2.545035977072938,2.545035977072938,2.545035977072938,2.545035977072938,2.545035977072938,2.545035977072938,2.545035977072938,2.545035977072938,2.545035977072938,2.545035977072938,2.545035977072938,2.545035977072938,2.545035977072938,2.545035977072938,2.545035977072938,2.545035977072938,2.545035977072938,2.545035977072938,2.545035977072938,2.545035977072938,2.545035977072938,2.545035977072938,2.545035977072938,2.545035977072938,2.545035977072938,2.545035977072938,2.545035977072938,2.545035977072938,2.545035977072938,2.545035977072938,2.545035977072938,2.545035977072938,2.545035977072938,2.545035977072938,2.545035977072938,2.545035977072938,2.545035977072938,2.545035977072938,2.545035977072938,2.545035977072938,2.545035977072938,2.545035977072938,2.545035977072938,2.545035977072938,2.545035977072938,2.545035977072938,2.545035977072938,2.545035977072938,2.545035977072938,2.545035977072938,2.545035977072938,2.545035977072938,2.545035977072938,2.545035977072938,2.545035977072938,2.545035977072938,2.545035977072938,2.545035977072938,2.545035977072938,2.545035977072938,2.545035977072938,2.545035977072938,2.545035977072938,2.545035977072938,2.545035977072938,2.545035977072938,2.545035977072938,2.545035977072938,2.545035977072938,2.545035977072938,2.545035977072938,2.545035977072938,2.545035977072938,2.545035977072938,2.545035977072938,2.545035977072938,2.545035977072938,2.545035977072938,2.545035977072938,2.545035977072938,2.545035977072938,2.545035977072938,2.545035977072938,2.545035977072938,2.545035977072938,2.545035977072938,2.545035977072938,2.545035977072938,2.545035977072938,2.545035977072938,2.545035977072938,2.545035977072938,2.545035977072938,2.545035977072938,2.545035977072938,2.545035977072938,2.545035977072938,2.545035977072938,2.545035977072938,2.545035977072938,2.545035977072938,8.163993457114971,8.163993457114971,7.721760723958423,7.721760723958423,7.721760723958423,7.721760723958423,7.721760723958423,7.721760723958423,7.721760723958423,7.721760723958423,7.721760723958423,7.721760723958423,7.721760723958423,7.721760723958423,7.721760723958423,7.601734763811166,7.601734763811166,7.601734763811166,7.601734763811166,7.601734763811166,7.601734763811166,7.528188108769346,7.528188108769346,7.528188108769346,7.528188108769346,7.528188108769346,7.528188108769346,7.528188108769346,7.528188108769346,7.528188108769346,7.516697926166282,7.516697926166282,7.516637374172156,7.516637374172156,7.516637374172156,7.516637374172156,7.516637374172156,7.516637374172156,7.516637374172156,7.516637374172156,7.516637374172156,7.516637374172156,7.516637374172156,7.516637374172156,7.516637374172156,7.516637374172156,7.516637374172156,7.516637374172156,7.516637374172156,7.516637374172156,7.516637374172156,7.516637374172156,7.495806826482083,7.495806826482083,7.495806826482083,7.495806826482083,7.495806826482083,7.495806826482083,7.495806826482083,7.495806826482083,7.495806826482083,7.495806826482083,7.495806826482083,7.495806826482083,7.495806826482083,7.495806826482083,7.495806826482083,7.495806826482083,7.495806826482083,7.495806826482083,7.495806826482083,7.495806826482083,7.495806826482083,7.495806826482083,7.495806826482083,7.495806826482083,7.495806826482083,7.495806826482083,7.495806826482083,7.495806826482083,7.495806826482083,7.495806826482083,7.495806826482083,7.495806826482083,7.495806826482083,7.495806826482083,7.495806826482083,7.495806826482083,7.495806826482083,7.495806826482083,7.495806826482083,7.495806826482083,7.495806826482083,7.495806826482083,7.495806826482083,7.495806826482083,7.495806826482083,7.495806826482083,7.495806826482083,7.495806826482083,7.495806826482083,7.495806826482083,7.495806826482083,7.495806826482083,7.495806826482083,7.495806826482083,7.495806826482083,7.495806826482083,7.495806826482083,7.495806826482083,7.495806826482083,7.495806826482083,7.495806826482083,7.495806826482083,7.495806826482083,7.495806826482083,7.495806826482083,7.495806826482083,7.495806826482083,7.495806826482083,7.495806826482083,7.495806826482083,7.495806826482083,7.495806826482083,7.495806826482083,7.495806826482083,7.495806826482083,7.495806826482083,7.495806826482083,7.495806826482083,7.495806826482083,7.495806826482083,7.495806826482083,7.495806826482083,7.495806826482083,7.495806826482083,7.495806826482083,7.495806826482083,7.495806826482083,7.495806826482083,7.495806826482083,7.495806826482083,7.495806826482083,7.495806826482083,7.495806826482083,7.495806826482083,7.495806826482083,7.495806826482083,7.495806826482083,7.495806826482083,7.495806826482083,7.495806826482083,7.495806826482083,7.495806826482083,7.495806826482083,7.495806826482083,7.495806826482083,7.495806826482083,7.495806826482083,7.495806826482083,7.495806826482083,7.495806826482083,7.495806826482083,7.495806826482083,7.495806826482083,7.495806826482083,7.495806826482083,7.495806826482083,7.495806826482083,7.495806826482083,7.495806826482083,7.495806826482083,7.495806826482083,7.495806826482083,7.495806826482083,7.495806826482083,7.495806826482083,7.495806826482083,7.495806826482083,7.495806826482083,7.495806826482083,7.495806826482083,7.495806826482083,7.495806826482083,7.495806826482083,7.495806826482083,7.495806826482083,7.495806826482083,7.495806826482083,7.495806826482083,7.495806826482083,7.495806826482083,7.495806826482083,7.495806826482083,7.495806826482083,7.495806826482083,7.495806826482083,7.495806826482083,7.495806826482083,7.495806826482083,7.495806826482083,7.495806826482083,7.495806826482083,7.495806826482083,7.495806826482083,7.495806826482083,7.495806826482083,7.495806826482083,7.495806826482083,7.495806826482083,7.495806826482083,7.495806826482083,7.495806826482083,7.495806826482083,7.495806826482083,7.495806826482083,7.495806826482083,7.495806826482083,7.495806826482083,7.495806826482083,7.495806826482083,7.495806826482083,7.495806826482083,7.495806826482083,7.495806826482083,7.495806826482083,7.495806826482083,7.495806826482083,7.495806826482083,7.495806826482083,7.495806826482083,7.495806826482083,7.495806826482083,7.495806826482083,7.495806826482083,7.495806826482083,7.495806826482083,7.495806826482083,7.2252361541177255,7.124144757683734,7.124144757683734,7.124144757683734,7.124144757683734,7.124144757683734,7.124144757683734,7.124144757683734,7.124144757683734,7.124144757683734,7.124144757683734,7.124144757683734,7.124144757683734,7.124144757683734,7.124144757683734,7.124144757683734,7.124144757683734,7.124144757683734,7.124144757683734,7.124144757683734,7.124144757683734,7.124144757683734,7.124144757683734,7.124144757683734,7.124144757683734,7.124144757683734,7.124144757683734,7.124144757683734,7.124144757683734,7.124144757683734,7.124144757683734,7.124144757683734,7.124144757683734,7.124144757683734,7.124144757683734,7.124144757683734,7.124144757683734,7.124144757683734,7.124144757683734,7.124144757683734,7.124144757683734,7.124144757683734,7.124144757683734,7.124144757683734,7.124144757683734,7.124144757683734,7.124144757683734,7.124144757683734,7.124144757683734,7.124144757683734,7.124144757683734,7.124144757683734,7.124144757683734,7.124144757683734,7.124144757683734,7.124144757683734,7.124144757683734,7.124144757683734,7.124144757683734,7.124144757683734,7.124144757683734,7.124144757683734,7.124144757683734,7.124144757683734,7.124144757683734,7.124144757683734,7.124144757683734,7.124144757683734,7.124144757683734,7.124144757683734,7.124144757683734,7.124144757683734,7.124144757683734,7.124144757683734,6.983730803103391,6.25969294589329,6.175618731352152,6.175618731352152,6.175618731352152,6.175618731352152,6.0450290524454235,5.573082807443008,5.573082807443008,5.573082807443008,5.573082807443008,5.573082807443008,5.573082807443008,5.573082807443008,5.267920802576549,5.267920802576549,5.267920802576549,5.267920802576549,5.267920802576549,5.267920802576549,5.267920802576549,5.267920802576549,5.267920802576549,5.267920802576549,5.267920802576549,5.267920802576549,5.267920802576549,5.267920802576549,5.267920802576549,5.267920802576549,5.267920802576549,5.267920802576549,5.267920802576549,5.267920802576549,5.267920802576549,5.267920802576549,5.267920802576549,5.267920802576549,5.267920802576549,5.267920802576549,5.267920802576549,5.267920802576549,5.267920802576549,5.267920802576549,5.267920802576549,5.267920802576549,5.267920802576549,5.267920802576549,5.267920802576549,5.267920802576549,5.267920802576549,5.267920802576549,5.267920802576549,5.267920802576549,5.267920802576549,5.267920802576549,5.267920802576549,5.267920802576549,5.267920802576549,5.267920802576549,5.267920802576549,5.267920802576549,5.267920802576549,5.267920802576549,5.267920802576549,5.267920802576549,5.267920802576549,5.267920802576549,5.267920802576549,5.267920802576549,5.267920802576549,5.267920802576549,5.267920802576549,5.267920802576549,5.267920802576549,5.267920802576549,5.267920802576549,5.267920802576549,5.267920802576549,5.267920802576549,5.267920802576549,5.267920802576549,5.267920802576549,5.267920802576549,5.267920802576549,5.267920802576549,5.267920802576549,5.267920802576549,5.267920802576549,5.267920802576549,5.267920802576549,5.267920802576549,5.267920802576549,5.267920802576549,5.267920802576549,5.267920802576549,5.267920802576549,5.267920802576549,5.267920802576549,5.267920802576549,5.267920802576549,5.267920802576549,5.267920802576549,5.267920802576549,5.267920802576549,5.267920802576549,5.267920802576549,5.267920802576549,5.267920802576549,5.267920802576549,5.267920802576549,5.267920802576549,5.267920802576549,5.267920802576549,5.267920802576549,5.267920802576549,5.267920802576549,5.267920802576549,5.267920802576549,5.267920802576549,5.267920802576549,5.267920802576549,5.267920802576549,5.267920802576549,5.267920802576549,5.267920802576549,5.267920802576549,5.267920802576549,5.267920802576549,5.267920802576549,5.267920802576549,5.267920802576549,5.267920802576549,5.267920802576549,5.267920802576549,5.267920802576549,5.267920802576549,5.267920802576549,5.267920802576549,5.267920802576549,5.267920802576549,5.267920802576549,5.267920802576549,5.267920802576549,5.267920802576549,5.267920802576549,5.267920802576549,5.267920802576549,5.267920802576549,5.267920802576549,5.267920802576549,5.267920802576549,5.267920802576549,5.267920802576549,5.267920802576549,5.267920802576549,5.267920802576549,5.267920802576549,5.267920802576549,5.267920802576549,5.267920802576549,5.267920802576549,5.267920802576549,5.267920802576549,5.267920802576549,5.267920802576549,5.267920802576549,5.267920802576549,5.267920802576549,5.267920802576549,5.267920802576549,5.267920802576549,5.267920802576549,5.267920802576549,5.267920802576549,5.267920802576549,5.267920802576549,5.267920802576549,5.267920802576549,5.267920802576549,5.267920802576549,5.267920802576549,5.267920802576549,5.267920802576549,5.267920802576549,5.267920802576549,5.267920802576549,5.267920802576549,5.267920802576549,5.267920802576549,5.267920802576549,5.267920802576549,5.267920802576549,5.267920802576549,5.267920802576549,5.267920802576549,5.267920802576549,5.267920802576549,5.267920802576549,5.267920802576549,5.267920802576549,5.267920802576549,4.926770452349677,4.926770452349677,4.926770452349677,4.926770452349677,4.926770452349677,4.926770452349677,4.926770452349677,4.926770452349677,4.926770452349677,4.926770452349677,4.926770452349677,4.926770452349677,4.926770452349677,4.926770452349677,4.926770452349677,4.926770452349677,4.926770452349677,4.926770452349677,4.926770452349677,4.926770452349677,4.926770452349677,4.926770452349677,4.926770452349677,4.926770452349677,4.926770452349677,4.926770452349677,4.926770452349677,4.926770452349677,4.926770452349677,4.926770452349677,4.926770452349677,4.926770452349677,4.926770452349677,4.926770452349677,4.926770452349677,4.926770452349677,4.926770452349677,4.926770452349677,4.926770452349677,4.926770452349677,4.926770452349677,4.926770452349677,4.926770452349677,4.926770452349677,4.926770452349677,4.926770452349677,4.926770452349677,4.926770452349677,4.926770452349677,4.926770452349677,4.926770452349677,4.926770452349677,4.926770452349677,4.926770452349677,4.926770452349677,4.926770452349677,4.926770452349677,4.926770452349677,4.926770452349677,4.926770452349677,4.926770452349677,4.926770452349677,4.926770452349677,4.926770452349677,4.926770452349677,4.926770452349677,4.926770452349677,4.926770452349677,4.649315498355879,4.562671282871751,4.562671282871751,4.562671282871751,4.562671282871751,4.562671282871751,4.562671282871751,4.562671282871751,4.562671282871751,4.562671282871751,4.562671282871751,4.562671282871751,4.562671282871751,4.562671282871751,4.562671282871751,4.562671282871751,4.539910392052219,4.539910392052219,4.539910392052219,4.539910392052219,4.539910392052219,4.539910392052219,4.539910392052219,4.539910392052219,4.539910392052219,4.539910392052219,4.539910392052219,4.539910392052219,4.539910392052219,4.539910392052219,4.539910392052219,4.539910392052219,4.539910392052219,4.539910392052219,4.539910392052219,4.539910392052219,4.539910392052219,4.539910392052219,4.539910392052219,4.539910392052219,4.539910392052219,4.539910392052219,4.539910392052219,4.539910392052219,4.539910392052219,4.539910392052219,4.539910392052219,4.539910392052219,4.539910392052219,4.539910392052219,4.539910392052219,4.539910392052219,4.539910392052219,4.539910392052219,4.539910392052219,4.539910392052219,4.539910392052219,4.539910392052219,4.539910392052219,4.539910392052219,4.539910392052219,4.539910392052219,4.539910392052219,4.539910392052219,4.539910392052219,4.539910392052219,4.539910392052219,4.539910392052219,4.539910392052219,4.539910392052219,4.539910392052219,4.539910392052219,4.539910392052219,4.539910392052219,4.539910392052219,4.539910392052219,4.539910392052219,4.539910392052219,4.539910392052219,4.539910392052219,4.539910392052219,4.539910392052219,4.539910392052219,4.539910392052219,4.539910392052219,4.539910392052219,4.539910392052219,4.539910392052219,4.539910392052219,4.539910392052219,4.539910392052219,4.539910392052219,4.539910392052219,4.539910392052219,4.539910392052219,4.539910392052219,4.539910392052219,4.539910392052219,4.539910392052219,4.539910392052219,4.539910392052219,4.539910392052219,4.539910392052219,4.539910392052219,4.539910392052219,4.539910392052219,4.539910392052219,4.539910392052219,4.539910392052219,4.539910392052219,4.539910392052219,4.539910392052219,4.539910392052219,4.539910392052219,4.539910392052219,4.539910392052219,4.539910392052219,4.539910392052219,4.539910392052219,4.539910392052219,4.539910392052219,4.539910392052219,4.539910392052219,4.539910392052219,4.539910392052219,4.539910392052219,4.539910392052219,4.539910392052219,4.539910392052219,4.539910392052219,4.539910392052219,4.539910392052219,4.539910392052219,4.539910392052219,4.539910392052219,4.539910392052219,4.539910392052219,4.539910392052219,4.539910392052219,4.539910392052219,4.539910392052219,4.539910392052219,4.539910392052219,4.539910392052219,4.539910392052219,4.539910392052219,4.539910392052219,4.539910392052219,4.539910392052219,4.539910392052219,4.539910392052219,4.539910392052219,4.539910392052219,4.539910392052219,4.539910392052219,4.539910392052219,4.539910392052219,4.539910392052219,4.539910392052219,4.539910392052219,4.539910392052219,4.539910392052219,4.539910392052219,4.539910392052219,4.539910392052219,4.539910392052219,4.520441896151518,4.520441896151518,4.520441896151518,4.520441896151518,4.520441896151518,4.520441896151518,4.520441896151518,4.520441896151518,4.520441896151518,4.520441896151518,4.520441896151518,4.520441896151518,4.520441896151518,4.520441896151518,4.520441896151518,4.520441896151518,4.520441896151518,4.520441896151518,4.520441896151518,4.520441896151518,4.520441896151518,4.520441896151518,4.520441896151518,4.520441896151518,4.520441896151518,4.520441896151518,4.520441896151518,4.520441896151518,4.520441896151518,4.520441896151518,4.520441896151518,4.520441896151518,4.520441896151518,4.520441896151518,4.520441896151518,4.520441896151518,4.520441896151518,4.520441896151518,4.520441896151518,4.520441896151518,4.520441896151518,4.520441896151518,4.520441896151518,4.520441896151518,4.520441896151518,4.520441896151518,4.520441896151518,4.520441896151518,4.520441896151518,4.520441896151518,4.520441896151518,4.520441896151518,4.520441896151518,4.520441896151518,4.520441896151518,4.520441896151518,4.520441896151518,4.520441896151518,4.520441896151518,4.520441896151518,4.520441896151518,4.520441896151518,4.520441896151518,4.520441896151518,4.520441896151518,4.520441896151518,4.520441896151518,4.520441896151518,4.520441896151518,4.520441896151518,4.520441896151518,4.520441896151518,4.520441896151518,4.520441896151518,4.520441896151518,4.520441896151518,4.520441896151518,4.520441896151518,4.520441896151518,4.520441896151518,4.520441896151518,4.520441896151518,4.520441896151518,4.520441896151518,4.520441896151518,4.520441896151518,4.520441896151518,4.520441896151518,4.520441896151518,4.520441896151518,4.520441896151518,4.520441896151518,4.520441896151518,4.520441896151518,4.520441896151518,4.520441896151518,4.520441896151518,4.520441896151518,4.520441896151518,4.520441896151518,4.520441896151518,4.520441896151518,4.520441896151518,4.520441896151518,4.520441896151518,4.520441896151518,4.520441896151518,4.520441896151518,4.520441896151518,4.520441896151518,4.520441896151518,4.520441896151518,4.520441896151518,4.520441896151518,4.520441896151518,4.520441896151518,4.520441896151518,4.520441896151518,4.520441896151518,4.520441896151518,4.520441896151518,4.520441896151518,4.520441896151518,4.520441896151518,4.520441896151518,4.520441896151518,4.520441896151518,4.520441896151518,4.520441896151518,4.520441896151518,4.520441896151518,4.520441896151518,4.520441896151518,4.520441896151518,4.520441896151518,4.520441896151518,4.520441896151518,4.520441896151518,4.520441896151518,4.520441896151518,4.520441896151518,4.520441896151518,4.520441896151518,4.520441896151518,4.520441896151518,4.520441896151518,4.520441896151518,4.520441896151518,4.520441896151518,4.520441896151518,4.520441896151518,4.520441896151518,4.520441896151518,4.520441896151518,4.520441896151518,4.520441896151518,4.520441896151518,4.520441896151518,4.520441896151518,4.520441896151518,4.520441896151518,4.520441896151518,4.520441896151518,4.520441896151518,4.520441896151518,4.520441896151518,4.520441896151518,4.520441896151518,4.520441896151518,4.520441896151518,4.520441896151518,4.520441896151518,4.520441896151518,4.520441896151518,4.520441896151518,4.520441896151518,4.520441896151518,4.520441896151518,4.520441896151518,4.520441896151518,4.520441896151518,4.520441896151518,4.520441896151518,4.520441896151518,4.520441896151518,4.520441896151518,4.520441896151518,4.520441896151518,4.520441896151518,4.520441896151518,4.520441896151518,4.520441896151518,4.520441896151518,4.520441896151518,4.520441896151518,4.520441896151518,4.520441896151518,4.520441896151518,4.520441896151518,4.520441896151518,4.520441896151518,4.520441896151518,4.520441896151518,4.520441896151518,4.520441896151518,4.520441896151518,4.520441896151518,4.520441896151518,4.520441896151518,4.520441896151518,4.520441896151518,4.520441896151518,4.520441896151518,4.520441896151518,4.520441896151518,4.520441896151518,4.520441896151518,4.520441896151518,4.520441896151518,4.520441896151518,4.520441896151518,4.520441896151518,4.520441896151518,4.520441896151518,4.520441896151518,4.520441896151518,4.520441896151518,4.520441896151518,4.520441896151518,4.520441896151518,4.520441896151518,4.520441896151518,4.520441896151518,4.520441896151518,4.520441896151518,4.520441896151518,4.520441896151518,4.520441896151518,4.520441896151518,4.520441896151518,4.520441896151518,4.520441896151518,4.520441896151518,4.520441896151518,4.520441896151518,4.520441896151518,4.520441896151518,4.520441896151518,4.520441896151518,4.520441896151518,4.520441896151518,4.520441896151518
