10.106549561851487,10.106549561851487,10.072800749705626,9.828294056829302,9.828294056829302,9.828294056829302,9.828294056829302,9.828294056829302,9.828294056829302,9.828294056829302,9.828294056829302,9.828294056829302,9.828294056829302,9.828294056829302,9.828294056829302,9.828294056829302,9.828294056829302,9.400848135727744,9.400848135727744,9.400848135727744,9.400848135727744,8.682782684714212,8.682782684714212,8.682782684714212,8.682782684714212,8.682134383491102,8.682134383491102,8.682134383491102,8.682134383491102,8.641060665196013,8.641060665196013,8.641060665196013,8.641060665196013,8.641060665196013,8.641060665196013,8.641060665196013,8.641060665196013,8.641060665196013,8.641060665196013,8.641060665196013,8.641060665196013,8.641060665196013,8.623980099552172,8.623980099552172,8.623980099552172,8.623980099552172,8.623980099552172,8.623980099552172,8.623980099552172,8.623980099552172,8.623980099552172,8.623980099552172,8.288841971727834,8.288841971727834,8.288841971727834,8.288841971727834,8.288841971727834,8.288841971727834,8.288841971727834,8.288841971727834,8.288841971727834,8.288841971727834,7.881741325358715,7.881741325358715,7.881741325358715,7.881741325358715,7.881741325358715,7.881741325358715,7.881741325358715,7.881741325358715,7.881741325358715,7.881741325358715,7.881741325358715,7.881741325358715,7.881741325358715,7.881741325358715,7.881741325358715,7.881741325358715,7.881741325358715,7.881741325358715,7.881741325358715,7.881741325358715,7.881741325358715,7.881741325358715,7.881741325358715,7.881741325358715,7.881741325358715,7.881741325358715,7.881741325358715,7.881741325358715,7.881741325358715,7.881741325358715,7.784537106209772,7.784537106209772,7.784537106209772,7.784537106209772,7.784537106209772,7.784537106209772,7.784537106209772,7.784537106209772,7.784537106209772,7.784537106209772,7.784537106209772,7.784537106209772,7.784537106209772,7.784537106209772,7.784537106209772,7.784537106209772,7.784537106209772,7.784537106209772,7.784537106209772,7.784537106209772,7.784537106209772,7.784537106209772,7.784537106209772,7.784537106209772,7.784537106209772,7.6430858447266345,7.6430858447266345,7.6430858447266345,7.6430858447266345,7.6430858447266345,7.6430858447266345,7.6430858447266345,7.6430858447266345,7.6430858447266345,7.6430858447266345,7.6430858447266345,7.6430858447266345,7.6430858447266345,7.6430858447266345,7.6430858447266345,7.6430858447266345,7.6430858447266345,7.6430858447266345,7.6430858447266345,7.6430858447266345,7.6430858447266345,7.6430858447266345,7.6430858447266345,7.6430858447266345,7.6430858447266345,7.6430858447266345,7.6430858447266345,7.6430858447266345,7.6430858447266345,7.6430858447266345,7.6430858447266345,7.6430858447266345,7.6430858447266345,7.6430858447266345,7.6430858447266345,7.6430858447266345,7.6430858447266345,7.6430858447266345,7.6430858447266345,7.6430858447266345,7.6430858447266345,7.6430858447266345,7.6430858447266345,7.6430858447266345,7.6430858447266345,7.6430858447266345,7.6430858447266345,7.6430858447266345,7.6430858447266345,7.6430858447266345,7.6430858447266345,6.992954169977992,6.992954169977992,6.992954169977992,6.837657071198363,6.837657071198363,6.837657071198363,6.749269350275678,6.749269350275678,6.565572691008826,6.565572691008826,6.565572691008826,6.565572691008826,6.414846264332405,6.414846264332405,6.414846264332405,6.414846264332405,6.414846264332405,6.414846264332405,6.414846264332405,6.414846264332405,6.414846264332405,6.414846264332405,6.414846264332405,6.414726441095863,6.414726441095863,6.414726441095863,6.414726441095863,6.414726441095863,6.414726441095863,6.414726441095863,6.414726441095863,6.414726441095863,6.414726441095863,6.414726441095863,6.414726441095863,6.414726441095863,6.414726441095863,6.414726441095863,6.414726441095863,6.414726441095863,6.414726441095863,6.414726441095863,6.414726441095863,6.414726441095863,6.414726441095863,6.414726441095863,6.414726441095863,6.414726441095863,6.414726441095863,6.414726441095863,6.414726441095863,6.414726441095863,6.414726441095863,6.414726441095863,6.414726441095863,6.414726441095863,6.414726441095863,6.414726441095863,6.414726441095863,6.414726441095863,6.414726441095863,6.414726441095863,6.414726441095863,6.414726441095863,6.414726441095863,6.414726441095863,6.414726441095863,6.414726441095863,6.414726441095863,6.414726441095863,6.414726441095863,6.414726441095863,6.414726441095863,6.414726441095863,6.414726441095863,6.414726441095863,6.414726441095863,6.414726441095863,6.414726441095863,6.414726441095863,6.414726441095863,6.414726441095863,6.414726441095863,6.414726441095863,6.414726441095863,6.414726441095863,6.414726441095863,6.414726441095863,6.414726441095863,6.414726441095863,6.414726441095863,6.414726441095863,6.414726441095863,6.414726441095863,6.414726441095863,6.414726441095863,6.414726441095863,6.414726441095863,6.414726441095863,6.414726441095863,6.414726441095863,6.414726441095863,6.414726441095863,6.414726441095863,6.414726441095863,6.414726441095863,6.414726441095863,6.414726441095863,6.414726441095863,6.414726441095863,6.414726441095863,6.414726441095863,6.414726441095863,6.414726441095863,6.414726441095863,6.414726441095863,6.414726441095863,6.414726441095863,6.414726441095863,6.414726441095863,6.414726441095863,6.414726441095863,6.414726441095863,6.414726441095863,6.414726441095863,6.414726441095863,6.414726441095863,6.414726441095863,6.414726441095863,6.414726441095863,6.414726441095863,6.414726441095863,6.414726441095863,6.414726441095863,6.414726441095863,6.414726441095863,6.414726441095863,6.414726441095863,6.414726441095863,6.414726441095863,6.414726441095863,6.414726441095863,6.414726441095863,6.414726441095863,6.414726441095863,6.414726441095863,6.414726441095863,6.414726441095863,6.414726441095863,6.414726441095863,6.414726441095863,6.414726441095863,6.414726441095863,6.414726441095863,6.414726441095863,6.414726441095863,6.414726441095863,6.414726441095863,6.414726441095863,6.414726441095863,6.414726441095863,6.414726441095863,6.414726441095863,6.414726441095863,6.414726441095863,6.414726441095863,6.414726441095863,6.414726441095863,6.414726441095863,6.414726441095863,6.414726441095863,6.414726441095863,6.414726441095863,6.414726441095863,6.414726441095863,6.414726441095863,6.414726441095863,6.414726441095863,6.414726441095863,6.414726441095863,6.414726441095863,6.414726441095863,6.414726441095863,6.414726441095863,6.414726441095863,6.414726441095863,6.414726441095863,6.414726441095863,6.414726441095863,6.414726441095863,6.414726441095863,6.414726441095863,6.414726441095863,6.414726441095863,6.414726441095863,6.414726441095863,6.414726441095863,6.414726441095863,6.414726441095863,6.414726441095863,6.414726441095863,6.378501693752553,6.378501693752553,6.378501693752553,6.378501693752553,6.378501693752553,6.378501693752553,6.378501693752553,6.378501693752553,6.378501693752553,6.378501693752553,6.378501693752553,6.378501693752553,6.378501693752553,6.378501693752553,6.378501693752553,6.378501693752553,6.378501693752553,6.378501693752553,6.378501693752553,6.378501693752553,6.378501693752553,6.378501693752553,6.378501693752553,6.378501693752553,6.378501693752553,6.378501693752553,6.378501693752553,6.378501693752553,6.378501693752553,6.378501693752553,6.378501693752553,6.378501693752553,6.378501693752553,6.378501693752553,6.378501693752553,6.378501693752553,6.378501693752553,6.378501693752553,6.378501693752553,6.378501693752553,6.378501693752553,6.378501693752553,6.378501693752553,6.378501693752553,6.378501693752553,6.378501693752553,6.378501693752553,6.378501693752553,6.378501693752553,6.378501693752553,6.378501693752553,6.378501693752553,6.378501693752553,6.378501693752553,6.378501693752553,6.378501693752553,6.378501693752553,6.378501693752553,6.378501693752553,6.378501693752553,6.378501693752553,6.378501693752553,6.378501693752553,6.378501693752553,6.378501693752553,6.378501693752553,6.378501693752553,6.378501693752553,6.378501693752553,6.378501693752553,6.378501693752553,6.378501693752553,6.378501693752553,6.378501693752553,6.378501693752553,6.378501693752553,6.378501693752553,6.378501693752553,6.378501693752553,6.378501693752553,6.378501693752553,6.378501693752553,6.378501693752553,6.378501693752553,6.378501693752553,6.378501693752553,6.378501693752553,6.378501693752553,6.378501693752553,6.378501693752553,6.378501693752553,6.378501693752553,6.378501693752553,6.378501693752553,6.378501693752553,6.378501693752553,6.378501693752553,6.378501693752553,6.378501693752553,6.378501693752553,6.378501693752553,6.378501693752553,6.378501693752553,6.378501693752553,6.378501693752553,6.378501693752553,6.378501693752553,6.378501693752553,6.378501693752553,6.378501693752553,6.378501693752553,6.378501693752553,6.378501693752553,6.378501693752553,6.378501693752553,6.378501693752553,6.378501693752553,6.378501693752553,6.378501693752553,6.378501693752553,6.378501693752553,6.378501693752553,6.378501693752553,6.378501693752553,6.378501693752553,6.378501693752553,6.378501693752553,6.378501693752553,6.378501693752553,6.378501693752553,6.378501693752553,6.378501693752553,6.378501693752553,6.378501693752553,6.378501693752553,6.378501693752553,6.378501693752553,6.378501693752553,6.378501693752553,6.378501693752553,6.378501693752553,6.378501693752553,6.378501693752553,6.378501693752553,6.378501693752553,6.378501693752553,6.378501693752553,6.378501693752553,6.378501693752553,6.378501693752553,6.378501693752553,6.378501693752553,6.378501693752553,6.378501693752553,6.378501693752553,6.378501693752553,6.378501693752553,6.378501693752553,6.378501693752553,6.378501693752553,6.378501693752553,6.378501693752553,6.378501693752553,6.294984291980116,6.294984291980116,6.294984291980116,6.294984291980116,6.294984291980116,6.280219144930487,6.280219144930487,6.280219144930487,6.280219144930487,6.280219144930487,6.280219144930487,6.280219144930487,6.280219144930487,6.280219144930487,6.280219144930487,6.258326466158562,6.258326466158562,6.258326466158562,6.258326466158562,6.258326466158562,6.258326466158562,6.258326466158562,6.258326466158562,6.258326466158562,6.258326466158562,6.258326466158562,6.258326466158562,6.258326466158562,6.258326466158562,6.258326466158562,6.258326466158562,6.258326466158562,6.258326466158562,6.258326466158562,6.258326466158562,6.258326466158562,6.258326466158562,6.250077070989908,6.250077070989908,6.250077070989908,6.250077070989908,6.250077070989908,6.250077070989908,6.250077070989908,6.250077070989908,6.250077070989908,6.250077070989908,6.250077070989908,6.250077070989908,6.250077070989908,6.250077070989908,6.250077070989908,6.250077070989908,6.250077070989908,6.250077070989908,6.250077070989908,6.250077070989908,6.250077070989908,6.250077070989908,6.250077070989908,6.250077070989908,6.250077070989908,6.250077070989908,6.250077070989908,6.250077070989908,6.250077070989908,6.250077070989908,6.250077070989908,6.250077070989908,6.250077070989908,6.250077070989908,6.250077070989908,6.250077070989908,6.250077070989908,6.250077070989908,6.250077070989908,6.250077070989908,6.250077070989908,6.250077070989908,6.250077070989908,6.250077070989908,6.250077070989908,6.250077070989908,6.250077070989908,6.250077070989908,6.250077070989908,6.250077070989908,6.250077070989908,6.250077070989908,6.250077070989908,6.250077070989908,6.250077070989908,6.250077070989908,6.250077070989908,6.250077070989908,6.250077070989908,6.250077070989908,6.250077070989908,6.250077070989908,6.250077070989908,6.250077070989908,6.250077070989908,6.250077070989908,6.250077070989908,6.250077070989908,6.250077070989908,6.250077070989908,6.250077070989908,6.250077070989908,6.250077070989908,6.250077070989908,6.250077070989908,6.250077070989908,6.250077070989908,6.250077070989908,6.250077070989908,6.250077070989908,6.250077070989908,6.250077070989908,6.250077070989908,6.250077070989908,6.250077070989908,6.250077070989908,6.250077070989908,6.250077070989908,6.250077070989908,6.250077070989908,6.250077070989908,6.250077070989908,6.250077070989908,6.250077070989908,6.250077070989908,6.250077070989908,6.250077070989908,6.250077070989908,6.250077070989908,6.250077070989908,6.250077070989908,6.250077070989908,6.250077070989908,6.250077070989908,6.250077070989908,6.250077070989908,6.250077070989908,6.250077070989908,6.250077070989908,6.250077070989908,6.250077070989908,6.250077070989908,6.250077070989908,6.250077070989908,6.250077070989908,6.250077070989908,6.250077070989908,6.250077070989908,6.250077070989908,6.250077070989908,6.250077070989908,6.250077070989908,6.250077070989908,6.250077070989908,6.250077070989908,6.250077070989908,6.250077070989908,6.250077070989908,6.250077070989908,6.250077070989908,6.250077070989908,6.250077070989908,6.250077070989908,6.250077070989908,6.250077070989908,6.250077070989908,6.250077070989908,6.250077070989908,6.250077070989908,6.250077070989908,6.250077070989908,6.250077070989908,6.250077070989908,6.250077070989908,6.250077070989908,6.250077070989908,6.250077070989908,6.250077070989908,6.250077070989908,6.250077070989908,6.250077070989908,6.250077070989908,6.250077070989908,6.250077070989908,6.250077070989908,6.250077070989908,6.250077070989908,6.250077070989908,6.250077070989908,6.250077070989908,6.250077070989908,6.250077070989908,6.250077070989908,6.250077070989908,6.250077070989908,6.250077070989908,6.250077070989908,6.250077070989908,6.250077070989908,6.250077070989908,6.250077070989908,6.250077070989908,6.250077070989908,6.250077070989908,6.250077070989908,6.250077070989908,6.250077070989908,6.250077070989908,6.250077070989908,6.250077070989908,6.250077070989908,6.250077070989908,6.250077070989908,6.250077070989908,6.250077070989908,6.250077070989908,6.250077070989908,6.250077070989908,6.250077070989908,6.250077070989908,6.250077070989908,6.250077070989908,6.250077070989908,6.250077070989908,6.250077070989908,6.250077070989908,6.250077070989908,6.250077070989908,6.250077070989908,6.250077070989908,6.250077070989908,6.250077070989908,6.250077070989908,6.250077070989908,6.250077070989908,6.250077070989908,6.250077070989908,6.250077070989908,6.250077070989908,6.250077070989908,6.250077070989908,6.250077070989908,6.250077070989908,6.250077070989908,6.250077070989908,6.250077070989908,6.250077070989908,6.250077070989908,6.250077070989908,6.250077070989908,6.250077070989908,6.250077070989908,6.250077070989908,6.250077070989908,6.250077070989908,6.250077070989908,6.250077070989908,6.250077070989908,6.250077070989908,6.250077070989908,6.250077070989908,6.250077070989908,6.250077070989908,6.250077070989908,6.250077070989908,6.250077070989908,6.250077070989908,6.250077070989908,6.250077070989908,6.250077070989908,6.250077070989908,6.250077070989908,6.250077070989908,6.250077070989908,6.250077070989908,6.250077070989908,6.250077070989908,6.250077070989908,6.250077070989908,6.250077070989908,6.250077070989908,6.250077070989908,6.250077070989908,6.250077070989908,6.250077070989908,6.250077070989908,6.250077070989908,6.250077070989908,6.250077070989908,6.250077070989908,6.250077070989908,6.250077070989908,6.250077070989908,6.250077070989908,6.250077070989908,6.250077070989908,6.250077070989908,6.250077070989908,6.250077070989908,6.250077070989908,6.250077070989908,6.250077070989908,6.250077070989908,6.250077070989908,6.250077070989908,6.250077070989908,6.250077070989908,6.250077070989908,6.250077070989908,6.250077070989908,6.250077070989908,6.250077070989908,6.250077070989908,6.250077070989908,6.250077070989908,6.250077070989908,6.250077070989908,6.250077070989908,6.250077070989908,6.250077070989908,6.250077070989908,6.250077070989908,6.250077070989908,6.250077070989908,6.250077070989908,6.250077070989908,6.250077070989908,6.250077070989908,6.250077070989908,6.250077070989908,6.250077070989908,6.250077070989908,6.250077070989908,6.250077070989908,6.250077070989908,6.250077070989908,6.250077070989908,6.250077070989908,6.250077070989908,6.250077070989908,6.250077070989908,6.250077070989908,6.250077070989908,6.250077070989908,6.250077070989908,6.250077070989908,6.250077070989908,6.250077070989908,6.250077070989908,6.250077070989908,6.250077070989908,6.250077070989908,6.250077070989908,6.250077070989908,6.250077070989908,6.250077070989908,6.250077070989908,6.250077070989908,6.250077070989908,6.250077070989908,6.250077070989908,6.250077070989908,6.250077070989908,6.250077070989908,6.250077070989908,6.250077070989908,6.250077070989908,6.250077070989908,6.250077070989908,6.250077070989908,6.250077070989908,6.250077070989908,6.250077070989908,6.250077070989908,6.250077070989908,6.250077070989908,6.250077070989908,6.250077070989908,6.250077070989908,6.250077070989908,6.250077070989908,6.250077070989908,6.250077070989908,6.250077070989908,6.250077070989908,6.250077070989908,6.250077070989908,6.250077070989908,6.250077070989908,6.250077070989908,6.250077070989908,6.250077070989908,6.250077070989908,6.250077070989908,6.250077070989908,6.250077070989908,6.250077070989908,6.250077070989908,6.250077070989908,6.250077070989908,6.250077070989908,6.250077070989908,6.250077070989908,6.250077070989908,6.250077070989908,6.250077070989908,6.250077070989908,6.250077070989908,6.250077070989908,6.250077070989908,6.250077070989908,6.250077070989908,6.250077070989908,6.250077070989908,6.250077070989908,6.250077070989908,6.250077070989908,6.250077070989908,6.250077070989908,6.250077070989908,6.250077070989908,6.250077070989908,6.250077070989908,6.250077070989908,6.250077070989908,6.250077070989908,6.250077070989908,6.250077070989908,6.250077070989908,6.250077070989908,6.250077070989908,6.250077070989908,6.250077070989908,6.250077070989908,6.250077070989908,6.250077070989908,6.250077070989908,6.250077070989908,6.250077070989908,6.250077070989908,6.250077070989908,6.250077070989908,6.250077070989908,6.250077070989908,6.250077070989908,6.250077070989908,6.250077070989908,6.250077070989908,6.250077070989908,6.250077070989908,6.250077070989908,6.250077070989908,6.250077070989908,6.250077070989908,6.250077070989908,6.250077070989908,6.250077070989908,6.250077070989908,6.250077070989908,6.250077070989908,6.250077070989908,6.773593973419742,6.724896400625496,6.724896400625496,6.534478587485227,6.534478587485227,6.534478587485227,6.534478587485227,6.295707644568243,5.5229345189401355,5.5229345189401355,5.5229345189401355,5.5229345189401355,5.5229345189401355,5.5229345189401355,5.5229345189401355,5.5229345189401355,5.5229345189401355,5.5229345189401355,5.452480189769521,5.452480189769521,5.452480189769521,5.452480189769521,5.452480189769521,5.452480189769521,5.452480189769521,5.452480189769521,5.452480189769521,5.452480189769521,5.452480189769521,5.452480189769521,5.452480189769521,5.452480189769521,5.452480189769521,5.452480189769521,5.452480189769521,5.452480189769521,5.452480189769521,5.452480189769521,5.452480189769521,5.452480189769521,5.452480189769521,5.452480189769521,5.452480189769521,5.452480189769521,5.452480189769521,5.452480189769521,5.452480189769521,5.452480189769521,5.452480189769521,5.452480189769521,5.452480189769521,5.452480189769521,5.452480189769521,5.452480189769521,5.452480189769521,5.452480189769521,5.452480189769521,5.452480189769521,5.452480189769521,5.452480189769521,5.452480189769521,5.452480189769521,5.452480189769521,5.452480189769521,5.452480189769521,5.452480189769521,5.452480189769521,4.9312511252287745,4.9312511252287745,4.9312511252287745,4.9312511252287745,4.9312511252287745,4.9312511252287745,4.9312511252287745,4.9312511252287745,4.9312511252287745,4.9312511252287745,4.9312511252287745,4.9312511252287745,4.9312511252287745,4.9312511252287745,4.9312511252287745,4.9312511252287745,4.903835424726486,4.903835424726486,4.797839355564475,4.797839355564475,4.797839355564475,4.797839355564475,4.797839355564475,4.797839355564475,4.797839355564475,4.797839355564475,4.797839355564475,4.797839355564475,4.797839355564475,4.797839355564475,4.797839355564475,4.797839355564475,4.797839355564475,4.797839355564475,4.797839355564475,4.797839355564475,4.797839355564475,4.797839355564475,4.797839355564475,4.797839355564475,4.797839355564475,4.797839355564475,4.797839355564475,4.797839355564475,4.797839355564475,4.797839355564475,4.797839355564475,4.797839355564475,4.746587419754667,4.746587419754667,4.746587419754667,4.746587419754667,4.746587419754667,4.746587419754667,4.746587419754667,4.746587419754667,4.746587419754667,4.746587419754667,4.746587419754667,4.746587419754667,4.746587419754667,4.746587419754667,4.746587419754667,4.688704261410181,4.688704261410181,4.688704261410181,4.688704261410181,4.688704261410181,4.688704261410181,4.688704261410181,4.688704261410181,4.688704261410181,4.688704261410181,4.688704261410181,4.688704261410181,4.37032711181582,4.37032711181582,4.37032711181582,4.37032711181582,4.37032711181582,4.37032711181582,4.37032711181582,4.37032711181582,4.37032711181582,4.37032711181582,4.37032711181582,4.3696915430062555,4.3696915430062555,4.3696915430062555,4.3696915430062555,4.3696915430062555,4.3696915430062555,4.3696915430062555,4.3696915430062555,4.3696915430062555,4.3696915430062555,4.3696915430062555,4.3696915430062555,4.3696915430062555,4.3696915430062555,4.3696915430062555,4.3696915430062555,4.3696915430062555,4.3696915430062555,4.3696915430062555,4.3696915430062555,4.3696915430062555,4.3696915430062555,4.3696915430062555,4.3696915430062555,4.3696915430062555,4.3696915430062555,4.3696915430062555,4.3696915430062555,4.3696915430062555,4.3696915430062555,4.3696915430062555,4.3696915430062555,4.3696915430062555,4.3696915430062555,4.3696915430062555,4.367799946419317,4.367799946419317,4.367799946419317,4.367799946419317,4.367799946419317,4.367799946419317,4.367799946419317,4.367799946419317,4.367799946419317,4.367799946419317,4.367799946419317,4.367799946419317,4.367799946419317,4.367799946419317,4.367799946419317,4.367799946419317,4.367799946419317,4.367799946419317,4.367799946419317,4.367799946419317,4.367799946419317,4.367799946419317,4.367799946419317,4.367799946419317,4.367799946419317,4.367799946419317,4.367799946419317,4.367799946419317,4.367799946419317,4.367799946419317,4.367799946419317,4.367799946419317,4.367799946419317,4.367799946419317,4.367799946419317,3.985749576459077,3.985749576459077,3.985749576459077,3.985749576459077,3.985749576459077,3.985749576459077,3.985749576459077,3.985749576459077,3.985749576459077,3.985749576459077,3.985749576459077,3.985749576459077,3.985749576459077,3.985749576459077,3.985749576459077,3.985749576459077,3.985749576459077,3.985749576459077,3.985749576459077,3.985749576459077,3.985749576459077,3.985749576459077,3.985749576459077,3.985749576459077,3.985749576459077,3.985749576459077,3.985749576459077,3.985749576459077,3.985749576459077,3.985749576459077,3.985749576459077,3.985749576459077,3.985749576459077,3.985749576459077,3.985749576459077,3.985749576459077,3.985749576459077,3.985749576459077,3.985749576459077,3.985749576459077,3.985749576459077,3.985749576459077,3.985749576459077,3.985749576459077,3.985749576459077,3.985749576459077,3.985749576459077,3.985749576459077,3.985749576459077,3.985749576459077,3.985749576459077,3.985749576459077,3.985749576459077,3.985749576459077,3.985749576459077,3.985749576459077,3.985749576459077,3.985749576459077,3.985749576459077,3.985749576459077,3.985749576459077,3.985749576459077,3.985749576459077,3.985749576459077,3.985749576459077,3.985749576459077,3.985749576459077,3.985749576459077,3.985749576459077,3.985749576459077,3.985749576459077,3.985749576459077,3.985749576459077,3.985749576459077,3.985749576459077,3.985749576459077,3.985749576459077,3.985749576459077,3.985749576459077,3.985749576459077,3.985749576459077,3.985749576459077,3.985749576459077,3.985749576459077,3.985749576459077,3.985749576459077,3.985749576459077,3.985749576459077,3.985749576459077,3.985749576459077,3.985749576459077,3.985749576459077,3.985749576459077,3.985749576459077,3.985749576459077,3.985749576459077,3.985749576459077,3.985749576459077,3.985749576459077,3.985749576459077,3.985749576459077,3.985749576459077,3.985749576459077,3.985749576459077,3.985749576459077,3.985749576459077,3.985749576459077,3.985749576459077,3.985749576459077,3.985749576459077,3.985749576459077,3.985749576459077,3.985749576459077,3.985749576459077,3.985749576459077,3.985749576459077,3.985749576459077,3.985749576459077,3.985749576459077,3.985749576459077,3.985749576459077,3.985749576459077,3.985749576459077,3.985749576459077,3.985749576459077,3.985749576459077,3.985749576459077,3.985749576459077,3.985749576459077,3.985749576459077,3.985749576459077,3.985749576459077,3.985749576459077,3.985749576459077,3.985749576459077,3.985749576459077,3.985749576459077,3.985749576459077,3.985749576459077,3.985749576459077,3.985749576459077,3.985749576459077,3.985749576459077,3.985749576459077,3.985749576459077,3.985749576459077,3.985749576459077,3.985749576459077,3.985749576459077,3.985749576459077,3.985749576459077,3.985749576459077,3.985749576459077,3.985749576459077,3.985749576459077,3.985749576459077,3.985749576459077,3.985749576459077,3.985749576459077,3.985749576459077,3.985749576459077,3.985749576459077,3.985749576459077,3.985749576459077,3.985749576459077,3.985749576459077,3.985749576459077,3.985749576459077,3.985749576459077,3.985749576459077,3.985749576459077,3.985749576459077,3.985749576459077,3.985749576459077,3.985749576459077,3.985749576459077,3.985749576459077,3.985749576459077,3.985749576459077,3.985749576459077,3.985749576459077,3.985749576459077,3.985749576459077,3.985749576459077,3.985749576459077,3.985749576459077,3.985749576459077,3.985749576459077,3.985749576459077,3.985749576459077,3.985749576459077,3.985749576459077,3.985749576459077,3.985749576459077,3.985749576459077,3.985749576459077,3.985749576459077,3.985749576459077,3.985749576459077,3.985749576459077,3.985749576459077,3.985749576459077,3.985749576459077,3.985749576459077,3.985749576459077,3.985749576459077,3.985749576459077,3.985749576459077,3.985749576459077,3.985749576459077,3.985749576459077,3.985749576459077,3.985749576459077,3.985749576459077,3.985749576459077,3.985749576459077,3.985749576459077,3.985749576459077,3.985749576459077,3.985749576459077,3.985749576459077,3.985749576459077,3.985749576459077,3.985749576459077,3.985749576459077,3.985749576459077,3.985749576459077,3.985749576459077,3.985749576459077,3.985749576459077,3.985749576459077,3.985749576459077,3.985749576459077,3.985749576459077,3.985749576459077,3.985749576459077,3.985749576459077,3.985749576459077,3.985749576459077,3.985749576459077,3.985749576459077,3.985749576459077,3.985749576459077,3.985749576459077,3.985749576459077,3.985749576459077,3.985749576459077,3.985749576459077,3.985749576459077,3.985749576459077,3.985749576459077,3.985749576459077,3.985749576459077,3.985749576459077,3.985749576459077,3.985749576459077,3.985749576459077,3.985749576459077,3.985749576459077,3.985749576459077,3.985749576459077,3.985749576459077,3.985749576459077,3.985749576459077,3.985749576459077,3.985749576459077,3.985749576459077,3.985749576459077,3.985749576459077,3.985749576459077,3.985749576459077,3.985749576459077,3.985749576459077,3.985749576459077,3.985749576459077,3.985749576459077,3.985749576459077,3.985749576459077,3.985749576459077,3.985749576459077,3.985749576459077,3.985749576459077,3.985749576459077,3.985749576459077,3.985749576459077,3.985749576459077,3.985749576459077,3.985749576459077,3.985749576459077,3.985749576459077,3.985749576459077,3.985749576459077,3.985749576459077,3.985749576459077,3.985749576459077,3.985749576459077,3.985749576459077,3.985749576459077,3.985749576459077,3.985749576459077,3.985749576459077,3.985749576459077,3.985749576459077,3.985749576459077,3.985749576459077,3.985749576459077,3.985749576459077,3.985749576459077,3.985749576459077,3.985749576459077,3.985749576459077,3.985749576459077,3.985749576459077,3.985749576459077,3.985749576459077,3.985749576459077,3.985749576459077,3.985749576459077,3.985749576459077,3.985749576459077,3.985749576459077,3.985749576459077,3.985749576459077,3.985749576459077,3.985749576459077,3.985749576459077,3.985749576459077,3.985749576459077,3.985749576459077,3.985749576459077,3.985749576459077,3.985749576459077,3.985749576459077,3.985749576459077,3.985749576459077,3.985749576459077,3.985749576459077,3.985749576459077,3.985749576459077,3.985749576459077,3.985749576459077,3.985749576459077,3.985749576459077,3.985749576459077,3.985749576459077,3.985749576459077,3.985749576459077,3.985749576459077,3.985749576459077,3.985749576459077,3.985749576459077,3.985749576459077,3.985749576459077,3.985749576459077,3.985749576459077,3.985749576459077,3.985749576459077,3.985749576459077,3.985749576459077,3.985749576459077,3.985749576459077,3.985749576459077,3.985749576459077,3.985749576459077,3.985749576459077,3.985749576459077,3.985749576459077,3.985749576459077,3.985749576459077,3.985749576459077,3.985749576459077,3.985749576459077,3.985749576459077,3.985749576459077,3.985749576459077,3.985749576459077,3.985749576459077,3.985749576459077,3.985749576459077,3.985749576459077,3.985749576459077,3.985749576459077,3.985749576459077,3.985749576459077,3.985749576459077,3.985749576459077,3.985749576459077,3.985749576459077,3.985749576459077,3.985749576459077,3.985749576459077,3.985749576459077,3.985749576459077,3.985749576459077,3.985749576459077,3.985749576459077,3.985749576459077,3.985749576459077,3.985749576459077,3.985749576459077,3.985749576459077,3.985749576459077,3.985749576459077,3.985749576459077,3.985749576459077,3.985749576459077,3.985749576459077,3.985749576459077,3.985749576459077,3.985749576459077,3.985749576459077,3.985749576459077,3.985749576459077,3.985749576459077,3.985749576459077,3.985749576459077,3.985749576459077,3.985749576459077,3.985749576459077,3.985749576459077,3.985749576459077,3.985749576459077,3.985749576459077,3.985749576459077,3.985749576459077,3.985749576459077,3.985749576459077,3.985749576459077,3.985749576459077,3.985749576459077,3.985749576459077,3.985749576459077,3.985749576459077,3.985749576459077,3.985749576459077,3.985749576459077,3.985749576459077,3.985749576459077,3.985749576459077,3.985749576459077,3.985749576459077,3.985749576459077,3.985749576459077,3.985749576459077,3.985749576459077,3.985749576459077,3.985749576459077,3.985749576459077,3.985749576459077,3.985749576459077,3.985749576459077,3.985749576459077,3.985749576459077,3.985749576459077,3.985749576459077,3.985749576459077,3.985749576459077,3.985749576459077,3.985749576459077,3.985749576459077,3.985749576459077,3.985749576459077,3.985749576459077,3.985749576459077,3.985749576459077,3.985749576459077,3.985749576459077,3.985749576459077,3.985749576459077,3.985749576459077,3.985749576459077,3.985749576459077,3.985749576459077,3.985749576459077,3.985749576459077,3.985749576459077,3.985749576459077,3.985749576459077,3.985749576459077,3.985749576459077,3.985749576459077,3.985749576459077,3.985749576459077,3.985749576459077,3.985749576459077,3.985749576459077,3.985749576459077,3.985749576459077,3.985749576459077,3.985749576459077,3.985749576459077,3.985749576459077,3.985749576459077,3.985749576459077,3.985749576459077,3.985749576459077,3.985749576459077,3.985749576459077,3.985749576459077,3.985749576459077,3.985749576459077,3.985749576459077,3.985749576459077,3.985749576459077,3.985749576459077,3.985749576459077,3.985749576459077,3.985749576459077,3.985749576459077,3.985749576459077,3.985749576459077,3.985749576459077,3.985749576459077,3.985749576459077,3.985749576459077,3.985749576459077,3.985749576459077,3.985749576459077,3.985749576459077,3.985749576459077,3.985749576459077,3.985749576459077,3.985749576459077,3.985749576459077,3.985749576459077,3.985749576459077,3.985749576459077,3.985749576459077,3.985749576459077,3.985749576459077,3.985749576459077,3.985749576459077,3.985749576459077,3.985749576459077,3.985749576459077,3.985749576459077,3.985749576459077,3.985749576459077,3.985749576459077,3.985749576459077,3.985749576459077,3.985749576459077,3.985749576459077,3.985749576459077,3.985749576459077,3.985749576459077,3.985749576459077,3.985749576459077,3.985749576459077,3.985749576459077,3.985749576459077,3.985749576459077,3.985749576459077,3.985749576459077,3.985749576459077,3.985749576459077,3.985749576459077,3.985749576459077,3.985749576459077,3.985749576459077,3.985749576459077,3.985749576459077,3.985749576459077,3.985749576459077,3.985749576459077,3.985749576459077,3.985749576459077,3.985749576459077,3.985749576459077,3.985749576459077,3.985749576459077,3.985749576459077,3.985749576459077,3.985749576459077,3.985749576459077,3.985749576459077,3.985749576459077,3.985749576459077,3.985749576459077,3.985749576459077,3.985749576459077,3.985749576459077,3.985749576459077,3.985749576459077,3.985749576459077,3.985749576459077,3.985749576459077,3.985749576459077,3.985749576459077,3.985749576459077,3.985749576459077,3.985749576459077,3.985749576459077,3.985749576459077,3.985749576459077,3.985749576459077,3.985749576459077,3.985749576459077,3.985749576459077,3.985749576459077,3.985749576459077,3.985749576459077,3.985749576459077,3.985749576459077,3.985749576459077,3.985749576459077,3.985749576459077,3.985749576459077,3.985749576459077,3.985749576459077,3.985749576459077,3.985749576459077,3.985749576459077,3.985749576459077,3.985749576459077,3.985749576459077,3.985749576459077,3.985749576459077,3.985749576459077,3.985749576459077,3.985749576459077,3.985749576459077,3.985749576459077,3.985749576459077,3.985749576459077,3.985749576459077,3.985749576459077,3.985749576459077,3.985749576459077,3.985749576459077,3.985749576459077,3.985749576459077,3.985749576459077,3.985749576459077,3.985749576459077,3.985749576459077,3.985749576459077,3.985749576459077,3.985749576459077,3.985749576459077,3.985749576459077,3.985749576459077,3.985749576459077,3.985749576459077,3.985749576459077,3.985749576459077,3.985749576459077,3.985749576459077,3.985749576459077,3.985749576459077,3.985749576459077,3.985749576459077,3.985749576459077,3.985749576459077,3.985749576459077,3.985749576459077,3.985749576459077,3.985749576459077,3.985749576459077,3.985749576459077,3.985749576459077,3.985749576459077,3.985749576459077,3.985749576459077,3.985749576459077,3.985749576459077,3.985749576459077,3.985749576459077,3.985749576459077,3.985749576459077,3.985749576459077,3.985749576459077,3.985749576459077,3.985749576459077,3.985749576459077,3.985749576459077,3.985749576459077,3.985749576459077,3.985749576459077,3.985749576459077,3.985749576459077,3.985749576459077,3.985749576459077,3.985749576459077,3.985749576459077,3.985749576459077,3.985749576459077,3.985749576459077,3.985749576459077,3.985749576459077,3.985749576459077,3.985749576459077,3.985749576459077,3.985749576459077,3.985749576459077,3.985749576459077,3.985749576459077,3.985749576459077,3.985749576459077,3.985749576459077,3.985749576459077,3.985749576459077,3.985749576459077,3.985749576459077,3.985749576459077,3.985749576459077,3.985749576459077,3.985749576459077,3.985749576459077,3.985749576459077,3.663352051826878,3.663352051826878,3.663352051826878,3.663352051826878,3.663352051826878,3.663352051826878,3.663352051826878,3.663352051826878,3.663352051826878,3.663352051826878,3.663352051826878,3.663352051826878,3.663352051826878,3.663352051826878,3.663352051826878,3.663352051826878,3.2991728923655663,3.2991728923655663,3.2991728923655663,3.2991728923655663,3.2991728923655663,3.2991728923655663,3.2991728923655663,3.2991728923655663,3.2991728923655663,3.2991728923655663,3.2991728923655663,3.2991728923655663,3.2991728923655663,3.2991728923655663,3.2991728923655663,3.2991728923655663,3.2991728923655663,3.2991728923655663,3.2991728923655663,3.2991728923655663,3.2991728923655663,3.2991728923655663,3.2991728923655663,3.2991728923655663,3.2991728923655663,3.2991728923655663,3.2991728923655663,3.2991728923655663,3.2991728923655663,3.2991728923655663,3.2991728923655663,3.2991728923655663,3.2991728923655663,3.2991728923655663,3.2991728923655663,3.2991728923655663,3.2991728923655663,3.2991728923655663,3.2991728923655663,3.2991728923655663,3.2991728923655663,3.2991728923655663,3.2991728923655663,3.2991728923655663,3.2991728923655663,3.2991728923655663,3.2991728923655663,3.2991728923655663,3.2991728923655663,3.2991728923655663,3.2991728923655663,6.448308900867008,6.448308900867008,6.448308900867008,6.448308900867008,6.448308900867008,6.448308900867008,6.448308900867008,6.448308900867008,6.448308900867008,6.448308900867008,6.448308900867008,6.448308900867008,6.448308900867008,6.448308900867008,6.31460969512313,6.31460969512313,6.254688150004382,6.254688150004382,6.254688150004382,6.254688150004382,6.254688150004382,6.254688150004382,6.115958050500025,6.115958050500025,6.115958050500025,6.115958050500025,6.115958050500025,6.115958050500025,6.115958050500025,6.115958050500025,6.115958050500025,6.115958050500025,6.115958050500025,6.115958050500025,5.9421264860726355,5.9421264860726355,5.9421264860726355,5.013617554448478,5.013617554448478,5.013617554448478,5.013617554448478,5.013617554448478,5.013617554448478,5.013617554448478,5.013617554448478,5.013617554448478,5.013617554448478,5.013617554448478,5.013617554448478,5.013617554448478,5.013617554448478,5.013617554448478,5.013617554448478,5.013617554448478,5.013617554448478,5.013617554448478,5.013617554448478,5.013617554448478,5.013617554448478,5.013617554448478,5.013617554448478,5.013617554448478,5.013617554448478,5.013617554448478,5.013617554448478,5.013617554448478,5.013617554448478,5.013617554448478,5.013617554448478,5.013617554448478,5.013617554448478,5.013617554448478,5.013617554448478,5.013617554448478,5.013617554448478,5.013617554448478,5.013617554448478,5.013617554448478,5.013617554448478,5.013617554448478,5.013617554448478,5.013617554448478,5.013617554448478,5.013617554448478,5.013617554448478,5.013617554448478,5.013617554448478,5.013617554448478,5.013617554448478,5.013617554448478,5.013617554448478,5.013617554448478,5.013617554448478,5.013617554448478,5.013617554448478,5.013617554448478,5.013617554448478,5.013617554448478,5.013617554448478,5.013617554448478,5.013617554448478,5.013617554448478,5.013617554448478,5.013617554448478,5.013617554448478,5.013617554448478,5.013617554448478,5.013617554448478,5.013617554448478,5.013617554448478,5.013617554448478,5.013617554448478,5.013617554448478,5.013617554448478,5.013617554448478,5.013617554448478,5.013617554448478,5.013617554448478,5.013617554448478,5.013617554448478,5.013617554448478,5.013617554448478,5.013617554448478,5.013617554448478,5.013617554448478,5.013617554448478,5.013617554448478,5.013617554448478,5.013617554448478,5.013617554448478,5.013617554448478,5.013617554448478,5.013617554448478,5.013617554448478,5.013617554448478,5.013617554448478,5.013617554448478,5.013617554448478,5.013617554448478,5.013617554448478,5.013617554448478,5.013617554448478,5.013617554448478,5.013617554448478,5.013617554448478,5.013617554448478,4.820608208905576,4.820608208905576,4.820608208905576,4.820608208905576,4.820608208905576,4.820608208905576,4.820608208905576,4.820608208905576,4.820608208905576,4.820608208905576,4.820608208905576,4.820608208905576,4.820608208905576,4.820608208905576,4.014633090427076,4.014633090427076,4.014633090427076,4.014633090427076,3.9657710454435153,3.9657710454435153,3.9657710454435153,3.9657710454435153,3.9657710454435153,3.9657710454435153,3.9657710454435153,3.9657710454435153,3.9657710454435153,3.9657710454435153,3.9657710454435153,3.9657710454435153,3.9657710454435153,3.9657710454435153,3.9657710454435153,3.9657710454435153,3.9657710454435153,3.9657710454435153,3.9657710454435153,3.9657710454435153,3.9657710454435153,3.9657710454435153,3.9657710454435153,3.9657710454435153,3.9657710454435153,3.9657710454435153,3.9657710454435153,3.9657710454435153,3.9657710454435153,3.9657710454435153,3.9657710454435153,3.9657710454435153,3.9657710454435153,3.9657710454435153,3.9657710454435153,3.9657710454435153,3.9657710454435153,3.9657710454435153,3.9657710454435153,3.9657710454435153,3.9657710454435153,3.9657710454435153,3.9657710454435153,3.9657710454435153,3.9657710454435153,3.9657710454435153,3.9657710454435153,3.9657710454435153,3.9657710454435153,3.9657710454435153,3.9657710454435153,3.9657710454435153,3.9657710454435153,3.9657710454435153,3.9657710454435153,3.9657710454435153,3.9657710454435153,3.9657710454435153,3.9657710454435153,3.9657710454435153,3.9657710454435153,3.9657710454435153,3.9657710454435153,3.9657710454435153,3.9657710454435153,3.9657710454435153,3.9657710454435153,3.9657710454435153,3.9657710454435153,3.9657710454435153,3.9657710454435153,3.9657710454435153,3.9657710454435153,3.9657710454435153,3.9657710454435153,3.9657710454435153,3.9657710454435153,3.9657710454435153,3.9657710454435153,3.9657710454435153,3.9657710454435153,3.9657710454435153,3.9657710454435153,3.9657710454435153,3.9657710454435153,3.9657710454435153,3.9657710454435153,3.9657710454435153,3.9657710454435153,3.9657710454435153,3.9657710454435153,3.9657710454435153,3.9657710454435153,3.9657710454435153,3.9657710454435153,3.9657710454435153,3.9657710454435153,3.9657710454435153,3.9657710454435153,3.9657710454435153,3.9657710454435153,3.9657710454435153,3.9657710454435153,3.9657710454435153,3.9657710454435153,3.9657710454435153,3.9657710454435153,3.9657710454435153,3.9657710454435153,3.9657710454435153,3.9657710454435153,3.9657710454435153,3.9657710454435153,3.9657710454435153,3.9657710454435153,3.9657710454435153,3.9657710454435153,3.9657710454435153,3.9657710454435153,3.9657710454435153,3.9657710454435153,3.9657710454435153,3.9657710454435153,3.9657710454435153,3.9657710454435153,3.9657710454435153,3.9657710454435153,3.9657710454435153,3.9657710454435153,3.9657710454435153,3.9657710454435153,3.9657710454435153,3.9657710454435153,3.9657710454435153,3.9657710454435153,3.9657710454435153,3.9657710454435153,3.9657710454435153,3.9657710454435153,3.9657710454435153,3.9657710454435153,3.9657710454435153,3.9657710454435153,3.9657710454435153,3.9657710454435153,3.9657710454435153,3.9657710454435153,3.9657710454435153,3.9657710454435153,3.9657710454435153,3.9657710454435153,3.9657710454435153,3.9657710454435153,3.9657710454435153,3.9657710454435153,3.9657710454435153,3.9657710454435153,3.9657710454435153,3.9657710454435153,3.9657710454435153,3.9657710454435153,3.9657710454435153,3.9657710454435153,3.9657710454435153,3.9657710454435153,3.9657710454435153,3.9657710454435153,3.9657710454435153,3.9657710454435153,3.9657710454435153,3.9657710454435153,3.9657710454435153,3.9657710454435153,3.9657710454435153,3.9657710454435153,3.9657710454435153,3.9657710454435153,3.9657710454435153,3.9657710454435153,3.9657710454435153,3.9657710454435153,3.9657710454435153,3.9657710454435153,3.9657710454435153,3.9657710454435153,3.9657710454435153,3.9657710454435153,3.9657710454435153,3.9657710454435153,3.9657710454435153,3.9657710454435153,3.9657710454435153,3.9657710454435153,3.9657710454435153,3.9657710454435153,3.9657710454435153,3.9657710454435153,3.9657710454435153,3.9657710454435153,3.9657710454435153,3.9657710454435153,3.9657710454435153,3.9657710454435153,3.9657710454435153,3.9657710454435153,3.9657710454435153,3.9657710454435153,3.9657710454435153,3.9657710454435153,3.9657710454435153,3.9657710454435153,3.9657710454435153,3.9657710454435153,3.9657710454435153,3.9657710454435153,3.9657710454435153,3.9657710454435153,3.9657710454435153,3.9657710454435153,3.9657710454435153,3.9657710454435153,3.9657710454435153,3.9657710454435153,3.9657710454435153,3.9657710454435153,3.9657710454435153,3.9657710454435153,3.9657710454435153,3.9657710454435153,3.9657710454435153,3.9657710454435153,3.9657710454435153,3.9657710454435153,3.9657710454435153,3.9657710454435153,3.9657710454435153,3.9657710454435153,3.9657710454435153,3.9657710454435153,3.9657710454435153,3.9657710454435153,3.9657710454435153,3.9657710454435153,3.9657710454435153,3.9657710454435153,3.9657710454435153,3.9657710454435153,3.9657710454435153,3.9657710454435153,3.9657710454435153,3.9657710454435153,3.9657710454435153,3.9657710454435153,3.9657710454435153,3.9657710454435153,3.9657710454435153,3.9657710454435153,3.9657710454435153,3.9657710454435153,3.9657710454435153,3.9657710454435153,3.9657710454435153,3.9657710454435153,3.9657710454435153,3.9657710454435153,3.9657710454435153,3.9657710454435153,3.9657710454435153,3.9657710454435153,3.9657710454435153,3.9657710454435153,3.9657710454435153,3.9657710454435153,3.9657710454435153,3.9657710454435153,3.9657710454435153,3.9657710454435153,3.9657710454435153,3.9657710454435153,3.9657710454435153,3.9657710454435153,3.9657710454435153,3.9657710454435153,3.9657710454435153,3.9657710454435153,3.9657710454435153,3.9657710454435153,3.9657710454435153,3.9657710454435153,3.9657710454435153,3.9657710454435153,3.9657710454435153,3.9657710454435153,3.9657710454435153,3.9657710454435153,3.9657710454435153,3.9657710454435153,3.9657710454435153,3.9657710454435153,3.9657710454435153,3.9657710454435153,3.9657710454435153,3.9657710454435153,3.9657710454435153,3.9657710454435153,3.9657710454435153,3.9657710454435153,3.9657710454435153,3.9657710454435153,3.9657710454435153,3.9657710454435153,3.9657710454435153,3.9657710454435153,3.9657710454435153,3.9657710454435153,3.9657710454435153,3.9657710454435153,3.9657710454435153,3.9657710454435153,3.9657710454435153,3.9657710454435153,3.9657710454435153,3.9657710454435153,3.9657710454435153,3.9657710454435153,3.9657710454435153,3.9657710454435153,3.9657710454435153,3.9657710454435153,3.9657710454435153,3.9657710454435153,3.9657710454435153,3.9657710454435153,3.9657710454435153,3.9657710454435153,3.9657710454435153,3.9657710454435153,3.9657710454435153,3.9657710454435153,3.9657710454435153,3.9657710454435153,3.9657710454435153,3.9657710454435153,3.9657710454435153,3.9657710454435153,3.9657710454435153,3.9657710454435153,3.9657710454435153,3.9657710454435153,3.9657710454435153,3.9657710454435153,3.9657710454435153,3.9657710454435153,3.9657710454435153,3.9657710454435153,3.9657710454435153,3.9657710454435153,3.9657710454435153,3.9657710454435153,3.9657710454435153,3.9657710454435153,3.9657710454435153,3.9657710454435153,3.9657710454435153,3.9657710454435153,3.9657710454435153,3.9657710454435153,3.9657710454435153,3.9657710454435153,3.9657710454435153,3.9657710454435153,3.9657710454435153,3.9657710454435153,3.9657710454435153,3.9657710454435153,3.9657710454435153,3.9657710454435153,3.9657710454435153,3.9657710454435153,3.9657710454435153,3.9657710454435153,3.9657710454435153,3.9657710454435153,3.9657710454435153,3.9657710454435153,3.9657710454435153,3.9657710454435153,3.9657710454435153,3.9657710454435153,3.9657710454435153,3.9657710454435153,3.9657710454435153,3.9657710454435153,3.9657710454435153,3.9657710454435153,3.9657710454435153,3.9657710454435153,3.9657710454435153,3.9657710454435153,3.9657710454435153,3.9657710454435153,3.9657710454435153,3.9657710454435153,3.9657710454435153,3.9657710454435153,3.9657710454435153,3.9657710454435153,3.9657710454435153,3.9657710454435153,3.9657710454435153,3.9657710454435153,3.9657710454435153,3.9657710454435153,3.9657710454435153,3.9657710454435153,3.9657710454435153,3.9657710454435153,3.9657710454435153,3.9657710454435153,3.9657710454435153,3.9657710454435153,3.9657710454435153,3.9657710454435153,3.9657710454435153,3.9657710454435153,3.9657710454435153,3.9657710454435153,3.9657710454435153,3.9657710454435153,3.9657710454435153,3.9657710454435153,3.9657710454435153,3.9657710454435153,3.9657710454435153,3.9657710454435153,3.9657710454435153,3.9657710454435153,3.9657710454435153,3.9657710454435153,3.9657710454435153,3.9657710454435153,3.9657710454435153,3.9657710454435153,3.9657710454435153,3.9657710454435153,3.9657710454435153,3.9657710454435153,3.9657710454435153,3.9657710454435153,3.9657710454435153,3.9657710454435153,3.9657710454435153,3.9657710454435153,3.9657710454435153,3.9657710454435153,3.9657710454435153,3.9657710454435153,3.9657710454435153,3.9657710454435153,3.9657710454435153,3.9657710454435153,3.9657710454435153,3.9657710454435153,3.9657710454435153,3.9657710454435153,3.9657710454435153,3.9657710454435153,3.9657710454435153,3.9657710454435153,3.9657710454435153,3.9657710454435153,3.9657710454435153,3.9657710454435153,3.9657710454435153,3.9657710454435153,3.9657710454435153,3.9657710454435153,3.9657710454435153,3.9657710454435153,3.9657710454435153,3.9657710454435153,3.9657710454435153,3.9657710454435153,3.9657710454435153,3.9657710454435153,3.9657710454435153,3.9657710454435153,3.9657710454435153,3.9657710454435153,3.9657710454435153,3.9657710454435153,3.9657710454435153,3.9657710454435153,3.9657710454435153,3.9657710454435153,3.9657710454435153,3.9657710454435153,3.9657710454435153,3.9657710454435153,3.9657710454435153,3.9657710454435153,3.9657710454435153,3.9657710454435153,3.9657710454435153,3.9657710454435153,3.9657710454435153,3.9657710454435153,3.9657710454435153,3.9657710454435153,3.9657710454435153,3.9657710454435153,3.9657710454435153,3.9657710454435153,3.9657710454435153,3.9657710454435153,3.9657710454435153,3.9657710454435153,3.9657710454435153,3.9657710454435153,3.9657710454435153,3.9657710454435153,3.9657710454435153,3.9657710454435153,3.9657710454435153,3.9657710454435153,3.9657710454435153,3.9657710454435153,3.9657710454435153,3.9657710454435153,3.9657710454435153,3.9657710454435153,3.9657710454435153,3.9657710454435153,3.9657710454435153,3.9657710454435153,3.9657710454435153,3.9657710454435153,3.9657710454435153,3.9657710454435153,3.9657710454435153,3.9657710454435153,3.9657710454435153,3.9657710454435153,3.9657710454435153,3.9657710454435153,3.9657710454435153,3.9657710454435153,3.9657710454435153,3.9657710454435153,3.9657710454435153,3.9657710454435153,3.9657710454435153,3.9657710454435153,3.9657710454435153,3.9657710454435153,3.9657710454435153,3.9657710454435153,3.9657710454435153,3.9657710454435153,3.9657710454435153,3.9657710454435153,3.9657710454435153,3.9657710454435153,3.9657710454435153,3.9657710454435153,3.9657710454435153,3.9657710454435153,3.9657710454435153,3.9657710454435153,3.9657710454435153,3.9657710454435153,3.9657710454435153,3.9657710454435153,3.9657710454435153,3.9657710454435153,3.9657710454435153,3.9657710454435153,3.9657710454435153,3.9657710454435153,3.9657710454435153,3.9657710454435153,3.9657710454435153,3.9657710454435153,3.9657710454435153,3.9657710454435153,3.9657710454435153,3.9657710454435153,3.9657710454435153,3.9657710454435153,3.9657710454435153,3.9657710454435153,3.9657710454435153,3.9657710454435153,3.9657710454435153,3.9657710454435153,3.9657710454435153,3.9657710454435153,3.9657710454435153,3.9657710454435153,3.9657710454435153,3.9657710454435153,3.9657710454435153,3.9657710454435153,3.9657710454435153,3.9657710454435153,3.9657710454435153,3.9657710454435153,3.9657710454435153,3.9657710454435153,3.9657710454435153,3.9657710454435153,3.9657710454435153,3.9657710454435153,3.9657710454435153,3.9657710454435153,3.9657710454435153,3.9657710454435153,3.9657710454435153,3.9657710454435153,3.9657710454435153,3.9657710454435153,3.9657710454435153,3.9657710454435153,3.9657710454435153,3.9657710454435153,3.9657710454435153,3.9657710454435153,3.9657710454435153,3.9657710454435153,3.9657710454435153,3.9657710454435153,3.9657710454435153,3.9657710454435153,2.956408860565999,2.956408860565999,2.956408860565999,2.956408860565999,2.956408860565999,2.956408860565999,2.956408860565999,2.956408860565999,2.956408860565999,2.956408860565999,2.956408860565999,2.956408860565999,2.956408860565999,2.956408860565999,2.956408860565999,2.956408860565999,2.956408860565999,2.956408860565999,2.956408860565999,2.956408860565999,2.956408860565999,2.956408860565999,2.956408860565999,2.956408860565999,2.956408860565999,2.956408860565999,2.956408860565999,2.956408860565999,2.956408860565999,2.956408860565999,2.956408860565999,2.956408860565999,2.956408860565999,2.956408860565999,2.956408860565999,2.956408860565999,2.956408860565999,2.956408860565999,2.956408860565999,2.956408860565999,2.956408860565999,2.956408860565999,2.956408860565999,2.956408860565999,2.956408860565999,2.956408860565999,2.956408860565999,2.956408860565999,2.956408860565999,2.956408860565999,2.956408860565999,2.956408860565999,2.956408860565999,2.956408860565999,2.956408860565999,2.956408860565999,2.956408860565999,2.956408860565999,2.956408860565999,2.956408860565999,2.956408860565999,2.956408860565999,2.956408860565999,2.956408860565999,2.956408860565999,2.956408860565999,2.956408860565999,2.956408860565999,2.956408860565999,2.956408860565999,2.956408860565999,2.956408860565999,2.956408860565999,2.956408860565999,2.956408860565999,2.956408860565999,2.956408860565999,2.956408860565999,2.956408860565999,2.956408860565999,2.956408860565999,2.956408860565999,2.956408860565999,2.956408860565999,2.956408860565999,2.956408860565999,2.956408860565999,2.956408860565999,2.956408860565999,2.956408860565999,2.956408860565999,2.956408860565999,2.956408860565999,2.956408860565999,2.956408860565999,2.956408860565999,2.956408860565999,2.956408860565999,2.956408860565999,2.956408860565999,2.956408860565999,2.956408860565999,2.956408860565999,2.956408860565999,2.956408860565999,2.956408860565999,2.956408860565999,2.956408860565999,2.956408860565999,2.956408860565999,2.956408860565999,2.956408860565999,2.956408860565999,2.956408860565999,2.956408860565999,2.956408860565999,2.956408860565999,2.956408860565999,2.956408860565999,2.956408860565999,2.956408860565999,2.956408860565999,2.956408860565999,2.956408860565999,2.956408860565999,2.956408860565999,2.956408860565999,2.956408860565999,2.956408860565999,2.956408860565999,2.956408860565999,2.956408860565999,2.956408860565999,2.956408860565999,2.956408860565999,2.956408860565999,2.956408860565999,2.956408860565999,2.956408860565999,2.956408860565999,2.956408860565999,2.956408860565999,2.956408860565999,2.956408860565999,2.956408860565999,2.956408860565999,2.956408860565999,2.956408860565999,2.956408860565999,2.956408860565999,2.956408860565999,2.956408860565999,2.956408860565999,2.956408860565999,2.956408860565999,2.956408860565999,2.956408860565999,2.956408860565999,2.956408860565999,2.956408860565999,2.956408860565999,2.956408860565999,2.956408860565999,2.956408860565999,2.956408860565999,2.956408860565999,2.956408860565999,2.956408860565999,2.956408860565999,2.956408860565999,2.956408860565999,2.956408860565999,2.956408860565999,2.956408860565999,2.956408860565999,2.956408860565999,2.956408860565999,2.956408860565999,2.956408860565999,2.956408860565999,2.956408860565999,2.956408860565999,2.956408860565999,2.956408860565999,2.956408860565999,2.956408860565999,2.956408860565999,2.956408860565999,2.956408860565999,2.956408860565999,2.956408860565999,2.956408860565999,2.956408860565999,2.956408860565999,2.956408860565999,2.956408860565999,2.956408860565999,2.956408860565999,2.956408860565999,2.956408860565999,2.956408860565999,2.956408860565999,2.956408860565999,8.5878711365748,8.396035782630484,8.396035782630484,8.156152227567416,8.156152227567416,8.156152227567416,8.156152227567416,7.291622024883666,7.291622024883666,7.291622024883666,7.291622024883666,7.144930949141734,7.144930949141734,7.144930949141734,7.144930949141734,7.144930949141734,7.129903852103117,7.129903852103117,7.129903852103117,7.129903852103117,7.129903852103117,7.129903852103117,7.129903852103117,7.129903852103117,7.129903852103117,6.9472625235317205,6.9472625235317205,6.9472625235317205,6.9472625235317205,6.9472625235317205,6.9472625235317205,6.9472625235317205,6.9472625235317205,6.9472625235317205,6.9472625235317205,6.9472625235317205,6.9472625235317205,6.9472625235317205,6.9472625235317205,6.9472625235317205,6.9472625235317205,6.9472625235317205,6.9472625235317205,6.9472625235317205,6.9472625235317205,6.9472625235317205,6.9472625235317205,6.9472625235317205,6.9472625235317205,6.9472625235317205,6.9472625235317205,6.9472625235317205,6.9472625235317205,6.9472625235317205,6.9472625235317205,6.9472625235317205,6.595629051554489,6.595629051554489,6.595629051554489,6.595629051554489,6.595629051554489,6.595629051554489,6.595629051554489,6.595629051554489,5.958894987921198,5.958894987921198,5.958894987921198,5.958894987921198,5.958894987921198,5.958894987921198,5.958894987921198,5.958894987921198,5.958894987921198,5.958894987921198,5.958894987921198,5.958894987921198,5.958894987921198,5.958894987921198,5.958894987921198,5.958894987921198,5.958894987921198,5.958894987921198,5.958894987921198,5.958894987921198,5.958894987921198,5.958894987921198,5.958894987921198,5.958894987921198,5.958894987921198,5.958894987921198,5.958894987921198,5.958894987921198,5.958894987921198,5.958894987921198,5.958894987921198,5.495448526525084,5.495448526525084,5.495448526525084,5.495448526525084,5.495448526525084,5.495448526525084,5.495448526525084,5.495448526525084,5.495448526525084,5.495448526525084,5.495448526525084,5.495448526525084,5.495448526525084,5.495448526525084,5.495448526525084,5.495448526525084,5.495448526525084,5.495448526525084,5.495448526525084,5.495448526525084,5.495448526525084,5.495448526525084,5.495448526525084,5.495448526525084,5.495448526525084,5.495448526525084,5.495448526525084,5.495448526525084,5.495448526525084,5.495448526525084,5.495448526525084,5.495448526525084,5.495448526525084,5.495448526525084,5.495448526525084,5.495448526525084,5.495448526525084,5.495448526525084,5.495448526525084,5.495448526525084,5.495448526525084,5.495448526525084,5.495448526525084,5.495448526525084,5.495448526525084,5.495448526525084,5.495448526525084,5.495448526525084,5.495448526525084,5.495448526525084,5.495448526525084,5.495448526525084,5.495448526525084,5.495448526525084,5.495448526525084,5.495448526525084,5.495448526525084,5.495448526525084,5.495448526525084,5.495448526525084,5.495448526525084,5.495448526525084,5.495448526525084,5.495448526525084,5.495448526525084,5.495448526525084,5.495448526525084,5.495448526525084,5.495448526525084,5.495448526525084,5.495448526525084,5.495448526525084,5.495448526525084,5.495448526525084,5.495448526525084,5.495448526525084,5.495448526525084,5.495448526525084,5.495448526525084,5.495448526525084,5.495448526525084,5.495448526525084,5.495448526525084,5.495448526525084,5.495448526525084,5.495448526525084,5.495448526525084,5.495448526525084,5.495448526525084,5.495448526525084,5.495448526525084,5.495448526525084,5.495448526525084,5.495448526525084,5.495448526525084,5.495448526525084,5.495448526525084,5.495448526525084,5.495448526525084,5.495448526525084,5.495448526525084,5.495448526525084,5.495448526525084,5.495448526525084,5.495448526525084,5.495448526525084,5.495448526525084,5.495448526525084,5.495448526525084,5.495448526525084,5.495448526525084,5.495448526525084,5.495448526525084,5.495448526525084,5.495448526525084,5.495448526525084,5.495448526525084,5.495448526525084,5.495448526525084,5.495448526525084,5.495448526525084,5.495448526525084,5.495448526525084,5.495448526525084,5.495448526525084,5.495448526525084,5.495448526525084,5.495448526525084,5.495448526525084,5.495448526525084,5.495448526525084,5.495448526525084,5.495448526525084,5.495448526525084,5.495448526525084,5.495448526525084,5.495448526525084,5.495448526525084,5.495448526525084,5.495448526525084,5.495448526525084,5.495448526525084,5.327213070905227,5.327213070905227,5.327213070905227,5.327213070905227,5.327213070905227,5.327213070905227,5.327213070905227,5.327213070905227,5.327213070905227,5.327213070905227,5.327213070905227,5.327213070905227,5.327213070905227,5.327213070905227,5.327213070905227,5.327213070905227,5.327213070905227,5.327213070905227,5.327213070905227,5.327213070905227,5.327213070905227,5.327213070905227,5.327213070905227,5.327213070905227,5.327213070905227,5.327213070905227,5.327213070905227,5.327213070905227,5.327213070905227,5.327213070905227,5.327213070905227,5.327213070905227,5.327213070905227,5.327213070905227,5.327213070905227,5.327213070905227,5.327213070905227,5.327213070905227,5.327213070905227,5.327213070905227,5.327213070905227,5.327213070905227,5.327213070905227,5.327213070905227,5.327213070905227,5.327213070905227,5.327213070905227,5.327213070905227,5.327213070905227,5.327213070905227,5.327213070905227,5.327213070905227,5.327213070905227,5.327213070905227,5.327213070905227,5.327213070905227,5.327213070905227,5.327213070905227,5.327213070905227,5.327213070905227,5.327213070905227,5.327213070905227,5.327213070905227,5.327213070905227,5.327213070905227,5.327213070905227,5.327213070905227,5.327213070905227,5.327213070905227,5.327213070905227,5.327213070905227,5.327213070905227,5.327213070905227,5.327213070905227,5.327213070905227,5.327213070905227,5.327213070905227,5.327213070905227,5.327213070905227,5.327213070905227,5.327213070905227,5.327213070905227,5.327213070905227,5.327213070905227,5.327213070905227,5.327213070905227,5.327213070905227,5.327213070905227,5.327213070905227,5.327213070905227,5.327213070905227,5.327213070905227,5.327213070905227,5.327213070905227,5.327213070905227,5.327213070905227,5.327213070905227,5.327213070905227,5.327213070905227,5.327213070905227,5.327213070905227,5.327213070905227,5.327213070905227,5.327213070905227,5.327213070905227,5.327213070905227,5.327213070905227,5.327213070905227,5.327213070905227,5.327213070905227,5.327213070905227,5.327213070905227,5.327213070905227,5.327213070905227,5.327213070905227,5.327213070905227,5.327213070905227,5.327213070905227,5.327213070905227,5.327213070905227,5.327213070905227,5.327213070905227,5.327213070905227,5.327213070905227,5.327213070905227,5.327213070905227,5.327213070905227,5.327213070905227,5.327213070905227,5.327213070905227,5.327213070905227,5.327213070905227,5.327213070905227,5.327213070905227,5.327213070905227,5.327213070905227,5.327213070905227,5.327213070905227,5.327213070905227,5.327213070905227,5.327213070905227,5.327213070905227,5.327213070905227,5.327213070905227,5.327213070905227,5.327213070905227,5.327213070905227,5.327213070905227,5.327213070905227,5.327213070905227,5.327213070905227,5.327213070905227,5.327213070905227,5.327213070905227,5.327213070905227,5.327213070905227,5.327213070905227,5.327213070905227,5.327213070905227,5.327213070905227,5.327213070905227,5.327213070905227,5.327213070905227,5.327213070905227,5.327213070905227,5.327213070905227,5.327213070905227,5.327213070905227,5.327213070905227,5.327213070905227,5.327213070905227,5.327213070905227,5.327213070905227,5.327213070905227,5.327213070905227,5.327213070905227,5.327213070905227,5.327213070905227,5.327213070905227,5.327213070905227,5.327213070905227,5.327213070905227,5.327213070905227,5.327213070905227,5.327213070905227,5.327213070905227,5.327213070905227,5.327213070905227,5.327213070905227,5.327213070905227,5.327213070905227,5.327213070905227,5.327213070905227,5.327213070905227,5.327213070905227,5.327213070905227,5.327213070905227,5.327213070905227,5.327213070905227,5.327213070905227,5.327213070905227,5.327213070905227,5.327213070905227,5.327213070905227,5.327213070905227,5.327213070905227,5.327213070905227,5.327213070905227,5.327213070905227,5.327213070905227,5.327213070905227,5.327213070905227,5.327213070905227,5.327213070905227,5.327213070905227,5.327213070905227,5.327213070905227,5.327213070905227,5.327213070905227,5.327213070905227,5.327213070905227,5.327213070905227,5.327213070905227,5.327213070905227,5.327213070905227,5.327213070905227,5.327213070905227,5.327213070905227,5.327213070905227,5.327213070905227,5.327213070905227,5.327213070905227,5.327213070905227,5.327213070905227,5.327213070905227,5.327213070905227,5.327213070905227,5.327213070905227,5.327213070905227,5.327213070905227,5.327213070905227,5.327213070905227,5.327213070905227,5.327213070905227,5.327213070905227,5.327213070905227,5.327213070905227,5.327213070905227,5.327213070905227,5.327213070905227,5.327213070905227,5.327213070905227,5.327213070905227,5.327213070905227,5.327213070905227,5.327213070905227,5.327213070905227,5.327213070905227,5.327213070905227,5.327213070905227,5.327213070905227,5.327213070905227,5.327213070905227,5.327213070905227,5.327213070905227,5.327213070905227,5.327213070905227,5.327213070905227,5.327213070905227,5.327213070905227,5.327213070905227,5.327213070905227,5.327213070905227,5.327213070905227,5.327213070905227,5.327213070905227,5.327213070905227,5.327213070905227,5.327213070905227,5.327213070905227,5.327213070905227,5.327213070905227,5.327213070905227,5.327213070905227,5.327213070905227,5.327213070905227,5.327213070905227,5.327213070905227,5.327213070905227,5.327213070905227,5.327213070905227,5.327213070905227,5.327213070905227,5.327213070905227,5.327213070905227,5.327213070905227,5.327213070905227,5.327213070905227,5.327213070905227,5.327213070905227,5.327213070905227,5.327213070905227,5.327213070905227,5.327213070905227,5.327213070905227,5.327213070905227,5.327213070905227,5.327213070905227,5.327213070905227,5.327213070905227,5.327213070905227,5.327213070905227,5.327213070905227,5.327213070905227,5.327213070905227,5.327213070905227,5.327213070905227,5.327213070905227,5.327213070905227,5.327213070905227,5.327213070905227,5.327213070905227,5.327213070905227,5.327213070905227,5.327213070905227,5.327213070905227,5.327213070905227,5.327213070905227,5.327213070905227,5.327213070905227,5.327213070905227,5.327213070905227,5.327213070905227,5.327213070905227,5.327213070905227,5.327213070905227,5.327213070905227,5.327213070905227,5.327213070905227,5.327213070905227,5.327213070905227,5.327213070905227,5.327213070905227,5.327213070905227,5.327213070905227,5.327213070905227,5.327213070905227,5.327213070905227,5.327213070905227,5.327213070905227,5.327213070905227,5.327213070905227,5.327213070905227,5.327213070905227,5.327213070905227,5.327213070905227,5.327213070905227,5.327213070905227,5.327213070905227,5.327213070905227,5.327213070905227,5.327213070905227,5.327213070905227,5.327213070905227,5.327213070905227,5.327213070905227,5.327213070905227,5.327213070905227,5.327213070905227,5.327213070905227,5.327213070905227,5.327213070905227,5.327213070905227,5.327213070905227,5.327213070905227,5.327213070905227,5.327213070905227,5.327213070905227,5.327213070905227,5.327213070905227,5.327213070905227,5.327213070905227,5.327213070905227,5.327213070905227,5.327213070905227,5.327213070905227,5.327213070905227,5.327213070905227,5.327213070905227,5.327213070905227,5.327213070905227,5.327213070905227,5.327213070905227,5.327213070905227,5.327213070905227,5.327213070905227,5.327213070905227,5.327213070905227,5.327213070905227,5.327213070905227,5.327213070905227,5.327213070905227,5.327213070905227,5.327213070905227,5.327213070905227,5.327213070905227,5.327213070905227,5.327213070905227,5.327213070905227,5.327213070905227,5.327213070905227,5.327213070905227,5.327213070905227,5.327213070905227,5.327213070905227,5.327213070905227,5.327213070905227,5.327213070905227,5.327213070905227,5.327213070905227,5.327213070905227,5.327213070905227,5.327213070905227,5.327213070905227,5.327213070905227,5.327213070905227,5.327213070905227,5.327213070905227,5.327213070905227,5.327213070905227,5.327213070905227,5.327213070905227,5.327213070905227,5.327213070905227,5.327213070905227,5.327213070905227,5.327213070905227,5.327213070905227,5.327213070905227,5.327213070905227,5.327213070905227,5.327213070905227,5.327213070905227,5.327213070905227,5.327213070905227,5.327213070905227,5.327213070905227,5.327213070905227,5.327213070905227,5.327213070905227,5.327213070905227,5.327213070905227,5.327213070905227,5.327213070905227,5.327213070905227,5.327213070905227,5.327213070905227,5.327213070905227,5.327213070905227,5.327213070905227,5.327213070905227,5.327213070905227,5.327213070905227,5.327213070905227,5.327213070905227,5.327213070905227,5.327213070905227,5.327213070905227,5.327213070905227,5.327213070905227,5.327213070905227,5.327213070905227,5.327213070905227,5.327213070905227,5.327213070905227,5.327213070905227,5.327213070905227,5.327213070905227,5.327213070905227,5.327213070905227,5.327213070905227,5.327213070905227,5.327213070905227,5.327213070905227,5.327213070905227,5.327213070905227,5.327213070905227,5.327213070905227,5.327213070905227,5.327213070905227,5.327213070905227,5.327213070905227,5.327213070905227,5.327213070905227,5.327213070905227,5.327213070905227,5.327213070905227,5.327213070905227,5.327213070905227,5.327213070905227,5.327213070905227,5.327213070905227,5.327213070905227,5.327213070905227,5.327213070905227,5.327213070905227,5.327213070905227,5.327213070905227,5.327213070905227,5.321278492280465,5.321278492280465,5.321278492280465,5.321278492280465,5.321278492280465,5.321278492280465,5.321278492280465,5.321278492280465,5.321278492280465,5.321278492280465,5.321278492280465,5.321278492280465,5.321278492280465,5.321278492280465,5.321278492280465,5.321278492280465,5.321278492280465,5.321278492280465,5.321278492280465,5.321278492280465,5.321278492280465,5.321278492280465,5.321278492280465,5.321278492280465,5.321278492280465,5.321278492280465,5.321278492280465,5.321278492280465,5.321278492280465,5.321278492280465,5.321278492280465,5.321278492280465,5.321278492280465,5.321278492280465,5.321278492280465,5.321278492280465,5.321278492280465,5.321278492280465,5.321278492280465,5.321278492280465,5.321278492280465,5.321278492280465,5.321278492280465,5.321278492280465,5.321278492280465,5.321278492280465,5.236971903139374,5.236971903139374,5.236971903139374,5.236971903139374,5.236971903139374,5.236971903139374,5.236971903139374,5.236971903139374,5.236971903139374,5.236971903139374,5.236971903139374,5.236971903139374,5.236971903139374,5.236971903139374,5.236971903139374,5.236971903139374,5.236971903139374,5.236971903139374,5.236971903139374,5.236971903139374,5.236971903139374,5.236971903139374,5.236971903139374,5.236971903139374,5.236971903139374,5.236971903139374,5.236971903139374,5.236971903139374,5.236971903139374,5.236971903139374,5.236971903139374,5.023431579387361,5.023431579387361,5.023431579387361,5.023431579387361,5.023431579387361,5.023431579387361,5.023431579387361,5.023431579387361,5.023431579387361,5.023431579387361,5.023431579387361,5.023431579387361,5.023431579387361,5.023431579387361,5.023431579387361,5.023431579387361,5.023431579387361,5.023431579387361,5.023431579387361,5.023431579387361,5.023431579387361,5.023431579387361,5.023431579387361,5.023431579387361,5.023431579387361,5.023431579387361,5.023431579387361,5.023431579387361,5.023431579387361,5.023431579387361,5.023431579387361,5.023431579387361,5.023431579387361,5.023431579387361,5.023431579387361,5.023431579387361,5.023431579387361,5.023431579387361,5.023431579387361,5.023431579387361,5.023431579387361,5.023431579387361,5.023431579387361,5.023431579387361,5.023431579387361,5.023431579387361,5.023431579387361,5.023431579387361,5.023431579387361,5.023431579387361,5.023431579387361,5.023431579387361,5.023431579387361,5.023431579387361,5.023431579387361,5.023431579387361,5.023431579387361,5.023431579387361,5.023431579387361,5.023431579387361,5.023431579387361,5.023431579387361,5.023431579387361,5.023431579387361,5.023431579387361,5.023431579387361,5.023431579387361,5.023431579387361,5.023431579387361,5.023431579387361,5.023431579387361,5.023431579387361,5.023431579387361,5.023431579387361,5.023431579387361,5.023431579387361,5.023431579387361,5.023431579387361,5.023431579387361,5.023431579387361,5.023431579387361,5.023431579387361,5.023431579387361,5.023431579387361,5.023431579387361,5.023431579387361,5.023431579387361,5.023431579387361,5.023431579387361,5.023431579387361,5.023431579387361,5.023431579387361,5.023431579387361,5.023431579387361,5.023431579387361,5.023431579387361,5.023431579387361,5.023431579387361,5.023431579387361,5.023431579387361,5.023431579387361,5.023431579387361,5.023431579387361,5.023431579387361,5.023431579387361,5.023431579387361,5.023431579387361,5.023431579387361,5.023431579387361,5.023431579387361,5.023431579387361,5.023431579387361,5.023431579387361,5.023431579387361,5.023431579387361,5.023431579387361,5.023431579387361,5.023431579387361,5.023431579387361,5.023431579387361,5.023431579387361,5.023431579387361,5.023431579387361,5.023431579387361,5.023431579387361,5.023431579387361,5.023431579387361,5.023431579387361,5.023431579387361,5.023431579387361,5.023431579387361,5.023431579387361,5.023431579387361,5.023431579387361,5.023431579387361,5.023431579387361,5.023431579387361,5.023431579387361,5.023431579387361,5.023431579387361,5.023431579387361,5.023431579387361,5.023431579387361,5.023431579387361,5.023431579387361,5.023431579387361,5.023431579387361,5.023431579387361,5.023431579387361,5.023431579387361,5.023431579387361,5.023431579387361,5.023431579387361,5.023431579387361,5.023431579387361,5.023431579387361,5.023431579387361,5.023431579387361,5.023431579387361,5.023431579387361,5.023431579387361,5.023431579387361,5.023431579387361,5.023431579387361,5.023431579387361,5.023431579387361,5.023431579387361,5.023431579387361,5.023431579387361,5.023431579387361,5.023431579387361,5.023431579387361,5.023431579387361,5.023431579387361,5.023431579387361,5.023431579387361,5.023431579387361,7.17054614559895,7.17054614559895,7.17054614559895,7.17054614559895,7.17054614559895,7.17054614559895,7.052891018386513,7.052891018386513,7.052891018386513,7.052891018386513,7.052891018386513,7.052891018386513,7.052891018386513,7.052891018386513,7.052891018386513,7.052891018386513,7.052891018386513,7.052891018386513,7.052891018386513,7.052891018386513,7.052891018386513,7.052891018386513,7.052891018386513,7.052891018386513,7.052891018386513,7.052891018386513,7.052891018386513,7.052891018386513,7.052891018386513,7.052891018386513,7.052891018386513,7.052891018386513,7.052891018386513,7.052891018386513,7.052891018386513,7.052891018386513,7.052891018386513,7.052891018386513,7.052891018386513,7.052891018386513,7.052891018386513,7.052891018386513,7.052891018386513,7.052891018386513,7.052891018386513,7.052891018386513,7.052891018386513,7.052891018386513,7.052891018386513,7.052891018386513,7.052891018386513,7.052891018386513,7.052891018386513,7.052891018386513,7.018065854960103,7.018065854960103,7.018065854960103,7.018065854960103,7.018065854960103,7.018065854960103,7.018065854960103,7.018065854960103,7.018065854960103,7.018065854960103,7.018065854960103,7.018065854960103,7.018065854960103,7.018065854960103,7.018065854960103,7.018065854960103,7.018065854960103,7.018065854960103,7.018065854960103,7.018065854960103,7.018065854960103,7.018065854960103,7.018065854960103,7.018065854960103,7.018065854960103,7.018065854960103,7.018065854960103,7.018065854960103,7.018065854960103,6.451399715074887,6.451399715074887,6.451399715074887,6.451399715074887,6.451399715074887,6.451399715074887,6.451399715074887,6.451399715074887,6.451399715074887,6.451399715074887,6.451399715074887,6.451399715074887,6.451399715074887,6.451399715074887,6.451399715074887,6.451399715074887,6.451399715074887,6.451399715074887,6.451399715074887,6.451399715074887,6.451399715074887,6.451399715074887,6.451399715074887,6.451399715074887,6.451399715074887,6.451399715074887,6.451399715074887,6.451399715074887,6.451399715074887,6.451399715074887,6.451399715074887,6.451399715074887,6.451399715074887,6.451399715074887,6.451399715074887,6.451399715074887,6.451399715074887,6.451399715074887,6.451399715074887,6.451399715074887,6.451399715074887,6.451399715074887,6.451399715074887,6.451399715074887,6.451399715074887,6.451399715074887,6.451399715074887,6.451399715074887,6.451399715074887,6.451399715074887,6.451399715074887,6.451399715074887,6.451399715074887,6.451399715074887,6.451399715074887,6.451399715074887,6.451399715074887,6.451399715074887,6.451399715074887,6.451399715074887,6.451399715074887,6.451399715074887,6.451399715074887,6.451399715074887,6.451399715074887,6.451399715074887,6.451399715074887,6.451399715074887,6.451399715074887,6.451399715074887,6.451399715074887,6.451399715074887,6.451399715074887,6.451399715074887,6.451399715074887,6.451399715074887,6.451399715074887,6.451399715074887,6.451399715074887,6.451399715074887,6.451399715074887,6.451399715074887,6.451399715074887,6.451399715074887,6.451399715074887,6.451399715074887,6.451399715074887,6.451399715074887,6.451399715074887,6.451399715074887,6.451399715074887,6.451399715074887,6.451399715074887,6.451399715074887,6.451399715074887,6.451399715074887,6.04708750355198,6.04708750355198,6.04708750355198,6.04708750355198,6.04708750355198,5.1516948814455015,5.004473296047416,5.004473296047416,5.004473296047416,5.004473296047416,5.004473296047416,5.004473296047416,5.004473296047416,4.920239196813688,4.920239196813688,4.920239196813688,4.920239196813688,4.920239196813688,4.920239196813688,4.920239196813688,4.920239196813688,4.920239196813688,4.920239196813688,4.920239196813688,4.920239196813688,4.920239196813688,4.920239196813688,4.920239196813688,4.920239196813688,4.920239196813688,4.920239196813688,4.920239196813688,4.920239196813688,4.920239196813688,4.898212419355724,4.898212419355724,4.898212419355724,4.898212419355724,4.898212419355724,4.898212419355724,4.898212419355724,4.898212419355724,4.898212419355724,4.898212419355724,4.898212419355724,4.898212419355724,4.898212419355724,4.898212419355724,4.898212419355724,4.898212419355724,4.898212419355724,4.898212419355724,4.898212419355724,4.898212419355724,4.898212419355724,4.898212419355724,4.898212419355724,4.898212419355724,4.898212419355724,4.898212419355724,4.898212419355724,4.898212419355724,4.898212419355724,4.898212419355724,4.898212419355724,4.898212419355724,4.898212419355724,4.898212419355724,4.898212419355724,4.898212419355724,4.898212419355724,4.898212419355724,4.898212419355724,4.898212419355724,4.898212419355724,4.898212419355724,4.898212419355724,4.898212419355724,4.898212419355724,4.898212419355724,4.393023634437456,4.393023634437456,4.393023634437456,4.393023634437456,4.393023634437456,4.393023634437456,4.393023634437456,4.393023634437456,4.393023634437456,4.389482396049847,4.389482396049847,4.389482396049847,4.389482396049847,4.389482396049847,4.389482396049847,4.389482396049847,4.389482396049847,4.389482396049847,4.389482396049847,4.389482396049847,4.389482396049847,4.389482396049847,4.389482396049847,4.389482396049847,4.389482396049847,4.389482396049847,4.389482396049847,4.389482396049847,4.389482396049847,4.389482396049847,4.389482396049847,4.389482396049847,4.389482396049847,4.389482396049847,4.389482396049847,4.389482396049847,4.389482396049847,4.389482396049847,4.389482396049847,4.389482396049847,4.389482396049847,4.389482396049847,4.389482396049847,4.389482396049847,4.389482396049847,4.389482396049847,4.389482396049847,4.389482396049847,4.389482396049847,4.389482396049847,4.389482396049847,4.389482396049847,4.389482396049847,4.389482396049847,4.389482396049847,4.389482396049847,4.389482396049847,4.389482396049847,4.389482396049847,4.389482396049847,4.389482396049847,4.389482396049847,4.389482396049847,4.389482396049847,4.389482396049847,4.389482396049847,4.389482396049847,4.389482396049847,4.389482396049847,4.389482396049847,4.336381656978073,4.336381656978073,4.336381656978073,4.336381656978073,4.336381656978073,4.336381656978073,4.336381656978073,4.336381656978073,4.336381656978073,4.336381656978073,4.336381656978073,4.336381656978073,4.336381656978073,4.336381656978073,4.336381656978073,4.336381656978073,4.336381656978073,4.336381656978073,4.336381656978073,4.336381656978073,4.336381656978073,4.336381656978073,4.336381656978073,4.336381656978073,4.336381656978073,4.336381656978073,4.336381656978073,4.336381656978073,4.336381656978073,4.336381656978073,4.336381656978073,4.336381656978073,4.336381656978073,4.336381656978073,4.336381656978073,4.336381656978073,4.336381656978073,4.336381656978073,4.336381656978073,4.336381656978073,4.336381656978073,4.336381656978073,4.336381656978073,4.336381656978073,4.336381656978073,4.336381656978073,4.336381656978073,4.336381656978073,4.336381656978073,4.336381656978073,4.336381656978073,4.336381656978073,4.336381656978073,4.336381656978073,4.336381656978073,4.336381656978073,4.336381656978073,4.336381656978073,4.336381656978073,4.336381656978073,4.336381656978073,4.336381656978073,4.336381656978073,4.336381656978073,4.336381656978073,4.336381656978073,4.336381656978073,4.336381656978073,4.336381656978073,4.336381656978073,4.336381656978073,4.336381656978073,4.336381656978073,4.336381656978073,4.336381656978073,4.336381656978073,4.336381656978073,4.336381656978073,4.336381656978073,4.336381656978073,4.336381656978073,4.336381656978073,4.336381656978073,4.336381656978073,4.336381656978073,4.336381656978073,4.336381656978073,4.336381656978073,4.336381656978073,4.336381656978073,4.336381656978073,4.336381656978073,4.336381656978073,4.336381656978073,4.336381656978073,4.336381656978073,4.336381656978073,4.336381656978073,4.336381656978073,4.336381656978073,4.336381656978073,4.336381656978073,4.336381656978073,4.336381656978073,4.336381656978073,4.336381656978073,4.336381656978073,4.336381656978073,4.336381656978073,4.336381656978073,4.336381656978073,4.336381656978073,4.336381656978073,4.336381656978073,4.336381656978073,4.336381656978073,4.336381656978073,4.336381656978073,4.336381656978073,4.336381656978073,4.336381656978073,4.336381656978073,4.336381656978073,4.336381656978073,4.336381656978073,4.336381656978073,4.336381656978073,4.336381656978073,4.336381656978073,4.303791902228119,4.303791902228119,4.303791902228119,4.303791902228119,4.303791902228119,4.303791902228119,4.303791902228119,4.303791902228119,4.303791902228119,4.303791902228119,4.303791902228119,4.303791902228119,4.303791902228119,4.303791902228119,4.303791902228119,4.303791902228119,4.303791902228119,4.303791902228119,4.303791902228119,4.303791902228119,4.303791902228119,4.303791902228119,4.303791902228119,4.303791902228119,4.303791902228119,4.303791902228119,4.303791902228119,4.303791902228119,4.303791902228119,4.303791902228119,4.303791902228119,4.303791902228119,4.303791902228119,4.303791902228119,4.303791902228119,4.303791902228119,4.303791902228119,4.303791902228119,4.303791902228119,4.303791902228119,4.303791902228119,4.303791902228119,4.303791902228119,4.303791902228119,4.303791902228119,4.303791902228119,4.303791902228119,4.303791902228119,4.303791902228119,4.303791902228119,4.303791902228119,4.303791902228119,4.303791902228119,4.303791902228119,4.303791902228119,4.303791902228119,4.303791902228119,4.303791902228119,4.303791902228119,4.303791902228119,4.303791902228119,4.303791902228119,4.303791902228119,4.303791902228119,4.303791902228119,4.303791902228119,4.303791902228119,4.303791902228119,4.303791902228119,4.303791902228119,4.303791902228119,4.303791902228119,4.303791902228119,4.303791902228119,4.303791902228119,4.303791902228119,4.303791902228119,4.303791902228119,4.303791902228119,4.303791902228119,4.303791902228119,4.303791902228119,4.303791902228119,4.303791902228119,4.303791902228119,4.303791902228119,4.303791902228119,4.303791902228119,4.303791902228119,4.303791902228119,4.303791902228119,4.303791902228119,4.303791902228119,4.303791902228119,4.303791902228119,4.303791902228119,4.303791902228119,4.303791902228119,4.303791902228119,4.303791902228119,4.303791902228119,4.303791902228119,4.303791902228119,4.303791902228119,4.303791902228119,4.303791902228119,4.303791902228119,4.303791902228119,4.303791902228119,4.303791902228119,4.303791902228119,4.303791902228119,4.303791902228119,4.303791902228119,4.303791902228119,4.303791902228119,4.303791902228119,4.303791902228119,4.303791902228119,4.303791902228119,4.303791902228119,4.303791902228119,4.303791902228119,4.303791902228119,4.303791902228119,4.303791902228119,4.303791902228119,4.303791902228119,4.303791902228119,4.303791902228119,4.303791902228119,4.303791902228119,4.303791902228119,4.303791902228119,4.303791902228119,4.303791902228119,4.303791902228119,4.303791902228119,4.303791902228119,4.303791902228119,4.303791902228119,4.303791902228119,4.303791902228119,4.303791902228119,4.303791902228119,4.303791902228119,4.303791902228119,4.303791902228119,4.303791902228119,4.303791902228119,4.303791902228119,4.303791902228119,4.303791902228119,4.303791902228119,4.303791902228119,4.303791902228119,4.303791902228119,4.303791902228119,4.303791902228119,4.303791902228119,4.303791902228119,4.303791902228119,4.303791902228119,4.303791902228119,4.303791902228119,4.303791902228119,4.303791902228119,4.303791902228119,4.303791902228119,4.303791902228119,4.303791902228119,4.303791902228119,4.303791902228119,4.303791902228119,4.303791902228119,4.303791902228119,4.303791902228119,4.303791902228119,4.303791902228119,4.303791902228119,4.303791902228119,4.303791902228119,4.303791902228119,4.303791902228119,4.303791902228119,4.303791902228119,4.303791902228119,4.303791902228119,4.303791902228119,4.303791902228119,4.303791902228119,4.303791902228119,4.303791902228119,4.303791902228119,4.303791902228119,4.303791902228119,4.303791902228119,4.303791902228119,4.303791902228119,4.303791902228119,4.303791902228119,4.303791902228119,4.303791902228119,4.303791902228119,4.303791902228119,4.303791902228119,4.303791902228119,4.303791902228119,4.303791902228119,4.303791902228119,4.303791902228119,4.303791902228119,4.303791902228119,4.303791902228119,4.303791902228119,4.303791902228119,4.303791902228119,4.303791902228119,4.303791902228119,4.303791902228119,4.303791902228119,4.303791902228119,4.303791902228119,4.303791902228119,4.303791902228119,4.303791902228119,4.303791902228119,4.303791902228119,4.303791902228119,4.303791902228119,4.303791902228119,4.303791902228119,4.303791902228119,4.303791902228119,4.303791902228119,4.303791902228119,4.303791902228119,4.303791902228119,4.303791902228119,4.303791902228119,4.303791902228119,4.303791902228119,4.303791902228119,4.303791902228119,4.303791902228119,4.303791902228119,4.303791902228119,4.303791902228119,4.303791902228119,4.303791902228119,4.303791902228119,4.303791902228119,4.303791902228119,4.303791902228119,4.303791902228119,4.303791902228119,4.303791902228119,4.303791902228119,4.303791902228119,4.303791902228119,4.303791902228119,4.303791902228119,4.303791902228119,4.303791902228119,4.303791902228119,4.303791902228119,4.303791902228119,4.303791902228119,4.303791902228119,4.303791902228119,4.303791902228119,4.303791902228119,4.303791902228119,4.303791902228119,4.303791902228119,4.303791902228119,4.303791902228119,4.303791902228119,4.303791902228119,4.303791902228119,4.303791902228119,4.303791902228119,4.303791902228119,4.303791902228119,4.303791902228119,4.303791902228119,4.303791902228119,4.303791902228119,4.303791902228119,4.303791902228119,4.303791902228119,4.303791902228119,4.303791902228119,4.303791902228119,4.303791902228119,4.303791902228119,4.303791902228119,4.303791902228119,4.303791902228119,4.303791902228119,4.303791902228119,4.303791902228119,4.303791902228119,4.303791902228119,4.303791902228119,4.303791902228119,4.303791902228119,4.303791902228119,4.303791902228119,4.303791902228119,4.303791902228119,4.303791902228119,4.303791902228119,4.303791902228119,4.303791902228119,4.303791902228119,4.303791902228119,4.303791902228119,4.303791902228119,4.303791902228119,4.303791902228119,4.303791902228119,4.303791902228119,4.303791902228119,4.303791902228119,4.303791902228119,4.303791902228119,4.303791902228119,4.303791902228119,4.303791902228119,4.303791902228119,4.303791902228119,4.303791902228119,4.303791902228119,4.303791902228119,4.303791902228119,4.303791902228119,4.303791902228119,4.303791902228119,4.303791902228119,4.303791902228119,4.303791902228119,4.303791902228119,4.303791902228119,4.303791902228119,4.303791902228119,4.303791902228119,4.303791902228119,4.303791902228119,4.303791902228119,4.303791902228119,4.303791902228119,4.303791902228119,4.303791902228119,4.303791902228119,4.303791902228119,4.303791902228119,4.303791902228119,4.303791902228119,4.303791902228119,4.303791902228119,4.303791902228119,4.303791902228119,4.303791902228119,4.303791902228119,4.303791902228119,4.303791902228119,4.303791902228119,4.303791902228119,4.303791902228119,4.303791902228119,4.303791902228119,4.303791902228119,4.303791902228119,4.303791902228119,4.303791902228119,4.303791902228119,4.303791902228119,4.303791902228119,4.303791902228119,4.303791902228119,4.303791902228119,4.303791902228119,4.303791902228119,4.303791902228119,4.303791902228119,4.303791902228119,4.303791902228119,4.303791902228119,4.303791902228119,4.303791902228119,4.303791902228119,4.303791902228119,4.303791902228119,4.303791902228119,4.303791902228119,4.303791902228119,4.303791902228119,4.303791902228119,4.303791902228119,4.303791902228119,4.303791902228119,4.303791902228119,4.303791902228119,4.303791902228119,4.303791902228119,4.303791902228119,4.303791902228119,4.303791902228119,4.303791902228119,4.303791902228119,4.303791902228119,4.303791902228119,4.303791902228119,4.303791902228119,4.303791902228119,4.303791902228119,4.303791902228119,4.303791902228119,4.303791902228119,4.303791902228119,4.303791902228119,4.303791902228119,4.303791902228119,4.303791902228119,4.303791902228119,4.303791902228119,4.303791902228119,4.303791902228119,4.303791902228119,4.303791902228119,4.303791902228119,4.303791902228119,4.303791902228119,4.303791902228119,4.303791902228119,4.303791902228119,4.303791902228119,4.303791902228119,4.303791902228119,4.303791902228119,4.303791902228119,4.303791902228119,4.303791902228119,4.303791902228119,4.303791902228119,4.303791902228119,4.303791902228119,4.303791902228119,4.303791902228119,4.303791902228119,4.303791902228119,4.303791902228119,4.303791902228119,4.303791902228119,4.303791902228119,4.303791902228119,4.303791902228119,4.303791902228119,4.303791902228119,4.303791902228119,4.303791902228119,4.303791902228119,4.303791902228119,4.303791902228119,4.303791902228119,4.303791902228119,4.303791902228119,4.303791902228119,4.303791902228119,4.303791902228119,4.303791902228119,4.303791902228119,4.303791902228119,4.303791902228119,4.303791902228119,4.303791902228119,4.303791902228119,4.303791902228119,4.303791902228119,4.303791902228119,4.303791902228119,4.303791902228119,4.303791902228119,4.303791902228119,4.303791902228119,4.303791902228119,4.303791902228119,4.303791902228119,4.303791902228119,4.303791902228119,4.303791902228119,4.303791902228119,4.303791902228119,4.303791902228119,4.303791902228119,4.303791902228119,4.303791902228119,4.303791902228119,4.303791902228119,4.303791902228119,4.303791902228119,4.303791902228119,4.303791902228119,4.303791902228119,4.303791902228119,4.303791902228119,4.303791902228119,4.303791902228119,4.303791902228119,4.303791902228119,4.303791902228119,4.303791902228119,4.303791902228119,4.303791902228119,4.303791902228119,4.303791902228119,4.303791902228119,4.303791902228119,4.303791902228119,4.303791902228119,4.303791902228119,4.303791902228119,4.303791902228119,4.303791902228119,4.303791902228119,4.303791902228119,4.303791902228119,4.303791902228119,4.303791902228119,4.303791902228119,4.303791902228119,4.303791902228119,4.303791902228119,4.303791902228119,4.303791902228119,4.303791902228119,4.303791902228119,4.303791902228119,4.303791902228119,4.303791902228119,4.303791902228119,10.07831790794891,10.07831790794891,10.07831790794891,8.993655988845457,8.751964736699104,8.751964736699104,8.751964736699104,8.751964736699104,8.47994354029214,8.47994354029214,7.47378297668778,7.4636886004854945,7.217181113468392,7.217181113468392,7.217181113468392,7.217181113468392,7.217181113468392,6.853707867165554,6.853707867165554,6.853707867165554,6.853707867165554,6.853707867165554,6.853707867165554,6.853707867165554,6.853707867165554,6.853707867165554,6.853707867165554,6.853707867165554,6.853707867165554,6.853707867165554,6.853707867165554,6.853707867165554,6.853707867165554,6.853707867165554,6.853707867165554,6.853707867165554,6.853707867165554,6.852602342036372,6.852602342036372,6.852602342036372,6.852602342036372,6.852602342036372,6.852602342036372,6.852602342036372,6.852602342036372,6.852602342036372,6.852602342036372,6.852602342036372,6.852602342036372,6.852602342036372,6.852602342036372,6.852602342036372,6.852602342036372,6.852602342036372,6.852602342036372,6.852602342036372,6.852602342036372,6.852602342036372,6.852602342036372,6.852602342036372,6.852602342036372,6.852602342036372,6.852602342036372,6.852602342036372,6.852602342036372,6.852602342036372,6.852602342036372,6.852602342036372,6.852602342036372,6.852602342036372,6.849043799029145,6.849043799029145,6.849043799029145,6.849043799029145,6.849043799029145,6.849043799029145,6.849043799029145,6.849043799029145,6.849043799029145,6.642799511021032,6.642799511021032,6.642799511021032,6.642799511021032,6.642799511021032,6.642799511021032,6.642799511021032,6.642799511021032,6.642799511021032,6.642799511021032,6.642799511021032,6.642799511021032,6.642799511021032,6.642799511021032,6.642799511021032,6.642799511021032,6.642799511021032,6.642799511021032,6.642799511021032,6.642799511021032,6.642799511021032,6.642799511021032,6.642799511021032,6.642799511021032,6.642799511021032,6.642799511021032,6.642799511021032,6.642799511021032,6.642799511021032,6.642799511021032,6.642799511021032,6.642799511021032,6.642799511021032,6.642799511021032,6.642799511021032,6.642799511021032,6.642799511021032,6.642799511021032,6.642799511021032,6.642799511021032,6.642799511021032,6.642799511021032,6.642799511021032,6.642799511021032,6.642799511021032,6.642799511021032,6.642799511021032,6.642799511021032,6.642799511021032,6.642799511021032,6.642799511021032,6.642799511021032,6.642799511021032,6.642799511021032,6.642799511021032,6.642799511021032,6.642799511021032,6.642799511021032,6.642799511021032,6.642799511021032,6.642799511021032,6.642799511021032,6.642799511021032,6.642799511021032,6.642799511021032,6.642799511021032,6.642799511021032,6.642799511021032,6.642799511021032,6.642799511021032,6.642799511021032,6.642799511021032,6.642799511021032,6.642799511021032,6.642799511021032,6.642799511021032,6.642799511021032,6.642799511021032,6.642799511021032,6.642799511021032,6.642799511021032,6.642799511021032,6.642799511021032,6.642799511021032,6.642799511021032,6.642799511021032,6.642799511021032,6.642799511021032,6.642799511021032,6.642799511021032,6.642799511021032,6.642799511021032,6.642799511021032,6.642799511021032,6.642799511021032,6.642799511021032,6.642799511021032,6.642799511021032,6.642799511021032,6.642799511021032,6.642799511021032,6.642799511021032,6.642799511021032,6.642799511021032,6.642799511021032,6.642799511021032,6.642799511021032,6.642799511021032,6.642799511021032,6.642799511021032,6.642799511021032,6.642799511021032,6.642799511021032,6.642799511021032,6.642799511021032,6.642799511021032,6.642799511021032,6.642799511021032,6.642799511021032,6.642799511021032,6.10407643433766,6.10407643433766,6.10407643433766,6.10407643433766,6.10407643433766,6.10407643433766,6.10407643433766,6.10407643433766,6.10407643433766,6.10407643433766,5.911363963846736,5.911363963846736,5.911363963846736,5.911363963846736,5.911363963846736,5.911363963846736,5.911363963846736,5.911363963846736,5.911363963846736,5.911363963846736,5.911363963846736,5.911363963846736,5.911363963846736,5.911363963846736,5.911363963846736,5.911363963846736,5.911363963846736,5.911363963846736,5.911363963846736,5.911363963846736,5.911363963846736,5.911363963846736,5.911363963846736,5.911363963846736,5.911363963846736,5.911363963846736,5.911363963846736,5.911363963846736,5.911363963846736,5.911363963846736,5.911363963846736,5.7938670434097315,5.7938670434097315,5.7938670434097315,5.7938670434097315,5.7938670434097315,5.7938670434097315,5.7938670434097315,5.7938670434097315,5.7938670434097315,5.7938670434097315,5.7938670434097315,5.7938670434097315,5.7938670434097315,5.7938670434097315,5.7938670434097315,5.7938670434097315,5.7938670434097315,5.7938670434097315,5.7938670434097315,5.7938670434097315,5.7938670434097315,5.5074066916700595,5.5074066916700595,5.5074066916700595,5.5074066916700595,5.5074066916700595,5.5074066916700595,5.5074066916700595,5.5074066916700595,5.5074066916700595,5.5074066916700595,5.5074066916700595,5.5074066916700595,5.5074066916700595,5.5074066916700595,5.5074066916700595,5.5074066916700595,5.5074066916700595,5.5074066916700595,5.5074066916700595,5.5074066916700595,5.5074066916700595,5.5074066916700595,5.5074066916700595,5.5074066916700595,5.5074066916700595,5.5074066916700595,5.5074066916700595,5.5074066916700595,5.5074066916700595,5.5074066916700595,5.5074066916700595,5.5074066916700595,5.5074066916700595,5.5074066916700595,5.5074066916700595,5.5074066916700595,5.5074066916700595,5.5074066916700595,5.5074066916700595,5.5074066916700595,5.5074066916700595,5.5074066916700595,5.5074066916700595,5.5074066916700595,5.5074066916700595,5.5074066916700595,5.5074066916700595,5.5074066916700595,5.5074066916700595,5.5074066916700595,5.5074066916700595,5.5074066916700595,5.5074066916700595,5.5074066916700595,5.5074066916700595,5.5074066916700595,5.5074066916700595,5.5074066916700595,5.5074066916700595,5.5074066916700595,5.5074066916700595,5.5074066916700595,5.5074066916700595,5.5074066916700595,5.5074066916700595,5.5074066916700595,5.5074066916700595,5.5074066916700595,5.5074066916700595,5.5074066916700595,5.5074066916700595,5.5074066916700595,5.5074066916700595,5.5074066916700595,5.5074066916700595,4.434612721737886,4.434612721737886,4.434612721737886,3.4259065949646463,3.4259065949646463,3.4259065949646463,3.4259065949646463,3.4259065949646463,3.4259065949646463,3.4259065949646463,3.4259065949646463,3.023168189243738,3.023168189243738,3.023168189243738,3.023168189243738,3.023168189243738,3.023168189243738,3.023168189243738,3.023168189243738,2.9923852483180813,2.9923852483180813,2.9923852483180813,2.9923852483180813,2.9923852483180813,2.9923852483180813,2.9923852483180813,2.9923852483180813,2.9923852483180813,2.9923852483180813,2.9923852483180813,2.9923852483180813,2.9923852483180813,2.9923852483180813,2.9923852483180813,2.9923852483180813,2.9923852483180813,2.9923852483180813,2.9923852483180813,2.9923852483180813,2.9923852483180813,2.9923852483180813,2.9923852483180813,2.9923852483180813,2.9923852483180813,2.9923852483180813,2.9923852483180813,2.9923852483180813,2.9923852483180813,2.9923852483180813,2.9923852483180813,2.9923852483180813,2.9923852483180813,2.9923852483180813,2.9923852483180813,2.9923852483180813,2.9923852483180813,2.9923852483180813,2.9923852483180813,2.9923852483180813,2.9923852483180813,2.9923852483180813,2.9923852483180813,2.9923852483180813,2.9923852483180813,2.9923852483180813,2.9923852483180813,2.9923852483180813,2.9923852483180813,2.9923852483180813,2.9923852483180813,2.9923852483180813,2.9923852483180813,2.9923852483180813,2.9923852483180813,2.9923852483180813,2.9923852483180813,2.9923852483180813,2.9923852483180813,2.9923852483180813,2.9923852483180813,2.9923852483180813,2.9923852483180813,2.9923852483180813,2.9923852483180813,2.9923852483180813,2.9923852483180813,2.9923852483180813,2.9923852483180813,2.9923852483180813,2.9923852483180813,2.9923852483180813,2.9923852483180813,2.9923852483180813,2.9923852483180813,2.9923852483180813,2.9923852483180813,2.9923852483180813,2.9923852483180813,2.9923852483180813,2.9923852483180813,2.9923852483180813,2.9923852483180813,2.9923852483180813,2.9923852483180813,2.9923852483180813,2.9923852483180813,2.9923852483180813,2.9923852483180813,2.9923852483180813,2.9923852483180813,2.9923852483180813,2.9923852483180813,2.9923852483180813,2.9923852483180813,2.9923852483180813,2.9923852483180813,2.9923852483180813,2.9923852483180813,2.9923852483180813,2.9923852483180813,2.9923852483180813,2.9923852483180813,2.9923852483180813,2.9923852483180813,2.9923852483180813,2.9923852483180813,2.9923852483180813,2.9923852483180813,2.9923852483180813,2.9923852483180813,2.9923852483180813,2.9923852483180813,2.9923852483180813,2.9923852483180813,2.9923852483180813,2.9923852483180813,2.9923852483180813,2.9923852483180813,2.9923852483180813,2.9923852483180813,2.9923852483180813,2.9923852483180813,2.9923852483180813,2.9923852483180813,2.9923852483180813,2.9923852483180813,2.9923852483180813,2.9923852483180813,2.9923852483180813,2.9923852483180813,2.9923852483180813,2.9923852483180813,2.9923852483180813,2.9923852483180813,2.9923852483180813,2.9923852483180813,2.9923852483180813,2.9923852483180813,2.9923852483180813,2.9923852483180813,2.9923852483180813,2.9923852483180813,2.9923852483180813,2.9923852483180813,2.9923852483180813,2.9923852483180813,2.9923852483180813,2.9923852483180813,2.9923852483180813,2.9923852483180813,2.9923852483180813,2.9923852483180813,2.9923852483180813,2.9923852483180813,2.9923852483180813,2.9923852483180813,2.9923852483180813,2.9923852483180813,2.9923852483180813,2.9923852483180813,2.9923852483180813,2.9923852483180813,2.9923852483180813,2.9923852483180813,2.9923852483180813,2.9923852483180813,2.9923852483180813,2.9923852483180813,2.9923852483180813,2.9923852483180813,2.9923852483180813,2.9923852483180813,2.9923852483180813,2.9923852483180813,2.9923852483180813,2.9923852483180813,2.9923852483180813,2.9923852483180813,2.9923852483180813,2.9923852483180813,2.9923852483180813,2.9923852483180813,2.9923852483180813,2.9923852483180813,2.9923852483180813,2.9923852483180813,2.9923852483180813,2.9923852483180813,2.9923852483180813,2.9923852483180813,2.9923852483180813,2.9923852483180813,2.9923852483180813,2.9923852483180813,2.9923852483180813,2.9923852483180813,2.9923852483180813,2.9923852483180813,2.9923852483180813,2.9923852483180813,2.9923852483180813,2.9923852483180813,2.9923852483180813,2.9923852483180813,2.9923852483180813,2.9923852483180813,2.9923852483180813,2.9923852483180813,2.9923852483180813,2.9923852483180813,2.9923852483180813,2.9923852483180813,2.9923852483180813,2.9923852483180813,2.9923852483180813,2.9923852483180813,2.9923852483180813,2.9923852483180813,2.9923852483180813,2.9923852483180813,2.9923852483180813,2.9923852483180813,2.9923852483180813,2.9923852483180813,2.9923852483180813,2.9923852483180813,2.9923852483180813,2.9923852483180813,2.9923852483180813,2.9923852483180813,2.9923852483180813,2.9923852483180813,2.9923852483180813,2.9923852483180813,2.9923852483180813,2.9923852483180813,2.9923852483180813,2.9923852483180813,2.9923852483180813,2.9923852483180813,2.9923852483180813,2.9923852483180813,2.9923852483180813,2.9923852483180813,2.9923852483180813,2.9923852483180813,2.9923852483180813,2.9923852483180813,2.9923852483180813,2.9923852483180813,2.9923852483180813,2.9923852483180813,2.9923852483180813,2.9923852483180813,2.9923852483180813,2.9923852483180813,2.9923852483180813,2.9923852483180813,2.9923852483180813,2.9923852483180813,2.9923852483180813,2.9923852483180813,2.9923852483180813,2.9923852483180813,2.9923852483180813,2.9923852483180813,2.9923852483180813,2.9923852483180813,2.9923852483180813,2.9923852483180813,2.9923852483180813,2.9923852483180813,2.9923852483180813,2.9923852483180813,2.9923852483180813,2.9923852483180813,2.9923852483180813,2.9923852483180813,2.9923852483180813,2.9923852483180813,2.9923852483180813,2.9923852483180813,2.9923852483180813,2.9923852483180813,2.9923852483180813,2.9923852483180813,2.9923852483180813,2.9923852483180813,2.9923852483180813,2.9923852483180813,2.9923852483180813,2.9923852483180813,2.9923852483180813,2.9923852483180813,2.9923852483180813,2.9923852483180813,2.9923852483180813,2.9923852483180813,2.9923852483180813,2.9923852483180813,2.9923852483180813,2.9923852483180813,2.9923852483180813,2.9923852483180813,2.9923852483180813,2.9923852483180813,2.9923852483180813,2.9923852483180813,2.9923852483180813,2.9923852483180813,2.9923852483180813,2.9923852483180813,2.9923852483180813,2.9923852483180813,2.9923852483180813,2.9923852483180813,2.9923852483180813,2.9923852483180813,2.9923852483180813,2.9923852483180813,2.9923852483180813,2.9923852483180813,2.9923852483180813,2.9923852483180813,2.9923852483180813,2.9923852483180813,2.9923852483180813,2.9923852483180813,2.9923852483180813,2.9923852483180813,2.9923852483180813,2.9923852483180813,2.9923852483180813,2.9923852483180813,2.9923852483180813,2.9923852483180813,2.9923852483180813,2.9923852483180813,2.9923852483180813,2.9923852483180813,2.9923852483180813,2.9923852483180813,2.9923852483180813,2.9923852483180813,2.9923852483180813,2.9923852483180813,2.9923852483180813,2.9923852483180813,2.9923852483180813,2.9923852483180813,2.9923852483180813,2.9923852483180813,2.9923852483180813,2.9923852483180813,2.9923852483180813,2.9923852483180813,2.9923852483180813,2.9923852483180813,2.9923852483180813,2.9923852483180813,2.9923852483180813,2.9923852483180813,2.9923852483180813,2.9923852483180813,2.9923852483180813,2.9923852483180813,2.9923852483180813,2.9923852483180813,2.9923852483180813,2.9923852483180813,2.9923852483180813,2.9923852483180813,2.9923852483180813,2.9923852483180813,2.9923852483180813,2.9923852483180813,2.9923852483180813,2.9923852483180813,2.9923852483180813,2.9923852483180813,2.9923852483180813,2.9923852483180813,2.9923852483180813,2.9923852483180813,2.9923852483180813,2.9923852483180813,2.9923852483180813,2.9923852483180813,2.9923852483180813,2.9923852483180813,2.9923852483180813,2.9923852483180813,2.9923852483180813,2.9923852483180813,2.9923852483180813,2.9923852483180813,2.9923852483180813,2.9923852483180813,2.9923852483180813,2.9923852483180813,2.9923852483180813,2.9923852483180813,2.9923852483180813,2.9923852483180813,2.9923852483180813,2.9923852483180813,2.9923852483180813,2.9923852483180813,2.9923852483180813,2.9923852483180813,2.9923852483180813,2.9923852483180813,2.9923852483180813,2.9923852483180813,2.9923852483180813,2.9923852483180813,2.9923852483180813,2.9923852483180813,2.9923852483180813,2.9923852483180813,2.9923852483180813,2.9923852483180813,2.9923852483180813,2.9923852483180813,2.9923852483180813,2.9923852483180813,2.9923852483180813,2.9923852483180813,2.9923852483180813,2.9923852483180813,2.9923852483180813,2.9923852483180813,2.9923852483180813,2.9923852483180813,2.9923852483180813,2.9923852483180813,2.9923852483180813,2.9923852483180813,2.9923852483180813,2.9923852483180813,2.9923852483180813,2.9923852483180813,2.9923852483180813,2.9923852483180813,2.9923852483180813,2.9923852483180813,2.9923852483180813,2.9923852483180813,2.9923852483180813,2.9923852483180813,2.9923852483180813,2.9923852483180813,2.9923852483180813,2.9923852483180813,2.9923852483180813,2.9923852483180813,2.9923852483180813,2.9923852483180813,2.9923852483180813,2.9923852483180813,2.9923852483180813,2.9923852483180813,2.9923852483180813,2.9923852483180813,2.9923852483180813,2.9923852483180813,2.9923852483180813,2.9923852483180813,2.9923852483180813,2.9923852483180813,2.9923852483180813,2.9923852483180813,2.9923852483180813,2.9923852483180813,2.9923852483180813,2.9923852483180813,2.9923852483180813,2.9923852483180813,2.9923852483180813,2.9923852483180813,2.9923852483180813,2.9923852483180813,2.9923852483180813,2.9923852483180813,2.9923852483180813,2.9923852483180813,2.9923852483180813,2.9923852483180813,2.9923852483180813,2.9923852483180813,2.9923852483180813,2.9923852483180813,2.9923852483180813,2.9923852483180813,2.9923852483180813,2.9923852483180813,2.9923852483180813,2.9923852483180813,2.9923852483180813,2.9923852483180813,2.9923852483180813,2.9923852483180813,2.9923852483180813,2.9923852483180813,2.9923852483180813,2.9923852483180813,2.9923852483180813,2.9923852483180813,2.9923852483180813,2.9923852483180813,2.9923852483180813,2.9923852483180813,2.9923852483180813,2.9923852483180813,2.9923852483180813,2.9923852483180813,2.9923852483180813,2.9923852483180813,2.9923852483180813,2.9923852483180813,2.9923852483180813,2.9923852483180813,2.9923852483180813,2.9923852483180813,2.9923852483180813,2.9923852483180813,2.9923852483180813,2.9923852483180813,2.9923852483180813,2.9923852483180813,2.9923852483180813,2.9923852483180813,2.9923852483180813,2.9923852483180813,2.9923852483180813,2.9923852483180813,2.9923852483180813,2.9923852483180813,2.9923852483180813,2.9923852483180813,2.9923852483180813,2.9923852483180813,2.9923852483180813,2.9923852483180813,2.9923852483180813,2.9923852483180813,2.9923852483180813,2.9923852483180813,2.9923852483180813,2.9923852483180813,2.9923852483180813,2.9923852483180813,2.9923852483180813,2.9923852483180813,2.9923852483180813,2.9923852483180813,2.9923852483180813,2.9923852483180813,2.9923852483180813,2.9923852483180813,2.9923852483180813,2.9923852483180813,2.9923852483180813,2.9923852483180813,2.9923852483180813,2.9923852483180813,2.9923852483180813,2.9923852483180813,2.9923852483180813,2.9923852483180813,2.9923852483180813,2.9923852483180813,2.9923852483180813,2.9923852483180813,2.9923852483180813,2.9923852483180813,2.9923852483180813,2.9923852483180813,2.9923852483180813,2.9923852483180813,2.9923852483180813,2.9923852483180813,2.9923852483180813,2.9923852483180813,2.9923852483180813,2.9923852483180813,2.9923852483180813,2.9923852483180813,2.9923852483180813,2.9923852483180813,2.9923852483180813,2.9923852483180813,2.9923852483180813,2.9923852483180813,2.9923852483180813,2.9923852483180813,2.9923852483180813,2.9923852483180813,2.9923852483180813,2.9923852483180813,2.9923852483180813,2.9923852483180813,2.9923852483180813,2.9923852483180813,2.9923852483180813,2.9923852483180813,2.9923852483180813,2.9923852483180813,2.9923852483180813,2.9923852483180813,2.9923852483180813,2.9923852483180813,2.9923852483180813,2.9923852483180813,2.9923852483180813,2.9923852483180813,2.9923852483180813,2.9923852483180813,2.9923852483180813,2.9923852483180813,2.9923852483180813,2.9923852483180813,2.9923852483180813,2.9923852483180813,2.9923852483180813,2.9923852483180813,2.9923852483180813,2.9923852483180813,2.9923852483180813,2.9923852483180813,2.9923852483180813,2.9923852483180813,2.9923852483180813,2.9923852483180813,2.9923852483180813,2.9923852483180813,2.9923852483180813,2.9923852483180813,2.9923852483180813,2.9923852483180813,2.9923852483180813,2.9923852483180813,2.9923852483180813,2.9923852483180813,7.236701218155546,7.236701218155546,7.236701218155546,7.236701218155546,7.236701218155546,7.183079430867639,6.807408637438334,6.425171261722808,6.425171261722808,6.425171261722808,6.425171261722808,6.0425432635945056,6.0425432635945056,6.0425432635945056,6.0425432635945056,6.0425432635945056,6.0425432635945056,6.0425432635945056,6.0425432635945056,6.0425432635945056,6.0425432635945056,5.010193187013217,5.010193187013217,5.010193187013217,5.010193187013217,5.010193187013217,5.010193187013217,5.010193187013217,5.010193187013217,5.010193187013217,5.010193187013217,5.010193187013217,5.010193187013217,5.010193187013217,5.010193187013217,5.010193187013217,5.010193187013217,5.010193187013217,5.010193187013217,5.010193187013217,5.010193187013217,5.010193187013217,5.010193187013217,5.010193187013217,5.010193187013217,5.010193187013217,5.010193187013217,5.010193187013217,5.010193187013217,5.010193187013217,5.010193187013217,5.010193187013217,5.010193187013217,5.010193187013217,5.010193187013217,5.010193187013217,5.010193187013217,5.010193187013217,5.010193187013217,5.010193187013217,5.010193187013217,5.010193187013217,5.010193187013217,5.010193187013217,5.010193187013217,5.010193187013217,5.010193187013217,5.010193187013217,5.010193187013217,5.010193187013217,5.010193187013217,5.010193187013217,5.010193187013217,5.010193187013217,5.010193187013217,5.010193187013217,5.010193187013217,5.010193187013217,5.010193187013217,5.010193187013217,5.010193187013217,5.010193187013217,5.010193187013217,5.010193187013217,5.010193187013217,5.010193187013217,5.010193187013217,5.010193187013217,5.010193187013217,5.010193187013217,5.010193187013217,5.010193187013217,5.010193187013217,5.010193187013217,5.010193187013217,5.010193187013217,5.010193187013217,5.010193187013217,5.010193187013217,5.010193187013217,5.010193187013217,5.010193187013217,5.010193187013217,5.010193187013217,5.010193187013217,5.010193187013217,5.010193187013217,5.010193187013217,5.010193187013217,5.010193187013217,5.010193187013217,5.010193187013217,5.010193187013217,5.010193187013217,5.010193187013217,5.010193187013217,5.005550824373225,5.005550824373225,5.005550824373225,5.005550824373225,5.005550824373225,5.005550824373225,5.005550824373225,5.005550824373225,5.005550824373225,5.005550824373225,5.005550824373225,5.005550824373225,5.005550824373225,5.005550824373225,5.005550824373225,5.005550824373225,5.005550824373225,5.005550824373225,5.005550824373225,5.005550824373225,5.005550824373225,5.005550824373225,5.005550824373225,5.005550824373225,5.005550824373225,5.005550824373225,5.005550824373225,5.005550824373225,5.005550824373225,5.005550824373225,5.005550824373225,5.005550824373225,5.005550824373225,5.005550824373225,5.005550824373225,5.005550824373225,5.005550824373225,5.005550824373225,5.005550824373225,5.005550824373225,5.005550824373225,5.005550824373225,5.005550824373225,5.005550824373225,5.005550824373225,5.005550824373225,5.005550824373225,5.005550824373225,5.005550824373225,5.005550824373225,5.005550824373225,5.005550824373225,5.005550824373225,5.005550824373225,5.005550824373225,5.005550824373225,5.005550824373225,5.005550824373225,5.005550824373225,5.005550824373225,5.005550824373225,5.005550824373225,5.005550824373225,5.005550824373225,5.005550824373225,5.005550824373225,5.005550824373225,5.005550824373225,5.005550824373225,5.005550824373225,5.005550824373225,5.005550824373225,5.005550824373225,5.005550824373225,5.005550824373225,5.005550824373225,5.005550824373225,5.005550824373225,5.005550824373225,5.005550824373225,5.005550824373225,5.005550824373225,5.005550824373225,5.005550824373225,5.005550824373225,5.005550824373225,5.005550824373225,5.005550824373225,5.005550824373225,5.005550824373225,5.005550824373225,5.005550824373225,5.005550824373225,5.005550824373225,5.005550824373225,5.005550824373225,5.005550824373225,5.005550824373225,5.005550824373225,5.005550824373225,5.005550824373225,5.005550824373225,5.005550824373225,5.005550824373225,5.005550824373225,5.005550824373225,5.005550824373225,5.005550824373225,5.005550824373225,5.005550824373225,5.005550824373225,5.005550824373225,5.005550824373225,5.005550824373225,5.005550824373225,5.005550824373225,5.005550824373225,5.005550824373225,5.005550824373225,5.005550824373225,5.005550824373225,5.005550824373225,5.005550824373225,5.005550824373225,5.005550824373225,5.005550824373225,5.005550824373225,5.005550824373225,5.005550824373225,5.005550824373225,5.005550824373225,5.005550824373225,5.005550824373225,5.005550824373225,5.005550824373225,5.005550824373225,5.005550824373225,5.005550824373225,5.005550824373225,5.005550824373225,5.005550824373225,5.005550824373225,5.005550824373225,5.005550824373225,5.005550824373225,5.005550824373225,5.005550824373225,5.005550824373225,5.005550824373225,5.005550824373225,5.005550824373225,5.005550824373225,5.005550824373225,5.005550824373225,5.005550824373225,5.005550824373225,5.005550824373225,5.005550824373225,5.005550824373225,5.005550824373225,5.005550824373225,5.005550824373225,5.005550824373225,5.005550824373225,5.005550824373225,5.005550824373225,5.005550824373225,5.005550824373225,5.005550824373225,5.005550824373225,5.005550824373225,5.005550824373225,5.005550824373225,5.005550824373225,5.005550824373225,5.005550824373225,5.005550824373225,5.005550824373225,5.005550824373225,5.005550824373225,5.005550824373225,5.005550824373225,5.005550824373225,5.005550824373225,5.005550824373225,5.005550824373225,5.005550824373225,5.005550824373225,5.005550824373225,5.005550824373225,5.005550824373225,5.005550824373225,5.005550824373225,5.005550824373225,5.005550824373225,5.005550824373225,5.005550824373225,5.005550824373225,5.005550824373225,5.005550824373225,5.005550824373225,5.005550824373225,5.005550824373225,5.005550824373225,5.005550824373225,5.005550824373225,5.005550824373225,5.005550824373225,5.005550824373225,5.005550824373225,5.005550824373225,5.005550824373225,5.005550824373225,5.005550824373225,5.005550824373225,5.005550824373225,5.005550824373225,5.005550824373225,5.005550824373225,5.005550824373225,5.005550824373225,5.005550824373225,5.005550824373225,5.005550824373225,5.005550824373225,5.005550824373225,5.005550824373225,5.005550824373225,5.005550824373225,5.005550824373225,5.005550824373225,5.005550824373225,5.005550824373225,5.005550824373225,5.005550824373225,5.005550824373225,5.005550824373225,5.005550824373225,5.005550824373225,5.005550824373225,5.005550824373225,5.005550824373225,5.005550824373225,5.005550824373225,5.005550824373225,5.005550824373225,5.005550824373225,5.005550824373225,5.005550824373225,5.005550824373225,5.005550824373225,5.005550824373225,5.005550824373225,5.005550824373225,5.005550824373225,5.005550824373225,5.005550824373225,5.005550824373225,5.005550824373225,5.005550824373225,5.005550824373225,5.005550824373225,5.005550824373225,5.005550824373225,5.005550824373225,5.005550824373225,5.005550824373225,5.005550824373225,5.005550824373225,5.005550824373225,5.005550824373225,5.005550824373225,5.005550824373225,5.005550824373225,5.005550824373225,5.005550824373225,5.005550824373225,5.005550824373225,5.005550824373225,5.005550824373225,5.005550824373225,5.005550824373225,5.005550824373225,5.005550824373225,5.005550824373225,5.005550824373225,5.005550824373225,5.005550824373225,5.005550824373225,5.005550824373225,5.005550824373225,5.005550824373225,5.005550824373225,5.005550824373225,5.005550824373225,5.005550824373225,5.005550824373225,5.005550824373225,5.005550824373225,5.005550824373225,5.005550824373225,5.005550824373225,5.005550824373225,5.005550824373225,5.005550824373225,5.005550824373225,5.005550824373225,5.005550824373225,5.005550824373225,5.005550824373225,5.005550824373225,5.005550824373225,5.005550824373225,5.005550824373225,5.005550824373225,5.005550824373225,5.005550824373225,5.005550824373225,5.005550824373225,5.005550824373225,5.005550824373225,5.005550824373225,5.005550824373225,5.005550824373225,5.005550824373225,5.005550824373225,5.005550824373225,5.005550824373225,5.005550824373225,5.005550824373225,5.005550824373225,5.005550824373225,5.005550824373225,5.005550824373225,5.005550824373225,5.005550824373225,5.005550824373225,5.005550824373225,5.005550824373225,5.005550824373225,5.005550824373225,5.005550824373225,5.005550824373225,5.005550824373225,5.005550824373225,5.005550824373225,5.005550824373225,5.005550824373225,5.005550824373225,5.005550824373225,5.005550824373225,5.005550824373225,5.005550824373225,5.005550824373225,5.005550824373225,5.005550824373225,5.005550824373225,5.005550824373225,5.005550824373225,5.005550824373225,5.005550824373225,5.005550824373225,5.005550824373225,5.005550824373225,5.005550824373225,5.005550824373225,5.005550824373225,5.005550824373225,5.005550824373225,5.005550824373225,5.005550824373225,5.005550824373225,5.005550824373225,5.005550824373225,5.005550824373225,5.005550824373225,5.005550824373225,5.005550824373225,5.005550824373225,5.005550824373225,5.005550824373225,5.005550824373225,5.005550824373225,5.005550824373225,5.005550824373225,5.005550824373225,5.005550824373225,5.005550824373225,5.005550824373225,5.005550824373225,5.005550824373225,5.005550824373225,5.005550824373225,5.005550824373225,5.005550824373225,5.005550824373225,5.005550824373225,5.005550824373225,5.005550824373225,5.005550824373225,5.005550824373225,5.005550824373225,5.005550824373225,5.005550824373225,5.005550824373225,5.005550824373225,5.005550824373225,5.005550824373225,5.005550824373225,5.005550824373225,5.005550824373225,5.005550824373225,5.005550824373225,5.005550824373225,5.005550824373225,5.005550824373225,5.005550824373225,5.005550824373225,5.005550824373225,5.005550824373225,5.005550824373225,5.005550824373225,5.005550824373225,5.005550824373225,5.005550824373225,5.005550824373225,5.005550824373225,5.005550824373225,5.005550824373225,5.005550824373225,5.005550824373225,5.005550824373225,5.005550824373225,5.005550824373225,5.005550824373225,5.005550824373225,5.005550824373225,5.005550824373225,5.005550824373225,5.005550824373225,5.005550824373225,5.005550824373225,5.005550824373225,5.005550824373225,5.005550824373225,5.005550824373225,5.005550824373225,5.005550824373225,5.005550824373225,5.005550824373225,5.005550824373225,5.005550824373225,5.005550824373225,5.005550824373225,5.005550824373225,5.005550824373225,5.005550824373225,5.005550824373225,5.005550824373225,5.005550824373225,5.005550824373225,5.005550824373225,5.005550824373225,5.005550824373225,5.005550824373225,5.005550824373225,5.005550824373225,5.005550824373225,5.005550824373225,5.005550824373225,5.005550824373225,5.005550824373225,5.005550824373225,5.005550824373225,5.005550824373225,5.005550824373225,5.005550824373225,5.005550824373225,5.005550824373225,5.005550824373225,5.005550824373225,5.005550824373225,5.005550824373225,5.005550824373225,5.005550824373225,5.005550824373225,5.005550824373225,5.005550824373225,4.936104449149181,4.936104449149181,4.936104449149181,4.936104449149181,4.824592143355113,4.824592143355113,4.824592143355113,4.824592143355113,4.824592143355113,4.824592143355113,4.824592143355113,4.824592143355113,4.824592143355113,4.824592143355113,4.824592143355113,4.824592143355113,4.824592143355113,4.824592143355113,4.824592143355113,4.824592143355113,4.824592143355113,4.824592143355113,4.824592143355113,4.824592143355113,4.824592143355113,4.824592143355113,4.824592143355113,4.824592143355113,4.824592143355113,4.737690464119783,4.737690464119783,4.737690464119783,4.737690464119783,4.737690464119783,4.737690464119783,4.737690464119783,4.737690464119783,4.737690464119783,4.737690464119783,4.737690464119783,4.737690464119783,4.737690464119783,4.737690464119783,4.156750327490121,3.30334395761228,3.30334395761228,3.30334395761228,3.30334395761228,3.30334395761228,3.30334395761228,3.30334395761228,3.30334395761228,3.30334395761228,3.30334395761228,3.30334395761228,3.30334395761228,3.30334395761228,3.30334395761228,3.30334395761228,3.30334395761228,3.30334395761228,3.30334395761228,3.30334395761228,3.30334395761228,3.30334395761228,3.30334395761228,3.30334395761228,3.30334395761228,3.30334395761228,3.30334395761228,3.30334395761228,3.30334395761228,3.30334395761228,3.034787901893294,3.034787901893294,3.034787901893294,3.034787901893294,3.034787901893294,3.034787901893294,3.034787901893294,3.034787901893294,3.034787901893294,3.034787901893294,3.034787901893294,3.034787901893294,3.034787901893294,3.034787901893294,3.034787901893294,3.034787901893294,3.034787901893294,3.034787901893294,3.034787901893294,3.034787901893294,3.034787901893294,3.034787901893294,3.034787901893294,3.034787901893294,3.034787901893294,3.034787901893294,3.034787901893294,3.034787901893294,3.034787901893294,3.034787901893294,3.034787901893294,3.034787901893294,3.034787901893294,3.034787901893294,3.034787901893294,3.034787901893294,3.034787901893294,3.034787901893294,3.034787901893294,3.034787901893294,3.034787901893294,3.034787901893294,3.034787901893294,3.034787901893294,3.034787901893294,3.034787901893294,3.034787901893294,3.034787901893294,3.034787901893294,3.034787901893294,3.034787901893294,3.034787901893294,3.034787901893294,3.034787901893294,3.034787901893294,3.034787901893294,3.034787901893294,3.034787901893294,3.034787901893294,3.034787901893294,3.034787901893294,3.034787901893294,3.034787901893294,3.034787901893294,3.034787901893294,3.034787901893294,3.034787901893294,3.034787901893294,3.034787901893294,3.034787901893294,3.034787901893294,3.034787901893294,3.034787901893294,3.034787901893294,3.034787901893294,3.034787901893294,3.034787901893294,3.034787901893294,3.034787901893294,3.034787901893294,3.034787901893294,3.034787901893294,3.034787901893294,3.034787901893294,3.034787901893294,3.034787901893294,3.034787901893294,3.034787901893294,3.034787901893294,3.034787901893294,3.034787901893294,3.034787901893294,3.034787901893294,3.034787901893294,3.034787901893294,3.034787901893294,3.034787901893294,3.034787901893294,3.034787901893294,3.034787901893294,3.034787901893294,3.034787901893294,3.034787901893294,3.034787901893294,3.034787901893294,3.034787901893294,3.034787901893294,3.034787901893294,3.034787901893294,3.034787901893294,3.034787901893294,3.034787901893294,3.034787901893294,3.034787901893294,3.034787901893294,3.034787901893294,3.034787901893294,3.034787901893294,3.034787901893294,3.034787901893294,3.034787901893294,3.034787901893294,3.034787901893294,3.034787901893294,3.034787901893294,3.034787901893294,3.034787901893294,3.034787901893294,3.034787901893294,3.034787901893294,3.034787901893294,3.034787901893294,3.034787901893294,3.034787901893294,3.034787901893294,3.034787901893294,3.034787901893294,3.034787901893294,3.034787901893294,3.034787901893294,3.034787901893294,3.034787901893294,3.034787901893294,3.034787901893294,3.034787901893294,3.034787901893294,3.034787901893294,3.034787901893294,3.034787901893294,3.034787901893294,3.034787901893294,3.034787901893294,3.034787901893294,3.034787901893294,3.034787901893294,3.034787901893294,3.034787901893294,3.034787901893294,3.034787901893294,3.034787901893294,3.034787901893294,3.034787901893294,3.034787901893294,3.034787901893294,3.034787901893294,3.034787901893294,3.034787901893294,3.034787901893294,3.034787901893294,3.034787901893294,3.034787901893294,3.034787901893294,3.034787901893294,3.034787901893294,3.034787901893294,3.034787901893294,3.034787901893294,3.034787901893294,3.034787901893294,3.034787901893294,3.034787901893294,3.034787901893294,3.034787901893294,3.034787901893294,3.034787901893294,3.034787901893294,3.034787901893294,3.034787901893294,3.034787901893294,3.034787901893294,3.034787901893294,3.034787901893294,3.034787901893294,3.034787901893294,3.034787901893294,3.034787901893294,3.034787901893294,3.034787901893294,3.034787901893294,3.034787901893294,3.034787901893294,3.034787901893294,3.034787901893294,3.034787901893294,3.034787901893294,3.034787901893294,3.034787901893294,3.034787901893294,3.034787901893294,3.034787901893294,3.034787901893294,3.034787901893294,3.034787901893294,3.034787901893294,3.034787901893294,3.034787901893294,3.034787901893294,3.034787901893294,3.034787901893294,3.034787901893294,3.034787901893294,3.034787901893294,3.034787901893294,3.034787901893294,3.034787901893294,3.034787901893294,3.034787901893294,3.034787901893294,3.034787901893294,3.034787901893294,3.034787901893294,3.034787901893294,3.034787901893294,3.034787901893294,3.034787901893294,3.034787901893294,3.034787901893294,3.034787901893294,3.034787901893294,3.034787901893294,3.034787901893294,3.034787901893294,3.034787901893294,3.034787901893294,3.034787901893294,3.034787901893294,3.034787901893294,3.034787901893294,3.034787901893294,3.034787901893294,3.034787901893294,3.034787901893294,3.034787901893294,3.034787901893294,3.034787901893294,3.034787901893294,3.034787901893294,3.034787901893294,3.034787901893294,3.034787901893294,3.034787901893294,3.034787901893294,3.034787901893294,3.034787901893294,3.034787901893294,3.034787901893294,3.034787901893294,3.034787901893294,3.034787901893294,3.034787901893294,3.034787901893294,3.034787901893294,3.034787901893294,3.034787901893294,3.034787901893294,3.034787901893294,3.034787901893294,3.034787901893294,3.034787901893294,3.034787901893294,3.034787901893294,3.034787901893294,3.034787901893294,3.034787901893294,3.034787901893294,3.034787901893294,3.034787901893294,3.034787901893294,3.034787901893294,3.034787901893294,3.034787901893294,3.034787901893294,3.034787901893294,3.034787901893294,3.034787901893294,3.034787901893294,3.034787901893294,3.034787901893294,3.034787901893294,3.034787901893294,3.034787901893294,3.034787901893294,3.034787901893294,3.034787901893294,3.034787901893294,3.034787901893294,3.034787901893294,3.034787901893294,3.034787901893294,3.034787901893294,3.034787901893294,3.034787901893294,3.034787901893294,3.034787901893294,3.034787901893294,3.034787901893294,3.034787901893294,3.034787901893294,3.034787901893294,3.034787901893294,3.034787901893294,3.034787901893294,3.034787901893294,8.00796883657508,8.00796883657508,8.00796883657508,8.00796883657508,8.00796883657508,8.00796883657508,7.592293128598784,7.592293128598784,7.592293128598784,7.592293128598784,7.592293128598784,7.592293128598784,7.592293128598784,7.592293128598784,7.592293128598784,7.592293128598784,7.592293128598784,7.592293128598784,7.592293128598784,7.592293128598784,7.592293128598784,7.592293128598784,7.592293128598784,7.592293128598784,7.592293128598784,7.592293128598784,7.592293128598784,7.592293128598784,7.592293128598784,7.592293128598784,7.592293128598784,7.592293128598784,7.592293128598784,7.05113544707515,5.300415130479329,5.300415130479329,4.894205197159156,4.894205197159156,4.894205197159156,4.894205197159156,4.894205197159156,4.894205197159156,4.894205197159156,4.894205197159156,4.894205197159156,4.894205197159156,4.894205197159156,4.894205197159156,4.894205197159156,4.894205197159156,4.894205197159156,4.894205197159156,4.894205197159156,4.894205197159156,4.894205197159156,4.894205197159156,4.894205197159156,4.894205197159156,4.894205197159156,4.894205197159156,4.894205197159156,4.894205197159156,4.894205197159156,4.894205197159156,4.894205197159156,4.894205197159156,4.894205197159156,4.894205197159156,4.894205197159156,4.894205197159156,4.894205197159156,4.894205197159156,4.894205197159156,4.894205197159156,4.894205197159156,4.894205197159156,4.894205197159156,4.894205197159156,4.894205197159156,4.894205197159156,4.894205197159156,4.894205197159156,4.894205197159156,4.894205197159156,4.894205197159156,4.894205197159156,4.894205197159156,4.894205197159156,4.894205197159156,4.894205197159156,4.894205197159156,4.894205197159156,4.894205197159156,4.894205197159156,4.894205197159156,4.894205197159156,4.894205197159156,4.894205197159156,4.894205197159156,4.894205197159156,4.894205197159156,4.894205197159156,4.894205197159156,4.894205197159156,4.894205197159156,4.894205197159156,4.705054257910636,4.705054257910636,4.705054257910636,4.705054257910636,4.705054257910636,4.705054257910636,4.705054257910636,4.705054257910636,4.705054257910636,4.705054257910636,4.705054257910636,4.705054257910636,4.705054257910636,4.705054257910636,4.705054257910636,4.705054257910636,4.705054257910636,4.705054257910636,4.705054257910636,4.705054257910636,4.705054257910636,4.705054257910636,4.705054257910636,4.705054257910636,4.705054257910636,4.705054257910636,4.705054257910636,4.705054257910636,4.705054257910636,4.705054257910636,4.705054257910636,4.705054257910636,4.705054257910636,4.705054257910636,4.705054257910636,4.705054257910636,4.705054257910636,4.705054257910636,4.705054257910636,4.705054257910636,4.705054257910636,4.705054257910636,4.705054257910636,4.705054257910636,4.705054257910636,4.705054257910636,4.705054257910636,4.705054257910636,4.705054257910636,4.705054257910636,4.705054257910636,4.705054257910636,4.705054257910636,4.705054257910636,4.705054257910636,4.705054257910636,4.705054257910636,4.705054257910636,4.705054257910636,4.705054257910636,4.705054257910636,4.705054257910636,4.705054257910636,4.705054257910636,4.705054257910636,4.705054257910636,4.705054257910636,4.705054257910636,4.705054257910636,4.705054257910636,4.705054257910636,4.705054257910636,4.705054257910636,4.682015219136848,4.682015219136848,4.682015219136848,4.682015219136848,4.682015219136848,4.562455493051908,4.562455493051908,4.562455493051908,4.562455493051908,4.562455493051908,4.562455493051908,4.562455493051908,4.562455493051908,4.562455493051908,4.562455493051908,4.562455493051908,4.562455493051908,4.562455493051908,4.562455493051908,4.562455493051908,4.562455493051908,4.562455493051908,4.562455493051908,4.562455493051908,4.562455493051908,4.562455493051908,4.562455493051908,4.562455493051908,4.562455493051908,4.562455493051908,4.562455493051908,4.562455493051908,4.562455493051908,4.562455493051908,4.562455493051908,4.562455493051908,4.562455493051908,4.562455493051908,4.562455493051908,4.562455493051908,4.562455493051908,4.562455493051908,4.562455493051908,4.562455493051908,4.562455493051908,4.562455493051908,4.562455493051908,4.562455493051908,4.562455493051908,4.489085006125503,4.489085006125503,4.489085006125503,4.489085006125503,4.489085006125503,4.489085006125503,4.489085006125503,4.489085006125503,4.489085006125503,4.489085006125503,4.489085006125503,4.489085006125503,4.489085006125503,4.489085006125503,4.489085006125503,4.489085006125503,4.489085006125503,4.489085006125503,4.489085006125503,4.489085006125503,4.489085006125503,4.489085006125503,4.489085006125503,4.489085006125503,4.489085006125503,4.489085006125503,4.489085006125503,4.489085006125503,4.489085006125503,4.489085006125503,4.489085006125503,4.489085006125503,4.489085006125503,4.489085006125503,4.489085006125503,4.489085006125503,4.489085006125503,4.489085006125503,4.489085006125503,4.489085006125503,4.489085006125503,4.489085006125503,4.489085006125503,4.489085006125503,4.489085006125503,4.489085006125503,4.489085006125503,4.489085006125503,4.489085006125503,4.489085006125503,4.489085006125503,4.489085006125503,4.489085006125503,4.489085006125503,4.489085006125503,4.489085006125503,4.489085006125503,4.489085006125503,4.489085006125503,4.489085006125503,4.489085006125503,4.489085006125503,4.489085006125503,4.489085006125503,4.489085006125503,4.489085006125503,4.489085006125503,4.489085006125503,4.489085006125503,4.489085006125503,4.489085006125503,4.489085006125503,4.489085006125503,4.489085006125503,4.489085006125503,4.489085006125503,4.489085006125503,4.461832859800901,4.461832859800901,4.461832859800901,4.461832859800901,4.461832859800901,4.461832859800901,4.439822767632757,4.439822767632757,4.439822767632757,4.439822767632757,4.439822767632757,4.439822767632757,4.439822767632757,4.439822767632757,4.439822767632757,4.439822767632757,4.439822767632757,4.439822767632757,4.439822767632757,4.439822767632757,4.439822767632757,4.439822767632757,4.439822767632757,4.439822767632757,4.439822767632757,4.439822767632757,4.439822767632757,4.439822767632757,4.439822767632757,4.439822767632757,4.439822767632757,4.439822767632757,4.439822767632757,4.439822767632757,4.439822767632757,4.439822767632757,4.439822767632757,4.439822767632757,4.439822767632757,4.439822767632757,4.439822767632757,4.439822767632757,4.439822767632757,4.439822767632757,4.439822767632757,4.439822767632757,4.439822767632757,4.439822767632757,4.439822767632757,4.439822767632757,4.439822767632757,4.439822767632757,4.439822767632757,4.439822767632757,4.439822767632757,4.439822767632757,4.439822767632757,4.439822767632757,4.439822767632757,4.439822767632757,4.439822767632757,4.439822767632757,4.439822767632757,4.439822767632757,4.439822767632757,4.439822767632757,4.439822767632757,4.439822767632757,4.439822767632757,4.439822767632757,4.439822767632757,4.439822767632757,4.439822767632757,4.439822767632757,4.439822767632757,4.439822767632757,4.439822767632757,4.439822767632757,4.439822767632757,4.439822767632757,4.439822767632757,4.439822767632757,4.439822767632757,4.439822767632757,4.439822767632757,4.439822767632757,4.439822767632757,4.439822767632757,4.439822767632757,4.439822767632757,4.439822767632757,4.439822767632757,4.439822767632757,4.439822767632757,4.439822767632757,4.439822767632757,4.439822767632757,4.439822767632757,4.439822767632757,4.439822767632757,4.439822767632757,4.439822767632757,4.439822767632757,4.439822767632757,4.439822767632757,4.439822767632757,4.439822767632757,4.439822767632757,4.439822767632757,4.439822767632757,4.439822767632757,4.439822767632757,4.439822767632757,4.439822767632757,4.439822767632757,4.439822767632757,4.439822767632757,4.439822767632757,4.439822767632757,4.439822767632757,4.439822767632757,4.439822767632757,4.439822767632757,4.439822767632757,4.439822767632757,4.439822767632757,4.439822767632757,4.439822767632757,4.439822767632757,4.439822767632757,4.439822767632757,4.439822767632757,4.439822767632757,4.428879942963278,4.428879942963278,4.428879942963278,4.428879942963278,4.428879942963278,4.428879942963278,4.428879942963278,4.428879942963278,4.428879942963278,4.428879942963278,4.428879942963278,4.428879942963278,4.428879942963278,4.428879942963278,4.428879942963278,4.428879942963278,4.428879942963278,4.428879942963278,4.428879942963278,4.428879942963278,4.428879942963278,4.428879942963278,4.428879942963278,4.428879942963278,4.428879942963278,4.428879942963278,4.428879942963278,4.428879942963278,4.428879942963278,4.428879942963278,4.428879942963278,4.428879942963278,4.428879942963278,4.428879942963278,4.428879942963278,4.428879942963278,4.428879942963278,4.428879942963278,4.428879942963278,4.428879942963278,4.428879942963278,4.428879942963278,4.428879942963278,4.428879942963278,4.428879942963278,4.428879942963278,4.428879942963278,4.428879942963278,4.428879942963278,4.428879942963278,4.428879942963278,4.428879942963278,4.428879942963278,4.428879942963278,4.428879942963278,4.428879942963278,4.428879942963278,4.428879942963278,4.428879942963278,4.428879942963278,4.428879942963278,4.428879942963278,4.428879942963278,4.428879942963278,4.428879942963278,4.428879942963278,4.428879942963278,4.428879942963278,4.428879942963278,4.428879942963278,4.428879942963278,4.428879942963278,4.428879942963278,4.428879942963278,4.428879942963278,4.428879942963278,4.428879942963278,4.428879942963278,4.428879942963278,4.428879942963278,4.428879942963278,4.428879942963278,4.428879942963278,4.428879942963278,4.428879942963278,4.428879942963278,4.428879942963278,4.428879942963278,4.428879942963278,4.428879942963278,4.428879942963278,4.428879942963278,4.428879942963278,4.428879942963278,4.428879942963278,4.428879942963278,4.428879942963278,4.428879942963278,4.428879942963278,4.428879942963278,4.428879942963278,4.428879942963278,4.428879942963278,4.428879942963278,4.428879942963278,4.428879942963278,4.428879942963278,4.428879942963278,4.428879942963278,4.428879942963278,4.428879942963278,4.428879942963278,4.428879942963278,4.428879942963278,4.428879942963278,4.428879942963278,4.428879942963278,4.428879942963278,4.428879942963278,4.428879942963278,4.428879942963278,4.428879942963278,4.428879942963278,4.428879942963278,4.428879942963278,4.428879942963278,4.428879942963278,4.428879942963278,4.428879942963278,4.428879942963278,4.428879942963278,4.428879942963278,4.428879942963278,4.428879942963278,4.428879942963278,4.428879942963278,4.428879942963278,4.428879942963278,4.428879942963278,4.428879942963278,4.428879942963278,4.428879942963278,4.428879942963278,4.428879942963278,4.428879942963278,4.428879942963278,4.428879942963278,4.428879942963278,4.428879942963278,4.428879942963278,4.428879942963278,4.428879942963278,4.428879942963278,4.428879942963278,4.428879942963278,4.428879942963278,4.428879942963278,4.428879942963278,4.428879942963278,4.428879942963278,4.428879942963278,4.428879942963278,4.428879942963278,4.428879942963278,4.428879942963278,4.428879942963278,4.428879942963278,4.428879942963278,4.428879942963278,4.428879942963278,4.428879942963278,4.428879942963278,4.428879942963278,4.428879942963278,4.428879942963278,4.428879942963278,4.428879942963278,4.428879942963278,4.428879942963278,4.428879942963278,4.428879942963278,4.428879942963278,4.428879942963278,4.428879942963278,4.428879942963278,4.428879942963278,4.428879942963278,4.428879942963278,4.428879942963278,4.428879942963278,4.428879942963278,4.428879942963278,4.428879942963278,4.428879942963278,4.428879942963278,4.428879942963278,4.428879942963278,4.428879942963278,4.428879942963278,4.428879942963278,4.428879942963278,4.428879942963278,4.428879942963278,4.428879942963278,4.428879942963278,4.428879942963278,4.428879942963278,4.428879942963278,4.428879942963278,4.428879942963278,4.428879942963278,4.428879942963278,4.428879942963278,4.428879942963278,4.428879942963278,4.428879942963278,4.428879942963278,4.428879942963278,4.428879942963278,4.428879942963278,4.428879942963278,4.428879942963278,4.428879942963278,4.428879942963278,4.428879942963278,4.428879942963278,4.428879942963278,4.428879942963278,4.428879942963278,4.428879942963278,4.428879942963278,4.428879942963278,4.428879942963278,4.428879942963278,4.428879942963278,4.428879942963278,4.428879942963278,4.428879942963278,4.428879942963278,4.428879942963278,4.428879942963278,4.428879942963278,4.428879942963278,4.428879942963278,4.428879942963278,4.428879942963278,4.428879942963278,4.428879942963278,4.428879942963278,4.428879942963278,4.428879942963278,4.428879942963278,4.428879942963278,4.428879942963278,4.428879942963278,4.428879942963278,4.428879942963278,4.428879942963278,4.428879942963278,4.428879942963278,4.428879942963278,4.428879942963278,4.428879942963278,4.428879942963278,4.428879942963278,4.428879942963278,4.428879942963278,4.428879942963278,4.428879942963278,4.428879942963278,4.428879942963278,4.428879942963278,4.428879942963278,4.428879942963278,4.428879942963278,4.428879942963278,4.428879942963278,4.428879942963278,4.428879942963278,4.428879942963278,4.428879942963278,4.428879942963278,4.428879942963278,4.428879942963278,4.428879942963278,4.428879942963278,4.428879942963278,4.428879942963278,4.428879942963278,4.428879942963278,4.428879942963278,4.428879942963278,4.428879942963278,4.428879942963278,4.428879942963278,4.428879942963278,4.428879942963278,4.428879942963278,4.428879942963278,4.428879942963278,4.428879942963278,4.428879942963278,4.428879942963278,4.428879942963278,4.428879942963278,4.428879942963278,4.428879942963278,4.428879942963278,4.428879942963278,4.428879942963278,4.428879942963278,4.428879942963278,4.428879942963278,4.428879942963278,4.428879942963278,4.428879942963278,4.428879942963278,4.428879942963278,4.428879942963278,4.428879942963278,4.428879942963278,4.428879942963278,4.428879942963278,4.428879942963278,4.428879942963278,4.428879942963278,4.428879942963278,4.428879942963278,4.428879942963278,4.428879942963278,4.428879942963278,4.428879942963278,4.428879942963278,4.428879942963278,4.428879942963278,4.428879942963278,4.428879942963278,4.428879942963278,4.428879942963278,4.428879942963278,4.428879942963278,4.428879942963278,4.428879942963278,4.428879942963278,4.428879942963278,4.428879942963278,4.428879942963278,4.428879942963278,4.428879942963278,4.428879942963278,4.428879942963278,4.428879942963278,4.428879942963278,4.428879942963278,4.428879942963278,4.428879942963278,4.428879942963278,4.428879942963278,4.428879942963278,4.428879942963278,4.428879942963278,4.428879942963278,4.428879942963278,4.428879942963278,4.428879942963278,4.428879942963278,4.428879942963278,4.428879942963278,4.428879942963278,4.428879942963278,4.428879942963278,4.428879942963278,4.428879942963278,4.428879942963278,4.428879942963278,4.428879942963278,4.428879942963278,4.428879942963278,4.428879942963278,4.428879942963278,4.428879942963278,4.428879942963278,4.428879942963278,4.428879942963278,4.428879942963278,4.428879942963278,4.428879942963278,4.428879942963278,4.428879942963278,4.428879942963278,4.428879942963278,4.428879942963278,4.428879942963278,4.428879942963278,4.428879942963278,4.428879942963278,4.428879942963278,4.428879942963278,4.428879942963278,4.428879942963278,4.428879942963278,4.428879942963278,4.428879942963278,4.428879942963278,4.428879942963278,4.428879942963278,4.428879942963278,4.428879942963278,4.428879942963278,4.428879942963278,4.428879942963278,4.428879942963278,4.428879942963278,4.428879942963278,4.428879942963278,4.428879942963278,4.428879942963278,4.428879942963278,4.428879942963278,4.428879942963278,4.428879942963278,4.428879942963278,4.428879942963278,4.428879942963278,4.428879942963278,4.428879942963278,4.428879942963278,4.428879942963278,4.428879942963278,4.428879942963278,4.428879942963278,4.428879942963278,4.428879942963278,4.428879942963278,4.428879942963278,4.428879942963278,4.428879942963278,4.428879942963278,4.428879942963278,4.428879942963278,4.428879942963278,4.428879942963278,4.428879942963278,4.428879942963278,4.428879942963278,4.428879942963278,4.428879942963278,4.428879942963278,4.428879942963278,4.428879942963278,4.428879942963278,4.428879942963278,4.428879942963278,4.428879942963278,4.428879942963278,4.428879942963278,4.428879942963278,4.428879942963278,4.428879942963278,4.428879942963278,4.428879942963278,4.428879942963278,4.428879942963278,4.428879942963278,4.428879942963278,4.428879942963278,4.428879942963278,4.428879942963278,4.428879942963278,4.428879942963278,4.428879942963278,4.428879942963278,4.428879942963278,4.428879942963278,4.428879942963278,4.428879942963278,4.428879942963278,4.428879942963278,4.428879942963278,4.428879942963278,4.428879942963278,4.428879942963278,4.428879942963278,4.428879942963278,4.428879942963278,4.428879942963278,4.428879942963278,4.428879942963278,4.428879942963278,4.428879942963278,4.428879942963278,4.428879942963278,4.428879942963278,4.428879942963278,4.428879942963278,4.428879942963278,4.428879942963278,4.428879942963278,4.428879942963278,4.428879942963278,4.428879942963278,4.428879942963278,4.428879942963278,4.428879942963278,4.428879942963278,4.428879942963278,4.428879942963278,4.428879942963278,4.428879942963278,4.428879942963278,4.428879942963278,4.428879942963278,4.428879942963278,4.428879942963278,4.428879942963278,4.428879942963278,4.428879942963278,4.428879942963278,4.428879942963278,4.428879942963278,4.428879942963278,4.428879942963278,4.428879942963278,4.428879942963278,4.428879942963278,4.428879942963278,4.428879942963278,4.428879942963278,4.428879942963278,4.428879942963278,4.428879942963278,4.428879942963278,4.428879942963278,4.428879942963278,4.428879942963278,4.428879942963278,4.428879942963278,4.428879942963278,4.428879942963278,4.428879942963278,4.428879942963278,4.428879942963278,4.428879942963278,4.428879942963278,4.428879942963278,4.428879942963278,4.428879942963278,4.428879942963278,4.428879942963278,4.428879942963278,4.428879942963278,4.428879942963278,4.428879942963278,4.428879942963278,4.428879942963278,4.428879942963278,4.428879942963278,4.428879942963278,4.428879942963278,4.428879942963278,4.428879942963278,4.428879942963278,5.938848364749678,5.938848364749678,5.938848364749678,5.938848364749678,5.938848364749678,5.938848364749678,5.938848364749678,5.938848364749678,5.938848364749678,5.938848364749678,5.938848364749678,5.938848364749678,5.938848364749678,5.938848364749678,5.938848364749678,5.938848364749678,5.938848364749678,5.938848364749678,5.938848364749678,5.938848364749678,5.938848364749678,5.938848364749678,5.938848364749678,5.938848364749678,5.938848364749678,5.938848364749678,5.938848364749678,5.938848364749678,5.938848364749678,5.938848364749678,5.938848364749678,5.938848364749678,5.938848364749678,5.938848364749678,5.938848364749678,5.938848364749678,5.938848364749678,5.938848364749678,5.938848364749678,5.938848364749678,5.938848364749678,5.938848364749678,5.938848364749678,5.938848364749678,5.938848364749678,5.938848364749678,5.938848364749678,5.938848364749678,5.938848364749678,5.938848364749678,5.938848364749678,5.67159656917864,5.67159656917864,5.67159656917864,5.67159656917864,5.67159656917864,4.458682870703208,4.458682870703208,4.458682870703208,4.458682870703208,4.458682870703208,4.458682870703208,4.458682870703208,4.458682870703208,4.458682870703208,4.458682870703208,4.458682870703208,4.458682870703208,4.458682870703208,4.458682870703208,4.458682870703208,4.458682870703208,4.458682870703208,4.458682870703208,4.458682870703208,4.458682870703208,4.458682870703208,4.458682870703208,4.458682870703208,4.458682870703208,4.458682870703208,4.458682870703208,4.458682870703208,4.458682870703208,4.458682870703208,4.458682870703208,4.458682870703208,4.458682870703208,4.458682870703208,4.458682870703208,4.458682870703208,4.458682870703208,4.458682870703208,4.458682870703208,4.458682870703208,4.458682870703208,4.458682870703208,4.458682870703208,4.458682870703208,4.458682870703208,4.458682870703208,4.458682870703208,4.458682870703208,4.458682870703208,4.458682870703208,4.458682870703208,4.458682870703208,4.458682870703208,4.458682870703208,4.458682870703208,4.458682870703208,4.458682870703208,4.458682870703208,4.458682870703208,4.458682870703208,4.458682870703208,4.458682870703208,4.458682870703208,4.458682870703208,4.458682870703208,4.458682870703208,4.458682870703208,4.458682870703208,4.458682870703208,4.458682870703208,4.458682870703208,4.458682870703208,4.458682870703208,4.458682870703208,4.458682870703208,4.458682870703208,4.458682870703208,4.458682870703208,4.458682870703208,4.458682870703208,4.458682870703208,4.458682870703208,4.458682870703208,4.458682870703208,4.458682870703208,4.458682870703208,4.458682870703208,4.458682870703208,4.458682870703208,4.458682870703208,4.458682870703208,4.458682870703208,4.458682870703208,4.458682870703208,4.458682870703208,4.458682870703208,4.458682870703208,4.458682870703208,4.458682870703208,4.458682870703208,4.458682870703208,4.458682870703208,4.458682870703208,4.458682870703208,4.458682870703208,4.458682870703208,4.458682870703208,4.458682870703208,4.458682870703208,4.458682870703208,4.458682870703208,4.458682870703208,4.458682870703208,4.458682870703208,4.458682870703208,4.458682870703208,4.458682870703208,4.458682870703208,4.458682870703208,4.458682870703208,4.458682870703208,4.458682870703208,4.458682870703208,4.458682870703208,4.458682870703208,4.458682870703208,4.458682870703208,4.458682870703208,4.458682870703208,4.458682870703208,4.458682870703208,4.458682870703208,4.458682870703208,4.458682870703208,4.458682870703208,4.458682870703208,4.458682870703208,4.458682870703208,4.458682870703208,4.458682870703208,4.458682870703208,4.458682870703208,4.458682870703208,4.458682870703208,4.458682870703208,4.458682870703208,4.458682870703208,4.458682870703208,4.458682870703208,4.458682870703208,4.458682870703208,4.458682870703208,4.458682870703208,4.458682870703208,4.458682870703208,4.458682870703208,4.458682870703208,4.458682870703208,4.458682870703208,4.458682870703208,4.458682870703208,4.458682870703208,4.458682870703208,4.458682870703208,4.458682870703208,4.458682870703208,4.458682870703208,4.458682870703208,4.458682870703208,4.458682870703208,4.458682870703208,4.458682870703208,4.458682870703208,4.458682870703208,4.458682870703208,4.458682870703208,4.458682870703208,4.458682870703208,4.458682870703208,4.458682870703208,4.458682870703208,4.458682870703208,4.458682870703208,4.458682870703208,4.458682870703208,4.458682870703208,4.458682870703208,4.458682870703208,4.458682870703208,4.458682870703208,4.458682870703208,4.458682870703208,4.458682870703208,4.458682870703208,4.458682870703208,4.458682870703208,4.458682870703208,4.458682870703208,4.458682870703208,4.458682870703208,4.458682870703208,4.458682870703208,4.458682870703208,4.458682870703208,4.458682870703208,4.458682870703208,4.458682870703208,4.458682870703208,4.458682870703208,4.458682870703208,4.458682870703208,4.458682870703208,4.458682870703208,4.458682870703208,4.458682870703208,4.458682870703208,4.458682870703208,4.458682870703208,4.458682870703208,4.458682870703208,4.458682870703208,4.458682870703208,4.458682870703208,4.458682870703208,4.458682870703208,4.458682870703208,4.458682870703208,4.458682870703208,4.458682870703208,4.458682870703208,4.458682870703208,4.458682870703208,4.458682870703208,4.458682870703208,4.458682870703208,4.458682870703208,4.458682870703208,4.458682870703208,4.458682870703208,4.458682870703208,4.458682870703208,4.458682870703208,4.458682870703208,4.458682870703208,4.458682870703208,4.458682870703208,4.458682870703208,4.458682870703208,4.458682870703208,4.458682870703208,4.458682870703208,4.458682870703208,4.458682870703208,4.458682870703208,4.458682870703208,4.458682870703208,4.458682870703208,4.458682870703208,4.458682870703208,4.458682870703208,4.458682870703208,4.458682870703208,4.458682870703208,4.458682870703208,4.458682870703208,4.458682870703208,4.458682870703208,4.458682870703208,4.458682870703208,4.458682870703208,4.458682870703208,4.458682870703208,4.458682870703208,4.458682870703208,4.458682870703208,4.458682870703208,4.458682870703208,4.458682870703208,4.458682870703208,4.458682870703208,4.458682870703208,4.458682870703208,4.458682870703208,4.458682870703208,4.458682870703208,4.458682870703208,4.458682870703208,4.458682870703208,4.458682870703208,4.458682870703208,4.458682870703208,4.458682870703208,4.458682870703208,4.458682870703208,4.458682870703208,4.458682870703208,4.458682870703208,4.458682870703208,4.458682870703208,4.458682870703208,4.458682870703208,4.458682870703208,4.458682870703208,4.458682870703208,4.458682870703208,4.458682870703208,4.458682870703208,4.458682870703208,4.458682870703208,4.458682870703208,4.458682870703208,4.458682870703208,4.458682870703208,4.458682870703208,4.458682870703208,4.458682870703208,4.458682870703208,4.458682870703208,4.458682870703208,4.458682870703208,4.458682870703208,4.458682870703208,4.458682870703208,4.458682870703208,4.458682870703208,4.458682870703208,4.458682870703208,4.458682870703208,4.458682870703208,4.458682870703208,4.458682870703208,4.458682870703208,4.458682870703208,4.458682870703208,4.458682870703208,4.458682870703208,4.458682870703208,4.458682870703208,4.458682870703208,4.458682870703208,4.458682870703208,4.458682870703208,4.458682870703208,4.458682870703208,4.458682870703208,4.458682870703208,4.458682870703208,4.458682870703208,4.458682870703208,4.458682870703208,4.458682870703208,4.458682870703208,4.458682870703208,4.458682870703208,4.458682870703208,4.458682870703208,4.458682870703208,4.458682870703208,4.458682870703208,4.458682870703208,4.458682870703208,4.458682870703208,4.458682870703208,4.458682870703208,4.458682870703208,4.458682870703208,4.458682870703208,4.458682870703208,4.458682870703208,4.458682870703208,4.458682870703208,4.458682870703208,4.458682870703208,4.458682870703208,4.458682870703208,4.458682870703208,4.458682870703208,4.458682870703208,4.458682870703208,4.458682870703208,4.458682870703208,4.458682870703208,4.458682870703208,4.458682870703208,4.458682870703208,4.458682870703208,4.458682870703208,4.458682870703208,4.458682870703208,4.458682870703208,4.458682870703208,4.458682870703208,4.458682870703208,4.458682870703208,4.458682870703208,4.458682870703208,4.458682870703208,4.458682870703208,4.458682870703208,4.458682870703208,4.458682870703208,4.458682870703208,4.458682870703208,4.458682870703208,4.458682870703208,4.458682870703208,4.458682870703208,4.458682870703208,4.458682870703208,4.458682870703208,4.458682870703208,4.458682870703208,4.458682870703208,4.458682870703208,4.458682870703208,4.458682870703208,4.458682870703208,4.458682870703208,4.458682870703208,4.458682870703208,4.458682870703208,4.458682870703208,4.458682870703208,4.458682870703208,4.458682870703208,4.458682870703208,4.458682870703208,4.458682870703208,4.458682870703208,4.458682870703208,4.458682870703208,4.458682870703208,4.458682870703208,4.458682870703208,4.458682870703208,4.458682870703208,4.458682870703208,4.458682870703208,4.458682870703208,4.458682870703208,4.458682870703208,4.458682870703208,4.458682870703208,4.458682870703208,4.458682870703208,4.458682870703208,4.458682870703208,4.458682870703208,4.458682870703208,4.458682870703208,4.458682870703208,4.458682870703208,4.458682870703208,4.458682870703208,4.458682870703208,4.458682870703208,4.458682870703208,4.458682870703208,4.458682870703208,4.458682870703208,4.458682870703208,4.458682870703208,4.458682870703208,4.458682870703208,4.458682870703208,4.458682870703208,4.458682870703208,4.458682870703208,4.458682870703208,4.458682870703208,4.458682870703208,4.458682870703208,4.458682870703208,4.458682870703208,4.458682870703208,4.458682870703208,4.458682870703208,4.458682870703208,4.458682870703208,4.458682870703208,4.458682870703208,4.458682870703208,4.458682870703208,4.458682870703208,4.458682870703208,4.458682870703208,4.458682870703208,4.458682870703208,4.458682870703208,4.458682870703208,4.458682870703208,4.458682870703208,4.458682870703208,4.458682870703208,4.458682870703208,4.458682870703208,4.458682870703208,4.458682870703208,4.458682870703208,4.458682870703208,4.458682870703208,4.458682870703208,4.458682870703208,4.458682870703208,4.458682870703208,4.458682870703208,4.458682870703208,4.458682870703208,4.458682870703208,4.458682870703208,4.458682870703208,4.458682870703208,4.458682870703208,4.458682870703208,4.458682870703208,4.458682870703208,4.458682870703208,4.458682870703208,4.458682870703208,4.458682870703208,4.458682870703208,4.458682870703208,4.458682870703208,4.458682870703208,4.458682870703208,4.458682870703208,4.458682870703208,4.458682870703208,4.458682870703208,4.458682870703208,4.458682870703208,4.458682870703208,4.458682870703208,4.458682870703208,4.458682870703208,4.458682870703208,4.458682870703208,4.458682870703208,4.458682870703208,4.458682870703208,4.458682870703208,4.458682870703208,4.458682870703208,4.458682870703208,4.458682870703208,4.458682870703208,4.458682870703208,4.458682870703208,4.3198687976565076,4.3198687976565076,4.3198687976565076,4.3198687976565076,4.3198687976565076,4.3198687976565076,4.3198687976565076,4.3198687976565076,4.3198687976565076,4.3198687976565076,4.3198687976565076,4.3198687976565076,4.3198687976565076,4.3198687976565076,4.3198687976565076,4.3198687976565076,4.3198687976565076,4.3198687976565076,4.3198687976565076,4.3198687976565076,4.3198687976565076,4.3198687976565076,4.3198687976565076,4.3198687976565076,4.3198687976565076,4.3198687976565076,4.3198687976565076,4.3198687976565076,4.3198687976565076,4.3198687976565076,4.3198687976565076,4.3198687976565076,4.3198687976565076,4.3198687976565076,4.3198687976565076,4.3198687976565076,4.3198687976565076,4.3198687976565076,4.3198687976565076,4.3198687976565076,4.3198687976565076,4.3198687976565076,4.3198687976565076,4.3198687976565076,4.3198687976565076,4.3198687976565076,4.296965167610294,4.296965167610294,4.296965167610294,4.296965167610294,4.296965167610294,4.296965167610294,4.296965167610294,4.296965167610294,4.296965167610294,4.296965167610294,4.296965167610294,4.296965167610294,4.296965167610294,4.296965167610294,4.296965167610294,4.296965167610294,4.296965167610294,4.296965167610294,4.296965167610294,4.296965167610294,4.296965167610294,4.296965167610294,4.296965167610294,4.296965167610294,4.296965167610294,4.296965167610294,4.296965167610294,4.296965167610294,4.296965167610294,4.296965167610294,4.296965167610294,4.296965167610294,4.296965167610294,4.296965167610294,4.296965167610294,4.296965167610294,4.296965167610294,4.296965167610294,4.296965167610294,4.296965167610294,4.296965167610294,4.296965167610294,4.296965167610294,4.296965167610294,4.296965167610294,4.296965167610294,4.296965167610294,4.296965167610294,4.296965167610294,4.296965167610294,4.296965167610294,4.296965167610294,4.296965167610294,4.296965167610294,4.296965167610294,4.296965167610294,4.296965167610294,4.296965167610294,4.296965167610294,4.296965167610294,4.296965167610294,4.296965167610294,4.296965167610294,4.296965167610294,4.296965167610294,4.296965167610294,4.296965167610294,4.296965167610294,4.296965167610294,4.296965167610294,4.296965167610294,4.296965167610294,4.296965167610294,4.296965167610294,4.296965167610294,4.296965167610294,4.296965167610294,4.296965167610294,4.296965167610294,4.296965167610294,4.296965167610294,4.296965167610294,4.296965167610294,4.296965167610294,4.296965167610294,4.296965167610294,4.296965167610294,4.296965167610294,4.296965167610294,4.296965167610294,4.296965167610294,4.296965167610294,4.296965167610294,4.296965167610294,4.296965167610294,4.296965167610294,4.296965167610294,4.296965167610294,4.296965167610294,4.296965167610294,4.296965167610294,4.296965167610294,4.296965167610294,4.296965167610294,4.296965167610294,4.296965167610294,4.296965167610294,4.296965167610294,4.296965167610294,4.296965167610294,4.296965167610294,4.296965167610294,4.296965167610294,4.296965167610294,4.296965167610294,4.296965167610294,4.296965167610294,4.296965167610294,4.296965167610294,4.296965167610294,4.296965167610294,4.296965167610294,4.296965167610294,4.296965167610294,4.296965167610294,4.296965167610294,4.296965167610294,4.296965167610294,4.296965167610294,4.296965167610294,4.296965167610294,4.296965167610294,4.296965167610294,4.296965167610294,4.296965167610294,4.296965167610294,4.296965167610294,4.296965167610294,4.296965167610294,4.296965167610294,4.296965167610294,4.296965167610294,4.296965167610294,4.296965167610294,4.296965167610294,4.296965167610294,4.296965167610294,4.296965167610294,4.296965167610294,4.296965167610294,4.296965167610294,4.296965167610294,4.296965167610294,4.296965167610294,4.296965167610294,4.296965167610294,4.296965167610294,4.296965167610294,4.296965167610294,4.296965167610294,4.296965167610294,4.296965167610294,4.296965167610294,4.296965167610294,4.296965167610294,4.296965167610294,4.296965167610294,4.296965167610294,4.296965167610294,4.296965167610294,4.296965167610294,4.296965167610294,4.296965167610294,4.296965167610294,4.296965167610294,4.296965167610294,4.296965167610294,4.296965167610294,4.296965167610294,4.296965167610294,4.296965167610294,4.296965167610294,4.296965167610294,4.296965167610294,4.296965167610294,4.296965167610294,4.296965167610294,4.296965167610294,4.296965167610294,4.296965167610294,4.296965167610294,4.296965167610294,4.296965167610294,4.296965167610294,4.296965167610294,4.296965167610294,4.296965167610294,4.296965167610294,4.296965167610294,4.296965167610294,4.296965167610294,4.296965167610294,4.296965167610294,4.296965167610294,4.296965167610294,4.296965167610294,4.296965167610294,4.296965167610294,4.296965167610294,4.296965167610294,4.296965167610294,4.296965167610294,4.296965167610294,4.296965167610294,4.296965167610294,4.296965167610294,4.296965167610294,4.296965167610294,4.296965167610294,4.296965167610294,4.296965167610294,4.296965167610294,4.296965167610294,4.296965167610294,4.296965167610294,4.296965167610294,4.296965167610294,4.296965167610294,4.296965167610294,4.296965167610294,4.296965167610294,4.296965167610294,4.296965167610294,4.296965167610294,4.296965167610294,4.296965167610294,4.296965167610294,4.296965167610294,4.296965167610294,4.296965167610294,4.296965167610294,4.296965167610294,4.296965167610294,4.296965167610294,4.296965167610294,4.296965167610294,4.296965167610294,4.296965167610294,4.296965167610294,4.296965167610294,4.296965167610294,4.296965167610294,4.296965167610294,4.296965167610294,4.296965167610294,4.296965167610294,4.296965167610294,4.296965167610294,4.296965167610294,4.296965167610294,4.296965167610294,4.296965167610294,4.296965167610294,4.296965167610294,4.296965167610294,4.296965167610294,4.296965167610294,4.296965167610294,4.296965167610294,4.296965167610294,4.296965167610294,4.296965167610294,4.296965167610294,4.296965167610294,4.296965167610294,4.296965167610294,4.296965167610294,4.296965167610294,4.296965167610294,4.296965167610294,4.296965167610294,4.296965167610294,4.296965167610294,4.296965167610294,4.296965167610294,4.296965167610294,4.296965167610294,4.296965167610294,4.296965167610294,4.296965167610294,4.296965167610294,4.296965167610294,4.296965167610294,4.296965167610294,4.296965167610294,4.296965167610294,4.296965167610294,4.296965167610294,4.296965167610294,4.296965167610294,4.296965167610294,4.296965167610294,4.296965167610294,4.296965167610294,4.296965167610294,4.296965167610294,4.296965167610294,4.296965167610294,4.296965167610294,4.296965167610294,4.296965167610294,4.296965167610294,4.296965167610294,4.296965167610294,4.296965167610294,4.296965167610294,4.296965167610294,4.296965167610294,4.296965167610294,4.296965167610294,4.296965167610294,4.296965167610294,4.296965167610294,4.296965167610294,4.296965167610294,4.296965167610294,4.296965167610294,4.296965167610294,4.296965167610294,4.296965167610294,4.296965167610294,4.296965167610294,4.296965167610294,4.296965167610294,4.296965167610294,4.296965167610294,4.296965167610294,4.296965167610294,4.296965167610294,4.296965167610294,4.296965167610294,4.296965167610294,4.296965167610294,4.296965167610294,4.296965167610294,4.296965167610294,4.296965167610294,4.296965167610294,4.296965167610294,4.296965167610294,4.296965167610294,7.676853231293384,7.42373591153056,7.42373591153056,7.42373591153056,7.42373591153056,7.380769138392992,6.111612976757672,6.111612976757672,6.111612976757672,6.111612976757672,6.111612976757672,6.111612976757672,6.111612976757672,6.111612976757672,6.111612976757672,6.111612976757672,6.111612976757672,6.111612976757672,6.111612976757672,6.111612976757672,6.111612976757672,6.111612976757672,6.111612976757672,6.111612976757672,6.111612976757672,6.111612976757672,6.111612976757672,6.111612976757672,6.111612976757672,6.111612976757672,6.111612976757672,6.111612976757672,6.111612976757672,6.111612976757672,6.111612976757672,6.111612976757672,6.111612976757672,6.111612976757672,6.111612976757672,6.111612976757672,6.111612976757672,6.111612976757672,6.111612976757672,6.111612976757672,6.111612976757672,6.111612976757672,6.111612976757672,6.111612976757672,6.111612976757672,6.111612976757672,6.111612976757672,6.111612976757672,6.111612976757672,6.111612976757672,6.111612976757672,6.111612976757672,6.111612976757672,6.111612976757672,6.111612976757672,6.111612976757672,6.111612976757672,6.111612976757672,6.111612976757672,6.111612976757672,6.111612976757672,6.111612976757672,6.111612976757672,6.111612976757672,6.111612976757672,6.111612976757672,6.111612976757672,6.111612976757672,6.111612976757672,6.111612976757672,6.111612976757672,6.111612976757672,6.111612976757672,6.111612976757672,6.111612976757672,6.111612976757672,6.111612976757672,6.111612976757672,6.111612976757672,6.111612976757672,6.111612976757672,6.111612976757672,6.111612976757672,6.111612976757672,6.111612976757672,6.111612976757672,6.111612976757672,6.111612976757672,6.111612976757672,6.111612976757672,6.111612976757672,6.111612976757672,6.111612976757672,6.111612976757672,6.111612976757672,6.111612976757672,6.111612976757672,6.111612976757672,6.111612976757672,6.111612976757672,6.111612976757672,6.111612976757672,6.111612976757672,6.111612976757672,6.111612976757672,6.111612976757672,6.111612976757672,6.111612976757672,6.111612976757672,6.111612976757672,6.111612976757672,6.111612976757672,6.111612976757672,6.111612976757672,6.111612976757672,6.111612976757672,6.111612976757672,6.111612976757672,6.111612976757672,6.111612976757672,6.111612976757672,6.111612976757672,6.111612976757672,6.111612976757672,6.111612976757672,6.111612976757672,6.111612976757672,6.111612976757672,6.111612976757672,6.111612976757672,6.111612976757672,6.111612976757672,6.111612976757672,6.111612976757672,6.111612976757672,6.111612976757672,6.111612976757672,6.111612976757672,6.111612976757672,6.111612976757672,6.111612976757672,6.111612976757672,6.111612976757672,6.111612976757672,6.111612976757672,6.111612976757672,6.111612976757672,6.111612976757672,6.111612976757672,6.111612976757672,6.111612976757672,5.272420985083122,5.272420985083122,5.272420985083122,5.272420985083122,5.272420985083122,5.272420985083122,5.272420985083122,5.272420985083122,5.272420985083122,5.272420985083122,5.272420985083122,5.272420985083122,5.270887307910703,5.270887307910703,5.270887307910703,5.270887307910703,5.270887307910703,5.270887307910703,5.270887307910703,5.270887307910703,5.270887307910703,5.270887307910703,5.270887307910703,5.270887307910703,5.270887307910703,5.270887307910703,5.270887307910703,5.270887307910703,5.270887307910703,5.270887307910703,5.270887307910703,5.270887307910703,5.270887307910703,5.270887307910703,5.270887307910703,5.270887307910703,5.270887307910703,5.270887307910703,5.270887307910703,5.270887307910703,5.270887307910703,5.270887307910703,5.270887307910703,5.270887307910703,5.270887307910703,5.270887307910703,5.270887307910703,5.270887307910703,5.270887307910703,5.270887307910703,5.270887307910703,5.270887307910703,5.270887307910703,5.270887307910703,5.270887307910703,5.270887307910703,5.270887307910703,5.270887307910703,5.270887307910703,5.270887307910703,5.270887307910703,5.270887307910703,5.270887307910703,5.270887307910703,5.270887307910703,5.270887307910703,5.270887307910703,5.270887307910703,5.270887307910703,5.270887307910703,5.270887307910703,5.270887307910703,5.270887307910703,5.270887307910703,5.270887307910703,5.270887307910703,5.270887307910703,5.270887307910703,5.270887307910703,5.270887307910703,5.270887307910703,5.270887307910703,5.270887307910703,5.270887307910703,5.270887307910703,5.270887307910703,5.208493574807728,5.208493574807728,5.15781794526232,5.15781794526232,5.15781794526232,5.15781794526232,5.15781794526232,5.15781794526232,5.15781794526232,5.15781794526232,5.15781794526232,5.15781794526232,5.15781794526232,5.15781794526232,5.15781794526232,5.15781794526232,5.15781794526232,5.15781794526232,5.15781794526232,5.15781794526232,5.15781794526232,5.15781794526232,5.15781794526232,5.15781794526232,5.15781794526232,5.15781794526232,5.15781794526232,5.15781794526232,5.15781794526232,5.15781794526232,5.15781794526232,5.15781794526232,5.15781794526232,5.15781794526232,4.885686401940311,4.885686401940311,4.885686401940311,4.885686401940311,4.885686401940311,4.885686401940311,4.836245509566524,4.836245509566524,4.836245509566524,4.836245509566524,4.836245509566524,4.836245509566524,4.836245509566524,4.836245509566524,4.836245509566524,4.836245509566524,4.836245509566524,4.836245509566524,4.836245509566524,4.836245509566524,4.836245509566524,4.836245509566524,4.836245509566524,4.836245509566524,4.836245509566524,4.836245509566524,4.836245509566524,4.836245509566524,4.836245509566524,4.836245509566524,4.836245509566524,4.836245509566524,4.836245509566524,4.836245509566524,4.836245509566524,4.836245509566524,4.836245509566524,4.836245509566524,4.836245509566524,4.836245509566524,4.836245509566524,4.836245509566524,4.836245509566524,4.836245509566524,4.836245509566524,4.836245509566524,4.836245509566524,4.836245509566524,4.836245509566524,4.836245509566524,4.836245509566524,4.836245509566524,4.836245509566524,4.836245509566524,4.836245509566524,4.836245509566524,4.836245509566524,4.836245509566524,4.836245509566524,4.836245509566524,4.836245509566524,4.836245509566524,4.836245509566524,4.836245509566524,4.836245509566524,4.836245509566524,4.836245509566524,4.836245509566524,4.836245509566524,3.84370155445767,3.84370155445767,3.3558945951933135,3.3558945951933135,3.3558945951933135,3.3558945951933135,3.3558945951933135,3.3558945951933135,3.3558945951933135,3.3558945951933135,3.3558945951933135,3.3558945951933135,3.3558945951933135,3.3558945951933135,3.3558945951933135,3.3558945951933135,3.3558945951933135,3.3558945951933135,3.3558945951933135,3.3558945951933135,3.3558945951933135,3.3558945951933135,3.3558945951933135,3.3558945951933135,3.3558945951933135,3.3558945951933135,3.3558945951933135,3.3558945951933135,3.3558945951933135,3.3558945951933135,3.3558945951933135,3.3558945951933135,3.3558945951933135,3.3558945951933135,3.3558945951933135,3.3558945951933135,3.3558945951933135,3.3558945951933135,3.3558945951933135,3.3558945951933135,3.3558945951933135,3.3558945951933135,3.3558945951933135,3.3558945951933135,3.3558945951933135,3.3558945951933135,3.3558945951933135,3.3558945951933135,3.3558945951933135,3.3558945951933135,3.3558945951933135,3.3558945951933135,3.3558945951933135,3.3558945951933135,3.3558945951933135,3.3558945951933135,3.3558945951933135,3.3558945951933135,3.3558945951933135,3.3558945951933135,3.3558945951933135,3.3558945951933135,3.3558945951933135,3.3558945951933135,3.3558945951933135,3.3558945951933135,3.3558945951933135,3.3558945951933135,3.3558945951933135,3.3558945951933135,3.3558945951933135,3.3558945951933135,3.3558945951933135,3.3558945951933135,3.3558945951933135,3.3558945951933135,3.3558945951933135,3.3558945951933135,3.3558945951933135,3.3558945951933135,3.3558945951933135,3.3558945951933135,3.3558945951933135,3.3558945951933135,3.3558945951933135,3.3558945951933135,3.3558945951933135,3.3558945951933135,3.3558945951933135,3.3558945951933135,3.3558945951933135,3.3558945951933135,3.3558945951933135,3.3558945951933135,3.3558945951933135,3.3558945951933135,3.3558945951933135,3.3558945951933135,3.3558945951933135,3.3558945951933135,3.3558945951933135,3.3558945951933135,3.3558945951933135,3.3558945951933135,3.3558945951933135,3.3558945951933135,3.3558945951933135,3.3558945951933135,3.3558945951933135,3.3558945951933135,3.3558945951933135,3.3558945951933135,3.3558945951933135,3.3558945951933135,3.3558945951933135,3.3558945951933135,3.3558945951933135,3.3558945951933135,3.3558945951933135,3.3558945951933135,3.3558945951933135,3.3558945951933135,3.3558945951933135,3.3558945951933135,3.3558945951933135,3.3558945951933135,3.3558945951933135,3.3558945951933135,3.3558945951933135,3.3558945951933135,3.3558945951933135,3.3558945951933135,3.3558945951933135,3.3558945951933135,3.3558945951933135,3.3558945951933135,3.3558945951933135,3.3558945951933135,3.3558945951933135,3.3558945951933135,3.3558945951933135,3.3558945951933135,3.3558945951933135,3.3558945951933135,3.3558945951933135,3.3558945951933135,3.3558945951933135,3.3558945951933135,3.3558945951933135,3.3558945951933135,3.3558945951933135,3.3558945951933135,3.3558945951933135,3.3558945951933135,3.3558945951933135,3.3558945951933135,3.3558945951933135,3.3558945951933135,3.3558945951933135,3.3558945951933135,3.3558945951933135,3.3558945951933135,3.3558945951933135,3.3558945951933135,3.3558945951933135,3.3558945951933135,3.3558945951933135,3.3558945951933135,3.3558945951933135,3.3558945951933135,3.3558945951933135,3.3558945951933135,3.3558945951933135,3.3558945951933135,3.3558945951933135,3.3558945951933135,3.3558945951933135,3.3558945951933135,3.3558945951933135,3.3558945951933135,3.3558945951933135,3.3558945951933135,3.3558945951933135,3.3558945951933135,3.3558945951933135,3.3558945951933135,3.3558945951933135,3.3558945951933135,3.3558945951933135,3.3558945951933135,3.3558945951933135,3.3558945951933135,3.3558945951933135,3.3558945951933135,3.3558945951933135,3.3558945951933135,3.3558945951933135,3.3558945951933135,3.3558945951933135,3.3558945951933135,3.3558945951933135,3.3558945951933135,3.3558945951933135,3.3558945951933135,3.3558945951933135,3.3558945951933135,3.3558945951933135,3.3558945951933135,3.3558945951933135,3.3558945951933135,3.3558945951933135,3.3558945951933135,3.3558945951933135,3.3558945951933135,3.3558945951933135,3.3558945951933135,3.3558945951933135,3.3558945951933135,3.3558945951933135,3.3558945951933135,3.3558945951933135,3.3558945951933135,3.3558945951933135,3.3558945951933135,3.3558945951933135,3.3558945951933135,3.3558945951933135,3.3558945951933135,3.3558945951933135,3.3558945951933135,3.3558945951933135,3.3558945951933135,3.3558945951933135,3.3558945951933135,3.3558945951933135,3.3558945951933135,3.3558945951933135,3.3558945951933135,3.3558945951933135,3.3558945951933135,3.3558945951933135,3.3558945951933135,3.3558945951933135,3.3558945951933135,3.3558945951933135,3.3558945951933135,3.3558945951933135,3.3558945951933135,3.3558945951933135,3.3558945951933135,3.3558945951933135,3.3558945951933135,3.3558945951933135,3.3558945951933135,3.3558945951933135,3.3558945951933135,3.3558945951933135,3.3558945951933135,3.3558945951933135,3.3558945951933135,3.3558945951933135,3.3558945951933135,3.3558945951933135,3.3558945951933135,3.3558945951933135,3.3558945951933135,3.3558945951933135,3.3558945951933135,3.3558945951933135,3.3558945951933135,3.3558945951933135,3.3558945951933135,3.3558945951933135,3.3558945951933135,3.3558945951933135,3.3558945951933135,3.3558945951933135,3.3558945951933135,3.3558945951933135,3.3558945951933135,3.3558945951933135,3.3558945951933135,3.3558945951933135,3.3558945951933135,3.3558945951933135,3.3558945951933135,3.3558945951933135,3.3558945951933135,3.3558945951933135,3.3558945951933135,3.3558945951933135,3.3558945951933135,3.3558945951933135,3.3558945951933135,3.3558945951933135,3.3558945951933135,3.3558945951933135,3.3558945951933135,3.3558945951933135,3.3558945951933135,3.3558945951933135,3.3558945951933135,3.3558945951933135,3.3558945951933135,3.3558945951933135,3.3558945951933135,3.3558945951933135,3.3558945951933135,3.3558945951933135,3.3558945951933135,3.3558945951933135,3.3558945951933135,3.3558945951933135,3.3558945951933135,3.3558945951933135,3.3558945951933135,3.3558945951933135,3.3558945951933135,3.3558945951933135,3.3558945951933135,3.3558945951933135,3.3558945951933135,3.3558945951933135,3.3558945951933135,3.3558945951933135,3.3558945951933135,3.3558945951933135,3.3558945951933135,3.3558945951933135,3.3558945951933135,3.3558945951933135,3.3558945951933135,3.3558945951933135,3.3558945951933135,3.3558945951933135,3.3558945951933135,3.3558945951933135,3.3558945951933135,3.3558945951933135,3.3558945951933135,3.3558945951933135,3.3558945951933135,3.3558945951933135,3.3558945951933135,3.3558945951933135,3.3558945951933135,3.3558945951933135,3.3558945951933135,3.3558945951933135,3.3558945951933135,3.3558945951933135,3.3558945951933135,3.3558945951933135,3.3558945951933135,3.3558945951933135,3.3558945951933135,3.3558945951933135,3.3558945951933135,3.3558945951933135,3.3558945951933135,3.3558945951933135,3.3558945951933135,3.3558945951933135,3.3558945951933135,3.3558945951933135,3.3558945951933135,3.3558945951933135,3.3558945951933135,3.3558945951933135,3.3558945951933135,3.3558945951933135,3.3558945951933135,3.3558945951933135,3.3558945951933135,3.3558945951933135,3.3558945951933135,3.3558945951933135,3.3558945951933135,3.3558945951933135,3.3558945951933135,3.3558945951933135,3.3558945951933135,3.3558945951933135,3.3558945951933135,3.3558945951933135,3.3558945951933135,3.3558945951933135,3.3558945951933135,3.3558945951933135,3.3558945951933135,3.3558945951933135,3.3558945951933135,3.3558945951933135,3.3558945951933135,3.3558945951933135,3.3558945951933135,3.3558945951933135,3.3558945951933135,3.3558945951933135,3.3558945951933135,3.3558945951933135,3.3558945951933135,3.3558945951933135,3.3558945951933135,3.3558945951933135,3.3558945951933135,3.3558945951933135,3.3558945951933135,3.3558945951933135,3.3558945951933135,3.3558945951933135,3.3558945951933135,3.3558945951933135,3.3558945951933135,3.3558945951933135,3.3558945951933135,3.3558945951933135,3.3558945951933135,3.3558945951933135,3.3558945951933135,3.3558945951933135,3.3558945951933135,3.3558945951933135,3.3558945951933135,3.3558945951933135,3.3558945951933135,3.3558945951933135,3.3558945951933135,3.3558945951933135,3.3558945951933135,3.3558945951933135,3.3558945951933135,3.3558945951933135,3.3558945951933135,3.3558945951933135,3.3558945951933135,3.3558945951933135,3.3558945951933135,3.3558945951933135,3.3558945951933135,3.3558945951933135,3.3558945951933135,3.3558945951933135,3.3558945951933135,3.3558945951933135,3.3558945951933135,3.3558945951933135,3.3558945951933135,3.3558945951933135,3.3558945951933135,3.3558945951933135,3.3558945951933135,3.3558945951933135,3.3558945951933135,3.3558945951933135,3.3558945951933135,3.3558945951933135,3.3558945951933135,3.3558945951933135,3.3558945951933135,3.3558945951933135,3.3558945951933135,3.3558945951933135,3.3558945951933135,3.3558945951933135,3.3558945951933135,3.3558945951933135,3.3558945951933135,3.3558945951933135,3.3558945951933135,3.3558945951933135,3.3558945951933135,3.3558945951933135,3.3558945951933135,3.3558945951933135,3.3558945951933135,3.3558945951933135,3.3558945951933135,3.3558945951933135,3.3558945951933135,3.3558945951933135,3.3558945951933135,3.3558945951933135,3.3558945951933135,3.3558945951933135,3.3558945951933135,3.3558945951933135,3.3558945951933135,3.3558945951933135,3.3558945951933135,3.3558945951933135,3.3558945951933135,3.3558945951933135,3.3558945951933135,3.3558945951933135,3.3558945951933135,3.3558945951933135,3.3558945951933135,3.3558945951933135,3.3558945951933135,3.3558945951933135,3.3558945951933135,3.3558945951933135,3.3558945951933135,3.3558945951933135,3.3558945951933135,3.3558945951933135,3.3558945951933135,3.3558945951933135,3.3558945951933135,3.3558945951933135,3.3558945951933135,3.3558945951933135,3.3558945951933135,3.3558945951933135,3.3558945951933135,3.3558945951933135,3.3558945951933135,3.3558945951933135,3.3558945951933135,3.3558945951933135,3.3558945951933135,3.3558945951933135,3.3558945951933135,3.3558945951933135,3.3558945951933135,3.3558945951933135,3.3558945951933135,3.3558945951933135,3.3558945951933135,3.3558945951933135,3.3558945951933135,3.3558945951933135,3.3558945951933135,3.3558945951933135,3.3558945951933135,3.3558945951933135,3.3558945951933135,3.3558945951933135,3.3558945951933135,3.3558945951933135,3.3558945951933135,3.3558945951933135,3.3558945951933135,3.3558945951933135,3.3558945951933135,3.3558945951933135,3.3558945951933135,3.3558945951933135,3.3558945951933135,3.3558945951933135,3.3558945951933135,3.3558945951933135,3.3558945951933135,3.3558945951933135,3.3558945951933135,3.3558945951933135,3.3558945951933135,3.3558945951933135,3.3558945951933135,3.3558945951933135,3.3558945951933135,3.3558945951933135,3.3558945951933135,3.3558945951933135,3.3558945951933135,3.3558945951933135,3.3558945951933135,3.3558945951933135,3.3558945951933135,3.3558945951933135,3.3558945951933135,3.3558945951933135,3.3558945951933135,3.3558945951933135,3.3558945951933135,3.3558945951933135,3.3558945951933135,3.3558945951933135,3.3558945951933135,3.3558945951933135,3.3558945951933135,3.3558945951933135,3.3558945951933135,3.3558945951933135,3.3558945951933135,3.3558945951933135,3.3558945951933135,3.3558945951933135,3.3558945951933135,3.3558945951933135,3.3558945951933135,3.3558945951933135,3.3558945951933135,3.3558945951933135,3.3558945951933135,3.3558945951933135,3.3558945951933135,3.3558945951933135,3.3558945951933135,3.3558945951933135,3.3558945951933135,3.3558945951933135,3.3558945951933135,3.3558945951933135,3.3558945951933135,3.3558945951933135,3.3558945951933135,3.3558945951933135,3.3558945951933135,3.3558945951933135,3.3558945951933135,3.3558945951933135,3.3558945951933135,3.3558945951933135,3.3558945951933135,3.3558945951933135,3.3558945951933135,3.3558945951933135,3.3558945951933135,3.3558945951933135,3.3558945951933135,3.3558945951933135,3.3558945951933135,3.3558945951933135,3.3558945951933135,3.3558945951933135,3.3558945951933135,3.3558945951933135,3.3558945951933135,3.3558945951933135,3.3558945951933135,3.3558945951933135,3.3558945951933135,3.3558945951933135,3.3558945951933135,3.3558945951933135,3.3558945951933135,3.3558945951933135,3.3558945951933135,3.3558945951933135,3.3558945951933135,3.3558945951933135,3.3558945951933135,3.3558945951933135,3.3558945951933135,3.3558945951933135,3.3558945951933135,3.3558945951933135,3.3558945951933135,3.3558945951933135,3.3558945951933135,3.3558945951933135,3.3558945951933135,3.3558945951933135,3.3558945951933135,8.667946539830005,8.491370667150992,8.491370667150992,8.491370667150992,7.972678690769171,7.972678690769171,7.972678690769171,7.71524513395028,7.71524513395028,7.71524513395028,7.71524513395028,7.71524513395028,7.71524513395028,7.71524513395028,7.71524513395028,7.71524513395028,7.71524513395028,7.71524513395028,7.333700608108774,7.333700608108774,7.333700608108774,7.333700608108774,7.333700608108774,7.333700608108774,6.9164560915220346,6.9164560915220346,6.9164560915220346,6.9164560915220346,6.809471750814983,6.809471750814983,6.809471750814983,6.809471750814983,6.809471750814983,6.809471750814983,6.809471750814983,6.809471750814983,6.809471750814983,6.809471750814983,6.809471750814983,6.809471750814983,6.809471750814983,6.809471750814983,6.76641688410273,6.76641688410273,6.76641688410273,6.76641688410273,6.76641688410273,6.734963403385878,6.734963403385878,6.734963403385878,6.365362665689337,6.365362665689337,6.365362665689337,6.365362665689337,6.365362665689337,6.365362665689337,6.365362665689337,6.365362665689337,6.365362665689337,6.365362665689337,6.365362665689337,6.365362665689337,6.365362665689337,6.365362665689337,6.365362665689337,6.365362665689337,6.365362665689337,6.317814923680366,5.362421619204777,5.362421619204777,5.362421619204777,5.362421619204777,5.362421619204777,5.362421619204777,5.362421619204777,5.362421619204777,5.362421619204777,5.362421619204777,5.362421619204777,5.362421619204777,5.362421619204777,5.362421619204777,5.362421619204777,5.362421619204777,5.362421619204777,5.362421619204777,5.362421619204777,5.362421619204777,5.362421619204777,5.362421619204777,5.362421619204777,5.362421619204777,5.362421619204777,5.362421619204777,5.362421619204777,5.362421619204777,5.362421619204777,5.362421619204777,5.362421619204777,5.362421619204777,5.362421619204777,5.362421619204777,5.362421619204777,5.362421619204777,5.362421619204777,5.362421619204777,5.362421619204777,5.362421619204777,5.362421619204777,5.362421619204777,5.362421619204777,5.362421619204777,5.362421619204777,5.362421619204777,5.362421619204777,5.362421619204777,5.362421619204777,5.362421619204777,5.362421619204777,5.362421619204777,5.362421619204777,5.362421619204777,5.362421619204777,5.362421619204777,5.362421619204777,5.362421619204777,5.362421619204777,5.362421619204777,5.362421619204777,5.362421619204777,5.362421619204777,5.362421619204777,5.362421619204777,5.362421619204777,5.362421619204777,5.362421619204777,5.362421619204777,5.362421619204777,5.362421619204777,5.362421619204777,5.362421619204777,5.362421619204777,5.362421619204777,5.362421619204777,5.362421619204777,5.362421619204777,5.362421619204777,5.362421619204777,5.362421619204777,5.033031188823514,5.033031188823514,5.033031188823514,5.033031188823514,5.033031188823514,5.033031188823514,5.033031188823514,5.033031188823514,5.033031188823514,5.033031188823514,5.033031188823514,5.033031188823514,5.033031188823514,5.033031188823514,5.033031188823514,5.033031188823514,5.033031188823514,4.2314039896613975,4.2314039896613975,4.2314039896613975,4.2314039896613975,4.2314039896613975,4.2314039896613975,4.2314039896613975,4.2314039896613975,4.2314039896613975,4.2314039896613975,4.2314039896613975,4.2314039896613975,4.2314039896613975,4.2314039896613975,4.2314039896613975,4.2314039896613975,4.2314039896613975,4.2314039896613975,4.2314039896613975,4.2314039896613975,4.2314039896613975,4.2314039896613975,4.2314039896613975,4.2314039896613975,4.2314039896613975,4.2314039896613975,4.2314039896613975,4.2314039896613975,4.2314039896613975,4.2314039896613975,4.2314039896613975,4.2314039896613975,4.2314039896613975,4.2314039896613975,4.2314039896613975,4.2314039896613975,4.2314039896613975,4.2314039896613975,4.2314039896613975,4.2314039896613975,4.2314039896613975,4.2314039896613975,4.2314039896613975,4.2314039896613975,4.2314039896613975,4.2314039896613975,4.2314039896613975,4.2314039896613975,4.2314039896613975,4.2314039896613975,4.2314039896613975,4.2314039896613975,4.2314039896613975,4.2314039896613975,4.2314039896613975,4.2314039896613975,4.2314039896613975,4.2314039896613975,4.2314039896613975,4.2314039896613975,4.2314039896613975,4.2314039896613975,4.2314039896613975,4.2314039896613975,4.2314039896613975,4.2314039896613975,4.2314039896613975,4.2314039896613975,4.2314039896613975,4.2314039896613975,4.2314039896613975,4.2314039896613975,4.2314039896613975,4.2314039896613975,4.2314039896613975,4.2314039896613975,4.2314039896613975,4.2314039896613975,4.2314039896613975,4.2314039896613975,4.2314039896613975,4.2314039896613975,4.2314039896613975,4.2314039896613975,4.2314039896613975,4.2314039896613975,4.2314039896613975,4.2314039896613975,4.2314039896613975,4.2314039896613975,4.2314039896613975,4.2314039896613975,4.2314039896613975,4.2314039896613975,4.2314039896613975,4.2314039896613975,4.2314039896613975,4.2314039896613975,4.2314039896613975,4.2314039896613975,4.2314039896613975,4.2314039896613975,4.2314039896613975,4.2314039896613975,4.2314039896613975,4.2314039896613975,4.2314039896613975,4.2314039896613975,4.2314039896613975,4.2314039896613975,4.2314039896613975,4.2314039896613975,4.2314039896613975,4.2314039896613975,4.2314039896613975,4.2314039896613975,4.2314039896613975,4.2314039896613975,4.2314039896613975,4.2314039896613975,4.2314039896613975,4.2314039896613975,4.2314039896613975,4.2314039896613975,4.2314039896613975,4.2314039896613975,4.2314039896613975,4.2314039896613975,4.2314039896613975,4.2314039896613975,4.2314039896613975,4.2314039896613975,4.2314039896613975,4.2314039896613975,4.2314039896613975,4.2314039896613975,4.2314039896613975,4.2314039896613975,4.2314039896613975,4.2314039896613975,4.2314039896613975,4.2314039896613975,4.2314039896613975,4.2314039896613975,4.2314039896613975,4.2314039896613975,4.2314039896613975,4.2314039896613975,4.2314039896613975,4.2314039896613975,4.2314039896613975,4.2314039896613975,4.2314039896613975,4.2314039896613975,4.2314039896613975,4.2314039896613975,4.2314039896613975,4.2314039896613975,4.2314039896613975,4.2314039896613975,4.2314039896613975,4.2314039896613975,4.2314039896613975,4.2314039896613975,4.2314039896613975,4.2314039896613975,4.2314039896613975,4.2314039896613975,4.2314039896613975,4.2314039896613975,4.2314039896613975,4.2314039896613975,4.2314039896613975,4.2314039896613975,4.2314039896613975,4.2314039896613975,4.2314039896613975,4.2314039896613975,4.2314039896613975,4.2314039896613975,4.2314039896613975,4.2314039896613975,4.2314039896613975,4.2314039896613975,4.2314039896613975,4.2314039896613975,4.2314039896613975,4.2314039896613975,4.2314039896613975,4.2314039896613975,4.2314039896613975,4.2314039896613975,4.2314039896613975,4.2314039896613975,4.2314039896613975,4.2314039896613975,4.2314039896613975,4.2314039896613975,4.2314039896613975,4.2314039896613975,4.2314039896613975,4.2314039896613975,4.2314039896613975,4.2314039896613975,4.2314039896613975,4.2314039896613975,4.2314039896613975,4.2314039896613975,4.2314039896613975,4.2314039896613975,4.2314039896613975,4.2314039896613975,4.2314039896613975,4.2314039896613975,4.2314039896613975,4.2314039896613975,4.2314039896613975,4.2314039896613975,4.2314039896613975,4.2314039896613975,4.2314039896613975,4.2314039896613975,4.2314039896613975,4.2314039896613975,4.2314039896613975,4.2314039896613975,4.2314039896613975,4.2314039896613975,4.2314039896613975,4.2314039896613975,4.2314039896613975,4.2314039896613975,4.2314039896613975,4.2314039896613975,4.2314039896613975,4.2314039896613975,4.2314039896613975,4.2314039896613975,4.2314039896613975,4.2314039896613975,4.2314039896613975,4.2314039896613975,4.2314039896613975,4.2314039896613975,4.2314039896613975,4.2314039896613975,4.2314039896613975,4.2314039896613975,4.2314039896613975,4.2314039896613975,4.2314039896613975,4.2314039896613975,4.2314039896613975,4.2314039896613975,4.2314039896613975,4.2314039896613975,4.2314039896613975,4.2314039896613975,4.2314039896613975,4.2314039896613975,4.2314039896613975,4.2314039896613975,4.2314039896613975,4.2314039896613975,4.2314039896613975,4.2314039896613975,4.2314039896613975,4.2314039896613975,4.2314039896613975,4.2314039896613975,4.2314039896613975,4.2314039896613975,4.2314039896613975,4.2314039896613975,4.2314039896613975,4.2314039896613975,4.2314039896613975,4.2314039896613975,4.2314039896613975,4.2314039896613975,4.2314039896613975,4.2314039896613975,4.2314039896613975,4.2314039896613975,4.2314039896613975,4.2314039896613975,4.2314039896613975,4.2314039896613975,4.2314039896613975,4.2314039896613975,4.2314039896613975,4.2314039896613975,4.2314039896613975,4.2314039896613975,4.2314039896613975,4.2314039896613975,4.2314039896613975,4.2314039896613975,4.2314039896613975,4.2314039896613975,4.2314039896613975,4.2314039896613975,4.2314039896613975,4.2314039896613975,4.2314039896613975,4.2314039896613975,4.2314039896613975,4.2314039896613975,4.2314039896613975,4.2314039896613975,4.2314039896613975,4.2314039896613975,4.2314039896613975,4.2314039896613975,4.2314039896613975,4.2314039896613975,4.2314039896613975,4.2314039896613975,4.2314039896613975,4.2314039896613975,4.2314039896613975,4.2314039896613975,4.2314039896613975,4.2314039896613975,4.2314039896613975,4.2314039896613975,4.2314039896613975,4.2314039896613975,4.2314039896613975,4.2314039896613975,4.2314039896613975,4.2314039896613975,4.2314039896613975,4.2314039896613975,4.2314039896613975,4.2314039896613975,4.2314039896613975,4.2314039896613975,4.2314039896613975,4.2314039896613975,4.2314039896613975,4.2314039896613975,4.2314039896613975,4.2314039896613975,4.2314039896613975,4.2314039896613975,4.2314039896613975,4.2314039896613975,4.2314039896613975,4.2314039896613975,4.2314039896613975,4.2314039896613975,4.2314039896613975,4.2314039896613975,4.2314039896613975,4.2314039896613975,4.2314039896613975,4.2314039896613975,4.2314039896613975,4.2314039896613975,4.2314039896613975,4.2314039896613975,4.2314039896613975,4.2314039896613975,4.2314039896613975,4.2314039896613975,4.2314039896613975,4.2314039896613975,4.2314039896613975,4.2314039896613975,4.2314039896613975,4.2314039896613975,4.2314039896613975,4.2314039896613975,4.2314039896613975,4.2314039896613975,4.2314039896613975,4.2314039896613975,4.2314039896613975,4.2314039896613975,4.2314039896613975,4.2314039896613975,4.2314039896613975,4.2314039896613975,4.2314039896613975,4.2314039896613975,4.2314039896613975,4.2314039896613975,4.2314039896613975,4.2314039896613975,4.2314039896613975,4.2314039896613975,4.2314039896613975,4.2314039896613975,4.2314039896613975,4.2314039896613975,4.2314039896613975,4.2314039896613975,4.2314039896613975,4.2314039896613975,4.2314039896613975,4.2314039896613975,4.2314039896613975,4.2314039896613975,4.2314039896613975,4.2314039896613975,4.2314039896613975,4.2314039896613975,4.2314039896613975,4.2314039896613975,4.2314039896613975,4.2314039896613975,4.2314039896613975,4.2314039896613975,4.2314039896613975,4.2314039896613975,4.2314039896613975,4.2314039896613975,4.2314039896613975,4.2314039896613975,4.2314039896613975,4.2314039896613975,4.2314039896613975,4.2314039896613975,4.2314039896613975,4.2314039896613975,4.2314039896613975,4.2314039896613975,4.2314039896613975,4.2314039896613975,4.2314039896613975,4.2314039896613975,4.2314039896613975,4.2314039896613975,4.2314039896613975,4.2314039896613975,4.2314039896613975,4.2314039896613975,4.2314039896613975,4.2314039896613975,4.2314039896613975,4.2314039896613975,4.2314039896613975,4.2314039896613975,4.2314039896613975,4.2314039896613975,4.2314039896613975,4.2314039896613975,4.2314039896613975,4.2314039896613975,4.2314039896613975,4.2314039896613975,4.2314039896613975,4.2314039896613975,4.2314039896613975,4.2314039896613975,4.2314039896613975,4.2314039896613975,4.2314039896613975,4.2314039896613975,4.2314039896613975,4.2314039896613975,4.2314039896613975,4.2314039896613975,4.2314039896613975,4.2314039896613975,4.2314039896613975,4.2314039896613975,4.2314039896613975,4.2314039896613975,4.2314039896613975,4.2314039896613975,4.2314039896613975,4.2314039896613975,4.2314039896613975,4.2314039896613975,4.2314039896613975,4.2314039896613975,4.2314039896613975,4.2314039896613975,4.2314039896613975,4.2314039896613975,4.2314039896613975,4.2314039896613975,4.2314039896613975,4.2314039896613975,4.2314039896613975,4.2314039896613975,4.2314039896613975,4.2314039896613975,4.2314039896613975,4.2314039896613975,4.2314039896613975,4.2314039896613975,4.2314039896613975,4.2314039896613975,4.2314039896613975,4.2314039896613975,4.2314039896613975,4.2314039896613975,4.2314039896613975,4.2314039896613975,4.2314039896613975,4.2314039896613975,4.2314039896613975,4.2314039896613975,4.2314039896613975,4.2314039896613975,4.2314039896613975,4.2314039896613975,4.2314039896613975,4.2314039896613975,4.2314039896613975,4.2314039896613975,4.2314039896613975,4.2314039896613975,4.2314039896613975,4.2314039896613975,4.2314039896613975,4.2314039896613975,4.2314039896613975,4.2314039896613975,4.2314039896613975,4.2314039896613975,4.2314039896613975,4.2314039896613975,4.2314039896613975,4.2314039896613975,4.2314039896613975,4.2314039896613975,4.2314039896613975,4.2314039896613975,4.2314039896613975,4.2314039896613975,4.2314039896613975,4.2314039896613975,4.2314039896613975,4.2314039896613975,4.2314039896613975,4.2314039896613975,4.2314039896613975,4.2314039896613975,4.2314039896613975,4.2314039896613975,4.2314039896613975,4.2314039896613975,4.2314039896613975,4.2314039896613975,4.2314039896613975,4.2314039896613975,4.2314039896613975,4.2314039896613975,4.2314039896613975,4.2314039896613975,4.2314039896613975,4.2314039896613975,4.2314039896613975,4.2314039896613975,4.2314039896613975,4.2314039896613975,4.2314039896613975,4.2314039896613975,4.2314039896613975,4.2314039896613975,4.2314039896613975,4.2314039896613975,4.2314039896613975,4.2314039896613975,4.2314039896613975,4.2314039896613975,4.2314039896613975,4.2314039896613975,4.2314039896613975,4.2314039896613975,4.2314039896613975,4.2314039896613975,4.2314039896613975,4.2314039896613975,4.2314039896613975,4.2314039896613975,4.2314039896613975,4.2314039896613975,4.2314039896613975,4.2314039896613975,4.2314039896613975,4.2314039896613975,4.2314039896613975,4.2314039896613975,4.2314039896613975,4.2314039896613975,4.2314039896613975,4.2314039896613975,4.2314039896613975,4.2314039896613975,4.2314039896613975,4.2314039896613975,4.2314039896613975,4.2314039896613975,4.2314039896613975,4.2314039896613975,4.2314039896613975,4.2314039896613975,4.2314039896613975,4.2314039896613975,4.2314039896613975,4.2314039896613975,4.2314039896613975,4.2314039896613975,4.2314039896613975,4.2314039896613975,4.2314039896613975,4.2314039896613975,4.2314039896613975,4.2314039896613975,4.2314039896613975,4.2314039896613975,4.2314039896613975,4.2314039896613975,4.2314039896613975,4.2314039896613975,4.2314039896613975,4.2314039896613975,4.2314039896613975,4.2314039896613975,4.2314039896613975,4.2314039896613975,4.2314039896613975,4.2314039896613975,4.2314039896613975,4.2314039896613975,4.2314039896613975,4.2314039896613975,4.2314039896613975,4.2314039896613975,4.2314039896613975,4.2314039896613975,4.2314039896613975,4.2314039896613975,4.2314039896613975,4.2314039896613975,4.2314039896613975,4.2314039896613975,4.2314039896613975,4.2314039896613975,4.2314039896613975,4.2314039896613975,4.2314039896613975,4.2314039896613975,4.2314039896613975,4.2314039896613975,4.2314039896613975,4.2314039896613975,4.2314039896613975,4.2314039896613975,4.2314039896613975,4.2314039896613975,4.2314039896613975,4.2314039896613975,4.2314039896613975,4.2314039896613975,4.2314039896613975,4.2314039896613975,4.2314039896613975,4.2314039896613975,4.2314039896613975,4.2314039896613975,4.2314039896613975,4.2314039896613975,4.2314039896613975,4.2314039896613975,4.2314039896613975,4.2314039896613975,4.2314039896613975,4.2314039896613975,4.2314039896613975,4.2314039896613975,4.2314039896613975,4.2314039896613975,4.2314039896613975,4.2314039896613975,4.2314039896613975,4.2314039896613975,4.2314039896613975,4.2314039896613975,4.2314039896613975,4.2314039896613975,4.2314039896613975,4.2314039896613975,4.2314039896613975,4.2314039896613975,4.2314039896613975,4.2314039896613975,4.2314039896613975,4.2314039896613975,4.2314039896613975,4.2314039896613975,4.2314039896613975,4.2314039896613975,4.2314039896613975,4.2314039896613975,4.2314039896613975,4.2314039896613975,4.2314039896613975,4.2314039896613975,4.2314039896613975,4.2314039896613975,4.2314039896613975,4.2314039896613975,4.2314039896613975,4.2314039896613975,4.2314039896613975,4.2314039896613975,4.2314039896613975,4.2314039896613975,4.2314039896613975,4.2314039896613975,4.2314039896613975,4.2314039896613975,4.2314039896613975,4.2314039896613975,4.2314039896613975,4.2314039896613975,4.2314039896613975,4.2314039896613975,4.2314039896613975,4.2314039896613975,4.2314039896613975,4.2314039896613975,4.2314039896613975,4.2314039896613975,4.2314039896613975,4.2314039896613975,4.2314039896613975,4.2314039896613975,4.2314039896613975,4.2314039896613975,4.2314039896613975,4.2314039896613975,4.2314039896613975,4.2314039896613975,4.2314039896613975,4.2314039896613975,4.2314039896613975,4.2314039896613975,4.2314039896613975,4.2314039896613975,4.2314039896613975,4.2314039896613975,4.2314039896613975,4.2314039896613975,4.2314039896613975,4.2314039896613975,4.2314039896613975,4.2314039896613975,4.2314039896613975,4.2314039896613975,4.2314039896613975,4.2314039896613975,4.2314039896613975,4.2314039896613975,4.2314039896613975,4.2314039896613975,4.2314039896613975,4.2314039896613975,4.2314039896613975,4.2314039896613975,4.2314039896613975,4.2314039896613975,4.2314039896613975,4.2314039896613975,4.2314039896613975,4.2314039896613975,4.2314039896613975,4.2314039896613975,4.2314039896613975,4.2314039896613975,4.2314039896613975,4.2314039896613975,4.2314039896613975,4.2314039896613975,4.2314039896613975,4.2314039896613975,4.2314039896613975,4.2314039896613975,4.2314039896613975,4.2314039896613975,4.2314039896613975,4.2314039896613975,4.2314039896613975,4.2314039896613975,4.2314039896613975,4.2314039896613975,4.2314039896613975,4.2314039896613975,4.2314039896613975,4.2314039896613975,4.2314039896613975,4.2314039896613975,4.2314039896613975,4.2314039896613975,4.2314039896613975,4.2314039896613975,4.2314039896613975,4.2314039896613975,4.2314039896613975,4.2314039896613975,4.2314039896613975,4.2314039896613975,4.2314039896613975,4.2314039896613975,4.2314039896613975,4.2314039896613975,4.2314039896613975,4.2314039896613975,4.2314039896613975,4.2314039896613975,4.2314039896613975,4.2314039896613975,4.2314039896613975,4.2314039896613975,4.2314039896613975,4.2314039896613975,4.2314039896613975,4.2314039896613975,4.2314039896613975,4.2314039896613975,4.2314039896613975,4.2314039896613975,4.2314039896613975,4.2314039896613975,4.2314039896613975,4.2314039896613975,4.2314039896613975,4.2314039896613975,7.361247650339674,6.391213523569481,6.391213523569481,5.760202660070102,5.760202660070102,5.760202660070102,5.760202660070102,5.760202660070102,5.760202660070102,5.760202660070102,5.760202660070102,5.760202660070102,5.760202660070102,5.760202660070102,5.681367441278433,5.681367441278433,5.681367441278433,5.681367441278433,5.681367441278433,5.681367441278433,5.681367441278433,5.677939145091198,5.677939145091198,5.568405592829092,5.568405592829092,5.568405592829092,5.568405592829092,5.568405592829092,5.568405592829092,5.568405592829092,5.568405592829092,5.568405592829092,5.568405592829092,5.568405592829092,5.568405592829092,5.568405592829092,5.568405592829092,5.568405592829092,5.568405592829092,5.568405592829092,5.568405592829092,5.568405592829092,5.568405592829092,5.568405592829092,5.568405592829092,5.568405592829092,5.568405592829092,5.568405592829092,5.568405592829092,5.568405592829092,5.568405592829092,5.568405592829092,5.568405592829092,5.568405592829092,5.568405592829092,5.568405592829092,5.568405592829092,5.568405592829092,5.568405592829092,5.568405592829092,5.568405592829092,5.568405592829092,5.568405592829092,5.568405592829092,5.568405592829092,5.351702823387701,5.351702823387701,5.351702823387701,5.351702823387701,4.956118132030817,4.956118132030817,4.956118132030817,4.956118132030817,4.956118132030817,4.956118132030817,4.956118132030817,4.956118132030817,4.956118132030817,4.956118132030817,4.956118132030817,4.707446818697748,4.707446818697748,4.707446818697748,4.707446818697748,4.707446818697748,4.707446818697748,4.707446818697748,4.707446818697748,4.707446818697748,4.707446818697748,4.707446818697748,4.707446818697748,4.707446818697748,4.707446818697748,4.707446818697748,4.670443198426323,4.670443198426323,4.566194065026874,4.566194065026874,4.566194065026874,4.566194065026874,4.566194065026874,4.566194065026874,4.566194065026874,4.566194065026874,4.566194065026874,4.566194065026874,4.566194065026874,4.566194065026874,4.566194065026874,4.566194065026874,4.566194065026874,4.566194065026874,4.566194065026874,4.566194065026874,4.566194065026874,4.566194065026874,4.566194065026874,4.566194065026874,4.566194065026874,4.566194065026874,4.566194065026874,4.566194065026874,4.566194065026874,4.566194065026874,4.566194065026874,4.566194065026874,4.566194065026874,4.566194065026874,4.566194065026874,4.566194065026874,4.566194065026874,4.566194065026874,4.566194065026874,4.566194065026874,4.566194065026874,4.566194065026874,4.566194065026874,4.566194065026874,4.566194065026874,4.566194065026874,4.2396575076484275,4.2396575076484275,4.2396575076484275,4.2396575076484275,4.2396575076484275,4.2396575076484275,4.2396575076484275,4.2396575076484275,4.2396575076484275,4.2396575076484275,4.2396575076484275,4.2396575076484275,4.2396575076484275,4.2396575076484275,4.2396575076484275,4.2396575076484275,4.2396575076484275,4.2396575076484275,4.2396575076484275,4.2396575076484275,4.2396575076484275,4.2396575076484275,4.2396575076484275,4.2396575076484275,4.2396575076484275,4.2396575076484275,4.2396575076484275,4.2396575076484275,4.2396575076484275,4.2396575076484275,4.2396575076484275,4.2396575076484275,4.2396575076484275,4.2396575076484275,4.2396575076484275,4.2396575076484275,4.2396575076484275,4.2396575076484275,4.2396575076484275,4.2396575076484275,4.2396575076484275,4.2396575076484275,4.2396575076484275,4.2396575076484275,4.2396575076484275,4.2396575076484275,4.228982006716564,4.228982006716564,4.228982006716564,4.228982006716564,4.228982006716564,4.228982006716564,4.228982006716564,4.228982006716564,4.228982006716564,4.228982006716564,4.228982006716564,4.228982006716564,4.228982006716564,4.228982006716564,4.228982006716564,4.228982006716564,4.228982006716564,4.228982006716564,4.228982006716564,4.228982006716564,4.228982006716564,4.228982006716564,4.228982006716564,4.228982006716564,4.228982006716564,4.228982006716564,4.228982006716564,4.228982006716564,4.228982006716564,4.228982006716564,4.228982006716564,4.228982006716564,4.228982006716564,4.228982006716564,4.228982006716564,4.228982006716564,4.228982006716564,4.228982006716564,4.228982006716564,4.228982006716564,4.228982006716564,4.228982006716564,4.228982006716564,4.228982006716564,4.228982006716564,4.228982006716564,4.228982006716564,4.228982006716564,4.228982006716564,4.228982006716564,4.228982006716564,4.228982006716564,4.228982006716564,4.228982006716564,4.228982006716564,4.228982006716564,4.228982006716564,4.228982006716564,4.228982006716564,4.228982006716564,4.228982006716564,4.228982006716564,4.228982006716564,4.228982006716564,4.228982006716564,4.228982006716564,4.228982006716564,4.228982006716564,4.228982006716564,4.228982006716564,4.228982006716564,4.228982006716564,4.228982006716564,4.228982006716564,4.228982006716564,4.228982006716564,4.228982006716564,4.228982006716564,4.228982006716564,4.228982006716564,4.228982006716564,4.228982006716564,4.228982006716564,4.228982006716564,4.228982006716564,4.228982006716564,4.228982006716564,4.228982006716564,4.228982006716564,4.228982006716564,4.228982006716564,4.228982006716564,4.228982006716564,4.228982006716564,4.228982006716564,4.228982006716564,4.228982006716564,4.228982006716564,4.228982006716564,4.228982006716564,4.228982006716564,4.228982006716564,4.228982006716564,4.228982006716564,4.228982006716564,4.228982006716564,4.228982006716564,4.228982006716564,4.228982006716564,4.228982006716564,4.228982006716564,4.228982006716564,4.228982006716564,4.228982006716564,4.228982006716564,4.228982006716564,4.228982006716564,4.228982006716564,4.228982006716564,4.228982006716564,4.228982006716564,4.228982006716564,4.228982006716564,4.228982006716564,4.228982006716564,4.228982006716564,4.228982006716564,4.228982006716564,4.228982006716564,4.228982006716564,4.228982006716564,4.228982006716564,4.228982006716564,4.228982006716564,4.228982006716564,4.228982006716564,4.228982006716564,4.228982006716564,4.228982006716564,4.228982006716564,4.228982006716564,4.228982006716564,4.228982006716564,4.228982006716564,4.228982006716564,4.228982006716564,4.228982006716564,4.228982006716564,4.228982006716564,4.228982006716564,4.228982006716564,4.228982006716564,4.228982006716564,4.228982006716564,4.228982006716564,4.228982006716564,4.228982006716564,4.228982006716564,4.228982006716564,4.228982006716564,4.228982006716564,4.228982006716564,4.228982006716564,4.228982006716564,4.228982006716564,4.228982006716564,4.228982006716564,4.228982006716564,4.228982006716564,4.228982006716564,4.228982006716564,4.228982006716564,4.228982006716564,4.228982006716564,4.228982006716564,4.228982006716564,4.228982006716564,4.228982006716564,4.228982006716564,4.228982006716564,4.228982006716564,4.228982006716564,4.228982006716564,4.228982006716564,4.228982006716564,4.228982006716564,4.228982006716564,4.228982006716564,4.228982006716564,4.228982006716564,4.228982006716564,4.228982006716564,4.228982006716564,4.228982006716564,4.228982006716564,4.228982006716564,4.228982006716564,4.228982006716564,4.228982006716564,4.228982006716564,4.228982006716564,4.228982006716564,4.228982006716564,4.228982006716564,4.228982006716564,4.228982006716564,4.228982006716564,4.228982006716564,4.228982006716564,4.228982006716564,4.228982006716564,4.228982006716564,4.228982006716564,4.228982006716564,4.228982006716564,4.228982006716564,4.228982006716564,4.228982006716564,4.228982006716564,4.228982006716564,4.228982006716564,4.228982006716564,4.228982006716564,4.228982006716564,4.228982006716564,4.228982006716564,4.228982006716564,4.228982006716564,4.228982006716564,4.228982006716564,4.228982006716564,4.228982006716564,4.228982006716564,4.228982006716564,4.228982006716564,4.228982006716564,4.228982006716564,4.228982006716564,4.228982006716564,4.228982006716564,4.228982006716564,4.228982006716564,4.228982006716564,4.228982006716564,4.228982006716564,4.228982006716564,4.228982006716564,4.228982006716564,4.228982006716564,4.228982006716564,4.228982006716564,4.228982006716564,4.228982006716564,4.228982006716564,4.228982006716564,4.228982006716564,4.228982006716564,4.228982006716564,4.228982006716564,4.228982006716564,4.228982006716564,4.228982006716564,4.228982006716564,4.228982006716564,4.228982006716564,4.228982006716564,4.228982006716564,4.228982006716564,4.228982006716564,4.228982006716564,4.228982006716564,4.228982006716564,4.228982006716564,4.228982006716564,4.228982006716564,4.228982006716564,4.228982006716564,4.228982006716564,4.228982006716564,4.228982006716564,4.228982006716564,4.228982006716564,4.228982006716564,4.228982006716564,4.228982006716564,4.228982006716564,4.228982006716564,4.228982006716564,4.228982006716564,4.228982006716564,4.204480261042406,4.204480261042406,4.204480261042406,4.204480261042406,4.204480261042406,4.204480261042406,4.185117973539762,4.185117973539762,4.185117973539762,4.185117973539762,4.185117973539762,4.185117973539762,4.185117973539762,4.185117973539762,4.185117973539762,4.185117973539762,4.185117973539762,4.185117973539762,4.185117973539762,4.185117973539762,4.185117973539762,4.185117973539762,4.185117973539762,4.185117973539762,4.185117973539762,4.185117973539762,4.185117973539762,4.185117973539762,4.185117973539762,4.185117973539762,4.185117973539762,4.185117973539762,4.185117973539762,4.185117973539762,4.185117973539762,4.185117973539762,4.185117973539762,4.185117973539762,4.185117973539762,4.185117973539762,4.185117973539762,4.185117973539762,4.185117973539762,4.185117973539762,4.185117973539762,4.185117973539762,4.185117973539762,4.185117973539762,4.185117973539762,4.185117973539762,4.185117973539762,4.185117973539762,4.185117973539762,4.185117973539762,4.185117973539762,4.185117973539762,4.185117973539762,4.185117973539762,4.185117973539762,4.185117973539762,4.185117973539762,4.185117973539762,4.185117973539762,4.185117973539762,4.185117973539762,4.185117973539762,4.185117973539762,4.185117973539762,4.185117973539762,4.185117973539762,4.185117973539762,4.185117973539762,4.185117973539762,4.185117973539762,4.185117973539762,4.185117973539762,4.185117973539762,4.185117973539762,4.185117973539762,4.185117973539762,4.185117973539762,4.185117973539762,4.155795471975474,4.155795471975474,4.155795471975474,4.155795471975474,4.155795471975474,4.155795471975474,4.155795471975474,4.155795471975474,4.155795471975474,4.155795471975474,4.155795471975474,4.155795471975474,4.155795471975474,4.155795471975474,4.155795471975474,4.155795471975474,4.155795471975474,4.155795471975474,4.155795471975474,4.155795471975474,4.155795471975474,4.155795471975474,4.155795471975474,4.155795471975474,4.155795471975474,4.155795471975474,4.155795471975474,4.155795471975474,4.155795471975474,4.155795471975474,4.155795471975474,4.155795471975474,4.155795471975474,4.155795471975474,4.155795471975474,4.155795471975474,4.155795471975474,4.155795471975474,4.155795471975474,4.155795471975474,4.155795471975474,4.155795471975474,4.155795471975474,4.155795471975474,4.155795471975474,4.155795471975474,4.155795471975474,4.155795471975474,4.155795471975474,4.155795471975474,4.155795471975474,4.155795471975474,4.155795471975474,4.155795471975474,4.155795471975474,4.155795471975474,4.155795471975474,4.155795471975474,4.155795471975474,4.155795471975474,4.155795471975474,4.155795471975474,4.155795471975474,4.155795471975474,4.155795471975474,4.155795471975474,4.155795471975474,4.155795471975474,4.155795471975474,4.155795471975474,4.155795471975474,4.155795471975474,4.155795471975474,4.155795471975474,4.155795471975474,4.155795471975474,4.155795471975474,4.155795471975474,4.155795471975474,4.155795471975474,4.155795471975474,4.155795471975474,4.155795471975474,4.155795471975474,4.155795471975474,4.155795471975474,4.155795471975474,4.155795471975474,4.155795471975474,4.155795471975474,4.155795471975474,4.155795471975474,4.155795471975474,4.155795471975474,4.155795471975474,4.155795471975474,4.155795471975474,4.155795471975474,4.155795471975474,4.155795471975474,4.155795471975474,4.155795471975474,4.155795471975474,4.155795471975474,4.155795471975474,4.155795471975474,4.155795471975474,4.155795471975474,4.155795471975474,4.155795471975474,4.155795471975474,4.155795471975474,4.155795471975474,4.155795471975474,4.155795471975474,4.155795471975474,4.155795471975474,4.155795471975474,4.155795471975474,4.155795471975474,4.155795471975474,4.155795471975474,4.155795471975474,4.155795471975474,4.155795471975474,4.155795471975474,4.155795471975474,4.155795471975474,4.155795471975474,4.155795471975474,4.155795471975474,4.155795471975474,4.155795471975474,4.155795471975474,4.155795471975474,4.155795471975474,4.155795471975474,4.155795471975474,4.155795471975474,4.155795471975474,4.155795471975474,4.155795471975474,4.155795471975474,4.155795471975474,4.155795471975474,4.155795471975474,4.155795471975474,4.155795471975474,4.155795471975474,4.155795471975474,4.155795471975474,4.155795471975474,4.155795471975474,4.155795471975474,4.155795471975474,4.155795471975474,4.155795471975474,4.155795471975474,4.155795471975474,4.155795471975474,4.155795471975474,4.155795471975474,4.155795471975474,4.155795471975474,4.155795471975474,4.155795471975474,4.155795471975474,4.155795471975474,4.155795471975474,4.155795471975474,4.155795471975474,4.155795471975474,4.155795471975474,4.155795471975474,4.155795471975474,4.155795471975474,4.155795471975474,4.155795471975474,4.155795471975474,4.155795471975474,4.155795471975474,4.155795471975474,4.155795471975474,4.155795471975474,4.155795471975474,4.155795471975474,4.155795471975474,4.155795471975474,4.155795471975474,4.155795471975474,4.155795471975474,4.155795471975474,4.155795471975474,4.155795471975474,4.155795471975474,4.155795471975474,4.155795471975474,4.155795471975474,4.155795471975474,4.155795471975474,4.155795471975474,4.155795471975474,4.155795471975474,4.155795471975474,4.155795471975474,4.155795471975474,4.155795471975474,4.155795471975474,4.155795471975474,4.155795471975474,4.155795471975474,4.155795471975474,4.155795471975474,4.155795471975474,4.155795471975474,4.155795471975474,4.155795471975474,4.155795471975474,4.155795471975474,4.155795471975474,4.155795471975474,4.155795471975474,4.155795471975474,4.155795471975474,4.155795471975474,4.155795471975474,4.155795471975474,4.155795471975474,4.155795471975474,4.155795471975474,4.155795471975474,4.155795471975474,4.155795471975474,4.155795471975474,4.155795471975474,4.155795471975474,4.155795471975474,4.155795471975474,4.155795471975474,4.155795471975474,4.155795471975474,4.155795471975474,4.155795471975474,4.155795471975474,4.155795471975474,4.155795471975474,4.155795471975474,4.155795471975474,4.155795471975474,3.802656101405218,3.802656101405218,3.802656101405218,3.802656101405218,3.802656101405218,3.802656101405218,3.802656101405218,3.802656101405218,3.802656101405218,3.802656101405218,3.802656101405218,3.802656101405218,3.802656101405218,3.802656101405218,3.802656101405218,3.802656101405218,3.802656101405218,3.802656101405218,3.802656101405218,3.802656101405218,3.802656101405218,3.802656101405218,3.802656101405218,3.802656101405218,3.802656101405218,3.802656101405218,3.802656101405218,3.802656101405218,3.802656101405218,3.802656101405218,3.802656101405218,3.802656101405218,3.802656101405218,3.802656101405218,3.802656101405218,3.802656101405218,3.802656101405218,3.802656101405218,3.802656101405218,3.802656101405218,3.802656101405218,3.802656101405218,3.802656101405218,3.802656101405218,3.802656101405218,3.802656101405218,3.802656101405218,3.802656101405218,3.802656101405218,3.802656101405218,3.802656101405218,3.802656101405218,3.802656101405218,3.802656101405218,3.802656101405218,3.802656101405218,3.802656101405218,3.802656101405218,3.802656101405218,3.802656101405218,3.802656101405218,3.802656101405218,3.802656101405218,3.802656101405218,3.802656101405218,3.802656101405218,3.802656101405218,3.802656101405218,3.802656101405218,3.802656101405218,3.802656101405218,3.802656101405218,3.802656101405218,3.802656101405218,3.802656101405218,3.802656101405218,3.802656101405218,3.802656101405218,3.802656101405218,3.802656101405218,3.802656101405218,3.802656101405218,3.802656101405218,3.802656101405218,3.802656101405218,3.802656101405218,3.802656101405218,3.802656101405218,3.802656101405218,3.802656101405218,3.802656101405218,3.802656101405218,3.802656101405218,3.802656101405218,3.802656101405218,3.802656101405218,3.802656101405218,3.802656101405218,3.802656101405218,3.802656101405218,3.802656101405218,3.802656101405218,3.802656101405218,3.802656101405218,3.802656101405218,3.802656101405218,3.802656101405218,3.802656101405218,3.802656101405218,3.802656101405218,3.802656101405218,3.802656101405218,3.802656101405218,3.802656101405218,3.802656101405218,3.802656101405218,3.802656101405218,3.802656101405218,3.802656101405218,3.802656101405218,3.802656101405218,3.802656101405218,3.802656101405218,3.802656101405218,3.802656101405218,3.802656101405218,3.802656101405218,3.802656101405218,3.802656101405218,3.802656101405218,3.802656101405218,3.802656101405218,3.802656101405218,3.802656101405218,3.802656101405218,3.802656101405218,3.802656101405218,3.802656101405218,3.802656101405218,3.802656101405218,3.802656101405218,3.802656101405218,3.802656101405218,3.802656101405218,3.802656101405218,3.802656101405218,3.802656101405218,3.802656101405218,3.802656101405218,3.802656101405218,3.802656101405218,3.802656101405218,3.802656101405218,3.802656101405218,3.802656101405218,3.802656101405218,3.802656101405218,3.802656101405218,3.802656101405218,3.802656101405218,3.802656101405218,3.802656101405218,3.802656101405218,3.802656101405218,3.802656101405218,3.802656101405218,3.802656101405218,3.802656101405218,3.802656101405218,3.802656101405218,3.802656101405218,3.802656101405218,3.802656101405218,3.802656101405218,3.802656101405218,3.802656101405218,3.802656101405218,3.802656101405218,3.802656101405218,3.802656101405218,3.802656101405218,3.802656101405218,3.802656101405218,3.802656101405218,3.802656101405218,3.802656101405218,3.802656101405218,3.802656101405218,3.802656101405218,3.802656101405218,3.802656101405218,3.802656101405218,7.450057330741264,7.197819512786681,6.595296447226187,6.371407479536456,6.371407479536456,6.371407479536456,6.222032731354986,6.139222220775956,6.139222220775956,6.139222220775956,5.821984276979587,5.821984276979587,5.821984276979587,5.821984276979587,5.821984276979587,5.821984276979587,5.5566411930558335,5.5566411930558335,5.5566411930558335,5.5566411930558335,5.5566411930558335,5.5566411930558335,5.5566411930558335,5.5566411930558335,5.5566411930558335,5.5566411930558335,5.5566411930558335,5.5566411930558335,5.5566411930558335,5.5566411930558335,5.5566411930558335,5.5566411930558335,5.5566411930558335,5.5566411930558335,5.5566411930558335,5.5566411930558335,5.5566411930558335,5.5566411930558335,5.5566411930558335,5.5566411930558335,5.5566411930558335,5.5566411930558335,5.5566411930558335,5.5566411930558335,5.5566411930558335,5.5566411930558335,5.5566411930558335,5.5566411930558335,5.5566411930558335,5.362891862332149,5.362891862332149,5.362891862332149,5.362891862332149,5.362891862332149,5.362891862332149,5.362891862332149,5.362891862332149,5.362891862332149,5.362891862332149,5.362891862332149,5.362891862332149,5.362891862332149,5.362891862332149,5.126139404833414,5.126139404833414,5.126139404833414,5.126139404833414,5.126139404833414,5.126139404833414,5.126139404833414,5.126139404833414,5.126139404833414,5.126139404833414,5.126139404833414,5.126139404833414,5.126139404833414,5.126139404833414,5.126139404833414,5.126139404833414,5.126139404833414,5.126139404833414,5.126139404833414,5.126139404833414,5.126139404833414,5.126139404833414,5.126139404833414,5.126139404833414,5.126139404833414,5.126139404833414,5.126139404833414,5.126139404833414,5.126139404833414,5.126139404833414,5.126139404833414,5.126139404833414,5.126139404833414,5.126139404833414,5.126139404833414,5.126139404833414,5.126139404833414,5.126139404833414,5.126139404833414,5.126139404833414,5.126139404833414,5.126139404833414,5.126139404833414,5.126139404833414,5.126139404833414,5.126139404833414,5.126139404833414,5.126139404833414,5.126139404833414,5.126139404833414,5.126139404833414,5.126139404833414,5.126139404833414,5.126139404833414,5.126139404833414,5.126139404833414,5.126139404833414,5.126139404833414,5.126139404833414,5.126139404833414,5.126139404833414,5.126139404833414,5.126139404833414,5.126139404833414,5.126139404833414,5.126139404833414,5.126139404833414,5.126139404833414,5.126139404833414,5.126139404833414,5.126139404833414,5.126139404833414,5.126139404833414,5.126139404833414,5.126139404833414,5.126139404833414,5.126139404833414,5.126139404833414,5.126139404833414,5.126139404833414,5.126139404833414,5.126139404833414,5.126139404833414,5.126139404833414,5.126139404833414,5.126139404833414,5.126139404833414,5.126139404833414,5.126139404833414,5.126139404833414,5.126139404833414,5.126139404833414,5.126139404833414,5.126139404833414,5.126139404833414,5.126139404833414,5.126139404833414,5.126139404833414,5.126139404833414,5.126139404833414,5.126139404833414,5.126139404833414,5.126139404833414,5.126139404833414,5.126139404833414,5.126139404833414,5.126139404833414,5.126139404833414,5.126139404833414,5.126139404833414,5.126139404833414,5.126139404833414,5.126139404833414,5.126139404833414,5.126139404833414,5.126139404833414,5.126139404833414,5.126139404833414,5.126139404833414,5.126139404833414,5.126139404833414,5.126139404833414,5.126139404833414,5.126139404833414,5.126139404833414,5.126139404833414,5.126139404833414,5.126139404833414,5.126139404833414,5.126139404833414,5.126139404833414,5.126139404833414,5.126139404833414,5.126139404833414,5.126139404833414,5.126139404833414,5.126139404833414,5.126139404833414,5.126139404833414,5.126139404833414,5.126139404833414,5.126139404833414,5.126139404833414,5.126139404833414,5.126139404833414,5.126139404833414,5.126139404833414,5.126139404833414,5.126139404833414,5.126139404833414,5.126139404833414,5.126139404833414,5.126139404833414,5.126139404833414,5.126139404833414,5.126139404833414,5.126139404833414,5.126139404833414,5.126139404833414,5.126139404833414,5.126139404833414,5.126139404833414,5.126139404833414,5.126139404833414,5.126139404833414,5.126139404833414,4.712354956831068,4.437919347093523,4.431311706592945,4.431311706592945,4.431311706592945,4.431311706592945,4.431311706592945,4.431311706592945,4.431311706592945,4.023036507444232,4.023036507444232,3.9764075911880155,3.9764075911880155,3.9432290013084517,3.9432290013084517,3.9432290013084517,3.9325347689490266,3.9325347689490266,3.9325347689490266,3.9325347689490266,3.8502733792694968,3.8502733792694968,3.8502733792694968,3.8502733792694968,3.8502733792694968,3.8502733792694968,3.8502733792694968,3.8502733792694968,3.8502733792694968,3.8502733792694968,3.8502733792694968,3.8502733792694968,3.8502733792694968,3.8502733792694968,3.8502733792694968,3.8502733792694968,3.8502733792694968,3.8502733792694968,3.8502733792694968,3.8502733792694968,3.8502733792694968,3.8502733792694968,3.8502733792694968,3.8502733792694968,3.8502733792694968,3.8502733792694968,3.8502733792694968,3.8502733792694968,3.8502733792694968,3.8502733792694968,3.8502733792694968,3.8502733792694968,3.8502733792694968,3.8502733792694968,3.8502733792694968,3.8502733792694968,3.8502733792694968,3.8502733792694968,3.8502733792694968,3.8502733792694968,3.8502733792694968,3.8502733792694968,3.8502733792694968,3.8502733792694968,3.8502733792694968,3.8502733792694968,3.8502733792694968,3.8502733792694968,3.8502733792694968,3.8502733792694968,3.8502733792694968,3.8502733792694968,3.8502733792694968,3.8502733792694968,3.8502733792694968,3.8502733792694968,3.8502733792694968,3.8502733792694968,3.8502733792694968,3.8502733792694968,3.8502733792694968,3.8502733792694968,3.8502733792694968,3.8502733792694968,3.8502733792694968,3.8502733792694968,3.8502733792694968,3.8502733792694968,3.8502733792694968,3.8502733792694968,3.8502733792694968,3.8502733792694968,3.8502733792694968,3.8502733792694968,3.8502733792694968,3.8502733792694968,3.8502733792694968,3.8502733792694968,3.8502733792694968,3.8502733792694968,3.8502733792694968,3.8502733792694968,3.8502733792694968,3.8502733792694968,3.8502733792694968,3.8502733792694968,3.8502733792694968,3.8502733792694968,3.8502733792694968,3.8502733792694968,3.8502733792694968,3.8502733792694968,3.8502733792694968,3.8502733792694968,3.8502733792694968,3.8502733792694968,3.8502733792694968,3.8502733792694968,3.8502733792694968,3.8502733792694968,3.8502733792694968,3.8502733792694968,3.8502733792694968,3.8502733792694968,3.8502733792694968,3.8502733792694968,3.8502733792694968,3.8502733792694968,3.8502733792694968,3.8502733792694968,3.8502733792694968,3.8502733792694968,3.8502733792694968,3.8502733792694968,3.8502733792694968,3.8502733792694968,3.8502733792694968,3.8502733792694968,3.8502733792694968,3.8502733792694968,3.8502733792694968,3.8502733792694968,3.8502733792694968,3.8502733792694968,3.8502733792694968,3.8502733792694968,3.8502733792694968,3.8502733792694968,3.8502733792694968,3.8502733792694968,3.8502733792694968,3.8502733792694968,3.8502733792694968,3.8502733792694968,3.8502733792694968,3.8502733792694968,3.8502733792694968,3.8502733792694968,3.8502733792694968,3.8502733792694968,3.8502733792694968,3.8502733792694968,3.8502733792694968,3.8502733792694968,3.8502733792694968,3.8502733792694968,3.8502733792694968,3.8502733792694968,3.8502733792694968,3.8502733792694968,3.8502733792694968,3.8502733792694968,3.8502733792694968,3.8502733792694968,3.8502733792694968,3.8502733792694968,3.8502733792694968,3.8502733792694968,3.8502733792694968,3.8502733792694968,3.8502733792694968,3.8502733792694968,3.8502733792694968,3.8502733792694968,3.8502733792694968,3.8502733792694968,3.8502733792694968,3.8502733792694968,3.8502733792694968,3.8502733792694968,3.8502733792694968,3.8502733792694968,3.8502733792694968,3.8502733792694968,3.8502733792694968,3.8502733792694968,3.8502733792694968,3.8502733792694968,3.8502733792694968,3.8502733792694968,3.8502733792694968,3.8502733792694968,3.8502733792694968,3.8502733792694968,3.8502733792694968,3.8502733792694968,3.8502733792694968,3.8502733792694968,3.8502733792694968,3.8502733792694968,3.8502733792694968,3.8502733792694968,3.8502733792694968,3.8502733792694968,3.8502733792694968,3.8502733792694968,3.8502733792694968,3.8502733792694968,3.8502733792694968,3.8502733792694968,3.8502733792694968,3.8502733792694968,3.8502733792694968,3.8502733792694968,3.8502733792694968,3.8502733792694968,3.8502733792694968,3.8502733792694968,3.8502733792694968,3.8502733792694968,3.8502733792694968,3.8502733792694968,3.8502733792694968,3.8502733792694968,3.8502733792694968,3.8502733792694968,3.8502733792694968,3.8502733792694968,3.8502733792694968,3.8502733792694968,3.8502733792694968,3.8502733792694968,3.8502733792694968,3.8502733792694968,3.8502733792694968,3.8502733792694968,3.8502733792694968,3.8502733792694968,3.8502733792694968,3.8502733792694968,3.8502733792694968,3.8502733792694968,3.8502733792694968,3.8502733792694968,3.8502733792694968,3.8502733792694968,3.8502733792694968,3.8502733792694968,3.8502733792694968,3.8502733792694968,3.8502733792694968,3.8502733792694968,3.8502733792694968,3.8502733792694968,3.8502733792694968,3.8502733792694968,3.8502733792694968,3.8502733792694968,3.8502733792694968,3.8502733792694968,3.8502733792694968,3.8502733792694968,3.8502733792694968,3.8502733792694968,3.8502733792694968,3.8502733792694968,3.8502733792694968,3.8502733792694968,3.8502733792694968,3.8502733792694968,3.8502733792694968,3.8502733792694968,3.8502733792694968,3.8502733792694968,3.8502733792694968,3.8502733792694968,3.8502733792694968,3.8502733792694968,3.8502733792694968,3.8502733792694968,3.8502733792694968,3.8502733792694968,3.8502733792694968,3.8502733792694968,3.8502733792694968,3.8502733792694968,3.8502733792694968,3.8502733792694968,3.8502733792694968,3.8502733792694968,3.8502733792694968,3.8502733792694968,3.8502733792694968,3.8502733792694968,3.8502733792694968,3.8502733792694968,3.8502733792694968,3.8502733792694968,3.8502733792694968,3.8502733792694968,3.8502733792694968,3.8502733792694968,3.8502733792694968,3.8502733792694968,3.8502733792694968,3.8502733792694968,3.8502733792694968,3.8502733792694968,3.8502733792694968,3.8502733792694968,3.8502733792694968,3.8502733792694968,3.8502733792694968,3.8502733792694968,3.8502733792694968,3.8502733792694968,3.8502733792694968,3.8502733792694968,3.8502733792694968,3.8502733792694968,3.8502733792694968,3.8502733792694968,3.8502733792694968,3.8502733792694968,3.8502733792694968,3.8502733792694968,3.8502733792694968,3.8502733792694968,3.8502733792694968,3.8502733792694968,3.8502733792694968,3.8502733792694968,3.8502733792694968,3.8502733792694968,3.8502733792694968,3.8502733792694968,3.8502733792694968,3.8502733792694968,3.8502733792694968,3.8502733792694968,3.8502733792694968,3.8502733792694968,3.8502733792694968,3.8502733792694968,3.8502733792694968,3.8502733792694968,3.8502733792694968,3.8502733792694968,3.8502733792694968,3.8502733792694968,3.8502733792694968,3.8502733792694968,3.8502733792694968,3.8502733792694968,3.8502733792694968,3.8502733792694968,3.8502733792694968,3.8502733792694968,3.8502733792694968,3.8502733792694968,3.8502733792694968,3.8502733792694968,3.8502733792694968,3.8502733792694968,3.8502733792694968,3.8502733792694968,3.8502733792694968,3.8502733792694968,3.8502733792694968,3.8502733792694968,3.8502733792694968,3.8502733792694968,3.8502733792694968,3.8502733792694968,3.8502733792694968,3.8502733792694968,3.8502733792694968,3.8502733792694968,3.8502733792694968,3.8502733792694968,3.8502733792694968,3.8502733792694968,3.8502733792694968,3.8502733792694968,3.8502733792694968,3.8502733792694968,3.8502733792694968,3.8502733792694968,3.8502733792694968,3.8502733792694968,3.8502733792694968,3.8502733792694968,3.8502733792694968,3.8502733792694968,3.8502733792694968,3.8502733792694968,3.8502733792694968,3.8502733792694968,3.8502733792694968,3.8502733792694968,3.8502733792694968,3.8502733792694968,3.8502733792694968,3.8502733792694968,3.8502733792694968,3.8502733792694968,3.8502733792694968,3.8502733792694968,3.8502733792694968,3.8502733792694968,3.8502733792694968,3.8502733792694968,3.8502733792694968,3.8502733792694968,3.8502733792694968,3.8502733792694968,3.8502733792694968,3.8502733792694968,3.8502733792694968,3.8502733792694968,3.8502733792694968,3.8502733792694968,3.8502733792694968,3.8502733792694968,3.8502733792694968,3.8502733792694968,3.8502733792694968,3.8502733792694968,3.8502733792694968,3.8502733792694968,3.8502733792694968,3.8502733792694968,3.8502733792694968,3.8502733792694968,3.8502733792694968,3.8502733792694968,3.8502733792694968,3.8502733792694968,3.8502733792694968,3.8502733792694968,3.8502733792694968,3.8502733792694968,3.8502733792694968,3.8502733792694968,3.8502733792694968,3.8502733792694968,3.8502733792694968,3.8502733792694968,3.8502733792694968,3.8502733792694968,3.8502733792694968,3.8502733792694968,3.8502733792694968,3.8502733792694968,3.8502733792694968,3.8502733792694968,3.8502733792694968,3.8502733792694968,3.8502733792694968,3.8502733792694968,3.8502733792694968,3.8502733792694968,3.8502733792694968,3.8502733792694968,3.8502733792694968,3.8502733792694968,3.8502733792694968,3.8502733792694968,3.8502733792694968,3.8502733792694968,3.8502733792694968,3.8502733792694968,3.8502733792694968,3.8502733792694968,3.8502733792694968,3.8502733792694968,3.8502733792694968,3.8502733792694968,3.8502733792694968,3.8502733792694968,3.8502733792694968,3.8502733792694968,3.8502733792694968,3.8502733792694968,3.8502733792694968,3.8502733792694968,3.8502733792694968,3.8502733792694968,3.8502733792694968,3.8502733792694968,3.8502733792694968,3.8502733792694968,3.8502733792694968,3.8502733792694968,3.8502733792694968,3.8502733792694968,3.8502733792694968,3.8502733792694968,3.8502733792694968,3.8502733792694968,3.8502733792694968,3.8502733792694968,3.8502733792694968,3.8502733792694968,3.8502733792694968,3.8502733792694968,3.8502733792694968,3.8502733792694968,3.8502733792694968,3.8502733792694968,3.8502733792694968,3.8502733792694968,3.8502733792694968,3.8502733792694968,3.8502733792694968,3.8502733792694968,3.8502733792694968,3.8502733792694968,3.8502733792694968,3.8502733792694968,3.8502733792694968,3.8502733792694968,3.8502733792694968,3.8502733792694968,3.8502733792694968,3.8502733792694968,3.8502733792694968,3.8502733792694968,3.8502733792694968,3.8502733792694968,3.8502733792694968,3.8502733792694968,3.8502733792694968,3.8502733792694968,3.8502733792694968,3.8502733792694968,3.8502733792694968,3.8502733792694968,3.8502733792694968,3.8502733792694968,3.8502733792694968,3.8502733792694968,3.8502733792694968,3.8502733792694968,3.8502733792694968,3.8502733792694968,3.8502733792694968,3.8502733792694968,3.8502733792694968,3.8502733792694968,3.8502733792694968,3.8502733792694968,3.8502733792694968,3.8502733792694968,3.8502733792694968,3.8502733792694968,3.8502733792694968,3.8502733792694968,3.8502733792694968,3.8502733792694968,3.8502733792694968,3.8502733792694968,3.8502733792694968,3.8502733792694968,3.8502733792694968,3.8502733792694968,3.8502733792694968,3.8502733792694968,3.8502733792694968,3.8502733792694968,3.8502733792694968,3.8502733792694968,3.8502733792694968,3.8502733792694968,3.8502733792694968,3.8502733792694968,3.8502733792694968,3.8502733792694968,3.8502733792694968,3.8502733792694968,3.8502733792694968,3.8502733792694968,3.8502733792694968,3.8502733792694968,3.8502733792694968,3.8502733792694968,3.8502733792694968,3.8502733792694968,3.8502733792694968,3.8502733792694968,3.8502733792694968,3.8502733792694968,3.8502733792694968,3.8502733792694968,3.8502733792694968,3.8502733792694968,3.8502733792694968,3.8502733792694968,3.8502733792694968,3.8502733792694968,3.8502733792694968,3.8502733792694968,3.8502733792694968,3.8502733792694968,3.8502733792694968,3.8502733792694968,3.8502733792694968,3.8502733792694968,3.8502733792694968,3.8502733792694968,3.8502733792694968,3.8502733792694968,3.8502733792694968,3.8502733792694968,3.8502733792694968,3.8502733792694968,3.8502733792694968,3.8502733792694968,3.8502733792694968,3.8502733792694968,3.8502733792694968,3.8502733792694968,3.8502733792694968,3.8502733792694968,3.8502733792694968,3.8502733792694968,3.8502733792694968,3.8502733792694968,3.8502733792694968,3.8502733792694968,3.8502733792694968,3.8502733792694968,3.8502733792694968,3.8502733792694968,3.8502733792694968,3.8502733792694968,3.8502733792694968,3.8502733792694968,3.8502733792694968,3.8502733792694968,3.8502733792694968,3.8502733792694968,3.8502733792694968,3.8502733792694968,3.8502733792694968,3.8502733792694968,3.8502733792694968,3.8502733792694968,3.8502733792694968,3.8502733792694968,3.8502733792694968,3.8502733792694968,3.8502733792694968,3.8502733792694968,3.8502733792694968,3.8502733792694968,3.8502733792694968,3.8502733792694968,3.8502733792694968,3.8502733792694968,3.8502733792694968,3.8502733792694968,3.8502733792694968,3.8502733792694968,3.8502733792694968,3.8502733792694968,3.8502733792694968,3.8502733792694968,3.8502733792694968,3.8502733792694968,3.8502733792694968,3.8502733792694968,3.8502733792694968,3.8502733792694968,3.8502733792694968,3.8502733792694968,3.8502733792694968,3.8502733792694968,3.8502733792694968,3.8502733792694968,3.8502733792694968,3.8502733792694968,3.8502733792694968,3.8502733792694968,3.8502733792694968,3.8502733792694968,3.8502733792694968,3.8502733792694968,3.8502733792694968,3.8502733792694968,3.8502733792694968,3.8502733792694968,3.8502733792694968,3.8502733792694968,3.8502733792694968,3.8502733792694968,3.8502733792694968,3.8502733792694968,3.8502733792694968,3.8502733792694968,3.8502733792694968,3.8502733792694968,3.8502733792694968,3.8502733792694968,3.8502733792694968,3.8502733792694968,3.8502733792694968,3.8502733792694968,3.8502733792694968,3.8502733792694968,3.8502733792694968,3.8502733792694968,3.8502733792694968,3.8502733792694968,3.8502733792694968,3.8502733792694968,3.8502733792694968,3.8502733792694968,3.8502733792694968,3.8502733792694968,3.8502733792694968,3.8502733792694968,3.8502733792694968,3.8502733792694968,3.8502733792694968,3.8502733792694968,3.8502733792694968,3.8502733792694968,3.8502733792694968,3.8502733792694968,3.8502733792694968,3.8502733792694968,3.8502733792694968,3.8502733792694968,3.8502733792694968,3.8502733792694968,3.8502733792694968,3.8502733792694968,3.8502733792694968,3.8502733792694968,3.8502733792694968,3.8502733792694968,3.8502733792694968,3.8502733792694968,3.8502733792694968,3.8502733792694968,3.8502733792694968,3.8502733792694968,3.8502733792694968,3.8502733792694968,3.8502733792694968,3.8502733792694968,3.8502733792694968,3.8502733792694968,3.8502733792694968,3.8502733792694968,3.8502733792694968,3.8502733792694968,3.8502733792694968,3.8502733792694968,3.8502733792694968,9.334367285281768,8.272044077670198,8.065747487887851,7.21652457037831,7.21652457037831,7.168014888806004,7.168014888806004,7.168014888806004,7.168014888806004,7.168014888806004,7.168014888806004,7.168014888806004,7.168014888806004,7.168014888806004,7.168014888806004,6.273454140826215,6.273454140826215,6.273454140826215,6.273454140826215,6.156508564432383,5.740336371825925,5.740336371825925,5.740336371825925,5.740336371825925,5.740336371825925,5.740336371825925,5.740336371825925,5.740336371825925,5.740336371825925,5.740336371825925,5.740336371825925,5.740336371825925,5.740336371825925,5.740336371825925,5.740336371825925,5.740336371825925,5.740336371825925,5.740336371825925,5.740336371825925,5.4736121616982505,5.4736121616982505,5.24034356133606,5.24034356133606,5.24034356133606,5.24034356133606,5.02539880506844,5.02539880506844,5.02539880506844,5.02539880506844,5.02539880506844,5.02539880506844,5.02539880506844,5.02539880506844,5.02539880506844,5.02539880506844,5.02539880506844,5.02539880506844,5.02539880506844,5.02539880506844,5.02539880506844,5.02539880506844,5.02539880506844,5.02539880506844,5.02539880506844,5.02539880506844,5.02539880506844,5.02539880506844,5.02539880506844,5.02539880506844,5.02539880506844,5.02539880506844,5.02539880506844,5.02539880506844,5.02539880506844,5.02539880506844,5.02539880506844,5.02539880506844,5.02539880506844,5.02539880506844,5.02539880506844,5.02539880506844,5.02539880506844,5.02539880506844,5.02539880506844,5.02539880506844,5.02539880506844,5.02539880506844,5.02539880506844,5.02539880506844,5.02539880506844,5.02539880506844,5.02539880506844,5.02539880506844,5.02539880506844,5.02539880506844,5.02539880506844,5.02539880506844,5.02539880506844,5.02539880506844,5.02539880506844,5.02539880506844,5.02539880506844,5.02539880506844,5.02539880506844,5.02539880506844,5.02539880506844,5.02539880506844,5.02539880506844,5.02539880506844,5.02539880506844,5.02539880506844,5.02539880506844,5.02539880506844,5.02539880506844,5.02539880506844,5.02539880506844,5.02539880506844,5.02539880506844,5.02539880506844,5.02539880506844,5.02539880506844,5.02539880506844,5.02539880506844,5.02539880506844,5.02539880506844,5.02539880506844,5.02539880506844,5.02539880506844,5.02539880506844,5.02539880506844,5.02539880506844,5.02539880506844,5.02539880506844,5.02539880506844,5.02539880506844,5.02539880506844,5.02539880506844,5.02539880506844,5.02539880506844,5.02539880506844,5.02539880506844,5.02539880506844,5.02539880506844,5.02539880506844,5.02539880506844,5.02539880506844,5.02539880506844,5.02539880506844,5.02539880506844,5.02539880506844,5.02539880506844,5.02539880506844,5.02539880506844,5.02539880506844,5.02539880506844,5.02539880506844,5.02539880506844,5.02539880506844,5.02539880506844,5.02539880506844,5.02539880506844,5.02539880506844,5.02539880506844,5.02539880506844,5.02539880506844,5.02539880506844,5.02539880506844,5.02539880506844,5.02539880506844,5.02539880506844,5.02539880506844,5.02539880506844,5.02539880506844,5.02539880506844,5.02539880506844,5.02539880506844,5.02539880506844,5.02539880506844,5.02539880506844,5.02539880506844,5.02539880506844,5.02539880506844,5.02539880506844,5.02539880506844,5.02539880506844,5.02539880506844,5.02539880506844,5.02539880506844,5.02539880506844,5.02539880506844,5.02539880506844,5.02539880506844,5.02539880506844,5.02539880506844,5.02539880506844,5.02539880506844,5.02539880506844,5.02539880506844,5.02539880506844,5.02539880506844,5.02539880506844,5.02539880506844,5.02539880506844,5.02539880506844,5.02539880506844,5.02539880506844,5.02539880506844,5.02539880506844,5.02539880506844,5.02539880506844,5.02539880506844,5.02539880506844,5.02539880506844,5.02539880506844,5.02539880506844,5.02539880506844,5.02539880506844,5.02539880506844,5.02539880506844,5.02539880506844,5.02539880506844,5.02539880506844,5.02539880506844,5.02539880506844,5.02539880506844,5.02539880506844,5.02539880506844,5.02539880506844,5.02539880506844,5.02539880506844,5.02539880506844,5.02539880506844,5.02539880506844,5.02539880506844,5.02539880506844,5.02539880506844,5.02539880506844,5.02539880506844,5.02539880506844,5.02539880506844,5.02539880506844,5.02539880506844,5.02539880506844,5.02539880506844,5.02539880506844,4.68487296187411,4.68487296187411,4.68487296187411,4.606772160613922,4.606772160613922,4.606772160613922,4.606772160613922,4.606772160613922,4.606772160613922,4.606772160613922,4.606772160613922,4.606772160613922,4.606772160613922,4.606772160613922,4.606772160613922,4.606772160613922,4.606772160613922,4.606772160613922,4.606772160613922,4.606772160613922,4.606772160613922,4.606772160613922,4.606772160613922,4.606772160613922,4.606772160613922,4.606772160613922,4.606772160613922,4.606772160613922,4.606772160613922,4.606772160613922,4.606772160613922,4.606772160613922,4.606772160613922,4.606772160613922,4.606772160613922,4.606772160613922,4.606772160613922,4.606772160613922,4.606772160613922,4.606772160613922,4.606772160613922,4.606772160613922,4.606772160613922,4.606772160613922,4.606772160613922,4.606772160613922,4.606772160613922,4.606772160613922,4.606772160613922,4.606772160613922,4.606772160613922,4.606772160613922,4.606772160613922,4.606772160613922,4.606772160613922,4.606772160613922,4.606772160613922,4.606772160613922,4.606772160613922,4.606772160613922,4.606772160613922,4.606772160613922,4.606772160613922,4.606772160613922,4.606772160613922,4.606772160613922,4.606772160613922,4.606772160613922,4.606772160613922,4.606772160613922,4.606772160613922,4.606772160613922,4.606772160613922,4.606772160613922,4.606772160613922,4.606772160613922,4.606772160613922,4.606772160613922,4.606772160613922,4.606772160613922,4.606772160613922,4.606772160613922,4.606772160613922,4.606772160613922,4.606772160613922,4.606772160613922,4.606772160613922,4.606772160613922,4.606772160613922,4.606772160613922,4.606772160613922,4.606772160613922,4.606772160613922,4.606772160613922,4.606772160613922,4.606772160613922,4.606772160613922,4.606772160613922,4.606772160613922,4.606772160613922,4.606772160613922,4.606772160613922,4.606772160613922,4.606772160613922,4.606772160613922,4.606772160613922,4.606772160613922,4.606772160613922,4.606772160613922,4.606772160613922,4.606772160613922,4.606772160613922,4.606772160613922,4.606772160613922,4.606772160613922,4.606772160613922,4.606772160613922,4.606772160613922,4.606772160613922,4.606772160613922,4.606772160613922,4.606772160613922,4.606772160613922,4.606772160613922,4.606772160613922,4.606772160613922,4.606772160613922,4.606772160613922,4.606772160613922,4.606772160613922,4.606772160613922,4.606772160613922,4.606772160613922,4.606772160613922,4.606772160613922,4.606772160613922,4.606772160613922,4.606772160613922,4.606772160613922,4.606772160613922,4.606772160613922,4.606772160613922,4.606772160613922,4.606772160613922,4.606772160613922,4.606772160613922,4.606772160613922,4.606772160613922,4.606772160613922,4.606772160613922,4.606772160613922,4.606772160613922,4.606772160613922,4.606772160613922,4.606772160613922,4.606772160613922,4.606772160613922,4.606772160613922,4.606772160613922,4.606772160613922,4.606772160613922,4.606772160613922,4.606772160613922,4.606772160613922,4.606772160613922,4.606772160613922,4.606772160613922,4.606772160613922,4.606772160613922,4.606772160613922,4.606772160613922,4.606772160613922,4.606772160613922,4.606772160613922,4.606772160613922,4.606772160613922,4.606772160613922,4.606772160613922,4.606772160613922,4.606772160613922,4.606772160613922,4.606772160613922,4.606772160613922,4.606772160613922,4.606772160613922,4.606772160613922,4.606772160613922,4.606772160613922,4.606772160613922,4.606772160613922,4.606772160613922,4.606772160613922,4.606772160613922,4.606772160613922,4.606772160613922,4.606772160613922,4.606772160613922,4.606772160613922,4.606772160613922,4.606772160613922,4.606772160613922,4.606772160613922,4.606772160613922,4.606772160613922,4.606772160613922,4.606772160613922,4.606772160613922,4.606772160613922,4.606772160613922,4.606772160613922,4.606772160613922,4.606772160613922,4.606772160613922,4.606772160613922,4.606772160613922,4.606772160613922,4.606772160613922,4.606772160613922,4.606772160613922,4.606772160613922,4.606772160613922,4.606772160613922,4.606772160613922,4.606772160613922,4.606772160613922,4.606772160613922,4.606772160613922,4.606772160613922,4.606772160613922,4.606772160613922,4.606772160613922,4.606772160613922,4.606772160613922,4.606772160613922,4.606772160613922,4.606772160613922,4.606772160613922,4.606772160613922,4.606772160613922,4.606772160613922,4.606772160613922,4.606772160613922,4.606772160613922,4.606772160613922,4.606772160613922,4.606772160613922,4.606772160613922,4.606772160613922,4.606772160613922,4.606772160613922,4.606772160613922,4.606772160613922,4.606772160613922,4.606772160613922,4.606772160613922,4.606772160613922,4.606772160613922,4.606772160613922,4.606772160613922,4.606772160613922,4.606772160613922,4.606772160613922,4.606772160613922,4.606772160613922,4.606772160613922,4.606772160613922,4.606772160613922,4.606772160613922,4.606772160613922,4.606772160613922,4.606772160613922,4.606772160613922,4.606772160613922,4.606772160613922,4.606772160613922,4.606772160613922,4.606772160613922,4.606772160613922,4.606772160613922,4.606772160613922,4.606772160613922,4.606772160613922,4.606772160613922,4.606772160613922,4.606772160613922,4.606772160613922,4.606772160613922,4.606772160613922,4.606772160613922,4.606772160613922,4.606772160613922,4.606772160613922,4.606772160613922,4.606772160613922,4.606772160613922,4.606772160613922,4.606772160613922,4.606772160613922,4.606772160613922,4.606772160613922,4.606772160613922,4.606772160613922,4.606772160613922,4.606772160613922,4.606772160613922,4.606772160613922,4.606772160613922,4.606772160613922,4.606772160613922,4.606772160613922,4.606772160613922,4.606772160613922,4.606772160613922,4.606772160613922,4.606772160613922,4.606772160613922,4.606772160613922,4.606772160613922,4.606772160613922,4.606772160613922,4.606772160613922,4.606772160613922,4.606772160613922,4.606772160613922,4.606772160613922,4.606772160613922,4.606772160613922,4.606772160613922,4.606772160613922,4.606772160613922,4.606772160613922,4.606772160613922,4.606772160613922,4.606772160613922,4.606772160613922,4.606772160613922,4.606772160613922,4.606772160613922,4.606772160613922,4.606772160613922,4.606772160613922,4.606772160613922,4.606772160613922,4.606772160613922,4.606772160613922,4.606772160613922,4.606772160613922,4.606772160613922,4.606772160613922,4.606772160613922,4.606772160613922,4.606772160613922,4.606772160613922,4.606772160613922,4.606772160613922,4.606772160613922,4.606772160613922,4.606772160613922,4.606772160613922,4.606772160613922,4.606772160613922,4.606772160613922,4.606772160613922,4.606772160613922,4.606772160613922,4.606772160613922,4.606772160613922,4.606772160613922,4.606772160613922,4.606772160613922,4.606772160613922,4.606772160613922,4.606772160613922,4.606772160613922,4.606772160613922,4.606772160613922,4.606772160613922,4.606772160613922,4.606772160613922,4.606772160613922,4.606772160613922,4.606772160613922,4.606772160613922,4.606772160613922,4.606772160613922,4.606772160613922,4.606772160613922,4.606772160613922,4.606772160613922,4.606772160613922,4.606772160613922,4.606772160613922,4.606772160613922,4.606772160613922,4.606772160613922,4.606772160613922,4.606772160613922,4.606772160613922,4.606772160613922,4.606772160613922,4.606772160613922,4.606772160613922,4.606772160613922,4.606772160613922,4.606772160613922,4.606772160613922,4.606772160613922,4.606772160613922,4.606772160613922,4.606772160613922,4.606772160613922,4.606772160613922,4.606772160613922,4.606772160613922,4.606772160613922,4.606772160613922,4.606772160613922,4.606772160613922,4.606772160613922,4.606772160613922,4.606772160613922,4.606772160613922,4.606772160613922,4.606772160613922,4.606772160613922,4.606772160613922,4.606772160613922,4.606772160613922,4.606772160613922,4.606772160613922,4.606772160613922,4.606772160613922,4.606772160613922,4.606772160613922,4.606772160613922,4.606772160613922,4.606772160613922,4.606772160613922,4.606772160613922,4.606772160613922,4.606772160613922,4.606772160613922,4.606772160613922,4.606772160613922,4.606772160613922,4.606772160613922,4.606772160613922,4.606772160613922,4.606772160613922,4.606772160613922,4.606772160613922,4.606772160613922,4.606772160613922,4.606772160613922,4.606772160613922,4.606772160613922,4.606772160613922,4.606772160613922,4.606772160613922,4.606772160613922,4.606772160613922,4.606772160613922,4.606772160613922,4.606772160613922,4.606772160613922,4.606772160613922,4.606772160613922,4.606772160613922,4.606772160613922,4.606772160613922,4.606772160613922,4.606772160613922,4.606772160613922,4.606772160613922,4.606772160613922,4.606772160613922,4.606772160613922,4.606772160613922,4.606772160613922,4.606772160613922,4.606772160613922,4.606772160613922,4.606772160613922,4.606772160613922,4.606772160613922,4.606772160613922,4.606772160613922,4.606772160613922,4.606772160613922,4.606772160613922,4.606772160613922,4.606772160613922,4.606772160613922,4.606772160613922,4.606772160613922,4.606772160613922,4.606772160613922,4.606772160613922,4.606772160613922,4.606772160613922,4.606772160613922,4.606772160613922,4.606772160613922,4.606772160613922,4.606772160613922,4.606772160613922,4.606772160613922,4.606772160613922,4.606772160613922,4.606772160613922,4.606772160613922,4.606772160613922,4.606772160613922,4.606772160613922,4.606772160613922,4.606772160613922,4.606772160613922,4.606772160613922,4.606772160613922,4.606772160613922,4.606772160613922,4.606772160613922,4.606772160613922,4.606772160613922,4.606772160613922,4.606772160613922,4.606772160613922,4.606772160613922,4.606772160613922,4.606772160613922,4.606772160613922,4.606772160613922,4.606772160613922,4.606772160613922,4.606772160613922,4.606772160613922,4.606772160613922,4.606772160613922,4.606772160613922,4.606772160613922,4.606772160613922,4.606772160613922,4.606772160613922,4.606772160613922,4.606772160613922,4.606772160613922,4.606772160613922,4.606772160613922,4.606772160613922,4.606772160613922,4.606772160613922,4.606772160613922,4.606772160613922,4.606772160613922,4.606772160613922,4.606772160613922,4.606772160613922,4.606772160613922,4.606772160613922,4.606772160613922,4.606772160613922,4.606772160613922,4.606772160613922,4.606772160613922,4.606772160613922,4.606772160613922,4.606772160613922,4.606772160613922,4.606772160613922,4.606772160613922,4.606772160613922,4.606772160613922,4.606772160613922,4.606772160613922,4.606772160613922,4.606772160613922,4.606772160613922,4.606772160613922,4.606772160613922,4.606772160613922,4.606772160613922,4.606772160613922,4.606772160613922,4.606772160613922,4.606772160613922,4.606772160613922,4.606772160613922,4.606772160613922,4.606772160613922,4.606772160613922,4.606772160613922,4.606772160613922,4.606772160613922,4.606772160613922,4.606772160613922,4.606772160613922,4.606772160613922,4.606772160613922,4.606772160613922,4.606772160613922,4.606772160613922,4.606772160613922,4.606772160613922,4.606772160613922,4.606772160613922,4.606772160613922,4.606772160613922,4.606772160613922,4.606772160613922,4.606772160613922,4.606772160613922,4.606772160613922,4.606772160613922,4.606772160613922,4.606772160613922,4.606772160613922,4.606772160613922,4.606772160613922,4.606772160613922,4.606772160613922,4.606772160613922,4.606772160613922,4.606772160613922,4.606772160613922,4.606772160613922,4.606772160613922,4.606772160613922,4.606772160613922,4.606772160613922,4.606772160613922,4.606772160613922,4.606772160613922,4.606772160613922,4.606772160613922,4.606772160613922,4.606772160613922,4.606772160613922,4.606772160613922,4.606772160613922,4.606772160613922,4.606772160613922,4.606772160613922,4.606772160613922,4.606772160613922,4.606772160613922,4.606772160613922,4.606772160613922,4.606772160613922,4.606772160613922,4.606772160613922,4.606772160613922,4.606772160613922,4.606772160613922,4.606772160613922,4.606772160613922,4.606772160613922,4.606772160613922,4.606772160613922,4.606772160613922,4.606772160613922,4.606772160613922,4.606772160613922,4.606772160613922,4.606772160613922,4.606772160613922,4.606772160613922,4.606772160613922,4.606772160613922,4.606772160613922,4.606772160613922,4.606772160613922,4.606772160613922,4.606772160613922,4.606772160613922,4.606772160613922,4.606772160613922,4.606772160613922,4.606772160613922,4.606772160613922,4.606772160613922,4.606772160613922,4.606772160613922,4.606772160613922,4.606772160613922,4.606772160613922,4.606772160613922,4.606772160613922,4.606772160613922,4.606772160613922,4.606772160613922,4.606772160613922,4.606772160613922,4.606772160613922,4.606772160613922,4.606772160613922,4.606772160613922,4.606772160613922,4.606772160613922,4.606772160613922,4.606772160613922,4.606772160613922,4.606772160613922,4.606772160613922,4.606772160613922,4.606772160613922,4.606772160613922,4.606772160613922,4.606772160613922,4.606772160613922,4.606772160613922,4.606772160613922,4.606772160613922,4.606772160613922,4.606772160613922,4.606772160613922,4.606772160613922,4.606772160613922,4.606772160613922,4.606772160613922,4.606772160613922,4.606772160613922,4.606772160613922,4.606772160613922,4.606772160613922,4.606772160613922,4.606772160613922,4.606772160613922,4.606772160613922,4.606772160613922,4.606772160613922,4.606772160613922,4.606772160613922,4.606772160613922,4.606772160613922,4.606772160613922,4.606772160613922,4.606772160613922,4.606772160613922,4.606772160613922,4.606772160613922,4.606772160613922,4.606772160613922,4.606772160613922,4.606772160613922,4.606772160613922,4.606772160613922,4.606772160613922,4.606772160613922,4.606772160613922,4.606772160613922,4.606772160613922,4.606772160613922,4.606772160613922,4.606772160613922,4.606772160613922,6.415495687832359,6.415495687832359,6.415495687832359,6.415495687832359,6.415495687832359,6.415495687832359,6.051260033003104,6.051260033003104,6.051260033003104,5.894003431460583,5.894003431460583,5.894003431460583,5.876824552701183,5.876824552701183,5.876824552701183,5.373792717291003,5.373792717291003,5.373792717291003,5.373792717291003,5.360125957247921,5.360125957247921,5.360125957247921,5.360125957247921,5.360125957247921,5.360125957247921,5.360125957247921,5.288911257771315,5.288911257771315,5.288911257771315,5.288911257771315,5.288911257771315,5.288911257771315,5.288911257771315,5.288911257771315,5.288911257771315,5.288911257771315,5.288911257771315,5.288911257771315,5.288911257771315,5.288911257771315,5.288911257771315,5.288911257771315,5.288911257771315,5.288911257771315,5.288911257771315,5.288911257771315,5.288911257771315,5.288911257771315,5.288911257771315,5.288911257771315,5.288911257771315,5.288911257771315,5.288911257771315,5.288911257771315,5.288911257771315,5.288911257771315,5.288911257771315,5.288911257771315,5.288911257771315,5.288911257771315,5.057394279412943,5.057394279412943,5.057394279412943,5.057394279412943,5.057394279412943,5.057394279412943,5.057394279412943,5.057394279412943,5.057394279412943,5.057394279412943,5.057394279412943,5.057394279412943,5.057394279412943,5.057394279412943,5.057394279412943,5.057394279412943,5.057394279412943,5.057394279412943,5.057394279412943,5.057394279412943,5.057394279412943,5.057394279412943,5.057394279412943,5.057394279412943,5.057394279412943,5.057394279412943,5.057394279412943,5.057394279412943,5.057394279412943,5.057394279412943,5.057394279412943,5.057394279412943,5.057394279412943,5.057394279412943,5.057394279412943,5.057394279412943,5.057394279412943,5.057394279412943,5.057394279412943,5.057394279412943,5.057394279412943,5.057394279412943,5.057394279412943,5.057394279412943,5.057394279412943,5.057394279412943,5.057394279412943,5.057394279412943,5.057394279412943,5.057394279412943,5.057394279412943,5.057394279412943,5.057394279412943,5.057394279412943,5.057394279412943,5.057394279412943,5.057394279412943,5.057394279412943,5.057394279412943,5.057394279412943,5.057394279412943,4.454235755309456,4.454235755309456,4.454235755309456,4.454235755309456,4.454235755309456,4.454235755309456,4.454235755309456,4.454235755309456,4.448490225839909,4.448490225839909,4.164167088330495,4.164167088330495,4.164167088330495,4.164167088330495,4.164167088330495,4.164167088330495,4.164167088330495,4.164167088330495,4.164167088330495,4.164167088330495,4.164167088330495,4.164167088330495,4.164167088330495,4.164167088330495,4.079474629203382,4.079474629203382,4.079474629203382,4.079474629203382,4.079474629203382,4.079474629203382,4.079474629203382,4.079474629203382,4.079474629203382,4.079474629203382,4.079474629203382,4.079474629203382,4.079474629203382,4.079474629203382,4.079474629203382,4.079474629203382,4.079474629203382,4.079474629203382,4.079474629203382,4.079474629203382,4.079474629203382,4.079474629203382,4.079474629203382,3.627920109665253,3.627920109665253,3.627920109665253,3.5827387415695724,3.5827387415695724,3.5827387415695724,3.5827387415695724,3.5827387415695724,3.5819796862666258,3.5819796862666258,3.5819796862666258,3.5819796862666258,3.5819796862666258,3.432361626829676,3.432361626829676,3.432361626829676,3.432361626829676,3.432361626829676,3.432361626829676,3.432361626829676,3.432361626829676,3.432361626829676,3.432361626829676,3.432361626829676,3.432361626829676,3.432361626829676,3.432361626829676,3.432361626829676,3.432361626829676,3.432361626829676,3.432361626829676,3.432361626829676,3.432361626829676,3.432361626829676,3.432361626829676,3.432361626829676,3.432361626829676,3.432361626829676,3.432361626829676,3.432361626829676,3.432361626829676,3.432361626829676,3.432361626829676,3.432361626829676,3.432361626829676,3.432361626829676,3.432361626829676,3.432361626829676,3.432361626829676,3.34554229752119,3.34554229752119,3.34554229752119,3.34554229752119,3.34554229752119,3.34554229752119,3.34554229752119,3.34554229752119,3.34554229752119,3.341164389778274,3.341164389778274,3.341164389778274,3.341164389778274,3.341164389778274,3.341164389778274,3.341164389778274,3.341164389778274,3.341164389778274,3.341164389778274,3.341164389778274,3.341164389778274,3.341164389778274,3.341164389778274,3.341164389778274,3.341164389778274,3.341164389778274,3.341164389778274,3.341164389778274,3.341164389778274,3.3404053344753275,3.3404053344753275,3.3404053344753275,3.3404053344753275,3.3404053344753275,3.3404053344753275,3.3404053344753275,3.3404053344753275,3.3404053344753275,3.3404053344753275,3.3404053344753275,3.3404053344753275,3.3404053344753275,3.3404053344753275,3.3404053344753275,3.3404053344753275,3.3404053344753275,3.3404053344753275,3.3404053344753275,3.3404053344753275,3.3404053344753275,3.3404053344753275,3.3404053344753275,3.3404053344753275,3.3404053344753275,3.3404053344753275,3.3404053344753275,3.3404053344753275,3.3404053344753275,3.3404053344753275,3.3404053344753275,3.3404053344753275,3.3404053344753275,3.3404053344753275,3.3404053344753275,3.3404053344753275,3.3404053344753275,3.3404053344753275,3.3404053344753275,3.3404053344753275,3.3404053344753275,3.3404053344753275,3.3404053344753275,3.3404053344753275,3.3404053344753275,3.3404053344753275,3.3404053344753275,3.3404053344753275,3.3404053344753275,3.3404053344753275,3.3404053344753275,3.3404053344753275,3.3404053344753275,3.3404053344753275,3.3404053344753275,3.3404053344753275,3.3404053344753275,3.3404053344753275,3.3404053344753275,3.3404053344753275,3.3404053344753275,3.3404053344753275,3.3404053344753275,3.3404053344753275,3.3404053344753275,3.3404053344753275,3.3404053344753275,3.3404053344753275,3.3404053344753275,3.3404053344753275,3.3404053344753275,3.3404053344753275,3.3404053344753275,3.3404053344753275,3.3404053344753275,3.3404053344753275,3.3404053344753275,3.3404053344753275,3.3404053344753275,3.3404053344753275,3.3404053344753275,3.3404053344753275,3.3404053344753275,3.3404053344753275,3.3404053344753275,3.3404053344753275,3.3404053344753275,3.3404053344753275,3.3404053344753275,3.3404053344753275,3.3404053344753275,3.3404053344753275,3.3404053344753275,3.3404053344753275,3.3404053344753275,3.3404053344753275,3.3404053344753275,3.3404053344753275,3.3404053344753275,3.3404053344753275,3.3404053344753275,3.3404053344753275,3.3404053344753275,3.3404053344753275,3.3404053344753275,3.3404053344753275,3.3404053344753275,3.3404053344753275,3.3404053344753275,3.3404053344753275,3.3404053344753275,3.3404053344753275,3.3404053344753275,3.3404053344753275,3.3404053344753275,3.3404053344753275,3.3404053344753275,3.3404053344753275,3.3404053344753275,3.3404053344753275,3.3404053344753275,3.3404053344753275,3.3404053344753275,3.3404053344753275,3.3404053344753275,3.3404053344753275,3.3404053344753275,3.3404053344753275,3.3404053344753275,3.3404053344753275,3.3404053344753275,3.3404053344753275,3.3404053344753275,3.3404053344753275,3.3404053344753275,3.3404053344753275,3.3404053344753275,3.3404053344753275,3.3404053344753275,3.3404053344753275,3.3404053344753275,3.3404053344753275,3.3404053344753275,3.3404053344753275,3.3404053344753275,3.3404053344753275,3.3404053344753275,3.3404053344753275,3.3404053344753275,3.3404053344753275,3.3404053344753275,3.3404053344753275,3.3404053344753275,3.3404053344753275,3.3404053344753275,3.3404053344753275,3.3404053344753275,3.3404053344753275,3.3404053344753275,3.3404053344753275,3.3404053344753275,3.3404053344753275,3.3404053344753275,3.3404053344753275,3.3404053344753275,3.3404053344753275,3.3404053344753275,3.3404053344753275,3.3404053344753275,3.3404053344753275,3.3404053344753275,3.3404053344753275,3.3404053344753275,3.3404053344753275,3.3404053344753275,3.3404053344753275,3.3404053344753275,3.3404053344753275,3.3404053344753275,3.3404053344753275,3.3404053344753275,3.3404053344753275,3.3404053344753275,3.3404053344753275,3.3404053344753275,3.3404053344753275,3.3404053344753275,3.3404053344753275,3.3404053344753275,3.3404053344753275,3.3404053344753275,3.3404053344753275,3.3404053344753275,3.3404053344753275,3.3404053344753275,3.3404053344753275,3.3404053344753275,3.3404053344753275,3.3404053344753275,3.3404053344753275,3.3404053344753275,3.3404053344753275,3.3404053344753275,3.3404053344753275,3.3404053344753275,3.3404053344753275,3.3404053344753275,3.3404053344753275,3.3404053344753275,3.3404053344753275,3.3404053344753275,3.3404053344753275,3.3404053344753275,3.3404053344753275,3.3404053344753275,3.3404053344753275,3.3404053344753275,3.3404053344753275,3.3404053344753275,3.3404053344753275,3.3404053344753275,3.3404053344753275,3.3404053344753275,3.3404053344753275,3.3404053344753275,3.3404053344753275,3.3404053344753275,3.3404053344753275,3.3404053344753275,3.3404053344753275,3.3404053344753275,3.3404053344753275,3.3404053344753275,3.3404053344753275,3.3404053344753275,3.3404053344753275,3.3404053344753275,3.3404053344753275,3.3404053344753275,3.3404053344753275,3.3404053344753275,3.3404053344753275,3.3404053344753275,3.3404053344753275,3.3404053344753275,3.3404053344753275,3.3404053344753275,3.3404053344753275,3.3404053344753275,3.3404053344753275,3.3404053344753275,3.3404053344753275,3.3404053344753275,3.3404053344753275,3.3404053344753275,3.3404053344753275,3.3404053344753275,3.3404053344753275,3.3404053344753275,3.3404053344753275,3.3404053344753275,3.3404053344753275,3.3404053344753275,3.3404053344753275,3.3404053344753275,3.3404053344753275,3.3404053344753275,3.3404053344753275,3.3404053344753275,3.3404053344753275,3.3404053344753275,3.3404053344753275,3.3404053344753275,3.3404053344753275,3.3404053344753275,3.3404053344753275,3.3404053344753275,3.3404053344753275,3.3404053344753275,3.3404053344753275,3.3404053344753275,3.3404053344753275,3.3404053344753275,3.3404053344753275,3.3404053344753275,3.3404053344753275,3.3404053344753275,3.3404053344753275,3.3404053344753275,3.3404053344753275,3.3404053344753275,3.3404053344753275,3.3404053344753275,3.3404053344753275,3.3404053344753275,3.3404053344753275,3.3404053344753275,3.3404053344753275,3.3404053344753275,3.3404053344753275,3.3404053344753275,3.3404053344753275,3.3404053344753275,3.3404053344753275,3.3404053344753275,3.3404053344753275,3.3404053344753275,3.3404053344753275,3.3404053344753275,3.3404053344753275,3.3404053344753275,3.3404053344753275,3.3404053344753275,3.3404053344753275,3.3404053344753275,3.3404053344753275,3.3404053344753275,3.3404053344753275,3.3404053344753275,3.3404053344753275,3.3404053344753275,3.3404053344753275,3.3404053344753275,3.3404053344753275,3.3404053344753275,3.3404053344753275,3.3404053344753275,3.3404053344753275,3.3404053344753275,3.3404053344753275,3.3404053344753275,3.3404053344753275,3.3404053344753275,3.3404053344753275,3.3404053344753275,3.3404053344753275,3.3404053344753275,3.3404053344753275,3.3404053344753275,3.3404053344753275,3.3404053344753275,3.3404053344753275,3.3404053344753275,3.3404053344753275,3.3404053344753275,3.3404053344753275,3.3404053344753275,3.3404053344753275,3.3404053344753275,3.3404053344753275,3.3404053344753275,3.3404053344753275,3.3404053344753275,3.3404053344753275,3.3404053344753275,3.3404053344753275,3.3404053344753275,3.3404053344753275,3.3404053344753275,3.3404053344753275,3.3404053344753275,3.3404053344753275,3.3404053344753275,3.3404053344753275,3.3404053344753275,3.3404053344753275,3.3404053344753275,3.3404053344753275,3.3404053344753275,3.3404053344753275,3.3404053344753275,3.3404053344753275,3.3404053344753275,3.3404053344753275,3.3404053344753275,3.3404053344753275,3.3404053344753275,3.3404053344753275,3.3404053344753275,3.3404053344753275,3.3404053344753275,3.3404053344753275,3.3404053344753275,3.3404053344753275,3.3404053344753275,3.3404053344753275,3.3404053344753275,3.3404053344753275,3.3404053344753275,3.3404053344753275,3.3404053344753275,3.3404053344753275,3.3404053344753275,3.3404053344753275,3.3404053344753275,3.3404053344753275,3.3404053344753275,3.3404053344753275,3.3404053344753275,3.3404053344753275,3.3404053344753275,3.3404053344753275,3.3404053344753275,3.3404053344753275,3.3404053344753275,3.3404053344753275,3.3404053344753275,3.3404053344753275,3.3404053344753275,3.3404053344753275,3.3404053344753275,3.3404053344753275,3.3404053344753275,3.3404053344753275,3.3404053344753275,3.3404053344753275,3.3404053344753275,3.3404053344753275,3.3404053344753275,3.3404053344753275,3.3404053344753275,3.3404053344753275,3.3404053344753275,3.3404053344753275,3.3404053344753275,3.3404053344753275,3.3404053344753275,3.3404053344753275,3.3404053344753275,3.3404053344753275,3.3404053344753275,3.3404053344753275,3.3404053344753275,3.3404053344753275,3.3404053344753275,3.3404053344753275,3.3404053344753275,3.3404053344753275,3.3404053344753275,3.3404053344753275,3.3404053344753275,3.3404053344753275,3.3404053344753275,3.3404053344753275,3.3404053344753275,3.3404053344753275,3.3404053344753275,3.3404053344753275,3.3404053344753275,3.3404053344753275,3.3404053344753275,3.3404053344753275,3.3404053344753275,3.3404053344753275,3.3404053344753275,3.3404053344753275,3.3404053344753275,3.3404053344753275,3.3404053344753275,3.3404053344753275,3.3404053344753275,3.3404053344753275,3.3404053344753275,3.3404053344753275,3.3404053344753275,3.3404053344753275,3.3404053344753275,3.3404053344753275,3.3404053344753275,3.3404053344753275,3.3404053344753275,3.3404053344753275,3.3404053344753275,3.3404053344753275,3.3404053344753275,3.3404053344753275,3.3404053344753275,3.3404053344753275,3.3404053344753275,3.3404053344753275,3.3404053344753275,3.3404053344753275,3.3404053344753275,3.3404053344753275,3.3404053344753275,3.3404053344753275,3.3404053344753275,3.3404053344753275,3.3404053344753275,3.3404053344753275,3.3404053344753275,3.3404053344753275,3.3404053344753275,3.3404053344753275,3.3404053344753275,3.3404053344753275,3.3404053344753275,3.3404053344753275,3.3404053344753275,3.3404053344753275,3.3404053344753275,3.3404053344753275,3.3404053344753275,3.3404053344753275,3.3404053344753275,3.3404053344753275,3.3404053344753275,3.3404053344753275,3.3404053344753275,3.3404053344753275,3.3404053344753275,3.3404053344753275,3.3404053344753275,3.3404053344753275,3.3404053344753275,3.3404053344753275,3.3404053344753275,3.3404053344753275,3.3404053344753275,3.3404053344753275,3.3404053344753275,3.3404053344753275,3.3404053344753275,3.3404053344753275,3.3404053344753275,3.3404053344753275,3.3404053344753275,3.3404053344753275,3.3404053344753275,3.3404053344753275,3.3404053344753275,3.3404053344753275,3.3404053344753275,3.3404053344753275,3.3404053344753275,3.3404053344753275,3.3404053344753275,3.3404053344753275,3.3404053344753275,3.3404053344753275,3.3404053344753275,3.3404053344753275,3.3404053344753275,3.3404053344753275,3.3404053344753275,3.3404053344753275,3.3404053344753275,3.3404053344753275,3.3404053344753275,3.3404053344753275,3.3404053344753275,3.3404053344753275,3.3404053344753275,3.3404053344753275,3.3404053344753275,3.3404053344753275,3.3404053344753275,3.3404053344753275,3.3404053344753275,3.3404053344753275,3.3404053344753275,3.3404053344753275,3.3404053344753275,3.3404053344753275,3.3404053344753275,3.3404053344753275,3.3404053344753275,3.3404053344753275,3.3404053344753275,3.3404053344753275,3.3404053344753275,3.3404053344753275,3.3404053344753275,3.3404053344753275,3.3404053344753275,3.3404053344753275,3.3404053344753275,3.3404053344753275,3.3404053344753275,3.3404053344753275,3.3404053344753275,3.3404053344753275,3.3404053344753275,3.3404053344753275,3.3404053344753275,3.3404053344753275,3.3404053344753275,3.3404053344753275,3.3404053344753275,3.3404053344753275,3.3404053344753275,3.3404053344753275,3.3404053344753275,3.3404053344753275,3.3404053344753275,3.3404053344753275,3.3404053344753275,3.3404053344753275,3.3404053344753275,3.3404053344753275,3.3404053344753275,3.3404053344753275,3.3404053344753275,3.3404053344753275,3.3404053344753275,3.3404053344753275,3.3404053344753275,3.3404053344753275,3.3404053344753275,3.3404053344753275,3.3404053344753275,3.3404053344753275,3.3404053344753275,3.3404053344753275,3.3404053344753275,3.3404053344753275,3.3404053344753275,3.3404053344753275,3.3404053344753275,3.3404053344753275,3.3404053344753275,3.3404053344753275,3.3404053344753275,3.3404053344753275,3.3404053344753275,3.3404053344753275,3.3404053344753275,3.3404053344753275,3.3404053344753275,3.3404053344753275,3.3404053344753275,3.3404053344753275,3.3404053344753275,3.3404053344753275,3.3404053344753275,3.3404053344753275,3.3404053344753275,3.3404053344753275,3.3404053344753275,3.3404053344753275,3.3404053344753275,3.3404053344753275,3.3404053344753275,3.3404053344753275,3.3404053344753275,3.3404053344753275,3.3404053344753275,3.3404053344753275,3.3404053344753275,3.3404053344753275,3.3404053344753275,3.3404053344753275,3.3404053344753275,3.3404053344753275,3.3404053344753275,3.3404053344753275,3.3404053344753275,3.3404053344753275,3.3404053344753275,3.3404053344753275,3.3404053344753275,3.3404053344753275,3.3404053344753275,3.3404053344753275,3.3404053344753275,3.3404053344753275,3.3404053344753275,3.3404053344753275,3.3404053344753275,3.3404053344753275,3.3404053344753275,3.3404053344753275,3.3404053344753275,3.3404053344753275,3.3404053344753275,3.3404053344753275,3.3404053344753275,3.3404053344753275,3.3404053344753275,3.3404053344753275,3.3404053344753275,3.3404053344753275,3.3404053344753275,3.3404053344753275,3.3404053344753275,3.3404053344753275,3.3404053344753275,3.3404053344753275,3.3404053344753275,3.3404053344753275,3.3404053344753275,3.3404053344753275,3.3404053344753275,3.3404053344753275,3.3404053344753275,3.3404053344753275,3.3404053344753275,3.3404053344753275,3.3404053344753275,3.3404053344753275,3.3404053344753275,3.3404053344753275,3.3404053344753275,3.3404053344753275,3.3404053344753275,3.3404053344753275,3.3404053344753275,3.3404053344753275,3.3404053344753275,3.3404053344753275,3.3404053344753275,3.3404053344753275,3.3404053344753275,3.3404053344753275,3.3404053344753275,3.3404053344753275,3.3404053344753275,3.3404053344753275,3.3404053344753275,3.3404053344753275,3.3404053344753275,3.3404053344753275,3.3404053344753275,3.3404053344753275,3.3404053344753275,3.3404053344753275,3.3404053344753275,3.3404053344753275,3.3404053344753275,3.3404053344753275,3.3404053344753275,3.3404053344753275,3.3404053344753275,3.3404053344753275,3.3404053344753275,3.3404053344753275,3.3404053344753275,3.3404053344753275,3.3404053344753275,3.3404053344753275,3.3404053344753275,3.3404053344753275,3.3404053344753275,3.3404053344753275,3.3404053344753275,3.3404053344753275,3.3404053344753275,3.3404053344753275,3.3404053344753275,3.3404053344753275,3.3404053344753275,3.3404053344753275,3.3404053344753275,3.3404053344753275,7.193557212353374,7.193557212353374,7.065257157837286,5.889340400878368,5.889340400878368,5.889340400878368,5.889340400878368,5.889340400878368,5.853496477572333,5.853496477572333,5.853496477572333,5.853496477572333,5.853496477572333,5.841688158323021,5.745923225886322,5.745923225886322,5.674243624007901,5.674243624007901,5.670600932540722,5.670600932540722,5.670600932540722,5.670600932540722,5.670600932540722,5.670600932540722,5.670600932540722,5.670600932540722,5.670600932540722,5.670600932540722,5.670600932540722,5.670600932540722,5.670600932540722,5.670600932540722,5.670600932540722,5.670600932540722,5.670600932540722,5.670600932540722,5.670600932540722,5.670600932540722,5.670600932540722,5.670600932540722,5.670600932540722,5.670600932540722,5.670600932540722,5.670600932540722,5.670600932540722,5.670600932540722,5.670600932540722,5.670600932540722,5.670600932540722,5.670600932540722,5.670600932540722,5.670600932540722,5.670600932540722,5.670600932540722,5.670600932540722,5.670600932540722,5.670600932540722,5.670600932540722,5.670600932540722,5.670600932540722,5.670600932540722,5.670600932540722,5.670600932540722,5.670600932540722,5.670600932540722,5.670600932540722,5.670600932540722,5.670600932540722,5.670600932540722,5.670600932540722,5.670600932540722,5.670600932540722,5.670600932540722,5.670600932540722,5.670600932540722,5.670600932540722,5.670600932540722,5.670600932540722,5.670600932540722,5.670600932540722,5.670600932540722,5.670600932540722,5.670600932540722,5.670600932540722,5.670600932540722,5.670600932540722,5.670600932540722,5.670600932540722,5.670600932540722,5.670600932540722,5.670600932540722,5.617570757777331,5.617570757777331,5.617570757777331,5.617570757777331,5.617570757777331,5.617570757777331,5.617570757777331,5.1394228812947595,5.1394228812947595,5.1394228812947595,5.1394228812947595,5.1394228812947595,5.075794856352099,5.075794856352099,5.075794856352099,4.428572103607173,4.428572103607173,4.428572103607173,4.428572103607173,4.428572103607173,4.428572103607173,4.428572103607173,4.428572103607173,4.428572103607173,4.428572103607173,4.428572103607173,4.428572103607173,4.428572103607173,4.428572103607173,4.428572103607173,4.428572103607173,4.428572103607173,4.428572103607173,4.428572103607173,4.428572103607173,4.428572103607173,4.428572103607173,4.428572103607173,4.428572103607173,4.428572103607173,4.428572103607173,4.428572103607173,4.428572103607173,4.428572103607173,4.428572103607173,4.428572103607173,4.428572103607173,4.428572103607173,4.381689269626317,4.381689269626317,4.381689269626317,4.381689269626317,4.381689269626317,4.381689269626317,4.381689269626317,4.381689269626317,4.381689269626317,4.381689269626317,4.381689269626317,4.381689269626317,4.381689269626317,4.381689269626317,4.381689269626317,4.381689269626317,4.381689269626317,4.381689269626317,4.381689269626317,4.381689269626317,4.381689269626317,4.381689269626317,4.381689269626317,4.381689269626317,4.381689269626317,4.381689269626317,4.381689269626317,4.381689269626317,4.381689269626317,4.381689269626317,4.381689269626317,4.381689269626317,4.381689269626317,4.381689269626317,4.381689269626317,4.381689269626317,4.381689269626317,4.381689269626317,4.381689269626317,4.381689269626317,4.381689269626317,4.381689269626317,4.381689269626317,4.381689269626317,4.381689269626317,4.381689269626317,4.381689269626317,4.381689269626317,4.381689269626317,4.381689269626317,4.381689269626317,4.381689269626317,4.381689269626317,4.381689269626317,4.381689269626317,4.381689269626317,4.381689269626317,4.381689269626317,4.381689269626317,4.381689269626317,4.381689269626317,4.381689269626317,4.381689269626317,4.381689269626317,4.381689269626317,4.381689269626317,4.381689269626317,4.381689269626317,4.381689269626317,4.381689269626317,4.381689269626317,4.381689269626317,4.381689269626317,4.381689269626317,4.381689269626317,4.381689269626317,4.381689269626317,4.381689269626317,4.381689269626317,4.381689269626317,4.381689269626317,4.381689269626317,4.381689269626317,4.381689269626317,4.381689269626317,4.381689269626317,4.381689269626317,4.381689269626317,4.381689269626317,4.381689269626317,4.381689269626317,4.381689269626317,4.381689269626317,4.381689269626317,4.381689269626317,4.381689269626317,4.381689269626317,4.381689269626317,4.381689269626317,4.381689269626317,4.381689269626317,4.381689269626317,4.381689269626317,4.381689269626317,4.381689269626317,4.381689269626317,4.381689269626317,4.381689269626317,4.381689269626317,4.381689269626317,4.381689269626317,4.381689269626317,4.381689269626317,4.381689269626317,4.381689269626317,4.381689269626317,4.381689269626317,4.381689269626317,4.381689269626317,4.381689269626317,4.381689269626317,4.381689269626317,4.381689269626317,4.381689269626317,4.381689269626317,4.381689269626317,4.381689269626317,4.381689269626317,4.381689269626317,4.381689269626317,4.355080779205778,4.355080779205778,4.102786874920454,4.102786874920454,4.102786874920454,4.102786874920454,4.102786874920454,4.102786874920454,4.1027868749204535,4.1027868749204535,4.1027868749204535,4.1027868749204535,4.1027868749204535,4.1027868749204535,4.1027868749204535,4.1027868749204535,4.1027868749204535,4.1027868749204535,4.1027868749204535,4.1027868749204535,4.1027868749204535,4.1027868749204535,4.1027868749204535,4.1027868749204535,4.1027868749204535,4.1027868749204535,4.1027868749204535,4.1027868749204535,4.1027868749204535,4.1027868749204535,4.1027868749204535,4.1027868749204535,4.1027868749204535,4.1027868749204535,4.1027868749204535,4.1027868749204535,4.1027868749204535,4.1027868749204535,4.1027868749204535,4.1027868749204535,4.1027868749204535,4.1027868749204535,4.1027868749204535,4.1027868749204535,4.1027868749204535,4.1027868749204535,4.1027868749204535,4.1027868749204535,4.1027868749204535,4.1027868749204535,4.1027868749204535,4.1027868749204535,4.1027868749204535,4.1027868749204535,4.1027868749204535,4.1027868749204535,4.1027868749204535,4.1027868749204535,4.1027868749204535,4.1027868749204535,4.1027868749204535,4.1027868749204535,4.1027868749204535,4.1027868749204535,4.1027868749204535,4.1027868749204535,4.1027868749204535,4.1027868749204535,4.1027868749204535,4.1027868749204535,4.1027868749204535,4.1027868749204535,4.1027868749204535,4.1027868749204535,4.1027868749204535,4.1027868749204535,4.1027868749204535,4.1027868749204535,4.1027868749204535,4.1027868749204535,4.1027868749204535,4.1027868749204535,4.1027868749204535,4.1027868749204535,4.1027868749204535,4.1027868749204535,4.1027868749204535,4.1027868749204535,4.1027868749204535,4.1027868749204535,4.1027868749204535,4.1027868749204535,4.1027868749204535,4.1027868749204535,4.1027868749204535,4.1027868749204535,4.1027868749204535,4.1027868749204535,4.1027868749204535,4.1027868749204535,4.1027868749204535,4.1027868749204535,4.1027868749204535,4.1027868749204535,4.1027868749204535,4.1027868749204535,4.1027868749204535,4.1027868749204535,4.1027868749204535,4.1027868749204535,4.1027868749204535,4.1027868749204535,4.1027868749204535,4.1027868749204535,4.1027868749204535,4.1027868749204535,4.1027868749204535,4.1027868749204535,4.1027868749204535,4.1027868749204535,4.1027868749204535,4.1027868749204535,4.1027868749204535,4.1027868749204535,4.1027868749204535,4.1027868749204535,4.1027868749204535,4.1027868749204535,4.1027868749204535,4.1027868749204535,4.1027868749204535,4.1027868749204535,4.1027868749204535,4.1027868749204535,4.1027868749204535,4.1027868749204535,4.1027868749204535,4.1027868749204535,4.1027868749204535,4.1027868749204535,4.1027868749204535,4.1027868749204535,4.1027868749204535,4.1027868749204535,4.1027868749204535,4.1027868749204535,4.1027868749204535,4.1027868749204535,4.1027868749204535,4.1027868749204535,4.1027868749204535,4.1027868749204535,4.1027868749204535,4.1027868749204535,4.1027868749204535,4.1027868749204535,4.1027868749204535,4.1027868749204535,4.1027868749204535,4.1027868749204535,4.1027868749204535,4.1027868749204535,4.1027868749204535,4.1027868749204535,4.1027868749204535,4.1027868749204535,4.1027868749204535,4.1027868749204535,4.1027868749204535,4.1027868749204535,4.1027868749204535,4.1027868749204535,4.1027868749204535,4.1027868749204535,4.1027868749204535,4.1027868749204535,4.1027868749204535,4.1027868749204535,4.1027868749204535,4.1027868749204535,4.1027868749204535,4.1027868749204535,4.1027868749204535,4.1027868749204535,4.1027868749204535,4.1027868749204535,4.1027868749204535,4.1027868749204535,4.1027868749204535,4.1027868749204535,4.1027868749204535,4.1027868749204535,4.1027868749204535,4.1027868749204535,4.1027868749204535,4.1027868749204535,4.1027868749204535,4.1027868749204535,4.1027868749204535,4.1027868749204535,4.1027868749204535,4.1027868749204535,4.1027868749204535,4.1027868749204535,4.1027868749204535,4.1027868749204535,4.1027868749204535,4.1027868749204535,4.1027868749204535,4.1027868749204535,4.1027868749204535,4.1027868749204535,4.1027868749204535,4.1027868749204535,4.1027868749204535,4.1027868749204535,4.1027868749204535,4.1027868749204535,4.1027868749204535,4.1027868749204535,4.1027868749204535,4.1027868749204535,4.1027868749204535,4.1027868749204535,4.1027868749204535,4.1027868749204535,4.1027868749204535,4.1027868749204535,4.1027868749204535,4.1027868749204535,4.1027868749204535,4.1027868749204535,4.1027868749204535,4.1027868749204535,4.1027868749204535,4.1027868749204535,4.1027868749204535,4.1027868749204535,4.1027868749204535,4.1027868749204535,4.1027868749204535,4.1027868749204535,4.1027868749204535,4.1027868749204535,4.1027868749204535,4.1027868749204535,4.1027868749204535,4.1027868749204535,4.1027868749204535,4.1027868749204535,4.1027868749204535,4.1027868749204535,4.1027868749204535,4.1027868749204535,4.1027868749204535,4.1027868749204535,4.1027868749204535,4.1027868749204535,4.1027868749204535,4.1027868749204535,4.1027868749204535,4.1027868749204535,4.1027868749204535,4.1027868749204535,4.1027868749204535,4.1027868749204535,4.1027868749204535,4.1027868749204535,4.1027868749204535,4.1027868749204535,4.1027868749204535,4.1027868749204535,4.1027868749204535,4.1027868749204535,4.1027868749204535,4.1027868749204535,4.1027868749204535,4.1027868749204535,4.1027868749204535,4.1027868749204535,4.1027868749204535,4.1027868749204535,4.1027868749204535,4.1027868749204535,4.1027868749204535,4.1027868749204535,4.1027868749204535,4.1027868749204535,4.1027868749204535,4.1027868749204535,4.1027868749204535,4.1027868749204535,4.1027868749204535,4.1027868749204535,4.1027868749204535,4.1027868749204535,4.1027868749204535,4.1027868749204535,4.1027868749204535,4.1027868749204535,4.1027868749204535,4.1027868749204535,4.1027868749204535,4.1027868749204535,4.1027868749204535,4.1027868749204535,4.1027868749204535,4.1027868749204535,4.1027868749204535,4.1027868749204535,4.1027868749204535,4.1027868749204535,4.1027868749204535,4.1027868749204535,4.1027868749204535,4.1027868749204535,4.1027868749204535,4.1027868749204535,4.1027868749204535,4.1027868749204535,4.1027868749204535,4.1027868749204535,4.1027868749204535,4.1027868749204535,4.1027868749204535,4.1027868749204535,4.1027868749204535,4.1027868749204535,4.1027868749204535,4.1027868749204535,4.1027868749204535,4.1027868749204535,4.1027868749204535,4.1027868749204535,4.1027868749204535,4.1027868749204535,4.1027868749204535,4.1027868749204535,4.1027868749204535,4.1027868749204535,4.1027868749204535,4.1027868749204535,4.1027868749204535,4.1027868749204535,4.1027868749204535,4.1027868749204535,4.1027868749204535,4.1027868749204535,4.1027868749204535,4.1027868749204535,4.1027868749204535,4.1027868749204535,4.1027868749204535,4.1027868749204535,4.1027868749204535,4.1027868749204535,4.1027868749204535,4.1027868749204535,4.1027868749204535,4.1027868749204535,4.1027868749204535,4.1027868749204535,4.1027868749204535,4.1027868749204535,4.1027868749204535,4.1027868749204535,4.1027868749204535,4.1027868749204535,4.1027868749204535,4.1027868749204535,4.1027868749204535,4.1027868749204535,4.1027868749204535,4.1027868749204535,4.1027868749204535,4.1027868749204535,4.1027868749204535,4.1027868749204535,4.1027868749204535,4.1027868749204535,4.1027868749204535,4.1027868749204535,4.1027868749204535,4.1027868749204535,4.1027868749204535,4.1027868749204535,4.1027868749204535,4.1027868749204535,4.1027868749204535,4.1027868749204535,4.1027868749204535,4.1027868749204535,4.1027868749204535,4.1027868749204535,4.1027868749204535,4.1027868749204535,4.1027868749204535,4.1027868749204535,4.1027868749204535,4.1027868749204535,4.1027868749204535,4.1027868749204535,4.1027868749204535,4.1027868749204535,4.1027868749204535,4.1027868749204535,4.1027868749204535,4.1027868749204535,4.1027868749204535,4.1027868749204535,4.1027868749204535,4.1027868749204535,4.1027868749204535,4.1027868749204535,4.1027868749204535,4.1027868749204535,4.1027868749204535,4.1027868749204535,4.1027868749204535,4.1027868749204535,4.1027868749204535,4.1027868749204535,4.1027868749204535,4.1027868749204535,4.1027868749204535,4.1027868749204535,4.1027868749204535,4.1027868749204535,4.1027868749204535,4.1027868749204535,4.1027868749204535,4.1027868749204535,4.1027868749204535,4.1027868749204535,4.1027868749204535,4.1027868749204535,4.1027868749204535,4.1027868749204535,4.1027868749204535,4.1027868749204535,4.1027868749204535,4.1027868749204535,4.1027868749204535,4.1027868749204535,4.1027868749204535,4.1027868749204535,4.1027868749204535,4.1027868749204535,4.1027868749204535,4.1027868749204535,4.1027868749204535,4.1027868749204535,4.1027868749204535,4.1027868749204535,4.1027868749204535,4.1027868749204535,4.1027868749204535,4.1027868749204535,4.1027868749204535,4.1027868749204535,4.1027868749204535,4.1027868749204535,4.1027868749204535,4.1027868749204535,4.1027868749204535,4.1027868749204535,4.1027868749204535,4.1027868749204535,4.1027868749204535,4.1027868749204535,4.1027868749204535,4.1027868749204535,4.1027868749204535,4.1027868749204535,4.1027868749204535,4.1027868749204535,4.1027868749204535,4.1027868749204535,4.1027868749204535,4.1027868749204535,4.1027868749204535,4.1027868749204535,4.1027868749204535,4.1027868749204535,4.1027868749204535,4.1027868749204535,4.1027868749204535,4.1027868749204535,4.1027868749204535,4.1027868749204535,4.1027868749204535,4.1027868749204535,4.1027868749204535,4.1027868749204535,4.1027868749204535,4.1027868749204535,4.1027868749204535,4.1027868749204535,4.1027868749204535,4.1027868749204535,4.1027868749204535,4.1027868749204535,4.1027868749204535,4.1027868749204535,4.1027868749204535,4.1027868749204535,4.1027868749204535,4.1027868749204535,4.1027868749204535,4.1027868749204535,4.1027868749204535,4.1027868749204535,4.1027868749204535,4.1027868749204535,4.1027868749204535,4.1027868749204535,4.1027868749204535,4.1027868749204535,4.1027868749204535,4.1027868749204535,4.1027868749204535,4.1027868749204535,4.1027868749204535,4.1027868749204535,4.1027868749204535,4.1027868749204535,4.1027868749204535,4.1027868749204535,4.1027868749204535,4.1027868749204535,4.1027868749204535,4.1027868749204535,4.1027868749204535,4.1027868749204535,4.1027868749204535,4.1027868749204535,4.1027868749204535,4.1027868749204535,4.1027868749204535,4.1027868749204535,4.1027868749204535,4.1027868749204535,4.1027868749204535,4.1027868749204535,4.1027868749204535,4.1027868749204535,4.1027868749204535,4.1027868749204535,4.1027868749204535,4.1027868749204535,4.1027868749204535,4.1027868749204535,4.1027868749204535,4.1027868749204535,4.1027868749204535,4.1027868749204535,4.1027868749204535,4.1027868749204535,4.1027868749204535,4.1027868749204535,4.1027868749204535,4.1027868749204535,4.1027868749204535,4.1027868749204535,4.1027868749204535,4.1027868749204535,4.1027868749204535,4.1027868749204535,4.1027868749204535,4.1027868749204535,4.1027868749204535,4.1027868749204535,4.1027868749204535,4.1027868749204535,4.1027868749204535,4.1027868749204535,4.1027868749204535,4.1027868749204535,4.1027868749204535,4.1027868749204535,4.1027868749204535,4.1027868749204535,4.1027868749204535,4.1027868749204535,4.1027868749204535,4.1027868749204535,4.1027868749204535,4.1027868749204535,4.1027868749204535,4.1027868749204535,4.1027868749204535,4.1027868749204535,4.1027868749204535,4.1027868749204535,4.1027868749204535,4.1027868749204535,4.1027868749204535,4.1027868749204535,4.1027868749204535,4.1027868749204535,4.1027868749204535,4.1027868749204535,4.1027868749204535,4.1027868749204535,4.1027868749204535,4.1027868749204535,4.1027868749204535,4.1027868749204535,4.1027868749204535,4.1027868749204535,4.1027868749204535,4.1027868749204535,4.1027868749204535,4.1027868749204535,4.1027868749204535,4.1027868749204535,4.1027868749204535,4.1027868749204535,4.1027868749204535,4.1027868749204535,4.1027868749204535,4.1027868749204535,4.1027868749204535,4.1027868749204535,4.1027868749204535,4.1027868749204535,4.1027868749204535,4.1027868749204535,4.1027868749204535,4.1027868749204535,4.1027868749204535,4.1027868749204535,4.1027868749204535,4.1027868749204535,4.1027868749204535,4.1027868749204535,4.1027868749204535,4.1027868749204535,4.1027868749204535,4.1027868749204535,4.1027868749204535,4.1027868749204535,4.1027868749204535,4.1027868749204535,4.1027868749204535,4.1027868749204535,4.1027868749204535,4.1027868749204535,4.1027868749204535,4.1027868749204535,4.1027868749204535,4.1027868749204535,4.1027868749204535,4.1027868749204535,4.1027868749204535,4.1027868749204535,4.1027868749204535,4.1027868749204535,4.1027868749204535,4.1027868749204535,4.1027868749204535,4.1027868749204535,4.1027868749204535,4.1027868749204535,4.1027868749204535,4.1027868749204535,4.1027868749204535,4.1027868749204535,4.1027868749204535,4.1027868749204535,4.1027868749204535,4.1027868749204535,4.1027868749204535,4.1027868749204535,4.1027868749204535,4.1027868749204535,4.1027868749204535,4.1027868749204535,4.1027868749204535,4.1027868749204535,4.1027868749204535,4.1027868749204535,4.1027868749204535,4.1027868749204535,4.1027868749204535,4.1027868749204535,4.1027868749204535,4.1027868749204535,4.1027868749204535,4.1027868749204535,4.1027868749204535,4.1027868749204535,4.1027868749204535,4.1027868749204535,4.1027868749204535,4.1027868749204535,4.1027868749204535,4.1027868749204535,4.1027868749204535,4.1027868749204535,4.1027868749204535,4.1027868749204535,4.1027868749204535,4.1027868749204535,4.1027868749204535,4.1027868749204535,4.1027868749204535,4.1027868749204535,4.1027868749204535,4.1027868749204535,4.1027868749204535,4.1027868749204535,4.1027868749204535,4.1027868749204535,4.1027868749204535,4.1027868749204535,4.1027868749204535,4.1027868749204535,4.1027868749204535,4.1027868749204535,4.1027868749204535,4.1027868749204535,4.1027868749204535,4.1027868749204535,4.1027868749204535,4.1027868749204535,4.1027868749204535,4.1027868749204535,4.1027868749204535,4.1027868749204535,4.1027868749204535,7.9865872456231015,7.5140633173528695,7.436414009304729,7.106700731443596,7.075458340245679,7.075458340245679,7.075458340245679,7.075458340245679,7.075458340245679,7.075458340245679,7.075458340245679,6.676720824654209,6.676720824654209,6.676720824654209,6.130474898265455,5.991846108571998,5.991846108571998,5.991846108571998,5.991846108571998,5.991846108571998,5.991846108571998,5.991846108571998,5.991846108571998,5.991846108571998,5.920103422642793,5.920103422642793,5.920103422642793,5.920103422642793,5.920103422642793,5.920103422642793,5.920103422642793,5.920103422642793,5.920103422642793,5.920103422642793,5.920103422642793,5.920103422642793,5.920103422642793,5.807250634965673,5.807250634965673,5.807250634965673,5.807250634965673,5.807250634965673,5.807250634965673,5.807250634965673,5.807250634965673,5.807250634965673,5.807250634965673,5.807250634965673,5.807250634965673,5.807250634965673,5.807250634965673,5.807250634965673,5.807250634965673,5.807250634965673,5.807250634965673,5.807250634965673,5.807250634965673,5.807250634965673,5.807250634965673,5.807250634965673,5.807250634965673,5.807250634965673,5.807250634965673,5.807250634965673,5.807250634965673,5.807250634965673,5.807250634965673,5.807250634965673,5.807250634965673,5.807250634965673,5.807250634965673,5.807250634965673,5.807250634965673,5.807250634965673,5.807250634965673,5.807250634965673,5.807250634965673,5.807250634965673,5.807250634965673,5.807250634965673,5.807250634965673,5.807250634965673,5.807250634965673,5.807250634965673,5.807250634965673,5.807250634965673,5.807250634965673,5.807250634965673,5.807250634965673,5.807250634965673,5.807250634965673,5.807250634965673,5.807250634965673,5.807250634965673,5.807250634965673,5.807250634965673,5.807250634965673,5.807250634965673,5.783871281931037,5.783871281931037,5.783871281931037,5.783871281931037,5.783871281931037,5.783871281931037,5.648161179701333,5.648161179701333,5.648161179701333,5.648161179701333,5.648161179701333,5.648161179701333,5.648161179701333,5.648161179701333,5.648161179701333,5.648161179701333,5.648161179701333,5.648161179701333,5.648161179701333,5.648161179701333,5.648161179701333,5.648161179701333,5.6097499127565404,5.6097499127565404,5.6097499127565404,5.6097499127565404,5.6097499127565404,5.079806888566862,5.079806888566862,5.079806888566862,5.079806888566862,5.079806888566862,5.079806888566862,5.079806888566862,5.079806888566862,5.079806888566862,5.079806888566862,5.079806888566862,5.079806888566862,5.079806888566862,5.079806888566862,5.079806888566862,5.079806888566862,5.079806888566862,5.079806888566862,5.079806888566862,5.079806888566862,5.079806888566862,5.079806888566862,5.079806888566862,5.079806888566862,5.079806888566862,5.079806888566862,5.079806888566862,5.079806888566862,5.079806888566862,5.079806888566862,5.079806888566862,5.079806888566862,5.079806888566862,5.079806888566862,5.079806888566862,5.079806888566862,5.079806888566862,5.079806888566862,5.079806888566862,5.079806888566862,5.079806888566862,5.079806888566862,5.079806888566862,5.079806888566862,5.079806888566862,5.079806888566862,5.079806888566862,5.079806888566862,5.079806888566862,5.079806888566862,5.079806888566862,5.079806888566862,5.079806888566862,5.079806888566862,5.079806888566862,5.079806888566862,5.079806888566862,5.079806888566862,5.079806888566862,5.079806888566862,5.079806888566862,5.079806888566862,5.079806888566862,5.079806888566862,5.079806888566862,5.079806888566862,5.079806888566862,5.079806888566862,5.079806888566862,5.079806888566862,5.079806888566862,5.079806888566862,5.079806888566862,5.079806888566862,5.079806888566862,5.079806888566862,5.079806888566862,5.079806888566862,5.079806888566862,5.079806888566862,5.079806888566862,5.079806888566862,5.079806888566862,5.079806888566862,5.079806888566862,5.079806888566862,5.079806888566862,5.079806888566862,5.079806888566862,5.079806888566862,5.079806888566862,5.079806888566862,5.079806888566862,5.079806888566862,5.079806888566862,5.079806888566862,5.079806888566862,5.079806888566862,5.079806888566862,5.079806888566862,5.079806888566862,5.079806888566862,5.079806888566862,5.079806888566862,5.079806888566862,5.079806888566862,5.079806888566862,5.079806888566862,5.079806888566862,5.079806888566862,5.079806888566862,5.079806888566862,5.079806888566862,5.079806888566862,5.079806888566862,5.079806888566862,5.079806888566862,5.079806888566862,5.079806888566862,5.079806888566862,5.079806888566862,5.079806888566862,5.079806888566862,5.079806888566862,5.079806888566862,5.079806888566862,5.079806888566862,5.079806888566862,5.079806888566862,5.079806888566862,5.079806888566862,5.079806888566862,5.079806888566862,5.079806888566862,5.079806888566862,5.079806888566862,5.079806888566862,5.079806888566862,5.079806888566862,5.079806888566862,5.079806888566862,5.079806888566862,5.079806888566862,5.079806888566862,5.079806888566862,5.079806888566862,5.079806888566862,5.079806888566862,5.079806888566862,5.079806888566862,5.079806888566862,5.079806888566862,5.079806888566862,5.079806888566862,5.079806888566862,5.079806888566862,5.079806888566862,5.079806888566862,5.079806888566862,5.079806888566862,5.079806888566862,5.079806888566862,5.079806888566862,5.079806888566862,5.079806888566862,5.079806888566862,5.079806888566862,5.079806888566862,5.079806888566862,5.079806888566862,5.079806888566862,5.079806888566862,5.079806888566862,5.079806888566862,5.079806888566862,5.079806888566862,5.079806888566862,5.079806888566862,5.079806888566862,5.079806888566862,5.079806888566862,5.079806888566862,5.079806888566862,5.079806888566862,5.079806888566862,5.079806888566862,5.079806888566862,5.079806888566862,5.079806888566862,5.079806888566862,5.079806888566862,5.079806888566862,5.079806888566862,5.079806888566862,5.079806888566862,5.079806888566862,5.079806888566862,5.079806888566862,5.079806888566862,5.079806888566862,5.079806888566862,5.079806888566862,5.079806888566862,5.079806888566862,5.079806888566862,5.079806888566862,5.079806888566862,5.079806888566862,5.079806888566862,5.079806888566862,5.079806888566862,5.079806888566862,5.079806888566862,5.079806888566862,5.079806888566862,5.079806888566862,5.079806888566862,5.079806888566862,5.079806888566862,5.079806888566862,5.079806888566862,5.079806888566862,5.079806888566862,5.079806888566862,5.079806888566862,5.079806888566862,5.079806888566862,5.079806888566862,5.079806888566862,5.079806888566862,5.079806888566862,5.079806888566862,5.079806888566862,5.079806888566862,5.079806888566862,5.079806888566862,5.079806888566862,5.079806888566862,5.079806888566862,5.079806888566862,5.079806888566862,5.079806888566862,5.079806888566862,5.079806888566862,5.079806888566862,5.079806888566862,5.079806888566862,5.079806888566862,5.079806888566862,5.079806888566862,5.079806888566862,5.079806888566862,5.079806888566862,5.079806888566862,5.079806888566862,5.079806888566862,5.079806888566862,5.079806888566862,5.079806888566862,5.079806888566862,5.079806888566862,5.079806888566862,5.079806888566862,5.079806888566862,5.079806888566862,5.079806888566862,5.079806888566862,5.079806888566862,5.079806888566862,5.079806888566862,5.079806888566862,5.079806888566862,5.079806888566862,5.079806888566862,5.079806888566862,5.079806888566862,5.079806888566862,5.079806888566862,5.079806888566862,5.079806888566862,5.079806888566862,5.079806888566862,5.079806888566862,5.079806888566862,5.079806888566862,5.079806888566862,5.079806888566862,5.079806888566862,5.079806888566862,5.079806888566862,5.079806888566862,5.079806888566862,5.079806888566862,5.079806888566862,5.079806888566862,5.079806888566862,5.079806888566862,3.323959634208775,3.323959634208775,3.323959634208775,3.323959634208775,3.323959634208775,3.323959634208775,3.323959634208775,3.323959634208775,3.323959634208775,3.323959634208775,3.323959634208775,3.323959634208775,3.323959634208775,3.323959634208775,3.323959634208775,3.323959634208775,3.323959634208775,3.323959634208775,3.323959634208775,3.323959634208775,3.323959634208775,3.323959634208775,3.323959634208775,3.323959634208775,3.323959634208775,3.323959634208775,3.323959634208775,3.323959634208775,3.323959634208775,3.323959634208775,3.323959634208775,3.323959634208775,3.323959634208775,3.323959634208775,3.323959634208775,3.323959634208775,3.323959634208775,3.323959634208775,3.323959634208775,3.323959634208775,3.323959634208775,3.323959634208775,3.323959634208775,3.323959634208775,3.323959634208775,3.323959634208775,3.323959634208775,3.323959634208775,3.323959634208775,3.323959634208775,3.323959634208775,3.323959634208775,3.323959634208775,3.323959634208775,3.323959634208775,3.323959634208775,3.323959634208775,3.323959634208775,3.323959634208775,3.323959634208775,3.323959634208775,3.323959634208775,3.323959634208775,3.323959634208775,3.323959634208775,3.323959634208775,3.323959634208775,3.323959634208775,3.323959634208775,3.323959634208775,3.323959634208775,3.323959634208775,3.323959634208775,3.323959634208775,3.323959634208775,3.323959634208775,3.323959634208775,3.323959634208775,3.323959634208775,3.323959634208775,3.323959634208775,3.323959634208775,3.323959634208775,3.323959634208775,3.323959634208775,3.323959634208775,3.323959634208775,3.323959634208775,3.323959634208775,3.323959634208775,3.323959634208775,3.323959634208775,3.323959634208775,3.323959634208775,3.323959634208775,3.323959634208775,3.323959634208775,3.323959634208775,3.323959634208775,3.323959634208775,3.323959634208775,3.323959634208775,3.323959634208775,3.323959634208775,3.323959634208775,3.323959634208775,3.323959634208775,3.323959634208775,3.323959634208775,3.323959634208775,3.323959634208775,3.323959634208775,3.323959634208775,3.323959634208775,3.323959634208775,3.323959634208775,3.323959634208775,3.323959634208775,3.323959634208775,3.323959634208775,3.323959634208775,3.323959634208775,3.323959634208775,3.323959634208775,3.323959634208775,3.323959634208775,3.323959634208775,3.323959634208775,3.323959634208775,3.323959634208775,3.323959634208775,3.323959634208775,3.323959634208775,3.323959634208775,3.323959634208775,3.323959634208775,3.323959634208775,3.323959634208775,3.323959634208775,3.323959634208775,3.323959634208775,3.323959634208775,3.323959634208775,3.323959634208775,3.323959634208775,3.323959634208775,3.323959634208775,3.323959634208775,3.323959634208775,3.323959634208775,3.323959634208775,3.323959634208775,3.323959634208775,3.323959634208775,3.323959634208775,3.323959634208775,3.323959634208775,3.323959634208775,3.323959634208775,3.323959634208775,3.323959634208775,3.323959634208775,3.323959634208775,3.323959634208775,3.323959634208775,3.323959634208775,3.323959634208775,3.323959634208775,3.323959634208775,3.323959634208775,3.323959634208775,3.323959634208775,3.323959634208775,3.323959634208775,3.323959634208775,3.323959634208775,3.323959634208775,3.323959634208775,3.323959634208775,3.323959634208775,3.323959634208775,3.323959634208775,3.323959634208775,3.323959634208775,3.323959634208775,3.323959634208775,3.323959634208775,3.323959634208775,3.323959634208775,3.323959634208775,3.323959634208775,3.323959634208775,3.323959634208775,3.323959634208775,3.323959634208775,3.323959634208775,3.323959634208775,3.323959634208775,3.323959634208775,3.323959634208775,3.323959634208775,3.323959634208775,3.323959634208775,3.323959634208775,3.323959634208775,3.323959634208775,3.323959634208775,3.323959634208775,3.323959634208775,3.323959634208775,3.323959634208775,3.323959634208775,3.323959634208775,3.323959634208775,3.323959634208775,3.323959634208775,3.323959634208775,3.323959634208775,3.323959634208775,3.323959634208775,3.323959634208775,3.323959634208775,3.323959634208775,3.323959634208775,3.323959634208775,3.323959634208775,3.323959634208775,3.323959634208775,3.323959634208775,3.323959634208775,3.323959634208775,3.323959634208775,3.323959634208775,3.323959634208775,3.323959634208775,3.323959634208775,3.323959634208775,3.323959634208775,3.323959634208775,3.323959634208775,3.323959634208775,3.323959634208775,3.323959634208775,3.323959634208775,3.323959634208775,3.323959634208775,3.323959634208775,3.323959634208775,3.323959634208775,3.323959634208775,3.323959634208775,3.323959634208775,3.323959634208775,3.323959634208775,3.323959634208775,3.323959634208775,3.323959634208775,3.323959634208775,3.323959634208775,3.323959634208775,3.323959634208775,3.323959634208775,3.323959634208775,3.323959634208775,3.323959634208775,3.323959634208775,3.323959634208775,3.323959634208775,3.323959634208775,3.323959634208775,3.323959634208775,3.323959634208775,3.323959634208775,3.323959634208775,3.323959634208775,3.323959634208775,3.323959634208775,3.323959634208775,3.323959634208775,3.323959634208775,3.323959634208775,3.323959634208775,3.323959634208775,3.323959634208775,3.323959634208775,3.323959634208775,3.1098528300209796,3.1098528300209796,3.1098528300209796,3.1098528300209796,3.1098528300209796,3.1098528300209796,3.1098528300209796,3.1098528300209796,3.1098528300209796,3.1098528300209796,3.1098528300209796,3.1098528300209796,3.1098528300209796,3.1098528300209796,3.1098528300209796,3.1098528300209796,3.1098528300209796,3.1098528300209796,3.1098528300209796,3.1098528300209796,3.1098528300209796,3.1098528300209796,3.1098528300209796,3.1098528300209796,3.1098528300209796,3.1098528300209796,3.1098528300209796,3.1098528300209796,3.1098528300209796,3.1098528300209796,3.1098528300209796,3.1098528300209796,3.1098528300209796,3.1098528300209796,3.1098528300209796,3.1098528300209796,3.1098528300209796,3.1098528300209796,3.1098528300209796,3.1098528300209796,3.1098528300209796,3.1098528300209796,3.1098528300209796,3.1098528300209796,3.1098528300209796,3.1098528300209796,3.1098528300209796,3.1098528300209796,3.1098528300209796,3.1098528300209796,3.1098528300209796,3.1098528300209796,3.1098528300209796,3.1098528300209796,3.1098528300209796,3.1098528300209796,3.1098528300209796,3.1098528300209796,3.1098528300209796,3.1098528300209796,3.1098528300209796,3.1098528300209796,3.1098528300209796,3.1098528300209796,3.1098528300209796,3.1098528300209796,3.1098528300209796,3.1098528300209796,3.1098528300209796,3.1098528300209796,3.1098528300209796,3.1098528300209796,3.1098528300209796,3.1098528300209796,3.1098528300209796,3.1098528300209796,3.1098528300209796,3.1098528300209796,3.1098528300209796,3.1098528300209796,3.1098528300209796,3.1098528300209796,3.1098528300209796,3.1098528300209796,3.1098528300209796,3.1098528300209796,3.1098528300209796,3.1098528300209796,3.1098528300209796,3.1098528300209796,3.1098528300209796,3.1098528300209796,3.1098528300209796,3.1098528300209796,3.1098528300209796,3.1098528300209796,3.1098528300209796,3.1098528300209796,3.1098528300209796,3.1098528300209796,3.1098528300209796,3.1098528300209796,3.1098528300209796,3.1098528300209796,3.1098528300209796,3.1098528300209796,3.1098528300209796,3.1098528300209796,3.1098528300209796,3.1098528300209796,3.1098528300209796,3.1098528300209796,3.1098528300209796,3.1098528300209796,3.1098528300209796,3.1098528300209796,3.1098528300209796,3.1098528300209796,3.1098528300209796,3.1098528300209796,3.1098528300209796,3.1098528300209796,3.1098528300209796,3.1098528300209796,3.1098528300209796,3.1098528300209796,3.1098528300209796,3.1098528300209796,3.1098528300209796,3.1098528300209796,3.1098528300209796,3.1098528300209796,3.1098528300209796,3.1098528300209796,3.1098528300209796,3.1098528300209796,3.1098528300209796,3.1098528300209796,3.1098528300209796,3.1098528300209796,3.1098528300209796,3.1098528300209796,3.1098528300209796,3.1098528300209796,3.1098528300209796,3.1098528300209796,3.1098528300209796,3.1098528300209796,3.1098528300209796,3.1098528300209796,3.1098528300209796,3.1098528300209796,3.1098528300209796,3.1098528300209796,3.1098528300209796,3.1098528300209796,3.1098528300209796,3.1098528300209796,3.1098528300209796,3.1098528300209796,3.1098528300209796,3.1098528300209796,3.1098528300209796,3.1098528300209796,3.1098528300209796,3.1098528300209796,3.1098528300209796,3.1098528300209796,3.1098528300209796,3.1098528300209796,3.1098528300209796,3.1098528300209796,3.1098528300209796,3.1098528300209796,3.1098528300209796,3.1098528300209796,3.1098528300209796,3.1098528300209796,3.1098528300209796,3.1098528300209796,3.1098528300209796,3.1098528300209796,3.1098528300209796,3.1098528300209796,3.1098528300209796,3.1098528300209796,3.1098528300209796,3.1098528300209796,3.1098528300209796,3.1098528300209796,3.1098528300209796,3.1098528300209796,3.1098528300209796,3.1098528300209796,3.1098528300209796,3.1098528300209796,3.1098528300209796,3.1098528300209796,3.1098528300209796,3.1098528300209796,3.1098528300209796,3.1098528300209796,3.1098528300209796,3.1098528300209796,3.1098528300209796,3.1098528300209796,3.1098528300209796,3.1098528300209796,3.1098528300209796,3.1098528300209796,3.1098528300209796,3.1098528300209796,3.1098528300209796,3.1098528300209796,3.1098528300209796,3.1098528300209796,3.1098528300209796,3.1098528300209796,3.1098528300209796,3.1098528300209796,3.1098528300209796,3.1098528300209796,3.1098528300209796,3.1098528300209796,3.1098528300209796,3.1098528300209796,3.1098528300209796,3.1098528300209796,3.1098528300209796,3.1098528300209796,3.1098528300209796,3.1098528300209796,3.1098528300209796,3.1098528300209796,3.1098528300209796,3.1098528300209796,3.1098528300209796,3.1098528300209796,3.1098528300209796,3.1098528300209796,3.1098528300209796,3.1098528300209796,3.1098528300209796,3.1098528300209796,3.1098528300209796,3.1098528300209796,3.1098528300209796,3.1098528300209796,3.1098528300209796,3.1098528300209796,3.1098528300209796,3.1098528300209796,3.1098528300209796,3.1098528300209796,3.1098528300209796,3.1098528300209796,3.1098528300209796,3.1098528300209796,3.1098528300209796,3.1098528300209796,3.1098528300209796,3.1098528300209796,3.1098528300209796,3.1098528300209796,3.1098528300209796,3.1098528300209796,3.1098528300209796,3.1098528300209796,3.1098528300209796,3.1098528300209796,3.1098528300209796,3.1098528300209796,3.1098528300209796,3.1098528300209796,3.1098528300209796,3.1098528300209796,3.1098528300209796,3.1098528300209796,3.1098528300209796,3.1098528300209796,3.1098528300209796,3.1098528300209796,3.1098528300209796,3.1098528300209796,3.1098528300209796,3.1098528300209796,3.1098528300209796,3.1098528300209796,3.1098528300209796,3.1098528300209796,3.1098528300209796,3.1098528300209796,7.806185310954006,7.3670102203321814,7.3670102203321814,7.3670102203321814,7.3670102203321814,7.3670102203321814,7.3670102203321814,7.173341294553626,7.173341294553626,7.173341294553626,7.173341294553626,7.173341294553626,7.173341294553626,7.173341294553626,7.173341294553626,7.173341294553626,7.173341294553626,7.173341294553626,7.173341294553626,6.746524577532192,6.746524577532192,6.746524577532192,6.746524577532192,6.746524577532192,6.746524577532192,6.746524577532192,6.746524577532192,6.205268819583211,6.205268819583211,6.205268819583211,6.205268819583211,5.5061698652679265,5.5061698652679265,5.5061698652679265,5.5061698652679265,5.488736721664128,5.488736721664128,5.4828452705067035,5.4828452705067035,5.4828452705067035,5.4828452705067035,5.39064918181127,5.39064918181127,5.39064918181127,5.39064918181127,5.39064918181127,5.39064918181127,5.39064918181127,5.39064918181127,5.39064918181127,5.39064918181127,5.39064918181127,5.39064918181127,4.814051567990887,4.814051567990887,4.814051567990887,4.814051567990887,4.814051567990887,4.814051567990887,4.814051567990887,4.814051567990887,4.814051567990887,4.814051567990887,4.814051567990887,4.814051567990887,4.814051567990887,4.814051567990887,4.814051567990887,4.814051567990887,4.814051567990887,4.814051567990887,4.814051567990887,4.814051567990887,4.814051567990887,4.814051567990887,4.814051567990887,4.814051567990887,4.814051567990887,4.814051567990887,4.814051567990887,4.814051567990887,4.814051567990887,4.814051567990887,4.814051567990887,4.814051567990887,4.814051567990887,4.814051567990887,4.814051567990887,4.814051567990887,4.814051567990887,4.814051567990887,4.814051567990887,4.814051567990887,4.814051567990887,4.814051567990887,4.814051567990887,4.814051567990887,4.814051567990887,4.814051567990887,4.814051567990887,4.814051567990887,4.814051567990887,4.814051567990887,4.814051567990887,4.814051567990887,4.814051567990887,4.814051567990887,4.814051567990887,4.814051567990887,4.814051567990887,4.814051567990887,4.814051567990887,4.814051567990887,4.814051567990887,4.814051567990887,4.814051567990887,4.814051567990887,4.814051567990887,4.814051567990887,4.814051567990887,4.814051567990887,4.814051567990887,4.814051567990887,4.814051567990887,4.814051567990887,4.814051567990887,4.814051567990887,4.814051567990887,4.814051567990887,4.814051567990887,4.814051567990887,4.814051567990887,4.814051567990887,4.814051567990887,4.814051567990887,4.814051567990887,4.814051567990887,4.814051567990887,4.814051567990887,4.814051567990887,4.814051567990887,4.814051567990887,4.814051567990887,4.814051567990887,4.814051567990887,4.814051567990887,4.814051567990887,4.814051567990887,4.814051567990887,4.814051567990887,4.814051567990887,4.814051567990887,4.814051567990887,4.814051567990887,4.814051567990887,4.814051567990887,4.814051567990887,4.814051567990887,4.814051567990887,4.814051567990887,4.814051567990887,4.814051567990887,4.814051567990887,4.814051567990887,4.814051567990887,4.814051567990887,4.814051567990887,4.814051567990887,4.814051567990887,4.814051567990887,4.814051567990887,4.814051567990887,4.814051567990887,4.814051567990887,4.814051567990887,4.814051567990887,4.814051567990887,4.814051567990887,4.814051567990887,4.814051567990887,4.814051567990887,4.814051567990887,4.814051567990887,4.814051567990887,4.814051567990887,4.814051567990887,4.814051567990887,4.814051567990887,4.814051567990887,4.814051567990887,4.814051567990887,4.814051567990887,4.814051567990887,4.814051567990887,4.814051567990887,4.814051567990887,4.814051567990887,4.814051567990887,4.814051567990887,4.814051567990887,4.814051567990887,4.814051567990887,4.814051567990887,4.814051567990887,4.814051567990887,4.814051567990887,4.814051567990887,4.814051567990887,4.814051567990887,4.814051567990887,4.814051567990887,4.814051567990887,4.814051567990887,4.814051567990887,4.814051567990887,4.814051567990887,4.814051567990887,4.814051567990887,4.814051567990887,4.814051567990887,4.814051567990887,4.814051567990887,4.814051567990887,4.814051567990887,4.814051567990887,4.814051567990887,4.814051567990887,4.814051567990887,4.814051567990887,4.814051567990887,4.814051567990887,4.814051567990887,4.814051567990887,4.814051567990887,4.814051567990887,4.814051567990887,4.814051567990887,4.814051567990887,4.814051567990887,4.814051567990887,4.814051567990887,4.814051567990887,4.814051567990887,4.814051567990887,4.814051567990887,4.814051567990887,4.814051567990887,4.814051567990887,4.814051567990887,4.814051567990887,4.814051567990887,4.814051567990887,4.814051567990887,4.814051567990887,4.814051567990887,4.814051567990887,4.814051567990887,4.814051567990887,4.814051567990887,4.814051567990887,4.814051567990887,4.814051567990887,4.814051567990887,4.814051567990887,4.814051567990887,4.814051567990887,4.814051567990887,4.814051567990887,4.814051567990887,4.814051567990887,4.814051567990887,4.814051567990887,4.814051567990887,4.814051567990887,4.814051567990887,4.814051567990887,4.814051567990887,4.814051567990887,4.814051567990887,4.814051567990887,4.814051567990887,4.814051567990887,4.814051567990887,4.814051567990887,4.814051567990887,4.814051567990887,4.814051567990887,4.814051567990887,4.814051567990887,4.814051567990887,4.814051567990887,4.814051567990887,4.814051567990887,4.814051567990887,4.814051567990887,4.814051567990887,4.814051567990887,4.814051567990887,4.814051567990887,4.814051567990887,4.814051567990887,4.814051567990887,4.814051567990887,4.814051567990887,4.814051567990887,4.814051567990887,4.814051567990887,4.814051567990887,4.814051567990887,4.814051567990887,4.814051567990887,4.814051567990887,4.814051567990887,4.814051567990887,4.814051567990887,4.814051567990887,4.814051567990887,4.814051567990887,4.814051567990887,4.814051567990887,4.814051567990887,4.814051567990887,4.814051567990887,4.814051567990887,4.814051567990887,4.814051567990887,4.814051567990887,4.814051567990887,4.814051567990887,4.814051567990887,4.814051567990887,4.814051567990887,4.814051567990887,4.814051567990887,4.814051567990887,4.814051567990887,4.814051567990887,4.814051567990887,4.814051567990887,4.814051567990887,4.814051567990887,4.814051567990887,4.814051567990887,4.814051567990887,4.814051567990887,4.814051567990887,4.814051567990887,4.814051567990887,4.814051567990887,4.814051567990887,4.814051567990887,4.814051567990887,4.814051567990887,4.814051567990887,4.814051567990887,4.814051567990887,4.814051567990887,4.814051567990887,4.814051567990887,4.814051567990887,4.814051567990887,4.814051567990887,4.814051567990887,4.814051567990887,4.814051567990887,4.814051567990887,4.814051567990887,4.814051567990887,4.814051567990887,4.814051567990887,4.814051567990887,4.814051567990887,4.814051567990887,4.814051567990887,4.814051567990887,4.814051567990887,4.814051567990887,4.814051567990887,4.814051567990887,4.814051567990887,4.814051567990887,4.814051567990887,4.814051567990887,4.814051567990887,4.814051567990887,4.814051567990887,4.814051567990887,4.814051567990887,4.814051567990887,4.814051567990887,4.814051567990887,4.814051567990887,4.814051567990887,4.814051567990887,4.814051567990887,4.814051567990887,4.814051567990887,4.814051567990887,4.814051567990887,4.814051567990887,4.814051567990887,4.814051567990887,4.814051567990887,4.814051567990887,4.814051567990887,4.814051567990887,4.814051567990887,4.814051567990887,4.814051567990887,4.814051567990887,4.814051567990887,4.814051567990887,4.814051567990887,4.814051567990887,4.814051567990887,4.814051567990887,4.814051567990887,4.814051567990887,4.814051567990887,4.814051567990887,4.814051567990887,4.814051567990887,4.814051567990887,4.814051567990887,4.814051567990887,4.814051567990887,4.814051567990887,4.814051567990887,4.814051567990887,4.814051567990887,4.814051567990887,4.814051567990887,4.814051567990887,4.814051567990887,4.814051567990887,4.814051567990887,4.814051567990887,4.814051567990887,4.814051567990887,4.814051567990887,4.814051567990887,4.814051567990887,4.814051567990887,4.814051567990887,4.814051567990887,4.814051567990887,4.814051567990887,4.814051567990887,4.814051567990887,4.814051567990887,4.814051567990887,4.814051567990887,4.814051567990887,4.814051567990887,4.814051567990887,4.814051567990887,4.814051567990887,4.814051567990887,4.814051567990887,4.814051567990887,4.814051567990887,4.814051567990887,4.814051567990887,4.814051567990887,4.814051567990887,4.814051567990887,4.814051567990887,4.814051567990887,4.814051567990887,4.814051567990887,4.814051567990887,4.814051567990887,4.814051567990887,4.814051567990887,4.814051567990887,4.814051567990887,4.814051567990887,4.814051567990887,4.814051567990887,4.814051567990887,4.814051567990887,4.814051567990887,4.814051567990887,4.814051567990887,4.814051567990887,4.814051567990887,4.814051567990887,4.814051567990887,4.814051567990887,4.814051567990887,4.814051567990887,4.814051567990887,4.814051567990887,4.814051567990887,4.814051567990887,4.814051567990887,4.814051567990887,4.814051567990887,4.814051567990887,4.814051567990887,4.814051567990887,4.814051567990887,4.814051567990887,4.814051567990887,4.814051567990887,4.814051567990887,4.814051567990887,4.814051567990887,4.814051567990887,4.814051567990887,4.814051567990887,4.814051567990887,4.814051567990887,4.814051567990887,4.814051567990887,4.814051567990887,4.814051567990887,4.814051567990887,4.814051567990887,4.814051567990887,4.814051567990887,4.814051567990887,4.814051567990887,4.814051567990887,4.814051567990887,4.814051567990887,4.814051567990887,4.814051567990887,4.814051567990887,4.814051567990887,4.814051567990887,4.814051567990887,4.814051567990887,4.814051567990887,4.814051567990887,4.814051567990887,4.814051567990887,4.814051567990887,4.814051567990887,4.814051567990887,4.814051567990887,4.814051567990887,4.814051567990887,4.814051567990887,4.814051567990887,4.814051567990887,4.814051567990887,4.814051567990887,4.814051567990887,4.814051567990887,4.814051567990887,4.814051567990887,4.814051567990887,4.814051567990887,4.814051567990887,4.814051567990887,4.814051567990887,4.814051567990887,4.814051567990887,4.814051567990887,4.814051567990887,4.814051567990887,4.814051567990887,4.814051567990887,4.814051567990887,4.814051567990887,4.814051567990887,4.814051567990887,4.814051567990887,4.814051567990887,4.814051567990887,4.814051567990887,4.814051567990887,4.814051567990887,4.814051567990887,4.814051567990887,4.814051567990887,4.814051567990887,4.814051567990887,4.814051567990887,4.814051567990887,4.814051567990887,4.814051567990887,4.814051567990887,4.814051567990887,4.814051567990887,4.814051567990887,4.814051567990887,4.814051567990887,4.814051567990887,4.814051567990887,4.814051567990887,4.814051567990887,4.814051567990887,4.814051567990887,4.814051567990887,4.814051567990887,4.814051567990887,4.814051567990887,4.814051567990887,4.814051567990887,4.814051567990887,4.814051567990887,4.814051567990887,4.814051567990887,4.814051567990887,4.814051567990887,4.814051567990887,4.814051567990887,4.814051567990887,4.814051567990887,4.814051567990887,4.814051567990887,4.814051567990887,4.814051567990887,4.814051567990887,4.814051567990887,4.814051567990887,4.814051567990887,4.814051567990887,4.814051567990887,4.814051567990887,4.814051567990887,4.814051567990887,4.814051567990887,4.814051567990887,4.814051567990887,4.814051567990887,4.814051567990887,4.814051567990887,4.814051567990887,4.814051567990887,4.814051567990887,4.814051567990887,4.814051567990887,4.814051567990887,4.814051567990887,4.814051567990887,4.814051567990887,4.814051567990887,4.814051567990887,4.814051567990887,4.814051567990887,4.814051567990887,4.814051567990887,4.814051567990887,4.814051567990887,4.814051567990887,4.814051567990887,4.814051567990887,4.814051567990887,4.814051567990887,4.814051567990887,4.814051567990887,4.814051567990887,4.814051567990887,4.814051567990887,4.814051567990887,4.814051567990887,4.814051567990887,4.814051567990887,4.814051567990887,4.814051567990887,4.814051567990887,4.814051567990887,4.814051567990887,4.814051567990887,4.814051567990887,4.814051567990887,4.814051567990887,4.814051567990887,4.814051567990887,4.814051567990887,4.814051567990887,4.814051567990887,4.814051567990887,4.814051567990887,4.814051567990887,4.814051567990887,4.814051567990887,4.814051567990887,4.814051567990887,4.814051567990887,4.814051567990887,4.814051567990887,4.814051567990887,4.814051567990887,4.814051567990887,4.814051567990887,4.814051567990887,4.814051567990887,4.814051567990887,4.814051567990887,4.814051567990887,4.814051567990887,4.814051567990887,4.814051567990887,4.814051567990887,4.814051567990887,4.814051567990887,4.814051567990887,4.814051567990887,4.814051567990887,4.814051567990887,4.814051567990887,4.814051567990887,4.814051567990887,4.814051567990887,4.814051567990887,4.814051567990887,4.814051567990887,4.814051567990887,4.814051567990887,4.814051567990887,4.814051567990887,4.814051567990887,4.814051567990887,4.814051567990887,4.814051567990887,4.814051567990887,4.814051567990887,4.814051567990887,4.814051567990887,4.814051567990887,4.814051567990887,4.814051567990887,4.814051567990887,4.814051567990887,4.814051567990887,4.814051567990887,4.814051567990887,4.814051567990887,4.814051567990887,4.814051567990887,4.814051567990887,4.814051567990887,4.814051567990887,4.814051567990887,4.814051567990887,4.814051567990887,4.814051567990887,4.814051567990887,4.814051567990887,4.814051567990887,4.814051567990887,4.814051567990887,4.814051567990887,4.814051567990887,4.814051567990887,4.814051567990887,4.814051567990887,4.814051567990887,4.814051567990887,4.814051567990887,4.814051567990887,4.814051567990887,4.814051567990887,4.814051567990887,4.814051567990887,4.814051567990887,4.814051567990887,4.814051567990887,4.814051567990887,4.814051567990887,4.814051567990887,4.814051567990887,4.814051567990887,4.814051567990887,4.814051567990887,4.814051567990887,4.814051567990887,4.814051567990887,4.814051567990887,4.814051567990887,4.814051567990887,4.814051567990887,4.814051567990887,4.814051567990887,4.814051567990887,4.814051567990887,4.814051567990887,4.814051567990887,4.814051567990887,4.814051567990887,4.814051567990887,4.814051567990887,4.814051567990887,4.814051567990887,4.814051567990887,4.814051567990887,4.814051567990887,4.814051567990887,4.814051567990887,4.814051567990887,4.814051567990887,4.814051567990887,4.814051567990887,4.814051567990887,4.814051567990887,4.814051567990887,4.814051567990887,4.814051567990887,4.814051567990887,4.814051567990887,4.814051567990887,4.814051567990887,4.814051567990887,4.814051567990887,4.814051567990887,4.814051567990887,4.814051567990887,4.814051567990887,4.814051567990887,4.814051567990887,4.814051567990887,4.814051567990887,4.814051567990887,4.814051567990887,4.814051567990887,4.814051567990887,4.814051567990887,4.814051567990887,4.814051567990887,4.814051567990887,4.814051567990887,4.814051567990887,4.814051567990887,4.814051567990887,4.814051567990887,4.814051567990887,4.814051567990887,4.814051567990887,4.814051567990887,4.814051567990887,4.814051567990887,4.814051567990887,4.814051567990887,4.814051567990887,4.814051567990887,4.814051567990887,4.814051567990887,4.814051567990887,4.814051567990887,4.814051567990887,4.814051567990887,4.814051567990887,4.814051567990887,4.814051567990887,4.814051567990887,4.814051567990887,4.814051567990887,4.814051567990887,4.814051567990887,4.814051567990887,4.814051567990887,4.814051567990887,4.814051567990887,4.814051567990887,4.814051567990887,4.814051567990887,4.814051567990887,4.814051567990887,4.814051567990887,4.814051567990887,4.814051567990887,4.814051567990887,4.814051567990887,4.814051567990887,4.814051567990887,4.814051567990887,4.814051567990887,4.814051567990887,4.814051567990887,4.814051567990887,4.814051567990887,4.814051567990887,4.814051567990887,4.814051567990887,4.814051567990887,4.814051567990887,4.814051567990887,4.814051567990887,4.814051567990887,4.814051567990887,4.814051567990887,4.814051567990887,4.814051567990887,4.814051567990887,4.814051567990887,4.814051567990887,4.814051567990887,4.814051567990887,4.814051567990887,4.814051567990887,4.814051567990887,4.814051567990887,4.814051567990887,4.814051567990887,4.814051567990887,4.814051567990887,4.814051567990887,4.814051567990887,4.814051567990887,4.814051567990887,4.814051567990887,4.814051567990887,4.814051567990887,4.814051567990887,4.814051567990887,4.814051567990887,4.814051567990887,4.814051567990887,4.814051567990887,4.814051567990887,4.814051567990887,4.814051567990887,4.814051567990887,4.814051567990887,4.814051567990887,4.814051567990887,4.814051567990887,4.814051567990887,4.814051567990887,4.814051567990887,4.814051567990887,4.814051567990887,4.814051567990887,4.814051567990887,4.814051567990887,4.814051567990887,4.814051567990887,4.814051567990887,4.814051567990887,4.814051567990887,4.814051567990887,4.814051567990887,4.814051567990887,4.814051567990887,4.814051567990887,4.814051567990887,4.814051567990887,4.814051567990887,4.814051567990887,4.814051567990887,4.814051567990887,4.814051567990887,4.814051567990887,4.814051567990887,4.814051567990887,4.814051567990887,4.814051567990887,4.814051567990887,4.814051567990887,4.814051567990887,4.814051567990887,4.814051567990887,4.814051567990887,4.814051567990887,4.814051567990887,4.814051567990887,4.814051567990887,4.814051567990887,4.814051567990887,4.814051567990887,4.814051567990887,4.814051567990887,4.814051567990887,4.814051567990887,4.814051567990887,4.814051567990887,4.814051567990887,4.814051567990887,4.814051567990887,4.814051567990887,4.814051567990887,4.814051567990887,4.814051567990887,4.814051567990887,4.814051567990887,4.814051567990887,4.814051567990887,4.814051567990887,4.814051567990887,4.814051567990887,4.814051567990887,4.814051567990887,4.814051567990887,4.814051567990887,4.814051567990887,4.814051567990887,4.814051567990887,4.814051567990887,4.814051567990887,4.814051567990887,4.814051567990887,4.814051567990887,4.814051567990887,4.814051567990887,4.814051567990887,4.814051567990887,8.839906065723186,8.065087605344859,8.065087605344859,7.6577384310219845,7.6577384310219845,7.6577384310219845,7.6577384310219845,7.6577384310219845,7.6577384310219845,7.6577384310219845,7.6577384310219845,7.4855523236676325,7.473367219759462,7.473367219759462,7.473367219759462,7.266606798589839,7.266606798589839,7.266606798589839,7.266606798589839,7.266606798589839,7.266606798589839,7.266606798589839,7.266606798589839,7.266606798589839,7.266606798589839,7.266606798589839,7.266606798589839,7.266606798589839,7.266606798589839,7.266606798589839,7.266606798589839,7.266606798589839,7.266606798589839,7.266606798589839,7.266606798589839,7.266606798589839,7.266606798589839,7.266606798589839,7.266606798589839,7.266606798589839,7.266606798589839,7.266606798589839,7.266606798589839,7.266606798589839,7.266606798589839,7.266606798589839,7.054798839410292,7.054798839410292,7.054798839410292,7.054798839410292,7.054798839410292,7.054798839410292,7.054798839410292,7.054798839410292,7.054798839410292,7.054798839410292,7.054798839410292,7.054798839410292,7.054798839410292,7.054798839410292,7.0044413799427465,7.0044413799427465,7.0044413799427465,7.0044413799427465,7.0044413799427465,7.0044413799427465,7.0044413799427465,7.0044413799427465,7.0044413799427465,7.0044413799427465,7.0044413799427465,7.0044413799427465,7.0044413799427465,7.0044413799427465,7.0044413799427465,7.0044413799427465,7.0044413799427465,7.0044413799427465,7.0044413799427465,7.0044413799427465,7.0044413799427465,6.368635651777037,6.201558622880508,6.201558622880508,6.201558622880508,6.201558622880508,6.201558622880508,6.201558622880508,6.201558622880508,6.201558622880508,6.201558622880508,6.201558622880508,6.201558622880508,6.201558622880508,6.201558622880508,6.201558622880508,6.201558622880508,6.201558622880508,6.201558622880508,6.201558622880508,6.201558622880508,6.201558622880508,6.201558622880508,6.201558622880508,5.149123225188021,5.149123225188021,5.149123225188021,5.149123225188021,5.149123225188021,5.149123225188021,5.149123225188021,5.149123225188021,5.149123225188021,5.149123225188021,5.149123225188021,5.149123225188021,5.149123225188021,5.12845280216299,5.12845280216299,5.12845280216299,5.12845280216299,5.12845280216299,5.12845280216299,5.12845280216299,5.12845280216299,5.12845280216299,5.12845280216299,5.12845280216299,5.12845280216299,5.12845280216299,5.12845280216299,5.12845280216299,5.12845280216299,5.12845280216299,5.12845280216299,5.12845280216299,5.12845280216299,5.12845280216299,5.12845280216299,5.12845280216299,5.12845280216299,5.12845280216299,5.12845280216299,5.12845280216299,5.12845280216299,5.12845280216299,5.12845280216299,5.12845280216299,5.12845280216299,5.12845280216299,5.12845280216299,5.12845280216299,5.12845280216299,5.12845280216299,5.12845280216299,5.12845280216299,5.12845280216299,5.12845280216299,5.12845280216299,5.12845280216299,5.12845280216299,5.12845280216299,5.12845280216299,5.12845280216299,5.12845280216299,5.12845280216299,5.12845280216299,5.12845280216299,5.12845280216299,5.12845280216299,5.12845280216299,5.12845280216299,5.12845280216299,5.12845280216299,5.12845280216299,5.12845280216299,5.12845280216299,5.12845280216299,5.12845280216299,5.12845280216299,5.12845280216299,5.12845280216299,5.12845280216299,5.12845280216299,5.12845280216299,5.12845280216299,5.12845280216299,5.12845280216299,5.12845280216299,5.12845280216299,5.12845280216299,5.12845280216299,5.12845280216299,5.12845280216299,5.12845280216299,5.12845280216299,5.12845280216299,5.12845280216299,5.12845280216299,5.12845280216299,5.12845280216299,5.12845280216299,5.12845280216299,5.12845280216299,5.12845280216299,5.12845280216299,5.12845280216299,5.12845280216299,5.12845280216299,5.12845280216299,5.12845280216299,5.12845280216299,5.12845280216299,5.12845280216299,5.12845280216299,5.12845280216299,5.12845280216299,5.12845280216299,5.12845280216299,5.12845280216299,5.12845280216299,5.12845280216299,5.12845280216299,5.12845280216299,5.12845280216299,5.12845280216299,5.12845280216299,5.12845280216299,5.12845280216299,5.12845280216299,5.12845280216299,5.12845280216299,5.12845280216299,5.12845280216299,5.12845280216299,5.12845280216299,5.12845280216299,5.12845280216299,5.12845280216299,5.12845280216299,5.12845280216299,5.12845280216299,5.12845280216299,5.12845280216299,5.12845280216299,5.12845280216299,5.12845280216299,5.12845280216299,5.12845280216299,5.12845280216299,5.12845280216299,5.12845280216299,5.12845280216299,5.12845280216299,5.12845280216299,5.12845280216299,5.12845280216299,5.12845280216299,5.12845280216299,5.12845280216299,5.12845280216299,5.12845280216299,5.12845280216299,5.12845280216299,5.12845280216299,5.12845280216299,5.12845280216299,5.12845280216299,5.12845280216299,5.12845280216299,5.12845280216299,5.12845280216299,5.12845280216299,5.12845280216299,5.12845280216299,5.12845280216299,5.12845280216299,5.12845280216299,5.12845280216299,5.12845280216299,5.12845280216299,5.12845280216299,5.12845280216299,5.12845280216299,5.12845280216299,5.12845280216299,5.12845280216299,5.12845280216299,5.12845280216299,5.12845280216299,5.12845280216299,5.12845280216299,5.12845280216299,5.12845280216299,5.12845280216299,5.12845280216299,5.12845280216299,5.12845280216299,5.12845280216299,5.12845280216299,5.12845280216299,5.12845280216299,5.12845280216299,5.12845280216299,5.12845280216299,5.12845280216299,5.12845280216299,5.12845280216299,5.12845280216299,5.12845280216299,5.12845280216299,5.12845280216299,5.12845280216299,5.12845280216299,5.12845280216299,5.12845280216299,5.12845280216299,5.12845280216299,5.12845280216299,5.12845280216299,5.12845280216299,5.12845280216299,5.12845280216299,5.12845280216299,5.12845280216299,5.12845280216299,5.12845280216299,5.12845280216299,5.12845280216299,5.12845280216299,5.12845280216299,5.12845280216299,5.12845280216299,5.12845280216299,5.12845280216299,5.12845280216299,5.12845280216299,5.12845280216299,5.12845280216299,5.12845280216299,5.12845280216299,5.12845280216299,5.12845280216299,5.12845280216299,5.12845280216299,5.12845280216299,5.12845280216299,5.12845280216299,5.12845280216299,5.12845280216299,5.12845280216299,5.12845280216299,5.12845280216299,5.12845280216299,5.12845280216299,5.12845280216299,5.12845280216299,5.12845280216299,5.12845280216299,5.12845280216299,5.12845280216299,5.12845280216299,5.12845280216299,5.12845280216299,5.12845280216299,5.12845280216299,5.12845280216299,5.12845280216299,5.12845280216299,5.12845280216299,5.12845280216299,5.12845280216299,5.12845280216299,5.12845280216299,5.12845280216299,5.12845280216299,5.12845280216299,5.12845280216299,5.12845280216299,5.12845280216299,5.12845280216299,5.12845280216299,5.12845280216299,5.12845280216299,5.12845280216299,5.12845280216299,5.12845280216299,5.12845280216299,5.12845280216299,5.12845280216299,5.12845280216299,5.12845280216299,5.12845280216299,5.12845280216299,5.12845280216299,5.12845280216299,5.12845280216299,5.12845280216299,5.12845280216299,5.12845280216299,5.12845280216299,5.12845280216299,5.12845280216299,5.12845280216299,5.12845280216299,5.12845280216299,5.12845280216299,5.12845280216299,5.12845280216299,5.12845280216299,5.12845280216299,5.12845280216299,5.12845280216299,5.12845280216299,5.12845280216299,5.12845280216299,5.12845280216299,5.12845280216299,5.12845280216299,5.12845280216299,5.12845280216299,5.12845280216299,5.12845280216299,5.12845280216299,5.12845280216299,5.12845280216299,5.12845280216299,5.12845280216299,5.12845280216299,5.12845280216299,5.12845280216299,5.12845280216299,5.12845280216299,5.12845280216299,5.12845280216299,5.12845280216299,5.12845280216299,5.12845280216299,5.12845280216299,5.12845280216299,5.12845280216299,5.12845280216299,5.12845280216299,5.12845280216299,5.12845280216299,5.12845280216299,5.12845280216299,5.12845280216299,5.12845280216299,5.12845280216299,5.12845280216299,5.12845280216299,5.12845280216299,5.12845280216299,5.12845280216299,5.12845280216299,5.12845280216299,5.12845280216299,5.12845280216299,5.12845280216299,5.12845280216299,5.12845280216299,5.12845280216299,5.12845280216299,5.12845280216299,5.12845280216299,5.12845280216299,5.12845280216299,5.12845280216299,5.12845280216299,5.12845280216299,5.12845280216299,5.12845280216299,5.12845280216299,5.12845280216299,5.12845280216299,5.12845280216299,5.12845280216299,5.12845280216299,5.12845280216299,5.12845280216299,5.12845280216299,5.12845280216299,5.12845280216299,5.12845280216299,5.12845280216299,5.12845280216299,5.12845280216299,5.12845280216299,5.12845280216299,5.12845280216299,5.12845280216299,5.12845280216299,5.12845280216299,5.12845280216299,5.12845280216299,5.12845280216299,5.12845280216299,5.12845280216299,5.12845280216299,5.12845280216299,5.12845280216299,5.12845280216299,5.12845280216299,5.12845280216299,5.12845280216299,5.12845280216299,5.12845280216299,5.12845280216299,5.12845280216299,5.12845280216299,5.12845280216299,5.12845280216299,5.12845280216299,5.12845280216299,5.12845280216299,5.12845280216299,5.12845280216299,5.12845280216299,5.12845280216299,5.12845280216299,5.12845280216299,5.12845280216299,5.12845280216299,5.12845280216299,5.12845280216299,5.12845280216299,5.12845280216299,5.12845280216299,5.12845280216299,5.12845280216299,5.12845280216299,5.12845280216299,5.12845280216299,5.12845280216299,5.12845280216299,5.12845280216299,5.12845280216299,5.12845280216299,5.12845280216299,5.12845280216299,5.12845280216299,5.12845280216299,5.12845280216299,5.12845280216299,5.12845280216299,5.12845280216299,5.12845280216299,5.12845280216299,5.12845280216299,5.12845280216299,5.12845280216299,5.12845280216299,5.12845280216299,5.12845280216299,5.12845280216299,5.12845280216299,5.12845280216299,5.12845280216299,5.12845280216299,5.12845280216299,5.12845280216299,5.12845280216299,5.12845280216299,5.12845280216299,5.12845280216299,5.12845280216299,5.12845280216299,5.12845280216299,5.12845280216299,5.12845280216299,5.12845280216299,5.12845280216299,5.12845280216299,5.12845280216299,5.12845280216299,5.12845280216299,5.12845280216299,5.12845280216299,5.12845280216299,5.12845280216299,5.12845280216299,5.12845280216299,5.12845280216299,5.12845280216299,5.12845280216299,5.12845280216299,5.12845280216299,5.12845280216299,5.12845280216299,5.12845280216299,5.12845280216299,5.12845280216299,5.12845280216299,5.12845280216299,5.12845280216299,5.12845280216299,5.12845280216299,5.12845280216299,5.12845280216299,5.12845280216299,5.12845280216299,5.12845280216299,5.12845280216299,5.12845280216299,5.12845280216299,5.12845280216299,5.12845280216299,5.12845280216299,5.12845280216299,5.12845280216299,5.12845280216299,5.12845280216299,5.12845280216299,5.12845280216299,5.12845280216299,5.12845280216299,5.12845280216299,5.12845280216299,5.12845280216299,5.12845280216299,5.12845280216299,5.12845280216299,5.12845280216299,5.12845280216299,5.12845280216299,5.12845280216299,5.12845280216299,5.12845280216299,5.12845280216299,5.12845280216299,5.12845280216299,5.12845280216299,5.12845280216299,5.12845280216299,5.12845280216299,5.12845280216299,5.12845280216299,5.12845280216299,5.12845280216299,5.12845280216299,5.12845280216299,5.12845280216299,5.12845280216299,5.12845280216299,5.12845280216299,5.12845280216299,5.12845280216299,5.12845280216299,5.12845280216299,5.12845280216299,5.12845280216299,5.12845280216299,5.12845280216299,5.12845280216299,5.12845280216299,5.12845280216299,5.12845280216299,5.12845280216299,5.12845280216299,5.12845280216299,5.12845280216299,5.12845280216299,5.12845280216299,5.12845280216299,5.12845280216299,5.12845280216299,5.12845280216299,5.12845280216299,5.12845280216299,5.12845280216299,5.12845280216299,5.12845280216299,5.12845280216299,5.12845280216299,5.12845280216299,5.12845280216299,5.12845280216299,5.12845280216299,5.12845280216299,5.12845280216299,5.12845280216299,5.12845280216299,5.12845280216299,5.12845280216299,5.12845280216299,5.12845280216299,5.12845280216299,5.12845280216299,5.12845280216299,5.12845280216299,5.12845280216299,5.12845280216299,5.12845280216299,5.12845280216299,5.12845280216299,5.12845280216299,5.12845280216299,5.12845280216299,5.12845280216299,5.12845280216299,5.12845280216299,5.12845280216299,5.12845280216299,5.12845280216299,5.12845280216299,5.12845280216299,5.12845280216299,5.12845280216299,5.12845280216299,5.12845280216299,5.12845280216299,5.12845280216299,5.12845280216299,5.12845280216299,5.12845280216299,5.12845280216299,5.12845280216299,5.12845280216299,5.12845280216299,5.12845280216299,5.12845280216299,5.12845280216299,5.12845280216299,5.12845280216299,5.12845280216299,5.12845280216299,5.12845280216299,5.12845280216299,5.12845280216299,5.12845280216299,5.12845280216299,5.12845280216299,5.12845280216299,5.12845280216299,5.12845280216299,5.12845280216299,5.12845280216299,5.12845280216299,5.12845280216299,5.12845280216299,5.12845280216299,5.12845280216299,5.12845280216299,5.12845280216299,5.12845280216299,5.12845280216299,5.12845280216299,5.12845280216299,5.12845280216299,5.12845280216299,5.12845280216299,5.12845280216299,5.12845280216299,5.12845280216299,5.12845280216299,5.12845280216299,5.12845280216299,5.12845280216299,5.12845280216299,5.12845280216299,5.12845280216299,5.12845280216299,5.12845280216299,5.12845280216299,5.12845280216299,5.12845280216299,5.12845280216299,5.12845280216299,5.12845280216299,5.12845280216299,5.12845280216299,5.12845280216299,5.12845280216299,5.12845280216299,5.12845280216299,5.12845280216299,5.12845280216299,5.12845280216299,5.12845280216299,5.12845280216299,5.12845280216299,5.12845280216299,5.12845280216299,5.12845280216299,5.12845280216299,5.12845280216299,5.12845280216299,5.12845280216299,5.12845280216299,5.12845280216299,5.12845280216299,5.12845280216299,5.12845280216299,5.12845280216299,5.12845280216299,5.12845280216299,5.12845280216299,5.12845280216299,5.12845280216299,5.12845280216299,5.12845280216299,5.12845280216299,5.12845280216299,5.12845280216299,5.12845280216299,5.12845280216299,5.12845280216299,5.12845280216299,5.12845280216299,5.12845280216299,5.12845280216299,5.12845280216299,5.12845280216299,5.12845280216299,5.12845280216299,5.12845280216299,5.12845280216299,5.12845280216299,5.12845280216299,5.12845280216299,5.12845280216299,5.12845280216299,5.12845280216299,5.12845280216299,5.12845280216299,5.12845280216299,5.12845280216299,5.12845280216299,5.12845280216299,5.12845280216299,5.12845280216299,5.12845280216299,5.12845280216299,5.12845280216299,5.12845280216299,5.12845280216299,5.12845280216299,5.12845280216299,5.12845280216299,5.12845280216299,5.12845280216299,5.12845280216299,5.12845280216299,5.12845280216299,5.12845280216299,5.12845280216299,5.12845280216299,5.12845280216299,5.12845280216299,5.12845280216299,5.12845280216299,5.12845280216299,5.12845280216299,5.12845280216299,5.12845280216299,5.12845280216299,5.12845280216299,5.12845280216299,5.12845280216299,5.12845280216299,5.12845280216299,5.12845280216299,5.12845280216299,5.12845280216299,5.12845280216299,5.12845280216299,5.12845280216299,5.12845280216299,5.12845280216299,5.12845280216299,5.12845280216299,5.12845280216299,5.12845280216299,5.12845280216299,5.12845280216299,5.12845280216299,5.12845280216299,5.12845280216299,5.12845280216299,5.12845280216299,5.12845280216299,5.12845280216299,5.12845280216299,5.12845280216299,5.12845280216299,5.12845280216299,5.12845280216299,5.12845280216299,5.12845280216299,5.12845280216299,5.12845280216299,5.12845280216299,5.12845280216299,5.12845280216299,5.12845280216299,5.12845280216299,5.12845280216299,5.12845280216299,5.12845280216299,5.12845280216299,5.12845280216299,5.12845280216299,5.12845280216299,5.12845280216299,5.12845280216299,5.12845280216299,5.12845280216299,5.12845280216299,5.12845280216299,5.12845280216299,5.12845280216299,5.12845280216299,5.12845280216299,5.12845280216299,5.12845280216299,5.12845280216299,5.12845280216299,5.12845280216299,5.12845280216299,5.12845280216299,5.12845280216299,5.12845280216299,5.12845280216299,5.12845280216299,5.12845280216299,5.12845280216299,5.12845280216299,5.12845280216299,5.12845280216299,5.12845280216299,5.12845280216299,5.12845280216299,5.12845280216299,5.12845280216299,5.12845280216299,5.12845280216299,5.12845280216299,5.12845280216299,5.12845280216299,5.12845280216299,5.12845280216299,5.12845280216299,5.12845280216299,5.12845280216299,5.12845280216299,5.12845280216299,5.12845280216299,5.12845280216299,5.12845280216299,5.12845280216299,5.12845280216299,5.12845280216299,5.12845280216299,5.12845280216299,5.12845280216299,5.12845280216299,5.12845280216299,5.12845280216299,5.12845280216299,5.12845280216299,5.12845280216299,5.12845280216299,5.12845280216299,5.12845280216299,5.12845280216299,5.12845280216299,5.12845280216299,5.12845280216299,5.12845280216299,5.12845280216299,5.12845280216299,5.12845280216299,5.12845280216299,5.12845280216299,5.12845280216299,5.12845280216299,5.12845280216299,5.12845280216299,5.12845280216299,5.12845280216299,5.12845280216299,5.12845280216299,5.12845280216299,5.12845280216299,5.12845280216299,5.12845280216299,5.12845280216299,5.12845280216299,5.12845280216299,5.12845280216299,5.12845280216299,5.12845280216299,5.12845280216299,5.12845280216299,5.12845280216299,5.12845280216299,5.12845280216299,5.12845280216299,5.12845280216299,6.797926679810104,6.796875239503231,6.020107086173746,6.020107086173746,6.020107086173746,5.565497888668062,5.565497888668062,5.565497888668062,5.551184514243549,5.551184514243549,5.532142367520585,5.532142367520585,5.532142367520585,5.532142367520585,5.532142367520585,5.532142367520585,5.532142367520585,5.532142367520585,5.532142367520585,5.532142367520585,5.532142367520585,5.532142367520585,5.532142367520585,5.532142367520585,5.532142367520585,5.532142367520585,5.532142367520585,5.532142367520585,5.532142367520585,5.532142367520585,5.532142367520585,5.532142367520585,5.532142367520585,5.532142367520585,5.532142367520585,5.532142367520585,5.532142367520585,5.532142367520585,5.532142367520585,5.532142367520585,5.532142367520585,5.532142367520585,5.532142367520585,5.532142367520585,5.532142367520585,5.532142367520585,5.532142367520585,5.532142367520585,5.532142367520585,5.532142367520585,5.532142367520585,5.532142367520585,5.532142367520585,5.532142367520585,5.532142367520585,5.532142367520585,5.532142367520585,5.532142367520585,5.532142367520585,5.532142367520585,5.532142367520585,5.532142367520585,5.532142367520585,5.532142367520585,5.532142367520585,5.532142367520585,5.532142367520585,5.532142367520585,5.532142367520585,5.532142367520585,5.532142367520585,5.532142367520585,5.532142367520585,5.532142367520585,5.532142367520585,5.532142367520585,5.532142367520585,5.532142367520585,5.532142367520585,5.532142367520585,5.532142367520585,5.532142367520585,5.532142367520585,5.532142367520585,5.532142367520585,5.532142367520585,5.532142367520585,5.532142367520585,5.532142367520585,5.532142367520585,5.532142367520585,5.532142367520585,5.532142367520585,5.532142367520585,5.532142367520585,5.055662810782827,5.055662810782827,5.055662810782827,5.055662810782827,5.055662810782827,5.055662810782827,5.055662810782827,5.055662810782827,5.055662810782827,5.055662810782827,5.055662810782827,5.055662810782827,5.055662810782827,5.055662810782827,5.055662810782827,5.055662810782827,5.055662810782827,5.055662810782827,5.055662810782827,5.055662810782827,5.055662810782827,5.055662810782827,5.055662810782827,5.055662810782827,5.055662810782827,5.055662810782827,5.055662810782827,5.055662810782827,5.055662810782827,5.055662810782827,5.055662810782827,5.055662810782827,5.055662810782827,5.055662810782827,5.055662810782827,5.055662810782827,5.055662810782827,5.055662810782827,5.055662810782827,5.055662810782827,5.055662810782827,5.055662810782827,5.055662810782827,5.055662810782827,5.055662810782827,5.055662810782827,5.055662810782827,5.055662810782827,5.055662810782827,5.055662810782827,5.055662810782827,5.055662810782827,5.055662810782827,5.055662810782827,5.055662810782827,5.055662810782827,5.055662810782827,5.029449471868614,5.029449471868614,5.029449471868614,4.720993999968648,4.720993999968648,4.720993999968648,4.720993999968648,4.720993999968648,4.720993999968648,4.720993999968648,4.154681487460086,4.154681487460086,4.154681487460086,4.154681487460086,4.154681487460086,4.127970084032614,4.127970084032614,4.127970084032614,4.127970084032614,4.127970084032614,4.127970084032614,4.127970084032614,4.127970084032614,4.127970084032614,4.127970084032614,4.127970084032614,4.127970084032614,4.127970084032614,4.127970084032614,4.127970084032614,4.127970084032614,4.127970084032614,4.127970084032614,4.127970084032614,4.127970084032614,4.127970084032614,4.127970084032614,4.127970084032614,4.127970084032614,4.127970084032614,4.127970084032614,4.127970084032614,4.127970084032614,4.127970084032614,4.127970084032614,4.127970084032614,4.127970084032614,4.127970084032614,4.127970084032614,4.127970084032614,4.127970084032614,4.127970084032614,4.127970084032614,4.127970084032614,4.127970084032614,4.127970084032614,4.127970084032614,4.127970084032614,4.127970084032614,4.127970084032614,4.127970084032614,4.127970084032614,4.127970084032614,4.127970084032614,4.127970084032614,4.127970084032614,4.127970084032614,4.127970084032614,4.127970084032614,4.127970084032614,4.127970084032614,4.127970084032614,4.127970084032614,4.127970084032614,4.127970084032614,4.127970084032614,4.127970084032614,4.127970084032614,4.127970084032614,4.127970084032614,4.127970084032614,4.127970084032614,4.127970084032614,4.127970084032614,4.127970084032614,4.127970084032614,4.127970084032614,4.127970084032614,4.127970084032614,4.127970084032614,4.127970084032614,4.127970084032614,4.127970084032614,4.127970084032614,4.127970084032614,4.127970084032614,4.127970084032614,4.127970084032614,4.127970084032614,4.127970084032614,4.127970084032614,4.127970084032614,4.127970084032614,4.127970084032614,4.127970084032614,4.127970084032614,4.127970084032614,4.127970084032614,4.127970084032614,4.127970084032614,4.127970084032614,4.127970084032614,4.127970084032614,4.127970084032614,4.127970084032614,4.127970084032614,4.127970084032614,4.127970084032614,4.127970084032614,4.127970084032614,4.127970084032614,4.127970084032614,4.127970084032614,4.127970084032614,4.127970084032614,4.127970084032614,4.127970084032614,4.127970084032614,4.127970084032614,4.127970084032614,4.127970084032614,4.127970084032614,4.127970084032614,4.127970084032614,4.127970084032614,4.127970084032614,4.127970084032614,4.127970084032614,4.127970084032614,4.127970084032614,4.127970084032614,4.127970084032614,4.127970084032614,4.127970084032614,4.127970084032614,4.127970084032614,4.127970084032614,4.127970084032614,4.127970084032614,4.127970084032614,4.127970084032614,4.127970084032614,4.127970084032614,4.127970084032614,4.127970084032614,4.127970084032614,4.127970084032614,4.127970084032614,4.127970084032614,4.127970084032614,4.127970084032614,4.127970084032614,4.127970084032614,4.127970084032614,4.127970084032614,4.127970084032614,4.127970084032614,4.127970084032614,4.127970084032614,4.127970084032614,4.127970084032614,4.127970084032614,4.127970084032614,4.127970084032614,4.127970084032614,4.127970084032614,4.127970084032614,4.127970084032614,4.127970084032614,4.127970084032614,4.127970084032614,4.127970084032614,4.127970084032614,4.127970084032614,4.127970084032614,4.127970084032614,4.127970084032614,4.127970084032614,4.127970084032614,4.127970084032614,4.127970084032614,4.127970084032614,4.127970084032614,4.127970084032614,4.127970084032614,4.127970084032614,4.127970084032614,4.127970084032614,4.127970084032614,4.127970084032614,4.127970084032614,4.127970084032614,4.127970084032614,4.127970084032614,4.127970084032614,4.127970084032614,4.127970084032614,4.127970084032614,4.127970084032614,4.127970084032614,4.127970084032614,4.127970084032614,4.127970084032614,4.127970084032614,4.127970084032614,4.127970084032614,4.127970084032614,4.127970084032614,4.127970084032614,4.127970084032614,4.127970084032614,4.127970084032614,4.127970084032614,4.127970084032614,4.127970084032614,4.127970084032614,4.127970084032614,4.127970084032614,4.127970084032614,4.127970084032614,4.127970084032614,4.127970084032614,4.127970084032614,4.127970084032614,4.127970084032614,4.127970084032614,4.127970084032614,4.127970084032614,4.127970084032614,4.127970084032614,4.127970084032614,4.127970084032614,4.127970084032614,4.127970084032614,4.127970084032614,4.127970084032614,4.127970084032614,4.127970084032614,4.127970084032614,4.127970084032614,4.127970084032614,4.127970084032614,4.127970084032614,4.127970084032614,4.127970084032614,4.127970084032614,4.127970084032614,4.127970084032614,4.127970084032614,4.127970084032614,4.127970084032614,4.127970084032614,4.127970084032614,4.127970084032614,4.127970084032614,4.127970084032614,4.127970084032614,4.127970084032614,4.127970084032614,4.127970084032614,4.127970084032614,4.127970084032614,4.127970084032614,4.127970084032614,4.127970084032614,4.127970084032614,4.127970084032614,4.127970084032614,4.127970084032614,4.127970084032614,4.127970084032614,4.127970084032614,4.127970084032614,4.127970084032614,4.127970084032614,4.127970084032614,4.127970084032614,4.127970084032614,4.127970084032614,4.127970084032614,4.127970084032614,4.127970084032614,4.127970084032614,4.127970084032614,4.127970084032614,4.127970084032614,4.127970084032614,4.127970084032614,4.127970084032614,4.127970084032614,4.127970084032614,4.127970084032614,4.127970084032614,4.127970084032614,4.127970084032614,4.127970084032614,4.127970084032614,4.127970084032614,4.127970084032614,4.127970084032614,4.127970084032614,4.127970084032614,4.127970084032614,4.127970084032614,4.127970084032614,4.127970084032614,4.127970084032614,4.127970084032614,4.127970084032614,4.127970084032614,4.127970084032614,4.127970084032614,4.127970084032614,4.127970084032614,4.127970084032614,4.127970084032614,4.127970084032614,4.127970084032614,4.127970084032614,4.127970084032614,4.127970084032614,4.127970084032614,4.127970084032614,4.127970084032614,4.127970084032614,4.127970084032614,4.127970084032614,4.127970084032614,4.127970084032614,4.127970084032614,4.127970084032614,4.127970084032614,4.127970084032614,4.127970084032614,4.127970084032614,4.127970084032614,4.127970084032614,4.127970084032614,4.127970084032614,4.127970084032614,4.127970084032614,4.127970084032614,4.127970084032614,4.127970084032614,4.127970084032614,4.127970084032614,4.127970084032614,4.127970084032614,4.127970084032614,4.127970084032614,4.127970084032614,4.127970084032614,4.127970084032614,4.127970084032614,4.127970084032614,4.127970084032614,4.127970084032614,4.127970084032614,4.127970084032614,4.127970084032614,4.127970084032614,4.127970084032614,4.127970084032614,4.127970084032614,4.127970084032614,4.127970084032614,4.127970084032614,4.127970084032614,4.127970084032614,4.127970084032614,4.127970084032614,4.127970084032614,4.127970084032614,4.127970084032614,4.127970084032614,4.127970084032614,4.127970084032614,4.127970084032614,4.127970084032614,4.127970084032614,4.127970084032614,4.127970084032614,4.127970084032614,4.127970084032614,4.127970084032614,4.127970084032614,4.127970084032614,4.127970084032614,4.127970084032614,4.127970084032614,4.127970084032614,4.127970084032614,4.127970084032614,4.127970084032614,4.127970084032614,4.127970084032614,4.127970084032614,4.127970084032614,4.127970084032614,4.127970084032614,4.127970084032614,4.127970084032614,4.127970084032614,4.127970084032614,4.127970084032614,4.127970084032614,4.127970084032614,4.127970084032614,4.127970084032614,4.127970084032614,4.127970084032614,4.127970084032614,4.127970084032614,4.127970084032614,4.127970084032614,4.127970084032614,4.127970084032614,4.127970084032614,4.127970084032614,4.127970084032614,4.127970084032614,4.127970084032614,4.127970084032614,4.127970084032614,4.127970084032614,4.127970084032614,4.127970084032614,4.127970084032614,4.127970084032614,4.127970084032614,4.127970084032614,4.127970084032614,4.127970084032614,4.127970084032614,4.127970084032614,4.127970084032614,4.127970084032614,4.127970084032614,3.9845477065766244,3.9845477065766244,3.9845477065766244,3.9845477065766244,3.9845477065766244,3.9845477065766244,3.9845477065766244,3.9845477065766244,3.9845477065766244,3.9845477065766244,3.9845477065766244,3.9845477065766244,3.9845477065766244,3.9845477065766244,3.9845477065766244,3.9845477065766244,3.9845477065766244,3.9845477065766244,3.9845477065766244,3.9845477065766244,3.9845477065766244,3.9845477065766244,3.9845477065766244,3.9845477065766244,3.9845477065766244,3.9845477065766244,3.9845477065766244,3.9845477065766244,3.9845477065766244,3.9845477065766244,3.9845477065766244,3.9845477065766244,3.9845477065766244,3.9845477065766244,3.9845477065766244,3.9845477065766244,3.9845477065766244,3.9845477065766244,3.9845477065766244,3.9845477065766244,3.9845477065766244,3.9845477065766244,3.9845477065766244,3.9845477065766244,3.9845477065766244,3.9845477065766244,3.9845477065766244,3.9845477065766244,3.9845477065766244,3.9845477065766244,3.9845477065766244,3.9845477065766244,3.9845477065766244,3.9845477065766244,3.9845477065766244,3.9845477065766244,3.9845477065766244,3.9845477065766244,3.9845477065766244,3.9845477065766244,3.9845477065766244,3.9845477065766244,3.9845477065766244,3.9845477065766244,3.9845477065766244,3.9845477065766244,3.9845477065766244,3.9845477065766244,3.9845477065766244,3.9845477065766244,3.9845477065766244,3.9845477065766244,3.9845477065766244,3.9845477065766244,3.9845477065766244,3.9845477065766244,3.9845477065766244,3.9845477065766244,3.9845477065766244,3.9845477065766244,3.9845477065766244,3.9845477065766244,3.9845477065766244,3.9845477065766244,3.9845477065766244,3.9845477065766244,3.9845477065766244,3.9845477065766244,3.9845477065766244,3.9845477065766244,3.9845477065766244,3.9845477065766244,3.9845477065766244,3.9845477065766244,3.9845477065766244,3.9845477065766244,3.9845477065766244,3.9845477065766244,3.9845477065766244,3.9845477065766244,3.9845477065766244,3.9845477065766244,3.9845477065766244,3.9845477065766244,3.9845477065766244,3.9845477065766244,3.9845477065766244,3.9845477065766244,3.9845477065766244,3.9845477065766244,3.9845477065766244,3.9845477065766244,3.9845477065766244,3.9845477065766244,3.9845477065766244,3.9845477065766244,3.9845477065766244,3.9845477065766244,3.9845477065766244,3.9845477065766244,3.9845477065766244,3.9845477065766244,3.9845477065766244,3.9845477065766244,3.9845477065766244,3.9845477065766244,3.9845477065766244,3.9845477065766244,3.9845477065766244,3.9845477065766244,3.9845477065766244,3.9845477065766244,3.9845477065766244,3.9845477065766244,3.9845477065766244,3.9845477065766244,3.9845477065766244,3.9845477065766244,3.9845477065766244,3.9845477065766244,3.9845477065766244,3.9845477065766244,3.9845477065766244,3.9845477065766244,3.9845477065766244,3.9845477065766244,3.9845477065766244,3.9845477065766244,3.9845477065766244,3.9845477065766244,3.9845477065766244,3.9845477065766244,3.9845477065766244,3.9845477065766244,3.9845477065766244,3.9845477065766244,3.9845477065766244,3.9845477065766244,3.9845477065766244,3.9845477065766244,3.9845477065766244,3.9845477065766244,3.9845477065766244,3.9845477065766244,3.9845477065766244,3.9845477065766244,3.9845477065766244,3.9845477065766244,3.9845477065766244,3.9845477065766244,3.9845477065766244,3.9845477065766244,3.9845477065766244,3.9845477065766244,3.9845477065766244,3.9845477065766244,3.9845477065766244,3.9845477065766244,3.9845477065766244,3.9845477065766244,3.9845477065766244,3.9845477065766244,3.9845477065766244,3.9845477065766244,3.9845477065766244,3.9845477065766244,3.9845477065766244,3.9845477065766244,3.9845477065766244,3.9845477065766244,3.9845477065766244,3.9845477065766244,3.9845477065766244,3.9845477065766244,3.9845477065766244,3.9845477065766244,3.9845477065766244,3.9845477065766244,3.9845477065766244,3.9845477065766244,3.9845477065766244,3.9845477065766244,3.9845477065766244,3.9845477065766244,3.9845477065766244,3.9845477065766244,3.9845477065766244,3.9845477065766244,3.9845477065766244,3.9845477065766244,3.9845477065766244,3.9845477065766244,3.9845477065766244,3.9845477065766244,3.9845477065766244,3.9845477065766244,3.9845477065766244,3.9845477065766244,3.9845477065766244,3.9845477065766244,3.9845477065766244,3.9845477065766244,3.9845477065766244,3.9845477065766244,3.9845477065766244,3.9845477065766244,3.9845477065766244,3.9845477065766244,3.9845477065766244,3.9845477065766244,3.9845477065766244,3.9845477065766244,3.9845477065766244,3.9845477065766244,3.9845477065766244,3.9845477065766244,3.9845477065766244,3.9845477065766244,3.9845477065766244,3.9845477065766244,3.9845477065766244,3.9845477065766244,3.9845477065766244,3.9845477065766244,3.9845477065766244,3.9845477065766244,3.9845477065766244,3.9845477065766244,3.9845477065766244,3.9845477065766244,3.9845477065766244,3.9845477065766244,3.9845477065766244,3.9845477065766244,3.9845477065766244,3.9845477065766244,3.9845477065766244,3.9845477065766244,3.9845477065766244,3.9845477065766244,3.9845477065766244,3.9845477065766244,3.9845477065766244,3.9845477065766244,3.9845477065766244,3.9845477065766244,3.9845477065766244,3.9845477065766244,3.9845477065766244,3.9845477065766244,3.9845477065766244,3.9845477065766244,3.9845477065766244,3.9845477065766244,3.9845477065766244,3.9845477065766244,3.9845477065766244,3.9845477065766244,3.9845477065766244,3.9845477065766244,3.9845477065766244,3.9845477065766244,3.9845477065766244,3.9845477065766244,3.9845477065766244,3.9845477065766244,3.9845477065766244,3.9845477065766244,3.9845477065766244,3.9845477065766244,3.9845477065766244,3.9845477065766244,3.9845477065766244,3.9845477065766244,3.9845477065766244,3.9845477065766244,3.9845477065766244,3.9845477065766244,3.9845477065766244,3.9845477065766244,3.9845477065766244,3.9845477065766244,3.9845477065766244,3.9845477065766244,3.9845477065766244,3.9845477065766244,3.9845477065766244,3.9845477065766244,3.9845477065766244,3.9845477065766244,3.9845477065766244,3.9845477065766244,3.9845477065766244,3.9845477065766244,3.9845477065766244,3.9845477065766244,3.9845477065766244,3.9845477065766244,3.9845477065766244,3.9845477065766244,3.9845477065766244,3.9845477065766244,3.9845477065766244,3.9845477065766244,3.9845477065766244,3.9845477065766244,3.9845477065766244,3.9845477065766244,3.9845477065766244,3.9845477065766244,3.9845477065766244,3.9845477065766244,3.9845477065766244,3.9845477065766244,3.9845477065766244,3.9845477065766244,3.9845477065766244,3.9845477065766244,3.9845477065766244,3.9845477065766244,3.9845477065766244,3.9845477065766244,3.9845477065766244,3.9845477065766244,3.9845477065766244,3.9845477065766244,3.9845477065766244,3.9845477065766244,3.9845477065766244,3.9845477065766244,3.9845477065766244,3.9845477065766244,3.9845477065766244,3.9845477065766244,3.9845477065766244,3.9845477065766244,3.9845477065766244,3.9845477065766244,3.9845477065766244,3.9845477065766244,3.9845477065766244,3.9845477065766244,3.9845477065766244,3.9845477065766244,3.9845477065766244,3.9845477065766244,3.9845477065766244,3.9845477065766244,3.9845477065766244,3.9845477065766244,3.9845477065766244,3.9845477065766244,3.9845477065766244,3.9845477065766244,3.9845477065766244,3.9845477065766244,3.9845477065766244,3.9845477065766244,3.9845477065766244,3.9845477065766244,3.9845477065766244,3.9845477065766244,3.9845477065766244,3.9845477065766244,3.9845477065766244,3.9845477065766244,3.9845477065766244,3.9845477065766244,3.9845477065766244,3.9845477065766244,3.9845477065766244,3.9845477065766244,3.9845477065766244,3.9845477065766244,3.9845477065766244,3.9845477065766244,3.9845477065766244,3.9845477065766244,3.9845477065766244,3.9845477065766244,7.159452651118109,7.159452651118109,7.159452651118109,6.826712668333942,6.826712668333942,6.826712668333942,6.826712668333942,6.826712668333942,6.826712668333942,6.140068179915839,6.140068179915839,5.627697189181214,5.21004002824783,5.21004002824783,5.0555386027681575,5.0555386027681575,5.0555386027681575,5.0555386027681575,5.0555386027681575,5.0555386027681575,5.0555386027681575,5.0555386027681575,5.0555386027681575,5.0555386027681575,5.0555386027681575,5.03552949763785,4.689453106241429,4.689453106241429,4.689453106241429,4.689453106241429,4.689453106241429,4.689453106241429,4.689453106241429,4.689453106241429,4.689453106241429,4.689453106241429,4.689453106241429,4.689453106241429,4.689453106241429,4.689453106241429,4.689453106241429,4.689453106241429,4.689453106241429,4.689453106241429,4.689453106241429,4.689453106241429,4.689453106241429,4.689453106241429,4.689453106241429,4.689453106241429,4.689453106241429,4.689453106241429,4.689453106241429,4.689453106241429,4.689453106241429,4.689453106241429,4.689453106241429,4.689453106241429,4.689453106241429,4.689453106241429,4.689453106241429,4.689453106241429,4.569779386868932,4.569779386868932,4.569779386868932,4.191127423748585,4.191127423748585,4.191127423748585,4.191127423748585,4.191127423748585,4.191127423748585,4.191127423748585,4.191127423748585,4.191127423748585,4.191127423748585,4.191127423748585,4.191127423748585,4.191127423748585,4.191127423748585,4.191127423748585,4.191127423748585,4.191127423748585,4.191127423748585,4.191127423748585,4.191127423748585,4.191127423748585,4.191127423748585,4.191127423748585,4.191127423748585,4.191127423748585,4.191127423748585,4.191127423748585,4.191127423748585,4.191127423748585,4.191127423748585,4.191127423748585,4.191127423748585,4.191127423748585,4.191127423748585,4.191127423748585,4.191127423748585,4.191127423748585,4.191127423748585,4.191127423748585,4.191127423748585,4.191127423748585,4.191127423748585,4.191127423748585,4.191127423748585,4.191127423748585,4.191127423748585,4.191127423748585,4.191127423748585,4.191127423748585,4.191127423748585,4.191127423748585,4.191127423748585,4.191127423748585,4.191127423748585,4.191127423748585,4.191127423748585,4.191127423748585,4.191127423748585,4.191127423748585,4.191127423748585,4.191127423748585,4.191127423748585,4.191127423748585,4.191127423748585,4.191127423748585,4.191127423748585,4.191127423748585,4.191127423748585,4.191127423748585,4.191127423748585,4.191127423748585,4.191127423748585,4.191127423748585,4.191127423748585,4.191127423748585,4.191127423748585,4.191127423748585,4.191127423748585,4.191127423748585,4.191127423748585,4.191127423748585,4.191127423748585,4.191127423748585,4.191127423748585,4.191127423748585,4.191127423748585,4.191127423748585,4.191127423748585,4.191127423748585,4.191127423748585,4.191127423748585,4.191127423748585,4.191127423748585,4.191127423748585,4.191127423748585,4.191127423748585,4.191127423748585,4.191127423748585,4.191127423748585,4.191127423748585,4.191127423748585,4.191127423748585,4.191127423748585,4.191127423748585,4.191127423748585,4.191127423748585,4.191127423748585,4.191127423748585,4.191127423748585,4.191127423748585,4.191127423748585,4.191127423748585,4.191127423748585,4.191127423748585,4.191127423748585,4.191127423748585,4.191127423748585,4.191127423748585,4.191127423748585,4.191127423748585,4.191127423748585,4.191127423748585,4.191127423748585,4.191127423748585,4.191127423748585,4.191127423748585,4.191127423748585,4.191127423748585,4.191127423748585,4.191127423748585,4.191127423748585,4.191127423748585,4.191127423748585,4.191127423748585,4.191127423748585,4.191127423748585,4.191127423748585,4.191127423748585,4.191127423748585,4.191127423748585,4.191127423748585,4.191127423748585,4.191127423748585,4.191127423748585,4.191127423748585,4.191127423748585,4.191127423748585,4.191127423748585,4.191127423748585,4.191127423748585,4.191127423748585,4.191127423748585,4.191127423748585,4.191127423748585,4.191127423748585,4.191127423748585,4.191127423748585,4.191127423748585,4.191127423748585,4.191127423748585,4.191127423748585,4.191127423748585,4.191127423748585,4.191127423748585,4.191127423748585,4.191127423748585,4.191127423748585,4.191127423748585,4.191127423748585,4.191127423748585,4.191127423748585,4.191127423748585,4.191127423748585,4.191127423748585,4.191127423748585,4.191127423748585,4.191127423748585,4.191127423748585,4.191127423748585,4.191127423748585,4.191127423748585,4.191127423748585,4.191127423748585,4.191127423748585,4.191127423748585,4.191127423748585,4.191127423748585,4.191127423748585,4.191127423748585,4.191127423748585,4.191127423748585,4.191127423748585,4.191127423748585,4.191127423748585,4.191127423748585,4.191127423748585,4.191127423748585,4.191127423748585,4.191127423748585,4.191127423748585,4.191127423748585,4.191127423748585,4.191127423748585,4.191127423748585,4.191127423748585,4.191127423748585,4.191127423748585,4.191127423748585,4.191127423748585,4.191127423748585,4.191127423748585,4.191127423748585,4.191127423748585,4.191127423748585,4.191127423748585,4.191127423748585,4.191127423748585,4.191127423748585,4.191127423748585,4.191127423748585,4.191127423748585,4.191127423748585,4.191127423748585,4.191127423748585,4.191127423748585,4.191127423748585,4.191127423748585,4.191127423748585,4.191127423748585,4.191127423748585,4.191127423748585,4.191127423748585,4.191127423748585,4.191127423748585,4.191127423748585,4.191127423748585,4.191127423748585,4.191127423748585,4.191127423748585,4.191127423748585,4.191127423748585,4.191127423748585,4.191127423748585,4.191127423748585,4.191127423748585,4.191127423748585,4.191127423748585,4.191127423748585,4.191127423748585,4.191127423748585,4.191127423748585,4.191127423748585,4.191127423748585,4.191127423748585,4.191127423748585,4.191127423748585,4.191127423748585,4.191127423748585,4.191127423748585,4.191127423748585,4.191127423748585,4.191127423748585,4.191127423748585,4.191127423748585,4.191127423748585,4.191127423748585,4.191127423748585,4.191127423748585,4.191127423748585,4.191127423748585,4.191127423748585,4.191127423748585,4.191127423748585,4.191127423748585,4.191127423748585,4.191127423748585,4.191127423748585,4.191127423748585,4.191127423748585,4.191127423748585,4.191127423748585,4.191127423748585,4.191127423748585,4.191127423748585,4.191127423748585,4.191127423748585,4.191127423748585,4.191127423748585,4.191127423748585,4.191127423748585,4.191127423748585,4.191127423748585,4.191127423748585,4.191127423748585,4.191127423748585,4.191127423748585,4.191127423748585,4.191127423748585,4.191127423748585,4.191127423748585,4.191127423748585,4.191127423748585,4.191127423748585,4.191127423748585,4.191127423748585,4.191127423748585,4.191127423748585,4.191127423748585,4.191127423748585,4.191127423748585,4.191127423748585,4.191127423748585,4.191127423748585,4.191127423748585,4.191127423748585,4.191127423748585,4.191127423748585,4.191127423748585,4.191127423748585,4.191127423748585,4.191127423748585,4.191127423748585,4.191127423748585,4.191127423748585,4.191127423748585,4.191127423748585,4.191127423748585,4.191127423748585,4.191127423748585,4.191127423748585,4.191127423748585,4.191127423748585,4.191127423748585,4.191127423748585,4.191127423748585,4.191127423748585,4.191127423748585,4.191127423748585,4.191127423748585,4.191127423748585,4.191127423748585,4.191127423748585,4.191127423748585,4.191127423748585,4.191127423748585,4.191127423748585,4.191127423748585,4.191127423748585,4.191127423748585,4.191127423748585,4.191127423748585,4.191127423748585,4.191127423748585,4.191127423748585,4.191127423748585,4.191127423748585,4.191127423748585,4.191127423748585,4.191127423748585,4.191127423748585,4.191127423748585,4.191127423748585,4.191127423748585,4.191127423748585,4.191127423748585,4.191127423748585,4.191127423748585,4.191127423748585,4.191127423748585,4.191127423748585,4.191127423748585,4.191127423748585,4.191127423748585,4.191127423748585,4.191127423748585,4.191127423748585,4.191127423748585,4.191127423748585,4.191127423748585,4.191127423748585,4.191127423748585,4.191127423748585,4.191127423748585,4.191127423748585,4.191127423748585,4.191127423748585,4.191127423748585,4.191127423748585,4.191127423748585,4.191127423748585,4.191127423748585,4.191127423748585,4.084788255402222,4.084788255402222,4.084788255402222,4.084788255402222,4.084788255402222,4.084788255402222,4.084788255402222,4.084788255402222,4.084788255402222,4.084788255402222,4.084788255402222,4.084788255402222,4.084788255402222,4.084788255402222,4.084788255402222,4.084788255402222,4.084788255402222,4.084788255402222,4.084788255402222,4.084788255402222,4.084788255402222,4.084788255402222,4.084788255402222,4.084788255402222,4.084788255402222,4.084788255402222,4.084788255402222,4.084788255402222,4.084788255402222,4.084788255402222,4.084788255402222,4.084788255402222,4.084788255402222,4.084788255402222,4.084788255402222,4.084788255402222,4.084788255402222,4.084788255402222,4.084788255402222,4.084788255402222,4.084788255402222,4.084788255402222,4.084788255402222,4.084788255402222,4.084788255402222,4.057896969127577,4.057896969127577,4.057896969127577,4.057896969127577,4.057896969127577,4.057896969127577,4.057896969127577,4.057896969127577,4.057896969127577,4.057896969127577,4.057896969127577,4.057896969127577,4.057896969127577,4.057896969127577,4.057896969127577,4.057896969127577,4.057896969127577,4.057896969127577,4.057896969127577,4.057896969127577,4.057896969127577,4.057896969127577,4.057896969127577,4.057896969127577,4.057896969127577,4.057896969127577,4.057896969127577,4.057896969127577,4.057896969127577,4.057896969127577,4.057896969127577,4.057896969127577,4.057896969127577,4.057896969127577,4.057896969127577,4.057896969127577,4.057896969127577,4.057896969127577,4.057896969127577,4.057896969127577,4.057896969127577,4.057896969127577,4.057896969127577,4.057896969127577,4.057896969127577,4.057896969127577,4.057896969127577,4.057896969127577,4.057896969127577,4.057896969127577,4.057896969127577,4.057896969127577,4.057896969127577,4.057896969127577,4.057896969127577,4.057896969127577,4.057896969127577,4.057896969127577,4.057896969127577,4.057896969127577,4.057896969127577,4.057896969127577,4.057896969127577,4.057896969127577,4.057896969127577,4.057896969127577,4.057896969127577,4.057896969127577,4.057896969127577,4.057896969127577,4.057896969127577,4.057896969127577,4.057896969127577,4.057896969127577,4.057896969127577,4.057896969127577,4.057896969127577,4.057896969127577,4.057896969127577,4.057896969127577,4.057896969127577,4.057896969127577,4.057896969127577,4.057896969127577,4.057896969127577,4.057896969127577,4.057896969127577,4.057896969127577,4.057896969127577,4.057896969127577,4.057896969127577,4.057896969127577,4.057896969127577,4.057896969127577,4.057896969127577,4.057896969127577,4.057896969127577,4.057896969127577,4.057896969127577,4.057896969127577,4.057896969127577,4.057896969127577,4.057896969127577,4.057896969127577,4.057896969127577,4.057896969127577,4.057896969127577,4.057896969127577,4.057896969127577,4.057896969127577,4.057896969127577,4.057896969127577,4.057896969127577,4.057896969127577,4.057896969127577,4.057896969127577,4.057896969127577,4.057896969127577,4.057896969127577,4.057896969127577,4.057896969127577,4.057896969127577,4.057896969127577,4.057896969127577,4.057896969127577,4.057896969127577,4.057896969127577,4.057896969127577,4.057896969127577,4.057896969127577,4.057896969127577,4.057896969127577,4.057896969127577,4.057896969127577,4.057896969127577,4.057896969127577,4.057896969127577,4.057896969127577,4.057896969127577,4.057896969127577,4.057896969127577,4.057896969127577,4.057896969127577,4.057896969127577,4.057896969127577,4.057896969127577,4.057896969127577,4.057896969127577,4.057896969127577,4.057896969127577,4.057896969127577,4.057896969127577,4.057896969127577,4.057896969127577,4.057896969127577,4.057896969127577,4.057896969127577,4.057896969127577,4.057896969127577,4.057896969127577,4.057896969127577,4.057896969127577,4.057896969127577,4.057896969127577,4.057896969127577,4.057896969127577,4.057896969127577,4.057896969127577,4.057896969127577,4.057896969127577,4.057896969127577,4.057896969127577,4.057896969127577,4.057896969127577,4.057896969127577,4.057896969127577,4.057896969127577,4.057896969127577,4.057896969127577,4.057896969127577,4.057896969127577,4.057896969127577,4.057896969127577,4.057896969127577,4.057896969127577,4.057896969127577,4.057896969127577,4.057896969127577,4.057896969127577,4.057896969127577,4.057896969127577,4.057896969127577,4.057896969127577,4.057896969127577,4.057896969127577,4.057896969127577,4.057896969127577,4.057896969127577,4.057896969127577,4.057896969127577,4.057896969127577,4.057896969127577,4.057896969127577,4.057896969127577,4.057896969127577,4.057896969127577,4.057896969127577,4.057896969127577,4.057896969127577,4.057896969127577,4.057896969127577,4.057896969127577,4.057896969127577,4.057896969127577,4.057896969127577,4.057896969127577,4.057896969127577,4.057896969127577,4.057896969127577,4.057896969127577,4.057896969127577,4.057896969127577,4.057896969127577,4.057896969127577,4.057896969127577,4.057896969127577,4.057896969127577,4.057896969127577,4.057896969127577,4.057896969127577,4.057896969127577,4.057896969127577,4.057896969127577,4.057896969127577,4.057896969127577,4.057896969127577,4.057896969127577,4.057896969127577,4.057896969127577,4.057896969127577,4.057896969127577,4.057896969127577,4.057896969127577,4.057896969127577,4.057896969127577,4.057896969127577,4.057896969127577,4.057896969127577,4.057896969127577,4.057896969127577,4.057896969127577,4.057896969127577,4.057896969127577,4.057896969127577,4.057896969127577,4.057896969127577,4.057896969127577,4.057896969127577,4.057896969127577,4.057896969127577,4.057896969127577,4.057896969127577,4.057896969127577,4.057896969127577,4.057896969127577,4.057896969127577,4.057896969127577,4.057896969127577,4.057896969127577,4.057896969127577,4.057896969127577,4.057896969127577,4.057896969127577,4.057896969127577,4.057896969127577,4.057896969127577,4.057896969127577,4.057896969127577,4.057896969127577,4.057896969127577,4.057896969127577,4.057896969127577,4.057896969127577,4.057896969127577,4.057896969127577,4.057896969127577,4.057896969127577,4.057896969127577,4.057896969127577,4.057896969127577,4.057896969127577,4.057896969127577,4.057896969127577,4.057896969127577,4.057896969127577,4.057896969127577,4.057896969127577,4.057896969127577,4.057896969127577,4.057896969127577,4.057896969127577,4.057896969127577,4.057896969127577,4.057896969127577,4.057896969127577,4.057896969127577,4.057896969127577,4.057896969127577,4.057896969127577,4.057896969127577,4.057896969127577,4.057896969127577,4.057896969127577,4.057896969127577,4.057896969127577,4.057896969127577,4.057896969127577,4.057896969127577,4.057896969127577,4.057896969127577,4.057896969127577,4.057896969127577,4.057896969127577,4.057896969127577,4.057896969127577,4.057896969127577,4.057896969127577,4.057896969127577,4.057896969127577,4.057896969127577,4.057896969127577,4.057896969127577,4.057896969127577,4.057896969127577,4.057896969127577,4.057896969127577,4.057896969127577,4.057896969127577,4.057896969127577,4.057896969127577,4.057896969127577,4.057896969127577,4.057896969127577,4.057896969127577,4.057896969127577,4.057896969127577,4.057896969127577,4.057896969127577,4.057896969127577,4.057896969127577,4.057896969127577,4.057896969127577,4.057896969127577,4.057896969127577,4.057896969127577,4.057896969127577,4.057896969127577,4.057896969127577,4.057896969127577,4.057896969127577,4.057896969127577,4.057896969127577,4.057896969127577,4.057896969127577,4.057896969127577,4.057896969127577,4.057896969127577,4.057896969127577,4.057896969127577,4.057896969127577,4.057896969127577,4.057896969127577,4.057896969127577,4.057896969127577,4.057896969127577,4.057896969127577,4.057896969127577,4.057896969127577,4.057896969127577,4.057896969127577,4.057896969127577,4.057896969127577,4.057896969127577,4.057896969127577,4.057896969127577,4.057896969127577,4.057896969127577,4.057896969127577,4.057896969127577,4.057896969127577,4.057896969127577,4.057896969127577,4.057896969127577,4.057896969127577,4.057896969127577,4.057896969127577,4.057896969127577,4.057896969127577,4.057896969127577,4.057896969127577,4.057896969127577,4.057896969127577,4.057896969127577,4.057896969127577,4.057896969127577,4.057896969127577,4.057896969127577,4.057896969127577,4.057896969127577,4.057896969127577,4.057896969127577,4.057896969127577,4.057896969127577,4.057896969127577,4.057896969127577,4.057896969127577,4.057896969127577,4.057896969127577,4.057896969127577,4.057896969127577,4.057896969127577,4.057896969127577,4.057896969127577,4.057896969127577,4.057896969127577,4.057896969127577,4.057896969127577,4.057896969127577,4.057896969127577,4.057896969127577,4.057896969127577,4.057896969127577,4.057896969127577,4.057896969127577,4.057896969127577,4.057896969127577,4.057896969127577,4.057896969127577,4.057896969127577,4.057896969127577,4.057896969127577,4.057896969127577,4.057896969127577,4.057896969127577,4.057896969127577,4.057896969127577,4.057896969127577,4.057896969127577,4.057896969127577,4.057896969127577,4.057896969127577,4.057896969127577,4.057896969127577,4.057896969127577,4.057896969127577,4.057896969127577,4.057896969127577,4.057896969127577,4.057896969127577,4.057896969127577,4.057896969127577,4.057896969127577,4.057896969127577,4.057896969127577,4.057896969127577,4.057896969127577,4.057896969127577,4.057896969127577,4.057896969127577,4.057896969127577,4.057896969127577,4.057896969127577,4.057896969127577,4.057896969127577,4.057896969127577,4.057896969127577,4.057896969127577,4.057896969127577,4.057896969127577,4.057896969127577,4.057896969127577,4.057896969127577,4.057896969127577,4.057896969127577,4.057896969127577,4.057896969127577,4.057896969127577,4.057896969127577,4.057896969127577,4.057896969127577,4.057896969127577,4.057896969127577,4.057896969127577,4.057896969127577,4.057896969127577,4.057896969127577,4.057896969127577,4.057896969127577,7.4363934497405815,7.337764146284993,6.8327124844468345,6.8327124844468345,6.28914754282894,6.28914754282894,6.28914754282894,6.28914754282894,6.28914754282894,6.28914754282894,6.28914754282894,6.19346156433657,6.19346156433657,6.182917467560991,6.182917467560991,6.182917467560991,6.182917467560991,6.182917467560991,6.182917467560991,6.182917467560991,6.182917467560991,6.182917467560991,6.182917467560991,6.182917467560991,6.182917467560991,6.182917467560991,6.182917467560991,6.182917467560991,6.182917467560991,6.182917467560991,6.182917467560991,6.182917467560991,6.182917467560991,6.182917467560991,6.182917467560991,4.998015272653707,4.998015272653707,4.998015272653707,4.266538600834721,4.266538600834721,4.266538600834721,4.266538600834721,4.17789430363856,4.17789430363856,4.17789430363856,4.17789430363856,4.17789430363856,4.17789430363856,4.17789430363856,4.17789430363856,4.17789430363856,4.17789430363856,4.17789430363856,4.17789430363856,4.17789430363856,4.17789430363856,4.17789430363856,4.17789430363856,4.17789430363856,4.17789430363856,4.17789430363856,4.17789430363856,4.17789430363856,4.17789430363856,4.17789430363856,4.17789430363856,4.17789430363856,4.17789430363856,4.17789430363856,4.17789430363856,4.17789430363856,4.17789430363856,4.17789430363856,4.17789430363856,4.17789430363856,4.17789430363856,4.17789430363856,4.17789430363856,4.17789430363856,4.17789430363856,4.17789430363856,4.17789430363856,4.17789430363856,4.17789430363856,4.17789430363856,4.17789430363856,4.17789430363856,4.17789430363856,4.17789430363856,4.17789430363856,4.17789430363856,4.17789430363856,4.17789430363856,4.17789430363856,4.17789430363856,4.17789430363856,4.1165892088400895,4.1165892088400895,4.1165892088400895,4.1165892088400895,4.1165892088400895,4.1165892088400895,4.1165892088400895,4.1165892088400895,4.1165892088400895,4.1165892088400895,4.1165892088400895,4.1165892088400895,4.1165892088400895,4.1165892088400895,4.1165892088400895,4.1165892088400895,4.1165892088400895,4.1165892088400895,4.1165892088400895,4.1165892088400895,4.1165892088400895,4.1165892088400895,4.1165892088400895,4.1165892088400895,4.1165892088400895,4.1165892088400895,4.1165892088400895,4.1165892088400895,4.1165892088400895,4.1165892088400895,4.1165892088400895,4.1165892088400895,4.1165892088400895,4.1165892088400895,4.1165892088400895,4.1165892088400895,4.1165892088400895,4.1165892088400895,4.1165892088400895,4.1165892088400895,4.1165892088400895,4.1165892088400895,4.1165892088400895,4.1165892088400895,4.1165892088400895,4.1165892088400895,4.1165892088400895,4.1165892088400895,4.1165892088400895,4.1165892088400895,4.1165892088400895,4.1165892088400895,4.1165892088400895,4.1165892088400895,4.1165892088400895,4.1165892088400895,4.1165892088400895,4.1165892088400895,4.1165892088400895,4.1165892088400895,4.1165892088400895,4.1165892088400895,4.1165892088400895,4.1165892088400895,4.1165892088400895,4.1165892088400895,4.1165892088400895,4.1165892088400895,4.1165892088400895,4.1165892088400895,4.1165892088400895,4.1165892088400895,4.1165892088400895,4.1165892088400895,4.1165892088400895,4.1165892088400895,4.1165892088400895,4.1165892088400895,4.1165892088400895,4.1165892088400895,4.1165892088400895,4.1165892088400895,4.1165892088400895,4.1165892088400895,4.1165892088400895,4.1165892088400895,4.1165892088400895,4.1165892088400895,4.1165892088400895,4.1165892088400895,4.1165892088400895,4.1165892088400895,4.1165892088400895,4.1165892088400895,4.1165892088400895,4.1165892088400895,4.1165892088400895,4.1165892088400895,4.1165892088400895,4.1165892088400895,4.1165892088400895,4.1165892088400895,4.0932999529394785,4.0932999529394785,4.0932999529394785,4.0932999529394785,4.0932999529394785,4.0932999529394785,4.0932999529394785,4.0932999529394785,4.0932999529394785,4.0932999529394785,4.0932999529394785,4.0932999529394785,4.0932999529394785,4.0932999529394785,4.0932999529394785,4.0932999529394785,4.0932999529394785,4.0932999529394785,4.0932999529394785,4.0932999529394785,4.0932999529394785,4.0932999529394785,4.0932999529394785,4.0932999529394785,4.0932999529394785,4.0932999529394785,4.0932999529394785,4.0932999529394785,4.0932999529394785,4.0932999529394785,4.0932999529394785,4.0932999529394785,4.0932999529394785,4.0932999529394785,4.0932999529394785,4.0932999529394785,4.0932999529394785,4.0932999529394785,4.0932999529394785,4.0932999529394785,4.0932999529394785,4.0932999529394785,4.0932999529394785,4.0932999529394785,4.0932999529394785,4.0932999529394785,4.0932999529394785,4.0932999529394785,4.0932999529394785,4.0932999529394785,4.0932999529394785,4.0932999529394785,4.0932999529394785,4.0932999529394785,4.0932999529394785,4.0932999529394785,4.0932999529394785,4.0932999529394785,4.0932999529394785,4.0932999529394785,4.0932999529394785,4.0932999529394785,4.0932999529394785,4.0932999529394785,4.0932999529394785,4.0932999529394785,4.0932999529394785,4.0932999529394785,4.0932999529394785,4.0932999529394785,4.0932999529394785,4.0932999529394785,4.0932999529394785,4.0932999529394785,4.0932999529394785,4.0932999529394785,4.0932999529394785,4.0932999529394785,4.0932999529394785,4.0932999529394785,4.0932999529394785,4.0932999529394785,4.0932999529394785,4.0932999529394785,4.0932999529394785,4.0932999529394785,4.0932999529394785,4.0932999529394785,4.0932999529394785,4.0932999529394785,4.0932999529394785,4.0932999529394785,4.0932999529394785,4.0932999529394785,4.0932999529394785,4.0932999529394785,4.0932999529394785,4.0932999529394785,4.0932999529394785,4.0932999529394785,4.0932999529394785,4.0932999529394785,4.0932999529394785,4.0932999529394785,4.0932999529394785,4.0932999529394785,4.0932999529394785,4.0932999529394785,4.0932999529394785,4.0932999529394785,4.0932999529394785,4.0932999529394785,4.0932999529394785,4.0932999529394785,4.0932999529394785,4.0932999529394785,4.0932999529394785,4.0932999529394785,4.0932999529394785,4.0932999529394785,4.0932999529394785,4.0932999529394785,4.0932999529394785,4.0932999529394785,4.0932999529394785,4.0932999529394785,4.0932999529394785,4.0932999529394785,4.0932999529394785,4.0932999529394785,4.0932999529394785,4.0932999529394785,4.0932999529394785,4.0932999529394785,4.0932999529394785,4.0932999529394785,4.0932999529394785,4.0932999529394785,4.0932999529394785,4.0932999529394785,3.9892392809409083,3.9892392809409083,3.9892392809409083,3.6655687089166724,3.6655687089166724,3.6655687089166724,3.664284136865711,3.664284136865711,3.664284136865711,3.664284136865711,3.664284136865711,3.664284136865711,3.664284136865711,3.664284136865711,3.664284136865711,3.664284136865711,3.664284136865711,3.664284136865711,3.664284136865711,3.664284136865711,3.664284136865711,3.664284136865711,3.664284136865711,3.664284136865711,3.664284136865711,3.664284136865711,3.664284136865711,3.664284136865711,3.664284136865711,3.664284136865711,3.664284136865711,3.664284136865711,3.664284136865711,3.664284136865711,3.664284136865711,3.664284136865711,3.664284136865711,3.664284136865711,3.664284136865711,3.664284136865711,3.664284136865711,3.664284136865711,3.664284136865711,3.664284136865711,3.664284136865711,3.664284136865711,3.664284136865711,3.664284136865711,3.664284136865711,3.664284136865711,3.664284136865711,3.664284136865711,3.664284136865711,3.664284136865711,3.664284136865711,3.664284136865711,3.664284136865711,3.664284136865711,3.664284136865711,3.664284136865711,3.664284136865711,3.664284136865711,3.664284136865711,3.664284136865711,3.664284136865711,3.664284136865711,3.664284136865711,3.664284136865711,3.664284136865711,3.664284136865711,3.664284136865711,3.664284136865711,3.664284136865711,3.664284136865711,3.664284136865711,3.664284136865711,3.664284136865711,3.664284136865711,3.664284136865711,3.664284136865711,3.664284136865711,3.664284136865711,3.664284136865711,3.664284136865711,3.664284136865711,3.664284136865711,3.664284136865711,3.664284136865711,3.664284136865711,3.664284136865711,3.664284136865711,3.664284136865711,3.664284136865711,3.664284136865711,3.664284136865711,3.664284136865711,3.664284136865711,3.664284136865711,3.664284136865711,3.664284136865711,3.664284136865711,3.664284136865711,3.664284136865711,3.664284136865711,3.664284136865711,3.664284136865711,3.664284136865711,3.664284136865711,3.664284136865711,3.664284136865711,3.664284136865711,3.664284136865711,3.664284136865711,3.664284136865711,3.664284136865711,3.664284136865711,3.664284136865711,3.664284136865711,3.664284136865711,3.664284136865711,3.664284136865711,3.664284136865711,3.664284136865711,3.664284136865711,3.664284136865711,3.664284136865711,3.664284136865711,3.664284136865711,3.664284136865711,3.664284136865711,3.664284136865711,3.664284136865711,3.664284136865711,3.664284136865711,3.664284136865711,3.664284136865711,3.664284136865711,3.664284136865711,3.664284136865711,3.664284136865711,3.664284136865711,3.664284136865711,3.664284136865711,3.664284136865711,3.664284136865711,3.664284136865711,3.664284136865711,3.664284136865711,3.664284136865711,3.664284136865711,3.664284136865711,3.664284136865711,3.664284136865711,3.664284136865711,3.664284136865711,3.664284136865711,3.664284136865711,3.664284136865711,3.664284136865711,3.664284136865711,3.664284136865711,3.664284136865711,3.664284136865711,3.664284136865711,3.664284136865711,3.664284136865711,3.664284136865711,3.664284136865711,3.664284136865711,3.664284136865711,3.664284136865711,3.664284136865711,3.664284136865711,3.664284136865711,3.664284136865711,3.664284136865711,3.664284136865711,3.664284136865711,3.664284136865711,3.664284136865711,3.664284136865711,3.664284136865711,3.664284136865711,3.664284136865711,3.664284136865711,3.664284136865711,3.664284136865711,3.664284136865711,3.664284136865711,3.664284136865711,3.664284136865711,3.664284136865711,3.664284136865711,3.664284136865711,3.664284136865711,3.664284136865711,3.664284136865711,3.664284136865711,3.664284136865711,3.664284136865711,3.664284136865711,3.664284136865711,3.664284136865711,3.664284136865711,3.664284136865711,3.664284136865711,3.664284136865711,3.664284136865711,3.664284136865711,3.664284136865711,3.664284136865711,3.664284136865711,3.664284136865711,3.664284136865711,3.664284136865711,3.664284136865711,3.664284136865711,3.664284136865711,3.664284136865711,3.664284136865711,3.664284136865711,3.664284136865711,3.664284136865711,3.664284136865711,3.664284136865711,3.664284136865711,3.664284136865711,3.664284136865711,3.664284136865711,3.664284136865711,3.664284136865711,3.664284136865711,3.664284136865711,3.664284136865711,3.664284136865711,3.664284136865711,3.664284136865711,3.664284136865711,3.664284136865711,3.664284136865711,3.664284136865711,3.664284136865711,3.664284136865711,3.664284136865711,3.664284136865711,3.664284136865711,3.664284136865711,3.664284136865711,3.664284136865711,3.664284136865711,3.664284136865711,3.664284136865711,3.664284136865711,3.664284136865711,3.664284136865711,3.664284136865711,3.664284136865711,3.664284136865711,3.664284136865711,3.664284136865711,3.664284136865711,3.664284136865711,3.664284136865711,3.664284136865711,3.664284136865711,3.664284136865711,3.664284136865711,3.664284136865711,3.664284136865711,3.664284136865711,3.664284136865711,3.664284136865711,3.664284136865711,3.664284136865711,3.664284136865711,3.664284136865711,3.664284136865711,3.664284136865711,3.664284136865711,3.664284136865711,3.664284136865711,3.664284136865711,3.664284136865711,3.664284136865711,3.664284136865711,3.664284136865711,3.664284136865711,3.664284136865711,3.664284136865711,3.664284136865711,3.664284136865711,3.664284136865711,3.664284136865711,3.664284136865711,3.664284136865711,3.664284136865711,3.664284136865711,3.664284136865711,3.664284136865711,3.664284136865711,3.664284136865711,3.664284136865711,3.664284136865711,3.664284136865711,3.664284136865711,3.664284136865711,3.664284136865711,3.664284136865711,3.664284136865711,3.664284136865711,3.664284136865711,3.664284136865711,3.664284136865711,3.664284136865711,3.664284136865711,3.664284136865711,3.664284136865711,3.664284136865711,3.664284136865711,3.664284136865711,3.664284136865711,3.664284136865711,3.664284136865711,3.664284136865711,3.664284136865711,3.664284136865711,3.664284136865711,3.664284136865711,3.664284136865711,3.664284136865711,3.664284136865711,3.664284136865711,3.664284136865711,3.664284136865711,3.664284136865711,3.664284136865711,3.664284136865711,3.664284136865711,3.664284136865711,3.664284136865711,3.664284136865711,3.664284136865711,3.664284136865711,3.664284136865711,3.664284136865711,3.664284136865711,3.664284136865711,3.664284136865711,3.664284136865711,3.664284136865711,3.664284136865711,3.664284136865711,3.664284136865711,3.664284136865711,3.664284136865711,3.664284136865711,3.664284136865711,3.664284136865711,3.664284136865711,3.664284136865711,3.664284136865711,3.664284136865711,3.664284136865711,3.664284136865711,3.664284136865711,3.664284136865711,3.664284136865711,3.664284136865711,3.664284136865711,3.664284136865711,3.664284136865711,3.664284136865711,3.664284136865711,3.664284136865711,3.664284136865711,3.664284136865711,3.664284136865711,3.664284136865711,3.664284136865711,3.664284136865711,3.664284136865711,3.664284136865711,3.664284136865711,3.664284136865711,3.664284136865711,3.664284136865711,3.664284136865711,3.664284136865711,3.664284136865711,3.664284136865711,3.664284136865711,3.664284136865711,3.664284136865711,3.664284136865711,3.664284136865711,3.664284136865711,3.664284136865711,3.664284136865711,3.664284136865711,3.664284136865711,3.664284136865711,3.664284136865711,3.664284136865711,3.664284136865711,3.664284136865711,3.664284136865711,3.664284136865711,3.664284136865711,3.664284136865711,3.664284136865711,3.664284136865711,3.664284136865711,3.664284136865711,3.664284136865711,3.664284136865711,3.664284136865711,3.664284136865711,3.664284136865711,3.664284136865711,3.664284136865711,3.664284136865711,3.664284136865711,3.664284136865711,3.664284136865711,3.664284136865711,3.664284136865711,3.664284136865711,3.664284136865711,3.664284136865711,3.664284136865711,3.664284136865711,3.664284136865711,3.664284136865711,3.664284136865711,3.664284136865711,3.664284136865711,3.664284136865711,3.664284136865711,3.664284136865711,3.664284136865711,3.664284136865711,3.664284136865711,3.664284136865711,3.664284136865711,3.664284136865711,3.664284136865711,3.664284136865711,3.664284136865711,3.664284136865711,3.664284136865711,3.664284136865711,3.664284136865711,3.664284136865711,3.664284136865711,3.664284136865711,3.664284136865711,3.664284136865711,3.664284136865711,3.664284136865711,3.664284136865711,3.664284136865711,3.664284136865711,3.664284136865711,3.664284136865711,3.664284136865711,3.664284136865711,3.664284136865711,3.664284136865711,3.664284136865711,3.664284136865711,3.664284136865711,3.664284136865711,3.664284136865711,3.664284136865711,3.664284136865711,3.664284136865711,3.664284136865711,3.664284136865711,3.664284136865711,3.664284136865711,3.664284136865711,3.664284136865711,3.664284136865711,3.664284136865711,3.664284136865711,3.664284136865711,3.664284136865711,3.664284136865711,3.664284136865711,3.664284136865711,3.664284136865711,3.664284136865711,3.664284136865711,3.664284136865711,3.664284136865711,3.664284136865711,3.664284136865711,3.664284136865711,3.664284136865711,3.664284136865711,3.664284136865711,3.664284136865711,3.664284136865711,3.664284136865711,3.664284136865711,3.664284136865711,3.664284136865711,3.664284136865711,3.664284136865711,3.664284136865711,3.664284136865711,3.664284136865711,3.664284136865711,3.664284136865711,3.664284136865711,3.664284136865711,3.664284136865711,3.664284136865711,3.664284136865711,3.664284136865711,3.664284136865711,3.664284136865711,3.664284136865711,3.664284136865711,3.664284136865711,3.664284136865711,3.664284136865711,3.664284136865711,3.664284136865711,3.664284136865711,3.664284136865711,3.664284136865711,3.664284136865711,3.664284136865711,3.664284136865711,3.664284136865711,3.664284136865711,3.664284136865711,3.664284136865711,3.664284136865711,3.664284136865711,3.664284136865711,3.664284136865711,3.664284136865711,3.664284136865711,3.664284136865711,3.664284136865711,3.664284136865711,3.664284136865711,3.664284136865711,3.664284136865711,3.664284136865711,3.664284136865711,3.664284136865711,3.664284136865711,3.664284136865711,3.664284136865711,3.664284136865711,3.664284136865711,3.664284136865711,3.664284136865711,3.664284136865711,3.664284136865711,3.664284136865711,3.664284136865711,3.664284136865711,3.664284136865711,3.664284136865711,3.664284136865711,3.664284136865711,3.664284136865711,3.664284136865711,3.664284136865711,3.664284136865711,3.664284136865711,3.664284136865711,3.664284136865711,3.664284136865711,3.664284136865711,3.664284136865711,3.664284136865711,3.664284136865711,3.664284136865711,3.664284136865711,3.664284136865711,3.664284136865711,3.664284136865711,3.664284136865711,3.664284136865711,3.664284136865711,3.664284136865711,3.664284136865711,3.664284136865711,3.664284136865711,3.664284136865711,3.664284136865711,3.664284136865711,3.664284136865711,3.664284136865711,3.664284136865711,3.664284136865711,3.664284136865711,3.664284136865711,3.664284136865711,3.664284136865711,3.664284136865711,3.664284136865711,3.664284136865711,3.664284136865711,3.664284136865711,3.664284136865711,3.664284136865711,3.664284136865711,3.664284136865711,3.664284136865711,3.664284136865711,3.664284136865711,3.664284136865711,3.664284136865711,3.664284136865711,3.664284136865711,3.664284136865711,3.664284136865711,3.664284136865711,3.664284136865711,3.664284136865711,3.664284136865711,3.664284136865711,3.664284136865711,3.664284136865711,3.664284136865711,3.664284136865711,3.664284136865711,3.664284136865711,3.664284136865711,3.664284136865711,3.664284136865711,3.664284136865711,3.664284136865711,3.664284136865711,3.664284136865711,3.664284136865711,3.664284136865711,3.664284136865711,3.664284136865711,3.664284136865711,3.664284136865711,3.664284136865711,3.664284136865711,3.664284136865711,3.664284136865711,3.664284136865711,3.664284136865711,3.664284136865711,3.664284136865711,3.664284136865711,3.664284136865711,3.664284136865711,3.664284136865711,3.664284136865711,3.664284136865711,3.664284136865711,7.998577086761227,7.998577086761227,7.981598662409633,7.849675645833999,7.849675645833999,7.849675645833999,7.849675645833999,7.849675645833999,7.718030045361001,7.718030045361001,7.718030045361001,7.718030045361001,7.718030045361001,7.718030045361001,7.718030045361001,7.718030045361001,7.718030045361001,7.718030045361001,7.718030045361001,7.718030045361001,7.718030045361001,7.718030045361001,7.718030045361001,7.370947135901165,7.370947135901165,7.370947135901165,7.370947135901165,7.370947135901165,7.370947135901165,7.370947135901165,7.370947135901165,7.370947135901165,7.370947135901165,7.370947135901165,7.370947135901165,7.370947135901165,7.370947135901165,7.370947135901165,7.370947135901165,7.370947135901165,7.370947135901165,7.370947135901165,7.370947135901165,7.370947135901165,7.370947135901165,7.370947135901165,7.370947135901165,7.370947135901165,7.370947135901165,7.370947135901165,7.370947135901165,7.370947135901165,7.370947135901165,7.370947135901165,7.370947135901165,7.370947135901165,7.370947135901165,7.370947135901165,7.370947135901165,7.370947135901165,7.370947135901165,7.370947135901165,7.370947135901165,7.370947135901165,7.370947135901165,7.370947135901165,7.370947135901165,7.370947135901165,7.370947135901165,7.370947135901165,7.370947135901165,7.370947135901165,7.370947135901165,7.370947135901165,7.370947135901165,7.370947135901165,7.370947135901165,7.370947135901165,7.370947135901165,7.370947135901165,7.370947135901165,7.370947135901165,7.370947135901165,7.370947135901165,7.370947135901165,7.370947135901165,7.370947135901165,7.370947135901165,7.370947135901165,7.370947135901165,7.370947135901165,7.370947135901165,7.370947135901165,7.370947135901165,7.370947135901165,7.370947135901165,7.370947135901165,7.370947135901165,7.370947135901165,7.370947135901165,7.370947135901165,7.370947135901165,7.370947135901165,7.370947135901165,7.370947135901165,7.370947135901165,7.370947135901165,7.370947135901165,7.370947135901165,7.370947135901165,7.370947135901165,7.370947135901165,7.370947135901165,7.370947135901165,7.370947135901165,7.370947135901165,7.370947135901165,7.370947135901165,7.370947135901165,7.370947135901165,7.370947135901165,7.370947135901165,7.370947135901165,7.370947135901165,6.697554864031451,6.409890529126631,6.112966471788349,6.112966471788349,6.112966471788349,6.112966471788349,6.112966471788349,5.7881537618121675,5.7881537618121675,5.7881537618121675,5.7881537618121675,5.7881537618121675,5.7881537618121675,5.620291034928901,5.620291034928901,5.620291034928901,5.620291034928901,5.620291034928901,5.620291034928901,5.620291034928901,5.620291034928901,5.620291034928901,5.620291034928901,5.620291034928901,5.620291034928901,5.620291034928901,5.620291034928901,5.620291034928901,5.620291034928901,5.620291034928901,5.620291034928901,5.620291034928901,5.620291034928901,5.620291034928901,5.620291034928901,5.620291034928901,5.620291034928901,5.620291034928901,5.620291034928901,5.620291034928901,5.620291034928901,5.620291034928901,5.620291034928901,5.620291034928901,5.620291034928901,5.620291034928901,5.620291034928901,5.620291034928901,5.620291034928901,5.620291034928901,5.620291034928901,5.620291034928901,5.620291034928901,5.620291034928901,5.620291034928901,5.620291034928901,5.620291034928901,5.620291034928901,5.620291034928901,5.620291034928901,5.620291034928901,5.620291034928901,5.620291034928901,5.620291034928901,5.620291034928901,5.620291034928901,5.620291034928901,5.620291034928901,5.620291034928901,5.620291034928901,5.620291034928901,5.620291034928901,5.620291034928901,5.620291034928901,5.620291034928901,5.620291034928901,5.620291034928901,5.620291034928901,5.620291034928901,5.620291034928901,5.620291034928901,5.620291034928901,5.620291034928901,5.620291034928901,5.620291034928901,5.620291034928901,5.620291034928901,5.620291034928901,5.620291034928901,5.620291034928901,5.620291034928901,5.620291034928901,5.620291034928901,5.620291034928901,5.620291034928901,5.620291034928901,5.620291034928901,5.620291034928901,5.620291034928901,5.47357643413674,5.47357643413674,5.47357643413674,5.47357643413674,5.47357643413674,5.464662689812522,5.464662689812522,5.464662689812522,5.464662689812522,5.464662689812522,5.464662689812522,5.464662689812522,5.464662689812522,5.464662689812522,5.464662689812522,5.464662689812522,5.464662689812522,5.464662689812522,5.464662689812522,5.464662689812522,5.464662689812522,5.464662689812522,5.346237993838027,5.346237993838027,5.346237993838027,5.346237993838027,5.346237993838027,5.346237993838027,5.346237993838027,5.346237993838027,5.346237993838027,5.346237993838027,5.346237993838027,5.346237993838027,5.346237993838027,5.346237993838027,5.346237993838027,5.346237993838027,5.346237993838027,5.346237993838027,5.346237993838027,5.346237993838027,5.346237993838027,5.345897191861523,5.345897191861523,5.345897191861523,5.345897191861523,5.341849431443505,5.341849431443505,5.341849431443505,5.341849431443505,5.341849431443505,5.341849431443505,5.341849431443505,5.341849431443505,5.341849431443505,5.341849431443505,5.341849431443505,5.341849431443505,5.341849431443505,5.341849431443505,5.341849431443505,5.341849431443505,5.341849431443505,5.341849431443505,5.341849431443505,5.341849431443505,5.341849431443505,5.341849431443505,5.341849431443505,5.341849431443505,5.341849431443505,5.341849431443505,5.341849431443505,5.341849431443505,5.341849431443505,5.341849431443505,5.341849431443505,5.341849431443505,5.341849431443505,5.341849431443505,5.341849431443505,5.341849431443505,5.341849431443505,5.341849431443505,5.341849431443505,5.341849431443505,5.341849431443505,5.341849431443505,5.341849431443505,5.341849431443505,5.341849431443505,5.341849431443505,5.341849431443505,5.341849431443505,5.341849431443505,5.341849431443505,5.341849431443505,5.341849431443505,5.341849431443505,5.341849431443505,5.341849431443505,5.341849431443505,5.341849431443505,5.341849431443505,5.341849431443505,5.341849431443505,5.341849431443505,5.341849431443505,5.341849431443505,5.341849431443505,5.341849431443505,5.341849431443505,5.341849431443505,5.341849431443505,5.341849431443505,5.341849431443505,5.341849431443505,5.341849431443505,5.341849431443505,5.341849431443505,5.341849431443505,5.341849431443505,5.341849431443505,5.341849431443505,5.341849431443505,5.341849431443505,5.341849431443505,5.341849431443505,5.341849431443505,5.341849431443505,5.341849431443505,5.341849431443505,5.341849431443505,5.341849431443505,5.341849431443505,5.341849431443505,5.341849431443505,5.341849431443505,5.341849431443505,5.341849431443505,5.341849431443505,5.341849431443505,5.341849431443505,5.341849431443505,5.341849431443505,5.341849431443505,5.341849431443505,5.341849431443505,5.341849431443505,5.341849431443505,5.341849431443505,5.341849431443505,5.341849431443505,5.341849431443505,5.341849431443505,5.341849431443505,5.341849431443505,5.341849431443505,5.341849431443505,5.341849431443505,5.341849431443505,5.341849431443505,5.341849431443505,5.341849431443505,5.341849431443505,5.341849431443505,5.341849431443505,5.341849431443505,5.341849431443505,5.341849431443505,5.341849431443505,5.341849431443505,5.341849431443505,5.341849431443505,5.341849431443505,5.341849431443505,5.341849431443505,5.341849431443505,5.341849431443505,5.341849431443505,5.341849431443505,5.341849431443505,5.341849431443505,5.341849431443505,5.341849431443505,5.341849431443505,5.341849431443505,5.341849431443505,5.341849431443505,5.341849431443505,5.341849431443505,5.341849431443505,5.341849431443505,5.341849431443505,5.341849431443505,5.341849431443505,5.341849431443505,5.273532229686291,5.273532229686291,5.273532229686291,5.273532229686291,5.273532229686291,5.273532229686291,5.273532229686291,5.273532229686291,5.273532229686291,5.273532229686291,5.273532229686291,5.273532229686291,5.273532229686291,5.273532229686291,5.273532229686291,5.273532229686291,5.273532229686291,5.273532229686291,5.273532229686291,5.273532229686291,5.273532229686291,5.273532229686291,5.273532229686291,5.273532229686291,5.273532229686291,5.273532229686291,5.273532229686291,5.273532229686291,5.273532229686291,5.273532229686291,5.273532229686291,5.273532229686291,5.273532229686291,5.273532229686291,5.273532229686291,5.273532229686291,5.273532229686291,5.273532229686291,5.273532229686291,5.273532229686291,5.273532229686291,5.273532229686291,5.273532229686291,5.273532229686291,5.273532229686291,5.273532229686291,5.273532229686291,5.273532229686291,5.273532229686291,5.273532229686291,5.273532229686291,5.273532229686291,5.273532229686291,5.273532229686291,5.273532229686291,5.273532229686291,5.273532229686291,5.273532229686291,5.273532229686291,5.273532229686291,5.273532229686291,5.273532229686291,5.273532229686291,5.273532229686291,5.273532229686291,5.273532229686291,5.273532229686291,5.273532229686291,5.273532229686291,5.273532229686291,5.273532229686291,5.273532229686291,5.273532229686291,5.273532229686291,5.273532229686291,5.273532229686291,5.273532229686291,5.273532229686291,5.273532229686291,5.273532229686291,5.273532229686291,5.273532229686291,5.273532229686291,5.273532229686291,5.273532229686291,5.273532229686291,5.273532229686291,5.273532229686291,5.273532229686291,5.273532229686291,5.273532229686291,5.273532229686291,5.273532229686291,5.273532229686291,5.273532229686291,5.273532229686291,5.273532229686291,5.273532229686291,5.273532229686291,5.273532229686291,5.273532229686291,5.273532229686291,5.273532229686291,5.273532229686291,5.273532229686291,5.273532229686291,5.273532229686291,5.273532229686291,5.273532229686291,5.273532229686291,5.273532229686291,5.273532229686291,5.273532229686291,5.273532229686291,5.273532229686291,5.273532229686291,5.273532229686291,5.273532229686291,5.273532229686291,5.273532229686291,5.273532229686291,5.021959223984593,5.021959223984593,5.021959223984593,5.021959223984593,5.021959223984593,5.021959223984593,5.021959223984593,5.021959223984593,5.021959223984593,5.021959223984593,5.021959223984593,5.021959223984593,5.021959223984593,5.021959223984593,5.021959223984593,5.021959223984593,5.021959223984593,5.021959223984593,5.021959223984593,5.021959223984593,5.021959223984593,5.021959223984593,5.021959223984593,5.021959223984593,5.021959223984593,5.021959223984593,5.021959223984593,5.021959223984593,5.021959223984593,5.021959223984593,5.021959223984593,5.021959223984593,5.021959223984593,5.021959223984593,5.021959223984593,5.021959223984593,5.021959223984593,5.021959223984593,5.021959223984593,5.021959223984593,5.021959223984593,5.021959223984593,5.021959223984593,5.021959223984593,5.021959223984593,5.021959223984593,5.021959223984593,5.021959223984593,5.021959223984593,5.021959223984593,5.021959223984593,5.021959223984593,5.021959223984593,5.021959223984593,5.021959223984593,5.021959223984593,5.021959223984593,5.021959223984593,5.021959223984593,5.021959223984593,5.021959223984593,5.021959223984593,5.021959223984593,5.021959223984593,5.021959223984593,5.021959223984593,5.021959223984593,5.021959223984593,5.021959223984593,5.021959223984593,5.021959223984593,5.021959223984593,5.021959223984593,5.021959223984593,5.021959223984593,5.021959223984593,5.021959223984593,5.021959223984593,5.021959223984593,5.021959223984593,5.021959223984593,5.021959223984593,5.021959223984593,5.021959223984593,5.021959223984593,5.021959223984593,5.021959223984593,5.021959223984593,5.021959223984593,5.021959223984593,5.021959223984593,5.021959223984593,5.021959223984593,5.021959223984593,5.021959223984593,5.021959223984593,5.021959223984593,5.021959223984593,5.021959223984593,5.021959223984593,5.021959223984593,5.021959223984593,5.021959223984593,5.021959223984593,5.021959223984593,5.021959223984593,5.021959223984593,5.021959223984593,5.021959223984593,5.021959223984593,5.021959223984593,5.021959223984593,5.021959223984593,5.021959223984593,5.021959223984593,5.021959223984593,5.021959223984593,5.021959223984593,5.021959223984593,5.021959223984593,5.021959223984593,5.021959223984593,5.021959223984593,5.021959223984593,5.021959223984593,5.021959223984593,5.021959223984593,5.021959223984593,5.021959223984593,5.021959223984593,5.021959223984593,5.021959223984593,5.021959223984593,5.021959223984593,5.021959223984593,5.021959223984593,5.021959223984593,5.021959223984593,5.021959223984593,5.021959223984593,5.021959223984593,5.021959223984593,5.021959223984593,5.021959223984593,5.021959223984593,5.021959223984593,5.021959223984593,5.021959223984593,5.021959223984593,5.021959223984593,5.021959223984593,5.021959223984593,5.021959223984593,5.021959223984593,5.021959223984593,5.021959223984593,5.021959223984593,5.021959223984593,5.021959223984593,5.021959223984593,5.021959223984593,5.021959223984593,5.021959223984593,5.021959223984593,5.021959223984593,5.021959223984593,5.021959223984593,5.021959223984593,5.021959223984593,5.021959223984593,5.021959223984593,5.021959223984593,5.021959223984593,5.021959223984593,5.021959223984593,5.021959223984593,5.021959223984593,5.021959223984593,5.021959223984593,5.021959223984593,5.021959223984593,5.021959223984593,5.021959223984593,5.021959223984593,5.021959223984593,5.021959223984593,5.021959223984593,5.021959223984593,5.021959223984593,5.021959223984593,5.021959223984593,5.021959223984593,5.021959223984593,5.021959223984593,5.021959223984593,5.021959223984593,5.021959223984593,5.021959223984593,5.021959223984593,5.021959223984593,5.021959223984593,5.021959223984593,5.021959223984593,5.021959223984593,5.021959223984593,5.021959223984593,5.021959223984593,5.021959223984593,5.021959223984593,5.021959223984593,5.021959223984593,5.021959223984593,5.021959223984593,5.021959223984593,5.021959223984593,5.021959223984593,5.021959223984593,5.021959223984593,5.021959223984593,5.021959223984593,5.021959223984593,5.021959223984593,5.021959223984593,5.021959223984593,5.021959223984593,5.021959223984593,5.021959223984593,5.021959223984593,5.021959223984593,5.021959223984593,5.021959223984593,5.021959223984593,5.021959223984593,5.021959223984593,5.021959223984593,5.021959223984593,5.021959223984593,5.021959223984593,5.021959223984593,5.021959223984593,5.021959223984593,5.021959223984593,5.021959223984593,5.021959223984593,5.021959223984593,5.021959223984593,5.021959223984593,5.021959223984593,5.021959223984593,5.021959223984593,5.021959223984593,5.021959223984593,5.021959223984593,5.021959223984593,5.021959223984593,5.021959223984593,5.021959223984593,5.021959223984593,5.021959223984593,5.021959223984593,5.021959223984593,5.021959223984593,5.021959223984593,5.021959223984593,5.021959223984593,5.021959223984593,5.021959223984593,5.021959223984593,5.021959223984593,5.021959223984593,5.021959223984593,5.021959223984593,5.021959223984593,5.021959223984593,5.021959223984593,5.021959223984593,5.021959223984593,5.021959223984593,5.021959223984593,5.021959223984593,5.021959223984593,5.021959223984593,5.021959223984593,5.021959223984593,5.021959223984593,5.021959223984593,5.021959223984593,5.021959223984593,5.021959223984593,5.021959223984593,5.021959223984593,4.895830520179103,4.895830520179103,4.895830520179103,4.895830520179103,4.895830520179103,4.895830520179103,4.895830520179103,4.895830520179103,4.895830520179103,4.895830520179103,4.895830520179103,4.895830520179103,4.895830520179103,4.895830520179103,4.895830520179103,4.895830520179103,4.895830520179103,4.895830520179103,4.895830520179103,4.895830520179103,4.895830520179103,4.895830520179103,4.895830520179103,4.895830520179103,4.895830520179103,4.895830520179103,4.895830520179103,4.895830520179103,4.895830520179103,4.895830520179103,4.895830520179103,4.895830520179103,4.895830520179103,4.895830520179103,4.895830520179103,4.895830520179103,4.895830520179103,4.895830520179103,4.895830520179103,4.895830520179103,4.895830520179103,4.895830520179103,4.895830520179103,4.895830520179103,4.895830520179103,4.895830520179103,4.895830520179103,4.895830520179103,4.895830520179103,4.895830520179103,4.895830520179103,4.895830520179103,4.895830520179103,4.895830520179103,4.895830520179103,4.895830520179103,4.895830520179103,4.895830520179103,4.895830520179103,4.895830520179103,4.895830520179103,4.895830520179103,4.895830520179103,4.895830520179103,4.895830520179103,4.895830520179103,4.895830520179103,4.895830520179103,4.895830520179103,4.895830520179103,4.895830520179103,4.895830520179103,4.895830520179103,4.895830520179103,4.895830520179103,4.895830520179103,4.895830520179103,4.895830520179103,4.895830520179103,4.895830520179103,4.895830520179103,4.895830520179103,4.895830520179103,4.895830520179103,4.895830520179103,4.895830520179103,4.895830520179103,4.895830520179103,4.895830520179103,4.895830520179103,4.895830520179103,4.895830520179103,4.895830520179103,4.895830520179103,4.895830520179103,4.895830520179103,4.895830520179103,4.895830520179103,4.895830520179103,4.895830520179103,4.895830520179103,4.895830520179103,4.895830520179103,4.895830520179103,4.895830520179103,4.895830520179103,4.895830520179103,4.895830520179103,4.895830520179103,4.895830520179103,4.895830520179103,4.895830520179103,4.895830520179103,4.895830520179103,4.895830520179103,4.895830520179103,4.895830520179103,4.895830520179103,4.895830520179103,4.895830520179103,4.895830520179103,4.895830520179103,4.895830520179103,4.895830520179103,4.895830520179103,4.895830520179103,4.895830520179103,4.895830520179103,4.895830520179103,4.895830520179103,4.895830520179103,4.895830520179103,4.895830520179103,4.895830520179103,4.895830520179103,4.895830520179103,4.895830520179103,4.895830520179103,4.895830520179103,4.895830520179103,4.895830520179103,4.895830520179103,4.895830520179103,4.895830520179103,4.895830520179103,4.895830520179103,4.895830520179103,4.895830520179103,4.895830520179103,4.895830520179103,4.895830520179103,4.895830520179103,4.895830520179103,4.895830520179103,4.895830520179103,4.895830520179103,4.895830520179103,4.895830520179103,4.895830520179103,4.895830520179103,4.895830520179103,4.895830520179103,4.895830520179103,4.432762327893702,4.432762327893702,4.432762327893702,4.432762327893702,6.5911779947781435,6.5911779947781435,6.561927386998907,6.561927386998907,6.561927386998907,6.561927386998907,6.561927386998907,6.561927386998907,6.561927386998907,6.561927386998907,6.561927386998907,6.561927386998907,6.561927386998907,6.561927386998907,6.561927386998907,6.561927386998907,6.561927386998907,6.561927386998907,6.561927386998907,6.561927386998907,6.561927386998907,6.561927386998907,6.561927386998907,6.561927386998907,6.561927386998907,6.561927386998907,6.561927386998907,6.561927386998907,6.561927386998907,6.561927386998907,6.561927386998907,6.561927386998907,6.561927386998907,6.561927386998907,6.561927386998907,6.561927386998907,6.561927386998907,6.561927386998907,6.561927386998907,6.561927386998907,6.561927386998907,6.561927386998907,6.561927386998907,6.561927386998907,6.561927386998907,6.561927386998907,6.561927386998907,6.047887985696197,5.298288358206015,5.298288358206015,5.298288358206015,5.298288358206015,4.70317646204993,4.70317646204993,4.70317646204993,4.371738025755877,4.371738025755877,4.371738025755877,4.371738025755877,4.371738025755877,4.371738025755877,4.371738025755877,4.371738025755877,4.371738025755877,4.371738025755877,4.371738025755877,4.371738025755877,4.338281942307167,4.338281942307167,4.338281942307167,4.338281942307167,4.338281942307167,4.338281942307167,4.338281942307167,4.338281942307167,4.338281942307167,4.338281942307167,4.338281942307167,4.338281942307167,4.338281942307167,4.338281942307167,4.338281942307167,4.338281942307167,4.338281942307167,4.338281942307167,4.338281942307167,4.338281942307167,4.338281942307167,4.338281942307167,4.338281942307167,4.338281942307167,4.338281942307167,4.338281942307167,4.338281942307167,4.338281942307167,4.338281942307167,4.338281942307167,4.338281942307167,4.338281942307167,4.338281942307167,4.338281942307167,4.338281942307167,4.338281942307167,4.338281942307167,4.338281942307167,4.338281942307167,4.338281942307167,4.338281942307167,4.338281942307167,4.338281942307167,4.338281942307167,4.338281942307167,4.338281942307167,4.338281942307167,4.338281942307167,4.338281942307167,4.338281942307167,4.338281942307167,4.338281942307167,4.338281942307167,4.338281942307167,4.338281942307167,4.338281942307167,4.338281942307167,4.338281942307167,4.338281942307167,4.338281942307167,4.338281942307167,4.338281942307167,4.338281942307167,4.338281942307167,4.338281942307167,4.338281942307167,4.338281942307167,4.338281942307167,4.338281942307167,4.338281942307167,4.338281942307167,4.338281942307167,4.338281942307167,4.338281942307167,4.338281942307167,4.338281942307167,4.338281942307167,4.338281942307167,4.338281942307167,4.338281942307167,4.338281942307167,4.338281942307167,4.338281942307167,4.338281942307167,4.338281942307167,4.338281942307167,4.338281942307167,4.338281942307167,4.338281942307167,4.338281942307167,4.338281942307167,4.338281942307167,4.338281942307167,4.338281942307167,4.338281942307167,4.338281942307167,4.338281942307167,4.338281942307167,4.338281942307167,4.338281942307167,4.338281942307167,4.338281942307167,4.338281942307167,4.338281942307167,4.338281942307167,4.338281942307167,4.338281942307167,4.338281942307167,4.338281942307167,4.338281942307167,4.338281942307167,4.338281942307167,4.338281942307167,4.338281942307167,4.338281942307167,4.338281942307167,4.338281942307167,4.338281942307167,4.338281942307167,4.338281942307167,4.338281942307167,4.338281942307167,4.338281942307167,4.338281942307167,4.338281942307167,4.338281942307167,4.338281942307167,4.338281942307167,4.338281942307167,4.338281942307167,4.338281942307167,4.338281942307167,4.338281942307167,4.338281942307167,4.338281942307167,4.338281942307167,4.338281942307167,4.338281942307167,4.338281942307167,4.338281942307167,4.338281942307167,4.338281942307167,4.338281942307167,4.338281942307167,4.338281942307167,4.338281942307167,4.338281942307167,4.338281942307167,4.299218479181782,4.299218479181782,4.299218479181782,4.299218479181782,4.299218479181782,4.299218479181782,4.299218479181782,4.299218479181782,4.299218479181782,4.299218479181782,4.299218479181782,4.299218479181782,4.299218479181782,4.299218479181782,4.299218479181782,4.299218479181782,4.299218479181782,4.2414940356008,4.2414940356008,4.2414940356008,4.2414940356008,4.2414940356008,4.2414940356008,4.2414940356008,4.2414940356008,4.2414940356008,4.2414940356008,4.2414940356008,4.2414940356008,4.2414940356008,4.2414940356008,4.2414940356008,4.2414940356008,4.2414940356008,4.2414940356008,4.2414940356008,4.2414940356008,3.8653822294430444,3.8653822294430444,3.8653822294430444,3.8653822294430444,3.8653822294430444,3.8653822294430444,3.854268183969566,3.854268183969566,3.854268183969566,3.854268183969566,3.854268183969566,3.854268183969566,3.854268183969566,3.854268183969566,3.854268183969566,3.854268183969566,3.854268183969566,3.854268183969565,3.854268183969565,3.854268183969565,3.854268183969565,3.854268183969565,3.854268183969565,3.854268183969565,3.854268183969565,3.854268183969565,3.854268183969565,3.854268183969565,3.854268183969565,3.854268183969565,3.854268183969565,3.854268183969565,3.854268183969565,3.854268183969565,3.854268183969565,3.854268183969565,3.854268183969565,3.854268183969565,3.854268183969565,3.854268183969565,3.854268183969565,3.854268183969565,3.854268183969565,3.854268183969565,3.854268183969565,3.854268183969565,3.854268183969565,3.854268183969565,3.854268183969565,3.854268183969565,3.854268183969565,3.854268183969565,3.854268183969565,3.854268183969565,3.854268183969565,3.854268183969565,3.854268183969565,3.854268183969565,3.854268183969565,3.854268183969565,3.854268183969565,3.854268183969565,3.854268183969565,3.854268183969565,3.854268183969565,3.854268183969565,3.854268183969565,3.854268183969565,3.854268183969565,3.854268183969565,3.854268183969565,3.854268183969565,3.854268183969565,3.854268183969565,3.854268183969565,3.854268183969565,3.854268183969565,3.854268183969565,3.854268183969565,3.854268183969565,3.854268183969565,3.854268183969565,3.854268183969565,3.854268183969565,3.854268183969565,3.854268183969565,3.854268183969565,3.854268183969565,3.854268183969565,3.854268183969565,3.854268183969565,3.854268183969565,3.854268183969565,3.854268183969565,3.854268183969565,3.854268183969565,3.854268183969565,3.854268183969565,3.854268183969565,3.854268183969565,3.854268183969565,3.854268183969565,3.854268183969565,3.854268183969565,3.854268183969565,3.854268183969565,3.854268183969565,3.854268183969565,3.854268183969565,3.854268183969565,3.854268183969565,3.854268183969565,3.854268183969565,3.854268183969565,3.854268183969565,3.854268183969565,3.854268183969565,3.854268183969565,3.854268183969565,3.854268183969565,3.854268183969565,3.854268183969565,3.854268183969565,3.854268183969565,3.854268183969565,3.854268183969565,3.854268183969565,3.854268183969565,3.854268183969565,3.854268183969565,3.854268183969565,3.854268183969565,3.854268183969565,3.854268183969565,3.854268183969565,3.854268183969565,3.854268183969565,3.854268183969565,3.854268183969565,3.854268183969565,3.854268183969565,3.854268183969565,3.854268183969565,3.854268183969565,3.854268183969565,3.854268183969565,3.854268183969565,3.854268183969565,3.854268183969565,3.854268183969565,3.854268183969565,3.854268183969565,3.854268183969565,3.854268183969565,3.854268183969565,3.854268183969565,3.854268183969565,3.854268183969565,3.854268183969565,3.854268183969565,3.854268183969565,3.854268183969565,3.854268183969565,3.854268183969565,3.854268183969565,3.854268183969565,3.854268183969565,3.854268183969565,3.854268183969565,3.854268183969565,3.854268183969565,3.854268183969565,3.854268183969565,3.854268183969565,3.854268183969565,3.854268183969565,3.854268183969565,3.854268183969565,3.854268183969565,3.854268183969565,3.854268183969565,3.854268183969565,3.854268183969565,3.854268183969565,3.854268183969565,3.854268183969565,3.854268183969565,3.854268183969565,3.854268183969565,3.854268183969565,3.854268183969565,3.854268183969565,3.854268183969565,3.854268183969565,3.854268183969565,3.854268183969565,3.854268183969565,3.854268183969565,3.854268183969565,3.854268183969565,3.854268183969565,3.854268183969565,3.854268183969565,3.854268183969565,3.854268183969565,3.854268183969565,3.854268183969565,3.854268183969565,3.854268183969565,3.854268183969565,3.854268183969565,3.854268183969565,3.854268183969565,3.854268183969565,3.854268183969565,3.854268183969565,3.854268183969565,3.854268183969565,3.854268183969565,3.854268183969565,3.854268183969565,3.854268183969565,3.854268183969565,3.854268183969565,3.854268183969565,3.854268183969565,3.854268183969565,3.854268183969565,3.854268183969565,3.854268183969565,3.854268183969565,3.854268183969565,3.854268183969565,3.854268183969565,3.854268183969565,3.854268183969565,3.854268183969565,3.854268183969565,3.854268183969565,3.854268183969565,3.854268183969565,3.854268183969565,3.854268183969565,3.854268183969565,3.854268183969565,3.854268183969565,3.854268183969565,3.854268183969565,3.854268183969565,3.854268183969565,3.854268183969565,3.854268183969565,3.854268183969565,3.854268183969565,3.854268183969565,3.854268183969565,3.854268183969565,3.854268183969565,3.854268183969565,3.854268183969565,3.854268183969565,3.854268183969565,3.854268183969565,3.854268183969565,3.854268183969565,3.854268183969565,3.854268183969565,3.854268183969565,3.854268183969565,3.854268183969565,3.854268183969565,3.854268183969565,3.854268183969565,3.854268183969565,3.854268183969565,3.854268183969565,3.854268183969565,3.854268183969565,3.854268183969565,3.854268183969565,3.854268183969565,3.854268183969565,3.854268183969565,3.854268183969565,3.854268183969565,3.854268183969565,3.854268183969565,3.854268183969565,3.854268183969565,3.854268183969565,3.854268183969565,3.854268183969565,3.854268183969565,3.854268183969565,3.854268183969565,3.854268183969565,3.854268183969565,3.854268183969565,3.854268183969565,3.854268183969565,3.854268183969565,3.854268183969565,3.854268183969565,3.854268183969565,3.854268183969565,3.854268183969565,3.854268183969565,3.854268183969565,3.854268183969565,3.854268183969565,3.854268183969565,3.854268183969565,3.854268183969565,3.854268183969565,3.854268183969565,3.854268183969565,3.854268183969565,3.854268183969565,3.854268183969565,3.854268183969565,3.854268183969565,3.854268183969565,3.854268183969565,3.854268183969565,3.854268183969565,3.854268183969565,3.854268183969565,3.854268183969565,3.854268183969565,3.854268183969565,3.854268183969565,3.854268183969565,3.854268183969565,3.854268183969565,3.854268183969565,3.854268183969565,3.854268183969565,3.854268183969565,3.854268183969565,3.854268183969565,3.854268183969565,3.854268183969565,3.854268183969565,3.854268183969565,3.854268183969565,3.854268183969565,3.801026858424289,3.7364146836473453,3.60858564030894,3.60858564030894,3.60858564030894,3.60858564030894,3.60858564030894,3.60858564030894,3.5914601207155723,3.574827642966568,3.574827642966568,3.574827642966568,3.574827642966568,3.574827642966568,3.574827642966568,3.574827642966568,3.574827642966568,3.574827642966568,3.574827642966568,3.574827642966568,3.574827642966568,3.574827642966568,3.574827642966568,3.574827642966568,3.574827642966568,3.574827642966568,3.574827642966568,3.5557891397379553,3.5557891397379553,3.5557891397379553,3.5557891397379553,3.5415219304375505,3.5415219304375505,3.5415219304375505,3.5415219304375505,3.5415219304375505,3.5415219304375505,3.5415219304375505,3.5415219304375505,3.5415219304375505,3.5415219304375505,3.5415219304375505,3.5415219304375505,3.51164141549434,3.51164141549434,3.51164141549434,3.51164141549434,3.51164141549434,3.51164141549434,3.51164141549434,3.51164141549434,3.51164141549434,3.51164141549434,3.51164141549434,3.51164141549434,3.51164141549434,3.51164141549434,3.51164141549434,3.51164141549434,3.51164141549434,3.51164141549434,3.51164141549434,3.51164141549434,3.51164141549434,3.51164141549434,3.51164141549434,3.51164141549434,3.51164141549434,3.51164141549434,3.51164141549434,3.51164141549434,3.51164141549434,3.51164141549434,3.51164141549434,3.51164141549434,3.51164141549434,3.51164141549434,3.51164141549434,3.51164141549434,3.51164141549434,3.51164141549434,3.51164141549434,3.51164141549434,3.51164141549434,3.51164141549434,3.51164141549434,3.51164141549434,3.51164141549434,3.51164141549434,3.51164141549434,3.51164141549434,3.51164141549434,3.51164141549434,3.51164141549434,3.51164141549434,3.51164141549434,3.51164141549434,3.51164141549434,3.51164141549434,3.51164141549434,3.51164141549434,3.51164141549434,3.51164141549434,3.51164141549434,3.51164141549434,3.51164141549434,3.51164141549434,3.51164141549434,3.51164141549434,3.51164141549434,3.51164141549434,3.51164141549434,3.51164141549434,3.51164141549434,3.51164141549434,3.51164141549434,3.51164141549434,3.51164141549434,3.51164141549434,3.51164141549434,3.51164141549434,3.51164141549434,3.51164141549434,3.51164141549434,3.51164141549434,3.51164141549434,3.51164141549434,3.51164141549434,3.51164141549434,3.51164141549434,3.51164141549434,3.51164141549434,3.51164141549434,3.51164141549434,3.51164141549434,3.51164141549434,3.51164141549434,3.51164141549434,3.51164141549434,3.51164141549434,3.51164141549434,3.51164141549434,3.51164141549434,3.51164141549434,3.51164141549434,3.51164141549434,3.51164141549434,3.51164141549434,2.234838561063917,2.198969189359269,2.198969189359269,2.198969189359269,2.198969189359269,2.198969189359269,2.198969189359269,2.198969189359269,2.198969189359269,2.198969189359269,2.198969189359269,2.198969189359269,2.198969189359269,2.198969189359269,2.198969189359269,2.198969189359269,2.198969189359269,2.198969189359269,2.198969189359269,2.198969189359269,2.198969189359269,2.198969189359269,2.198969189359269,2.198969189359269,2.198969189359269,2.198969189359269,2.198969189359269,2.198969189359269,2.198969189359269,2.198969189359269,2.198969189359269,2.198969189359269,2.198969189359269,2.198969189359269,2.198969189359269,2.198969189359269,2.198969189359269,2.198969189359269,2.198969189359269,2.198969189359269,2.198969189359269,2.198969189359269,2.198969189359269,2.198969189359269,2.198969189359269,2.198969189359269,2.198969189359269,2.198969189359269,2.198969189359269,2.198969189359269,2.198969189359269,2.198969189359269,2.198969189359269,2.198969189359269,2.198969189359269,2.198969189359269,2.198969189359269,2.198969189359269,2.198969189359269,2.198969189359269,2.198969189359269,2.198969189359269,2.198969189359269,2.198969189359269,2.198969189359269,2.198969189359269,2.198969189359269,2.198969189359269,2.198969189359269,2.198969189359269,2.198969189359269,2.198969189359269,2.198969189359269,2.198969189359269,2.198969189359269,2.198969189359269,2.198969189359269,2.198969189359269,2.198969189359269,2.198969189359269,2.198969189359269,2.198969189359269,2.198969189359269,2.198969189359269,2.198969189359269,2.198969189359269,2.198969189359269,2.198969189359269,2.198969189359269,2.198969189359269,2.198969189359269,2.198969189359269,2.198969189359269,2.198969189359269,2.198969189359269,2.198969189359269,2.198969189359269,2.198969189359269,2.198969189359269,2.198969189359269,2.198969189359269,2.198969189359269,2.198969189359269,2.198969189359269,2.198969189359269,2.198969189359269,2.198969189359269,2.198969189359269,2.198969189359269,2.198969189359269,2.198969189359269,2.198969189359269,2.198969189359269,2.198969189359269,2.198969189359269,2.198969189359269,2.198969189359269,2.198969189359269,2.198969189359269,2.198969189359269,2.198969189359269,2.198969189359269,2.198969189359269,2.198969189359269,2.198969189359269,2.198969189359269,2.198969189359269,2.198969189359269,2.198969189359269,2.198969189359269,2.198969189359269,2.198969189359269,2.198969189359269,2.198969189359269,2.198969189359269,2.198969189359269,2.198969189359269,2.198969189359269,2.198969189359269,2.198969189359269,2.198969189359269,2.198969189359269,2.198969189359269,2.198969189359269,2.198969189359269,2.198969189359269,2.198969189359269,2.198969189359269,2.198969189359269,2.198969189359269,2.198969189359269,2.198969189359269,2.198969189359269,2.198969189359269,2.198969189359269,2.198969189359269,2.198969189359269,2.198969189359269,2.198969189359269,2.198969189359269,2.198969189359269,2.198969189359269,2.198969189359269,2.198969189359269,2.198969189359269,2.198969189359269,2.198969189359269,2.198969189359269,2.198969189359269,2.198969189359269,2.198969189359269,2.198969189359269,2.198969189359269,2.198969189359269,2.198969189359269,2.198969189359269,2.198969189359269,2.198969189359269,2.198969189359269,2.198969189359269,2.198969189359269,2.198969189359269,2.198969189359269,2.198969189359269,2.198969189359269,2.198969189359269,2.198969189359269,2.198969189359269,2.198969189359269,2.198969189359269,2.198969189359269,2.198969189359269,2.198969189359269,2.198969189359269,2.198969189359269,2.198969189359269,2.198969189359269,2.198969189359269,2.198969189359269,2.198969189359269,2.198969189359269,2.198969189359269,2.198969189359269,2.198969189359269,2.198969189359269,2.198969189359269,2.198969189359269,2.198969189359269,2.198969189359269,2.198969189359269,2.198969189359269,2.198969189359269,2.198969189359269,2.198969189359269,2.198969189359269,2.198969189359269,2.198969189359269,2.198969189359269,2.198969189359269,2.198969189359269,2.198969189359269,2.198969189359269,2.198969189359269,2.198969189359269,2.198969189359269,2.198969189359269,2.198969189359269,2.198969189359269,2.198969189359269,2.198969189359269,2.198969189359269,2.198969189359269,2.198969189359269,2.198969189359269,2.198969189359269,2.198969189359269,2.198969189359269,2.198969189359269,2.198969189359269,2.198969189359269,2.198969189359269,2.198969189359269,2.198969189359269,2.198969189359269,2.198969189359269,2.198969189359269,2.198969189359269,2.198969189359269,2.198969189359269,2.198969189359269,2.198969189359269,2.198969189359269,2.198969189359269,2.198969189359269,7.641616670485912,7.217538873237798,7.217538873237798,7.217538873237798,7.217538873237798,7.217538873237798,7.217538873237798,7.217538873237798,6.9324215154295015,5.509650596770135,5.509650596770135,5.509650596770135,5.509650596770135,5.509650596770135,5.509650596770135,5.509650596770135,5.509650596770135,5.509650596770135,5.509650596770135,5.509650596770135,5.509650596770135,5.509650596770135,5.509650596770135,5.509650596770135,5.509650596770135,5.509650596770135,5.509650596770135,5.509650596770135,5.509650596770135,5.509650596770135,5.509650596770135,5.509650596770135,5.487899522843541,5.487899522843541,5.487899522843541,5.487899522843541,5.487899522843541,5.487899522843541,5.487899522843541,5.487899522843541,5.487899522843541,5.487899522843541,5.487899522843541,5.487899522843541,5.487899522843541,5.487899522843541,5.487899522843541,5.379835373685457,5.352630625150209,5.352630625150209,5.352630625150209,5.352630625150209,5.352630625150209,5.352630625150209,5.352630625150209,5.352630625150209,5.352630625150209,5.352630625150209,5.352630625150209,5.352630625150209,5.352630625150209,5.352630625150209,5.352630625150209,5.352630625150209,5.352630625150209,5.048470832687096,5.048470832687096,5.048470832687096,5.048470832687096,5.048470832687096,5.048470832687096,5.048470832687096,5.048470832687096,5.048470832687096,5.048470832687096,5.048470832687096,5.048470832687096,5.048470832687096,5.048470832687096,5.048470832687096,5.048470832687096,5.048470832687096,5.048470832687096,5.048470832687096,5.048470832687096,5.048470832687096,5.048470832687096,5.048470832687096,5.048470832687096,5.048470832687096,5.048470832687096,5.048470832687096,5.048470832687096,5.048470832687096,5.048470832687096,5.048470832687096,5.048470832687096,5.048470832687096,5.048470832687096,5.048470832687096,5.048470832687096,5.048470832687096,5.048470832687096,5.048470832687096,5.048470832687096,5.048470832687096,5.048470832687096,5.048470832687096,5.048470832687096,5.048470832687096,5.048470832687096,5.048470832687096,5.048470832687096,5.048470832687096,5.048470832687096,5.048470832687096,5.048470832687096,5.048470832687096,5.048470832687096,5.048470832687096,5.048470832687096,5.048470832687096,5.048470832687096,5.048470832687096,5.048470832687096,5.048470832687096,5.048470832687096,5.048470832687096,5.048470832687096,5.048470832687096,5.048470832687096,5.048470832687096,5.048470832687096,5.048470832687096,5.048470832687096,5.048470832687096,5.048470832687096,5.048470832687096,5.048470832687096,5.048470832687096,5.048470832687096,5.048470832687096,5.048470832687096,5.048470832687096,5.048470832687096,5.048470832687096,5.048470832687096,5.048470832687096,5.048470832687096,5.048470832687096,5.048470832687096,5.048470832687096,5.048470832687096,5.048470832687096,5.048470832687096,5.048470832687096,5.048470832687096,5.048470832687096,5.048470832687096,5.048470832687096,5.048470832687096,5.048470832687096,5.048470832687096,5.048470832687096,5.048470832687096,5.048470832687096,5.048470832687096,5.048470832687096,5.048470832687096,5.048470832687096,5.048470832687096,5.048470832687096,5.048470832687096,5.048470832687096,5.048470832687096,5.048470832687096,5.048470832687096,5.048470832687096,5.048470832687096,5.048470832687096,5.048470832687096,5.048470832687096,5.048470832687096,5.048470832687096,5.048470832687096,5.048470832687096,5.048470832687096,5.048470832687096,5.048470832687096,5.048470832687096,5.048470832687096,5.048470832687096,5.048470832687096,5.048470832687096,5.048470832687096,5.048470832687096,5.048470832687096,5.048470832687096,5.048470832687096,5.048470832687096,5.048470832687096,5.048470832687096,5.048470832687096,5.048470832687096,5.048470832687096,5.048470832687096,5.048470832687096,5.048470832687096,5.048470832687096,5.048470832687096,5.048470832687096,5.048470832687096,5.048470832687096,5.048470832687096,5.048470832687096,5.048470832687096,5.048470832687096,5.048470832687096,5.048470832687096,5.048470832687096,5.048470832687096,5.048470832687096,5.048470832687096,5.048470832687096,5.048470832687096,5.048470832687096,5.048470832687096,5.048470832687096,5.048470832687096,5.048470832687096,5.048470832687096,5.048470832687096,5.048470832687096,5.048470832687096,5.048470832687096,5.048470832687096,5.048470832687096,5.048470832687096,5.048470832687096,5.048470832687096,5.048470832687096,5.048470832687096,5.048470832687096,5.048470832687096,5.048470832687096,5.048470832687096,5.048470832687096,5.048470832687096,5.048470832687096,5.048470832687096,5.048470832687096,5.048470832687096,5.048470832687096,5.048470832687096,5.048470832687096,5.048470832687096,5.048470832687096,5.048470832687096,5.048470832687096,5.048470832687096,5.048470832687096,5.048470832687096,5.048470832687096,5.048470832687096,5.048470832687096,5.048470832687096,5.048470832687096,5.048470832687096,5.048470832687096,5.048470832687096,5.048470832687096,5.048470832687096,5.048470832687096,5.048470832687096,5.048470832687096,5.048470832687096,5.048470832687096,5.048470832687096,5.048470832687096,5.048470832687096,5.048470832687096,5.048470832687096,5.048470832687096,5.048470832687096,5.048470832687096,5.048470832687096,5.048470832687096,5.048470832687096,5.048470832687096,5.048470832687096,5.048470832687096,5.048470832687096,5.048470832687096,5.048470832687096,5.048470832687096,5.048470832687096,5.048470832687096,5.048470832687096,5.048470832687096,5.048470832687096,5.048470832687096,5.048470832687096,5.048470832687096,5.048470832687096,5.048470832687096,5.048470832687096,5.048470832687096,5.048470832687096,5.048470832687096,5.048470832687096,5.048470832687096,5.048470832687096,5.048470832687096,5.048470832687096,5.048470832687096,5.048470832687096,5.048470832687096,5.048470832687096,5.048470832687096,5.048470832687096,5.048470832687096,5.048470832687096,5.048470832687096,5.048470832687096,5.048470832687096,5.048470832687096,5.048470832687096,5.048470832687096,5.048470832687096,5.048470832687096,5.048470832687096,5.048470832687096,5.048470832687096,5.048470832687096,5.048470832687096,5.048470832687096,5.048470832687096,5.048470832687096,5.048470832687096,5.048470832687096,5.048470832687096,5.048470832687096,5.048470832687096,5.048470832687096,5.048470832687096,5.048470832687096,5.048470832687096,5.048470832687096,5.048470832687096,5.048470832687096,5.048470832687096,5.048470832687096,5.048470832687096,5.048470832687096,5.048470832687096,5.048470832687096,5.048470832687096,5.048470832687096,5.048470832687096,5.048470832687096,5.048470832687096,5.048470832687096,5.048470832687096,5.048470832687096,5.048470832687096,5.048470832687096,5.048470832687096,5.048470832687096,5.048470832687096,5.048470832687096,5.048470832687096,5.048470832687096,5.048470832687096,5.048470832687096,5.048470832687096,5.048470832687096,5.048470832687096,5.048470832687096,5.048470832687096,5.048470832687096,5.048470832687096,5.048470832687096,5.048470832687096,5.048470832687096,5.048470832687096,5.048470832687096,5.048470832687096,5.048470832687096,5.048470832687096,5.048470832687096,5.048470832687096,5.048470832687096,5.048470832687096,5.048470832687096,5.048470832687096,5.048470832687096,5.048470832687096,5.048470832687096,5.048470832687096,5.048470832687096,5.048470832687096,5.048470832687096,5.048470832687096,5.048470832687096,5.048470832687096,5.048470832687096,5.048470832687096,5.048470832687096,5.048470832687096,5.048470832687096,5.048470832687096,5.048470832687096,5.048470832687096,5.048470832687096,5.048470832687096,5.048470832687096,5.048470832687096,5.048470832687096,5.048470832687096,5.048470832687096,5.048470832687096,5.048470832687096,5.048470832687096,5.048470832687096,5.048470832687096,5.048470832687096,5.048470832687096,5.048470832687096,5.048470832687096,5.048470832687096,5.048470832687096,5.048470832687096,5.048470832687096,5.048470832687096,5.048470832687096,5.048470832687096,5.048470832687096,5.048470832687096,5.048470832687096,5.048470832687096,5.048470832687096,5.048470832687096,5.048470832687096,5.048470832687096,5.048470832687096,5.048470832687096,5.048470832687096,5.048470832687096,5.048470832687096,5.048470832687096,5.048470832687096,5.048470832687096,5.048470832687096,5.048470832687096,5.048470832687096,5.048470832687096,5.048470832687096,5.048470832687096,5.048470832687096,5.048470832687096,5.048470832687096,5.048470832687096,5.048470832687096,5.048470832687096,5.048470832687096,5.048470832687096,5.048470832687096,5.048470832687096,5.048470832687096,5.048470832687096,5.048470832687096,5.048470832687096,5.048470832687096,5.048470832687096,5.048470832687096,5.048470832687096,5.048470832687096,5.048470832687096,5.048470832687096,5.048470832687096,5.048470832687096,5.048470832687096,5.048470832687096,5.048470832687096,5.048470832687096,5.048470832687096,5.048470832687096,5.048470832687096,5.048470832687096,5.048470832687096,5.048470832687096,5.048470832687096,5.048470832687096,5.048470832687096,5.048470832687096,5.048470832687096,5.048470832687096,5.048470832687096,5.048470832687096,5.048470832687096,5.048470832687096,5.048470832687096,5.048470832687096,5.048470832687096,5.048470832687096,5.048470832687096,5.048470832687096,5.048470832687096,5.048470832687096,5.048470832687096,5.048470832687096,5.048470832687096,5.048470832687096,5.048470832687096,5.048470832687096,5.048470832687096,5.048470832687096,5.048470832687096,5.048470832687096,5.048470832687096,5.048470832687096,5.048470832687096,5.048470832687096,5.048470832687096,5.048470832687096,5.048470832687096,5.048470832687096,5.048470832687096,5.048470832687096,5.048470832687096,5.048470832687096,5.048470832687096,5.048470832687096,5.048470832687096,5.048470832687096,5.048470832687096,5.048470832687096,5.048470832687096,5.048470832687096,5.048470832687096,5.048470832687096,5.048470832687096,5.048470832687096,5.048470832687096,5.048470832687096,5.048470832687096,5.048470832687096,5.048470832687096,5.048470832687096,5.048470832687096,5.048470832687096,5.048470832687096,5.048470832687096,5.048470832687096,5.048470832687096,5.048470832687096,5.048470832687096,5.048470832687096,5.048470832687096,5.048470832687096,5.048470832687096,5.048470832687096,5.048470832687096,5.048470832687096,5.048470832687096,5.048470832687096,5.048470832687096,5.048470832687096,5.048470832687096,5.048470832687096,5.048470832687096,5.048470832687096,5.048470832687096,5.048470832687096,5.048470832687096,5.048470832687096,5.048470832687096,5.048470832687096,5.048470832687096,5.048470832687096,5.048470832687096,5.048470832687096,5.048470832687096,5.048470832687096,5.048470832687096,5.048470832687096,5.048470832687096,5.048470832687096,5.048470832687096,5.048470832687096,5.048470832687096,5.048470832687096,5.048470832687096,5.048470832687096,5.048470832687096,5.048470832687096,5.048470832687096,5.048470832687096,5.048470832687096,5.048470832687096,5.048470832687096,5.048470832687096,5.048470832687096,5.048470832687096,5.048470832687096,5.048470832687096,5.048470832687096,5.048470832687096,5.048470832687096,5.048470832687096,5.048470832687096,5.048470832687096,5.048470832687096,5.048470832687096,5.048470832687096,5.048470832687096,5.048470832687096,5.048470832687096,5.048470832687096,5.048470832687096,5.048470832687096,5.048470832687096,5.048470832687096,5.048470832687096,5.048470832687096,5.048470832687096,5.048470832687096,5.048470832687096,5.048470832687096,5.048470832687096,5.048470832687096,5.048470832687096,5.048470832687096,5.048470832687096,5.048470832687096,5.048470832687096,5.048470832687096,5.048470832687096,5.048470832687096,5.048470832687096,5.048470832687096,5.048470832687096,5.048470832687096,5.048470832687096,5.048470832687096,5.048470832687096,5.048470832687096,5.048470832687096,5.048470832687096,5.048470832687096,5.048470832687096,5.048470832687096,5.048470832687096,5.048470832687096,5.048470832687096,5.048470832687096,5.048470832687096,5.048470832687096,5.048470832687096,5.048470832687096,5.048470832687096,5.048470832687096,5.048470832687096,5.048470832687096,5.048470832687096,5.048470832687096,5.048470832687096,5.048470832687096,5.048470832687096,5.048470832687096,5.048470832687096,5.048470832687096,5.048470832687096,5.048470832687096,5.048470832687096,5.048470832687096,5.048470832687096,5.048470832687096,5.048470832687096,5.048470832687096,5.048470832687096,5.048470832687096,5.048470832687096,5.048470832687096,5.048470832687096,5.048470832687096,5.048470832687096,5.048470832687096,5.048470832687096,5.048470832687096,5.048470832687096,5.048470832687096,5.048470832687096,5.048470832687096,5.048470832687096,5.048470832687096,5.048470832687096,5.048470832687096,5.048470832687096,5.048470832687096,5.048470832687096,5.048470832687096,5.048470832687096,5.048470832687096,5.048470832687096,5.048470832687096,5.048470832687096,5.048470832687096,5.048470832687096,5.048470832687096,5.048470832687096,5.048470832687096,5.048470832687096,5.048470832687096,5.048470832687096,5.048470832687096,5.048470832687096,5.048470832687096,5.048470832687096,5.048470832687096,5.048470832687096,5.048470832687096,5.048470832687096,5.048470832687096,5.048470832687096,5.048470832687096,5.048470832687096,5.048470832687096,5.048470832687096,5.048470832687096,5.048470832687096,5.048470832687096,5.048470832687096,5.048470832687096,5.048470832687096,5.048470832687096,5.048470832687096,5.048470832687096,5.048470832687096,5.048470832687096,5.048470832687096,5.048470832687096,5.048470832687096,5.048470832687096,5.048470832687096,5.048470832687096,5.048470832687096,5.048470832687096,5.048470832687096,5.048470832687096,5.048470832687096,5.048470832687096,5.048470832687096,5.048470832687096,5.048470832687096,5.048470832687096,5.048470832687096,5.048470832687096,5.048470832687096,5.048470832687096,5.048470832687096,5.048470832687096,5.048470832687096,5.048470832687096,5.048470832687096,5.048470832687096,5.048470832687096,5.048470832687096,5.048470832687096,5.048470832687096,5.048470832687096,5.048470832687096,5.048470832687096,5.048470832687096,5.048470832687096,5.048470832687096,5.048470832687096,5.048470832687096,5.048470832687096,5.048470832687096,5.048470832687096,5.048470832687096,5.048470832687096,5.048470832687096,5.048470832687096,5.048470832687096,5.048470832687096,5.048470832687096,5.048470832687096,5.048470832687096,5.048470832687096,5.048470832687096,5.048470832687096,5.048470832687096,5.048470832687096,5.048470832687096,5.048470832687096,5.048470832687096,5.048470832687096,5.048470832687096,5.048470832687096,5.048470832687096,5.048470832687096,5.048470832687096,5.048470832687096,5.048470832687096,5.048470832687096,5.048470832687096,5.048470832687096,5.048470832687096,5.048470832687096,5.048470832687096,5.048470832687096,5.048470832687096,5.048470832687096,5.048470832687096,5.048470832687096,5.048470832687096,5.048470832687096,5.048470832687096,5.048470832687096,5.048470832687096,5.048470832687096,5.048470832687096,5.048470832687096,5.048470832687096,5.048470832687096,5.048470832687096,5.048470832687096,5.048470832687096,5.048470832687096,5.048470832687096,5.048470832687096,5.048470832687096,5.048470832687096,5.048470832687096,5.048470832687096,5.048470832687096,5.048470832687096,5.048470832687096,5.048470832687096,5.048470832687096,5.048470832687096,5.048470832687096,5.048470832687096,5.048470832687096,5.048470832687096,5.048470832687096,5.048470832687096,5.048470832687096,5.048470832687096,5.048470832687096,5.048470832687096,5.048470832687096,5.048470832687096,5.048470832687096,5.048470832687096,5.048470832687096,5.048470832687096,5.048470832687096,5.048470832687096,5.048470832687096,5.048470832687096,5.048470832687096,5.048470832687096,5.048470832687096,5.048470832687096,5.048470832687096,5.048470832687096,5.048470832687096,5.048470832687096,5.048470832687096,5.048470832687096,5.048470832687096,5.048470832687096,5.048470832687096,5.048470832687096,5.048470832687096,5.048470832687096,5.048470832687096,5.048470832687096,5.048470832687096,5.048470832687096,5.048470832687096,5.048470832687096,5.048470832687096,5.048470832687096,5.048470832687096,5.048470832687096,5.048470832687096,5.048470832687096,5.048470832687096,5.048470832687096,5.048470832687096,5.048470832687096,5.048470832687096,5.048470832687096,5.048470832687096,5.048470832687096,5.048470832687096,5.048470832687096,5.048470832687096,5.048470832687096,5.048470832687096,5.048470832687096,5.048470832687096,5.048470832687096,5.048470832687096,5.048470832687096,5.048470832687096,5.048470832687096,5.048470832687096,5.048470832687096,5.048470832687096,5.048470832687096,5.048470832687096,5.048470832687096,5.048470832687096,5.048470832687096,5.048470832687096,5.048470832687096,5.048470832687096,5.048470832687096,5.048470832687096,5.048470832687096,5.048470832687096,5.048470832687096,5.048470832687096,5.048470832687096,5.048470832687096,5.048470832687096,5.048470832687096,5.048470832687096,5.048470832687096,5.048470832687096,5.048470832687096,5.048470832687096,5.048470832687096,5.048470832687096,5.048470832687096,5.048470832687096,5.048470832687096,5.048470832687096,5.048470832687096,5.048470832687096,5.048470832687096,5.048470832687096,5.048470832687096,5.048470832687096,5.048470832687096,5.048470832687096,5.048470832687096,5.048470832687096,5.048470832687096,5.048470832687096,5.048470832687096,5.048470832687096,5.048470832687096,5.048470832687096,5.048470832687096,5.048470832687096,5.048470832687096,5.048470832687096,5.048470832687096,5.048470832687096,5.048470832687096,5.048470832687096,5.048470832687096,5.048470832687096,5.048470832687096,5.048470832687096,5.048470832687096,5.048470832687096,5.048470832687096,5.048470832687096,5.048470832687096,5.048470832687096,5.048470832687096,5.048470832687096,5.048470832687096,5.048470832687096,5.048470832687096,5.048470832687096,5.048470832687096,5.048470832687096,5.048470832687096,5.048470832687096,5.048470832687096,5.048470832687096,5.048470832687096,5.048470832687096,5.048470832687096,5.048470832687096,5.048470832687096,5.048470832687096,5.048470832687096,5.048470832687096,5.048470832687096,5.048470832687096,5.048470832687096,6.985779290267759,6.928846510506798,6.928846510506798,6.928846510506798,6.928846510506798,6.928846510506798,6.928846510506798,6.928846510506798,6.928846510506798,6.928846510506798,6.694553045354919,6.694553045354919,6.694553045354919,6.694553045354919,6.694553045354919,6.694553045354919,6.694553045354919,6.694553045354919,6.694553045354919,6.450359260475107,6.450359260475107,5.94797834547551,5.94797834547551,5.94797834547551,5.94797834547551,5.94797834547551,5.94797834547551,5.94797834547551,5.94797834547551,5.94797834547551,5.94797834547551,5.94797834547551,5.94797834547551,5.94797834547551,5.94797834547551,5.94797834547551,5.94797834547551,5.94797834547551,5.94797834547551,5.94797834547551,5.94797834547551,5.94797834547551,5.94797834547551,5.94797834547551,5.94797834547551,5.94797834547551,5.94797834547551,5.94797834547551,5.94797834547551,5.94797834547551,5.94797834547551,5.94797834547551,5.94797834547551,5.94797834547551,5.94797834547551,5.94797834547551,5.94797834547551,5.94797834547551,5.94797834547551,5.94797834547551,5.94797834547551,5.94797834547551,5.94797834547551,5.94797834547551,5.94797834547551,5.94797834547551,5.94797834547551,5.94797834547551,5.94797834547551,5.94797834547551,5.94797834547551,5.94797834547551,5.94797834547551,5.94797834547551,4.833111615835311,4.833111615835311,4.788111664820321,4.788111664820321,4.788111664820321,4.788111664820321,4.788111664820321,4.788111664820321,4.788111664820321,4.66327739697346,4.370361232292838,4.370361232292838,4.370361232292838,4.370361232292838,4.370361232292838,4.370361232292838,4.370361232292838,4.370361232292838,4.370361232292838,4.370361232292838,4.370361232292838,4.370361232292838,4.370361232292838,4.370361232292838,4.370361232292838,4.370361232292838,4.370361232292838,4.370361232292838,4.370361232292838,4.370361232292838,4.370361232292838,4.370361232292838,4.370361232292838,4.370361232292838,4.370361232292838,4.370361232292838,4.370361232292838,4.370361232292838,4.370361232292838,4.370361232292838,4.302628053322675,4.302628053322675,4.302628053322675,4.302628053322675,4.302628053322675,4.302628053322675,4.302628053322675,4.302628053322675,4.302628053322675,4.302628053322675,4.302628053322675,4.302628053322675,4.302628053322675,4.302628053322675,4.302628053322675,4.302628053322675,4.302628053322675,4.302628053322675,4.302628053322675,4.302628053322675,4.302628053322675,4.302628053322675,4.302628053322675,4.302628053322675,4.302628053322675,4.302628053322675,4.302628053322675,4.302628053322675,4.302628053322675,4.302628053322675,4.302628053322675,4.302628053322675,4.302628053322675,4.302628053322675,4.302628053322675,4.302628053322675,4.302628053322675,4.302628053322675,4.302628053322675,4.302628053322675,4.302628053322675,4.302628053322675,4.302628053322675,4.302628053322675,4.302628053322675,4.302628053322675,4.302628053322675,4.302628053322675,4.302628053322675,4.302628053322675,4.302628053322675,4.302628053322675,4.302628053322675,4.302628053322675,4.302628053322675,4.302628053322675,4.302628053322675,4.302628053322675,4.302628053322675,4.302628053322675,4.302628053322675,4.302628053322675,4.302628053322675,4.302628053322675,4.302628053322675,4.302628053322675,4.302628053322675,4.302628053322675,4.302628053322675,4.302628053322675,4.302628053322675,4.302628053322675,4.302628053322675,4.302628053322675,4.302628053322675,4.302628053322675,4.302628053322675,4.302628053322675,4.302628053322675,4.302628053322675,4.302628053322675,4.302628053322675,4.302628053322675,4.302628053322675,4.302628053322675,4.302628053322675,4.302628053322675,4.302628053322675,4.302628053322675,4.302628053322675,4.302628053322675,4.302628053322675,4.302628053322675,4.302628053322675,4.302628053322675,4.302628053322675,4.302628053322675,4.302628053322675,4.302628053322675,4.302628053322675,4.302628053322675,4.302628053322675,4.302628053322675,4.302628053322675,4.302628053322675,4.302628053322675,4.302628053322675,4.302628053322675,4.302628053322675,4.302628053322675,4.302628053322675,4.302628053322675,4.302628053322675,4.302628053322675,4.302628053322675,4.302628053322675,4.302628053322675,4.302628053322675,4.302628053322675,4.302628053322675,4.302628053322675,4.302628053322675,4.302628053322675,4.302628053322675,4.302628053322675,4.302628053322675,4.302628053322675,4.302628053322675,4.302628053322675,4.302628053322675,4.302628053322675,4.302628053322675,4.302628053322675,4.302628053322675,4.302628053322675,4.302628053322675,4.302628053322675,4.302628053322675,4.302628053322675,4.302628053322675,4.302628053322675,4.302628053322675,4.302628053322675,4.302628053322675,4.302628053322675,4.302628053322675,4.302628053322675,4.302628053322675,4.302628053322675,4.302628053322675,4.302628053322675,4.302628053322675,4.302628053322675,4.302628053322675,4.302628053322675,4.302628053322675,4.302628053322675,4.302628053322675,4.302628053322675,4.302628053322675,4.302628053322675,4.302628053322675,4.302628053322675,4.302628053322675,4.302628053322675,4.302628053322675,4.302628053322675,4.302628053322675,4.302628053322675,4.302628053322675,4.302628053322675,4.302628053322675,4.302628053322675,4.302628053322675,4.302628053322675,4.302628053322675,4.302628053322675,4.302628053322675,4.302628053322675,4.302628053322675,4.302628053322675,4.302628053322675,4.302628053322675,4.302628053322675,4.302628053322675,4.302628053322675,4.302628053322675,4.302628053322675,4.302628053322675,4.302628053322675,4.302628053322675,4.302628053322675,4.302628053322675,4.302628053322675,4.302628053322675,4.302628053322675,4.302628053322675,4.302628053322675,4.302628053322675,4.302628053322675,4.302628053322675,4.302628053322675,4.302628053322675,4.302628053322675,4.302628053322675,4.302628053322675,4.302628053322675,4.302628053322675,4.302628053322675,4.302628053322675,4.302628053322675,4.302628053322675,4.302628053322675,4.302628053322675,4.302628053322675,4.302628053322675,4.302628053322675,4.302628053322675,4.302628053322675,4.302628053322675,4.302628053322675,4.302628053322675,4.302628053322675,4.302628053322675,4.302628053322675,4.302628053322675,4.302628053322675,4.302628053322675,4.302628053322675,4.302628053322675,4.302628053322675,4.302628053322675,4.302628053322675,4.302628053322675,4.302628053322675,4.302628053322675,4.302628053322675,4.302628053322675,4.302628053322675,4.302628053322675,4.302628053322675,4.302628053322675,4.302628053322675,4.302628053322675,4.302628053322675,4.302628053322675,4.302628053322675,4.302628053322675,4.302628053322675,4.302628053322675,4.302628053322675,4.302628053322675,4.302628053322675,4.302628053322675,4.302628053322675,4.302628053322675,4.302628053322675,4.302628053322675,4.302628053322675,4.302628053322675,4.302628053322675,4.302628053322675,4.302628053322675,4.302628053322675,4.302628053322675,4.302628053322675,4.302628053322675,4.302628053322675,4.302628053322675,4.302628053322675,4.302628053322675,4.302628053322675,4.302628053322675,4.302628053322675,4.302628053322675,4.302628053322675,4.302628053322675,4.302628053322675,4.302628053322675,4.302628053322675,4.302628053322675,4.302628053322675,4.302628053322675,4.302628053322675,4.302628053322675,4.302628053322675,4.302628053322675,4.302628053322675,4.302628053322675,4.302628053322675,4.302628053322675,4.302628053322675,4.302628053322675,4.302628053322675,4.302628053322675,4.302628053322675,4.302628053322675,4.302628053322675,4.302628053322675,4.302628053322675,4.302628053322675,4.302628053322675,4.302628053322675,4.302628053322675,4.302628053322675,4.302628053322675,4.302628053322675,4.302628053322675,4.302628053322675,4.302628053322675,4.302628053322675,4.302628053322675,4.302628053322675,4.302628053322675,4.302628053322675,4.302628053322675,4.302628053322675,4.302628053322675,4.302628053322675,4.302628053322675,4.302628053322675,4.302628053322675,4.302628053322675,4.302628053322675,4.302628053322675,4.302628053322675,4.302628053322675,4.302628053322675,4.302628053322675,4.302628053322675,4.302628053322675,4.302628053322675,4.302628053322675,4.302628053322675,4.302628053322675,4.302628053322675,4.302628053322675,4.302628053322675,4.302628053322675,4.302628053322675,4.302628053322675,4.302628053322675,4.302628053322675,4.302628053322675,4.302628053322675,4.302628053322675,4.302628053322675,4.302628053322675,4.302628053322675,4.302628053322675,4.302628053322675,4.302628053322675,4.302628053322675,4.302628053322675,4.302628053322675,4.302628053322675,4.302628053322675,4.302628053322675,4.302628053322675,4.302628053322675,4.302628053322675,4.302628053322675,4.302628053322675,4.302628053322675,4.302628053322675,4.302628053322675,4.302628053322675,4.302628053322675,4.302628053322675,4.302628053322675,4.302628053322675,4.302628053322675,4.302628053322675,4.302628053322675,4.302628053322675,4.302628053322675,4.302628053322675,4.302628053322675,4.302628053322675,4.302628053322675,4.302628053322675,4.302628053322675,4.302628053322675,4.302628053322675,4.302628053322675,4.302628053322675,4.302628053322675,4.302628053322675,4.302628053322675,4.302628053322675,4.302628053322675,4.302628053322675,4.302628053322675,4.302628053322675,4.302628053322675,4.302628053322675,4.302628053322675,4.302628053322675,4.302628053322675,4.302628053322675,4.302628053322675,4.302628053322675,4.302628053322675,4.302628053322675,4.302628053322675,4.302628053322675,4.302628053322675,4.302628053322675,4.302628053322675,4.302628053322675,4.302628053322675,4.302628053322675,4.302628053322675,4.302628053322675,4.302628053322675,4.302628053322675,4.302628053322675,4.302628053322675,4.302628053322675,4.302628053322675,4.302628053322675,4.302628053322675,4.302628053322675,4.302628053322675,4.302628053322675,4.302628053322675,4.302628053322675,4.302628053322675,4.302628053322675,4.302628053322675,4.302628053322675,4.302628053322675,4.302628053322675,4.302628053322675,4.302628053322675,4.302628053322675,4.302628053322675,4.302628053322675,4.302628053322675,4.302628053322675,4.302628053322675,4.302628053322675,4.302628053322675,4.302628053322675,4.302628053322675,4.302628053322675,4.302628053322675,4.302628053322675,4.302628053322675,4.302628053322675,4.302628053322675,4.302628053322675,4.302628053322675,4.302628053322675,4.302628053322675,4.302628053322675,4.302628053322675,4.302628053322675,4.302628053322675,4.302628053322675,4.302628053322675,4.302628053322675,4.302628053322675,4.302628053322675,4.302628053322675,4.302628053322675,4.302628053322675,4.302628053322675,4.302628053322675,4.302628053322675,4.302628053322675,4.302628053322675,4.302628053322675,4.302628053322675,4.302628053322675,4.302628053322675,4.302628053322675,4.302628053322675,4.302628053322675,4.302628053322675,4.302628053322675,4.302628053322675,4.302628053322675,4.302628053322675,4.302628053322675,4.302628053322675,4.302628053322675,4.302628053322675,4.302628053322675,4.302628053322675,4.302628053322675,4.302628053322675,4.302628053322675,4.302628053322675,4.302628053322675,4.302628053322675,4.302628053322675,4.302628053322675,4.302628053322675,4.302628053322675,4.302628053322675,4.302628053322675,4.302628053322675,4.302628053322675,4.302628053322675,4.302628053322675,4.302628053322675,4.302628053322675,4.302628053322675,4.302628053322675,4.302628053322675,4.302628053322675,4.302628053322675,4.302628053322675,4.302628053322675,4.302628053322675,4.302628053322675,4.302628053322675,4.302628053322675,4.302628053322675,4.302628053322675,4.302628053322675,4.302628053322675,4.302628053322675,4.302628053322675,4.302628053322675,4.302628053322675,4.302628053322675,4.302628053322675,4.302628053322675,4.302628053322675,4.302628053322675,4.302628053322675,4.302628053322675,4.302628053322675,4.302628053322675,4.302628053322675,4.302628053322675,4.302628053322675,4.302628053322675,4.302628053322675,4.302628053322675,4.302628053322675,4.302628053322675,4.302628053322675,4.302628053322675,4.302628053322675,4.302628053322675,4.302628053322675,4.302628053322675,4.302628053322675,4.302628053322675,4.302628053322675,4.302628053322675,4.302628053322675,4.302628053322675,4.302628053322675,4.302628053322675,4.302628053322675,4.302628053322675,4.302628053322675,4.302628053322675,4.302628053322675,4.302628053322675,4.302628053322675,4.302628053322675,4.302628053322675,4.302628053322675,4.302628053322675,4.302628053322675,4.302628053322675,4.302628053322675,4.302628053322675,4.302628053322675,4.302628053322675,4.302628053322675,4.302628053322675,4.302628053322675,4.302628053322675,4.302628053322675,4.302628053322675,4.302628053322675,4.302628053322675,4.302628053322675,4.302628053322675,4.302628053322675,4.302628053322675,4.302628053322675,4.302628053322675,4.302628053322675,4.302628053322675,4.302628053322675,4.302628053322675,4.302628053322675,4.302628053322675,4.302628053322675,4.302628053322675,4.302628053322675,4.302628053322675,4.302628053322675,4.302628053322675,4.302628053322675,4.302628053322675,4.302628053322675,4.302628053322675,4.302628053322675,4.302628053322675,4.302628053322675,4.302628053322675,4.302628053322675,4.302628053322675,4.302628053322675,4.302628053322675,4.302628053322675,4.302628053322675,4.302628053322675,4.302628053322675,4.302628053322675,4.302628053322675,4.302628053322675,4.302628053322675,4.302628053322675,4.302628053322675,4.302628053322675,4.302628053322675,4.302628053322675,4.302628053322675,4.302628053322675,4.302628053322675,4.302628053322675,4.302628053322675,4.302628053322675,4.302628053322675,4.302628053322675,4.302628053322675,4.302628053322675,4.302628053322675,4.302628053322675,4.302628053322675,4.302628053322675,4.302628053322675,4.302628053322675,4.302628053322675,4.302628053322675,4.302628053322675,4.302628053322675,4.302628053322675,4.302628053322675,4.302628053322675,4.302628053322675,4.302628053322675,4.302628053322675,4.302628053322675,4.302628053322675,4.302628053322675,4.302628053322675,4.302628053322675,4.302628053322675,4.302628053322675,4.302628053322675,4.302628053322675,4.302628053322675,4.302628053322675,4.302628053322675,4.302628053322675,4.302628053322675,4.302628053322675,4.302628053322675,4.302628053322675,4.302628053322675,4.302628053322675,4.302628053322675,4.302628053322675,4.302628053322675,4.302628053322675,4.302628053322675,4.302628053322675,4.302628053322675,4.302628053322675,4.302628053322675,4.302628053322675,4.302628053322675,4.302628053322675,4.302628053322675,4.302628053322675,4.302628053322675,4.302628053322675,4.302628053322675,4.302628053322675,4.302628053322675,4.302628053322675,4.302628053322675,4.302628053322675,4.302628053322675,4.302628053322675,4.302628053322675,4.302628053322675,4.302628053322675,4.302628053322675,4.302628053322675,4.302628053322675,4.302628053322675,4.302628053322675,4.302628053322675,4.302628053322675,4.302628053322675,4.302628053322675,4.302628053322675,4.302628053322675,4.302628053322675,4.302628053322675,4.302628053322675,4.302628053322675,4.302628053322675,4.302628053322675,4.302628053322675,4.302628053322675,4.302628053322675,4.302628053322675,4.302628053322675,4.302628053322675,4.302628053322675,4.302628053322675,4.302628053322675,4.302628053322675,4.302628053322675,4.302628053322675,4.302628053322675,4.302628053322675,4.302628053322675,4.302628053322675,4.302628053322675,4.302628053322675,4.302628053322675,4.302628053322675,4.302628053322675,4.302628053322675,4.302628053322675,4.302628053322675,4.302628053322675,4.302628053322675,4.302628053322675,4.302628053322675,4.302628053322675,4.302628053322675,4.302628053322675,4.302628053322675,4.302628053322675,4.302628053322675,4.302628053322675,4.302628053322675,4.302628053322675,4.302628053322675,4.302628053322675,4.302628053322675,4.302628053322675,4.302628053322675,4.302628053322675,4.302628053322675,4.302628053322675,4.302628053322675,4.302628053322675,4.302628053322675,4.302628053322675,4.302628053322675,4.302628053322675,4.302628053322675,4.302628053322675,4.302628053322675,4.302628053322675,4.302628053322675,4.302628053322675,4.302628053322675,4.302628053322675,4.302628053322675,4.302628053322675,4.302628053322675,4.302628053322675,4.302628053322675,4.302628053322675,4.302628053322675,4.302628053322675,4.302628053322675,4.302628053322675,4.302628053322675,4.302628053322675,4.302628053322675,4.302628053322675,4.302628053322675,4.302628053322675,4.302628053322675,4.302628053322675,4.302628053322675,4.302628053322675,4.302628053322675,4.302628053322675,4.302628053322675,4.302628053322675,4.302628053322675,4.302628053322675,4.302628053322675,4.302628053322675,4.302628053322675,4.302628053322675,4.302628053322675,4.302628053322675,4.302628053322675,4.302628053322675,4.302628053322675,4.302628053322675,4.302628053322675,4.302628053322675,4.302628053322675,4.302628053322675,4.302628053322675,4.302628053322675,4.302628053322675,4.302628053322675,4.302628053322675,4.302628053322675,4.302628053322675,4.302628053322675,4.302628053322675,4.302628053322675,4.302628053322675,4.302628053322675,4.302628053322675,4.302628053322675,4.302628053322675,4.302628053322675,4.302628053322675,4.302628053322675,4.302628053322675,4.302628053322675,4.302628053322675,4.302628053322675,4.302628053322675,4.302628053322675,4.302628053322675,4.302628053322675,4.302628053322675,4.302628053322675,4.302628053322675,4.302628053322675,4.302628053322675,4.302628053322675,4.302628053322675,4.302628053322675,4.302628053322675,4.302628053322675,4.302628053322675,4.302628053322675,4.302628053322675,4.302628053322675,4.302628053322675,4.302628053322675,4.302628053322675,4.302628053322675,4.302628053322675,4.302628053322675,4.302628053322675,4.302628053322675,4.302628053322675,4.302628053322675,4.302628053322675,4.302628053322675,4.302628053322675,4.302628053322675,4.302628053322675,4.302628053322675,4.302628053322675,4.302628053322675,4.302628053322675,4.302628053322675,4.302628053322675,4.302628053322675,4.302628053322675,4.302628053322675,4.302628053322675,4.302628053322675,4.302628053322675,4.302628053322675,4.302628053322675,4.302628053322675,4.302628053322675,4.302628053322675,7.819697561430698,7.819697561430698,7.770954347554388,7.770954347554388,7.770954347554388,7.770954347554388,7.6157106738669835,7.569732666622312,7.569732666622312,7.427877124521842,7.427877124521842,7.427877124521842,7.427877124521842,7.427877124521842,7.427877124521842,7.361825573517382,7.255413864511704,7.255413864511704,7.255413864511704,7.255413864511704,7.255413864511704,7.255413864511704,7.255413864511704,7.255413864511704,7.255413864511704,7.255413864511704,7.255413864511704,7.255413864511704,7.255413864511704,7.255413864511704,7.255413864511704,7.255413864511704,7.255413864511704,7.255413864511704,7.255413864511704,7.255413864511704,7.255413864511704,7.255413864511704,7.255413864511704,7.255413864511704,7.255413864511704,7.255413864511704,7.255413864511704,7.255413864511704,7.255413864511704,7.230840016929247,7.230840016929247,7.230840016929247,7.230840016929247,7.230840016929247,7.230840016929247,7.230840016929247,7.230840016929247,7.230840016929247,7.230840016929247,7.230840016929247,7.230840016929247,7.230840016929247,7.230840016929247,7.230840016929247,7.230840016929247,7.230840016929247,7.230840016929247,7.230840016929247,7.230840016929247,7.230840016929247,7.230840016929247,7.230840016929247,7.230840016929247,7.230840016929247,7.230840016929247,7.230840016929247,7.230840016929247,7.230840016929247,7.230840016929247,7.230840016929247,7.230840016929247,7.230840016929247,7.230840016929247,7.230840016929247,7.230840016929247,7.230840016929247,7.230840016929247,7.230840016929247,7.230840016929247,7.230840016929247,7.230840016929247,7.230840016929247,7.230840016929247,7.230840016929247,7.230840016929247,7.230840016929247,7.230840016929247,7.230840016929247,7.230840016929247,7.230840016929247,7.230840016929247,7.230840016929247,7.230840016929247,7.230840016929247,7.230840016929247,7.230840016929247,7.230840016929247,7.230840016929247,7.230840016929247,7.230840016929247,7.230840016929247,7.230840016929247,7.230840016929247,7.230840016929247,7.230840016929247,7.230840016929247,7.230840016929247,7.230840016929247,7.230840016929247,7.230840016929247,7.230840016929247,7.230840016929247,7.230840016929247,7.230840016929247,7.230840016929247,7.230840016929247,7.230840016929247,7.230840016929247,7.230840016929247,7.230840016929247,7.230840016929247,7.230840016929247,7.230840016929247,7.230840016929247,7.230840016929247,7.230840016929247,7.230840016929247,7.230840016929247,7.230840016929247,7.230840016929247,7.230840016929247,6.199346210143906,5.5698181424888755,5.28250657905136,4.728597428513171,4.728597428513171,4.728597428513171,4.728597428513171,4.728597428513171,4.728597428513171,4.728597428513171,4.728597428513171,4.728597428513171,4.728597428513171,4.728597428513171,4.728597428513171,4.728597428513171,4.728597428513171,4.728597428513171,4.728597428513171,4.728597428513171,4.728597428513171,4.728597428513171,4.728597428513171,4.728597428513171,4.728597428513171,4.728597428513171,4.728597428513171,4.728597428513171,4.728597428513171,4.728597428513171,4.728597428513171,4.728597428513171,4.728597428513171,4.728597428513171,4.728597428513171,4.728597428513171,4.728597428513171,4.728597428513171,4.728597428513171,4.728597428513171,4.728597428513171,4.728597428513171,4.728597428513171,4.728597428513171,4.728597428513171,4.728597428513171,4.728597428513171,4.728597428513171,4.728597428513171,4.728597428513171,4.728597428513171,4.728597428513171,4.728597428513171,4.728597428513171,4.728597428513171,4.728597428513171,4.728597428513171,4.684424365722278,4.684424365722278,4.684424365722278,4.684424365722278,4.684424365722278,4.684424365722278,4.684424365722278,4.684424365722278,4.684424365722278,4.684424365722278,4.684424365722278,4.684424365722278,4.684424365722278,4.684424365722278,4.684424365722278,4.684424365722278,4.684424365722278,4.684424365722278,4.684424365722278,4.684424365722278,4.684424365722278,4.684424365722278,4.684424365722278,4.684424365722278,4.684424365722278,4.684424365722278,4.684424365722278,4.684424365722278,4.684424365722278,4.684424365722278,4.684424365722278,4.684424365722278,4.684424365722278,4.684424365722278,4.684424365722278,4.684424365722278,4.684424365722278,4.684424365722278,4.684424365722278,4.684424365722278,4.684424365722278,4.684424365722278,4.684424365722278,4.684424365722278,4.684424365722278,4.684424365722278,4.684424365722278,4.684424365722278,4.684424365722278,4.684424365722278,4.684424365722278,4.684424365722278,4.684424365722278,4.684424365722278,4.684424365722278,4.684424365722278,4.684424365722278,4.684424365722278,4.684424365722278,4.684424365722278,4.684424365722278,4.684424365722278,4.684424365722278,4.684424365722278,4.684424365722278,4.684424365722278,4.684424365722278,4.684424365722278,4.684424365722278,4.684424365722278,4.684424365722278,4.684424365722278,4.684424365722278,4.684424365722278,4.684424365722278,4.684424365722278,4.684424365722278,4.684424365722278,4.684424365722278,4.684424365722278,4.684424365722278,4.684424365722278,4.684424365722278,4.684424365722278,4.684424365722278,4.684424365722278,4.684424365722278,4.684424365722278,4.684424365722278,4.684424365722278,4.684424365722278,4.684424365722278,4.684424365722278,4.684424365722278,4.684424365722278,4.684424365722278,4.684424365722278,4.684424365722278,4.684424365722278,4.684424365722278,4.684424365722278,4.684424365722278,4.684424365722278,4.684424365722278,4.684424365722278,4.684424365722278,4.684424365722278,4.684424365722278,4.684424365722278,4.684424365722278,4.684424365722278,4.684424365722278,4.684424365722278,4.684424365722278,4.684424365722278,4.684424365722278,4.684424365722278,4.684424365722278,4.684424365722278,4.684424365722278,4.684424365722278,4.684424365722278,4.684424365722278,4.684424365722278,4.684424365722278,4.684424365722278,4.684424365722278,4.684424365722278,4.684424365722278,4.684424365722278,4.684424365722278,4.684424365722278,4.684424365722278,4.684424365722278,4.684424365722278,4.684424365722278,4.684424365722278,4.684424365722278,4.684424365722278,4.684424365722278,4.684424365722278,4.684424365722278,4.684424365722278,4.684424365722278,4.684424365722278,4.684424365722278,4.684424365722278,4.684424365722278,4.684424365722278,4.684424365722278,4.684424365722278,4.684424365722278,4.684424365722278,4.684424365722278,4.684424365722278,4.684424365722278,4.684424365722278,4.684424365722278,4.684424365722278,4.684424365722278,4.684424365722278,4.684424365722278,4.684424365722278,4.684424365722278,4.684424365722278,4.684424365722278,4.684424365722278,4.684424365722278,4.684424365722278,4.684424365722278,4.684424365722278,4.684424365722278,4.684424365722278,4.684424365722278,4.684424365722278,4.684424365722278,4.684424365722278,4.684424365722278,4.684424365722278,4.684424365722278,4.684424365722278,4.684424365722278,4.684424365722278,4.684424365722278,4.684424365722278,4.684424365722278,4.684424365722278,4.684424365722278,4.684424365722278,4.684424365722278,4.684424365722278,4.684424365722278,4.684424365722278,4.684424365722278,4.684424365722278,4.684424365722278,4.684424365722278,4.684424365722278,4.684424365722278,4.684424365722278,4.684424365722278,4.684424365722278,4.684424365722278,4.684424365722278,4.684424365722278,4.684424365722278,4.684424365722278,4.684424365722278,4.684424365722278,4.684424365722278,4.684424365722278,4.684424365722278,4.684424365722278,4.684424365722278,4.684424365722278,4.684424365722278,4.684424365722278,4.684424365722278,4.684424365722278,4.684424365722278,4.684424365722278,4.684424365722278,4.684424365722278,4.684424365722278,4.684424365722278,4.684424365722278,4.684424365722278,4.684424365722278,4.684424365722278,4.684424365722278,4.684424365722278,4.684424365722278,4.684424365722278,4.684424365722278,4.684424365722278,4.684424365722278,4.684424365722278,4.684424365722278,4.684424365722278,4.684424365722278,4.684424365722278,4.684424365722278,4.684424365722278,4.684424365722278,4.684424365722278,4.684424365722278,4.684424365722278,4.684424365722278,4.684424365722278,4.684424365722278,4.684424365722278,4.684424365722278,4.684424365722278,4.684424365722278,4.684424365722278,4.684424365722278,4.684424365722278,4.684424365722278,4.684424365722278,4.684424365722278,4.684424365722278,4.684424365722278,4.684424365722278,4.684424365722278,4.684424365722278,4.684424365722278,4.684424365722278,4.684424365722278,4.684424365722278,4.684424365722278,4.684424365722278,4.684424365722278,4.684424365722278,4.684424365722278,4.684424365722278,4.684424365722278,4.684424365722278,4.684424365722278,4.684424365722278,4.684424365722278,4.684424365722278,4.684424365722278,4.684424365722278,4.684424365722278,4.684424365722278,4.684424365722278,4.684424365722278,4.684424365722278,4.684424365722278,4.684424365722278,4.684424365722278,4.684424365722278,4.684424365722278,4.684424365722278,4.684424365722278,4.684424365722278,4.684424365722278,4.684424365722278,4.684424365722278,4.684424365722278,4.684424365722278,4.684424365722278,4.684424365722278,4.684424365722278,4.684424365722278,4.684424365722278,4.684424365722278,4.684424365722278,4.684424365722278,4.684424365722278,4.684424365722278,4.684424365722278,4.684424365722278,4.684424365722278,4.684424365722278,4.684424365722278,4.684424365722278,4.684424365722278,4.684424365722278,4.684424365722278,4.684424365722278,4.684424365722278,4.684424365722278,4.684424365722278,4.684424365722278,4.684424365722278,4.684424365722278,4.684424365722278,4.684424365722278,4.684424365722278,4.684424365722278,4.684424365722278,4.684424365722278,4.684424365722278,4.684424365722278,4.684424365722278,4.684424365722278,4.684424365722278,4.684424365722278,4.684424365722278,4.684424365722278,4.684424365722278,4.684424365722278,4.684424365722278,4.684424365722278,4.684424365722278,4.684424365722278,4.684424365722278,4.684424365722278,4.684424365722278,4.684424365722278,4.684424365722278,4.684424365722278,4.684424365722278,4.684424365722278,4.684424365722278,4.684424365722278,4.684424365722278,4.684424365722278,4.684424365722278,4.684424365722278,4.684424365722278,4.684424365722278,4.684424365722278,4.684424365722278,4.684424365722278,4.684424365722278,4.684424365722278,4.684424365722278,4.684424365722278,4.684424365722278,4.684424365722278,4.684424365722278,4.684424365722278,4.684424365722278,4.684424365722278,4.684424365722278,4.684424365722278,4.684424365722278,4.684424365722278,4.684424365722278,4.684424365722278,4.684424365722278,4.684424365722278,4.684424365722278,4.684424365722278,4.684424365722278,4.684424365722278,4.684424365722278,4.684424365722278,4.684424365722278,4.684424365722278,4.684424365722278,4.684424365722278,4.684424365722278,4.684424365722278,4.684424365722278,4.684424365722278,4.684424365722278,4.684424365722278,4.684424365722278,4.684424365722278,4.684424365722278,4.684424365722278,4.684424365722278,4.684424365722278,4.684424365722278,4.684424365722278,4.684424365722278,4.684424365722278,4.684424365722278,4.684424365722278,4.684424365722278,4.684424365722278,4.684424365722278,4.684424365722278,4.684424365722278,4.684424365722278,4.684424365722278,4.684424365722278,4.684424365722278,4.684424365722278,4.684424365722278,4.684424365722278,4.684424365722278,4.684424365722278,4.684424365722278,4.684424365722278,4.684424365722278,4.684424365722278,4.684424365722278,4.684424365722278,4.684424365722278,4.684424365722278,4.684424365722278,4.684424365722278,4.684424365722278,4.684424365722278,4.684424365722278,4.684424365722278,4.684424365722278,4.684424365722278,4.684424365722278,4.684424365722278,4.684424365722278,4.684424365722278,4.684424365722278,4.684424365722278,4.684424365722278,4.684424365722278,4.684424365722278,4.684424365722278,4.684424365722278,4.684424365722278,4.684424365722278,4.684424365722278,4.684424365722278,4.684424365722278,4.684424365722278,4.684424365722278,4.684424365722278,4.684424365722278,4.684424365722278,4.684424365722278,4.684424365722278,4.684424365722278,4.684424365722278,4.684424365722278,4.684424365722278,4.684424365722278,4.684424365722278,4.684424365722278,4.684424365722278,4.684424365722278,4.684424365722278,4.684424365722278,4.684424365722278,4.684424365722278,4.684424365722278,4.684424365722278,4.684424365722278,4.684424365722278,4.684424365722278,4.684424365722278,4.684424365722278,4.684424365722278,4.684424365722278,4.684424365722278,4.684424365722278,4.684424365722278,4.684424365722278,4.684424365722278,4.684424365722278,4.684424365722278,4.684424365722278,4.684424365722278,4.684424365722278,4.684424365722278,4.684424365722278,4.684424365722278,4.684424365722278,4.684424365722278,4.684424365722278,4.684424365722278,4.684424365722278,4.684424365722278,4.684424365722278,4.684424365722278,4.684424365722278,4.684424365722278,4.684424365722278,4.684424365722278,4.684424365722278,4.684424365722278,4.684424365722278,4.684424365722278,4.684424365722278,4.684424365722278,4.684424365722278,4.684424365722278,4.684424365722278,4.684424365722278,4.684424365722278,4.684424365722278,4.684424365722278,4.684424365722278,4.684424365722278,4.684424365722278,4.684424365722278,4.684424365722278,4.684424365722278,4.684424365722278,4.684424365722278,4.684424365722278,4.684424365722278,4.684424365722278,4.684424365722278,4.684424365722278,4.684424365722278,4.684424365722278,4.684424365722278,4.684424365722278,4.684424365722278,4.684424365722278,4.684424365722278,4.684424365722278,4.684424365722278,4.684424365722278,4.684424365722278,4.684424365722278,4.684424365722278,4.684424365722278,4.684424365722278,4.684424365722278,4.684424365722278,4.684424365722278,4.684424365722278,4.684424365722278,4.684424365722278,4.684424365722278,4.684424365722278,4.684424365722278,4.684424365722278,4.684424365722278,4.684424365722278,4.684424365722278,4.684424365722278,4.684424365722278,4.684424365722278,4.684424365722278,4.684424365722278,4.684424365722278,4.684424365722278,4.684424365722278,4.684424365722278,4.684424365722278,4.684424365722278,4.684424365722278,4.684424365722278,4.684424365722278,4.684424365722278,4.684424365722278,4.684424365722278,4.684424365722278,4.684424365722278,4.684424365722278,4.684424365722278,4.684424365722278,4.684424365722278,4.684424365722278,4.684424365722278,4.684424365722278,4.684424365722278,4.684424365722278,4.684424365722278,4.684424365722278,4.684424365722278,4.684424365722278,4.684424365722278,4.684424365722278,4.684424365722278,4.684424365722278,4.684424365722278,4.684424365722278,4.684424365722278,4.684424365722278,4.684424365722278,4.684424365722278,4.684424365722278,4.684424365722278,4.684424365722278,4.684424365722278,4.684424365722278,4.684424365722278,4.684424365722278,4.684424365722278,4.684424365722278,4.684424365722278,4.684424365722278,4.684424365722278,4.684424365722278,4.684424365722278,4.684424365722278,4.684424365722278,4.684424365722278,4.684424365722278,4.684424365722278,4.684424365722278,4.684424365722278,4.684424365722278,4.684424365722278,4.684424365722278,4.684424365722278,4.684424365722278,4.684424365722278,4.684424365722278,4.684424365722278,4.684424365722278,4.684424365722278,4.684424365722278,4.684424365722278,4.684424365722278,4.684424365722278,4.684424365722278,4.684424365722278,4.684424365722278,4.684424365722278,4.684424365722278,4.684424365722278,4.684424365722278,4.684424365722278,4.684424365722278,4.684424365722278,4.684424365722278,4.684424365722278,4.684424365722278,4.684424365722278,4.684424365722278,4.684424365722278,4.684424365722278,4.684424365722278,4.684424365722278,4.684424365722278,4.684424365722278,4.684424365722278,4.684424365722278,4.684424365722278,4.684424365722278,4.684424365722278,4.684424365722278,4.684424365722278,4.684424365722278,4.684424365722278,4.684424365722278,4.684424365722278,4.684424365722278,4.684424365722278,4.684424365722278,4.684424365722278,4.684424365722278,4.684424365722278,4.684424365722278,4.684424365722278,4.684424365722278,4.684424365722278,4.684424365722278,4.684424365722278,4.684424365722278,4.684424365722278,4.684424365722278,4.684424365722278,4.684424365722278,4.684424365722278,4.684424365722278,4.684424365722278,4.684424365722278,4.684424365722278,4.684424365722278,4.684424365722278,4.684424365722278,4.684424365722278,4.684424365722278,4.684424365722278,4.684424365722278,4.684424365722278,4.684424365722278,4.684424365722278,4.684424365722278,4.684424365722278,4.684424365722278,4.684424365722278,4.684424365722278,4.684424365722278,4.684424365722278,4.684424365722278,4.684424365722278,4.684424365722278,4.684424365722278,4.684424365722278,4.684424365722278,4.684424365722278,4.684424365722278,4.684424365722278,4.684424365722278,4.684424365722278,4.684424365722278,4.684424365722278,4.684424365722278,4.684424365722278,4.684424365722278,4.684424365722278,4.684424365722278,4.684424365722278,4.684424365722278,4.684424365722278,4.684424365722278,4.684424365722278,4.684424365722278,4.684424365722278,4.684424365722278,4.684424365722278,4.684424365722278,4.684424365722278,4.684424365722278,4.684424365722278,4.684424365722278,4.684424365722278,4.684424365722278,4.684424365722278,4.684424365722278,4.684424365722278,4.684424365722278,4.684424365722278,4.684424365722278,4.684424365722278,4.684424365722278,4.684424365722278,4.684424365722278,4.684424365722278,4.684424365722278,4.684424365722278,4.684424365722278,4.684424365722278,4.684424365722278,4.684424365722278,4.684424365722278,4.684424365722278,4.684424365722278,4.684424365722278,4.684424365722278,4.684424365722278,4.684424365722278,4.684424365722278,4.684424365722278,4.684424365722278,4.684424365722278,4.684424365722278,4.684424365722278,4.684424365722278,4.684424365722278,4.684424365722278,4.684424365722278,4.684424365722278,4.684424365722278,4.684424365722278,4.684424365722278,4.684424365722278,4.684424365722278,4.684424365722278,4.684424365722278,4.684424365722278,4.684424365722278,4.684424365722278,4.684424365722278,4.684424365722278,4.684424365722278,4.684424365722278,4.684424365722278,4.684424365722278,4.684424365722278,4.684424365722278,4.684424365722278,4.684424365722278,4.684424365722278,4.684424365722278,4.684424365722278,7.713893909469897,7.713893909469897,7.713893909469897,7.713893909469897,7.713893909469897,7.713893909469897,7.713893909469897,7.713893909469897,7.713893909469897,7.713893909469897,7.713893909469897,7.713893909469897,7.620711579716659,7.620711579716659,7.503818271262032,7.503818271262032,7.503818271262032,7.503818271262032,7.503818271262032,7.503818271262032,7.503818271262032,7.503818271262032,7.503818271262032,7.503818271262032,7.503818271262032,7.503818271262032,7.503818271262032,7.503818271262032,7.503818271262032,7.503818271262032,7.503818271262032,7.503818271262032,7.503818271262032,7.503818271262032,7.503818271262032,7.503818271262032,7.503818271262032,7.503818271262032,7.503818271262032,7.503818271262032,7.4330130657833084,7.4330130657833084,7.4330130657833084,7.4330130657833084,7.4330130657833084,7.4330130657833084,7.4330130657833084,7.4330130657833084,7.364022761070061,7.364022761070061,7.364022761070061,7.364022761070061,7.364022761070061,7.364022761070061,7.364022761070061,7.364022761070061,7.364022761070061,7.364022761070061,7.364022761070061,7.364022761070061,7.364022761070061,7.364022761070061,7.364022761070061,7.364022761070061,7.364022761070061,7.364022761070061,7.364022761070061,7.364022761070061,7.364022761070061,7.364022761070061,7.364022761070061,7.364022761070061,7.364022761070061,7.364022761070061,7.364022761070061,7.364022761070061,7.301064434218471,7.301064434218471,7.301064434218471,7.301064434218471,7.301064434218471,7.301064434218471,7.301064434218471,7.301064434218471,7.301064434218471,7.301064434218471,7.301064434218471,7.301064434218471,7.301064434218471,7.301064434218471,7.301064434218471,7.301064434218471,7.301064434218471,7.301064434218471,7.301064434218471,7.301064434218471,7.301064434218471,7.301064434218471,7.301064434218471,7.301064434218471,7.301064434218471,7.301064434218471,7.301064434218471,7.301064434218471,7.301064434218471,7.301064434218471,7.301064434218471,7.301064434218471,7.301064434218471,7.301064434218471,7.301064434218471,7.301064434218471,7.301064434218471,7.301064434218471,7.301064434218471,7.301064434218471,7.301064434218471,7.301064434218471,7.301064434218471,7.301064434218471,7.301064434218471,7.301064434218471,7.301064434218471,7.301064434218471,7.301064434218471,7.301064434218471,7.301064434218471,7.301064434218471,7.301064434218471,5.461337463466795,5.461337463466795,5.461337463466795,5.461337463466795,5.461337463466795,5.461337463466795,5.461337463466795,5.461337463466795,5.461337463466795,5.461337463466795,5.461337463466795,5.461337463466795,5.461337463466795,5.461337463466795,5.461337463466795,5.461337463466795,5.461337463466795,5.461337463466795,5.461337463466795,5.461337463466795,5.461337463466795,5.461337463466795,5.461337463466795,5.461337463466795,5.461337463466795,5.461337463466795,5.461337463466795,5.461337463466795,5.461337463466795,5.074464197849293,5.074464197849293,5.074464197849293,5.074464197849293,5.074464197849293,5.074464197849293,5.074464197849293,5.074464197849293,5.074464197849293,5.074464197849293,5.074464197849293,5.074464197849293,5.074464197849293,5.074464197849293,5.074464197849293,5.074464197849293,5.074464197849293,5.074464197849293,5.074464197849293,5.074464197849293,5.074464197849293,5.074464197849293,5.074464197849293,5.074464197849293,5.074464197849293,5.074464197849293,5.074464197849293,5.074464197849293,5.074464197849293,5.074464197849293,5.074464197849293,5.074464197849293,5.074464197849293,5.074464197849293,5.074464197849293,5.074464197849293,5.074464197849293,5.074464197849293,5.074464197849293,5.074464197849293,5.074464197849293,5.074464197849293,5.074464197849293,5.074464197849293,5.074464197849293,5.074464197849293,5.074464197849293,5.074464197849293,5.074464197849293,5.074464197849293,5.074464197849293,5.074464197849293,5.074464197849293,5.074464197849293,5.074464197849293,5.074464197849293,5.074464197849293,5.074464197849293,5.074464197849293,5.074464197849293,5.074464197849293,5.074464197849293,5.074464197849293,5.074464197849293,5.074464197849293,5.074464197849293,5.074464197849293,5.074464197849293,5.074464197849293,5.073004202291572,5.073004202291572,5.073004202291572,5.073004202291572,5.054140984305139,5.054140984305139,5.054140984305139,5.054140984305139,5.054140984305139,5.054140984305139,4.949998233617733,4.949998233617733,4.949998233617733,4.949998233617733,4.949998233617733,4.949998233617733,4.949998233617733,4.949998233617733,4.949998233617733,4.949998233617733,4.949998233617733,4.949998233617733,4.949998233617733,4.949998233617733,4.949998233617733,4.949998233617733,4.949998233617733,4.949998233617733,4.949998233617733,4.949998233617733,4.949998233617733,4.949998233617733,4.949998233617733,4.949998233617733,4.949998233617733,4.949998233617733,4.949998233617733,4.949998233617733,4.949998233617733,4.949998233617733,4.949998233617733,4.949998233617733,4.949998233617733,4.949998233617733,4.949998233617733,4.949998233617733,4.949998233617733,4.949998233617733,4.949998233617733,4.949998233617733,4.949998233617733,4.949998233617733,4.949998233617733,4.949998233617733,4.949998233617733,4.949998233617733,4.949998233617733,4.949998233617733,4.949998233617733,4.949998233617733,4.949998233617733,4.949998233617733,4.949998233617733,4.949998233617733,4.949998233617733,4.949998233617733,4.949998233617733,4.949998233617733,4.949998233617733,4.949998233617733,4.949998233617733,4.949998233617733,4.949998233617733,4.949998233617733,4.949998233617733,4.949998233617733,4.949998233617733,4.949998233617733,4.949998233617733,4.949998233617733,4.949998233617733,4.949998233617733,4.949998233617733,4.949998233617733,4.949998233617733,4.949998233617733,4.949998233617733,4.949998233617733,4.949998233617733,4.949998233617733,4.949998233617733,4.949998233617733,4.949998233617733,4.949998233617733,4.949998233617733,4.949998233617733,4.949998233617733,4.949998233617733,4.949998233617733,4.949998233617733,4.949998233617733,4.949998233617733,4.949998233617733,4.949998233617733,4.949998233617733,4.949998233617733,4.949998233617733,4.949998233617733,4.949998233617733,4.949998233617733,4.949998233617733,4.949998233617733,4.949998233617733,4.949998233617733,4.949998233617733,4.949998233617733,4.949998233617733,4.949998233617733,4.949998233617733,4.949998233617733,4.949998233617733,4.949998233617733,4.949998233617733,4.942771869219807,4.942771869219807,4.942771869219807,4.942771869219807,4.942771869219807,4.942771869219807,4.942771869219807,4.942771869219807,4.942771869219807,4.942771869219807,4.942771869219807,4.942771869219807,4.942771869219807,4.942771869219807,4.942771869219807,4.942771869219807,4.942771869219807,4.942771869219807,4.942771869219807,4.942771869219807,4.942771869219807,4.942771869219807,4.942771869219807,4.942771869219807,4.942771869219807,4.942771869219807,4.942771869219807,4.942771869219807,4.942771869219807,4.942771869219807,4.942771869219807,4.942771869219807,4.942771869219807,4.942771869219807,4.942771869219807,4.942771869219807,4.942771869219807,4.942771869219807,4.942771869219807,4.942771869219807,4.942771869219807,4.942771869219807,4.942771869219807,4.942771869219807,4.942771869219807,4.942771869219807,4.942771869219807,4.942771869219807,4.942771869219807,4.942771869219807,4.942771869219807,4.942771869219807,4.942771869219807,4.942771869219807,4.942771869219807,4.942771869219807,4.942771869219807,4.942771869219807,4.942771869219807,4.942771869219807,4.942771869219807,4.942771869219807,4.942771869219807,4.942771869219807,4.942771869219807,4.942771869219807,4.942771869219807,4.942771869219807,4.942771869219807,4.942771869219807,4.942771869219807,4.942771869219807,4.942771869219807,4.942771869219807,4.942771869219807,4.942771869219807,4.942771869219807,4.942771869219807,4.942771869219807,4.942771869219807,4.942771869219807,4.942771869219807,4.942771869219807,4.942771869219807,4.942771869219807,4.942771869219807,4.942771869219807,4.942771869219807,4.942771869219807,4.942771869219807,4.942771869219807,4.942771869219807,4.942771869219807,4.942771869219807,4.942771869219807,4.942771869219807,4.942771869219807,4.942771869219807,4.942771869219807,4.942771869219807,4.942771869219807,4.942771869219807,4.942771869219807,4.942771869219807,4.942771869219807,4.942771869219807,4.942771869219807,4.942771869219807,4.942771869219807,4.942771869219807,4.942771869219807,4.942771869219807,4.942771869219807,4.942771869219807,4.942771869219807,4.942771869219807,4.942771869219807,4.942771869219807,4.942771869219807,4.942771869219807,4.942771869219807,4.942771869219807,4.942771869219807,4.942771869219807,4.942771869219807,4.942771869219807,4.942771869219807,4.942771869219807,4.942771869219807,4.942771869219807,4.942771869219807,4.942771869219807,4.942771869219807,4.942771869219807,4.942771869219807,4.942771869219807,4.942771869219807,4.942771869219807,4.942771869219807,4.942771869219807,4.942771869219807,4.942771869219807,4.942771869219807,4.942771869219807,4.942771869219807,4.942771869219807,4.942771869219807,4.942771869219807,4.942771869219807,4.942771869219807,4.942771869219807,4.942771869219807,4.942771869219807,4.942771869219807,4.942771869219807,4.942771869219807,4.942771869219807,4.942771869219807,4.942771869219807,4.942771869219807,4.942771869219807,4.942771869219807,4.942771869219807,4.942771869219807,4.942771869219807,4.942771869219807,4.942771869219807,4.942771869219807,4.942771869219807,4.942771869219807,4.942771869219807,4.942771869219807,4.942771869219807,4.942771869219807,4.942771869219807,4.942771869219807,4.942771869219807,4.942771869219807,4.942771869219807,4.942771869219807,4.942771869219807,4.942771869219807,4.942771869219807,4.942771869219807,4.942771869219807,4.942771869219807,4.942771869219807,4.942771869219807,4.942771869219807,4.942771869219807,4.942771869219807,4.942771869219807,4.942771869219807,4.942771869219807,4.942771869219807,4.942771869219807,4.942771869219807,4.942771869219807,4.942771869219807,4.942771869219807,4.942771869219807,4.942771869219807,4.942771869219807,4.942771869219807,4.942771869219807,4.942771869219807,4.942771869219807,4.942771869219807,4.942771869219807,4.942771869219807,4.942771869219807,4.942771869219807,4.942771869219807,4.942771869219807,4.942771869219807,4.942771869219807,4.942771869219807,4.942771869219807,4.942771869219807,4.942771869219807,4.942771869219807,4.942771869219807,4.942771869219807,3.5547363545045196,3.1817643582117623,3.072229692293016,3.072229692293016,3.072229692293016,3.072229692293016,3.072229692293016,2.91597405828242,2.91597405828242,2.91597405828242,2.91597405828242,2.91597405828242,2.91597405828242,2.91597405828242,2.91597405828242,2.91597405828242,2.91597405828242,2.91597405828242,2.91597405828242,2.91597405828242,2.91597405828242,2.91597405828242,2.91597405828242,2.91597405828242,2.91597405828242,2.91597405828242,2.91597405828242,2.91597405828242,2.91597405828242,2.91597405828242,2.91597405828242,2.91597405828242,2.91597405828242,2.91597405828242,2.91597405828242,2.91597405828242,2.91597405828242,2.91597405828242,2.91597405828242,2.91597405828242,2.91597405828242,2.8785221873940627,2.8785221873940627,2.8785221873940627,2.8785221873940627,2.8785221873940627,2.8785221873940627,2.8785221873940627,2.8785221873940627,2.8785221873940627,2.8785221873940627,2.8785221873940627,2.8785221873940627,2.8785221873940627,2.8785221873940627,2.8785221873940627,2.8785221873940627,2.8785221873940627,2.8785221873940627,2.8785221873940627,2.8785221873940627,2.8785221873940627,2.8785221873940627,2.8785221873940627,2.8785221873940627,2.8785221873940627,2.8785221873940627,2.8785221873940627,2.8785221873940627,2.8785221873940627,2.8785221873940627,2.8785221873940627,2.8785221873940627,2.8785221873940627,2.8785221873940627,2.8785221873940627,2.8785221873940627,2.8785221873940627,2.8785221873940627,2.8785221873940627,2.8785221873940627,2.8785221873940627,2.8785221873940627,2.8785221873940627,2.8785221873940627,2.8785221873940627,2.8785221873940627,2.8785221873940627,2.8785221873940627,2.8785221873940627,2.8785221873940627,2.8785221873940627,2.8785221873940627,2.8785221873940627,2.8785221873940627,2.8785221873940627,2.8785221873940627,2.8785221873940627,2.8785221873940627,2.8785221873940627,2.8785221873940627,2.8785221873940627,2.8785221873940627,2.8785221873940627,2.8785221873940627,2.8785221873940627,2.8785221873940627,2.8785221873940627,2.8785221873940627,2.8785221873940627,2.8785221873940627,2.8785221873940627,2.8785221873940627,2.8785221873940627,2.8785221873940627,2.8785221873940627,2.8785221873940627,2.8785221873940627,2.8785221873940627,2.8785221873940627,2.8785221873940627,2.8785221873940627,2.8785221873940627,2.8785221873940627,2.8785221873940627,2.8785221873940627,2.8785221873940627,2.8785221873940627,2.8785221873940627,2.8785221873940627,2.8785221873940627,2.8785221873940627,2.8785221873940627,2.8785221873940627,2.8785221873940627,2.8785221873940627,2.8785221873940627,2.8785221873940627,2.8785221873940627,2.8785221873940627,2.8785221873940627,2.8785221873940627,2.8785221873940627,2.8785221873940627,2.8785221873940627,2.8785221873940627,2.8785221873940627,2.8785221873940627,2.8785221873940627,2.8785221873940627,2.8785221873940627,2.8785221873940627,2.8785221873940627,2.8785221873940627,2.8785221873940627,2.8785221873940627,2.8785221873940627,2.8785221873940627,2.8785221873940627,2.8785221873940627,2.8785221873940627,2.8785221873940627,2.8785221873940627,2.8785221873940627,2.8785221873940627,2.8785221873940627,2.8785221873940627,2.8785221873940627,2.8785221873940627,2.8785221873940627,2.8785221873940627,2.8785221873940627,2.8785221873940627,2.8785221873940627,2.8785221873940627,2.8785221873940627,2.8785221873940627,2.8785221873940627,2.8785221873940627,2.8785221873940627,2.8785221873940627,2.8785221873940627,2.8785221873940627,2.8785221873940627,2.8785221873940627,2.8785221873940627,2.8785221873940627,2.8785221873940627,2.8785221873940627,2.8785221873940627,2.8785221873940627,2.8785221873940627,2.8785221873940627,2.8785221873940627,2.8785221873940627,2.8785221873940627,2.8785221873940627,2.8785221873940627,2.8785221873940627,2.8785221873940627,2.8785221873940627,2.8785221873940627,2.8785221873940627,2.8785221873940627,2.8785221873940627,2.8785221873940627,2.8785221873940627,2.8785221873940627,2.8785221873940627,2.8785221873940627,2.8785221873940627,2.8785221873940627,2.8785221873940627,2.8785221873940627,2.8785221873940627,2.8785221873940627,2.8785221873940627,2.8785221873940627,2.8785221873940627,2.8785221873940627,2.8785221873940627,2.8785221873940627,2.8785221873940627,2.8785221873940627,2.8785221873940627,2.8785221873940627,2.8785221873940627,2.8785221873940627,2.8785221873940627,2.8785221873940627,2.8785221873940627,2.8785221873940627,2.8785221873940627,2.8785221873940627,2.8785221873940627,2.8785221873940627,2.8785221873940627,2.8785221873940627,2.8785221873940627,2.8785221873940627,2.8785221873940627,2.8785221873940627,2.8785221873940627,2.8785221873940627,2.8785221873940627,2.8785221873940627,2.8785221873940627,2.8785221873940627,2.8785221873940627,2.8785221873940627,2.8785221873940627,2.8785221873940627,2.8785221873940627,2.8785221873940627,2.8785221873940627,2.8785221873940627,2.8785221873940627,2.8785221873940627,2.8785221873940627,2.8785221873940627,2.8785221873940627,2.8785221873940627,2.8785221873940627,2.8785221873940627,2.8785221873940627,2.8785221873940627,2.8785221873940627,2.8785221873940627,2.8785221873940627,2.8785221873940627,2.8785221873940627,2.8785221873940627,2.8785221873940627,2.8785221873940627,2.8785221873940627,2.8785221873940627,2.8785221873940627,2.8785221873940627,2.8785221873940627,2.8785221873940627,2.8785221873940627,2.8785221873940627,2.8785221873940627,2.8785221873940627,2.8785221873940627,2.8785221873940627,2.8785221873940627,2.8785221873940627,2.8785221873940627,2.8785221873940627,2.8785221873940627,2.8785221873940627,2.8785221873940627,2.8785221873940627,2.8785221873940627,2.8785221873940627,2.8785221873940627,2.8785221873940627,2.8785221873940627,2.8785221873940627,2.8785221873940627,2.8785221873940627,2.8785221873940627,2.8785221873940627,2.8785221873940627,2.8785221873940627,2.8785221873940627,2.8785221873940627,2.8785221873940627,2.8785221873940627,2.8785221873940627,2.8785221873940627,2.8785221873940627,2.8785221873940627,2.8785221873940627,2.8785221873940627,2.8785221873940627,2.8785221873940627,2.8785221873940627,2.8785221873940627,2.8785221873940627,2.8785221873940627,2.8785221873940627,2.8785221873940627,2.8785221873940627,2.8785221873940627,2.8785221873940627,2.8785221873940627,2.8785221873940627,2.8785221873940627,2.8785221873940627,2.8785221873940627,2.8785221873940627,2.8785221873940627,2.8785221873940627,2.8785221873940627,2.8785221873940627,2.8785221873940627,2.8785221873940627,2.8785221873940627,2.8785221873940627,2.8785221873940627,2.8785221873940627,2.8785221873940627,2.8785221873940627,2.8785221873940627,2.8785221873940627,2.8785221873940627,2.8785221873940627,2.8785221873940627,2.8785221873940627,2.8785221873940627,2.8785221873940627,2.8785221873940627,2.8785221873940627,2.8785221873940627,2.8785221873940627,2.8785221873940627,2.8785221873940627,2.8785221873940627,2.8785221873940627,2.8785221873940627,2.8785221873940627,2.8785221873940627,2.8785221873940627,2.8785221873940627,2.8785221873940627,2.8785221873940627,2.8785221873940627,2.8785221873940627,2.8785221873940627,2.8785221873940627,2.8785221873940627,2.8785221873940627,2.8785221873940627,2.8785221873940627,2.8785221873940627,2.8785221873940627,2.8785221873940627,2.8785221873940627,2.8785221873940627,2.8785221873940627,2.8785221873940627,2.8785221873940627,2.8785221873940627,2.8785221873940627,2.8785221873940627,2.8785221873940627,2.8785221873940627,2.8785221873940627,2.8785221873940627,2.8785221873940627,2.8785221873940627,2.8785221873940627,2.8785221873940627,2.8785221873940627,2.8785221873940627,2.8785221873940627,2.8785221873940627,2.8785221873940627,2.8785221873940627,2.8785221873940627,2.8785221873940627,2.8785221873940627,2.8785221873940627,2.8785221873940627,2.8785221873940627,2.8785221873940627,2.8785221873940627,2.8785221873940627,2.8785221873940627,2.8785221873940627,2.8785221873940627,2.8785221873940627,2.8785221873940627,2.8785221873940627,2.8785221873940627,2.8785221873940627,2.8785221873940627,2.8785221873940627,2.8785221873940627,2.8785221873940627,2.8785221873940627,2.8785221873940627,2.8785221873940627,2.8785221873940627,2.8785221873940627,7.624440404211551,7.624440404211551,7.624440404211551,7.4218915378134565,6.790851984015978,6.790851984015978,6.790851984015978,6.765337907602878,6.325140222314591,6.302824519825459,6.302824519825459,6.302824519825459,6.302824519825459,6.302824519825459,6.302824519825459,6.302824519825459,6.302824519825459,6.302824519825459,6.302824519825459,5.724367832338269,5.724367832338269,5.724367832338269,5.724367832338269,5.724367832338269,5.724367832338269,5.724367832338269,5.724367832338269,5.724367832338269,5.724367832338269,5.724367832338269,5.724367832338269,5.724367832338269,5.724367832338269,5.724367832338269,5.724367832338269,5.724367832338269,5.724367832338269,5.724367832338269,5.724367832338269,5.724367832338269,5.724367832338269,5.724367832338269,5.724367832338269,5.724367832338269,5.724367832338269,5.724367832338269,5.724367832338269,5.724367832338269,5.724367832338269,5.724367832338269,5.724367832338269,5.724367832338269,5.724367832338269,5.724367832338269,5.724367832338269,5.724367832338269,5.724367832338269,5.724367832338269,5.724367832338269,5.724367832338269,5.724367832338269,5.724367832338269,5.724367832338269,5.724367832338269,5.724367832338269,5.724367832338269,5.724367832338269,5.724367832338269,5.724367832338269,5.724367832338269,5.724367832338269,5.724367832338269,5.724367832338269,5.724367832338269,5.724367832338269,5.724367832338269,5.724367832338269,5.724367832338269,5.724367832338269,5.724367832338269,5.724367832338269,5.724367832338269,5.724367832338269,5.724367832338269,5.724367832338269,5.724367832338269,5.724367832338269,5.724367832338269,5.724367832338269,5.724367832338269,5.605958917880065,5.605958917880065,5.605958917880065,5.605958917880065,5.605958917880065,5.605958917880065,5.605958917880065,5.605958917880065,5.605958917880065,5.605958917880065,5.605958917880065,5.605958917880065,5.010159350801742,5.010159350801742,5.010159350801742,5.010159350801742,5.010159350801742,5.010159350801742,5.010159350801742,5.010159350801742,5.010159350801742,5.010159350801742,5.010159350801742,5.010159350801742,5.010159350801742,5.010159350801742,5.010159350801742,5.010159350801742,5.010159350801742,5.010159350801742,5.010159350801742,5.010159350801742,5.010159350801742,5.010159350801742,5.010159350801742,5.010159350801742,5.010159350801742,5.010159350801742,5.010159350801742,5.010159350801742,5.010159350801742,5.010159350801742,5.010159350801742,5.010159350801742,5.010159350801742,5.010159350801742,5.010159350801742,5.010159350801742,5.010159350801742,5.010159350801742,5.010159350801742,5.010159350801742,5.010159350801742,4.8774039935415425,4.8774039935415425,4.8774039935415425,4.8774039935415425,4.8774039935415425,4.8774039935415425,4.8774039935415425,4.8774039935415425,4.8774039935415425,4.8774039935415425,4.8774039935415425,4.8774039935415425,4.8774039935415425,4.8774039935415425,4.8774039935415425,4.8774039935415425,4.8774039935415425,4.8774039935415425,4.8774039935415425,4.8774039935415425,4.8774039935415425,4.8774039935415425,4.8774039935415425,4.8774039935415425,4.8774039935415425,4.8774039935415425,4.8774039935415425,4.8774039935415425,4.8774039935415425,4.8774039935415425,4.8774039935415425,4.8774039935415425,4.8774039935415425,4.8774039935415425,4.8774039935415425,4.8774039935415425,4.8774039935415425,4.8774039935415425,4.8774039935415425,4.8774039935415425,4.8774039935415425,4.8774039935415425,4.8774039935415425,4.8774039935415425,4.8774039935415425,4.8774039935415425,4.8774039935415425,4.8774039935415425,4.8774039935415425,4.8774039935415425,4.8774039935415425,4.8774039935415425,4.8774039935415425,4.8774039935415425,4.8774039935415425,4.8774039935415425,4.8774039935415425,4.8774039935415425,4.8774039935415425,4.8774039935415425,4.8774039935415425,4.8774039935415425,4.8774039935415425,4.8774039935415425,4.8774039935415425,4.8774039935415425,4.8774039935415425,4.8774039935415425,4.8774039935415425,4.8774039935415425,4.8774039935415425,4.8774039935415425,4.8774039935415425,4.8774039935415425,4.8774039935415425,4.8774039935415425,4.8774039935415425,4.8774039935415425,4.8774039935415425,4.8774039935415425,4.8774039935415425,4.8774039935415425,4.8774039935415425,4.8774039935415425,4.8774039935415425,4.8774039935415425,4.8774039935415425,4.8774039935415425,4.8774039935415425,4.8774039935415425,4.8774039935415425,4.8774039935415425,4.8774039935415425,4.8774039935415425,4.8774039935415425,4.8774039935415425,4.8774039935415425,4.8774039935415425,4.8774039935415425,4.8774039935415425,4.8774039935415425,4.8774039935415425,4.8774039935415425,4.8774039935415425,4.8774039935415425,4.8774039935415425,4.8774039935415425,4.8774039935415425,4.8774039935415425,4.8774039935415425,4.8774039935415425,4.8774039935415425,4.8774039935415425,4.8774039935415425,4.8774039935415425,4.8774039935415425,4.8774039935415425,4.8774039935415425,4.8774039935415425,4.8774039935415425,4.8774039935415425,4.8774039935415425,4.8774039935415425,4.8774039935415425,4.8774039935415425,4.8774039935415425,4.8774039935415425,4.8774039935415425,4.8774039935415425,4.8774039935415425,4.8774039935415425,4.8774039935415425,4.8774039935415425,4.8774039935415425,4.8774039935415425,4.8774039935415425,4.8774039935415425,4.8774039935415425,4.8774039935415425,4.8774039935415425,4.8774039935415425,4.8774039935415425,4.8774039935415425,4.8774039935415425,4.8774039935415425,4.8774039935415425,4.8774039935415425,4.8774039935415425,4.8774039935415425,4.8774039935415425,4.8774039935415425,4.8774039935415425,4.8774039935415425,4.8774039935415425,4.8774039935415425,4.8774039935415425,4.8774039935415425,4.8774039935415425,4.8774039935415425,4.8774039935415425,4.8774039935415425,4.8774039935415425,4.8774039935415425,4.8774039935415425,4.8774039935415425,4.8774039935415425,4.8774039935415425,4.8774039935415425,4.8774039935415425,4.8774039935415425,4.8774039935415425,4.8774039935415425,4.8774039935415425,4.8774039935415425,4.8774039935415425,4.8774039935415425,4.8774039935415425,4.8774039935415425,4.8774039935415425,4.8774039935415425,4.8774039935415425,4.8774039935415425,4.8774039935415425,4.8774039935415425,4.8774039935415425,4.8774039935415425,4.8774039935415425,4.8774039935415425,4.8774039935415425,4.8774039935415425,4.8774039935415425,4.8774039935415425,4.8774039935415425,4.8774039935415425,4.8774039935415425,4.8774039935415425,4.8774039935415425,4.8774039935415425,4.8774039935415425,4.8774039935415425,4.8774039935415425,4.8774039935415425,4.8774039935415425,4.8774039935415425,4.8774039935415425,4.8774039935415425,4.8774039935415425,4.8774039935415425,4.8774039935415425,4.8774039935415425,4.8774039935415425,4.8774039935415425,4.8774039935415425,4.8774039935415425,4.8774039935415425,4.8774039935415425,4.8774039935415425,4.8774039935415425,4.8774039935415425,4.8774039935415425,4.8774039935415425,4.8774039935415425,4.8774039935415425,4.8774039935415425,4.8774039935415425,4.8774039935415425,4.8774039935415425,4.8774039935415425,4.8774039935415425,4.8774039935415425,4.8774039935415425,4.8774039935415425,4.8774039935415425,4.8774039935415425,4.8774039935415425,4.8774039935415425,4.8774039935415425,4.8774039935415425,4.8774039935415425,4.8774039935415425,4.8774039935415425,4.8774039935415425,4.8774039935415425,4.8774039935415425,4.8774039935415425,4.8774039935415425,4.8774039935415425,4.8774039935415425,4.8774039935415425,4.8774039935415425,4.8774039935415425,4.8774039935415425,4.8774039935415425,4.8774039935415425,4.8774039935415425,4.8774039935415425,4.8774039935415425,4.8774039935415425,4.8774039935415425,4.8774039935415425,4.8774039935415425,4.8774039935415425,4.8774039935415425,4.8774039935415425,4.8774039935415425,4.8774039935415425,4.8774039935415425,4.8774039935415425,4.8774039935415425,4.8774039935415425,4.8774039935415425,4.8774039935415425,4.8774039935415425,4.8774039935415425,4.8774039935415425,4.8774039935415425,4.8774039935415425,4.8774039935415425,4.8774039935415425,4.8774039935415425,4.8774039935415425,4.8774039935415425,4.8774039935415425,4.8774039935415425,4.8774039935415425,4.8774039935415425,4.8774039935415425,4.8774039935415425,4.8774039935415425,4.8774039935415425,4.8774039935415425,4.8774039935415425,4.8774039935415425,4.8774039935415425,4.8774039935415425,4.8774039935415425,4.8774039935415425,4.8774039935415425,4.8774039935415425,4.8774039935415425,4.8774039935415425,4.8774039935415425,4.8774039935415425,4.8774039935415425,4.8774039935415425,4.8774039935415425,4.8774039935415425,4.8774039935415425,4.8774039935415425,4.8774039935415425,4.8774039935415425,4.8774039935415425,4.8774039935415425,4.8774039935415425,4.8774039935415425,4.8774039935415425,4.8774039935415425,4.8774039935415425,4.8774039935415425,4.8774039935415425,4.8774039935415425,4.8774039935415425,4.8774039935415425,4.8774039935415425,4.8774039935415425,4.8774039935415425,4.8774039935415425,4.8774039935415425,4.8774039935415425,4.8774039935415425,4.8774039935415425,4.8774039935415425,4.8774039935415425,4.8774039935415425,4.8774039935415425,4.8774039935415425,4.8774039935415425,4.8774039935415425,4.8774039935415425,4.8774039935415425,4.8774039935415425,4.8774039935415425,4.8774039935415425,4.8774039935415425,4.8774039935415425,4.8774039935415425,4.8774039935415425,4.8774039935415425,4.8774039935415425,4.8774039935415425,4.8774039935415425,4.8774039935415425,4.8774039935415425,4.8774039935415425,4.8774039935415425,4.8774039935415425,4.8774039935415425,4.8774039935415425,4.8774039935415425,4.8774039935415425,4.8774039935415425,4.8774039935415425,4.8774039935415425,4.8774039935415425,4.8774039935415425,4.8774039935415425,4.8774039935415425,4.8774039935415425,4.8774039935415425,4.8774039935415425,4.8774039935415425,4.8774039935415425,4.8774039935415425,4.8774039935415425,4.8774039935415425,4.8774039935415425,4.8774039935415425,4.8774039935415425,4.8774039935415425,4.8774039935415425,4.8774039935415425,4.8774039935415425,4.8774039935415425,4.8774039935415425,4.8774039935415425,4.8774039935415425,4.8774039935415425,4.8774039935415425,4.8774039935415425,4.8774039935415425,4.8774039935415425,4.8774039935415425,4.8774039935415425,4.8774039935415425,4.8774039935415425,4.8774039935415425,4.8774039935415425,4.8774039935415425,4.8774039935415425,4.8774039935415425,4.8774039935415425,4.8774039935415425,4.8774039935415425,4.8774039935415425,4.8774039935415425,4.8774039935415425,4.8774039935415425,4.8774039935415425,4.8774039935415425,4.8774039935415425,4.8774039935415425,4.8774039935415425,4.8774039935415425,4.8774039935415425,4.8774039935415425,4.8774039935415425,4.8774039935415425,4.8774039935415425,4.8774039935415425,4.8774039935415425,4.8774039935415425,4.8774039935415425,4.8774039935415425,4.8774039935415425,4.8774039935415425,4.8774039935415425,4.8774039935415425,4.8774039935415425,4.8774039935415425,4.8774039935415425,4.8774039935415425,4.8774039935415425,4.8774039935415425,4.8774039935415425,4.8774039935415425,4.8774039935415425,4.8774039935415425,4.8774039935415425,4.8774039935415425,4.8774039935415425,4.8774039935415425,4.8774039935415425,4.8774039935415425,4.8774039935415425,4.8774039935415425,4.8774039935415425,4.8774039935415425,4.8774039935415425,4.8774039935415425,4.8774039935415425,4.8774039935415425,4.8774039935415425,4.8774039935415425,4.8774039935415425,4.8774039935415425,4.8774039935415425,4.8774039935415425,4.8774039935415425,4.8774039935415425,4.8774039935415425,4.8774039935415425,4.8774039935415425,4.8774039935415425,4.8774039935415425,4.8774039935415425,4.8774039935415425,4.8774039935415425,4.8774039935415425,4.8774039935415425,4.8774039935415425,4.8774039935415425,4.8774039935415425,4.8774039935415425,4.8774039935415425,4.8774039935415425,4.8774039935415425,4.8774039935415425,4.8774039935415425,4.8774039935415425,4.8774039935415425,4.8774039935415425,4.8774039935415425,4.8774039935415425,4.8774039935415425,4.8774039935415425,4.8774039935415425,4.8774039935415425,4.8774039935415425,4.8774039935415425,4.8774039935415425,4.8774039935415425,4.8774039935415425,4.8774039935415425,4.8774039935415425,4.8774039935415425,4.8774039935415425,4.8774039935415425,4.8774039935415425,4.8774039935415425,4.8774039935415425,4.8774039935415425,4.8774039935415425,4.8774039935415425,4.8774039935415425,4.8774039935415425,4.8774039935415425,4.8774039935415425,4.8774039935415425,4.8774039935415425,4.8774039935415425,4.8774039935415425,4.8774039935415425,4.8774039935415425,4.8774039935415425,4.8774039935415425,4.8774039935415425,4.8774039935415425,4.8774039935415425,4.8774039935415425,4.8774039935415425,4.8774039935415425,4.8774039935415425,4.8774039935415425,4.8774039935415425,4.8774039935415425,4.8774039935415425,4.8774039935415425,4.8774039935415425,4.8774039935415425,4.8774039935415425,4.8774039935415425,4.8774039935415425,4.8774039935415425,4.8774039935415425,4.8774039935415425,4.8774039935415425,4.8774039935415425,4.8774039935415425,4.8774039935415425,4.8774039935415425,4.8774039935415425,4.8774039935415425,4.8774039935415425,4.8774039935415425,4.8774039935415425,4.8774039935415425,4.8774039935415425,4.8774039935415425,4.8774039935415425,4.8774039935415425,4.8774039935415425,4.8774039935415425,4.8774039935415425,4.8774039935415425,4.8774039935415425,4.8774039935415425,4.8774039935415425,4.8774039935415425,4.8774039935415425,4.8774039935415425,4.8774039935415425,4.8774039935415425,4.8774039935415425,4.8774039935415425,4.8774039935415425,4.8774039935415425,4.8774039935415425,4.8774039935415425,4.8774039935415425,4.8774039935415425,4.8774039935415425,4.8774039935415425,4.8774039935415425,4.8774039935415425,4.8774039935415425,4.8774039935415425,4.8774039935415425,4.8774039935415425,4.8774039935415425,4.8774039935415425,4.8774039935415425,4.8774039935415425,4.8774039935415425,4.8774039935415425,4.8774039935415425,4.8774039935415425,4.8774039935415425,4.8774039935415425,4.8774039935415425,4.8774039935415425,4.8774039935415425,4.8774039935415425,4.8774039935415425,4.8774039935415425,4.8774039935415425,4.8774039935415425,4.8774039935415425,4.8774039935415425,4.8774039935415425,4.8774039935415425,4.8774039935415425,4.8774039935415425,4.8774039935415425,4.8774039935415425,4.8774039935415425,4.8774039935415425,4.8774039935415425,4.8774039935415425,4.8774039935415425,4.8774039935415425,4.8774039935415425,4.8774039935415425,4.8774039935415425,4.8774039935415425,4.8774039935415425,4.8774039935415425,4.8774039935415425,4.8774039935415425,4.8774039935415425,4.8774039935415425,4.8774039935415425,4.8774039935415425,4.8774039935415425,4.8774039935415425,4.8774039935415425,4.8774039935415425,4.8774039935415425,4.8774039935415425,4.8774039935415425,4.8774039935415425,4.8774039935415425,4.8774039935415425,4.8774039935415425,4.8774039935415425,4.8774039935415425,4.8774039935415425,4.8774039935415425,4.8774039935415425,4.8774039935415425,4.8774039935415425,4.8774039935415425,4.8774039935415425,4.8774039935415425,4.8774039935415425,4.8774039935415425,4.8774039935415425,4.8774039935415425,4.8774039935415425,4.8774039935415425,4.8774039935415425,4.8774039935415425,4.8774039935415425,4.8774039935415425,4.8774039935415425,4.8774039935415425,4.8774039935415425,4.8774039935415425,4.8774039935415425,4.8774039935415425,4.8774039935415425,4.8774039935415425,4.8774039935415425,4.8774039935415425,4.8774039935415425,4.8774039935415425,4.8774039935415425,4.8774039935415425,4.8774039935415425,4.8774039935415425,4.8774039935415425,4.8774039935415425,4.8774039935415425,4.8774039935415425,4.8774039935415425,4.8774039935415425,4.8774039935415425,4.8774039935415425,4.8774039935415425,4.8774039935415425,4.8774039935415425,4.8774039935415425,4.8774039935415425,4.8774039935415425,4.8774039935415425,4.8774039935415425,4.8774039935415425,4.8774039935415425,4.8774039935415425,4.8774039935415425,4.8774039935415425,4.8774039935415425,4.8774039935415425,4.8774039935415425,4.8774039935415425,4.8774039935415425,4.8774039935415425,4.8774039935415425,4.8774039935415425,4.8774039935415425,4.8774039935415425,4.8774039935415425,4.8774039935415425,4.8774039935415425,4.8774039935415425,4.8774039935415425,4.8774039935415425,4.8774039935415425,4.8774039935415425,4.8774039935415425,4.8774039935415425,4.8774039935415425,4.8774039935415425,4.8774039935415425,4.8774039935415425,4.8774039935415425,4.8774039935415425,4.8774039935415425,4.8774039935415425,4.8774039935415425,4.8774039935415425,4.8774039935415425,4.8774039935415425,4.8774039935415425,4.8774039935415425,4.8774039935415425,4.8774039935415425,4.8774039935415425,4.8774039935415425,4.8774039935415425,4.8774039935415425,4.8774039935415425,4.8774039935415425,4.8774039935415425,4.8774039935415425,4.8774039935415425,4.8774039935415425,4.8774039935415425,4.8774039935415425,4.8774039935415425,4.8774039935415425,4.8774039935415425,4.8774039935415425,4.8774039935415425,4.8774039935415425,4.8774039935415425,4.8774039935415425,4.8774039935415425,4.8774039935415425,4.8774039935415425,4.8774039935415425,4.8774039935415425,4.8774039935415425,4.8774039935415425,4.8774039935415425,4.8774039935415425,4.8774039935415425,4.8774039935415425,4.8774039935415425,4.8774039935415425,4.8774039935415425,4.8774039935415425,4.8774039935415425,4.8774039935415425,4.8774039935415425,4.8774039935415425,4.8774039935415425,4.8774039935415425,4.8774039935415425,4.8774039935415425,4.8774039935415425,4.8774039935415425,4.8774039935415425,4.8774039935415425,4.8774039935415425,4.8774039935415425,4.8774039935415425,4.8774039935415425,4.8774039935415425,4.8774039935415425,4.8774039935415425,4.8774039935415425,4.8774039935415425,4.8774039935415425,4.8774039935415425,4.8774039935415425,4.8774039935415425,4.8774039935415425,4.8774039935415425,4.8774039935415425,4.8774039935415425,4.8774039935415425,4.8774039935415425,4.8774039935415425,4.8774039935415425,4.8774039935415425,4.8774039935415425,4.8774039935415425,4.8774039935415425,4.8774039935415425,4.8774039935415425,4.8774039935415425,4.8774039935415425,4.8774039935415425,4.8774039935415425,4.8774039935415425,4.8774039935415425,4.8774039935415425,4.8774039935415425,4.8774039935415425,4.8774039935415425,4.8774039935415425,4.8774039935415425,4.8774039935415425,4.8774039935415425,4.8774039935415425,4.8774039935415425,4.8774039935415425,4.8774039935415425,4.8774039935415425,4.8774039935415425,4.8774039935415425,4.8774039935415425,4.8774039935415425,4.8774039935415425,4.8774039935415425,4.8774039935415425,4.8774039935415425,4.8774039935415425,4.8774039935415425,4.8774039935415425,4.8774039935415425,4.8774039935415425,4.8774039935415425,4.8774039935415425,4.8774039935415425,4.8774039935415425,4.8774039935415425,4.8774039935415425,4.8774039935415425,4.8774039935415425,4.8774039935415425,4.8774039935415425,4.8774039935415425,4.8774039935415425,4.8774039935415425,4.8774039935415425,4.8774039935415425,4.8774039935415425,4.8774039935415425,4.8774039935415425,4.8774039935415425,4.8774039935415425,4.8774039935415425,4.8774039935415425,4.8774039935415425,4.8774039935415425,4.8774039935415425,9.2300850975581,8.294044228942168,8.294044228942168,7.746245827401384,7.746245827401384,7.746245827401384,7.746245827401384,7.746245827401384,7.746245827401384,7.746245827401384,7.746245827401384,7.746245827401384,7.746245827401384,7.746245827401384,7.746245827401384,7.746245827401384,7.746245827401384,7.746245827401384,7.746245827401384,7.746245827401384,7.746245827401384,7.746245827401384,7.746245827401384,7.746245827401384,7.746245827401384,7.746245827401384,7.746245827401384,7.746245827401384,7.746245827401384,7.474792191548868,7.474792191548868,7.474792191548868,7.474792191548868,7.474792191548868,7.474792191548868,7.474792191548868,7.474792191548868,7.474792191548868,7.474792191548868,7.474792191548868,7.474792191548868,7.474792191548868,7.474792191548868,7.474792191548868,7.474792191548868,7.474792191548868,7.474792191548868,7.474792191548868,7.474792191548868,7.474792191548868,7.474792191548868,7.474792191548868,7.474792191548868,7.369468623441926,7.369468623441926,7.369468623441926,7.369468623441926,7.369468623441926,7.369468623441926,7.369468623441926,7.369468623441926,7.369468623441926,7.369468623441926,7.369468623441926,7.369468623441926,7.369468623441926,7.369468623441926,7.369468623441926,7.369468623441926,7.369468623441926,7.348015077838117,7.348015077838117,7.348015077838117,7.348015077838117,7.348015077838117,7.348015077838117,7.348015077838117,7.348015077838117,7.348015077838117,7.348015077838117,7.348015077838117,7.348015077838117,7.348015077838117,7.348015077838117,7.348015077838117,7.348015077838117,7.348015077838117,7.348015077838117,7.348015077838117,7.348015077838117,7.348015077838117,7.348015077838117,7.348015077838117,7.348015077838117,7.348015077838117,7.348015077838117,7.348015077838117,7.348015077838117,7.348015077838117,7.348015077838117,7.348015077838117,7.348015077838117,7.348015077838117,7.348015077838117,7.348015077838117,7.348015077838117,7.348015077838117,7.348015077838117,7.348015077838117,7.348015077838117,7.348015077838117,7.348015077838117,7.348015077838117,7.348015077838117,7.348015077838117,7.348015077838117,7.348015077838117,7.348015077838117,7.348015077838117,7.348015077838117,6.791908514150381,6.791908514150381,6.791908514150381,6.791908514150381,5.28378224738064,5.28378224738064,5.28378224738064,5.28378224738064,5.28378224738064,5.28378224738064,5.28378224738064,5.28378224738064,5.28378224738064,5.28378224738064,5.28378224738064,5.28378224738064,5.28378224738064,5.28378224738064,5.28378224738064,5.28378224738064,5.28378224738064,5.28378224738064,5.28378224738064,5.28378224738064,5.28378224738064,5.28378224738064,5.28378224738064,5.28378224738064,5.28378224738064,5.28378224738064,5.28378224738064,5.28378224738064,5.28378224738064,5.28378224738064,5.28378224738064,5.28378224738064,5.28378224738064,5.28378224738064,5.28378224738064,5.28378224738064,5.28378224738064,5.28378224738064,5.28378224738064,5.28378224738064,5.28378224738064,5.28378224738064,5.283782247380639,5.283782247380639,5.283782247380639,5.283782247380639,5.283782247380639,5.283782247380639,5.283782247380639,5.283782247380639,5.283782247380639,5.283782247380639,5.283782247380639,5.283782247380639,5.283782247380639,5.283782247380639,5.283782247380639,5.283782247380639,5.283782247380639,5.283782247380639,5.283782247380639,5.283782247380639,5.283782247380639,5.283782247380639,5.283782247380639,5.283782247380639,5.283782247380639,5.283782247380639,5.283782247380639,5.283782247380639,5.283782247380639,5.283782247380639,5.283782247380639,5.283782247380639,5.283782247380639,5.283782247380639,5.283782247380639,5.283782247380639,5.283782247380639,5.283782247380639,5.283782247380639,5.283782247380639,5.283782247380639,5.283782247380639,5.283782247380639,5.283782247380639,5.283782247380639,5.283782247380639,5.283782247380639,5.283782247380639,5.283782247380639,5.283782247380639,5.283782247380639,5.283782247380639,5.283782247380639,5.283782247380639,5.283782247380639,5.283782247380639,5.283782247380639,5.283782247380639,5.283782247380639,5.283782247380639,5.283782247380639,5.283782247380639,5.283782247380639,5.283782247380639,5.283782247380639,5.283782247380639,5.283782247380639,5.283782247380639,5.283782247380639,5.283782247380639,5.283782247380639,5.283782247380639,5.283782247380639,5.283782247380639,5.283782247380639,5.283782247380639,5.283782247380639,5.283782247380639,5.283782247380639,5.283782247380639,5.283782247380639,5.283782247380639,5.283782247380639,5.283782247380639,5.283782247380639,5.283782247380639,5.283782247380639,5.283782247380639,5.283782247380639,5.283782247380639,5.283782247380639,5.283782247380639,5.283782247380639,5.283782247380639,5.283782247380639,5.283782247380639,5.283782247380639,5.283782247380639,5.283782247380639,5.283782247380639,5.283782247380639,5.283782247380639,5.283782247380639,5.283782247380639,5.283782247380639,5.283782247380639,5.283782247380639,5.283782247380639,5.283782247380639,5.283782247380639,5.283782247380639,5.283782247380639,5.283782247380639,5.283782247380639,5.283782247380639,5.283782247380639,5.283782247380639,5.283782247380639,5.283782247380639,5.283782247380639,5.283782247380639,5.283782247380639,5.283782247380639,5.283782247380639,5.283782247380639,5.283782247380639,5.283782247380639,5.283782247380639,5.283782247380639,5.283782247380639,5.283782247380639,5.283782247380639,5.283782247380639,5.283782247380639,5.283782247380639,5.283782247380639,5.283782247380639,5.283782247380639,5.283782247380639,5.283782247380639,5.283782247380639,5.283782247380639,5.283782247380639,5.283782247380639,5.283782247380639,5.283782247380639,5.283782247380639,5.283782247380639,5.283782247380639,5.283782247380639,5.283782247380639,5.283782247380639,5.283782247380639,5.283782247380639,5.283782247380639,5.283782247380639,5.283782247380639,5.283782247380639,5.283782247380639,5.283782247380639,5.283782247380639,5.283782247380639,5.283782247380639,5.283782247380639,5.283782247380639,5.283782247380639,5.283782247380639,5.283782247380639,5.283782247380639,5.283782247380639,5.283782247380639,5.283782247380639,5.283782247380639,5.283782247380639,5.283782247380639,5.283782247380639,5.283782247380639,5.283782247380639,5.283782247380639,5.283782247380639,5.283782247380639,5.283782247380639,5.283782247380639,5.283782247380639,5.283782247380639,5.283782247380639,5.283782247380639,5.283782247380639,5.283782247380639,5.283782247380639,5.283782247380639,5.283782247380639,5.283782247380639,5.283782247380639,5.283782247380639,5.283782247380639,5.283782247380639,5.283782247380639,5.283782247380639,5.283782247380639,5.283782247380639,5.283782247380639,5.283782247380639,5.283782247380639,5.283782247380639,5.283782247380639,5.283782247380639,5.283782247380639,5.283782247380639,5.283782247380639,5.283782247380639,5.283782247380639,5.283782247380639,5.283782247380639,5.283782247380639,5.283782247380639,5.283782247380639,5.283782247380639,5.283782247380639,5.283782247380639,5.283782247380639,5.283782247380639,5.283782247380639,5.283782247380639,5.283782247380639,5.283782247380639,5.283782247380639,5.283782247380639,5.283782247380639,5.283782247380639,5.283782247380639,5.283782247380639,5.283782247380639,5.283782247380639,5.283782247380639,5.283782247380639,5.283782247380639,5.283782247380639,5.283782247380639,5.283782247380639,5.283782247380639,5.283782247380639,5.283782247380639,5.283782247380639,5.283782247380639,5.283782247380639,5.283782247380639,5.283782247380639,5.283782247380639,5.283782247380639,5.283782247380639,5.283782247380639,5.283782247380639,5.283782247380639,5.283782247380639,5.283782247380639,5.283782247380639,5.283782247380639,5.283782247380639,5.283782247380639,5.283782247380639,5.283782247380639,5.283782247380639,5.283782247380639,5.283782247380639,5.283782247380639,5.283782247380639,5.283782247380639,5.283782247380639,5.283782247380639,5.283782247380639,5.283782247380639,5.283782247380639,5.283782247380639,5.283782247380639,5.283782247380639,5.283782247380639,5.283782247380639,5.283782247380639,5.283782247380639,5.283782247380639,5.283782247380639,5.283782247380639,5.283782247380639,5.283782247380639,5.283782247380639,5.283782247380639,5.283782247380639,5.283782247380639,5.283782247380639,5.283782247380639,5.283782247380639,5.283782247380639,5.283782247380639,5.283782247380639,5.283782247380639,5.283782247380639,5.283782247380639,5.283782247380639,5.283782247380639,5.283782247380639,5.283782247380639,5.283782247380639,5.283782247380639,5.283782247380639,5.283782247380639,5.283782247380639,5.283782247380639,5.283782247380639,5.283782247380639,5.283782247380639,5.283782247380639,5.283782247380639,5.283782247380639,5.283782247380639,5.283782247380639,5.283782247380639,5.283782247380639,5.283782247380639,5.283782247380639,5.283782247380639,5.283782247380639,5.283782247380639,5.283782247380639,5.283782247380639,5.283782247380639,5.283782247380639,5.283782247380639,5.283782247380639,5.283782247380639,5.283782247380639,5.283782247380639,5.283782247380639,5.283782247380639,5.283782247380639,5.283782247380639,5.283782247380639,5.283782247380639,5.283782247380639,5.283782247380639,5.283782247380639,5.283782247380639,5.283782247380639,5.283782247380639,5.283782247380639,5.283782247380639,5.283782247380639,5.283782247380639,5.283782247380639,5.283782247380639,5.283782247380639,5.283782247380639,5.283782247380639,5.283782247380639,5.283782247380639,5.283782247380639,5.283782247380639,5.283782247380639,5.283782247380639,5.283782247380639,5.283782247380639,5.283782247380639,5.283782247380639,5.283782247380639,5.283782247380639,5.283782247380639,5.283782247380639,5.283782247380639,5.283782247380639,5.283782247380639,5.283782247380639,5.283782247380639,5.283782247380639,5.283782247380639,5.283782247380639,5.283782247380639,5.283782247380639,5.283782247380639,5.283782247380639,5.283782247380639,5.283782247380639,5.283782247380639,5.283782247380639,5.283782247380639,5.283782247380639,5.283782247380639,5.283782247380639,5.283782247380639,5.283782247380639,5.283782247380639,5.283782247380639,5.283782247380639,5.283782247380639,5.283782247380639,5.283782247380639,5.283782247380639,5.283782247380639,5.283782247380639,5.283782247380639,5.283782247380639,5.283782247380639,5.283782247380639,5.283782247380639,5.283782247380639,5.283782247380639,5.283782247380639,5.283782247380639,5.283782247380639,5.283782247380639,5.283782247380639,5.283782247380639,5.283782247380639,5.283782247380639,5.283782247380639,5.283782247380639,5.283782247380639,5.283782247380639,5.283782247380639,5.283782247380639,5.283782247380639,5.283782247380639,5.283782247380639,5.283782247380639,5.283782247380639,5.283782247380639,5.283782247380639,5.283782247380639,5.283782247380639,5.283782247380639,5.283782247380639,5.283782247380639,5.283782247380639,5.283782247380639,5.283782247380639,5.283782247380639,5.283782247380639,5.283782247380639,5.283782247380639,5.283782247380639,5.283782247380639,5.283782247380639,5.283782247380639,5.283782247380639,5.283782247380639,5.283782247380639,5.283782247380639,5.283782247380639,5.283782247380639,5.283782247380639,5.283782247380639,5.283782247380639,5.283782247380639,5.283782247380639,5.283782247380639,5.283782247380639,5.283782247380639,5.283782247380639,5.283782247380639,5.283782247380639,5.283782247380639,5.283782247380639,5.283782247380639,5.283782247380639,5.283782247380639,5.283782247380639,5.283782247380639,5.283782247380639,5.283782247380639,5.283782247380639,5.283782247380639,5.283782247380639,5.283782247380639,5.283782247380639,5.283782247380639,5.283782247380639,5.283782247380639,5.283782247380639,5.283782247380639,5.283782247380639,5.283782247380639,5.283782247380639,5.283782247380639,5.283782247380639,5.283782247380639,5.283782247380639,5.283782247380639,5.283782247380639,5.283782247380639,5.283782247380639,5.283782247380639,5.283782247380639,5.283782247380639,5.283782247380639,5.283782247380639,5.283782247380639,5.283782247380639,5.283782247380639,5.283782247380639,5.283782247380639,5.283782247380639,5.283782247380639,5.283782247380639,5.283782247380639,5.283782247380639,5.283782247380639,5.283782247380639,5.283782247380639,5.283782247380639,5.283782247380639,5.283782247380639,5.283782247380639,5.283782247380639,5.283782247380639,5.283782247380639,5.283782247380639,5.283782247380639,5.283782247380639,5.283782247380639,5.283782247380639,5.283782247380639,5.283782247380639,5.283782247380639,5.283782247380639,5.283782247380639,5.283782247380639,5.283782247380639,5.283782247380639,5.283782247380639,5.283782247380639,5.283782247380639,5.283782247380639,5.283782247380639,5.283782247380639,5.283782247380639,5.283782247380639,5.283782247380639,5.283782247380639,5.283782247380639,5.283782247380639,5.283782247380639,5.283782247380639,5.283782247380639,5.283782247380639,5.283782247380639,5.283782247380639,5.283782247380639,5.283782247380639,5.283782247380639,5.283782247380639,5.283782247380639,5.283782247380639,5.283782247380639,5.283782247380639,5.283782247380639,5.283782247380639,5.283782247380639,5.283782247380639,5.283782247380639,5.283782247380639,5.283782247380639,5.283782247380639,5.283782247380639,5.283782247380639,5.283782247380639,5.283782247380639,5.283782247380639,5.283782247380639,5.283782247380639,5.283782247380639,5.283782247380639,5.283782247380639,5.283782247380639,5.283782247380639,5.283782247380639,5.283782247380639,5.283782247380639,5.283782247380639,5.283782247380639,5.283782247380639,5.283782247380639,5.283782247380639,5.283782247380639,5.283782247380639,5.283782247380639,5.283782247380639,5.283782247380639,5.283782247380639,5.283782247380639,5.283782247380639,5.283782247380639,5.283782247380639,5.283782247380639,5.283782247380639,5.283782247380639,5.283782247380639,5.283782247380639,5.283782247380639,5.283782247380639,5.283782247380639,5.283782247380639,5.283782247380639,5.283782247380639,5.283782247380639,5.283782247380639,5.283782247380639,5.283782247380639,5.283782247380639,5.283782247380639,5.283782247380639,5.283782247380639,5.283782247380639,5.283782247380639,5.283782247380639,5.283782247380639,5.283782247380639,5.283782247380639,5.283782247380639,5.283782247380639,5.283782247380639,5.283782247380639,5.283782247380639,5.283782247380639,5.283782247380639,5.283782247380639,5.283782247380639,5.283782247380639,5.283782247380639,5.283782247380639,5.283782247380639,5.283782247380639,5.283782247380639,5.283782247380639,5.283782247380639,5.283782247380639,5.283782247380639,5.283782247380639,5.283782247380639,5.283782247380639,5.283782247380639,5.283782247380639,5.283782247380639,5.283782247380639,5.283782247380639,5.283782247380639,5.283782247380639,5.283782247380639,5.283782247380639,5.283782247380639,5.283782247380639,5.283782247380639,5.283782247380639,5.283782247380639,5.283782247380639,5.283782247380639,5.283782247380639,5.283782247380639,5.283782247380639,5.283782247380639,5.283782247380639,5.283782247380639,5.283782247380639,5.283782247380639,5.283782247380639,5.283782247380639,5.283782247380639,5.283782247380639,5.283782247380639,5.283782247380639,5.283782247380639,5.283782247380639,5.283782247380639,5.283782247380639,5.283782247380639,5.283782247380639,5.283782247380639,5.283782247380639,5.283782247380639,5.283782247380639,5.283782247380639,5.283782247380639,5.283782247380639,5.283782247380639,5.283782247380639,5.283782247380639,5.283782247380639,5.283782247380639,5.283782247380639,5.283782247380639,5.283782247380639,5.283782247380639,5.283782247380639,5.283782247380639,5.283782247380639,5.283782247380639,5.283782247380639,5.283782247380639,5.283782247380639,5.283782247380639,5.283782247380639,5.283782247380639,5.283782247380639,5.283782247380639,5.283782247380639,5.283782247380639,5.283782247380639,5.283782247380639,5.283782247380639,5.283782247380639,5.283782247380639,5.283782247380639,5.283782247380639,5.283782247380639,5.283782247380639,5.283782247380639,5.283782247380639,5.283782247380639,5.283782247380639,5.283782247380639,5.283782247380639,5.283782247380639,5.283782247380639,5.283782247380639,5.283782247380639,5.283782247380639,5.283782247380639,5.283782247380639,5.283782247380639,5.283782247380639,5.283782247380639,5.283782247380639,5.283782247380639,5.283782247380639,5.283782247380639,5.283782247380639,5.283782247380639,5.283782247380639,5.283782247380639,5.283782247380639,5.283782247380639,5.283782247380639,5.283782247380639,5.283782247380639,5.283782247380639,5.283782247380639,5.283782247380639,5.283782247380639,5.283782247380639,5.283782247380639,5.283782247380639,5.283782247380639,5.283782247380639,5.283782247380639,5.283782247380639,5.283782247380639,5.283782247380639,5.283782247380639,5.283782247380639,5.283782247380639,5.283782247380639,5.283782247380639,5.283782247380639,5.283782247380639,5.283782247380639,5.283782247380639,5.283782247380639,5.283782247380639,5.283782247380639,5.283782247380639,5.283782247380639,5.283782247380639,5.283782247380639,5.283782247380639,5.283782247380639,5.283782247380639,5.283782247380639,5.283782247380639,5.283782247380639,5.283782247380639,5.283782247380639,5.283782247380639,5.283782247380639,5.283782247380639,5.283782247380639,5.283782247380639,5.283782247380639,5.283782247380639,5.283782247380639,5.283782247380639,5.283782247380639,5.283782247380639,5.283782247380639,5.283782247380639,5.283782247380639,5.283782247380639,5.283782247380639,5.283782247380639,5.283782247380639,5.283782247380639,5.283782247380639,5.283782247380639,5.283782247380639,5.283782247380639,5.283782247380639,5.283782247380639,5.283782247380639,5.283782247380639,5.283782247380639,5.283782247380639,5.283782247380639,5.283782247380639,5.283782247380639,5.283782247380639,5.283782247380639,5.283782247380639,5.283782247380639,5.283782247380639,5.283782247380639,5.283782247380639,5.283782247380639,5.283782247380639,5.283782247380639,5.283782247380639,5.283782247380639,5.283782247380639,5.283782247380639,5.283782247380639,5.283782247380639,5.283782247380639,5.283782247380639,5.283782247380639,5.283782247380639,5.283782247380639,5.283782247380639,5.283782247380639,7.742479887127011,7.734800547655031,7.114080615894053,7.114080615894053,7.114080615894053,7.114080615894053,7.114080615894053,7.114080615894053,7.114080615894053,7.114080615894053,7.114080615894053,7.114080615894053,7.114080615894053,7.114080615894053,7.114080615894053,6.9399243641583865,6.9399243641583865,6.9399243641583865,6.9041760849594915,6.7999389427235055,6.795263248494383,6.795263248494383,6.795263248494383,6.792565474789004,6.649649421210091,6.649649421210091,6.649649421210091,6.649649421210091,6.649649421210091,6.649649421210091,6.649649421210091,6.649649421210091,6.649649421210091,6.649649421210091,6.649649421210091,6.649649421210091,6.649649421210091,6.649649421210091,6.649649421210091,6.649649421210091,6.649649421210091,6.649649421210091,6.649649421210091,6.649649421210091,6.570452650202079,6.570452650202079,6.570452650202079,6.5669079491432285,6.5669079491432285,6.5669079491432285,6.5669079491432285,6.5669079491432285,6.5669079491432285,6.5669079491432285,6.5669079491432285,6.5669079491432285,6.5669079491432285,6.5669079491432285,6.544633807907607,6.516816812791879,6.516816812791879,6.516816812791879,6.516816812791879,6.516816812791879,6.516816812791879,6.516816812791879,6.516816812791879,6.516816812791879,6.516816812791879,6.516816812791879,6.516816812791879,6.516816812791879,6.516816812791879,6.516816812791879,6.516816812791879,6.516816812791879,6.516816812791879,6.516816812791879,6.516816812791879,6.516816812791879,6.516816812791879,6.516816812791879,6.516816812791879,6.516816812791879,6.516816812791879,6.516816812791879,6.516816812791879,6.516816812791879,6.516816812791879,6.516816812791879,6.516816812791879,6.516816812791879,6.516816812791879,6.516816812791879,6.516816812791879,6.516816812791879,6.516816812791879,6.516816812791879,6.516816812791879,6.516816812791879,6.516816812791879,6.516816812791879,6.516816812791879,6.516816812791879,6.516816812791879,6.516816812791879,6.516816812791879,6.516816812791879,6.516816812791879,6.516816812791879,6.516816812791879,6.516816812791879,6.516816812791879,6.516816812791879,6.516816812791879,6.516816812791879,6.516816812791879,6.516816812791879,6.516816812791879,6.516816812791879,6.516816812791879,6.516816812791879,6.516816812791879,6.516816812791879,6.516816812791879,6.516816812791879,6.516816812791879,6.516816812791879,6.516816812791879,6.516816812791879,6.516816812791879,6.516816812791879,6.516816812791879,6.516816812791879,6.516816812791879,6.516816812791879,6.516816812791879,6.516816812791879,6.516816812791879,6.516816812791879,6.516816812791879,6.516816812791879,6.516816812791879,6.516816812791879,6.399575217895086,6.399575217895086,6.399575217895086,6.399575217895086,6.399575217895086,6.399575217895086,6.399575217895086,6.399575217895086,6.399575217895086,6.399575217895086,6.399575217895086,6.399575217895086,6.399575217895086,6.399575217895086,6.399575217895086,6.399575217895086,6.399575217895086,6.399575217895086,6.399575217895086,6.399575217895086,6.399575217895086,6.399575217895086,6.399575217895086,6.399575217895086,6.399575217895086,6.399575217895086,6.399575217895086,6.399575217895086,6.399575217895086,6.399575217895086,6.399575217895086,6.399575217895086,6.399575217895086,6.399575217895086,6.399575217895086,6.399575217895086,6.399575217895086,6.399575217895086,6.399575217895086,6.399575217895086,6.399575217895086,6.399575217895086,6.399575217895086,6.399575217895086,6.399575217895086,6.399575217895086,6.399575217895086,6.399575217895086,6.399575217895086,6.399575217895086,6.399575217895086,6.399575217895086,6.399575217895086,6.399575217895086,6.399575217895086,6.399575217895086,6.399575217895086,6.399575217895086,6.399575217895086,6.399575217895086,6.399575217895086,6.399575217895086,6.399575217895086,6.399575217895086,6.399575217895086,6.399575217895086,6.399575217895086,6.399575217895086,6.399575217895086,6.399575217895086,6.399575217895086,6.399575217895086,6.399575217895086,6.399575217895086,6.399575217895086,6.399575217895086,6.399575217895086,6.295973808621179,6.295973808621179,4.990417182428225,4.990417182428225,4.990417182428225,4.990417182428225,4.990417182428225,4.990417182428225,4.990417182428225,4.990417182428225,4.990417182428225,4.990417182428225,4.990417182428225,4.990417182428225,4.990417182428225,4.990417182428225,4.990417182428225,4.990417182428225,4.990417182428225,4.990417182428225,4.990417182428225,4.990417182428225,4.990417182428225,4.990417182428225,4.990417182428225,4.990417182428225,4.990417182428225,4.990417182428225,4.990417182428225,4.990417182428225,4.990417182428225,4.990417182428225,4.990417182428225,4.990417182428225,4.990417182428225,4.990417182428225,4.990417182428225,4.990417182428225,4.990417182428225,4.990417182428225,4.990417182428225,4.990417182428225,4.990417182428225,4.990417182428225,4.990417182428225,4.990417182428225,4.990417182428225,4.990417182428225,4.990417182428225,4.990417182428225,4.990417182428225,4.990417182428225,4.990417182428225,4.990417182428225,4.990417182428225,4.990417182428225,4.990417182428225,4.990417182428225,4.990417182428225,4.990417182428225,4.990417182428225,4.990417182428225,4.990417182428225,4.990417182428225,4.990417182428225,4.990417182428225,4.990417182428225,4.990417182428225,4.990417182428225,4.990417182428225,4.990417182428225,4.990417182428225,4.990417182428225,4.990417182428225,4.990417182428225,4.990417182428225,4.990417182428225,4.990417182428225,4.990417182428225,4.990417182428225,4.990417182428225,4.990417182428225,4.990417182428225,4.990417182428225,4.990417182428225,4.990417182428225,4.990417182428225,4.984499079185639,4.984499079185639,4.984499079185639,4.941069763343389,4.941069763343389,4.941069763343389,4.941069763343389,4.941069763343389,4.941069763343389,4.941069763343389,4.941069763343389,4.941069763343389,4.941069763343389,4.941069763343389,4.941069763343389,4.941069763343389,4.941069763343389,4.941069763343389,4.941069763343389,4.941069763343389,4.941069763343389,4.941069763343389,4.941069763343389,4.941069763343389,4.941069763343389,4.941069763343389,4.941069763343389,4.941069763343389,4.764078035552867,4.737522425687474,4.694093109845224,4.694093109845224,4.694093109845224,4.694093109845224,4.694093109845224,4.694093109845224,4.694093109845224,4.694093109845224,4.694093109845224,4.694093109845224,4.694093109845224,4.694093109845224,4.694093109845224,4.694093109845224,4.694093109845224,4.694093109845224,4.694093109845224,4.694093109845224,4.694093109845224,4.694093109845224,4.694093109845224,4.694093109845224,4.694093109845224,4.694093109845224,4.694093109845224,4.694093109845224,4.694093109845224,4.694093109845224,4.694093109845224,4.694093109845224,4.694093109845224,4.694093109845224,4.694093109845224,4.694093109845224,4.694093109845224,4.694093109845224,4.694093109845224,4.694093109845224,4.694093109845224,4.694093109845224,4.694093109845224,4.694093109845224,4.694093109845224,4.694093109845224,4.694093109845224,4.694093109845224,4.694093109845224,4.694093109845224,4.694093109845224,4.694093109845224,4.694093109845224,4.694093109845224,4.694093109845224,4.694093109845224,4.694093109845224,4.694093109845224,4.694093109845224,4.694093109845224,4.694093109845224,4.694093109845224,4.694093109845224,4.694093109845224,4.694093109845224,4.694093109845224,4.694093109845224,4.694093109845224,4.694093109845224,4.694093109845224,4.694093109845224,4.694093109845224,4.694093109845224,4.694093109845224,4.694093109845224,4.694093109845224,4.694093109845223,4.694093109845223,4.694093109845223,4.694093109845223,4.694093109845223,4.694093109845223,4.694093109845223,4.694093109845223,4.694093109845223,4.694093109845223,4.694093109845223,4.694093109845223,4.694093109845223,4.694093109845223,4.694093109845223,4.694093109845223,4.694093109845223,4.694093109845223,4.694093109845223,4.694093109845223,4.694093109845223,4.694093109845223,4.694093109845223,4.694093109845223,4.694093109845223,4.694093109845223,4.694093109845223,4.694093109845223,4.694093109845223,4.694093109845223,4.694093109845223,4.694093109845223,4.694093109845223,4.694093109845223,4.694093109845223,4.694093109845223,4.694093109845223,4.694093109845223,4.694093109845223,4.694093109845223,4.694093109845223,4.694093109845223,4.694093109845223,4.694093109845223,4.694093109845223,4.694093109845223,4.694093109845223,4.694093109845223,4.694093109845223,4.694093109845223,4.694093109845223,4.694093109845223,4.694093109845223,4.694093109845223,4.694093109845223,4.694093109845223,4.694093109845223,4.694093109845223,4.694093109845223,4.694093109845223,4.694093109845223,4.694093109845223,4.694093109845223,4.694093109845223,4.694093109845223,4.694093109845223,4.694093109845223,4.694093109845223,4.694093109845223,4.694093109845223,4.694093109845223,4.694093109845223,4.694093109845223,4.694093109845223,4.694093109845223,4.694093109845223,4.694093109845223,4.694093109845223,4.694093109845223,4.694093109845223,4.694093109845223,4.694093109845223,4.694093109845223,4.694093109845223,4.694093109845223,4.694093109845223,4.694093109845223,4.694093109845223,4.694093109845223,4.694093109845223,4.694093109845223,4.694093109845223,4.694093109845223,4.694093109845223,4.694093109845223,4.694093109845223,4.694093109845223,4.694093109845223,4.694093109845223,4.694093109845223,4.694093109845223,4.694093109845223,4.694093109845223,4.694093109845223,4.694093109845223,4.694093109845223,4.694093109845223,4.694093109845223,4.694093109845223,4.694093109845223,4.694093109845223,4.694093109845223,4.694093109845223,4.694093109845223,4.694093109845223,4.694093109845223,4.694093109845223,4.694093109845223,4.694093109845223,4.694093109845223,4.694093109845223,4.694093109845223,4.694093109845223,4.694093109845223,4.694093109845223,4.694093109845223,4.694093109845223,4.694093109845223,4.694093109845223,4.694093109845223,4.694093109845223,4.694093109845223,4.694093109845223,4.694093109845223,4.694093109845223,4.694093109845223,4.694093109845223,4.694093109845223,4.694093109845223,4.694093109845223,4.694093109845223,4.694093109845223,4.694093109845223,4.694093109845223,4.694093109845223,4.694093109845223,4.694093109845223,4.694093109845223,4.694093109845223,4.694093109845223,4.694093109845223,4.694093109845223,4.694093109845223,4.694093109845223,4.694093109845223,4.694093109845223,4.694093109845223,4.694093109845223,4.694093109845223,4.694093109845223,4.694093109845223,4.694093109845223,4.694093109845223,4.694093109845223,4.694093109845223,4.694093109845223,4.694093109845223,4.694093109845223,4.694093109845223,4.694093109845223,4.694093109845223,4.694093109845223,4.694093109845223,4.694093109845223,4.694093109845223,4.694093109845223,4.694093109845223,4.694093109845223,4.694093109845223,4.694093109845223,4.694093109845223,4.694093109845223,4.694093109845223,4.694093109845223,4.694093109845223,4.694093109845223,4.694093109845223,4.694093109845223,4.694093109845223,4.694093109845223,4.694093109845223,4.694093109845223,4.694093109845223,4.694093109845223,4.694093109845223,4.694093109845223,4.694093109845223,4.694093109845223,4.694093109845223,4.694093109845223,4.694093109845223,4.694093109845223,4.694093109845223,4.694093109845223,4.694093109845223,4.694093109845223,4.694093109845223,4.694093109845223,4.694093109845223,4.694093109845223,4.694093109845223,4.694093109845223,4.694093109845223,4.694093109845223,4.694093109845223,4.694093109845223,4.694093109845223,4.694093109845223,4.694093109845223,4.694093109845223,4.694093109845223,4.694093109845223,4.694093109845223,4.694093109845223,4.694093109845223,4.694093109845223,4.694093109845223,4.694093109845223,4.694093109845223,4.694093109845223,4.694093109845223,4.694093109845223,4.694093109845223,4.694093109845223,4.694093109845223,4.694093109845223,4.694093109845223,4.694093109845223,4.694093109845223,4.694093109845223,4.694093109845223,4.694093109845223,4.694093109845223,4.694093109845223,4.694093109845223,4.694093109845223,4.694093109845223,4.694093109845223,4.694093109845223,4.694093109845223,4.694093109845223,4.694093109845223,4.694093109845223,4.694093109845223,4.694093109845223,4.694093109845223,4.694093109845223,4.694093109845223,4.694093109845223,4.694093109845223,4.694093109845223,4.694093109845223,4.694093109845223,4.694093109845223,4.694093109845223,4.694093109845223,4.694093109845223,4.694093109845223,4.694093109845223,4.694093109845223,4.694093109845223,4.694093109845223,4.694093109845223,4.694093109845223,4.694093109845223,4.694093109845223,4.694093109845223,4.694093109845223,4.694093109845223,4.694093109845223,4.694093109845223,4.694093109845223,4.694093109845223,4.694093109845223,4.694093109845223,4.694093109845223,4.694093109845223,4.694093109845223,4.694093109845223,4.694093109845223,4.694093109845223,4.694093109845223,4.694093109845223,4.694093109845223,4.694093109845223,4.694093109845223,4.694093109845223,4.694093109845223,4.694093109845223,4.694093109845223,4.694093109845223,4.694093109845223,4.694093109845223,4.694093109845223,4.694093109845223,4.694093109845223,4.694093109845223,4.694093109845223,4.694093109845223,4.694093109845223,4.694093109845223,4.694093109845223,4.694093109845223,4.694093109845223,4.694093109845223,4.694093109845223,4.694093109845223,4.694093109845223,4.694093109845223,4.694093109845223,4.694093109845223,4.694093109845223,4.694093109845223,4.694093109845223,4.694093109845223,4.694093109845223,4.694093109845223,4.694093109845223,4.694093109845223,4.694093109845223,4.694093109845223,4.694093109845223,4.694093109845223,4.694093109845223,4.694093109845223,4.694093109845223,4.694093109845223,4.694093109845223,4.694093109845223,4.694093109845223,4.694093109845223,4.694093109845223,4.694093109845223,4.694093109845223,4.694093109845223,4.694093109845223,4.694093109845223,4.694093109845223,4.694093109845223,4.694093109845223,4.694093109845223,4.694093109845223,4.694093109845223,4.694093109845223,4.694093109845223,4.694093109845223,4.694093109845223,4.694093109845223,4.694093109845223,4.694093109845223,4.694093109845223,4.694093109845223,4.694093109845223,4.694093109845223,4.694093109845223,4.694093109845223,4.694093109845223,4.694093109845223,4.694093109845223,4.694093109845223,4.694093109845223,4.694093109845223,4.694093109845223,4.694093109845223,4.694093109845223,4.694093109845223,4.694093109845223,4.694093109845223,4.694093109845223,4.694093109845223,4.694093109845223,4.694093109845223,4.694093109845223,4.694093109845223,4.694093109845223,4.694093109845223,4.694093109845223,4.694093109845223,4.694093109845223,4.694093109845223,4.694093109845223,4.694093109845223,4.694093109845223,4.694093109845223,4.694093109845223,4.694093109845223,4.694093109845223,4.694093109845223,4.694093109845223,4.694093109845223,4.694093109845223,4.694093109845223,4.694093109845223,4.694093109845223,4.694093109845223,4.694093109845223,4.694093109845223,4.694093109845223,4.694093109845223,4.694093109845223,4.694093109845223,4.694093109845223,4.694093109845223,4.694093109845223,4.694093109845223,4.694093109845223,4.694093109845223,4.694093109845223,4.694093109845223,4.694093109845223,4.694093109845223,4.694093109845223,4.694093109845223,4.694093109845223,4.694093109845223,4.694093109845223,4.694093109845223,4.694093109845223,4.694093109845223,4.694093109845223,4.694093109845223,4.694093109845223,4.694093109845223,4.694093109845223,4.694093109845223,4.694093109845223,4.694093109845223,4.694093109845223,4.694093109845223,4.694093109845223,4.694093109845223,4.694093109845223,4.694093109845223,4.694093109845223,4.694093109845223,4.694093109845223,4.694093109845223,4.694093109845223,4.694093109845223,4.694093109845223,4.694093109845223,4.694093109845223,4.694093109845223,4.694093109845223,4.694093109845223,4.694093109845223,4.694093109845223,4.694093109845223,4.694093109845223,4.694093109845223,4.694093109845223,4.694093109845223,4.694093109845223,4.694093109845223,4.694093109845223,4.694093109845223,4.694093109845223,4.694093109845223,4.694093109845223,4.694093109845223,4.694093109845223,4.694093109845223,4.694093109845223,4.694093109845223,4.694093109845223,4.694093109845223,4.694093109845223,4.694093109845223,4.694093109845223,4.694093109845223,4.694093109845223,4.694093109845223,4.694093109845223,4.694093109845223,4.694093109845223,4.694093109845223,4.694093109845223,4.694093109845223,4.694093109845223,4.694093109845223,4.694093109845223,4.694093109845223,4.694093109845223,4.694093109845223,4.694093109845223,4.694093109845223,4.694093109845223,4.694093109845223,4.694093109845223,4.694093109845223,4.694093109845223,4.694093109845223,4.694093109845223,4.694093109845223,4.694093109845223,4.694093109845223,4.694093109845223,4.694093109845223,4.694093109845223,4.694093109845223,4.694093109845223,4.694093109845223,4.694093109845223,4.694093109845223,4.694093109845223,4.694093109845223,4.694093109845223,4.694093109845223,4.694093109845223,4.694093109845223,4.694093109845223,4.694093109845223,4.694093109845223,4.694093109845223,4.694093109845223,4.694093109845223,4.694093109845223,4.694093109845223,4.694093109845223,4.694093109845223,4.694093109845223,4.694093109845223,4.3006196649123245,4.3006196649123245,4.24053509705796,4.24053509705796,4.24053509705796,4.24053509705796,4.24053509705796,4.24053509705796,4.24053509705796,4.24053509705796,4.24053509705796,4.24053509705796,4.24053509705796,4.24053509705796,4.24053509705796,4.24053509705796,4.24053509705796,4.24053509705796,4.24053509705796,4.24053509705796,4.24053509705796,4.24053509705796,4.24053509705796,4.24053509705796,4.24053509705796,4.24053509705796,4.24053509705796,4.24053509705796,4.24053509705796,4.24053509705796,4.24053509705796,4.24053509705796,4.24053509705796,4.24053509705796,4.24053509705796,4.24053509705796,4.24053509705796,4.24053509705796,4.24053509705796,4.24053509705796,4.24053509705796,4.24053509705796,4.24053509705796,4.24053509705796,4.24053509705796,4.24053509705796,4.24053509705796,4.24053509705796,4.24053509705796,4.24053509705796,4.24053509705796,4.24053509705796,4.24053509705796,4.24053509705796,4.24053509705796,4.24053509705796,9.132875100531328,7.303852212268979,7.2976396911547186,7.057496764003333,7.057496764003333,6.692712637108196,6.692712637108196,6.692712637108196,6.692712637108196,6.692712637108196,6.692712637108196,6.692712637108196,6.681718123553397,6.681718123553397,6.681718123553397,6.681718123553397,6.681718123553397,6.681718123553397,6.681718123553397,6.681718123553397,6.681718123553397,6.681718123553397,6.681718123553397,6.681718123553397,6.681718123553397,6.681718123553397,6.681718123553397,6.681718123553397,6.681718123553397,6.681718123553397,6.681718123553397,6.681718123553397,6.681718123553397,6.681718123553397,6.681718123553397,6.681718123553397,6.681718123553397,6.681718123553397,6.681718123553397,6.681718123553397,6.681718123553397,6.681718123553397,6.681718123553397,6.681718123553397,6.681718123553397,6.681718123553397,6.681718123553397,6.681718123553397,6.681718123553397,6.681718123553397,6.681718123553397,6.681718123553397,6.681718123553397,6.681718123553397,6.681718123553397,6.681718123553397,6.681718123553397,6.681718123553397,6.681718123553397,6.681718123553397,6.681718123553397,6.681718123553397,6.681718123553397,6.681718123553397,6.681718123553397,6.681718123553397,6.681718123553397,6.681718123553397,6.681718123553397,6.681718123553397,6.681718123553397,6.681718123553397,6.681718123553397,6.681718123553397,6.681718123553397,6.681718123553397,6.681718123553397,6.681718123553397,6.681718123553397,6.681718123553397,6.681718123553397,6.681718123553397,6.681718123553397,6.681718123553397,6.681718123553397,6.681718123553397,6.681718123553397,6.681718123553397,6.681718123553397,6.681718123553397,6.681718123553397,6.681718123553397,6.681718123553397,6.681718123553397,6.681718123553397,6.681718123553397,6.681718123553397,6.681718123553397,6.681718123553397,6.681718123553397,6.681718123553397,6.681718123553397,6.681718123553397,6.681718123553397,6.681718123553397,6.681718123553397,6.681718123553397,6.681718123553397,6.681718123553397,6.681718123553397,6.681718123553397,6.681718123553397,6.681718123553397,6.681718123553397,6.681718123553397,6.681718123553397,6.681718123553397,6.681718123553397,6.681718123553397,6.681718123553397,6.681718123553397,6.681718123553397,6.681718123553397,6.681718123553397,6.681718123553397,6.681718123553397,6.681718123553397,6.681718123553397,6.681718123553397,6.681718123553397,6.681718123553397,6.681718123553397,6.681718123553397,6.681718123553397,6.681718123553397,6.681718123553397,6.681718123553397,6.681718123553397,6.681718123553397,6.681718123553397,6.681718123553397,6.681718123553397,6.681718123553397,6.681718123553397,6.681718123553397,6.681718123553397,6.681718123553397,6.681718123553397,6.681718123553397,6.681718123553397,6.681718123553397,6.681718123553397,6.681718123553397,6.681718123553397,6.681718123553397,6.681718123553397,6.681718123553397,6.681718123553397,6.681718123553397,6.681718123553397,6.681718123553397,6.681718123553397,6.681718123553397,6.681718123553397,6.681718123553397,6.681718123553397,6.681718123553397,6.681718123553397,6.681718123553397,6.681718123553397,6.681718123553397,6.681718123553397,6.681718123553397,6.681718123553397,6.681718123553397,6.681718123553397,6.681718123553397,6.681718123553397,6.681718123553397,6.681718123553397,6.681718123553397,6.681718123553397,6.681718123553397,6.681718123553397,6.681718123553397,6.681718123553397,6.681718123553397,6.681718123553397,6.681718123553397,6.681718123553397,6.681718123553397,6.681718123553397,6.259295578870605,6.259295578870605,5.958267456476296,5.958267456476296,5.958267456476296,5.958267456476296,5.958267456476296,5.958267456476296,5.958267456476296,5.958267456476296,5.958267456476296,5.851169326616411,5.40459838605671,5.40459838605671,5.40459838605671,5.40459838605671,5.40459838605671,5.40459838605671,5.40459838605671,5.40459838605671,5.40459838605671,5.40459838605671,5.40459838605671,5.40459838605671,5.40459838605671,5.40459838605671,5.40459838605671,5.40459838605671,5.40459838605671,5.40459838605671,5.40459838605671,5.40459838605671,5.40459838605671,5.40459838605671,5.40459838605671,5.40459838605671,5.40459838605671,5.40459838605671,5.40459838605671,5.40459838605671,5.40459838605671,5.40459838605671,5.40459838605671,5.40459838605671,5.40459838605671,5.40459838605671,5.40459838605671,5.40459838605671,5.40459838605671,5.40459838605671,5.40459838605671,5.40459838605671,5.40459838605671,5.40459838605671,5.40459838605671,5.40459838605671,5.40459838605671,5.40459838605671,5.40459838605671,5.40459838605671,5.40459838605671,5.40459838605671,5.40459838605671,5.40459838605671,5.40459838605671,5.40459838605671,5.40459838605671,5.40459838605671,5.40459838605671,5.2990639940449,5.2990639940449,5.2990639940449,5.2990639940449,5.2990639940449,5.2990639940449,5.2990639940449,5.2990639940449,5.2990639940449,5.2990639940449,5.2990639940449,5.2990639940449,5.2990639940449,5.2990639940449,5.2990639940449,5.2990639940449,5.2990639940449,5.2990639940449,5.2990639940449,5.2990639940449,5.2990639940449,5.2990639940449,5.2990639940449,5.2990639940449,5.2990639940449,5.2990639940449,5.2990639940449,5.2990639940449,5.2990639940449,5.2990639940449,5.2990639940449,5.2990639940449,5.2990639940449,5.2990639940449,5.2990639940449,5.2990639940449,5.2990639940449,5.2990639940449,5.2990639940449,5.2990639940449,5.2990639940449,5.2990639940449,5.2990639940449,5.2990639940449,5.2990639940449,5.2990639940449,5.2990639940449,5.2990639940449,5.2990639940449,5.2990639940449,5.2990639940449,5.2990639940449,5.2990639940449,5.2990639940449,5.2990639940449,5.2990639940449,5.2990639940449,5.2990639940449,5.2990639940449,5.2990639940449,5.2990639940449,5.2990639940449,5.2990639940449,5.2990639940449,5.2990639940449,5.2990639940449,5.2990639940449,5.2990639940449,5.2990639940449,5.2990639940449,5.2990639940449,5.2990639940449,5.2990639940449,5.2990639940449,5.2990639940449,5.2990639940449,5.2990639940449,5.2990639940449,5.2990639940449,5.2990639940449,5.2990639940449,5.2990639940449,5.2990639940449,5.2990639940449,5.2990639940449,5.2990639940449,5.2990639940449,5.2990639940449,5.2990639940449,5.2990639940449,5.2990639940449,5.2990639940449,5.2990639940449,5.2990639940449,5.2990639940449,5.2990639940449,5.2990639940449,5.2990639940449,5.2990639940449,5.2990639940449,5.2990639940449,5.2990639940449,5.2990639940449,5.2990639940449,5.2990639940449,5.2990639940449,5.2990639940449,5.2990639940449,5.2990639940449,5.2990639940449,5.2990639940449,5.2990639940449,5.2990639940449,5.2990639940449,5.2990639940449,5.2990639940449,5.2990639940449,5.2990639940449,5.2990639940449,5.2990639940449,5.2990639940449,5.2990639940449,5.2990639940449,5.2990639940449,5.2990639940449,5.2990639940449,5.2990639940449,5.2990639940449,5.2990639940449,5.2990639940449,5.2990639940449,5.2990639940449,5.2990639940449,5.2990639940449,5.2990639940449,5.2990639940449,5.2990639940449,5.2990639940449,5.2990639940449,5.2990639940449,5.2990639940449,5.2990639940449,5.2990639940449,5.2990639940449,5.2990639940449,5.2990639940449,5.2990639940449,5.2990639940449,5.2990639940449,5.2990639940449,5.2990639940449,5.2990639940449,5.2990639940449,5.2990639940449,5.2990639940449,5.2990639940449,5.2990639940449,5.2990639940449,5.2990639940449,5.2990639940449,5.2990639940449,5.2990639940449,5.2990639940449,5.2990639940449,5.2990639940449,5.2990639940449,5.2990639940449,5.2990639940449,5.2990639940449,5.2990639940449,5.2990639940449,5.2990639940449,5.2990639940449,5.2990639940449,5.2990639940449,5.2990639940449,5.2990639940449,5.2990639940449,5.2990639940449,5.2990639940449,5.2990639940449,5.2990639940449,5.2990639940449,5.2990639940449,5.2990639940449,5.2990639940449,5.2990639940449,5.2990639940449,5.2990639940449,5.2990639940449,5.2990639940449,5.2990639940449,5.2990639940449,5.2990639940449,5.2990639940449,5.2990639940449,5.2990639940449,5.2990639940449,5.2990639940449,5.2990639940449,5.2990639940449,5.2990639940449,5.2990639940449,5.2990639940449,5.2990639940449,5.2990639940449,5.2990639940449,5.2990639940449,5.2990639940449,5.2990639940449,5.2990639940449,5.2990639940449,5.2990639940449,5.2990639940449,5.2990639940449,5.2990639940449,5.2990639940449,5.2990639940449,5.2990639940449,5.2990639940449,5.2990639940449,5.2990639940449,5.2990639940449,5.2990639940449,5.2990639940449,5.2990639940449,5.2990639940449,5.2990639940449,5.2990639940449,5.2990639940449,5.2990639940449,5.2990639940449,5.2990639940449,5.2990639940449,5.2990639940449,5.2990639940449,5.2990639940449,5.2990639940449,5.2990639940449,5.2990639940449,5.2990639940449,5.2990639940449,5.2990639940449,5.2990639940449,5.2990639940449,5.2990639940449,5.2990639940449,5.2990639940449,5.2990639940449,5.2990639940449,5.2990639940449,5.2990639940449,5.2990639940449,5.2990639940449,5.2990639940449,5.2990639940449,5.2990639940449,5.2990639940449,5.2990639940449,5.2990639940449,5.2990639940449,5.2990639940449,5.2990639940449,4.378395735194304,4.375288245966929,4.375288245966929,4.375288245966929,4.375288245966929,4.375288245966929,4.375288245966929,4.375288245966929,4.375288245966929,4.375288245966929,4.375288245966929,4.375288245966929,4.375288245966929,4.375288245966929,4.375288245966929,4.375288245966929,4.375288245966929,4.375288245966929,4.375288245966929,4.375288245966929,4.375288245966929,4.375288245966929,4.375288245966929,4.375288245966929,4.375288245966929,4.375288245966929,4.375288245966929,4.375288245966929,4.375288245966929,4.375288245966929,4.375288245966929,4.375288245966929,4.375288245966929,4.375288245966929,4.375288245966929,4.375288245966929,4.375288245966929,4.375288245966929,4.375288245966929,4.375288245966929,4.375288245966929,4.375288245966929,4.375288245966929,4.375288245966929,4.375288245966929,4.375288245966929,4.375288245966929,4.375288245966929,4.375288245966929,4.375288245966929,4.375288245966929,4.375288245966929,4.375288245966929,4.375288245966929,4.375288245966929,4.375288245966929,4.375288245966929,4.375288245966929,4.375288245966929,4.375288245966929,4.375288245966929,4.375288245966929,4.375288245966929,4.375288245966929,4.375288245966929,4.375288245966929,4.375288245966929,4.375288245966929,4.375288245966929,4.375288245966929,4.375288245966929,4.375288245966929,4.375288245966929,4.375288245966929,4.375288245966929,4.375288245966929,4.375288245966929,4.375288245966929,4.375288245966929,4.375288245966929,4.375288245966929,4.375288245966929,4.375288245966929,4.375288245966929,4.375288245966929,4.375288245966929,4.375288245966929,4.375288245966929,4.375288245966929,4.375288245966929,4.375288245966929,4.375288245966929,4.375288245966929,4.375288245966929,4.375288245966929,4.375288245966929,4.375288245966929,4.157732848649673,4.157732848649673,4.157732848649673,4.157732848649673,4.157732848649673,4.157732848649673,4.157732848649673,4.157732848649673,4.157732848649673,4.157732848649673,4.157732848649673,4.157732848649673,4.157732848649673,4.157732848649673,4.157732848649673,4.157732848649673,4.157732848649673,4.157732848649673,4.157732848649673,4.157732848649673,4.157732848649673,4.157732848649673,4.157732848649673,4.157732848649673,4.157732848649673,3.937070548828519,3.937070548828519,3.937070548828519,3.937070548828519,3.937070548828519,3.937070548828519,3.937070548828519,3.937070548828519,3.937070548828519,3.937070548828519,3.937070548828519,3.937070548828519,3.937070548828519,3.937070548828519,3.937070548828519,3.937070548828519,3.937070548828519,3.937070548828519,3.937070548828519,3.937070548828519,3.937070548828519,3.937070548828519,3.937070548828519,3.937070548828519,3.937070548828519,3.937070548828519,3.937070548828519,3.937070548828519,3.937070548828519,3.937070548828519,3.937070548828519,3.937070548828519,3.937070548828519,3.937070548828519,3.937070548828519,3.937070548828519,3.937070548828519,3.937070548828519,3.937070548828519,3.937070548828519,3.937070548828519,3.937070548828519,3.937070548828519,3.937070548828519,3.937070548828519,3.937070548828519,3.937070548828519,3.937070548828519,3.937070548828519,3.937070548828519,3.937070548828519,3.937070548828519,3.937070548828519,3.937070548828519,3.937070548828519,3.937070548828519,3.937070548828519,3.937070548828519,3.937070548828519,3.937070548828519,3.937070548828519,3.937070548828519,3.937070548828519,3.937070548828519,3.937070548828519,3.937070548828519,3.937070548828519,3.937070548828519,3.937070548828519,3.937070548828519,3.937070548828519,3.937070548828519,3.937070548828519,3.937070548828519,3.937070548828519,3.937070548828519,3.937070548828519,3.937070548828519,3.937070548828519,3.937070548828519,3.937070548828519,3.937070548828519,3.937070548828519,3.937070548828519,3.937070548828519,3.937070548828519,3.937070548828519,3.937070548828519,3.937070548828519,3.937070548828519,3.937070548828519,3.937070548828519,3.937070548828519,3.937070548828519,3.937070548828519,3.937070548828519,3.937070548828519,3.937070548828519,3.937070548828519,3.937070548828519,3.937070548828519,3.937070548828519,3.937070548828519,3.937070548828519,3.937070548828519,3.937070548828519,3.937070548828519,3.937070548828519,3.937070548828519,3.937070548828519,3.937070548828519,3.937070548828519,3.937070548828519,3.937070548828519,3.937070548828519,3.937070548828519,3.937070548828519,3.937070548828519,3.937070548828519,3.937070548828519,3.937070548828519,3.937070548828519,3.937070548828519,3.937070548828519,3.937070548828519,3.937070548828519,3.937070548828519,3.937070548828519,3.937070548828519,3.937070548828519,3.937070548828519,3.937070548828519,3.937070548828519,3.937070548828519,3.937070548828519,3.937070548828519,3.937070548828519,3.937070548828519,3.937070548828519,3.937070548828519,3.937070548828519,3.937070548828519,3.937070548828519,3.937070548828519,3.937070548828519,3.937070548828519,3.937070548828519,3.937070548828519,3.937070548828519,3.937070548828519,3.937070548828519,3.937070548828519,3.937070548828519,3.937070548828519,3.937070548828519,3.937070548828519,3.937070548828519,3.937070548828519,3.937070548828519,3.937070548828519,3.937070548828519,3.937070548828519,3.937070548828519,3.937070548828519,3.937070548828519,3.937070548828519,3.937070548828519,3.937070548828519,3.937070548828519,3.937070548828519,3.937070548828519,3.937070548828519,3.937070548828519,3.937070548828519,3.937070548828519,3.937070548828519,3.937070548828519,3.937070548828519,3.937070548828519,3.937070548828519,3.937070548828519,3.937070548828519,3.937070548828519,3.937070548828519,3.937070548828519,3.937070548828519,3.937070548828519,3.937070548828519,3.937070548828519,3.937070548828519,3.937070548828519,3.937070548828519,3.937070548828519,3.937070548828519,3.937070548828519,3.937070548828519,3.937070548828519,3.937070548828519,3.937070548828519,3.937070548828519,3.937070548828519,3.937070548828519,3.937070548828519,3.937070548828519,3.937070548828519,3.937070548828519,3.937070548828519,3.937070548828519,3.937070548828519,3.937070548828519,3.937070548828519,3.937070548828519,3.937070548828519,3.937070548828519,3.937070548828519,3.937070548828519,3.937070548828519,3.937070548828519,3.937070548828519,3.937070548828519,3.937070548828519,3.937070548828519,3.937070548828519,3.937070548828519,3.937070548828519,3.937070548828519,3.937070548828519,3.937070548828519,3.937070548828519,3.937070548828519,3.937070548828519,3.937070548828519,3.937070548828519,3.937070548828519,3.937070548828519,3.937070548828519,3.937070548828519,3.937070548828519,3.937070548828519,3.937070548828519,3.937070548828519,3.937070548828519,3.937070548828519,3.937070548828519,3.937070548828519,3.937070548828519,3.937070548828519,3.937070548828519,3.937070548828519,3.937070548828519,3.937070548828519,3.937070548828519,3.937070548828519,3.937070548828519,3.937070548828519,3.937070548828519,3.937070548828519,3.937070548828519,3.937070548828519,3.937070548828519,3.937070548828519,3.937070548828519,3.937070548828519,3.937070548828519,3.937070548828519,3.937070548828519,3.937070548828519,3.937070548828519,3.937070548828519,3.937070548828519,3.937070548828519,3.937070548828519,3.937070548828519,3.937070548828519,3.937070548828519,3.937070548828519,3.937070548828519,3.937070548828519,3.937070548828519,3.937070548828519,3.937070548828519,3.937070548828519,3.937070548828519,3.937070548828519,3.937070548828519,3.937070548828519,3.937070548828519,3.937070548828519,3.937070548828519,3.937070548828519,3.937070548828519,3.937070548828519,3.937070548828519,3.937070548828519,3.937070548828519,3.937070548828519,3.937070548828519,3.937070548828519,3.937070548828519,3.937070548828519,3.937070548828519,3.937070548828519,3.937070548828519,3.937070548828519,3.937070548828519,3.937070548828519,3.937070548828519,3.937070548828519,3.937070548828519,3.937070548828519,3.937070548828519,3.937070548828519,3.937070548828519,3.937070548828519,3.937070548828519,3.937070548828519,3.937070548828519,3.937070548828519,3.937070548828519,3.937070548828519,3.937070548828519,3.937070548828519,3.937070548828519,3.937070548828519,3.937070548828519,3.937070548828519,3.937070548828519,3.937070548828519,3.937070548828519,3.937070548828519,3.937070548828519,3.937070548828519,3.937070548828519,3.937070548828519,3.937070548828519,3.937070548828519,3.937070548828519,3.937070548828519,3.937070548828519,3.937070548828519,3.937070548828519,3.937070548828519,3.937070548828519,3.937070548828519,3.937070548828519,3.937070548828519,3.937070548828519,3.937070548828519,3.937070548828519,3.937070548828519,3.937070548828519,3.937070548828519,3.937070548828519,3.937070548828519,8.059962596881782,8.059962596881782,8.059962596881782,8.059962596881782,7.851932593366431,7.851932593366431,7.851932593366431,6.847425630811483,6.847425630811483,6.847425630811483,6.847425630811483,6.847425630811483,6.847425630811483,6.847425630811483,6.847425630811483,6.847425630811483,6.847425630811483,6.806648331264577,6.806648331264577,6.806648331264577,6.806648331264577,6.806648331264577,6.806648331264577,6.750943662121127,6.750943662121127,6.750943662121127,6.750943662121127,6.750943662121127,6.750943662121127,6.750943662121127,6.750943662121127,6.750943662121127,6.750943662121127,6.750943662121127,6.750943662121127,6.750943662121127,6.750943662121127,6.750943662121127,6.750943662121127,6.750943662121127,6.750943662121127,6.750943662121127,6.750943662121127,6.750943662121127,6.750943662121127,6.750943662121127,6.750943662121127,6.750943662121127,6.750943662121127,6.750943662121127,6.750943662121127,6.750943662121127,6.750943662121127,6.750943662121127,6.750943662121127,6.750943662121127,6.750943662121127,6.750943662121127,6.750943662121127,6.750943662121127,6.750943662121127,6.750943662121127,6.750943662121127,6.750943662121127,6.750943662121127,6.750943662121127,6.750943662121127,6.750943662121127,6.750943662121127,6.750943662121127,6.750943662121127,6.750943662121127,6.750943662121127,6.750943662121127,6.750943662121127,6.750943662121127,6.750943662121127,6.750943662121127,6.750943662121127,6.750943662121127,6.750943662121127,6.750943662121127,6.750943662121127,6.750943662121127,6.750943662121127,6.750943662121127,6.750943662121127,6.750943662121127,6.750943662121127,6.750943662121127,6.750943662121127,6.750943662121127,6.750943662121127,6.750943662121127,6.750943662121127,6.750943662121127,6.750943662121127,6.750943662121127,6.750943662121127,6.750943662121127,6.750943662121127,6.750943662121127,6.750943662121127,6.750943662121127,6.750943662121127,6.750943662121127,6.750943662121127,6.750943662121127,6.750943662121127,6.750943662121127,6.750943662121127,6.750943662121127,6.750943662121127,6.750943662121127,6.750943662121127,6.750943662121127,6.750943662121127,6.750943662121127,6.750943662121127,6.750943662121127,6.750943662121127,6.750943662121127,6.750943662121127,6.750943662121127,6.750943662121127,6.750943662121127,6.750943662121127,6.750943662121127,6.750943662121127,6.750943662121127,6.750943662121127,6.750943662121127,6.750943662121127,6.750943662121127,6.750943662121127,6.750943662121127,6.74311174816345,6.74311174816345,6.74311174816345,6.74311174816345,6.74311174816345,6.74311174816345,6.74311174816345,6.74311174816345,6.74311174816345,6.74311174816345,6.74311174816345,6.74311174816345,6.74311174816345,6.74311174816345,6.74311174816345,6.4733667006499935,6.4733667006499935,6.4733667006499935,6.4733667006499935,6.4733667006499935,6.4733667006499935,6.4733667006499935,6.384566174197893,6.384566174197893,6.384566174197893,6.384566174197893,6.346470673246751,6.346470673246751,6.346470673246751,6.346470673246751,6.346470673246751,6.346470673246751,6.346470673246751,5.847227335695093,5.847227335695093,5.847227335695093,5.847227335695093,5.847227335695093,5.847227335695093,5.847227335695093,5.847227335695093,5.847227335695093,5.847227335695093,5.847227335695093,5.847227335695093,5.847227335695093,5.847227335695093,5.847227335695093,5.847227335695093,5.847227335695093,5.847227335695093,5.847227335695093,5.847227335695093,5.847227335695093,5.847227335695093,5.847227335695093,5.847227335695093,5.847227335695093,5.847227335695093,5.847227335695093,5.847227335695093,5.847227335695093,5.847227335695093,5.847227335695093,5.847227335695093,5.847227335695093,5.847227335695093,5.847227335695093,5.847227335695093,5.847227335695093,5.847227335695093,5.847227335695093,5.847227335695093,5.847227335695093,5.847227335695093,5.847227335695093,5.847227335695093,5.847227335695093,5.847227335695093,5.847227335695093,5.847227335695093,5.847227335695093,5.847227335695093,5.847227335695093,5.847227335695093,5.847227335695093,5.847227335695093,5.847227335695093,5.847227335695093,5.847227335695093,5.847227335695093,5.847227335695093,5.847227335695093,5.847227335695093,5.847227335695093,5.847227335695093,5.847227335695093,5.847227335695093,5.847227335695093,5.847227335695093,5.847227335695093,5.847227335695093,5.847227335695093,5.847227335695093,5.338957561820973,5.338957561820973,5.338957561820973,5.338957561820973,5.338957561820973,5.338957561820973,5.338957561820973,5.338957561820973,5.338957561820973,5.338957561820973,5.338957561820973,5.293713913763929,5.039452734846706,5.039452734846706,5.039452734846706,5.039452734846706,5.039452734846706,5.039452734846706,5.039452734846706,5.039452734846706,5.039452734846706,5.026116340327649,5.026116340327649,5.026116340327649,5.026116340327649,5.026116340327649,5.026116340327649,5.026116340327649,5.026116340327649,5.026116340327649,5.026116340327649,5.026116340327649,5.026116340327649,5.026116340327649,5.026116340327649,5.026116340327649,5.026116340327649,5.026116340327649,5.026116340327649,5.026116340327649,5.026116340327649,5.026116340327649,5.026116340327649,5.026116340327649,5.026116340327649,5.026116340327649,5.026116340327649,5.026116340327649,5.026116340327649,5.026116340327649,5.026116340327649,5.026116340327649,5.026116340327649,5.026116340327649,5.026116340327649,5.026116340327649,5.026116340327649,5.026116340327649,5.026116340327649,5.026116340327649,5.026116340327649,5.026116340327649,5.026116340327649,5.026116340327649,5.026116340327649,5.026116340327649,5.026116340327649,5.026116340327649,5.026116340327649,5.026116340327649,5.026116340327649,5.026116340327649,5.026116340327649,5.026116340327649,5.026116340327649,5.026116340327649,5.026116340327649,5.026116340327649,5.026116340327649,5.026116340327649,5.026116340327649,5.026116340327649,5.026116340327649,5.026116340327649,4.940893803809844,4.940893803809844,4.940893803809844,4.940893803809844,4.940893803809844,4.940893803809844,4.940893803809844,4.940893803809844,4.940893803809844,4.940893803809844,4.940893803809844,4.940893803809844,4.940893803809844,4.940893803809844,4.940893803809844,4.940893803809844,4.940893803809844,4.940893803809844,4.940893803809844,4.940893803809844,4.940893803809844,4.940893803809844,4.940893803809844,4.940893803809844,4.940893803809844,4.940893803809844,4.940893803809844,4.940893803809844,4.940893803809844,4.940893803809844,4.940893803809844,4.940893803809844,4.940893803809844,4.940893803809844,4.940893803809844,4.940893803809844,4.940893803809844,4.940893803809844,4.940893803809844,4.940893803809844,4.940893803809844,4.940893803809844,4.940893803809844,4.940893803809844,4.940893803809844,4.940893803809844,4.940893803809844,4.940893803809844,4.940893803809844,4.940893803809844,4.940893803809844,4.940893803809844,4.940893803809844,4.940893803809844,4.940893803809844,4.940893803809844,4.940893803809844,4.940893803809844,4.940893803809844,4.940893803809844,4.940893803809844,4.940893803809844,4.940893803809844,4.940893803809844,4.940893803809844,4.940893803809844,4.940893803809844,4.940893803809844,4.940893803809844,4.940893803809844,4.940893803809844,4.940893803809844,4.940893803809844,4.940893803809844,4.940893803809844,4.940893803809844,4.940893803809844,4.940893803809844,4.940893803809844,4.940893803809844,4.940893803809844,4.940893803809844,4.940893803809844,4.940893803809844,4.940893803809844,4.940893803809844,4.940893803809844,4.940893803809844,4.940893803809844,4.940893803809844,4.940893803809844,4.940893803809844,4.940893803809844,4.9408938038098436,4.9408938038098436,4.9408938038098436,4.9408938038098436,4.9408938038098436,4.9408938038098436,4.9408938038098436,4.9408938038098436,4.9408938038098436,4.9408938038098436,4.9408938038098436,4.9408938038098436,4.9408938038098436,4.9408938038098436,4.9408938038098436,4.9408938038098436,4.9408938038098436,4.9408938038098436,4.9408938038098436,4.9408938038098436,4.9408938038098436,4.9408938038098436,4.790401696384879,4.790401696384879,4.790401696384879,4.722048113973584,4.722048113973584,4.722048113973584,4.722048113973584,4.722048113973584,4.722048113973584,4.722048113973584,4.722048113973584,4.722048113973584,4.722048113973584,4.722048113973584,4.722048113973584,4.722048113973584,4.722048113973584,4.722048113973584,4.722048113973584,4.722048113973584,4.722048113973584,4.722048113973584,4.722048113973584,4.722048113973584,4.722048113973584,4.722048113973584,4.722048113973584,4.722048113973584,4.722048113973584,4.722048113973584,4.722048113973584,4.722048113973584,4.722048113973584,4.722048113973584,4.722048113973584,4.722048113973584,4.722048113973584,4.722048113973584,4.722048113973584,4.722048113973584,4.722048113973584,4.722048113973584,4.722048113973584,4.722048113973584,4.722048113973584,4.722048113973584,4.722048113973584,4.722048113973584,4.722048113973584,4.722048113973584,4.722048113973584,4.722048113973584,4.722048113973584,4.722048113973584,4.722048113973584,4.722048113973584,4.722048113973584,4.722048113973584,4.722048113973584,4.722048113973584,4.722048113973584,4.722048113973584,4.722048113973584,4.722048113973584,4.722048113973584,4.722048113973584,4.722048113973584,4.722048113973584,4.722048113973584,4.722048113973584,4.722048113973584,4.722048113973584,4.722048113973584,4.722048113973584,4.722048113973584,4.722048113973584,4.722048113973584,4.722048113973584,4.722048113973584,4.722048113973584,4.722048113973584,4.722048113973584,4.722048113973584,4.722048113973584,4.722048113973584,4.722048113973584,4.722048113973584,4.722048113973584,4.722048113973584,4.722048113973584,4.722048113973584,4.722048113973584,4.722048113973584,4.722048113973584,4.722048113973584,4.722048113973584,4.722048113973584,4.722048113973584,4.722048113973584,4.722048113973584,4.722048113973584,4.722048113973584,4.722048113973584,4.722048113973584,4.722048113973584,4.722048113973584,4.722048113973584,4.722048113973584,4.722048113973584,4.722048113973584,4.722048113973584,4.722048113973584,4.722048113973584,4.722048113973584,4.722048113973584,4.722048113973584,4.722048113973584,4.722048113973584,4.722048113973584,4.722048113973584,4.722048113973584,4.722048113973584,4.722048113973584,4.722048113973584,4.722048113973584,4.722048113973584,4.722048113973584,4.722048113973584,4.722048113973584,4.722048113973584,4.722048113973584,4.722048113973584,4.722048113973584,4.722048113973584,4.722048113973584,4.722048113973584,4.722048113973584,4.722048113973584,4.722048113973584,4.722048113973584,4.722048113973584,4.722048113973584,4.722048113973584,4.722048113973584,4.722048113973584,4.722048113973584,4.722048113973584,4.722048113973584,4.722048113973584,4.722048113973584,4.722048113973584,4.722048113973584,4.722048113973584,4.722048113973584,4.722048113973584,4.722048113973584,4.722048113973584,4.722048113973584,4.722048113973584,4.722048113973584,4.722048113973584,4.722048113973584,4.722048113973584,4.722048113973584,4.722048113973584,4.722048113973584,4.722048113973584,4.722048113973584,4.722048113973584,4.722048113973584,4.722048113973584,4.722048113973584,4.722048113973584,4.722048113973584,4.722048113973584,4.722048113973584,4.722048113973584,4.722048113973584,4.722048113973584,4.722048113973584,4.722048113973584,4.722048113973584,4.722048113973584,4.722048113973584,4.722048113973584,4.722048113973584,4.722048113973584,4.722048113973584,4.722048113973584,4.722048113973584,4.722048113973584,4.722048113973584,4.722048113973584,4.722048113973584,4.722048113973584,4.722048113973584,4.722048113973584,4.722048113973584,4.722048113973584,4.722048113973584,4.722048113973584,4.722048113973584,4.722048113973584,4.722048113973584,4.722048113973584,4.722048113973584,4.722048113973584,4.722048113973584,4.722048113973584,4.722048113973584,4.722048113973584,4.722048113973584,4.722048113973584,4.722048113973584,4.722048113973584,4.722048113973584,4.722048113973584,4.722048113973584,4.722048113973584,4.722048113973584,4.722048113973584,4.722048113973584,4.722048113973584,4.722048113973584,4.722048113973584,4.722048113973584,4.722048113973584,4.722048113973584,4.722048113973584,4.722048113973584,4.722048113973584,4.722048113973584,4.722048113973584,4.722048113973584,4.722048113973584,4.722048113973584,4.722048113973584,4.722048113973584,4.722048113973584,4.722048113973584,4.722048113973584,4.722048113973584,4.722048113973584,4.722048113973584,4.722048113973584,4.722048113973584,4.722048113973584,4.722048113973584,4.722048113973584,4.722048113973584,4.722048113973584,4.722048113973584,4.722048113973584,4.722048113973584,4.722048113973584,4.722048113973584,4.722048113973584,4.722048113973584,4.722048113973584,4.722048113973584,4.722048113973584,4.722048113973584,4.722048113973584,4.722048113973584,4.722048113973584,4.722048113973584,4.722048113973584,4.722048113973584,4.722048113973584,4.722048113973584,4.722048113973584,4.722048113973584,4.722048113973584,4.722048113973584,4.722048113973584,4.722048113973584,4.722048113973584,4.722048113973584,4.722048113973584,4.722048113973584,4.722048113973584,4.722048113973584,4.722048113973584,4.722048113973584,4.722048113973584,4.722048113973584,4.722048113973584,4.722048113973584,4.722048113973584,4.722048113973584,4.722048113973584,4.722048113973584,4.722048113973584,4.722048113973584,4.722048113973584,4.722048113973584,4.722048113973584,4.722048113973584,4.722048113973584,4.722048113973584,4.722048113973584,4.722048113973584,4.722048113973584,4.722048113973584,4.722048113973584,4.722048113973584,4.722048113973584,4.722048113973584,4.722048113973584,4.722048113973584,4.722048113973584,4.722048113973584,4.722048113973584,4.722048113973584,4.722048113973584,4.722048113973584,4.722048113973584,4.722048113973584,4.722048113973584,4.722048113973584,4.722048113973584,4.722048113973584,4.722048113973584,4.722048113973584,4.722048113973584,4.722048113973584,4.722048113973584,4.722048113973584,4.722048113973584,4.722048113973584,4.722048113973584,4.722048113973584,4.722048113973584,4.722048113973584,4.722048113973584,4.722048113973584,4.722048113973584,4.722048113973584,4.722048113973584,4.722048113973584,4.722048113973584,4.722048113973584,4.722048113973584,4.722048113973584,4.722048113973584,4.722048113973584,4.722048113973584,4.722048113973584,4.722048113973584,4.722048113973584,4.722048113973584,4.722048113973584,4.722048113973584,4.722048113973584,4.722048113973584,4.722048113973584,4.722048113973584,4.722048113973584,4.722048113973584,4.722048113973584,4.722048113973584,4.722048113973584,4.722048113973584,4.722048113973584,4.722048113973584,4.722048113973584,4.722048113973584,4.722048113973584,4.722048113973584,4.722048113973584,4.722048113973584,4.722048113973584,4.722048113973584,4.722048113973584,4.722048113973584,4.722048113973584,4.722048113973584,4.722048113973584,4.722048113973584,4.722048113973584,4.722048113973584,4.722048113973584,4.722048113973584,4.722048113973584,4.722048113973584,4.722048113973584,4.722048113973584,4.722048113973584,4.722048113973584,4.722048113973584,4.722048113973584,4.722048113973584,4.722048113973584,4.722048113973584,4.722048113973584,4.722048113973584,4.722048113973584,4.722048113973584,4.722048113973584,4.722048113973584,4.722048113973584,4.722048113973584,4.722048113973584,4.722048113973584,4.722048113973584,4.722048113973584,4.722048113973584,4.722048113973584,4.722048113973584,4.722048113973584,4.722048113973584,4.722048113973584,4.722048113973584,4.722048113973584,4.722048113973584,4.722048113973584,4.722048113973584,4.722048113973584,4.722048113973584,4.722048113973584,4.722048113973584,4.722048113973584,4.722048113973584,4.722048113973584,4.722048113973584,4.722048113973584,4.722048113973584,4.722048113973584,4.722048113973584,4.722048113973584,4.722048113973584,4.722048113973584,4.722048113973584,4.722048113973584,4.722048113973584,4.722048113973584,4.722048113973584,4.722048113973584,4.722048113973584,4.722048113973584,4.722048113973584,4.722048113973584,4.722048113973584,4.722048113973584,4.722048113973584,4.722048113973584,4.722048113973584,4.722048113973584,4.722048113973584,4.722048113973584,4.722048113973584,4.722048113973584,4.722048113973584,4.722048113973584,4.722048113973584,4.722048113973584,4.722048113973584,4.722048113973584,4.722048113973584,4.722048113973584,4.722048113973584,4.722048113973584,4.722048113973584,4.722048113973584,4.722048113973584,4.722048113973584,4.722048113973584,4.722048113973584,4.722048113973584,4.722048113973584,4.722048113973584,4.722048113973584,4.722048113973584,4.722048113973584,4.722048113973584,4.722048113973584,4.722048113973584,4.722048113973584,4.722048113973584,4.722048113973584,4.722048113973584,4.722048113973584,4.722048113973584,4.722048113973584,4.722048113973584,4.722048113973584,4.722048113973584,4.722048113973584,4.722048113973584,4.722048113973584,4.722048113973584,4.722048113973584,4.722048113973584,4.722048113973584,4.722048113973584,4.722048113973584,4.722048113973584,4.722048113973584,4.722048113973584,4.722048113973584,4.722048113973584,4.722048113973584,4.722048113973584,4.722048113973584,4.722048113973584,4.722048113973584,4.722048113973584,4.722048113973584,4.722048113973584,4.722048113973584,4.722048113973584,4.722048113973584,4.722048113973584,4.722048113973584,4.722048113973584,4.722048113973584,4.722048113973584,4.722048113973584,4.722048113973584,4.722048113973584,4.722048113973584,4.722048113973584,4.722048113973584,4.722048113973584,4.722048113973584,4.722048113973584,4.722048113973584,4.722048113973584,4.722048113973584,4.722048113973584,4.722048113973584,4.722048113973584,4.722048113973584,4.722048113973584,4.722048113973584,4.722048113973584,4.722048113973584,4.722048113973584,4.722048113973584,4.722048113973584,4.722048113973584,4.722048113973584,4.722048113973584,4.722048113973584,4.722048113973584,4.722048113973584,4.722048113973584,4.722048113973584,4.722048113973584,4.722048113973584,4.722048113973584,4.722048113973584,4.722048113973584,4.722048113973584,4.722048113973584,4.722048113973584,4.722048113973584,4.722048113973584,4.722048113973584,4.722048113973584,4.722048113973584,7.359207225720199,7.359207225720199,7.304360069953322,7.122604710285341,7.122604710285341,7.122604710285341,7.122604710285341,7.122604710285341,7.122604710285341,7.122604710285341,7.122604710285341,7.122604710285341,7.122604710285341,7.122604710285341,7.122604710285341,7.122604710285341,7.122604710285341,6.382349930963945,6.3103192450756564,6.3103192450756564,6.3103192450756564,6.3103192450756564,6.277936549734011,6.277936549734011,6.277936549734011,6.1553970456010205,6.1553970456010205,6.122427244200687,6.122427244200687,6.122427244200687,6.122427244200687,6.122427244200687,6.122427244200687,6.122427244200687,6.122427244200687,6.122427244200687,5.466573137880388,5.466573137880388,5.466573137880388,5.466573137880388,5.466573137880388,5.466573137880388,5.466573137880388,5.466573137880388,5.466573137880388,5.466573137880388,5.466573137880388,5.466573137880388,5.466573137880388,5.466573137880388,5.466573137880388,5.466573137880388,5.466573137880388,5.466573137880388,5.466573137880388,5.466573137880388,5.466573137880388,5.466573137880388,5.466573137880388,5.466573137880388,5.466573137880388,5.466573137880388,5.466573137880388,5.466573137880388,5.466573137880388,5.466573137880388,5.466573137880388,5.466573137880388,5.466573137880388,5.466573137880388,5.466573137880388,5.466573137880388,5.466573137880388,5.466573137880388,5.466573137880388,5.466573137880388,5.466573137880388,5.466573137880388,5.466573137880388,5.466573137880388,5.466573137880388,5.466573137880388,5.466573137880388,5.466573137880388,5.466573137880388,5.466573137880388,5.466573137880388,5.466573137880388,5.466573137880388,5.466573137880388,5.466573137880388,5.466573137880388,5.466573137880388,5.466573137880388,5.466573137880388,5.466573137880388,5.466573137880388,5.466573137880388,5.466573137880388,5.466573137880388,5.466573137880388,5.466573137880388,5.466573137880388,5.466573137880388,5.466573137880388,5.466573137880388,5.466573137880388,5.466573137880388,5.466573137880388,5.466573137880388,5.466573137880388,5.466573137880388,5.466573137880388,5.466573137880388,5.466573137880388,5.466573137880388,5.466573137880388,5.466573137880388,5.466573137880388,5.466573137880388,5.466573137880388,5.466573137880388,5.466573137880388,5.466573137880388,5.466573137880388,5.466573137880388,5.466573137880388,5.466573137880388,5.466573137880388,5.2211682250073475,5.2211682250073475,5.2211682250073475,5.2211682250073475,5.2211682250073475,5.2211682250073475,5.2211682250073475,5.2211682250073475,5.2211682250073475,5.2211682250073475,5.2211682250073475,5.2211682250073475,5.2211682250073475,5.2211682250073475,5.2211682250073475,5.2211682250073475,5.2211682250073475,5.2211682250073475,5.2211682250073475,5.2211682250073475,5.2211682250073475,5.2211682250073475,5.2211682250073475,5.2211682250073475,5.2211682250073475,5.2211682250073475,5.2211682250073475,5.2211682250073475,5.2211682250073475,5.2211682250073475,5.2211682250073475,5.2211682250073475,5.2211682250073475,5.2211682250073475,5.2211682250073475,5.2211682250073475,5.2211682250073475,5.2211682250073475,5.2211682250073475,5.2211682250073475,5.2211682250073475,5.2211682250073475,5.2211682250073475,5.2211682250073475,5.2211682250073475,5.2211682250073475,5.2211682250073475,5.2211682250073475,5.2211682250073475,5.2211682250073475,5.2211682250073475,5.2211682250073475,5.2211682250073475,5.2211682250073475,5.2211682250073475,5.2211682250073475,5.2211682250073475,5.2211682250073475,5.2211682250073475,5.2211682250073475,5.2211682250073475,5.2211682250073475,5.2211682250073475,5.036402208316102,5.036402208316102,5.036402208316102,5.036402208316102,5.036402208316102,5.036402208316102,5.036402208316102,5.036402208316102,5.036402208316102,5.036402208316102,5.036402208316102,5.036402208316102,5.036402208316102,5.036402208316102,5.036402208316102,5.036402208316102,5.036402208316102,5.036402208316102,5.036402208316102,5.036402208316102,5.036402208316102,5.036402208316102,5.036402208316102,5.036402208316102,5.036402208316102,5.036402208316102,5.036402208316102,5.036402208316102,5.036402208316102,5.036402208316102,5.036402208316102,5.036402208316102,5.036402208316102,5.036402208316102,5.036402208316102,5.036402208316102,5.036402208316102,5.036402208316102,5.036402208316102,5.036402208316102,5.036402208316102,5.036402208316102,5.036402208316102,5.036402208316102,5.036402208316102,5.036402208316102,5.036402208316102,5.036402208316102,5.036402208316102,5.036402208316102,5.036402208316102,5.036402208316102,5.036402208316102,5.036402208316102,5.036402208316102,5.036402208316102,5.036402208316102,5.036402208316102,5.036402208316102,5.036402208316102,5.036402208316102,5.036402208316102,5.036402208316102,5.036402208316102,5.036402208316102,5.036402208316102,5.036402208316102,5.036402208316102,5.036402208316102,5.036402208316102,5.036402208316102,5.036402208316102,5.036402208316102,5.036402208316102,5.036402208316102,5.036402208316102,5.036402208316102,5.036402208316102,5.036402208316102,5.036402208316102,5.036402208316102,5.036402208316102,5.036402208316102,5.036402208316102,5.036402208316102,5.036402208316102,5.036402208316102,5.036402208316102,5.036402208316102,5.036402208316102,5.036402208316102,5.036402208316102,5.036402208316102,5.036402208316102,5.036402208316102,5.036402208316102,5.036402208316102,5.036402208316102,5.036402208316102,5.036402208316102,5.036402208316102,5.036402208316102,5.036402208316102,5.036402208316102,5.036402208316102,5.036402208316102,5.036402208316102,5.036402208316102,5.036402208316102,5.036402208316102,5.036402208316102,5.036402208316102,5.036402208316102,5.036402208316102,4.787599094728673,4.787599094728673,4.604166808905281,4.604166808905281,4.604166808905281,4.604166808905281,4.604166808905281,4.604166808905281,4.604166808905281,4.604166808905281,4.604166808905281,4.604166808905281,4.604166808905281,4.604166808905281,4.604166808905281,4.604166808905281,4.604166808905281,4.604166808905281,4.604166808905281,4.604166808905281,4.604166808905281,4.604166808905281,4.604166808905281,4.604166808905281,4.604166808905281,4.604166808905281,4.604166808905281,4.604166808905281,4.604166808905281,4.604166808905281,4.604166808905281,4.604166808905281,4.604166808905281,4.604166808905281,4.604166808905281,4.604166808905281,4.604166808905281,4.604166808905281,4.604166808905281,4.604166808905281,4.604166808905281,4.604166808905281,4.604166808905281,4.604166808905281,4.604166808905281,4.604166808905281,4.604166808905281,4.604166808905281,4.604166808905281,4.604166808905281,4.604166808905281,4.604166808905281,4.604166808905281,4.604166808905281,4.604166808905281,4.604166808905281,4.604166808905281,4.604166808905281,4.604166808905281,4.604166808905281,4.604166808905281,4.604166808905281,4.604166808905281,4.604166808905281,4.604166808905281,4.604166808905281,4.604166808905281,4.604166808905281,4.604166808905281,4.604166808905281,4.604166808905281,4.604166808905281,4.604166808905281,4.604166808905281,4.604166808905281,4.604166808905281,4.604166808905281,4.604166808905281,4.604166808905281,4.604166808905281,4.604166808905281,4.604166808905281,4.604166808905281,4.604166808905281,4.604166808905281,4.604166808905281,4.604166808905281,4.604166808905281,4.604166808905281,4.604166808905281,4.604166808905281,4.604166808905281,4.604166808905281,4.604166808905281,4.604166808905281,4.604166808905281,4.604166808905281,4.604166808905281,4.604166808905281,4.604166808905281,4.604166808905281,4.604166808905281,4.604166808905281,4.604166808905281,4.604166808905281,4.604166808905281,4.604166808905281,4.604166808905281,4.604166808905281,4.604166808905281,4.604166808905281,4.604166808905281,4.604166808905281,4.604166808905281,4.604166808905281,4.604166808905281,4.604166808905281,4.604166808905281,4.604166808905281,4.604166808905281,4.604166808905281,4.604166808905281,4.604166808905281,4.604166808905281,4.604166808905281,4.604166808905281,4.604166808905281,4.604166808905281,4.604166808905281,4.604166808905281,4.604166808905281,4.604166808905281,4.604166808905281,4.604166808905281,4.604166808905281,4.604166808905281,4.604166808905281,4.604166808905281,4.604166808905281,4.604166808905281,4.604166808905281,4.604166808905281,4.604166808905281,4.604166808905281,4.604166808905281,4.604166808905281,4.604166808905281,4.604166808905281,4.604166808905281,4.604166808905281,4.604166808905281,4.604166808905281,4.604166808905281,4.604166808905281,4.604166808905281,4.604166808905281,4.604166808905281,4.604166808905281,4.604166808905281,4.604166808905281,4.604166808905281,4.604166808905281,4.604166808905281,4.604166808905281,4.604166808905281,4.604166808905281,4.604166808905281,4.604166808905281,4.604166808905281,4.604166808905281,4.604166808905281,4.604166808905281,4.604166808905281,4.604166808905281,4.604166808905281,4.604166808905281,4.604166808905281,4.604166808905281,4.604166808905281,4.604166808905281,4.604166808905281,4.604166808905281,4.604166808905281,4.604166808905281,4.604166808905281,4.604166808905281,4.604166808905281,4.604166808905281,4.604166808905281,4.604166808905281,4.604166808905281,4.604166808905281,4.604166808905281,4.604166808905281,4.604166808905281,4.604166808905281,4.604166808905281,4.604166808905281,4.604166808905281,4.604166808905281,4.604166808905281,4.604166808905281,4.604166808905281,4.604166808905281,4.604166808905281,4.604166808905281,4.604166808905281,4.604166808905281,4.604166808905281,4.604166808905281,4.604166808905281,4.604166808905281,4.604166808905281,4.604166808905281,4.604166808905281,4.604166808905281,4.604166808905281,4.604166808905281,4.604166808905281,4.604166808905281,4.604166808905281,4.604166808905281,4.604166808905281,4.604166808905281,4.604166808905281,4.604166808905281,4.604166808905281,4.604166808905281,4.604166808905281,4.604166808905281,4.604166808905281,4.604166808905281,4.604166808905281,4.604166808905281,4.604166808905281,4.604166808905281,4.604166808905281,4.604166808905281,4.604166808905281,4.604166808905281,4.604166808905281,4.604166808905281,4.604166808905281,4.604166808905281,4.604166808905281,4.604166808905281,4.604166808905281,4.604166808905281,4.604166808905281,4.604166808905281,4.604166808905281,4.604166808905281,4.604166808905281,4.604166808905281,4.604166808905281,4.604166808905281,4.604166808905281,4.604166808905281,4.604166808905281,4.604166808905281,4.604166808905281,4.604166808905281,4.604166808905281,4.604166808905281,4.604166808905281,4.604166808905281,4.604166808905281,4.604166808905281,4.604166808905281,4.604166808905281,4.604166808905281,4.604166808905281,4.604166808905281,4.604166808905281,4.604166808905281,4.604166808905281,4.604166808905281,4.604166808905281,4.604166808905281,4.604166808905281,4.604166808905281,4.604166808905281,4.604166808905281,4.604166808905281,4.604166808905281,4.604166808905281,4.604166808905281,4.604166808905281,4.604166808905281,4.604166808905281,4.604166808905281,4.604166808905281,4.604166808905281,4.604166808905281,4.604166808905281,4.604166808905281,4.604166808905281,4.604166808905281,4.604166808905281,4.604166808905281,4.604166808905281,4.604166808905281,4.604166808905281,4.604166808905281,4.604166808905281,4.604166808905281,4.604166808905281,4.604166808905281,4.604166808905281,4.604166808905281,4.604166808905281,4.604166808905281,4.604166808905281,4.604166808905281,4.604166808905281,4.604166808905281,4.604166808905281,4.604166808905281,4.604166808905281,4.604166808905281,4.604166808905281,4.604166808905281,4.604166808905281,4.604166808905281,4.604166808905281,4.604166808905281,4.604166808905281,4.604166808905281,4.604166808905281,4.604166808905281,4.604166808905281,4.604166808905281,4.604166808905281,4.604166808905281,4.604166808905281,4.604166808905281,4.604166808905281,4.604166808905281,4.604166808905281,4.604166808905281,4.604166808905281,4.604166808905281,4.604166808905281,4.604166808905281,4.604166808905281,4.604166808905281,4.604166808905281,4.604166808905281,4.604166808905281,4.604166808905281,4.604166808905281,4.604166808905281,4.604166808905281,4.604166808905281,4.604166808905281,4.604166808905281,4.604166808905281,4.604166808905281,4.604166808905281,4.604166808905281,4.604166808905281,4.604166808905281,4.604166808905281,4.604166808905281,4.604166808905281,4.604166808905281,4.604166808905281,4.604166808905281,4.604166808905281,4.604166808905281,4.604166808905281,4.604166808905281,4.604166808905281,4.604166808905281,4.604166808905281,4.604166808905281,4.604166808905281,4.604166808905281,4.604166808905281,4.604166808905281,4.604166808905281,4.604166808905281,4.604166808905281,4.604166808905281,4.604166808905281,4.604166808905281,4.604166808905281,4.604166808905281,4.604166808905281,4.604166808905281,4.604166808905281,4.604166808905281,4.604166808905281,4.604166808905281,4.604166808905281,4.604166808905281,4.604166808905281,4.604166808905281,4.604166808905281,4.604166808905281,4.604166808905281,4.604166808905281,4.604166808905281,4.604166808905281,4.604166808905281,4.604166808905281,4.604166808905281,4.604166808905281,4.604166808905281,4.604166808905281,4.604166808905281,4.604166808905281,4.604166808905281,4.604166808905281,4.604166808905281,4.604166808905281,4.604166808905281,4.604166808905281,4.604166808905281,4.604166808905281,4.604166808905281,4.604166808905281,4.604166808905281,4.604166808905281,4.604166808905281,4.604166808905281,4.604166808905281,4.604166808905281,4.604166808905281,4.604166808905281,4.604166808905281,4.604166808905281,4.604166808905281,4.604166808905281,4.604166808905281,4.604166808905281,4.604166808905281,4.604166808905281,4.604166808905281,4.604166808905281,4.604166808905281,4.604166808905281,4.604166808905281,4.604166808905281,4.604166808905281,4.604166808905281,4.604166808905281,4.604166808905281,4.604166808905281,4.604166808905281,4.604166808905281,4.604166808905281,4.604166808905281,4.604166808905281,4.604166808905281,4.604166808905281,4.604166808905281,4.604166808905281,4.604166808905281,4.604166808905281,4.604166808905281,4.604166808905281,4.604166808905281,4.604166808905281,4.604166808905281,4.604166808905281,4.604166808905281,4.604166808905281,4.604166808905281,4.604166808905281,4.604166808905281,4.604166808905281,4.604166808905281,4.604166808905281,4.604166808905281,4.604166808905281,4.604166808905281,4.604166808905281,4.604166808905281,4.604166808905281,4.604166808905281,4.604166808905281,4.604166808905281,4.604166808905281,4.604166808905281,4.604166808905281,4.604166808905281,4.348931273764453,4.348931273764453,4.348931273764453,4.348931273764453,4.348931273764453,4.348931273764453,4.348931273764453,4.348931273764453,4.348931273764453,4.348931273764453,4.348931273764453,4.348931273764453,4.348931273764453,4.348931273764453,4.348931273764453,4.348931273764453,4.348931273764453,4.348931273764453,4.348931273764453,4.173813341820281,4.173813341820281,4.173813341820281,4.173813341820281,4.173813341820281,4.173813341820281,4.173813341820281,4.173813341820281,4.173813341820281,4.173813341820281,4.173813341820281,4.173813341820281,4.173813341820281,4.173813341820281,4.103811464153552,4.103811464153552,4.103811464153552,4.103811464153552,4.103811464153552,4.103811464153552,4.103811464153552,4.103811464153552,4.103811464153552,4.103811464153552,4.103811464153552,4.103811464153552,4.103811464153552,4.103811464153552,4.103811464153552,4.103811464153552,4.103811464153552,4.103811464153552,4.103811464153552,4.103811464153552,4.103811464153552,4.103811464153552,4.103811464153552,4.103811464153552,4.103811464153552,4.103811464153552,4.103811464153552,4.103811464153552,4.103811464153552,4.103811464153552,4.103811464153552,4.103811464153552,4.103811464153552,4.103811464153552,4.103811464153552,4.103811464153552,4.103811464153552,4.103811464153552,4.103811464153552,4.103811464153552,4.103811464153552,4.103811464153552,4.103811464153552,4.103811464153552,4.103811464153552,4.103811464153552,4.103811464153552,4.103811464153552,4.103811464153552,4.103811464153552,4.103811464153552,4.103811464153552,4.103811464153552,4.103811464153552,4.103811464153552,4.103811464153552,4.103811464153552,4.103811464153552,4.103811464153552,4.103811464153552,4.103811464153552,4.103811464153552,4.103811464153552,4.103811464153552,4.103811464153552,4.103811464153552,4.103811464153552,4.103811464153552,4.103811464153552,4.103811464153552,4.103811464153552,4.103811464153552,4.103811464153552,4.103811464153552,4.103811464153552,4.103811464153552,4.103811464153552,4.103811464153552,4.103811464153552,4.103811464153552,4.103811464153552,4.103811464153552,4.103811464153552,4.103811464153552,4.103811464153552,4.103811464153552,4.001730754463742,4.001730754463742,4.001730754463742,4.001730754463742,4.001730754463742,4.001730754463742,4.001730754463742,4.001730754463742,4.001730754463742,4.001730754463742,4.001730754463742,4.001730754463742,4.001730754463742,4.001730754463742,4.001730754463742,4.001730754463742,4.001730754463742,4.001730754463742,4.001730754463742,4.001730754463742,4.001730754463742,4.001730754463742,4.001730754463742,4.001730754463742,4.001730754463742,4.001730754463742,4.001730754463742,4.001730754463742,4.001730754463742,4.001730754463742,4.001730754463742,4.001730754463742,4.001730754463742,4.001730754463742,4.001730754463742,4.001730754463742,4.001730754463742,4.001730754463742,4.001730754463742,4.001730754463742,4.001730754463742,4.001730754463742,4.001730754463742,4.001730754463742,4.001730754463742,4.001730754463742,4.001730754463742,4.001730754463742,4.001730754463742,4.001730754463742,4.001730754463742,4.001730754463742,4.001730754463742,4.001730754463742,4.001730754463742,4.001730754463742,4.001730754463742,4.001730754463742,4.001730754463742,4.001730754463742,4.001730754463742,4.001730754463742,4.001730754463742,4.001730754463742,4.001730754463742,4.001730754463742,4.001730754463742,4.001730754463742,4.001730754463742,4.001730754463742,4.001730754463742,4.001730754463742,4.001730754463742,4.001730754463742,4.001730754463742,4.001730754463742,4.001730754463742,4.001730754463742,4.001730754463742,4.001730754463742,4.001730754463742,4.001730754463742,4.001730754463742,4.001730754463742,4.001730754463742,4.001730754463742,4.001730754463742,4.001730754463742,6.0545661161261,6.0545661161261,5.7941174808926155,5.7941174808926155,5.7941174808926155,5.666364238245795,5.666364238245795,5.666364238245795,5.517518577299186,5.307652331414247,5.307652331414247,5.307652331414247,5.203255383500622,5.200657225122177,5.200657225122177,5.200657225122177,5.200657225122177,5.191468742053753,5.191468742053753,5.191468742053753,5.191468742053753,5.191468742053753,5.191468742053753,5.191468742053753,5.191468742053753,5.191468742053753,5.191468742053753,5.191468742053753,5.191468742053753,5.191468742053753,5.191468742053753,5.191468742053753,5.191468742053753,5.191468742053753,5.191468742053753,5.191468742053753,5.191468742053753,5.191468742053753,5.191468742053753,5.191468742053753,5.191468742053753,5.191468742053753,5.191468742053753,5.191468742053753,5.191468742053753,5.191468742053753,5.191468742053753,5.191468742053753,5.191468742053753,5.191468742053753,5.191468742053753,5.191468742053753,5.191468742053753,5.191468742053753,5.191468742053753,5.191468742053753,5.191468742053753,5.191468742053753,5.191468742053753,5.191468742053753,5.191468742053753,5.191468742053753,5.191468742053753,5.191468742053753,5.191468742053753,5.191468742053753,5.191468742053753,5.191468742053753,5.191468742053753,5.191468742053753,5.191468742053753,5.191468742053753,5.191468742053753,5.191468742053753,5.191468742053753,5.191468742053753,5.191468742053753,5.191468742053753,5.191468742053753,5.191468742053753,5.191468742053753,5.191468742053753,5.191468742053753,5.191468742053753,5.191468742053753,5.191468742053753,5.191468742053753,5.191468742053753,5.191468742053753,5.191468742053753,5.191468742053753,5.191468742053753,5.191468742053753,5.191468742053753,5.191468742053753,5.191468742053753,5.191468742053753,5.191468742053753,5.191468742053753,5.191468742053753,5.191468742053753,5.191468742053753,5.059123898566359,5.059123898566359,5.059123898566359,5.059123898566359,5.059123898566359,5.059123898566359,5.059123898566359,5.059123898566359,5.059123898566359,5.059123898566359,5.059123898566359,5.059123898566359,5.059123898566359,5.059123898566359,5.059123898566359,5.059123898566359,5.059123898566359,5.059123898566359,5.059123898566359,5.059123898566359,5.059123898566359,5.059123898566359,5.059123898566359,5.059123898566359,5.059123898566359,5.059123898566359,5.059123898566359,5.059123898566359,5.059123898566359,5.059123898566359,5.059123898566359,5.059123898566359,5.059123898566359,5.059123898566359,5.059123898566359,5.059123898566359,5.059123898566359,5.059123898566359,5.059123898566359,5.059123898566359,5.059123898566359,4.986619978419328,4.986619978419328,4.986619978419328,4.986619978419328,4.986619978419328,4.986619978419328,4.986619978419328,4.986619978419328,4.986619978419328,4.986619978419328,4.986619978419328,4.986619978419328,4.986619978419328,4.986619978419328,4.986619978419328,4.986619978419328,4.986619978419328,4.986619978419328,4.986619978419328,4.986619978419328,4.986619978419328,4.986619978419328,4.986619978419328,4.986619978419328,4.986619978419328,4.986619978419328,4.986619978419328,4.986619978419328,4.986619978419328,4.986619978419328,4.986619978419328,4.986619978419328,4.986619978419328,4.986619978419328,4.986619978419328,4.986619978419328,4.986619978419328,4.986619978419328,4.986619978419328,4.986619978419328,4.986619978419328,4.986619978419328,4.986619978419328,4.986619978419328,4.986619978419328,4.986619978419328,4.986619978419328,4.986619978419328,4.986619978419328,4.986619978419328,4.986619978419328,4.986619978419328,4.986619978419328,4.986619978419328,4.986619978419328,4.986619978419328,4.986619978419328,4.986619978419328,4.986619978419328,4.986619978419328,4.986619978419328,4.986619978419328,4.986619978419328,4.986619978419328,4.986619978419328,4.986619978419328,4.986619978419328,4.986619978419328,4.986619978419328,4.986619978419328,4.986619978419328,4.986619978419328,4.986619978419328,4.986619978419328,4.986619978419328,4.986619978419328,4.986619978419328,4.986619978419328,4.986619978419328,4.986619978419328,4.986619978419328,4.986619978419328,4.986619978419328,4.986619978419328,4.986619978419328,4.986619978419328,4.986619978419328,4.986619978419328,4.986619978419328,4.986619978419328,4.986619978419328,4.986619978419328,4.986619978419328,4.986619978419328,4.986619978419328,4.986619978419328,4.986619978419328,4.986619978419328,4.986619978419328,4.986619978419328,4.986619978419328,4.986619978419328,4.986619978419328,4.986619978419328,4.986619978419328,4.986619978419328,4.986619978419328,4.986619978419328,4.986619978419328,4.986619978419328,4.986619978419328,4.986619978419328,4.986619978419328,4.986619978419328,4.986619978419328,4.5146960961480165,4.5146960961480165,4.5146960961480165,4.5146960961480165,4.5146960961480165,4.5146960961480165,4.5146960961480165,4.5146960961480165,4.5146960961480165,4.5146960961480165,4.5146960961480165,4.5146960961480165,4.5146960961480165,4.5146960961480165,4.5146960961480165,4.5146960961480165,4.5146960961480165,4.5146960961480165,4.5146960961480165,4.5146960961480165,4.5146960961480165,4.5146960961480165,4.5146960961480165,4.5146960961480165,4.5146960961480165,4.5146960961480165,4.5146960961480165,4.5146960961480165,4.5146960961480165,4.5146960961480165,4.5146960961480165,4.5146960961480165,4.5146960961480165,4.5146960961480165,4.5146960961480165,4.5146960961480165,4.5146960961480165,4.5146960961480165,4.5146960961480165,4.5146960961480165,4.5146960961480165,4.5146960961480165,4.5146960961480165,4.5146960961480165,4.5146960961480165,4.5146960961480165,4.5146960961480165,4.5146960961480165,4.5146960961480165,4.5146960961480165,4.5146960961480165,4.5146960961480165,4.5146960961480165,4.5146960961480165,4.5146960961480165,4.5146960961480165,4.5146960961480165,4.5146960961480165,4.5146960961480165,4.5146960961480165,4.5146960961480165,4.5146960961480165,4.5146960961480165,4.5146960961480165,4.5146960961480165,4.5146960961480165,4.5146960961480165,4.5146960961480165,4.5146960961480165,4.5146960961480165,4.5146960961480165,4.5146960961480165,4.5146960961480165,4.5146960961480165,4.5146960961480165,4.5146960961480165,4.5146960961480165,4.5146960961480165,4.5146960961480165,4.5146960961480165,4.5146960961480165,4.5146960961480165,4.5146960961480165,4.5146960961480165,4.5146960961480165,4.5146960961480165,4.5146960961480165,4.5146960961480165,4.4806420661287545,4.4806420661287545,4.4806420661287545,4.4806420661287545,4.4806420661287545,4.4806420661287545,4.4806420661287545,4.4806420661287545,4.4806420661287545,4.4806420661287545,4.4806420661287545,4.4806420661287545,4.4806420661287545,4.4806420661287545,4.4806420661287545,4.4806420661287545,4.4806420661287545,4.4806420661287545,4.4806420661287545,4.476990432567861,4.476990432567861,4.476990432567861,4.476990432567861,4.476990432567861,4.476990432567861,4.476990432567861,4.476990432567861,4.476990432567861,4.476990432567861,4.476990432567861,4.476990432567861,4.476990432567861,4.476990432567861,4.476990432567861,4.476990432567861,4.476990432567861,4.476990432567861,4.476990432567861,4.476990432567861,4.476990432567861,4.476990432567861,4.476990432567861,4.476990432567861,4.476990432567861,4.476990432567861,4.476990432567861,4.476990432567861,4.476990432567861,4.476990432567861,4.476990432567861,4.476990432567861,4.476990432567861,4.476990432567861,4.476990432567861,4.476990432567861,4.476990432567861,4.476990432567861,4.476990432567861,4.476990432567861,4.476990432567861,4.476990432567861,4.476990432567861,4.476990432567861,4.476990432567861,4.476990432567861,4.476990432567861,4.476990432567861,4.476990432567861,4.476990432567861,4.476990432567861,4.476990432567861,4.476990432567861,4.476990432567861,4.476990432567861,4.476990432567861,4.476990432567861,4.476990432567861,4.476990432567861,4.476990432567861,4.476990432567861,4.476990432567861,4.476990432567861,4.476990432567861,4.476990432567861,4.476990432567861,4.476990432567861,4.476990432567861,4.476990432567861,4.476990432567861,4.476990432567861,4.476990432567861,4.476990432567861,4.476990432567861,4.476990432567861,4.476990432567861,4.476990432567861,4.476990432567861,4.476990432567861,4.476990432567861,4.476990432567861,4.476990432567861,4.476990432567861,4.476990432567861,4.476990432567861,4.476990432567861,4.476990432567861,4.476990432567861,4.476990432567861,4.476990432567861,4.476990432567861,4.476990432567861,4.476990432567861,4.476990432567861,4.476990432567861,4.476990432567861,4.476990432567861,4.476990432567861,4.476990432567861,4.476990432567861,4.476990432567861,4.476990432567861,4.476990432567861,4.476990432567861,4.476990432567861,4.476990432567861,4.476990432567861,4.476990432567861,4.476990432567861,4.476990432567861,4.476990432567861,4.476990432567861,4.476990432567861,4.476990432567861,4.476990432567861,4.476990432567861,4.476990432567861,4.476990432567861,4.476990432567861,4.476990432567861,4.476990432567861,4.476990432567861,4.476990432567861,4.476990432567861,4.476990432567861,4.476990432567861,4.476990432567861,4.476990432567861,4.476990432567861,4.476990432567861,4.476990432567861,4.476990432567861,4.476990432567861,4.476990432567861,4.476990432567861,4.476990432567861,4.476990432567861,4.476990432567861,4.476990432567861,4.476990432567861,4.476990432567861,4.476990432567861,4.476990432567861,4.476990432567861,4.476990432567861,4.476990432567861,4.476990432567861,4.476990432567861,4.476990432567861,4.476990432567861,4.476990432567861,4.476990432567861,4.476990432567861,4.476990432567861,4.476990432567861,4.476990432567861,4.476990432567861,4.476990432567861,4.476990432567861,4.476990432567861,4.476990432567861,4.476990432567861,4.476990432567861,4.476990432567861,4.476990432567861,4.476990432567861,4.476990432567861,4.476990432567861,4.476990432567861,4.476990432567861,4.476990432567861,4.476990432567861,4.476990432567861,4.476990432567861,4.476990432567861,4.476990432567861,4.476990432567861,4.476990432567861,4.476990432567861,4.476990432567861,4.476990432567861,4.476990432567861,4.476990432567861,4.476990432567861,4.476990432567861,4.476990432567861,4.476990432567861,4.476990432567861,4.476990432567861,4.476990432567861,4.476990432567861,4.476990432567861,4.476990432567861,4.476990432567861,4.476990432567861,4.476990432567861,4.476990432567861,4.476990432567861,4.476990432567861,4.476990432567861,4.476990432567861,4.476990432567861,4.476990432567861,4.476990432567861,4.476990432567861,4.476990432567861,4.476990432567861,4.476990432567861,4.476990432567861,4.476990432567861,4.476990432567861,4.476990432567861,4.476990432567861,4.476990432567861,4.476990432567861,4.476990432567861,4.476990432567861,4.476990432567861,4.476990432567861,4.476990432567861,4.476990432567861,4.476990432567861,4.476990432567861,4.476990432567861,4.476990432567861,4.476990432567861,4.476990432567861,4.476990432567861,4.476990432567861,4.476990432567861,4.476990432567861,4.476990432567861,4.476990432567861,4.476990432567861,4.476990432567861,4.476990432567861,4.476990432567861,4.476990432567861,4.476990432567861,4.476990432567861,4.476990432567861,4.476990432567861,4.476990432567861,4.476990432567861,4.476990432567861,4.476990432567861,4.476990432567861,4.476990432567861,4.476990432567861,4.476990432567861,4.476990432567861,4.476990432567861,4.476990432567861,4.476990432567861,4.476990432567861,4.476990432567861,4.476990432567861,4.476990432567861,4.476990432567861,4.476990432567861,4.476990432567861,4.476990432567861,4.476990432567861,4.476990432567861,4.476990432567861,4.476990432567861,4.476990432567861,4.476990432567861,4.476990432567861,4.476990432567861,4.476990432567861,4.476990432567861,4.476990432567861,4.476990432567861,4.476990432567861,4.476990432567861,4.476990432567861,4.476990432567861,4.476990432567861,4.476990432567861,4.476990432567861,4.476990432567861,4.476990432567861,4.476990432567861,4.476990432567861,4.476990432567861,4.476990432567861,4.476990432567861,4.476990432567861,4.476990432567861,4.476990432567861,4.476990432567861,4.476990432567861,4.476990432567861,4.476990432567861,4.476990432567861,4.476990432567861,4.476990432567861,4.476990432567861,4.476990432567861,4.476990432567861,4.476990432567861,4.476990432567861,4.476990432567861,4.476990432567861,4.476990432567861,4.476990432567861,4.476990432567861,4.476990432567861,4.476990432567861,4.476990432567861,4.476990432567861,4.476990432567861,4.476990432567861,4.476990432567861,4.476990432567861,4.476990432567861,4.476990432567861,4.476990432567861,4.476990432567861,4.476990432567861,4.476990432567861,4.476990432567861,4.476990432567861,4.476990432567861,4.476990432567861,4.476990432567861,4.476990432567861,4.476990432567861,4.476990432567861,4.476990432567861,4.476990432567861,4.476990432567861,4.476990432567861,4.476990432567861,4.476990432567861,4.476990432567861,4.476990432567861,4.476990432567861,4.476990432567861,4.476990432567861,4.476990432567861,4.476990432567861,4.476990432567861,4.476990432567861,4.476990432567861,4.476990432567861,4.476990432567861,4.476990432567861,4.476990432567861,4.476990432567861,4.476990432567861,4.476990432567861,4.476990432567861,4.476990432567861,4.476990432567861,4.476990432567861,4.476990432567861,4.476990432567861,4.476990432567861,4.419321127800144,4.419321127800144,4.419321127800144,4.419321127800144,4.419321127800144,4.419321127800144,4.419321127800144,4.419321127800144,4.419321127800144,4.419321127800144,4.419321127800144,4.419321127800144,4.419321127800144,4.419321127800144,4.419321127800144,4.334021938647306,4.334021938647306,4.334021938647306,4.334021938647306,4.334021938647306,4.334021938647306,4.334021938647306,4.334021938647306,4.334021938647306,4.334021938647306,4.334021938647306,4.334021938647306,4.334021938647306,4.334021938647306,4.334021938647306,4.334021938647306,4.334021938647306,4.334021938647306,4.334021938647306,4.334021938647306,4.334021938647306,4.334021938647306,4.334021938647306,4.334021938647306,4.334021938647306,4.334021938647306,4.334021938647306,4.334021938647306,4.334021938647306,4.334021938647306,4.334021938647306,4.334021938647306,4.334021938647306,4.334021938647306,4.334021938647306,4.334021938647306,4.334021938647306,4.334021938647306,4.334021938647306,4.334021938647306,4.334021938647306,4.334021938647306,4.334021938647306,4.334021938647306,4.334021938647306,4.334021938647306,4.334021938647306,4.334021938647306,4.334021938647306,4.334021938647306,4.334021938647306,4.334021938647306,4.334021938647306,4.334021938647306,4.334021938647306,4.334021938647306,4.334021938647306,4.334021938647306,4.334021938647306,4.334021938647306,4.334021938647306,4.334021938647306,4.334021938647306,4.334021938647306,4.334021938647306,4.334021938647306,4.334021938647306,4.334021938647306,4.334021938647306,4.334021938647306,4.334021938647306,4.334021938647306,4.334021938647306,4.334021938647306,4.334021938647306,4.334021938647306,4.334021938647306,4.334021938647306,4.334021938647306,4.334021938647306,4.334021938647306,4.334021938647306,4.334021938647306,4.334021938647306,4.334021938647306,4.334021938647306,4.334021938647306,4.334021938647306,4.334021938647306,4.334021938647306,4.334021938647306,4.334021938647306,4.334021938647306,4.334021938647306,4.334021938647306,4.334021938647306,4.334021938647306,4.334021938647306,4.334021938647306,4.334021938647306,4.334021938647306,4.334021938647306,4.334021938647306,4.334021938647306,4.334021938647306,4.334021938647306,4.334021938647306,4.334021938647306,4.334021938647306,4.334021938647306,4.334021938647306,4.334021938647306,4.334021938647306,4.334021938647306,4.294343584272616,4.294343584272616,4.294343584272616,4.294343584272616,4.294343584272616,4.294343584272616,4.294343584272616,4.294343584272616,4.294343584272616,4.294343584272616,4.294343584272616,4.294343584272616,4.294343584272616,4.294343584272616,4.294343584272616,4.294343584272616,4.294343584272616,4.294343584272616,4.294343584272616,4.294343584272616,4.294343584272616,4.294343584272616,4.294343584272616,4.294343584272616,4.294343584272616,4.294343584272616,4.294343584272616,4.294343584272616,4.294343584272616,4.294343584272616,4.294343584272616,4.294343584272616,4.294343584272616,4.294343584272616,4.294343584272616,4.294343584272616,4.294343584272616,4.294343584272616,4.294343584272616,4.294343584272616,4.294343584272616,4.294343584272616,4.294343584272616,4.294343584272616,4.294343584272616,4.294343584272616,4.294343584272616,4.294343584272616,4.294343584272616,4.294343584272616,4.294343584272616,4.294343584272616,4.294343584272616,4.294343584272616,4.294343584272616,4.294343584272616,4.294343584272616,4.294343584272616,4.294343584272616,4.294343584272616,4.294343584272616,4.294343584272616,4.294343584272616,4.294343584272616,4.294343584272616,4.294343584272616,4.294343584272616,4.294343584272616,4.294343584272616,4.294343584272616,4.294343584272616,4.294343584272616,4.294343584272616,4.294343584272616,4.294343584272616,4.294343584272616,4.294343584272616,4.294343584272616,4.294343584272616,4.294343584272616,4.294343584272616,4.294343584272616,4.294343584272616,4.294343584272616,4.294343584272616,4.294343584272616,4.294343584272616,4.294343584272616,4.294343584272616,4.294343584272616,4.294343584272616,4.294343584272616,4.294343584272616,4.294343584272616,4.294343584272616,4.294343584272616,4.294343584272616,4.294343584272616,4.294343584272616,4.294343584272616,4.294343584272616,4.294343584272616,4.294343584272616,4.294343584272616,4.294343584272616,4.294343584272616,4.294343584272616,4.294343584272616,4.294343584272616,4.294343584272616,4.294343584272616,4.294343584272616,4.294343584272616,4.294343584272616,4.294343584272616,4.294343584272616,3.6860451575518267,3.6860451575518267,3.6860451575518267,3.6860451575518267,3.3156075854097113,3.3156075854097113,3.3156075854097113,3.3156075854097113,3.3156075854097113,3.3156075854097113,3.3156075854097113,3.3156075854097113,3.3156075854097113,3.3156075854097113,3.3156075854097113,3.3156075854097113,3.3156075854097113,3.3156075854097113,3.3156075854097113,3.3156075854097113,3.3156075854097113,3.3156075854097113,3.3156075854097113,3.3156075854097113,3.3156075854097113,3.3156075854097113,3.3156075854097113,3.3156075854097113,3.3156075854097113,3.3156075854097113,7.006163589410714,6.484788887181884,6.484788887181884,6.484788887181884,6.484788887181884,6.484788887181884,6.484788887181884,6.484788887181884,6.484788887181884,6.484788887181884,6.484788887181884,6.484788887181884,6.484788887181884,6.484788887181884,6.484788887181884,6.484788887181884,6.484788887181884,6.484788887181884,6.484788887181884,6.484788887181884,6.484788887181884,6.484788887181884,6.484788887181884,6.484788887181884,6.484788887181884,6.484788887181884,6.484788887181884,6.484788887181884,6.484788887181884,6.484788887181884,6.484788887181884,6.484788887181884,6.484788887181884,6.484788887181884,6.484788887181884,6.484788887181884,6.484788887181884,6.484788887181884,6.484788887181884,6.484788887181884,6.484788887181884,6.484788887181884,6.484788887181884,6.484788887181884,6.484788887181884,6.484788887181884,6.484788887181884,6.484788887181884,5.892504887334222,5.499797651978841,5.499797651978841,5.499797651978841,5.499797651978841,5.499797651978841,5.079040744489247,5.079040744489247,5.079040744489247,5.079040744489247,5.079040744489247,5.079040744489247,5.079040744489247,5.079040744489247,5.079040744489247,5.079040744489247,5.079040744489247,5.079040744489247,5.079040744489247,5.079040744489247,5.079040744489247,5.079040744489247,5.079040744489247,5.079040744489247,4.809200078886114,4.809200078886114,4.791858136016269,4.791858136016269,4.791858136016269,4.791858136016269,4.743135227653081,4.743135227653081,4.743135227653081,4.743135227653081,4.743135227653081,4.743135227653081,4.743135227653081,4.743135227653081,4.743135227653081,4.743135227653081,4.743135227653081,4.743135227653081,4.743135227653081,4.743135227653081,4.743135227653081,4.743135227653081,4.743135227653081,4.743135227653081,4.743135227653081,4.743135227653081,4.743135227653081,4.743135227653081,4.743135227653081,4.743135227653081,4.743135227653081,4.743135227653081,4.743135227653081,4.743135227653081,4.743135227653081,4.743135227653081,4.743135227653081,4.743135227653081,4.743135227653081,4.743135227653081,4.743135227653081,4.743135227653081,4.743135227653081,4.743135227653081,4.743135227653081,4.743135227653081,4.743135227653081,4.743135227653081,4.743135227653081,4.743135227653081,4.743135227653081,4.743135227653081,4.743135227653081,4.743135227653081,4.743135227653081,4.743135227653081,4.743135227653081,4.743135227653081,4.743135227653081,4.743135227653081,4.743135227653081,4.743135227653081,4.743135227653081,4.743135227653081,4.743135227653081,4.743135227653081,4.743135227653081,4.743135227653081,4.743135227653081,4.743135227653081,4.743135227653081,4.743135227653081,4.743135227653081,4.743135227653081,4.743135227653081,4.743135227653081,4.743135227653081,4.743135227653081,4.743135227653081,4.743135227653081,4.743135227653081,4.743135227653081,4.743135227653081,4.743135227653081,4.743135227653081,4.743135227653081,4.743135227653081,4.743135227653081,4.743135227653081,4.743135227653081,4.743135227653081,4.743135227653081,4.743135227653081,4.743135227653081,4.743135227653081,4.743135227653081,4.743135227653081,4.743135227653081,4.743135227653081,4.743135227653081,4.743135227653081,4.743135227653081,4.743135227653081,4.743135227653081,4.743135227653081,4.743135227653081,4.743135227653081,4.743135227653081,4.743135227653081,4.743135227653081,4.743135227653081,4.743135227653081,4.743135227653081,4.743135227653081,4.743135227653081,4.743135227653081,4.743135227653081,4.743135227653081,4.743135227653081,4.743135227653081,4.743135227653081,4.743135227653081,4.743135227653081,4.743135227653081,4.743135227653081,4.743135227653081,4.743135227653081,4.743135227653081,4.743135227653081,4.743135227653081,4.743135227653081,4.743135227653081,4.743135227653081,4.743135227653081,4.743135227653081,4.743135227653081,4.743135227653081,4.743135227653081,4.743135227653081,4.743135227653081,4.743135227653081,4.743135227653081,4.743135227653081,4.743135227653081,4.743135227653081,4.743135227653081,4.743135227653081,4.743135227653081,4.743135227653081,4.743135227653081,4.743135227653081,4.743135227653081,4.743135227653081,4.743135227653081,4.743135227653081,4.743135227653081,4.743135227653081,4.743135227653081,4.743135227653081,4.743135227653081,4.743135227653081,4.743135227653081,4.743135227653081,4.743135227653081,4.743135227653081,4.743135227653081,4.743135227653081,4.743135227653081,4.743135227653081,4.743135227653081,4.743135227653081,4.743135227653081,4.743135227653081,4.743135227653081,4.743135227653081,4.743135227653081,4.743135227653081,4.743135227653081,4.743135227653081,4.743135227653081,4.743135227653081,4.743135227653081,4.743135227653081,4.743135227653081,4.743135227653081,4.743135227653081,4.743135227653081,4.743135227653081,4.743135227653081,4.743135227653081,4.743135227653081,4.743135227653081,4.743135227653081,4.743135227653081,4.743135227653081,4.743135227653081,4.743135227653081,4.743135227653081,4.743135227653081,4.743135227653081,4.743135227653081,4.743135227653081,4.743135227653081,4.743135227653081,4.743135227653081,4.743135227653081,4.743135227653081,4.743135227653081,4.743135227653081,4.743135227653081,4.743135227653081,4.743135227653081,4.743135227653081,4.743135227653081,4.743135227653081,4.743135227653081,4.743135227653081,4.743135227653081,4.743135227653081,4.743135227653081,4.743135227653081,4.743135227653081,4.743135227653081,4.743135227653081,4.743135227653081,4.743135227653081,4.743135227653081,4.743135227653081,4.743135227653081,4.743135227653081,4.743135227653081,4.743135227653081,4.743135227653081,4.743135227653081,4.743135227653081,4.743135227653081,4.743135227653081,4.743135227653081,4.743135227653081,4.743135227653081,4.743135227653081,4.743135227653081,4.743135227653081,4.743135227653081,4.743135227653081,4.743135227653081,4.743135227653081,4.743135227653081,4.743135227653081,4.743135227653081,4.743135227653081,4.743135227653081,4.743135227653081,4.743135227653081,4.743135227653081,4.743135227653081,4.743135227653081,4.743135227653081,4.743135227653081,4.743135227653081,4.743135227653081,4.743135227653081,4.743135227653081,4.743135227653081,4.743135227653081,4.743135227653081,4.743135227653081,4.743135227653081,4.743135227653081,4.743135227653081,4.743135227653081,4.743135227653081,4.743135227653081,4.743135227653081,4.743135227653081,4.743135227653081,4.743135227653081,4.743135227653081,4.743135227653081,4.743135227653081,4.743135227653081,4.743135227653081,4.743135227653081,4.743135227653081,4.743135227653081,4.743135227653081,4.743135227653081,4.743135227653081,4.743135227653081,4.743135227653081,4.743135227653081,4.743135227653081,4.743135227653081,4.743135227653081,4.743135227653081,4.743135227653081,4.743135227653081,4.743135227653081,4.743135227653081,4.743135227653081,4.743135227653081,4.743135227653081,4.743135227653081,4.743135227653081,4.743135227653081,4.743135227653081,4.743135227653081,4.743135227653081,4.743135227653081,4.743135227653081,4.743135227653081,4.743135227653081,4.743135227653081,4.743135227653081,4.743135227653081,4.743135227653081,4.743135227653081,4.743135227653081,4.743135227653081,4.743135227653081,4.743135227653081,4.743135227653081,4.743135227653081,4.743135227653081,4.743135227653081,4.743135227653081,4.743135227653081,4.743135227653081,4.743135227653081,4.743135227653081,4.743135227653081,4.743135227653081,4.743135227653081,4.743135227653081,4.743135227653081,4.743135227653081,4.743135227653081,4.743135227653081,4.743135227653081,4.743135227653081,4.743135227653081,4.743135227653081,4.743135227653081,4.743135227653081,4.743135227653081,4.743135227653081,4.743135227653081,4.743135227653081,4.743135227653081,4.743135227653081,4.743135227653081,4.743135227653081,4.743135227653081,4.743135227653081,4.743135227653081,4.743135227653081,4.743135227653081,4.743135227653081,4.743135227653081,4.743135227653081,4.743135227653081,4.743135227653081,4.743135227653081,4.743135227653081,4.743135227653081,4.743135227653081,4.743135227653081,4.743135227653081,4.743135227653081,4.743135227653081,4.743135227653081,4.743135227653081,4.743135227653081,4.743135227653081,4.743135227653081,4.743135227653081,4.743135227653081,4.743135227653081,4.743135227653081,4.743135227653081,4.743135227653081,4.743135227653081,4.743135227653081,4.743135227653081,4.743135227653081,4.743135227653081,4.743135227653081,4.743135227653081,4.743135227653081,4.743135227653081,4.743135227653081,4.743135227653081,4.743135227653081,4.743135227653081,4.743135227653081,4.743135227653081,4.743135227653081,4.743135227653081,4.743135227653081,4.743135227653081,4.743135227653081,4.743135227653081,4.743135227653081,4.743135227653081,4.743135227653081,4.743135227653081,4.743135227653081,4.743135227653081,4.743135227653081,4.743135227653081,4.743135227653081,4.743135227653081,4.743135227653081,4.743135227653081,4.743135227653081,4.743135227653081,4.743135227653081,4.743135227653081,4.743135227653081,4.743135227653081,4.743135227653081,4.743135227653081,4.743135227653081,4.743135227653081,4.743135227653081,4.743135227653081,4.743135227653081,4.743135227653081,4.743135227653081,4.743135227653081,4.743135227653081,4.743135227653081,4.743135227653081,4.743135227653081,4.743135227653081,4.743135227653081,4.743135227653081,4.743135227653081,4.743135227653081,4.743135227653081,4.743135227653081,4.743135227653081,4.743135227653081,4.743135227653081,4.743135227653081,4.743135227653081,4.743135227653081,4.743135227653081,4.743135227653081,4.743135227653081,4.743135227653081,4.743135227653081,4.743135227653081,4.743135227653081,4.743135227653081,4.743135227653081,4.743135227653081,4.743135227653081,4.743135227653081,4.743135227653081,4.743135227653081,4.743135227653081,4.743135227653081,4.743135227653081,4.743135227653081,4.743135227653081,4.743135227653081,4.743135227653081,4.743135227653081,4.743135227653081,4.743135227653081,4.743135227653081,4.743135227653081,4.743135227653081,4.743135227653081,4.743135227653081,4.743135227653081,4.743135227653081,4.743135227653081,4.743135227653081,4.743135227653081,4.743135227653081,4.743135227653081,4.743135227653081,4.743135227653081,4.743135227653081,4.743135227653081,4.743135227653081,4.743135227653081,4.743135227653081,4.743135227653081,4.743135227653081,4.743135227653081,4.743135227653081,4.743135227653081,4.743135227653081,4.743135227653081,4.743135227653081,4.743135227653081,4.743135227653081,4.743135227653081,4.743135227653081,4.743135227653081,4.743135227653081,4.743135227653081,4.743135227653081,4.743135227653081,4.743135227653081,4.743135227653081,4.743135227653081,4.743135227653081,4.743135227653081,4.743135227653081,4.743135227653081,4.743135227653081,4.743135227653081,4.743135227653081,4.743135227653081,4.743135227653081,4.743135227653081,4.743135227653081,4.743135227653081,4.743135227653081,4.743135227653081,4.743135227653081,4.743135227653081,4.743135227653081,4.743135227653081,4.743135227653081,4.743135227653081,4.743135227653081,4.743135227653081,4.743135227653081,4.743135227653081,4.743135227653081,4.743135227653081,4.743135227653081,4.743135227653081,4.743135227653081,4.743135227653081,4.743135227653081,4.743135227653081,4.743135227653081,4.743135227653081,4.743135227653081,4.743135227653081,4.743135227653081,4.743135227653081,4.743135227653081,4.743135227653081,4.743135227653081,4.743135227653081,4.743135227653081,4.743135227653081,4.743135227653081,4.743135227653081,4.743135227653081,4.743135227653081,4.743135227653081,4.743135227653081,4.743135227653081,4.743135227653081,4.743135227653081,4.743135227653081,4.743135227653081,4.743135227653081,4.743135227653081,4.743135227653081,4.743135227653081,4.743135227653081,4.743135227653081,4.743135227653081,4.743135227653081,4.743135227653081,4.743135227653081,4.743135227653081,4.743135227653081,4.743135227653081,4.743135227653081,4.743135227653081,4.743135227653081,4.743135227653081,4.743135227653081,4.743135227653081,4.743135227653081,4.743135227653081,4.743135227653081,4.743135227653081,4.743135227653081,4.743135227653081,4.743135227653081,4.743135227653081,4.743135227653081,4.743135227653081,4.743135227653081,4.743135227653081,4.743135227653081,4.743135227653081,4.743135227653081,4.743135227653081,4.743135227653081,4.743135227653081,4.743135227653081,4.743135227653081,4.743135227653081,4.743135227653081,4.743135227653081,4.743135227653081,4.743135227653081,4.743135227653081,4.743135227653081,4.743135227653081,4.743135227653081,4.743135227653081,4.743135227653081,4.743135227653081,4.743135227653081,4.743135227653081,4.743135227653081,4.743135227653081,4.743135227653081,4.743135227653081,4.743135227653081,4.743135227653081,4.743135227653081,4.743135227653081,4.743135227653081,4.743135227653081,4.743135227653081,4.743135227653081,4.743135227653081,4.743135227653081,4.743135227653081,4.743135227653081,4.743135227653081,4.743135227653081,4.743135227653081,4.743135227653081,4.743135227653081,4.743135227653081,4.743135227653081,4.743135227653081,4.743135227653081,4.743135227653081,4.743135227653081,4.743135227653081,4.743135227653081,4.743135227653081,4.743135227653081,4.743135227653081,4.743135227653081,4.743135227653081,4.743135227653081,4.743135227653081,4.743135227653081,4.743135227653081,4.743135227653081,4.743135227653081,4.743135227653081,4.743135227653081,4.743135227653081,4.743135227653081,4.743135227653081,4.743135227653081,4.743135227653081,4.743135227653081,4.743135227653081,4.743135227653081,4.743135227653081,4.743135227653081,4.743135227653081,4.743135227653081,4.743135227653081,4.743135227653081,4.743135227653081,4.743135227653081,4.743135227653081,4.743135227653081,4.743135227653081,4.743135227653081,4.743135227653081,4.743135227653081,4.743135227653081,4.743135227653081,4.743135227653081,4.743135227653081,4.743135227653081,4.743135227653081,4.743135227653081,4.743135227653081,4.743135227653081,4.743135227653081,4.743135227653081,4.743135227653081,4.743135227653081,4.743135227653081,4.743135227653081,4.743135227653081,4.743135227653081,4.743135227653081,4.743135227653081,4.743135227653081,4.743135227653081,4.743135227653081,4.743135227653081,4.743135227653081,4.743135227653081,4.743135227653081,4.743135227653081,4.743135227653081,4.743135227653081,4.743135227653081,4.743135227653081,4.743135227653081,4.743135227653081,4.743135227653081,4.743135227653081,4.743135227653081,4.743135227653081,4.743135227653081,4.743135227653081,4.743135227653081,4.743135227653081,4.743135227653081,4.743135227653081,4.743135227653081,4.743135227653081,4.743135227653081,4.743135227653081,4.743135227653081,4.743135227653081,4.743135227653081,4.743135227653081,4.743135227653081,4.743135227653081,4.743135227653081,4.743135227653081,4.743135227653081,4.743135227653081,4.743135227653081,4.743135227653081,4.743135227653081,4.743135227653081,4.743135227653081,4.743135227653081,4.743135227653081,4.743135227653081,4.743135227653081,4.743135227653081,4.743135227653081,4.743135227653081,4.743135227653081,4.743135227653081,4.743135227653081,4.743135227653081,4.743135227653081,4.743135227653081,4.743135227653081,4.743135227653081,4.743135227653081,4.743135227653081,4.743135227653081,4.743135227653081,4.743135227653081,4.743135227653081,4.743135227653081,4.743135227653081,4.743135227653081,4.743135227653081,4.743135227653081,4.743135227653081,4.743135227653081,4.743135227653081,4.743135227653081,4.743135227653081,4.743135227653081,4.743135227653081,4.743135227653081,4.743135227653081,4.743135227653081,4.743135227653081,4.743135227653081,4.743135227653081,4.743135227653081,4.743135227653081,4.743135227653081,4.743135227653081,4.743135227653081,4.743135227653081,4.743135227653081,4.743135227653081,4.743135227653081,4.743135227653081,4.743135227653081,4.743135227653081,4.743135227653081,4.743135227653081,4.743135227653081,4.743135227653081,4.743135227653081,4.743135227653081,4.743135227653081,4.743135227653081,4.743135227653081,4.743135227653081,4.743135227653081,4.743135227653081,4.743135227653081,4.743135227653081,4.743135227653081,4.743135227653081,4.743135227653081,4.743135227653081,4.743135227653081,4.743135227653081,4.743135227653081,4.743135227653081,4.743135227653081,4.743135227653081,4.743135227653081,4.743135227653081,4.743135227653081,4.743135227653081,4.743135227653081,4.743135227653081,4.743135227653081,4.743135227653081,4.743135227653081,4.743135227653081,4.743135227653081,4.743135227653081,4.743135227653081,4.743135227653081,4.743135227653081,4.743135227653081,4.743135227653081,4.743135227653081,4.743135227653081,4.743135227653081,4.743135227653081,4.743135227653081,4.743135227653081,4.743135227653081,4.743135227653081,4.743135227653081,4.743135227653081,4.743135227653081,4.743135227653081,4.743135227653081,4.743135227653081,4.743135227653081,4.743135227653081,4.743135227653081,4.743135227653081,4.743135227653081,4.743135227653081,4.743135227653081,4.743135227653081,4.743135227653081,4.743135227653081,4.743135227653081,4.743135227653081,4.743135227653081,4.743135227653081,4.743135227653081,4.743135227653081,4.743135227653081,4.743135227653081,4.743135227653081,4.743135227653081,4.743135227653081,4.743135227653081,4.743135227653081,4.743135227653081,4.743135227653081,4.743135227653081,4.743135227653081,4.743135227653081,4.743135227653081,4.743135227653081,4.743135227653081,4.743135227653081,4.743135227653081,4.743135227653081,4.743135227653081,4.743135227653081,4.743135227653081,4.743135227653081,4.743135227653081,4.743135227653081,4.743135227653081,4.743135227653081,4.743135227653081,4.743135227653081,4.743135227653081,4.743135227653081,4.743135227653081,4.743135227653081,4.743135227653081,4.743135227653081,4.743135227653081,4.743135227653081,4.743135227653081,4.743135227653081,4.743135227653081,4.743135227653081,4.743135227653081,4.743135227653081,4.743135227653081,4.743135227653081,4.743135227653081,4.743135227653081,4.743135227653081,4.743135227653081,4.743135227653081,4.743135227653081,4.743135227653081,4.743135227653081,4.743135227653081,4.743135227653081,4.743135227653081,4.743135227653081,4.743135227653081,4.743135227653081,4.743135227653081,4.743135227653081,4.743135227653081,4.743135227653081,7.659261605739319,7.510528903581055,7.510528903581055,7.015293566595442,7.015293566595442,7.015293566595442,7.009463991070799,7.009463991070799,7.009463991070799,7.009463991070799,7.009463991070799,7.009463991070799,7.009463991070799,7.009463991070799,7.009463991070799,7.009463991070799,7.009463991070799,7.009463991070799,6.994038346478009,6.994038346478009,6.994038346478009,6.994038346478009,6.994038346478009,6.994038346478009,6.994038346478009,6.994038346478009,6.994038346478009,6.994038346478009,6.994038346478009,6.994038346478009,6.994038346478009,6.994038346478009,6.994038346478009,6.8091913259015335,6.8091913259015335,6.8091913259015335,6.8091913259015335,6.8091913259015335,6.8091913259015335,6.8091913259015335,6.8091913259015335,6.8091913259015335,6.8091913259015335,6.8091913259015335,6.8091913259015335,6.8091913259015335,6.8091913259015335,6.8091913259015335,6.8091913259015335,6.8091913259015335,6.8091913259015335,6.8091913259015335,6.8091913259015335,6.8091913259015335,6.732677759131682,6.732677759131682,6.732677759131682,6.732677759131682,6.732677759131682,6.732677759131682,6.732677759131682,6.732677759131682,6.732677759131682,6.732677759131682,6.732677759131682,6.732677759131682,6.732677759131682,6.732677759131682,6.732677759131682,6.732677759131682,6.732677759131682,6.732677759131682,6.732677759131682,6.732677759131682,6.732677759131682,6.732677759131682,6.732677759131682,6.732677759131682,6.732677759131682,6.732677759131682,6.732677759131682,6.732677759131682,6.732677759131682,6.732677759131682,6.732677759131682,6.732677759131682,6.53239383492876,5.8697056440381035,5.5213427173143,5.5213427173143,5.5213427173143,5.5213427173143,5.5213427173143,5.5213427173143,5.5213427173143,5.5213427173143,5.5213427173143,5.5213427173143,5.5213427173143,5.410245210466587,5.410245210466587,5.410245210466587,5.410245210466587,5.025801238210354,5.025801238210354,5.025801238210354,5.025801238210354,5.025801238210354,5.025801238210354,5.025801238210354,5.025801238210354,5.025801238210354,5.025801238210354,5.025801238210354,5.025801238210354,5.025801238210354,5.025801238210354,5.025801238210354,5.025801238210354,5.025801238210354,5.025801238210354,5.025801238210354,4.990070438551078,4.990070438551078,4.990070438551078,4.990070438551078,4.990070438551078,4.990070438551078,4.990070438551078,4.990070438551078,4.990070438551078,4.990070438551078,4.990070438551078,4.990070438551078,4.990070438551078,4.990070438551078,4.990070438551078,4.990070438551078,4.990070438551078,4.990070438551078,4.990070438551078,4.990070438551078,4.990070438551078,4.990070438551078,4.990070438551078,4.990070438551078,4.990070438551078,4.990070438551078,4.990070438551078,4.990070438551078,4.990070438551078,4.990070438551078,4.990070438551078,4.990070438551078,4.990070438551078,4.990070438551078,4.990070438551078,4.990070438551078,4.990070438551078,4.990070438551078,4.990070438551078,4.990070438551078,4.990070438551078,4.990070438551078,4.990070438551078,4.990070438551078,4.990070438551078,4.990070438551078,4.990070438551078,4.990070438551078,4.990070438551078,4.990070438551078,4.990070438551078,4.990070438551078,4.990070438551078,4.990070438551078,4.990070438551078,4.990070438551078,4.990070438551078,4.990070438551078,4.990070438551078,4.990070438551078,4.990070438551078,4.990070438551078,4.990070438551078,4.990070438551078,4.990070438551078,4.990070438551078,4.990070438551078,4.990070438551078,4.990070438551078,4.990070438551078,4.990070438551078,4.990070438551078,4.990070438551078,4.990070438551078,4.990070438551078,4.990070438551078,4.990070438551078,4.990070438551078,4.990070438551078,4.990070438551078,4.990070438551078,4.990070438551078,4.990070438551078,4.990070438551078,4.990070438551078,4.990070438551078,4.990070438551078,4.990070438551078,4.990070438551078,4.990070438551078,4.990070438551078,4.990070438551078,4.990070438551078,4.990070438551078,4.990070438551078,4.990070438551078,4.990070438551078,4.990070438551078,4.990070438551078,4.990070438551078,4.990070438551078,4.990070438551078,4.990070438551078,4.990070438551078,4.990070438551078,4.990070438551078,4.990070438551078,4.990070438551078,4.990070438551078,4.990070438551078,4.990070438551078,4.990070438551078,4.990070438551078,4.990070438551078,4.990070438551078,4.990070438551078,4.990070438551078,4.990070438551078,4.990070438551078,4.990070438551078,4.990070438551078,4.990070438551078,4.990070438551078,4.990070438551078,4.990070438551078,4.990070438551078,4.990070438551078,4.990070438551078,4.990070438551078,4.990070438551078,4.990070438551078,4.990070438551078,4.990070438551078,4.990070438551078,4.990070438551078,4.6654464745687765,4.6654464745687765,4.6654464745687765,4.6654464745687765,4.6654464745687765,4.6654464745687765,4.6654464745687765,4.6654464745687765,4.6654464745687765,4.6654464745687765,4.6654464745687765,4.6654464745687765,4.6654464745687765,4.6654464745687765,4.6654464745687765,4.6654464745687765,4.6654464745687765,4.6654464745687765,4.6654464745687765,4.6654464745687765,4.6654464745687765,4.6654464745687765,4.6654464745687765,4.6654464745687765,4.6654464745687765,4.6654464745687765,4.6654464745687765,4.6654464745687765,4.6654464745687765,4.6654464745687765,4.6654464745687765,4.6654464745687765,4.6654464745687765,4.6654464745687765,4.6654464745687765,4.6654464745687765,4.6654464745687765,4.6654464745687765,4.6654464745687765,4.6654464745687765,4.6654464745687765,4.6654464745687765,4.6654464745687765,4.6654464745687765,4.6654464745687765,4.6654464745687765,4.6654464745687765,4.6654464745687765,4.6654464745687765,4.6654464745687765,4.6654464745687765,4.6654464745687765,4.6654464745687765,4.6654464745687765,4.6654464745687765,4.6654464745687765,4.6654464745687765,4.6654464745687765,4.6654464745687765,4.6654464745687765,4.6654464745687765,4.6654464745687765,4.6654464745687765,4.6654464745687765,4.6654464745687765,4.6654464745687765,4.6654464745687765,4.6654464745687765,4.6654464745687765,4.6654464745687765,4.6654464745687765,4.6654464745687765,4.6654464745687765,4.6654464745687765,4.6654464745687765,4.6654464745687765,4.6654464745687765,4.6654464745687765,4.6654464745687765,4.6654464745687765,4.6654464745687765,4.6654464745687765,4.6654464745687765,4.6654464745687765,4.6654464745687765,4.6654464745687765,4.6654464745687765,4.6654464745687765,4.6654464745687765,4.6654464745687765,4.6654464745687765,4.6654464745687765,4.6654464745687765,4.6654464745687765,4.6654464745687765,4.6654464745687765,4.6654464745687765,4.6654464745687765,4.6654464745687765,4.6654464745687765,4.6654464745687765,4.6654464745687765,4.6654464745687765,4.6654464745687765,4.6654464745687765,4.6654464745687765,4.6654464745687765,4.6654464745687765,4.6654464745687765,4.6654464745687765,4.6654464745687765,4.6654464745687765,4.6654464745687765,4.6654464745687765,4.6654464745687765,4.6654464745687765,4.6654464745687765,4.6654464745687765,4.6654464745687765,4.6654464745687765,4.6654464745687765,4.6654464745687765,4.6654464745687765,4.6654464745687765,4.6654464745687765,4.6654464745687765,4.6654464745687765,4.6654464745687765,4.6654464745687765,4.6654464745687765,4.6654464745687765,4.6654464745687765,4.6654464745687765,4.6654464745687765,4.6654464745687765,4.6654464745687765,4.6654464745687765,4.6654464745687765,4.6654464745687765,4.6654464745687765,4.6654464745687765,4.6654464745687765,4.6654464745687765,4.6654464745687765,4.6654464745687765,4.6654464745687765,4.6654464745687765,4.6654464745687765,4.6654464745687765,4.6654464745687765,4.6654464745687765,4.6654464745687765,4.6654464745687765,4.6654464745687765,4.6654464745687765,4.6654464745687765,4.6654464745687765,4.6654464745687765,4.6654464745687765,4.6654464745687765,4.6654464745687765,4.6654464745687765,4.6654464745687765,4.6654464745687765,4.6654464745687765,4.6654464745687765,4.6654464745687765,4.6654464745687765,4.6654464745687765,4.6654464745687765,4.6654464745687765,4.6654464745687765,4.6654464745687765,4.6654464745687765,4.6654464745687765,4.6654464745687765,4.6654464745687765,4.6654464745687765,4.6654464745687765,4.6654464745687765,4.6654464745687765,4.6654464745687765,4.6654464745687765,4.6654464745687765,4.6654464745687765,4.6654464745687765,4.6654464745687765,4.6654464745687765,4.6654464745687765,4.6654464745687765,4.6654464745687765,4.6654464745687765,4.6654464745687765,4.6654464745687765,4.6654464745687765,4.6654464745687765,4.6654464745687765,4.6654464745687765,4.6654464745687765,4.6654464745687765,4.6654464745687765,4.6654464745687765,4.6654464745687765,4.6654464745687765,4.6654464745687765,4.6654464745687765,4.6654464745687765,4.6654464745687765,4.6654464745687765,4.6654464745687765,4.6654464745687765,4.6654464745687765,4.6654464745687765,4.6654464745687765,4.6654464745687765,4.6654464745687765,4.6654464745687765,4.6654464745687765,4.6654464745687765,4.6654464745687765,4.6654464745687765,4.6654464745687765,4.6654464745687765,4.6654464745687765,4.6654464745687765,4.6654464745687765,4.6654464745687765,4.6654464745687765,4.6654464745687765,4.6654464745687765,4.6654464745687765,4.6654464745687765,4.6654464745687765,4.6654464745687765,4.6654464745687765,4.6654464745687765,4.6654464745687765,4.6654464745687765,4.6654464745687765,4.6654464745687765,4.6654464745687765,4.6654464745687765,4.6654464745687765,4.6654464745687765,4.6654464745687765,4.6654464745687765,4.6654464745687765,4.6654464745687765,4.6654464745687765,4.6654464745687765,4.6654464745687765,4.6654464745687765,4.6654464745687765,4.6654464745687765,4.6654464745687765,4.6654464745687765,4.6654464745687765,4.6654464745687765,4.6654464745687765,4.6654464745687765,4.6654464745687765,4.6654464745687765,4.6654464745687765,4.6654464745687765,4.6654464745687765,4.6654464745687765,4.6654464745687765,4.6654464745687765,4.6654464745687765,4.6654464745687765,4.6654464745687765,4.6654464745687765,4.6654464745687765,4.6654464745687765,4.6654464745687765,4.6654464745687765,4.6654464745687765,4.6654464745687765,4.6654464745687765,4.6654464745687765,4.6654464745687765,4.6654464745687765,4.6654464745687765,4.6654464745687765,4.6654464745687765,4.6654464745687765,4.6654464745687765,4.6654464745687765,4.6654464745687765,4.6654464745687765,4.6654464745687765,4.6654464745687765,4.6654464745687765,4.6654464745687765,4.6654464745687765,4.6654464745687765,4.6654464745687765,4.6654464745687765,4.6654464745687765,4.6654464745687765,4.6654464745687765,4.6654464745687765,4.6654464745687765,4.6654464745687765,4.6654464745687765,4.6654464745687765,4.6654464745687765,4.6654464745687765,4.6654464745687765,4.6654464745687765,4.6654464745687765,4.6654464745687765,4.6654464745687765,4.6654464745687765,4.6654464745687765,4.6654464745687765,4.6654464745687765,4.6654464745687765,4.6654464745687765,4.6654464745687765,4.6654464745687765,4.6654464745687765,4.6654464745687765,4.6654464745687765,4.6654464745687765,4.6654464745687765,4.6654464745687765,4.6654464745687765,4.6654464745687765,4.6654464745687765,4.6654464745687765,4.6654464745687765,4.6654464745687765,4.6654464745687765,4.6654464745687765,4.6654464745687765,4.6654464745687765,4.6654464745687765,4.6654464745687765,4.6654464745687765,4.6654464745687765,4.6654464745687765,4.6654464745687765,4.6654464745687765,4.6654464745687765,4.6654464745687765,4.6654464745687765,4.6654464745687765,4.6654464745687765,4.6654464745687765,4.6654464745687765,4.6654464745687765,4.6654464745687765,4.6654464745687765,4.6654464745687765,4.6654464745687765,4.6654464745687765,4.6654464745687765,4.6654464745687765,4.6654464745687765,4.6654464745687765,4.6654464745687765,4.6654464745687765,4.6654464745687765,4.6654464745687765,4.6654464745687765,4.6654464745687765,4.6654464745687765,4.6654464745687765,4.6654464745687765,4.6654464745687765,4.6654464745687765,4.6654464745687765,4.6654464745687765,4.6654464745687765,4.6654464745687765,4.6654464745687765,4.6654464745687765,4.6654464745687765,4.6654464745687765,4.6654464745687765,4.6654464745687765,4.6654464745687765,4.6654464745687765,4.6654464745687765,4.6654464745687765,4.6654464745687765,4.6654464745687765,4.6654464745687765,4.6654464745687765,4.6654464745687765,4.6654464745687765,4.6654464745687765,4.6654464745687765,4.6654464745687765,4.6654464745687765,4.6654464745687765,4.6654464745687765,4.6654464745687765,4.6654464745687765,4.6654464745687765,4.6654464745687765,4.6654464745687765,4.6654464745687765,4.6654464745687765,4.6654464745687765,4.6654464745687765,4.6654464745687765,4.6654464745687765,4.6654464745687765,4.6654464745687765,4.6654464745687765,4.6654464745687765,4.6654464745687765,4.6654464745687765,4.6654464745687765,4.6654464745687765,4.6654464745687765,4.6654464745687765,4.6654464745687765,4.6654464745687765,4.6654464745687765,4.6654464745687765,4.6654464745687765,4.6654464745687765,4.6654464745687765,4.6654464745687765,4.6654464745687765,4.6654464745687765,4.6654464745687765,4.6654464745687765,4.6654464745687765,4.6654464745687765,4.6654464745687765,4.6654464745687765,4.6654464745687765,4.6654464745687765,4.6654464745687765,4.6654464745687765,4.6654464745687765,4.6654464745687765,4.6654464745687765,4.6654464745687765,4.6654464745687765,4.6654464745687765,4.6654464745687765,4.6654464745687765,4.6654464745687765,4.6654464745687765,4.6654464745687765,4.6654464745687765,4.6654464745687765,4.6654464745687765,4.6654464745687765,4.6654464745687765,4.6654464745687765,4.6654464745687765,4.6654464745687765,4.6654464745687765,4.6654464745687765,4.6654464745687765,4.6654464745687765,4.6654464745687765,4.6654464745687765,4.6654464745687765,4.6654464745687765,4.6654464745687765,4.6654464745687765,4.6654464745687765,4.6654464745687765,4.6654464745687765,4.6654464745687765,4.6654464745687765,4.6654464745687765,4.6654464745687765,4.6654464745687765,4.6654464745687765,4.6654464745687765,4.6654464745687765,4.6654464745687765,4.6654464745687765,4.6654464745687765,4.6654464745687765,4.6654464745687765,4.6654464745687765,4.6654464745687765,4.6654464745687765,4.6654464745687765,4.6654464745687765,4.6654464745687765,4.6654464745687765,4.6654464745687765,4.6654464745687765,4.6654464745687765,4.6654464745687765,4.6654464745687765,4.6654464745687765,4.6654464745687765,4.6654464745687765,4.6654464745687765,4.6654464745687765,4.6654464745687765,4.6654464745687765,4.6654464745687765,4.6654464745687765,4.6654464745687765,4.6654464745687765,4.6654464745687765,4.6654464745687765,4.6654464745687765,4.6654464745687765,4.6654464745687765,4.6654464745687765,4.6654464745687765,4.6654464745687765,4.6654464745687765,4.6654464745687765,4.6654464745687765,4.6654464745687765,4.6654464745687765,4.6654464745687765,4.6654464745687765,4.6654464745687765,4.6654464745687765,4.6654464745687765,4.6654464745687765,4.6654464745687765,4.6654464745687765,4.6654464745687765,4.6654464745687765,4.6654464745687765,4.6654464745687765,4.6654464745687765,4.6654464745687765,4.6654464745687765,4.6654464745687765,4.6654464745687765,4.6654464745687765,4.6654464745687765,4.6654464745687765,4.6654464745687765,4.6654464745687765,4.6654464745687765,4.6654464745687765,4.6654464745687765,4.6654464745687765,4.6654464745687765,4.6654464745687765,4.6654464745687765,4.6654464745687765,4.6654464745687765,4.6654464745687765,4.6654464745687765,4.6654464745687765,4.6654464745687765,4.6654464745687765,4.6654464745687765,4.6654464745687765,4.6654464745687765,4.6654464745687765,4.6654464745687765,4.6654464745687765,4.6654464745687765,4.6654464745687765,4.6654464745687765,4.6654464745687765,4.6654464745687765,4.6654464745687765,4.6654464745687765,4.6654464745687765,4.6654464745687765,4.6654464745687765,4.6654464745687765,4.6654464745687765,4.6654464745687765,4.6654464745687765,4.6654464745687765,4.6654464745687765,4.6654464745687765,4.6654464745687765,4.6654464745687765,4.6654464745687765,4.6654464745687765,4.6654464745687765,4.6654464745687765,4.6654464745687765,4.6654464745687765,4.6654464745687765,4.6654464745687765,4.6654464745687765,4.6654464745687765,4.6654464745687765,4.6654464745687765,4.6654464745687765,4.6654464745687765,4.6654464745687765,4.6654464745687765,4.6654464745687765,3.795669890328656,3.795669890328656,3.795669890328656,3.795669890328656,3.7884655839830432,3.7884655839830432,3.7884655839830432,3.7743504805969814,3.7743504805969814,3.7743504805969814,3.7743504805969814,3.7743504805969814,3.7743504805969814,3.7743504805969814,3.7743504805969814,3.7743504805969814,3.7743504805969814,3.7743504805969814,3.7743504805969814,3.7743504805969814,3.7743504805969814,3.7743504805969814,3.7743504805969814,3.7743504805969814,3.7743504805969814,3.7743504805969814,3.7743504805969814,3.7743504805969814,3.7743504805969814,3.7743504805969814,3.7743504805969814,3.7743504805969814,3.7743504805969814,3.7743504805969814,3.7743504805969814,3.7743504805969814,3.7743504805969814,3.7743504805969814,3.7743504805969814,3.7743504805969814,3.7743504805969814,3.7743504805969814,3.7743504805969814,3.7743504805969814,3.7743504805969814,3.7743504805969814,3.7743504805969814,3.7743504805969814,3.7743504805969814,3.7743504805969814,3.7743504805969814,3.7743504805969814,3.7743504805969814,3.7743504805969814,3.7743504805969814,3.7743504805969814,3.7743504805969814,3.7743504805969814,3.7743504805969814,3.7743504805969814,3.7743504805969814,3.7743504805969814,3.7743504805969814,3.7743504805969814,3.7743504805969814,3.7743504805969814,3.7743504805969814,3.7743504805969814,3.7743504805969814,3.7743504805969814,3.7743504805969814,3.7743504805969814,3.7743504805969814,3.7743504805969814,3.7743504805969814,3.7743504805969814,3.7743504805969814,3.7743504805969814,3.7743504805969814,3.7743504805969814,3.7743504805969814,3.7743504805969814,3.7743504805969814,3.7743504805969814,3.7743504805969814,3.7743504805969814,3.7743504805969814,3.7743504805969814,3.7743504805969814,3.7743504805969814,3.7743504805969814,3.7743504805969814,3.7743504805969814,3.7743504805969814,3.7743504805969814,3.7743504805969814,3.7743504805969814,3.7743504805969814,3.7743504805969814,3.7743504805969814,3.7743504805969814,3.7743504805969814,3.7743504805969814,3.7743504805969814,3.7743504805969814,3.7743504805969814,3.7743504805969814,3.7743504805969814,3.7743504805969814,3.7743504805969814,3.7743504805969814,3.7743504805969814,3.7743504805969814,3.7743504805969814,3.7743504805969814,3.7743504805969814,3.7743504805969814,3.7743504805969814,3.7743504805969814,3.7743504805969814,3.7743504805969814,3.7743504805969814,3.7743504805969814,3.7743504805969814,3.7743504805969814,3.7743504805969814,3.7743504805969814,3.7743504805969814,3.7743504805969814,3.7743504805969814,3.7743504805969814,3.7743504805969814,3.7743504805969814,3.7743504805969814,3.7743504805969814,3.7743504805969814,3.7743504805969814,3.7743504805969814,3.7743504805969814,3.7743504805969814,3.7743504805969814,3.7743504805969814,3.7743504805969814,3.7743504805969814,3.7743504805969814,7.768340288860272,6.506445254692265,6.506445254692265,6.506445254692265,6.506445254692265,6.2988233873219555,6.2988233873219555,6.147572883767717,6.147572883767717,6.147572883767717,6.147572883767717,6.147572883767717,6.147572883767717,5.7878051023540955,5.7878051023540955,5.7878051023540955,5.7878051023540955,5.7878051023540955,5.7878051023540955,5.7878051023540955,5.7878051023540955,5.7878051023540955,5.7878051023540955,5.7878051023540955,5.7878051023540955,5.7878051023540955,5.7878051023540955,5.7878051023540955,5.7878051023540955,5.7878051023540955,5.7878051023540955,5.7878051023540955,5.7878051023540955,5.7878051023540955,5.787805102354095,5.787805102354095,5.787805102354095,5.787805102354095,5.787805102354095,5.787805102354095,5.787805102354095,5.787805102354095,5.787805102354095,5.787805102354095,5.787805102354095,5.787805102354095,5.787805102354095,5.787805102354095,5.771716634740264,5.771716634740264,5.771716634740264,5.771716634740264,5.771716634740264,5.771716634740264,5.771716634740264,5.771716634740264,5.771716634740264,5.771716634740264,5.771716634740264,5.771716634740264,5.771716634740264,5.771716634740264,5.771716634740264,5.4889155101020055,5.328269223831098,5.328269223831098,5.328269223831098,5.328269223831098,5.328269223831098,5.328269223831098,5.328269223831098,5.328269223831098,5.328269223831098,5.328269223831098,5.181139254045775,5.162399978469527,4.924430651053967,4.924430651053967,4.924430651053967,4.924430651053967,4.924430651053967,4.924430651053967,4.924430651053967,4.924430651053967,4.924430651053967,4.924430651053967,4.924430651053967,4.924430651053967,4.924430651053967,4.924430651053967,4.924430651053967,4.88233095296224,4.88233095296224,4.88233095296224,4.88233095296224,4.88233095296224,4.88233095296224,4.88233095296224,4.88233095296224,4.88233095296224,4.88233095296224,4.88233095296224,4.88233095296224,4.88233095296224,4.88233095296224,4.88233095296224,4.88233095296224,4.88233095296224,4.88233095296224,4.88233095296224,4.88233095296224,4.88233095296224,4.88233095296224,4.88233095296224,4.88233095296224,4.88233095296224,4.88233095296224,4.88233095296224,4.88233095296224,4.88233095296224,4.88233095296224,4.88233095296224,4.88233095296224,4.88233095296224,4.88233095296224,4.88233095296224,4.88233095296224,4.88233095296224,4.88233095296224,4.88233095296224,4.88233095296224,4.88233095296224,4.88233095296224,4.88233095296224,4.88233095296224,4.88233095296224,4.88233095296224,4.846458971015881,4.846458971015881,4.846458971015881,4.846458971015881,4.846458971015881,4.846458971015881,4.846458971015881,4.846458971015881,4.846458971015881,4.846458971015881,4.846458971015881,4.846458971015881,4.846458971015881,4.846458971015881,4.846458971015881,4.846458971015881,4.846458971015881,4.846458971015881,4.846458971015881,4.846458971015881,4.846458971015881,4.846458971015881,4.846458971015881,4.846458971015881,4.846458971015881,4.846458971015881,4.846458971015881,4.846458971015881,4.846458971015881,4.846458971015881,4.846458971015881,4.846458971015881,4.846458971015881,4.846458971015881,4.846458971015881,4.846458971015881,4.846458971015881,4.846458971015881,4.846458971015881,4.846458971015881,4.846458971015881,4.846458971015881,4.846458971015881,4.846458971015881,4.846458971015881,4.846458971015881,4.846458971015881,4.846458971015881,4.846458971015881,4.7045228935337216,4.7045228935337216,4.7045228935337216,4.7045228935337216,4.7045228935337216,4.7045228935337216,4.7045228935337216,4.7045228935337216,4.7045228935337216,4.7045228935337216,4.7045228935337216,4.7045228935337216,4.7045228935337216,4.7045228935337216,4.7045228935337216,4.7045228935337216,4.7045228935337216,4.7045228935337216,4.7045228935337216,4.7045228935337216,4.7045228935337216,4.7045228935337216,4.7045228935337216,4.7045228935337216,4.7045228935337216,4.7045228935337216,4.7045228935337216,4.7045228935337216,4.7045228935337216,4.7045228935337216,4.7045228935337216,4.7045228935337216,4.7045228935337216,4.7045228935337216,4.7045228935337216,4.7045228935337216,4.7045228935337216,4.7045228935337216,4.7045228935337216,4.7045228935337216,4.7045228935337216,4.7045228935337216,4.7045228935337216,4.7045228935337216,4.7045228935337216,4.7045228935337216,4.7045228935337216,4.7045228935337216,4.7045228935337216,4.7045228935337216,4.7045228935337216,4.7045228935337216,4.7045228935337216,4.7045228935337216,4.7045228935337216,4.7045228935337216,4.7045228935337216,4.7045228935337216,4.7045228935337216,4.7045228935337216,4.7045228935337216,4.7045228935337216,4.7045228935337216,4.7045228935337216,4.7045228935337216,4.7045228935337216,4.7045228935337216,4.7045228935337216,4.7045228935337216,4.7045228935337216,4.7045228935337216,4.7045228935337216,4.7045228935337216,4.7045228935337216,4.7045228935337216,4.7045228935337216,4.7045228935337216,4.7045228935337216,4.7045228935337216,4.7045228935337216,4.7045228935337216,4.7045228935337216,4.7045228935337216,4.7045228935337216,4.7045228935337216,4.7045228935337216,4.7045228935337216,4.7045228935337216,4.7045228935337216,4.7045228935337216,4.7045228935337216,4.7045228935337216,4.7045228935337216,4.7045228935337216,4.7045228935337216,4.7045228935337216,4.7045228935337216,4.7045228935337216,4.7045228935337216,4.7045228935337216,4.7045228935337216,4.7045228935337216,4.7045228935337216,4.7045228935337216,4.7045228935337216,4.7045228935337216,4.7045228935337216,4.7045228935337216,4.7045228935337216,4.7045228935337216,4.7045228935337216,4.7045228935337216,4.7045228935337216,4.7045228935337216,4.7045228935337216,4.7045228935337216,4.7045228935337216,4.7045228935337216,4.7045228935337216,4.7045228935337216,4.7045228935337216,4.7045228935337216,4.7045228935337216,4.7045228935337216,4.7045228935337216,4.7045228935337216,4.7045228935337216,4.7045228935337216,4.7045228935337216,4.7045228935337216,4.7045228935337216,4.7045228935337216,4.7045228935337216,4.7045228935337216,4.7045228935337216,4.7045228935337216,4.7045228935337216,4.7045228935337216,4.7045228935337216,4.7045228935337216,4.7045228935337216,4.7045228935337216,4.7045228935337216,4.7045228935337216,4.7045228935337216,4.7045228935337216,4.7045228935337216,4.7045228935337216,4.7045228935337216,4.7045228935337216,4.7045228935337216,4.7045228935337216,4.7045228935337216,4.7045228935337216,4.7045228935337216,4.7045228935337216,4.7045228935337216,4.7045228935337216,4.7045228935337216,4.7045228935337216,4.7045228935337216,4.7045228935337216,4.7045228935337216,4.7045228935337216,4.7045228935337216,4.7045228935337216,4.7045228935337216,4.7045228935337216,4.7045228935337216,4.7045228935337216,4.7045228935337216,4.7045228935337216,4.7045228935337216,4.7045228935337216,4.7045228935337216,4.7045228935337216,4.7045228935337216,4.7045228935337216,4.7045228935337216,4.7045228935337216,4.7045228935337216,4.7045228935337216,4.7045228935337216,4.7045228935337216,4.7045228935337216,4.7045228935337216,4.7045228935337216,4.7045228935337216,4.7045228935337216,4.7045228935337216,4.7045228935337216,4.7045228935337216,4.7045228935337216,4.7045228935337216,4.7045228935337216,4.7045228935337216,4.7045228935337216,4.7045228935337216,4.7045228935337216,4.7045228935337216,4.7045228935337216,4.7045228935337216,4.7045228935337216,4.7045228935337216,4.7045228935337216,4.7045228935337216,4.7045228935337216,4.7045228935337216,4.7045228935337216,4.7045228935337216,4.7045228935337216,4.7045228935337216,4.7045228935337216,4.7045228935337216,4.7045228935337216,4.7045228935337216,4.7045228935337216,4.7045228935337216,4.7045228935337216,4.7045228935337216,4.7045228935337216,4.7045228935337216,4.7045228935337216,4.7045228935337216,4.7045228935337216,4.7045228935337216,4.7045228935337216,4.7045228935337216,4.7045228935337216,4.7045228935337216,4.7045228935337216,4.7045228935337216,4.7045228935337216,4.7045228935337216,4.7045228935337216,4.7045228935337216,4.7045228935337216,4.7045228935337216,4.7045228935337216,4.7045228935337216,4.7045228935337216,4.7045228935337216,4.7045228935337216,4.7045228935337216,4.7045228935337216,4.7045228935337216,4.7045228935337216,4.7045228935337216,4.7045228935337216,4.7045228935337216,4.7045228935337216,4.7045228935337216,4.7045228935337216,4.7045228935337216,4.7045228935337216,4.7045228935337216,4.7045228935337216,4.7045228935337216,4.7045228935337216,4.7045228935337216,4.7045228935337216,4.7045228935337216,4.7045228935337216,4.7045228935337216,4.7045228935337216,4.7045228935337216,4.7045228935337216,4.7045228935337216,4.7045228935337216,4.7045228935337216,4.7045228935337216,4.7045228935337216,4.7045228935337216,4.7045228935337216,4.7045228935337216,4.7045228935337216,4.7045228935337216,4.7045228935337216,4.7045228935337216,4.7045228935337216,4.7045228935337216,4.7045228935337216,4.7045228935337216,4.7045228935337216,4.7045228935337216,4.7045228935337216,4.7045228935337216,4.7045228935337216,4.7045228935337216,4.7045228935337216,4.7045228935337216,4.7045228935337216,4.7045228935337216,4.7045228935337216,4.7045228935337216,4.7045228935337216,4.7045228935337216,4.7045228935337216,4.7045228935337216,4.7045228935337216,4.7045228935337216,4.7045228935337216,4.7045228935337216,4.7045228935337216,4.7045228935337216,4.7045228935337216,4.7045228935337216,4.7045228935337216,4.7045228935337216,4.7045228935337216,4.7045228935337216,4.7045228935337216,4.7045228935337216,4.7045228935337216,4.7045228935337216,4.7045228935337216,4.7045228935337216,4.7045228935337216,4.7045228935337216,4.7045228935337216,4.7045228935337216,4.7045228935337216,4.7045228935337216,4.7045228935337216,4.7045228935337216,4.7045228935337216,4.7045228935337216,4.7045228935337216,4.7045228935337216,4.7045228935337216,4.7045228935337216,4.7045228935337216,4.7045228935337216,4.7045228935337216,4.7045228935337216,4.7045228935337216,4.7045228935337216,4.7045228935337216,4.7045228935337216,4.7045228935337216,4.7045228935337216,4.7045228935337216,4.7045228935337216,4.7045228935337216,4.7045228935337216,4.7045228935337216,4.7045228935337216,4.7045228935337216,4.7045228935337216,4.7045228935337216,4.7045228935337216,4.7045228935337216,4.7045228935337216,4.7045228935337216,4.7045228935337216,4.7045228935337216,4.7045228935337216,4.7045228935337216,4.7045228935337216,4.7045228935337216,4.7045228935337216,4.7045228935337216,4.7045228935337216,4.7045228935337216,4.7045228935337216,4.7045228935337216,4.7045228935337216,4.7045228935337216,4.7045228935337216,4.7045228935337216,4.7045228935337216,4.7045228935337216,4.7045228935337216,4.7045228935337216,4.7045228935337216,4.7045228935337216,4.7045228935337216,4.7045228935337216,4.7045228935337216,4.7045228935337216,4.7045228935337216,4.7045228935337216,4.7045228935337216,4.7045228935337216,4.7045228935337216,4.7045228935337216,4.7045228935337216,4.7045228935337216,4.7045228935337216,4.7045228935337216,4.7045228935337216,4.7045228935337216,4.7045228935337216,4.7045228935337216,4.7045228935337216,4.7045228935337216,4.7045228935337216,4.7045228935337216,4.7045228935337216,4.7045228935337216,4.7045228935337216,4.7045228935337216,4.7045228935337216,4.7045228935337216,4.7045228935337216,4.7045228935337216,4.7045228935337216,4.7045228935337216,4.7045228935337216,4.7045228935337216,4.7045228935337216,4.7045228935337216,4.7045228935337216,4.7045228935337216,4.7045228935337216,4.7045228935337216,4.7045228935337216,4.7045228935337216,4.7045228935337216,4.7045228935337216,4.7045228935337216,4.7045228935337216,4.7045228935337216,4.7045228935337216,4.7045228935337216,4.7045228935337216,4.7045228935337216,4.7045228935337216,4.7045228935337216,4.7045228935337216,4.7045228935337216,4.7045228935337216,4.7045228935337216,4.7045228935337216,4.7045228935337216,4.7045228935337216,4.7045228935337216,4.7045228935337216,4.7045228935337216,4.7045228935337216,4.7045228935337216,4.7045228935337216,4.7045228935337216,4.7045228935337216,4.7045228935337216,4.7045228935337216,4.7045228935337216,4.7045228935337216,4.7045228935337216,4.7045228935337216,4.7045228935337216,4.7045228935337216,4.7045228935337216,4.7045228935337216,4.7045228935337216,4.7045228935337216,4.7045228935337216,4.7045228935337216,4.7045228935337216,4.7045228935337216,4.7045228935337216,4.7045228935337216,4.7045228935337216,4.7045228935337216,4.7045228935337216,4.7045228935337216,4.7045228935337216,4.7045228935337216,4.7045228935337216,4.7045228935337216,4.7045228935337216,4.7045228935337216,4.7045228935337216,4.7045228935337216,4.7045228935337216,4.7045228935337216,4.7045228935337216,4.7045228935337216,4.7045228935337216,4.7045228935337216,4.7045228935337216,4.7045228935337216,4.7045228935337216,4.7045228935337216,4.7045228935337216,4.7045228935337216,4.7045228935337216,4.7045228935337216,4.7045228935337216,4.7045228935337216,4.7045228935337216,4.7045228935337216,4.7045228935337216,4.7045228935337216,4.7045228935337216,4.7045228935337216,4.7045228935337216,4.7045228935337216,4.7045228935337216,4.7045228935337216,4.7045228935337216,4.7045228935337216,4.7045228935337216,4.7045228935337216,4.7045228935337216,4.7045228935337216,4.7045228935337216,4.7045228935337216,4.7045228935337216,4.7045228935337216,4.7045228935337216,4.7045228935337216,4.7045228935337216,4.7045228935337216,4.7045228935337216,4.7045228935337216,4.7045228935337216,4.7045228935337216,4.7045228935337216,4.7045228935337216,4.7045228935337216,4.7045228935337216,4.7045228935337216,4.7045228935337216,4.7045228935337216,4.7045228935337216,4.7045228935337216,4.7045228935337216,4.7045228935337216,4.7045228935337216,4.7045228935337216,4.7045228935337216,4.7045228935337216,4.7045228935337216,4.7045228935337216,4.7045228935337216,4.7045228935337216,4.7045228935337216,4.7045228935337216,4.7045228935337216,4.7045228935337216,4.7045228935337216,4.7045228935337216,4.7045228935337216,4.7045228935337216,4.7045228935337216,4.7045228935337216,4.7045228935337216,4.7045228935337216,4.7045228935337216,4.7045228935337216,4.7045228935337216,4.7045228935337216,4.7045228935337216,4.7045228935337216,4.7045228935337216,4.7045228935337216,4.7045228935337216,4.7045228935337216,4.7045228935337216,4.7045228935337216,4.7045228935337216,4.7045228935337216,4.7045228935337216,4.7045228935337216,4.7045228935337216,4.7045228935337216,4.7045228935337216,4.7045228935337216,4.7045228935337216,4.7045228935337216,4.7045228935337216,4.7045228935337216,4.7045228935337216,4.7045228935337216,4.7045228935337216,4.7045228935337216,4.7045228935337216,4.7045228935337216,4.7045228935337216,4.7045228935337216,4.7045228935337216,4.7045228935337216,4.7045228935337216,4.7045228935337216,4.7045228935337216,4.7045228935337216,4.7045228935337216,4.7045228935337216,4.7045228935337216,4.7045228935337216,4.7045228935337216,4.7045228935337216,4.7045228935337216,4.7045228935337216,4.7045228935337216,4.7045228935337216,4.7045228935337216,4.7045228935337216,4.7045228935337216,4.7045228935337216,4.7045228935337216,4.7045228935337216,4.7045228935337216,4.7045228935337216,4.7045228935337216,4.7045228935337216,4.7045228935337216,4.4279100243909975,4.4279100243909975,4.4279100243909975,4.4279100243909975,4.4279100243909975,4.310771342859226,4.310771342859226,4.310771342859226,4.310771342859226,4.310771342859226,4.310771342859226,4.310771342859226,4.310771342859226,4.310771342859226,4.310771342859226,4.310771342859226,4.310771342859226,4.310771342859226,4.310771342859226,4.310771342859226,4.310771342859226,4.310771342859226,4.310771342859226,4.310771342859226,4.307055055718994,4.307055055718994,4.307055055718994,4.307055055718994,4.307055055718994,4.307055055718994,4.307055055718994,4.307055055718994,4.307055055718994,4.307055055718994,4.307055055718994,4.307055055718994,4.307055055718994,4.307055055718994,4.307055055718994,4.307055055718994,4.307055055718994,4.307055055718994,4.307055055718994,4.307055055718994,4.307055055718994,4.307055055718994,4.307055055718994,4.307055055718994,4.307055055718994,4.307055055718994,4.307055055718994,4.307055055718994,4.307055055718994,4.307055055718994,4.307055055718994,4.307055055718994,4.307055055718994,4.307055055718994,4.307055055718994,4.307055055718994,4.307055055718994,4.307055055718994,4.307055055718994,4.307055055718994,4.307055055718994,4.307055055718994,4.307055055718994,4.307055055718994,4.307055055718994,4.307055055718994,4.307055055718994,4.307055055718994,4.307055055718994,4.307055055718994,4.307055055718994,4.307055055718994,4.307055055718994,4.307055055718994,4.307055055718994,4.307055055718994,4.307055055718994,4.307055055718994,4.307055055718994,4.307055055718994,4.307055055718994,4.307055055718994,4.307055055718994,4.307055055718994,4.307055055718994,4.307055055718994,4.307055055718994,4.307055055718994,4.307055055718994,4.307055055718994,4.307055055718994,4.307055055718994,4.307055055718994,4.307055055718994,4.307055055718994,4.307055055718994,4.307055055718994,4.307055055718994,4.307055055718994,4.307055055718994,4.307055055718994,4.307055055718994,4.307055055718994,4.307055055718994,4.307055055718994,4.307055055718994,4.307055055718994,4.307055055718994,4.307055055718994,4.307055055718994,4.307055055718994,4.307055055718994,4.307055055718994,4.307055055718994,4.307055055718994,4.307055055718994,4.307055055718994,4.307055055718994,4.307055055718994,4.307055055718994,4.307055055718994,4.307055055718994,4.307055055718994,4.307055055718994,4.307055055718994,4.307055055718994,4.307055055718994,4.307055055718994,4.307055055718994,4.307055055718994,4.307055055718994,4.307055055718994,4.307055055718994,4.307055055718994,4.307055055718994,4.307055055718994,4.307055055718994,4.307055055718994,4.307055055718994,4.307055055718994,4.307055055718994,4.307055055718994,4.307055055718994,4.307055055718994,4.307055055718994,4.307055055718994,4.307055055718994,4.307055055718994,4.307055055718994,4.307055055718994,4.307055055718994,4.307055055718994,4.307055055718994,4.307055055718994,4.307055055718994,4.307055055718994,4.307055055718994,4.307055055718994,4.307055055718994,4.307055055718994,4.307055055718994,4.255548892059938,3.6442424567313725,3.6442424567313725,3.6442424567313725,3.6442424567313725,3.6442424567313725,3.6442424567313725,3.6442424567313725,3.6442424567313725,3.6442424567313725,3.6442424567313725,3.6442424567313725,3.6442424567313725,3.6442424567313725,3.6442424567313725,3.6442424567313725,3.6442424567313725,3.6442424567313725,3.6442424567313725,3.6442424567313725,3.6442424567313725,3.6442424567313725,3.6442424567313725,3.6442424567313725,3.6442424567313725,3.6442424567313725,3.6442424567313725,3.6442424567313725,3.6442424567313725,3.6442424567313725,3.6442424567313725,3.6442424567313725,3.6442424567313725,3.6442424567313725,3.6442424567313725,3.6442424567313725,3.6442424567313725,3.6442424567313725,3.6442424567313725,3.6442424567313725,3.6442424567313725,8.28075676428289,8.28075676428289,8.28075676428289,8.28075676428289,8.28075676428289,8.28075676428289,8.28075676428289,8.28075676428289,8.28075676428289,8.28075676428289,8.28075676428289,8.28075676428289,8.28075676428289,8.28075676428289,8.28075676428289,8.28075676428289,8.28075676428289,8.28075676428289,8.28075676428289,8.28075676428289,8.28075676428289,8.28075676428289,8.28075676428289,8.28075676428289,8.28075676428289,8.28075676428289,8.28075676428289,8.28075676428289,8.28075676428289,8.28075676428289,8.28075676428289,8.28075676428289,8.28075676428289,8.28075676428289,8.28075676428289,8.28075676428289,8.28075676428289,8.28075676428289,8.28075676428289,7.116557526322543,6.888263214490408,6.218585359280036,6.218585359280036,6.218585359280036,6.218585359280036,6.218585359280036,6.218585359280036,6.218585359280036,6.218585359280036,6.218585359280036,6.218585359280036,6.218585359280036,6.218585359280036,6.218585359280036,6.218585359280036,6.218585359280036,6.218585359280036,6.218585359280036,6.218585359280036,6.218585359280036,6.141455780470789,6.079278371091515,6.079278371091515,6.079278371091515,6.079278371091515,6.079278371091515,6.079278371091515,6.079278371091515,6.079278371091515,6.079278371091515,6.079278371091515,6.079278371091515,5.9809147501303865,5.9809147501303865,5.9809147501303865,5.9809147501303865,5.9809147501303865,5.9809147501303865,5.9809147501303865,5.9809147501303865,5.9809147501303865,5.9809147501303865,5.9809147501303865,5.9809147501303865,5.9809147501303865,5.9809147501303865,5.9809147501303865,5.9809147501303865,5.9809147501303865,5.9809147501303865,5.943584373565076,5.943584373565076,5.943584373565076,5.943584373565076,5.943584373565076,5.943584373565076,5.943584373565076,5.943584373565076,5.943584373565076,5.943584373565076,5.943584373565076,5.943584373565076,5.943584373565076,5.943584373565076,5.943584373565076,5.943584373565076,5.943584373565076,5.943584373565076,5.943584373565076,5.943584373565076,5.943584373565076,5.943584373565076,5.943584373565076,5.943584373565076,5.943584373565076,5.943584373565076,5.943584373565076,5.943584373565076,5.943584373565076,5.943584373565076,5.943584373565076,5.943584373565076,5.943584373565076,5.943584373565076,5.943584373565076,5.943584373565076,5.943584373565076,5.943584373565076,5.943584373565076,5.943584373565076,5.943584373565076,5.943584373565076,5.943584373565076,5.943584373565076,5.943584373565076,5.943584373565076,5.943584373565076,5.943584373565076,5.943584373565076,5.943584373565076,5.943584373565076,5.943584373565076,5.943584373565076,5.943584373565076,5.943584373565076,5.943584373565076,5.943584373565076,5.943584373565076,5.943584373565076,5.943584373565076,5.943584373565076,5.943584373565076,5.943584373565076,5.943584373565076,5.943584373565076,5.943584373565076,5.943584373565076,5.943584373565076,5.943584373565076,5.943584373565076,5.943584373565076,5.943584373565076,5.943584373565076,5.943584373565076,5.943584373565076,5.943584373565076,5.943584373565076,5.943584373565076,5.943584373565076,5.943584373565076,5.943584373565076,5.943584373565076,5.943584373565076,5.943584373565076,5.943584373565076,5.943584373565076,5.943584373565076,5.943584373565076,5.943584373565076,5.943584373565076,5.943584373565076,5.943584373565076,5.943584373565076,5.943584373565076,5.943584373565076,5.943584373565076,5.943584373565076,5.943584373565076,5.943584373565076,5.943584373565076,5.943584373565076,5.943584373565076,5.943584373565076,5.943584373565076,5.943584373565076,5.943584373565076,5.943584373565076,5.943584373565076,5.943584373565076,5.943584373565076,5.943584373565076,5.943584373565076,5.943584373565076,4.288209062025338,4.260315118242685,4.25115174797464,4.2414220257378314,3.944205414617627,3.944205414617627,3.944205414617627,3.944205414617627,3.944205414617627,3.944205414617627,3.944205414617627,3.944205414617627,3.944205414617627,3.944205414617627,3.944205414617627,3.944205414617627,3.944205414617627,3.944205414617627,3.944205414617627,3.944205414617627,3.944205414617627,3.944205414617627,3.944205414617627,3.944205414617627,3.944205414617627,3.944205414617627,3.944205414617627,3.944205414617627,3.944205414617627,3.944205414617627,3.944205414617627,3.944205414617627,3.944205414617627,3.944205414617627,3.944205414617627,3.944205414617627,3.944205414617627,3.944205414617627,3.944205414617627,3.944205414617627,3.944205414617627,3.944205414617627,3.944205414617627,3.944205414617627,3.944205414617627,3.944205414617627,3.944205414617627,3.944205414617627,3.944205414617627,3.944205414617627,3.944205414617627,3.944205414617627,3.944205414617627,3.944205414617627,3.944205414617627,3.944205414617627,3.944205414617627,3.944205414617627,3.944205414617627,3.944205414617627,3.944205414617627,3.944205414617627,3.944205414617627,3.944205414617627,3.944205414617627,3.944205414617627,3.944205414617627,3.944205414617627,3.944205414617627,3.944205414617627,3.944205414617627,3.944205414617627,3.944205414617627,3.944205414617627,3.944205414617627,3.944205414617627,3.944205414617627,3.944205414617627,3.944205414617627,3.944205414617627,3.944205414617627,3.944205414617627,3.944205414617627,3.944205414617627,3.944205414617627,3.944205414617627,3.944205414617627,3.944205414617627,3.944205414617627,3.944205414617627,3.944205414617627,3.944205414617627,3.944205414617627,3.944205414617627,3.944205414617627,3.944205414617627,3.944205414617627,3.944205414617627,3.944205414617627,3.944205414617627,3.944205414617627,3.944205414617627,3.944205414617627,3.944205414617627,3.944205414617627,3.944205414617627,3.944205414617627,3.944205414617627,3.944205414617627,3.944205414617627,3.944205414617627,3.944205414617627,3.944205414617627,3.944205414617627,3.944205414617627,3.944205414617627,3.944205414617627,3.944205414617627,3.944205414617627,3.944205414617627,3.944205414617627,3.944205414617627,3.944205414617627,3.944205414617627,3.944205414617627,3.944205414617627,3.944205414617627,3.944205414617627,3.944205414617627,3.944205414617627,3.944205414617627,3.944205414617627,3.944205414617627,3.944205414617627,3.944205414617627,3.944205414617627,3.944205414617627,3.944205414617627,3.944205414617627,3.944205414617627,3.944205414617627,3.944205414617627,3.944205414617627,3.944205414617627,3.944205414617627,3.944205414617627,3.944205414617627,3.944205414617627,3.944205414617627,3.944205414617627,3.944205414617627,3.944205414617627,3.944205414617627,3.944205414617627,3.944205414617627,3.944205414617627,3.944205414617627,3.944205414617627,3.944205414617627,3.944205414617627,3.944205414617627,3.944205414617627,3.944205414617627,3.944205414617627,3.944205414617627,3.944205414617627,3.944205414617627,3.944205414617627,3.944205414617627,3.944205414617627,3.944205414617627,3.944205414617627,3.944205414617627,3.944205414617627,3.944205414617627,3.944205414617627,3.944205414617627,3.944205414617627,3.944205414617627,3.944205414617627,3.944205414617627,3.944205414617627,3.944205414617627,3.944205414617627,3.944205414617627,3.944205414617627,3.944205414617627,3.944205414617627,3.944205414617627,3.944205414617627,3.944205414617627,3.944205414617627,3.944205414617627,3.944205414617627,3.944205414617627,3.944205414617627,3.944205414617627,3.944205414617627,3.944205414617627,3.944205414617627,3.944205414617627,3.944205414617627,3.944205414617627,3.944205414617627,3.944205414617627,3.944205414617627,3.944205414617627,3.944205414617627,3.944205414617627,3.944205414617627,3.944205414617627,3.944205414617627,3.944205414617627,3.944205414617627,3.944205414617627,3.944205414617627,3.944205414617627,3.944205414617627,3.944205414617627,3.944205414617627,3.944205414617627,3.944205414617627,3.944205414617627,3.944205414617627,3.944205414617627,3.944205414617627,3.944205414617627,3.944205414617627,3.944205414617627,3.944205414617627,3.944205414617627,3.944205414617627,3.944205414617627,3.944205414617627,3.944205414617627,3.944205414617627,3.944205414617627,3.944205414617627,3.944205414617627,3.944205414617627,3.944205414617627,3.944205414617627,3.944205414617627,3.944205414617627,3.944205414617627,3.944205414617627,3.944205414617627,3.944205414617627,3.944205414617627,3.944205414617627,3.944205414617627,3.944205414617627,3.944205414617627,3.944205414617627,3.944205414617627,3.944205414617627,3.944205414617627,3.944205414617627,3.944205414617627,3.944205414617627,3.944205414617627,3.944205414617627,3.944205414617627,3.944205414617627,3.944205414617627,3.944205414617627,3.944205414617627,3.944205414617627,3.944205414617627,3.944205414617627,3.944205414617627,3.944205414617627,3.944205414617627,3.944205414617627,3.944205414617627,3.944205414617627,3.944205414617627,3.944205414617627,3.944205414617627,3.944205414617627,3.944205414617627,3.944205414617627,3.944205414617627,3.944205414617627,3.944205414617627,3.944205414617627,3.944205414617627,3.944205414617627,3.944205414617627,3.944205414617627,3.944205414617627,3.944205414617627,3.944205414617627,3.944205414617627,3.944205414617627,3.944205414617627,3.944205414617627,3.944205414617627,3.944205414617627,3.944205414617627,3.944205414617627,3.944205414617627,3.944205414617627,3.944205414617627,3.944205414617627,3.944205414617627,3.944205414617627,3.944205414617627,3.944205414617627,3.944205414617627,3.944205414617627,3.944205414617627,3.944205414617627,3.944205414617627,3.944205414617627,3.944205414617627,3.944205414617627,3.944205414617627,3.944205414617627,3.944205414617627,3.944205414617627,3.944205414617627,3.944205414617627,3.944205414617627,3.944205414617627,3.944205414617627,3.944205414617627,3.944205414617627,3.944205414617627,3.944205414617627,3.944205414617627,3.944205414617627,3.944205414617627,3.944205414617627,3.944205414617627,3.944205414617627,3.944205414617627,3.944205414617627,3.944205414617627,3.944205414617627,3.944205414617627,3.944205414617627,3.944205414617627,3.944205414617627,3.944205414617627,3.944205414617627,3.944205414617627,3.944205414617627,3.944205414617627,3.944205414617627,3.944205414617627,3.944205414617627,3.944205414617627,3.944205414617627,3.944205414617627,3.944205414617627,3.944205414617627,3.944205414617627,3.944205414617627,3.944205414617627,3.944205414617627,3.944205414617627,3.944205414617627,3.944205414617627,3.944205414617627,3.944205414617627,3.944205414617627,3.944205414617627,3.944205414617627,3.944205414617627,3.944205414617627,3.944205414617627,3.944205414617627,3.944205414617627,3.944205414617627,3.944205414617627,3.944205414617627,3.944205414617627,3.944205414617627,3.944205414617627,3.944205414617627,3.944205414617627,3.944205414617627,3.944205414617627,3.944205414617627,3.944205414617627,3.944205414617627,3.944205414617627,3.944205414617627,3.944205414617627,3.944205414617627,3.944205414617627,3.944205414617627,3.944205414617627,3.944205414617627,3.944205414617627,3.944205414617627,3.944205414617627,3.944205414617627,3.944205414617627,3.944205414617627,3.944205414617627,3.944205414617627,3.944205414617627,3.944205414617627,3.944205414617627,3.944205414617627,3.944205414617627,3.944205414617627,3.944205414617627,3.944205414617627,3.944205414617627,3.944205414617627,3.944205414617627,3.944205414617627,3.944205414617627,3.944205414617627,3.944205414617627,3.771453331277018,3.771453331277018,3.771453331277018,3.771453331277018,3.6296465927545176,3.6296465927545176,3.6296465927545176,3.6296465927545176,3.6296465927545176,3.6296465927545176,3.6296465927545176,3.6296465927545176,3.6296465927545176,3.6296465927545176,3.6296465927545176,3.6296465927545176,3.6296465927545176,3.6296465927545176,3.6296465927545176,3.6296465927545176,3.6296465927545176,3.5702314687638057,3.5702314687638057,3.549018286117796,3.4735065244520045,3.4735065244520045,3.4735065244520045,3.4735065244520045,3.4735065244520045,3.4735065244520045,3.4735065244520045,3.4735065244520045,3.4735065244520045,3.4735065244520045,3.4735065244520045,3.4735065244520045,3.4735065244520045,3.4735065244520045,3.4735065244520045,3.4735065244520045,3.4735065244520045,3.4183752145052155,3.4183752145052155,3.4183752145052155,3.4183752145052155,3.4183752145052155,3.4183752145052155,3.4183752145052155,3.4183752145052155,3.4183752145052155,3.4183752145052155,3.4183752145052155,3.4183752145052155,3.4183752145052155,3.4183752145052155,3.4183752145052155,3.4183752145052155,3.4183752145052155,3.4183752145052155,3.4183752145052155,3.4183752145052155,3.4183752145052155,3.4183752145052155,3.4183752145052155,3.4183752145052155,3.4183752145052155,3.4183752145052155,3.4183752145052155,3.4183752145052155,3.4183752145052155,3.4183752145052155,3.4183752145052155,3.4183752145052155,3.4183752145052155,3.4183752145052155,3.4183752145052155,3.4183752145052155,3.4183752145052155,3.4183752145052155,3.4183752145052155,3.4183752145052155,3.4183752145052155,3.4183752145052155,3.4183752145052155,3.4183752145052155,3.4183752145052155,3.4183752145052155,3.4183752145052155,3.4183752145052155,3.4183752145052155,3.4183752145052155,3.4183752145052155,3.4183752145052155,3.4183752145052155,3.4183752145052155,3.4183752145052155,3.4183752145052155,3.4183752145052155,3.4183752145052155,3.4183752145052155,3.4183752145052155,3.4183752145052155,3.4183752145052155,3.4183752145052155,3.4183752145052155,3.4183752145052155,3.4183752145052155,3.4183752145052155,3.4183752145052155,3.4183752145052155,3.4183752145052155,3.4183752145052155,3.4183752145052155,3.4183752145052155,3.4183752145052155,3.4183752145052155,3.4183752145052155,3.4183752145052155,3.4183752145052155,3.4183752145052155,3.4183752145052155,3.4183752145052155,3.4183752145052155,3.4183752145052155,3.4183752145052155,3.4183752145052155,3.4183752145052155,3.4183752145052155,3.4183752145052155,3.4183752145052155,3.4183752145052155,3.4183752145052155,3.4183752145052155,3.4183752145052155,3.4183752145052155,3.4183752145052155,3.4183752145052155,3.4183752145052155,3.4183752145052155,3.4183752145052155,3.4183752145052155,3.4183752145052155,3.4183752145052155,3.4183752145052155,3.4183752145052155,3.4183752145052155,3.4183752145052155,3.4183752145052155,3.4183752145052155,3.4183752145052155,3.4183752145052155,3.4183752145052155,3.4183752145052155,3.4183752145052155,3.4183752145052155,3.4183752145052155,3.4183752145052155,3.4183752145052155,3.4183752145052155,3.4183752145052155,3.4183752145052155,3.4183752145052155,3.4183752145052155,3.4183752145052155,3.4183752145052155,3.4183752145052155,3.4183752145052155,3.4183752145052155,3.4183752145052155,3.4183752145052155,3.4183752145052155,3.4183752145052155,3.4183752145052155,3.4183752145052155,3.4183752145052155,3.4183752145052155,3.4183752145052155,3.4183752145052155,3.4183752145052155,3.4183752145052155,3.4183752145052155,3.4183752145052155,3.4183752145052155,3.4183752145052155,3.4183752145052155,3.4183752145052155,3.4183752145052155,3.4183752145052155,3.4183752145052155,3.4183752145052155,3.4183752145052155,3.4183752145052155,3.4183752145052155,3.4183752145052155,3.4183752145052155,3.4183752145052155,3.4183752145052155,3.4183752145052155,3.4183752145052155,3.4183752145052155,3.4183752145052155,3.4183752145052155,3.4183752145052155,3.4183752145052155,3.4183752145052155,3.4183752145052155,3.4183752145052155,3.4183752145052155,3.4183752145052155,3.4183752145052155,3.4183752145052155,3.4183752145052155,3.4183752145052155,3.4183752145052155,3.4183752145052155,3.4183752145052155,3.4183752145052155,3.4183752145052155,3.4183752145052155,3.4183752145052155,3.4183752145052155,3.4183752145052155,3.4183752145052155,3.4183752145052155,3.4183752145052155,3.4183752145052155,3.4183752145052155,3.4183752145052155,3.4183752145052155,3.4183752145052155,3.4183752145052155,3.4183752145052155,3.4183752145052155,3.4183752145052155,3.4183752145052155,3.4183752145052155,3.4183752145052155,3.4183752145052155,3.4183752145052155,3.4183752145052155,3.4183752145052155,3.4183752145052155,3.4183752145052155,3.159919300181165,3.159919300181165,3.1431807102826825,3.1431807102826825,3.1431807102826825,3.1431807102826825,3.1431807102826825,3.1431807102826825,3.1431807102826825,3.1431807102826825,3.1431807102826825,3.1431807102826825,3.1431807102826825,3.1431807102826825,3.1431807102826825,3.1431807102826825,3.1431807102826825,3.1431807102826825,3.1431807102826825,3.1431807102826825,3.1431807102826825,3.1431807102826825,3.1431807102826825,3.1431807102826825,3.1431807102826825,3.1431807102826825,3.1431807102826825,3.1431807102826825,3.1431807102826825,3.1431807102826825,3.1431807102826825,3.1381826633253067,3.1381826633253067,3.1381826633253067,3.1381826633253067,3.1381826633253067,3.1381826633253067,3.1381826633253067,3.1381826633253067,3.1381826633253067,3.1381826633253067,3.1381826633253067,3.1381826633253067,3.1381826633253067,3.1381826633253067,3.1381826633253067,3.1381826633253067,3.1381826633253067,3.1381826633253067,3.1381826633253067,3.1381826633253067,3.1381826633253067,3.1381826633253067,3.1381826633253067,3.1381826633253067,3.1381826633253067,3.1381826633253067,3.1381826633253067,3.1381826633253067,3.1381826633253067,3.1381826633253067,3.1381826633253067,3.1381826633253067,3.1381826633253067,3.1381826633253067,3.1381826633253067,3.1381826633253067,3.1381826633253067,3.1381826633253067,3.1381826633253067,3.1381826633253067,3.1381826633253067,3.1381826633253067,3.1381826633253067,3.1381826633253067,3.1381826633253067,3.1381826633253067,3.1381826633253067,3.1381826633253067,3.1381826633253067,3.1381826633253067,3.1381826633253067,3.1381826633253067,3.1381826633253067,3.1381826633253067,3.1381826633253067,3.1381826633253067,3.1381826633253067,3.1381826633253067,3.1381826633253067,3.1381826633253067,3.1381826633253067,3.1381826633253067,3.1381826633253067,3.1381826633253067,3.1381826633253067,3.1381826633253067,3.1381826633253067,3.1381826633253067,3.1381826633253067,3.1381826633253067,3.1381826633253067,3.1381826633253067,3.1381826633253067,3.1381826633253067,3.1381826633253067,3.1381826633253067,3.1381826633253067,3.1381826633253067,3.1381826633253067,3.1381826633253067,3.1381826633253067,3.1381826633253067,3.1381826633253067,3.1381826633253067,3.1381826633253067,3.1381826633253067,3.1381826633253067,3.1381826633253067,3.1381826633253067,3.1381826633253067,3.1381826633253067,3.1381826633253067,3.1381826633253067,3.1381826633253067,3.1381826633253067,3.1381826633253067,3.1381826633253067,3.1381826633253067,3.1381826633253067,3.1381826633253067,3.1381826633253067,3.1381826633253067,3.1381826633253067,3.1381826633253067,3.1381826633253067,7.489419136563468,7.489419136563468,7.489419136563468,7.489419136563468,7.489419136563468,7.489419136563468,7.489419136563468,7.489419136563468,7.489419136563468,7.489419136563468,7.489419136563468,7.489419136563468,7.489419136563468,7.489419136563468,7.489419136563468,7.489419136563468,7.489419136563468,7.489419136563468,7.489419136563468,7.489419136563468,7.489419136563468,7.489419136563468,7.489419136563468,7.489419136563468,7.489419136563468,7.489419136563468,7.489419136563468,7.489419136563468,7.489419136563468,7.489419136563468,7.489419136563468,7.489419136563468,7.489419136563468,7.489419136563468,7.489419136563468,7.4616347685403115,7.4616347685403115,7.4616347685403115,7.4616347685403115,7.4616347685403115,7.4616347685403115,7.4616347685403115,7.4616347685403115,7.4616347685403115,7.4616347685403115,7.4616347685403115,7.4616347685403115,7.4616347685403115,7.4616347685403115,7.4616347685403115,7.4616347685403115,7.4616347685403115,7.4616347685403115,7.4616347685403115,7.4616347685403115,7.4616347685403115,7.4616347685403115,7.4616347685403115,7.4616347685403115,7.4616347685403115,7.4616347685403115,7.4616347685403115,7.4616347685403115,7.302014518461431,7.302014518461431,7.302014518461431,7.302014518461431,7.302014518461431,7.302014518461431,7.302014518461431,7.302014518461431,7.302014518461431,7.302014518461431,7.302014518461431,7.302014518461431,7.302014518461431,7.302014518461431,7.302014518461431,7.302014518461431,7.302014518461431,7.302014518461431,7.302014518461431,7.302014518461431,7.302014518461431,7.302014518461431,7.302014518461431,7.302014518461431,7.302014518461431,7.302014518461431,7.302014518461431,7.302014518461431,7.302014518461431,7.302014518461431,7.302014518461431,7.302014518461431,7.302014518461431,7.302014518461431,7.302014518461431,7.302014518461431,7.302014518461431,7.302014518461431,7.302014518461431,7.302014518461431,7.302014518461431,7.302014518461431,7.302014518461431,7.302014518461431,7.302014518461431,7.302014518461431,7.302014518461431,7.302014518461431,7.089161327377441,6.660408327188136,6.021032071619391,6.021032071619391,6.021032071619391,5.787159795729452,5.787159795729452,5.571601630354785,5.571601630354785,5.571601630354785,5.571601630354785,5.571601630354785,5.571601630354785,5.571601630354785,5.571601630354785,5.571601630354785,5.571601630354785,5.571601630354785,5.571601630354785,5.571601630354785,5.571601630354785,4.95575788762483,4.95575788762483,4.95575788762483,4.95575788762483,4.95575788762483,4.95575788762483,4.95575788762483,4.95575788762483,4.95575788762483,4.95575788762483,4.95575788762483,4.95575788762483,4.95575788762483,4.95575788762483,4.95575788762483,4.95575788762483,4.95575788762483,4.95575788762483,4.95575788762483,4.95575788762483,4.95575788762483,4.95575788762483,4.95575788762483,4.95575788762483,4.95575788762483,4.95575788762483,4.95575788762483,4.95575788762483,4.95575788762483,4.95575788762483,4.95575788762483,4.95575788762483,4.95575788762483,4.95575788762483,4.95575788762483,4.95575788762483,4.95575788762483,4.95575788762483,4.95575788762483,4.95575788762483,4.95575788762483,4.95575788762483,4.95575788762483,4.95575788762483,4.95575788762483,4.95575788762483,4.95575788762483,4.95575788762483,4.95575788762483,4.95575788762483,4.95575788762483,4.95575788762483,4.95575788762483,4.95575788762483,4.95575788762483,4.95575788762483,4.95575788762483,4.95575788762483,4.95575788762483,4.95575788762483,4.95575788762483,4.95575788762483,4.95575788762483,4.95575788762483,4.95575788762483,4.95575788762483,4.95575788762483,4.95575788762483,4.95575788762483,4.95575788762483,4.95575788762483,4.95575788762483,4.95575788762483,4.95575788762483,4.95575788762483,4.95575788762483,4.95575788762483,4.95575788762483,4.95575788762483,4.95575788762483,4.95575788762483,4.95575788762483,4.95575788762483,4.95575788762483,4.95575788762483,4.95575788762483,4.95575788762483,4.95575788762483,4.95575788762483,4.95575788762483,4.95575788762483,4.95575788762483,4.95575788762483,4.95575788762483,4.95575788762483,4.95575788762483,4.95575788762483,4.95575788762483,4.95575788762483,4.95575788762483,4.95575788762483,4.95575788762483,4.95575788762483,4.95575788762483,4.95575788762483,4.95575788762483,4.95575788762483,4.95575788762483,4.95575788762483,4.955757887624829,4.955757887624829,4.955757887624829,4.955757887624829,4.955757887624829,4.955757887624829,4.955757887624829,4.955757887624829,4.955757887624829,4.955757887624829,4.955757887624829,4.955757887624829,4.955757887624829,4.955757887624829,4.955757887624829,4.955757887624829,4.955757887624829,4.955757887624829,4.955757887624829,4.955757887624829,4.955757887624829,4.955757887624829,4.955757887624829,4.955757887624829,4.955757887624829,4.955757887624829,4.955757887624829,4.955757887624829,4.955757887624829,4.955757887624829,4.955757887624829,4.955757887624829,4.955757887624829,4.955757887624829,4.955757887624829,4.955757887624829,4.955757887624829,4.955757887624829,4.955757887624829,4.955757887624829,4.955757887624829,4.955757887624829,4.955757887624829,4.955757887624829,4.955757887624829,4.955757887624829,4.955757887624829,4.955757887624829,4.955757887624829,4.955757887624829,4.955757887624829,4.955757887624829,4.955757887624829,4.955757887624829,4.955757887624829,4.955757887624829,4.955757887624829,4.955757887624829,4.955757887624829,4.955757887624829,4.955757887624829,4.955757887624829,4.955757887624829,4.955757887624829,4.955757887624829,4.955757887624829,4.955757887624829,4.955757887624829,4.955757887624829,4.955757887624829,4.955757887624829,4.955757887624829,4.955757887624829,4.955757887624829,4.955757887624829,4.955757887624829,4.955757887624829,4.955757887624829,4.955757887624829,4.955757887624829,4.955757887624829,4.955757887624829,4.955757887624829,4.955757887624829,4.955757887624829,4.955757887624829,4.955757887624829,4.955757887624829,4.955757887624829,4.955757887624829,4.955757887624829,4.955757887624829,4.955757887624829,4.955757887624829,4.955757887624829,4.955757887624829,4.955757887624829,4.955757887624829,4.955757887624829,4.955757887624829,4.955757887624829,4.955757887624829,4.955757887624829,4.955757887624829,4.955757887624829,4.955757887624829,4.955757887624829,4.955757887624829,4.955757887624829,4.955757887624829,4.955757887624829,4.955757887624829,4.955757887624829,4.955757887624829,4.955757887624829,4.955757887624829,4.955757887624829,4.955757887624829,4.955757887624829,4.955757887624829,4.955757887624829,4.955757887624829,4.955757887624829,4.955757887624829,4.955757887624829,4.955757887624829,4.955757887624829,4.955757887624829,4.955757887624829,4.955757887624829,4.955757887624829,4.955757887624829,4.955757887624829,4.955757887624829,4.955757887624829,4.955757887624829,4.955757887624829,4.955757887624829,4.955757887624829,4.955757887624829,4.955757887624829,4.955757887624829,4.955757887624829,4.955757887624829,4.955757887624829,4.955757887624829,4.955757887624829,4.955757887624829,4.955757887624829,4.955757887624829,4.955757887624829,4.955757887624829,4.955757887624829,4.955757887624829,4.955757887624829,4.955757887624829,4.955757887624829,4.955757887624829,4.955757887624829,4.955757887624829,4.955757887624829,4.955757887624829,4.955757887624829,4.955757887624829,4.955757887624829,4.955757887624829,4.955757887624829,4.955757887624829,4.955757887624829,4.955757887624829,4.955757887624829,4.955757887624829,4.955757887624829,4.955757887624829,4.955757887624829,4.955757887624829,4.955757887624829,4.955757887624829,4.955757887624829,4.955757887624829,4.955757887624829,4.955757887624829,4.955757887624829,4.955757887624829,4.955757887624829,4.955757887624829,4.955757887624829,4.955757887624829,4.955757887624829,4.955757887624829,4.955757887624829,4.955757887624829,4.955757887624829,4.955757887624829,4.955757887624829,4.955757887624829,4.955757887624829,4.955757887624829,4.955757887624829,4.955757887624829,4.955757887624829,4.955757887624829,4.955757887624829,4.955757887624829,4.955757887624829,4.955757887624829,4.955757887624829,4.955757887624829,4.955757887624829,4.955757887624829,4.955757887624829,4.955757887624829,4.955757887624829,4.955757887624829,4.955757887624829,4.955757887624829,4.955757887624829,4.955757887624829,4.955757887624829,4.955757887624829,4.955757887624829,4.955757887624829,4.955757887624829,4.955757887624829,4.955757887624829,4.955757887624829,4.955757887624829,4.955757887624829,4.955757887624829,4.955757887624829,4.955757887624829,4.955757887624829,4.955757887624829,4.955757887624829,4.955757887624829,4.955757887624829,4.955757887624829,4.955757887624829,4.955757887624829,4.955757887624829,4.955757887624829,4.955757887624829,4.955757887624829,4.955757887624829,4.955757887624829,4.955757887624829,4.955757887624829,4.955757887624829,4.955757887624829,4.955757887624829,4.955757887624829,4.955757887624829,4.955757887624829,4.955757887624829,4.955757887624829,4.955757887624829,4.955757887624829,4.955757887624829,4.955757887624829,4.955757887624829,4.955757887624829,4.955757887624829,4.955757887624829,4.955757887624829,4.955757887624829,4.955757887624829,4.955757887624829,4.955757887624829,4.955757887624829,4.955757887624829,4.955757887624829,4.955757887624829,4.955757887624829,4.955757887624829,4.955757887624829,4.955757887624829,4.955757887624829,4.955757887624829,4.955757887624829,4.955757887624829,4.955757887624829,4.955757887624829,4.955757887624829,4.955757887624829,4.955757887624829,4.955757887624829,4.955757887624829,4.955757887624829,4.955757887624829,4.955757887624829,4.955757887624829,4.955757887624829,4.955757887624829,4.955757887624829,4.955757887624829,4.955757887624829,4.955757887624829,4.955757887624829,4.955757887624829,4.955757887624829,4.955757887624829,4.955757887624829,4.955757887624829,4.955757887624829,4.955757887624829,4.955757887624829,4.955757887624829,4.955757887624829,4.955757887624829,4.955757887624829,4.955757887624829,4.955757887624829,4.955757887624829,4.955757887624829,4.955757887624829,4.955757887624829,4.955757887624829,4.955757887624829,4.955757887624829,4.955757887624829,4.955757887624829,4.955757887624829,4.955757887624829,4.955757887624829,4.955757887624829,4.955757887624829,4.955757887624829,4.955757887624829,4.955757887624829,4.955757887624829,4.955757887624829,4.955757887624829,4.955757887624829,4.955757887624829,4.955757887624829,4.955757887624829,4.955757887624829,4.955757887624829,4.955757887624829,4.955757887624829,4.955757887624829,4.955757887624829,4.955757887624829,4.955757887624829,4.955757887624829,4.955757887624829,4.955757887624829,4.955757887624829,4.955757887624829,4.955757887624829,4.955757887624829,4.955757887624829,4.955757887624829,4.955757887624829,4.955757887624829,4.955757887624829,4.955757887624829,4.955757887624829,4.955757887624829,4.955757887624829,4.955757887624829,4.955757887624829,4.955757887624829,4.955757887624829,4.955757887624829,4.955757887624829,4.955757887624829,4.955757887624829,4.955757887624829,4.955757887624829,4.955757887624829,4.955757887624829,4.955757887624829,4.955757887624829,4.955757887624829,4.955757887624829,4.955757887624829,4.955757887624829,4.955757887624829,4.955757887624829,4.955757887624829,4.955757887624829,4.955757887624829,4.955757887624829,4.955757887624829,4.955757887624829,4.955757887624829,4.955757887624829,4.955757887624829,4.955757887624829,4.955757887624829,4.955757887624829,4.955757887624829,4.955757887624829,4.955757887624829,4.955757887624829,4.955757887624829,4.955757887624829,4.955757887624829,4.955757887624829,4.955757887624829,4.955757887624829,4.955757887624829,4.955757887624829,4.955757887624829,4.955757887624829,4.955757887624829,4.955757887624829,4.955757887624829,4.955757887624829,4.955757887624829,4.955757887624829,4.955757887624829,4.955757887624829,4.955757887624829,4.955757887624829,4.955757887624829,4.955757887624829,4.955757887624829,4.955757887624829,4.955757887624829,4.955757887624829,4.955757887624829,4.955757887624829,4.955757887624829,4.955757887624829,4.955757887624829,4.955757887624829,4.955757887624829,4.955757887624829,4.955757887624829,4.955757887624829,4.955757887624829,4.955757887624829,4.955757887624829,4.955757887624829,4.955757887624829,4.955757887624829,4.955757887624829,4.955757887624829,4.955757887624829,4.955757887624829,4.955757887624829,4.955757887624829,4.955757887624829,4.955757887624829,4.955757887624829,4.955757887624829,4.955757887624829,4.955757887624829,4.955757887624829,4.955757887624829,4.955757887624829,4.955757887624829,4.955757887624829,4.955757887624829,4.955757887624829,4.955757887624829,4.955757887624829,4.955757887624829,4.955757887624829,4.955757887624829,4.955757887624829,4.955757887624829,4.955757887624829,4.955757887624829,4.955757887624829,4.955757887624829,4.955757887624829,4.955757887624829,4.955757887624829,4.955757887624829,4.955757887624829,4.955757887624829,4.955757887624829,4.955757887624829,4.955757887624829,4.955757887624829,4.955757887624829,4.955757887624829,4.955757887624829,4.955757887624829,4.955757887624829,4.955757887624829,4.955757887624829,4.955757887624829,4.955757887624829,4.955757887624829,4.955757887624829,4.955757887624829,4.955757887624829,4.955757887624829,4.955757887624829,4.955757887624829,4.955757887624829,4.955757887624829,4.955757887624829,4.955757887624829,4.955757887624829,4.955757887624829,4.955757887624829,4.955757887624829,4.955757887624829,4.955757887624829,4.955757887624829,4.955757887624829,4.955757887624829,4.955757887624829,4.955757887624829,4.955757887624829,4.955757887624829,4.955757887624829,4.955757887624829,4.955757887624829,4.955757887624829,4.955757887624829,4.955757887624829,4.955757887624829,4.955757887624829,4.955757887624829,4.955757887624829,4.955757887624829,4.955757887624829,4.955757887624829,4.955757887624829,4.955757887624829,4.955757887624829,4.955757887624829,4.955757887624829,4.955757887624829,4.955757887624829,4.955757887624829,4.955757887624829,4.955757887624829,4.955757887624829,4.955757887624829,4.955757887624829,4.955757887624829,4.955757887624829,4.955757887624829,4.955757887624829,4.955757887624829,4.955757887624829,4.955757887624829,4.955757887624829,4.955757887624829,4.955757887624829,4.955757887624829,4.955757887624829,4.955757887624829,4.955757887624829,4.955757887624829,4.955757887624829,4.955757887624829,4.955757887624829,4.955757887624829,4.955757887624829,4.955757887624829,4.955757887624829,4.955757887624829,4.955757887624829,4.955757887624829,4.955757887624829,4.955757887624829,4.955757887624829,4.955757887624829,4.955757887624829,4.955757887624829,4.955757887624829,4.955757887624829,4.955757887624829,4.955757887624829,4.955757887624829,4.955757887624829,4.955757887624829,4.955757887624829,4.955757887624829,4.955757887624829,4.955757887624829,4.955757887624829,4.955757887624829,4.955757887624829,4.955757887624829,4.955757887624829,4.955757887624829,4.955757887624829,4.955757887624829,4.955757887624829,4.955757887624829,4.955757887624829,4.955757887624829,4.955757887624829,4.955757887624829,4.955757887624829,4.955757887624829,4.955757887624829,4.955757887624829,4.955757887624829,4.955757887624829,4.955757887624829,4.955757887624829,4.955757887624829,4.955757887624829,4.955757887624829,4.955757887624829,4.955757887624829,4.955757887624829,4.955757887624829,4.955757887624829,4.955757887624829,4.955757887624829,4.955757887624829,4.955757887624829,4.955757887624829,4.955757887624829,4.955757887624829,4.955757887624829,4.955757887624829,4.955757887624829,4.955757887624829,4.955757887624829,4.955757887624829,4.955757887624829,4.955757887624829,4.955757887624829,4.955757887624829,4.955757887624829,4.955757887624829,4.955757887624829,4.955757887624829,4.955757887624829,4.955757887624829,4.955757887624829,4.955757887624829,4.955757887624829,4.955757887624829,4.955757887624829,4.955757887624829,4.955757887624829,4.955757887624829,4.955757887624829,4.955757887624829,4.955757887624829,4.955757887624829,4.955757887624829,4.955757887624829,4.955757887624829,4.955757887624829,4.955757887624829,4.955757887624829,4.955757887624829,4.955757887624829,4.955757887624829,4.955757887624829,4.955757887624829,4.955757887624829,4.955757887624829,4.955757887624829,4.955757887624829,4.955757887624829,4.955757887624829,4.955757887624829,4.955757887624829,4.955757887624829,4.955757887624829,4.955757887624829,4.955757887624829,4.955757887624829,4.955757887624829,4.955757887624829,4.955757887624829,4.955757887624829,4.955757887624829,4.955757887624829,4.955757887624829,4.955757887624829,4.955757887624829,4.955757887624829,4.955757887624829,4.955757887624829,4.955757887624829,4.955757887624829,4.955757887624829,4.955757887624829,4.955757887624829,4.955757887624829,4.955757887624829,4.955757887624829,4.955757887624829,4.955757887624829,4.955757887624829,4.955757887624829,4.955757887624829,4.955757887624829,4.955757887624829,4.955757887624829,4.955757887624829,4.955757887624829,4.955757887624829,4.955757887624829,4.955757887624829,4.955757887624829,4.955757887624829,4.955757887624829,4.955757887624829,4.955757887624829,4.955757887624829,4.955757887624829,4.955757887624829,4.955757887624829,4.955757887624829,4.955757887624829,4.955757887624829,4.955757887624829,4.955757887624829,4.955757887624829,4.955757887624829,4.955757887624829,4.955757887624829,4.955757887624829,4.955757887624829,4.955757887624829,4.955757887624829,4.955757887624829,4.955757887624829,4.955757887624829,4.955757887624829,4.955757887624829,4.955757887624829,4.955757887624829,4.955757887624829,4.955757887624829,4.955757887624829,4.955757887624829,4.955757887624829,4.955757887624829,4.955757887624829,4.955757887624829,4.955757887624829,4.955757887624829,4.955757887624829,4.955757887624829,4.955757887624829,4.955757887624829,4.955757887624829,4.955757887624829,4.955757887624829,4.955757887624829,4.955757887624829,4.955757887624829,4.955757887624829,4.955757887624829,4.955757887624829,4.955757887624829,4.955757887624829,4.955757887624829,4.955757887624829,4.955757887624829,4.955757887624829,8.867231003877174,7.4304441258869485,6.87248447949568,6.87248447949568,6.87248447949568,6.87248447949568,6.87248447949568,6.87248447949568,6.87248447949568,6.87248447949568,6.87248447949568,6.87248447949568,6.87248447949568,6.87248447949568,6.87248447949568,6.87248447949568,6.87248447949568,6.87248447949568,6.87248447949568,6.87248447949568,6.87248447949568,6.87248447949568,6.87248447949568,6.87248447949568,6.87248447949568,6.87248447949568,6.87248447949568,6.87248447949568,6.87248447949568,6.87248447949568,6.87248447949568,6.87248447949568,6.87248447949568,6.87248447949568,6.87248447949568,6.87248447949568,6.87248447949568,6.87248447949568,6.87248447949568,6.87248447949568,6.87248447949568,6.87248447949568,6.87248447949568,6.87248447949568,6.74318269214878,6.74318269214878,6.74318269214878,6.74318269214878,6.05387469326233,5.933582530712136,5.933582530712136,5.933582530712136,5.832750368693616,5.39744186073525,5.39744186073525,5.39744186073525,5.39744186073525,5.39744186073525,5.39744186073525,5.282318043277326,4.827384896345133,4.827384896345133,4.827384896345133,4.827384896345133,4.827384896345133,4.827384896345133,4.827384896345133,4.827384896345133,4.827384896345133,4.827384896345133,4.827384896345133,4.827384896345133,4.827384896345133,4.827384896345133,4.827384896345133,4.827384896345133,4.827384896345133,4.827384896345133,4.827384896345133,4.827384896345133,4.827384896345133,4.827384896345133,4.827384896345133,4.827384896345133,4.827384896345133,4.827384896345133,4.827384896345133,4.827384896345133,4.827384896345133,4.827384896345133,4.827384896345133,4.827384896345133,4.827384896345133,4.827384896345133,4.827384896345133,4.827384896345133,4.827384896345133,4.827384896345133,4.827384896345133,4.827384896345133,4.827384896345133,4.827384896345133,4.827384896345133,4.827384896345133,4.827384896345133,4.827384896345133,4.827384896345133,4.827384896345133,4.827384896345133,4.827384896345133,4.827384896345133,4.827384896345133,4.827384896345133,4.827384896345133,4.827384896345133,4.827384896345133,4.827384896345133,4.827384896345133,4.827384896345133,4.827384896345133,4.827384896345133,4.827384896345133,4.827384896345133,4.827384896345133,4.827384896345133,4.827384896345133,4.827384896345133,4.827384896345133,4.827384896345133,4.827384896345133,4.827384896345133,4.827384896345133,4.827384896345133,4.827384896345133,4.827384896345133,4.827384896345133,4.827384896345133,4.827384896345133,4.827384896345133,4.827384896345133,4.827384896345133,4.827384896345133,4.827384896345133,4.827384896345133,4.827384896345133,4.827384896345133,4.827384896345133,4.827384896345133,4.827384896345133,4.827384896345133,4.827384896345133,4.827384896345133,4.827384896345133,4.827384896345133,4.827384896345133,4.827384896345133,4.827384896345133,4.827384896345133,4.827384896345133,4.827384896345133,4.827384896345133,4.827384896345133,4.827384896345133,4.827384896345133,4.827384896345133,4.827384896345133,4.827384896345133,4.827384896345133,4.827384896345133,4.827384896345133,4.827384896345133,4.827384896345133,4.827384896345133,4.827384896345133,4.827384896345133,4.827384896345133,4.827384896345133,4.827384896345133,4.827384896345133,4.827384896345133,4.827384896345133,4.827384896345133,4.827384896345133,4.827384896345133,4.827384896345133,4.827384896345133,4.827384896345133,4.827384896345133,4.827384896345133,4.827384896345133,4.827384896345133,4.827384896345133,4.827384896345133,4.827384896345133,4.827384896345133,4.827384896345133,4.827384896345133,4.827384896345133,4.827384896345133,4.827384896345133,4.827384896345133,4.827384896345133,4.827384896345133,4.827384896345133,4.827384896345133,4.827384896345133,4.827384896345133,4.827384896345133,4.827384896345133,4.827384896345133,4.827384896345133,4.827384896345133,4.827384896345133,4.827384896345133,4.827384896345133,4.827384896345133,4.827384896345133,4.827384896345133,4.827384896345133,4.827384896345133,4.827384896345133,4.827384896345133,4.827384896345133,4.827384896345133,4.827384896345133,4.827384896345133,4.827384896345133,4.827384896345133,4.827384896345133,4.827384896345133,4.827384896345133,4.827384896345133,4.827384896345133,4.827384896345133,4.827384896345133,4.827384896345133,4.827384896345133,4.827384896345133,4.827384896345133,4.827384896345133,4.827384896345133,4.827384896345133,4.827384896345133,4.827384896345133,4.827384896345133,4.827384896345133,4.827384896345133,4.827384896345133,4.827384896345133,4.827384896345133,4.827384896345133,4.827384896345133,4.827384896345133,4.827384896345133,4.827384896345133,4.827384896345133,4.827384896345133,4.827384896345133,4.459689140575769,4.459689140575769,4.459689140575769,4.459689140575769,4.440900304012478,4.440900304012478,4.440900304012478,4.440900304012478,4.440900304012478,4.440900304012478,4.440900304012478,4.440900304012478,4.440900304012478,4.440900304012478,4.440900304012478,4.440900304012478,4.440900304012478,4.440900304012478,4.440900304012478,4.236198346373288,4.236198346373288,4.236198346373288,4.236198346373288,4.236198346373288,4.236198346373288,4.236198346373288,4.236198346373288,4.236198346373288,4.236198346373288,4.236198346373288,4.236198346373288,4.236198346373288,4.236198346373288,4.236198346373288,4.236198346373288,4.236198346373288,4.236198346373288,4.236198346373288,4.236198346373288,4.236198346373288,4.236198346373288,4.236198346373288,4.236198346373288,4.236198346373288,4.236198346373288,4.236198346373288,4.236198346373288,4.236198346373288,4.236198346373288,4.236198346373288,4.236198346373288,4.236198346373288,4.236198346373288,4.236198346373288,4.236198346373288,4.236198346373288,4.236198346373288,4.236198346373288,4.236198346373288,4.236198346373288,4.236198346373288,4.236198346373288,4.236198346373288,4.236198346373288,4.236198346373288,4.236198346373288,4.236198346373288,4.236198346373288,4.236198346373288,4.236198346373288,4.236198346373288,4.236198346373288,4.236198346373288,4.236198346373288,4.236198346373288,4.236198346373288,4.236198346373288,4.236198346373288,4.236198346373288,4.236198346373288,4.236198346373288,4.236198346373288,4.236198346373288,4.236198346373288,4.236198346373288,4.236198346373288,4.236198346373288,4.236198346373288,4.236198346373288,4.236198346373288,4.236198346373288,4.236198346373288,4.236198346373288,4.236198346373288,4.236198346373288,4.236198346373288,4.236198346373288,4.236198346373288,4.236198346373288,4.236198346373288,4.236198346373288,4.236198346373288,4.236198346373288,4.236198346373288,4.236198346373288,4.236198346373288,4.236198346373288,4.236198346373288,4.236198346373288,4.236198346373288,4.236198346373288,4.236198346373288,4.236198346373288,4.236198346373288,4.236198346373288,4.236198346373288,4.236198346373288,4.236198346373288,4.236198346373288,4.236198346373288,4.236198346373288,4.236198346373288,4.236198346373288,4.236198346373288,4.236198346373288,4.236198346373288,4.236198346373288,4.236198346373288,4.236198346373288,4.236198346373288,4.236198346373288,4.236198346373288,4.236198346373288,4.236198346373288,4.236198346373288,4.236198346373288,4.236198346373288,4.236198346373288,4.236198346373288,4.236198346373288,4.236198346373288,4.236198346373288,4.236198346373288,4.236198346373288,4.236198346373288,4.236198346373288,4.236198346373288,4.236198346373288,4.236198346373288,4.236198346373288,4.236198346373288,4.236198346373288,4.236198346373288,4.236198346373288,4.236198346373288,4.236198346373288,4.236198346373288,4.236198346373288,4.236198346373288,4.236198346373288,4.236198346373288,4.236198346373288,4.236198346373288,4.236198346373288,4.236198346373288,4.236198346373288,4.236198346373288,4.236198346373288,4.236198346373288,4.236198346373288,4.236198346373288,4.236198346373288,4.236198346373288,4.236198346373288,4.236198346373288,4.236198346373288,4.236198346373288,4.236198346373288,4.236198346373288,4.236198346373288,4.236198346373288,4.236198346373288,4.236198346373288,4.236198346373288,4.236198346373288,4.236198346373288,4.236198346373288,4.236198346373288,4.236198346373288,4.236198346373288,4.236198346373288,4.236198346373288,4.236198346373288,4.236198346373288,4.236198346373288,4.236198346373288,4.236198346373288,4.236198346373288,4.236198346373288,4.236198346373288,4.236198346373288,4.236198346373288,4.236198346373288,4.236198346373288,4.236198346373288,4.236198346373288,4.236198346373288,4.236198346373288,4.236198346373288,4.236198346373288,4.236198346373288,4.236198346373288,4.236198346373288,4.236198346373288,4.236198346373288,4.236198346373288,4.236198346373288,4.236198346373288,4.236198346373288,4.236198346373288,4.236198346373288,4.236198346373288,4.236198346373288,4.236198346373288,4.236198346373288,4.236198346373288,4.236198346373288,4.236198346373288,4.236198346373288,4.236198346373288,4.236198346373288,4.236198346373288,4.236198346373288,4.236198346373288,4.236198346373288,4.236198346373288,4.236198346373288,4.236198346373288,4.236198346373288,4.236198346373288,4.236198346373288,4.236198346373288,4.236198346373288,4.236198346373288,4.236198346373288,4.236198346373288,4.236198346373288,4.236198346373288,4.236198346373288,4.236198346373288,4.236198346373288,4.236198346373288,4.236198346373288,4.236198346373288,4.236198346373288,4.236198346373288,4.236198346373288,4.236198346373288,4.236198346373288,4.236198346373288,4.236198346373288,4.236198346373288,4.236198346373288,4.236198346373288,4.236198346373288,4.236198346373288,4.236198346373288,4.236198346373288,4.236198346373288,4.236198346373288,4.236198346373288,4.236198346373288,4.236198346373288,4.236198346373288,4.236198346373288,4.236198346373288,4.236198346373288,4.236198346373288,4.236198346373288,4.236198346373288,4.236198346373288,4.236198346373288,4.236198346373288,4.236198346373288,4.236198346373288,4.236198346373288,4.236198346373288,4.236198346373288,4.236198346373288,4.236198346373288,4.236198346373288,4.236198346373288,4.236198346373288,4.236198346373288,4.236198346373288,4.236198346373288,4.236198346373288,4.236198346373288,4.236198346373288,4.236198346373288,4.236198346373288,4.236198346373288,4.236198346373288,4.236198346373288,4.236198346373288,4.236198346373288,4.236198346373288,4.236198346373288,4.236198346373288,4.236198346373288,4.236198346373288,4.236198346373288,4.236198346373288,4.236198346373288,4.236198346373288,4.236198346373288,4.236198346373288,4.236198346373288,4.236198346373288,4.236198346373288,4.236198346373288,4.236198346373288,4.236198346373288,4.236198346373288,4.236198346373288,4.236198346373288,4.236198346373288,4.236198346373288,4.236198346373288,4.236198346373288,4.236198346373288,4.236198346373288,4.236198346373288,4.236198346373288,4.236198346373288,4.236198346373288,4.236198346373288,4.236198346373288,4.236198346373288,4.236198346373288,4.236198346373288,4.236198346373288,4.236198346373288,4.236198346373288,4.236198346373288,4.236198346373288,4.236198346373288,4.236198346373288,4.236198346373288,4.236198346373288,4.236198346373288,4.236198346373288,4.236198346373288,4.236198346373288,4.236198346373288,4.236198346373288,4.236198346373288,4.236198346373288,4.236198346373288,4.236198346373288,4.236198346373288,4.236198346373288,4.236198346373288,4.236198346373288,4.236198346373288,4.236198346373288,4.236198346373288,4.236198346373288,4.236198346373288,4.236198346373288,4.236198346373288,4.236198346373288,4.236198346373288,4.236198346373288,4.236198346373288,4.236198346373288,4.236198346373288,4.236198346373288,4.236198346373288,4.236198346373288,4.236198346373288,4.236198346373288,4.236198346373288,4.236198346373288,4.236198346373288,4.236198346373288,4.236198346373288,4.236198346373288,4.236198346373288,4.236198346373288,4.236198346373288,4.236198346373288,4.236198346373288,4.236198346373288,4.236198346373288,4.236198346373288,4.236198346373288,4.236198346373288,4.236198346373288,4.236198346373288,4.236198346373288,4.236198346373288,4.236198346373288,4.236198346373288,4.236198346373288,4.236198346373288,4.236198346373288,4.236198346373288,4.236198346373288,4.236198346373288,4.236198346373288,4.236198346373288,4.236198346373288,4.236198346373288,4.236198346373288,4.236198346373288,4.236198346373288,4.236198346373288,4.236198346373288,4.236198346373288,4.236198346373288,4.236198346373288,4.236198346373288,4.236198346373288,4.236198346373288,4.236198346373288,4.236198346373288,4.236198346373288,4.236198346373288,4.236198346373288,4.236198346373288,4.236198346373288,4.236198346373288,4.236198346373288,4.236198346373288,4.236198346373288,4.236198346373288,4.236198346373288,4.236198346373288,4.236198346373288,4.236198346373288,4.236198346373288,4.236198346373288,4.236198346373288,4.236198346373288,4.236198346373288,4.236198346373288,4.236198346373288,4.236198346373288,4.236198346373288,4.236198346373288,4.236198346373288,4.236198346373288,4.236198346373288,4.236198346373288,4.236198346373288,4.236198346373288,4.236198346373288,4.236198346373288,4.236198346373288,4.236198346373288,4.236198346373288,4.236198346373288,4.236198346373288,4.236198346373288,4.236198346373288,4.236198346373288,4.236198346373288,4.236198346373288,4.236198346373288,4.236198346373288,4.236198346373288,4.236198346373288,4.236198346373288,4.236198346373288,4.236198346373288,4.236198346373288,4.236198346373288,4.236198346373288,4.236198346373288,4.236198346373288,4.236198346373288,4.236198346373288,4.236198346373288,4.236198346373288,4.236198346373288,4.236198346373288,4.236198346373288,4.236198346373288,4.236198346373288,4.236198346373288,4.236198346373288,4.236198346373288,4.236198346373288,4.236198346373288,4.236198346373288,4.236198346373288,4.236198346373288,4.236198346373288,4.236198346373288,4.236198346373288,4.236198346373288,4.236198346373288,4.236198346373288,4.236198346373288,4.236198346373288,4.236198346373288,4.236198346373288,4.236198346373288,4.236198346373288,4.236198346373288,4.236198346373288,4.236198346373288,4.236198346373288,4.236198346373288,4.236198346373288,4.236198346373288,4.236198346373288,4.236198346373288,4.236198346373288,4.236198346373288,4.236198346373288,4.236198346373288,4.236198346373288,4.236198346373288,4.236198346373288,4.236198346373288,4.236198346373288,4.236198346373288,4.236198346373288,4.236198346373288,4.236198346373288,4.236198346373288,4.236198346373288,4.236198346373288,4.236198346373288,4.236198346373288,4.236198346373288,4.236198346373288,4.236198346373288,4.236198346373288,4.236198346373288,4.236198346373288,4.236198346373288,4.236198346373288,4.236198346373288,4.236198346373288,4.236198346373288,4.236198346373288,4.236198346373288,4.236198346373288,4.236198346373288,4.236198346373288,4.236198346373288,4.236198346373288,4.236198346373288,4.236198346373288,4.236198346373288,4.236198346373288,4.236198346373288,4.236198346373288,4.236198346373288,4.236198346373288,4.236198346373288,4.236198346373288,4.236198346373288,4.236198346373288,4.236198346373288,4.236198346373288,4.236198346373288,4.236198346373288,4.236198346373288,4.236198346373288,4.236198346373288,4.236198346373288,4.236198346373288,4.236198346373288,4.236198346373288,4.236198346373288,4.236198346373288,4.236198346373288,4.236198346373288,4.236198346373288,4.236198346373288,4.236198346373288,4.236198346373288,4.236198346373288,4.236198346373288,4.236198346373288,4.236198346373288,4.236198346373288,4.236198346373288,4.236198346373288,4.236198346373288,4.236198346373288,4.236198346373288,4.236198346373288,4.236198346373288,4.236198346373288,4.236198346373288,4.236198346373288,4.236198346373288,4.236198346373288,4.236198346373288,4.236198346373288,4.236198346373288,4.236198346373288,4.236198346373288,4.236198346373288,4.236198346373288,4.236198346373288,4.236198346373288,4.236198346373288,4.236198346373288,4.236198346373288,4.236198346373288,4.236198346373288,4.236198346373288,4.236198346373288,4.236198346373288,4.236198346373288,4.236198346373288,4.236198346373288,4.236198346373288,4.236198346373288,4.236198346373288,4.236198346373288,4.236198346373288,4.236198346373288,4.236198346373288,4.236198346373288,4.236198346373288,4.236198346373288,4.236198346373288,4.236198346373288,4.236198346373288,4.236198346373288,4.236198346373288,4.236198346373288,4.236198346373288,4.236198346373288,4.236198346373288,4.236198346373288,4.236198346373288,4.236198346373288,4.236198346373288,4.236198346373288,4.236198346373288,4.236198346373288,4.236198346373288,4.236198346373288,4.236198346373288,4.236198346373288,4.236198346373288,4.236198346373288,4.236198346373288,4.236198346373288,4.236198346373288,4.236198346373288,4.236198346373288,4.236198346373288,4.236198346373288,4.236198346373288,4.236198346373288,4.236198346373288,4.236198346373288,4.236198346373288,4.236198346373288,4.236198346373288,4.236198346373288,4.236198346373288,4.236198346373288,4.236198346373288,4.236198346373288,4.236198346373288,4.236198346373288,4.236198346373288,4.236198346373288,4.236198346373288,4.236198346373288,4.236198346373288,4.236198346373288,4.236198346373288,4.236198346373288,4.236198346373288,4.236198346373288,4.236198346373288,4.236198346373288,4.236198346373288,4.236198346373288,4.236198346373288,4.236198346373288,4.236198346373288,4.236198346373288,4.236198346373288,4.236198346373288,4.236198346373288,4.236198346373288,4.236198346373288,4.236198346373288,4.236198346373288,4.236198346373288,4.236198346373288,4.236198346373288,4.236198346373288,4.236198346373288,4.236198346373288,4.236198346373288,4.236198346373288,4.236198346373288,4.236198346373288,4.236198346373288,4.236198346373288,4.236198346373288,4.236198346373288,4.236198346373288,4.236198346373288,4.236198346373288,4.236198346373288,4.236198346373288,4.236198346373288,4.236198346373288,4.236198346373288,4.236198346373288,4.236198346373288,4.236198346373288,4.236198346373288,4.236198346373288,4.236198346373288,4.236198346373288,4.236198346373288,4.236198346373288,4.236198346373288,4.236198346373288,4.236198346373288,4.236198346373288,4.236198346373288,4.236198346373288,4.236198346373288,4.236198346373288,4.236198346373288,4.236198346373288,8.346425387363775,7.954634008920969,7.954634008920969,7.954634008920969,7.954634008920969,7.954634008920969,7.954634008920969,7.954634008920969,7.954634008920969,7.954634008920969,7.954634008920969,7.954634008920969,7.954634008920969,7.954634008920969,7.654643632970919,7.654643632970919,7.654643632970919,7.654643632970919,7.654643632970919,7.654643632970919,7.654643632970919,7.654643632970919,7.654643632970919,7.654643632970919,7.654643632970919,7.654643632970919,7.654643632970919,7.654643632970919,7.654643632970919,7.654643632970919,7.654643632970919,7.654643632970919,7.654643632970919,7.654643632970919,7.654643632970919,7.654643632970919,7.654643632970919,7.654643632970919,7.654643632970919,7.654643632970919,7.654643632970919,7.654643632970919,7.654643632970919,7.654643632970919,7.654643632970919,7.516957033932419,7.516957033932419,7.516957033932419,7.516957033932419,7.516957033932419,7.516957033932419,7.516957033932419,7.516957033932419,7.516957033932419,7.516957033932419,7.516957033932419,7.516957033932419,7.516957033932419,7.516957033932419,7.516957033932419,7.516957033932419,7.516957033932419,7.516957033932419,7.516957033932419,7.516957033932419,7.516957033932419,7.516957033932419,7.516957033932419,7.516957033932419,7.516957033932419,7.516957033932419,7.516957033932419,7.516957033932419,7.516957033932419,7.516957033932419,7.516957033932419,7.516957033932419,7.516957033932419,7.516957033932419,7.516957033932419,7.516957033932419,7.516957033932419,7.516957033932419,7.516957033932419,7.516957033932419,7.516957033932419,7.516957033932419,7.516957033932419,7.516957033932419,7.516957033932419,7.516957033932419,7.516957033932419,7.516957033932419,7.516957033932419,7.516957033932419,7.516957033932419,7.516957033932419,7.516957033932419,7.516957033932419,7.516957033932419,7.516957033932419,7.516957033932419,7.516957033932419,7.516957033932419,7.516957033932419,7.516957033932419,7.516957033932419,7.516957033932419,7.516957033932419,7.516957033932419,7.516957033932419,7.516957033932419,6.906419896408625,6.629672795784038,6.543997825919704,6.543997825919704,6.033613002458733,6.033613002458733,6.033613002458733,6.033613002458733,6.033613002458733,6.033613002458733,6.033613002458733,6.033613002458733,6.033613002458733,6.033613002458733,6.033613002458733,6.033613002458733,6.033613002458733,6.033613002458733,6.033613002458733,6.033613002458733,6.033613002458733,6.033613002458733,6.033613002458733,6.033613002458733,6.033613002458733,6.033613002458733,6.033613002458733,6.033613002458733,6.033613002458733,6.033613002458733,5.17652925701399,5.17652925701399,5.17652925701399,5.17652925701399,5.17652925701399,5.130860779609071,5.130860779609071,5.130860779609071,5.130860779609071,5.130860779609071,5.130860779609071,5.130860779609071,5.130860779609071,5.130860779609071,5.130860779609071,5.130860779609071,5.130860779609071,5.130860779609071,5.130860779609071,5.130860779609071,5.130860779609071,5.130860779609071,5.130860779609071,5.130860779609071,5.130860779609071,5.130860779609071,5.130860779609071,5.130860779609071,5.130860779609071,5.130860779609071,5.130860779609071,5.130860779609071,5.130860779609071,5.130860779609071,5.130860779609071,5.130860779609071,5.130860779609071,5.130860779609071,5.130860779609071,5.130860779609071,5.130860779609071,5.130860779609071,5.130860779609071,5.130860779609071,5.130860779609071,5.130860779609071,5.130860779609071,5.130860779609071,5.130860779609071,5.130860779609071,5.130860779609071,5.130860779609071,5.130860779609071,5.130860779609071,5.130860779609071,5.130860779609071,5.130860779609071,5.130860779609071,5.130860779609071,5.130860779609071,5.130860779609071,5.130860779609071,5.130860779609071,5.130860779609071,5.130860779609071,5.130860779609071,5.130860779609071,5.130860779609071,5.130860779609071,5.130860779609071,5.130860779609071,5.130860779609071,5.130860779609071,5.130860779609071,5.130860779609071,5.130860779609071,5.130860779609071,5.130860779609071,5.130860779609071,5.130860779609071,5.130860779609071,5.130860779609071,5.130860779609071,5.130860779609071,5.130860779609071,5.130860779609071,5.130860779609071,5.130860779609071,5.130860779609071,5.130860779609071,5.130860779609071,5.130860779609071,5.130860779609071,5.130860779609071,5.130860779609071,5.130860779609071,5.130860779609071,5.130860779609071,5.130860779609071,5.130860779609071,5.130860779609071,5.130860779609071,5.130860779609071,5.130860779609071,5.130860779609071,5.130860779609071,5.130860779609071,5.130860779609071,5.130860779609071,5.130860779609071,5.130860779609071,5.130860779609071,5.130860779609071,5.130860779609071,5.130860779609071,5.130860779609071,5.076376747896217,5.076376747896217,5.076376747896217,5.076376747896217,5.076376747896217,4.597727882287659,4.597727882287659,4.597727882287659,4.597727882287659,4.597727882287659,4.597727882287659,4.597727882287659,4.597727882287659,4.597727882287659,4.597727882287659,4.597727882287659,4.597727882287659,4.597727882287659,4.597727882287659,4.597727882287659,4.597727882287659,4.597727882287659,4.597727882287659,4.225622811251732,4.225622811251732,4.225622811251732,4.225622811251732,4.225622811251732,4.225622811251732,4.225622811251732,4.225622811251732,4.225622811251732,4.225622811251732,4.225622811251732,4.225622811251732,4.225622811251732,4.225622811251732,4.225622811251732,4.225622811251732,4.225622811251732,4.225622811251732,4.225622811251732,4.225622811251732,4.225622811251732,4.225622811251732,4.225622811251732,4.225622811251732,4.225622811251732,4.225622811251732,4.225622811251732,4.225622811251732,4.225622811251732,4.225622811251732,4.225622811251732,4.225622811251732,4.225622811251732,4.225622811251732,4.225622811251732,4.225622811251732,4.225622811251732,4.225622811251732,4.225622811251732,4.225622811251732,4.225622811251732,4.225622811251732,4.225622811251732,4.225622811251732,4.225622811251732,4.225622811251732,4.225622811251732,4.225622811251732,4.225622811251732,4.225622811251732,4.225622811251732,4.225622811251732,4.225622811251732,4.225622811251732,4.225622811251732,4.225622811251732,4.225622811251732,4.225622811251732,4.225622811251732,4.225622811251732,4.225622811251732,4.225622811251732,4.225622811251732,4.225622811251732,4.225622811251732,4.225622811251732,4.225622811251732,4.225622811251732,4.225622811251732,4.225622811251732,4.225622811251732,4.225622811251732,4.225622811251732,4.225622811251732,4.225622811251732,4.225622811251732,4.225622811251732,4.225622811251732,4.225622811251732,4.225622811251732,4.225622811251732,4.225622811251732,4.225622811251732,4.225622811251732,4.225622811251732,4.225622811251732,4.225622811251732,4.225622811251732,4.225622811251732,4.225622811251732,4.225622811251732,4.225622811251732,4.225622811251732,4.225622811251732,4.225622811251732,4.225622811251732,4.225622811251732,4.225622811251732,4.225622811251732,4.225622811251732,4.225622811251732,4.225622811251732,4.225622811251732,4.225622811251732,4.225622811251732,4.225622811251732,4.225622811251732,4.225622811251732,4.225622811251732,4.225622811251732,4.049614430135705,4.049614430135705,3.9582870224355684,3.9545079823189795,3.953103066343198,3.953103066343198,3.953103066343198,3.953103066343198,3.953103066343198,3.953103066343198,3.1994882666529674,3.1658258407662174,2.8968414130861033,2.8968414130861033,2.8968414130861033,2.8968414130861033,2.8968414130861033,2.8968414130861033,2.8968414130861033,2.8968414130861033,2.8968414130861033,2.8968414130861033,2.8968414130861033,2.8968414130861033,2.8968414130861033,2.8968414130861033,2.8968414130861033,2.8968414130861033,2.8968414130861033,2.8968414130861033,2.8968414130861033,2.8968414130861033,2.8968414130861033,2.8968414130861033,2.8968414130861033,2.8968414130861033,2.8968414130861033,2.8968414130861033,2.8968414130861033,2.8968414130861033,2.8968414130861033,2.8968414130861033,2.8968414130861033,2.8968414130861033,2.8968414130861033,2.8968414130861033,2.8968414130861033,2.8968414130861033,2.8968414130861033,2.8968414130861033,2.8968414130861033,2.8968414130861033,2.8968414130861033,2.8968414130861033,2.8968414130861033,2.8968414130861033,2.8968414130861033,2.8968414130861033,2.8968414130861033,2.8968414130861033,2.8968414130861033,2.8968414130861033,2.8968414130861033,2.8968414130861033,2.8968414130861033,2.8968414130861033,2.8968414130861033,2.8968414130861033,2.884622206972081,2.884622206972081,2.884622206972081,2.884622206972081,2.884622206972081,2.512574257269222,2.512574257269222,2.512574257269222,2.512574257269222,2.512574257269222,2.512574257269222,2.512574257269222,2.512574257269222,2.512574257269222,2.512574257269222,2.512574257269222,2.512574257269222,2.512574257269222,2.512574257269222,2.512574257269222,2.512574257269222,2.512574257269222,2.512574257269222,2.512574257269222,2.512574257269222,2.512574257269222,2.512574257269222,2.512574257269222,2.512574257269222,2.512574257269222,2.512574257269222,2.512574257269222,2.512574257269222,2.512574257269222,2.512574257269222,2.512574257269222,2.512574257269222,2.512574257269222,2.512574257269222,2.512574257269222,2.512574257269222,2.512574257269222,2.512574257269222,2.512574257269222,2.512574257269222,2.512574257269222,2.512574257269222,2.512574257269222,2.512574257269222,2.512574257269222,2.512574257269222,2.512574257269222,2.512574257269222,2.512574257269222,2.512574257269222,2.512574257269222,2.512574257269222,2.512574257269222,2.512574257269222,2.512574257269222,2.512574257269222,2.512574257269222,2.512574257269222,2.512574257269222,2.512574257269222,2.512574257269222,2.512574257269222,2.512574257269222,2.512574257269222,2.512574257269222,2.512574257269222,2.512574257269222,2.512574257269222,2.512574257269222,2.512574257269222,2.512574257269222,2.512574257269222,2.512574257269222,2.512574257269222,2.512574257269222,2.512574257269222,2.512574257269222,2.512574257269222,2.512574257269222,2.512574257269222,2.512574257269222,2.512574257269222,2.512574257269222,2.512574257269222,2.512574257269222,2.512574257269222,2.512574257269222,2.512574257269222,2.512574257269222,2.512574257269222,2.512574257269222,2.512574257269222,2.512574257269222,2.512574257269222,2.512574257269222,2.512574257269222,2.512574257269222,2.512574257269222,2.512574257269222,2.512574257269222,2.512574257269222,2.512574257269222,2.512574257269222,2.512574257269222,2.512574257269222,2.512574257269222,2.512574257269222,2.512574257269222,2.512574257269222,2.512574257269222,2.512574257269222,2.512574257269222,2.512574257269222,2.512574257269222,2.512574257269222,2.512574257269222,2.512574257269222,2.512574257269222,2.512574257269222,2.512574257269222,2.512574257269222,2.512574257269222,2.512574257269222,2.512574257269222,2.512574257269222,2.512574257269222,2.512574257269222,2.512574257269222,2.512574257269222,2.512574257269222,2.512574257269222,2.512574257269222,2.512574257269222,2.512574257269222,2.512574257269222,2.512574257269222,2.512574257269222,2.512574257269222,2.512574257269222,2.512574257269222,2.512574257269222,2.512574257269222,2.512574257269222,2.512574257269222,2.512574257269222,2.512574257269222,2.512574257269222,2.512574257269222,2.512574257269222,2.512574257269222,2.512574257269222,2.512574257269222,2.512574257269222,2.512574257269222,2.512574257269222,2.512574257269222,2.512574257269222,2.512574257269222,2.512574257269222,2.512574257269222,2.512574257269222,2.512574257269222,2.512574257269222,2.512574257269222,2.512574257269222,2.512574257269222,2.512574257269222,2.512574257269222,2.512574257269222,2.512574257269222,2.512574257269222,2.512574257269222,2.512574257269222,2.512574257269222,2.512574257269222,2.512574257269222,2.512574257269222,2.512574257269222,2.512574257269222,2.512574257269222,2.512574257269222,2.512574257269222,2.512574257269222,2.512574257269222,2.512574257269222,2.512574257269222,2.512574257269222,2.512574257269222,2.512574257269222,2.512574257269222,2.512574257269222,2.512574257269222,2.512574257269222,2.512574257269222,2.512574257269222,2.512574257269222,2.512574257269222,2.512574257269222,2.512574257269222,2.512574257269222,2.512574257269222,2.512574257269222,2.512574257269222,2.512574257269222,2.512574257269222,2.512574257269222,2.512574257269222,2.512574257269222,2.512574257269222,2.512574257269222,2.512574257269222,2.512574257269222,2.512574257269222,2.512574257269222,2.512574257269222,2.512574257269222,2.512574257269222,2.512574257269222,2.512574257269222,2.512574257269222,2.512574257269222,2.512574257269222,2.512574257269222,2.512574257269222,2.512574257269222,2.512574257269222,2.512574257269222,2.512574257269222,2.512574257269222,2.512574257269222,2.512574257269222,2.512574257269222,2.512574257269222,2.512574257269222,2.512574257269222,2.512574257269222,2.512574257269222,2.512574257269222,2.512574257269222,2.512574257269222,2.512574257269222,2.512574257269222,2.512574257269222,2.512574257269222,2.512574257269222,2.512574257269222,2.512574257269222,2.512574257269222,2.512574257269222,2.512574257269222,2.512574257269222,2.512574257269222,2.512574257269222,2.512574257269222,2.512574257269222,2.512574257269222,2.512574257269222,2.512574257269222,2.512574257269222,2.512574257269222,2.512574257269222,2.512574257269222,2.512574257269222,2.512574257269222,2.512574257269222,2.512574257269222,2.512574257269222,2.512574257269222,2.512574257269222,2.512574257269222,2.512574257269222,2.512574257269222,2.512574257269222,2.512574257269222,2.512574257269222,2.512574257269222,2.512574257269222,2.512574257269222,2.512574257269222,2.512574257269222,2.512574257269222,2.512574257269222,2.512574257269222,2.512574257269222,2.512574257269222,2.512574257269222,2.512574257269222,2.512574257269222,2.512574257269222,2.512574257269222,2.512574257269222,2.512574257269222,2.512574257269222,2.512574257269222,2.512574257269222,2.512574257269222,2.512574257269222,2.512574257269222,2.512574257269222,2.512574257269222,2.512574257269222,2.512574257269222,2.512574257269222,2.512574257269222,2.512574257269222,2.512574257269222,2.512574257269222,2.512574257269222,2.512574257269222,2.512574257269222,2.512574257269222,2.512574257269222,2.512574257269222,2.512574257269222,2.512574257269222,2.512574257269222,2.512574257269222,2.512574257269222,2.512574257269222,2.512574257269222,2.512574257269222,2.512574257269222,2.512574257269222,2.512574257269222,2.512574257269222,2.512574257269222,2.512574257269222,2.512574257269222,2.512574257269222,2.512574257269222,2.512574257269222,2.512574257269222,2.512574257269222,2.512574257269222,2.512574257269222,2.512574257269222,2.512574257269222,2.512574257269222,2.512574257269222,2.512574257269222,2.512574257269222,2.512574257269222,2.512574257269222,2.512574257269222,2.512574257269222,2.512574257269222,2.512574257269222,2.512574257269222,2.512574257269222,2.512574257269222,2.512574257269222,2.512574257269222,2.512574257269222,2.512574257269222,2.512574257269222,2.512574257269222,2.512574257269222,2.512574257269222,2.512574257269222,2.512574257269222,2.512574257269222,2.512574257269222,2.512574257269222,2.512574257269222,2.512574257269222,2.512574257269222,2.512574257269222,2.512574257269222,2.512574257269222,2.512574257269222,2.512574257269222,2.512574257269222,2.512574257269222,2.512574257269222,2.512574257269222,2.512574257269222,2.512574257269222,2.512574257269222,2.512574257269222,2.512574257269222,2.512574257269222,2.512574257269222,2.512574257269222,2.512574257269222,2.512574257269222,2.512574257269222,2.512574257269222,2.512574257269222,2.512574257269222,2.512574257269222,2.512574257269222,2.512574257269222,2.512574257269222,2.512574257269222,2.512574257269222,2.512574257269222,2.512574257269222,2.512574257269222,2.512574257269222,2.512574257269222,2.512574257269222,2.512574257269222,2.512574257269222,2.512574257269222,2.512574257269222,2.512574257269222,2.512574257269222,2.512574257269222,2.512574257269222,2.512574257269222,2.512574257269222,2.512574257269222,2.512574257269222,2.512574257269222,2.512574257269222,2.512574257269222,2.512574257269222,2.512574257269222,2.512574257269222,2.512574257269222,2.512574257269222,2.512574257269222,2.512574257269222,2.512574257269222,2.512574257269222,2.512574257269222,2.512574257269222,2.512574257269222,2.512574257269222,2.512574257269222,2.512574257269222,2.512574257269222,2.512574257269222,2.512574257269222,2.512574257269222,2.512574257269222,2.512574257269222,2.512574257269222,2.512574257269222,2.512574257269222,2.512574257269222,2.512574257269222,2.512574257269222,2.512574257269222,2.512574257269222,2.512574257269222,2.512574257269222,2.512574257269222,2.512574257269222,2.512574257269222,2.512574257269222,2.512574257269222,2.512574257269222,2.512574257269222,2.512574257269222,2.512574257269222,2.512574257269222,2.512574257269222,2.512574257269222,2.512574257269222,2.512574257269222,2.512574257269222,2.512574257269222,2.512574257269222,2.512574257269222,2.512574257269222,2.512574257269222,2.512574257269222,2.512574257269222,2.512574257269222,2.512574257269222,2.512574257269222,2.512574257269222,2.512574257269222,2.512574257269222,2.512574257269222,2.512574257269222,2.512574257269222,2.512574257269222,2.512574257269222,2.512574257269222,2.512574257269222,2.512574257269222,2.512574257269222,2.512574257269222,2.512574257269222,2.512574257269222,2.512574257269222,2.512574257269222,2.512574257269222,2.512574257269222,2.512574257269222,2.512574257269222,2.512574257269222,2.512574257269222,2.512574257269222,2.512574257269222,2.512574257269222,2.512574257269222,2.512574257269222,2.512574257269222,2.512574257269222,2.512574257269222,2.512574257269222,2.512574257269222,2.512574257269222,2.512574257269222,2.512574257269222,2.512574257269222,2.512574257269222,2.512574257269222,2.512574257269222,2.512574257269222,2.512574257269222,2.512574257269222,2.512574257269222,2.512574257269222,2.512574257269222,2.512574257269222,2.512574257269222,2.512574257269222,2.512574257269222,2.512574257269222,2.512574257269222,2.512574257269222,2.512574257269222,2.512574257269222,2.512574257269222,2.512574257269222,2.512574257269222,2.512574257269222,2.512574257269222,2.512574257269222,2.512574257269222,2.512574257269222,2.512574257269222,6.723575899015264,6.103254974197398,6.103254974197398,6.103254974197398,6.083471477563729,6.083471477563729,6.083471477563729,5.414518933857497,5.414518933857497,5.414518933857497,5.414518933857497,5.414518933857497,5.414518933857497,5.414518933857497,5.414518933857497,5.414518933857497,5.414518933857497,5.414518933857497,5.414518933857497,5.414518933857497,5.414518933857497,5.414518933857497,5.414518933857497,5.414518933857497,5.414518933857497,5.414518933857497,5.414518933857497,5.414518933857497,5.3718622129713065,5.3718622129713065,5.3718622129713065,5.3718622129713065,5.3718622129713065,5.3718622129713065,5.3718622129713065,5.3718622129713065,5.3718622129713065,5.3718622129713065,5.3718622129713065,5.3718622129713065,5.3718622129713065,5.3718622129713065,5.3718622129713065,5.292225655198557,5.292225655198557,5.292225655198557,5.292225655198557,5.292225655198557,5.292225655198557,5.292225655198557,5.292225655198557,5.292225655198557,5.292225655198557,5.292225655198557,5.292225655198557,5.292225655198557,5.292225655198557,5.292225655198557,5.292225655198557,5.292225655198557,5.292225655198557,5.292225655198557,5.292225655198557,5.292225655198557,5.292225655198557,5.292225655198557,5.292225655198557,5.292225655198557,5.292225655198557,5.292225655198557,5.292225655198557,5.292225655198557,5.292225655198557,5.292225655198557,5.292225655198557,5.292225655198557,5.292225655198557,5.292225655198557,5.292225655198557,5.292225655198557,5.292225655198557,5.292225655198557,5.292225655198557,5.292225655198557,5.292225655198557,5.292225655198557,5.292225655198557,5.292225655198557,5.292225655198557,5.292225655198557,5.292225655198557,5.292225655198557,5.292225655198557,5.292225655198557,5.292225655198557,5.292225655198557,5.292225655198557,5.292225655198557,5.292225655198557,5.292225655198557,5.292225655198557,5.292225655198557,5.292225655198557,5.292225655198557,5.292225655198557,5.292225655198557,5.292225655198557,5.292225655198557,5.292225655198557,5.292225655198557,5.292225655198557,5.253487840689532,5.253487840689532,5.253487840689532,5.253487840689532,5.253487840689532,5.253487840689532,5.253487840689532,5.253487840689532,5.253487840689532,5.253487840689532,5.253487840689532,5.253487840689532,4.986270301206306,4.986270301206306,4.986270301206306,4.914252442984791,4.858715170608594,4.858715170608594,4.858715170608594,4.858715170608594,4.858715170608594,4.858715170608594,4.858715170608594,4.858715170608594,4.858715170608594,4.858715170608594,4.858715170608594,4.858715170608594,4.858715170608594,4.858715170608594,4.858715170608594,4.858715170608594,4.858715170608594,4.858715170608594,4.858715170608594,4.858715170608594,4.858715170608594,4.858715170608594,4.858715170608594,4.858715170608594,4.858715170608594,4.858715170608594,4.858715170608594,4.858715170608594,4.858715170608594,4.858715170608594,4.858715170608594,4.858715170608594,4.858715170608594,4.858715170608594,4.858715170608594,4.858715170608594,4.858715170608594,4.858715170608594,4.858715170608594,4.858715170608594,4.858715170608594,4.858715170608594,4.858715170608594,4.858715170608594,4.858715170608594,4.858715170608594,4.858715170608594,4.858715170608594,4.858715170608594,4.858715170608594,4.858715170608594,4.858715170608594,4.858715170608594,4.858715170608594,4.858715170608594,4.858715170608594,4.858715170608594,4.858715170608594,4.858715170608594,4.858715170608594,4.858715170608594,4.858715170608594,4.858715170608594,4.858715170608594,4.858715170608594,4.858715170608594,4.858715170608594,4.858715170608594,4.858715170608594,4.858715170608594,4.858715170608594,4.858715170608594,4.858715170608594,4.858715170608594,4.858715170608594,4.858715170608594,4.858715170608594,4.858715170608594,4.858715170608594,4.858715170608594,4.858715170608594,4.858715170608594,4.858715170608594,4.858715170608594,4.858715170608594,4.858715170608594,4.858715170608594,4.858715170608594,4.858715170608594,4.858715170608594,4.858715170608594,4.858715170608594,4.858715170608594,4.858715170608594,4.858715170608594,4.858715170608594,4.858715170608594,4.858715170608594,4.858715170608594,4.858715170608594,4.858715170608594,4.858715170608594,4.858715170608594,4.858715170608594,4.858715170608594,4.858715170608594,4.858715170608594,4.478053084163124,4.230477735612629,4.230477735612629,3.8893959575252826,3.8893959575252826,3.886521450035178,3.886521450035178,3.886521450035178,3.886521450035178,3.886521450035178,3.886521450035178,3.886521450035178,3.886521450035178,3.886521450035178,3.886521450035178,3.886521450035178,3.886521450035178,3.886521450035178,3.886521450035178,3.886521450035178,3.886521450035178,3.886521450035178,3.886521450035178,3.886521450035178,3.886521450035178,3.886521450035178,3.886521450035178,3.886521450035178,3.886521450035178,3.886521450035178,3.886521450035178,3.886521450035178,3.886521450035178,3.886521450035178,3.886521450035178,3.886521450035178,3.886521450035178,3.886521450035178,3.886521450035178,3.886521450035178,3.886521450035178,3.886521450035178,3.886521450035178,3.886521450035178,3.886521450035178,3.886521450035178,3.886521450035178,3.886521450035178,3.886521450035178,3.886521450035178,3.886521450035178,3.886521450035178,3.886521450035178,3.886521450035178,3.886521450035178,3.886521450035178,3.886521450035178,3.886521450035178,3.886521450035178,3.886521450035178,3.886521450035178,3.886521450035178,3.886521450035178,3.886521450035178,3.886521450035178,3.886521450035178,3.886521450035178,3.886521450035178,3.886521450035178,3.886521450035178,3.886521450035178,3.886521450035178,3.886521450035178,3.886521450035178,3.886521450035178,3.886521450035178,3.886521450035178,3.886521450035178,3.886521450035178,3.886521450035178,3.886521450035178,3.886521450035178,3.886521450035178,3.886521450035178,3.886521450035178,3.886521450035178,3.886521450035178,3.886521450035178,3.886521450035178,3.886521450035178,3.886521450035178,3.886521450035178,3.886521450035178,3.886521450035178,3.886521450035178,3.886521450035178,3.886521450035178,3.886521450035178,3.886521450035178,3.886521450035178,3.886521450035178,3.886521450035178,3.886521450035178,3.886521450035178,3.886521450035178,3.886521450035178,3.886521450035178,3.886521450035178,3.886521450035178,3.886521450035178,3.886521450035178,3.886521450035178,3.886521450035178,3.886521450035178,3.886521450035178,3.886521450035178,3.886521450035178,3.886521450035178,3.886521450035178,3.886521450035178,3.886521450035178,3.886521450035178,3.886521450035178,3.886521450035178,3.886521450035178,3.886521450035178,3.886521450035178,3.886521450035178,3.886521450035178,2.3679540697659527,2.3679540697659527,2.3679540697659527,2.3679540697659527,2.3679540697659527,2.3679540697659527,2.3679540697659527,2.3679540697659527,2.3679540697659527,2.3679540697659527,2.3679540697659527,2.3679540697659527,2.3679540697659527,2.3679540697659527,2.3679540697659527,2.3679540697659527,2.3679540697659527,2.3679540697659527,2.3679540697659527,2.3679540697659527,2.3679540697659527,2.3679540697659527,2.3679540697659527,2.3679540697659527,2.3679540697659527,2.3679540697659527,2.3679540697659527,2.3679540697659527,2.3679540697659527,2.3679540697659527,2.3679540697659527,2.3679540697659527,2.3679540697659527,2.3679540697659527,2.3679540697659527,2.3679540697659527,2.3679540697659527,2.3679540697659527,2.3679540697659527,2.3679540697659527,2.3679540697659527,2.3679540697659527,2.3679540697659527,2.3679540697659527,2.3679540697659527,2.3679540697659527,2.3679540697659527,2.3679540697659527,2.3679540697659527,2.3679540697659527,2.3679540697659527,2.3679540697659527,2.3679540697659527,2.3679540697659527,2.3679540697659527,2.3679540697659527,2.3679540697659527,2.3679540697659527,2.3679540697659527,2.3679540697659527,2.3679540697659527,2.3679540697659527,2.3679540697659527,2.3679540697659527,2.3679540697659527,2.3679540697659527,2.3679540697659527,2.3679540697659527,2.3679540697659527,2.3679540697659527,2.3679540697659527,2.3679540697659527,2.3679540697659527,2.3679540697659527,2.3679540697659527,2.3679540697659527,2.3679540697659527,2.3679540697659527,2.3679540697659527,2.3679540697659527,2.3679540697659527,2.3679540697659527,2.3679540697659527,2.3679540697659527,2.3679540697659527,2.3679540697659527,2.3679540697659527,2.3679540697659527,2.3679540697659527,2.3679540697659527,2.3679540697659527,2.3679540697659527,2.3679540697659527,2.3679540697659527,2.3679540697659527,2.3679540697659527,2.3679540697659527,2.3679540697659527,2.3679540697659527,2.3679540697659527,2.3679540697659527,2.3679540697659527,2.3679540697659527,2.3679540697659527,2.3679540697659527,2.3679540697659527,2.3679540697659527,2.3679540697659527,2.3679540697659527,2.3679540697659527,2.3679540697659527,2.3679540697659527,2.3679540697659527,2.3679540697659527,2.3679540697659527,2.3679540697659527,2.3679540697659527,2.3679540697659527,2.3679540697659527,2.3679540697659527,2.3679540697659527,2.3679540697659527,2.3679540697659527,2.3679540697659527,2.3679540697659527,2.3679540697659527,2.3679540697659527,2.3679540697659527,2.3679540697659527,2.3679540697659527,2.3679540697659527,2.3679540697659527,2.3679540697659527,2.3679540697659527,2.3679540697659527,2.3679540697659527,2.3679540697659527,2.3679540697659527,2.3679540697659527,2.3679540697659527,2.3679540697659527,2.3679540697659527,2.3679540697659527,2.3679540697659527,2.3679540697659527,2.3679540697659527,2.3679540697659527,2.3679540697659527,2.3679540697659527,2.3679540697659527,2.3679540697659527,2.3679540697659527,2.3679540697659527,2.3679540697659527,2.3679540697659527,2.3679540697659527,2.3679540697659527,2.3679540697659527,2.3679540697659527,2.3679540697659527,2.3679540697659527,2.3679540697659527,2.3679540697659527,2.3679540697659527,2.3679540697659527,2.3679540697659527,2.3679540697659527,2.3679540697659527,2.3679540697659527,2.3679540697659527,2.3679540697659527,2.3679540697659527,2.3679540697659527,2.3679540697659527,2.3679540697659527,2.3679540697659527,2.3679540697659527,2.3679540697659527,2.3679540697659527,2.3679540697659527,2.3679540697659527,2.3679540697659527,2.3679540697659527,2.3679540697659527,2.3679540697659527,2.3679540697659527,2.3679540697659527,2.3679540697659527,2.3679540697659527,2.3679540697659527,2.3679540697659527,2.3679540697659527,2.3679540697659527,2.3679540697659527,2.3679540697659527,2.3679540697659527,2.3679540697659527,2.3679540697659527,2.3679540697659527,2.3679540697659527,2.3679540697659527,2.3679540697659527,2.3679540697659527,2.3679540697659527,2.3679540697659527,2.3679540697659527,2.3679540697659527,2.3679540697659527,2.3679540697659527,2.3679540697659527,2.3679540697659527,2.3679540697659527,2.3679540697659527,2.3679540697659527,2.3679540697659527,2.3679540697659527,2.3679540697659527,2.3679540697659527,2.3679540697659527,2.3679540697659527,2.3679540697659527,2.3679540697659527,2.3679540697659527,2.3679540697659527,2.3679540697659527,2.3679540697659527,2.3679540697659527,2.3679540697659527,2.3679540697659527,2.3679540697659527,2.3679540697659527,2.3679540697659527,2.3679540697659527,2.3679540697659527,2.3679540697659527,2.3679540697659527,2.3679540697659527,2.3679540697659527,2.3679540697659527,2.3679540697659527,2.3679540697659527,2.3679540697659527,2.3679540697659527,2.3679540697659527,2.3679540697659527,2.3679540697659527,2.3679540697659527,2.3679540697659527,2.3679540697659527,2.3679540697659527,2.3679540697659527,2.3679540697659527,2.3679540697659527,2.3679540697659527,2.3679540697659527,2.3679540697659527,2.3679540697659527,2.3679540697659527,2.3679540697659527,2.3679540697659527,2.3679540697659527,2.3679540697659527,2.3679540697659527,2.3679540697659527,2.3679540697659527,2.3679540697659527,2.3679540697659527,2.3679540697659527,2.3679540697659527,2.3679540697659527,2.3679540697659527,2.3679540697659527,2.3679540697659527,2.3679540697659527,2.3679540697659527,2.3679540697659527,2.3679540697659527,2.3679540697659527,2.3679540697659527,2.3679540697659527,2.3679540697659527,2.3679540697659527,2.3679540697659527,2.3679540697659527,2.3679540697659527,2.3679540697659527,2.3679540697659527,2.3679540697659527,2.3679540697659527,2.3679540697659527,2.3679540697659527,2.3679540697659527,2.3679540697659527,2.3679540697659527,2.3679540697659527,2.3679540697659527,2.3679540697659527,2.3679540697659527,2.3679540697659527,2.3679540697659527,2.3679540697659527,2.3679540697659527,2.3679540697659527,2.3679540697659527,2.3679540697659527,2.3679540697659527,2.3679540697659527,2.3679540697659527,2.3679540697659527,2.3679540697659527,2.3679540697659527,2.3679540697659527,2.3679540697659527,2.3679540697659527,2.3679540697659527,2.3679540697659527,2.3679540697659527,2.3679540697659527,2.3679540697659527,2.3679540697659527,2.3679540697659527,2.3679540697659527,2.3679540697659527,2.3679540697659527,2.3679540697659527,2.3679540697659527,2.3679540697659527,2.3679540697659527,2.3679540697659527,2.3679540697659527,2.3679540697659527,2.3679540697659527,2.3679540697659527,2.3679540697659527,2.3679540697659527,2.3679540697659527,2.3679540697659527,2.3679540697659527,2.3679540697659527,2.3679540697659527,2.3679540697659527,2.3679540697659527,2.3679540697659527,2.3679540697659527,2.3679540697659527,2.3679540697659527,2.3679540697659527,2.3679540697659527,2.3679540697659527,2.3679540697659527,2.3679540697659527,2.3679540697659527,2.3679540697659527,2.3679540697659527,2.3679540697659527,2.3679540697659527,2.3679540697659527,2.3679540697659527,2.3679540697659527,2.3679540697659527,2.3679540697659527,2.3679540697659527,2.3679540697659527,2.3679540697659527,2.3679540697659527,2.3679540697659527,2.3679540697659527,2.3679540697659527,2.3679540697659527,2.3679540697659527,2.3679540697659527,2.3679540697659527,2.3679540697659527,2.3679540697659527,2.3679540697659527,2.3679540697659527,2.3679540697659527,2.3679540697659527,2.3679540697659527,2.3679540697659527,2.3679540697659527,2.3679540697659527,2.3679540697659527,2.3679540697659527,2.3679540697659527,2.3679540697659527,2.3679540697659527,2.3679540697659527,2.3679540697659527,2.3679540697659527,2.3679540697659527,2.3679540697659527,2.3679540697659527,2.3679540697659527,2.3679540697659527,2.3679540697659527,2.3679540697659527,2.3679540697659527,2.3679540697659527,2.3679540697659527,2.3679540697659527,2.3679540697659527,2.3679540697659527,2.3679540697659527,2.3679540697659527,2.3679540697659527,2.3679540697659527,2.3679540697659527,2.3679540697659527,2.3679540697659527,2.3679540697659527,2.3679540697659527,2.3679540697659527,2.3679540697659527,2.3679540697659527,2.3679540697659527,2.3679540697659527,2.3679540697659527,2.3679540697659527,2.3679540697659527,2.3679540697659527,2.3679540697659527,2.3679540697659527,2.3679540697659527,2.3679540697659527,2.3679540697659527,2.3679540697659527,2.3679540697659527,2.3679540697659527,2.3679540697659527,2.3679540697659527,2.3679540697659527,2.3679540697659527,2.3679540697659527,2.3679540697659527,2.3679540697659527,2.3679540697659527,2.3679540697659527,2.3679540697659527,2.3679540697659527,2.3679540697659527,2.3679540697659527,2.3679540697659527,2.3679540697659527,2.3679540697659527,2.3679540697659527,2.3679540697659527,2.3679540697659527,2.3679540697659527,2.3679540697659527,2.3679540697659527,2.3679540697659527,2.3679540697659527,2.3679540697659527,2.3679540697659527,2.3679540697659527,2.3679540697659527,2.3679540697659527,2.3679540697659527,2.3679540697659527,2.3679540697659527,2.3679540697659527,2.3679540697659527,2.3679540697659527,2.3679540697659527,2.3679540697659527,2.3679540697659527,2.3679540697659527,2.3679540697659527,2.3679540697659527,2.3679540697659527,2.3679540697659527,2.3679540697659527,2.3679540697659527,2.3679540697659527,2.3679540697659527,2.3679540697659527,2.3679540697659527,2.3679540697659527,2.3679540697659527,2.3679540697659527,2.3679540697659527,2.3679540697659527,2.3679540697659527,2.3679540697659527,2.3679540697659527,2.3679540697659527,2.3679540697659527,2.3679540697659527,2.3679540697659527,2.3679540697659527,2.3679540697659527,2.3679540697659527,2.3679540697659527,2.3679540697659527,2.3679540697659527,2.3679540697659527,2.3679540697659527,2.3679540697659527,2.3679540697659527,2.3679540697659527,2.3679540697659527,2.3679540697659527,2.3679540697659527,2.3679540697659527,2.3679540697659527,2.3679540697659527,2.3679540697659527,2.3679540697659527,2.3679540697659527,2.3679540697659527,2.3679540697659527,2.3679540697659527,2.3679540697659527,2.3679540697659527,2.3679540697659527,2.3679540697659527,2.3679540697659527,2.3679540697659527,2.3679540697659527,2.3679540697659527,2.3679540697659527,2.3679540697659527,2.3679540697659527,2.3679540697659527,2.3679540697659527,2.3679540697659527,2.3679540697659527,2.3679540697659527,2.3679540697659527,2.3679540697659527,2.3679540697659527,2.3679540697659527,2.3679540697659527,2.3679540697659527,2.3679540697659527,2.3679540697659527,2.3679540697659527,2.3679540697659527,2.3679540697659527,2.3679540697659527,2.3679540697659527,2.3679540697659527,2.3679540697659527,2.3679540697659527,2.3679540697659527,2.3679540697659527,2.3679540697659527,2.3679540697659527,2.3679540697659527,2.3679540697659527,2.3679540697659527,2.3679540697659527,2.3679540697659527,2.3679540697659527,2.3679540697659527,2.3679540697659527,2.3679540697659527,2.3679540697659527,2.3679540697659527,2.3679540697659527,2.3679540697659527,2.3679540697659527,2.3679540697659527,2.3679540697659527,2.3679540697659527,2.3679540697659527,2.3679540697659527,2.3679540697659527,2.3679540697659527,2.3679540697659527,2.3679540697659527,2.3679540697659527,2.3679540697659527,2.3679540697659527,2.3679540697659527,2.3679540697659527,2.3679540697659527,2.3679540697659527,2.3679540697659527,2.3679540697659527,2.3679540697659527,2.3679540697659527,2.3679540697659527,2.3679540697659527,2.3679540697659527,2.3679540697659527,2.3679540697659527,2.3679540697659527,2.3679540697659527,2.3679540697659527,2.3679540697659527,2.3679540697659527,2.3679540697659527,2.3679540697659527,2.3679540697659527,2.3679540697659527,2.3679540697659527,2.3679540697659527,2.3679540697659527,2.3679540697659527,2.3679540697659527,2.3679540697659527,2.3679540697659527,2.3679540697659527,2.3679540697659527,2.3679540697659527,2.3679540697659527,2.3679540697659527,2.3679540697659527,2.3679540697659527,2.3679540697659527,2.3679540697659527,2.3679540697659527,2.3679540697659527,2.3679540697659527,2.3679540697659527,2.3679540697659527,2.3679540697659527,2.3679540697659527,2.3679540697659527,2.3679540697659527,2.3679540697659527,2.3679540697659527,2.3679540697659527,2.3679540697659527,2.3679540697659527,2.3679540697659527,2.3679540697659527,2.3679540697659527,2.3679540697659527,2.3679540697659527,2.3679540697659527,2.3679540697659527,2.3679540697659527,2.3679540697659527,2.3679540697659527,8.270559098855063,8.270559098855063,8.16475129087761,8.16475129087761,8.16475129087761,8.16475129087761,8.078242517731153,8.078242517731153,8.078242517731153,8.078242517731153,7.610061334265789,7.565768540135612,7.565768540135612,7.565768540135612,7.565768540135612,7.562615797394295,7.562615797394295,7.562615797394295,7.547662771168936,7.547662771168936,7.547662771168936,7.547662771168936,7.547662771168936,7.547662771168936,7.547662771168936,7.547662771168936,7.280629484016344,7.280629484016344,7.280629484016344,7.280629484016344,7.253255544220626,7.20581000734913,7.20581000734913,7.20581000734913,7.20581000734913,7.180422774912851,7.180422774912851,7.180422774912851,7.169876248256432,7.169876248256432,7.169876248256432,7.169876248256432,7.169876248256432,7.169876248256432,7.169876248256432,7.169876248256432,7.169876248256432,7.169876248256432,7.169876248256432,7.169876248256432,7.169876248256432,7.169876248256432,7.169876248256432,7.169876248256432,7.169876248256432,7.169876248256432,7.169876248256432,7.169876248256432,7.169876248256432,7.169876248256432,7.169876248256432,7.169876248256432,7.169876248256432,7.169876248256432,7.169876248256432,7.169876248256432,7.169876248256432,7.169876248256432,7.169876248256432,7.169876248256432,7.169876248256432,7.169876248256432,7.14530672538212,7.14530672538212,7.14530672538212,7.14530672538212,7.136637496734119,7.136637496734119,7.136637496734119,7.136637496734119,7.136637496734119,7.136637496734119,7.136637496734119,7.136637496734119,7.136637496734119,7.136637496734119,7.136637496734119,7.136637496734119,7.136637496734119,7.136637496734119,7.136637496734119,7.136637496734119,7.136637496734119,7.1260909700777,7.1260909700777,7.1260909700777,7.1260909700777,7.1260909700777,7.1260909700777,7.1260909700777,7.1260909700777,7.1260909700777,7.1260909700777,7.1260909700777,7.1260909700777,7.1260909700777,7.1260909700777,7.1260909700777,7.1260909700777,7.1260909700777,7.1260909700777,7.1260909700777,7.1260909700777,7.1260909700777,7.1260909700777,7.1260909700777,7.1260909700777,7.1260909700777,7.1260909700777,7.1260909700777,7.1260909700777,7.1260909700777,7.1260909700777,7.1260909700777,7.1260909700777,7.1260909700777,7.1260909700777,7.1260909700777,7.1260909700777,7.1260909700777,7.1260909700777,7.1260909700777,7.1260909700777,7.1260909700777,7.1260909700777,7.1260909700777,7.1260909700777,7.1260909700777,7.1260909700777,7.1260909700777,7.1260909700777,7.1260909700777,7.0964714889503755,6.612030818702189,6.610422649318851,6.610422649318851,6.610422649318851,6.610422649318851,6.590439383278918,6.590439383278918,6.590439383278918,6.590439383278918,6.590439383278918,6.590439383278918,6.590439383278918,6.590439383278918,6.590439383278918,6.590439383278918,6.590439383278918,6.590439383278918,6.590439383278918,5.896728771736537,5.896728771736537,5.896728771736537,5.896728771736537,5.896728771736537,5.896728771736537,5.896728771736537,5.896728771736537,5.896728771736537,5.896728771736537,5.896728771736537,5.896728771736537,5.896728771736537,5.874439502540777,5.874439502540777,5.874439502540777,5.874439502540777,5.874439502540777,5.874439502540777,5.874439502540777,5.874439502540777,5.874439502540777,5.874439502540777,5.874439502540777,5.874439502540777,5.874439502540777,5.874439502540777,5.874439502540777,5.874439502540777,5.874439502540777,5.874439502540777,5.874439502540777,5.874439502540777,5.874439502540777,5.874439502540777,5.874439502540777,5.874439502540777,5.874439502540777,5.874439502540777,5.874439502540777,5.874439502540777,5.874439502540777,5.874439502540777,5.874439502540777,5.874439502540777,5.874439502540777,5.874439502540777,5.874439502540777,5.874439502540777,5.874439502540777,5.874439502540777,5.874439502540777,5.874439502540777,5.874439502540777,5.874439502540777,5.874439502540777,5.874439502540777,5.874439502540777,5.874439502540777,5.874439502540777,5.874439502540777,5.874439502540777,5.874439502540777,5.874439502540777,5.874439502540777,5.874439502540777,5.874439502540777,5.874439502540777,5.874439502540777,5.874439502540777,5.874439502540777,5.874439502540777,5.874439502540777,5.874439502540777,5.874439502540777,5.874439502540777,5.874439502540777,5.874439502540777,5.874439502540777,5.874439502540777,5.874439502540777,5.874439502540777,5.874439502540777,5.874439502540777,5.874439502540777,5.874439502540777,5.874439502540777,5.874439502540777,5.874439502540777,5.874439502540777,5.874439502540777,5.874439502540777,5.874439502540777,5.874439502540777,5.874439502540777,5.874439502540777,5.874439502540777,5.874439502540777,5.874439502540777,5.874439502540777,5.874439502540777,5.874439502540777,5.874439502540777,5.874439502540777,5.874439502540777,5.874439502540777,5.874439502540777,5.874439502540777,5.874439502540777,5.874439502540777,5.874439502540777,5.874439502540777,5.874439502540777,5.874439502540777,5.874439502540777,5.874439502540777,5.874439502540777,5.874439502540777,5.874439502540777,5.874439502540777,5.874439502540777,5.874439502540777,5.874439502540777,5.874439502540777,5.874439502540777,5.874439502540777,5.874439502540777,5.874439502540777,5.874439502540777,5.874439502540777,5.874439502540777,5.874439502540777,5.874439502540777,5.874439502540777,5.874439502540777,5.874439502540777,5.874439502540777,5.874439502540777,5.874439502540777,5.874439502540777,5.874439502540777,5.874439502540777,5.874439502540777,5.874439502540777,5.874439502540777,5.874439502540777,5.874439502540777,5.874439502540777,5.874439502540777,5.874439502540777,5.874439502540777,5.874439502540777,5.874439502540777,5.874439502540777,5.874439502540777,5.874439502540777,5.874439502540777,5.874439502540777,5.874439502540777,5.874439502540777,5.874439502540777,5.874439502540777,5.874439502540777,5.874439502540777,5.874439502540777,5.874439502540777,5.874439502540777,5.874439502540777,5.874439502540777,5.874439502540777,5.874439502540777,5.874439502540777,5.874439502540777,5.874439502540777,5.874439502540777,5.874439502540777,5.874439502540777,5.874439502540777,5.207184681999582,5.207184681999582,5.207184681999582,5.207184681999582,5.207184681999582,5.207184681999582,5.207184681999582,5.207184681999582,4.839678639317939,4.839678639317939,4.839678639317939,4.763171676336294,4.763171676336294,4.763171676336294,4.763171676336294,4.763171676336294,4.763171676336294,4.763171676336294,4.763171676336294,4.763171676336294,4.763171676336294,4.763171676336294,4.743628063378505,4.743628063378505,4.743628063378505,4.743628063378505,4.743628063378505,4.743628063378505,4.743628063378505,4.743628063378505,4.743628063378505,4.743628063378505,4.743628063378505,4.743628063378505,4.743628063378505,4.743628063378505,4.743628063378505,4.743628063378505,4.743628063378505,4.743628063378505,4.743628063378505,4.743628063378505,4.743628063378505,4.743628063378505,4.743628063378505,4.743628063378505,4.743628063378505,4.743628063378505,4.743628063378505,4.743628063378505,4.743628063378505,4.743628063378505,4.743628063378505,4.743628063378505,4.743628063378505,4.743628063378505,4.743628063378505,4.743628063378505,4.743628063378505,4.743628063378505,4.743628063378505,4.743628063378505,4.743628063378505,4.743628063378505,4.743628063378505,4.743628063378505,4.743628063378505,4.743628063378505,4.743628063378505,4.743628063378505,4.743628063378505,4.743628063378505,4.743628063378505,4.743628063378505,4.743628063378505,4.743628063378505,4.743628063378505,4.743628063378505,4.743628063378505,4.743628063378505,4.743628063378505,4.743628063378505,4.743628063378505,4.743628063378505,4.743628063378505,4.743628063378505,4.743628063378505,4.743628063378505,4.743628063378505,4.743628063378505,4.743628063378505,4.743628063378505,4.743628063378505,4.743628063378505,4.743628063378505,4.743628063378505,4.743628063378505,4.743628063378505,4.743628063378505,4.743628063378505,4.743628063378505,4.743628063378505,4.743628063378505,4.743628063378505,4.743628063378505,4.743628063378505,4.743628063378505,4.743628063378505,4.743628063378505,4.743628063378505,4.743628063378505,4.743628063378505,4.743628063378505,4.743628063378505,4.743628063378505,4.743628063378505,4.743628063378505,4.743628063378505,4.743628063378505,4.743628063378505,4.743628063378505,4.743628063378505,4.743628063378505,4.743628063378505,4.743628063378505,4.743628063378505,4.743628063378505,4.743628063378505,4.743628063378505,4.743628063378505,4.743628063378505,4.743628063378505,4.743628063378505,4.743628063378505,4.743628063378505,4.743628063378505,4.743628063378505,4.743628063378505,4.743628063378505,4.743628063378505,4.743628063378505,4.743628063378505,4.743628063378505,4.743628063378505,4.743628063378505,4.743628063378505,4.743628063378505,4.743628063378505,4.743628063378505,4.743628063378505,4.743628063378505,4.743628063378505,4.743628063378505,4.743628063378505,4.743628063378505,4.743628063378505,4.743628063378505,4.743628063378505,4.743628063378505,4.743628063378505,4.743628063378505,4.743628063378505,4.743628063378505,4.743628063378505,4.743628063378505,4.743628063378505,4.743628063378505,4.743628063378505,4.743628063378505,4.743628063378505,4.743628063378505,4.743628063378505,4.743628063378505,4.743628063378505,4.743628063378505,4.743628063378505,4.743628063378505,4.743628063378505,4.743628063378505,4.743628063378505,4.743628063378505,4.743628063378505,4.743628063378505,4.743628063378505,4.743628063378505,4.743628063378505,4.743628063378505,4.743628063378505,4.743628063378505,4.743628063378505,4.743628063378505,4.743628063378505,4.743628063378505,4.743628063378505,4.743628063378505,4.743628063378505,4.743628063378505,4.743628063378505,4.743628063378505,4.743628063378505,4.743628063378505,4.743628063378505,4.743628063378505,4.743628063378505,4.743628063378505,4.743628063378505,4.743628063378505,4.743628063378505,4.743628063378505,4.743628063378505,4.743628063378505,4.743628063378505,4.743628063378505,4.743628063378505,4.743628063378505,4.743628063378505,4.743628063378505,4.743628063378505,4.743628063378505,4.743628063378505,4.743628063378505,4.743628063378505,4.743628063378505,4.743628063378505,4.743628063378505,4.743628063378505,4.743628063378505,4.743628063378505,4.743628063378505,4.743628063378505,4.743628063378505,4.743628063378505,4.743628063378505,4.743628063378505,4.743628063378505,4.743628063378505,4.743628063378505,4.743628063378505,4.743628063378505,4.743628063378505,4.743628063378505,4.743628063378505,4.743628063378505,4.743628063378505,4.743628063378505,4.743628063378505,4.743628063378505,4.743628063378505,4.743628063378505,4.743628063378505,4.743628063378505,4.743628063378505,4.743628063378505,4.743628063378505,4.743628063378505,4.743628063378505,4.743628063378505,4.743628063378505,4.743628063378505,4.743628063378505,4.743628063378505,4.743628063378505,4.743628063378505,4.743628063378505,4.743628063378505,4.743628063378505,4.743628063378505,4.743628063378505,4.743628063378505,4.743628063378505,4.743628063378505,4.743628063378505,4.743628063378505,4.743628063378505,4.743628063378505,4.743628063378505,4.743628063378505,4.743628063378505,4.743628063378505,4.743628063378505,4.743628063378505,4.743628063378505,4.743628063378505,4.743628063378505,4.743628063378505,4.743628063378505,4.743628063378505,4.743628063378505,4.743628063378505,4.743628063378505,4.743628063378505,4.743628063378505,4.743628063378505,4.743628063378505,4.743628063378505,4.743628063378505,4.743628063378505,4.743628063378505,4.743628063378505,4.743628063378505,4.743628063378505,4.743628063378505,4.743628063378505,4.743628063378505,4.743628063378505,4.743628063378505,4.743628063378505,4.743628063378505,4.743628063378505,4.743628063378505,4.743628063378505,4.743628063378505,4.743628063378505,4.743628063378505,4.743628063378505,4.743628063378505,4.743628063378505,4.743628063378505,4.743628063378505,4.743628063378505,4.743628063378505,4.743628063378505,4.743628063378505,4.743628063378505,4.743628063378505,4.743628063378505,4.743628063378505,4.743628063378505,4.743628063378505,4.743628063378505,4.743628063378505,4.743628063378505,4.743628063378505,4.743628063378505,4.743628063378505,4.743628063378505,4.743628063378505,4.743628063378505,4.743628063378505,4.743628063378505,4.743628063378505,4.743628063378505,4.743628063378505,4.743628063378505,4.743628063378505,4.743628063378505,4.743628063378505,4.743628063378505,4.743628063378505,4.743628063378505,4.743628063378505,4.743628063378505,4.743628063378505,4.743628063378505,4.743628063378505,4.743628063378505,4.743628063378505,4.743628063378505,4.743628063378505,4.743628063378505,4.743628063378505,4.743628063378505,4.743628063378505,4.743628063378505,4.743628063378505,4.743628063378505,4.743628063378505,4.743628063378505,4.743628063378505,4.743628063378505,4.743628063378505,4.743628063378505,4.743628063378505,4.743628063378505,4.743628063378505,4.743628063378505,4.743628063378505,4.743628063378505,4.743628063378505,4.743628063378505,4.743628063378505,4.743628063378505,4.743628063378505,4.743628063378505,4.743628063378505,4.743628063378505,4.743628063378505,4.743628063378505,4.743628063378505,4.743628063378505,4.743628063378505,4.743628063378505,4.743628063378505,4.743628063378505,4.743628063378505,4.743628063378505,4.743628063378505,4.743628063378505,4.743628063378505,4.743628063378505,4.743628063378505,4.743628063378505,4.743628063378505,4.743628063378505,4.743628063378505,4.743628063378505,4.743628063378505,4.743628063378505,4.743628063378505,4.743628063378505,4.743628063378505,4.743628063378505,4.743628063378505,4.743628063378505,4.743628063378505,4.743628063378505,4.743628063378505,4.743628063378505,4.743628063378505,4.743628063378505,4.743628063378505,4.743628063378505,4.743628063378505,4.743628063378505,4.743628063378505,4.743628063378505,4.743628063378505,4.743628063378505,4.743628063378505,4.743628063378505,4.743628063378505,4.743628063378505,4.743628063378505,4.743628063378505,4.743628063378505,4.743628063378505,4.743628063378505,4.743628063378505,4.743628063378505,4.743628063378505,4.743628063378505,4.743628063378505,4.743628063378505,4.743628063378505,4.743628063378505,4.743628063378505,4.743628063378505,4.743628063378505,4.743628063378505,4.743628063378505,4.743628063378505,4.743628063378505,4.743628063378505,4.743628063378505,4.743628063378505,4.743628063378505,4.743628063378505,4.743628063378505,4.743628063378505,4.743628063378505,4.743628063378505,4.743628063378505,4.743628063378505,4.743628063378505,4.743628063378505,4.743628063378505,4.743628063378505,4.743628063378505,4.743628063378505,4.743628063378505,4.743628063378505,4.743628063378505,4.743628063378505,4.743628063378505,4.743628063378505,4.743628063378505,4.743628063378505,4.743628063378505,4.743628063378505,4.743628063378505,4.743628063378505,4.743628063378505,4.743628063378505,4.743628063378505,4.743628063378505,4.743628063378505,4.743628063378505,4.743628063378505,4.743628063378505,4.743628063378505,4.743628063378505,4.743628063378505,4.743628063378505,4.743628063378505,4.743628063378505,4.743628063378505,4.743628063378505,4.743628063378505,4.743628063378505,4.743628063378505,4.743628063378505,4.743628063378505,4.743628063378505,4.743628063378505,4.743628063378505,4.743628063378505,4.743628063378505,4.743628063378505,4.743628063378505,4.743628063378505,4.743628063378505,4.743628063378505,4.743628063378505,4.743628063378505,4.743628063378505,4.743628063378505,4.743628063378505,4.743628063378505,4.743628063378505,4.743628063378505,4.743628063378505,4.743628063378505,4.743628063378505,4.743628063378505,4.743628063378505,4.743628063378505,4.743628063378505,4.743628063378505,4.743628063378505,4.743628063378505,4.743628063378505,4.743628063378505,4.743628063378505,4.743628063378505,4.743628063378505,4.743628063378505,4.743628063378505,4.743628063378505,4.743628063378505,4.743628063378505,4.743628063378505,4.743628063378505,4.743628063378505,4.743628063378505,4.743628063378505,4.743628063378505,4.743628063378505,4.743628063378505,4.743628063378505,4.743628063378505,4.743628063378505,4.743628063378505,4.743628063378505,4.743628063378505,4.743628063378505,4.743628063378505,4.743628063378505,4.743628063378505,4.743628063378505,4.743628063378505,4.743628063378505,4.743628063378505,4.743628063378505,4.743628063378505,4.743628063378505,4.743628063378505,4.743628063378505,4.743628063378505,4.743628063378505,4.743628063378505,4.743628063378505,4.743628063378505,4.743628063378505,4.743628063378505,4.743628063378505,4.743628063378505,4.743628063378505,4.743628063378505,4.743628063378505,4.743628063378505,4.743628063378505,4.743628063378505,4.743628063378505,4.743628063378505,4.743628063378505,4.743628063378505,4.743628063378505,4.743628063378505,4.743628063378505,4.743628063378505,4.743628063378505,4.743628063378505,4.743628063378505,4.743628063378505,4.743628063378505,4.743628063378505,4.743628063378505,4.743628063378505,4.743628063378505,4.743628063378505,4.743628063378505,4.743628063378505,4.743628063378505,4.743628063378505,4.743628063378505,4.743628063378505,4.743628063378505,4.743628063378505,4.743628063378505,4.743628063378505,4.743628063378505,4.743628063378505,4.743628063378505,4.743628063378505,4.743628063378505,4.743628063378505,4.743628063378505,4.743628063378505,4.743628063378505,4.743628063378505,4.743628063378505,4.743628063378505,4.743628063378505,4.743628063378505,4.743628063378505,4.743628063378505,4.743628063378505,4.743628063378505,4.743628063378505,4.743628063378505,4.743628063378505,4.743628063378505,4.743628063378505,4.743628063378505,4.743628063378505,4.743628063378505,4.743628063378505,4.743628063378505,4.743628063378505,4.743628063378505,4.743628063378505,4.743628063378505,4.743628063378505,4.743628063378505,4.743628063378505,4.743628063378505,4.743628063378505,4.743628063378505,4.743628063378505,4.743628063378505,4.743628063378505,4.743628063378505,4.743628063378505,4.743628063378505,4.743628063378505,4.743628063378505,4.743628063378505,4.743628063378505,4.743628063378505,4.743628063378505,4.743628063378505,8.119881214793173,7.327860284700703,6.274343926553348,6.274343926553348,6.274343926553348,6.274343926553348,6.067409492076765,6.067409492076765,6.067409492076765,6.02487699993711,6.02487699993711,6.02487699993711,6.02487699993711,5.958658107792213,5.958658107792213,5.958658107792213,5.958658107792213,5.958658107792213,5.958658107792213,5.958658107792213,5.958658107792213,5.958658107792213,5.958658107792213,5.958658107792213,5.958658107792213,5.958658107792213,5.709309168245889,5.709309168245889,5.709309168245889,5.709309168245889,5.709309168245889,5.709309168245889,5.709309168245889,5.709309168245889,5.6667766761062355,5.6667766761062355,5.6667766761062355,5.6667766761062355,5.6667766761062355,5.6667766761062355,5.6667766761062355,5.6667766761062355,5.6667766761062355,5.6667766761062355,5.6667766761062355,5.6667766761062355,5.6667766761062355,5.6667766761062355,5.6667766761062355,5.6667766761062355,5.6667766761062355,5.6667766761062355,5.6667766761062355,5.6667766761062355,5.6667766761062355,5.6667766761062355,5.6667766761062355,5.6667766761062355,5.6667766761062355,5.6667766761062355,5.6667766761062355,5.6667766761062355,5.6667766761062355,5.6667766761062355,5.6667766761062355,5.6667766761062355,5.6667766761062355,5.6667766761062355,5.6667766761062355,5.6667766761062355,5.6667766761062355,5.6667766761062355,5.6667766761062355,5.6667766761062355,5.6667766761062355,5.6667766761062355,5.6667766761062355,5.6667766761062355,5.6667766761062355,5.6667766761062355,5.6667766761062355,5.6667766761062355,5.6667766761062355,5.6667766761062355,5.6667766761062355,5.6667766761062355,5.6667766761062355,5.6667766761062355,5.6667766761062355,5.6667766761062355,5.6667766761062355,5.6667766761062355,5.6667766761062355,5.6667766761062355,5.6667766761062355,5.6667766761062355,5.6667766761062355,5.6667766761062355,5.6667766761062355,5.6667766761062355,5.6667766761062355,5.6667766761062355,5.6667766761062355,5.6667766761062355,5.6667766761062355,5.6667766761062355,5.6667766761062355,5.6667766761062355,5.6667766761062355,5.6667766761062355,5.6667766761062355,5.6667766761062355,5.6667766761062355,5.6667766761062355,5.6667766761062355,5.6667766761062355,5.6667766761062355,5.6667766761062355,5.6667766761062355,5.6667766761062355,5.6667766761062355,5.6667766761062355,5.6667766761062355,5.6667766761062355,5.6667766761062355,5.6667766761062355,5.6667766761062355,5.6667766761062355,5.6667766761062355,5.6667766761062355,5.586923040306953,5.303826410766059,5.303826410766059,5.303826410766059,5.303826410766059,5.303826410766059,5.298570287266248,5.155186353132301,5.155186353132301,5.155186353132301,5.061775125237659,5.061775125237659,4.862743465981725,4.778102217705352,4.778102217705352,4.778102217705352,4.778102217705352,4.389650113074101,4.389650113074101,4.389650113074101,4.389650113074101,4.389650113074101,4.389650113074101,4.389650113074101,4.389650113074101,4.389650113074101,4.389650113074101,4.389650113074101,4.389650113074101,4.389650113074101,4.389650113074101,4.389650113074101,4.389650113074101,4.389650113074101,4.389650113074101,4.389650113074101,4.389650113074101,4.389650113074101,4.389650113074101,4.389650113074101,4.389650113074101,4.389650113074101,4.389650113074101,4.389650113074101,4.389650113074101,4.389650113074101,4.389650113074101,4.389650113074101,4.389650113074101,4.389650113074101,4.389650113074101,4.389650113074101,4.389650113074101,4.389650113074101,4.389650113074101,4.389650113074101,4.389650113074101,4.389650113074101,4.389650113074101,4.389650113074101,4.389650113074101,4.389650113074101,4.389650113074101,4.389650113074101,4.389650113074101,4.389650113074101,4.389650113074101,4.389650113074101,4.389650113074101,4.389650113074101,4.389650113074101,4.389650113074101,4.389650113074101,4.389650113074101,4.389650113074101,4.389650113074101,4.389650113074101,4.389650113074101,4.389650113074101,4.389650113074101,4.389650113074101,4.389650113074101,4.389650113074101,4.389650113074101,4.389650113074101,4.389650113074101,4.389650113074101,4.389650113074101,4.389650113074101,4.389650113074101,4.389650113074101,4.389650113074101,4.389650113074101,4.389650113074101,4.389650113074101,4.389650113074101,4.389650113074101,4.389650113074101,4.389650113074101,4.389650113074101,4.389650113074101,4.389650113074101,4.389650113074101,4.389650113074101,4.389650113074101,4.389650113074101,4.389650113074101,4.389650113074101,4.389650113074101,4.389650113074101,4.389650113074101,4.389650113074101,4.389650113074101,4.389650113074101,4.389650113074101,4.389650113074101,4.389650113074101,4.389650113074101,4.389650113074101,4.389650113074101,4.389650113074101,4.389650113074101,4.389650113074101,4.389650113074101,4.389650113074101,4.389650113074101,4.389650113074101,4.389650113074101,4.389650113074101,4.389650113074101,4.389650113074101,4.389650113074101,4.389650113074101,4.389650113074101,4.389650113074101,4.389650113074101,4.389650113074101,4.389650113074101,4.389650113074101,4.389650113074101,4.389650113074101,4.389650113074101,4.389650113074101,4.389650113074101,4.389650113074101,4.389650113074101,4.389650113074101,4.389650113074101,4.389650113074101,4.389650113074101,4.389650113074101,4.389650113074101,4.389650113074101,4.389650113074101,4.389650113074101,4.389650113074101,4.389650113074101,4.389650113074101,4.389650113074101,4.389650113074101,4.389650113074101,4.389650113074101,4.389650113074101,4.389650113074101,4.389650113074101,4.389650113074101,4.389650113074101,4.389650113074101,4.389650113074101,4.389650113074101,4.389650113074101,4.389650113074101,4.389650113074101,4.389650113074101,4.389650113074101,4.389650113074101,4.389650113074101,4.389650113074101,4.389650113074101,4.389650113074101,4.389650113074101,4.389650113074101,4.389650113074101,4.389650113074101,4.389650113074101,4.389650113074101,4.389650113074101,4.389650113074101,4.389650113074101,4.389650113074101,4.389650113074101,4.389650113074101,4.389650113074101,4.389650113074101,4.389650113074101,4.389650113074101,4.389650113074101,4.389650113074101,4.389650113074101,4.389650113074101,4.389650113074101,4.389650113074101,4.389650113074101,4.389650113074101,4.389650113074101,4.389650113074101,4.389650113074101,4.389650113074101,4.389650113074101,4.389650113074101,4.389650113074101,4.389650113074101,4.389650113074101,4.389650113074101,4.389650113074101,4.389650113074101,4.389650113074101,4.389650113074101,4.389650113074101,4.389650113074101,4.389650113074101,4.389650113074101,4.389650113074101,4.389650113074101,4.389650113074101,4.389650113074101,4.389650113074101,4.389650113074101,4.389650113074101,4.389650113074101,4.389650113074101,4.389650113074101,4.389650113074101,4.389650113074101,4.389650113074101,4.389650113074101,4.389650113074101,4.389650113074101,4.389650113074101,4.389650113074101,4.389650113074101,4.389650113074101,4.389650113074101,4.389650113074101,4.389650113074101,4.389650113074101,4.389650113074101,4.389650113074101,4.389650113074101,4.389650113074101,4.389650113074101,4.389650113074101,4.389650113074101,4.389650113074101,4.389650113074101,4.389650113074101,4.389650113074101,4.389650113074101,4.389650113074101,4.389650113074101,4.389650113074101,4.389650113074101,4.389650113074101,4.389650113074101,4.389650113074101,4.389650113074101,4.389650113074101,4.389650113074101,4.389650113074101,4.389650113074101,4.389650113074101,4.389650113074101,4.389650113074101,4.389650113074101,4.389650113074101,4.389650113074101,4.389650113074101,4.389650113074101,4.389650113074101,4.389650113074101,4.389650113074101,4.389650113074101,4.389650113074101,4.389650113074101,4.389650113074101,4.389650113074101,4.389650113074101,4.389650113074101,4.389650113074101,4.389650113074101,4.389650113074101,4.389650113074101,4.389650113074101,4.389650113074101,4.389650113074101,4.389650113074101,4.389650113074101,4.389650113074101,4.389650113074101,4.389650113074101,4.389650113074101,4.389650113074101,4.389650113074101,4.389650113074101,4.389650113074101,4.389650113074101,4.389650113074101,4.389650113074101,4.389650113074101,4.389650113074101,4.389650113074101,4.389650113074101,4.389650113074101,4.389650113074101,4.389650113074101,4.389650113074101,4.389650113074101,4.389650113074101,4.389650113074101,4.389650113074101,4.389650113074101,4.389650113074101,4.389650113074101,4.389650113074101,4.389650113074101,4.389650113074101,4.389650113074101,4.389650113074101,4.389650113074101,4.389650113074101,4.389650113074101,4.389650113074101,4.389650113074101,4.389650113074101,4.389650113074101,4.389650113074101,4.389650113074101,4.389650113074101,4.389650113074101,4.389650113074101,4.389650113074101,4.389650113074101,4.389650113074101,4.389650113074101,4.389650113074101,4.389650113074101,4.389650113074101,4.389650113074101,4.389650113074101,4.389650113074101,4.389650113074101,4.389650113074101,4.389650113074101,4.389650113074101,4.389650113074101,4.389650113074101,4.389650113074101,4.389650113074101,4.389650113074101,4.389650113074101,4.389650113074101,4.389650113074101,4.389650113074101,4.389650113074101,4.389650113074101,4.389650113074101,4.389650113074101,4.389650113074101,4.389650113074101,4.389650113074101,4.389650113074101,4.389650113074101,4.389650113074101,4.389650113074101,4.389650113074101,4.389650113074101,4.389650113074101,4.389650113074101,4.389650113074101,4.389650113074101,4.389650113074101,4.389650113074101,4.389650113074101,4.389650113074101,4.389650113074101,4.389650113074101,4.389650113074101,4.389650113074101,4.389650113074101,4.389650113074101,4.389650113074101,4.389650113074101,4.389650113074101,4.389650113074101,4.389650113074101,4.389650113074101,4.389650113074101,4.389650113074101,4.389650113074101,4.389650113074101,4.389650113074101,4.389650113074101,4.389650113074101,4.389650113074101,4.389650113074101,4.389650113074101,4.389650113074101,4.389650113074101,4.389650113074101,4.389650113074101,4.389650113074101,4.389650113074101,4.389650113074101,4.389650113074101,4.389650113074101,4.389650113074101,4.389650113074101,4.389650113074101,4.389650113074101,4.389650113074101,4.389650113074101,4.389650113074101,4.389650113074101,4.389650113074101,4.389650113074101,4.389650113074101,4.389650113074101,4.389650113074101,4.389650113074101,4.389650113074101,4.389650113074101,4.389650113074101,4.389650113074101,4.389650113074101,4.389650113074101,4.389650113074101,4.389650113074101,4.389650113074101,4.389650113074101,4.389650113074101,4.389650113074101,4.389650113074101,4.389650113074101,4.389650113074101,4.389650113074101,4.389650113074101,4.389650113074101,4.389650113074101,4.389650113074101,4.389650113074101,4.389650113074101,4.389650113074101,4.389650113074101,4.389650113074101,4.389650113074101,4.389650113074101,4.389650113074101,4.389650113074101,4.389650113074101,4.389650113074101,4.389650113074101,4.389650113074101,4.389650113074101,4.389650113074101,4.389650113074101,4.389650113074101,4.389650113074101,4.389650113074101,4.389650113074101,4.389650113074101,4.389650113074101,4.389650113074101,4.389650113074101,4.389650113074101,4.389650113074101,4.389650113074101,4.389650113074101,4.389650113074101,4.389650113074101,4.389650113074101,4.389650113074101,4.389650113074101,4.389650113074101,4.389650113074101,4.389650113074101,4.389650113074101,4.389650113074101,4.389650113074101,4.389650113074101,4.389650113074101,4.389650113074101,4.389650113074101,4.389650113074101,4.389650113074101,4.389650113074101,4.389650113074101,4.389650113074101,4.389650113074101,4.389650113074101,4.389650113074101,4.389650113074101,4.389650113074101,4.389650113074101,4.389650113074101,4.389650113074101,4.389650113074101,4.389650113074101,4.389650113074101,4.389650113074101,4.389650113074101,4.389650113074101,4.389650113074101,4.389650113074101,4.389650113074101,4.389650113074101,4.389650113074101,4.389650113074101,4.389650113074101,4.389650113074101,4.389650113074101,4.389650113074101,4.389650113074101,4.389650113074101,4.389650113074101,4.389650113074101,4.389650113074101,4.389650113074101,4.389650113074101,4.389650113074101,4.389650113074101,4.389650113074101,4.389650113074101,4.389650113074101,4.389650113074101,4.389650113074101,4.389650113074101,4.389650113074101,4.389650113074101,4.389650113074101,4.389650113074101,4.389650113074101,4.389650113074101,4.389650113074101,4.389650113074101,4.389650113074101,4.389650113074101,4.389650113074101,4.389650113074101,4.389650113074101,4.389650113074101,4.389650113074101,4.389650113074101,4.389650113074101,4.389650113074101,4.389650113074101,4.389650113074101,4.389650113074101,4.389650113074101,4.389650113074101,4.389650113074101,4.389650113074101,4.389650113074101,4.389650113074101,4.389650113074101,3.641557954241384,3.1080364457773206,3.1080364457773206,3.1080364457773206,3.1080364457773206,3.1080364457773206,3.1080364457773206,3.1080364457773206,3.1080364457773206,3.1080364457773206,3.1080364457773206,3.1080364457773206,3.1080364457773206,3.1080364457773206,3.1080364457773206,3.1080364457773206,3.1080364457773206,3.1080364457773206,3.1080364457773206,3.1080364457773206,3.1080364457773206,3.1080364457773206,3.1080364457773206,3.1080364457773206,3.1080364457773206,3.1080364457773206,3.1080364457773206,3.1080364457773206,3.1080364457773206,3.1080364457773206,3.1080364457773206,3.1080364457773206,3.1080364457773206,3.1080364457773206,3.1080364457773206,3.1080364457773206,3.1080364457773206,3.1080364457773206,3.1080364457773206,3.1080364457773206,3.1080364457773206,3.1080364457773206,3.1080364457773206,3.1080364457773206,3.1080364457773206,3.1080364457773206,3.1080364457773206,3.1080364457773206,3.1080364457773206,3.1080364457773206,3.1080364457773206,3.1080364457773206,3.1080364457773206,3.1080364457773206,3.1080364457773206,3.1080364457773206,3.1080364457773206,3.1080364457773206,3.1080364457773206,3.1080364457773206,3.1080364457773206,3.1080364457773206,3.1080364457773206,3.1080364457773206,3.1080364457773206,3.1080364457773206,3.1080364457773206,3.1080364457773206,3.1080364457773206,3.1080364457773206,3.1080364457773206,3.1080364457773206,3.1080364457773206,3.1080364457773206,3.1080364457773206,3.1080364457773206,3.1080364457773206,3.1080364457773206,3.1080364457773206,3.1080364457773206,3.1080364457773206,3.1080364457773206,3.1080364457773206,3.1080364457773206,3.1080364457773206,3.1080364457773206,3.1080364457773206,3.1080364457773206,3.1080364457773206,3.1080364457773206,3.1080364457773206,3.1080364457773206,3.1080364457773206,3.1080364457773206,3.1080364457773206,3.1080364457773206,3.1080364457773206,3.1080364457773206,3.1080364457773206,3.1080364457773206,3.1080364457773206,3.1080364457773206,3.1080364457773206,3.1080364457773206,3.1080364457773206,3.1080364457773206,3.1080364457773206,3.1080364457773206,3.1080364457773206,3.1080364457773206,3.1080364457773206,3.1080364457773206,3.1080364457773206,3.1080364457773206,3.1080364457773206,3.1080364457773206,3.1080364457773206,3.1080364457773206,3.1080364457773206,3.1080364457773206,3.1080364457773206,3.1080364457773206,3.1080364457773206,3.1080364457773206,3.1080364457773206,3.1080364457773206,3.1080364457773206,3.1080364457773206,3.1080364457773206,3.1080364457773206,3.1080364457773206,3.1080364457773206,3.1080364457773206,3.1080364457773206,3.1080364457773206,3.1080364457773206,3.1080364457773206,3.1080364457773206,3.1080364457773206,3.1080364457773206,3.1080364457773206,3.1080364457773206,3.1080364457773206,3.1080364457773206,3.1080364457773206,3.1080364457773206,3.1080364457773206,3.1080364457773206,3.1080364457773206,3.1080364457773206,3.1080364457773206,3.1080364457773206,3.1080364457773206,3.1080364457773206,3.1080364457773206,3.1080364457773206,3.1080364457773206,3.1080364457773206,3.1080364457773206,3.1080364457773206,3.1080364457773206,3.1080364457773206,3.1080364457773206,3.1080364457773206,3.1080364457773206,3.1080364457773206,3.1080364457773206,3.1080364457773206,3.1080364457773206,3.1080364457773206,3.1080364457773206,3.1080364457773206,3.1080364457773206,3.1080364457773206,3.1080364457773206,3.1080364457773206,3.1080364457773206,3.1080364457773206,3.1080364457773206,3.1080364457773206,3.1080364457773206,3.1080364457773206,3.1080364457773206,3.1080364457773206,3.1080364457773206,3.1080364457773206,3.1080364457773206,3.1080364457773206,3.1080364457773206,3.1080364457773206,3.1080364457773206,3.1080364457773206,3.1080364457773206,3.1080364457773206,3.1080364457773206,3.1080364457773206,3.1080364457773206,3.1080364457773206,3.1080364457773206,3.1080364457773206,3.1080364457773206,3.1080364457773206,3.1080364457773206,3.1080364457773206,3.1080364457773206,3.1080364457773206,3.1080364457773206,3.1080364457773206,3.1080364457773206,3.1080364457773206,3.1080364457773206,3.1080364457773206,3.1080364457773206,3.1080364457773206,3.1080364457773206,3.1080364457773206,3.1080364457773206,3.1080364457773206,3.1080364457773206,3.1080364457773206,3.1080364457773206,3.1080364457773206,3.1080364457773206,3.1080364457773206,3.1080364457773206,3.1080364457773206,3.1080364457773206,3.1080364457773206,3.1080364457773206,3.1080364457773206,3.1080364457773206,3.1080364457773206,3.1080364457773206,3.1080364457773206,3.1080364457773206,3.1080364457773206,3.1080364457773206,3.1080364457773206,3.1080364457773206,3.1080364457773206,3.1080364457773206,3.1080364457773206,3.1080364457773206,3.1080364457773206,3.1080364457773206,3.1080364457773206,3.1080364457773206,3.1080364457773206,3.1080364457773206,3.1080364457773206,3.1080364457773206,3.1080364457773206,3.1080364457773206,3.1080364457773206,3.1080364457773206,3.1080364457773206,3.1080364457773206,3.1080364457773206,3.1080364457773206,3.1080364457773206,3.1080364457773206,3.1080364457773206,3.1080364457773206,3.1080364457773206,3.1080364457773206,3.1080364457773206,3.1080364457773206,3.1080364457773206,3.1080364457773206,3.1080364457773206,3.1080364457773206,3.1080364457773206,3.1080364457773206,3.1080364457773206,3.1080364457773206,3.1080364457773206,3.1080364457773206,3.1080364457773206,3.1080364457773206,3.1080364457773206,3.1080364457773206,3.1080364457773206,3.1080364457773206,3.1080364457773206,3.1080364457773206,3.1080364457773206,3.1080364457773206,3.1080364457773206,3.1080364457773206,3.1080364457773206,3.1080364457773206,3.1080364457773206,3.1080364457773206,3.1080364457773206,3.1080364457773206,3.1080364457773206,3.1080364457773206,3.1080364457773206,3.1080364457773206,3.1080364457773206,3.1080364457773206,3.1080364457773206,3.1080364457773206,3.1080364457773206,3.1080364457773206,3.1080364457773206,8.072913539336836,7.578689198602561,7.578689198602561,6.87358516938595,6.87358516938595,6.87358516938595,6.87358516938595,6.87358516938595,6.87358516938595,6.87358516938595,6.87358516938595,6.87358516938595,6.87358516938595,6.87358516938595,6.87358516938595,6.533607202603056,6.533607202603056,6.533607202603056,6.533607202603056,6.3553588816152695,6.3553588816152695,6.3553588816152695,6.3553588816152695,6.3553588816152695,6.3553588816152695,6.3553588816152695,6.3553588816152695,6.3553588816152695,6.3553588816152695,6.3553588816152695,6.3553588816152695,6.3553588816152695,6.3553588816152695,6.3553588816152695,6.3553588816152695,6.3553588816152695,6.3553588816152695,6.3553588816152695,6.3553588816152695,6.3553588816152695,6.3553588816152695,6.3553588816152695,6.3553588816152695,6.3553588816152695,6.3553588816152695,6.3553588816152695,6.3553588816152695,6.3553588816152695,6.3553588816152695,6.3553588816152695,6.3553588816152695,6.3553588816152695,6.3553588816152695,6.3553588816152695,6.3553588816152695,6.3553588816152695,6.3553588816152695,6.3553588816152695,6.3553588816152695,6.3553588816152695,6.3553588816152695,6.3553588816152695,6.3553588816152695,6.3553588816152695,6.3553588816152695,6.3553588816152695,6.3553588816152695,6.3553588816152695,6.3553588816152695,6.3553588816152695,6.3553588816152695,6.3553588816152695,6.3553588816152695,6.3553588816152695,6.3553588816152695,6.3553588816152695,6.3553588816152695,6.3553588816152695,6.3553588816152695,6.3553588816152695,6.3553588816152695,6.3553588816152695,6.3553588816152695,6.3553588816152695,6.3553588816152695,6.3553588816152695,6.3553588816152695,6.3553588816152695,6.3553588816152695,6.3553588816152695,6.3553588816152695,6.3553588816152695,6.3553588816152695,6.3553588816152695,6.3553588816152695,6.3553588816152695,6.3553588816152695,6.3553588816152695,6.3553588816152695,6.3553588816152695,6.3553588816152695,6.3553588816152695,6.3553588816152695,6.3553588816152695,6.3553588816152695,6.3553588816152695,6.3553588816152695,6.3553588816152695,6.3553588816152695,6.3553588816152695,6.3553588816152695,6.3553588816152695,6.3553588816152695,6.3553588816152695,6.3553588816152695,6.3553588816152695,6.3553588816152695,6.3553588816152695,6.3553588816152695,6.3553588816152695,6.3553588816152695,6.3553588816152695,6.3553588816152695,6.3553588816152695,6.3553588816152695,6.3553588816152695,6.3553588816152695,6.3553588816152695,6.3553588816152695,6.3553588816152695,6.3553588816152695,6.3553588816152695,6.3553588816152695,6.3553588816152695,6.3553588816152695,6.3553588816152695,6.3553588816152695,6.3553588816152695,6.3553588816152695,6.3553588816152695,6.347423270019817,5.356842448076062,5.356842448076062,5.356842448076062,5.356842448076062,5.356842448076062,5.356842448076062,5.356842448076062,5.356842448076062,5.356842448076062,5.356842448076062,5.356842448076062,5.356842448076062,5.356842448076062,5.356842448076062,5.356842448076062,5.356842448076062,5.356842448076062,5.356842448076062,5.356842448076062,5.356842448076062,5.356842448076062,5.356842448076062,5.356842448076062,5.356842448076062,5.356842448076062,5.356842448076062,5.356842448076062,5.356842448076062,5.356842448076062,5.356842448076062,5.356842448076062,5.356842448076062,5.356842448076062,5.356842448076062,5.356842448076062,5.356842448076062,5.356842448076062,5.356842448076062,5.356842448076062,5.356842448076062,5.356842448076062,5.356842448076062,5.356842448076062,5.356842448076062,5.356842448076062,5.356842448076062,5.356842448076062,5.356842448076062,5.356842448076062,5.356842448076062,5.356842448076062,5.356842448076062,5.356842448076062,5.356842448076062,5.356842448076062,5.356842448076062,5.356842448076062,5.356842448076062,5.356842448076062,5.356842448076062,5.356842448076062,5.356842448076062,5.356842448076062,5.356842448076062,5.356842448076062,5.356842448076062,5.356842448076062,5.356842448076062,5.356842448076062,5.356842448076062,5.356842448076062,5.356842448076062,5.356842448076062,5.356842448076062,5.356842448076062,5.356842448076062,5.356842448076062,5.356842448076062,5.356842448076062,5.356842448076062,5.356842448076062,5.356842448076062,5.356842448076062,5.356842448076062,5.356842448076062,5.356842448076062,5.356842448076062,5.356842448076062,5.356842448076062,5.356842448076062,5.356842448076062,5.356842448076062,5.356842448076062,5.356842448076062,5.356842448076062,5.356842448076062,5.0223426267212,5.0223426267212,5.0223426267212,5.0223426267212,5.0223426267212,5.0223426267212,5.0223426267212,5.0223426267212,5.0223426267212,5.0223426267212,5.0223426267212,5.0223426267212,5.0223426267212,5.0223426267212,5.0223426267212,5.0223426267212,5.0223426267212,5.0223426267212,5.0223426267212,5.0223426267212,5.0223426267212,5.0223426267212,5.0223426267212,5.0223426267212,5.0223426267212,5.0223426267212,5.0223426267212,5.0223426267212,5.0223426267212,5.0223426267212,5.0223426267212,5.0223426267212,5.0223426267212,5.0223426267212,5.0223426267212,5.0223426267212,5.0223426267212,5.0223426267212,5.0223426267212,5.0223426267212,5.0223426267212,5.0223426267212,5.0223426267212,5.0223426267212,5.0223426267212,5.0223426267212,5.0223426267212,5.0223426267212,5.0223426267212,5.0223426267212,5.0223426267212,5.0223426267212,5.0223426267212,5.0223426267212,5.0223426267212,5.0223426267212,5.0223426267212,5.0223426267212,5.0223426267212,5.0223426267212,5.0223426267212,5.0223426267212,5.0223426267212,5.0223426267212,5.0223426267212,5.0223426267212,5.0223426267212,5.0223426267212,5.0223426267212,5.0223426267212,5.0223426267212,5.0223426267212,5.0223426267212,5.0223426267212,5.0223426267212,5.0223426267212,5.0223426267212,5.0223426267212,5.0223426267212,5.0223426267212,5.0223426267212,5.0223426267212,5.0223426267212,5.0223426267212,5.0223426267212,5.0223426267212,5.0223426267212,5.0223426267212,5.0223426267212,5.0223426267212,5.0223426267212,5.0223426267212,5.0223426267212,5.0223426267212,5.0223426267212,5.0223426267212,5.0223426267212,5.0223426267212,5.0223426267212,5.0223426267212,5.0223426267212,5.0223426267212,5.0223426267212,5.0223426267212,5.0223426267212,5.0223426267212,5.0223426267212,5.0223426267212,5.0223426267212,5.0223426267212,5.0223426267212,5.0223426267212,5.0223426267212,5.0223426267212,5.0223426267212,5.0223426267212,5.0223426267212,5.0223426267212,5.0223426267212,5.0223426267212,5.0223426267212,5.0223426267212,5.0223426267212,5.0223426267212,5.0223426267212,5.0223426267212,5.0223426267212,5.0223426267212,5.0223426267212,5.0223426267212,5.0223426267212,5.0223426267212,5.0223426267212,5.0223426267212,5.0223426267212,5.0223426267212,5.0223426267212,5.0223426267212,5.0223426267212,5.0223426267212,5.0223426267212,5.0223426267212,5.0223426267212,5.0223426267212,5.0223426267212,5.0223426267212,5.0223426267212,5.0223426267212,5.0223426267212,5.0223426267212,5.0223426267212,5.0223426267212,5.0223426267212,5.0223426267212,5.0223426267212,5.0223426267212,5.0223426267212,5.0223426267212,5.0223426267212,5.0223426267212,5.0223426267212,5.0223426267212,5.0223426267212,5.0223426267212,5.0223426267212,5.0223426267212,5.0223426267212,5.0223426267212,5.0223426267212,5.0223426267212,5.0223426267212,5.0223426267212,5.0223426267212,5.0223426267212,5.0223426267212,5.0223426267212,5.0223426267212,5.0223426267212,5.0223426267212,5.0223426267212,5.0223426267212,5.0223426267212,5.0223426267212,5.0223426267212,5.0223426267212,5.0223426267212,5.0223426267212,5.0223426267212,5.0223426267212,5.0223426267212,5.0223426267212,5.0223426267212,5.0223426267212,5.0223426267212,5.0223426267212,5.0223426267212,5.0223426267212,5.0223426267212,5.0223426267212,5.0223426267212,5.0223426267212,5.0223426267212,5.0223426267212,5.0223426267212,5.0223426267212,5.0223426267212,5.0223426267212,5.0223426267212,5.0223426267212,5.0223426267212,5.0223426267212,5.0223426267212,5.0223426267212,5.0223426267212,5.0223426267212,5.0223426267212,5.0223426267212,5.0223426267212,5.0223426267212,5.0223426267212,5.0223426267212,5.0223426267212,5.0223426267212,5.0223426267212,5.0223426267212,5.0223426267212,5.0223426267212,5.0223426267212,5.0223426267212,5.0223426267212,5.0223426267212,5.0223426267212,5.0223426267212,5.0223426267212,5.0223426267212,5.0223426267212,5.0223426267212,5.0223426267212,5.0223426267212,5.0223426267212,5.0223426267212,5.0223426267212,5.0223426267212,5.0223426267212,5.0223426267212,5.0223426267212,5.0223426267212,5.0223426267212,5.0223426267212,5.0223426267212,5.0223426267212,5.0223426267212,5.0223426267212,5.0223426267212,5.0223426267212,5.0223426267212,5.0223426267212,5.0223426267212,5.0223426267212,5.0223426267212,5.0223426267212,5.0223426267212,5.0223426267212,5.0223426267212,5.0223426267212,5.0223426267212,5.0223426267212,5.0223426267212,5.0223426267212,5.0223426267212,5.0223426267212,5.0223426267212,5.0223426267212,5.0223426267212,5.0223426267212,5.0223426267212,5.0223426267212,5.0223426267212,5.0223426267212,5.0223426267212,5.0223426267212,4.9197278062539915,4.9197278062539915,4.636077603610784,4.636077603610784,4.636077603610784,4.636077603610784,4.636077603610784,4.636077603610784,4.636077603610784,4.636077603610784,4.636077603610784,4.636077603610784,4.636077603610784,4.636077603610784,4.636077603610784,4.636077603610784,4.636077603610784,4.636077603610784,4.636077603610784,4.636077603610784,4.636077603610784,4.636077603610784,4.636077603610784,4.636077603610784,4.636077603610784,4.636077603610784,4.636077603610784,4.636077603610784,4.636077603610784,4.636077603610784,4.636077603610784,4.636077603610784,4.636077603610784,4.636077603610784,4.636077603610784,4.636077603610784,4.636077603610784,4.636077603610784,4.636077603610784,4.636077603610784,4.636077603610784,4.636077603610784,4.636077603610784,4.636077603610784,4.636077603610784,4.636077603610784,4.636077603610784,4.636077603610784,4.636077603610784,4.636077603610784,4.636077603610784,4.636077603610784,4.636077603610784,4.636077603610784,4.636077603610784,4.636077603610784,4.636077603610784,4.636077603610784,4.636077603610784,4.636077603610784,4.636077603610784,4.636077603610784,4.636077603610784,4.636077603610784,4.636077603610784,4.636077603610784,4.636077603610784,4.636077603610784,4.636077603610784,4.636077603610784,4.636077603610784,4.636077603610784,4.636077603610784,4.636077603610784,4.636077603610784,4.636077603610784,4.636077603610784,4.636077603610784,4.636077603610784,4.636077603610784,4.636077603610784,4.636077603610784,4.636077603610784,4.636077603610784,4.636077603610784,4.636077603610784,4.636077603610784,4.636077603610784,4.636077603610784,4.636077603610784,4.636077603610784,4.636077603610784,4.636077603610784,4.636077603610784,4.636077603610784,4.636077603610784,4.636077603610784,4.636077603610784,4.636077603610784,4.636077603610784,4.636077603610784,4.636077603610784,4.636077603610784,4.636077603610784,4.636077603610784,4.636077603610784,4.636077603610784,4.636077603610784,4.636077603610784,4.636077603610784,4.636077603610784,4.636077603610784,4.636077603610784,4.636077603610784,4.636077603610784,4.636077603610784,4.636077603610784,4.636077603610784,4.636077603610784,4.636077603610784,4.636077603610784,4.636077603610784,4.636077603610784,4.636077603610784,4.636077603610784,4.636077603610784,4.636077603610784,4.636077603610784,4.636077603610784,4.636077603610784,4.636077603610784,4.636077603610784,4.636077603610784,4.636077603610784,4.636077603610784,4.636077603610784,4.636077603610784,4.636077603610784,4.636077603610784,4.636077603610784,4.636077603610784,4.636077603610784,4.636077603610784,4.636077603610784,4.636077603610784,4.636077603610784,4.636077603610784,4.636077603610784,4.636077603610784,4.636077603610784,4.636077603610784,4.636077603610784,4.636077603610784,4.636077603610784,4.636077603610784,4.636077603610784,4.636077603610784,4.636077603610784,4.636077603610784,4.636077603610784,4.636077603610784,4.636077603610784,4.636077603610784,4.636077603610784,4.636077603610784,4.636077603610784,4.636077603610784,4.636077603610784,4.636077603610784,4.636077603610784,4.636077603610784,4.636077603610784,4.636077603610784,4.636077603610784,4.636077603610784,4.636077603610784,4.636077603610784,4.636077603610784,4.636077603610784,4.636077603610784,4.636077603610784,4.636077603610784,4.636077603610784,4.636077603610784,4.636077603610784,4.636077603610784,4.636077603610784,4.636077603610784,4.636077603610784,4.636077603610784,4.636077603610784,4.636077603610784,4.636077603610784,4.636077603610784,4.636077603610784,4.636077603610784,4.636077603610784,4.636077603610784,4.636077603610784,4.636077603610784,4.636077603610784,4.636077603610784,4.636077603610784,4.636077603610784,4.636077603610784,4.636077603610784,4.636077603610784,4.636077603610784,4.636077603610784,4.636077603610784,4.636077603610784,4.636077603610784,4.636077603610784,4.636077603610784,4.636077603610784,4.636077603610784,4.636077603610784,4.636077603610784,4.636077603610784,4.636077603610784,4.636077603610784,4.636077603610784,4.636077603610784,4.636077603610784,4.636077603610784,4.636077603610784,4.636077603610784,4.636077603610784,4.636077603610784,4.636077603610784,4.636077603610784,4.636077603610784,4.636077603610784,4.636077603610784,4.636077603610784,4.636077603610784,4.636077603610784,4.636077603610784,4.636077603610784,4.636077603610784,4.636077603610784,4.636077603610784,4.636077603610784,4.636077603610784,4.636077603610784,4.636077603610784,4.636077603610784,4.636077603610784,4.636077603610784,4.636077603610784,4.636077603610784,4.636077603610784,4.636077603610784,4.636077603610784,4.636077603610784,4.636077603610784,4.636077603610784,4.636077603610784,4.636077603610784,4.636077603610784,4.636077603610784,4.636077603610784,4.636077603610784,4.636077603610784,4.636077603610784,4.636077603610784,4.636077603610784,4.636077603610784,4.636077603610784,4.636077603610784,4.636077603610784,4.636077603610784,4.636077603610784,4.636077603610784,4.636077603610784,4.636077603610784,4.636077603610784,4.636077603610784,4.636077603610784,4.636077603610784,4.636077603610784,4.636077603610784,4.636077603610784,4.636077603610784,4.636077603610784,4.636077603610784,4.636077603610784,4.636077603610784,4.636077603610784,4.636077603610784,4.636077603610784,4.636077603610784,4.636077603610784,4.636077603610784,4.636077603610784,4.636077603610784,4.636077603610784,4.636077603610784,4.636077603610784,4.636077603610784,4.636077603610784,4.636077603610784,4.636077603610784,4.636077603610784,4.636077603610784,4.636077603610784,4.636077603610784,4.636077603610784,4.636077603610784,4.636077603610784,4.636077603610784,4.636077603610784,4.636077603610784,4.636077603610784,4.636077603610784,4.636077603610784,4.636077603610784,4.636077603610784,4.636077603610784,4.636077603610784,4.636077603610784,4.636077603610784,4.636077603610784,4.636077603610784,4.636077603610784,4.636077603610784,4.636077603610784,4.636077603610784,4.636077603610784,4.636077603610784,4.636077603610784,4.636077603610784,4.636077603610784,4.636077603610784,4.636077603610784,4.636077603610784,4.636077603610784,4.636077603610784,4.636077603610784,4.636077603610784,4.636077603610784,4.636077603610784,4.636077603610784,4.636077603610784,4.636077603610784,4.636077603610784,4.636077603610784,4.636077603610784,4.636077603610784,4.636077603610784,4.636077603610784,4.636077603610784,4.636077603610784,4.636077603610784,4.636077603610784,4.636077603610784,4.636077603610784,4.636077603610784,4.636077603610784,4.636077603610784,4.636077603610784,4.636077603610784,4.636077603610784,4.636077603610784,4.636077603610784,4.636077603610784,4.636077603610784,4.636077603610784,4.636077603610784,4.636077603610784,4.636077603610784,4.636077603610784,4.636077603610784,4.636077603610784,4.636077603610784,4.636077603610784,4.636077603610784,4.636077603610784,4.636077603610784,4.636077603610784,4.636077603610784,4.636077603610784,4.636077603610784,4.636077603610784,4.636077603610784,4.636077603610784,4.636077603610784,4.636077603610784,4.636077603610784,4.636077603610784,4.636077603610784,4.636077603610784,4.636077603610784,4.636077603610784,4.636077603610784,4.636077603610784,4.636077603610784,4.636077603610784,4.636077603610784,4.636077603610784,4.636077603610784,4.636077603610784,4.636077603610784,4.636077603610784,4.636077603610784,4.636077603610784,4.636077603610784,4.636077603610784,4.636077603610784,4.636077603610784,4.636077603610784,4.636077603610784,4.636077603610784,4.636077603610784,4.636077603610784,4.636077603610784,4.636077603610784,4.636077603610784,4.636077603610784,4.636077603610784,4.636077603610784,4.636077603610784,4.636077603610784,4.636077603610784,4.636077603610784,4.636077603610784,4.636077603610784,4.636077603610784,4.636077603610784,4.636077603610784,4.636077603610784,4.636077603610784,4.636077603610784,4.636077603610784,4.636077603610784,4.636077603610784,4.636077603610784,4.636077603610784,4.636077603610784,4.636077603610784,4.636077603610784,4.636077603610784,4.636077603610784,4.636077603610784,4.636077603610784,4.636077603610784,4.636077603610784,4.636077603610784,4.636077603610784,4.636077603610784,4.636077603610784,4.636077603610784,4.636077603610784,4.636077603610784,4.636077603610784,4.636077603610784,4.636077603610784,4.636077603610784,4.636077603610784,4.636077603610784,4.636077603610784,4.636077603610784,4.636077603610784,4.636077603610784,4.636077603610784,4.636077603610784,4.636077603610784,4.636077603610784,4.636077603610784,4.636077603610784,4.636077603610784,4.636077603610784,4.636077603610784,4.636077603610784,4.636077603610784,4.636077603610784,4.636077603610784,4.636077603610784,4.636077603610784,4.636077603610784,4.636077603610784,4.636077603610784,7.3336577083026615,7.3336577083026615,7.3336577083026615,7.289894052875788,7.289894052875788,7.289894052875788,7.289894052875788,7.289894052875788,7.289894052875788,7.289894052875788,7.289894052875788,7.289894052875788,7.289894052875788,7.289894052875788,7.289894052875788,7.289894052875788,7.289894052875788,7.289894052875788,6.932569091815019,6.932569091815019,6.932569091815019,6.932569091815019,6.932569091815019,6.932569091815019,6.932569091815019,6.932569091815019,6.932569091815019,6.932569091815019,6.932569091815019,6.932569091815019,6.932569091815019,6.932569091815019,6.932569091815019,6.619531935044981,6.619531935044981,6.6053192861433025,6.6053192861433025,6.295489761322856,6.295489761322856,6.295489761322856,6.295489761322856,6.295489761322856,6.295489761322856,6.295489761322856,5.578626504233731,5.172845866475285,5.172845866475285,5.172845866475285,5.172845866475285,5.172845866475285,5.172845866475285,5.172845866475285,5.172845866475285,5.172845866475285,5.172845866475285,5.172845866475285,5.172845866475285,5.172845866475285,5.172845866475285,5.172845866475285,5.172845866475285,5.172845866475285,5.172845866475285,5.172845866475285,5.172845866475285,5.172845866475285,5.172845866475285,5.172845866475285,5.172845866475285,5.172845866475285,5.172845866475285,5.172845866475285,5.172845866475285,5.172845866475285,5.172845866475285,5.172845866475285,5.172845866475285,5.172845866475285,5.172845866475285,5.172845866475285,5.172845866475285,5.172845866475285,5.172845866475285,5.172845866475285,5.172845866475285,5.172845866475285,5.172845866475285,5.172845866475285,5.172845866475285,5.172845866475285,5.172845866475285,5.172845866475285,5.172845866475285,5.172845866475285,5.172845866475285,5.172845866475285,5.172845866475285,5.172845866475285,5.172845866475285,5.172845866475285,5.172845866475285,5.172845866475285,5.172845866475285,5.172845866475285,5.172845866475285,5.172845866475285,5.172845866475285,5.172845866475285,5.172845866475285,5.172845866475285,5.172845866475285,5.172845866475285,5.172845866475285,5.172845866475285,5.172845866475285,5.172845866475285,5.172845866475285,5.172845866475285,5.172845866475285,5.172845866475285,5.172845866475285,5.172845866475285,5.172845866475285,5.172845866475285,5.172845866475285,5.172845866475285,5.172845866475285,5.172845866475285,5.172845866475285,5.172845866475285,5.172845866475285,5.172845866475285,5.172845866475285,5.172845866475285,5.172845866475285,5.172845866475285,5.172845866475285,5.172845866475285,5.172845866475285,5.172845866475285,5.172845866475285,5.172845866475285,5.172845866475285,5.172845866475285,5.172845866475285,5.172845866475285,5.112601073751132,4.823769196375754,4.823769196375754,4.823769196375754,4.823769196375754,4.823769196375754,4.823769196375754,4.823769196375754,4.823769196375754,4.823769196375754,4.823769196375754,4.823769196375754,4.823769196375754,4.823769196375754,4.823769196375754,4.823769196375754,4.823769196375754,4.823769196375754,4.823769196375754,4.823769196375754,4.823769196375754,4.823769196375754,4.601166239438777,4.601166239438777,4.601166239438777,4.601166239438777,4.601166239438777,4.601166239438777,4.601166239438777,4.601166239438777,4.601166239438777,4.601166239438777,4.601166239438777,4.601166239438777,4.601166239438777,4.601166239438777,4.601166239438777,4.601166239438777,4.601166239438777,4.601166239438777,4.601166239438777,4.601166239438777,4.601166239438777,4.601166239438777,4.601166239438777,4.601166239438777,4.601166239438777,4.601166239438777,4.601166239438777,4.601166239438777,4.601166239438777,4.601166239438777,4.601166239438777,4.601166239438777,4.601166239438777,4.601166239438777,4.601166239438777,4.601166239438777,4.601166239438777,4.601166239438777,4.601166239438777,4.601166239438777,4.601166239438777,4.601166239438777,4.601166239438777,4.601166239438777,4.601166239438777,4.601166239438777,4.601166239438777,4.601166239438777,4.601166239438777,4.601166239438777,4.601166239438777,4.601166239438777,4.601166239438777,4.601166239438777,4.601166239438777,4.601166239438777,4.601166239438777,4.601166239438777,4.601166239438777,4.601166239438777,4.601166239438777,4.601166239438777,4.601166239438777,4.601166239438777,4.601166239438777,4.601166239438777,4.601166239438777,4.601166239438777,4.601166239438777,4.601166239438777,4.601166239438777,4.601166239438777,4.601166239438777,4.601166239438777,4.601166239438777,4.601166239438777,4.601166239438777,4.601166239438777,4.601166239438777,4.601166239438777,4.601166239438777,4.601166239438777,4.601166239438777,4.601166239438777,4.601166239438777,4.601166239438777,4.601166239438777,4.601166239438777,4.601166239438777,4.601166239438777,4.601166239438777,4.601166239438777,4.601166239438777,4.601166239438777,4.601166239438777,4.601166239438777,4.601166239438777,4.601166239438777,4.601166239438777,4.601166239438777,4.601166239438777,4.601166239438777,4.601166239438777,4.601166239438777,4.601166239438777,4.601166239438777,4.601166239438777,4.601166239438777,4.601166239438777,4.601166239438777,4.601166239438777,4.601166239438777,4.601166239438777,4.601166239438777,4.601166239438777,4.601166239438777,4.601166239438777,4.601166239438777,4.601166239438777,4.601166239438777,4.601166239438777,4.601166239438777,4.601166239438777,4.601166239438777,4.601166239438777,4.601166239438777,4.601166239438777,4.601166239438777,4.601166239438777,4.601166239438777,4.601166239438777,4.601166239438777,4.601166239438777,4.601166239438777,4.601166239438777,4.601166239438777,4.601166239438777,4.601166239438777,4.601166239438777,4.601166239438777,4.601166239438777,4.601166239438777,4.601166239438777,4.601166239438777,4.601166239438777,4.601166239438777,4.601166239438777,4.601166239438777,4.601166239438777,4.601166239438777,4.601166239438777,4.601166239438777,4.601166239438777,4.601166239438777,4.601166239438777,4.601166239438777,4.601166239438777,4.601166239438777,4.601166239438777,4.601166239438777,4.601166239438777,4.601166239438777,4.601166239438777,4.601166239438777,4.601166239438777,4.601166239438777,4.601166239438777,4.601166239438777,4.601166239438777,4.601166239438777,4.601166239438777,4.601166239438777,4.601166239438777,4.601166239438777,4.601166239438777,4.601166239438777,4.601166239438777,4.601166239438777,4.601166239438777,4.601166239438777,4.601166239438777,4.601166239438777,4.601166239438777,4.601166239438777,4.601166239438777,4.601166239438777,4.601166239438777,4.601166239438777,4.601166239438777,4.601166239438777,4.601166239438777,4.601166239438777,4.601166239438777,4.601166239438777,4.601166239438777,4.601166239438777,4.601166239438777,4.601166239438777,4.601166239438777,4.601166239438777,4.601166239438777,4.601166239438777,4.601166239438777,4.601166239438777,4.601166239438777,4.601166239438777,4.601166239438777,4.601166239438777,4.601166239438777,4.601166239438777,4.601166239438777,4.601166239438777,4.601166239438777,4.601166239438777,4.601166239438777,4.601166239438777,4.601166239438777,4.601166239438777,4.601166239438777,4.601166239438777,4.601166239438777,4.601166239438777,4.601166239438777,4.601166239438777,4.601166239438777,4.601166239438777,4.601166239438777,4.601166239438777,4.601166239438777,4.601166239438777,4.601166239438777,4.601166239438777,4.601166239438777,4.601166239438777,4.601166239438777,4.601166239438777,4.601166239438777,4.601166239438777,4.601166239438777,4.601166239438777,4.601166239438777,4.601166239438777,4.601166239438777,4.601166239438777,4.601166239438777,4.601166239438777,4.601166239438777,4.601166239438777,4.601166239438777,4.601166239438777,4.601166239438777,4.601166239438777,4.601166239438777,4.601166239438777,4.601166239438777,4.601166239438777,4.601166239438777,4.601166239438777,4.601166239438777,4.601166239438777,4.601166239438777,4.601166239438777,4.601166239438777,4.601166239438777,4.601166239438777,4.601166239438777,4.601166239438777,4.601166239438777,4.601166239438777,4.601166239438777,4.601166239438777,4.601166239438777,4.601166239438777,4.601166239438777,4.601166239438777,4.601166239438777,4.601166239438777,4.601166239438777,4.601166239438777,4.601166239438777,4.601166239438777,4.601166239438777,4.601166239438777,4.601166239438777,4.601166239438777,4.601166239438777,4.601166239438777,4.601166239438777,4.601166239438777,4.601166239438777,4.601166239438777,4.601166239438777,4.601166239438777,4.601166239438777,4.601166239438777,4.601166239438777,4.601166239438777,4.601166239438777,4.601166239438777,4.601166239438777,4.601166239438777,4.601166239438777,4.601166239438777,4.601166239438777,4.601166239438777,4.601166239438777,4.601166239438777,4.601166239438777,4.601166239438777,4.601166239438777,4.601166239438777,4.601166239438777,4.601166239438777,4.601166239438777,4.601166239438777,4.601166239438777,4.601166239438777,4.601166239438777,4.601166239438777,4.601166239438777,4.601166239438777,4.601166239438777,4.601166239438777,4.601166239438777,4.601166239438777,4.601166239438777,4.601166239438777,4.601166239438777,4.601166239438777,4.601166239438777,4.601166239438777,4.601166239438777,4.601166239438777,4.405607710210097,4.405607710210097,4.405607710210097,4.405607710210097,4.405607710210097,4.405607710210097,4.405607710210097,4.405607710210097,4.405607710210097,4.405607710210097,4.405607710210097,4.405607710210097,4.405607710210097,4.405607710210097,4.405607710210097,4.405607710210097,4.405607710210097,4.405607710210097,4.405607710210097,4.405607710210097,4.405607710210097,4.405607710210097,4.405607710210097,4.405607710210097,4.405607710210097,4.405607710210097,4.405607710210097,4.405607710210097,4.405607710210097,4.405607710210097,4.405607710210097,4.405607710210097,4.405607710210097,4.405607710210097,4.405607710210097,4.405607710210097,4.405607710210097,4.405607710210097,4.405607710210097,4.405607710210097,4.405607710210097,4.405607710210097,4.405607710210097,4.405607710210097,4.405607710210097,4.405607710210097,4.405607710210097,4.405607710210097,4.405607710210097,4.405607710210097,4.405607710210097,4.405607710210097,4.405607710210097,4.405607710210097,4.405607710210097,4.405607710210097,4.405607710210097,4.405607710210097,4.405607710210097,4.405607710210097,4.405607710210097,4.405607710210097,4.405607710210097,4.405607710210097,4.405607710210097,4.405607710210097,4.405607710210097,4.405607710210097,4.405607710210097,4.405607710210097,4.405607710210097,4.405607710210097,4.405607710210097,4.405607710210097,4.405607710210097,4.405607710210097,4.405607710210097,4.405607710210097,4.405607710210097,4.405607710210097,4.405607710210097,4.405607710210097,4.405607710210097,4.405607710210097,4.405607710210097,4.405607710210097,4.405607710210097,4.405607710210097,4.405607710210097,4.405607710210097,4.405607710210097,4.405607710210097,4.405607710210097,4.405607710210097,4.405607710210097,4.405607710210097,4.405607710210097,4.405607710210097,4.405607710210097,4.405607710210097,4.405607710210097,4.405607710210097,4.405607710210097,4.405607710210097,4.405607710210097,4.405607710210097,4.405607710210097,4.405607710210097,4.405607710210097,4.405607710210097,4.405607710210097,4.405607710210097,4.405607710210097,4.405607710210097,4.405607710210097,4.405607710210097,4.405607710210097,4.405607710210097,4.405607710210097,4.405607710210097,4.405607710210097,4.405607710210097,4.405607710210097,4.405607710210097,4.405607710210097,4.405607710210097,4.405607710210097,4.405607710210097,4.405607710210097,4.405607710210097,4.405607710210097,4.405607710210097,4.405607710210097,4.405607710210097,4.405607710210097,4.405607710210097,4.405607710210097,4.405607710210097,4.405607710210097,4.405607710210097,4.405607710210097,4.405607710210097,4.405607710210097,4.405607710210097,4.405607710210097,4.405607710210097,4.405607710210097,4.405607710210097,4.405607710210097,4.405607710210097,4.405607710210097,4.405607710210097,4.405607710210097,4.405607710210097,4.405607710210097,4.405607710210097,4.405607710210097,4.405607710210097,4.405607710210097,4.405607710210097,4.405607710210097,4.405607710210097,4.405607710210097,4.405607710210097,4.405607710210097,4.405607710210097,4.405607710210097,4.405607710210097,4.405607710210097,4.405607710210097,4.405607710210097,4.405607710210097,4.405607710210097,4.405607710210097,4.405607710210097,4.405607710210097,4.405607710210097,4.405607710210097,4.405607710210097,4.405607710210097,4.405607710210097,4.405607710210097,4.405607710210097,4.405607710210097,4.405607710210097,4.405607710210097,4.405607710210097,4.405607710210097,4.405607710210097,4.405607710210097,4.405607710210097,4.405607710210097,4.405607710210097,4.405607710210097,4.405607710210097,4.405607710210097,4.405607710210097,4.405607710210097,4.405607710210097,4.405607710210097,4.405607710210097,4.405607710210097,4.405607710210097,4.405607710210097,4.405607710210097,4.405607710210097,4.405607710210097,4.405607710210097,4.405607710210097,4.405607710210097,4.405607710210097,4.405607710210097,4.405607710210097,4.405607710210097,4.405607710210097,4.405607710210097,4.405607710210097,4.405607710210097,4.405607710210097,4.405607710210097,4.405607710210097,4.405607710210097,4.405607710210097,4.405607710210097,4.405607710210097,4.405607710210097,4.405607710210097,4.405607710210097,4.405607710210097,4.405607710210097,4.405607710210097,4.405607710210097,4.405607710210097,4.405607710210097,4.405607710210097,4.405607710210097,4.405607710210097,4.405607710210097,4.405607710210097,4.405607710210097,4.405607710210097,4.405607710210097,4.405607710210097,4.405607710210097,4.405607710210097,4.405607710210097,4.405607710210097,4.405607710210097,4.405607710210097,4.405607710210097,4.405607710210097,4.405607710210097,4.405607710210097,4.405607710210097,4.405607710210097,4.405607710210097,4.405607710210097,4.405607710210097,4.405607710210097,4.405607710210097,4.405607710210097,4.405607710210097,4.405607710210097,4.405607710210097,4.405607710210097,4.405607710210097,4.405607710210097,4.405607710210097,4.405607710210097,4.405607710210097,4.405607710210097,4.405607710210097,4.405607710210097,4.405607710210097,4.405607710210097,4.405607710210097,4.405607710210097,4.405607710210097,4.405607710210097,4.405607710210097,4.405607710210097,4.405607710210097,4.405607710210097,4.405607710210097,4.405607710210097,4.405607710210097,4.405607710210097,4.405607710210097,4.405607710210097,4.405607710210097,4.405607710210097,4.405607710210097,4.405607710210097,4.405607710210097,4.405607710210097,4.405607710210097,4.405607710210097,4.405607710210097,4.405607710210097,4.405607710210097,4.405607710210097,4.405607710210097,4.405607710210097,4.405607710210097,4.405607710210097,4.405607710210097,4.405607710210097,4.405607710210097,4.405607710210097,4.405607710210097,4.405607710210097,4.405607710210097,4.405607710210097,4.405607710210097,4.405607710210097,4.405607710210097,4.405607710210097,4.405607710210097,4.405607710210097,4.405607710210097,4.405607710210097,4.405607710210097,4.405607710210097,4.405607710210097,4.405607710210097,4.405607710210097,4.405607710210097,4.405607710210097,4.405607710210097,4.405607710210097,4.405607710210097,4.405607710210097,4.405607710210097,4.405607710210097,4.405607710210097,4.405607710210097,4.405607710210097,4.405607710210097,4.405607710210097,4.405607710210097,4.405607710210097,4.405607710210097,4.405607710210097,4.405607710210097,4.405607710210097,4.405607710210097,4.405607710210097,4.405607710210097,4.405607710210097,4.405607710210097,4.405607710210097,4.405607710210097,4.405607710210097,4.405607710210097,4.405607710210097,4.405607710210097,4.405607710210097,4.405607710210097,4.405607710210097,4.405607710210097,4.405607710210097,4.405607710210097,4.405607710210097,4.405607710210097,4.405607710210097,4.405607710210097,4.405607710210097,4.405607710210097,4.405607710210097,4.405607710210097,4.405607710210097,4.405607710210097,4.405607710210097,4.405607710210097,4.405607710210097,4.405607710210097,4.405607710210097,4.405607710210097,4.405607710210097,4.405607710210097,4.405607710210097,4.405607710210097,4.405607710210097,4.405607710210097,4.405607710210097,4.405607710210097,4.405607710210097,4.405607710210097,4.405607710210097,4.405607710210097,4.405607710210097,4.405607710210097,4.405607710210097,4.405607710210097,4.405607710210097,4.405607710210097,4.405607710210097,4.405607710210097,4.405607710210097,4.405607710210097,4.405607710210097,4.405607710210097,4.405607710210097,4.405607710210097,4.405607710210097,4.405607710210097,4.405607710210097,4.405607710210097,4.405607710210097,4.405607710210097,4.405607710210097,4.405607710210097,4.405607710210097,4.405607710210097,4.405607710210097,4.405607710210097,4.405607710210097,4.405607710210097,4.405607710210097,4.405607710210097,4.405607710210097,4.405607710210097,4.405607710210097,4.405607710210097,4.405607710210097,4.405607710210097,4.405607710210097,4.405607710210097,4.405607710210097,4.405607710210097,4.405607710210097,4.405607710210097,4.405607710210097,4.405607710210097,4.405607710210097,4.405607710210097,4.405607710210097,4.405607710210097,4.405607710210097,4.405607710210097,4.405607710210097,4.405607710210097,4.405607710210097,4.405607710210097,4.405607710210097,4.405607710210097,4.405607710210097,4.405607710210097,4.405607710210097,4.405607710210097,4.405607710210097,4.405607710210097,4.405607710210097,4.405607710210097,4.405607710210097,4.405607710210097,4.405607710210097,4.405607710210097,4.405607710210097,4.405607710210097,4.405607710210097,4.405607710210097,4.405607710210097,4.405607710210097,4.405607710210097,4.405607710210097,4.405607710210097,4.405607710210097,4.405607710210097,4.405607710210097,4.405607710210097,4.405607710210097,4.405607710210097,4.405607710210097,4.405607710210097,4.405607710210097,4.405607710210097,4.405607710210097,4.405607710210097,4.405607710210097,4.405607710210097,4.405607710210097,4.405607710210097,4.405607710210097,4.405607710210097,4.405607710210097,4.405607710210097,4.405607710210097,4.405607710210097,4.405607710210097,4.405607710210097,4.405607710210097,4.405607710210097,4.405607710210097,4.405607710210097,4.405607710210097,4.405607710210097,4.405607710210097,4.405607710210097,7.112556333613588,6.820583112616248,5.848821809839754,5.848821809839754,5.848821809839754,5.681064033045118,5.681064033045118,5.681064033045118,5.681064033045118,5.681064033045118,5.681064033045118,5.681064033045118,5.681064033045118,5.681064033045118,5.681064033045118,5.681064033045118,5.681064033045118,5.681064033045118,5.681064033045118,5.681064033045118,5.681064033045118,5.681064033045118,5.681064033045118,5.681064033045118,5.681064033045118,5.253445590170784,5.147584144891264,5.043834114935631,5.043834114935631,5.019265650259667,5.019265650259667,5.019265650259667,5.019265650259667,5.019265650259667,5.019265650259667,5.019265650259667,5.019265650259667,5.019265650259667,5.019265650259667,5.019265650259667,5.019265650259667,5.019265650259667,5.019265650259667,5.019265650259667,5.019265650259667,5.019265650259667,5.019265650259667,5.019265650259667,5.019265650259667,5.019265650259667,5.019265650259667,5.019265650259667,5.019265650259667,5.019265650259667,5.019265650259667,5.019265650259667,5.019265650259667,5.019265650259667,5.019265650259667,5.019265650259667,5.019265650259667,5.019265650259667,5.019265650259667,5.019265650259667,5.019265650259667,5.019265650259667,5.019265650259667,5.019265650259667,5.019265650259667,5.019265650259667,5.019265650259667,5.019265650259667,5.019265650259667,5.019265650259667,5.019265650259667,5.019265650259667,5.019265650259667,5.019265650259667,5.019265650259667,5.019265650259667,5.019265650259667,5.019265650259667,5.019265650259667,5.019265650259667,5.019265650259667,5.019265650259667,5.019265650259667,5.019265650259667,5.013453887115391,5.013453887115391,5.013453887115391,5.013453887115391,5.013453887115391,5.013453887115391,5.013453887115391,5.013453887115391,5.013453887115391,5.013453887115391,5.013453887115391,5.013453887115391,5.013453887115391,5.013453887115391,5.013453887115391,5.013453887115391,5.013453887115391,5.013453887115391,5.013453887115391,5.013453887115391,5.013453887115391,4.860186759445635,4.860186759445635,4.860186759445635,4.860186759445635,4.860186759445635,4.860186759445635,4.860186759445635,4.860186759445635,4.860186759445635,4.837546346105786,4.837546346105786,4.837546346105786,4.837546346105786,4.837546346105786,4.837546346105786,4.837546346105786,4.837546346105786,4.837546346105786,4.837546346105786,4.837546346105786,4.837546346105786,4.837546346105786,4.837546346105786,4.837546346105786,4.837546346105786,4.835618294769671,4.835618294769671,4.835618294769671,4.835618294769671,4.835618294769671,4.835618294769671,4.835618294769671,4.835618294769671,4.835618294769671,4.835618294769671,4.835618294769671,4.835618294769671,4.835618294769671,4.835618294769671,4.835618294769671,4.835618294769671,4.835618294769671,4.835618294769671,4.835618294769671,4.835618294769671,4.835618294769671,4.835618294769671,4.835618294769671,4.835618294769671,4.835618294769671,4.835618294769671,4.835618294769671,4.835618294769671,4.835618294769671,4.835618294769671,4.835618294769671,4.835618294769671,4.835618294769671,4.835618294769671,4.835618294769671,4.835618294769671,4.835618294769671,4.835618294769671,4.835618294769671,4.835618294769671,4.835618294769671,4.835618294769671,4.835618294769671,4.835618294769671,4.835618294769671,4.835618294769671,4.835618294769671,4.835618294769671,4.835618294769671,4.835618294769671,4.835618294769671,4.835618294769671,4.835618294769671,4.835618294769671,4.835618294769671,4.835618294769671,4.835618294769671,4.835618294769671,4.835618294769671,4.835618294769671,4.835618294769671,4.835618294769671,4.835618294769671,4.835618294769671,4.835618294769671,4.835618294769671,4.835618294769671,4.835618294769671,4.835618294769671,4.835618294769671,4.835618294769671,4.835618294769671,4.835618294769671,4.835618294769671,4.835618294769671,4.835618294769671,4.835618294769671,4.835618294769671,4.835618294769671,4.835618294769671,4.835618294769671,4.835618294769671,4.835618294769671,4.835618294769671,4.835618294769671,4.835618294769671,4.835618294769671,4.835618294769671,4.835618294769671,4.835618294769671,4.835618294769671,4.835618294769671,4.835618294769671,4.835618294769671,4.835618294769671,4.835618294769671,4.835618294769671,4.835618294769671,4.835618294769671,4.835618294769671,4.835618294769671,4.835618294769671,4.835618294769671,4.835618294769671,4.835618294769671,4.835618294769671,4.835618294769671,4.835618294769671,4.835618294769671,4.835618294769671,4.835618294769671,4.835618294769671,4.835618294769671,4.835618294769671,4.835618294769671,4.835618294769671,4.835618294769671,4.835618294769671,4.835618294769671,4.835618294769671,4.835618294769671,4.835618294769671,4.835618294769671,4.835618294769671,4.835618294769671,4.835618294769671,4.835618294769671,4.835618294769671,4.835618294769671,4.835618294769671,4.835618294769671,4.835618294769671,4.835618294769671,4.835618294769671,4.835618294769671,4.835618294769671,4.835618294769671,4.835618294769671,4.835618294769671,4.835618294769671,4.835618294769671,4.835618294769671,4.835618294769671,4.835618294769671,4.835618294769671,4.835618294769671,4.835618294769671,4.835618294769671,4.835618294769671,4.835618294769671,4.835618294769671,4.835618294769671,4.835618294769671,4.835618294769671,4.835618294769671,4.835618294769671,4.835618294769671,4.835618294769671,4.835618294769671,4.835618294769671,4.835618294769671,4.835618294769671,4.835618294769671,4.835618294769671,4.835618294769671,4.835618294769671,4.835618294769671,4.835618294769671,4.835618294769671,4.835618294769671,4.835618294769671,4.835618294769671,4.835618294769671,4.835618294769671,4.835618294769671,4.835618294769671,4.835618294769671,4.835618294769671,4.835618294769671,4.835618294769671,4.835618294769671,4.835618294769671,4.835618294769671,4.835618294769671,4.835618294769671,4.835618294769671,4.835618294769671,4.835618294769671,4.835618294769671,4.835618294769671,4.835618294769671,4.835618294769671,4.835618294769671,4.835618294769671,4.835618294769671,4.835618294769671,4.835618294769671,4.835618294769671,4.835618294769671,4.835618294769671,4.835618294769671,4.835618294769671,4.835618294769671,4.835618294769671,4.835618294769671,4.835618294769671,4.835618294769671,4.835618294769671,4.835618294769671,4.835618294769671,4.835618294769671,4.835618294769671,4.835618294769671,4.835618294769671,4.835618294769671,4.835618294769671,4.835618294769671,4.835618294769671,4.835618294769671,4.835618294769671,4.835618294769671,4.835618294769671,4.835618294769671,4.835618294769671,4.835618294769671,4.835618294769671,4.835618294769671,4.835618294769671,4.835618294769671,4.835618294769671,4.835618294769671,4.835618294769671,4.835618294769671,4.835618294769671,4.835618294769671,4.835618294769671,4.835618294769671,4.835618294769671,4.835618294769671,4.835618294769671,4.835618294769671,4.835618294769671,4.835618294769671,4.835618294769671,4.835618294769671,4.835618294769671,4.835618294769671,4.315046072851544,4.315046072851544,4.315046072851544,4.315046072851544,4.315046072851544,4.208714742705392,4.208714742705392,4.208714742705392,4.208714742705392,4.208714742705392,4.208714742705392,4.208714742705392,4.208714742705392,4.208714742705392,4.208714742705392,4.208714742705392,4.208714742705392,4.208714742705392,4.208714742705392,4.208714742705392,4.208714742705392,4.208714742705392,4.208714742705392,4.208714742705392,4.208714742705392,4.208714742705392,4.208714742705392,4.208714742705392,4.208714742705392,4.208714742705392,4.208714742705392,4.208714742705392,4.208714742705392,4.208714742705392,4.208714742705392,4.208714742705392,4.208714742705392,4.208714742705392,4.208714742705392,4.208714742705392,4.208714742705392,4.208714742705392,4.208714742705392,4.208714742705392,4.208714742705392,4.208714742705392,4.208714742705392,4.208714742705392,4.208714742705392,4.208714742705392,4.208714742705392,4.208714742705392,4.208714742705392,4.208714742705392,4.208714742705392,4.208714742705392,4.208714742705392,4.208714742705392,4.208714742705392,4.208714742705392,4.208714742705392,4.208714742705392,4.208714742705392,4.208714742705392,4.208714742705392,4.208714742705392,4.208714742705392,4.208714742705392,4.208714742705392,4.208714742705392,4.208714742705392,4.208714742705392,4.208714742705392,4.208714742705392,4.208714742705392,4.208714742705392,4.208714742705392,4.208714742705392,4.208714742705392,4.208714742705392,4.208714742705392,4.208714742705392,4.208714742705392,4.208714742705392,4.208714742705392,4.208714742705392,4.208714742705392,4.208714742705392,4.208714742705392,4.208714742705392,4.208714742705392,4.208714742705392,4.208714742705392,4.208714742705392,4.208714742705392,4.208714742705392,4.208714742705392,4.208714742705392,4.208714742705392,4.208714742705392,4.208714742705392,4.208714742705392,4.208714742705392,4.208714742705392,4.208714742705392,4.208714742705392,4.208714742705392,4.208714742705392,4.208714742705392,4.208714742705392,4.208714742705392,4.208714742705392,4.208714742705392,4.208714742705392,4.208714742705392,4.208714742705392,4.208714742705392,4.208714742705392,4.208714742705392,4.208714742705392,4.208714742705392,4.208714742705392,4.208714742705392,4.208714742705392,4.208714742705392,4.208714742705392,4.208714742705392,4.208714742705392,4.208714742705392,4.208714742705392,4.208714742705392,4.208714742705392,4.208714742705392,4.208714742705392,4.208714742705392,4.208714742705392,4.208714742705392,4.208714742705392,4.208714742705392,4.208714742705392,4.208714742705392,4.208714742705392,4.208714742705392,4.208714742705392,4.208714742705392,4.208714742705392,4.208714742705392,4.208714742705392,4.208714742705392,4.208714742705392,4.208714742705392,4.208714742705392,4.208714742705392,4.208714742705392,4.208714742705392,4.208714742705392,4.208714742705392,4.103605584569453,3.576797788059202,3.576797788059202,3.576797788059202,3.576797788059202,3.576797788059202,3.576797788059202,3.576797788059202,3.576797788059202,3.576797788059202,3.576797788059202,3.576797788059202,3.576797788059202,3.576797788059202,3.576797788059202,3.576797788059202,3.576797788059202,3.576797788059202,3.576797788059202,3.576797788059202,3.576797788059202,3.576797788059202,3.576797788059202,3.576797788059202,3.576797788059202,3.576797788059202,3.576797788059202,3.576797788059202,3.576797788059202,3.576797788059202,3.576797788059202,3.576797788059202,3.576797788059202,3.576797788059202,3.576797788059202,3.576797788059202,3.576797788059202,3.576797788059202,3.576797788059202,3.576797788059202,3.576797788059202,3.576797788059202,3.576797788059202,3.576797788059202,3.576797788059202,3.576797788059202,3.576797788059202,3.576797788059202,3.576797788059202,3.576797788059202,3.576797788059202,3.576797788059202,3.576797788059202,3.576797788059202,3.576797788059202,3.576797788059202,3.576797788059202,3.576797788059202,3.576797788059202,3.576797788059202,3.576797788059202,3.576797788059202,3.576797788059202,3.576797788059202,3.576797788059202,3.576797788059202,3.576797788059202,3.576797788059202,3.576797788059202,3.576797788059202,3.576797788059202,3.576797788059202,3.576797788059202,3.576797788059202,3.576797788059202,3.576797788059202,3.576797788059202,3.576797788059202,3.576797788059202,3.576797788059202,3.576797788059202,3.576797788059202,3.576797788059202,3.576797788059202,3.576797788059202,3.576797788059202,3.576797788059202,3.576797788059202,3.576797788059202,3.576797788059202,3.576797788059202,3.576797788059202,3.576797788059202,3.576797788059202,3.576797788059202,3.576797788059202,3.576797788059202,3.576797788059202,3.576797788059202,3.576797788059202,3.576797788059202,3.576797788059202,3.576797788059202,3.576797788059202,3.576797788059202,3.576797788059202,3.576797788059202,3.576797788059202,3.576797788059202,3.576797788059202,3.576797788059202,3.576797788059202,3.576797788059202,3.576797788059202,3.576797788059202,3.576797788059202,3.576797788059202,3.576797788059202,3.576797788059202,3.576797788059202,3.576797788059202,3.576797788059202,3.576797788059202,3.576797788059202,3.576797788059202,3.576797788059202,3.576797788059202,3.576797788059202,3.576797788059202,3.576797788059202,3.576797788059202,3.576797788059202,3.576797788059202,3.576797788059202,3.576797788059202,3.576797788059202,3.576797788059202,3.576797788059202,3.576797788059202,3.576797788059202,3.576797788059202,3.576797788059202,3.576797788059202,3.576797788059202,3.576797788059202,3.576797788059202,3.576797788059202,3.576797788059202,3.576797788059202,3.576797788059202,3.576797788059202,3.576797788059202,3.576797788059202,3.576797788059202,3.576797788059202,3.576797788059202,3.576797788059202,3.576797788059202,3.576797788059202,3.576797788059202,3.576797788059202,3.576797788059202,3.576797788059202,3.576797788059202,3.576797788059202,3.576797788059202,3.576797788059202,3.576797788059202,3.576797788059202,3.576797788059202,3.576797788059202,3.576797788059202,3.576797788059202,3.576797788059202,3.576797788059202,3.576797788059202,3.576797788059202,3.576797788059202,3.576797788059202,3.576797788059202,3.576797788059202,3.576797788059202,3.576797788059202,3.576797788059202,3.576797788059202,3.576797788059202,3.576797788059202,3.576797788059202,3.576797788059202,3.576797788059202,3.576797788059202,3.576797788059202,3.576797788059202,3.576797788059202,3.576797788059202,3.576797788059202,3.576797788059202,3.576797788059202,3.576797788059202,3.576797788059202,3.576797788059202,3.576797788059202,3.576797788059202,3.576797788059202,3.576797788059202,3.576797788059202,3.576797788059202,3.576797788059202,3.576797788059202,3.576797788059202,3.576797788059202,3.576797788059202,3.576797788059202,3.576797788059202,3.576797788059202,3.576797788059202,3.576797788059202,3.576797788059202,3.576797788059202,3.576797788059202,3.576797788059202,3.576797788059202,3.576797788059202,3.576797788059202,3.576797788059202,3.576797788059202,3.576797788059202,3.576797788059202,3.552351054545523,3.552351054545523,3.552351054545523,3.552351054545523,3.552351054545523,3.552351054545523,3.552351054545523,3.552351054545523,3.552351054545523,3.552351054545523,3.552351054545523,3.552351054545523,3.552351054545523,3.552351054545523,3.552351054545523,3.552351054545523,3.552351054545523,3.552351054545523,3.552351054545523,3.552351054545523,3.552351054545523,3.552351054545523,3.552351054545523,3.552351054545523,3.552351054545523,3.552351054545523,3.552351054545523,3.552351054545523,3.552351054545523,3.552351054545523,3.552351054545523,3.552351054545523,3.552351054545523,3.552351054545523,3.552351054545523,3.552351054545523,3.552351054545523,3.552351054545523,3.552351054545523,3.552351054545523,3.552351054545523,3.552351054545523,3.552351054545523,3.552351054545523,3.552351054545523,3.552351054545523,3.552351054545523,3.552351054545523,3.552351054545523,3.552351054545523,3.552351054545523,3.552351054545523,3.552351054545523,3.552351054545523,3.552351054545523,3.552351054545523,3.552351054545523,3.552351054545523,3.552351054545523,3.552351054545523,3.552351054545523,3.552351054545523,3.552351054545523,3.552351054545523,3.552351054545523,3.552351054545523,3.552351054545523,3.552351054545523,3.552351054545523,3.552351054545523,3.552351054545523,3.552351054545523,3.552351054545523,3.552351054545523,3.552351054545523,3.552351054545523,3.552351054545523,3.552351054545523,3.552351054545523,3.552351054545523,3.552351054545523,3.552351054545523,3.552351054545523,3.552351054545523,3.552351054545523,3.552351054545523,3.552351054545523,3.552351054545523,3.552351054545523,3.552351054545523,3.552351054545523,3.552351054545523,3.552351054545523,3.552351054545523,3.552351054545523,3.552351054545523,3.552351054545523,3.552351054545523,3.552351054545523,3.552351054545523,3.552351054545523,3.552351054545523,3.552351054545523,3.552351054545523,3.552351054545523,3.552351054545523,3.552351054545523,3.552351054545523,3.552351054545523,3.552351054545523,3.552351054545523,3.552351054545523,3.552351054545523,3.552351054545523,3.552351054545523,3.552351054545523,3.552351054545523,3.552351054545523,3.552351054545523,3.552351054545523,3.552351054545523,3.552351054545523,3.552351054545523,3.552351054545523,3.552351054545523,3.552351054545523,3.552351054545523,3.552351054545523,3.552351054545523,3.552351054545523,3.552351054545523,3.552351054545523,3.552351054545523,3.552351054545523,3.552351054545523,3.552351054545523,3.552351054545523,3.552351054545523,3.552351054545523,3.552351054545523,3.552351054545523,3.552351054545523,3.552351054545523,3.552351054545523,3.552351054545523,3.552351054545523,3.552351054545523,3.552351054545523,3.552351054545523,3.552351054545523,3.552351054545523,3.552351054545523,3.552351054545523,3.552351054545523,3.552351054545523,3.552351054545523,3.552351054545523,3.552351054545523,3.552351054545523,3.552351054545523,3.552351054545523,3.552351054545523,3.552351054545523,3.552351054545523,3.552351054545523,3.552351054545523,3.552351054545523,3.552351054545523,3.552351054545523,3.552351054545523,3.552351054545523,3.552351054545523,3.552351054545523,3.552351054545523,3.552351054545523,3.552351054545523,3.552351054545523,3.552351054545523,3.552351054545523,3.552351054545523,3.552351054545523,3.552351054545523,3.552351054545523,3.552351054545523,3.552351054545523,3.552351054545523,3.552351054545523,3.552351054545523,3.552351054545523,3.552351054545523,3.552351054545523,3.552351054545523,3.552351054545523,3.552351054545523,3.552351054545523,3.552351054545523,3.552351054545523,3.552351054545523,3.552351054545523,3.552351054545523,3.552351054545523,3.552351054545523,3.552351054545523,3.552351054545523,3.552351054545523,3.552351054545523,3.552351054545523,3.552351054545523,3.552351054545523,3.552351054545523,3.552351054545523,3.552351054545523,3.552351054545523,3.552351054545523,3.552351054545523,3.552351054545523,3.552351054545523,3.552351054545523,3.552351054545523,3.552351054545523,3.552351054545523,3.552351054545523,3.552351054545523,3.552351054545523,3.552351054545523,3.552351054545523,3.552351054545523,3.552351054545523,3.552351054545523,3.552351054545523,3.552351054545523,3.552351054545523,3.552351054545523,3.552351054545523,7.530143682576593,7.530143682576593,7.135664143561477,7.135664143561477,7.135664143561477,7.135664143561477,7.135664143561477,7.135664143561477,7.135664143561477,7.125160865839825,7.125160865839825,6.943199929539603,6.943199929539603,6.943199929539603,6.943199929539603,6.943199929539603,6.943199929539603,6.943199929539603,6.943199929539603,6.943199929539603,6.943199929539603,6.943199929539603,6.943199929539603,6.943199929539603,6.943199929539603,6.943199929539603,6.943199929539603,6.943199929539603,6.943199929539603,6.943199929539603,6.943199929539603,6.943199929539603,6.943199929539603,6.943199929539603,6.943199929539603,6.943199929539603,6.943199929539603,6.943199929539603,6.943199929539603,6.943199929539603,6.943199929539603,6.943199929539603,6.943199929539603,6.943199929539603,6.943199929539603,6.943199929539603,6.943199929539603,6.943199929539603,6.943199929539603,6.943199929539603,6.943199929539603,6.943199929539603,6.943199929539603,6.943199929539603,6.628874429422432,6.628874429422432,6.628874429422432,6.628874429422432,6.628874429422432,6.628874429422432,6.628874429422432,6.628874429422432,6.628874429422432,6.628874429422432,6.628874429422432,6.628874429422432,6.628874429422432,6.628874429422432,6.628874429422432,6.628874429422432,6.628874429422432,6.628874429422432,6.628874429422432,6.628874429422432,6.628874429422432,6.628874429422432,6.628874429422432,6.628874429422432,6.628874429422432,6.628874429422432,6.628874429422432,6.628874429422432,6.628874429422432,6.628874429422432,6.628874429422432,6.628874429422432,6.628874429422432,6.628874429422432,6.628874429422432,6.628874429422432,6.628874429422432,6.628874429422432,6.628874429422432,6.628874429422432,6.628874429422432,6.628874429422432,6.628874429422432,6.628874429422432,6.628874429422432,6.628874429422432,6.628874429422432,6.628874429422432,6.628874429422432,6.628874429422432,6.628874429422432,6.628874429422432,6.628874429422432,6.628874429422432,6.628874429422432,6.628874429422432,6.628874429422432,6.628874429422432,6.628874429422432,6.628874429422432,6.628874429422432,6.628874429422432,6.628874429422432,6.628874429422432,6.628874429422432,6.628874429422432,6.628874429422432,6.628874429422432,6.628874429422432,6.628874429422432,6.628874429422432,6.628874429422432,6.628874429422432,6.628874429422432,6.628874429422432,6.628874429422432,6.628874429422432,6.628874429422432,6.628874429422432,6.628874429422432,6.628874429422432,6.628874429422432,6.628874429422432,6.628874429422432,6.628874429422432,6.628874429422432,6.628874429422432,6.628874429422432,6.628874429422432,6.628874429422432,6.628874429422432,6.628874429422432,6.628874429422432,6.628874429422432,6.628874429422432,6.628874429422432,6.628874429422432,6.628874429422432,6.628874429422432,6.628874429422432,6.628874429422432,6.628874429422432,6.628874429422432,6.628874429422432,6.628874429422432,6.628874429422432,6.628874429422432,6.628874429422432,6.628874429422432,6.628874429422432,6.628874429422432,6.628874429422432,6.628874429422432,6.628874429422432,6.628874429422432,6.549160930863919,6.385331592451216,5.395620209112994,5.395620209112994,5.395620209112994,5.395620209112994,5.395620209112994,5.395620209112994,5.395620209112994,5.395620209112994,5.395620209112994,5.395620209112994,5.395620209112994,5.395620209112994,5.395620209112994,5.395620209112994,5.395620209112994,5.395620209112994,5.395620209112994,5.395620209112994,5.395620209112994,5.395620209112994,5.395620209112994,5.395620209112994,5.395620209112994,5.395620209112994,5.395620209112994,5.395620209112994,5.395620209112994,5.395620209112994,5.395620209112994,5.395620209112994,5.395620209112994,5.395620209112994,5.395620209112994,5.395620209112994,5.395620209112994,5.395620209112994,5.395620209112994,5.395620209112994,5.395620209112994,5.395620209112994,5.395620209112994,5.395620209112994,5.395620209112994,5.395620209112994,5.395620209112994,5.395620209112994,5.395620209112994,5.395620209112994,5.395620209112994,5.395620209112994,5.395620209112994,5.395620209112994,5.395620209112994,5.395620209112994,5.395620209112994,5.395620209112994,5.395620209112994,5.395620209112994,5.395620209112994,5.395620209112994,5.395620209112994,5.395620209112994,5.395620209112994,5.395620209112994,5.395620209112994,5.395620209112994,5.395620209112994,5.395620209112994,5.395620209112994,5.395620209112994,5.395620209112994,5.395620209112994,5.395620209112994,5.395620209112994,5.395620209112994,5.395620209112994,5.395620209112994,5.395620209112994,5.395620209112994,5.395620209112994,5.395620209112994,5.395620209112994,5.395620209112994,5.395620209112994,5.395620209112994,5.395620209112994,5.395620209112994,5.395620209112994,5.395620209112994,5.395620209112994,5.395620209112994,5.395620209112994,5.395620209112994,5.395620209112994,5.395620209112994,5.395620209112994,5.395620209112994,5.395620209112994,5.395620209112994,5.395620209112994,5.395620209112994,5.395620209112994,5.395620209112994,5.395620209112994,5.395620209112994,5.395620209112994,5.395620209112994,5.395620209112994,5.395620209112994,5.395620209112994,5.255895577792846,5.255895577792846,5.255895577792846,5.255895577792846,5.255895577792846,5.255895577792846,5.255895577792846,5.255895577792846,5.255895577792846,5.255895577792846,5.255895577792846,5.255895577792846,5.255895577792846,5.255895577792846,5.255895577792846,5.255895577792846,5.255895577792846,5.255895577792846,5.255895577792846,5.255895577792846,5.255895577792846,5.255895577792846,5.255895577792846,5.255895577792846,5.255895577792846,5.255895577792846,5.255895577792846,5.255895577792846,5.255895577792846,5.255895577792846,5.255895577792846,5.255895577792846,5.255895577792846,5.255895577792846,5.255895577792846,5.255895577792846,5.252086157198136,5.252086157198136,5.252086157198136,5.252086157198136,5.252086157198136,5.252086157198136,5.252086157198136,5.252086157198136,5.252086157198136,5.252086157198136,5.252086157198136,5.252086157198136,5.252086157198136,5.252086157198136,5.252086157198136,5.252086157198136,5.252086157198136,5.252086157198136,5.252086157198136,5.252086157198136,5.252086157198136,5.252086157198136,5.252086157198136,5.252086157198136,5.252086157198136,5.252086157198136,5.252086157198136,5.252086157198136,5.252086157198136,5.252086157198136,5.252086157198136,5.252086157198136,5.252086157198136,5.252086157198136,5.252086157198136,5.252086157198136,5.252086157198136,5.252086157198136,5.252086157198136,5.252086157198136,5.252086157198136,5.252086157198136,5.252086157198136,5.252086157198136,5.252086157198136,5.252086157198136,5.252086157198136,5.252086157198136,5.252086157198136,5.252086157198136,5.252086157198136,5.252086157198136,5.252086157198136,5.252086157198136,5.252086157198136,5.252086157198136,5.252086157198136,5.252086157198136,5.252086157198136,5.252086157198136,5.252086157198136,5.252086157198136,5.252086157198136,5.252086157198136,5.252086157198136,5.252086157198136,5.252086157198136,5.252086157198136,5.252086157198136,5.252086157198136,5.252086157198136,5.252086157198136,5.252086157198136,5.252086157198136,5.252086157198136,5.252086157198136,5.252086157198136,5.252086157198136,5.252086157198136,5.252086157198136,5.252086157198136,5.252086157198136,5.252086157198136,5.252086157198136,5.252086157198136,5.252086157198136,5.252086157198136,5.252086157198136,5.252086157198136,5.252086157198136,5.252086157198136,5.252086157198136,5.252086157198136,5.252086157198136,5.252086157198136,5.252086157198136,5.252086157198136,5.252086157198136,5.252086157198136,5.252086157198136,5.252086157198136,5.252086157198136,5.252086157198136,5.252086157198136,5.252086157198136,5.252086157198136,5.252086157198136,5.252086157198136,5.252086157198136,5.252086157198136,5.252086157198136,5.252086157198136,5.252086157198136,5.252086157198136,5.252086157198136,5.252086157198136,5.252086157198136,5.252086157198136,5.252086157198136,5.252086157198136,5.252086157198136,5.252086157198136,5.252086157198136,5.252086157198136,5.252086157198136,5.252086157198136,5.252086157198136,5.252086157198136,5.252086157198136,5.252086157198136,5.252086157198136,5.252086157198136,5.252086157198136,5.252086157198136,5.252086157198136,5.252086157198136,5.252086157198136,5.252086157198136,5.252086157198136,5.252086157198136,5.252086157198136,5.252086157198136,5.252086157198136,5.252086157198136,5.252086157198136,5.252086157198136,5.252086157198136,5.252086157198136,5.252086157198136,5.252086157198136,5.252086157198136,5.252086157198136,5.252086157198136,5.252086157198136,5.252086157198136,5.252086157198136,5.252086157198136,5.252086157198136,5.252086157198136,5.252086157198136,5.252086157198136,5.252086157198136,5.252086157198136,5.252086157198136,5.252086157198136,5.252086157198136,5.252086157198136,5.252086157198136,5.252086157198136,5.252086157198136,5.252086157198136,5.252086157198136,3.541051982589262,2.840095552011744,2.840095552011744,2.840095552011744,2.840095552011744,2.840095552011744,2.840095552011744,2.840095552011744,2.840095552011744,2.840095552011744,2.840095552011744,2.840095552011744,2.840095552011744,2.840095552011744,2.840095552011744,2.840095552011744,2.840095552011744,2.840095552011744,2.840095552011744,2.840095552011744,2.840095552011744,2.840095552011744,2.840095552011744,2.840095552011744,2.840095552011744,2.840095552011744,2.840095552011744,2.840095552011744,2.840095552011744,2.840095552011744,2.840095552011744,2.840095552011744,2.840095552011744,2.840095552011744,2.840095552011744,2.840095552011744,2.840095552011744,2.840095552011744,2.840095552011744,2.840095552011744,2.840095552011744,2.840095552011744,2.840095552011744,2.840095552011744,2.840095552011744,2.840095552011744,2.840095552011744,2.840095552011744,2.840095552011744,2.840095552011744,2.840095552011744,2.840095552011744,2.840095552011744,2.840095552011744,2.840095552011744,2.840095552011744,2.840095552011744,2.840095552011744,2.840095552011744,2.840095552011744,2.840095552011744,2.840095552011744,2.840095552011744,2.840095552011744,2.840095552011744,2.840095552011744,2.840095552011744,2.840095552011744,2.840095552011744,2.840095552011744,2.840095552011744,2.840095552011744,2.840095552011744,2.840095552011744,2.840095552011744,2.840095552011744,2.840095552011744,2.840095552011744,2.840095552011744,2.840095552011744,2.840095552011744,2.840095552011744,2.840095552011744,2.840095552011744,2.840095552011744,2.840095552011744,2.840095552011744,2.840095552011744,2.840095552011744,2.840095552011744,2.840095552011744,2.840095552011744,2.840095552011744,2.840095552011744,2.840095552011744,2.840095552011744,2.840095552011744,2.840095552011744,2.840095552011744,2.840095552011744,2.840095552011744,2.840095552011744,2.840095552011744,2.840095552011744,2.840095552011744,2.840095552011744,2.840095552011744,2.840095552011744,2.840095552011744,2.840095552011744,2.840095552011744,2.840095552011744,2.840095552011744,2.840095552011744,2.840095552011744,2.840095552011744,2.840095552011744,2.840095552011744,2.840095552011744,2.840095552011744,2.840095552011744,2.840095552011744,2.840095552011744,2.840095552011744,2.840095552011744,2.840095552011744,2.840095552011744,2.840095552011744,2.840095552011744,2.840095552011744,2.840095552011744,2.840095552011744,2.840095552011744,2.840095552011744,2.840095552011744,2.840095552011744,2.840095552011744,2.840095552011744,2.840095552011744,2.840095552011744,2.840095552011744,2.840095552011744,2.840095552011744,2.840095552011744,2.840095552011744,2.840095552011744,2.840095552011744,2.840095552011744,2.840095552011744,2.840095552011744,2.840095552011744,2.840095552011744,2.840095552011744,2.840095552011744,2.840095552011744,2.840095552011744,2.840095552011744,2.840095552011744,2.840095552011744,2.840095552011744,2.840095552011744,2.840095552011744,2.840095552011744,2.840095552011744,2.840095552011744,2.840095552011744,2.840095552011744,2.840095552011744,2.840095552011744,2.840095552011744,2.840095552011744,2.840095552011744,2.840095552011744,2.840095552011744,2.840095552011744,2.840095552011744,2.840095552011744,2.840095552011744,2.840095552011744,2.840095552011744,2.840095552011744,2.840095552011744,2.840095552011744,2.840095552011744,2.840095552011744,2.840095552011744,2.840095552011744,2.840095552011744,2.840095552011744,2.840095552011744,2.840095552011744,2.840095552011744,2.840095552011744,2.840095552011744,2.840095552011744,2.840095552011744,2.840095552011744,2.840095552011744,2.840095552011744,2.840095552011744,2.840095552011744,2.840095552011744,2.840095552011744,2.840095552011744,2.840095552011744,2.840095552011744,2.840095552011744,2.840095552011744,2.840095552011744,2.840095552011744,2.840095552011744,2.840095552011744,2.840095552011744,2.840095552011744,2.840095552011744,2.840095552011744,2.840095552011744,2.840095552011744,2.840095552011744,2.840095552011744,2.840095552011744,2.840095552011744,2.840095552011744,2.840095552011744,2.840095552011744,2.840095552011744,2.840095552011744,2.840095552011744,2.840095552011744,2.840095552011744,2.840095552011744,2.840095552011744,2.840095552011744,2.840095552011744,2.840095552011744,2.840095552011744,2.840095552011744,2.840095552011744,2.840095552011744,2.840095552011744,2.840095552011744,2.840095552011744,2.840095552011744,2.840095552011744,2.840095552011744,2.840095552011744,2.840095552011744,2.840095552011744,2.840095552011744,2.840095552011744,2.840095552011744,2.840095552011744,2.840095552011744,2.840095552011744,2.840095552011744,2.840095552011744,2.840095552011744,2.840095552011744,2.840095552011744,2.840095552011744,2.840095552011744,2.840095552011744,2.840095552011744,2.840095552011744,2.840095552011744,2.840095552011744,2.840095552011744,2.840095552011744,2.840095552011744,2.840095552011744,2.840095552011744,2.840095552011744,2.840095552011744,2.840095552011744,2.840095552011744,2.840095552011744,2.840095552011744,2.840095552011744,2.840095552011744,2.840095552011744,2.840095552011744,2.840095552011744,2.840095552011744,2.840095552011744,2.840095552011744,2.840095552011744,2.840095552011744,2.840095552011744,2.840095552011744,2.840095552011744,2.840095552011744,2.840095552011744,2.840095552011744,2.840095552011744,2.840095552011744,2.840095552011744,2.840095552011744,2.840095552011744,2.840095552011744,2.840095552011744,2.840095552011744,2.840095552011744,2.840095552011744,2.840095552011744,2.840095552011744,2.840095552011744,2.840095552011744,2.840095552011744,2.840095552011744,2.840095552011744,2.840095552011744,2.840095552011744,2.840095552011744,2.840095552011744,2.840095552011744,2.840095552011744,2.840095552011744,2.840095552011744,2.840095552011744,2.840095552011744,2.840095552011744,2.840095552011744,2.840095552011744,2.840095552011744,2.840095552011744,2.840095552011744,2.840095552011744,2.840095552011744,2.840095552011744,2.840095552011744,2.840095552011744,2.840095552011744,2.840095552011744,2.840095552011744,2.840095552011744,2.840095552011744,2.840095552011744,2.840095552011744,2.840095552011744,2.840095552011744,2.840095552011744,2.840095552011744,2.840095552011744,2.840095552011744,2.840095552011744,2.840095552011744,2.840095552011744,2.840095552011744,2.840095552011744,2.840095552011744,2.840095552011744,2.840095552011744,2.840095552011744,2.840095552011744,2.840095552011744,2.840095552011744,2.840095552011744,2.840095552011744,2.840095552011744,2.840095552011744,2.840095552011744,2.840095552011744,2.840095552011744,2.840095552011744,2.840095552011744,2.840095552011744,2.840095552011744,2.840095552011744,2.840095552011744,2.840095552011744,2.840095552011744,2.840095552011744,2.840095552011744,2.840095552011744,2.840095552011744,2.840095552011744,2.840095552011744,2.840095552011744,2.840095552011744,2.840095552011744,2.840095552011744,2.840095552011744,2.840095552011744,2.840095552011744,2.840095552011744,2.840095552011744,2.840095552011744,2.840095552011744,2.840095552011744,2.840095552011744,2.840095552011744,2.840095552011744,2.840095552011744,2.840095552011744,2.840095552011744,2.840095552011744,2.840095552011744,2.840095552011744,2.840095552011744,2.840095552011744,2.840095552011744,2.840095552011744,2.840095552011744,2.840095552011744,2.840095552011744,2.840095552011744,2.840095552011744,2.840095552011744,2.840095552011744,2.840095552011744,2.840095552011744,2.840095552011744,2.840095552011744,2.840095552011744,2.840095552011744,2.840095552011744,2.840095552011744,2.840095552011744,2.840095552011744,2.840095552011744,2.840095552011744,2.840095552011744,2.840095552011744,2.840095552011744,2.840095552011744,2.840095552011744,2.840095552011744,2.840095552011744,2.840095552011744,2.840095552011744,2.840095552011744,2.840095552011744,2.840095552011744,2.840095552011744,2.840095552011744,2.840095552011744,2.840095552011744,2.840095552011744,2.840095552011744,2.840095552011744,2.840095552011744,2.840095552011744,2.840095552011744,2.840095552011744,2.840095552011744,2.840095552011744,2.840095552011744,2.840095552011744,2.840095552011744,2.840095552011744,2.840095552011744,2.840095552011744,2.840095552011744,2.840095552011744,2.840095552011744,2.840095552011744,2.840095552011744,2.840095552011744,2.840095552011744,2.840095552011744,2.840095552011744,2.840095552011744,2.840095552011744,2.840095552011744,2.840095552011744,2.840095552011744,2.840095552011744,2.840095552011744,2.840095552011744,2.840095552011744,2.840095552011744,2.840095552011744,2.840095552011744,2.840095552011744,2.840095552011744,2.840095552011744,2.840095552011744,2.840095552011744,2.840095552011744,2.840095552011744,2.840095552011744,2.840095552011744,2.840095552011744,2.840095552011744,2.840095552011744,2.840095552011744,2.840095552011744,2.840095552011744,2.840095552011744,2.840095552011744,2.840095552011744,2.840095552011744,2.840095552011744,2.840095552011744,2.840095552011744,2.840095552011744,2.840095552011744,2.840095552011744,2.840095552011744,2.840095552011744,2.840095552011744,2.840095552011744,2.840095552011744,2.840095552011744,2.840095552011744,2.840095552011744,2.840095552011744,2.840095552011744,2.840095552011744,2.840095552011744,2.840095552011744,8.372519775447325,7.710905964002439,7.710905964002439,7.710905964002439,7.710905964002439,7.710905964002439,7.710905964002439,7.710905964002439,7.710905964002439,7.013219749035791,7.013219749035791,7.013219749035791,6.998311117439243,6.998311117439243,6.979820847292661,6.979820847292661,6.684560189409005,6.684560189409005,6.684560189409005,6.684560189409005,6.684560189409005,6.684560189409005,6.684560189409005,6.684560189409005,6.684560189409005,6.684560189409005,6.684560189409005,6.684560189409005,6.684560189409005,6.684560189409005,6.684560189409005,6.684560189409005,6.684560189409005,6.684560189409005,6.684560189409005,6.684560189409005,6.684560189409005,6.684560189409005,6.684560189409005,6.684560189409005,6.684560189409005,6.684560189409005,6.684560189409005,6.684560189409005,6.684560189409005,6.684560189409005,6.684560189409005,6.684560189409005,6.684560189409005,6.684560189409005,6.684560189409005,6.684560189409005,6.684560189409005,6.684560189409005,6.684560189409005,6.684560189409005,6.684560189409005,6.684560189409005,6.684560189409005,6.684560189409005,6.684560189409005,6.684560189409005,6.684560189409005,6.684560189409005,6.684560189409005,6.684560189409005,6.684560189409005,6.684560189409005,6.684560189409005,6.684560189409005,6.684560189409005,6.684560189409005,6.684560189409005,6.684560189409005,6.684560189409005,6.684560189409005,6.684560189409005,6.684560189409005,6.684560189409005,6.684560189409005,6.684560189409005,6.684560189409005,6.684560189409005,6.684560189409005,6.684560189409005,6.684560189409005,6.684560189409005,6.684560189409005,6.684560189409005,6.684560189409005,6.684560189409005,6.684560189409005,6.684560189409005,6.684560189409005,6.684560189409005,6.684560189409005,6.684560189409005,6.684560189409005,6.684560189409005,6.684560189409005,6.684560189409005,6.684560189409005,6.684560189409005,5.563070277575156,5.563070277575156,5.563070277575156,5.563070277575156,5.563070277575156,5.563070277575156,5.563070277575156,4.939908033624509,4.702381735479846,4.702381735479846,4.635396483862494,4.635396483862494,4.635396483862494,4.635396483862494,4.635396483862494,4.635396483862494,4.635396483862494,4.635396483862494,4.635396483862494,4.635396483862494,4.635396483862494,4.635396483862494,4.635396483862494,4.635396483862494,4.635396483862494,4.635396483862494,4.635396483862494,4.635396483862494,4.635396483862494,4.635396483862494,4.635396483862494,4.635396483862494,4.635396483862494,4.635396483862493,4.635396483862493,4.635396483862493,4.635396483862493,4.635396483862493,4.635396483862493,4.635396483862493,4.635396483862493,4.635396483862493,4.635396483862493,4.635396483862493,4.635396483862493,4.635396483862493,4.635396483862493,4.635396483862493,4.635396483862493,4.635396483862493,4.635396483862493,4.635396483862493,4.635396483862493,4.635396483862493,4.635396483862493,4.635396483862493,4.635396483862493,4.635396483862493,4.635396483862493,4.635396483862493,4.635396483862493,4.635396483862493,4.635396483862493,4.635396483862493,4.635396483862493,4.635396483862493,4.635396483862493,4.635396483862493,4.635396483862493,4.635396483862493,4.635396483862493,4.635396483862493,4.635396483862493,4.635396483862493,4.635396483862493,4.635396483862493,4.635396483862493,4.635396483862493,4.635396483862493,4.635396483862493,4.635396483862493,4.635396483862493,4.635396483862493,4.635396483862493,4.635396483862493,4.635396483862493,4.635396483862493,4.635396483862493,4.635396483862493,4.635396483862493,4.635396483862493,4.635396483862493,4.635396483862493,4.635396483862493,4.635396483862493,4.635396483862493,4.635396483862493,4.635396483862493,4.635396483862493,4.635396483862493,4.635396483862493,4.635396483862493,4.635396483862493,4.635396483862493,4.635396483862493,4.635396483862493,4.635396483862493,4.635396483862493,4.635396483862493,4.635396483862493,4.635396483862493,4.635396483862493,4.635396483862493,4.635396483862493,4.635396483862493,4.635396483862493,4.635396483862493,4.635396483862493,4.635396483862493,4.635396483862493,4.635396483862493,4.635396483862493,4.635396483862493,4.635396483862493,4.635396483862493,4.635396483862493,4.635396483862493,4.635396483862493,4.635396483862493,4.635396483862493,4.635396483862493,4.635396483862493,4.635396483862493,4.635396483862493,4.635396483862493,4.635396483862493,4.635396483862493,4.635396483862493,4.635396483862493,4.635396483862493,4.635396483862493,4.635396483862493,4.635396483862493,4.635396483862493,4.635396483862493,4.635396483862493,4.635396483862493,4.635396483862493,4.635396483862493,4.635396483862493,4.635396483862493,4.635396483862493,4.635396483862493,4.635396483862493,4.635396483862493,4.635396483862493,4.635396483862493,4.635396483862493,4.635396483862493,4.635396483862493,4.635396483862493,4.635396483862493,4.635396483862493,4.635396483862493,4.635396483862493,4.635396483862493,4.635396483862493,4.635396483862493,4.635396483862493,4.635396483862493,4.635396483862493,4.635396483862493,4.635396483862493,4.635396483862493,4.635396483862493,4.635396483862493,4.635396483862493,4.635396483862493,4.635396483862493,4.635396483862493,4.635396483862493,4.635396483862493,4.635396483862493,4.635396483862493,4.635396483862493,4.635396483862493,4.635396483862493,4.635396483862493,4.635396483862493,4.635396483862493,4.635396483862493,4.635396483862493,4.635396483862493,4.635396483862493,4.635396483862493,4.635396483862493,4.635396483862493,4.635396483862493,4.635396483862493,4.635396483862493,4.635396483862493,4.635396483862493,4.635396483862493,4.635396483862493,4.635396483862493,4.635396483862493,4.635396483862493,4.635396483862493,4.635396483862493,4.635396483862493,4.635396483862493,4.635396483862493,4.635396483862493,4.635396483862493,4.635396483862493,4.635396483862493,4.635396483862493,4.635396483862493,4.635396483862493,4.635396483862493,4.635396483862493,4.635396483862493,4.635396483862493,4.635396483862493,4.635396483862493,4.635396483862493,4.635396483862493,4.635396483862493,4.635396483862493,4.635396483862493,4.635396483862493,4.635396483862493,4.635396483862493,4.635396483862493,4.635396483862493,4.635396483862493,4.635396483862493,4.635396483862493,4.635396483862493,4.635396483862493,4.635396483862493,4.635396483862493,4.635396483862493,4.635396483862493,4.635396483862493,4.635396483862493,4.635396483862493,4.635396483862493,4.635396483862493,4.635396483862493,4.635396483862493,4.635396483862493,4.635396483862493,4.635396483862493,4.635396483862493,4.635396483862493,4.635396483862493,4.635396483862493,4.635396483862493,4.635396483862493,4.635396483862493,4.635396483862493,4.635396483862493,4.635396483862493,4.635396483862493,4.635396483862493,4.635396483862493,4.635396483862493,4.635396483862493,4.635396483862493,4.635396483862493,4.635396483862493,4.635396483862493,4.635396483862493,4.635396483862493,4.635396483862493,4.635396483862493,4.635396483862493,4.635396483862493,4.635396483862493,4.635396483862493,4.635396483862493,4.635396483862493,4.635396483862493,4.635396483862493,4.635396483862493,4.635396483862493,4.635396483862493,4.635396483862493,4.635396483862493,4.635396483862493,4.635396483862493,4.635396483862493,4.635396483862493,4.635396483862493,4.635396483862493,4.635396483862493,4.635396483862493,4.635396483862493,4.635396483862493,4.635396483862493,4.635396483862493,4.635396483862493,4.635396483862493,4.635396483862493,4.635396483862493,4.635396483862493,4.635396483862493,4.635396483862493,4.635396483862493,4.635396483862493,4.635396483862493,4.635396483862493,4.635396483862493,4.635396483862493,4.635396483862493,4.635396483862493,4.635396483862493,4.635396483862493,4.635396483862493,4.635396483862493,4.635396483862493,4.635396483862493,4.635396483862493,4.635396483862493,4.635396483862493,4.635396483862493,4.635396483862493,4.635396483862493,4.635396483862493,4.635396483862493,4.635396483862493,4.635396483862493,4.635396483862493,4.635396483862493,4.635396483862493,4.635396483862493,4.635396483862493,4.635396483862493,4.635396483862493,4.635396483862493,4.635396483862493,4.635396483862493,4.635396483862493,4.635396483862493,4.635396483862493,4.635396483862493,4.635396483862493,4.635396483862493,4.635396483862493,4.635396483862493,4.635396483862493,4.635396483862493,4.635396483862493,4.635396483862493,4.635396483862493,4.635396483862493,4.635396483862493,4.635396483862493,4.635396483862493,4.635396483862493,4.635396483862493,4.635396483862493,4.635396483862493,4.635396483862493,4.635396483862493,4.635396483862493,4.635396483862493,4.635396483862493,4.635396483862493,4.635396483862493,4.635396483862493,4.635396483862493,4.635396483862493,4.635396483862493,4.635396483862493,4.635396483862493,4.635396483862493,4.635396483862493,4.635396483862493,4.635396483862493,4.635396483862493,4.635396483862493,4.635396483862493,4.635396483862493,4.635396483862493,4.635396483862493,4.635396483862493,4.635396483862493,4.635396483862493,4.635396483862493,4.635396483862493,4.635396483862493,4.635396483862493,4.635396483862493,4.635396483862493,4.635396483862493,4.635396483862493,4.635396483862493,4.635396483862493,4.635396483862493,4.635396483862493,4.635396483862493,4.635396483862493,4.635396483862493,4.635396483862493,4.635396483862493,4.635396483862493,4.635396483862493,4.635396483862493,4.635396483862493,4.635396483862493,4.635396483862493,4.635396483862493,4.635396483862493,4.635396483862493,4.635396483862493,4.635396483862493,4.635396483862493,4.635396483862493,4.635396483862493,4.635396483862493,4.635396483862493,4.635396483862493,4.635396483862493,4.635396483862493,4.635396483862493,4.635396483862493,4.635396483862493,4.635396483862493,4.635396483862493,4.635396483862493,4.635396483862493,4.635396483862493,4.635396483862493,4.635396483862493,4.635396483862493,4.635396483862493,4.635396483862493,4.635396483862493,4.635396483862493,4.635396483862493,4.635396483862493,4.635396483862493,4.635396483862493,4.635396483862493,4.635396483862493,4.635396483862493,4.635396483862493,4.635396483862493,4.635396483862493,4.635396483862493,4.635396483862493,4.635396483862493,4.635396483862493,4.635396483862493,4.635396483862493,4.635396483862493,4.635396483862493,4.635396483862493,4.635396483862493,4.635396483862493,4.635396483862493,4.635396483862493,4.635396483862493,4.635396483862493,4.635396483862493,4.635396483862493,4.635396483862493,4.635396483862493,4.635396483862493,4.635396483862493,4.635396483862493,4.635396483862493,4.635396483862493,4.635396483862493,4.635396483862493,4.635396483862493,4.635396483862493,4.635396483862493,4.635396483862493,4.635396483862493,4.635396483862493,4.635396483862493,4.635396483862493,4.635396483862493,4.635396483862493,4.635396483862493,4.635396483862493,4.635396483862493,4.635396483862493,4.635396483862493,4.635396483862493,4.635396483862493,4.635396483862493,4.635396483862493,4.635396483862493,4.635396483862493,4.635396483862493,4.635396483862493,4.635396483862493,4.635396483862493,4.635396483862493,4.635396483862493,4.635396483862493,4.635396483862493,4.635396483862493,4.635396483862493,4.635396483862493,4.635396483862493,4.635396483862493,4.635396483862493,4.635396483862493,4.635396483862493,4.635396483862493,4.635396483862493,4.635396483862493,4.635396483862493,4.635396483862493,4.635396483862493,4.635396483862493,4.635396483862493,4.635396483862493,4.635396483862493,4.635396483862493,4.635396483862493,4.635396483862493,4.635396483862493,4.635396483862493,4.635396483862493,4.635396483862493,4.635396483862493,4.635396483862493,4.635396483862493,4.635396483862493,4.635396483862493,4.635396483862493,4.635396483862493,4.635396483862493,4.635396483862493,4.635396483862493,4.635396483862493,4.635396483862493,4.635396483862493,4.635396483862493,4.635396483862493,4.635396483862493,4.635396483862493,4.635396483862493,4.635396483862493,4.635396483862493,4.635396483862493,4.635396483862493,4.635396483862493,4.635396483862493,4.635396483862493,4.635396483862493,4.635396483862493,4.635396483862493,4.635396483862493,4.635396483862493,4.635396483862493,4.635396483862493,4.635396483862493,4.635396483862493,4.635396483862493,4.635396483862493,4.635396483862493,4.635396483862493,4.635396483862493,4.635396483862493,4.635396483862493,4.635396483862493,4.635396483862493,4.635396483862493,4.635396483862493,4.635396483862493,4.635396483862493,4.635396483862493,4.635396483862493,4.635396483862493,4.635396483862493,4.635396483862493,4.635396483862493,4.635396483862493,4.635396483862493,4.635396483862493,4.635396483862493,4.635396483862493,4.635396483862493,4.635396483862493,4.635396483862493,4.635396483862493,4.635396483862493,4.635396483862493,4.635396483862493,4.635396483862493,4.635396483862493,4.635396483862493,4.635396483862493,4.635396483862493,4.635396483862493,4.635396483862493,4.635396483862493,4.635396483862493,4.635396483862493,4.635396483862493,4.635396483862493,4.635396483862493,4.635396483862493,4.635396483862493,4.635396483862493,4.635396483862493,4.635396483862493,4.635396483862493,4.635396483862493,4.635396483862493,4.635396483862493,4.635396483862493,4.635396483862493,4.635396483862493,4.635396483862493,4.635396483862493,4.635396483862493,4.635396483862493,4.635396483862493,4.635396483862493,4.635396483862493,4.635396483862493,4.635396483862493,4.635396483862493,4.635396483862493,4.635396483862493,4.635396483862493,4.635396483862493,4.635396483862493,4.635396483862493,4.635396483862493,4.635396483862493,4.635396483862493,4.635396483862493,4.635396483862493,4.635396483862493,4.635396483862493,4.635396483862493,4.635396483862493,4.635396483862493,4.635396483862493,4.635396483862493,4.635396483862493,4.635396483862493,4.635396483862493,4.635396483862493,4.635396483862493,4.635396483862493,4.635396483862493,4.635396483862493,4.635396483862493,4.635396483862493,4.635396483862493,4.635396483862493,4.635396483862493,4.635396483862493,4.635396483862493,4.635396483862493,4.635396483862493,4.635396483862493,4.635396483862493,4.635396483862493,4.635396483862493,4.635396483862493,4.635396483862493,4.635396483862493,4.635396483862493,4.635396483862493,4.635396483862493,4.635396483862493,4.635396483862493,4.635396483862493,4.635396483862493,4.635396483862493,4.635396483862493,4.635396483862493,4.635396483862493,4.635396483862493,4.635396483862493,4.635396483862493,4.635396483862493,4.635396483862493,4.635396483862493,4.635396483862493,4.635396483862493,4.635396483862493,4.635396483862493,4.635396483862493,4.635396483862493,4.635396483862493,4.635396483862493,4.635396483862493,4.635396483862493,4.635396483862493,4.635396483862493,4.635396483862493,4.635396483862493,4.635396483862493,4.635396483862493,4.635396483862493,4.635396483862493,4.635396483862493,4.635396483862493,4.635396483862493,4.635396483862493,4.635396483862493,4.635396483862493,4.635396483862493,4.635396483862493,4.635396483862493,4.635396483862493,4.635396483862493,4.635396483862493,4.635396483862493,4.635396483862493,4.635396483862493,4.635396483862493,4.635396483862493,4.635396483862493,4.635396483862493,4.635396483862493,4.635396483862493,4.635396483862493,4.635396483862493,4.635396483862493,4.635396483862493,4.635396483862493,4.635396483862493,4.635396483862493,4.635396483862493,4.635396483862493,4.635396483862493,4.635396483862493,4.635396483862493,4.635396483862493,4.635396483862493,4.635396483862493,4.635396483862493,4.635396483862493,4.635396483862493,4.635396483862493,4.635396483862493,4.635396483862493,4.635396483862493,4.635396483862493,4.635396483862493,4.635396483862493,4.635396483862493,4.635396483862493,4.635396483862493,4.635396483862493,4.635396483862493,4.635396483862493,4.635396483862493,4.635396483862493,4.635396483862493,4.635396483862493,4.635396483862493,4.635396483862493,4.635396483862493,4.635396483862493,4.635396483862493,4.635396483862493,4.635396483862493,4.635396483862493,4.635396483862493,4.635396483862493,4.635396483862493,4.635396483862493,4.635396483862493,4.635396483862493,4.635396483862493,4.635396483862493,4.635396483862493,4.635396483862493,4.635396483862493,4.635396483862493,4.635396483862493,4.635396483862493,4.635396483862493,4.635396483862493,4.635396483862493,4.635396483862493,4.635396483862493,4.635396483862493,4.635396483862493,4.635396483862493,4.635396483862493,4.635396483862493,4.635396483862493,4.635396483862493,4.635396483862493,4.635396483862493,4.635396483862493,4.635396483862493,4.635396483862493,4.635396483862493,4.635396483862493,4.635396483862493,4.635396483862493,4.635396483862493,4.635396483862493,4.635396483862493,4.635396483862493,4.635396483862493,4.635396483862493,4.635396483862493,4.635396483862493,4.635396483862493,4.635396483862493,4.635396483862493,4.635396483862493,4.635396483862493,4.635396483862493,4.635396483862493,4.635396483862493,4.635396483862493,4.635396483862493,4.635396483862493,4.635396483862493,4.635396483862493,4.635396483862493,4.635396483862493,4.635396483862493,4.635396483862493,4.635396483862493,4.635396483862493,4.635396483862493,4.635396483862493,4.635396483862493,4.635396483862493,4.635396483862493,4.635396483862493,4.635396483862493,4.635396483862493,4.635396483862493,4.635396483862493,4.635396483862493,4.635396483862493,4.635396483862493,4.635396483862493,4.635396483862493,4.635396483862493,4.635396483862493,4.635396483862493,4.635396483862493,4.635396483862493,4.635396483862493,4.635396483862493,4.635396483862493,4.635396483862493,4.635396483862493,4.635396483862493,4.635396483862493,4.635396483862493,4.635396483862493,4.635396483862493,4.635396483862493,4.635396483862493,4.635396483862493,4.635396483862493,4.635396483862493,4.635396483862493,4.635396483862493,4.635396483862493,4.635396483862493,4.635396483862493,4.635396483862493,4.635396483862493,4.635396483862493,4.635396483862493,4.635396483862493,4.635396483862493,4.635396483862493,4.635396483862493,4.635396483862493,4.635396483862493,4.635396483862493,4.635396483862493,4.635396483862493,4.635396483862493,4.635396483862493,4.635396483862493,4.635396483862493,4.635396483862493,4.635396483862493,4.635396483862493,4.635396483862493,4.635396483862493,4.635396483862493,8.81765297772837,7.892948760140082,7.892948760140082,7.892948760140082,7.892948760140082,7.892948760140082,7.892948760140082,7.62037479998079,7.62037479998079,7.62037479998079,7.62037479998079,7.62037479998079,7.62037479998079,7.62037479998079,7.595281267977169,7.595281267977169,7.595281267977169,7.595281267977169,7.595281267977169,7.595281267977169,7.595281267977169,7.595281267977169,7.595281267977169,7.595281267977169,7.595281267977169,7.595281267977169,7.595281267977169,7.595281267977169,7.595281267977169,7.595281267977169,7.595281267977169,7.595281267977169,7.595281267977169,7.595281267977169,7.595281267977169,7.595281267977169,7.595281267977169,7.595281267977169,7.595281267977169,7.595281267977169,7.595281267977169,7.595281267977169,7.595281267977169,7.595281267977169,7.595281267977169,7.595281267977169,7.595281267977169,7.595281267977169,7.595281267977169,7.595281267977169,7.595281267977169,7.595281267977169,7.595281267977169,7.595281267977169,7.595281267977169,7.595281267977169,7.595281267977169,7.595281267977169,7.595281267977169,7.595281267977169,7.595281267977169,7.595281267977169,7.595281267977169,7.595281267977169,7.595281267977169,7.595281267977169,7.595281267977169,7.595281267977169,7.595281267977169,7.595281267977169,7.595281267977169,7.595281267977169,7.595281267977169,7.595281267977169,7.595281267977169,7.595281267977169,7.595281267977169,7.595281267977169,7.595281267977169,7.595281267977169,7.595281267977169,7.595281267977169,7.595281267977169,7.595281267977169,7.595281267977169,7.595281267977169,7.595281267977169,7.595281267977169,7.595281267977169,7.595281267977169,7.595281267977169,7.595281267977169,7.595281267977169,7.595281267977169,7.595281267977169,7.595281267977169,7.595281267977169,7.595281267977169,7.595281267977169,7.595281267977169,7.595281267977169,7.595281267977169,7.595281267977169,7.595281267977169,7.595281267977169,7.595281267977169,7.595281267977169,7.595281267977169,7.595281267977169,7.595281267977169,7.595281267977169,7.595281267977169,7.595281267977169,7.595281267977169,7.595281267977169,7.595281267977169,7.595281267977169,7.595281267977169,7.595281267977169,7.595281267977169,7.595281267977169,7.595281267977169,7.595281267977169,7.595281267977169,7.595281267977169,7.595281267977169,7.595281267977169,7.595281267977169,7.595281267977169,7.595281267977169,7.595281267977169,7.595281267977169,7.595281267977169,7.595281267977169,7.595281267977169,7.595281267977169,7.595281267977169,7.595281267977169,7.595281267977169,6.068285258930925,6.068285258930925,6.068285258930925,6.068285258930925,6.068285258930925,5.730868838031515,5.730868838031515,5.730868838031515,5.659569090685521,5.659569090685521,5.659569090685521,5.659569090685521,5.659569090685521,5.659569090685521,5.659569090685521,5.659569090685521,5.659569090685521,5.659569090685521,5.659569090685521,5.659569090685521,5.659569090685521,5.659569090685521,5.659569090685521,5.659569090685521,5.659569090685521,5.659569090685521,5.659569090685521,5.659569090685521,5.659569090685521,5.659569090685521,5.659569090685521,5.659569090685521,5.659569090685521,5.659569090685521,5.659569090685521,5.659569090685521,5.659569090685521,5.659569090685521,5.659569090685521,5.659569090685521,5.659569090685521,5.659569090685521,5.659569090685521,5.659569090685521,5.659569090685521,5.659569090685521,5.659569090685521,5.659569090685521,5.659569090685521,5.659569090685521,5.659569090685521,5.659569090685521,5.659569090685521,5.659569090685521,5.659569090685521,5.659569090685521,5.659569090685521,5.659569090685521,5.659569090685521,5.659569090685521,5.659569090685521,5.659569090685521,5.659569090685521,5.659569090685521,5.659569090685521,5.659569090685521,5.659569090685521,5.659569090685521,5.659569090685521,5.659569090685521,5.659569090685521,5.659569090685521,5.659569090685521,5.659569090685521,5.659569090685521,5.659569090685521,5.659569090685521,5.659569090685521,5.659569090685521,5.659569090685521,5.659569090685521,5.659569090685521,5.659569090685521,5.659569090685521,5.659569090685521,5.659569090685521,5.659569090685521,5.659569090685521,5.659569090685521,5.659569090685521,5.659569090685521,5.659569090685521,5.659569090685521,5.659569090685521,5.659569090685521,5.659569090685521,5.659569090685521,5.659569090685521,5.659569090685521,5.659569090685521,5.659569090685521,5.659569090685521,5.659569090685521,5.659569090685521,5.659569090685521,5.659569090685521,5.659569090685521,5.659569090685521,5.659569090685521,5.659569090685521,5.659569090685521,5.659569090685521,5.659569090685521,5.659569090685521,5.659569090685521,5.659569090685521,5.659569090685521,5.659569090685521,5.659569090685521,5.659569090685521,5.659569090685521,5.659569090685521,5.659569090685521,5.659569090685521,5.659569090685521,5.659569090685521,5.659569090685521,5.659569090685521,5.659569090685521,5.659569090685521,5.659569090685521,5.659569090685521,5.659569090685521,5.659569090685521,5.659569090685521,5.659569090685521,5.659569090685521,5.659569090685521,5.659569090685521,5.659569090685521,5.659569090685521,5.659569090685521,5.659569090685521,5.659569090685521,5.659569090685521,5.659569090685521,5.659569090685521,5.659569090685521,5.659569090685521,5.659569090685521,5.659569090685521,5.659569090685521,5.659569090685521,5.659569090685521,5.659569090685521,5.659569090685521,5.659569090685521,5.659569090685521,5.659569090685521,5.659569090685521,5.659569090685521,5.659569090685521,5.659569090685521,5.659569090685521,5.659569090685521,5.659569090685521,5.659569090685521,5.659569090685521,5.659569090685521,5.659569090685521,5.659569090685521,5.659569090685521,5.659569090685521,5.659569090685521,5.659569090685521,5.659569090685521,5.659569090685521,5.659569090685521,5.659569090685521,5.659569090685521,5.659569090685521,5.659569090685521,5.659569090685521,5.659569090685521,5.659569090685521,5.659569090685521,5.659569090685521,5.659569090685521,5.659569090685521,5.659569090685521,5.659569090685521,5.659569090685521,5.659569090685521,5.659569090685521,5.659569090685521,5.659569090685521,5.659569090685521,5.659569090685521,5.659569090685521,5.659569090685521,5.659569090685521,5.659569090685521,5.659569090685521,5.659569090685521,5.488858281225279,5.488858281225279,5.3835788041534505,5.3835788041534505,5.3835788041534505,5.3835788041534505,5.3835788041534505,5.3835788041534505,5.3835788041534505,5.3835788041534505,5.3835788041534505,5.3835788041534505,5.3835788041534505,5.3835788041534505,5.3835788041534505,5.3835788041534505,5.3835788041534505,5.3835788041534505,5.3835788041534505,5.3835788041534505,5.3835788041534505,5.297924116643712,5.297924116643712,5.297924116643712,5.297924116643712,5.297924116643712,5.297924116643712,5.297924116643712,5.297924116643712,5.297924116643712,5.297924116643712,5.297924116643712,5.297924116643712,5.297924116643712,5.297924116643712,5.297924116643712,5.297924116643712,5.297924116643712,5.297924116643712,5.297924116643712,5.297924116643712,5.297924116643712,5.297924116643712,5.297924116643712,5.297924116643712,5.297924116643712,5.297924116643712,5.297924116643712,5.297924116643712,5.297924116643712,5.297924116643712,5.297924116643712,5.297924116643712,5.297924116643712,5.297924116643712,5.297924116643712,5.297924116643712,5.297924116643712,5.297924116643712,5.297924116643712,5.297924116643712,5.297924116643712,5.297924116643712,5.297924116643712,5.297924116643712,5.297924116643712,5.297924116643712,5.297924116643712,5.297924116643712,5.297924116643712,5.297924116643712,5.297924116643712,5.297924116643712,5.297924116643712,5.297924116643712,5.297924116643712,5.297924116643712,5.297924116643712,5.297924116643712,5.297924116643712,5.297924116643712,5.297924116643712,5.297924116643712,5.297924116643712,5.297924116643712,5.297924116643712,5.297924116643712,5.297924116643712,5.297924116643712,5.297924116643712,5.297924116643712,5.297924116643712,5.297924116643712,5.297924116643712,5.297924116643712,5.297924116643712,5.297924116643712,5.297924116643712,5.297924116643712,5.297924116643712,5.297924116643712,5.297924116643712,5.297924116643712,5.297924116643712,5.297924116643712,5.297924116643712,5.297924116643712,5.297924116643712,5.297924116643712,5.297924116643712,5.297924116643712,5.297924116643712,5.297924116643712,5.297924116643712,5.297924116643712,5.297924116643712,5.297924116643712,5.297924116643712,5.297924116643712,5.297924116643712,5.297924116643712,5.297924116643712,5.297924116643712,5.297924116643712,5.297924116643712,5.297924116643712,5.297924116643712,5.297924116643712,5.297924116643712,5.297924116643712,5.297924116643712,5.297924116643712,5.297924116643712,5.297924116643712,5.297924116643712,5.297924116643712,5.297924116643712,5.297924116643712,5.297924116643712,5.297924116643712,5.297924116643712,5.297924116643712,5.297924116643712,5.297924116643712,5.297924116643712,5.297924116643712,5.297924116643712,5.297924116643712,5.297924116643712,5.297924116643712,5.297924116643712,5.297924116643712,5.297924116643712,5.297924116643712,5.297924116643712,5.297924116643712,5.297924116643712,5.297924116643712,5.297924116643712,5.297924116643712,5.297924116643712,5.297924116643712,5.297924116643712,5.297924116643712,5.297924116643712,5.297924116643712,5.297924116643712,5.297924116643712,5.297924116643712,5.297924116643712,5.297924116643712,5.297924116643712,5.297924116643712,5.297924116643712,5.297924116643712,5.297924116643712,5.297924116643712,5.297924116643712,5.297924116643712,5.297924116643712,5.297924116643712,5.297924116643712,5.297924116643712,5.297924116643712,5.297924116643712,5.297924116643712,5.297924116643712,5.297924116643712,5.297924116643712,5.297924116643712,5.297924116643712,5.297924116643712,5.297924116643712,5.297924116643712,5.297924116643712,5.297924116643712,5.297924116643712,5.297924116643712,5.297924116643712,5.297924116643712,5.297924116643712,5.297924116643712,5.297924116643712,5.297924116643712,5.297924116643712,5.297924116643712,5.297924116643712,5.297924116643712,5.297924116643712,5.297924116643712,5.297924116643712,5.297924116643712,5.297924116643712,5.297924116643712,5.297924116643712,5.297924116643712,5.297924116643712,5.297924116643712,5.297924116643712,5.297924116643712,5.297924116643712,5.297924116643712,5.297924116643712,5.297924116643712,5.297924116643712,5.297924116643712,5.297924116643712,5.297924116643712,5.297924116643712,5.297924116643712,5.297924116643712,5.297924116643712,5.297924116643712,5.297924116643712,5.297924116643712,5.297924116643712,5.297924116643712,5.297924116643712,5.297924116643712,5.297924116643712,5.297924116643712,5.297924116643712,5.297924116643712,5.297924116643712,5.297924116643712,5.297924116643712,5.297924116643712,5.297924116643712,5.297924116643712,5.297924116643712,5.297924116643712,5.297924116643712,5.297924116643712,5.297924116643712,5.297924116643712,5.297924116643712,5.297924116643712,5.297924116643712,5.297924116643712,5.297924116643712,5.297924116643712,5.297924116643712,5.297924116643712,5.297924116643712,5.297924116643712,5.297924116643712,5.297924116643712,5.297924116643712,5.297924116643712,5.297924116643712,5.297924116643712,5.297924116643712,5.297924116643712,5.297924116643712,5.297924116643712,5.297924116643712,5.297924116643712,5.297924116643712,5.297924116643712,5.297924116643712,5.297924116643712,5.297924116643712,5.297924116643712,5.297924116643712,5.297924116643712,5.297924116643712,5.297924116643712,5.297924116643712,5.297924116643712,5.297924116643712,5.297924116643712,5.297924116643712,5.297924116643712,5.297924116643712,5.297924116643712,5.297924116643712,5.297924116643712,5.297924116643712,5.297924116643712,5.297924116643712,5.297924116643712,5.297924116643712,5.297924116643712,5.297924116643712,5.297924116643712,5.297924116643712,5.297924116643712,5.297924116643712,5.297924116643712,5.297924116643712,5.297924116643712,5.297924116643712,5.297924116643712,5.297924116643712,5.297924116643712,5.297924116643712,5.297924116643712,5.297924116643712,5.297924116643712,5.297924116643712,5.297924116643712,5.297924116643712,5.297924116643712,5.297924116643712,5.297924116643712,5.297924116643712,5.297924116643712,5.297924116643712,5.297924116643712,5.297924116643712,5.297924116643712,5.297924116643712,5.297924116643712,5.297924116643712,5.297924116643712,5.297924116643712,5.297924116643712,5.297924116643712,5.297924116643712,5.297924116643712,5.297924116643712,5.297924116643712,5.297924116643712,5.297924116643712,5.297924116643712,5.297924116643712,5.297924116643712,5.297924116643712,5.297924116643712,5.297924116643712,5.297924116643712,5.297924116643712,5.297924116643712,5.297924116643712,5.297924116643712,5.297924116643712,5.297924116643712,5.297924116643712,5.297924116643712,5.297924116643712,5.297924116643712,5.297924116643712,5.297924116643712,5.297924116643712,5.297924116643712,5.297924116643712,5.297924116643712,5.297924116643712,5.297924116643712,5.297924116643712,5.297924116643712,5.297924116643712,5.297924116643712,5.297924116643712,5.297924116643712,5.297924116643712,5.297924116643712,5.297924116643712,5.297924116643712,5.297924116643712,5.297924116643712,5.297924116643712,5.297924116643712,5.297924116643712,5.297924116643712,5.297924116643712,5.297924116643712,5.297924116643712,5.297924116643712,5.297924116643712,5.297924116643712,5.297924116643712,5.297924116643712,5.297924116643712,5.297924116643712,5.297924116643712,5.297924116643712,5.297924116643712,5.297924116643712,5.297924116643712,5.297924116643712,5.297924116643712,5.297924116643712,5.297924116643712,5.297924116643712,5.297924116643712,5.297924116643712,5.297924116643712,5.297924116643712,5.297924116643712,5.297924116643712,5.297924116643712,5.297924116643712,5.297924116643712,5.297924116643712,5.297924116643712,5.297924116643712,5.297924116643712,5.297924116643712,5.297924116643712,5.297924116643712,5.297924116643712,5.297924116643712,5.297924116643712,5.297924116643712,5.297924116643712,5.297924116643712,5.297924116643712,5.297924116643712,5.297924116643712,5.297924116643712,5.297924116643712,5.297924116643712,5.297924116643712,5.297924116643712,5.297924116643712,5.297924116643712,5.297924116643712,5.297924116643712,5.297924116643712,5.297924116643712,5.297924116643712,5.297924116643712,5.297924116643712,5.297924116643712,5.297924116643712,5.297924116643712,5.297924116643712,5.297924116643712,5.297924116643712,5.297924116643712,5.297924116643712,5.297924116643712,5.297924116643712,5.297924116643712,5.297924116643712,5.297924116643712,5.297924116643712,5.297924116643712,5.297924116643712,5.297924116643712,5.297924116643712,5.297924116643712,5.297924116643712,5.297924116643712,5.297924116643712,5.297924116643712,5.297924116643712,5.297924116643712,5.297924116643712,5.297924116643712,5.297924116643712,5.297924116643712,5.297924116643712,5.297924116643712,5.297924116643712,5.297924116643712,5.297924116643712,5.297924116643712,5.297924116643712,5.297924116643712,5.297924116643712,5.297924116643712,5.297924116643712,5.297924116643712,5.297924116643712,5.297924116643712,5.297924116643712,5.297924116643712,5.297924116643712,5.297924116643712,5.297924116643712,5.297924116643712,5.297924116643712,5.297924116643712,5.297924116643712,5.297924116643712,5.297924116643712,5.297924116643712,5.297924116643712,5.297924116643712,5.297924116643712,5.297924116643712,5.297924116643712,5.297924116643712,5.297924116643712,5.297924116643712,5.297924116643712,5.297924116643712,5.297924116643712,5.297924116643712,5.297924116643712,5.297924116643712,5.297924116643712,5.297924116643712,5.297924116643712,5.297924116643712,5.297924116643712,5.297924116643712,5.297924116643712,5.297924116643712,5.297924116643712,5.297924116643712,5.297924116643712,5.297924116643712,5.297924116643712,5.297924116643712,5.297924116643712,5.297924116643712,5.297924116643712,5.297924116643712,5.297924116643712,5.297924116643712,5.297924116643712,5.297924116643712,5.297924116643712,5.297924116643712,5.297924116643712,5.297924116643712,5.297924116643712,5.297924116643712,5.297924116643712,5.297924116643712,5.297924116643712,5.297924116643712,5.297924116643712,5.297924116643712,5.297924116643712,5.297924116643712,5.297924116643712,5.297924116643712,5.297924116643712,5.297924116643712,5.297924116643712,5.297924116643712,5.297924116643712,5.297924116643712,5.297924116643712,5.297924116643712,5.297924116643712,5.297924116643712,5.297924116643712,5.297924116643712,5.297924116643712,5.297924116643712,5.297924116643712,5.297924116643712,5.297924116643712,5.297924116643712,5.297924116643712,5.297924116643712,5.297924116643712,5.297924116643712,5.297924116643712,5.297924116643712,5.297924116643712,5.297924116643712,5.297924116643712,5.297924116643712,5.297924116643712,5.297924116643712,5.297924116643712,5.297924116643712,5.297924116643712,5.297924116643712,5.297924116643712,5.297924116643712,5.297924116643712,5.297924116643712,5.297924116643712,5.297924116643712,5.297924116643712,5.297924116643712,5.297924116643712,5.297924116643712,5.297924116643712,5.297924116643712,5.297924116643712,5.297924116643712,5.297924116643712,5.297924116643712,5.297924116643712,5.297924116643712,5.297924116643712,5.297924116643712,5.297924116643712,5.297924116643712,5.297924116643712,5.297924116643712,5.297924116643712,5.297924116643712,5.297924116643712,5.297924116643712,5.297924116643712,5.297924116643712,5.297924116643712,5.297924116643712,5.297924116643712,5.297924116643712,5.297924116643712,5.297924116643712,5.297924116643712,5.297924116643712,5.297924116643712,5.297924116643712,5.297924116643712,5.297924116643712,5.297924116643712,5.297924116643712,5.297924116643712,5.297924116643712,5.297924116643712,5.297924116643712,5.297924116643712,5.297924116643712,5.297924116643712,5.297924116643712,5.297924116643712,5.297924116643712,5.297924116643712,5.297924116643712,5.297924116643712,5.297924116643712,5.297924116643712,5.297924116643712,5.297924116643712,5.297924116643712,5.297924116643712,5.297924116643712,5.297924116643712,5.297924116643712,5.297924116643712,5.297924116643712,5.297924116643712,5.297924116643712,5.297924116643712,5.297924116643712,8.723568012730405,8.642281120412608,8.642281120412608,8.585883954006592,8.585883954006592,8.585883954006592,8.585883954006592,8.585883954006592,8.585883954006592,8.585883954006592,8.585883954006592,8.585883954006592,8.585883954006592,8.585883954006592,8.585883954006592,8.585883954006592,8.585883954006592,8.385287833197118,8.385287833197118,8.385287833197118,8.172531679675535,8.172531679675535,8.172531679675535,8.172531679675535,8.172531679675535,8.172531679675535,8.172531679675535,8.15847328446329,8.15847328446329,8.15847328446329,8.15847328446329,8.15847328446329,8.057559790027021,8.057559790027021,8.057559790027021,8.057559790027021,8.057559790027021,8.057559790027021,8.057559790027021,8.057559790027021,7.76886194664654,7.76886194664654,7.76886194664654,7.76886194664654,7.76886194664654,7.76886194664654,7.76886194664654,7.76886194664654,7.76886194664654,7.76886194664654,7.76886194664654,7.76886194664654,7.76886194664654,7.76886194664654,7.76886194664654,7.76886194664654,7.76886194664654,7.76886194664654,7.76886194664654,7.76886194664654,7.76886194664654,7.76886194664654,7.76886194664654,7.76886194664654,7.76886194664654,7.76886194664654,7.76886194664654,7.76886194664654,7.76886194664654,7.76886194664654,7.76886194664654,7.76886194664654,7.76886194664654,7.76886194664654,7.76886194664654,7.76886194664654,7.76886194664654,7.76886194664654,7.76886194664654,7.76886194664654,7.76886194664654,7.76886194664654,7.76886194664654,7.76886194664654,7.76886194664654,6.322701213761385,6.223007838093152,6.223007838093152,6.223007838093152,5.7283437361761385,5.7283437361761385,5.5339602857330865,5.5339602857330865,5.5339602857330865,5.5339602857330865,5.5339602857330865,5.5339602857330865,5.5339602857330865,5.5339602857330865,5.5339602857330865,5.5339602857330865,5.5339602857330865,5.5339602857330865,5.5339602857330865,5.5339602857330865,5.5339602857330865,5.5339602857330865,5.5339602857330865,5.5339602857330865,5.5339602857330865,5.5339602857330865,5.5339602857330865,5.5339602857330865,5.5339602857330865,5.5339602857330865,5.5339602857330865,5.5339602857330865,5.5339602857330865,5.5339602857330865,5.5339602857330865,5.5339602857330865,5.5339602857330865,5.5339602857330865,5.5339602857330865,5.5339602857330865,5.5339602857330865,5.5339602857330865,5.5339602857330865,5.5339602857330865,5.5339602857330865,5.5339602857330865,5.5339602857330865,5.5339602857330865,5.5339602857330865,5.5339602857330865,5.5339602857330865,5.5339602857330865,5.5339602857330865,5.5339602857330865,5.5339602857330865,5.5339602857330865,5.5339602857330865,5.5339602857330865,5.5339602857330865,5.5339602857330865,5.5339602857330865,5.5339602857330865,5.5339602857330865,5.5339602857330865,5.5339602857330865,5.5339602857330865,5.5339602857330865,5.5339602857330865,5.5339602857330865,5.5339602857330865,5.5339602857330865,5.5339602857330865,5.5339602857330865,5.5339602857330865,5.5339602857330865,5.5339602857330865,5.5339602857330865,5.5339602857330865,5.5339602857330865,5.5339602857330865,5.5339602857330865,5.5339602857330865,5.5339602857330865,5.5339602857330865,5.5339602857330865,5.5339602857330865,5.5339602857330865,5.5339602857330865,5.5339602857330865,5.5339602857330865,5.5339602857330865,5.5339602857330865,5.5339602857330865,5.5339602857330865,5.5339602857330865,5.5339602857330865,5.5339602857330865,5.5339602857330865,5.5339602857330865,5.5339602857330865,5.5339602857330865,5.5339602857330865,5.5339602857330865,5.5339602857330865,5.5339602857330865,5.5339602857330865,5.5339602857330865,5.5339602857330865,5.5339602857330865,5.5339602857330865,5.5339602857330865,5.5339602857330865,5.5339602857330865,5.5339602857330865,5.5339602857330865,5.5339602857330865,5.5339602857330865,5.5339602857330865,5.5339602857330865,5.5339602857330865,5.5339602857330865,5.5339602857330865,5.5339602857330865,5.5339602857330865,5.5339602857330865,5.5339602857330865,5.5339602857330865,5.5339602857330865,5.5339602857330865,5.5339602857330865,5.5339602857330865,5.5339602857330865,5.5339602857330865,5.5339602857330865,5.5339602857330865,5.5339602857330865,5.5339602857330865,5.5339602857330865,5.5339602857330865,5.5339602857330865,5.5339602857330865,5.5339602857330865,5.5339602857330865,5.5339602857330865,5.5339602857330865,5.5339602857330865,5.5339602857330865,5.5339602857330865,5.5339602857330865,5.5339602857330865,5.5339602857330865,5.5339602857330865,5.5339602857330865,5.5339602857330865,5.5339602857330865,5.5339602857330865,5.5339602857330865,5.5339602857330865,5.5339602857330865,5.5339602857330865,5.5339602857330865,5.5339602857330865,5.5339602857330865,5.5339602857330865,5.5339602857330865,5.5339602857330865,5.5339602857330865,5.5339602857330865,5.5339602857330865,5.5339602857330865,5.5339602857330865,5.5339602857330865,5.5339602857330865,5.5339602857330865,5.5339602857330865,5.5339602857330865,5.5339602857330865,5.5339602857330865,5.5339602857330865,5.5339602857330865,5.5339602857330865,5.5339602857330865,5.5339602857330865,5.5339602857330865,5.5339602857330865,5.5339602857330865,5.5339602857330865,5.5339602857330865,5.5339602857330865,5.5339602857330865,5.5339602857330865,5.5339602857330865,5.5339602857330865,5.5339602857330865,5.5339602857330865,5.5339602857330865,5.5339602857330865,5.5339602857330865,5.5339602857330865,5.5339602857330865,5.5339602857330865,5.5339602857330865,5.5339602857330865,5.5339602857330865,5.5339602857330865,5.5339602857330865,5.5339602857330865,5.5339602857330865,5.5339602857330865,5.5339602857330865,5.5339602857330865,5.5339602857330865,5.5339602857330865,5.5339602857330865,5.5339602857330865,5.5339602857330865,5.5339602857330865,5.5339602857330865,5.5339602857330865,5.5339602857330865,5.5339602857330865,5.5339602857330865,5.5339602857330865,5.5339602857330865,5.5339602857330865,5.5339602857330865,5.5339602857330865,5.5339602857330865,5.5339602857330865,5.5339602857330865,5.5339602857330865,5.5339602857330865,5.5339602857330865,5.5339602857330865,5.5339602857330865,5.5339602857330865,5.5339602857330865,5.5339602857330865,5.5339602857330865,5.5339602857330865,5.5339602857330865,5.5339602857330865,5.5339602857330865,5.5339602857330865,5.5339602857330865,5.5339602857330865,5.5339602857330865,5.5339602857330865,5.5339602857330865,5.5339602857330865,5.5339602857330865,5.5339602857330865,5.5339602857330865,5.5339602857330865,5.5339602857330865,5.5339602857330865,5.5339602857330865,5.5339602857330865,5.5339602857330865,5.5339602857330865,5.5339602857330865,5.5339602857330865,5.5339602857330865,5.5339602857330865,5.5339602857330865,5.5339602857330865,5.5339602857330865,5.5339602857330865,5.5339602857330865,5.5339602857330865,5.5339602857330865,5.5339602857330865,5.5339602857330865,5.5339602857330865,5.5339602857330865,5.5339602857330865,5.5339602857330865,5.5339602857330865,5.5339602857330865,5.5339602857330865,5.5339602857330865,5.5339602857330865,5.5339602857330865,5.5339602857330865,5.5339602857330865,5.5339602857330865,5.5339602857330865,5.5339602857330865,5.5339602857330865,5.5339602857330865,5.5339602857330865,5.5339602857330865,5.5339602857330865,5.5339602857330865,5.5339602857330865,5.5339602857330865,5.5339602857330865,5.5339602857330865,5.5339602857330865,5.5339602857330865,5.5339602857330865,5.5339602857330865,5.5339602857330865,5.5339602857330865,5.5339602857330865,5.5339602857330865,5.5339602857330865,5.5339602857330865,5.5339602857330865,5.5339602857330865,5.5339602857330865,5.5339602857330865,5.5339602857330865,5.5339602857330865,5.5339602857330865,5.5339602857330865,5.5339602857330865,5.5339602857330865,5.5339602857330865,5.5339602857330865,5.5339602857330865,5.5339602857330865,5.5339602857330865,5.5339602857330865,5.5339602857330865,5.5339602857330865,5.5339602857330865,5.5339602857330865,5.5339602857330865,5.5339602857330865,5.5339602857330865,5.5339602857330865,5.5339602857330865,5.5339602857330865,5.5339602857330865,5.5339602857330865,5.5339602857330865,5.5339602857330865,5.5339602857330865,5.5339602857330865,5.5339602857330865,5.5339602857330865,5.5339602857330865,5.5339602857330865,5.5339602857330865,5.5339602857330865,5.5339602857330865,5.5339602857330865,5.5339602857330865,5.5339602857330865,5.5339602857330865,5.5339602857330865,5.5339602857330865,5.5339602857330865,5.5339602857330865,5.5339602857330865,5.5339602857330865,5.5339602857330865,5.5339602857330865,5.5339602857330865,5.5339602857330865,5.5339602857330865,5.5339602857330865,5.5339602857330865,5.5339602857330865,5.5339602857330865,5.5339602857330865,5.5339602857330865,5.5339602857330865,5.5339602857330865,5.5339602857330865,5.5339602857330865,5.5339602857330865,5.5339602857330865,5.5339602857330865,5.5339602857330865,5.5339602857330865,5.5339602857330865,5.5339602857330865,5.5339602857330865,5.5339602857330865,5.5339602857330865,5.5339602857330865,5.5339602857330865,5.5339602857330865,5.5339602857330865,5.5339602857330865,5.5339602857330865,5.5339602857330865,5.5339602857330865,5.5339602857330865,5.5339602857330865,5.5339602857330865,5.5339602857330865,5.5339602857330865,5.5339602857330865,5.5339602857330865,5.5339602857330865,5.5339602857330865,5.5339602857330865,5.5339602857330865,5.5339602857330865,5.5339602857330865,5.5339602857330865,5.5339602857330865,5.5339602857330865,5.5339602857330865,5.5339602857330865,5.5339602857330865,5.5339602857330865,5.5339602857330865,5.5339602857330865,5.5339602857330865,5.5339602857330865,5.5339602857330865,5.5339602857330865,5.5339602857330865,5.5339602857330865,5.5339602857330865,5.5339602857330865,5.5339602857330865,5.5339602857330865,5.5339602857330865,5.5339602857330865,5.5339602857330865,5.5339602857330865,5.5339602857330865,5.5339602857330865,5.5339602857330865,5.5339602857330865,5.5339602857330865,5.5339602857330865,5.5339602857330865,5.5339602857330865,5.5339602857330865,5.5339602857330865,5.5339602857330865,5.5339602857330865,5.5339602857330865,5.5339602857330865,5.5339602857330865,5.5339602857330865,5.5339602857330865,5.5339602857330865,5.5339602857330865,5.5339602857330865,5.5339602857330865,5.5339602857330865,5.5339602857330865,5.5339602857330865,5.5339602857330865,5.5339602857330865,5.5339602857330865,5.5339602857330865,5.5339602857330865,5.5339602857330865,5.5339602857330865,5.5339602857330865,5.5339602857330865,5.5339602857330865,5.5339602857330865,5.5339602857330865,5.5339602857330865,5.5339602857330865,5.5339602857330865,5.5339602857330865,5.5339602857330865,5.5339602857330865,5.5339602857330865,5.5339602857330865,5.5339602857330865,5.5339602857330865,5.5339602857330865,5.5339602857330865,5.5339602857330865,5.5339602857330865,5.5339602857330865,5.5339602857330865,5.5339602857330865,5.5339602857330865,5.5339602857330865,5.5339602857330865,5.5339602857330865,5.5339602857330865,5.5339602857330865,5.5339602857330865,5.5339602857330865,5.5339602857330865,5.5339602857330865,5.5339602857330865,5.5339602857330865,5.5339602857330865,5.5339602857330865,5.5339602857330865,5.5339602857330865,5.5339602857330865,5.5339602857330865,5.5339602857330865,5.5339602857330865,5.5339602857330865,5.5339602857330865,5.5339602857330865,5.5339602857330865,5.5339602857330865,5.5339602857330865,5.5339602857330865,5.5339602857330865,5.5339602857330865,5.5339602857330865,5.5339602857330865,5.5339602857330865,5.5339602857330865,5.5339602857330865,5.5339602857330865,5.5339602857330865,5.5339602857330865,5.5339602857330865,5.5339602857330865,5.5339602857330865,5.5339602857330865,5.5339602857330865,5.5339602857330865,5.5339602857330865,5.5339602857330865,5.5339602857330865,5.5339602857330865,5.5339602857330865,5.5339602857330865,5.5339602857330865,5.5339602857330865,5.5339602857330865,5.5339602857330865,5.5339602857330865,5.5339602857330865,5.5339602857330865,5.5339602857330865,5.5339602857330865,5.5339602857330865,5.5339602857330865,5.5339602857330865,5.5339602857330865,5.5339602857330865,5.5339602857330865,5.5339602857330865,5.5339602857330865,5.436182008213596,5.393695704056365,5.393695704056365,5.393695704056365,5.393695704056365,5.393695704056365,5.393695704056365,5.393695704056365,5.393695704056365,5.393695704056365,5.392946111955325,5.392946111955325,5.392946111955325,5.392946111955325,5.392946111955325,5.392946111955325,5.392946111955325,5.392946111955325,5.392946111955325,5.392946111955325,5.392946111955325,5.392946111955325,5.392946111955325,5.392946111955325,5.392946111955325,5.392946111955325,5.392946111955325,5.392946111955325,5.392946111955325,5.392946111955325,5.392946111955325,5.392946111955325,5.392946111955325,5.392946111955325,5.392946111955325,5.392946111955325,5.392946111955325,5.392946111955325,5.392946111955325,5.392946111955325,5.392946111955325,5.392946111955325,5.392946111955325,5.392946111955325,5.392946111955325,5.392946111955325,5.392946111955325,5.392946111955325,5.392946111955325,5.392946111955325,5.392946111955325,5.392946111955325,5.392946111955325,5.392946111955325,4.983128912214527,4.983128912214527,4.983128912214527,4.983128912214527,4.983128912214527,4.983128912214527,4.983128912214527,4.983128912214527,4.983128912214527,4.983128912214527,4.983128912214527,4.983128912214527,4.983128912214527,4.983128912214527,4.983128912214527,4.983128912214527,4.983128912214527,4.983128912214527,4.983128912214527,4.983128912214527,4.983128912214527,4.983128912214527,4.983128912214527,4.983128912214527,4.983128912214527,4.983128912214527,4.983128912214527,4.983128912214527,4.983128912214527,4.983128912214527,4.983128912214527,4.983128912214527,4.983128912214527,4.983128912214527,4.983128912214527,4.983128912214527,4.983128912214527,4.983128912214527,4.983128912214527,4.983128912214527,4.983128912214527,4.983128912214527,4.983128912214527,4.983128912214527,4.983128912214527,4.983128912214527,4.983128912214527,4.983128912214527,4.983128912214527,4.983128912214527,4.983128912214527,4.983128912214527,4.983128912214527,4.983128912214527,4.983128912214527,4.983128912214527,4.983128912214527,4.983128912214527,4.983128912214527,4.983128912214527,4.983128912214527,4.983128912214527,4.983128912214527,4.983128912214527,4.983128912214527,4.983128912214527,4.983128912214527,4.983128912214527,4.983128912214527,4.983128912214527,4.983128912214527,4.983128912214527,4.983128912214527,4.983128912214527,4.983128912214527,4.983128912214527,4.983128912214527,4.983128912214527,4.983128912214527,4.983128912214527,4.983128912214527,4.983128912214527,4.983128912214527,4.983128912214527,4.983128912214527,4.983128912214527,4.983128912214527,4.983128912214527,4.983128912214527,4.983128912214527,4.983128912214527,4.983128912214527,4.983128912214527,4.983128912214527,4.983128912214527,4.983128912214527,4.983128912214527,4.983128912214527,4.983128912214527,4.983128912214527,4.983128912214527,4.983128912214527,4.983128912214527,4.983128912214527,4.983128912214527,4.983128912214527,4.983128912214527,4.983128912214527,4.983128912214527,4.983128912214527,4.983128912214527,4.983128912214527,4.983128912214527,4.983128912214527,4.983128912214527,4.983128912214527,4.983128912214527,4.983128912214527,4.983128912214527,4.983128912214527,4.983128912214527,4.983128912214527,4.983128912214527,4.983128912214527,4.983128912214527,4.983128912214527,4.983128912214527,4.983128912214527,4.983128912214527,4.983128912214527,4.983128912214527,4.983128912214527,4.983128912214527,4.983128912214527,4.983128912214527,4.983128912214527,4.983128912214527,4.983128912214527,4.983128912214527,4.983128912214527,4.983128912214527,4.983128912214527,4.983128912214527,4.983128912214527,4.983128912214527,4.983128912214527,4.983128912214527,4.983128912214527,4.983128912214527,4.983128912214527,4.983128912214527,4.983128912214527,4.983128912214527,4.983128912214527,4.983128912214527,4.983128912214527,4.983128912214527,4.983128912214527,4.983128912214527,4.983128912214527,4.983128912214527,4.983128912214527,4.983128912214527,4.983128912214527,4.983128912214527,4.983128912214527,4.983128912214527,4.983128912214527,4.983128912214527,4.983128912214527,4.983128912214527,4.983128912214527,4.983128912214527,4.983128912214527,4.983128912214527,4.983128912214527,4.983128912214527,4.983128912214527,4.983128912214527,4.983128912214527,4.983128912214527,4.983128912214527,4.983128912214527,4.983128912214527,4.983128912214527,4.983128912214527,4.983128912214527,4.983128912214527,4.983128912214527,4.983128912214527,4.983128912214527,4.983128912214527,4.983128912214527,4.983128912214527,4.983128912214527,4.983128912214527,4.983128912214527,4.983128912214527,4.983128912214527,4.983128912214527,4.983128912214527,4.983128912214527,4.983128912214527,4.983128912214527,4.983128912214527,4.983128912214527,4.983128912214527,4.983128912214527,4.983128912214527,4.983128912214527,4.983128912214527,4.983128912214527,4.983128912214527,4.983128912214527,4.983128912214527,4.983128912214527,4.983128912214527,4.983128912214527,4.983128912214527,4.983128912214527,4.983128912214527,4.983128912214527,4.983128912214527,4.983128912214527,4.983128912214527,4.983128912214527,4.983128912214527,4.983128912214527,4.983128912214527,4.983128912214527,4.983128912214527,4.983128912214527,4.983128912214527,4.983128912214527,4.983128912214527,4.983128912214527,4.983128912214527,4.983128912214527,4.983128912214527,4.983128912214527,4.983128912214527,4.983128912214527,4.983128912214527,4.983128912214527,4.983128912214527,4.983128912214527,4.983128912214527,4.983128912214527,4.983128912214527,4.983128912214527,4.983128912214527,4.983128912214527,4.983128912214527,4.983128912214527,4.983128912214527,4.983128912214527,4.983128912214527,4.983128912214527,4.983128912214527,4.983128912214527,4.983128912214527,4.983128912214527,4.983128912214527,4.983128912214527,4.983128912214527,4.830599750586656,4.830599750586656,4.790982396383646,4.790982396383646,4.790982396383646,4.790982396383646,4.790982396383646,4.790982396383646,4.790982396383646,4.790982396383646,4.790982396383646,4.790982396383646,4.790982396383646,4.790982396383646,4.790982396383646,4.790982396383646,4.74792437065661,4.74792437065661,4.705303791067505,4.703126428067208,4.660653748973349,4.660653748973349,4.660653748973349,4.660653748973349,4.660653748973349,4.660653748973349,4.660653748973349,4.660653748973349,4.660653748973349,4.660653748973349,4.660653748973349,4.660653748973349,4.660653748973349,4.660653748973349,4.660653748973349,4.660653748973349,4.660653748973349,4.660653748973349,4.660653748973349,4.660653748973349,4.660653748973349,4.660653748973349,4.660653748973349,4.660653748973349,4.660653748973349,4.660653748973349,4.660653748973349,4.660653748973349,4.660653748973349,4.660653748973349,4.660653748973349,8.08656207748331,8.08656207748331,7.046458311524418,7.046458311524418,7.046458311524418,7.046458311524418,7.046458311524418,7.046458311524418,7.046458311524418,7.046458311524418,7.046458311524418,7.046458311524418,7.046458311524418,7.046458311524418,7.046458311524418,7.046458311524418,7.046458311524418,7.045872339726339,7.045872339726339,7.045872339726339,7.045872339726339,6.503714544411415,6.503714544411415,6.503714544411415,6.503714544411415,6.450042951076994,6.450042951076994,6.450042951076994,6.450042951076994,6.450042951076994,6.450042951076994,6.450042951076994,6.450042951076994,6.450042951076994,6.450042951076994,6.450042951076994,6.450042951076994,6.450042951076994,6.450042951076994,6.450042951076994,6.450042951076994,6.450042951076994,6.450042951076994,6.450042951076994,6.450042951076994,6.450042951076994,6.450042951076994,6.450042951076994,6.450042951076994,6.450042951076994,6.450042951076994,6.450042951076994,6.450042951076994,6.450042951076994,6.450042951076994,6.450042951076994,6.450042951076994,6.450042951076994,6.450042951076994,6.450042951076994,6.450042951076994,6.450042951076994,6.450042951076994,6.450042951076994,6.450042951076994,6.450042951076994,6.450042951076994,6.450042951076994,6.450042951076994,6.450042951076994,6.450042951076994,6.450042951076994,6.450042951076994,6.450042951076994,6.450042951076994,6.450042951076994,6.450042951076994,6.450042951076994,6.450042951076994,6.450042951076994,6.450042951076994,6.450042951076994,6.450042951076994,6.450042951076994,6.450042951076994,6.450042951076994,6.450042951076994,6.450042951076994,6.450042951076994,6.450042951076994,6.450042951076994,6.450042951076994,6.450042951076994,6.450042951076994,6.450042951076994,6.450042951076994,6.450042951076994,6.450042951076994,6.450042951076994,6.450042951076994,6.450042951076994,4.968438354684626,4.968438354684626,4.80009305679493,4.80009305679493,4.80009305679493,4.80009305679493,4.80009305679493,4.80009305679493,4.80009305679493,4.80009305679493,4.80009305679493,4.80009305679493,4.742105835745167,4.742105835745167,4.742105835745167,4.742105835745167,4.742105835745167,4.742105835745167,4.742105835745167,4.742105835745167,4.742105835745167,4.742105835745167,4.742105835745167,4.742105835745167,4.742105835745167,4.742105835745167,4.742105835745167,4.742105835745167,4.742105835745167,4.742105835745167,4.742105835745167,4.742105835745167,4.742105835745167,4.742105835745167,4.742105835745167,4.742105835745167,4.742105835745167,4.742105835745167,4.742105835745167,4.742105835745167,4.742105835745167,4.742105835745167,4.742105835745167,4.742105835745167,4.742105835745167,4.742105835745167,4.742105835745167,4.742105835745167,4.742105835745167,4.742105835745167,4.742105835745167,4.742105835745167,4.742105835745167,4.742105835745167,4.742105835745167,4.742105835745167,4.742105835745167,4.623009852828397,4.623009852828397,4.623009852828397,4.623009852828397,4.623009852828397,4.623009852828397,4.623009852828397,4.623009852828397,4.623009852828397,4.623009852828397,4.459353057465749,4.459353057465749,4.459353057465749,4.459353057465749,4.459353057465749,4.459353057465749,4.459353057465749,4.459353057465749,4.459353057465749,4.459353057465749,4.459353057465749,4.459353057465749,4.459353057465749,4.459353057465749,4.459353057465749,4.459353057465749,4.459353057465749,4.459353057465749,4.459353057465749,4.459353057465749,4.459353057465749,4.459353057465749,4.459353057465749,4.459353057465749,4.459353057465749,4.459353057465749,4.459353057465749,4.459353057465749,4.459353057465749,4.459353057465749,4.459353057465749,4.459353057465749,4.459353057465749,4.459353057465749,4.459353057465749,4.459353057465749,4.459353057465749,4.459353057465749,4.459353057465749,4.459353057465749,4.459353057465749,4.459353057465749,4.459353057465749,4.459353057465749,4.459353057465749,4.459353057465749,4.459353057465749,4.459353057465749,4.459353057465749,4.459353057465749,4.459353057465749,4.459353057465749,4.459353057465749,4.459353057465749,4.459353057465749,4.459353057465749,4.459353057465749,4.459353057465749,4.459353057465749,4.459353057465749,4.459353057465749,4.459353057465749,4.459353057465749,4.459353057465749,4.459353057465749,4.459353057465749,4.459353057465749,4.459353057465749,4.459353057465749,4.459353057465749,4.459353057465749,4.459353057465749,4.459353057465749,4.459353057465749,4.459353057465749,4.459353057465749,4.459353057465749,4.459353057465749,4.459353057465749,4.459353057465749,4.459353057465749,4.459353057465749,4.459353057465749,4.459353057465749,4.459353057465749,4.459353057465749,4.459353057465749,4.459353057465749,4.459353057465749,4.459353057465749,4.459353057465749,4.459353057465749,4.459353057465749,4.459353057465749,4.459353057465749,4.459353057465749,4.459353057465749,4.459353057465749,4.459353057465749,4.459353057465749,4.459353057465749,4.459353057465749,4.459353057465749,4.459353057465749,4.459353057465749,4.459353057465749,4.459353057465749,4.459353057465749,4.459353057465749,4.459353057465749,4.459353057465749,4.459353057465749,4.459353057465749,4.459353057465749,4.459353057465749,4.459353057465749,4.459353057465749,4.459353057465749,4.459353057465749,4.459353057465749,4.459353057465749,4.459353057465749,4.459353057465749,4.459353057465749,4.459353057465749,4.459353057465749,4.459353057465749,4.459353057465749,4.459353057465749,4.459353057465749,4.459353057465749,4.459353057465749,4.459353057465749,4.459353057465749,4.459353057465749,4.459353057465749,4.459353057465749,4.459353057465749,4.459353057465749,4.459353057465749,4.459353057465749,4.267602324195283,4.267602324195283,4.267602324195283,4.267602324195283,4.267602324195283,4.267602324195283,4.267602324195283,4.267602324195283,4.267602324195283,4.267602324195283,4.267602324195283,4.267602324195283,4.267602324195283,4.267602324195283,4.267602324195283,4.267602324195283,4.267602324195283,4.267602324195283,4.267602324195283,4.267602324195283,4.267602324195283,4.267602324195283,4.267602324195283,4.267602324195283,4.267602324195283,4.267602324195283,4.267602324195283,4.267602324195283,4.267602324195283,4.267602324195283,4.267602324195283,4.267602324195283,4.267602324195283,4.267602324195283,4.267602324195283,4.267602324195283,4.267602324195283,4.267602324195283,4.267602324195283,4.267602324195283,4.267602324195283,4.267602324195283,4.267602324195283,4.267602324195283,4.267602324195283,4.267602324195283,4.267602324195283,4.267602324195283,4.267602324195283,4.267602324195283,4.267602324195283,4.267602324195283,4.267602324195283,4.267602324195283,4.267602324195283,4.267602324195283,4.267602324195283,4.267602324195283,4.267602324195283,4.267602324195283,4.267602324195283,4.267602324195283,4.267602324195283,4.267602324195283,4.267602324195283,4.267602324195283,4.267602324195283,4.267602324195283,4.267602324195283,4.267602324195283,4.267602324195283,4.267602324195283,4.267602324195283,4.267602324195283,4.267602324195283,4.267602324195283,4.267602324195283,4.267602324195283,4.267602324195283,4.267602324195283,4.267602324195283,4.267602324195283,4.267602324195283,4.267602324195283,4.267602324195283,4.267602324195283,4.267602324195283,4.267602324195283,4.267602324195283,4.267602324195283,4.267602324195283,4.267602324195283,4.267602324195283,4.267602324195283,4.267602324195283,4.267602324195283,4.267602324195283,4.267602324195283,4.267602324195283,4.267602324195283,4.267602324195283,4.267602324195283,4.267602324195283,4.267602324195283,4.267602324195283,4.267602324195283,4.267602324195283,4.267602324195283,4.267602324195283,4.267602324195283,4.267602324195283,4.267602324195283,4.267602324195283,4.267602324195283,4.267602324195283,4.267602324195283,4.267602324195283,4.267602324195283,4.267602324195283,4.267602324195283,4.267602324195283,4.267602324195283,4.267602324195283,4.267602324195283,4.267602324195283,4.267602324195283,4.267602324195283,4.267602324195283,4.267602324195283,4.267602324195283,4.267602324195283,4.267602324195283,4.267602324195283,4.267602324195283,4.267602324195283,4.267602324195283,4.267602324195283,4.267602324195283,4.267602324195283,4.267602324195283,4.267602324195283,4.267602324195283,4.267602324195283,4.267602324195283,4.267602324195283,4.267602324195283,4.267602324195283,4.267602324195283,4.267602324195283,4.267602324195283,4.267602324195283,4.267602324195283,4.267602324195283,4.267602324195283,4.267602324195283,4.267602324195283,4.267602324195283,4.267602324195283,4.267602324195283,4.267602324195283,4.267602324195283,4.267602324195283,4.267602324195283,4.267602324195283,4.267602324195283,4.267602324195283,4.185390914119873,4.185390914119873,4.185390914119873,4.185390914119873,4.185390914119873,4.185390914119873,4.185390914119873,4.185390914119873,4.185390914119873,4.185390914119873,4.185390914119873,4.185390914119873,4.185390914119873,4.185390914119873,4.185390914119873,4.185390914119873,4.185390914119873,4.185390914119873,4.185390914119873,4.185390914119873,4.185390914119873,4.185390914119873,4.185390914119873,4.185390914119873,4.185390914119873,4.185390914119873,4.185390914119873,4.185390914119873,4.185390914119873,4.185390914119873,4.185390914119873,4.185390914119873,4.185390914119873,4.185390914119873,4.185390914119873,4.185390914119873,4.185390914119873,4.185390914119873,4.185390914119873,4.185390914119873,4.185390914119873,4.185390914119873,4.185390914119873,4.185390914119873,4.185390914119873,4.185390914119873,4.185390914119873,4.185390914119873,4.185390914119873,4.185390914119873,4.185390914119873,4.185390914119873,4.185390914119873,4.185390914119873,4.185390914119873,4.185390914119873,4.185390914119873,4.185390914119873,4.185390914119873,4.185390914119873,4.185390914119873,4.185390914119873,4.185390914119873,4.185390914119873,4.185390914119873,4.185390914119873,4.185390914119873,4.185390914119873,4.185390914119873,4.185390914119873,4.185390914119873,4.185390914119873,4.185390914119873,4.185390914119873,4.185390914119873,4.185390914119873,4.185390914119873,4.185390914119873,4.185390914119873,4.185390914119873,4.185390914119873,4.185390914119873,4.185390914119873,4.185390914119873,4.185390914119873,4.185390914119873,4.185390914119873,4.185390914119873,4.185390914119873,4.185390914119873,4.185390914119873,4.185390914119873,4.185390914119873,4.185390914119873,4.185390914119873,4.185390914119873,4.185390914119873,4.185390914119873,4.185390914119873,4.185390914119873,4.185390914119873,4.185390914119873,4.185390914119873,4.185390914119873,4.185390914119873,4.185390914119873,4.185390914119873,4.185390914119873,4.185390914119873,4.185390914119873,4.185390914119873,4.185390914119873,4.185390914119873,4.185390914119873,4.185390914119873,4.185390914119873,4.185390914119873,4.185390914119873,4.185390914119873,4.185390914119873,4.185390914119873,4.185390914119873,4.185390914119873,4.185390914119873,4.185390914119873,4.185390914119873,4.185390914119873,4.185390914119873,4.185390914119873,4.185390914119873,4.185390914119873,4.185390914119873,4.185390914119873,4.185390914119873,4.185390914119873,4.185390914119873,4.185390914119873,4.185390914119873,4.185390914119873,4.185390914119873,4.185390914119873,4.185390914119873,4.185390914119873,4.185390914119873,4.185390914119873,4.185390914119873,4.185390914119873,4.185390914119873,4.185390914119873,4.185390914119873,4.185390914119873,4.185390914119873,4.185390914119873,4.185390914119873,4.185390914119873,4.185390914119873,4.185390914119873,4.185390914119873,4.185390914119873,4.185390914119873,4.185390914119873,4.185390914119873,4.185390914119873,4.185390914119873,4.185390914119873,4.185390914119873,4.185390914119873,4.185390914119873,4.185390914119873,4.185390914119873,4.185390914119873,4.185390914119873,4.185390914119873,4.185390914119873,4.185390914119873,4.185390914119873,4.185390914119873,4.185390914119873,4.185390914119873,4.185390914119873,4.185390914119873,4.185390914119873,4.185390914119873,4.185390914119873,4.185390914119873,4.185390914119873,4.185390914119873,4.185390914119873,4.185390914119873,4.185390914119873,4.185390914119873,4.185390914119873,4.185390914119873,4.185390914119873,4.185390914119873,4.185390914119873,4.185390914119873,4.185390914119873,4.185390914119873,4.185390914119873,4.185390914119873,4.185390914119873,4.185390914119873,4.185390914119873,4.185390914119873,4.185390914119873,4.185390914119873,4.185390914119873,4.185390914119873,4.185390914119873,4.185390914119873,4.185390914119873,4.185390914119873,4.185390914119873,4.185390914119873,4.185390914119873,4.185390914119873,4.185390914119873,4.185390914119873,4.185390914119873,4.185390914119873,4.185390914119873,4.185390914119873,4.185390914119873,4.185390914119873,4.185390914119873,4.185390914119873,4.185390914119873,4.185390914119873,4.185390914119873,4.185390914119873,4.185390914119873,4.185390914119873,4.185390914119873,4.185390914119873,4.185390914119873,4.185390914119873,4.185390914119873,4.185390914119873,4.185390914119873,4.185390914119873,4.185390914119873,4.185390914119873,4.185390914119873,4.185390914119873,4.185390914119873,4.185390914119873,4.185390914119873,4.185390914119873,4.185390914119873,4.185390914119873,4.185390914119873,4.185390914119873,4.185390914119873,4.185390914119873,4.185390914119873,4.185390914119873,4.185390914119873,4.185390914119873,4.185390914119873,4.185390914119873,4.185390914119873,4.185390914119873,4.185390914119873,4.185390914119873,4.185390914119873,4.185390914119873,4.185390914119873,4.185390914119873,4.185390914119873,4.185390914119873,4.185390914119873,4.185390914119873,4.185390914119873,4.185390914119873,4.185390914119873,4.185390914119873,4.185390914119873,4.185390914119873,4.185390914119873,4.185390914119873,4.185390914119873,4.185390914119873,4.185390914119873,4.185390914119873,4.185390914119873,4.185390914119873,4.185390914119873,4.185390914119873,4.185390914119873,4.185390914119873,4.185390914119873,4.185390914119873,4.185390914119873,4.185390914119873,4.185390914119873,4.185390914119873,4.185390914119873,4.185390914119873,4.185390914119873,4.185390914119873,4.185390914119873,4.185390914119873,4.185390914119873,4.185390914119873,4.185390914119873,4.185390914119873,4.185390914119873,4.185390914119873,4.185390914119873,4.185390914119873,4.185390914119873,4.185390914119873,4.185390914119873,4.185390914119873,4.185390914119873,4.185390914119873,4.185390914119873,4.185390914119873,4.185390914119873,4.185390914119873,4.185390914119873,4.185390914119873,4.185390914119873,4.185390914119873,4.185390914119873,4.185390914119873,4.185390914119873,4.185390914119873,4.185390914119873,4.185390914119873,4.185390914119873,4.185390914119873,4.185390914119873,4.185390914119873,4.185390914119873,4.185390914119873,4.185390914119873,4.185390914119873,4.185390914119873,4.185390914119873,4.185390914119873,4.185390914119873,4.185390914119873,4.185390914119873,4.185390914119873,4.185390914119873,4.185390914119873,4.185390914119873,4.185390914119873,4.185390914119873,4.185390914119873,4.185390914119873,4.185390914119873,4.185390914119873,4.185390914119873,4.185390914119873,4.185390914119873,4.185390914119873,4.185390914119873,4.185390914119873,4.185390914119873,4.185390914119873,4.185390914119873,4.185390914119873,4.185390914119873,4.185390914119873,4.185390914119873,4.185390914119873,4.185390914119873,4.185390914119873,4.185390914119873,4.185390914119873,4.185390914119873,4.185390914119873,4.185390914119873,4.185390914119873,4.185390914119873,4.185390914119873,4.185390914119873,4.185390914119873,4.185390914119873,4.185390914119873,4.185390914119873,4.185390914119873,4.185390914119873,4.185390914119873,4.185390914119873,4.185390914119873,4.185390914119873,4.185390914119873,4.185390914119873,4.185390914119873,4.185390914119873,4.185390914119873,4.185390914119873,4.185390914119873,4.185390914119873,4.185390914119873,4.185390914119873,4.185390914119873,4.185390914119873,4.185390914119873,4.185390914119873,4.185390914119873,4.185390914119873,4.185390914119873,4.185390914119873,4.185390914119873,4.185390914119873,4.185390914119873,4.185390914119873,4.185390914119873,4.185390914119873,4.185390914119873,4.185390914119873,4.185390914119873,4.185390914119873,4.185390914119873,4.185390914119873,4.185390914119873,4.185390914119873,4.185390914119873,4.185390914119873,4.185390914119873,4.185390914119873,4.185390914119873,4.185390914119873,4.185390914119873,4.185390914119873,4.185390914119873,4.185390914119873,4.185390914119873,4.185390914119873,4.185390914119873,4.185390914119873,4.185390914119873,4.185390914119873,4.185390914119873,4.185390914119873,4.185390914119873,4.185390914119873,4.185390914119873,4.185390914119873,4.185390914119873,4.185390914119873,4.185390914119873,4.185390914119873,4.185390914119873,4.185390914119873,4.185390914119873,4.185390914119873,4.185390914119873,4.185390914119873,4.185390914119873,4.185390914119873,4.185390914119873,4.185390914119873,4.185390914119873,4.185390914119873,4.185390914119873,4.185390914119873,4.185390914119873,4.185390914119873,4.185390914119873,4.185390914119873,4.185390914119873,4.185390914119873,4.185390914119873,4.185390914119873,4.185390914119873,4.185390914119873,4.185390914119873,4.185390914119873,4.185390914119873,4.185390914119873,4.185390914119873,4.185390914119873,4.185390914119873,4.185390914119873,4.185390914119873,4.185390914119873,4.185390914119873,4.185390914119873,4.185390914119873,4.185390914119873,4.185390914119873,4.185390914119873,4.185390914119873,4.185390914119873,4.185390914119873,4.185390914119873,4.185390914119873,4.185390914119873,4.185390914119873,4.185390914119873,4.185390914119873,4.185390914119873,4.185390914119873,4.185390914119873,4.185390914119873,4.185390914119873,4.185390914119873,4.185390914119873,4.185390914119873,4.185390914119873,4.185390914119873,4.185390914119873,4.185390914119873,4.185390914119873,4.185390914119873,4.185390914119873,4.185390914119873,4.185390914119873,4.185390914119873,4.185390914119873,4.185390914119873,4.185390914119873,4.185390914119873,4.185390914119873,4.185390914119873,4.185390914119873,4.185390914119873,4.185390914119873,4.185390914119873,6.933333762589063,6.480376176213772,6.317434609244467,6.317434609244467,6.317434609244467,6.317434609244467,6.145212198111864,6.145212198111864,5.767180883730737,5.767180883730737,5.767180883730737,5.767180883730737,5.767180883730737,5.767180883730737,5.538158860549132,5.538158860549132,5.538158860549132,5.538158860549132,5.538158860549132,5.538158860549132,5.538158860549132,5.538158860549132,5.538158860549132,5.538158860549132,5.538158860549132,5.538158860549132,5.538158860549132,5.538158860549132,5.538158860549132,5.538158860549132,5.538158860549132,5.538158860549132,5.538158860549132,5.538158860549132,5.538158860549132,5.538158860549132,5.538158860549132,5.538158860549132,5.538158860549132,5.538158860549132,5.538158860549132,5.538158860549132,5.538158860549132,5.538158860549132,5.538158860549132,5.538158860549132,5.538158860549132,5.538158860549132,5.538158860549132,5.538158860549132,5.538158860549132,5.538158860549132,5.538158860549132,5.538158860549132,5.538158860549132,5.538158860549132,5.538158860549132,5.538158860549132,5.538158860549132,5.538158860549132,5.538158860549132,5.538158860549132,5.538158860549132,5.538158860549132,5.538158860549132,5.538158860549132,5.538158860549132,5.538158860549132,5.538158860549132,5.538158860549132,5.538158860549132,5.538158860549132,5.538158860549132,5.538158860549132,5.538158860549132,5.538158860549132,5.538158860549132,5.538158860549132,5.538158860549132,5.538158860549132,5.538158860549132,5.538158860549132,5.538158860549132,5.538158860549132,5.538158860549132,5.538158860549132,5.538158860549132,5.538158860549132,5.538158860549132,5.538158860549132,5.538158860549132,5.538158860549132,5.538158860549132,5.538158860549132,5.538158860549132,5.538158860549132,5.538158860549132,5.538158860549132,5.538158860549132,5.538158860549132,5.538158860549132,5.538158860549132,5.538158860549132,5.538158860549132,5.538158860549132,5.538158860549132,5.538158860549132,5.538158860549132,5.538158860549132,5.538158860549132,5.538158860549132,5.538158860549132,5.538158860549132,5.538158860549132,5.538158860549132,5.538158860549132,5.538158860549132,5.538158860549132,5.538158860549132,5.127988648899185,4.695657162418583,4.635707424811087,4.635707424811087,4.635707424811087,4.635707424811087,4.635707424811087,4.635707424811087,4.422539101961746,4.422539101961746,4.422539101961746,4.422539101961746,4.422539101961746,4.422539101961746,4.422539101961746,4.422539101961746,4.422539101961746,4.422539101961746,4.422539101961746,4.422539101961746,4.422539101961746,4.422539101961746,4.422539101961746,4.422539101961746,4.422539101961746,4.422539101961746,4.422539101961746,4.422539101961746,4.422539101961746,4.422539101961746,4.422539101961746,4.422539101961746,4.422539101961746,4.422539101961746,4.422539101961746,4.422539101961746,4.422539101961746,4.422539101961746,4.422539101961746,4.422539101961746,4.422539101961746,4.422539101961746,4.422539101961746,4.422539101961746,4.422539101961746,4.422539101961746,4.422539101961746,4.422539101961746,4.422539101961746,4.422539101961746,4.422539101961746,4.422539101961746,4.422539101961746,4.422539101961746,4.422539101961746,4.422539101961746,4.422539101961746,4.422539101961746,4.422539101961746,4.422539101961746,4.422539101961746,4.422539101961746,4.422539101961746,4.422539101961746,4.422539101961746,4.422539101961746,4.422539101961746,4.422539101961746,4.422539101961746,4.422539101961746,4.422539101961746,4.422539101961746,4.422539101961746,4.422539101961746,4.422539101961746,4.422539101961746,4.422539101961746,4.422539101961746,4.422539101961746,4.422539101961746,4.422539101961746,4.422539101961746,4.422539101961746,4.422539101961746,4.422539101961746,4.422539101961746,4.422539101961746,4.422539101961746,4.422539101961746,4.422539101961746,4.422539101961746,4.422539101961746,4.422539101961746,4.422539101961746,4.422539101961746,4.422539101961746,4.422539101961746,4.422539101961746,4.422539101961746,4.422539101961746,4.422539101961746,4.422539101961746,4.422539101961746,4.422539101961746,4.422539101961746,4.422539101961746,4.422539101961746,4.422539101961746,4.422539101961746,4.422539101961746,4.422539101961746,4.422539101961746,4.422539101961746,4.422539101961746,4.422539101961746,4.422539101961746,4.422539101961746,4.422539101961746,4.422539101961746,4.422539101961746,4.422539101961746,4.422539101961746,4.422539101961746,4.422539101961746,4.422539101961746,4.422539101961746,4.422539101961746,4.422539101961746,4.422539101961746,4.422539101961746,4.422539101961746,4.422539101961746,4.422539101961746,4.422539101961746,4.422539101961746,4.422539101961746,4.422539101961746,4.422539101961746,4.422539101961746,4.422539101961746,4.422539101961746,4.422539101961746,4.422539101961746,4.422539101961746,4.422539101961746,4.422539101961746,4.422539101961746,4.422539101961746,4.422539101961746,4.422539101961746,4.422539101961746,4.422539101961746,4.422539101961746,4.422539101961746,4.422539101961746,4.422539101961746,4.422539101961746,4.422539101961746,4.422539101961746,4.422539101961746,4.422539101961746,4.422539101961746,4.422539101961746,4.422539101961746,4.422539101961746,4.422539101961746,4.422539101961746,4.422539101961746,4.422539101961746,4.422539101961746,4.422539101961746,4.35118257491545,4.35118257491545,4.35118257491545,4.35118257491545,4.35118257491545,4.35118257491545,4.35118257491545,4.35118257491545,4.35118257491545,4.35118257491545,4.35118257491545,4.35118257491545,4.35118257491545,4.35118257491545,4.35118257491545,4.35118257491545,4.35118257491545,4.35118257491545,4.35118257491545,4.35118257491545,4.35118257491545,4.35118257491545,4.35118257491545,4.35118257491545,4.35118257491545,4.35118257491545,4.35118257491545,4.35118257491545,4.35118257491545,4.35118257491545,4.35118257491545,4.35118257491545,4.35118257491545,4.35118257491545,4.35118257491545,4.35118257491545,4.35118257491545,4.35118257491545,4.35118257491545,4.35118257491545,4.35118257491545,4.35118257491545,4.35118257491545,4.35118257491545,4.35118257491545,4.35118257491545,4.35118257491545,4.35118257491545,4.35118257491545,4.35118257491545,4.35118257491545,4.35118257491545,4.35118257491545,4.35118257491545,4.35118257491545,4.35118257491545,4.35118257491545,4.35118257491545,4.35118257491545,4.35118257491545,4.35118257491545,4.35118257491545,4.35118257491545,4.35118257491545,4.35118257491545,4.35118257491545,4.35118257491545,4.35118257491545,4.35118257491545,4.35118257491545,4.35118257491545,4.35118257491545,4.35118257491545,4.35118257491545,4.35118257491545,4.35118257491545,4.35118257491545,4.35118257491545,4.35118257491545,4.35118257491545,4.35118257491545,4.35118257491545,4.35118257491545,4.35118257491545,4.35118257491545,4.35118257491545,4.35118257491545,4.35118257491545,4.35118257491545,4.35118257491545,4.35118257491545,4.35118257491545,4.35118257491545,4.35118257491545,4.35118257491545,4.35118257491545,4.35118257491545,4.35118257491545,4.35118257491545,4.35118257491545,4.35118257491545,4.35118257491545,4.35118257491545,4.35118257491545,4.35118257491545,4.35118257491545,4.35118257491545,4.35118257491545,4.35118257491545,4.35118257491545,4.35118257491545,4.35118257491545,4.35118257491545,4.35118257491545,4.35118257491545,4.35118257491545,4.35118257491545,4.35118257491545,4.35118257491545,4.35118257491545,4.35118257491545,4.35118257491545,4.35118257491545,4.35118257491545,4.35118257491545,4.35118257491545,4.35118257491545,4.35118257491545,4.35118257491545,4.35118257491545,4.35118257491545,4.35118257491545,4.35118257491545,4.35118257491545,4.35118257491545,4.35118257491545,4.35118257491545,4.35118257491545,4.35118257491545,4.35118257491545,4.35118257491545,4.35118257491545,4.35118257491545,4.35118257491545,4.35118257491545,4.35118257491545,4.35118257491545,4.35118257491545,4.35118257491545,4.35118257491545,4.35118257491545,4.35118257491545,4.35118257491545,4.35118257491545,4.35118257491545,4.35118257491545,4.35118257491545,4.35118257491545,4.35118257491545,4.35118257491545,4.35118257491545,4.35118257491545,4.35118257491545,4.35118257491545,4.35118257491545,4.35118257491545,4.35118257491545,4.35118257491545,4.35118257491545,4.35118257491545,4.35118257491545,4.35118257491545,4.35118257491545,4.35118257491545,4.35118257491545,4.35118257491545,4.35118257491545,4.35118257491545,4.35118257491545,4.35118257491545,4.35118257491545,4.35118257491545,4.35118257491545,4.35118257491545,3.9566029388539277,3.9566029388539277,3.9566029388539277,3.9566029388539277,3.9566029388539277,3.9566029388539277,3.9566029388539277,3.9566029388539277,3.9566029388539277,3.9566029388539277,3.9566029388539277,3.9566029388539277,3.9566029388539277,3.9566029388539277,3.9566029388539277,3.9566029388539277,3.9566029388539277,3.9566029388539277,3.9566029388539277,3.9566029388539277,3.9566029388539277,3.9566029388539277,3.9566029388539277,3.9566029388539277,3.9566029388539277,3.9566029388539277,3.9566029388539277,3.9566029388539277,3.9566029388539277,3.9566029388539277,3.9566029388539277,3.9566029388539277,3.9566029388539277,3.9566029388539277,3.9566029388539277,3.9566029388539277,3.9566029388539277,3.9566029388539277,3.9566029388539277,3.9566029388539277,3.9566029388539277,3.9566029388539277,3.9566029388539277,3.9566029388539277,3.9566029388539277,3.9566029388539277,3.9566029388539277,3.9566029388539277,3.9566029388539277,3.9566029388539277,3.9566029388539277,3.9566029388539277,3.9566029388539277,3.9566029388539277,3.9566029388539277,3.9566029388539277,3.9566029388539277,3.9566029388539277,3.9566029388539277,3.9566029388539277,3.9566029388539277,3.9566029388539277,3.493944506104823,3.493944506104823,3.493944506104823,3.493944506104823,3.493944506104823,3.493944506104823,3.493944506104823,3.493944506104823,3.493944506104823,3.493944506104823,3.493944506104823,3.493944506104823,3.493944506104823,3.493944506104823,3.493944506104823,3.493944506104823,3.493944506104823,3.493944506104823,3.493944506104823,3.493944506104823,3.493944506104823,3.493944506104823,3.493944506104823,3.493944506104823,3.493944506104823,3.493944506104823,3.493944506104823,3.493944506104823,3.493944506104823,3.493944506104823,3.493944506104823,3.493944506104823,3.493944506104823,3.493944506104823,3.493944506104823,3.493944506104823,3.493944506104823,3.493944506104823,3.493944506104823,3.493944506104823,3.493944506104823,3.493944506104823,3.493944506104823,3.493944506104823,3.493944506104823,3.493944506104823,3.493944506104823,3.493944506104823,3.493944506104823,3.493944506104823,3.493944506104823,3.493944506104823,3.493944506104823,3.493944506104823,3.493944506104823,3.493944506104823,3.493944506104823,3.493944506104823,3.493944506104823,3.493944506104823,3.493944506104823,3.493944506104823,3.493944506104823,3.493944506104823,3.493944506104823,3.493944506104823,3.493944506104823,3.493944506104823,3.493944506104823,3.493944506104823,3.493944506104823,3.493944506104823,3.493944506104823,3.493944506104823,3.493944506104823,3.493944506104823,3.493944506104823,3.493944506104823,3.493944506104823,3.493944506104823,3.493944506104823,3.493944506104823,3.493944506104823,3.493944506104823,3.493944506104823,3.493944506104823,3.493944506104823,3.493944506104823,3.493944506104823,3.493944506104823,3.493944506104823,3.493944506104823,3.493944506104823,3.493944506104823,3.493944506104823,3.493944506104823,3.493944506104823,3.493944506104823,3.493944506104823,3.493944506104823,3.493944506104823,3.493944506104823,3.493944506104823,3.493944506104823,3.493944506104823,3.493944506104823,3.493944506104823,3.493944506104823,3.493944506104823,3.493944506104823,3.493944506104823,3.493944506104823,3.493944506104823,3.493944506104823,3.493944506104823,3.493944506104823,3.493944506104823,3.493944506104823,3.493944506104823,3.493944506104823,3.493944506104823,3.493944506104823,3.493944506104823,3.493944506104823,3.493944506104823,3.493944506104823,3.493944506104823,3.493944506104823,3.493944506104823,3.493944506104823,3.493944506104823,3.493944506104823,3.493944506104823,3.493944506104823,3.493944506104823,3.493944506104823,3.493944506104823,3.493944506104823,3.493944506104823,3.493944506104823,3.493944506104823,3.493944506104823,3.493944506104823,3.493944506104823,3.493944506104823,3.493944506104823,3.493944506104823,3.493944506104823,3.493944506104823,3.493944506104823,3.493944506104823,3.493944506104823,3.493944506104823,3.493944506104823,3.493944506104823,3.493944506104823,3.493944506104823,3.493944506104823,3.493944506104823,3.493944506104823,3.493944506104823,3.493944506104823,3.493944506104823,3.493944506104823,3.493944506104823,3.493944506104823,3.493944506104823,3.493944506104823,3.493944506104823,3.493944506104823,3.493944506104823,3.493944506104823,3.493944506104823,3.493944506104823,3.493944506104823,3.493944506104823,3.493944506104823,3.493944506104823,3.493944506104823,3.493944506104823,3.493944506104823,3.493944506104823,3.493944506104823,3.493944506104823,3.493944506104823,3.493944506104823,3.493944506104823,3.493944506104823,3.493944506104823,3.493944506104823,3.493944506104823,3.493944506104823,3.493944506104823,3.493944506104823,3.493944506104823,3.493944506104823,3.493944506104823,3.493944506104823,3.493944506104823,3.493944506104823,3.493944506104823,3.493944506104823,3.493944506104823,3.493944506104823,3.493944506104823,3.493944506104823,3.493944506104823,3.493944506104823,3.493944506104823,3.493944506104823,3.493944506104823,3.493944506104823,3.493944506104823,3.493944506104823,3.493944506104823,3.493944506104823,3.493944506104823,3.493944506104823,3.493944506104823,3.493944506104823,3.493944506104823,3.493944506104823,3.493944506104823,3.493944506104823,3.493944506104823,3.493944506104823,3.493944506104823,3.493944506104823,3.493944506104823,3.493944506104823,3.493944506104823,3.493944506104823,3.493944506104823,3.493944506104823,3.493944506104823,3.493944506104823,3.493944506104823,3.493944506104823,3.493944506104823,3.493944506104823,3.493944506104823,3.493944506104823,3.493944506104823,3.493944506104823,3.493944506104823,3.493944506104823,3.493944506104823,3.493944506104823,3.493944506104823,3.493944506104823,3.493944506104823,3.493944506104823,3.493944506104823,3.493944506104823,3.493944506104823,3.493944506104823,3.493944506104823,3.493944506104823,3.493944506104823,3.493944506104823,3.493944506104823,3.493944506104823,3.493944506104823,3.493944506104823,3.493944506104823,3.493944506104823,3.493944506104823,3.493944506104823,3.493944506104823,3.493944506104823,3.493944506104823,3.493944506104823,3.493944506104823,3.493944506104823,3.493944506104823,3.493944506104823,3.493944506104823,3.493944506104823,3.493944506104823,3.493944506104823,3.493944506104823,3.493944506104823,3.493944506104823,3.493944506104823,3.493944506104823,3.493944506104823,3.493944506104823,3.493944506104823,3.493944506104823,3.493944506104823,3.493944506104823,3.493944506104823,3.493944506104823,3.493944506104823,3.493944506104823,3.493944506104823,3.493944506104823,3.493944506104823,3.493944506104823,3.493944506104823,3.493944506104823,3.493944506104823,3.493944506104823,3.493944506104823,3.493944506104823,3.493944506104823,3.493944506104823,3.493944506104823,3.493944506104823,3.493944506104823,3.493944506104823,3.493944506104823,3.493944506104823,3.493944506104823,3.493944506104823,3.493944506104823,3.493944506104823,3.493944506104823,3.493944506104823,3.493944506104823,3.493944506104823,3.493944506104823,3.493944506104823,3.493944506104823,3.493944506104823,3.493944506104823,3.493944506104823,3.493944506104823,3.493944506104823,3.493944506104823,3.493944506104823,3.493944506104823,3.493944506104823,3.493944506104823,3.493944506104823,3.493944506104823,3.493944506104823,3.493944506104823,3.493944506104823,3.493944506104823,3.493944506104823,3.493944506104823,3.493944506104823,3.493944506104823,3.493944506104823,3.493944506104823,3.493944506104823,3.493944506104823,3.493944506104823,3.493944506104823,3.493944506104823,3.493944506104823,3.493944506104823,3.493944506104823,3.493944506104823,3.493944506104823,3.493944506104823,3.493944506104823,3.493944506104823,3.493944506104823,3.493944506104823,3.493944506104823,3.493944506104823,3.493944506104823,3.493944506104823,3.493944506104823,3.493944506104823,3.493944506104823,3.493944506104823,3.493944506104823,3.493944506104823,3.493944506104823,3.493944506104823,3.493944506104823,3.493944506104823,3.493944506104823,3.493944506104823,3.493944506104823,3.493944506104823,3.493944506104823,3.493944506104823,3.493944506104823,3.493944506104823,3.493944506104823,3.493944506104823,3.493944506104823,3.493944506104823,3.493944506104823,3.493944506104823,3.493944506104823,3.493944506104823,3.493944506104823,3.493944506104823,3.493944506104823,3.493944506104823,3.493944506104823,3.493944506104823,3.493944506104823,3.493944506104823,3.493944506104823,3.493944506104823,3.493944506104823,3.493944506104823,3.493944506104823,3.493944506104823,3.493944506104823,3.493944506104823,3.493944506104823,3.493944506104823,3.493944506104823,3.493944506104823,3.493944506104823,3.493944506104823,3.493944506104823,3.493944506104823,3.493944506104823,3.493944506104823,3.493944506104823,3.493944506104823,3.493944506104823,3.493944506104823,3.493944506104823,3.493944506104823,3.493944506104823,3.493944506104823,3.493944506104823,3.493944506104823,3.493944506104823,3.493944506104823,3.493944506104823,3.493944506104823,3.493944506104823,3.493944506104823,3.493944506104823,3.493944506104823,3.493944506104823,3.493944506104823,3.493944506104823,3.493944506104823,3.493944506104823,3.493944506104823,3.493944506104823,3.493944506104823,3.493944506104823,3.493944506104823,3.493944506104823,3.493944506104823,3.493944506104823,3.493944506104823,3.493944506104823,3.493944506104823,3.493944506104823,3.493944506104823,3.493944506104823,3.493944506104823,3.493944506104823,3.493944506104823,3.493944506104823,3.493944506104823,3.493944506104823,3.493944506104823,3.493944506104823,3.493944506104823,3.493944506104823,9.287688428600172,8.73954490406818,8.73954490406818,7.517214079902462,7.507298691321848,7.490426908072827,7.490426908072827,7.490426908072827,7.490426908072827,7.490426908072827,7.490426908072827,7.490426908072827,7.490426908072827,7.490426908072827,7.490426908072827,7.490426908072827,7.490426908072827,7.490426908072827,7.490426908072827,7.490426908072827,7.490426908072827,7.490426908072827,7.490426908072827,7.490426908072827,7.490426908072827,7.490426908072827,7.490426908072827,7.490426908072827,7.490426908072827,7.490426908072827,7.490426908072827,7.490426908072827,7.46736170061959,7.46736170061959,7.46736170061959,7.46736170061959,7.46736170061959,7.46736170061959,7.46736170061959,7.46736170061959,7.46736170061959,7.46736170061959,7.46736170061959,7.46736170061959,7.46736170061959,7.46736170061959,7.46736170061959,7.46736170061959,7.46736170061959,7.46736170061959,7.46736170061959,7.46736170061959,7.46736170061959,7.46736170061959,7.46736170061959,7.46736170061959,7.46736170061959,7.46736170061959,7.46736170061959,7.46736170061959,7.46736170061959,7.46736170061959,7.46736170061959,7.46736170061959,7.46736170061959,7.46736170061959,7.46736170061959,7.46736170061959,7.46736170061959,7.46736170061959,7.46736170061959,7.46736170061959,7.46736170061959,7.46736170061959,7.46736170061959,7.46736170061959,7.46736170061959,7.46736170061959,7.46736170061959,7.46736170061959,7.46736170061959,7.46736170061959,7.46736170061959,7.46736170061959,7.46736170061959,7.46736170061959,7.46736170061959,7.46736170061959,7.46736170061959,7.46736170061959,7.46736170061959,7.46736170061959,7.46736170061959,7.46736170061959,7.46736170061959,7.46736170061959,7.46736170061959,7.46736170061959,7.46736170061959,7.46736170061959,7.46736170061959,7.46736170061959,7.46736170061959,7.46736170061959,7.46736170061959,7.46736170061959,7.46736170061959,7.46736170061959,7.46736170061959,7.46736170061959,7.46736170061959,7.46736170061959,7.46736170061959,7.46736170061959,7.46736170061959,7.46736170061959,7.46736170061959,7.46736170061959,7.46736170061959,7.46736170061959,7.46736170061959,7.46736170061959,7.46736170061959,7.46736170061959,7.46736170061959,7.46736170061959,7.46736170061959,7.46736170061959,7.46736170061959,7.46736170061959,7.46736170061959,7.46736170061959,7.46736170061959,7.46736170061959,7.46736170061959,7.46736170061959,7.46736170061959,7.46736170061959,7.46736170061959,7.46736170061959,7.46736170061959,7.46736170061959,7.46736170061959,6.973042845123843,6.973042845123843,6.31954873977454,6.209525376898936,6.209525376898936,6.209525376898936,6.209525376898936,6.195722449265665,6.195722449265665,6.195722449265665,6.195722449265665,6.175198024582642,6.175198024582642,6.175198024582642,6.175198024582642,6.175198024582642,6.175198024582642,6.175198024582642,6.175198024582642,6.175198024582642,6.175198024582642,6.175198024582642,6.175198024582642,6.175198024582642,6.175198024582642,6.175198024582642,6.175198024582642,6.175198024582642,6.175198024582642,6.175198024582642,6.175198024582642,6.175198024582642,6.175198024582642,6.175198024582642,6.175198024582642,6.175198024582642,6.175198024582642,6.175198024582642,6.175198024582642,6.175198024582642,6.175198024582642,6.175198024582642,6.175198024582642,6.175198024582642,6.175198024582642,6.175198024582642,6.175198024582642,6.175198024582642,6.175198024582642,6.175198024582642,6.175198024582642,6.175198024582642,6.175198024582642,6.175198024582642,6.175198024582642,6.175198024582642,6.175198024582642,6.175198024582642,6.175198024582642,6.175198024582642,6.175198024582642,6.175198024582642,6.175198024582642,6.175198024582642,6.175198024582642,6.175198024582642,6.175198024582642,6.175198024582642,6.175198024582642,6.175198024582642,6.175198024582642,6.175198024582642,6.175198024582642,6.175198024582642,6.175198024582642,6.175198024582642,6.175198024582642,6.175198024582642,6.175198024582642,6.175198024582642,6.175198024582642,6.175198024582642,6.175198024582642,6.175198024582642,6.175198024582642,6.175198024582642,6.175198024582642,6.175198024582642,6.175198024582642,6.175198024582642,6.175198024582642,6.175198024582642,6.175198024582642,6.175198024582642,6.175198024582642,6.175198024582642,6.175198024582642,6.175198024582642,6.175198024582642,6.175198024582642,6.175198024582642,6.175198024582642,6.175198024582642,6.175198024582642,6.175198024582642,6.175198024582642,6.175198024582642,6.175198024582642,6.175198024582642,6.175198024582642,6.175198024582642,6.175198024582642,6.175198024582642,6.175198024582642,6.175198024582642,6.175198024582642,6.175198024582642,6.175198024582642,6.175198024582642,6.175198024582642,6.175198024582642,6.175198024582642,6.175198024582642,6.175198024582642,6.175198024582642,6.175198024582642,6.175198024582642,6.175198024582642,6.175198024582642,6.175198024582642,6.175198024582642,6.175198024582642,6.175198024582642,6.175198024582642,6.175198024582642,6.175198024582642,6.175198024582642,6.175198024582642,6.175198024582642,6.175198024582642,6.175198024582642,6.138425429927676,5.969792619310042,5.850271718689376,5.850271718689376,5.850271718689376,5.850271718689376,5.850271718689376,5.842195408540109,5.842195408540109,5.842195408540109,5.842195408540109,5.842195408540109,5.842195408540109,5.842195408540109,5.842195408540109,5.842195408540109,5.842195408540109,5.842195408540109,5.842195408540109,5.842195408540109,5.842195408540109,5.842195408540109,5.842195408540109,5.842195408540109,5.842195408540109,5.842195408540109,5.842195408540109,5.842195408540109,5.842195408540109,5.842195408540109,5.842195408540109,5.842195408540109,5.842195408540109,5.842195408540109,5.842195408540109,5.842195408540109,5.842195408540109,5.842195408540109,5.842195408540109,5.842195408540109,5.842195408540109,5.842195408540109,5.842195408540109,5.842195408540109,5.842195408540109,5.842195408540109,5.842195408540109,5.842195408540109,5.842195408540109,5.842195408540109,5.842195408540109,5.842195408540109,5.842195408540109,5.842195408540109,5.842195408540109,5.842195408540109,5.842195408540109,5.842195408540109,5.842195408540109,5.842195408540109,5.842195408540109,5.842195408540109,5.842195408540109,5.842195408540109,5.842195408540109,5.842195408540109,5.842195408540109,5.842195408540109,5.842195408540109,5.842195408540109,5.842195408540109,5.842195408540109,5.842195408540109,5.842195408540109,5.842195408540109,5.842195408540109,5.842195408540109,5.842195408540109,5.842195408540109,5.842195408540109,5.842195408540109,5.842195408540109,5.842195408540109,5.842195408540109,5.842195408540109,5.842195408540109,5.842195408540109,5.842195408540109,5.842195408540109,5.842195408540109,5.842195408540109,5.842195408540109,5.842195408540109,5.842195408540109,5.842195408540109,5.842195408540109,5.842195408540109,5.842195408540109,5.842195408540109,5.842195408540109,5.842195408540109,5.842195408540109,5.842195408540109,5.842195408540109,5.842195408540109,5.842195408540109,5.842195408540109,5.842195408540109,5.842195408540109,5.842195408540109,5.842195408540109,5.842195408540109,5.842195408540109,5.842195408540109,5.842195408540109,5.842195408540109,5.842195408540109,5.842195408540109,5.842195408540109,5.842195408540109,5.842195408540109,5.842195408540109,5.842195408540109,5.842195408540109,5.842195408540109,5.842195408540109,5.842195408540109,5.842195408540109,5.842195408540109,5.842195408540109,5.842195408540109,5.842195408540109,5.842195408540109,5.842195408540109,5.842195408540109,5.842195408540109,5.842195408540109,5.842195408540109,5.842195408540109,5.842195408540109,5.842195408540109,5.842195408540109,5.842195408540109,5.842195408540109,5.842195408540109,5.842195408540109,5.842195408540109,5.842195408540109,5.842195408540109,5.842195408540109,5.842195408540109,5.842195408540109,5.842195408540109,5.842195408540109,5.842195408540109,5.842195408540109,5.842195408540109,5.842195408540109,5.842195408540109,5.842195408540109,5.842195408540109,5.842195408540109,5.842195408540109,5.842195408540109,5.842195408540109,5.842195408540109,5.842195408540109,5.842195408540109,5.842195408540109,5.842195408540109,5.842195408540109,5.842195408540109,5.842195408540109,5.842195408540109,5.842195408540109,5.842195408540109,5.842195408540109,5.842195408540109,5.842195408540109,5.842195408540109,5.842195408540109,5.842195408540109,5.842195408540109,5.842195408540109,5.842195408540109,5.842195408540109,5.842195408540109,5.842195408540109,5.842195408540109,5.842195408540109,5.842195408540109,5.842195408540109,5.842195408540109,5.842195408540109,5.842195408540109,5.842195408540109,5.842195408540109,5.842195408540109,5.842195408540109,5.842195408540109,5.842195408540109,5.842195408540109,5.842195408540109,5.842195408540109,5.842195408540109,5.842195408540109,5.842195408540109,5.842195408540109,5.842195408540109,5.842195408540109,5.842195408540109,5.842195408540109,5.842195408540109,5.842195408540109,5.842195408540109,5.842195408540109,5.842195408540109,5.842195408540109,5.842195408540109,5.842195408540109,5.842195408540109,5.842195408540109,5.842195408540109,5.842195408540109,5.842195408540109,5.842195408540109,5.842195408540109,5.842195408540109,5.842195408540109,5.842195408540109,5.842195408540109,5.842195408540109,5.842195408540109,5.842195408540109,5.842195408540109,5.842195408540109,5.842195408540109,5.842195408540109,5.842195408540109,5.842195408540109,5.842195408540109,5.842195408540109,5.842195408540109,5.842195408540109,5.842195408540109,5.842195408540109,5.842195408540109,5.842195408540109,5.842195408540109,5.842195408540109,5.842195408540109,5.842195408540109,5.842195408540109,5.842195408540109,5.842195408540109,5.842195408540109,5.842195408540109,5.842195408540109,5.842195408540109,5.842195408540109,5.842195408540109,5.842195408540109,5.842195408540109,5.842195408540109,5.842195408540109,5.842195408540109,5.842195408540109,5.842195408540109,5.842195408540109,5.842195408540109,5.842195408540109,5.740097418384185,5.674590666956412,5.674590666956412,5.674590666956412,5.674590666956412,5.674590666956412,5.674590666956412,5.674590666956412,5.674590666956412,5.674590666956412,5.674590666956412,5.674590666956412,5.674590666956412,5.674590666956412,5.674590666956412,5.67364779448774,5.67364779448774,5.67364779448774,5.67364779448774,5.67364779448774,5.67364779448774,5.67364779448774,5.67364779448774,5.67364779448774,5.659604564013206,5.659604564013206,5.659604564013206,4.747559775815199,4.747559775815199,4.747559775815199,4.747559775815199,4.747559775815199,4.747559775815199,4.747559775815199,4.747559775815199,4.747559775815199,4.747559775815199,4.747559775815199,4.747559775815199,4.747559775815199,4.747559775815199,4.747559775815199,4.747559775815199,4.747559775815199,4.747559775815199,4.747559775815199,4.747559775815199,4.747559775815199,4.747559775815199,4.747559775815199,4.747559775815199,4.747559775815199,4.747559775815199,4.747559775815199,4.747559775815199,4.747559775815199,4.747559775815199,4.747559775815199,4.747559775815199,4.747559775815199,4.747559775815199,4.747559775815199,4.747559775815199,4.747559775815199,4.747559775815199,4.747559775815199,4.747559775815199,4.747559775815199,4.747559775815199,4.747559775815199,4.747559775815199,4.747559775815199,4.747559775815199,4.747559775815199,4.747559775815199,4.747559775815199,4.747559775815199,4.747559775815199,4.747559775815199,4.747559775815199,4.747559775815199,4.747559775815199,4.747559775815199,4.747559775815199,4.747559775815199,4.747559775815199,4.747559775815199,4.747559775815199,4.747559775815199,4.747559775815199,4.747559775815199,4.747559775815199,4.747559775815199,4.747559775815199,4.747559775815199,4.747559775815199,4.747559775815199,4.747559775815199,4.747559775815199,4.747559775815199,4.747559775815199,4.747559775815199,4.747559775815199,4.747559775815199,4.747559775815199,4.747559775815199,4.747559775815199,4.747559775815199,4.747559775815199,4.747559775815199,4.747559775815199,4.747559775815199,4.747559775815199,4.747559775815199,4.747559775815199,4.747559775815199,4.747559775815199,4.747559775815199,4.747559775815199,4.747559775815199,4.747559775815199,4.747559775815199,4.747559775815199,4.747559775815199,4.747559775815199,4.747559775815199,4.747559775815199,4.747559775815199,4.747559775815199,4.747559775815199,4.747559775815199,4.747559775815199,4.747559775815199,4.747559775815199,4.747559775815199,4.747559775815199,4.747559775815199,4.747559775815199,4.747559775815199,4.747559775815199,4.747559775815199,4.747559775815199,4.747559775815199,4.747559775815199,4.747559775815199,4.747559775815199,4.747559775815199,4.747559775815199,4.747559775815199,4.747559775815199,4.747559775815199,4.747559775815199,4.747559775815199,4.747559775815199,4.747559775815199,4.747559775815199,4.747559775815199,4.747559775815199,4.747559775815199,4.747559775815199,4.747559775815199,4.747559775815199,4.747559775815199,4.747559775815199,4.747559775815199,4.747559775815199,4.747559775815199,4.747559775815199,4.747559775815199,4.747559775815199,4.747559775815199,4.747559775815199,4.747559775815199,4.747559775815199,4.747559775815199,4.747559775815199,4.747559775815199,4.747559775815199,4.747559775815199,4.747559775815199,4.747559775815199,4.747559775815199,4.747559775815199,4.747559775815199,4.747559775815199,4.747559775815199,4.747559775815199,4.747559775815199,4.747559775815199,4.747559775815199,4.747559775815199,4.747559775815199,4.747559775815199,4.747559775815199,4.747559775815199,4.747559775815199,4.747559775815199,4.747559775815199,4.747559775815199,4.747559775815199,4.747559775815199,4.747559775815199,4.747559775815199,4.747559775815199,4.747559775815199,4.747559775815199,4.747559775815199,4.747559775815199,4.747559775815199,4.747559775815199,4.747559775815199,4.747559775815199,4.747559775815199,4.747559775815199,4.747559775815199,4.747559775815199,4.747559775815199,4.747559775815199,4.747559775815199,4.747559775815199,4.747559775815199,4.747559775815199,4.747559775815199,4.747559775815199,4.747559775815199,4.747559775815199,4.747559775815199,4.747559775815199,4.747559775815199,4.747559775815199,4.747559775815199,4.747559775815199,4.747559775815199,4.747559775815199,4.747559775815199,4.747559775815199,4.747559775815199,4.747559775815199,4.747559775815199,4.747559775815199,4.747559775815199,4.747559775815199,4.747559775815199,4.747559775815199,4.747559775815199,4.747559775815199,4.747559775815199,4.747559775815199,4.747559775815199,4.747559775815199,4.747559775815199,4.747559775815199,4.747559775815199,4.747559775815199,4.747559775815199,4.747559775815199,4.747559775815199,4.747559775815199,4.747559775815199,4.747559775815199,4.747559775815199,4.747559775815199,4.747559775815199,4.747559775815199,4.747559775815199,4.747559775815199,4.747559775815199,4.747559775815199,4.747559775815199,4.747559775815199,4.747559775815199,4.747559775815199,4.747559775815199,4.747559775815199,4.747559775815199,4.747559775815199,4.747559775815199,4.747559775815199,4.747559775815199,4.747559775815199,4.747559775815199,4.747559775815199,4.747559775815199,4.747559775815199,4.747559775815199,4.747559775815199,4.747559775815199,4.747559775815199,4.747559775815199,4.747559775815199,4.747559775815199,4.747559775815199,4.747559775815199,4.747559775815199,4.747559775815199,4.747559775815199,4.747559775815199,4.747559775815199,4.747559775815199,4.747559775815199,4.747559775815199,4.747559775815199,4.747559775815199,4.747559775815199,4.747559775815199,4.747559775815199,4.747559775815199,4.747559775815199,4.747559775815199,4.747559775815199,4.747559775815199,4.747559775815199,4.747559775815199,4.747559775815199,4.747559775815199,4.747559775815199,4.747559775815199,4.747559775815199,4.747559775815199,4.747559775815199,4.747559775815199,4.747559775815199,4.747559775815199,4.747559775815199,4.747559775815199,4.747559775815199,4.747559775815199,4.747559775815199,4.747559775815199,4.747559775815199,4.747559775815199,4.747559775815199,4.747559775815199,4.747559775815199,4.747559775815199,4.747559775815199,4.747559775815199,4.747559775815199,4.747559775815199,4.747559775815199,4.747559775815199,4.747559775815199,4.747559775815199,4.747559775815199,4.747559775815199,4.747559775815199,4.747559775815199,4.747559775815199,4.747559775815199,4.747559775815199,4.747559775815199,4.747559775815199,4.747559775815199,4.747559775815199,4.747559775815199,4.747559775815199,4.747559775815199,4.747559775815199,4.747559775815199,4.747559775815199,4.747559775815199,4.747559775815199,4.747559775815199,4.747559775815199,4.747559775815199,4.747559775815199,4.747559775815199,4.747559775815199,4.747559775815199,4.747559775815199,4.747559775815199,4.747559775815199,4.747559775815199,4.747559775815199,4.747559775815199,4.747559775815199,4.747559775815199,4.747559775815199,4.747559775815199,4.747559775815199,4.747559775815199,4.747559775815199,4.747559775815199,4.747559775815199,4.747559775815199,4.747559775815199,4.747559775815199,4.747559775815199,4.747559775815199,4.747559775815199,4.747559775815199,4.747559775815199,4.747559775815199,4.747559775815199,4.747559775815199,4.747559775815199,4.747559775815199,4.747559775815199,4.747559775815199,4.747559775815199,4.747559775815199,4.747559775815199,4.747559775815199,4.747559775815199,4.747559775815199,4.747559775815199,4.747559775815199,4.747559775815199,4.747559775815199,4.747559775815199,4.747559775815199,4.747559775815199,4.747559775815199,4.747559775815199,4.747559775815199,4.747559775815199,4.747559775815199,4.747559775815199,4.747559775815199,4.747559775815199,4.747559775815199,4.747559775815199,4.747559775815199,4.747559775815199,4.747559775815199,4.747559775815199,4.747559775815199,4.747559775815199,4.747559775815199,4.747559775815199,4.747559775815199,4.747559775815199,4.747559775815199,4.747559775815199,4.747559775815199,4.747559775815199,4.747559775815199,4.747559775815199,4.747559775815199,4.747559775815199,4.747559775815199,4.747559775815199,4.747559775815199,4.747559775815199,4.747559775815199,6.918842381376445,6.918842381376445,6.871606673372373,6.442789680476955,6.442789680476955,6.442789680476955,6.442789680476955,6.442789680476955,6.442789680476955,6.442789680476955,6.442789680476955,6.442789680476955,6.442789680476955,6.442789680476955,6.442789680476955,6.442789680476955,6.442789680476955,6.442789680476955,5.915850760975818,5.915850760975818,5.915850760975818,5.915850760975818,5.915850760975818,5.915850760975818,5.8302074236179005,5.8302074236179005,5.8302074236179005,5.8302074236179005,5.8302074236179005,5.8302074236179005,5.8302074236179005,5.8302074236179005,5.8302074236179005,5.8302074236179005,5.8302074236179005,5.8302074236179005,5.8302074236179005,5.8302074236179005,5.8302074236179005,5.8302074236179005,5.8302074236179005,5.8302074236179005,5.8302074236179005,5.8302074236179005,5.8302074236179005,5.8302074236179005,5.8302074236179005,5.8302074236179005,5.8302074236179005,5.8302074236179005,5.8302074236179005,5.8302074236179005,5.8302074236179005,5.8302074236179005,5.8302074236179005,5.8302074236179005,5.8302074236179005,5.8302074236179005,5.8302074236179005,5.8302074236179005,5.8302074236179005,5.8302074236179005,5.8302074236179005,5.8302074236179005,5.8302074236179005,5.8302074236179005,5.8302074236179005,5.8302074236179005,5.8302074236179005,5.8302074236179005,5.8302074236179005,5.8302074236179005,5.8302074236179005,5.8302074236179005,5.8302074236179005,5.8302074236179005,5.816142914829071,5.816142914829071,5.816142914829071,5.816142914829071,5.816142914829071,5.816142914829071,5.816142914829071,5.816142914829071,5.816142914829071,5.816142914829071,5.816142914829071,5.816142914829071,5.816142914829071,5.816142914829071,5.816142914829071,5.816142914829071,5.816142914829071,5.816142914829071,5.816142914829071,5.816142914829071,5.816142914829071,5.816142914829071,5.816142914829071,5.816142914829071,5.816142914829071,5.816142914829071,5.816142914829071,5.816142914829071,5.816142914829071,5.816142914829071,5.816142914829071,5.816142914829071,5.816142914829071,5.816142914829071,5.816142914829071,5.816142914829071,4.9374353644273885,4.9374353644273885,4.5785454797419884,4.5785454797419884,4.453104609568812,4.453104609568812,4.453104609568812,4.453104609568812,4.453104609568812,4.453104609568812,4.453104609568812,4.453104609568812,4.453104609568812,4.453104609568812,4.453104609568812,4.2163345470536004,4.2163345470536004,4.2163345470536004,4.2163345470536004,4.2163345470536004,4.2163345470536004,4.2163345470536004,4.2163345470536004,4.2163345470536004,4.2163345470536004,4.2163345470536004,4.2163345470536004,4.2163345470536004,4.2163345470536004,4.2163345470536004,4.2163345470536004,4.2163345470536004,4.2163345470536004,4.2163345470536004,4.2163345470536004,4.2163345470536004,4.2163345470536004,4.2163345470536004,4.2163345470536004,4.2163345470536004,4.2163345470536004,4.2163345470536004,4.2163345470536004,4.2163345470536004,4.2163345470536004,4.2163345470536004,4.2163345470536004,4.2163345470536004,4.2163345470536004,4.2163345470536004,4.2163345470536004,4.2163345470536004,4.2163345470536004,4.2163345470536004,4.2163345470536004,4.2163345470536004,4.2163345470536004,4.2163345470536004,4.2163345470536004,4.2163345470536004,4.2163345470536004,4.2163345470536004,4.2163345470536004,4.2163345470536004,4.2163345470536004,4.2163345470536004,4.2163345470536004,4.2163345470536004,4.2163345470536004,4.2163345470536004,4.2163345470536004,4.2163345470536004,4.2163345470536004,4.2163345470536004,4.2163345470536004,4.2163345470536004,4.2163345470536004,4.2163345470536004,4.2163345470536004,4.2163345470536004,4.2163345470536004,4.2163345470536004,4.2163345470536004,4.2163345470536004,4.2163345470536004,4.2163345470536004,4.2163345470536004,4.2163345470536004,4.2163345470536004,4.2163345470536004,4.2163345470536004,4.2163345470536004,4.2163345470536004,4.2163345470536004,4.2163345470536004,4.2163345470536004,4.2163345470536004,4.2163345470536004,4.2163345470536004,4.2163345470536004,4.2163345470536004,4.2163345470536004,4.2163345470536004,4.2163345470536004,4.2163345470536004,4.2163345470536004,4.2163345470536004,4.2163345470536004,4.2163345470536004,4.2163345470536004,4.2163345470536004,4.2163345470536004,4.2163345470536004,4.2163345470536004,4.2163345470536004,4.2163345470536004,4.2163345470536004,4.2163345470536004,4.2163345470536004,4.2163345470536004,4.2163345470536004,4.2163345470536004,4.2163345470536004,4.2163345470536004,4.2163345470536004,4.2163345470536004,4.2163345470536004,4.2163345470536004,4.2163345470536004,4.2163345470536004,4.2163345470536004,4.2163345470536004,4.2163345470536004,4.2163345470536004,4.2163345470536004,4.2163345470536004,4.2163345470536004,4.2163345470536004,4.2163345470536004,4.2163345470536004,4.2163345470536004,4.2163345470536004,4.2163345470536004,4.2163345470536004,4.2163345470536004,4.2163345470536004,4.2163345470536004,4.2163345470536004,4.2163345470536004,4.2163345470536004,4.2163345470536004,4.2163345470536004,4.2163345470536004,4.2163345470536004,4.2163345470536004,4.2163345470536004,4.2163345470536004,4.2163345470536004,4.2163345470536004,4.2163345470536004,4.2163345470536004,2.591867514966558,2.591867514966558,2.591867514966558,2.591867514966558,2.591867514966558,2.591867514966558,2.591867514966558,2.591867514966558,2.591867514966558,2.591867514966558,2.591867514966558,2.591867514966558,2.591867514966558,2.591867514966558,2.591867514966558,2.591867514966558,2.591867514966558,2.591867514966558,2.591867514966558,2.591867514966558,2.591867514966558,2.591867514966558,2.591867514966558,2.591867514966558,2.591867514966558,2.591867514966558,2.591867514966558,2.591867514966558,2.591867514966558,2.591867514966558,2.591867514966558,2.591867514966558,2.591867514966558,2.591867514966558,2.591867514966558,2.591867514966558,2.591867514966558,2.591867514966558,2.591867514966558,2.591867514966558,2.591867514966558,2.591867514966558,2.591867514966558,2.591867514966558,2.591867514966558,2.591867514966558,2.591867514966558,2.591867514966558,2.591867514966558,2.591867514966558,2.591867514966558,2.591867514966558,2.591867514966558,2.591867514966558,2.591867514966558,2.591867514966558,2.591867514966558,2.591867514966558,2.591867514966558,2.591867514966558,2.591867514966558,2.591867514966558,2.591867514966558,2.591867514966558,2.591867514966558,2.591867514966558,2.591867514966558,2.591867514966558,2.591867514966558,2.591867514966558,2.591867514966558,2.591867514966558,2.591867514966558,2.591867514966558,2.591867514966558,2.591867514966558,2.591867514966558,2.591867514966558,2.591867514966558,2.591867514966558,2.591867514966558,2.591867514966558,2.591867514966558,2.591867514966558,2.591867514966558,2.591867514966558,2.591867514966558,2.591867514966558,2.591867514966558,2.591867514966558,2.591867514966558,2.591867514966558,2.591867514966558,2.591867514966558,2.591867514966558,2.591867514966558,2.591867514966558,2.591867514966558,2.591867514966558,2.591867514966558,2.591867514966558,2.591867514966558,2.591867514966558,2.591867514966558,2.591867514966558,2.591867514966558,2.591867514966558,2.591867514966558,2.591867514966558,2.591867514966558,2.591867514966558,2.591867514966558,2.591867514966558,2.591867514966558,2.591867514966558,2.591867514966558,2.591867514966558,2.591867514966558,2.591867514966558,2.591867514966558,2.591867514966558,2.591867514966558,2.591867514966558,2.591867514966558,2.591867514966558,2.591867514966558,2.591867514966558,2.591867514966558,2.591867514966558,2.591867514966558,2.591867514966558,2.591867514966558,2.591867514966558,2.591867514966558,2.591867514966558,2.591867514966558,2.591867514966558,2.591867514966558,2.591867514966558,2.591867514966558,2.591867514966558,2.591867514966558,2.591867514966558,2.591867514966558,2.591867514966558,2.591867514966558,2.591867514966558,2.591867514966558,2.591867514966558,2.591867514966558,2.591867514966558,2.591867514966558,2.591867514966558,2.591867514966558,2.591867514966558,2.591867514966558,2.591867514966558,2.591867514966558,2.591867514966558,2.591867514966558,2.591867514966558,2.591867514966558,2.591867514966558,2.591867514966558,2.591867514966558,2.591867514966558,2.591867514966558,2.591867514966558,2.591867514966558,2.591867514966558,2.591867514966558,2.591867514966558,2.591867514966558,2.591867514966558,2.591867514966558,2.591867514966558,2.591867514966558,2.591867514966558,2.591867514966558,2.591867514966558,2.591867514966558,2.591867514966558,2.591867514966558,2.591867514966558,2.591867514966558,2.591867514966558,2.591867514966558,2.591867514966558,2.591867514966558,2.591867514966558,2.591867514966558,2.591867514966558,2.591867514966558,2.591867514966558,2.591867514966558,2.591867514966558,2.591867514966558,2.591867514966558,2.591867514966558,2.591867514966558,2.591867514966558,2.591867514966558,2.591867514966558,2.591867514966558,2.591867514966558,2.591867514966558,2.591867514966558,2.591867514966558,2.591867514966558,2.591867514966558,2.591867514966558,2.591867514966558,2.591867514966558,2.591867514966558,2.591867514966558,2.591867514966558,2.591867514966558,2.591867514966558,2.591867514966558,2.591867514966558,2.591867514966558,2.591867514966558,2.591867514966558,2.591867514966558,2.591867514966558,2.591867514966558,2.591867514966558,2.591867514966558,2.591867514966558,2.591867514966558,2.591867514966558,2.591867514966558,2.591867514966558,2.591867514966558,2.591867514966558,2.591867514966558,2.591867514966558,2.591867514966558,2.591867514966558,2.591867514966558,2.591867514966558,2.591867514966558,2.591867514966558,2.591867514966558,2.591867514966558,2.591867514966558,2.591867514966558,2.591867514966558,2.591867514966558,2.591867514966558,2.591867514966558,2.591867514966558,2.591867514966558,2.591867514966558,2.591867514966558,2.591867514966558,2.591867514966558,2.591867514966558,2.591867514966558,2.591867514966558,2.591867514966558,2.591867514966558,2.591867514966558,2.591867514966558,2.591867514966558,2.591867514966558,2.591867514966558,2.591867514966558,2.591867514966558,2.591867514966558,2.591867514966558,2.591867514966558,2.591867514966558,2.591867514966558,2.591867514966558,2.591867514966558,2.591867514966558,2.591867514966558,2.591867514966558,2.591867514966558,2.591867514966558,2.591867514966558,2.591867514966558,2.591867514966558,2.591867514966558,2.591867514966558,2.591867514966558,2.591867514966558,2.591867514966558,2.591867514966558,2.591867514966558,2.591867514966558,2.591867514966558,2.591867514966558,2.591867514966558,2.591867514966558,2.591867514966558,2.591867514966558,2.591867514966558,2.591867514966558,2.591867514966558,2.591867514966558,2.591867514966558,2.591867514966558,2.591867514966558,2.591867514966558,2.591867514966558,2.591867514966558,2.591867514966558,2.591867514966558,2.591867514966558,2.591867514966558,2.591867514966558,2.591867514966558,2.591867514966558,2.591867514966558,2.591867514966558,2.591867514966558,2.591867514966558,2.591867514966558,2.591867514966558,2.591867514966558,2.591867514966558,2.591867514966558,2.591867514966558,2.591867514966558,2.591867514966558,2.591867514966558,2.591867514966558,2.591867514966558,2.591867514966558,2.591867514966558,2.591867514966558,2.591867514966558,2.591867514966558,2.591867514966558,2.591867514966558,2.591867514966558,2.591867514966558,2.591867514966558,2.591867514966558,2.591867514966558,2.591867514966558,2.591867514966558,2.591867514966558,2.591867514966558,2.591867514966558,2.591867514966558,2.591867514966558,2.591867514966558,2.591867514966558,2.591867514966558,2.591867514966558,2.591867514966558,2.591867514966558,2.591867514966558,2.591867514966558,2.591867514966558,2.591867514966558,2.591867514966558,2.591867514966558,2.591867514966558,2.591867514966558,2.591867514966558,2.591867514966558,2.591867514966558,2.591867514966558,2.591867514966558,2.591867514966558,2.591867514966558,2.591867514966558,2.591867514966558,2.591867514966558,2.591867514966558,2.591867514966558,2.591867514966558,2.591867514966558,2.591867514966558,2.591867514966558,2.591867514966558,2.591867514966558,2.591867514966558,2.591867514966558,2.591867514966558,2.591867514966558,2.591867514966558,2.591867514966558,2.591867514966558,2.591867514966558,2.591867514966558,2.591867514966558,2.591867514966558,2.591867514966558,2.591867514966558,2.591867514966558,2.591867514966558,2.591867514966558,2.591867514966558,2.591867514966558,2.591867514966558,2.591867514966558,2.591867514966558,2.591867514966558,2.591867514966558,2.591867514966558,2.591867514966558,2.591867514966558,2.591867514966558,2.591867514966558,2.591867514966558,2.591867514966558,2.591867514966558,2.591867514966558,2.591867514966558,2.591867514966558,2.591867514966558,2.591867514966558,2.591867514966558,2.591867514966558,2.591867514966558,2.591867514966558,2.591867514966558,2.591867514966558,2.591867514966558,2.591867514966558,2.591867514966558,2.591867514966558,2.591867514966558,2.591867514966558,2.591867514966558,2.591867514966558,2.591867514966558,2.591867514966558,2.591867514966558,2.591867514966558,2.591867514966558,2.591867514966558,2.591867514966558,2.591867514966558,2.591867514966558,2.591867514966558,2.591867514966558,2.591867514966558,2.591867514966558,2.591867514966558,2.591867514966558,2.591867514966558,2.591867514966558,2.591867514966558,2.591867514966558,2.591867514966558,2.591867514966558,2.591867514966558,2.591867514966558,2.591867514966558,2.591867514966558,2.591867514966558,2.591867514966558,2.591867514966558,2.591867514966558,2.591867514966558,2.591867514966558,2.591867514966558,2.591867514966558,2.591867514966558,2.591867514966558,2.591867514966558,2.591867514966558,2.591867514966558,2.591867514966558,2.591867514966558,2.591867514966558,2.591867514966558,2.591867514966558,2.591867514966558,2.591867514966558,2.591867514966558,2.591867514966558,2.591867514966558,2.591867514966558,2.591867514966558,2.591867514966558,2.591867514966558,2.591867514966558,2.591867514966558,2.591867514966558,2.591867514966558,2.591867514966558,2.591867514966558,2.591867514966558,2.591867514966558,2.591867514966558,2.591867514966558,2.591867514966558,2.591867514966558,2.591867514966558,2.591867514966558,2.591867514966558,2.591867514966558,2.591867514966558,2.591867514966558,2.591867514966558,2.591867514966558,2.591867514966558,2.591867514966558,2.591867514966558,2.591867514966558,2.591867514966558,2.591867514966558,2.591867514966558,2.591867514966558,2.591867514966558,2.591867514966558,2.591867514966558,2.591867514966558,2.591867514966558,2.591867514966558,2.591867514966558,2.591867514966558,2.591867514966558,2.591867514966558,2.591867514966558,2.591867514966558,2.591867514966558,2.591867514966558,2.591867514966558,2.591867514966558,2.591867514966558,2.591867514966558,2.591867514966558,2.591867514966558,2.591867514966558,2.591867514966558,2.591867514966558,2.591867514966558,2.591867514966558,2.591867514966558,2.591867514966558,2.591867514966558,2.591867514966558,2.591867514966558,2.591867514966558,2.591867514966558,2.591867514966558,2.591867514966558,2.591867514966558,2.591867514966558,2.591867514966558,2.591867514966558,2.591867514966558,2.591867514966558,2.591867514966558,2.591867514966558,2.591867514966558,2.591867514966558,2.591867514966558,2.591867514966558,2.591867514966558,2.591867514966558,2.591867514966558,2.591867514966558,2.591867514966558,2.591867514966558,2.591867514966558,2.591867514966558,2.591867514966558,2.591867514966558,2.591867514966558,2.591867514966558,2.591867514966558,2.591867514966558,2.591867514966558,2.591867514966558,2.591867514966558,2.591867514966558,2.591867514966558,2.591867514966558,2.591867514966558,2.591867514966558,2.591867514966558,2.591867514966558,2.591867514966558,2.591867514966558,2.591867514966558,2.591867514966558,2.591867514966558,2.591867514966558,2.591867514966558,2.591867514966558,2.591867514966558,2.591867514966558,2.591867514966558,2.591867514966558,2.591867514966558,2.591867514966558,2.591867514966558,2.591867514966558,2.591867514966558,2.591867514966558,2.591867514966558,2.591867514966558,2.591867514966558,2.591867514966558,2.591867514966558,2.591867514966558,2.591867514966558,2.591867514966558,2.591867514966558,2.591867514966558,2.591867514966558,2.591867514966558,2.591867514966558,2.591867514966558,2.591867514966558,2.591867514966558,2.591867514966558,2.591867514966558,2.591867514966558,2.591867514966558,2.591867514966558,2.591867514966558,2.591867514966558,2.591867514966558,2.591867514966558,2.591867514966558,2.591867514966558,2.591867514966558,2.591867514966558,2.591867514966558,2.591867514966558,2.591867514966558,2.591867514966558,2.591867514966558,2.591867514966558,2.591867514966558,2.591867514966558,2.591867514966558,2.591867514966558,2.591867514966558,2.591867514966558,2.591867514966558,2.591867514966558,2.591867514966558,2.591867514966558,2.591867514966558,2.591867514966558,2.591867514966558,2.591867514966558,2.591867514966558,2.591867514966558,2.591867514966558,2.591867514966558,2.591867514966558,2.591867514966558,2.591867514966558,2.591867514966558,2.591867514966558,2.591867514966558,2.591867514966558,2.591867514966558,2.591867514966558,2.591867514966558,2.591867514966558,2.591867514966558,2.591867514966558,2.591867514966558,2.591867514966558,2.591867514966558,2.591867514966558,2.591867514966558,2.591867514966558,2.591867514966558,2.591867514966558,2.591867514966558,2.591867514966558,2.591867514966558,2.591867514966558,2.591867514966558,2.591867514966558,2.591867514966558,2.591867514966558,2.591867514966558,2.591867514966558,2.591867514966558,2.591867514966558,2.591867514966558,2.591867514966558,2.591867514966558,2.591867514966558,2.591867514966558,2.591867514966558,2.591867514966558,2.591867514966558,2.591867514966558,2.591867514966558,2.591867514966558,2.591867514966558,2.591867514966558,2.591867514966558,2.591867514966558,2.591867514966558,2.591867514966558,2.591867514966558,2.591867514966558,2.591867514966558,2.591867514966558,2.591867514966558,2.591867514966558,2.591867514966558,2.591867514966558,2.591867514966558,2.591867514966558,2.591867514966558,2.591867514966558,2.591867514966558,2.591867514966558,2.591867514966558,2.591867514966558,2.591867514966558,2.591867514966558,2.591867514966558,2.591867514966558,2.591867514966558,2.591867514966558,2.591867514966558,2.591867514966558,2.591867514966558,8.866597491182588,8.55651525198696,8.169368532243652,8.169368532243652,7.885692821907218,7.885692821907218,7.885692821907218,7.885692821907218,7.885692821907218,7.877485092904818,7.754704386774374,7.754704386774374,7.754704386774374,7.678477136797582,7.678477136797582,7.678477136797582,7.678477136797582,7.678477136797582,7.678477136797582,7.678477136797582,7.678477136797582,7.678477136797582,7.678477136797582,7.678477136797582,7.678477136797582,7.678477136797582,7.678477136797582,7.678477136797582,7.678477136797582,7.678477136797582,7.678477136797582,7.678477136797582,7.678477136797582,7.678477136797582,7.678477136797582,7.678477136797582,7.678477136797582,7.678477136797582,7.678477136797582,7.678477136797582,7.678477136797582,7.678477136797582,7.678477136797582,7.678477136797582,5.782064915633669,5.782064915633669,5.782064915633669,5.782064915633669,5.782064915633669,5.315268207119161,5.315268207119161,5.315268207119161,5.315268207119161,5.315268207119161,5.315268207119161,5.315268207119161,5.098096276249456,5.098096276249456,5.098096276249456,5.098096276249456,4.525919823939842,4.495196644528047,4.495196644528047,4.495196644528047,4.495196644528047,4.495196644528047,4.495196644528047,4.495196644528047,4.495196644528047,4.495196644528047,4.495196644528047,4.495196644528047,4.495196644528047,4.495196644528047,4.495196644528047,4.495196644528047,4.495196644528047,4.495196644528047,4.495196644528047,4.495196644528047,4.495196644528047,4.495196644528047,4.495196644528047,4.495196644528047,4.495196644528047,4.495196644528047,4.495196644528047,4.495196644528047,4.495196644528047,4.495196644528047,4.495196644528047,4.495196644528047,4.495196644528047,4.495196644528047,4.495196644528047,4.495196644528047,4.495196644528047,4.495196644528047,4.495196644528047,4.495196644528047,4.495196644528047,4.495196644528047,4.495196644528047,4.495196644528047,4.495196644528047,4.495196644528047,4.495196644528047,4.495196644528047,4.495196644528047,4.495196644528047,4.495196644528047,4.495196644528047,4.495196644528047,4.495196644528047,4.495196644528047,4.495196644528047,4.495196644528047,4.495196644528047,4.495196644528047,4.495196644528047,4.495196644528047,4.495196644528047,4.495196644528047,4.495196644528047,4.495196644528047,4.495196644528047,4.495196644528047,4.495196644528047,4.495196644528047,4.495196644528047,4.495196644528047,4.495196644528047,4.495196644528047,4.495196644528047,4.495196644528047,4.495196644528047,4.495196644528047,4.495196644528047,4.495196644528047,4.495196644528047,4.495196644528047,4.495196644528047,4.495196644528047,4.495196644528047,4.495196644528047,4.495196644528047,4.495196644528047,4.495196644528047,4.495196644528047,4.495196644528047,4.495196644528047,4.495196644528047,4.495196644528047,4.495196644528047,4.495196644528047,4.495196644528047,4.495196644528047,4.495196644528047,4.495196644528047,4.495196644528047,4.495196644528047,4.495196644528047,4.495196644528047,4.495196644528047,4.495196644528047,4.495196644528047,4.495196644528047,4.495196644528047,4.495196644528047,4.495196644528047,2.6777803574300556,2.6541159942243064,2.6541159942243064,2.6541159942243064,2.6541159942243064,2.6541159942243064,2.6541159942243064,2.6541159942243064,2.6541159942243064,2.6541159942243064,2.6541159942243064,2.6541159942243064,2.6541159942243064,2.6541159942243064,2.6541159942243064,2.6541159942243064,2.6541159942243064,2.6541159942243064,2.6541159942243064,2.6541159942243064,2.6541159942243064,2.6541159942243064,2.6541159942243064,2.6541159942243064,2.6541159942243064,2.6541159942243064,2.6541159942243064,2.6541159942243064,2.6541159942243064,2.6541159942243064,2.6541159942243064,2.6541159942243064,2.6541159942243064,2.6541159942243064,2.6541159942243064,2.6541159942243064,2.6541159942243064,2.6541159942243064,2.6541159942243064,2.6541159942243064,2.6541159942243064,2.6541159942243064,2.6541159942243064,2.6541159942243064,2.6541159942243064,2.6541159942243064,2.6541159942243064,2.6541159942243064,2.6541159942243064,2.6541159942243064,2.6541159942243064,2.6541159942243064,2.6541159942243064,2.6541159942243064,2.6541159942243064,2.6541159942243064,2.6541159942243064,2.6541159942243064,2.6541159942243064,2.6541159942243064,2.6541159942243064,2.6541159942243064,2.6541159942243064,2.6541159942243064,2.6541159942243064,2.6541159942243064,2.6541159942243064,2.6541159942243064,2.6541159942243064,2.6541159942243064,2.6541159942243064,2.6541159942243064,2.6541159942243064,2.6541159942243064,2.6541159942243064,2.6541159942243064,2.6541159942243064,2.6541159942243064,2.6541159942243064,2.6541159942243064,2.6541159942243064,2.6541159942243064,2.6541159942243064,2.6541159942243064,2.6541159942243064,2.6541159942243064,2.6541159942243064,2.6541159942243064,2.6541159942243064,2.6541159942243064,2.6541159942243064,2.6541159942243064,2.6541159942243064,2.6541159942243064,2.6541159942243064,2.6541159942243064,2.6541159942243064,2.6541159942243064,2.6541159942243064,2.6541159942243064,2.6541159942243064,2.6541159942243064,2.6541159942243064,2.6541159942243064,2.6541159942243064,2.6541159942243064,2.6541159942243064,2.6541159942243064,2.6541159942243064,2.6541159942243064,2.6541159942243064,2.6541159942243064,2.6541159942243064,2.6541159942243064,2.6541159942243064,2.6541159942243064,2.6541159942243064,2.6541159942243064,2.6541159942243064,2.6541159942243064,2.6541159942243064,2.6541159942243064,2.6541159942243064,2.6541159942243064,2.6541159942243064,2.6541159942243064,2.6541159942243064,2.6541159942243064,2.6541159942243064,2.6541159942243064,2.6541159942243064,2.6541159942243064,2.6541159942243064,2.6541159942243064,2.6541159942243064,2.6541159942243064,2.6541159942243064,2.6541159942243064,2.6541159942243064,2.6541159942243064,2.6541159942243064,2.6541159942243064,2.6541159942243064,2.6541159942243064,2.6541159942243064,2.6541159942243064,2.6541159942243064,2.6541159942243064,2.6541159942243064,2.6541159942243064,2.6541159942243064,2.6541159942243064,2.6541159942243064,2.6541159942243064,2.6541159942243064,2.6541159942243064,2.6541159942243064,2.6541159942243064,2.6541159942243064,2.6541159942243064,2.6541159942243064,2.6541159942243064,2.6541159942243064,2.6541159942243064,2.6541159942243064,2.6541159942243064,2.6541159942243064,2.6541159942243064,2.6541159942243064,2.6541159942243064,2.6541159942243064,2.6541159942243064,2.6541159942243064,2.6541159942243064,2.6541159942243064,2.6541159942243064,2.6541159942243064,2.6541159942243064,2.6541159942243064,2.6541159942243064,2.6541159942243064,2.6541159942243064,2.6541159942243064,2.6541159942243064,2.6541159942243064,2.6541159942243064,2.6541159942243064,2.6541159942243064,2.6541159942243064,2.6541159942243064,2.6541159942243064,2.6541159942243064,2.6541159942243064,2.6541159942243064,2.6541159942243064,2.6541159942243064,2.6541159942243064,2.6541159942243064,2.6541159942243064,2.6541159942243064,2.6541159942243064,2.6541159942243064,2.6541159942243064,2.6541159942243064,2.6541159942243064,2.6541159942243064,2.6541159942243064,2.6541159942243064,2.6541159942243064,2.6541159942243064,2.6541159942243064,2.6541159942243064,2.6541159942243064,2.6541159942243064,2.6541159942243064,2.6541159942243064,2.6541159942243064,2.6541159942243064,2.6541159942243064,2.6541159942243064,2.6541159942243064,2.6541159942243064,2.6541159942243064,2.6541159942243064,2.6541159942243064,2.6541159942243064,2.6541159942243064,2.6541159942243064,2.6541159942243064,2.6541159942243064,2.6541159942243064,2.6541159942243064,2.6541159942243064,2.6541159942243064,2.6541159942243064,2.6541159942243064,2.6541159942243064,2.6541159942243064,2.6541159942243064,2.6541159942243064,2.6541159942243064,2.6541159942243064,2.6541159942243064,2.6541159942243064,2.6541159942243064,2.6541159942243064,2.6541159942243064,2.6541159942243064,2.6541159942243064,2.6541159942243064,2.6541159942243064,2.6541159942243064,2.6541159942243064,2.6541159942243064,2.6541159942243064,2.6541159942243064,2.6541159942243064,2.6541159942243064,2.6541159942243064,2.6541159942243064,2.6541159942243064,2.6541159942243064,2.6541159942243064,2.6541159942243064,2.6541159942243064,2.6541159942243064,2.6541159942243064,2.6541159942243064,2.6541159942243064,2.6541159942243064,2.6541159942243064,2.6541159942243064,2.6541159942243064,2.6541159942243064,2.6541159942243064,2.6541159942243064,2.6541159942243064,2.6541159942243064,2.6541159942243064,2.6541159942243064,2.6541159942243064,2.6541159942243064,2.6541159942243064,2.6541159942243064,2.6541159942243064,2.6541159942243064,2.6541159942243064,2.6541159942243064,2.6541159942243064,2.6541159942243064,2.6541159942243064,2.6541159942243064,2.6541159942243064,2.6541159942243064,2.6541159942243064,2.6541159942243064,2.6541159942243064,2.6541159942243064,2.6541159942243064,2.6541159942243064,2.6541159942243064,2.6541159942243064,2.6541159942243064,2.6541159942243064,2.6541159942243064,2.6541159942243064,2.6541159942243064,2.6541159942243064,2.6541159942243064,2.6541159942243064,2.6541159942243064,2.6541159942243064,2.6541159942243064,2.6541159942243064,2.6541159942243064,2.6541159942243064,2.6541159942243064,2.6541159942243064,2.6541159942243064,2.6541159942243064,2.6541159942243064,2.6541159942243064,2.6541159942243064,2.6541159942243064,2.6541159942243064,2.6541159942243064,2.6541159942243064,2.6541159942243064,2.6541159942243064,2.6541159942243064,2.6541159942243064,2.6541159942243064,2.6541159942243064,2.6541159942243064,2.6541159942243064,2.6541159942243064,2.6541159942243064,2.6541159942243064,2.6541159942243064,2.6541159942243064,2.6541159942243064,2.6541159942243064,2.6541159942243064,2.6541159942243064,2.6541159942243064,2.6541159942243064,2.6541159942243064,2.6541159942243064,2.6541159942243064,2.6541159942243064,2.6541159942243064,2.6541159942243064,2.6541159942243064,2.6541159942243064,2.6541159942243064,2.6541159942243064,2.6541159942243064,2.6541159942243064,2.6541159942243064,2.6541159942243064,2.6541159942243064,2.6541159942243064,2.6541159942243064,2.6541159942243064,2.6541159942243064,2.6541159942243064,2.6541159942243064,2.6541159942243064,2.6541159942243064,2.6541159942243064,2.6541159942243064,2.6541159942243064,2.6541159942243064,2.6541159942243064,2.6541159942243064,2.6541159942243064,2.6541159942243064,2.6541159942243064,2.6541159942243064,2.6541159942243064,2.6541159942243064,2.6541159942243064,2.6541159942243064,2.6541159942243064,2.6541159942243064,2.6541159942243064,2.6541159942243064,2.6541159942243064,2.6541159942243064,2.6541159942243064,2.6541159942243064,2.6541159942243064,2.6541159942243064,2.6541159942243064,2.6541159942243064,2.6541159942243064,2.6541159942243064,2.6541159942243064,2.6541159942243064,2.6541159942243064,2.6541159942243064,2.6541159942243064,2.6541159942243064,2.6541159942243064,2.6541159942243064,2.6541159942243064,2.6541159942243064,2.6541159942243064,2.6541159942243064,2.6541159942243064,2.6541159942243064,2.6541159942243064,2.6541159942243064,2.6541159942243064,2.6541159942243064,2.6541159942243064,2.6541159942243064,2.6541159942243064,2.6541159942243064,2.6541159942243064,2.6541159942243064,2.6541159942243064,2.6541159942243064,2.6541159942243064,2.6541159942243064,2.6541159942243064,2.6541159942243064,2.6541159942243064,2.6541159942243064,2.6541159942243064,2.6541159942243064,2.6541159942243064,2.6541159942243064,2.6541159942243064,2.6541159942243064,2.6541159942243064,2.6541159942243064,2.6541159942243064,2.6541159942243064,2.6541159942243064,2.6541159942243064,2.6541159942243064,2.6541159942243064,2.6541159942243064,2.6541159942243064,2.6541159942243064,2.6541159942243064,2.6541159942243064,2.6541159942243064,2.6541159942243064,2.6541159942243064,2.6541159942243064,2.6541159942243064,2.6541159942243064,2.6541159942243064,2.6541159942243064,2.6541159942243064,2.6541159942243064,2.6541159942243064,2.6541159942243064,2.6541159942243064,2.6541159942243064,2.6541159942243064,2.6541159942243064,2.6541159942243064,2.6541159942243064,2.6541159942243064,2.6541159942243064,2.6541159942243064,2.6541159942243064,2.6541159942243064,2.6541159942243064,2.6541159942243064,2.6541159942243064,2.6541159942243064,2.6541159942243064,2.6541159942243064,2.6541159942243064,2.6541159942243064,2.6541159942243064,2.6541159942243064,2.6541159942243064,2.6541159942243064,2.6541159942243064,2.6541159942243064,2.6541159942243064,2.6541159942243064,2.6541159942243064,2.6541159942243064,2.6541159942243064,2.6541159942243064,2.6541159942243064,2.6541159942243064,2.6541159942243064,2.6541159942243064,2.6541159942243064,2.6541159942243064,2.6541159942243064,2.6541159942243064,2.6541159942243064,2.6541159942243064,2.6541159942243064,2.6541159942243064,2.6541159942243064,2.6541159942243064,2.6541159942243064,2.6541159942243064,2.6541159942243064,2.6541159942243064,2.6541159942243064,2.6541159942243064,2.6541159942243064,2.6541159942243064,2.6541159942243064,2.6541159942243064,2.6541159942243064,2.6541159942243064,2.6541159942243064,2.6541159942243064,2.6541159942243064,2.6541159942243064,2.6541159942243064,2.6541159942243064,2.6541159942243064,2.6541159942243064,2.6541159942243064,2.6541159942243064,2.6541159942243064,2.6541159942243064,2.6541159942243064,2.6541159942243064,2.6541159942243064,2.6541159942243064,2.6541159942243064,2.6541159942243064,2.6541159942243064,2.6541159942243064,2.6541159942243064,2.6541159942243064,2.6541159942243064,2.6541159942243064,2.6541159942243064,2.6541159942243064,2.6541159942243064,2.6541159942243064,2.6541159942243064,2.6541159942243064,2.6541159942243064,2.6541159942243064,2.6541159942243064,2.6541159942243064,2.6541159942243064,2.6541159942243064,2.6541159942243064,2.6541159942243064,2.6541159942243064,2.6541159942243064,2.6541159942243064,2.6541159942243064,2.6541159942243064,2.6541159942243064,2.6541159942243064,2.6541159942243064,2.6541159942243064,2.6541159942243064,2.6541159942243064,2.6541159942243064,2.6541159942243064,2.6541159942243064,2.6541159942243064,2.6541159942243064,2.6541159942243064,2.6541159942243064,2.6541159942243064,2.6541159942243064,2.6541159942243064,2.6541159942243064,2.6541159942243064,2.6541159942243064,2.6541159942243064,2.6541159942243064,2.6541159942243064,2.6541159942243064,2.6541159942243064,2.6541159942243064,2.6541159942243064,2.6541159942243064,2.6541159942243064,2.6541159942243064,2.6541159942243064,2.6541159942243064,2.6541159942243064,2.6541159942243064,2.6541159942243064,2.6541159942243064,2.6541159942243064,2.6541159942243064,2.6541159942243064,2.6541159942243064,2.6541159942243064,2.6541159942243064,2.6541159942243064,2.6541159942243064,2.6541159942243064,2.6541159942243064,2.6541159942243064,2.6541159942243064,2.6541159942243064,2.6541159942243064,2.6541159942243064,2.6541159942243064,2.6541159942243064,2.6541159942243064,2.6541159942243064,2.6541159942243064,2.6541159942243064,2.6541159942243064,2.6541159942243064,2.6541159942243064,2.6541159942243064,2.6541159942243064,2.6541159942243064,2.6541159942243064,2.6541159942243064,2.6541159942243064,2.6541159942243064,2.6541159942243064,2.6541159942243064,2.6541159942243064,2.6541159942243064,2.6541159942243064,2.6541159942243064,2.6541159942243064,2.6541159942243064,2.6541159942243064,2.6541159942243064,2.6541159942243064,2.6541159942243064,2.6541159942243064,2.6541159942243064,2.6541159942243064,2.6541159942243064,2.6541159942243064,2.6541159942243064,2.6541159942243064,2.6541159942243064,2.6541159942243064,2.6541159942243064,2.6541159942243064,2.6541159942243064,2.6541159942243064,2.6541159942243064,2.6541159942243064,2.6541159942243064,2.6541159942243064,2.6541159942243064,2.6541159942243064,2.6541159942243064,2.6541159942243064,2.6541159942243064,2.6541159942243064,2.6541159942243064,2.6541159942243064,2.6541159942243064,2.6541159942243064,2.6541159942243064,2.6541159942243064,2.6541159942243064,2.6541159942243064,2.6541159942243064,2.6541159942243064,2.6541159942243064,2.6541159942243064,2.6541159942243064,2.6541159942243064,2.6541159942243064,2.6541159942243064,2.6541159942243064,2.6541159942243064,2.6541159942243064,2.6541159942243064,2.6541159942243064,2.6541159942243064,2.6541159942243064,2.6541159942243064,2.6541159942243064,2.6541159942243064,2.6541159942243064,2.6541159942243064,2.6541159942243064,2.6541159942243064,2.6541159942243064,2.6541159942243064,2.6541159942243064,2.6541159942243064,2.6541159942243064,2.6541159942243064,2.6541159942243064,2.6541159942243064,2.6541159942243064,2.6541159942243064,2.6541159942243064,2.6541159942243064,2.6541159942243064,2.6541159942243064,2.6541159942243064,2.6541159942243064,2.6541159942243064,2.6541159942243064,2.6541159942243064,2.6541159942243064,2.6541159942243064,2.6541159942243064,2.6541159942243064,2.6541159942243064,2.6541159942243064,2.6541159942243064,2.6541159942243064,2.6541159942243064,2.6541159942243064,2.6541159942243064,2.6541159942243064,2.6541159942243064,2.6541159942243064,2.6541159942243064,2.6541159942243064,2.6541159942243064,2.6541159942243064,2.6541159942243064,2.6541159942243064,2.6541159942243064,2.6541159942243064,2.6541159942243064,2.6541159942243064,2.6541159942243064,2.6541159942243064,2.6541159942243064,2.6541159942243064,2.6541159942243064,2.6541159942243064,2.6541159942243064,2.6541159942243064,2.6541159942243064,2.6541159942243064,2.6541159942243064,2.6541159942243064,2.6541159942243064,2.6541159942243064,2.6541159942243064,2.6541159942243064,2.6541159942243064,2.6541159942243064,2.6541159942243064,2.6541159942243064,2.6541159942243064,2.6541159942243064,2.6541159942243064,2.6541159942243064,2.6541159942243064,2.6541159942243064,2.6541159942243064,2.6541159942243064,2.6541159942243064,2.6541159942243064,2.6541159942243064,2.6541159942243064,2.6541159942243064,2.6541159942243064,2.6541159942243064,2.6541159942243064,2.6541159942243064,2.6541159942243064,2.6541159942243064,2.6541159942243064,2.6541159942243064,2.6541159942243064,2.6541159942243064,2.6541159942243064,2.6541159942243064,2.6541159942243064,2.6541159942243064,2.6541159942243064,2.6541159942243064,2.6541159942243064,2.6541159942243064,2.6541159942243064,2.6541159942243064,2.6541159942243064,2.6541159942243064,2.6541159942243064,2.6541159942243064,2.6541159942243064,2.6541159942243064,2.6541159942243064,2.6541159942243064,2.6541159942243064,2.6541159942243064,2.6541159942243064,2.6541159942243064,2.6541159942243064,2.6541159942243064,2.6541159942243064,2.6541159942243064,2.6541159942243064,2.6541159942243064,2.6541159942243064,2.6541159942243064,2.6541159942243064,2.6541159942243064,2.6541159942243064,2.6541159942243064,2.6541159942243064,2.6541159942243064,2.6541159942243064,2.6541159942243064,2.6541159942243064,2.6541159942243064,2.6541159942243064,2.6541159942243064,2.6541159942243064,2.6541159942243064,2.6541159942243064,2.6541159942243064,2.6541159942243064,2.6541159942243064,2.6541159942243064,2.6541159942243064,2.6541159942243064,2.6541159942243064,2.6541159942243064,8.107105262319942,7.252121308636488,7.252121308636488,7.252121308636488,7.252121308636488,7.252121308636488,7.252121308636488,7.252121308636488,7.252121308636488,7.252121308636488,7.252121308636488,7.252121308636488,7.252121308636488,7.252121308636488,7.252121308636488,7.252121308636488,7.252121308636488,7.252121308636488,7.252121308636488,7.252121308636488,7.252121308636488,7.252121308636488,7.252121308636488,7.252121308636488,7.252121308636488,7.252121308636488,7.252121308636488,7.252121308636488,7.252121308636488,7.252121308636488,7.252121308636488,7.252121308636488,7.252121308636488,7.252121308636488,7.252121308636488,7.252121308636488,7.252121308636488,7.252121308636488,7.252121308636488,7.252121308636488,6.565855091948037,6.2140326642631925,6.2140326642631925,6.130563532863957,6.130563532863957,5.755674455685962,5.755674455685962,5.755674455685962,5.755674455685962,5.755674455685962,5.755674455685962,5.755674455685962,5.755674455685962,5.755674455685962,5.755674455685962,5.755674455685962,5.755674455685962,5.755674455685962,5.755674455685962,5.755674455685962,5.755674455685962,5.755674455685962,5.755674455685962,5.755674455685962,5.755674455685962,5.755674455685962,5.755674455685962,5.755674455685962,5.755674455685962,5.755674455685962,5.755674455685962,5.755674455685962,5.755674455685962,5.755674455685962,5.755674455685962,5.755674455685962,5.755674455685962,5.755674455685962,5.755674455685962,5.755674455685962,5.755674455685962,5.755674455685962,5.755674455685962,5.755674455685962,5.755674455685962,5.755674455685962,5.755674455685962,5.755674455685962,5.755674455685962,5.755674455685962,5.755674455685962,5.755674455685962,5.755674455685962,5.755674455685962,5.755674455685962,5.755674455685962,5.755674455685962,5.755674455685962,5.755674455685962,5.755674455685962,5.755674455685962,5.755674455685962,5.755674455685962,5.755674455685962,5.755674455685962,5.755674455685962,5.755674455685962,5.755674455685962,5.755674455685962,5.755674455685962,5.755674455685962,5.755674455685962,5.755674455685962,5.755674455685962,5.755674455685962,5.755674455685962,5.755674455685962,5.755674455685962,5.755674455685962,5.755674455685962,5.755674455685962,5.755674455685962,5.755674455685962,5.755674455685962,5.755674455685962,5.755674455685962,5.755674455685962,5.755674455685962,4.2709928469372835,4.2709928469372835,4.2709928469372835,4.2709928469372835,4.2709928469372835,4.2709928469372835,4.2709928469372835,4.2709928469372835,4.2709928469372835,4.2709928469372835,4.2709928469372835,4.2709928469372835,4.2709928469372835,4.2709928469372835,4.2709928469372835,4.2709928469372835,4.2709928469372835,4.2709928469372835,4.2709928469372835,4.2709928469372835,4.2709928469372835,4.2709928469372835,4.2709928469372835,4.2709928469372835,4.2709928469372835,4.2709928469372835,4.2709928469372835,4.2709928469372835,4.2709928469372835,4.2709928469372835,4.2709928469372835,4.2709928469372835,4.2709928469372835,4.2709928469372835,4.2709928469372835,4.2709928469372835,4.2709928469372835,4.2709928469372835,4.2709928469372835,4.2709928469372835,4.2709928469372835,4.2709928469372835,4.2709928469372835,4.2709928469372835,4.2709928469372835,4.2709928469372835,4.2709928469372835,4.2709928469372835,4.2709928469372835,4.2709928469372835,4.2709928469372835,4.2709928469372835,4.2709928469372835,4.2709928469372835,4.2709928469372835,4.2709928469372835,4.2709928469372835,4.2709928469372835,4.2709928469372835,4.2709928469372835,4.2709928469372835,4.2709928469372835,4.2709928469372835,4.2709928469372835,4.2709928469372835,4.2709928469372835,4.2709928469372835,4.2709928469372835,4.2709928469372835,4.2709928469372835,4.2709928469372835,4.2709928469372835,4.2709928469372835,4.2709928469372835,4.2709928469372835,4.2709928469372835,4.2709928469372835,4.2709928469372835,4.2709928469372835,4.2709928469372835,4.2709928469372835,4.2709928469372835,4.2709928469372835,4.2709928469372835,4.2709928469372835,4.2709928469372835,4.2709928469372835,4.2709928469372835,4.2709928469372835,4.2709928469372835,4.2709928469372835,4.2709928469372835,4.2709928469372835,4.2709928469372835,4.2709928469372835,4.2709928469372835,4.2709928469372835,4.2709928469372835,4.2709928469372835,4.2709928469372835,4.2709928469372835,4.2709928469372835,4.2709928469372835,4.2709928469372835,4.2709928469372835,4.2709928469372835,4.2709928469372835,4.2709928469372835,4.2709928469372835,4.2709928469372835,4.2709928469372835,4.2709928469372835,4.2709928469372835,4.2709928469372835,4.2709928469372835,4.2709928469372835,4.2709928469372835,4.2709928469372835,4.2709928469372835,4.2709928469372835,4.2709928469372835,4.2709928469372835,4.2709928469372835,4.2709928469372835,4.2709928469372835,4.2709928469372835,4.2709928469372835,4.2709928469372835,4.2709928469372835,4.2709928469372835,4.2709928469372835,4.2709928469372835,4.2709928469372835,4.2709928469372835,4.2709928469372835,4.2709928469372835,4.2709928469372835,4.2709928469372835,4.2709928469372835,4.2709928469372835,4.2709928469372835,4.2709928469372835,4.2709928469372835,4.2709928469372835,4.2709928469372835,4.2709928469372835,4.2709928469372835,4.2709928469372835,4.2709928469372835,4.2709928469372835,4.2709928469372835,4.2709928469372835,4.2709928469372835,4.2709928469372835,4.2709928469372835,4.2709928469372835,4.2709928469372835,4.2709928469372835,4.2709928469372835,4.2709928469372835,4.2709928469372835,4.2709928469372835,4.2709928469372835,4.2709928469372835,4.2709928469372835,4.2709928469372835,4.2709928469372835,4.2709928469372835,4.2709928469372835,4.2709928469372835,4.2709928469372835,4.2709928469372835,4.2709928469372835,4.2709928469372835,4.2709928469372835,4.2709928469372835,4.2709928469372835,4.2709928469372835,4.2709928469372835,4.2709928469372835,4.2709928469372835,4.2709928469372835,4.2709928469372835,4.2709928469372835,4.2709928469372835,4.2709928469372835,4.2709928469372835,4.2709928469372835,4.2709928469372835,4.2709928469372835,4.2709928469372835,4.2709928469372835,4.2709928469372835,4.2709928469372835,4.2709928469372835,4.2709928469372835,4.2709928469372835,4.2709928469372835,4.2709928469372835,4.2709928469372835,4.2709928469372835,4.2709928469372835,4.2709928469372835,4.2709928469372835,4.2709928469372835,4.2709928469372835,4.2709928469372835,4.2709928469372835,4.2709928469372835,4.2709928469372835,4.2709928469372835,4.2709928469372835,4.2709928469372835,4.2709928469372835,4.2709928469372835,4.2709928469372835,4.2709928469372835,4.2709928469372835,4.2709928469372835,4.2709928469372835,4.2709928469372835,4.2709928469372835,4.2709928469372835,4.2709928469372835,4.2709928469372835,4.2709928469372835,4.2709928469372835,4.2709928469372835,4.2709928469372835,4.2709928469372835,4.2709928469372835,4.2709928469372835,4.2709928469372835,4.2709928469372835,4.2709928469372835,4.2709928469372835,4.2709928469372835,4.2709928469372835,4.2709928469372835,4.2709928469372835,4.2709928469372835,4.2709928469372835,4.2709928469372835,4.2709928469372835,4.2709928469372835,4.2709928469372835,4.2709928469372835,4.2709928469372835,4.2709928469372835,4.2709928469372835,4.2709928469372835,4.2709928469372835,4.2709928469372835,4.2709928469372835,4.2709928469372835,4.2709928469372835,4.2709928469372835,4.2709928469372835,4.2709928469372835,4.2709928469372835,4.2709928469372835,4.2709928469372835,4.2709928469372835,4.2709928469372835,4.2709928469372835,4.2709928469372835,4.2709928469372835,4.2709928469372835,4.2709928469372835,4.2709928469372835,4.2709928469372835,4.2709928469372835,4.2709928469372835,4.2709928469372835,4.2709928469372835,4.2709928469372835,4.2709928469372835,4.2709928469372835,4.2709928469372835,4.2709928469372835,4.2709928469372835,4.2709928469372835,4.2709928469372835,4.2709928469372835,4.2709928469372835,4.2709928469372835,4.2709928469372835,4.2709928469372835,4.2709928469372835,4.2709928469372835,4.2709928469372835,4.2709928469372835,4.2709928469372835,4.2709928469372835,4.2709928469372835,4.2709928469372835,4.2709928469372835,4.2709928469372835,4.2709928469372835,4.2709928469372835,4.2709928469372835,4.2709928469372835,4.2709928469372835,4.2709928469372835,4.2709928469372835,4.2709928469372835,4.2709928469372835,4.2709928469372835,4.2709928469372835,4.2709928469372835,4.2709928469372835,4.2709928469372835,4.2709928469372835,4.2709928469372835,4.2709928469372835,4.2709928469372835,4.2709928469372835,4.2709928469372835,4.2709928469372835,4.2709928469372835,4.2709928469372835,4.2709928469372835,4.2709928469372835,4.2709928469372835,4.2709928469372835,4.2709928469372835,4.2709928469372835,4.2709928469372835,4.2709928469372835,4.2709928469372835,4.2709928469372835,4.2709928469372835,4.2709928469372835,4.2709928469372835,4.2709928469372835,4.2709928469372835,4.2709928469372835,4.2709928469372835,4.2709928469372835,4.2709928469372835,4.2709928469372835,4.2709928469372835,4.2709928469372835,4.2709928469372835,4.2709928469372835,4.2709928469372835,4.2709928469372835,4.2709928469372835,4.2709928469372835,4.2709928469372835,4.2709928469372835,4.2709928469372835,4.2709928469372835,4.2709928469372835,4.2709928469372835,4.2709928469372835,4.2709928469372835,4.2709928469372835,4.2709928469372835,4.2709928469372835,4.2709928469372835,4.2709928469372835,4.2709928469372835,4.2709928469372835,4.2709928469372835,4.2709928469372835,4.2709928469372835,4.2709928469372835,4.2709928469372835,4.2709928469372835,4.2709928469372835,4.2709928469372835,4.2709928469372835,4.2709928469372835,4.2709928469372835,4.2709928469372835,4.2709928469372835,4.2709928469372835,4.2709928469372835,4.2709928469372835,4.2709928469372835,4.2709928469372835,4.2709928469372835,4.2709928469372835,4.2709928469372835,4.2709928469372835,4.2709928469372835,4.2709928469372835,4.2709928469372835,4.2709928469372835,4.2709928469372835,4.2709928469372835,4.2709928469372835,4.2709928469372835,4.2709928469372835,4.2709928469372835,4.2709928469372835,4.2709928469372835,4.2709928469372835,4.2709928469372835,4.2709928469372835,4.2709928469372835,4.2709928469372835,4.2709928469372835,4.2709928469372835,4.2709928469372835,4.2709928469372835,4.2709928469372835,4.2709928469372835,4.2709928469372835,4.2709928469372835,4.2709928469372835,4.2709928469372835,4.2709928469372835,4.2709928469372835,4.2709928469372835,4.2709928469372835,4.2709928469372835,4.2709928469372835,4.2709928469372835,4.2709928469372835,4.2709928469372835,4.2709928469372835,4.2709928469372835,4.2709928469372835,4.2709928469372835,4.2709928469372835,4.2709928469372835,4.2709928469372835,4.2709928469372835,4.2709928469372835,4.2709928469372835,4.2709928469372835,4.2709928469372835,4.2709928469372835,4.2709928469372835,4.2709928469372835,4.2709928469372835,4.2709928469372835,4.2709928469372835,4.2709928469372835,4.2709928469372835,4.2709928469372835,4.2709928469372835,4.2709928469372835,4.2709928469372835,4.2709928469372835,4.2709928469372835,4.2709928469372835,4.2709928469372835,4.2709928469372835,4.2709928469372835,4.2709928469372835,4.2709928469372835,4.2709928469372835,4.2709928469372835,4.2709928469372835,4.2709928469372835,4.2709928469372835,4.2709928469372835,4.2709928469372835,4.2709928469372835,4.2709928469372835,4.2709928469372835,4.2709928469372835,4.2709928469372835,4.2709928469372835,4.2709928469372835,4.2709928469372835,4.2709928469372835,4.2709928469372835,4.2709928469372835,4.2709928469372835,4.2709928469372835,4.2709928469372835,4.2709928469372835,4.2709928469372835,4.2709928469372835,4.2709928469372835,4.2709928469372835,4.2709928469372835,4.2709928469372835,4.2709928469372835,4.2709928469372835,4.2709928469372835,4.2709928469372835,4.2709928469372835,4.2709928469372835,4.2709928469372835,4.2709928469372835,4.2709928469372835,4.2709928469372835,4.2709928469372835,4.2709928469372835,4.2709928469372835,4.2709928469372835,4.2709928469372835,4.2709928469372835,4.2709928469372835,4.2709928469372835,4.2709928469372835,4.2709928469372835,4.2709928469372835,4.2709928469372835,4.2709928469372835,4.2709928469372835,4.2709928469372835,4.2709928469372835,4.2709928469372835,4.2709928469372835,4.2709928469372835,4.2709928469372835,4.2709928469372835,4.2709928469372835,4.2709928469372835,4.2709928469372835,4.2709928469372835,4.2709928469372835,4.2709928469372835,4.2709928469372835,4.2709928469372835,4.2709928469372835,4.2709928469372835,4.2709928469372835,4.2709928469372835,4.2709928469372835,4.2709928469372835,4.2709928469372835,4.2709928469372835,4.2709928469372835,4.2709928469372835,4.2709928469372835,4.2709928469372835,4.2709928469372835,4.2709928469372835,4.2709928469372835,4.2709928469372835,4.2709928469372835,4.2709928469372835,4.2709928469372835,4.2709928469372835,4.2709928469372835,4.2709928469372835,4.2709928469372835,4.2709928469372835,4.2709928469372835,4.2709928469372835,4.2709928469372835,4.2709928469372835,4.2709928469372835,4.2709928469372835,4.2709928469372835,4.2709928469372835,4.2709928469372835,4.2709928469372835,4.2709928469372835,4.2709928469372835,4.2709928469372835,4.2709928469372835,4.2709928469372835,4.2709928469372835,4.2709928469372835,4.2709928469372835,4.2709928469372835,4.2709928469372835,4.2709928469372835,4.2709928469372835,4.2709928469372835,4.2709928469372835,4.2709928469372835,4.2709928469372835,4.2709928469372835,4.2709928469372835,4.2709928469372835,4.2709928469372835,4.2709928469372835,4.2709928469372835,4.2709928469372835,4.2709928469372835,4.2709928469372835,4.2709928469372835,4.2709928469372835,4.2709928469372835,4.2709928469372835,4.2709928469372835,4.2709928469372835,4.2709928469372835,4.2709928469372835,4.2709928469372835,4.2709928469372835,4.2709928469372835,4.2709928469372835,4.2709928469372835,4.2709928469372835,4.2709928469372835,4.2709928469372835,4.2709928469372835,4.2709928469372835,4.2709928469372835,4.2709928469372835,4.2709928469372835,4.2709928469372835,4.2709928469372835,4.2709928469372835,4.2709928469372835,4.2709928469372835,4.2709928469372835,4.2709928469372835,4.2709928469372835,4.2709928469372835,4.2709928469372835,4.2709928469372835,4.2709928469372835,4.2709928469372835,4.2709928469372835,4.2709928469372835,4.2709928469372835,4.2709928469372835,4.2709928469372835,4.2709928469372835,4.2709928469372835,4.2709928469372835,4.2709928469372835,4.2709928469372835,4.2709928469372835,4.2709928469372835,4.2709928469372835,4.2709928469372835,4.2709928469372835,4.2709928469372835,4.2709928469372835,4.2709928469372835,4.2709928469372835,4.2709928469372835,4.2709928469372835,4.2709928469372835,4.2709928469372835,4.2709928469372835,4.2709928469372835,4.2709928469372835,4.2709928469372835,4.2709928469372835,4.2709928469372835,4.2709928469372835,4.2709928469372835,4.2709928469372835,4.2709928469372835,4.2709928469372835,4.2709928469372835,4.2709928469372835,4.2709928469372835,4.2709928469372835,4.2709928469372835,4.2709928469372835,4.2709928469372835,4.2709928469372835,4.2709928469372835,4.2709928469372835,4.2709928469372835,4.2709928469372835,4.2709928469372835,4.2709928469372835,4.2709928469372835,4.2709928469372835,4.2709928469372835,4.2709928469372835,4.2709928469372835,4.2709928469372835,4.2709928469372835,4.2709928469372835,4.2709928469372835,4.2709928469372835,4.2709928469372835,4.2709928469372835,4.2709928469372835,4.2709928469372835,4.2709928469372835,4.2709928469372835,4.2709928469372835,4.2709928469372835,4.2709928469372835,4.2709928469372835,4.2709928469372835,4.2709928469372835,4.2709928469372835,4.2709928469372835,4.2709928469372835,4.2709928469372835,4.2709928469372835,4.2709928469372835,4.2709928469372835,4.2709928469372835,4.2709928469372835,4.2709928469372835,4.2709928469372835,4.2709928469372835,4.2709928469372835,4.2709928469372835,4.2709928469372835,4.2709928469372835,4.2709928469372835,4.2709928469372835,4.2709928469372835,4.2709928469372835,4.2709928469372835,4.2709928469372835,4.2709928469372835,4.2709928469372835,4.2709928469372835,4.2709928469372835,4.2709928469372835,4.2709928469372835,4.2709928469372835,4.2709928469372835,4.2709928469372835,4.2709928469372835,4.2709928469372835,4.2709928469372835,4.2709928469372835,4.2709928469372835,4.2709928469372835,4.2709928469372835,4.2709928469372835,4.2709928469372835,4.2709928469372835,4.2709928469372835,4.2709928469372835,4.2709928469372835,4.2709928469372835,4.2709928469372835,4.2709928469372835,4.2709928469372835,4.2709928469372835,4.2709928469372835,4.2709928469372835,4.2709928469372835,4.2709928469372835,4.2709928469372835,4.2709928469372835,4.2709928469372835,4.2709928469372835,4.2709928469372835,4.2709928469372835,4.2709928469372835,4.2709928469372835,4.2709928469372835,4.2709928469372835,4.2709928469372835,4.2709928469372835,4.2709928469372835,4.2709928469372835,4.2709928469372835,4.2709928469372835,4.2709928469372835,4.2709928469372835,4.2709928469372835,4.2709928469372835,4.2709928469372835,4.2709928469372835,4.2709928469372835,4.2709928469372835,4.2709928469372835,4.2709928469372835,4.2709928469372835,4.2709928469372835,4.2709928469372835,4.2709928469372835,4.2709928469372835,4.2709928469372835,4.2709928469372835,4.2709928469372835,4.2709928469372835,4.2709928469372835,4.2709928469372835,4.2709928469372835,4.2709928469372835,4.2709928469372835,4.2709928469372835,4.2709928469372835,4.2709928469372835,4.2709928469372835,4.2709928469372835,4.2709928469372835,4.2709928469372835,4.2709928469372835,4.2709928469372835,4.2709928469372835,4.2709928469372835,4.2709928469372835,4.2709928469372835,4.2709928469372835,4.2709928469372835,4.2709928469372835,4.2709928469372835,4.2709928469372835,4.2709928469372835,4.2709928469372835,4.2709928469372835,4.2709928469372835,4.2709928469372835,4.2709928469372835,4.2709928469372835,4.2709928469372835,4.2709928469372835,4.2709928469372835,4.2709928469372835,4.2709928469372835,4.2709928469372835,4.2709928469372835,4.2709928469372835,4.2709928469372835,4.2709928469372835,4.2709928469372835,4.2709928469372835,4.2709928469372835,4.2709928469372835,4.2709928469372835,4.2709928469372835,4.2709928469372835,4.2709928469372835,4.2709928469372835,4.2709928469372835,4.2709928469372835,4.2709928469372835,4.2709928469372835,4.2709928469372835,4.2709928469372835,4.2709928469372835,4.2709928469372835,4.2709928469372835,4.2709928469372835,4.2709928469372835,4.2709928469372835,4.2709928469372835,4.2709928469372835,4.2709928469372835,4.2709928469372835,4.2709928469372835,4.2709928469372835,4.2709928469372835,4.2709928469372835,4.2709928469372835,4.2709928469372835,4.2709928469372835,4.2709928469372835,4.2709928469372835,4.2709928469372835,4.2709928469372835,4.2709928469372835,4.2709928469372835,4.2709928469372835,4.2709928469372835,4.2709928469372835,4.2709928469372835,4.2709928469372835,4.2709928469372835,4.2709928469372835,4.2709928469372835,4.2709928469372835,4.2709928469372835,4.2709928469372835,4.2709928469372835,4.2709928469372835,4.2709928469372835,4.2709928469372835,4.2709928469372835,4.2709928469372835,4.2709928469372835,4.2709928469372835,4.2709928469372835,4.2709928469372835,4.2709928469372835,5.826334424091236,5.826334424091236,5.826334424091236,5.826334424091236,5.4309349061829435,5.229097502875819,5.229097502875819,5.229097502875819,5.229097502875819,5.229097502875819,5.229097502875819,5.229097502875819,5.229097502875819,5.229097502875819,5.229097502875819,5.229097502875819,5.229097502875819,5.229097502875819,5.229097502875819,5.229097502875819,5.229097502875819,5.229097502875819,5.229097502875819,5.229097502875819,5.229097502875819,5.229097502875819,5.229097502875819,5.229097502875819,5.229097502875819,5.229097502875819,5.229097502875819,5.229097502875819,5.229097502875819,5.229097502875819,5.229097502875819,5.229097502875819,5.229097502875819,5.229097502875819,5.229097502875819,5.229097502875819,5.229097502875819,5.229097502875819,5.229097502875819,5.229097502875819,5.229097502875819,5.229097502875819,5.229097502875819,5.229097502875819,5.229097502875819,5.229097502875819,5.229097502875819,5.229097502875819,5.229097502875819,5.229097502875819,5.229097502875819,5.229097502875819,5.229097502875819,5.229097502875819,5.229097502875819,5.229097502875819,5.229097502875819,5.229097502875819,5.229097502875819,5.229097502875819,5.229097502875819,5.229097502875819,5.229097502875819,5.229097502875819,5.229097502875819,5.229097502875819,5.229097502875819,5.229097502875819,5.229097502875819,5.229097502875819,5.229097502875819,5.229097502875819,5.229097502875819,5.229097502875819,5.229097502875819,5.229097502875819,5.229097502875819,5.229097502875819,5.229097502875819,5.229097502875819,5.229097502875819,5.229097502875819,5.229097502875819,5.229097502875819,5.229097502875819,5.229097502875819,5.229097502875819,5.229097502875819,5.20772569049809,5.20772569049809,5.07528391963935,3.77703748779401,3.77703748779401,3.77703748779401,3.699121532762685,3.699121532762685,3.699121532762685,3.699121532762685,3.699121532762685,3.699121532762685,3.699121532762685,3.699121532762685,3.699121532762685,3.699121532762685,3.699121532762685,3.699121532762685,3.699121532762685,3.699121532762685,3.699121532762685,3.699121532762685,3.699121532762685,3.699121532762685,3.699121532762685,3.699121532762685,3.699121532762685,3.699121532762685,3.699121532762685,3.699121532762685,3.699121532762685,3.699121532762685,3.699121532762685,3.699121532762685,3.699121532762685,3.699121532762685,3.699121532762685,3.699121532762685,3.699121532762685,3.699121532762685,3.699121532762685,3.699121532762685,3.699121532762685,3.699121532762685,3.699121532762685,3.699121532762685,3.699121532762685,3.699121532762685,3.699121532762685,3.699121532762685,3.699121532762685,3.699121532762685,3.699121532762685,3.699121532762685,3.699121532762685,3.699121532762685,3.699121532762685,3.699121532762685,3.699121532762685,3.699121532762685,3.699121532762685,3.699121532762685,3.699121532762685,3.699121532762685,3.699121532762685,3.699121532762685,3.699121532762685,3.699121532762685,3.699121532762685,3.699121532762685,3.699121532762685,3.699121532762685,3.699121532762685,3.699121532762685,3.699121532762685,3.699121532762685,3.699121532762685,3.699121532762685,3.699121532762685,3.699121532762685,3.699121532762685,3.699121532762685,3.699121532762685,3.699121532762685,3.699121532762685,3.699121532762685,3.699121532762685,3.699121532762685,3.699121532762685,3.699121532762685,3.699121532762685,3.699121532762685,3.699121532762685,3.699121532762685,3.699121532762685,3.699121532762685,3.699121532762685,3.699121532762685,3.699121532762685,3.699121532762685,3.699121532762685,3.699121532762685,3.699121532762685,3.699121532762685,3.699121532762685,3.699121532762685,3.699121532762685,3.699121532762685,3.699121532762685,3.699121532762685,3.699121532762685,3.699121532762685,3.699121532762685,3.699121532762685,3.699121532762685,3.699121532762685,3.699121532762685,3.699121532762685,3.699121532762685,3.699121532762685,3.699121532762685,3.699121532762685,3.699121532762685,3.699121532762685,3.699121532762685,3.699121532762685,3.699121532762685,3.699121532762685,3.699121532762685,3.699121532762685,3.699121532762685,3.699121532762685,3.699121532762685,3.699121532762685,3.699121532762685,3.699121532762685,3.699121532762685,3.699121532762685,3.699121532762685,3.699121532762685,3.699121532762685,3.699121532762685,3.699121532762685,3.699121532762685,3.699121532762685,3.699121532762685,3.699121532762685,3.699121532762685,3.699121532762685,3.699121532762685,3.699121532762685,3.699121532762685,3.699121532762685,3.699121532762685,3.699121532762685,3.699121532762685,3.699121532762685,3.699121532762685,3.699121532762685,3.699121532762685,3.699121532762685,3.699121532762685,3.699121532762685,3.699121532762685,3.699121532762685,3.699121532762685,3.699121532762685,3.699121532762685,3.699121532762685,3.699121532762685,3.699121532762685,3.699121532762685,3.699121532762685,3.699121532762685,3.699121532762685,3.699121532762685,3.699121532762685,3.699121532762685,3.699121532762685,3.699121532762685,3.699121532762685,3.699121532762685,3.699121532762685,3.699121532762685,3.699121532762685,3.699121532762685,3.699121532762685,3.699121532762685,3.699121532762685,3.699121532762685,3.699121532762685,3.699121532762685,3.699121532762685,3.699121532762685,3.699121532762685,3.699121532762685,3.699121532762685,3.699121532762685,3.699121532762685,3.699121532762685,3.699121532762685,3.699121532762685,3.699121532762685,3.699121532762685,3.699121532762685,3.699121532762685,3.699121532762685,3.699121532762685,3.699121532762685,3.699121532762685,3.699121532762685,3.699121532762685,3.699121532762685,3.699121532762685,3.699121532762685,3.699121532762685,3.699121532762685,3.699121532762685,3.699121532762685,3.699121532762685,3.699121532762685,3.699121532762685,3.699121532762685,3.699121532762685,3.699121532762685,3.699121532762685,3.699121532762685,3.699121532762685,3.699121532762685,3.699121532762685,3.699121532762685,3.699121532762685,3.699121532762685,3.699121532762685,3.699121532762685,3.699121532762685,3.699121532762685,3.699121532762685,3.699121532762685,3.699121532762685,3.699121532762685,3.699121532762685,3.699121532762685,3.699121532762685,3.699121532762685,3.699121532762685,3.699121532762685,3.699121532762685,3.699121532762685,3.699121532762685,3.699121532762685,3.699121532762685,3.699121532762685,3.699121532762685,3.699121532762685,3.699121532762685,3.699121532762685,3.699121532762685,3.699121532762685,3.699121532762685,3.699121532762685,3.699121532762685,3.699121532762685,3.699121532762685,3.699121532762685,3.699121532762685,3.699121532762685,3.699121532762685,3.699121532762685,3.699121532762685,3.699121532762685,3.699121532762685,3.699121532762685,3.699121532762685,3.699121532762685,3.699121532762685,3.699121532762685,3.699121532762685,3.699121532762685,3.699121532762685,3.699121532762685,3.699121532762685,3.699121532762685,3.699121532762685,3.699121532762685,3.699121532762685,3.699121532762685,3.699121532762685,3.699121532762685,3.699121532762685,3.699121532762685,3.699121532762685,3.699121532762685,3.699121532762685,3.699121532762685,3.699121532762685,3.699121532762685,3.699121532762685,3.699121532762685,3.699121532762685,3.699121532762685,3.699121532762685,3.699121532762685,3.699121532762685,3.699121532762685,3.699121532762685,3.699121532762685,3.699121532762685,3.699121532762685,3.699121532762685,3.699121532762685,3.699121532762685,3.699121532762685,3.699121532762685,3.699121532762685,3.699121532762685,3.699121532762685,3.699121532762685,3.699121532762685,3.699121532762685,3.699121532762685,3.699121532762685,3.699121532762685,3.699121532762685,3.699121532762685,3.699121532762685,3.699121532762685,3.699121532762685,3.699121532762685,3.699121532762685,3.699121532762685,3.699121532762685,3.699121532762685,3.699121532762685,3.699121532762685,3.699121532762685,3.699121532762685,3.699121532762685,3.699121532762685,3.699121532762685,3.699121532762685,3.699121532762685,3.699121532762685,3.699121532762685,3.699121532762685,3.699121532762685,3.699121532762685,3.699121532762685,3.699121532762685,3.699121532762685,3.699121532762685,3.699121532762685,3.699121532762685,3.699121532762685,3.699121532762685,3.699121532762685,3.699121532762685,3.699121532762685,3.699121532762685,3.699121532762685,3.699121532762685,3.699121532762685,3.699121532762685,3.699121532762685,3.699121532762685,3.699121532762685,3.699121532762685,3.699121532762685,3.699121532762685,3.699121532762685,3.699121532762685,3.699121532762685,3.699121532762685,3.699121532762685,3.699121532762685,3.699121532762685,3.699121532762685,3.699121532762685,3.699121532762685,3.699121532762685,3.699121532762685,3.699121532762685,3.699121532762685,3.699121532762685,3.699121532762685,3.699121532762685,3.699121532762685,3.699121532762685,3.699121532762685,3.699121532762685,3.699121532762685,3.699121532762685,3.699121532762685,3.699121532762685,3.699121532762685,3.699121532762685,3.699121532762685,3.699121532762685,3.699121532762685,3.699121532762685,3.699121532762685,3.699121532762685,3.699121532762685,3.699121532762685,3.699121532762685,3.699121532762685,3.699121532762685,3.699121532762685,3.699121532762685,3.699121532762685,3.699121532762685,3.699121532762685,3.699121532762685,3.699121532762685,3.699121532762685,3.699121532762685,3.699121532762685,3.699121532762685,3.699121532762685,3.699121532762685,3.699121532762685,3.699121532762685,3.699121532762685,3.699121532762685,3.699121532762685,3.699121532762685,3.699121532762685,3.699121532762685,3.699121532762685,3.699121532762685,3.699121532762685,3.699121532762685,3.699121532762685,3.699121532762685,3.699121532762685,3.699121532762685,3.699121532762685,3.699121532762685,3.699121532762685,3.699121532762685,3.699121532762685,3.699121532762685,3.699121532762685,3.699121532762685,3.699121532762685,3.699121532762685,3.699121532762685,3.699121532762685,3.699121532762685,3.699121532762685,3.699121532762685,3.699121532762685,3.699121532762685,3.699121532762685,3.699121532762685,3.699121532762685,3.699121532762685,3.699121532762685,3.699121532762685,3.699121532762685,3.699121532762685,3.699121532762685,3.699121532762685,3.699121532762685,3.699121532762685,3.699121532762685,3.699121532762685,3.699121532762685,3.699121532762685,3.699121532762685,3.699121532762685,3.699121532762685,3.699121532762685,3.699121532762685,3.699121532762685,3.699121532762685,3.699121532762685,3.699121532762685,3.699121532762685,3.699121532762685,3.699121532762685,3.699121532762685,3.699121532762685,3.699121532762685,3.699121532762685,3.699121532762685,3.699121532762685,3.699121532762685,3.699121532762685,3.699121532762685,3.699121532762685,3.699121532762685,3.699121532762685,3.699121532762685,3.699121532762685,3.699121532762685,3.699121532762685,3.699121532762685,3.699121532762685,3.699121532762685,3.699121532762685,3.699121532762685,3.699121532762685,3.699121532762685,3.699121532762685,3.699121532762685,3.699121532762685,3.699121532762685,3.699121532762685,3.699121532762685,3.699121532762685,3.699121532762685,3.699121532762685,3.699121532762685,3.699121532762685,3.699121532762685,3.699121532762685,3.699121532762685,3.699121532762685,3.699121532762685,3.699121532762685,3.699121532762685,3.699121532762685,3.699121532762685,3.699121532762685,3.699121532762685,3.699121532762685,3.699121532762685,3.699121532762685,3.699121532762685,3.699121532762685,3.699121532762685,3.699121532762685,3.699121532762685,3.699121532762685,3.699121532762685,3.699121532762685,3.699121532762685,3.699121532762685,3.699121532762685,3.699121532762685,3.699121532762685,3.699121532762685,3.699121532762685,3.699121532762685,3.699121532762685,3.699121532762685,3.699121532762685,3.699121532762685,3.699121532762685,3.699121532762685,3.699121532762685,3.699121532762685,3.699121532762685,3.699121532762685,3.699121532762685,3.699121532762685,3.699121532762685,3.699121532762685,3.699121532762685,3.699121532762685,3.699121532762685,3.699121532762685,3.699121532762685,3.699121532762685,3.699121532762685,3.699121532762685,3.699121532762685,3.699121532762685,3.699121532762685,3.699121532762685,3.699121532762685,3.699121532762685,3.699121532762685,3.699121532762685,3.699121532762685,3.699121532762685,3.699121532762685,3.699121532762685,3.699121532762685,3.699121532762685,3.699121532762685,3.699121532762685,3.699121532762685,3.699121532762685,3.699121532762685,3.699121532762685,3.699121532762685,3.699121532762685,3.699121532762685,3.699121532762685,3.699121532762685,3.699121532762685,3.699121532762685,3.699121532762685,3.699121532762685,3.699121532762685,3.699121532762685,3.699121532762685,3.699121532762685,3.699121532762685,3.699121532762685,3.699121532762685,3.699121532762685,3.699121532762685,3.699121532762685,3.699121532762685,3.699121532762685,3.699121532762685,3.699121532762685,3.699121532762685,3.699121532762685,3.699121532762685,3.699121532762685,3.699121532762685,3.699121532762685,3.699121532762685,3.699121532762685,3.699121532762685,3.699121532762685,3.699121532762685,3.699121532762685,3.699121532762685,3.699121532762685,3.699121532762685,3.699121532762685,3.699121532762685,3.699121532762685,3.699121532762685,3.699121532762685,3.699121532762685,3.699121532762685,3.699121532762685,3.699121532762685,3.699121532762685,3.699121532762685,3.699121532762685,3.699121532762685,3.699121532762685,3.699121532762685,3.699121532762685,3.699121532762685,3.699121532762685,3.699121532762685,3.699121532762685,3.699121532762685,3.699121532762685,3.699121532762685,3.699121532762685,3.699121532762685,3.699121532762685,3.699121532762685,3.699121532762685,3.699121532762685,3.699121532762685,3.699121532762685,3.699121532762685,3.699121532762685,3.699121532762685,3.699121532762685,3.699121532762685,3.699121532762685,3.699121532762685,3.699121532762685,3.699121532762685,3.699121532762685,3.699121532762685,3.699121532762685,3.699121532762685,3.699121532762685,3.699121532762685,3.699121532762685,3.699121532762685,3.699121532762685,3.699121532762685,3.699121532762685,3.699121532762685,3.699121532762685,3.699121532762685,3.699121532762685,3.699121532762685,3.699121532762685,3.699121532762685,3.699121532762685,3.699121532762685,3.699121532762685,3.699121532762685,3.699121532762685,3.699121532762685,3.699121532762685,3.699121532762685,3.699121532762685,3.699121532762685,3.699121532762685,3.699121532762685,3.699121532762685,3.699121532762685,3.699121532762685,3.699121532762685,3.699121532762685,3.699121532762685,3.699121532762685,3.699121532762685,3.699121532762685,3.699121532762685,3.699121532762685,3.699121532762685,3.699121532762685,3.699121532762685,3.699121532762685,3.699121532762685,3.699121532762685,3.699121532762685,3.699121532762685,3.699121532762685,3.699121532762685,3.699121532762685,3.699121532762685,3.699121532762685,3.699121532762685,3.699121532762685,3.699121532762685,3.699121532762685,3.699121532762685,3.699121532762685,3.699121532762685,3.699121532762685,3.699121532762685,3.699121532762685,3.699121532762685,3.699121532762685,3.699121532762685,3.699121532762685,3.699121532762685,3.699121532762685,3.699121532762685,3.699121532762685,3.699121532762685,3.699121532762685,3.699121532762685,3.699121532762685,3.699121532762685,3.699121532762685,3.699121532762685,3.699121532762685,3.699121532762685,3.699121532762685,3.699121532762685,3.699121532762685,3.699121532762685,3.699121532762685,3.699121532762685,3.699121532762685,3.699121532762685,3.699121532762685,3.699121532762685,3.699121532762685,3.699121532762685,3.699121532762685,3.699121532762685,3.699121532762685,3.699121532762685,3.699121532762685,3.699121532762685,3.699121532762685,3.699121532762685,3.699121532762685,3.699121532762685,3.699121532762685,3.699121532762685,3.699121532762685,3.699121532762685,3.699121532762685,3.699121532762685,3.699121532762685,3.699121532762685,3.699121532762685,3.699121532762685,3.699121532762685,3.699121532762685,3.699121532762685,3.699121532762685,3.699121532762685,3.699121532762685,3.699121532762685,3.699121532762685,3.699121532762685,3.699121532762685,3.699121532762685,3.699121532762685,3.699121532762685,3.699121532762685,3.699121532762685,3.699121532762685,3.699121532762685,3.699121532762685,3.699121532762685,3.699121532762685,3.699121532762685,3.699121532762685,3.699121532762685,3.699121532762685,3.699121532762685,3.699121532762685,3.699121532762685,3.699121532762685,3.699121532762685,3.699121532762685,3.699121532762685,3.699121532762685,3.699121532762685,3.699121532762685,3.699121532762685,3.699121532762685,3.699121532762685,3.699121532762685,3.699121532762685,3.699121532762685,3.699121532762685,3.699121532762685,3.699121532762685,3.699121532762685,3.699121532762685,3.699121532762685,3.699121532762685,3.699121532762685,3.699121532762685,3.699121532762685,3.699121532762685,3.699121532762685,3.699121532762685,3.699121532762685,3.699121532762685,3.699121532762685,3.699121532762685,3.699121532762685,3.699121532762685,3.699121532762685,3.699121532762685,3.699121532762685,3.699121532762685,3.699121532762685,3.699121532762685,3.699121532762685,3.699121532762685,3.699121532762685,3.699121532762685,3.699121532762685,3.699121532762685,3.699121532762685,3.699121532762685,3.699121532762685,3.699121532762685,3.699121532762685,3.699121532762685,3.699121532762685,3.699121532762685,3.699121532762685,3.699121532762685,3.699121532762685,3.699121532762685,3.699121532762685,3.699121532762685,3.699121532762685,3.699121532762685,3.699121532762685,3.699121532762685,3.699121532762685,3.699121532762685,3.699121532762685,3.699121532762685,3.699121532762685,3.699121532762685,3.699121532762685,3.699121532762685,3.699121532762685,3.699121532762685,3.699121532762685,3.699121532762685,3.699121532762685,3.699121532762685,3.699121532762685,3.699121532762685,3.699121532762685,3.699121532762685,3.699121532762685,3.699121532762685,3.699121532762685,3.699121532762685,3.699121532762685,3.699121532762685,3.699121532762685,3.699121532762685,3.699121532762685,3.699121532762685,3.699121532762685,3.699121532762685,3.699121532762685,3.699121532762685,3.699121532762685,3.699121532762685,3.699121532762685,3.699121532762685,3.699121532762685,3.699121532762685,3.699121532762685,3.699121532762685,3.699121532762685,9.490424559614745,8.786027381033264,8.786027381033264,8.786027381033264,8.786027381033264,8.786027381033264,8.786027381033264,8.786027381033264,8.786027381033264,8.786027381033264,8.786027381033264,8.786027381033264,8.355090888027384,8.355090888027384,8.355090888027384,8.355090888027384,8.355090888027384,8.355090888027384,8.355090888027384,8.355090888027384,8.355090888027384,8.355090888027384,8.355090888027384,8.355090888027384,8.355090888027384,8.355090888027384,8.355090888027384,8.355090888027384,8.355090888027384,8.355090888027384,8.355090888027384,8.355090888027384,8.355090888027384,8.355090888027384,8.355090888027384,8.355090888027384,8.355090888027384,8.355090888027384,8.355090888027384,8.355090888027384,8.355090888027384,8.355090888027384,8.355090888027384,8.355090888027384,8.355090888027384,8.355090888027384,8.355090888027384,8.355090888027384,8.355090888027384,8.355090888027384,8.355090888027384,8.355090888027384,8.355090888027384,8.355090888027384,8.355090888027384,8.355090888027384,8.355090888027384,8.355090888027384,6.863145197287893,6.443438611413589,6.319888482450122,6.319888482450122,6.319888482450122,6.213449112942513,6.213449112942513,6.213449112942513,6.213449112942513,6.213449112942513,6.213449112942513,6.208826141148389,6.18648336953554,6.18648336953554,6.18648336953554,6.18648336953554,6.18648336953554,6.18648336953554,6.18648336953554,6.18648336953554,6.18648336953554,6.18648336953554,6.18648336953554,6.18648336953554,6.18648336953554,6.18648336953554,6.18648336953554,6.18648336953554,6.18648336953554,6.18648336953554,6.18648336953554,6.18648336953554,6.18648336953554,6.18648336953554,6.18648336953554,6.18648336953554,6.18648336953554,6.18648336953554,6.18648336953554,6.18648336953554,6.18648336953554,6.18648336953554,6.18648336953554,6.18648336953554,6.18648336953554,6.18648336953554,6.18648336953554,6.178481483216943,5.956467670871286,5.956467670871286,5.956467670871286,5.956467670871286,5.956467670871286,5.956467670871286,5.956467670871286,5.956467670871286,5.956467670871286,5.956467670871286,5.956467670871286,5.956467670871286,5.956467670871286,5.956467670871286,5.956467670871286,5.956467670871286,5.956467670871286,5.956467670871286,5.956467670871286,5.956467670871286,5.956467670871286,5.956467670871286,5.956467670871286,5.956467670871286,5.956467670871286,5.956467670871286,5.956467670871286,5.956467670871286,5.956467670871286,5.956467670871286,5.956467670871286,5.956467670871286,5.956467670871286,5.956467670871286,5.956467670871286,5.956467670871286,5.956467670871286,5.956467670871286,5.956467670871286,5.956467670871286,5.956467670871286,5.956467670871286,5.956467670871286,5.956467670871286,5.956467670871286,5.956467670871286,5.956467670871286,5.956467670871286,5.956467670871286,5.956467670871286,5.956467670871286,5.956467670871286,5.956467670871286,5.956467670871286,5.956467670871286,5.956467670871286,5.956467670871286,5.956467670871286,5.956467670871286,5.956467670871286,5.956467670871286,5.956467670871286,5.956467670871286,5.956467670871286,5.956467670871286,5.956467670871286,5.956467670871286,5.956467670871286,5.956467670871286,5.956467670871286,5.956467670871286,5.956467670871286,5.956467670871286,5.956467670871286,5.956467670871286,5.956467670871286,5.956467670871286,5.956467670871286,5.956467670871286,5.956467670871286,5.956467670871286,5.956467670871286,5.956467670871286,5.956467670871286,5.956467670871286,5.956467670871286,5.956467670871286,5.956467670871286,5.956467670871286,5.956467670871286,5.956467670871286,5.956467670871286,5.956467670871286,5.956467670871286,5.956467670871286,5.956467670871286,5.956467670871286,5.956467670871286,5.956467670871286,5.956467670871286,5.956467670871286,5.956467670871286,5.956467670871286,5.956467670871286,5.956467670871286,5.956467670871286,5.956467670871286,5.956467670871286,5.93604979778193,5.93604979778193,5.93604979778193,5.93604979778193,5.93604979778193,5.93604979778193,5.93604979778193,5.93604979778193,5.93604979778193,5.93604979778193,5.93604979778193,5.93604979778193,5.93604979778193,5.93604979778193,5.93604979778193,5.93604979778193,5.93604979778193,5.93604979778193,5.93604979778193,5.93604979778193,5.93604979778193,5.93604979778193,5.93604979778193,5.93604979778193,5.93604979778193,5.93604979778193,5.93604979778193,5.93604979778193,5.93604979778193,5.93604979778193,5.93604979778193,5.93604979778193,5.93604979778193,5.93604979778193,5.93604979778193,5.93604979778193,5.93604979778193,5.93604979778193,5.93604979778193,5.93604979778193,5.93604979778193,5.93604979778193,5.93604979778193,5.93604979778193,5.93604979778193,5.93604979778193,5.93604979778193,5.93604979778193,5.93604979778193,5.93604979778193,5.93604979778193,5.93604979778193,5.93604979778193,5.93604979778193,5.93604979778193,5.93604979778193,5.93604979778193,5.93604979778193,5.93604979778193,5.93604979778193,5.93604979778193,5.93604979778193,5.93604979778193,5.93604979778193,5.93604979778193,5.93604979778193,5.93604979778193,5.93604979778193,5.93604979778193,5.93604979778193,5.93604979778193,5.93604979778193,5.93604979778193,5.93604979778193,5.93604979778193,5.93604979778193,5.93604979778193,5.93604979778193,5.93604979778193,5.93604979778193,5.93604979778193,5.93604979778193,5.93604979778193,5.93604979778193,5.93604979778193,5.93604979778193,5.93604979778193,5.93604979778193,5.93604979778193,5.93604979778193,5.93604979778193,5.93604979778193,5.93604979778193,5.93604979778193,5.93604979778193,5.93604979778193,5.93604979778193,5.93604979778193,5.93604979778193,5.93604979778193,5.93604979778193,5.93604979778193,5.93604979778193,5.93604979778193,5.93604979778193,5.93604979778193,5.93604979778193,5.93604979778193,5.93604979778193,5.93604979778193,5.93604979778193,5.93604979778193,5.93604979778193,5.93604979778193,5.93604979778193,5.93604979778193,5.93604979778193,5.93604979778193,5.93604979778193,5.93604979778193,5.93604979778193,5.93604979778193,5.93604979778193,5.93604979778193,5.93604979778193,5.93604979778193,5.93604979778193,5.93604979778193,5.93604979778193,5.93604979778193,5.93604979778193,5.93604979778193,5.93604979778193,5.93604979778193,5.93604979778193,5.93604979778193,2.404407237244661,2.404407237244661,2.404407237244661,2.404407237244661,2.404407237244661,2.404407237244661,2.404407237244661,2.404407237244661,2.404407237244661,2.404407237244661,2.404407237244661,2.404407237244661,2.404407237244661,2.404407237244661,2.404407237244661,2.404407237244661,2.404407237244661,2.404407237244661,2.404407237244661,2.404407237244661,2.404407237244661,2.404407237244661,2.404407237244661,2.404407237244661,2.404407237244661,2.404407237244661,2.404407237244661,2.404407237244661,2.404407237244661,2.404407237244661,2.404407237244661,2.404407237244661,2.404407237244661,2.404407237244661,2.404407237244661,2.404407237244661,2.404407237244661,2.404407237244661,2.404407237244661,2.404407237244661,2.404407237244661,2.404407237244661,2.404407237244661,2.404407237244661,2.404407237244661,2.404407237244661,2.404407237244661,2.404407237244661,2.404407237244661,2.404407237244661,2.404407237244661,2.404407237244661,2.404407237244661,2.404407237244661,2.404407237244661,2.404407237244661,2.404407237244661,2.404407237244661,2.404407237244661,2.404407237244661,2.404407237244661,2.404407237244661,2.404407237244661,2.404407237244661,2.404407237244661,2.404407237244661,2.404407237244661,2.404407237244661,2.404407237244661,2.404407237244661,2.404407237244661,2.404407237244661,2.404407237244661,2.404407237244661,2.404407237244661,2.404407237244661,2.404407237244661,2.404407237244661,2.404407237244661,2.404407237244661,2.404407237244661,2.404407237244661,2.404407237244661,2.404407237244661,2.404407237244661,2.404407237244661,2.404407237244661,2.404407237244661,2.404407237244661,2.404407237244661,2.404407237244661,2.404407237244661,2.404407237244661,2.404407237244661,2.404407237244661,2.404407237244661,2.404407237244661,2.404407237244661,2.404407237244661,2.404407237244661,2.404407237244661,2.404407237244661,2.404407237244661,2.404407237244661,2.404407237244661,2.404407237244661,2.404407237244661,2.404407237244661,2.404407237244661,2.404407237244661,2.404407237244661,2.404407237244661,2.404407237244661,2.404407237244661,2.404407237244661,2.404407237244661,2.404407237244661,2.404407237244661,2.404407237244661,2.404407237244661,2.404407237244661,2.404407237244661,2.404407237244661,2.404407237244661,2.404407237244661,2.404407237244661,2.404407237244661,2.404407237244661,2.404407237244661,2.404407237244661,2.404407237244661,2.404407237244661,2.404407237244661,2.404407237244661,2.404407237244661,2.404407237244661,2.404407237244661,2.404407237244661,2.404407237244661,2.404407237244661,2.404407237244661,2.404407237244661,2.404407237244661,2.404407237244661,2.404407237244661,2.404407237244661,2.404407237244661,2.404407237244661,2.404407237244661,2.404407237244661,2.404407237244661,2.404407237244661,2.404407237244661,2.404407237244661,2.404407237244661,2.404407237244661,2.404407237244661,2.404407237244661,2.404407237244661,2.404407237244661,2.404407237244661,2.404407237244661,2.404407237244661,2.404407237244661,2.404407237244661,2.404407237244661,2.404407237244661,2.404407237244661,2.404407237244661,2.404407237244661,2.404407237244661,2.404407237244661,2.404407237244661,2.404407237244661,2.404407237244661,2.404407237244661,2.404407237244661,2.404407237244661,2.404407237244661,2.404407237244661,2.404407237244661,2.404407237244661,2.404407237244661,2.404407237244661,2.404407237244661,2.404407237244661,2.404407237244661,2.404407237244661,2.404407237244661,2.404407237244661,2.404407237244661,2.404407237244661,2.404407237244661,2.404407237244661,2.404407237244661,2.404407237244661,2.404407237244661,2.404407237244661,2.404407237244661,2.404407237244661,2.404407237244661,2.404407237244661,2.404407237244661,2.404407237244661,2.404407237244661,2.404407237244661,2.404407237244661,2.404407237244661,2.404407237244661,2.404407237244661,2.404407237244661,2.404407237244661,2.404407237244661,2.404407237244661,2.404407237244661,2.404407237244661,2.404407237244661,2.404407237244661,2.404407237244661,2.404407237244661,2.404407237244661,2.404407237244661,2.404407237244661,2.404407237244661,2.404407237244661,2.404407237244661,2.404407237244661,2.404407237244661,2.404407237244661,2.404407237244661,2.404407237244661,2.404407237244661,2.404407237244661,2.404407237244661,2.404407237244661,2.404407237244661,2.404407237244661,2.404407237244661,2.404407237244661,2.404407237244661,2.404407237244661,2.404407237244661,2.404407237244661,2.404407237244661,2.404407237244661,2.404407237244661,2.404407237244661,2.404407237244661,2.404407237244661,2.404407237244661,2.404407237244661,2.404407237244661,2.404407237244661,2.404407237244661,2.404407237244661,2.404407237244661,2.404407237244661,2.404407237244661,2.404407237244661,2.404407237244661,2.404407237244661,2.404407237244661,2.404407237244661,2.404407237244661,2.404407237244661,2.404407237244661,2.404407237244661,2.404407237244661,2.404407237244661,2.404407237244661,2.404407237244661,2.404407237244661,2.404407237244661,2.404407237244661,2.404407237244661,2.404407237244661,2.404407237244661,2.404407237244661,2.404407237244661,2.404407237244661,2.404407237244661,2.404407237244661,2.404407237244661,2.404407237244661,2.404407237244661,2.404407237244661,2.404407237244661,2.404407237244661,2.404407237244661,2.404407237244661,2.404407237244661,2.404407237244661,2.404407237244661,2.404407237244661,2.404407237244661,2.404407237244661,2.404407237244661,2.404407237244661,2.404407237244661,2.404407237244661,2.404407237244661,2.404407237244661,2.404407237244661,2.404407237244661,2.404407237244661,2.404407237244661,2.404407237244661,2.404407237244661,2.404407237244661,2.404407237244661,2.404407237244661,2.404407237244661,2.404407237244661,2.404407237244661,2.404407237244661,2.404407237244661,2.404407237244661,2.404407237244661,2.404407237244661,2.404407237244661,2.404407237244661,2.404407237244661,2.404407237244661,2.404407237244661,2.404407237244661,2.404407237244661,2.404407237244661,2.404407237244661,2.404407237244661,2.404407237244661,2.404407237244661,2.404407237244661,2.404407237244661,2.404407237244661,2.404407237244661,2.404407237244661,2.404407237244661,2.404407237244661,2.404407237244661,2.404407237244661,2.404407237244661,2.404407237244661,2.404407237244661,2.404407237244661,2.404407237244661,2.404407237244661,2.404407237244661,2.404407237244661,2.404407237244661,2.404407237244661,2.404407237244661,2.404407237244661,2.404407237244661,2.404407237244661,2.404407237244661,2.404407237244661,2.404407237244661,2.404407237244661,2.404407237244661,2.404407237244661,2.404407237244661,2.404407237244661,2.404407237244661,2.404407237244661,2.404407237244661,2.404407237244661,2.404407237244661,2.404407237244661,2.404407237244661,2.404407237244661,2.404407237244661,2.404407237244661,2.404407237244661,2.404407237244661,2.404407237244661,2.404407237244661,2.404407237244661,2.404407237244661,2.404407237244661,2.404407237244661,2.404407237244661,2.404407237244661,2.404407237244661,2.404407237244661,2.404407237244661,2.404407237244661,2.404407237244661,2.404407237244661,2.404407237244661,2.404407237244661,2.404407237244661,2.404407237244661,2.404407237244661,2.404407237244661,2.404407237244661,2.404407237244661,2.404407237244661,2.404407237244661,2.404407237244661,2.404407237244661,2.404407237244661,2.404407237244661,2.404407237244661,2.404407237244661,2.404407237244661,2.404407237244661,2.404407237244661,2.404407237244661,2.404407237244661,2.404407237244661,2.404407237244661,2.404407237244661,2.404407237244661,2.404407237244661,2.404407237244661,2.404407237244661,2.404407237244661,2.404407237244661,2.404407237244661,2.404407237244661,2.404407237244661,2.404407237244661,2.404407237244661,2.404407237244661,2.404407237244661,2.404407237244661,2.404407237244661,2.404407237244661,2.404407237244661,2.404407237244661,2.404407237244661,2.404407237244661,2.404407237244661,2.404407237244661,2.404407237244661,2.404407237244661,2.404407237244661,2.404407237244661,2.404407237244661,2.404407237244661,2.404407237244661,2.404407237244661,2.404407237244661,2.404407237244661,2.404407237244661,2.404407237244661,2.404407237244661,2.404407237244661,2.404407237244661,2.404407237244661,2.404407237244661,2.404407237244661,2.404407237244661,2.404407237244661,2.404407237244661,2.404407237244661,2.404407237244661,2.404407237244661,2.404407237244661,2.404407237244661,2.404407237244661,2.404407237244661,2.404407237244661,2.404407237244661,2.404407237244661,2.404407237244661,2.404407237244661,2.404407237244661,2.404407237244661,2.404407237244661,2.404407237244661,2.404407237244661,2.404407237244661,2.404407237244661,2.404407237244661,2.404407237244661,2.404407237244661,2.404407237244661,2.404407237244661,2.404407237244661,2.404407237244661,2.404407237244661,2.404407237244661,2.404407237244661,2.404407237244661,2.404407237244661,2.404407237244661,2.404407237244661,2.404407237244661,2.404407237244661,2.404407237244661,2.404407237244661,2.404407237244661,2.404407237244661,2.404407237244661,2.404407237244661,2.404407237244661,2.404407237244661,2.404407237244661,2.404407237244661,2.404407237244661,2.404407237244661,2.404407237244661,2.404407237244661,2.404407237244661,2.404407237244661,2.404407237244661,2.404407237244661,2.404407237244661,2.404407237244661,2.404407237244661,2.404407237244661,2.404407237244661,2.404407237244661,2.404407237244661,2.404407237244661,2.404407237244661,2.404407237244661,2.404407237244661,2.404407237244661,2.404407237244661,2.404407237244661,2.404407237244661,2.404407237244661,2.404407237244661,2.404407237244661,2.404407237244661,2.404407237244661,2.404407237244661,2.404407237244661,2.404407237244661,2.404407237244661,2.404407237244661,2.404407237244661,2.404407237244661,2.404407237244661,2.404407237244661,2.404407237244661,2.404407237244661,2.404407237244661,2.404407237244661,2.404407237244661,2.404407237244661,2.404407237244661,2.404407237244661,2.404407237244661,2.404407237244661,2.404407237244661,2.404407237244661,2.404407237244661,2.404407237244661,2.404407237244661,2.404407237244661,2.404407237244661,2.404407237244661,2.404407237244661,2.404407237244661,2.404407237244661,2.404407237244661,2.404407237244661,2.404407237244661,2.404407237244661,2.404407237244661,2.404407237244661,2.404407237244661,2.404407237244661,2.404407237244661,2.404407237244661,2.404407237244661,2.404407237244661,2.404407237244661,2.404407237244661,2.404407237244661,2.404407237244661,2.404407237244661,2.404407237244661,2.404407237244661,2.404407237244661,2.404407237244661,2.404407237244661,2.404407237244661,2.404407237244661,2.404407237244661,2.404407237244661,2.404407237244661,2.404407237244661,2.404407237244661,2.404407237244661,2.404407237244661,2.404407237244661,2.404407237244661,2.404407237244661,2.404407237244661,2.404407237244661,2.404407237244661,2.404407237244661,2.404407237244661,2.404407237244661,2.404407237244661,2.404407237244661,2.404407237244661,2.404407237244661,2.404407237244661,2.404407237244661,2.404407237244661,2.404407237244661,2.404407237244661,2.404407237244661,2.404407237244661,2.404407237244661,2.404407237244661,2.404407237244661,2.404407237244661,2.404407237244661,2.404407237244661,2.404407237244661,2.404407237244661,2.404407237244661,2.404407237244661,2.404407237244661,2.404407237244661,2.404407237244661,2.404407237244661,2.404407237244661,2.404407237244661,2.404407237244661,2.404407237244661,2.404407237244661,2.404407237244661,2.404407237244661,2.404407237244661,2.404407237244661,2.404407237244661,2.404407237244661,2.404407237244661,2.404407237244661,2.404407237244661,2.404407237244661,2.404407237244661,2.404407237244661,2.404407237244661,2.404407237244661,2.404407237244661,2.404407237244661,2.404407237244661,2.404407237244661,2.404407237244661,2.404407237244661,2.404407237244661,2.404407237244661,8.417721732023832,7.528042291663389,7.528042291663389,7.528042291663389,7.508572980806987,7.508572980806987,7.508572980806987,7.508572980806987,7.307048056058997,7.307048056058997,7.307048056058997,7.307048056058997,7.307048056058997,7.185501076487468,7.185501076487468,7.185501076487468,7.185501076487468,7.185501076487468,7.185501076487468,7.185501076487468,7.185501076487468,7.185501076487468,7.185501076487468,7.185501076487468,7.185501076487468,7.185501076487468,7.185501076487468,7.185501076487468,7.185501076487468,7.185501076487468,7.185501076487468,7.185501076487468,7.185501076487468,7.185501076487468,7.185501076487468,7.103269759140755,7.103269759140755,7.103269759140755,7.103269759140755,7.103269759140755,7.103269759140755,7.103269759140755,7.103269759140755,7.103269759140755,7.103269759140755,7.103269759140755,7.103269759140755,7.103269759140755,7.103269759140755,7.103269759140755,7.103269759140755,7.021946273632604,6.766018392535783,6.766018392535783,6.766018392535783,6.766018392535783,6.766018392535783,6.766018392535783,6.766018392535783,6.766018392535783,6.766018392535783,6.766018392535783,6.766018392535783,6.766018392535783,6.766018392535783,6.766018392535783,6.766018392535783,6.766018392535783,6.766018392535783,6.766018392535783,6.766018392535783,6.766018392535783,6.766018392535783,6.766018392535783,6.766018392535783,6.766018392535783,6.766018392535783,6.766018392535783,6.766018392535783,6.766018392535783,6.766018392535783,6.766018392535783,6.766018392535783,6.766018392535783,6.766018392535783,6.766018392535783,6.766018392535783,6.766018392535783,6.766018392535783,6.766018392535783,6.570347227074789,6.570347227074789,6.570347227074789,6.570347227074789,6.556978365995707,6.556978365995707,6.556978365995707,6.556978365995707,6.556978365995707,6.556978365995707,6.556978365995707,6.556978365995707,6.556978365995707,6.556978365995707,6.556978365995707,6.556978365995707,6.556978365995707,6.556978365995707,6.556978365995707,6.556978365995707,6.556978365995707,6.556978365995707,6.556978365995707,6.556978365995707,6.556978365995707,6.556978365995707,6.556978365995707,6.556978365995707,6.556978365995707,6.556978365995707,6.556978365995707,6.556978365995707,6.556978365995707,6.556978365995707,6.556978365995707,6.556978365995707,6.556978365995707,6.556978365995707,6.556978365995707,6.556978365995707,6.556978365995707,6.556978365995707,6.556978365995707,6.556978365995707,6.556978365995707,6.556978365995707,6.556978365995707,6.556978365995707,6.556978365995707,6.556978365995707,6.556978365995707,6.556978365995707,6.556978365995707,6.556978365995707,6.556978365995707,6.556978365995707,6.556978365995707,6.556978365995707,6.556978365995707,6.556978365995707,6.556978365995707,6.556978365995707,6.556978365995707,6.556978365995707,6.556978365995707,6.556978365995707,6.556978365995707,6.556978365995707,6.556978365995707,6.556978365995707,6.556978365995707,6.556978365995707,6.556978365995707,6.556978365995707,6.556978365995707,6.556978365995707,6.556978365995707,6.296529916880336,5.160831359334317,5.160831359334317,4.654420689969693,4.654420689969693,4.654420689969693,4.654420689969693,4.654420689969693,4.654420689969693,4.654420689969693,4.654420689969693,4.654420689969693,4.654420689969693,4.654420689969693,4.654420689969693,4.654420689969693,4.654420689969693,4.537693409734804,4.537693409734804,4.537693409734804,4.537693409734804,4.537693409734804,4.537693409734804,4.537693409734804,4.537693409734804,4.537693409734804,4.537693409734804,4.537693409734804,4.537693409734804,4.433521303546353,4.433521303546353,4.433521303546353,4.433521303546353,4.433521303546353,4.433521303546353,4.4299147497903,4.4299147497903,4.4299147497903,4.4299147497903,4.4299147497903,4.4299147497903,4.4299147497903,4.4299147497903,4.4299147497903,4.4299147497903,4.4299147497903,4.4299147497903,4.4299147497903,4.4299147497903,4.4299147497903,4.4299147497903,4.4299147497903,4.4299147497903,4.4299147497903,4.4299147497903,4.4299147497903,4.4299147497903,4.4299147497903,4.4299147497903,4.4299147497903,4.4299147497903,4.4299147497903,4.4299147497903,4.4299147497903,4.4299147497903,4.4299147497903,4.4299147497903,4.4299147497903,4.4299147497903,4.4299147497903,4.4299147497903,4.4299147497903,4.4299147497903,4.4299147497903,4.4299147497903,4.4299147497903,4.4299147497903,4.4299147497903,4.4299147497903,4.4299147497903,4.4299147497903,4.4299147497903,4.4299147497903,4.4299147497903,4.4299147497903,4.4299147497903,4.4299147497903,4.4299147497903,4.4299147497903,4.4299147497903,4.4299147497903,4.4299147497903,4.4299147497903,4.4299147497903,4.4299147497903,4.4299147497903,4.4299147497903,4.4299147497903,4.4299147497903,4.4299147497903,4.4299147497903,4.4299147497903,4.4299147497903,4.4299147497903,4.4299147497903,4.4299147497903,4.4299147497903,4.4299147497903,4.4299147497903,4.4299147497903,4.4299147497903,4.4299147497903,4.4299147497903,4.4299147497903,4.4299147497903,4.4299147497903,4.4299147497903,4.4299147497903,4.4299147497903,4.4299147497903,4.4299147497903,4.4299147497903,4.4299147497903,4.4299147497903,4.4299147497903,4.4299147497903,4.4299147497903,4.4299147497903,4.4299147497903,4.4299147497903,4.4299147497903,4.4299147497903,4.4299147497903,4.4299147497903,4.4299147497903,4.4299147497903,4.4299147497903,4.4299147497903,4.4299147497903,4.4299147497903,4.4299147497903,4.4299147497903,4.4299147497903,4.4299147497903,4.4299147497903,4.4299147497903,4.4299147497903,4.4299147497903,4.4299147497903,4.4299147497903,4.4299147497903,4.4299147497903,4.4299147497903,4.4299147497903,4.4299147497903,4.4299147497903,4.4299147497903,4.4299147497903,4.4299147497903,4.4299147497903,4.4299147497903,4.4299147497903,4.4299147497903,4.4299147497903,4.4299147497903,4.4299147497903,4.4299147497903,4.4299147497903,4.4299147497903,4.4299147497903,4.4299147497903,4.4299147497903,4.4299147497903,4.4299147497903,4.4299147497903,4.4299147497903,4.4299147497903,4.4299147497903,4.4299147497903,4.4299147497903,4.4299147497903,4.4299147497903,4.4299147497903,4.4299147497903,4.4299147497903,4.4299147497903,4.4299147497903,4.4299147497903,4.4299147497903,4.4299147497903,4.4299147497903,4.4299147497903,4.4299147497903,4.4299147497903,4.4299147497903,4.4299147497903,4.4299147497903,4.4299147497903,4.4299147497903,4.188286324246219,4.188286324246219,4.188286324246219,4.188286324246219,4.188286324246219,4.188286324246219,4.188286324246219,4.188286324246219,4.188286324246219,4.188286324246219,4.188286324246219,4.188286324246219,4.188286324246219,4.188286324246219,4.188286324246219,4.188286324246219,4.188286324246219,4.188286324246219,4.188286324246219,4.188286324246219,4.188286324246219,4.188286324246219,4.188286324246219,4.188286324246219,4.188286324246219,4.188286324246219,4.188286324246219,4.188286324246219,4.188286324246219,4.188286324246219,4.188286324246219,4.188286324246219,4.188286324246219,4.188286324246219,4.188286324246219,4.188286324246219,4.0687608454789865,4.0687608454789865,4.0687608454789865,4.0687608454789865,4.0687608454789865,4.0687608454789865,4.0687608454789865,4.0687608454789865,4.0687608454789865,4.0687608454789865,4.0687608454789865,4.0687608454789865,4.0687608454789865,4.0687608454789865,4.0687608454789865,4.0687608454789865,4.0687608454789865,4.0687608454789865,4.0687608454789865,4.0687608454789865,4.0687608454789865,4.0687608454789865,4.0687608454789865,4.0687608454789865,4.0687608454789865,4.0687608454789865,4.0687608454789865,4.0687608454789865,4.0687608454789865,4.0687608454789865,4.0687608454789865,4.0687608454789865,4.0687608454789865,4.0687608454789865,4.0687608454789865,4.0687608454789865,4.0687608454789865,4.0687608454789865,4.0687608454789865,4.0687608454789865,4.0687608454789865,4.0687608454789865,4.0687608454789865,4.0687608454789865,4.0687608454789865,4.0687608454789865,4.0687608454789865,4.0687608454789865,4.0687608454789865,4.0687608454789865,4.0687608454789865,4.0687608454789865,4.0687608454789865,4.0687608454789865,4.0687608454789865,4.0687608454789865,4.0687608454789865,4.0687608454789865,4.0687608454789865,4.0687608454789865,4.0687608454789865,4.0687608454789865,4.0687608454789865,4.0687608454789865,4.0687608454789865,4.0687608454789865,4.0687608454789865,4.0687608454789865,4.0687608454789865,4.0687608454789865,4.0687608454789865,4.0687608454789865,4.0687608454789865,4.0687608454789865,4.0687608454789865,4.0687608454789865,4.0687608454789865,4.0687608454789865,4.0687608454789865,4.0687608454789865,4.0687608454789865,4.0687608454789865,4.0687608454789865,4.0687608454789865,4.0687608454789865,4.0687608454789865,4.0687608454789865,4.0687608454789865,4.0687608454789865,4.0687608454789865,4.0687608454789865,4.0687608454789865,4.0687608454789865,4.0687608454789865,4.0687608454789865,4.0687608454789865,4.0687608454789865,4.0687608454789865,4.0687608454789865,4.0687608454789865,4.0687608454789865,4.0687608454789865,4.0687608454789865,4.0687608454789865,4.0687608454789865,4.0687608454789865,4.0687608454789865,4.0687608454789865,4.0687608454789865,4.0687608454789865,4.0687608454789865,4.0687608454789865,4.0687608454789865,4.0687608454789865,4.0687608454789865,4.0687608454789865,4.0687608454789865,4.0687608454789865,4.0687608454789865,4.0687608454789865,4.0687608454789865,4.0687608454789865,4.0687608454789865,4.0687608454789865,4.0687608454789865,4.0687608454789865,4.0687608454789865,4.0687608454789865,4.0687608454789865,4.0687608454789865,4.0687608454789865,4.0687608454789865,4.0687608454789865,4.0687608454789865,4.0687608454789865,4.0687608454789865,4.0687608454789865,4.0687608454789865,4.0687608454789865,4.0687608454789865,4.0687608454789865,4.0687608454789865,4.0687608454789865,4.0687608454789865,4.0687608454789865,4.0687608454789865,4.0687608454789865,4.0687608454789865,4.0687608454789865,4.0687608454789865,4.0687608454789865,4.0687608454789865,4.0687608454789865,4.0687608454789865,4.0687608454789865,4.0687608454789865,4.0687608454789865,4.0687608454789865,4.0687608454789865,4.0687608454789865,4.0687608454789865,4.0687608454789865,4.0687608454789865,4.0687608454789865,4.0687608454789865,4.0687608454789865,4.0687608454789865,4.0687608454789865,4.0687608454789865,4.0687608454789865,4.0687608454789865,4.0687608454789865,4.0687608454789865,4.0687608454789865,4.0687608454789865,4.0687608454789865,4.0687608454789865,4.0687608454789865,4.0687608454789865,4.0687608454789865,4.0687608454789865,4.0687608454789865,4.0687608454789865,4.0687608454789865,4.0687608454789865,4.0687608454789865,4.0687608454789865,4.0687608454789865,4.0687608454789865,4.0687608454789865,4.0687608454789865,4.0687608454789865,4.0687608454789865,4.0687608454789865,4.0687608454789865,4.0687608454789865,4.0687608454789865,4.0687608454789865,4.0687608454789865,4.0687608454789865,4.0687608454789865,4.0687608454789865,4.0687608454789865,4.0687608454789865,4.0687608454789865,4.0687608454789865,4.0687608454789865,4.0687608454789865,4.0687608454789865,4.0687608454789865,4.0687608454789865,4.0687608454789865,4.0687608454789865,4.0687608454789865,4.0687608454789865,4.0687608454789865,4.0687608454789865,4.0687608454789865,4.0687608454789865,4.0687608454789865,4.0687608454789865,4.0687608454789865,4.0687608454789865,4.0687608454789865,4.0687608454789865,4.0687608454789865,4.0687608454789865,4.0687608454789865,4.0687608454789865,4.0687608454789865,4.0687608454789865,4.0687608454789865,4.0687608454789865,4.0687608454789865,4.0687608454789865,4.0687608454789865,4.0687608454789865,4.0687608454789865,4.0687608454789865,4.0687608454789865,4.0687608454789865,4.0687608454789865,4.0687608454789865,4.0687608454789865,4.0687608454789865,4.0687608454789865,4.0687608454789865,4.0687608454789865,4.0687608454789865,4.0687608454789865,4.0687608454789865,4.0687608454789865,4.0687608454789865,4.0687608454789865,4.0687608454789865,4.0687608454789865,4.0687608454789865,4.0687608454789865,4.0687608454789865,4.0687608454789865,4.0687608454789865,4.0687608454789865,4.0687608454789865,4.0687608454789865,4.0687608454789865,4.0687608454789865,4.0687608454789865,4.0687608454789865,4.0687608454789865,4.0687608454789865,4.0687608454789865,4.0687608454789865,4.0687608454789865,4.0687608454789865,4.0687608454789865,4.0687608454789865,4.0687608454789865,4.0687608454789865,4.0687608454789865,4.0687608454789865,4.0687608454789865,4.0687608454789865,4.0687608454789865,4.0687608454789865,4.0687608454789865,4.0687608454789865,4.0687608454789865,4.0687608454789865,4.0687608454789865,4.0687608454789865,4.0687608454789865,4.0687608454789865,4.0687608454789865,4.0687608454789865,4.0687608454789865,4.0687608454789865,4.0687608454789865,4.0687608454789865,4.0687608454789865,4.0687608454789865,4.0687608454789865,4.0687608454789865,4.0687608454789865,4.0687608454789865,4.0687608454789865,4.0687608454789865,4.0687608454789865,4.0687608454789865,4.0687608454789865,4.0687608454789865,4.0687608454789865,4.0687608454789865,4.0687608454789865,4.0687608454789865,4.0687608454789865,4.0687608454789865,4.0687608454789865,4.0687608454789865,4.0687608454789865,4.0687608454789865,4.0687608454789865,4.0687608454789865,4.0687608454789865,4.0687608454789865,4.0687608454789865,4.0687608454789865,4.0687608454789865,4.0687608454789865,4.0687608454789865,4.0687608454789865,4.0687608454789865,4.0687608454789865,4.0687608454789865,4.0687608454789865,4.0687608454789865,4.0687608454789865,4.0687608454789865,4.0687608454789865,4.0687608454789865,4.0687608454789865,4.0687608454789865,4.0687608454789865,4.0687608454789865,4.0687608454789865,4.0687608454789865,4.0687608454789865,4.0687608454789865,4.0687608454789865,4.0687608454789865,4.0687608454789865,4.0687608454789865,4.0687608454789865,4.0687608454789865,4.0687608454789865,4.0687608454789865,4.0687608454789865,4.0687608454789865,4.0687608454789865,4.0687608454789865,4.0687608454789865,4.0687608454789865,4.0687608454789865,4.0687608454789865,4.0687608454789865,4.0687608454789865,4.0687608454789865,4.0687608454789865,4.0687608454789865,4.0687608454789865,4.0687608454789865,4.0687608454789865,4.0687608454789865,4.0687608454789865,4.0687608454789865,4.0687608454789865,4.0687608454789865,4.0687608454789865,4.0687608454789865,4.0687608454789865,4.0687608454789865,4.0687608454789865,4.0687608454789865,4.0687608454789865,4.0687608454789865,4.0687608454789865,4.0687608454789865,4.0687608454789865,4.0687608454789865,4.0687608454789865,4.0687608454789865,4.0687608454789865,4.0687608454789865,4.0687608454789865,4.0687608454789865,4.0687608454789865,4.0687608454789865,4.0687608454789865,4.0687608454789865,4.0687608454789865,4.0687608454789865,4.0687608454789865,4.0687608454789865,4.0687608454789865,4.0687608454789865,4.0687608454789865,4.0687608454789865,4.0687608454789865,4.0687608454789865,4.0687608454789865,4.0687608454789865,4.0687608454789865,4.0687608454789865,4.0687608454789865,4.0687608454789865,4.0687608454789865,4.0687608454789865,4.0687608454789865,4.0687608454789865,4.0687608454789865,4.0687608454789865,4.0687608454789865,4.0687608454789865,4.0687608454789865,4.0687608454789865,4.0687608454789865,4.0687608454789865,4.0687608454789865,4.0687608454789865,4.0687608454789865,4.0687608454789865,4.0687608454789865,4.0687608454789865,4.0687608454789865,4.0687608454789865,4.0687608454789865,4.0687608454789865,4.0687608454789865,4.0687608454789865,4.0687608454789865,4.0687608454789865,4.0687608454789865,4.0687608454789865,4.0687608454789865,4.0687608454789865,4.0687608454789865,4.0687608454789865,4.0687608454789865,4.0687608454789865,4.0687608454789865,4.0687608454789865,4.0687608454789865,4.0687608454789865,4.0687608454789865,4.0687608454789865,4.0687608454789865,4.0687608454789865,4.0687608454789865,4.0687608454789865,4.0687608454789865,4.0687608454789865,4.0687608454789865,4.0687608454789865,4.0687608454789865,4.0687608454789865,4.0687608454789865,4.0687608454789865,4.0687608454789865,4.0687608454789865,4.0687608454789865,4.0687608454789865,4.0687608454789865,4.0687608454789865,4.0687608454789865,4.0687608454789865,4.0687608454789865,4.0687608454789865,4.0687608454789865,4.0687608454789865,4.0687608454789865,4.0687608454789865,4.0687608454789865,4.0687608454789865,4.0687608454789865,4.0687608454789865,4.0687608454789865,4.0687608454789865,4.0687608454789865,4.0687608454789865,4.0687608454789865,4.0687608454789865,4.0687608454789865,4.0687608454789865,4.0687608454789865,4.0687608454789865,4.0687608454789865,4.0687608454789865,4.0687608454789865,4.0687608454789865,4.0687608454789865,4.0687608454789865,4.0687608454789865,4.0687608454789865,4.0687608454789865,4.0687608454789865,4.0687608454789865,4.0687608454789865,4.0687608454789865,4.0687608454789865,4.0687608454789865,4.0687608454789865,4.0687608454789865,4.0687608454789865,4.0687608454789865,4.0687608454789865,4.0687608454789865,4.0687608454789865,4.0687608454789865,4.0687608454789865,4.0687608454789865,4.0687608454789865,4.0687608454789865,4.0687608454789865,4.0687608454789865,4.0687608454789865,4.0687608454789865,4.0687608454789865,4.0687608454789865,4.0687608454789865,4.0687608454789865,4.0687608454789865,4.0687608454789865,4.0687608454789865,4.0687608454789865,4.0687608454789865,4.0687608454789865,4.0687608454789865,4.0687608454789865,4.0687608454789865,4.0687608454789865,4.0687608454789865,4.0687608454789865,4.0687608454789865,4.0687608454789865,4.0687608454789865,4.0687608454789865,4.0687608454789865,4.0687608454789865,4.0687608454789865,4.0687608454789865,4.0687608454789865,4.0687608454789865,4.0687608454789865,4.0687608454789865,4.0687608454789865,4.0687608454789865,4.0687608454789865,4.0687608454789865,4.0687608454789865,4.0687608454789865,4.0687608454789865,4.0687608454789865,4.0687608454789865,4.0687608454789865,4.0687608454789865,4.0687608454789865,4.0687608454789865,4.0687608454789865,4.0687608454789865,4.0687608454789865,4.0687608454789865,4.0687608454789865,4.0687608454789865,4.0687608454789865,4.0687608454789865,4.0687608454789865,4.0687608454789865,4.0687608454789865,4.0687608454789865,4.0687608454789865,4.0687608454789865,4.0687608454789865,4.0687608454789865,4.0687608454789865,4.0687608454789865,4.0687608454789865,4.0687608454789865,4.0687608454789865,4.0687608454789865,4.0687608454789865,4.0687608454789865,4.0687608454789865,4.0687608454789865,4.0687608454789865,4.0687608454789865,4.0687608454789865,4.0687608454789865,4.0687608454789865,4.0687608454789865,8.46542729842848,8.46542729842848,7.370544860878818,6.777622335857975,6.777622335857975,6.777622335857975,6.395922383346718,6.395922383346718,6.331183653390957,6.331183653390957,6.331183653390957,6.331183653390957,6.331183653390957,6.331183653390957,6.331183653390957,6.311343397427931,6.311343397427931,6.311343397427931,6.311343397427931,6.311343397427931,6.311343397427931,6.311343397427931,6.311343397427931,6.311343397427931,6.311343397427931,6.311343397427931,6.311343397427931,6.311343397427931,6.311343397427931,6.311343397427931,4.211712678975871,4.211712678975871,4.211712678975871,4.211712678975871,4.211712678975871,4.211712678975871,4.209378006900878,3.7716079684142794,3.7716079684142794,3.7716079684142794,3.7716079684142794,3.7540339598716113,3.7540339598716113,3.7540339598716113,3.7540339598716113,3.7540339598716113,3.7540339598716113,3.7540339598716113,3.7540339598716113,3.7540339598716113,3.7540339598716113,3.7540339598716113,3.7540339598716113,3.7540339598716113,3.7540339598716113,3.7540339598716113,3.7540339598716113,3.7540339598716113,3.7540339598716113,3.7540339598716113,3.742475255825095,3.742475255825095,3.742475255825095,3.742475255825095,3.742475255825095,3.742475255825095,3.742475255825095,3.742475255825095,3.742475255825095,3.742475255825095,3.742475255825095,3.742475255825095,3.742475255825095,3.742475255825095,3.742475255825095,3.742475255825095,3.742475255825095,3.742475255825095,3.742475255825095,3.742475255825095,3.742475255825095,3.742475255825095,3.742475255825095,3.742475255825095,3.742475255825095,3.742475255825095,3.742475255825095,3.742475255825095,3.742475255825095,3.742475255825095,3.742475255825095,3.742475255825095,3.742475255825095,3.742475255825095,3.742475255825095,3.742475255825095,3.742475255825095,3.742475255825095,3.742475255825095,3.742475255825095,3.742475255825095,3.742475255825095,3.742475255825095,3.742475255825095,3.742475255825095,3.742475255825095,3.742475255825095,3.742475255825095,3.742475255825095,3.742475255825095,3.742475255825095,3.742475255825095,3.742475255825095,3.742475255825095,3.742475255825095,3.742475255825095,3.742475255825095,3.742475255825095,3.742475255825095,3.742475255825095,3.742475255825095,3.742475255825095,3.742475255825095,3.742475255825095,3.742475255825095,3.742475255825095,3.742475255825095,3.742475255825095,3.742475255825095,3.742475255825095,3.742475255825095,3.742475255825095,3.742475255825095,3.742475255825095,3.742475255825095,3.742475255825095,3.742475255825095,3.742475255825095,3.742475255825095,3.742475255825095,3.742475255825095,3.742475255825095,3.742475255825095,3.742475255825095,3.742475255825095,3.742475255825095,3.742475255825095,3.742475255825095,3.742475255825095,3.742475255825095,3.742475255825095,3.742475255825095,3.742475255825095,3.742475255825095,3.742475255825095,3.742475255825095,3.742475255825095,3.736510312109131,3.736510312109131,3.7199831699614063,3.7199831699614063,3.7199831699614063,3.7199831699614063,3.7199831699614063,3.7199831699614063,3.7199831699614063,3.7199831699614063,3.7199831699614063,3.7199831699614063,3.7199831699614063,3.7199831699614063,3.7199831699614063,3.7199831699614063,3.7199831699614063,3.7199831699614063,3.7199831699614063,3.7199831699614063,3.7199831699614063,3.7199831699614063,3.7199831699614063,3.7199831699614063,3.7199831699614063,3.7199831699614063,3.7199831699614063,3.7199831699614063,3.7199831699614063,3.7199831699614063,3.7199831699614063,3.7199831699614063,3.7199831699614063,3.7199831699614063,3.7199831699614063,3.7199831699614063,3.7199831699614063,3.7199831699614063,3.7199831699614063,3.7199831699614063,3.7199831699614063,3.7199831699614063,3.7199831699614063,3.7199831699614063,3.7199831699614063,3.7199831699614063,3.7199831699614063,3.7199831699614063,3.7199831699614063,3.7199831699614063,3.7199831699614063,3.7199831699614063,3.7199831699614063,3.7199831699614063,3.7199831699614063,3.7199831699614063,3.7199831699614063,3.7199831699614063,3.7199831699614063,3.7199831699614063,3.7199831699614063,3.7199831699614063,3.7199831699614063,3.7199831699614063,3.7199831699614063,3.7199831699614063,3.7199831699614063,3.7199831699614063,3.7199831699614063,3.7199831699614063,3.7199831699614063,3.7199831699614063,3.7199831699614063,3.7199831699614063,3.7199831699614063,3.7199831699614063,3.7199831699614063,3.7199831699614063,3.7199831699614063,3.7199831699614063,3.7199831699614063,3.7199831699614063,3.7199831699614063,3.7199831699614063,3.7199831699614063,3.7199831699614063,3.7199831699614063,3.7199831699614063,3.7199831699614063,3.7199831699614063,3.7199831699614063,3.7199831699614063,3.7199831699614063,3.7199831699614063,3.7199831699614063,3.7199831699614063,3.7199831699614063,3.7199831699614063,3.7199831699614063,3.7199831699614063,3.7199831699614063,3.7199831699614063,3.7199831699614063,3.7199831699614063,3.7199831699614063,3.7199831699614063,3.7199831699614063,3.7199831699614063,3.7199831699614063,3.7199831699614063,3.7199831699614063,3.7199831699614063,3.7199831699614063,3.7199831699614063,3.7199831699614063,3.7199831699614063,3.7199831699614063,3.7199831699614063,3.7199831699614063,3.7199831699614063,3.7199831699614063,3.7199831699614063,3.7199831699614063,3.7199831699614063,3.7199831699614063,3.7199831699614063,3.7199831699614063,3.7199831699614063,3.7199831699614063,3.7199831699614063,3.7199831699614063,3.7199831699614063,3.7199831699614063,3.7199831699614063,3.7199831699614063,3.7199831699614063,3.7199831699614063,3.7199831699614063,3.7199831699614063,3.7199831699614063,3.7199831699614063,3.7199831699614063,3.7199831699614063,3.7199831699614063,3.7199831699614063,3.7199831699614063,3.7199831699614063,3.7199831699614063,3.7199831699614063,3.7199831699614063,3.7199831699614063,3.7199831699614063,3.7199831699614063,3.7199831699614063,3.7199831699614063,3.7199831699614063,3.7199831699614063,3.7199831699614063,3.7199831699614063,3.7199831699614063,3.7199831699614063,3.7199831699614063,3.7199831699614063,3.7199831699614063,3.7199831699614063,3.7199831699614063,3.7199831699614063,3.7199831699614063,3.7199831699614063,3.7199831699614063,3.7199831699614063,3.7199831699614063,3.7199831699614063,3.7199831699614063,3.7199831699614063,3.7199831699614063,3.7199831699614063,3.7199831699614063,3.7199831699614063,3.7199831699614063,3.7199831699614063,3.7199831699614063,3.7199831699614063,3.7199831699614063,3.7199831699614063,3.7199831699614063,3.7199831699614063,3.7199831699614063,3.7199831699614063,3.7199831699614063,3.7199831699614063,3.7199831699614063,3.7199831699614063,3.7199831699614063,3.7199831699614063,3.7199831699614063,3.7199831699614063,3.7199831699614063,3.7199831699614063,3.7199831699614063,3.7199831699614063,3.7199831699614063,3.7199831699614063,3.7199831699614063,3.7199831699614063,3.7199831699614063,3.7199831699614063,3.7199831699614063,3.7199831699614063,3.7199831699614063,3.7199831699614063,3.7199831699614063,3.7199831699614063,3.7199831699614063,3.7199831699614063,3.7199831699614063,3.7199831699614063,3.7199831699614063,3.7199831699614063,3.7199831699614063,3.7199831699614063,3.7199831699614063,3.7199831699614063,3.7199831699614063,3.7199831699614063,3.7199831699614063,3.7199831699614063,3.7199831699614063,3.7199831699614063,3.7199831699614063,3.7199831699614063,3.7199831699614063,3.7199831699614063,3.7199831699614063,3.7199831699614063,3.7199831699614063,3.7199831699614063,3.7199831699614063,3.7199831699614063,3.7199831699614063,3.7199831699614063,3.7199831699614063,3.7199831699614063,3.7199831699614063,3.7199831699614063,3.7199831699614063,3.7199831699614063,3.7199831699614063,3.7199831699614063,3.7199831699614063,3.7199831699614063,3.7199831699614063,3.7199831699614063,3.7199831699614063,3.7199831699614063,3.7199831699614063,3.7199831699614063,3.7199831699614063,3.7199831699614063,3.7199831699614063,3.7199831699614063,3.7199831699614063,3.7199831699614063,3.7199831699614063,3.7199831699614063,3.7199831699614063,3.7199831699614063,3.7199831699614063,3.7199831699614063,3.7199831699614063,3.7199831699614063,3.7199831699614063,3.7199831699614063,3.7199831699614063,3.7199831699614063,3.7199831699614063,3.7199831699614063,3.7199831699614063,3.7199831699614063,3.7199831699614063,3.7199831699614063,3.7199831699614063,3.7199831699614063,3.7199831699614063,3.7199831699614063,3.7199831699614063,3.7199831699614063,3.7199831699614063,3.7199831699614063,3.7199831699614063,3.7199831699614063,3.7199831699614063,3.7199831699614063,3.7199831699614063,3.7199831699614063,3.7199831699614063,3.7199831699614063,3.7199831699614063,3.7199831699614063,3.7199831699614063,3.7199831699614063,3.7199831699614063,3.7199831699614063,3.7199831699614063,3.7199831699614063,3.7199831699614063,3.7199831699614063,3.7199831699614063,3.7199831699614063,3.7199831699614063,3.7199831699614063,3.7199831699614063,3.7199831699614063,3.7199831699614063,3.7199831699614063,3.7199831699614063,3.7199831699614063,3.7199831699614063,3.7199831699614063,3.7199831699614063,3.7199831699614063,3.7199831699614063,3.7199831699614063,3.7199831699614063,3.7199831699614063,3.7199831699614063,3.7199831699614063,3.7199831699614063,3.7199831699614063,3.7199831699614063,3.7199831699614063,3.7199831699614063,3.7199831699614063,3.7199831699614063,3.7199831699614063,3.7199831699614063,3.7199831699614063,3.7199831699614063,3.7199831699614063,3.3256129669931562,3.271951089508766,3.271951089508766,3.271951089508766,3.187310786750865,3.187310786750865,3.187310786750865,3.187310786750865,3.187310786750865,3.187310786750865,3.187310786750865,3.187310786750865,3.187310786750865,3.187310786750865,3.187310786750865,3.187310786750865,3.187310786750865,3.187310786750865,3.187310786750865,3.187310786750865,3.187310786750865,3.187310786750865,3.187310786750865,3.187310786750865,3.187310786750865,3.187310786750865,3.187310786750865,3.187310786750865,3.187310786750865,3.187310786750865,3.187310786750865,3.187310786750865,3.187310786750865,3.187310786750865,3.187310786750865,3.187310786750865,3.187310786750865,3.187310786750865,3.187310786750865,3.187310786750865,3.187310786750865,3.187310786750865,3.187310786750865,3.187310786750865,3.187310786750865,3.187310786750865,3.187310786750865,3.187310786750865,3.187310786750865,3.187310786750865,3.187310786750865,3.187310786750865,3.187310786750865,3.187310786750865,3.187310786750865,3.187310786750865,3.187310786750865,3.187310786750865,3.187310786750865,3.187310786750865,3.187310786750865,3.187310786750865,3.187310786750865,3.187310786750865,3.187310786750865,3.187310786750865,3.187310786750865,3.187310786750865,3.187310786750865,3.187310786750865,3.187310786750865,3.187310786750865,3.187310786750865,3.187310786750865,3.187310786750865,3.187310786750865,3.187310786750865,3.187310786750865,3.187310786750865,3.187310786750865,3.187310786750865,3.187310786750865,3.187310786750865,3.187310786750865,3.187310786750865,3.187310786750865,3.187310786750865,3.187310786750865,3.187310786750865,3.187310786750865,3.187310786750865,3.187310786750865,3.187310786750865,3.187310786750865,3.187310786750865,3.187310786750865,3.187310786750865,3.187310786750865,3.187310786750865,3.187310786750865,3.187310786750865,3.187310786750865,3.187310786750865,3.187310786750865,3.187310786750865,3.187310786750865,3.187310786750865,3.187310786750865,3.187310786750865,3.187310786750865,3.187310786750865,3.187310786750865,3.187310786750865,3.187310786750865,3.187310786750865,3.187310786750865,3.1629516236675665,3.1629516236675665,3.1629516236675665,3.1629516236675665,3.1629516236675665,3.1629516236675665,3.1629516236675665,3.1629516236675665,3.1629516236675665,3.1629516236675665,3.1629516236675665,3.1629516236675665,3.1629516236675665,3.1629516236675665,3.1629516236675665,3.1629516236675665,3.1629516236675665,3.1629516236675665,3.1629516236675665,3.1629516236675665,3.1629516236675665,3.1629516236675665,3.1629516236675665,3.1629516236675665,3.1629516236675665,3.1629516236675665,3.1629516236675665,3.1629516236675665,3.1629516236675665,3.1629516236675665,3.1629516236675665,3.1629516236675665,3.1629516236675665,3.1629516236675665,3.1629516236675665,3.1629516236675665,3.1629516236675665,3.1629516236675665,3.1629516236675665,3.1629516236675665,3.1629516236675665,3.1629516236675665,3.1629516236675665,3.1629516236675665,3.1629516236675665,3.1629516236675665,3.1629516236675665,3.1629516236675665,3.1629516236675665,3.1629516236675665,3.1629516236675665,3.1629516236675665,3.1629516236675665,3.1629516236675665,3.1629516236675665,3.1629516236675665,3.1629516236675665,3.1629516236675665,3.1629516236675665,3.1629516236675665,3.1629516236675665,3.1629516236675665,3.1629516236675665,3.1629516236675665,3.1629516236675665,3.1629516236675665,3.1629516236675665,3.1629516236675665,3.1629516236675665,3.1629516236675665,3.1629516236675665,3.1629516236675665,3.1629516236675665,3.1629516236675665,3.1629516236675665,3.1629516236675665,3.1629516236675665,3.1629516236675665,3.1629516236675665,3.1629516236675665,3.1629516236675665,3.1629516236675665,3.1629516236675665,3.1629516236675665,3.1629516236675665,3.1629516236675665,3.1629516236675665,3.1629516236675665,3.1629516236675665,3.1629516236675665,3.1629516236675665,3.1629516236675665,3.1629516236675665,3.1629516236675665,3.1629516236675665,3.1629516236675665,3.1629516236675665,3.1629516236675665,3.1629516236675665,3.1629516236675665,3.1629516236675665,3.1629516236675665,3.1629516236675665,3.1629516236675665,3.1629516236675665,3.1629516236675665,3.1629516236675665,3.1629516236675665,3.1629516236675665,3.1629516236675665,3.1629516236675665,3.1629516236675665,3.1629516236675665,3.1629516236675665,3.1629516236675665,3.1629516236675665,3.1629516236675665,3.1629516236675665,3.1629516236675665,3.1629516236675665,3.1629516236675665,3.1629516236675665,3.1629516236675665,3.1629516236675665,3.1629516236675665,3.1629516236675665,3.1629516236675665,3.1629516236675665,3.1629516236675665,3.1629516236675665,3.1629516236675665,3.1629516236675665,3.1629516236675665,3.1629516236675665,3.1629516236675665,3.1629516236675665,3.1629516236675665,3.1629516236675665,3.1629516236675665,3.1629516236675665,3.1629516236675665,3.1629516236675665,3.1629516236675665,3.1629516236675665,3.1629516236675665,3.1629516236675665,3.1629516236675665,3.1629516236675665,3.1629516236675665,3.1629516236675665,3.1629516236675665,3.1629516236675665,3.1629516236675665,3.1629516236675665,3.1629516236675665,3.1629516236675665,3.1629516236675665,3.1629516236675665,3.1629516236675665,3.1629516236675665,3.1629516236675665,3.1629516236675665,3.1629516236675665,3.1629516236675665,3.1629516236675665,3.1629516236675665,3.1629516236675665,3.1629516236675665,3.1629516236675665,3.1629516236675665,3.1629516236675665,3.1629516236675665,3.1629516236675665,3.1629516236675665,3.1629516236675665,3.1629516236675665,3.1629516236675665,3.1629516236675665,3.1629516236675665,3.1629516236675665,3.1629516236675665,3.1629516236675665,3.1629516236675665,3.1629516236675665,3.1629516236675665,3.1629516236675665,3.1629516236675665,3.1629516236675665,3.1629516236675665,3.1629516236675665,3.1629516236675665,3.1629516236675665,3.1629516236675665,3.1629516236675665,3.1629516236675665,3.1629516236675665,3.1629516236675665,3.1629516236675665,3.1629516236675665,3.1629516236675665,3.1629516236675665,3.1629516236675665,3.1629516236675665,3.1629516236675665,3.1629516236675665,3.1629516236675665,3.1629516236675665,3.1629516236675665,3.1629516236675665,3.1629516236675665,3.1629516236675665,3.1629516236675665,3.1629516236675665,3.1629516236675665,3.1629516236675665,3.1629516236675665,3.1629516236675665,3.1629516236675665,3.1629516236675665,3.1629516236675665,3.1629516236675665,3.1629516236675665,3.1629516236675665,3.1629516236675665,3.1629516236675665,3.1629516236675665,3.1629516236675665,3.1629516236675665,3.1629516236675665,3.1629516236675665,3.1629516236675665,3.1629516236675665,3.1629516236675665,3.1629516236675665,3.1629516236675665,3.1629516236675665,3.1629516236675665,3.1629516236675665,3.1629516236675665,3.1629516236675665,3.1629516236675665,3.1629516236675665,3.1629516236675665,3.1629516236675665,3.1629516236675665,3.1629516236675665,3.1629516236675665,3.1629516236675665,3.1629516236675665,3.1629516236675665,3.1629516236675665,3.1629516236675665,3.1629516236675665,3.1629516236675665,3.1629516236675665,3.1629516236675665,3.1629516236675665,3.1629516236675665,3.1629516236675665,3.1629516236675665,3.1629516236675665,3.1629516236675665,3.1629516236675665,3.1629516236675665,3.1629516236675665,3.1629516236675665,3.1629516236675665,3.1629516236675665,3.1629516236675665,3.1629516236675665,3.1629516236675665,3.1629516236675665,3.1629516236675665,3.1629516236675665,3.1629516236675665,3.1629516236675665,3.1629516236675665,3.1629516236675665,3.1629516236675665,3.1629516236675665,3.1629516236675665,3.1629516236675665,3.1629516236675665,3.1629516236675665,3.1629516236675665,3.1629516236675665,3.1629516236675665,3.1629516236675665,3.1629516236675665,3.1629516236675665,3.1629516236675665,3.1629516236675665,3.1629516236675665,3.1629516236675665,3.1629516236675665,3.1629516236675665,3.1629516236675665,3.1629516236675665,3.1629516236675665,3.1629516236675665,3.1629516236675665,3.1629516236675665,3.1629516236675665,3.1629516236675665,3.1629516236675665,3.1629516236675665,3.1629516236675665,3.1629516236675665,3.1629516236675665,3.1629516236675665,3.1629516236675665,3.1629516236675665,3.1629516236675665,3.1629516236675665,3.1629516236675665,3.1629516236675665,3.1629516236675665,3.1629516236675665,3.1629516236675665,3.1629516236675665,3.1629516236675665,3.1629516236675665,3.1629516236675665,3.1629516236675665,3.1629516236675665,3.1629516236675665,3.1629516236675665,3.1629516236675665,3.1629516236675665,3.1629516236675665,3.1629516236675665,3.1629516236675665,3.1629516236675665,3.1629516236675665,3.1629516236675665,3.1629516236675665,3.1629516236675665,3.1629516236675665,3.1629516236675665,3.1629516236675665,3.1629516236675665,3.1629516236675665,3.1629516236675665,3.1629516236675665,3.1629516236675665,3.1629516236675665,3.1629516236675665,3.1629516236675665,3.1629516236675665,3.1629516236675665,3.1629516236675665,3.1629516236675665,3.1629516236675665,3.1629516236675665,3.1629516236675665,3.1629516236675665,3.1629516236675665,3.1629516236675665,3.1629516236675665,3.1629516236675665,3.1629516236675665,3.1629516236675665,3.1629516236675665,3.1629516236675665,3.1629516236675665,3.1629516236675665,3.1629516236675665,3.1629516236675665,3.1629516236675665,3.1629516236675665,3.1629516236675665,3.1629516236675665,3.1629516236675665,3.1629516236675665,3.1629516236675665,3.1629516236675665,3.1629516236675665,3.1629516236675665,3.1629516236675665,3.1629516236675665,3.1629516236675665,3.1629516236675665,3.1629516236675665,3.1629516236675665,3.1629516236675665,3.1629516236675665,3.1629516236675665,3.1629516236675665,6.4618563129709266,6.095033405963309,6.088110457561184,6.088110457561184,6.088110457561184,6.088110457561184,6.088110457561184,5.940080174919481,5.940080174919481,5.940080174919481,5.803123457569448,5.803123457569448,5.803123457569448,5.803123457569448,5.803123457569448,5.803123457569448,5.803123457569448,5.803123457569448,5.803123457569448,5.801347467544922,5.801347467544922,5.801347467544922,5.801347467544922,5.801347467544922,5.801347467544922,5.801347467544922,5.801347467544922,5.495072007678138,5.495072007678138,5.495072007678138,5.495072007678138,5.495072007678138,5.495072007678138,5.495072007678138,5.495072007678138,5.495072007678138,5.495072007678138,5.495072007678138,5.495072007678138,5.495072007678138,5.495072007678138,5.495072007678138,5.495072007678138,5.495072007678138,5.495072007678138,5.495072007678138,5.495072007678138,5.495072007678138,5.495072007678138,5.495072007678138,5.495072007678138,5.495072007678138,5.495072007678138,5.495072007678138,5.495072007678138,5.495072007678138,5.495072007678138,5.495072007678138,5.495072007678138,5.495072007678138,5.495072007678138,5.495072007678138,5.495072007678138,5.495072007678138,5.495072007678138,5.495072007678138,5.495072007678138,5.495072007678138,5.495072007678138,5.495072007678138,5.495072007678138,5.495072007678138,5.495072007678138,5.495072007678138,5.495072007678138,5.495072007678138,5.495072007678138,5.495072007678138,5.495072007678138,5.495072007678138,5.495072007678138,5.495072007678138,5.495072007678138,5.495072007678138,5.495072007678138,5.495072007678138,5.495072007678138,5.495072007678138,5.495072007678138,5.495072007678138,5.495072007678138,5.495072007678138,5.495072007678138,5.495072007678138,5.495072007678138,5.495072007678138,5.495072007678138,5.495072007678138,5.495072007678138,5.495072007678138,5.495072007678138,5.495072007678138,5.495072007678138,5.495072007678138,5.495072007678138,5.495072007678138,5.495072007678138,5.495072007678138,5.495072007678138,5.495072007678138,5.495072007678138,5.495072007678138,5.495072007678138,5.495072007678138,5.133396940595051,5.034018167022426,4.7217398189548225,4.7217398189548225,4.7217398189548225,4.7217398189548225,4.7217398189548225,4.633699897393823,4.633699897393823,4.633699897393823,4.633699897393823,4.633699897393823,4.633699897393823,4.633699897393823,4.633699897393823,4.633699897393823,4.633699897393823,4.633699897393823,4.633699897393823,4.633699897393823,4.633699897393823,4.633699897393823,4.633699897393823,4.633699897393823,4.633699897393823,4.606260265902957,4.606260265902957,4.606260265902957,4.606260265902957,4.606260265902957,4.606260265902957,4.606260265902957,4.482527769260158,4.482527769260158,4.482527769260158,4.482527769260158,4.482527769260158,4.482527769260158,3.836369312624623,3.836369312624623,3.836369312624623,3.836369312624623,3.683238897613135,3.683238897613135,3.683238897613135,3.683238897613135,3.683238897613135,3.683238897613135,3.683238897613135,3.683238897613135,3.683238897613135,3.683238897613135,3.683238897613135,3.683238897613135,3.683238897613135,3.683238897613135,3.683238897613135,3.683238897613135,3.683238897613135,3.683238897613135,3.683238897613135,3.683238897613135,3.683238897613135,3.683238897613135,3.683238897613135,3.683238897613135,3.683238897613135,3.683238897613135,3.683238897613135,3.683238897613135,3.683238897613135,3.683238897613135,3.683238897613135,3.683238897613135,3.683238897613135,3.683238897613135,3.683238897613135,3.683238897613135,3.683238897613135,3.683238897613135,3.683238897613135,3.683238897613135,3.683238897613135,3.683238897613135,3.683238897613135,3.683238897613135,3.683238897613135,3.683238897613135,3.683238897613135,3.683238897613135,3.683238897613135,3.683238897613135,3.683238897613135,3.683238897613135,3.683238897613135,3.683238897613135,3.683238897613135,3.683238897613135,3.683238897613135,3.683238897613135,3.683238897613135,3.683238897613135,3.683238897613135,3.683238897613135,3.683238897613135,3.683238897613135,3.683238897613135,3.683238897613135,3.683238897613135,3.683238897613135,3.683238897613135,3.683238897613135,3.683238897613135,3.683238897613135,3.683238897613135,3.683238897613135,3.683238897613135,3.683238897613135,3.683238897613135,3.683238897613135,3.683238897613135,3.683238897613135,3.683238897613135,3.683238897613135,3.683238897613135,3.683238897613135,3.683238897613135,3.683238897613135,3.683238897613135,3.683238897613135,3.683238897613135,3.683238897613135,3.683238897613135,3.683238897613135,3.683238897613135,3.683238897613135,3.683238897613135,3.683238897613135,3.683238897613135,3.683238897613135,3.683238897613135,3.683238897613135,3.683238897613135,3.683238897613135,3.683238897613135,3.683238897613135,3.683238897613135,3.683238897613135,3.683238897613135,3.683238897613135,3.683238897613135,3.683238897613135,3.683238897613135,3.683238897613135,3.683238897613135,3.683238897613135,3.683238897613135,3.683238897613135,3.683238897613135,3.683238897613135,3.683238897613135,3.683238897613135,3.683238897613135,3.683238897613135,3.683238897613135,3.683238897613135,3.683238897613135,3.683238897613135,3.683238897613135,3.683238897613135,3.683238897613135,3.683238897613135,3.683238897613135,3.683238897613135,3.683238897613135,3.683238897613135,3.683238897613135,3.683238897613135,3.683238897613135,3.683238897613135,3.683238897613135,3.683238897613135,3.683238897613135,3.683238897613135,3.683238897613135,3.683238897613135,3.683238897613135,3.683238897613135,3.683238897613135,3.683238897613135,3.683238897613135,3.683238897613135,3.683238897613135,3.683238897613135,3.683238897613135,3.683238897613135,3.683238897613135,3.683238897613135,3.683238897613135,3.683238897613135,3.683238897613135,3.683238897613135,3.683238897613135,3.683238897613135,3.683238897613135,3.683238897613135,3.683238897613135,3.683238897613135,3.683238897613135,3.683238897613135,3.683238897613135,3.683238897613135,3.683238897613135,3.683238897613135,3.683238897613135,3.683238897613135,3.683238897613135,3.683238897613135,3.683238897613135,3.683238897613135,3.683238897613135,3.683238897613135,3.683238897613135,3.683238897613135,3.683238897613135,3.683238897613135,3.683238897613135,3.683238897613135,3.683238897613135,3.683238897613135,3.683238897613135,3.683238897613135,3.683238897613135,3.683238897613135,3.683238897613135,3.683238897613135,3.683238897613135,3.683238897613135,3.683238897613135,3.683238897613135,3.683238897613135,3.683238897613135,3.683238897613135,3.683238897613135,3.683238897613135,3.683238897613135,3.683238897613135,3.683238897613135,3.683238897613135,3.683238897613135,3.683238897613135,3.683238897613135,3.683238897613135,3.683238897613135,3.683238897613135,3.683238897613135,3.683238897613135,3.683238897613135,3.683238897613135,3.683238897613135,3.683238897613135,3.683238897613135,3.683238897613135,3.683238897613135,3.683238897613135,3.683238897613135,3.683238897613135,3.683238897613135,3.683238897613135,3.683238897613135,3.683238897613135,3.683238897613135,3.683238897613135,3.683238897613135,3.683238897613135,3.683238897613135,3.683238897613135,3.683238897613135,3.683238897613135,3.683238897613135,3.683238897613135,3.683238897613135,3.683238897613135,3.683238897613135,3.683238897613135,3.683238897613135,3.683238897613135,3.683238897613135,3.683238897613135,3.683238897613135,3.683238897613135,3.683238897613135,3.683238897613135,3.683238897613135,3.683238897613135,3.683238897613135,3.683238897613135,3.683238897613135,3.683238897613135,3.683238897613135,3.683238897613135,3.683238897613135,3.683238897613135,3.683238897613135,3.683238897613135,3.683238897613135,3.683238897613135,3.683238897613135,3.683238897613135,3.683238897613135,3.683238897613135,3.683238897613135,3.683238897613135,3.683238897613135,3.683238897613135,3.683238897613135,3.683238897613135,3.683238897613135,3.683238897613135,3.683238897613135,3.683238897613135,3.683238897613135,3.683238897613135,3.683238897613135,3.683238897613135,3.683238897613135,3.683238897613135,3.683238897613135,3.683238897613135,3.683238897613135,3.683238897613135,3.683238897613135,3.683238897613135,3.683238897613135,3.683238897613135,3.683238897613135,3.683238897613135,3.683238897613135,3.683238897613135,3.683238897613135,3.683238897613135,3.683238897613135,3.683238897613135,3.683238897613135,3.683238897613135,3.683238897613135,3.683238897613135,3.683238897613135,3.683238897613135,3.683238897613135,3.683238897613135,3.683238897613135,3.683238897613135,3.683238897613135,3.683238897613135,3.683238897613135,3.683238897613135,3.683238897613135,3.683238897613135,3.683238897613135,3.683238897613135,3.683238897613135,3.683238897613135,3.683238897613135,3.683238897613135,3.683238897613135,3.683238897613135,3.683238897613135,3.683238897613135,3.683238897613135,3.683238897613135,3.683238897613135,3.683238897613135,3.683238897613135,3.683238897613135,3.683238897613135,3.683238897613135,3.683238897613135,3.683238897613135,3.683238897613135,3.683238897613135,3.683238897613135,3.683238897613135,3.683238897613135,3.683238897613135,3.683238897613135,3.683238897613135,3.683238897613135,3.683238897613135,3.683238897613135,3.683238897613135,3.683238897613135,3.683238897613135,3.683238897613135,3.683238897613135,3.683238897613135,3.683238897613135,3.683238897613135,3.683238897613135,3.683238897613135,3.683238897613135,3.683238897613135,3.683238897613135,3.683238897613135,3.683238897613135,3.683238897613135,3.683238897613135,3.683238897613135,3.683238897613135,3.683238897613135,3.683238897613135,3.683238897613135,3.683238897613135,3.683238897613135,3.683238897613135,3.683238897613135,3.683238897613135,3.683238897613135,3.683238897613135,3.683238897613135,3.683238897613135,3.683238897613135,3.683238897613135,3.683238897613135,3.683238897613135,3.683238897613135,3.683238897613135,3.683238897613135,3.683238897613135,3.683238897613135,3.683238897613135,3.683238897613135,3.683238897613135,3.683238897613135,3.683238897613135,3.683238897613135,3.683238897613135,3.683238897613135,3.683238897613135,3.683238897613135,3.683238897613135,3.683238897613135,3.683238897613135,3.683238897613135,3.683238897613135,3.683238897613135,3.683238897613135,3.683238897613135,3.683238897613135,3.683238897613135,3.683238897613135,3.683238897613135,3.683238897613135,3.683238897613135,3.683238897613135,3.683238897613135,3.683238897613135,3.683238897613135,3.683238897613135,3.683238897613135,3.683238897613135,3.683238897613135,3.683238897613135,3.683238897613135,3.683238897613135,3.683238897613135,3.683238897613135,3.683238897613135,3.683238897613135,3.683238897613135,3.683238897613135,3.683238897613135,3.683238897613135,3.683238897613135,3.683238897613135,3.683238897613135,3.683238897613135,3.683238897613135,3.683238897613135,3.683238897613135,3.683238897613135,3.683238897613135,3.683238897613135,3.683238897613135,3.683238897613135,3.683238897613135,3.683238897613135,3.683238897613135,3.683238897613135,3.683238897613135,3.683238897613135,3.683238897613135,3.683238897613135,3.683238897613135,3.683238897613135,3.683238897613135,3.683238897613135,3.683238897613135,3.683238897613135,3.683238897613135,3.683238897613135,3.683238897613135,3.683238897613135,3.683238897613135,3.683238897613135,3.683238897613135,3.683238897613135,3.683238897613135,3.683238897613135,3.683238897613135,3.683238897613135,3.683238897613135,3.683238897613135,3.683238897613135,3.683238897613135,3.683238897613135,3.683238897613135,3.683238897613135,3.683238897613135,3.683238897613135,3.683238897613135,3.683238897613135,3.683238897613135,3.683238897613135,3.683238897613135,3.683238897613135,3.683238897613135,3.683238897613135,3.683238897613135,3.683238897613135,3.683238897613135,3.683238897613135,3.683238897613135,3.683238897613135,3.683238897613135,3.683238897613135,3.683238897613135,3.683238897613135,3.683238897613135,3.683238897613135,3.683238897613135,3.683238897613135,3.683238897613135,3.683238897613135,3.683238897613135,3.683238897613135,3.683238897613135,3.683238897613135,3.683238897613135,3.683238897613135,3.683238897613135,3.683238897613135,3.683238897613135,3.683238897613135,3.683238897613135,3.683238897613135,3.683238897613135,3.683238897613135,3.683238897613135,3.683238897613135,3.683238897613135,3.683238897613135,3.683238897613135,3.683238897613135,3.683238897613135,3.683238897613135,3.683238897613135,3.683238897613135,3.683238897613135,3.683238897613135,3.683238897613135,3.683238897613135,3.683238897613135,3.683238897613135,3.683238897613135,3.683238897613135,3.683238897613135,3.683238897613135,3.683238897613135,3.683238897613135,3.683238897613135,3.683238897613135,3.683238897613135,3.683238897613135,3.683238897613135,3.683238897613135,3.683238897613135,3.683238897613135,3.683238897613135,3.683238897613135,3.683238897613135,3.683238897613135,3.683238897613135,3.683238897613135,3.683238897613135,3.683238897613135,3.683238897613135,3.683238897613135,3.683238897613135,3.683238897613135,3.683238897613135,3.683238897613135,3.683238897613135,3.683238897613135,3.683238897613135,3.683238897613135,3.683238897613135,3.683238897613135,3.683238897613135,3.683238897613135,3.683238897613135,3.683238897613135,3.683238897613135,3.683238897613135,3.683238897613135,3.683238897613135,3.683238897613135,3.683238897613135,3.683238897613135,3.683238897613135,3.683238897613135,3.683238897613135,3.683238897613135,3.683238897613135,3.683238897613135,3.683238897613135,3.683238897613135,3.683238897613135,3.683238897613135,3.683238897613135,3.683238897613135,3.683238897613135,3.683238897613135,3.683238897613135,3.683238897613135,3.683238897613135,3.683238897613135,3.683238897613135,3.683238897613135,3.683238897613135,3.683238897613135,3.683238897613135,3.683238897613135,3.683238897613135,3.683238897613135,3.683238897613135,3.683238897613135,3.683238897613135,3.683238897613135,3.683238897613135,3.683238897613135,3.683238897613135,3.683238897613135,3.683238897613135,3.683238897613135,3.683238897613135,3.683238897613135,3.683238897613135,3.683238897613135,3.683238897613135,3.683238897613135,3.683238897613135,3.683238897613135,3.683238897613135,3.683238897613135,3.683238897613135,3.683238897613135,3.683238897613135,3.683238897613135,3.683238897613135,3.683238897613135,3.683238897613135,3.683238897613135,3.683238897613135,3.683238897613135,3.683238897613135,3.683238897613135,3.683238897613135,3.683238897613135,3.683238897613135,3.683238897613135,3.683238897613135,3.683238897613135,3.683238897613135,3.683238897613135,3.683238897613135,3.683238897613135,3.683238897613135,3.683238897613135,3.683238897613135,3.683238897613135,3.683238897613135,3.683238897613135,3.683238897613135,3.683238897613135,3.683238897613135,3.683238897613135,3.683238897613135,3.683238897613135,3.683238897613135,3.683238897613135,3.683238897613135,3.683238897613135,3.683238897613135,3.683238897613135,3.683238897613135,3.683238897613135,3.683238897613135,3.683238897613135,3.683238897613135,3.683238897613135,3.683238897613135,3.683238897613135,3.683238897613135,3.683238897613135,3.683238897613135,3.683238897613135,3.683238897613135,3.683238897613135,3.683238897613135,3.683238897613135,3.683238897613135,3.683238897613135,3.683238897613135,3.683238897613135,3.683238897613135,3.683238897613135,3.683238897613135,3.683238897613135,3.683238897613135,3.683238897613135,3.683238897613135,3.683238897613135,3.683238897613135,3.683238897613135,3.683238897613135,3.683238897613135,3.683238897613135,3.683238897613135,3.683238897613135,3.683238897613135,3.683238897613135,3.683238897613135,3.683238897613135,3.683238897613135,3.683238897613135,3.683238897613135,3.683238897613135,3.683238897613135,3.683238897613135,3.683238897613135,3.683238897613135,3.683238897613135,3.683238897613135,3.683238897613135,3.683238897613135,3.683238897613135,3.683238897613135,3.683238897613135,3.683238897613135,3.683238897613135,3.683238897613135,3.683238897613135,3.683238897613135,3.683238897613135,3.683238897613135,3.683238897613135,3.683238897613135,3.683238897613135,3.683238897613135,3.683238897613135,3.683238897613135,3.683238897613135,3.683238897613135,3.683238897613135,3.683238897613135,3.683238897613135,3.683238897613135,3.683238897613135,3.683238897613135,3.683238897613135,3.683238897613135,3.683238897613135,3.683238897613135,3.683238897613135,3.683238897613135,3.683238897613135,3.683238897613135,3.683238897613135,3.683238897613135,3.683238897613135,3.683238897613135,3.683238897613135,3.683238897613135,3.683238897613135,3.683238897613135,3.683238897613135,3.683238897613135,3.683238897613135,3.683238897613135,3.683238897613135,3.683238897613135,3.683238897613135,3.683238897613135,3.683238897613135,3.683238897613135,3.683238897613135,3.683238897613135,3.683238897613135,3.683238897613135,3.683238897613135,3.683238897613135,3.683238897613135,3.683238897613135,3.683238897613135,3.683238897613135,3.683238897613135,3.683238897613135,3.683238897613135,3.683238897613135,3.683238897613135,3.683238897613135,3.683238897613135,3.683238897613135,3.683238897613135,3.683238897613135,3.683238897613135,3.683238897613135,3.683238897613135,3.683238897613135,3.683238897613135,3.683238897613135,3.683238897613135,3.683238897613135,3.683238897613135,3.683238897613135,3.683238897613135,3.683238897613135,3.683238897613135,3.683238897613135,3.683238897613135,3.683238897613135,3.683238897613135,3.683238897613135,3.683238897613135,3.683238897613135,3.683238897613135,3.683238897613135,3.683238897613135,3.683238897613135,3.683238897613135,3.683238897613135,3.683238897613135,3.683238897613135,3.683238897613135,3.683238897613135,3.683238897613135,3.683238897613135,3.683238897613135,3.683238897613135,3.683238897613135,3.683238897613135,3.683238897613135,3.683238897613135,3.683238897613135,3.683238897613135,3.683238897613135,3.683238897613135,3.683238897613135,3.683238897613135,3.683238897613135,3.683238897613135,3.683238897613135,3.683238897613135,3.683238897613135,3.683238897613135,3.683238897613135,3.683238897613135,3.683238897613135,3.683238897613135,3.683238897613135,3.683238897613135,3.683238897613135,3.683238897613135,3.683238897613135,3.683238897613135,6.428588429555032,6.428588429555032,6.428588429555032,6.428588429555032,6.165792448145087,6.165792448145087,6.165792448145087,6.165792448145087,6.165792448145087,6.165792448145087,6.165792448145087,6.165792448145087,6.165792448145087,6.165792448145087,6.165792448145087,6.165792448145087,6.165792448145087,6.165792448145087,6.165792448145087,6.165792448145087,6.165792448145087,6.165792448145087,6.165792448145087,6.165792448145087,6.165792448145087,6.165792448145087,5.789673802568016,5.789673802568016,5.789673802568016,5.789673802568016,5.789673802568016,5.789673802568016,5.707202285112871,5.707202285112871,5.707202285112871,5.707202285112871,5.707202285112871,5.707202285112871,5.707202285112871,5.707202285112871,5.707202285112871,5.707202285112871,5.707202285112871,5.707202285112871,5.707202285112871,5.707202285112871,5.707202285112871,5.707202285112871,5.707202285112871,5.707202285112871,5.707202285112871,5.707202285112871,5.707202285112871,5.707202285112871,5.707202285112871,5.707202285112871,5.707202285112871,5.707202285112871,5.707202285112871,5.681628068710573,5.681628068710573,5.681628068710573,5.681628068710573,5.681628068710573,5.681628068710573,5.681628068710573,5.681628068710573,5.681628068710573,5.5403530523888715,5.5403530523888715,5.5403530523888715,5.5403530523888715,5.5403530523888715,5.5403530523888715,5.076073648300456,5.0219532392754855,5.0219532392754855,5.0219532392754855,4.804627108451177,4.804627108451177,4.804627108451177,4.804627108451177,4.804627108451177,4.804627108451177,4.804627108451177,4.804627108451177,4.804627108451177,4.804627108451177,4.804627108451177,4.804627108451177,4.804627108451177,4.804627108451177,4.804627108451177,4.804627108451177,4.804627108451177,4.804627108451177,4.804627108451177,4.804627108451177,4.804627108451177,4.804627108451177,4.804627108451177,4.804627108451177,4.804627108451177,4.804627108451177,4.804627108451177,4.804627108451177,4.804627108451177,4.804627108451177,4.804627108451177,4.804627108451177,4.804627108451177,4.804627108451177,4.804627108451177,4.804627108451177,4.804627108451177,4.804627108451177,4.804627108451177,4.804627108451177,4.804627108451177,4.804627108451177,4.804627108451177,4.804627108451177,4.804627108451177,4.804627108451177,4.804627108451177,4.804627108451177,4.804627108451177,4.804627108451177,4.804627108451177,4.804627108451177,4.804627108451177,4.804627108451177,4.804627108451177,4.804627108451177,4.804627108451177,4.804627108451177,4.804627108451177,4.804627108451177,4.804627108451177,4.804627108451177,4.804627108451177,4.804627108451177,4.804627108451177,4.804627108451177,4.804627108451177,4.804627108451177,4.804627108451177,4.804627108451177,4.804627108451177,4.804627108451177,4.804627108451177,4.804627108451177,4.804627108451177,4.804627108451177,4.804627108451177,4.804627108451177,4.804627108451177,4.804627108451177,4.804627108451177,4.804627108451177,4.804627108451177,4.804627108451177,4.804627108451177,4.804627108451177,4.804627108451177,4.804627108451177,4.804627108451177,4.804627108451177,4.804627108451177,4.804627108451177,4.804627108451177,4.804627108451177,4.804627108451177,4.804627108451177,4.804627108451177,4.804627108451177,4.804627108451177,4.804627108451177,4.804627108451177,4.804627108451177,4.804627108451177,4.804627108451177,4.804627108451177,4.804627108451177,4.804627108451177,4.804627108451177,4.804627108451177,4.804627108451177,4.804627108451177,4.804627108451177,4.804627108451177,4.804627108451177,4.804627108451177,4.804627108451177,4.804627108451177,4.804627108451177,4.804627108451177,4.804627108451177,4.804627108451177,4.804627108451177,4.804627108451177,4.804627108451177,4.804627108451177,4.804627108451177,4.804627108451177,4.804627108451177,4.804627108451177,4.804627108451177,4.804627108451177,4.804627108451177,4.804627108451177,4.804627108451177,4.804627108451177,4.804627108451177,4.804627108451177,4.804627108451177,4.804627108451177,4.804627108451177,4.804627108451177,4.804627108451177,4.804627108451177,4.804627108451177,4.804627108451177,4.804627108451177,4.804627108451177,4.804627108451177,4.804627108451177,4.804627108451177,4.804627108451177,4.804627108451177,4.804627108451177,4.804627108451177,4.804627108451177,4.804627108451177,4.804627108451177,4.804627108451177,4.804627108451177,4.804627108451177,4.804627108451177,4.804627108451177,4.804627108451177,4.804627108451177,4.804627108451177,4.804627108451177,4.804627108451177,4.804627108451177,4.804627108451177,4.804627108451177,4.804627108451177,4.804627108451177,4.804627108451177,4.804627108451177,4.804627108451177,4.804627108451177,4.804627108451177,4.804627108451177,4.804627108451177,4.804627108451177,4.804627108451177,4.804627108451177,4.804627108451177,4.804627108451177,4.804627108451177,4.804627108451177,4.804627108451177,4.804627108451177,4.804627108451177,4.804627108451177,4.804627108451177,4.804627108451177,4.804627108451177,4.804627108451177,4.804627108451177,4.804627108451177,4.804627108451177,4.804627108451177,4.804627108451177,4.804627108451177,4.804627108451177,4.804627108451177,4.804627108451177,4.804627108451177,4.804627108451177,4.804627108451177,4.804627108451177,4.804627108451177,4.804627108451177,4.804627108451177,4.804627108451177,4.804627108451177,4.804627108451177,4.804627108451177,4.804627108451177,4.804627108451177,4.804627108451177,4.804627108451177,4.804627108451177,4.804627108451177,4.804627108451177,4.804627108451177,4.804627108451177,4.804627108451177,4.804627108451177,4.804627108451177,4.804627108451177,4.804627108451177,4.804627108451177,4.804627108451177,4.804627108451177,4.804627108451177,4.804627108451177,4.804627108451177,4.804627108451177,4.804627108451177,4.804627108451177,4.804627108451177,4.804627108451177,4.804627108451177,4.804627108451177,4.804627108451177,4.804627108451177,4.804627108451177,4.804627108451177,4.804627108451177,4.804627108451177,4.804627108451177,4.804627108451177,4.804627108451177,4.804627108451177,4.804627108451177,4.804627108451177,4.804627108451177,4.804627108451177,4.804627108451177,4.804627108451177,4.804627108451177,4.804627108451177,4.804627108451177,4.804627108451177,4.804627108451177,4.804627108451177,4.804627108451177,4.804627108451177,4.804627108451177,4.804627108451177,4.804627108451177,4.804627108451177,4.804627108451177,4.804627108451177,4.804627108451177,4.804627108451177,4.804627108451177,4.804627108451177,4.804627108451177,4.804627108451177,4.804627108451177,4.804627108451177,4.804627108451177,4.804627108451177,4.804627108451177,4.804627108451177,4.804627108451177,4.804627108451177,4.804627108451177,4.804627108451177,4.804627108451177,4.804627108451177,4.804627108451177,4.804627108451177,4.804627108451177,4.804627108451177,4.804627108451177,4.804627108451177,4.804627108451177,4.804627108451177,4.804627108451177,4.804627108451177,4.804627108451177,4.804627108451177,4.804627108451177,4.804627108451177,4.804627108451177,4.804627108451177,4.804627108451177,4.804627108451177,4.804627108451177,4.804627108451177,4.804627108451177,4.804627108451177,4.804627108451177,4.804627108451177,4.804627108451177,4.804627108451177,4.804627108451177,4.804627108451177,4.804627108451177,4.804627108451177,4.804627108451177,4.804627108451177,4.804627108451177,4.804627108451177,4.804627108451177,4.804627108451177,4.804627108451177,4.804627108451177,4.804627108451177,4.804627108451177,4.804627108451177,4.804627108451177,4.804627108451177,4.804627108451177,4.804627108451177,4.804627108451177,4.804627108451177,4.804627108451177,4.804627108451177,4.804627108451177,4.804627108451177,4.804627108451177,4.804627108451177,4.804627108451177,4.804627108451177,4.804627108451177,4.804627108451177,4.804627108451177,4.804627108451177,4.804627108451177,4.804627108451177,4.804627108451177,4.804627108451177,4.804627108451177,4.804627108451177,4.804627108451177,4.804627108451177,4.804627108451177,4.804627108451177,4.804627108451177,4.804627108451177,4.804627108451177,4.804627108451177,4.804627108451177,4.804627108451177,4.804627108451177,4.804627108451177,4.804627108451177,4.804627108451177,4.804627108451177,4.804627108451177,4.804627108451177,4.804627108451177,4.804627108451177,4.804627108451177,4.804627108451177,4.804627108451177,4.804627108451177,4.804627108451177,4.804627108451177,4.804627108451177,4.804627108451177,4.804627108451177,4.804627108451177,4.804627108451177,4.804627108451177,4.804627108451177,4.804627108451177,4.804627108451177,4.804627108451177,4.804627108451177,4.804627108451177,4.804627108451177,4.804627108451177,4.804627108451177,4.804627108451177,4.804627108451177,4.804627108451177,4.804627108451177,4.804627108451177,4.804627108451177,4.804627108451177,4.804627108451177,4.804627108451177,4.804627108451177,4.804627108451177,4.804627108451177,4.804627108451177,4.804627108451177,4.804627108451177,4.804627108451177,4.804627108451177,4.804627108451177,4.804627108451177,4.804627108451177,4.804627108451177,4.804627108451177,4.804627108451177,4.804627108451177,4.804627108451177,4.804627108451177,4.804627108451177,4.804627108451177,4.804627108451177,4.804627108451177,4.804627108451177,4.804627108451177,4.804627108451177,4.804627108451177,4.804627108451177,4.804627108451177,4.804627108451177,4.804627108451177,4.804627108451177,4.804627108451177,4.804627108451177,4.804627108451177,4.804627108451177,4.3246607291821,4.3246607291821,4.3246607291821,4.3246607291821,4.3246607291821,4.3246607291821,4.3246607291821,4.3246607291821,4.3246607291821,4.3246607291821,4.3246607291821,4.3246607291821,4.3246607291821,4.3246607291821,4.3246607291821,4.3246607291821,4.3246607291821,4.3246607291821,4.3246607291821,4.3246607291821,4.3246607291821,4.3246607291821,4.3246607291821,4.3246607291821,4.3246607291821,4.3246607291821,4.3246607291821,4.3246607291821,4.3246607291821,4.3246607291821,4.3246607291821,4.3246607291821,4.3246607291821,4.3246607291821,4.3246607291821,4.3246607291821,4.3246607291821,4.3246607291821,4.3246607291821,4.3246607291821,4.3246607291821,4.3246607291821,4.3246607291821,4.3246607291821,4.3246607291821,4.3246607291821,4.3246607291821,4.3246607291821,4.3246607291821,4.3246607291821,4.3246607291821,4.3246607291821,4.3246607291821,4.3246607291821,4.3246607291821,4.3246607291821,4.3246607291821,3.9939794546302627,3.890983223194928,3.890983223194928,3.890983223194928,3.890983223194928,3.890983223194928,3.890983223194928,3.890983223194928,3.890983223194928,3.890983223194928,3.890983223194928,3.890983223194928,3.890983223194928,3.890983223194928,3.890983223194928,3.890983223194928,3.890983223194928,3.890983223194928,3.890983223194928,3.890983223194928,3.890983223194928,3.890983223194928,3.890983223194928,3.890983223194928,3.890983223194928,3.890983223194928,3.890983223194928,3.890983223194928,3.890983223194928,3.890983223194928,3.890983223194928,3.890983223194928,3.890983223194928,3.890983223194928,3.890983223194928,3.890983223194928,3.890983223194928,3.890983223194928,3.890983223194928,3.890983223194928,3.890983223194928,3.890983223194928,3.890983223194928,3.890983223194928,3.890983223194928,3.890983223194928,3.890983223194928,3.890983223194928,3.890983223194928,3.890983223194928,3.890983223194928,3.890983223194928,3.890983223194928,3.890983223194928,3.890983223194928,3.890983223194928,3.890983223194928,3.890983223194928,3.890983223194928,3.890983223194928,3.890983223194928,3.890983223194928,3.890983223194928,3.890983223194928,3.890983223194928,3.890983223194928,3.890983223194928,3.890983223194928,3.890983223194928,3.890983223194928,3.890983223194928,3.890983223194928,3.890983223194928,3.890983223194928,3.890983223194928,3.890983223194928,3.890983223194928,3.890983223194928,3.890983223194928,3.890983223194928,3.890983223194928,3.890983223194928,3.890983223194928,3.890983223194928,3.890983223194928,3.890983223194928,3.890983223194928,3.890983223194928,3.890983223194928,3.890983223194928,3.890983223194928,3.890983223194928,3.890983223194928,3.890983223194928,3.890983223194928,3.890983223194928,3.890983223194928,3.890983223194928,3.890983223194928,3.890983223194928,3.890983223194928,3.890983223194928,3.890983223194928,3.890983223194928,3.890983223194928,3.890983223194928,3.890983223194928,3.890983223194928,3.890983223194928,3.890983223194928,3.890983223194928,3.890983223194928,3.890983223194928,3.890983223194928,3.890983223194928,3.890983223194928,3.890983223194928,3.890983223194928,3.890983223194928,3.890983223194928,3.890983223194928,3.890983223194928,3.890983223194928,3.890983223194928,3.890983223194928,3.890983223194928,3.890983223194928,3.890983223194928,3.890983223194928,3.890983223194928,3.890983223194928,3.890983223194928,3.890983223194928,3.890983223194928,3.890983223194928,3.890983223194928,3.890983223194928,3.890983223194928,3.890983223194928,3.890983223194928,3.890983223194928,3.890983223194928,3.890983223194928,3.890983223194928,3.890983223194928,3.890983223194928,3.890983223194928,3.890983223194928,3.890983223194928,3.890983223194928,3.890983223194928,3.890983223194928,3.890983223194928,3.890983223194928,3.890983223194928,3.890983223194928,3.890983223194928,3.890983223194928,3.890983223194928,3.890983223194928,3.890983223194928,3.890983223194928,3.890983223194928,3.890983223194928,3.890983223194928,3.890983223194928,3.890983223194928,3.890983223194928,3.890983223194928,3.890983223194928,3.890983223194928,3.890983223194928,3.890983223194928,3.890983223194928,3.890983223194928,3.890983223194928,3.890983223194928,3.890983223194928,3.890983223194928,3.890983223194928,3.890983223194928,3.890983223194928,3.890983223194928,3.890983223194928,3.890983223194928,3.890983223194928,3.890983223194928,3.890983223194928,3.890983223194928,3.890983223194928,3.890983223194928,3.890983223194928,3.890983223194928,3.890983223194928,3.890983223194928,3.890983223194928,3.890983223194928,3.890983223194928,3.890983223194928,3.890983223194928,3.890983223194928,3.890983223194928,3.890983223194928,3.890983223194928,3.890983223194928,3.890983223194928,3.890983223194928,3.890983223194928,3.890983223194928,3.890983223194928,3.890983223194928,3.890983223194928,3.890983223194928,3.890983223194928,3.890983223194928,3.890983223194928,3.890983223194928,3.890983223194928,3.890983223194928,3.890983223194928,3.890983223194928,3.890983223194928,3.890983223194928,3.890983223194928,3.890983223194928,3.890983223194928,3.890983223194928,3.890983223194928,3.890983223194928,3.890983223194928,3.890983223194928,3.890983223194928,3.890983223194928,3.890983223194928,3.890983223194928,3.890983223194928,3.890983223194928,3.890983223194928,3.890983223194928,3.890983223194928,3.890983223194928,3.890983223194928,3.890983223194928,3.890983223194928,3.890983223194928,3.890983223194928,3.890983223194928,3.890983223194928,3.890983223194928,3.890983223194928,3.890983223194928,3.890983223194928,3.890983223194928,3.890983223194928,3.890983223194928,3.890983223194928,3.890983223194928,3.890983223194928,3.890983223194928,3.890983223194928,3.890983223194928,3.890983223194928,3.890983223194928,3.890983223194928,3.890983223194928,3.890983223194928,3.890983223194928,3.890983223194928,3.890983223194928,3.890983223194928,3.890983223194928,3.890983223194928,3.890983223194928,3.890983223194928,3.890983223194928,3.890983223194928,3.890983223194928,3.890983223194928,3.890983223194928,3.890983223194928,3.890983223194928,3.890983223194928,3.890983223194928,3.890983223194928,3.890983223194928,3.890983223194928,3.890983223194928,3.890983223194928,3.890983223194928,3.890983223194928,3.890983223194928,3.890983223194928,3.890983223194928,3.890983223194928,3.890983223194928,3.890983223194928,3.890983223194928,3.890983223194928,3.890983223194928,3.890983223194928,3.890983223194928,3.890983223194928,3.890983223194928,3.890983223194928,3.890983223194928,3.890983223194928,3.890983223194928,3.890983223194928,3.890983223194928,3.890983223194928,3.890983223194928,3.890983223194928,3.890983223194928,3.890983223194928,3.890983223194928,3.890983223194928,3.890983223194928,3.890983223194928,3.890983223194928,3.890983223194928,3.890983223194928,3.890983223194928,3.890983223194928,3.890983223194928,3.890983223194928,3.890983223194928,3.890983223194928,3.890983223194928,3.890983223194928,3.890983223194928,3.890983223194928,3.890983223194928,3.890983223194928,3.890983223194928,3.890983223194928,3.890983223194928,3.890983223194928,3.890983223194928,3.890983223194928,3.890983223194928,3.890983223194928,3.890983223194928,3.890983223194928,3.890983223194928,3.890983223194928,3.890983223194928,3.890983223194928,3.890983223194928,3.890983223194928,3.890983223194928,3.890983223194928,3.890983223194928,3.890983223194928,3.890983223194928,3.890983223194928,3.890983223194928,3.890983223194928,3.890983223194928,3.890983223194928,3.890983223194928,3.890983223194928,3.890983223194928,3.890983223194928,3.890983223194928,3.890983223194928,3.890983223194928,3.890983223194928,3.890983223194928,3.890983223194928,3.890983223194928,3.890983223194928,3.890983223194928,3.890983223194928,3.890983223194928,3.890983223194928,3.890983223194928,3.890983223194928,3.890983223194928,3.890983223194928,3.890983223194928,3.890983223194928,3.890983223194928,3.890983223194928,3.890983223194928,3.890983223194928,3.890983223194928,3.890983223194928,3.890983223194928,3.890983223194928,3.890983223194928,3.890983223194928,3.890983223194928,3.890983223194928,3.890983223194928,3.890983223194928,3.890983223194928,3.890983223194928,3.890983223194928,3.890983223194928,3.890983223194928,3.890983223194928,3.890983223194928,3.890983223194928,3.890983223194928,3.890983223194928,3.890983223194928,3.890983223194928,3.890983223194928,3.890983223194928,3.890983223194928,3.890983223194928,3.890983223194928,3.890983223194928,3.890983223194928,3.890983223194928,3.890983223194928,3.890983223194928,3.890983223194928,3.890983223194928,3.890983223194928,3.890983223194928,3.890983223194928,3.890983223194928,3.890983223194928,3.890983223194928,3.890983223194928,3.890983223194928,3.890983223194928,7.535116417599979,7.535116417599979,7.535116417599979,7.535116417599979,7.535116417599979,7.535116417599979,7.535116417599979,7.535116417599979,7.448741251252435,7.448741251252435,7.448741251252435,7.448741251252435,6.741879027735561,6.5783144426959455,6.5783144426959455,6.5783144426959455,6.5783144426959455,6.41358672070876,6.397480451175411,6.397480451175411,6.397480451175411,6.397480451175411,6.397480451175411,6.397480451175411,6.397480451175411,6.397480451175411,6.397480451175411,6.397480451175411,6.397480451175411,6.397480451175411,6.397480451175411,6.397480451175411,6.397480451175411,6.397480451175411,6.397480451175411,6.397480451175411,6.397480451175411,6.397480451175411,6.397480451175411,6.397480451175411,6.397480451175411,6.397480451175411,6.397480451175411,6.397480451175411,6.397480451175411,6.214529531373505,6.214529531373505,6.214529531373505,6.214529531373505,6.152575598115237,6.152575598115237,6.152575598115237,6.152575598115237,6.152575598115237,6.152575598115237,6.152575598115237,6.152575598115237,6.152575598115237,6.152575598115237,6.152575598115237,6.152575598115237,6.152575598115237,6.152575598115237,6.152575598115237,6.152575598115237,6.152575598115237,6.152575598115237,6.152575598115237,6.152575598115237,6.152575598115237,6.152575598115237,6.152575598115237,6.152575598115237,6.152575598115237,6.152575598115237,6.152575598115237,6.152575598115237,6.152575598115237,6.152575598115237,6.152575598115237,6.152575598115237,6.152575598115237,6.152575598115237,6.152575598115237,6.152575598115237,6.152575598115237,6.152575598115237,6.152575598115237,6.152575598115237,6.152575598115237,6.152575598115237,6.152575598115237,6.152575598115237,6.152575598115237,6.152575598115237,6.152575598115237,6.152575598115237,6.152575598115237,6.152575598115237,6.152575598115237,6.152575598115237,5.647789079705992,5.647789079705992,5.647789079705992,5.647789079705992,5.647789079705992,5.148159630273094,4.662636478773293,4.662636478773293,4.662636478773293,4.662636478773293,4.662636478773293,4.662636478773293,4.662636478773293,4.662636478773293,4.662636478773293,4.662636478773293,4.662636478773293,4.662636478773293,4.662636478773293,4.662636478773293,4.662636478773293,4.662636478773293,4.662636478773293,4.662636478773293,4.662636478773293,4.662636478773293,4.662636478773293,4.662636478773293,4.662636478773293,4.662636478773293,4.662636478773293,4.662636478773293,4.662636478773293,4.662636478773293,4.662636478773293,4.662636478773293,4.662636478773293,4.662636478773293,4.662636478773293,4.662636478773293,4.662636478773293,4.662636478773293,4.662636478773293,4.662636478773293,4.662636478773293,4.662636478773293,4.662636478773293,4.662636478773293,4.662636478773293,4.662636478773293,4.662636478773293,4.662636478773293,4.662636478773293,4.662636478773293,4.662636478773293,4.662636478773293,4.662636478773293,4.662636478773293,4.662636478773293,4.662636478773293,4.662636478773293,4.662636478773293,4.662636478773293,4.662636478773293,4.662636478773293,4.662636478773293,4.662636478773293,4.662636478773293,4.662636478773293,4.662636478773293,4.662636478773293,4.662636478773293,4.662636478773293,4.662636478773293,4.662636478773293,4.662636478773293,4.662636478773293,4.662636478773293,4.662636478773293,4.662636478773293,4.662636478773293,4.662636478773293,4.662636478773293,4.662636478773293,4.662636478773293,4.662636478773293,4.662636478773293,4.662636478773293,4.662636478773293,4.662636478773293,4.662636478773293,4.662636478773293,4.662636478773293,4.662636478773293,4.662636478773293,4.662636478773293,4.662636478773293,4.662636478773293,4.662636478773293,4.662636478773293,4.662636478773293,4.662636478773293,4.662636478773293,4.662636478773293,4.662636478773293,4.662636478773293,4.662636478773293,4.662636478773293,4.662636478773293,4.662636478773293,4.662636478773293,4.662636478773293,4.662636478773293,4.662636478773293,4.662636478773293,4.662636478773293,4.662636478773293,4.662636478773293,4.662636478773293,4.662636478773293,4.662636478773293,4.662636478773293,4.662636478773293,4.662636478773293,4.662636478773293,4.662636478773293,4.662636478773293,4.662636478773293,4.662636478773293,4.662636478773293,4.662636478773293,4.662636478773293,4.662636478773293,4.662636478773293,4.662636478773293,4.662636478773293,4.662636478773293,4.662636478773293,4.662636478773293,4.662636478773293,4.662636478773293,4.662636478773293,4.662636478773293,4.662636478773293,4.662636478773293,4.662636478773293,4.662636478773293,4.662636478773293,4.662636478773293,4.662636478773293,4.662636478773293,4.662636478773293,4.662636478773293,4.662636478773293,4.662636478773293,4.662636478773293,4.662636478773293,4.662636478773293,4.662636478773293,4.662636478773293,4.662636478773293,4.662636478773293,4.662636478773293,4.662636478773293,4.662636478773293,4.662636478773293,4.662636478773293,4.662636478773293,4.662636478773293,4.662636478773293,4.662636478773293,4.662636478773293,4.662636478773293,4.662636478773293,4.662636478773293,4.662636478773293,4.662636478773293,4.662636478773293,4.662636478773293,4.662636478773293,4.662636478773293,4.662636478773293,4.662636478773293,4.662636478773293,4.662636478773293,4.662636478773293,4.662636478773293,4.662636478773293,4.662636478773293,4.662636478773293,4.662636478773293,4.662636478773293,4.662636478773293,4.662636478773293,4.662636478773293,4.662636478773293,4.662636478773293,4.662636478773293,4.662636478773293,4.662636478773293,4.662636478773293,4.662636478773293,4.662636478773293,4.662636478773293,4.662636478773293,4.662636478773293,4.662636478773293,4.662636478773293,4.662636478773293,4.662636478773293,4.662636478773293,4.662636478773293,4.662636478773293,4.662636478773293,4.662636478773293,4.662636478773293,4.662636478773293,4.662636478773293,4.662636478773293,4.662636478773293,4.662636478773293,4.662636478773293,4.662636478773293,4.662636478773293,4.662636478773293,4.662636478773293,4.662636478773293,4.662636478773293,4.662636478773293,4.662636478773293,4.662636478773293,4.662636478773293,4.662636478773293,4.662636478773293,4.662636478773293,4.662636478773293,4.662636478773293,4.662636478773293,4.662636478773293,4.662636478773293,4.662636478773293,4.662636478773293,4.662636478773293,4.662636478773293,4.662636478773293,4.662636478773293,4.662636478773293,4.662636478773293,4.662636478773293,4.662636478773293,4.662636478773293,4.662636478773293,4.662636478773293,4.662636478773293,4.662636478773293,4.662636478773293,4.662636478773293,4.662636478773293,4.662636478773293,4.662636478773293,4.662636478773293,4.662636478773293,4.662636478773293,4.662636478773293,4.662636478773293,4.662636478773293,4.662636478773293,4.662636478773293,4.662636478773293,4.662636478773293,4.662636478773293,4.662636478773293,4.662636478773293,4.662636478773293,4.662636478773293,4.662636478773293,4.662636478773293,4.662636478773293,4.662636478773293,4.662636478773293,4.662636478773293,4.662636478773293,4.662636478773293,4.662636478773293,4.662636478773293,4.662636478773293,4.662636478773293,4.662636478773293,4.662636478773293,4.662636478773293,4.662636478773293,4.662636478773293,4.662636478773293,4.662636478773293,4.662636478773293,4.662636478773293,4.662636478773293,4.662636478773293,4.662636478773293,4.662636478773293,4.662636478773293,4.662636478773293,4.662636478773293,4.662636478773293,4.662636478773293,4.662636478773293,4.662636478773293,4.662636478773293,4.662636478773293,4.662636478773293,4.662636478773293,4.662636478773293,4.662636478773293,4.662636478773293,4.662636478773293,4.662636478773293,4.662636478773293,4.662636478773293,4.662636478773293,4.662636478773293,4.662636478773293,4.662636478773293,4.662636478773293,4.662636478773293,4.662636478773293,4.662636478773293,4.662636478773293,4.662636478773293,4.662636478773293,4.662636478773293,4.662636478773293,4.662636478773293,4.662636478773293,4.662636478773293,4.662636478773293,4.662636478773293,4.662636478773293,4.662636478773293,4.662636478773293,4.662636478773293,4.662636478773293,4.662636478773293,4.662636478773293,4.662636478773293,4.662636478773293,4.662636478773293,4.662636478773293,4.662636478773293,4.662636478773293,4.662636478773293,4.662636478773293,4.662636478773293,4.662636478773293,4.662636478773293,4.662636478773293,4.662636478773293,4.662636478773293,4.662636478773293,4.662636478773293,4.662636478773293,4.662636478773293,4.662636478773293,4.662636478773293,4.662636478773293,4.662636478773293,4.662636478773293,4.662636478773293,4.662636478773293,4.662636478773293,4.662636478773293,4.662636478773293,4.662636478773293,4.662636478773293,4.662636478773293,4.662636478773293,4.662636478773293,4.662636478773293,4.662636478773293,4.662636478773293,4.662636478773293,4.662636478773293,4.662636478773293,4.662636478773293,4.662636478773293,4.662636478773293,4.662636478773293,4.662636478773293,4.662636478773293,4.662636478773293,4.662636478773293,4.662636478773293,4.662636478773293,4.662636478773293,4.662636478773293,4.662636478773293,4.662636478773293,4.662636478773293,4.662636478773293,4.662636478773293,4.662636478773293,4.662636478773293,4.662636478773293,4.662636478773293,4.662636478773293,4.662636478773293,4.662636478773293,4.662636478773293,4.662636478773293,4.662636478773293,4.662636478773293,4.662636478773293,4.662636478773293,4.662636478773293,4.662636478773293,4.662636478773293,4.662636478773293,4.662636478773293,4.662636478773293,4.662636478773293,4.662636478773293,4.662636478773293,4.662636478773293,4.662636478773293,4.662636478773293,4.662636478773293,4.662636478773293,4.662636478773293,4.662636478773293,4.662636478773293,4.662636478773293,4.662636478773293,4.662636478773293,4.662636478773293,4.585372721419336,4.585372721419336,4.585372721419336,4.585372721419336,4.585372721419336,4.585372721419336,4.585372721419336,4.585372721419336,4.585372721419336,4.585372721419336,4.585372721419336,4.585372721419336,4.585372721419336,4.585372721419336,4.585372721419336,4.585372721419336,4.585372721419336,4.585372721419336,4.585372721419336,4.585372721419336,4.585372721419336,4.585372721419336,4.585372721419336,4.585372721419336,4.585372721419336,4.585372721419336,4.585372721419336,4.585372721419336,4.585372721419336,4.585372721419336,4.585372721419336,4.585372721419336,4.585372721419336,4.585372721419336,4.585372721419336,4.585372721419336,4.585372721419336,4.585372721419336,4.585372721419336,4.585372721419336,4.585372721419336,4.585372721419336,4.585372721419336,4.585372721419336,4.585372721419336,4.585372721419336,4.585372721419336,4.585372721419336,4.585372721419336,4.585372721419336,4.585372721419336,4.585372721419336,4.585372721419336,4.585372721419336,4.585372721419336,4.585372721419336,4.585372721419336,4.585372721419336,4.585372721419336,4.585372721419336,4.585372721419336,4.585372721419336,4.585372721419336,4.585372721419336,4.585372721419336,4.585372721419336,4.585372721419336,4.585372721419336,4.585372721419336,4.585372721419336,4.585372721419336,4.585372721419336,4.585372721419336,4.585372721419336,4.585372721419336,4.585372721419336,4.585372721419336,4.585372721419336,4.585372721419336,4.585372721419336,4.585372721419336,4.585372721419336,4.585372721419336,4.585372721419336,4.585372721419336,4.585372721419336,4.585372721419336,4.585372721419336,4.585372721419336,4.585372721419336,4.585372721419336,4.585372721419336,4.585372721419336,4.585372721419336,4.585372721419336,4.585372721419336,4.585372721419336,4.585372721419336,4.585372721419336,4.585372721419336,4.585372721419336,4.585372721419336,4.585372721419336,4.585372721419336,4.585372721419336,4.585372721419336,4.585372721419336,4.585372721419336,4.585372721419336,4.585372721419336,4.585372721419336,4.585372721419336,4.585372721419336,4.585372721419336,4.585372721419336,4.585372721419336,4.585372721419336,4.585372721419336,4.585372721419336,4.357570417064478,4.357570417064478,4.357570417064478,4.357570417064478,4.350243812987849,4.23871442671113,4.064412267738353,4.064412267738353,4.064412267738353,4.064412267738353,4.064412267738353,4.064412267738353,4.064412267738353,4.064412267738353,4.064412267738353,4.064412267738353,4.064412267738353,4.064412267738353,4.064412267738353,4.064412267738353,4.064412267738353,4.064412267738353,4.064412267738353,4.064412267738353,4.064412267738353,4.064412267738353,4.064412267738353,4.064412267738353,4.064412267738353,4.064412267738353,4.064412267738353,4.064412267738353,4.064412267738353,4.064412267738353,4.064412267738353,4.064412267738353,4.064412267738353,4.064412267738353,4.064412267738353,4.064412267738353,4.064412267738353,4.064412267738353,4.064412267738353,4.064412267738353,4.064412267738353,4.064412267738353,4.064412267738353,4.064412267738353,4.064412267738353,4.064412267738353,4.064412267738353,4.064412267738353,4.064412267738353,4.064412267738353,4.064412267738353,4.064412267738353,4.064412267738353,4.064412267738353,4.064412267738353,4.064412267738353,4.064412267738353,4.064412267738353,4.064412267738353,4.064412267738353,4.064412267738353,4.064412267738353,4.064412267738353,4.064412267738353,4.064412267738353,4.064412267738353,4.064412267738353,4.064412267738353,4.064412267738353,4.064412267738353,4.064412267738353,4.064412267738353,4.064412267738353,4.064412267738353,4.064412267738353,4.064412267738353,4.064412267738353,4.064412267738353,4.064412267738353,4.064412267738353,4.064412267738353,4.064412267738353,4.064412267738353,4.064412267738353,4.064412267738353,4.064412267738353,4.064412267738353,4.064412267738353,4.064412267738353,4.064412267738353,4.064412267738353,4.064412267738353,4.064412267738353,4.064412267738353,4.064412267738353,4.064412267738353,4.064412267738353,4.064412267738353,4.064412267738353,4.064412267738353,4.064412267738353,4.064412267738353,4.064412267738353,4.064412267738353,4.064412267738353,4.064412267738353,4.064412267738353,4.064412267738353,4.064412267738353,4.064412267738353,4.064412267738353,4.064412267738353,4.064412267738353,4.064412267738353,4.064412267738353,4.064412267738353,4.064412267738353,4.064412267738353,4.064412267738353,4.064412267738353,4.064412267738353,4.064412267738353,4.064412267738353,4.064412267738353,4.064412267738353,4.064412267738353,4.064412267738353,4.064412267738353,4.064412267738353,4.064412267738353,4.064412267738353,4.064412267738353,4.064412267738353,4.064412267738353,4.064412267738353,4.064412267738353,4.064412267738353,4.064412267738353,4.064412267738353,4.064412267738353,4.064412267738353,4.064412267738353,4.064412267738353,4.064412267738353,4.064412267738353,4.064412267738353,4.064412267738353,4.064412267738353,4.064412267738353,4.064412267738353,4.064412267738353,4.064412267738353,4.064412267738353,4.064412267738353,4.064412267738353,4.064412267738353,4.064412267738353,4.064412267738353,4.064412267738353,4.064412267738353,4.064412267738353,4.064412267738353,4.064412267738353,4.064412267738353,4.064412267738353,4.064412267738353,4.064412267738353,4.064412267738353,4.064412267738353,4.064412267738353,4.064412267738353,4.064412267738353,4.064412267738353,4.064412267738353,4.064412267738353,4.064412267738353,4.064412267738353,4.064412267738353,4.064412267738353,4.064412267738353,4.064412267738353,4.064412267738353,4.064412267738353,4.064412267738353,4.064412267738353,4.064412267738353,3.2577270086628376,3.046155165914045,3.04197739700413,3.04197739700413,3.04197739700413,3.04197739700413,3.04197739700413,3.04197739700413,3.04197739700413,3.04197739700413,3.04197739700413,3.04197739700413,3.04197739700413,3.04197739700413,3.04197739700413,3.04197739700413,3.04197739700413,3.029727271756336,3.029727271756336,3.0279485935109385,3.0279485935109385,3.0279485935109385,3.0279485935109385,3.0279485935109385,3.0279485935109385,3.0279485935109385,3.0279485935109385,3.0279485935109385,3.0279485935109385,3.0279485935109385,3.0279485935109385,3.0279485935109385,3.0279485935109385,3.0279485935109385,3.0279485935109385,3.0279485935109385,3.0279485935109385,3.0279485935109385,3.0279485935109385,3.0279485935109385,3.0279485935109385,3.0279485935109385,3.0279485935109385,3.0279485935109385,3.0279485935109385,3.0279485935109385,3.0279485935109385,3.0279485935109385,3.0279485935109385,3.0279485935109385,3.0279485935109385,3.0279485935109385,3.0279485935109385,3.0279485935109385,3.0279485935109385,3.0279485935109385,3.0279485935109385,3.0279485935109385,3.0279485935109385,3.0279485935109385,3.0279485935109385,3.0279485935109385,3.0279485935109385,3.0279485935109385,3.0279485935109385,3.0279485935109385,3.0279485935109385,3.0279485935109385,3.0279485935109385,3.0279485935109385,3.0279485935109385,3.0279485935109385,3.0279485935109385,3.0279485935109385,3.0279485935109385,3.0279485935109385,3.0279485935109385,3.0279485935109385,3.0279485935109385,3.0279485935109385,3.0279485935109385,3.0279485935109385,3.0279485935109385,3.0279485935109385,3.0279485935109385,3.0279485935109385,3.0279485935109385,2.878722577739089,2.878722577739089,2.878722577739089,2.8528429092484946,2.8528429092484946,2.8528429092484946,2.8528429092484946,2.8528429092484946,2.8528429092484946,2.8528429092484946,2.8528429092484946,2.8528429092484946,2.8528429092484946,2.8528429092484946,2.8528429092484946,2.8528429092484946,2.8528429092484946,2.8528429092484946,2.8528429092484946,2.8528429092484946,2.8528429092484946,2.8528429092484946,2.8528429092484946,2.8528429092484946,2.8528429092484946,2.8528429092484946,2.8528429092484946,2.8528429092484946,2.8528429092484946,2.8528429092484946,2.8528429092484946,2.8528429092484946,2.8528429092484946,2.8528429092484946,2.8528429092484946,2.8528429092484946,2.8528429092484946,2.8528429092484946,2.8528429092484946,2.8528429092484946,2.8528429092484946,2.8528429092484946,2.8528429092484946,2.8528429092484946,2.8528429092484946,2.8528429092484946,2.8528429092484946,2.8528429092484946,2.8528429092484946,2.8528429092484946,2.8528429092484946,2.8528429092484946,2.8528429092484946,2.8528429092484946,2.8528429092484946,2.8528429092484946,2.8528429092484946,2.8528429092484946,2.8528429092484946,2.8528429092484946,2.8528429092484946,2.8528429092484946,2.8528429092484946,2.8528429092484946,2.8528429092484946,2.8528429092484946,2.8528429092484946,2.8528429092484946,2.8528429092484946,2.8528429092484946,7.156291667740714,6.975444584617506,6.975444584617506,6.975444584617506,6.975444584617506,6.975444584617506,6.975444584617506,6.975444584617506,6.975444584617506,6.975444584617506,6.975444584617506,6.975444584617506,6.96640945956105,6.751891237196434,6.751891237196434,6.654621145058633,6.055101393372575,6.055101393372575,6.055101393372575,6.055101393372575,6.055101393372575,6.055101393372575,6.055101393372575,6.055101393372575,6.055101393372575,6.055101393372575,6.055101393372575,6.055101393372575,6.055101393372575,6.055101393372575,6.055101393372575,6.055101393372575,6.055101393372575,6.055101393372575,6.055101393372575,6.055101393372575,6.055101393372575,6.055101393372575,6.055101393372575,6.055101393372575,6.055101393372575,6.055101393372575,6.055101393372575,6.055101393372575,6.055101393372575,6.055101393372575,6.055101393372575,6.055101393372575,6.055101393372575,6.055101393372575,6.055101393372575,6.055101393372575,6.055101393372575,6.055101393372575,6.055101393372575,6.055101393372575,6.055101393372575,6.055101393372575,6.055101393372575,6.055101393372575,6.055101393372575,6.055101393372575,6.055101393372575,6.055101393372575,6.055101393372575,6.055101393372575,6.055101393372575,6.055101393372575,6.055101393372575,6.055101393372575,6.055101393372575,6.055101393372575,6.055101393372575,5.105043034313739,5.073567101832455,5.073567101832455,5.073567101832455,4.59962238274353,4.59962238274353,4.59962238274353,4.59962238274353,4.59962238274353,4.59962238274353,4.59962238274353,4.547806690674552,4.547806690674552,4.547806690674552,4.547806690674552,4.547806690674552,4.547806690674552,4.547806690674552,4.547806690674552,4.547806690674552,4.547806690674552,4.547806690674552,4.547806690674552,4.547806690674552,4.547806690674552,4.547806690674552,4.547806690674552,4.547806690674552,4.547806690674552,4.547806690674552,4.547806690674552,4.547806690674552,4.547806690674552,4.547806690674552,4.547806690674552,4.547806690674552,4.547806690674552,4.547806690674552,4.547806690674552,4.547806690674552,4.547806690674552,4.547806690674552,4.547806690674552,4.547806690674552,4.547806690674552,4.547806690674552,4.547806690674552,4.547806690674552,4.547806690674552,4.547806690674552,4.547806690674552,4.547806690674552,4.547806690674552,4.547806690674552,4.547806690674552,4.547806690674552,4.547806690674552,4.547806690674552,4.547806690674552,4.547806690674552,4.547806690674552,4.547806690674552,4.547806690674552,4.547806690674552,4.547806690674552,4.547806690674552,4.547806690674552,4.547806690674552,4.547806690674552,4.547806690674552,4.547806690674552,4.547806690674552,4.547806690674552,4.547806690674552,4.547806690674552,4.547806690674552,4.547806690674552,4.547806690674552,4.547806690674552,4.547806690674552,4.547806690674552,4.547806690674552,4.547806690674552,4.547806690674552,4.547806690674552,4.547806690674552,4.547806690674552,4.547806690674552,4.547806690674552,4.547806690674552,4.547806690674552,4.547806690674552,4.547806690674552,4.547806690674552,4.547806690674552,4.547806690674552,4.547806690674552,4.547806690674552,4.547806690674552,4.547806690674552,4.547806690674552,4.547806690674552,4.547806690674552,4.547806690674552,4.547806690674552,4.547806690674552,4.547806690674552,4.547806690674552,4.547806690674552,4.547806690674552,4.547806690674552,4.547806690674552,4.547806690674552,4.547806690674552,4.547806690674552,4.547806690674552,4.547806690674552,4.547806690674552,4.547806690674552,4.547806690674552,4.547806690674552,4.547806690674552,4.547806690674552,4.547806690674552,4.547806690674552,4.547806690674552,4.547806690674552,4.547806690674552,4.547806690674552,4.547806690674552,4.547806690674552,4.547806690674552,4.547806690674552,4.547806690674552,4.547806690674552,4.547806690674552,4.547806690674552,4.547806690674552,4.547806690674552,4.547806690674552,4.547806690674552,4.547806690674552,4.547806690674552,4.547806690674552,4.547806690674552,4.547806690674552,4.547806690674552,4.547806690674552,4.547806690674552,4.547806690674552,4.547806690674552,4.547806690674552,4.547806690674552,4.547806690674552,4.547806690674552,4.547806690674552,4.547806690674552,4.547806690674552,4.547806690674552,4.547806690674552,4.547806690674552,4.547806690674552,4.547806690674552,4.547806690674552,4.547806690674552,4.547806690674552,4.547806690674552,4.547806690674552,4.547806690674552,4.547806690674552,4.547806690674552,4.547806690674552,4.547806690674552,4.547806690674552,4.547806690674552,4.547806690674552,4.547806690674552,4.547806690674552,4.547806690674552,4.547806690674552,4.547806690674552,4.547806690674552,4.547806690674552,4.547806690674552,4.547806690674552,4.547806690674552,4.547806690674552,4.547806690674552,4.547806690674552,4.547806690674552,4.547806690674552,4.547806690674552,4.547806690674552,4.547806690674552,4.547806690674552,4.547806690674552,4.547806690674552,4.547806690674552,4.547806690674552,4.547806690674552,4.547806690674552,4.547806690674552,4.547806690674552,4.547806690674552,4.547806690674552,4.547806690674552,4.547806690674552,4.547806690674552,4.547806690674552,4.547806690674552,4.547806690674552,4.547806690674552,4.547806690674552,4.547806690674552,4.547806690674552,4.547806690674552,4.547806690674552,4.547806690674552,4.547806690674552,4.547806690674552,4.547806690674552,4.547806690674552,4.547806690674552,4.547806690674552,4.547806690674552,4.547806690674552,4.547806690674552,4.547806690674552,4.547806690674552,4.547806690674552,4.547806690674552,4.547806690674552,4.547806690674552,4.547806690674552,4.547806690674552,4.547806690674552,4.547806690674552,4.547806690674552,4.547806690674552,4.547806690674552,4.547806690674552,4.547806690674552,4.547806690674552,4.547806690674552,4.547806690674552,4.547806690674552,4.547806690674552,4.547806690674552,4.547806690674552,4.547806690674552,4.547806690674552,4.547806690674552,4.547806690674552,4.547806690674552,4.547806690674552,4.547806690674552,4.547806690674552,4.547806690674552,4.547806690674552,4.547806690674552,4.547806690674552,4.547806690674552,4.547806690674552,4.547806690674552,4.547806690674552,4.547806690674552,4.547806690674552,4.547806690674552,4.547806690674552,4.547806690674552,4.547806690674552,4.547806690674552,4.547806690674552,4.547806690674552,4.547806690674552,4.547806690674552,4.547806690674552,4.547806690674552,4.547806690674552,4.547806690674552,4.547806690674552,4.547806690674552,4.547806690674552,4.547806690674552,4.547806690674552,4.547806690674552,4.547806690674552,4.547806690674552,4.547806690674552,4.547806690674552,4.547806690674552,4.547806690674552,4.547806690674552,4.547806690674552,4.547806690674552,4.547806690674552,4.547806690674552,4.547806690674552,4.547806690674552,4.547806690674552,4.547806690674552,4.547806690674552,4.547806690674552,4.547806690674552,4.547806690674552,4.547806690674552,4.547806690674552,4.547806690674552,4.547806690674552,4.547806690674552,4.547806690674552,4.547806690674552,4.547806690674552,4.547806690674552,4.547806690674552,4.547806690674552,4.547806690674552,4.547806690674552,4.547806690674552,4.547806690674552,4.547806690674552,4.547806690674552,4.547806690674552,4.547806690674552,4.547806690674552,4.547806690674552,4.547806690674552,4.547806690674552,4.547806690674552,4.547806690674552,4.547806690674552,4.547806690674552,4.547806690674552,4.547806690674552,4.547806690674552,4.547806690674552,4.547806690674552,4.547806690674552,4.547806690674552,4.547806690674552,4.547806690674552,4.547806690674552,4.547806690674552,4.547806690674552,4.547806690674552,4.547806690674552,4.547806690674552,4.547806690674552,4.547806690674552,4.547806690674552,4.547806690674552,4.547806690674552,4.547806690674552,4.547806690674552,4.547806690674552,4.547806690674552,4.547806690674552,4.547806690674552,4.547806690674552,4.547806690674552,4.547806690674552,4.547806690674552,4.547806690674552,4.547806690674552,4.547806690674552,4.547806690674552,4.547806690674552,4.547806690674552,4.547806690674552,4.547806690674552,4.547806690674552,4.547806690674552,4.547806690674552,4.547806690674552,4.547806690674552,4.547806690674552,4.547806690674552,4.547806690674552,4.547806690674552,4.547806690674552,4.547806690674552,4.547806690674552,4.547806690674552,4.547806690674552,4.547806690674552,4.547806690674552,4.547806690674552,4.547806690674552,4.547806690674552,4.547806690674552,4.547806690674552,4.547806690674552,4.547806690674552,4.547806690674552,4.547806690674552,4.547806690674552,4.547806690674552,4.547806690674552,4.547806690674552,4.547806690674552,4.547806690674552,4.547806690674552,4.547806690674552,4.547806690674552,4.547806690674552,4.547806690674552,4.547806690674552,4.547806690674552,4.547806690674552,4.547806690674552,4.547806690674552,4.547806690674552,4.547806690674552,4.547806690674552,4.547806690674552,4.547806690674552,4.547806690674552,4.547806690674552,4.547806690674552,4.547806690674552,4.547806690674552,4.547806690674552,4.547806690674552,4.547806690674552,4.547806690674552,4.547806690674552,4.547806690674552,4.547806690674552,4.547806690674552,4.547806690674552,4.547806690674552,4.547806690674552,4.547806690674552,4.547806690674552,4.547806690674552,4.547806690674552,4.547806690674552,4.547806690674552,4.547806690674552,4.547806690674552,4.547806690674552,4.547806690674552,4.547806690674552,4.547806690674552,4.547806690674552,4.547806690674552,4.547806690674552,4.547806690674552,4.547806690674552,4.547806690674552,4.547806690674552,4.547806690674552,4.547806690674552,4.547806690674552,4.547806690674552,4.547806690674552,4.547806690674552,4.547806690674552,4.547806690674552,4.547806690674552,4.547806690674552,4.547806690674552,4.547806690674552,4.547806690674552,4.547806690674552,4.547806690674552,4.547806690674552,4.547806690674552,4.547806690674552,4.547806690674552,4.547806690674552,4.547806690674552,4.547806690674552,4.547806690674552,4.547806690674552,4.547806690674552,4.547806690674552,4.547806690674552,4.547806690674552,4.547806690674552,4.547806690674552,4.547806690674552,4.547806690674552,4.547806690674552,4.547806690674552,4.547806690674552,4.547806690674552,4.547806690674552,4.547806690674552,4.547806690674552,4.547806690674552,4.547806690674552,4.547806690674552,4.547806690674552,4.547806690674552,4.547806690674552,4.547806690674552,4.547806690674552,4.547806690674552,4.547806690674552,4.547806690674552,4.547806690674552,4.547806690674552,4.547806690674552,4.547806690674552,4.547806690674552,4.547806690674552,4.547806690674552,4.547806690674552,4.547806690674552,4.547806690674552,4.547806690674552,4.547806690674552,4.547806690674552,4.547806690674552,4.547806690674552,4.547806690674552,4.547806690674552,4.547806690674552,4.547806690674552,4.547806690674552,4.547806690674552,4.547806690674552,4.547806690674552,4.547806690674552,4.547806690674552,4.547806690674552,4.547806690674552,4.547806690674552,4.547806690674552,4.547806690674552,4.547806690674552,4.547806690674552,4.547806690674552,4.547806690674552,4.547806690674552,4.547806690674552,4.547806690674552,4.547806690674552,4.547806690674552,4.547806690674552,4.547806690674552,4.547806690674552,4.547806690674552,4.547806690674552,4.547806690674552,4.547806690674552,4.547806690674552,4.547806690674552,4.547806690674552,4.547806690674552,4.547806690674552,4.547806690674552,4.547806690674552,4.547806690674552,4.547806690674552,4.547806690674552,4.547806690674552,4.547806690674552,4.547806690674552,4.547806690674552,4.547806690674552,4.547806690674552,4.466940279930514,4.466940279930514,4.466940279930514,4.466940279930514,4.466940279930514,4.466940279930514,4.466940279930514,4.466940279930514,4.466940279930514,4.466940279930514,4.466940279930514,4.466940279930514,4.466940279930514,4.466940279930514,4.466940279930514,4.466940279930514,4.466940279930514,4.466940279930514,4.466940279930514,4.466940279930514,4.466940279930514,4.466940279930514,4.466940279930514,4.466940279930514,4.466940279930514,4.466940279930514,4.466940279930514,4.466940279930514,4.466940279930514,4.466940279930514,4.466940279930514,4.466940279930514,4.466940279930514,4.466940279930514,4.466940279930514,4.466940279930514,4.466940279930514,4.466940279930514,4.466940279930514,4.466940279930514,4.466940279930514,4.466940279930514,4.466940279930514,4.466940279930514,4.466940279930514,4.466940279930514,4.466940279930514,4.466940279930514,4.466940279930514,4.466940279930514,4.466940279930514,4.466940279930514,4.466940279930514,4.466940279930514,4.466940279930514,4.466940279930514,4.466940279930514,4.466940279930514,4.466940279930514,4.466940279930514,4.466940279930514,4.466940279930514,4.466940279930514,4.466940279930514,4.466940279930514,4.466940279930514,4.466940279930514,4.466940279930514,4.466940279930514,4.466940279930514,4.466940279930514,4.466940279930514,4.466940279930514,4.466940279930514,4.466940279930514,4.466940279930514,4.466940279930514,4.466940279930514,4.466940279930514,4.466940279930514,4.466940279930514,4.466940279930514,4.466940279930514,4.466940279930514,4.466940279930514,4.466940279930514,4.466940279930514,4.466940279930514,4.466940279930514,4.466940279930514,4.466940279930514,4.466940279930514,4.466940279930514,4.466940279930514,4.466940279930514,4.466940279930514,4.466940279930514,4.466940279930514,4.466940279930514,4.466940279930514,4.466940279930514,4.466940279930514,4.466940279930514,4.466940279930514,4.466940279930514,4.466940279930514,4.466940279930514,4.466940279930514,4.466940279930514,4.466940279930514,4.466940279930514,4.466940279930514,4.466940279930514,4.466940279930514,4.466940279930514,4.466940279930514,4.466940279930514,4.466940279930514,4.466940279930514,4.466940279930514,4.466940279930514,4.466940279930514,4.466940279930514,4.466940279930514,4.466940279930514,4.466940279930514,4.466940279930514,4.466940279930514,4.466940279930514,4.466940279930514,4.466940279930514,4.466940279930514,4.466940279930514,4.466940279930514,4.466940279930514,4.466940279930514,4.466940279930514,4.466940279930514,4.466940279930514,4.466940279930514,4.466940279930514,4.466940279930514,4.466940279930514,4.466940279930514,4.466940279930514,4.466940279930514,4.466940279930514,4.466940279930514,4.466940279930514,4.466940279930514,4.466940279930514,4.466940279930514,4.466940279930514,4.466940279930514,4.466940279930514,4.466940279930514,4.466940279930514,4.466940279930514,4.466940279930514,4.466940279930514,4.466940279930514,4.466940279930514,4.466940279930514,4.466940279930514,4.466940279930514,4.466940279930514,4.466940279930514,4.466940279930514,4.466940279930514,4.466940279930514,4.466940279930514,4.466940279930514,4.466940279930514,4.466940279930514,4.466940279930514,4.466940279930514,4.466940279930514,4.466940279930514,4.466940279930514,4.466940279930514,4.466940279930514,4.466940279930514,4.466940279930514,4.466940279930514,4.466940279930514,4.466940279930514,4.466940279930514,4.466940279930514,4.466940279930514,4.466940279930514,4.466940279930514,4.466940279930514,4.466940279930514,4.466940279930514,4.466940279930514,4.466940279930514,4.466940279930514,4.466940279930514,4.466940279930514,4.466940279930514,4.466940279930514,4.466940279930514,4.466940279930514,4.466940279930514,4.466940279930514,4.466940279930514,4.466940279930514,4.466940279930514,4.46644344853412,4.46644344853412,4.46644344853412,4.46644344853412,4.46644344853412,4.427160185625495,4.427160185625495,4.427160185625495,4.427160185625495,4.427160185625495,4.427160185625495,4.427160185625495,4.427160185625495,4.427160185625495,4.427160185625495,4.427160185625495,4.427160185625495,4.427160185625495,4.427160185625495,4.427160185625495,4.427160185625495,4.427160185625495,4.427160185625495,4.427160185625495,4.427160185625495,4.427160185625495,4.427160185625495,4.427160185625495,4.427160185625495,4.427160185625495,4.427160185625495,4.427160185625495,4.427160185625495,4.427160185625495,4.427160185625495,4.427160185625495,4.427160185625495,4.427160185625495,4.427160185625495,4.427160185625495,4.427160185625495,4.427160185625495,4.427160185625495,4.427160185625495,4.427160185625495,4.427160185625495,4.427160185625495,4.427160185625495,4.427160185625495,4.427160185625495,4.427160185625495,4.427160185625495,4.427160185625495,4.427160185625495,4.427160185625495,4.427160185625495,4.427160185625495,4.427160185625495,4.427160185625495,4.427160185625495,4.427160185625495,4.425933448655535,4.425933448655535,4.425933448655535,4.425933448655535,4.425933448655535,4.425933448655535,4.425933448655535,4.425933448655535,4.425933448655535,4.425933448655535,4.425933448655535,4.425933448655535,4.425933448655535,4.425933448655535,4.425933448655535,4.425933448655535,4.425933448655535,4.425933448655535,4.425933448655535,4.425933448655535,4.425933448655535,4.425933448655535,4.425933448655535,4.425933448655535,4.425933448655535,4.425933448655535,4.425933448655535,4.425933448655535,4.425933448655535,4.425933448655535,4.425933448655535,4.425933448655535,4.425933448655535,4.425933448655535,4.425933448655535,4.425933448655535,4.425933448655535,4.425933448655535,4.425933448655535,4.425933448655535,4.425933448655535,4.425933448655535,4.425933448655535,4.425933448655535,4.425933448655535,4.425933448655535,4.425933448655535,4.425933448655535,4.425933448655535,4.425933448655535,4.425933448655535,4.425933448655535,4.425933448655535,4.425933448655535,4.425933448655535,4.425933448655535,4.425933448655535,4.425933448655535,4.425933448655535,4.425933448655535,4.425933448655535,4.425933448655535,4.425933448655535,4.425933448655535,4.425933448655535,4.425933448655535,4.425933448655535,4.425933448655535,4.425933448655535,4.425933448655535,4.425933448655535,4.425933448655535,4.425933448655535,4.425933448655535,4.425933448655535,4.425933448655535,4.425933448655535,4.425933448655535,4.425933448655535,4.425933448655535,4.425933448655535,4.425933448655535,4.425933448655535,4.425933448655535,4.425933448655535,4.425933448655535,4.425933448655535,4.425933448655535,4.425933448655535,4.425933448655535,4.425933448655535,4.425933448655535,4.425933448655535,4.425933448655535,4.425933448655535,9.077398286567746,8.41399207135184,8.10681106924424,7.939027138552661,7.486385378572075,7.486385378572075,7.486385378572075,7.486385378572075,7.486385378572075,7.486385378572075,7.486385378572075,7.486385378572075,7.486385378572075,7.486385378572075,7.486385378572075,7.486385378572075,7.486385378572075,6.40033895536122,5.6167248494522015,5.6167248494522015,5.6167248494522015,5.6167248494522015,5.6167248494522015,5.6167248494522015,5.603945028954112,5.603945028954112,5.603945028954112,5.603945028954112,5.603945028954112,5.603945028954112,5.603945028954112,5.285786067554802,5.285786067554802,5.285786067554802,5.285786067554802,5.285786067554802,5.285786067554802,5.285786067554802,5.285786067554802,5.285786067554802,5.285786067554802,5.285786067554802,5.285786067554802,5.285786067554802,5.285786067554802,5.285786067554802,5.285786067554802,5.285786067554802,5.285786067554802,5.285786067554802,5.285786067554802,5.285786067554802,5.285786067554802,5.285786067554802,5.285786067554802,5.285786067554802,5.285786067554802,5.285786067554802,5.285786067554802,5.285786067554802,5.285786067554802,5.285786067554802,5.285786067554802,5.285786067554802,5.285786067554802,5.285786067554802,5.285786067554802,5.285786067554802,5.285786067554802,5.285786067554802,5.285786067554802,5.285786067554802,5.285786067554802,5.285786067554802,5.285786067554802,5.285786067554802,5.285786067554802,5.285786067554802,5.285786067554802,5.285786067554802,5.285786067554802,5.285786067554802,5.285786067554802,5.285786067554802,5.285786067554802,5.285786067554802,5.285786067554802,5.285786067554802,5.285786067554802,5.285786067554802,5.285786067554802,5.285786067554802,5.285786067554802,5.285786067554802,5.285786067554802,5.285786067554802,5.285786067554802,5.285786067554802,5.285786067554802,5.285786067554802,5.285786067554802,5.285786067554802,5.285786067554802,5.285786067554802,5.285786067554802,5.285786067554802,5.285786067554802,5.285786067554802,5.285786067554802,5.285786067554802,5.285786067554802,5.285786067554802,5.285786067554802,5.285786067554802,5.285786067554802,5.285786067554802,5.285786067554802,5.285786067554802,5.285786067554802,5.285786067554802,5.285786067554802,5.285786067554802,5.285786067554802,5.285786067554802,5.285786067554802,5.285786067554802,5.285786067554802,5.285786067554802,5.285786067554802,5.285786067554802,5.285786067554802,5.285786067554802,5.285786067554802,5.285786067554802,5.285786067554802,5.285786067554802,5.285786067554802,5.285786067554802,5.285786067554802,5.285786067554802,5.285786067554802,5.285786067554802,5.285786067554802,5.285786067554802,5.285786067554802,5.285786067554802,5.285786067554802,5.285786067554802,5.285786067554802,5.285786067554802,5.285786067554802,5.285786067554802,5.285786067554802,5.285786067554802,5.285786067554802,5.285786067554802,5.285786067554802,5.285786067554802,5.285786067554802,5.285786067554802,5.285786067554802,5.285786067554802,5.285786067554802,5.285786067554802,5.285786067554802,5.285786067554802,5.285786067554802,5.285786067554802,5.285786067554802,5.285786067554802,5.285786067554802,5.285786067554802,5.285786067554802,5.285786067554802,5.285786067554802,5.285786067554802,5.285786067554802,5.285786067554802,5.285786067554802,5.285786067554802,5.285786067554802,5.285786067554802,5.285786067554802,5.285786067554802,5.285786067554802,5.285786067554802,5.285786067554802,5.285786067554802,5.285786067554802,5.285786067554802,5.285786067554802,5.285786067554802,5.285786067554802,5.285786067554802,5.285786067554802,5.285786067554802,5.285786067554802,5.285786067554802,5.285786067554802,5.285786067554802,5.285786067554802,5.285786067554802,5.285786067554802,5.285786067554802,5.285786067554802,5.285786067554802,5.285786067554802,5.285786067554802,5.285786067554802,5.285786067554802,5.285786067554802,5.285786067554802,5.285786067554802,5.285786067554802,5.285786067554802,5.285786067554802,5.285786067554802,5.285786067554802,5.285786067554802,5.285786067554802,5.285786067554802,5.285786067554802,5.285786067554802,5.285786067554802,5.285786067554802,5.285786067554802,5.285786067554802,5.285786067554802,5.285786067554802,5.285786067554802,5.285786067554802,5.285786067554802,5.285786067554802,5.285786067554802,5.285786067554802,5.285786067554802,5.285786067554802,5.285786067554802,5.285786067554802,5.285786067554802,5.285786067554802,5.285786067554802,5.285786067554802,5.285786067554802,5.285786067554802,5.285786067554802,5.285786067554802,5.285786067554802,5.285786067554802,5.285786067554802,5.285786067554802,5.285786067554802,5.1702999244841825,5.1255101198976565,4.999925005537265,4.999925005537265,4.999925005537265,4.999925005537265,4.999925005537265,4.999925005537265,4.999925005537265,4.999925005537265,4.999925005537265,4.999925005537265,4.999925005537265,4.999925005537265,4.999925005537265,4.999925005537265,4.999925005537265,4.999925005537265,4.999925005537265,4.999925005537265,4.9960068901596015,4.9960068901596015,4.9960068901596015,4.9960068901596015,4.9960068901596015,4.9960068901596015,4.9960068901596015,4.9960068901596015,4.9960068901596015,4.9960068901596015,4.9960068901596015,4.9960068901596015,4.9960068901596015,4.9960068901596015,4.9960068901596015,4.9960068901596015,4.9960068901596015,4.9960068901596015,4.9960068901596015,4.9960068901596015,4.9960068901596015,4.9960068901596015,4.9960068901596015,4.9960068901596015,4.9960068901596015,4.9960068901596015,4.9960068901596015,4.9960068901596015,4.9960068901596015,4.9960068901596015,4.9960068901596015,4.9960068901596015,4.9960068901596015,4.9960068901596015,4.9960068901596015,4.9960068901596015,4.9960068901596015,4.9960068901596015,4.9960068901596015,4.9960068901596015,4.9960068901596015,4.9960068901596015,4.9960068901596015,4.9960068901596015,4.9960068901596015,4.9960068901596015,4.9960068901596015,4.9960068901596015,4.9960068901596015,4.9960068901596015,4.9960068901596015,4.9960068901596015,4.9960068901596015,4.9960068901596015,4.9960068901596015,4.9960068901596015,4.9960068901596015,4.9960068901596015,4.9960068901596015,4.9960068901596015,4.9960068901596015,4.9960068901596015,4.9960068901596015,4.9960068901596015,4.9960068901596015,4.9960068901596015,4.9960068901596015,4.9960068901596015,4.9960068901596015,4.9960068901596015,4.9960068901596015,4.9960068901596015,4.9960068901596015,4.9960068901596015,4.9960068901596015,4.9960068901596015,4.9960068901596015,4.9960068901596015,4.9960068901596015,4.9960068901596015,4.9960068901596015,4.9960068901596015,4.9960068901596015,4.9960068901596015,4.9960068901596015,4.9960068901596015,4.9960068901596015,4.9960068901596015,4.9960068901596015,4.9960068901596015,4.9960068901596015,4.9960068901596015,4.9960068901596015,4.9960068901596015,4.9960068901596015,4.9960068901596015,4.9960068901596015,4.9960068901596015,4.9960068901596015,4.9960068901596015,4.9960068901596015,4.9960068901596015,4.9960068901596015,4.9960068901596015,4.9960068901596015,4.9960068901596015,4.9960068901596015,4.9960068901596015,4.9960068901596015,4.9960068901596015,4.9960068901596015,4.9960068901596015,4.9960068901596015,4.9960068901596015,4.9960068901596015,4.9960068901596015,4.9960068901596015,4.9960068901596015,4.9960068901596015,4.9960068901596015,4.9960068901596015,4.9960068901596015,4.9960068901596015,4.9960068901596015,4.9960068901596015,4.9960068901596015,4.9960068901596015,4.9960068901596015,4.9960068901596015,4.9960068901596015,4.9960068901596015,4.9960068901596015,4.9960068901596015,4.9960068901596015,4.9960068901596015,4.9960068901596015,4.9960068901596015,4.9960068901596015,4.9960068901596015,4.9960068901596015,4.9960068901596015,4.9960068901596015,4.9960068901596015,4.9960068901596015,4.9960068901596015,4.9960068901596015,4.9960068901596015,4.9960068901596015,4.9960068901596015,4.9960068901596015,4.9960068901596015,4.9960068901596015,4.9960068901596015,4.9960068901596015,4.9960068901596015,4.9960068901596015,4.9960068901596015,4.9960068901596015,4.9960068901596015,4.9960068901596015,4.9960068901596015,4.9960068901596015,4.9960068901596015,4.9960068901596015,4.9960068901596015,4.9960068901596015,4.9960068901596015,4.9960068901596015,4.9960068901596015,4.9960068901596015,4.9960068901596015,4.9960068901596015,4.9960068901596015,4.9960068901596015,4.9960068901596015,4.9960068901596015,4.9960068901596015,4.9960068901596015,4.9960068901596015,4.9960068901596015,4.9960068901596015,4.9960068901596015,4.9960068901596015,4.9960068901596015,4.9960068901596015,4.9960068901596015,4.9960068901596015,4.9960068901596015,4.9960068901596015,4.9960068901596015,4.9960068901596015,4.9960068901596015,4.9960068901596015,4.9960068901596015,4.9960068901596015,4.9960068901596015,4.9960068901596015,4.9960068901596015,4.9960068901596015,4.9960068901596015,4.9960068901596015,4.9960068901596015,4.9960068901596015,4.9960068901596015,4.9960068901596015,4.9960068901596015,4.9960068901596015,4.9960068901596015,4.9960068901596015,4.9960068901596015,4.9960068901596015,4.9960068901596015,4.9960068901596015,4.9960068901596015,4.9960068901596015,4.9960068901596015,4.9960068901596015,4.9960068901596015,4.9960068901596015,4.9960068901596015,4.9960068901596015,4.9960068901596015,4.9960068901596015,4.9960068901596015,4.9960068901596015,4.9960068901596015,4.9960068901596015,4.9960068901596015,4.9960068901596015,4.9960068901596015,4.9960068901596015,4.9960068901596015,4.9960068901596015,4.9960068901596015,4.9960068901596015,4.9960068901596015,4.9960068901596015,4.9960068901596015,4.9960068901596015,4.9960068901596015,4.9960068901596015,4.9960068901596015,4.9960068901596015,4.9960068901596015,4.9960068901596015,4.9960068901596015,4.9960068901596015,4.9960068901596015,4.9960068901596015,4.9960068901596015,4.9960068901596015,4.9960068901596015,4.9960068901596015,4.9960068901596015,4.9960068901596015,4.9960068901596015,4.9960068901596015,4.9960068901596015,4.9960068901596015,4.9960068901596015,4.9960068901596015,4.9960068901596015,4.9960068901596015,4.9960068901596015,4.9960068901596015,4.9960068901596015,4.9960068901596015,4.9960068901596015,4.9960068901596015,4.9960068901596015,4.9960068901596015,4.9960068901596015,4.9960068901596015,4.9960068901596015,4.9960068901596015,4.9960068901596015,4.9960068901596015,4.9960068901596015,4.9960068901596015,4.9960068901596015,4.9960068901596015,4.9960068901596015,4.9960068901596015,4.9960068901596015,4.9960068901596015,4.9960068901596015,4.9960068901596015,4.9960068901596015,4.9960068901596015,4.9960068901596015,4.9960068901596015,4.9960068901596015,4.9960068901596015,4.9960068901596015,4.9960068901596015,4.9960068901596015,4.9960068901596015,4.9960068901596015,4.9960068901596015,4.9960068901596015,4.9960068901596015,4.9960068901596015,4.9960068901596015,4.9960068901596015,4.9960068901596015,4.9960068901596015,4.9960068901596015,4.9960068901596015,4.9960068901596015,4.9960068901596015,4.9960068901596015,4.9960068901596015,4.9960068901596015,4.9960068901596015,4.9960068901596015,4.9960068901596015,4.9960068901596015,4.9960068901596015,4.9960068901596015,4.9960068901596015,4.9960068901596015,4.9960068901596015,4.9960068901596015,4.9960068901596015,4.9960068901596015,4.9960068901596015,4.9960068901596015,4.9960068901596015,4.9960068901596015,4.9960068901596015,4.9960068901596015,4.9960068901596015,4.9960068901596015,4.9960068901596015,4.9960068901596015,4.9960068901596015,4.9960068901596015,4.9960068901596015,4.9960068901596015,4.9960068901596015,4.9960068901596015,4.9960068901596015,4.9960068901596015,4.9960068901596015,4.9960068901596015,4.9960068901596015,4.9960068901596015,4.9960068901596015,4.9960068901596015,4.9960068901596015,4.9960068901596015,4.9960068901596015,4.9960068901596015,4.9960068901596015,4.9960068901596015,4.9960068901596015,4.9960068901596015,4.9960068901596015,4.9960068901596015,4.9960068901596015,4.9960068901596015,4.9960068901596015,4.9960068901596015,4.9960068901596015,4.9960068901596015,4.9960068901596015,4.9960068901596015,4.9960068901596015,4.9960068901596015,4.9960068901596015,4.9960068901596015,4.9960068901596015,4.9960068901596015,4.9960068901596015,4.9960068901596015,4.9960068901596015,4.9960068901596015,4.9960068901596015,4.9960068901596015,4.9960068901596015,4.9960068901596015,4.9960068901596015,4.9960068901596015,4.9960068901596015,4.9960068901596015,4.9960068901596015,4.9960068901596015,4.9960068901596015,4.9960068901596015,4.9960068901596015,4.9960068901596015,4.9960068901596015,4.9960068901596015,4.9960068901596015,4.9960068901596015,4.9960068901596015,4.9960068901596015,4.9960068901596015,4.9960068901596015,4.9960068901596015,4.9960068901596015,4.9960068901596015,4.9960068901596015,4.9960068901596015,4.9960068901596015,4.9960068901596015,4.9960068901596015,4.9960068901596015,4.9960068901596015,4.9960068901596015,4.9960068901596015,4.9960068901596015,4.9960068901596015,4.9960068901596015,4.9960068901596015,4.9960068901596015,4.9960068901596015,4.9960068901596015,4.9960068901596015,4.9960068901596015,4.9960068901596015,4.9960068901596015,4.9960068901596015,4.9960068901596015,4.9960068901596015,4.9960068901596015,4.9960068901596015,4.9960068901596015,4.9960068901596015,4.9960068901596015,4.9960068901596015,4.9960068901596015,4.9960068901596015,4.9960068901596015,4.9960068901596015,4.9960068901596015,4.9960068901596015,4.9960068901596015,4.9960068901596015,4.9960068901596015,4.9960068901596015,4.9960068901596015,4.9960068901596015,4.9960068901596015,4.9960068901596015,4.9960068901596015,4.9960068901596015,4.9960068901596015,4.9960068901596015,4.9960068901596015,4.9960068901596015,4.9960068901596015,4.9960068901596015,4.9960068901596015,4.9960068901596015,4.9960068901596015,4.9960068901596015,4.9960068901596015,4.9960068901596015,4.9960068901596015,4.9960068901596015,4.9960068901596015,4.9960068901596015,4.9960068901596015,4.9960068901596015,4.9960068901596015,4.9960068901596015,4.9960068901596015,4.9960068901596015,4.9960068901596015,4.9960068901596015,4.9960068901596015,4.9960068901596015,4.9960068901596015,4.9960068901596015,4.9960068901596015,4.9960068901596015,4.9960068901596015,4.9960068901596015,4.9960068901596015,4.9960068901596015,4.9960068901596015,4.9960068901596015,4.9960068901596015,4.9960068901596015,4.9960068901596015,4.9960068901596015,4.9960068901596015,4.9960068901596015,4.9960068901596015,4.9960068901596015,4.9960068901596015,4.9960068901596015,4.9960068901596015,4.9960068901596015,4.9960068901596015,4.9960068901596015,4.9960068901596015,4.9960068901596015,4.9960068901596015,4.9960068901596015,4.9960068901596015,4.9960068901596015,4.9960068901596015,4.9960068901596015,4.9960068901596015,4.9960068901596015,4.9960068901596015,4.9960068901596015,4.9960068901596015,4.9960068901596015,4.9960068901596015,4.9960068901596015,4.9960068901596015,4.9960068901596015,4.9960068901596015,4.9960068901596015,4.9960068901596015,4.9960068901596015,4.9960068901596015,4.9960068901596015,4.9960068901596015,4.9960068901596015,4.9960068901596015,4.9960068901596015,4.9960068901596015,4.9960068901596015,4.9960068901596015,4.9960068901596015,4.9960068901596015,4.9960068901596015,4.9960068901596015,4.9960068901596015,4.9960068901596015,4.9960068901596015,4.9960068901596015,4.9960068901596015,4.9960068901596015,4.9960068901596015,4.9960068901596015,4.9960068901596015,4.9960068901596015,4.9960068901596015,4.9960068901596015,4.9960068901596015,4.9960068901596015,4.9960068901596015,4.9960068901596015,4.9960068901596015,4.9960068901596015,4.9960068901596015,4.9960068901596015,4.9960068901596015,4.9960068901596015,4.9960068901596015,4.9960068901596015,4.9960068901596015,4.9960068901596015,4.9960068901596015,4.9960068901596015,4.9960068901596015,4.9960068901596015,4.9960068901596015,4.9960068901596015,4.9960068901596015,4.9960068901596015,4.9960068901596015,4.9960068901596015,4.9960068901596015,4.9960068901596015,4.9960068901596015,4.9960068901596015,4.9960068901596015,4.9960068901596015,4.9960068901596015,4.9960068901596015,4.9960068901596015,4.9960068901596015,4.9960068901596015,4.9960068901596015,4.9960068901596015,4.9960068901596015,4.9960068901596015,4.9960068901596015,4.9960068901596015,4.9960068901596015,4.9960068901596015,4.9960068901596015,4.9960068901596015,4.9960068901596015,4.9960068901596015,4.9960068901596015,4.9960068901596015,4.9960068901596015,4.9960068901596015,4.9960068901596015,4.9960068901596015,4.9960068901596015,4.9960068901596015,4.9960068901596015,4.9960068901596015,4.9960068901596015,4.9960068901596015,4.9960068901596015,4.9960068901596015,4.9960068901596015,4.9960068901596015,4.9960068901596015,4.9960068901596015,4.9960068901596015,4.9960068901596015,4.9960068901596015,4.9960068901596015,4.9960068901596015,4.9960068901596015,4.9960068901596015,4.9960068901596015,4.9960068901596015,4.9960068901596015,4.9960068901596015,4.9960068901596015,4.9960068901596015,4.9960068901596015,4.9960068901596015,4.9960068901596015,4.9960068901596015,4.9960068901596015,4.9960068901596015,4.9960068901596015,4.9960068901596015,4.9960068901596015,4.9960068901596015,4.9960068901596015,4.9960068901596015,4.9960068901596015,4.9960068901596015,4.9960068901596015,4.9960068901596015,4.9960068901596015,4.9960068901596015,4.9960068901596015,4.9960068901596015,4.9960068901596015,4.9960068901596015,4.9960068901596015,4.9960068901596015,4.9960068901596015,4.9960068901596015,4.9960068901596015,4.9960068901596015,4.9960068901596015,4.9960068901596015,4.9960068901596015,4.9960068901596015,4.9960068901596015,4.9960068901596015,4.9960068901596015,4.9960068901596015,4.9960068901596015,4.9960068901596015,4.9960068901596015,4.9960068901596015,4.9960068901596015,4.9960068901596015,4.9960068901596015,4.9960068901596015,4.9960068901596015,4.9960068901596015,4.9960068901596015,4.9960068901596015,4.9960068901596015,4.9960068901596015,4.9960068901596015,4.9960068901596015,4.9960068901596015,4.9960068901596015,4.9960068901596015,4.9960068901596015,4.9960068901596015,4.9960068901596015,4.9960068901596015,4.9960068901596015,4.9960068901596015,4.9960068901596015,4.9960068901596015,4.9960068901596015,4.9960068901596015,4.9960068901596015,4.9960068901596015,4.9960068901596015,4.9960068901596015,4.9960068901596015,4.9960068901596015,4.9960068901596015,4.9960068901596015,4.9960068901596015,4.9960068901596015,4.9960068901596015,4.9960068901596015,4.9960068901596015,4.9960068901596015,4.9960068901596015,4.9960068901596015,4.9960068901596015,4.9960068901596015,4.9960068901596015,4.9960068901596015,4.9960068901596015,4.9960068901596015,4.9960068901596015,4.9960068901596015,4.9960068901596015,4.9960068901596015,4.9960068901596015,4.9960068901596015,4.9960068901596015,4.9960068901596015,4.9960068901596015,4.9960068901596015,4.9960068901596015,4.9960068901596015,4.9960068901596015,4.9960068901596015,4.9960068901596015,4.9960068901596015,4.9960068901596015,4.9960068901596015,4.9960068901596015,6.856263392019801,6.856263392019801,6.856263392019801,6.856263392019801,6.324924304872218,6.324924304872218,6.324924304872218,6.324924304872218,6.324924304872218,6.324924304872218,5.996948565230855,5.996948565230855,5.996948565230855,5.996948565230855,5.996948565230855,5.996948565230855,5.996948565230855,5.996948565230855,5.956410641460718,5.956410641460718,5.956410641460718,5.956410641460718,5.956410641460718,5.956410641460718,5.956410641460718,5.956410641460718,5.956410641460718,5.847297114044413,5.847297114044413,5.847297114044413,5.847297114044413,5.847297114044413,5.847297114044413,5.847297114044413,5.847297114044413,5.847297114044413,5.847297114044413,5.847297114044413,5.847297114044413,5.847297114044413,5.847297114044413,5.847297114044413,5.847297114044413,5.847297114044413,5.847297114044413,5.847297114044413,5.847297114044413,5.847297114044413,5.847297114044413,5.847297114044413,5.847297114044413,5.847297114044413,5.847297114044413,5.847297114044413,5.847297114044413,5.847297114044413,5.847297114044413,5.847297114044413,5.847297114044413,5.847297114044413,5.847297114044413,5.847297114044413,5.847297114044413,5.847297114044413,5.847297114044413,5.847297114044413,5.847297114044413,5.847297114044413,5.847297114044413,5.847297114044413,5.847297114044413,5.732135017858309,5.732135017858309,5.732135017858309,5.732135017858309,5.732135017858309,5.732135017858309,5.732135017858309,5.732135017858309,5.732135017858309,5.732135017858309,5.732135017858309,5.732135017858308,5.732135017858308,5.732135017858308,5.732135017858308,5.732135017858308,5.732135017858308,5.732135017858308,5.732135017858308,5.732135017858308,5.732135017858308,5.732135017858308,5.732135017858308,5.732135017858308,5.732135017858308,5.732135017858308,5.732135017858308,5.732135017858308,5.732135017858308,5.732135017858308,5.732135017858308,5.732135017858308,5.732135017858308,5.732135017858308,5.732135017858308,5.732135017858308,5.732135017858308,5.732135017858308,5.732135017858308,5.732135017858308,5.732135017858308,5.732135017858308,5.732135017858308,5.732135017858308,5.732135017858308,5.732135017858308,5.638556461209454,5.638556461209454,5.638556461209454,5.638556461209454,5.638556461209454,5.638556461209454,5.638556461209454,5.638556461209454,5.638556461209454,5.638556461209454,5.638556461209454,5.638556461209454,5.638556461209454,5.638556461209454,5.638556461209454,5.638556461209454,5.638556461209454,5.638556461209454,5.638556461209454,5.638556461209454,5.638556461209454,5.638556461209454,5.638556461209454,5.638556461209454,5.638556461209454,5.638556461209454,5.638556461209454,5.638556461209454,5.638556461209454,5.638556461209454,5.638556461209454,5.638556461209454,5.638556461209454,5.638556461209454,5.638556461209454,5.638556461209454,5.638556461209454,5.638556461209454,5.638556461209454,5.638556461209454,5.638556461209454,5.638556461209454,5.107955201389037,4.868868066619105,4.868868066619105,4.868868066619105,4.42045988718686,4.42045988718686,4.42045988718686,4.42045988718686,4.42045988718686,4.42045988718686,4.42045988718686,4.42045988718686,4.42045988718686,4.42045988718686,4.42045988718686,4.42045988718686,4.42045988718686,4.42045988718686,4.42045988718686,4.42045988718686,4.42045988718686,4.42045988718686,4.42045988718686,4.42045988718686,4.42045988718686,4.42045988718686,4.42045988718686,4.42045988718686,4.42045988718686,4.42045988718686,4.42045988718686,4.42045988718686,4.42045988718686,4.42045988718686,4.42045988718686,4.42045988718686,4.42045988718686,4.42045988718686,4.42045988718686,4.42045988718686,4.42045988718686,4.42045988718686,4.42045988718686,4.42045988718686,4.42045988718686,4.42045988718686,4.42045988718686,4.42045988718686,4.42045988718686,4.42045988718686,4.42045988718686,4.42045988718686,4.42045988718686,4.42045988718686,4.42045988718686,4.42045988718686,4.42045988718686,4.42045988718686,4.42045988718686,4.42045988718686,4.42045988718686,4.42045988718686,4.42045988718686,4.42045988718686,4.42045988718686,4.42045988718686,4.42045988718686,4.42045988718686,4.42045988718686,4.42045988718686,4.42045988718686,4.42045988718686,4.42045988718686,4.42045988718686,4.42045988718686,4.42045988718686,4.42045988718686,4.42045988718686,4.42045988718686,4.42045988718686,4.42045988718686,4.42045988718686,4.42045988718686,4.42045988718686,4.42045988718686,4.42045988718686,4.42045988718686,4.42045988718686,4.42045988718686,4.42045988718686,4.42045988718686,4.42045988718686,4.42045988718686,4.42045988718686,4.42045988718686,4.42045988718686,4.42045988718686,4.42045988718686,4.42045988718686,4.42045988718686,4.42045988718686,4.42045988718686,4.42045988718686,4.42045988718686,4.42045988718686,4.42045988718686,4.42045988718686,4.42045988718686,4.42045988718686,4.42045988718686,4.42045988718686,4.42045988718686,4.42045988718686,4.42045988718686,4.42045988718686,4.42045988718686,4.42045988718686,4.42045988718686,4.42045988718686,4.42045988718686,4.42045988718686,4.42045988718686,4.42045988718686,4.42045988718686,4.42045988718686,4.42045988718686,4.42045988718686,4.42045988718686,4.42045988718686,4.42045988718686,4.42045988718686,4.42045988718686,4.42045988718686,4.42045988718686,4.42045988718686,4.42045988718686,4.42045988718686,4.42045988718686,4.42045988718686,4.42045988718686,4.42045988718686,4.42045988718686,4.42045988718686,4.42045988718686,4.42045988718686,4.42045988718686,4.42045988718686,4.42045988718686,4.42045988718686,4.42045988718686,4.42045988718686,4.42045988718686,4.42045988718686,4.42045988718686,4.42045988718686,4.42045988718686,4.42045988718686,4.42045988718686,4.42045988718686,4.42045988718686,4.42045988718686,4.42045988718686,4.42045988718686,4.42045988718686,4.42045988718686,4.42045988718686,4.42045988718686,4.42045988718686,4.42045988718686,4.42045988718686,4.42045988718686,4.42045988718686,4.42045988718686,4.42045988718686,4.42045988718686,4.42045988718686,4.42045988718686,4.42045988718686,4.42045988718686,4.42045988718686,4.42045988718686,4.42045988718686,4.42045988718686,4.42045988718686,4.42045988718686,4.42045988718686,4.42045988718686,4.42045988718686,4.42045988718686,4.42045988718686,4.42045988718686,4.42045988718686,4.42045988718686,4.42045988718686,4.42045988718686,4.42045988718686,4.42045988718686,4.42045988718686,4.42045988718686,4.42045988718686,4.42045988718686,4.42045988718686,4.42045988718686,4.42045988718686,4.42045988718686,4.42045988718686,4.42045988718686,4.42045988718686,4.42045988718686,4.42045988718686,4.42045988718686,4.42045988718686,4.42045988718686,4.42045988718686,4.42045988718686,4.42045988718686,4.42045988718686,4.42045988718686,4.42045988718686,4.42045988718686,4.42045988718686,4.42045988718686,4.42045988718686,4.42045988718686,4.42045988718686,4.42045988718686,4.42045988718686,4.42045988718686,4.42045988718686,4.42045988718686,4.42045988718686,4.42045988718686,4.42045988718686,4.42045988718686,4.42045988718686,4.42045988718686,4.42045988718686,4.42045988718686,4.42045988718686,4.42045988718686,4.42045988718686,4.42045988718686,4.42045988718686,4.42045988718686,4.42045988718686,4.42045988718686,4.42045988718686,4.42045988718686,4.42045988718686,4.42045988718686,4.42045988718686,4.42045988718686,4.42045988718686,4.42045988718686,4.42045988718686,4.42045988718686,4.42045988718686,4.42045988718686,4.42045988718686,4.42045988718686,4.42045988718686,4.42045988718686,4.42045988718686,4.42045988718686,4.42045988718686,4.42045988718686,4.42045988718686,4.42045988718686,4.42045988718686,4.42045988718686,4.42045988718686,4.42045988718686,4.42045988718686,4.42045988718686,4.42045988718686,4.42045988718686,4.42045988718686,4.42045988718686,4.42045988718686,4.42045988718686,4.42045988718686,4.42045988718686,4.42045988718686,4.42045988718686,4.42045988718686,4.42045988718686,4.42045988718686,4.42045988718686,4.42045988718686,4.42045988718686,4.42045988718686,4.42045988718686,4.42045988718686,4.42045988718686,4.42045988718686,4.42045988718686,4.42045988718686,4.42045988718686,4.42045988718686,4.42045988718686,4.42045988718686,4.42045988718686,4.42045988718686,4.42045988718686,4.42045988718686,4.42045988718686,4.42045988718686,4.42045988718686,4.42045988718686,4.42045988718686,4.42045988718686,4.42045988718686,4.42045988718686,4.42045988718686,4.42045988718686,4.42045988718686,4.42045988718686,4.42045988718686,4.42045988718686,4.42045988718686,4.42045988718686,4.42045988718686,4.42045988718686,4.42045988718686,4.42045988718686,4.42045988718686,4.42045988718686,4.42045988718686,4.42045988718686,4.42045988718686,4.42045988718686,4.42045988718686,4.42045988718686,4.42045988718686,4.42045988718686,4.42045988718686,4.42045988718686,4.42045988718686,4.42045988718686,4.42045988718686,4.42045988718686,4.42045988718686,4.42045988718686,4.42045988718686,4.42045988718686,4.42045988718686,4.42045988718686,4.42045988718686,4.42045988718686,4.42045988718686,4.42045988718686,4.42045988718686,4.42045988718686,4.42045988718686,4.42045988718686,4.42045988718686,4.42045988718686,4.42045988718686,4.42045988718686,4.42045988718686,4.42045988718686,4.42045988718686,4.42045988718686,4.42045988718686,4.42045988718686,4.42045988718686,4.42045988718686,4.42045988718686,4.42045988718686,4.42045988718686,4.42045988718686,4.42045988718686,4.42045988718686,4.42045988718686,4.42045988718686,4.42045988718686,4.42045988718686,4.42045988718686,4.42045988718686,4.42045988718686,4.42045988718686,4.42045988718686,4.42045988718686,4.42045988718686,4.42045988718686,4.42045988718686,4.42045988718686,4.42045988718686,4.42045988718686,4.42045988718686,4.42045988718686,4.42045988718686,4.42045988718686,4.42045988718686,4.42045988718686,4.42045988718686,4.42045988718686,4.42045988718686,4.42045988718686,4.42045988718686,4.42045988718686,4.42045988718686,4.42045988718686,4.42045988718686,4.42045988718686,4.42045988718686,4.42045988718686,4.42045988718686,4.42045988718686,4.42045988718686,4.42045988718686,4.42045988718686,4.42045988718686,4.42045988718686,4.42045988718686,4.42045988718686,4.42045988718686,4.42045988718686,4.42045988718686,4.42045988718686,4.42045988718686,4.42045988718686,4.42045988718686,4.42045988718686,4.42045988718686,4.42045988718686,4.42045988718686,4.42045988718686,4.42045988718686,4.42045988718686,4.42045988718686,4.42045988718686,4.42045988718686,4.42045988718686,4.42045988718686,4.42045988718686,4.42045988718686,4.42045988718686,4.42045988718686,4.42045988718686,4.42045988718686,4.42045988718686,4.42045988718686,4.42045988718686,4.42045988718686,4.42045988718686,4.42045988718686,4.42045988718686,4.42045988718686,4.42045988718686,4.42045988718686,4.42045988718686,4.42045988718686,4.42045988718686,4.42045988718686,4.42045988718686,4.42045988718686,4.42045988718686,4.42045988718686,4.42045988718686,4.42045988718686,4.42045988718686,4.42045988718686,4.42045988718686,4.42045988718686,4.42045988718686,4.42045988718686,4.42045988718686,4.42045988718686,4.42045988718686,4.42045988718686,4.42045988718686,4.42045988718686,4.42045988718686,4.42045988718686,4.42045988718686,4.42045988718686,4.42045988718686,4.42045988718686,4.42045988718686,4.42045988718686,4.42045988718686,4.42045988718686,4.42045988718686,4.42045988718686,4.42045988718686,4.42045988718686,4.42045988718686,4.42045988718686,4.42045988718686,4.42045988718686,4.42045988718686,4.42045988718686,4.42045988718686,4.42045988718686,4.42045988718686,4.42045988718686,4.42045988718686,4.42045988718686,4.42045988718686,4.42045988718686,4.42045988718686,4.42045988718686,4.42045988718686,4.42045988718686,4.42045988718686,4.42045988718686,4.42045988718686,4.42045988718686,4.42045988718686,4.42045988718686,4.42045988718686,4.42045988718686,4.42045988718686,4.42045988718686,4.42045988718686,4.42045988718686,4.42045988718686,4.42045988718686,4.42045988718686,4.42045988718686,4.42045988718686,4.42045988718686,4.42045988718686,4.42045988718686,4.42045988718686,4.42045988718686,4.42045988718686,4.42045988718686,4.42045988718686,4.42045988718686,4.42045988718686,4.42045988718686,4.42045988718686,4.42045988718686,4.42045988718686,4.42045988718686,4.42045988718686,4.42045988718686,4.42045988718686,4.42045988718686,4.42045988718686,4.42045988718686,4.42045988718686,4.42045988718686,4.42045988718686,4.42045988718686,4.42045988718686,4.42045988718686,4.42045988718686,4.42045988718686,4.42045988718686,4.42045988718686,4.42045988718686,4.42045988718686,4.42045988718686,4.42045988718686,4.42045988718686,4.42045988718686,4.42045988718686,4.42045988718686,4.42045988718686,4.42045988718686,4.42045988718686,4.42045988718686,4.42045988718686,4.42045988718686,4.42045988718686,4.42045988718686,4.42045988718686,4.42045988718686,4.42045988718686,4.42045988718686,4.42045988718686,4.42045988718686,4.42045988718686,4.42045988718686,4.42045988718686,4.42045988718686,4.42045988718686,4.42045988718686,4.42045988718686,4.42045988718686,4.42045988718686,4.42045988718686,4.42045988718686,4.42045988718686,4.42045988718686,4.42045988718686,4.42045988718686,4.42045988718686,4.42045988718686,4.42045988718686,4.42045988718686,4.42045988718686,4.42045988718686,4.42045988718686,4.42045988718686,4.42045988718686,4.42045988718686,4.42045988718686,4.42045988718686,4.42045988718686,4.42045988718686,4.42045988718686,4.42045988718686,4.42045988718686,4.42045988718686,4.42045988718686,4.42045988718686,4.42045988718686,4.42045988718686,4.42045988718686,4.42045988718686,4.42045988718686,4.42045988718686,4.42045988718686,4.42045988718686,4.42045988718686,4.42045988718686,4.42045988718686,4.42045988718686,4.42045988718686,4.42045988718686,4.42045988718686,4.42045988718686,4.42045988718686,4.42045988718686,4.42045988718686,4.42045988718686,4.42045988718686,4.42045988718686,4.42045988718686,4.42045988718686,4.42045988718686,4.42045988718686,4.42045988718686,4.42045988718686,4.42045988718686,4.42045988718686,4.42045988718686,4.42045988718686,4.42045988718686,4.42045988718686,4.42045988718686,4.42045988718686,4.42045988718686,4.42045988718686,4.42045988718686,4.42045988718686,4.42045988718686,4.42045988718686,4.42045988718686,4.42045988718686,4.42045988718686,4.42045988718686,4.42045988718686,4.42045988718686,4.42045988718686,4.42045988718686,4.42045988718686,4.42045988718686,4.42045988718686,4.42045988718686,4.42045988718686,4.42045988718686,4.42045988718686,4.42045988718686,4.42045988718686,4.42045988718686,4.42045988718686,4.42045988718686,4.42045988718686,4.42045988718686,4.42045988718686,4.42045988718686,4.42045988718686,4.42045988718686,4.42045988718686,4.42045988718686,4.42045988718686,4.42045988718686,4.42045988718686,4.42045988718686,4.42045988718686,4.42045988718686,4.42045988718686,4.42045988718686,4.42045988718686,4.42045988718686,4.42045988718686,4.42045988718686,4.42045988718686,4.42045988718686,4.42045988718686,4.42045988718686,4.42045988718686,4.42045988718686,4.42045988718686,4.42045988718686,4.42045988718686,4.42045988718686,4.42045988718686,4.42045988718686,4.42045988718686,4.42045988718686,4.42045988718686,4.42045988718686,4.42045988718686,4.42045988718686,4.42045988718686,4.42045988718686,4.42045988718686,4.42045988718686,4.42045988718686,4.42045988718686,4.42045988718686,4.42045988718686,4.42045988718686,4.42045988718686,4.42045988718686,4.42045988718686,4.42045988718686,4.42045988718686,4.42045988718686,4.42045988718686,4.42045988718686,4.42045988718686,4.42045988718686,4.42045988718686,4.42045988718686,4.42045988718686,4.42045988718686,4.42045988718686,4.42045988718686,4.42045988718686,4.42045988718686,4.42045988718686,4.42045988718686,4.42045988718686,4.42045988718686,4.42045988718686,4.42045988718686,4.42045988718686,4.42045988718686,4.387192753795428,4.387192753795428,4.387192753795428,4.387192753795428,4.387192753795428,4.387192753795428,4.387192753795428,4.387192753795428,4.387192753795428,4.387192753795428,4.387192753795428,4.387192753795428,4.387192753795428,4.387192753795428,4.387192753795428,4.387192753795428,4.387192753795428,4.387192753795428,4.387192753795428,4.387192753795428,4.387192753795428,4.387192753795428,4.387192753795428,4.387192753795428,4.3772097003705115,4.3772097003705115,4.3772097003705115,4.3772097003705115,4.3772097003705115,4.3772097003705115,4.3772097003705115,4.3772097003705115,4.3772097003705115,4.3772097003705115,4.3772097003705115,4.3772097003705115,4.3772097003705115,4.3772097003705115,4.3772097003705115,4.3772097003705115,4.3772097003705115,4.3772097003705115,4.3772097003705115,4.3772097003705115,4.3772097003705115,4.3772097003705115,4.3772097003705115,4.3772097003705115,4.3772097003705115,4.3772097003705115,4.3772097003705115,4.3772097003705115,4.3772097003705115,4.3772097003705115,4.3772097003705115,4.3772097003705115,4.3772097003705115,4.3772097003705115,4.3772097003705115,4.3772097003705115,4.3772097003705115,4.3772097003705115,4.3772097003705115,4.3772097003705115,4.3772097003705115,4.3772097003705115,4.3772097003705115,4.3772097003705115,4.3772097003705115,4.3772097003705115,4.3772097003705115,4.3772097003705115,4.3772097003705115,4.3772097003705115,4.3772097003705115,4.3772097003705115,4.3772097003705115,4.3772097003705115,4.3772097003705115,4.3772097003705115,4.3772097003705115,4.3772097003705115,4.3772097003705115,4.3772097003705115,4.3772097003705115,4.3772097003705115,4.3772097003705115,4.3772097003705115,4.3772097003705115,4.3772097003705115,4.3772097003705115,4.3772097003705115,4.3772097003705115,4.3772097003705115,4.3772097003705115,4.3772097003705115,8.317939698250717,8.317939698250717,8.317939698250717,8.317939698250717,8.317939698250717,8.317939698250717,8.317939698250717,8.262183111601251,8.262183111601251,8.262183111601251,7.570316985064695,7.570316985064695,7.570316985064695,7.570316985064695,7.570316985064695,7.570316985064695,7.570316985064695,7.401584540694686,7.304129670175832,7.304129670175832,7.304129670175832,7.304129670175832,7.304129670175832,7.304129670175832,7.304129670175832,6.9440406436414115,6.9440406436414115,6.9440406436414115,6.9440406436414115,6.9440406436414115,6.9440406436414115,6.9440406436414115,6.9440406436414115,6.9440406436414115,6.9440406436414115,6.9440406436414115,6.9440406436414115,6.9440406436414115,6.9440406436414115,6.9440406436414115,6.9440406436414115,6.505315192726661,6.505315192726661,6.505315192726661,6.505315192726661,6.505315192726661,6.505315192726661,6.456442250086024,6.456442250086024,6.456442250086024,6.456442250086024,6.456442250086024,6.456442250086024,6.253903239519911,6.253903239519911,6.020541665907016,6.020541665907016,6.020541665907016,6.020541665907016,6.020541665907016,6.020541665907016,6.020541665907016,5.923071676539223,5.780722654073281,5.780722654073281,5.780722654073281,5.780722654073281,5.780722654073281,5.780722654073281,5.780722654073281,5.780722654073281,5.780722654073281,5.780722654073281,5.780722654073281,5.342218482747024,5.342218482747024,5.342218482747024,5.342218482747024,5.342218482747024,5.342218482747024,5.342218482747024,5.342218482747024,5.342218482747024,5.342218482747024,5.342218482747024,5.342218482747024,5.342218482747024,5.342218482747024,5.342218482747024,5.342218482747024,5.342218482747024,5.342218482747024,5.342218482747024,5.342218482747024,5.342218482747024,5.342218482747024,5.342218482747024,5.342218482747024,5.342218482747024,5.342218482747024,5.342218482747024,5.342218482747024,5.342218482747024,5.342218482747024,5.342218482747024,5.342218482747024,5.342218482747024,5.342218482747024,5.342218482747024,5.342218482747024,5.342218482747024,5.342218482747024,5.342218482747024,5.342218482747024,5.342218482747024,5.342218482747024,5.342218482747024,5.342218482747024,5.342218482747024,5.342218482747024,5.342218482747024,5.342218482747024,5.342218482747024,5.342218482747024,5.342218482747024,5.342218482747024,5.342218482747024,5.342218482747024,5.342218482747024,5.342218482747024,5.342218482747024,5.342218482747024,5.342218482747024,5.342218482747024,5.342218482747024,5.342218482747024,5.342218482747024,5.342218482747024,5.342218482747024,5.342218482747024,5.342218482747024,5.342218482747024,5.342218482747024,5.342218482747024,5.342218482747024,5.342218482747024,5.342218482747024,5.342218482747024,5.342218482747024,5.342218482747024,5.342218482747024,5.342218482747024,5.342218482747024,5.342218482747024,5.342218482747024,5.342218482747024,5.342218482747024,5.342218482747024,5.342218482747024,5.342218482747024,5.342218482747024,5.342218482747024,5.342218482747024,5.342218482747024,5.342218482747024,5.342218482747024,5.342218482747024,5.342218482747024,5.342218482747024,5.342218482747024,5.342218482747024,5.342218482747024,5.342218482747024,5.342218482747024,5.342218482747024,5.342218482747024,5.342218482747024,5.18552807465002,5.18552807465002,5.18552807465002,5.18552807465002,5.18552807465002,5.18552807465002,5.18552807465002,5.18552807465002,5.18552807465002,5.18552807465002,5.18552807465002,5.18552807465002,5.18552807465002,5.18552807465002,5.18552807465002,5.18552807465002,5.18552807465002,5.18552807465002,5.18552807465002,5.18552807465002,5.18552807465002,5.18552807465002,5.18552807465002,5.18552807465002,5.18552807465002,5.18552807465002,5.18552807465002,5.18552807465002,5.18552807465002,5.18552807465002,5.18552807465002,5.18552807465002,5.18552807465002,5.18552807465002,5.18552807465002,5.18552807465002,5.18552807465002,5.18552807465002,5.18552807465002,5.18552807465002,5.18552807465002,5.18552807465002,5.18552807465002,5.18552807465002,5.18552807465002,5.18552807465002,5.18552807465002,5.18552807465002,5.18552807465002,5.18552807465002,5.18552807465002,5.18552807465002,5.18552807465002,5.18552807465002,5.18552807465002,5.18552807465002,5.18552807465002,5.18552807465002,5.18552807465002,5.18552807465002,5.18552807465002,5.18552807465002,5.18552807465002,5.18552807465002,5.18552807465002,5.18552807465002,5.18552807465002,5.18552807465002,5.18552807465002,5.18552807465002,5.18552807465002,5.18552807465002,5.18552807465002,5.18552807465002,5.18552807465002,5.18552807465002,5.18552807465002,5.18552807465002,5.18552807465002,5.18552807465002,5.18552807465002,5.18552807465002,5.18552807465002,5.18552807465002,5.18552807465002,5.18552807465002,5.18552807465002,5.18552807465002,5.18552807465002,5.18552807465002,5.18552807465002,5.18552807465002,5.18552807465002,5.18552807465002,5.18552807465002,5.18552807465002,5.18552807465002,5.18552807465002,5.18552807465002,5.18552807465002,5.18552807465002,5.18552807465002,5.18552807465002,5.18552807465002,5.18552807465002,5.18552807465002,5.18552807465002,5.18552807465002,5.18552807465002,5.18552807465002,5.18552807465002,5.13207700633005,5.13207700633005,5.13207700633005,5.13207700633005,4.6888716183767265,4.6888716183767265,4.6821671208530535,4.6821671208530535,4.6821671208530535,4.6821671208530535,4.6821671208530535,4.6821671208530535,4.6821671208530535,4.6821671208530535,4.6821671208530535,4.6821671208530535,4.6821671208530535,4.6821671208530535,4.6821671208530535,4.6821671208530535,4.6821671208530535,4.6821671208530535,4.6821671208530535,4.6821671208530535,4.6821671208530535,4.6821671208530535,4.6821671208530535,4.6821671208530535,4.6821671208530535,4.6821671208530535,4.6821671208530535,4.6821671208530535,4.6821671208530535,4.6821671208530535,4.6821671208530535,4.6821671208530535,4.6821671208530535,4.6821671208530535,4.6821671208530535,4.6821671208530535,4.6821671208530535,4.6821671208530535,4.6821671208530535,4.6821671208530535,4.6821671208530535,4.6821671208530535,4.6821671208530535,4.6821671208530535,4.6821671208530535,4.6821671208530535,4.6821671208530535,4.6821671208530535,4.6821671208530535,4.6821671208530535,4.6821671208530535,4.6821671208530535,4.6821671208530535,4.6821671208530535,4.6821671208530535,4.6821671208530535,4.6821671208530535,4.6821671208530535,4.6821671208530535,4.6821671208530535,4.6821671208530535,4.6821671208530535,4.6821671208530535,4.6821671208530535,4.531393342164563,4.531393342164563,4.531393342164563,4.531393342164563,4.531393342164563,4.531393342164563,4.531393342164563,4.531393342164563,4.531393342164563,4.531393342164563,4.531393342164563,4.531393342164563,4.531393342164563,4.531393342164563,4.531393342164563,4.531393342164563,4.531393342164563,4.531393342164563,4.531393342164563,4.531393342164563,4.531393342164563,4.531393342164563,4.531393342164563,4.531393342164563,4.531393342164563,4.531393342164563,4.531393342164563,4.531393342164563,4.531393342164563,4.531393342164563,4.531393342164563,4.531393342164563,4.531393342164563,4.531393342164563,4.531393342164563,4.531393342164563,4.531393342164563,4.531393342164563,4.531393342164563,4.531393342164563,4.531393342164563,4.531393342164563,4.531393342164563,4.531393342164563,4.531393342164563,4.531393342164563,4.531393342164563,4.531393342164563,4.531393342164563,4.531393342164563,4.531393342164563,4.531393342164563,4.531393342164563,4.531393342164563,4.531393342164563,4.531393342164563,4.531393342164563,4.531393342164563,4.531393342164563,4.531393342164563,4.531393342164563,4.531393342164563,4.531393342164563,4.531393342164563,4.531393342164563,4.531393342164563,4.531393342164563,4.531393342164563,4.531393342164563,4.531393342164563,4.531393342164563,4.531393342164563,4.531393342164563,4.531393342164563,4.531393342164563,4.531393342164563,4.531393342164563,4.531393342164563,4.531393342164563,4.531393342164563,4.531393342164563,4.531393342164563,4.531393342164563,4.531393342164563,4.531393342164563,4.531393342164563,4.531393342164563,4.531393342164563,4.531393342164563,4.531393342164563,4.531393342164563,4.531393342164563,4.531393342164563,4.531393342164563,4.531393342164563,4.531393342164563,4.531393342164563,4.426016383056446,4.426016383056446,4.426016383056446,4.07811481161229,4.07811481161229,4.07811481161229,4.07811481161229,4.07811481161229,4.07811481161229,4.07811481161229,4.07811481161229,4.07811481161229,4.07811481161229,4.07811481161229,4.07811481161229,4.07811481161229,4.07811481161229,4.07811481161229,4.07811481161229,4.07811481161229,4.056313330074982,4.056313330074982,4.056313330074982,4.056313330074982,4.056313330074982,4.056313330074982,4.056313330074982,4.056313330074982,4.056313330074982,4.056313330074982,4.056313330074982,4.056313330074982,4.056313330074982,4.056313330074982,4.056313330074982,4.056313330074982,4.056313330074982,4.056313330074982,4.056313330074982,4.056313330074982,4.056313330074982,4.056313330074982,4.056313330074982,4.056313330074982,4.056313330074982,4.056313330074982,4.056313330074982,4.056313330074982,4.056313330074982,4.056313330074982,4.056313330074982,4.056313330074982,4.056313330074982,4.056313330074982,4.056313330074982,4.056313330074982,4.056313330074982,4.056313330074982,4.056313330074982,4.056313330074982,4.056313330074982,4.056313330074982,4.056313330074982,4.056313330074982,4.056313330074982,4.056313330074982,4.056313330074982,4.056313330074982,4.056313330074982,4.056313330074982,4.056313330074982,4.056313330074982,4.056313330074982,4.056313330074982,4.056313330074982,4.056313330074982,4.056313330074982,4.056313330074982,4.056313330074982,4.056313330074982,4.056313330074982,4.056313330074982,4.056313330074982,4.056313330074982,4.056313330074982,4.056313330074982,4.056313330074982,4.056313330074982,4.056313330074982,4.056313330074982,4.056313330074982,4.056313330074982,4.056313330074982,4.056313330074982,4.056313330074982,4.056313330074982,4.056313330074982,4.056313330074982,4.056313330074982,4.056313330074982,4.056313330074982,4.056313330074982,4.056313330074982,4.056313330074982,4.056313330074982,4.056313330074982,4.056313330074982,4.056313330074982,4.056313330074982,4.056313330074982,4.056313330074982,4.056313330074982,4.056313330074982,4.056313330074982,4.056313330074982,4.056313330074982,4.056313330074982,4.056313330074982,4.056313330074982,4.056313330074982,4.056313330074982,4.056313330074982,4.056313330074982,4.056313330074982,4.056313330074982,4.056313330074982,4.056313330074982,4.056313330074982,4.056313330074982,4.056313330074982,4.056313330074982,4.056313330074982,4.056313330074982,4.056313330074982,4.056313330074982,4.056313330074982,4.056313330074982,4.056313330074982,4.056313330074982,4.056313330074982,4.056313330074982,4.056313330074982,4.056313330074982,4.056313330074982,4.056313330074982,4.056313330074982,4.056313330074982,4.056313330074982,4.056313330074982,4.056313330074982,4.056313330074982,4.056313330074982,4.056313330074982,4.056313330074982,4.056313330074982,4.056313330074982,4.056313330074982,4.056313330074982,4.056313330074982,4.056313330074982,4.056313330074982,4.056313330074982,4.056313330074982,4.056313330074982,4.056313330074982,4.056313330074982,4.056313330074982,4.056313330074982,4.056313330074982,4.056313330074982,4.056313330074982,4.056313330074982,4.056313330074982,4.056313330074982,4.056313330074982,4.056313330074982,4.056313330074982,4.056313330074982,4.056313330074982,4.056313330074982,4.056313330074982,4.056313330074982,4.056313330074982,4.056313330074982,4.056313330074982,4.056313330074982,4.056313330074982,4.056313330074982,4.056313330074982,4.056313330074982,4.056313330074982,4.056313330074982,4.056313330074982,4.056313330074982,4.056313330074982,4.056313330074982,4.056313330074982,4.056313330074982,4.056313330074982,4.056313330074982,4.056313330074982,4.056313330074982,4.056313330074982,4.056313330074982,4.056313330074982,4.056313330074982,4.056313330074982,4.056313330074982,4.056313330074982,4.056313330074982,4.056313330074982,4.056313330074982,4.056313330074982,4.056313330074982,4.056313330074982,4.056313330074982,4.056313330074982,4.056313330074982,4.056313330074982,4.056313330074982,4.056313330074982,4.056313330074982,4.056313330074982,4.056313330074982,4.056313330074982,4.056313330074982,4.056313330074982,4.056313330074982,4.056313330074982,4.056313330074982,4.056313330074982,4.056313330074982,4.056313330074982,4.056313330074982,4.056313330074982,4.056313330074982,4.056313330074982,4.056313330074982,4.056313330074982,4.056313330074982,4.056313330074982,4.056313330074982,4.056313330074982,4.056313330074982,4.056313330074982,4.056313330074982,4.056313330074982,4.056313330074982,4.056313330074982,4.056313330074982,4.056313330074982,4.056313330074982,4.056313330074982,4.056313330074982,4.056313330074982,4.056313330074982,4.056313330074982,4.056313330074982,4.056313330074982,4.056313330074982,4.056313330074982,4.056313330074982,4.056313330074982,4.056313330074982,4.056313330074982,4.056313330074982,4.056313330074982,4.056313330074982,4.056313330074982,4.056313330074982,4.056313330074982,4.056313330074982,4.056313330074982,4.056313330074982,4.056313330074982,4.056313330074982,4.056313330074982,4.056313330074982,4.056313330074982,4.056313330074982,4.056313330074982,4.056313330074982,4.056313330074982,4.056313330074982,4.056313330074982,4.056313330074982,4.056313330074982,4.056313330074982,4.056313330074982,4.056313330074982,4.056313330074982,4.056313330074982,4.056313330074982,4.056313330074982,4.056313330074982,4.056313330074982,4.056313330074982,4.056313330074982,4.056313330074982,4.056313330074982,4.056313330074982,4.056313330074982,4.056313330074982,4.056313330074982,4.056313330074982,4.056313330074982,4.056313330074982,4.056313330074982,4.056313330074982,4.056313330074982,4.056313330074982,4.056313330074982,4.056313330074982,4.056313330074982,4.056313330074982,4.056313330074982,4.056313330074982,4.056313330074982,4.056313330074982,4.056313330074982,4.056313330074982,4.056313330074982,4.056313330074982,4.056313330074982,4.056313330074982,4.056313330074982,4.056313330074982,4.056313330074982,4.056313330074982,4.056313330074982,4.056313330074982,4.056313330074982,4.056313330074982,4.056313330074982,4.056313330074982,4.056313330074982,4.056313330074982,4.056313330074982,4.056313330074982,4.056313330074982,4.056313330074982,4.056313330074982,4.056313330074982,4.056313330074982,4.056313330074982,4.056313330074982,4.056313330074982,4.056313330074982,4.056313330074982,4.056313330074982,4.056313330074982,4.056313330074982,4.056313330074982,4.056313330074982,4.056313330074982,4.056313330074982,4.056313330074982,4.056313330074982,4.056313330074982,4.056313330074982,4.056313330074982,4.056313330074982,4.056313330074982,4.056313330074982,4.056313330074982,4.056313330074982,4.056313330074982,4.056313330074982,4.056313330074982,4.056313330074982,4.056313330074982,4.056313330074982,4.056313330074982,4.056313330074982,4.056313330074982,4.056313330074982,4.056313330074982,4.056313330074982,4.056313330074982,4.056313330074982,4.056313330074982,4.056313330074982,4.056313330074982,4.056313330074982,4.056313330074982,4.056313330074982,4.056313330074982,4.056313330074982,4.056313330074982,4.056313330074982,4.056313330074982,4.056313330074982,4.056313330074982,4.056313330074982,4.056313330074982,4.056313330074982,4.056313330074982,4.056313330074982,4.056313330074982,4.056313330074982,4.056313330074982,4.056313330074982,4.056313330074982,4.056313330074982,4.056313330074982,4.056313330074982,4.056313330074982,4.056313330074982,4.056313330074982,4.056313330074982,4.056313330074982,4.056313330074982,4.056313330074982,4.056313330074982,4.056313330074982,4.056313330074982,4.056313330074982,4.056313330074982,4.056313330074982,4.056313330074982,4.056313330074982,4.056313330074982,4.056313330074982,4.056313330074982,4.056313330074982,4.056313330074982,4.056313330074982,4.056313330074982,4.056313330074982,4.056313330074982,4.056313330074982,4.056313330074982,4.056313330074982,4.056313330074982,4.056313330074982,4.056313330074982,4.056313330074982,4.056313330074982,4.056313330074982,4.056313330074982,4.056313330074982,4.056313330074982,4.056313330074982,4.056313330074982,4.056313330074982,4.056313330074982,4.056313330074982,4.056313330074982,4.056313330074982,4.056313330074982,4.056313330074982,4.056313330074982,4.056313330074982,4.056313330074982,4.056313330074982,4.056313330074982,4.056313330074982,4.056313330074982,4.056313330074982,4.056313330074982,4.056313330074982,4.056313330074982,4.056313330074982,4.056313330074982,4.056313330074982,4.056313330074982,4.056313330074982,4.056313330074982,4.056313330074982,4.056313330074982,4.056313330074982,4.056313330074982,4.056313330074982,4.056313330074982,4.056313330074982,4.056313330074982,4.056313330074982,4.056313330074982,4.056313330074982,4.056313330074982,4.056313330074982,4.056313330074982,4.056313330074982,4.056313330074982,4.056313330074982,4.056313330074982,4.056313330074982,4.056313330074982,4.056313330074982,4.056313330074982,4.056313330074982,4.056313330074982,4.056313330074982,4.056313330074982,4.056313330074982,4.056313330074982,4.056313330074982,4.056313330074982,4.056313330074982,4.056313330074982,4.056313330074982,4.056313330074982,4.056313330074982,4.056313330074982,4.056313330074982,4.056313330074982,4.056313330074982,4.056313330074982,4.056313330074982,4.056313330074982,4.056313330074982,4.056313330074982,4.056313330074982,4.056313330074982,4.056313330074982,4.056313330074982,4.056313330074982,4.056313330074982,4.056313330074982,4.056313330074982,4.056313330074982,4.056313330074982,4.056313330074982,4.056313330074982,4.056313330074982,4.056313330074982,4.056313330074982,4.056313330074982,4.056313330074982,4.056313330074982,4.056313330074982,4.056313330074982,4.056313330074982,4.056313330074982,4.056313330074982,4.056313330074982,4.056313330074982,4.056313330074982,4.056313330074982,4.056313330074982,4.056313330074982,4.056313330074982,4.056313330074982,4.056313330074982,4.056313330074982,4.056313330074982,4.056313330074982,7.015441792688717,7.015441792688717,7.015441792688717,7.015441792688717,7.015441792688717,7.015441792688717,6.565348549614923,6.565348549614923,6.565348549614923,6.061584247430606,6.061584247430606,6.061584247430606,6.061584247430606,6.061584247430606,6.061584247430606,6.061584247430606,6.061584247430606,6.061584247430606,6.061584247430606,6.061584247430606,6.061584247430606,6.061584247430606,6.061584247430606,5.699440393813697,4.546483666567802,4.546483666567802,4.546483666567802,4.50707464901826,4.50707464901826,4.50707464901826,4.50707464901826,4.50707464901826,4.50707464901826,4.491983981584247,4.491983981584247,4.491983981584247,4.491983981584247,4.491983981584247,4.491983981584247,4.491983981584247,4.491983981584247,4.491983981584247,4.491983981584247,4.491983981584247,4.491983981584247,4.491983981584247,4.491983981584247,4.491983981584247,4.491983981584247,4.491983981584247,4.491983981584247,4.491983981584247,4.491983981584247,4.491983981584247,4.491983981584247,4.491983981584247,4.491983981584247,4.491983981584247,4.491983981584247,4.491983981584247,4.491983981584247,4.491983981584247,4.491983981584247,4.491983981584247,4.491983981584247,4.491983981584247,4.491983981584247,4.491983981584247,4.491983981584247,4.491983981584247,4.491983981584247,4.491983981584247,4.491983981584247,4.491983981584247,4.491983981584247,4.491983981584247,4.491983981584247,4.491983981584247,4.491983981584247,4.491983981584247,4.491983981584247,4.491983981584247,4.491983981584247,4.491983981584247,4.491983981584247,4.491983981584247,4.491983981584247,4.491983981584247,4.491983981584247,4.491983981584247,4.491983981584247,4.491983981584247,4.491983981584247,4.491983981584247,4.491983981584247,4.491983981584247,4.491983981584247,4.491983981584247,4.491983981584247,4.491983981584247,4.491983981584247,4.491983981584247,4.491983981584247,4.491983981584247,4.491983981584247,4.491983981584247,4.491983981584247,4.491983981584247,4.491983981584247,4.491983981584247,4.491983981584247,4.491983981584247,4.491983981584247,4.491983981584247,4.491983981584247,4.491983981584247,4.491983981584247,4.491983981584247,4.491983981584247,4.491983981584247,4.491983981584247,4.491983981584247,4.491983981584247,4.491983981584247,4.491983981584247,4.491983981584247,4.491983981584247,4.491983981584247,4.491983981584247,4.491983981584247,4.491983981584247,4.491983981584247,4.491983981584247,4.491983981584247,4.491983981584247,4.491983981584247,4.491983981584247,4.491983981584247,4.491983981584247,4.491983981584247,4.491983981584247,4.491983981584247,4.491983981584247,4.491983981584247,4.491983981584247,4.491983981584247,4.491983981584247,4.491983981584247,4.491983981584247,4.491983981584247,4.491983981584247,4.491983981584247,4.491983981584247,4.491983981584247,4.491983981584247,4.491983981584247,4.491983981584247,4.491983981584247,4.491983981584247,4.491983981584247,4.491983981584247,4.491983981584247,4.491983981584247,4.491983981584247,4.491983981584247,4.491983981584247,4.491983981584247,4.491983981584247,4.491983981584247,4.491983981584247,4.491983981584247,4.491983981584247,4.491983981584247,4.491983981584247,4.491983981584247,4.491983981584247,4.491983981584247,4.491983981584247,4.491983981584247,4.491983981584247,4.491983981584247,4.491983981584247,4.491983981584247,4.491983981584247,4.491983981584247,4.491983981584247,4.491983981584247,4.491983981584247,4.491983981584247,4.491983981584247,4.491983981584247,4.491983981584247,4.491983981584247,4.491983981584247,4.491983981584247,4.491983981584247,4.491983981584247,4.491983981584247,4.491983981584247,4.491983981584247,4.491983981584247,4.491983981584247,4.491983981584247,4.491983981584247,4.491983981584247,4.491983981584247,4.491983981584247,4.491983981584247,4.491983981584247,4.491983981584247,4.491983981584247,4.491983981584247,4.491983981584247,4.491983981584247,4.491983981584247,4.491983981584247,4.491983981584247,4.491983981584247,4.491983981584247,4.491983981584247,4.491983981584247,4.491983981584247,4.491983981584247,4.491983981584247,4.491983981584247,4.491983981584247,4.491983981584247,4.491983981584247,4.491983981584247,4.491983981584247,4.491983981584247,4.491983981584247,4.491983981584247,4.491983981584247,4.491983981584247,4.491983981584247,4.491983981584247,4.491983981584247,4.491983981584247,4.491983981584247,4.491983981584247,4.491983981584247,4.491983981584247,4.491983981584247,4.491983981584247,4.491983981584247,4.491983981584247,4.491983981584247,4.491983981584247,4.491983981584247,4.491983981584247,4.491983981584247,4.491983981584247,4.491983981584247,4.491983981584247,4.491983981584247,4.491983981584247,4.491983981584247,4.491983981584247,4.491983981584247,4.491983981584247,4.491983981584247,4.491983981584247,4.491983981584247,4.491983981584247,4.491983981584247,4.491983981584247,4.491983981584247,4.491983981584247,4.491983981584247,4.491983981584247,4.491983981584247,4.491983981584247,4.491983981584247,4.491983981584247,4.491983981584247,4.491983981584247,4.491983981584247,4.491983981584247,4.491983981584247,4.491983981584247,4.491983981584247,4.491983981584247,4.491983981584247,4.491983981584247,4.491983981584247,4.491983981584247,4.491983981584247,4.491983981584247,4.491983981584247,4.491983981584247,4.491983981584247,4.491983981584247,4.491983981584247,4.491983981584247,4.491983981584247,4.491983981584247,4.491983981584247,4.491983981584247,4.491983981584247,4.491983981584247,4.491983981584247,4.491983981584247,4.491983981584247,4.491983981584247,4.491983981584247,4.491983981584247,4.491983981584247,4.491983981584247,4.491983981584247,4.491983981584247,4.491983981584247,4.491983981584247,4.491983981584247,4.491983981584247,4.491983981584247,4.491983981584247,4.491983981584247,4.491983981584247,4.491983981584247,4.491983981584247,4.491983981584247,4.491983981584247,4.491983981584247,4.491983981584247,4.491983981584247,4.491983981584247,4.491983981584247,4.491983981584247,4.491983981584247,4.491983981584247,4.491983981584247,4.491983981584247,4.491983981584247,4.491983981584247,4.491983981584247,4.491983981584247,4.491983981584247,4.491983981584247,4.491983981584247,4.491983981584247,4.491983981584247,4.491983981584247,4.491983981584247,4.491983981584247,4.491983981584247,4.491983981584247,4.491983981584247,4.491983981584247,4.491983981584247,4.491983981584247,4.491983981584247,4.491983981584247,4.491983981584247,4.491983981584247,4.491983981584247,4.491983981584247,4.491983981584247,4.491983981584247,4.491983981584247,4.491983981584247,4.491983981584247,4.491983981584247,4.491983981584247,4.491983981584247,4.491983981584247,4.491983981584247,4.491983981584247,4.491983981584247,4.491983981584247,4.491983981584247,4.491983981584247,4.491983981584247,4.491983981584247,4.491983981584247,4.491983981584247,4.491983981584247,4.491983981584247,4.491983981584247,4.491983981584247,4.491983981584247,4.491983981584247,4.491983981584247,4.491983981584247,4.491983981584247,4.491983981584247,4.491983981584247,4.491983981584247,4.491983981584247,4.491983981584247,4.491983981584247,4.491983981584247,4.491983981584247,4.491983981584247,4.491983981584247,4.491983981584247,4.491983981584247,4.491983981584247,4.491983981584247,4.491983981584247,4.491983981584247,4.491983981584247,4.491983981584247,4.491983981584247,4.491983981584247,4.491983981584247,4.491983981584247,4.491983981584247,4.491983981584247,4.491983981584247,4.491983981584247,4.491983981584247,4.491983981584247,4.491983981584247,4.491983981584247,4.491983981584247,4.491983981584247,4.491983981584247,4.491983981584247,4.491983981584247,4.491983981584247,4.491983981584247,4.491983981584247,4.491983981584247,4.491983981584247,4.491983981584247,4.491983981584247,4.491983981584247,4.491983981584247,4.491983981584247,4.491983981584247,4.491983981584247,4.491983981584247,4.491983981584247,4.491983981584247,4.491983981584247,4.491983981584247,4.491983981584247,4.491983981584247,4.491983981584247,4.491983981584247,4.491983981584247,4.491983981584247,4.491983981584247,4.491983981584247,4.491983981584247,4.491983981584247,4.491983981584247,4.491983981584247,4.491983981584247,4.491983981584247,4.491983981584247,4.491983981584247,4.491983981584247,4.491983981584247,4.491983981584247,4.491983981584247,4.491983981584247,4.491983981584247,4.491983981584247,4.491983981584247,4.491983981584247,4.491983981584247,4.491983981584247,4.491983981584247,4.491983981584247,4.491983981584247,4.491983981584247,4.491983981584247,4.491983981584247,4.491983981584247,4.491983981584247,4.491983981584247,4.491983981584247,4.491983981584247,4.491983981584247,4.491983981584247,4.491983981584247,4.491983981584247,4.491983981584247,4.491983981584247,4.491983981584247,4.491983981584247,4.491983981584247,4.491983981584247,4.491983981584247,4.491983981584247,4.491983981584247,4.491983981584247,4.491983981584247,4.491983981584247,4.491983981584247,4.491983981584247,4.491983981584247,4.491983981584247,4.491983981584247,4.491983981584247,4.491983981584247,4.491983981584247,4.491983981584247,4.491983981584247,4.491983981584247,4.491983981584247,4.491983981584247,4.491983981584247,4.491983981584247,4.491983981584247,4.491983981584247,4.491983981584247,4.491983981584247,4.491983981584247,4.491983981584247,4.491983981584247,4.491983981584247,4.491983981584247,4.491983981584247,4.491983981584247,4.491983981584247,4.491983981584247,4.491983981584247,4.491983981584247,4.491983981584247,4.491983981584247,4.491983981584247,4.491983981584247,4.491983981584247,4.491983981584247,4.491983981584247,4.491983981584247,4.491983981584247,4.491983981584247,4.491983981584247,4.491983981584247,4.491983981584247,4.491983981584247,4.491983981584247,4.491983981584247,4.491983981584247,4.491983981584247,4.491983981584247,4.491983981584247,4.491983981584247,4.491983981584247,4.491983981584247,4.491983981584247,4.491983981584247,4.491983981584247,4.491983981584247,4.491983981584247,4.491983981584247,4.491983981584247,4.491983981584247,4.491983981584247,4.491983981584247,4.491983981584247,4.491983981584247,4.491983981584247,4.491983981584247,4.491983981584247,4.491983981584247,4.491983981584247,4.491983981584247,4.491983981584247,4.491983981584247,4.491983981584247,4.491983981584247,4.491983981584247,4.491983981584247,4.491983981584247,4.491983981584247,4.491983981584247,4.491983981584247,4.491983981584247,4.491983981584247,4.491983981584247,4.491983981584247,4.491983981584247,4.491983981584247,4.491983981584247,4.491983981584247,4.491983981584247,4.491983981584247,4.491983981584247,4.491983981584247,4.491983981584247,4.491983981584247,4.491983981584247,4.491983981584247,4.491983981584247,4.491983981584247,4.491983981584247,4.491983981584247,4.491983981584247,4.491983981584247,4.491983981584247,4.491983981584247,4.491983981584247,4.491983981584247,4.491983981584247,4.491983981584247,4.491983981584247,4.491983981584247,4.491983981584247,4.491983981584247,4.491983981584247,4.491983981584247,4.491983981584247,4.491983981584247,4.491983981584247,4.491983981584247,4.491983981584247,4.491983981584247,4.491983981584247,4.491983981584247,4.491983981584247,4.491983981584247,4.491983981584247,4.491983981584247,4.491983981584247,4.491983981584247,4.491983981584247,4.491983981584247,4.491983981584247,4.491983981584247,4.491983981584247,4.491983981584247,4.491983981584247,4.491983981584247,4.491983981584247,4.491983981584247,4.491983981584247,4.491983981584247,4.491983981584247,4.491983981584247,4.491983981584247,4.491983981584247,4.491983981584247,4.491983981584247,4.491983981584247,4.491983981584247,4.491983981584247,4.491983981584247,4.491983981584247,4.491983981584247,4.491983981584247,4.491983981584247,4.491983981584247,4.491983981584247,4.491983981584247,4.491983981584247,4.491983981584247,4.491983981584247,4.491983981584247,4.491983981584247,4.491983981584247,4.491983981584247,4.491983981584247,4.491983981584247,4.491983981584247,4.491983981584247,4.491983981584247,4.491983981584247,4.491983981584247,4.491983981584247,4.491983981584247,4.491983981584247,4.491983981584247,4.491983981584247,4.491983981584247,4.491983981584247,4.491983981584247,4.491983981584247,4.491983981584247,4.491983981584247,4.491983981584247,4.491983981584247,4.491983981584247,4.491983981584247,4.491983981584247,4.491983981584247,4.491983981584247,4.491983981584247,4.491983981584247,4.491983981584247,4.491983981584247,4.491983981584247,4.491983981584247,4.491983981584247,4.491983981584247,4.491983981584247,4.491983981584247,4.491983981584247,4.491983981584247,4.491983981584247,4.491983981584247,4.491983981584247,4.491983981584247,4.491983981584247,4.491983981584247,4.491983981584247,4.491983981584247,4.491983981584247,4.491983981584247,4.491983981584247,4.491983981584247,4.491983981584247,4.491983981584247,4.491983981584247,4.491983981584247,4.491983981584247,4.491983981584247,4.491983981584247,4.491983981584247,4.491983981584247,4.491983981584247,4.491983981584247,4.491983981584247,4.491983981584247,4.491983981584247,4.491983981584247,4.491983981584247,4.491983981584247,4.491983981584247,4.491983981584247,4.491983981584247,4.491983981584247,4.491983981584247,4.491983981584247,4.491983981584247,4.491983981584247,4.491983981584247,4.491983981584247,4.491983981584247,4.491983981584247,4.491983981584247,4.491983981584247,4.491983981584247,4.491983981584247,4.491983981584247,4.491983981584247,4.491983981584247,4.491983981584247,4.491983981584247,4.491983981584247,4.491983981584247,4.491983981584247,4.491983981584247,4.491983981584247,4.491983981584247,4.491983981584247,4.491983981584247,4.491983981584247,4.491983981584247,4.491983981584247,4.491983981584247,4.491983981584247,4.491983981584247,4.491983981584247,4.491983981584247,4.491983981584247,4.491983981584247,4.491983981584247,4.491983981584247,4.491983981584247,4.491983981584247,4.491983981584247,4.491983981584247,4.491983981584247,4.491983981584247,4.491983981584247,4.491983981584247,4.491983981584247,4.491983981584247,4.491983981584247,4.491983981584247,4.491983981584247,4.491983981584247,4.491983981584247,4.491983981584247,4.491983981584247,4.491983981584247,4.491983981584247,4.491983981584247,4.491983981584247,4.491983981584247,4.491983981584247,4.491983981584247,4.491983981584247,4.491983981584247,4.491983981584247,4.491983981584247,4.491983981584247,4.491983981584247,4.491983981584247,4.491983981584247,4.491983981584247,4.491983981584247,4.491983981584247,4.491983981584247,4.491983981584247,4.491983981584247,4.491983981584247,4.491983981584247,4.491983981584247,4.491983981584247,4.491983981584247,4.491983981584247,4.491983981584247,4.491983981584247,4.491983981584247,4.491983981584247,4.491983981584247,4.491983981584247,4.491983981584247,4.491983981584247,4.491983981584247,4.491983981584247,4.491983981584247,4.491983981584247,4.491983981584247,4.491983981584247,4.491983981584247,4.491983981584247,4.491983981584247,4.491983981584247,4.491983981584247,4.491983981584247,4.491983981584247,4.491983981584247,4.491983981584247,4.491983981584247,4.491983981584247,4.491983981584247,4.491983981584247,4.491983981584247,4.491983981584247,4.491983981584247,4.491983981584247,4.491983981584247,4.491983981584247,4.491983981584247,4.491983981584247,4.491983981584247,4.491983981584247,4.491983981584247,4.491983981584247,4.491983981584247,4.491983981584247,4.491983981584247,4.491983981584247,4.491983981584247,4.491983981584247,4.491983981584247,4.491983981584247,4.491983981584247,4.491983981584247,4.491983981584247,4.491983981584247,4.491983981584247,4.491983981584247,4.491983981584247,4.491983981584247,4.491983981584247,4.491983981584247,4.491983981584247,4.491983981584247,4.491983981584247,4.491983981584247,4.491983981584247,4.491983981584247,4.491983981584247,4.491983981584247,4.491983981584247,4.491983981584247,4.491983981584247,4.491983981584247,4.491983981584247,4.491983981584247,4.491983981584247,4.491983981584247,4.491983981584247,4.491983981584247,4.491983981584247,4.491983981584247,4.491983981584247,4.491983981584247,4.491983981584247,4.491983981584247,4.491983981584247,4.491983981584247,4.491983981584247,4.491983981584247,4.491983981584247,4.491983981584247,4.491983981584247,4.491983981584247,4.491983981584247,4.491983981584247,4.491983981584247,4.491983981584247,4.491983981584247,4.491983981584247,4.491983981584247,4.491983981584247,4.491983981584247,4.491983981584247,4.491983981584247,4.491983981584247,4.491983981584247,4.491983981584247,4.491983981584247,4.491983981584247,4.491983981584247,4.491983981584247,4.491983981584247,4.491983981584247,4.491983981584247,4.491983981584247,4.491983981584247,4.491983981584247,4.491983981584247,4.491983981584247,4.491983981584247,4.491983981584247,4.491983981584247,4.491983981584247,4.491983981584247,4.491983981584247,4.491983981584247,4.491983981584247,4.491983981584247,4.491983981584247,4.491983981584247,4.491983981584247,4.491983981584247,4.491983981584247,4.491983981584247,4.491983981584247,4.491983981584247,4.491983981584247,4.491983981584247,4.491983981584247,4.491983981584247,4.491983981584247,4.491983981584247,4.491983981584247,4.491983981584247,4.491983981584247,4.491983981584247,4.491983981584247,4.491983981584247,4.491983981584247,4.491983981584247,4.491983981584247,4.491983981584247,4.491983981584247,4.491983981584247,4.491983981584247,4.491983981584247,4.491983981584247,4.491983981584247,4.491983981584247,4.491983981584247,4.491983981584247,4.491983981584247,4.491983981584247,4.491983981584247,4.491983981584247,4.491983981584247,4.491983981584247,4.491983981584247,4.491983981584247,4.491983981584247,4.491983981584247,4.491983981584247,4.491983981584247,4.491983981584247,4.491983981584247,4.491983981584247,4.491983981584247,4.491983981584247,4.491983981584247,4.491983981584247,4.491983981584247,4.491983981584247,4.491983981584247,4.491983981584247,4.491983981584247,4.491983981584247,4.491983981584247,4.491983981584247,4.491983981584247,4.491983981584247,4.491983981584247,4.491983981584247,4.491983981584247,4.491983981584247,4.491983981584247,4.491983981584247,4.491983981584247,7.744242419494638,7.744242419494638,7.744242419494638,7.744242419494638,7.744242419494638,7.744242419494638,7.744242419494638,7.744242419494638,7.744242419494638,7.740967261839218,7.740967261839218,7.740967261839218,7.740967261839218,7.740967261839218,7.740967261839218,7.740967261839218,7.740967261839218,7.740967261839218,7.740967261839218,7.740967261839218,7.740967261839218,7.740967261839218,7.740967261839218,7.740967261839218,7.740967261839218,7.740967261839218,7.740967261839218,7.740967261839218,7.740967261839218,7.740967261839218,7.740967261839218,7.740967261839218,7.740967261839218,7.740967261839218,7.740967261839218,7.740967261839218,7.740967261839218,7.740967261839218,7.740967261839218,7.740967261839218,7.740967261839218,7.740967261839218,7.740967261839218,7.740967261839218,7.740967261839218,7.740967261839218,7.740967261839218,7.740967261839218,7.740967261839218,7.740967261839218,7.740967261839218,7.740967261839218,7.740967261839218,7.740967261839218,7.740967261839218,7.740967261839218,7.740967261839218,7.740967261839218,7.740967261839218,7.740967261839218,6.838743476743955,6.720706829223077,6.720706829223077,6.720706829223077,6.720706829223077,5.456868880858434,5.456868880858434,5.456868880858434,5.456868880858434,5.456868880858434,5.456868880858434,5.299205329877507,5.299205329877507,5.148331632285375,5.148331632285375,5.148331632285375,5.148331632285375,5.148331632285375,5.148331632285375,5.148331632285375,5.148331632285375,5.148331632285375,5.148331632285375,5.148331632285375,5.148331632285375,5.148331632285375,5.148331632285375,5.148331632285375,5.148331632285375,5.148331632285375,5.148331632285375,5.148331632285375,5.148331632285375,5.148331632285375,5.148331632285375,5.148331632285375,5.148331632285375,5.148331632285375,5.148331632285375,5.148331632285375,5.148331632285375,5.148331632285375,5.148331632285375,5.148331632285375,5.148331632285375,5.148331632285375,5.148331632285375,5.148331632285375,5.148331632285375,5.148331632285375,5.148331632285375,5.148331632285375,5.148331632285375,5.148331632285375,5.148331632285375,5.148331632285375,5.148331632285375,5.148331632285375,5.148331632285375,5.148331632285375,5.148331632285375,5.148331632285375,5.148331632285375,5.148331632285375,5.148331632285375,5.148331632285375,5.148331632285375,5.148331632285375,5.148331632285375,5.148331632285375,5.148331632285375,5.148331632285375,5.148331632285375,5.148331632285375,5.148331632285375,5.148331632285375,5.148331632285375,5.148331632285375,5.148331632285375,5.148331632285375,5.148331632285375,5.148331632285375,5.148331632285375,5.148331632285375,5.148331632285375,5.148331632285375,5.148331632285375,5.148331632285375,5.148331632285375,5.148331632285375,5.148331632285375,5.148331632285375,5.148331632285375,5.148331632285375,5.148331632285375,5.148331632285375,5.148331632285375,5.148331632285375,5.148331632285375,5.148331632285375,5.148331632285375,5.148331632285375,5.148331632285375,5.148331632285375,5.148331632285375,5.148331632285375,5.148331632285375,5.148331632285375,5.148331632285375,5.148331632285375,5.148331632285375,5.148331632285375,5.148331632285375,5.148331632285375,5.148331632285375,5.148331632285375,5.148331632285375,5.148331632285375,5.148331632285375,5.148331632285375,5.148331632285375,5.148331632285375,5.148331632285375,5.148331632285375,5.148331632285375,5.148331632285375,5.148331632285375,5.148331632285375,5.148331632285375,5.148331632285375,5.148331632285375,5.148331632285375,5.148331632285375,5.148331632285375,5.148331632285375,5.148331632285375,5.148331632285375,5.148331632285375,5.148331632285375,5.148331632285375,5.148331632285375,5.148331632285375,5.148331632285375,5.148331632285375,5.148331632285375,5.148331632285375,5.148331632285375,5.148331632285375,5.148331632285375,5.148331632285375,5.148331632285375,5.148331632285375,5.148331632285375,5.148331632285375,5.148331632285375,5.148331632285375,5.148331632285375,5.148331632285375,5.148331632285375,5.148331632285375,5.148331632285375,5.148331632285375,5.148331632285375,5.148331632285375,5.148331632285375,5.148331632285375,5.148331632285375,5.148331632285375,5.148331632285375,5.148331632285375,5.148331632285375,5.148331632285375,5.148331632285375,5.148331632285375,5.148331632285375,5.148331632285375,5.148331632285375,5.148331632285375,5.148331632285375,5.148331632285375,5.148331632285375,5.148331632285375,5.148331632285375,5.148331632285375,5.148331632285375,5.148331632285375,5.148331632285375,5.148331632285375,5.148331632285375,5.148331632285375,5.148331632285375,5.148331632285375,5.148331632285375,5.148331632285375,5.148331632285375,5.148331632285375,5.148331632285375,5.148331632285375,5.148331632285375,5.148331632285375,5.148331632285375,5.148331632285375,5.148331632285375,5.148331632285375,5.148331632285375,5.148331632285375,5.148331632285375,5.148331632285375,5.148331632285375,5.148331632285375,5.148331632285375,5.148331632285375,5.148331632285375,5.148331632285375,5.148331632285375,5.148331632285375,5.148331632285375,5.148331632285375,5.148331632285375,5.148331632285375,5.148331632285375,5.148331632285375,5.148331632285375,5.148331632285375,5.148331632285375,5.148331632285375,5.148331632285375,5.148331632285375,5.148331632285375,5.148331632285375,5.148331632285375,5.148331632285375,5.148331632285375,5.148331632285375,5.148331632285375,5.148331632285375,5.148331632285375,5.148331632285375,5.148331632285375,5.148331632285375,5.148331632285375,5.148331632285375,5.148331632285375,5.148331632285375,5.148331632285375,5.148331632285375,5.148331632285375,5.148331632285375,5.148331632285375,5.148331632285375,5.148331632285375,5.148331632285375,5.148331632285375,5.148331632285375,5.148331632285375,5.148331632285375,5.148331632285375,5.148331632285375,5.148331632285375,5.148331632285375,5.148331632285375,5.148331632285375,5.148331632285375,5.148331632285375,5.148331632285375,5.148331632285375,5.148331632285375,5.148331632285375,5.148331632285375,5.148331632285375,5.148331632285375,5.148331632285375,5.148331632285375,5.148331632285375,5.148331632285375,5.148331632285375,5.148331632285375,5.148331632285375,5.148331632285375,5.148331632285375,5.148331632285375,5.148331632285375,5.148331632285375,5.148331632285375,5.148331632285375,5.148331632285375,5.148331632285375,5.148331632285375,5.148331632285375,5.148331632285375,5.148331632285375,5.148331632285375,5.148331632285375,5.148331632285375,5.148331632285375,5.148331632285375,5.148331632285375,5.148331632285375,5.148331632285375,5.148331632285375,5.148331632285375,5.148331632285375,5.148331632285375,5.148331632285375,5.148331632285375,5.148331632285375,5.148331632285375,5.148331632285375,5.148331632285375,5.148331632285375,5.148331632285375,5.148331632285375,5.148331632285375,5.148331632285375,5.148331632285375,5.148331632285375,5.148331632285375,5.148331632285375,5.148331632285375,5.148331632285375,5.148331632285375,5.148331632285375,5.148331632285375,5.148331632285375,5.148331632285375,5.148331632285375,5.148331632285375,5.148331632285375,5.148331632285375,5.148331632285375,5.148331632285375,5.148331632285375,5.148331632285375,5.148331632285375,5.148331632285375,5.148331632285375,5.148331632285375,5.148331632285375,5.148331632285375,5.148331632285375,5.148331632285375,5.148331632285375,5.148331632285375,5.148331632285375,5.148331632285375,5.148331632285375,5.148331632285375,5.148331632285375,5.148331632285375,5.148331632285375,5.148331632285375,5.148331632285375,5.148331632285375,5.148331632285375,5.148331632285375,5.148331632285375,5.148331632285375,5.148331632285375,5.148331632285375,5.148331632285375,5.148331632285375,5.148331632285375,5.148331632285375,5.148331632285375,5.148331632285375,5.148331632285375,5.148331632285375,5.148331632285375,5.148331632285375,5.148331632285375,5.148331632285375,5.148331632285375,5.148331632285375,5.148331632285375,5.148331632285375,5.148331632285375,5.148331632285375,5.148331632285375,5.148331632285375,5.148331632285375,5.148331632285375,5.148331632285375,5.148331632285375,5.148331632285375,5.148331632285375,5.148331632285375,5.148331632285375,5.148331632285375,5.148331632285375,5.148331632285375,5.148331632285375,5.148331632285375,5.148331632285375,5.148331632285375,5.148331632285375,5.148331632285375,5.148331632285375,5.148331632285375,5.148331632285375,5.148331632285375,5.148331632285375,5.148331632285375,5.148331632285375,5.148331632285375,5.148331632285375,5.148331632285375,5.148331632285375,5.148331632285375,5.148331632285375,5.148331632285375,5.148331632285375,5.148331632285375,5.148331632285375,5.148331632285375,5.148331632285375,5.148331632285375,5.148331632285375,5.148331632285375,5.148331632285375,5.148331632285375,5.148331632285375,5.148331632285375,5.148331632285375,5.148331632285375,5.148331632285375,5.148331632285375,5.148331632285375,5.148331632285375,5.148331632285375,5.148331632285375,5.148331632285375,5.148331632285375,5.148331632285375,5.148331632285375,5.148331632285375,5.148331632285375,5.148331632285375,5.148331632285375,5.148331632285375,5.148331632285375,5.148331632285375,5.148331632285375,5.148331632285375,5.148331632285375,5.148331632285375,5.148331632285375,5.148331632285375,5.148331632285375,5.148331632285375,5.148331632285375,5.148331632285375,5.148331632285375,5.148331632285375,5.148331632285375,5.148331632285375,5.148331632285375,5.148331632285375,5.148331632285375,5.148331632285375,5.148331632285375,5.148331632285375,5.148331632285375,5.148331632285375,5.148331632285375,5.148331632285375,5.148331632285375,5.148331632285375,5.148331632285375,5.148331632285375,5.148331632285375,5.148331632285375,5.148331632285375,5.148331632285375,5.148331632285375,5.148331632285375,5.148331632285375,5.148331632285375,5.148331632285375,5.148331632285375,5.148331632285375,5.148331632285375,5.148331632285375,5.148331632285375,5.148331632285375,5.148331632285375,5.148331632285375,5.148331632285375,5.148331632285375,5.148331632285375,5.148331632285375,5.148331632285375,5.148331632285375,5.148331632285375,5.148331632285375,5.148331632285375,5.148331632285375,5.148331632285375,5.148331632285375,5.148331632285375,5.148331632285375,5.148331632285375,5.148331632285375,5.148331632285375,5.148331632285375,5.148331632285375,5.148331632285375,5.148331632285375,5.148331632285375,5.148331632285375,5.148331632285375,5.148331632285375,5.148331632285375,5.148331632285375,5.148331632285375,5.148331632285375,5.148331632285375,5.148331632285375,5.148331632285375,5.148331632285375,5.148331632285375,5.148331632285375,5.148331632285375,5.148331632285375,5.148331632285375,5.148331632285375,5.148331632285375,5.148331632285375,5.148331632285375,5.148331632285375,5.148331632285375,5.148331632285375,5.148331632285375,5.148331632285375,5.148331632285375,5.148331632285375,5.148331632285375,5.148331632285375,5.148331632285375,5.148331632285375,5.021776738440737,5.021776738440737,5.021776738440737,5.021776738440737,5.021776738440737,5.021776738440737,5.021776738440737,5.021776738440737,5.021776738440737,5.021776738440737,5.021776738440737,5.021776738440737,5.021776738440737,5.021776738440737,5.021776738440737,5.021776738440737,5.021776738440737,5.021776738440737,5.021776738440737,5.021776738440737,5.021776738440737,5.021776738440737,5.021776738440737,5.021776738440737,5.021776738440737,5.021776738440737,5.021776738440737,5.021776738440737,5.021776738440737,5.021776738440737,5.021776738440737,5.021776738440737,5.021776738440737,5.021776738440737,5.021776738440737,5.021776738440737,5.021776738440737,5.021776738440737,5.021776738440737,5.021776738440737,5.021776738440737,5.021776738440737,5.021776738440737,5.021776738440737,5.021776738440737,5.021776738440737,5.021776738440737,5.021776738440737,5.021776738440737,5.021776738440737,5.021776738440737,5.021776738440737,5.021776738440737,5.021776738440737,5.021776738440737,5.021776738440737,5.021776738440737,5.021776738440737,5.021776738440737,5.021776738440737,5.021776738440737,5.021776738440737,5.021776738440737,5.021776738440737,5.021776738440737,5.021776738440737,5.021776738440737,5.021776738440737,5.021776738440737,5.021776738440737,5.021776738440737,5.021776738440737,5.021776738440737,5.021776738440737,5.021776738440737,5.021776738440737,5.021776738440737,5.021776738440737,5.021776738440737,5.021776738440737,5.021776738440737,5.021776738440737,5.021776738440737,5.021776738440737,5.021776738440737,5.021776738440737,5.021776738440737,5.021776738440737,5.021776738440737,5.021776738440737,5.021776738440737,5.021776738440737,5.021776738440737,5.021776738440737,5.021776738440737,5.021776738440737,5.021776738440737,5.021776738440737,5.021776738440737,5.021776738440737,5.021776738440737,5.021776738440737,5.021776738440737,5.021776738440737,5.021776738440737,5.021776738440737,5.021776738440737,5.021776738440737,5.021776738440737,5.021776738440737,5.021776738440737,5.021776738440737,5.021776738440737,5.021776738440737,5.021776738440737,5.021776738440737,5.021776738440737,5.021776738440737,5.021776738440737,5.021776738440737,5.021776738440737,5.021776738440737,5.021776738440737,5.021776738440737,5.021776738440737,5.021776738440737,5.021776738440737,5.021776738440737,5.021776738440737,5.021776738440737,5.021776738440737,5.021776738440737,5.021776738440737,5.021776738440737,5.021776738440737,5.021776738440737,5.021776738440737,5.021776738440737,5.021776738440737,5.021776738440737,5.021776738440737,5.021776738440737,5.021776738440737,5.021776738440737,5.021776738440737,5.021776738440737,5.021776738440737,5.021776738440737,5.021776738440737,5.021776738440737,5.021776738440737,5.021776738440737,5.021776738440737,5.021776738440737,5.021776738440737,5.021776738440737,5.021776738440737,5.021776738440737,5.021776738440737,5.021776738440737,5.021776738440737,5.021776738440737,5.021776738440737,5.021776738440737,5.021776738440737,5.021776738440737,5.021776738440737,5.021776738440737,5.021776738440737,5.021776738440737,5.021776738440737,5.021776738440737,5.021776738440737,5.021776738440737,5.021776738440737,5.021776738440737,5.021776738440737,5.021776738440737,5.021776738440737,5.021776738440737,5.021776738440737,5.021776738440737,5.021776738440737,5.021776738440737,5.021776738440737,5.021776738440737,5.021776738440737,5.021776738440737,5.021776738440737,5.021776738440737,5.021776738440737,5.021776738440737,5.021776738440737,5.021776738440737,5.021776738440737,5.021776738440737,5.021776738440737,5.021776738440737,5.021776738440737,5.021776738440737,5.021776738440737,5.021776738440737,5.021776738440737,5.021776738440737,5.021776738440737,5.021776738440737,5.021776738440737,5.021776738440737,5.021776738440737,5.021776738440737,5.021776738440737,5.021776738440737,5.021776738440737,5.021776738440737,5.021776738440737,5.021776738440737,5.021776738440737,5.021776738440737,5.021776738440737,5.021776738440737,5.021776738440737,5.021776738440737,5.021776738440737,5.021776738440737,5.021776738440737,5.021776738440737,5.021776738440737,5.021776738440737,5.021776738440737,5.021776738440737,5.021776738440737,5.021776738440737,5.021776738440737,5.021776738440737,5.021776738440737,5.021776738440737,5.021776738440737,5.021776738440737,5.021776738440737,5.021776738440737,5.021776738440737,5.021776738440737,5.021776738440737,5.021776738440737,5.021776738440737,5.021776738440737,5.021776738440737,5.021776738440737,5.021776738440737,5.021776738440737,5.021776738440737,5.021776738440737,5.021776738440737,5.021776738440737,5.021776738440737,5.021776738440737,5.021776738440737,5.021776738440737,5.021776738440737,5.021776738440737,5.021776738440737,5.021776738440737,5.021776738440737,5.021776738440737,5.021776738440737,5.021776738440737,5.021776738440737,5.021776738440737,5.021776738440737,5.021776738440737,5.021776738440737,5.021776738440737,5.021776738440737,5.021776738440737,5.021776738440737,5.021776738440737,5.021776738440737,5.021776738440737,4.801671762432152,4.801671762432152,4.801671762432152,4.801671762432152,4.801671762432152,4.801671762432152,4.801671762432152,4.801671762432152,4.801671762432152,4.725049681496099,4.725049681496099,4.725049681496099,4.725049681496099,4.725049681496099,4.725049681496099,4.725049681496099,4.725049681496099,4.725049681496099,4.725049681496099,4.725049681496099,4.725049681496099,4.725049681496099,4.725049681496099,4.725049681496099,4.725049681496099,4.725049681496099,4.725049681496099,4.725049681496099,4.725049681496099,4.725049681496099,4.725049681496099,4.725049681496099,4.725049681496099,4.725049681496099,4.725049681496099,4.725049681496099,4.725049681496099,4.725049681496099,4.725049681496099,4.725049681496099,4.725049681496099,4.725049681496099,4.725049681496099,4.725049681496099,4.654160753263111,4.654160753263111,4.654160753263111,4.654160753263111,4.654160753263111,4.654160753263111,4.654160753263111,4.654160753263111,4.654160753263111,4.654160753263111,4.654160753263111,4.654160753263111,4.654160753263111,4.654160753263111,4.654160753263111,4.654160753263111,4.654160753263111,4.654160753263111,4.654160753263111,4.654160753263111,4.654160753263111,4.654160753263111,4.654160753263111,4.654160753263111,4.654160753263111,4.654160753263111,4.654160753263111,4.654160753263111,4.654160753263111,4.654160753263111,4.654160753263111,4.654160753263111,4.654160753263111,4.654160753263111,4.654160753263111,4.654160753263111,4.654160753263111,4.654160753263111,4.654160753263111,4.654160753263111,4.654160753263111,4.654160753263111,4.654160753263111,4.654160753263111,4.654160753263111,4.654160753263111,4.654160753263111,4.654160753263111,4.654160753263111,4.654160753263111,4.654160753263111,4.654160753263111,4.654160753263111,4.654160753263111,4.654160753263111,4.654160753263111,4.654160753263111,4.654160753263111,4.654160753263111,4.654160753263111,4.654160753263111,4.654160753263111,4.654160753263111,4.654160753263111,4.654160753263111,4.654160753263111,4.654160753263111,4.654160753263111,4.654160753263111,4.654160753263111,4.654160753263111,4.654160753263111,4.654160753263111,4.654160753263111,4.654160753263111,4.654160753263111,4.654160753263111,4.654160753263111,4.654160753263111,11.03004410502136,11.03004410502136,10.2036163570538,9.734929854993029,9.734929854993029,9.734929854993029,9.734929854993029,9.734929854993029,9.734929854993029,9.734929854993029,9.734929854993029,9.734929854993029,9.734929854993029,9.734929854993029,9.734929854993029,9.734929854993029,9.734929854993029,9.734929854993029,9.734929854993029,9.734929854993029,9.734929854993029,9.734929854993029,9.734929854993029,9.734929854993029,9.734929854993029,9.734929854993029,9.734929854993029,9.734929854993029,9.734929854993029,9.545425622561654,9.545425622561654,9.545425622561654,9.545425622561654,9.545425622561654,9.545425622561654,9.545425622561654,9.545425622561654,9.545425622561654,9.545425622561654,9.545425622561654,9.545425622561654,9.545425622561654,9.545425622561654,9.545425622561654,9.545425622561654,9.545425622561654,9.545425622561654,9.545425622561654,9.545425622561654,9.545425622561654,9.545425622561654,9.545425622561654,9.545425622561654,9.545425622561654,9.545425622561654,9.545425622561654,9.545425622561654,9.545425622561654,9.545425622561654,9.545425622561654,9.545425622561654,9.545425622561654,9.545425622561654,9.545425622561654,9.545425622561654,9.545425622561654,9.545425622561654,9.545425622561654,9.545425622561654,9.545425622561654,9.545425622561654,9.545425622561654,9.545425622561654,9.545425622561654,9.545425622561654,9.545425622561654,9.545425622561654,9.545425622561654,9.545425622561654,9.545425622561654,9.545425622561654,9.545425622561654,9.545425622561654,9.545425622561654,9.545425622561654,9.545425622561654,9.545425622561654,9.545425622561654,9.545425622561654,9.545425622561654,9.545425622561654,9.545425622561654,9.545425622561654,9.545425622561654,9.545425622561654,9.545425622561654,9.545425622561654,9.545425622561654,9.545425622561654,9.545425622561654,9.545425622561654,9.545425622561654,9.545425622561654,9.545425622561654,9.545425622561654,9.545425622561654,9.545425622561654,9.545425622561654,9.545425622561654,9.545425622561654,9.545425622561654,9.545425622561654,9.545425622561654,9.545425622561654,9.545425622561654,9.545425622561654,9.545425622561654,9.545425622561654,9.545425622561654,9.545425622561654,9.545425622561654,8.60770925600159,8.60770925600159,8.60770925600159,8.60770925600159,8.60770925600159,8.60770925600159,8.60770925600159,8.60770925600159,8.60770925600159,8.60770925600159,8.60770925600159,8.557871698720751,8.557871698720751,8.557871698720751,8.557871698720751,8.557871698720751,8.557871698720751,8.557871698720751,8.557871698720751,8.557871698720751,8.557871698720751,8.557871698720751,7.889724332045117,7.889724332045117,7.889724332045117,7.889724332045117,7.889724332045117,7.889724332045117,7.753314855710786,7.753314855710786,7.753314855710786,7.7080849369648945,7.7080849369648945,7.7080849369648945,7.7080849369648945,7.7080849369648945,7.7080849369648945,7.7080849369648945,7.7080849369648945,7.7080849369648945,7.7080849369648945,7.7080849369648945,7.621244815613857,7.621244815613857,7.621244815613857,7.621244815613857,7.559301484822571,7.508360158890183,7.508360158890183,7.508360158890183,7.508360158890183,7.508360158890183,7.508360158890183,7.508360158890183,7.508360158890183,7.508360158890183,7.508360158890183,7.508360158890183,7.508360158890183,7.508360158890183,7.508360158890183,7.508360158890183,7.508360158890183,7.508360158890183,7.508360158890183,7.508360158890183,7.508360158890183,7.508360158890183,7.508360158890183,7.508360158890183,7.508360158890183,7.508360158890183,7.508360158890183,7.508360158890183,7.508360158890183,7.508360158890183,7.508360158890183,7.508360158890183,7.508360158890183,7.508360158890183,7.508360158890183,7.508360158890183,7.508360158890183,7.508360158890183,7.508360158890183,7.508360158890183,7.508360158890183,7.508360158890183,7.433229186135147,7.433229186135147,7.433229186135147,7.422595387320653,7.422595387320653,7.422595387320653,7.422595387320653,7.422595387320653,7.422595387320653,7.422595387320653,7.422595387320653,7.422595387320653,7.422595387320653,7.422595387320653,7.422595387320653,7.422595387320653,7.422595387320653,7.405525474836521,7.405525474836521,7.405525474836521,7.405525474836521,7.405525474836521,7.405525474836521,7.268500678714672,7.268500678714672,7.268500678714672,7.268500678714672,7.268500678714672,7.268500678714672,7.268500678714672,7.268500678714672,7.268500678714672,7.268500678714672,7.268500678714672,7.268500678714672,7.268500678714672,7.268500678714672,7.268500678714672,7.268500678714672,7.268500678714672,7.268500678714672,7.268500678714672,7.268500678714672,7.268500678714672,7.268500678714672,7.268500678714672,7.268500678714672,7.268500678714672,7.268500678714672,7.268500678714672,7.268500678714672,7.268500678714672,7.268500678714672,7.268500678714672,7.268500678714672,7.268500678714672,7.268500678714672,7.268500678714672,7.268500678714672,7.268500678714672,7.268500678714672,7.268500678714672,7.268500678714672,7.268500678714672,7.268500678714672,7.268500678714672,7.268500678714672,7.2528754891596545,7.2528754891596545,7.1838273856846895,7.1838273856846895,7.1838273856846895,7.1838273856846895,7.1838273856846895,7.1838273856846895,7.1838273856846895,7.1838273856846895,7.1838273856846895,7.1838273856846895,7.175455161199758,7.175455161199758,7.175455161199758,7.175455161199758,7.175455161199758,7.175455161199758,7.175455161199758,7.175455161199758,7.175455161199758,7.175455161199758,7.175455161199758,7.175455161199758,7.175455161199758,7.175455161199758,7.175455161199758,7.175455161199758,7.175455161199758,7.175455161199758,7.175455161199758,7.175455161199758,7.175455161199758,7.175455161199758,7.175455161199758,7.175455161199758,7.175455161199758,7.175455161199758,7.175455161199758,7.175455161199758,7.175455161199758,7.175455161199758,7.175455161199758,7.175455161199758,7.175455161199758,7.175455161199758,7.175455161199758,7.175455161199758,7.175455161199758,7.175455161199758,7.175455161199758,7.175455161199758,7.175455161199758,7.175455161199758,7.175455161199758,7.175455161199758,7.175455161199758,5.148354569545123,5.148354569545123,5.148354569545123,5.148354569545123,5.148354569545123,5.148354569545123,5.148354569545123,5.148354569545123,5.148354569545123,5.148354569545123,5.148354569545123,5.148354569545123,5.148354569545123,5.148354569545123,5.148354569545123,5.148354569545123,5.148354569545123,5.148354569545123,5.148354569545123,5.148354569545123,5.148354569545123,5.148354569545123,5.148354569545123,5.148354569545123,5.148354569545123,5.148354569545123,5.148354569545123,5.148354569545123,5.148354569545123,5.148354569545123,5.148354569545123,5.148354569545123,5.148354569545123,5.148354569545123,5.148354569545123,5.148354569545123,5.148354569545123,5.148354569545123,5.148354569545123,5.148354569545123,5.148354569545123,5.148354569545123,5.148354569545123,5.148354569545123,5.148354569545123,5.148354569545123,5.148354569545123,5.148354569545123,5.148354569545123,5.148354569545123,5.148354569545123,5.148354569545123,5.148354569545123,5.148354569545123,5.148354569545123,5.148354569545123,5.148354569545123,5.148354569545123,5.148354569545123,5.148354569545123,5.148354569545123,5.148354569545123,5.148354569545123,5.148354569545123,5.148354569545123,5.148354569545123,5.148354569545123,5.148354569545123,5.148354569545123,5.148354569545123,5.148354569545123,5.148354569545123,5.148354569545123,5.148354569545123,5.148354569545123,5.148354569545123,5.148354569545123,5.148354569545123,5.148354569545123,5.148354569545123,5.148354569545123,5.148354569545123,5.148354569545123,5.148354569545123,5.148354569545123,5.148354569545123,5.148354569545123,5.148354569545123,5.148354569545123,5.148354569545123,5.148354569545123,5.148354569545123,5.148354569545123,5.148354569545123,5.148354569545123,5.148354569545123,5.148354569545123,5.148354569545123,5.148354569545123,5.148354569545123,5.148354569545123,5.148354569545123,5.148354569545123,5.148354569545123,5.148354569545123,5.148354569545123,5.148354569545123,5.148354569545123,5.148354569545123,5.148354569545123,5.148354569545123,5.148354569545123,5.148354569545123,5.148354569545123,5.148354569545123,5.148354569545123,5.148354569545123,5.148354569545123,5.148354569545123,5.148354569545123,5.148354569545123,5.148354569545123,5.148354569545123,5.148354569545123,5.148354569545123,5.148354569545123,5.148354569545123,5.148354569545123,5.148354569545123,5.148354569545123,5.148354569545123,5.148354569545123,5.148354569545123,5.148354569545123,5.148354569545123,5.148354569545123,5.148354569545123,5.148354569545123,5.148354569545123,5.148354569545123,5.148354569545123,5.148354569545123,5.148354569545123,5.148354569545123,5.148354569545123,5.148354569545123,5.148354569545123,5.148354569545123,5.148354569545123,5.148354569545123,5.148354569545123,5.148354569545123,5.148354569545123,5.148354569545123,5.148354569545123,5.148354569545123,5.148354569545123,5.148354569545123,5.148354569545123,5.148354569545123,5.148354569545123,5.148354569545123,5.148354569545123,5.148354569545123,5.148354569545123,5.148354569545123,5.148354569545123,5.148354569545123,5.148354569545123,5.148354569545123,5.148354569545123,5.148354569545123,5.148354569545123,5.148354569545123,5.148354569545123,5.148354569545123,5.148354569545123,5.148354569545123,5.148354569545123,5.148354569545123,5.148354569545123,5.148354569545123,5.148354569545123,5.148354569545123,5.148354569545123,5.148354569545123,5.148354569545123,5.148354569545123,5.148354569545123,5.148354569545123,5.148354569545123,5.148354569545123,5.148354569545123,5.148354569545123,5.148354569545123,5.148354569545123,5.148354569545123,5.148354569545123,5.148354569545123,5.148354569545123,5.148354569545123,5.148354569545123,5.148354569545123,5.148354569545123,5.148354569545123,5.148354569545123,5.148354569545123,5.148354569545123,5.148354569545123,5.148354569545123,5.148354569545123,5.148354569545123,5.148354569545123,5.148354569545123,5.148354569545123,5.148354569545123,5.148354569545123,5.148354569545123,5.148354569545123,5.148354569545123,5.148354569545123,5.148354569545123,5.148354569545123,5.148354569545123,5.148354569545123,5.148354569545123,5.148354569545123,5.148354569545123,5.148354569545123,5.148354569545123,5.148354569545123,5.148354569545123,5.148354569545123,5.148354569545123,5.148354569545123,5.148354569545123,5.148354569545123,5.148354569545123,5.148354569545123,5.148354569545123,5.148354569545123,5.148354569545123,5.148354569545123,5.148354569545123,5.148354569545123,5.148354569545123,5.148354569545123,5.148354569545123,5.148354569545123,5.148354569545123,5.148354569545123,5.148354569545123,5.148354569545123,5.148354569545123,5.148354569545123,5.148354569545123,5.148354569545123,5.148354569545123,5.148354569545123,5.148354569545123,5.148354569545123,5.148354569545123,5.148354569545123,5.148354569545123,5.148354569545123,5.148354569545123,5.148354569545123,5.148354569545123,5.148354569545123,5.148354569545123,5.148354569545123,5.148354569545123,5.148354569545123,5.148354569545123,5.148354569545123,5.148354569545123,5.148354569545123,5.148354569545123,5.148354569545123,5.148354569545123,5.148354569545123,5.148354569545123,5.148354569545123,5.148354569545123,5.148354569545123,5.148354569545123,5.148354569545123,5.148354569545123,5.148354569545123,5.148354569545123,5.148354569545123,5.148354569545123,5.148354569545123,5.148354569545123,5.148354569545123,5.148354569545123,5.148354569545123,5.148354569545123,5.148354569545123,5.148354569545123,5.148354569545123,5.148354569545123,5.148354569545123,5.148354569545123,5.148354569545123,5.148354569545123,5.148354569545123,5.148354569545123,5.148354569545123,5.148354569545123,5.148354569545123,5.148354569545123,5.148354569545123,5.148354569545123,5.148354569545123,5.148354569545123,5.148354569545123,5.148354569545123,5.148354569545123,5.148354569545123,5.148354569545123,5.148354569545123,5.148354569545123,5.148354569545123,5.148354569545123,5.148354569545123,5.148354569545123,5.148354569545123,5.148354569545123,5.148354569545123,5.148354569545123,5.148354569545123,5.148354569545123,5.148354569545123,5.148354569545123,5.148354569545123,5.148354569545123,5.148354569545123,5.148354569545123,5.148354569545123,5.148354569545123,5.148354569545123,5.148354569545123,5.148354569545123,5.148354569545123,5.148354569545123,5.148354569545123,5.148354569545123,5.148354569545123,5.148354569545123,5.148354569545123,5.148354569545123,5.148354569545123,5.148354569545123,5.148354569545123,5.148354569545123,5.148354569545123,5.148354569545123,5.148354569545123,5.148354569545123,5.148354569545123,5.148354569545123,5.148354569545123,5.148354569545123,5.148354569545123,5.148354569545123,5.148354569545123,5.148354569545123,5.148354569545123,5.148354569545123,5.148354569545123,5.148354569545123,5.148354569545123,5.148354569545123,5.148354569545123,5.148354569545123,5.148354569545123,5.148354569545123,5.148354569545123,5.148354569545123,5.148354569545123,5.148354569545123,5.148354569545123,5.148354569545123,5.148354569545123,5.148354569545123,5.148354569545123,5.148354569545123,5.148354569545123,5.148354569545123,5.148354569545123,5.148354569545123,5.148354569545123,5.148354569545123,5.148354569545123,5.148354569545123,5.148354569545123,5.148354569545123,5.148354569545123,5.148354569545123,5.148354569545123,5.148354569545123,5.148354569545123,5.148354569545123,5.148354569545123,5.148354569545123,5.148354569545123,5.148354569545123,5.148354569545123,5.148354569545123,5.148354569545123,5.148354569545123,5.148354569545123,5.148354569545123,5.148354569545123,5.148354569545123,5.148354569545123,5.148354569545123,5.148354569545123,5.148354569545123,5.148354569545123,5.148354569545123,5.148354569545123,5.148354569545123,5.148354569545123,5.148354569545123,5.148354569545123,5.148354569545123,5.148354569545123,5.148354569545123,5.148354569545123,5.148354569545123,5.148354569545123,5.148354569545123,5.148354569545123,5.148354569545123,5.148354569545123,5.148354569545123,5.148354569545123,5.148354569545123,5.148354569545123,5.148354569545123,5.148354569545123,5.148354569545123,5.148354569545123,5.148354569545123,5.148354569545123,5.148354569545123,5.148354569545123,5.148354569545123,5.148354569545123,5.148354569545123,5.148354569545123,5.148354569545123,5.148354569545123,5.148354569545123,5.148354569545123,5.148354569545123,5.148354569545123,5.148354569545123,5.148354569545123,5.148354569545123,5.148354569545123,5.148354569545123,5.148354569545123,5.148354569545123,5.148354569545123,5.148354569545123,5.148354569545123,5.148354569545123,5.148354569545123,5.148354569545123,5.148354569545123,5.148354569545123,5.148354569545123,5.148354569545123,5.148354569545123,5.148354569545123,5.148354569545123,5.148354569545123,5.148354569545123,5.148354569545123,5.148354569545123,5.148354569545123,5.148354569545123,5.148354569545123,5.148354569545123,5.148354569545123,5.148354569545123,5.148354569545123,5.148354569545123,5.148354569545123,5.148354569545123,5.148354569545123,5.148354569545123,5.148354569545123,5.148354569545123,5.148354569545123,5.148354569545123,5.148354569545123,5.148354569545123,5.148354569545123,5.148354569545123,5.148354569545123,5.148354569545123,5.148354569545123,5.148354569545123,5.148354569545123,5.148354569545123,5.148354569545123,5.148354569545123,5.148354569545123,5.148354569545123,5.148354569545123,5.148354569545123,5.148354569545123,5.148354569545123,5.148354569545123,5.148354569545123,5.148354569545123,5.148354569545123,5.148354569545123,5.148354569545123,5.148354569545123,5.148354569545123,5.148354569545123,5.148354569545123,5.148354569545123,5.148354569545123,5.148354569545123,5.148354569545123,5.148354569545123,5.148354569545123,5.148354569545123,5.148354569545123,5.148354569545123,5.148354569545123,5.148354569545123,5.148354569545123,5.148354569545123,5.148354569545123,5.148354569545123,5.148354569545123,5.148354569545123,5.148354569545123,5.148354569545123,5.148354569545123,5.148354569545123,5.148354569545123,5.148354569545123,5.148354569545123,5.148354569545123,5.148354569545123,5.148354569545123,5.148354569545123,5.148354569545123,5.148354569545123,5.148354569545123,5.148354569545123,5.148354569545123,5.148354569545123,5.148354569545123,5.148354569545123,5.148354569545123,5.148354569545123,5.148354569545123,5.148354569545123,5.148354569545123,5.148354569545123,5.148354569545123,5.148354569545123,5.148354569545123,5.148354569545123,5.148354569545123,5.148354569545123,5.148354569545123,5.148354569545123,5.148354569545123,5.148354569545123,5.148354569545123,5.148354569545123,5.148354569545123,5.148354569545123,5.148354569545123,5.148354569545123,5.148354569545123,5.148354569545123,5.148354569545123,5.148354569545123,5.148354569545123,5.148354569545123,5.148354569545123,5.148354569545123,5.148354569545123,5.148354569545123,5.148354569545123,5.148354569545123,5.148354569545123,5.148354569545123,5.148354569545123,5.148354569545123,5.148354569545123,5.148354569545123,5.148354569545123,5.148354569545123,5.148354569545123,5.148354569545123,5.148354569545123,5.148354569545123,5.148354569545123,5.148354569545123,5.148354569545123,5.148354569545123,5.148354569545123,5.148354569545123,5.148354569545123,5.148354569545123,5.148354569545123,5.148354569545123,5.148354569545123,5.148354569545123,5.148354569545123,5.148354569545123,5.148354569545123,5.148354569545123,5.148354569545123,5.148354569545123,5.148354569545123,5.148354569545123,5.148354569545123,5.148354569545123,5.148354569545123,5.148354569545123,5.148354569545123,5.148354569545123,5.148354569545123,5.148354569545123,5.148354569545123,5.148354569545123,5.148354569545123,5.148354569545123,5.148354569545123,5.148354569545123,5.148354569545123,5.148354569545123,5.148354569545123,5.148354569545123,5.148354569545123,5.148354569545123,5.148354569545123,5.148354569545123,5.148354569545123,5.148354569545123,5.148354569545123,5.148354569545123,5.148354569545123,5.148354569545123,5.148354569545123,5.148354569545123,5.148354569545123,5.148354569545123,5.148354569545123,5.148354569545123,5.148354569545123,5.148354569545123,5.148354569545123,5.148354569545123,7.592780867273932,7.428809493730564,7.428809493730564,7.428809493730564,7.428809493730564,7.428809493730564,7.428809493730564,7.428809493730564,7.428809493730564,7.428809493730564,7.428809493730564,7.428809493730564,7.428809493730564,7.428809493730564,7.428809493730564,7.428809493730564,7.340946850624236,6.9564103996408235,6.9564103996408235,6.9564103996408235,6.9564103996408235,6.9564103996408235,6.9564103996408235,6.9564103996408235,6.9564103996408235,6.9564103996408235,6.9564103996408235,6.9564103996408235,6.9564103996408235,6.9564103996408235,6.9564103996408235,6.9564103996408235,6.9564103996408235,6.9564103996408235,6.9564103996408235,6.9564103996408235,6.9564103996408235,6.9564103996408235,6.9564103996408235,6.9564103996408235,6.9564103996408235,6.9564103996408235,6.9564103996408235,6.9564103996408235,6.9564103996408235,6.9564103996408235,6.9564103996408235,6.9564103996408235,6.9564103996408235,6.9564103996408235,6.9564103996408235,6.9564103996408235,6.9564103996408235,6.9564103996408235,6.9564103996408235,6.9564103996408235,6.9564103996408235,6.9564103996408235,6.9564103996408235,6.9564103996408235,6.9564103996408235,6.135483550210195,5.985810741129977,5.985810741129977,5.985810741129977,5.985810741129977,5.985810741129977,5.985810741129977,5.985810741129977,5.8772949725139885,5.8772949725139885,5.8772949725139885,5.8772949725139885,5.8772949725139885,5.5130221065752485,5.5130221065752485,5.5130221065752485,5.5130221065752485,5.5130221065752485,5.5130221065752485,5.258919387457667,5.258919387457667,5.258919387457667,5.258919387457667,5.258919387457667,5.258919387457667,5.258919387457667,5.258919387457667,5.258919387457667,5.258919387457667,5.258919387457667,5.258919387457667,5.258919387457667,5.258919387457667,5.258919387457667,5.258919387457667,5.258919387457667,5.258919387457667,5.258919387457667,5.258919387457667,5.258919387457667,5.258919387457667,5.258919387457667,5.258919387457667,5.258919387457667,5.258919387457667,5.258919387457667,5.258919387457667,5.258919387457667,5.258919387457667,5.258919387457667,5.258919387457667,5.258919387457667,5.258919387457667,5.258919387457667,5.258919387457667,5.258919387457667,5.258919387457667,5.258919387457667,5.258919387457667,5.258919387457667,5.258919387457667,5.258919387457667,5.258919387457667,5.258919387457667,5.258919387457667,5.258919387457667,5.258919387457667,5.258919387457667,5.258919387457667,5.258919387457667,5.258919387457667,5.258919387457667,5.258919387457667,5.258919387457667,5.258919387457667,5.258919387457667,5.258919387457667,5.258919387457667,5.258919387457667,5.258919387457667,5.258919387457667,5.258919387457667,5.258919387457667,5.258919387457667,5.258919387457667,5.258919387457667,5.258919387457667,5.258919387457667,5.258919387457667,5.258919387457667,5.258919387457667,5.258919387457667,5.258919387457667,5.258919387457667,5.258919387457667,5.258919387457667,5.258919387457667,5.258919387457667,5.258919387457667,5.258919387457667,5.258919387457667,5.258919387457667,5.258919387457667,5.258919387457667,5.258919387457667,5.258919387457667,5.258919387457667,5.258919387457667,4.910383980096126,4.910383980096126,4.910383980096126,4.910383980096126,4.910383980096126,4.624786507280202,4.624786507280202,4.624786507280202,4.624786507280202,4.624786507280202,4.624786507280202,4.624786507280202,4.624786507280202,4.574100396250433,4.574100396250433,4.574100396250433,4.574100396250433,4.574100396250433,4.574100396250433,4.574100396250433,4.574100396250433,4.574100396250433,4.574100396250433,4.574100396250433,4.574100396250433,4.574100396250433,4.574100396250433,4.574100396250433,4.574100396250433,4.574100396250433,4.574100396250433,4.574100396250433,4.574100396250433,4.574100396250433,4.346847319396946,4.071832643166789,4.071832643166789,4.071832643166789,4.071832643166789,4.071832643166789,4.071832643166789,4.071832643166789,4.071832643166789,4.071832643166789,4.071832643166789,4.071832643166789,4.071832643166789,4.071832643166789,4.071832643166789,4.071832643166789,4.071832643166789,4.071832643166789,4.071832643166789,4.071832643166789,4.071832643166789,4.071832643166789,4.071832643166789,4.071832643166789,4.071832643166789,4.071832643166789,4.071832643166789,4.071832643166789,4.071832643166789,4.071832643166789,4.071832643166789,4.071832643166789,4.071832643166789,4.071832643166789,4.071832643166789,4.071832643166789,4.071832643166789,4.071832643166789,4.071832643166789,4.071832643166789,4.071832643166789,4.071832643166789,4.071832643166789,4.071832643166789,4.071832643166789,4.071832643166789,4.071832643166789,4.071832643166789,4.071832643166789,4.071832643166789,4.071832643166789,4.071832643166789,4.071832643166789,4.071832643166789,4.071832643166789,4.071832643166789,4.071832643166789,4.071832643166789,4.071832643166789,4.071832643166789,4.071832643166789,4.071832643166789,4.071832643166789,4.071832643166789,4.071832643166789,4.071832643166789,4.071832643166789,4.071832643166789,4.071832643166789,4.071832643166789,4.071832643166789,4.071832643166789,4.071832643166789,4.071832643166789,4.071832643166789,4.071832643166789,4.071832643166789,4.071832643166789,4.071832643166789,4.071832643166789,4.071832643166789,4.071832643166789,4.071832643166789,4.071832643166789,4.071832643166789,4.071832643166789,4.071832643166789,4.071832643166789,4.071832643166789,4.071832643166789,4.071832643166789,4.071832643166789,4.071832643166789,4.071832643166789,4.071832643166789,4.071832643166789,4.071832643166789,4.071832643166789,4.071832643166789,4.071832643166789,4.071832643166789,4.071832643166789,4.071832643166789,4.071832643166789,4.071832643166789,4.071832643166789,4.071832643166789,4.071832643166789,4.071832643166789,4.071832643166789,4.071832643166789,4.071832643166789,4.071832643166789,4.071832643166789,4.071832643166789,4.071832643166789,4.071832643166789,4.071832643166789,4.071832643166789,4.071832643166789,4.071832643166789,4.071832643166789,4.071832643166789,4.071832643166789,4.071832643166789,1.8914905773160595,1.8914905773160595,1.8914905773160595,1.8914905773160595,1.8914905773160595,1.8914905773160595,1.8914905773160595,1.8914905773160595,1.8914905773160595,1.8914905773160595,1.8914905773160595,1.8914905773160595,1.8914905773160595,1.8914905773160595,1.8914905773160595,1.8914905773160595,1.8914905773160595,1.8914905773160595,1.8914905773160595,1.8914905773160595,1.8914905773160595,1.8914905773160595,1.8914905773160595,1.8914905773160595,1.8914905773160595,1.8914905773160595,1.8914905773160595,1.8914905773160595,1.8914905773160595,1.8914905773160595,1.8914905773160595,1.8914905773160595,1.8914905773160595,1.8914905773160595,1.8914905773160595,1.8914905773160595,1.8914905773160595,1.8914905773160595,1.8914905773160595,1.8914905773160595,1.8914905773160595,1.8914905773160595,1.8914905773160595,1.8914905773160595,1.8914905773160595,1.8914905773160595,1.8914905773160595,1.8914905773160595,1.8914905773160595,1.8914905773160595,1.8914905773160595,1.8914905773160595,1.8914905773160595,1.8914905773160595,1.8914905773160595,1.8914905773160595,1.8914905773160595,1.8914905773160595,1.8914905773160595,1.8914905773160595,1.8914905773160595,1.8914905773160595,1.8914905773160595,1.8914905773160595,1.8914905773160595,1.8914905773160595,1.8914905773160595,1.8914905773160595,1.8914905773160595,1.8914905773160595,1.8914905773160595,1.8914905773160595,1.8914905773160595,1.8914905773160595,1.8914905773160595,1.8914905773160595,1.8914905773160595,1.8914905773160595,1.8914905773160595,1.8914905773160595,1.8914905773160595,1.8914905773160595,1.8914905773160595,1.8914905773160595,1.8914905773160595,1.8914905773160595,1.8914905773160595,1.8914905773160595,1.8914905773160595,1.8914905773160595,1.8914905773160595,1.8914905773160595,1.8914905773160595,1.8914905773160595,1.8914905773160595,1.8914905773160595,1.8914905773160595,1.8914905773160595,1.8914905773160595,1.8914905773160595,1.8914905773160595,1.8914905773160595,1.8914905773160595,1.8914905773160595,1.8914905773160595,1.8914905773160595,1.8914905773160595,1.8914905773160595,1.8914905773160595,1.8914905773160595,1.8914905773160595,1.8914905773160595,1.8914905773160595,1.8914905773160595,1.8914905773160595,1.8914905773160595,1.8914905773160595,1.8914905773160595,1.8914905773160595,1.8914905773160595,1.8914905773160595,1.8914905773160595,1.8914905773160595,1.8914905773160595,1.8914905773160595,1.8914905773160595,0.3228118744138443,0.3228118744138443,0.3228118744138443,0.3228118744138443,0.3228118744138443,0.3228118744138443,0.3228118744138443,0.3228118744138443,0.3228118744138443,0.3228118744138443,0.3228118744138443,0.3228118744138443,0.3228118744138443,0.3228118744138443,0.3228118744138443,0.3228118744138443,0.3228118744138443,0.3228118744138443,0.3228118744138443,0.3228118744138443,0.3228118744138443,0.3228118744138443,0.3228118744138443,0.3228118744138443,0.3228118744138443,0.3228118744138443,0.3228118744138443,0.3228118744138443,0.3228118744138443,0.3228118744138443,0.3228118744138443,0.3228118744138443,0.3228118744138443,0.3228118744138443,0.3228118744138443,0.3228118744138443,0.3228118744138443,0.3228118744138443,0.3228118744138443,0.3228118744138443,0.3228118744138443,0.3228118744138443,0.3228118744138443,0.3228118744138443,0.3228118744138443,0.3228118744138443,0.3228118744138443,0.3228118744138443,0.3228118744138443,0.3228118744138443,0.3228118744138443,0.3228118744138443,0.3228118744138443,0.3228118744138443,0.3228118744138443,0.3228118744138443,0.3228118744138443,0.3228118744138443,0.3228118744138443,0.3228118744138443,0.3228118744138443,0.3228118744138443,0.3228118744138443,0.3228118744138443,0.3228118744138443,0.3228118744138443,0.3228118744138443,0.3228118744138443,0.3228118744138443,0.3228118744138443,0.3228118744138443,0.3228118744138443,0.3228118744138443,0.3228118744138443,0.3228118744138443,0.3228118744138443,0.3228118744138443,0.3228118744138443,0.3228118744138443,0.3228118744138443,0.3228118744138443,0.3228118744138443,0.3228118744138443,0.3228118744138443,0.3228118744138443,0.3228118744138443,0.3228118744138443,0.3228118744138443,0.3228118744138443,0.3228118744138443,0.3228118744138443,0.3228118744138443,0.3228118744138443,0.3228118744138443,0.3228118744138443,0.3228118744138443,0.3228118744138443,0.3228118744138443,0.3228118744138443,0.3228118744138443,0.3228118744138443,0.3228118744138443,0.3228118744138443,0.3228118744138443,0.3228118744138443,0.3228118744138443,0.3228118744138443,0.3228118744138443,0.3228118744138443,0.3228118744138443,0.3228118744138443,0.3228118744138443,0.3228118744138443,0.3228118744138443,0.3228118744138443,0.3228118744138443,0.3228118744138443,0.3228118744138443,0.3228118744138443,0.3228118744138443,0.3228118744138443,0.3228118744138443,0.3228118744138443,0.3228118744138443,0.3228118744138443,0.3228118744138443,0.3228118744138443,0.3228118744138443,0.3228118744138443,0.3228118744138443,0.3228118744138443,0.3228118744138443,0.3228118744138443,0.3228118744138443,0.3228118744138443,0.3228118744138443,0.3228118744138443,0.3228118744138443,0.3228118744138443,0.3228118744138443,0.3228118744138443,0.3228118744138443,0.3228118744138443,0.3228118744138443,0.3228118744138443,0.3228118744138443,0.3228118744138443,0.3228118744138443,0.3228118744138443,0.3228118744138443,0.3228118744138443,0.3228118744138443,0.3228118744138443,0.3228118744138443,0.3228118744138443,0.3228118744138443,0.3228118744138443,0.3228118744138443,0.3228118744138443,0.3228118744138443,0.3228118744138443,0.3228118744138443,0.3228118744138443,0.3228118744138443,0.3228118744138443,0.3228118744138443,0.3228118744138443,0.3228118744138443,0.3228118744138443,0.3228118744138443,0.3228118744138443,0.3228118744138443,0.3228118744138443,0.3228118744138443,0.3228118744138443,0.3228118744138443,0.3228118744138443,0.3228118744138443,0.3228118744138443,0.3228118744138443,0.3228118744138443,0.3228118744138443,0.3228118744138443,0.3228118744138443,0.3228118744138443,0.3228118744138443,0.3228118744138443,0.3228118744138443,0.3228118744138443,0.3228118744138443,0.3228118744138443,0.3228118744138443,0.3228118744138443,0.3228118744138443,0.3228118744138443,0.3228118744138443,0.3228118744138443,0.3228118744138443,0.3228118744138443,0.3228118744138443,0.3228118744138443,0.3228118744138443,0.3228118744138443,0.3228118744138443,0.3228118744138443,0.3228118744138443,0.3228118744138443,0.3228118744138443,0.3228118744138443,0.3228118744138443,0.3228118744138443,0.3228118744138443,0.3228118744138443,0.3228118744138443,0.3228118744138443,0.3228118744138443,0.3228118744138443,0.3228118744138443,0.3228118744138443,0.3228118744138443,0.3228118744138443,0.3228118744138443,0.3228118744138443,0.3228118744138443,0.3228118744138443,0.3228118744138443,0.3228118744138443,0.3228118744138443,0.3228118744138443,0.3228118744138443,0.3228118744138443,0.3228118744138443,0.3228118744138443,0.3228118744138443,0.3228118744138443,0.3228118744138443,0.3228118744138443,0.3228118744138443,0.3228118744138443,0.3228118744138443,0.3228118744138443,0.3228118744138443,0.3228118744138443,0.3228118744138443,0.3228118744138443,0.3228118744138443,0.3228118744138443,0.3228118744138443,0.3228118744138443,0.3228118744138443,0.3228118744138443,0.3228118744138443,0.3228118744138443,0.3228118744138443,0.3228118744138443,0.3228118744138443,0.3228118744138443,0.3228118744138443,0.3228118744138443,0.3228118744138443,0.3228118744138443,0.3228118744138443,0.3228118744138443,0.3228118744138443,0.3228118744138443,0.3228118744138443,0.3228118744138443,0.3228118744138443,0.3228118744138443,0.3228118744138443,0.3228118744138443,0.3228118744138443,0.3228118744138443,0.3228118744138443,0.3228118744138443,0.3228118744138443,0.3228118744138443,0.3228118744138443,0.3228118744138443,0.3228118744138443,0.3228118744138443,0.3228118744138443,0.3228118744138443,0.3228118744138443,0.3228118744138443,0.3228118744138443,0.3228118744138443,0.3228118744138443,0.3228118744138443,0.3228118744138443,0.3228118744138443,0.3228118744138443,0.3228118744138443,0.3228118744138443,0.3228118744138443,0.3228118744138443,0.3228118744138443,0.3228118744138443,0.3228118744138443,0.3228118744138443,0.3228118744138443,0.3228118744138443,0.3228118744138443,0.3228118744138443,0.3228118744138443,0.3228118744138443,0.3228118744138443,0.3228118744138443,0.3228118744138443,0.3228118744138443,0.3228118744138443,0.3228118744138443,0.3228118744138443,0.3228118744138443,0.3228118744138443,0.3228118744138443,0.3228118744138443,0.3228118744138443,0.3228118744138443,0.3228118744138443,0.3228118744138443,0.3228118744138443,0.3228118744138443,0.3228118744138443,0.3228118744138443,0.3228118744138443,0.3228118744138443,0.3228118744138443,0.3228118744138443,0.3228118744138443,0.3228118744138443,0.3228118744138443,0.3228118744138443,0.3228118744138443,0.3228118744138443,0.3228118744138443,0.3228118744138443,0.3228118744138443,0.3228118744138443,0.3228118744138443,0.3228118744138443,0.3228118744138443,0.3228118744138443,0.3228118744138443,0.3228118744138443,0.3228118744138443,0.3228118744138443,0.3228118744138443,0.3228118744138443,0.3228118744138443,0.3228118744138443,0.3228118744138443,0.3228118744138443,0.3228118744138443,0.3228118744138443,0.3228118744138443,0.3228118744138443,0.3228118744138443,0.3228118744138443,0.3228118744138443,0.3228118744138443,0.3228118744138443,0.3228118744138443,0.3228118744138443,0.3228118744138443,0.3228118744138443,0.3228118744138443,0.3228118744138443,0.3228118744138443,0.3228118744138443,0.3228118744138443,0.3228118744138443,0.3228118744138443,0.3228118744138443,0.3228118744138443,0.3228118744138443,0.3228118744138443,0.3228118744138443,0.3228118744138443,0.3228118744138443,0.3228118744138443,0.3228118744138443,0.3228118744138443,0.3228118744138443,0.3228118744138443,0.3228118744138443,0.3228118744138443,0.3228118744138443,0.3228118744138443,0.3228118744138443,0.3228118744138443,0.3228118744138443,0.3228118744138443,0.3228118744138443,0.3228118744138443,0.3228118744138443,0.3228118744138443,0.3228118744138443,0.3228118744138443,0.3228118744138443,0.3228118744138443,0.3228118744138443,0.3228118744138443,0.3228118744138443,0.3228118744138443,0.3228118744138443,0.3228118744138443,0.3228118744138443,0.3228118744138443,0.3228118744138443,0.3228118744138443,0.3228118744138443,0.3228118744138443,0.3228118744138443,0.3228118744138443,0.3228118744138443,0.3228118744138443,0.3228118744138443,0.3228118744138443,0.3228118744138443,0.3228118744138443,0.3228118744138443,0.3228118744138443,0.3228118744138443,0.3228118744138443,0.3228118744138443,0.3228118744138443,0.3228118744138443,0.3228118744138443,0.3228118744138443,0.3228118744138443,0.3228118744138443,0.3228118744138443,0.3228118744138443,0.3228118744138443,0.3228118744138443,0.3228118744138443,0.3228118744138443,0.3228118744138443,0.3228118744138443,0.3228118744138443,0.3228118744138443,0.3228118744138443,0.3228118744138443,0.3228118744138443,0.3228118744138443,0.3228118744138443,0.3228118744138443,0.3228118744138443,0.3228118744138443,0.3228118744138443,0.3228118744138443,0.3228118744138443,0.3228118744138443,0.3228118744138443,0.3228118744138443,0.3228118744138443,0.3228118744138443,0.3228118744138443,0.3228118744138443,0.3228118744138443,0.3228118744138443,0.3228118744138443,0.3228118744138443,0.3228118744138443,0.3228118744138443,0.3228118744138443,0.3228118744138443,0.3228118744138443,0.3228118744138443,0.3228118744138443,0.3228118744138443,0.3228118744138443,0.3228118744138443,0.3228118744138443,0.3228118744138443,0.3228118744138443,0.3228118744138443,0.3228118744138443,0.3228118744138443,0.3228118744138443,0.3228118744138443,0.3228118744138443,0.3228118744138443,0.3228118744138443,0.3228118744138443,0.3228118744138443,0.3228118744138443,0.3228118744138443,0.3228118744138443,0.3228118744138443,0.3228118744138443,0.3228118744138443,0.3228118744138443,0.3228118744138443,0.3228118744138443,0.3228118744138443,0.3228118744138443,0.3228118744138443,0.3228118744138443,0.3228118744138443,0.3228118744138443,0.3228118744138443,0.3228118744138443,0.3228118744138443,0.3228118744138443,0.3228118744138443,0.3228118744138443,0.3228118744138443,0.3228118744138443,0.3228118744138443,0.3228118744138443,0.3228118744138443,0.3228118744138443,0.3228118744138443,0.3228118744138443,0.3228118744138443,0.3228118744138443,0.3228118744138443,0.3228118744138443,0.3228118744138443,0.3228118744138443,0.3228118744138443,0.3228118744138443,0.3228118744138443,0.3228118744138443,0.3228118744138443,0.3228118744138443,0.3228118744138443,0.3228118744138443,0.3228118744138443,0.3228118744138443,0.3228118744138443,0.3228118744138443,0.3228118744138443,0.3228118744138443,0.3228118744138443,0.3228118744138443,0.3228118744138443,0.3228118744138443,0.3228118744138443,0.3228118744138443,0.3228118744138443,0.3228118744138443,0.3228118744138443,0.3228118744138443
