9.837517861077808,9.837517861077808,9.35825178016964,9.35825178016964,9.32393376885754,9.115088539148243,9.115088539148243,9.115088539148243,9.115088539148243,9.115088539148243,9.115088539148243,8.320076629817791,8.320076629817791,8.320076629817791,8.320076629817791,8.320076629817791,8.320076629817791,6.719145154939046,6.719145154939046,6.719145154939046,6.719145154939046,6.719145154939046,6.719145154939046,6.719145154939046,6.719145154939046,6.719145154939046,6.719145154939046,6.719145154939046,6.719145154939046,6.719145154939046,6.719145154939046,6.719145154939046,6.719145154939046,6.719145154939046,6.719145154939046,6.719145154939046,6.719145154939046,6.719145154939046,6.719145154939046,6.719145154939046,6.626382775731708,6.626382775731708,6.626382775731708,6.626382775731708,6.626382775731708,6.626382775731708,6.626382775731708,6.626382775731708,6.626382775731708,6.626382775731708,6.626382775731708,6.626382775731708,6.626382775731708,6.626382775731708,6.626382775731708,6.626382775731708,6.626382775731708,6.626382775731708,6.626382775731708,6.626382775731708,6.626382775731708,6.626382775731708,6.626382775731708,6.093175402008395,6.093175402008395,6.093175402008395,6.093175402008395,6.093175402008395,6.093175402008395,6.093175402008395,6.093175402008395,6.093175402008395,6.093175402008395,6.093175402008395,6.093175402008395,6.093175402008395,6.093175402008395,6.093175402008395,6.093175402008395,6.093175402008395,6.093175402008395,6.093175402008395,6.093175402008395,6.093175402008395,6.093175402008395,6.093175402008395,6.093175402008395,6.093175402008395,6.093175402008395,6.093175402008395,6.093175402008395,6.093175402008395,6.093175402008395,6.093175402008395,6.093175402008395,6.093175402008395,6.093175402008395,6.093175402008395,6.093175402008395,6.093175402008395,6.093175402008395,6.093175402008395,6.093175402008395,6.093175402008395,6.093175402008395,6.093175402008395,6.093175402008395,6.093175402008395,6.093175402008395,6.093175402008395,6.093175402008395,6.093175402008395,6.093175402008395,6.093175402008395,6.093175402008395,6.093175402008395,6.093175402008395,6.093175402008395,6.093175402008395,6.093175402008395,6.093175402008395,6.093175402008395,6.093175402008395,6.093175402008395,6.093175402008395,6.093175402008395,6.093175402008395,6.093175402008395,6.093175402008395,6.093175402008395,6.093175402008395,6.093175402008395,6.093175402008395,6.093175402008395,6.093175402008395,6.093175402008395,6.093175402008395,6.093175402008395,6.093175402008395,6.093175402008395,6.093175402008395,6.093175402008395,6.093175402008395,6.093175402008395,6.093175402008395,6.093175402008395,6.093175402008395,6.093175402008395,6.093175402008395,6.093175402008395,6.093175402008395,6.093175402008395,6.093175402008395,6.093175402008395,6.093175402008395,6.093175402008395,6.093175402008395,6.093175402008395,6.093175402008395,6.093175402008395,6.093175402008395,6.093175402008395,6.093175402008395,6.093175402008395,6.093175402008395,6.093175402008395,6.093175402008395,6.093175402008395,6.093175402008395,6.093175402008395,6.093175402008395,6.093175402008395,6.093175402008395,6.093175402008395,6.093175402008395,6.093175402008395,6.093175402008395,6.093175402008395,6.093175402008395,6.093175402008395,6.093175402008395,6.093175402008395,6.093175402008395,6.093175402008395,6.093175402008395,6.093175402008395,6.093175402008395,6.093175402008395,6.093175402008395,6.093175402008395,6.093175402008395,6.093175402008395,6.093175402008395,6.093175402008395,6.093175402008395,6.093175402008395,6.093175402008395,6.093175402008395,6.093175402008395,6.093175402008395,6.093175402008395,6.093175402008395,6.093175402008395,6.093175402008395,6.093175402008395,6.093175402008395,6.093175402008395,6.093175402008395,6.093175402008395,6.093175402008395,6.093175402008395,6.093175402008395,6.093175402008395,6.093175402008395,6.093175402008395,6.093175402008395,6.093175402008395,6.093175402008395,6.093175402008395,6.093175402008395,6.093175402008395,6.093175402008395,6.093175402008395,6.093175402008395,6.093175402008395,6.093175402008395,6.093175402008395,6.093175402008395,6.093175402008395,6.093175402008395,6.093175402008395,6.093175402008395,6.093175402008395,6.093175402008395,6.093175402008395,6.093175402008395,6.093175402008395,6.093175402008395,6.093175402008395,6.093175402008395,6.093175402008395,6.093175402008395,6.093175402008395,6.093175402008395,6.093175402008395,6.093175402008395,6.093175402008395,6.093175402008395,6.093175402008395,6.093175402008395,6.093175402008395,6.093175402008395,6.093175402008395,6.093175402008395,6.093175402008395,6.093175402008395,6.093175402008395,6.093175402008395,6.093175402008395,6.093175402008395,6.093175402008395,6.093175402008395,6.093175402008395,6.093175402008395,6.093175402008395,6.093175402008395,6.093175402008395,6.093175402008395,6.093175402008395,6.093175402008395,6.093175402008395,6.093175402008395,6.093175402008395,6.093175402008395,6.093175402008395,6.093175402008395,6.093175402008395,6.093175402008395,6.093175402008395,6.093175402008395,6.093175402008395,6.093175402008395,6.093175402008395,6.093175402008395,6.093175402008395,6.093175402008395,6.093175402008395,6.093175402008395,6.093175402008395,6.093175402008395,6.093175402008395,6.093175402008395,6.093175402008395,6.093175402008395,6.093175402008395,6.093175402008395,6.093175402008395,6.093175402008395,6.093175402008395,6.093175402008395,6.093175402008395,6.093175402008395,6.093175402008395,6.093175402008395,6.093175402008395,6.093175402008395,6.093175402008395,6.093175402008395,6.093175402008395,6.093175402008395,6.093175402008395,6.093175402008395,6.093175402008395,6.093175402008395,6.093175402008395,6.093175402008395,6.093175402008395,6.093175402008395,6.093175402008395,6.093175402008395,6.093175402008395,6.093175402008395,6.093175402008395,6.093175402008395,6.093175402008395,6.093175402008395,6.093175402008395,6.093175402008395,6.093175402008395,6.093175402008395,6.093175402008395,6.093175402008395,6.093175402008395,6.093175402008395,6.093175402008395,6.093175402008395,6.093175402008395,6.093175402008395,5.826473815019709,5.826473815019709,5.826473815019709,5.826473815019709,5.704673843341011,5.704673843341011,5.704673843341011,5.704673843341011,5.704673843341011,5.704673843341011,5.704673843341011,5.704673843341011,5.704673843341011,5.704673843341011,5.704673843341011,5.704673843341011,5.704673843341011,5.704673843341011,5.704673843341011,5.704673843341011,5.704673843341011,5.704673843341011,5.704673843341011,5.704673843341011,5.704673843341011,5.704673843341011,5.704673843341011,5.704673843341011,5.704673843341011,5.704673843341011,5.704673843341011,5.704673843341011,5.704673843341011,5.704673843341011,5.704673843341011,5.704673843341011,5.704673843341011,5.704673843341011,5.704673843341011,5.704673843341011,5.704673843341011,5.704673843341011,5.704673843341011,5.704673843341011,5.704673843341011,5.704673843341011,5.704673843341011,5.704673843341011,5.704673843341011,5.704673843341011,5.704673843341011,5.704673843341011,5.704673843341011,5.704673843341011,5.704673843341011,5.704673843341011,5.704673843341011,5.704673843341011,5.704673843341011,5.704673843341011,5.704673843341011,5.704673843341011,5.704673843341011,5.704673843341011,5.704673843341011,5.704673843341011,5.704673843341011,5.704673843341011,5.704673843341011,5.704673843341011,5.704673843341011,5.704673843341011,5.704673843341011,5.704673843341011,5.704673843341011,5.704673843341011,5.704673843341011,5.704673843341011,5.704673843341011,5.704673843341011,5.704673843341011,5.704673843341011,5.704673843341011,5.704673843341011,5.704673843341011,5.704673843341011,5.704673843341011,5.704673843341011,5.704673843341011,5.704673843341011,5.704673843341011,5.704673843341011,5.704673843341011,5.704673843341011,5.704673843341011,5.704673843341011,5.704673843341011,5.704673843341011,5.704673843341011,5.704673843341011,5.704673843341011,5.704673843341011,5.704673843341011,5.704673843341011,5.704673843341011,5.704673843341011,5.704673843341011,5.704673843341011,5.704673843341011,5.704673843341011,5.704673843341011,5.704673843341011,5.704673843341011,5.704673843341011,5.704673843341011,5.704673843341011,5.704673843341011,5.704673843341011,5.704673843341011,5.704673843341011,5.704673843341011,5.704673843341011,5.704673843341011,5.704673843341011,5.704673843341011,5.704673843341011,5.704673843341011,5.704673843341011,5.704673843341011,5.704673843341011,5.704673843341011,5.704673843341011,5.704673843341011,5.704673843341011,5.704673843341011,5.704673843341011,5.704673843341011,5.704673843341011,5.704673843341011,5.704673843341011,5.704673843341011,5.704673843341011,5.704673843341011,5.704673843341011,5.704673843341011,5.704673843341011,5.704673843341011,5.704673843341011,5.704673843341011,5.704673843341011,5.704673843341011,5.704673843341011,5.704673843341011,5.704673843341011,5.704673843341011,5.704673843341011,5.704673843341011,5.704673843341011,5.704673843341011,5.704673843341011,5.704673843341011,5.704673843341011,5.704673843341011,5.704673843341011,5.704673843341011,5.704673843341011,5.704673843341011,5.704673843341011,5.704673843341011,5.704673843341011,5.704673843341011,5.704673843341011,5.704673843341011,5.704673843341011,5.704673843341011,5.704673843341011,5.704673843341011,5.704673843341011,5.704673843341011,5.704673843341011,5.704673843341011,5.704673843341011,5.704673843341011,5.704673843341011,5.704673843341011,5.704673843341011,5.704673843341011,5.704673843341011,5.704673843341011,5.704673843341011,5.704673843341011,5.704673843341011,5.704673843341011,5.704673843341011,5.704673843341011,5.704673843341011,5.704673843341011,5.704673843341011,5.704673843341011,5.704673843341011,5.704673843341011,5.704673843341011,5.704673843341011,5.704673843341011,5.704673843341011,5.704673843341011,5.704673843341011,5.704673843341011,5.704673843341011,5.704673843341011,5.704673843341011,5.704673843341011,5.704673843341011,5.704673843341011,5.704673843341011,5.704673843341011,5.704673843341011,5.704673843341011,5.704673843341011,5.704673843341011,5.704673843341011,5.704673843341011,5.704673843341011,5.704673843341011,5.704673843341011,5.704673843341011,5.704673843341011,5.704673843341011,5.704673843341011,5.704673843341011,5.704673843341011,5.704673843341011,5.704673843341011,5.704673843341011,5.704673843341011,5.704673843341011,5.704673843341011,5.704673843341011,5.704673843341011,5.704673843341011,5.704673843341011,5.704673843341011,5.704673843341011,5.704673843341011,5.704673843341011,5.704673843341011,5.704673843341011,5.704673843341011,5.704673843341011,5.704673843341011,5.704673843341011,5.704673843341011,5.704673843341011,5.704673843341011,5.704673843341011,5.704673843341011,5.704673843341011,5.704673843341011,5.704673843341011,5.704673843341011,5.704673843341011,5.704673843341011,5.704673843341011,5.704673843341011,5.704673843341011,5.704673843341011,5.704673843341011,5.704673843341011,5.704673843341011,5.704673843341011,5.704673843341011,5.704673843341011,5.704673843341011,5.704673843341011,5.704673843341011,5.704673843341011,5.704673843341011,5.704673843341011,5.704673843341011,5.704673843341011,5.704673843341011,5.704673843341011,5.704673843341011,5.704673843341011,5.704673843341011,5.704673843341011,5.704673843341011,5.704673843341011,5.704673843341011,5.704673843341011,5.704673843341011,5.704673843341011,5.704673843341011,5.704673843341011,5.704673843341011,5.704673843341011,5.704673843341011,5.704673843341011,5.704673843341011,5.704673843341011,5.704673843341011,5.704673843341011,5.704673843341011,5.704673843341011,5.704673843341011,5.704673843341011,5.704673843341011,5.704673843341011,5.704673843341011,5.704673843341011,5.704673843341011,5.704673843341011,5.704673843341011,5.704673843341011,5.704673843341011,5.704673843341011,5.704673843341011,5.704673843341011,5.704673843341011,5.704673843341011,5.704673843341011,5.704673843341011,5.704673843341011,5.704673843341011,5.704673843341011,5.704673843341011,5.704673843341011,5.704673843341011,5.704673843341011,5.704673843341011,5.704673843341011,5.704673843341011,5.704673843341011,5.704673843341011,5.704673843341011,5.704673843341011,5.704673843341011,5.704673843341011,5.704673843341011,5.704673843341011,5.704673843341011,5.704673843341011,5.704673843341011,5.704673843341011,5.704673843341011,5.704673843341011,5.704673843341011,5.704673843341011,5.704673843341011,5.704673843341011,5.704673843341011,5.704673843341011,5.704673843341011,5.704673843341011,5.704673843341011,5.704673843341011,5.704673843341011,5.704673843341011,5.704673843341011,5.704673843341011,5.704673843341011,5.704673843341011,5.704673843341011,5.704673843341011,5.704673843341011,5.704673843341011,5.704673843341011,5.704673843341011,5.704673843341011,5.704673843341011,5.704673843341011,5.704673843341011,5.704673843341011,5.704673843341011,5.704673843341011,5.704673843341011,5.704673843341011,5.704673843341011,5.704673843341011,5.704673843341011,5.704673843341011,5.704673843341011,5.704673843341011,5.704673843341011,5.704673843341011,5.704673843341011,5.704673843341011,5.704673843341011,5.704673843341011,5.704673843341011,5.704673843341011,5.704673843341011,5.704673843341011,5.704673843341011,5.704673843341011,5.704673843341011,5.704673843341011,5.704673843341011,5.704673843341011,5.704673843341011,5.704673843341011,5.704673843341011,5.704673843341011,5.704673843341011,5.704673843341011,5.704673843341011,5.704673843341011,5.704673843341011,5.704673843341011,5.704673843341011,5.704673843341011,5.704673843341011,5.704673843341011,5.704673843341011,5.704673843341011,5.704673843341011,5.704673843341011,5.704673843341011,5.704673843341011,5.704673843341011,5.704673843341011,5.704673843341011,5.704673843341011,5.704673843341011,5.704673843341011,5.704673843341011,5.704673843341011,5.704673843341011,5.704673843341011,5.704673843341011,5.704673843341011,5.704673843341011,5.704673843341011,5.704673843341011,5.704673843341011,5.704673843341011,5.704673843341011,5.704673843341011,5.704673843341011,5.704673843341011,5.704673843341011,5.704673843341011,5.704673843341011,5.704673843341011,5.704673843341011,5.704673843341011,5.704673843341011,5.704673843341011,5.704673843341011,5.704673843341011,5.704673843341011,5.704673843341011,5.704673843341011,5.704673843341011,5.704673843341011,5.704673843341011,5.704673843341011,5.704673843341011,5.704673843341011,5.704673843341011,5.704673843341011,5.704673843341011,5.704673843341011,5.704673843341011,5.704673843341011,5.704673843341011,5.704673843341011,5.704673843341011,5.704673843341011,5.704673843341011,5.704673843341011,5.704673843341011,5.704673843341011,5.704673843341011,5.704673843341011,5.704673843341011,5.704673843341011,5.704673843341011,5.704673843341011,5.704673843341011,5.704673843341011,5.704673843341011,5.704673843341011,5.704673843341011,5.704673843341011,5.704673843341011,5.704673843341011,5.704673843341011,5.704673843341011,5.704673843341011,5.704673843341011,5.704673843341011,5.704673843341011,5.704673843341011,5.704673843341011,5.704673843341011,5.704673843341011,5.704673843341011,5.704673843341011,5.704673843341011,5.704673843341011,5.704673843341011,5.704673843341011,5.704673843341011,5.704673843341011,5.704673843341011,5.704673843341011,5.704673843341011,5.704673843341011,5.704673843341011,5.704673843341011,5.704673843341011,5.704673843341011,5.704673843341011,5.704673843341011,5.704673843341011,5.704673843341011,5.704673843341011,5.704673843341011,5.704673843341011,5.704673843341011,5.704673843341011,5.704673843341011,5.704673843341011,5.704673843341011,5.704673843341011,5.704673843341011,5.704673843341011,5.704673843341011,5.704673843341011,5.704673843341011,5.704673843341011,5.704673843341011,5.704673843341011,5.704673843341011,5.704673843341011,5.704673843341011,5.704673843341011,5.704673843341011,5.704673843341011,5.704673843341011,5.704673843341011,5.704673843341011,5.704673843341011,5.704673843341011,5.704673843341011,5.704673843341011,5.704673843341011,5.704673843341011,5.704673843341011,5.704673843341011,5.704673843341011,5.704673843341011,5.704673843341011,5.704673843341011,5.704673843341011,5.704673843341011,5.704673843341011,5.704673843341011,5.704673843341011,5.704673843341011,5.704673843341011,5.704673843341011,5.704673843341011,5.704673843341011,5.704673843341011,5.704673843341011,5.704673843341011,5.704673843341011,5.704673843341011,5.704673843341011,5.704673843341011,5.704673843341011,5.704673843341011,5.704673843341011,5.704673843341011,5.704673843341011,5.704673843341011,5.704673843341011,5.704673843341011,5.704673843341011,5.704673843341011,5.704673843341011,5.704673843341011,5.704673843341011,5.704673843341011,5.704673843341011,5.704673843341011,5.704673843341011,5.704673843341011,5.704673843341011,5.704673843341011,5.704673843341011,5.704673843341011,5.704673843341011,5.704673843341011,5.704673843341011,5.704673843341011,5.704673843341011,5.704673843341011,5.704673843341011,5.704673843341011,5.704673843341011,5.704673843341011,5.704673843341011,5.704673843341011,5.704673843341011,5.704673843341011,5.704673843341011,5.704673843341011,5.704673843341011,5.704673843341011,5.704673843341011,5.704673843341011,5.704673843341011,5.704673843341011,5.704673843341011,5.704673843341011,5.704673843341011,5.704673843341011,5.704673843341011,5.704673843341011,5.704673843341011,5.704673843341011,5.704673843341011,5.704673843341011,5.704673843341011,5.704673843341011,5.704673843341011,5.704673843341011,5.704673843341011,5.704673843341011,5.704673843341011,5.704673843341011,5.704673843341011,5.704673843341011,5.704673843341011,5.704673843341011,5.704673843341011,5.704673843341011,5.704673843341011,5.704673843341011,5.704673843341011,5.704673843341011,5.704673843341011,5.704673843341011,5.704673843341011,5.704673843341011,5.704673843341011,5.704673843341011,5.704673843341011,5.704673843341011,5.704673843341011,5.704673843341011,5.704673843341011,5.704673843341011,5.704673843341011,5.704673843341011,5.704673843341011,5.704673843341011,5.704673843341011,5.704673843341011,9.032743370795432,9.032743370795432,9.027482384281209,9.027482384281209,9.027482384281209,9.027482384281209,9.027482384281209,9.027482384281209,8.904434524200516,8.904434524200516,8.904434524200516,8.904434524200516,8.904434524200516,8.904434524200516,8.904434524200516,8.904434524200516,8.904434524200516,8.904434524200516,8.904434524200516,8.904434524200516,8.904434524200516,8.811578339375355,8.811578339375355,8.811578339375355,8.811578339375355,8.811578339375355,8.811578339375355,8.811578339375355,8.811578339375355,8.811578339375355,8.811578339375355,8.811578339375355,8.524690496131322,8.49719720718518,8.49719720718518,8.49719720718518,8.49719720718518,8.47504526678779,8.47504526678779,8.47504526678779,8.47504526678779,8.47504526678779,8.47504526678779,8.47504526678779,8.47504526678779,8.47504526678779,8.47504526678779,8.47504526678779,8.47504526678779,8.47504526678779,8.47504526678779,8.47504526678779,8.47504526678779,8.47504526678779,8.47504526678779,8.47504526678779,8.47504526678779,8.47504526678779,8.47504526678779,8.47504526678779,7.641976062105156,7.029304159232828,7.029304159232828,7.029304159232828,7.029304159232828,7.029304159232828,7.029304159232828,7.029304159232828,7.029304159232828,7.029304159232828,6.548696771947236,6.548696771947236,6.548696771947236,6.548696771947236,6.548696771947236,6.548696771947236,6.548696771947236,6.548696771947236,6.548696771947236,6.548696771947236,6.548696771947236,6.548696771947236,6.548696771947236,6.548696771947236,6.548696771947236,6.548696771947236,6.548696771947236,6.548696771947236,6.548696771947236,6.548696771947236,6.548696771947236,6.548696771947236,6.548696771947236,6.548696771947236,6.548696771947236,6.548696771947236,6.548696771947236,6.548696771947236,6.548696771947236,6.548696771947236,6.548696771947236,6.548696771947236,6.548696771947236,6.548696771947236,6.548696771947236,6.548696771947236,6.548696771947236,6.548696771947236,6.548696771947236,6.548696771947236,6.548696771947236,6.548696771947236,6.548696771947236,6.548696771947236,6.548696771947236,6.548696771947236,6.548696771947236,6.548696771947236,6.548696771947236,6.548696771947236,6.548696771947236,6.548696771947236,6.548696771947236,6.548696771947236,6.548696771947236,6.548696771947236,6.548696771947236,6.548696771947236,6.548696771947236,6.548696771947236,6.548696771947236,6.548696771947236,6.548696771947236,6.548696771947236,6.548696771947236,6.548696771947236,6.548696771947236,6.548696771947236,6.548696771947236,6.548696771947236,6.548696771947236,6.548696771947236,6.548696771947236,6.548696771947236,6.548696771947236,6.548696771947236,6.548696771947236,6.548696771947236,6.548696771947236,6.548696771947236,6.548696771947236,6.548696771947236,6.548696771947236,6.548696771947236,6.548696771947236,6.548696771947236,6.548696771947236,6.548696771947236,6.548696771947236,6.548696771947236,6.548696771947236,6.548696771947236,6.548696771947236,6.548696771947236,6.548696771947236,6.548696771947236,6.548696771947236,6.548696771947236,6.548696771947236,6.548696771947236,6.548696771947236,6.548696771947236,6.548696771947236,6.548696771947236,6.548696771947236,6.548696771947236,6.548696771947236,6.548696771947236,6.548696771947236,6.548696771947236,6.548696771947236,6.548696771947236,6.548696771947236,6.548696771947236,6.548696771947236,6.548696771947236,6.548696771947236,6.548696771947236,6.548696771947236,6.548696771947236,6.548696771947236,6.548696771947236,6.548696771947236,6.548696771947236,6.548696771947236,6.548696771947236,6.548696771947236,6.548696771947236,6.548696771947236,6.548696771947236,6.548696771947236,6.548696771947236,6.548696771947236,6.548696771947236,6.548696771947236,6.548696771947236,6.548696771947236,6.548696771947236,6.548696771947236,6.548696771947236,6.548696771947236,6.548696771947236,6.548696771947236,6.548696771947236,6.548696771947236,6.548696771947236,6.548696771947236,6.548696771947236,6.548696771947236,6.548696771947236,6.548696771947236,6.548696771947236,6.548696771947236,6.548696771947236,6.548696771947236,6.548696771947236,6.548696771947236,6.548696771947236,6.548696771947236,6.548696771947236,6.548696771947236,6.548696771947236,6.548696771947236,6.548696771947236,6.548696771947236,6.548696771947236,6.548696771947236,6.548696771947236,6.548696771947236,6.548696771947236,6.548696771947236,6.548696771947236,6.548696771947236,6.548696771947236,6.548696771947236,6.548696771947236,6.548696771947236,6.548696771947236,6.548696771947236,6.548696771947236,6.548696771947236,6.548696771947236,6.548696771947236,6.548696771947236,6.548696771947236,6.548696771947236,6.548696771947236,6.548696771947236,6.548696771947236,6.548696771947236,6.548696771947236,6.548696771947236,6.548696771947236,6.548696771947236,6.548696771947236,6.548696771947236,6.548696771947236,6.548696771947236,6.548696771947236,6.548696771947236,6.548696771947236,6.548696771947236,6.548696771947236,6.548696771947236,6.548696771947236,6.548696771947236,6.548696771947236,6.548696771947236,6.548696771947236,6.548696771947236,6.548696771947236,6.548696771947236,6.548696771947236,6.548696771947236,6.548696771947236,6.548696771947236,6.548696771947236,6.548696771947236,6.548696771947236,6.548696771947236,6.548696771947236,6.548696771947236,6.548696771947236,6.548696771947236,6.548696771947236,6.548696771947236,6.548696771947236,6.548696771947236,6.548696771947236,6.548696771947236,6.548696771947236,6.548696771947236,6.548696771947236,6.548696771947236,6.548696771947236,6.548696771947236,6.548696771947236,6.548696771947236,6.548696771947236,6.548696771947236,6.548696771947236,6.548696771947236,6.548696771947236,6.548696771947236,6.548696771947236,6.548696771947236,6.548696771947236,6.548696771947236,6.548696771947236,6.548696771947236,6.548696771947236,6.548696771947236,6.548696771947236,6.548696771947236,6.548696771947236,6.548696771947236,6.548696771947236,6.548696771947236,6.548696771947236,6.548696771947236,6.548696771947236,6.548696771947236,6.548696771947236,6.548696771947236,6.548696771947236,6.548696771947236,6.548696771947236,6.548696771947236,6.548696771947236,6.548696771947236,6.548696771947236,6.548696771947236,6.548696771947236,6.548696771947236,6.548696771947236,6.548696771947236,6.548696771947236,6.548696771947236,6.548696771947236,6.548696771947236,6.548696771947236,6.548696771947236,6.548696771947236,6.548696771947236,6.548696771947236,6.548696771947236,6.548696771947236,6.548696771947236,6.548696771947236,6.548696771947236,6.548696771947236,6.548696771947236,6.548696771947236,6.548696771947236,6.548696771947236,6.548696771947236,6.548696771947236,6.548696771947236,6.548696771947236,6.548696771947236,6.548696771947236,6.548696771947236,6.548696771947236,6.548696771947236,6.548696771947236,6.548696771947236,6.548696771947236,6.548696771947236,6.548696771947236,6.548696771947236,6.548696771947236,6.548696771947236,6.548696771947236,6.548696771947236,6.548696771947236,6.548696771947236,6.548696771947236,6.548696771947236,6.548696771947236,6.548696771947236,6.548696771947236,6.548696771947236,6.548696771947236,6.548696771947236,6.548696771947236,6.548696771947236,6.548696771947236,6.548696771947236,6.548696771947236,6.500304756514028,6.500304756514028,6.500304756514028,6.500304756514028,6.500304756514028,6.500304756514028,6.500304756514028,6.500304756514028,6.500304756514028,6.500304756514028,6.500304756514028,6.500304756514028,6.500304756514028,6.500304756514028,6.500304756514028,6.500304756514028,6.500304756514028,6.500304756514028,6.500304756514028,6.500304756514028,6.244086190833273,6.244086190833273,6.244086190833273,6.244086190833273,6.244086190833273,6.244086190833273,6.244086190833273,6.244086190833273,6.244086190833273,6.244086190833273,6.244086190833273,6.244086190833273,6.244086190833273,6.244086190833273,6.244086190833273,6.244086190833273,6.244086190833273,6.244086190833273,6.244086190833273,6.244086190833273,6.244086190833273,6.244086190833273,6.244086190833273,6.244086190833273,6.244086190833273,6.244086190833273,6.244086190833273,6.244086190833273,6.244086190833273,6.244086190833273,6.244086190833273,6.244086190833273,6.244086190833273,6.244086190833273,6.244086190833273,6.244086190833273,6.244086190833273,6.244086190833273,6.244086190833273,6.244086190833273,6.244086190833273,6.244086190833273,6.244086190833273,6.244086190833273,6.244086190833273,6.244086190833273,6.244086190833273,6.244086190833273,6.244086190833273,6.244086190833273,6.244086190833273,6.244086190833273,6.244086190833273,6.244086190833273,6.244086190833273,6.244086190833273,6.244086190833273,6.244086190833273,6.244086190833273,6.244086190833273,6.244086190833273,6.244086190833273,6.244086190833273,6.244086190833273,6.244086190833273,6.244086190833273,6.244086190833273,6.244086190833273,6.244086190833273,6.244086190833273,6.244086190833273,6.244086190833273,6.244086190833273,6.244086190833273,6.244086190833273,6.244086190833273,6.244086190833273,6.244086190833273,6.244086190833273,6.244086190833273,6.244086190833273,6.244086190833273,6.244086190833273,6.244086190833273,6.244086190833273,6.244086190833273,6.244086190833273,6.244086190833273,6.244086190833273,6.244086190833273,6.244086190833273,6.244086190833273,6.244086190833273,6.244086190833273,6.244086190833273,6.244086190833273,6.244086190833273,6.244086190833273,6.244086190833273,6.244086190833273,6.244086190833273,6.244086190833273,6.244086190833273,6.244086190833273,6.244086190833273,6.244086190833273,6.244086190833273,6.244086190833273,6.244086190833273,6.244086190833273,6.244086190833273,6.244086190833273,6.244086190833273,6.244086190833273,6.244086190833273,6.244086190833273,6.244086190833273,6.244086190833273,6.244086190833273,6.244086190833273,6.244086190833273,6.244086190833273,6.244086190833273,6.244086190833273,6.244086190833273,6.244086190833273,6.244086190833273,6.244086190833273,6.244086190833273,6.244086190833273,6.244086190833273,6.244086190833273,6.244086190833273,6.244086190833273,6.244086190833273,6.244086190833273,6.244086190833273,6.244086190833273,6.244086190833273,6.244086190833273,6.244086190833273,6.244086190833273,6.244086190833273,6.244086190833273,6.244086190833273,6.244086190833273,6.244086190833273,6.244086190833273,6.244086190833273,6.244086190833273,6.244086190833273,6.244086190833273,6.244086190833273,6.244086190833273,6.244086190833273,6.244086190833273,6.244086190833273,6.244086190833273,6.244086190833273,6.244086190833273,6.244086190833273,6.244086190833273,6.244086190833273,6.244086190833273,6.244086190833273,6.244086190833273,6.244086190833273,6.244086190833273,6.244086190833273,6.244086190833273,6.244086190833273,6.244086190833273,6.244086190833273,6.244086190833273,6.244086190833273,6.244086190833273,6.244086190833273,6.244086190833273,6.244086190833273,6.244086190833273,6.244086190833273,6.244086190833273,6.244086190833273,6.244086190833273,6.244086190833273,6.244086190833273,6.244086190833273,6.244086190833273,6.244086190833273,6.244086190833273,6.244086190833273,6.244086190833273,6.244086190833273,6.244086190833273,6.244086190833273,6.244086190833273,6.244086190833273,6.244086190833273,6.244086190833273,6.244086190833273,6.244086190833273,6.244086190833273,6.244086190833273,6.244086190833273,6.244086190833273,6.244086190833273,6.244086190833273,6.244086190833273,6.244086190833273,6.244086190833273,6.244086190833273,6.244086190833273,6.244086190833273,6.244086190833273,6.244086190833273,6.244086190833273,6.244086190833273,6.244086190833273,6.244086190833273,6.244086190833273,6.244086190833273,6.244086190833273,6.244086190833273,6.244086190833273,6.244086190833273,6.244086190833273,6.244086190833273,6.244086190833273,6.244086190833273,6.244086190833273,6.244086190833273,6.244086190833273,6.244086190833273,6.244086190833273,6.244086190833273,6.244086190833273,6.244086190833273,6.244086190833273,6.244086190833273,6.244086190833273,6.244086190833273,6.244086190833273,6.244086190833273,6.244086190833273,6.244086190833273,6.244086190833273,6.244086190833273,6.244086190833273,6.244086190833273,6.244086190833273,6.244086190833273,6.244086190833273,6.244086190833273,6.244086190833273,6.244086190833273,6.244086190833273,6.244086190833273,6.244086190833273,6.244086190833273,6.244086190833273,6.244086190833273,6.244086190833273,6.244086190833273,6.244086190833273,6.244086190833273,6.244086190833273,6.244086190833273,6.244086190833273,6.244086190833273,6.244086190833273,6.244086190833273,6.244086190833273,6.244086190833273,6.244086190833273,6.244086190833273,6.244086190833273,6.244086190833273,6.244086190833273,6.244086190833273,6.244086190833273,6.244086190833273,6.244086190833273,6.244086190833273,6.244086190833273,6.244086190833273,6.244086190833273,6.244086190833273,6.244086190833273,6.244086190833273,6.244086190833273,6.244086190833273,6.244086190833273,6.244086190833273,6.244086190833273,6.244086190833273,6.244086190833273,6.244086190833273,6.244086190833273,6.244086190833273,6.244086190833273,6.244086190833273,6.244086190833273,6.244086190833273,6.244086190833273,6.244086190833273,6.244086190833273,6.244086190833273,6.244086190833273,6.244086190833273,6.244086190833273,6.244086190833273,6.244086190833273,6.244086190833273,6.244086190833273,6.244086190833273,6.244086190833273,6.244086190833273,6.244086190833273,6.244086190833273,6.244086190833273,6.244086190833273,6.244086190833273,6.244086190833273,6.244086190833273,6.244086190833273,6.244086190833273,6.244086190833273,6.244086190833273,6.244086190833273,6.244086190833273,6.244086190833273,6.244086190833273,6.244086190833273,6.244086190833273,6.244086190833273,6.244086190833273,6.244086190833273,6.244086190833273,6.244086190833273,6.244086190833273,6.244086190833273,6.244086190833273,6.244086190833273,6.244086190833273,6.244086190833273,6.244086190833273,6.244086190833273,6.244086190833273,6.244086190833273,6.244086190833273,6.244086190833273,6.244086190833273,6.244086190833273,6.244086190833273,6.244086190833273,6.244086190833273,6.244086190833273,6.244086190833273,6.244086190833273,6.244086190833273,6.244086190833273,6.244086190833273,6.244086190833273,6.244086190833273,6.244086190833273,6.244086190833273,6.244086190833273,6.244086190833273,6.244086190833273,6.244086190833273,6.244086190833273,6.244086190833273,6.244086190833273,6.244086190833273,6.244086190833273,6.244086190833273,6.244086190833273,6.244086190833273,6.244086190833273,6.244086190833273,6.244086190833273,6.244086190833273,6.244086190833273,6.244086190833273,6.244086190833273,6.244086190833273,6.244086190833273,6.244086190833273,6.244086190833273,6.244086190833273,6.244086190833273,6.244086190833273,6.244086190833273,6.244086190833273,6.244086190833273,6.244086190833273,6.244086190833273,6.244086190833273,6.244086190833273,6.244086190833273,6.244086190833273,6.244086190833273,5.414297890192123,5.414297890192123,5.414297890192123,5.414297890192123,5.414297890192123,5.414297890192123,5.414297890192123,5.414297890192123,5.414297890192123,5.414297890192123,5.414297890192123,5.414297890192123,5.414297890192123,5.414297890192123,5.414297890192123,5.414297890192123,5.414297890192123,5.414297890192123,5.414297890192123,5.414297890192123,5.414297890192123,5.414297890192123,5.414297890192123,5.414297890192123,5.414297890192123,5.414297890192123,5.414297890192123,5.414297890192123,5.414297890192123,5.414297890192123,5.414297890192123,5.414297890192123,5.414297890192123,5.414297890192123,5.414297890192123,5.414297890192123,5.414297890192123,5.414297890192123,5.414297890192123,5.414297890192123,5.414297890192123,5.414297890192123,5.414297890192123,5.414297890192123,5.414297890192123,5.414297890192123,5.414297890192123,5.414297890192123,5.414297890192123,5.414297890192123,5.414297890192123,5.414297890192123,5.414297890192123,5.414297890192123,5.414297890192123,5.414297890192123,5.414297890192123,5.414297890192123,5.414297890192123,5.414297890192123,5.414297890192123,5.414297890192123,5.414297890192123,5.414297890192123,5.414297890192123,5.414297890192123,5.414297890192123,5.414297890192123,5.414297890192123,5.414297890192123,5.414297890192123,5.414297890192123,5.414297890192123,5.414297890192123,5.414297890192123,5.414297890192123,5.414297890192123,5.414297890192123,5.414297890192123,5.414297890192123,5.414297890192123,5.414297890192123,5.414297890192123,5.414297890192123,5.414297890192123,5.414297890192123,5.414297890192123,5.414297890192123,5.414297890192123,5.414297890192123,5.414297890192123,5.414297890192123,5.414297890192123,5.414297890192123,5.414297890192123,5.414297890192123,5.414297890192123,5.414297890192123,5.414297890192123,5.414297890192123,5.414297890192123,5.414297890192123,5.414297890192123,5.414297890192123,5.414297890192123,5.414297890192123,5.414297890192123,5.414297890192123,5.414297890192123,5.414297890192123,5.414297890192123,5.414297890192123,5.414297890192123,5.414297890192123,5.414297890192123,5.414297890192123,5.414297890192123,5.414297890192123,5.414297890192123,5.414297890192123,5.414297890192123,5.414297890192123,5.414297890192123,5.414297890192123,5.414297890192123,5.414297890192123,5.414297890192123,5.414297890192123,5.414297890192123,5.414297890192123,5.414297890192123,5.414297890192123,5.414297890192123,5.414297890192123,5.414297890192123,5.414297890192123,5.414297890192123,5.414297890192123,5.414297890192123,5.414297890192123,5.414297890192123,5.414297890192123,5.414297890192123,5.414297890192123,5.414297890192123,5.414297890192123,5.414297890192123,5.414297890192123,5.414297890192123,5.414297890192123,5.414297890192123,5.414297890192123,5.414297890192123,5.414297890192123,5.414297890192123,5.414297890192123,5.414297890192123,5.414297890192123,5.414297890192123,5.414297890192123,5.414297890192123,5.414297890192123,5.414297890192123,5.414297890192123,5.414297890192123,5.414297890192123,5.414297890192123,5.414297890192123,5.414297890192123,5.414297890192123,5.414297890192123,5.414297890192123,5.414297890192123,5.414297890192123,5.414297890192123,5.414297890192123,5.414297890192123,5.414297890192123,5.414297890192123,7.371237822111162,6.96698882434234,6.96698882434234,6.96698882434234,6.96698882434234,6.469130333373132,6.469130333373132,6.469130333373132,6.469130333373132,6.469130333373132,5.743879058575799,5.743879058575799,5.743879058575799,5.743879058575799,5.743879058575799,5.743879058575799,5.743879058575799,5.1920930109774,5.1920930109774,5.1920930109774,4.928801301234116,4.89957066126762,4.89957066126762,4.89957066126762,4.89957066126762,4.89957066126762,4.89957066126762,4.89957066126762,4.89957066126762,4.722094084152441,4.722094084152441,4.722094084152441,4.722094084152441,4.722094084152441,4.722094084152441,4.722094084152441,4.722094084152441,4.722094084152441,4.722094084152441,4.722094084152441,4.722094084152441,4.722094084152441,4.722094084152441,4.722094084152441,4.722094084152441,4.722094084152441,4.722094084152441,4.722094084152441,4.722094084152441,4.722094084152441,4.722094084152441,4.722094084152441,4.722094084152441,4.722094084152441,4.722094084152441,4.722094084152441,4.722094084152441,4.722094084152441,4.722094084152441,4.722094084152441,4.722094084152441,4.722094084152441,4.722094084152441,3.6346297470667785,3.6346297470667785,3.6346297470667785,3.6346297470667785,3.630871131984354,3.630871131984354,3.630871131984354,3.5557439752597237,3.5557439752597237,3.5557439752597237,3.5557439752597237,3.5557439752597237,3.5557439752597237,3.5557439752597237,3.5557439752597237,3.5557439752597237,3.5557439752597237,3.5557439752597237,3.5557439752597237,3.5557439752597237,3.5557439752597237,3.5557439752597237,3.5557439752597237,3.5557439752597237,3.5557439752597237,3.5557439752597237,3.5557439752597237,3.5557439752597237,3.5557439752597237,3.5557439752597237,3.5557439752597237,3.5557439752597237,3.5557439752597237,3.5557439752597237,3.5557439752597237,3.5557439752597237,3.5557439752597237,3.5557439752597237,3.5557439752597237,3.5557439752597237,3.5557439752597237,3.5557439752597237,3.5557439752597237,3.5557439752597237,3.5557439752597237,3.5557439752597237,3.5557439752597237,3.5557439752597237,3.5557439752597237,3.5557439752597237,3.5557439752597237,3.5557439752597237,3.5557439752597237,3.5557439752597237,3.5557439752597237,3.5557439752597237,3.5557439752597237,3.5557439752597237,3.5557439752597237,3.5557439752597237,3.5557439752597237,3.5557439752597237,3.5557439752597237,3.5557439752597237,3.5557439752597237,3.5557439752597237,3.5557439752597237,3.5557439752597237,3.5557439752597237,3.5557439752597237,3.5557439752597237,3.5557439752597237,3.5557439752597237,3.5557439752597237,3.5557439752597237,3.5557439752597237,3.5557439752597237,3.5557439752597237,3.5557439752597237,3.5557439752597237,3.5557439752597237,3.5557439752597237,3.5557439752597237,3.5557439752597237,3.5557439752597237,3.5557439752597237,3.5557439752597237,3.5557439752597237,3.5557439752597237,3.5557439752597237,3.5557439752597237,3.5557439752597237,3.5557439752597237,3.5557439752597237,3.5557439752597237,3.5557439752597237,3.5557439752597237,3.5557439752597237,3.5557439752597237,3.5557439752597237,3.5557439752597237,3.5557439752597237,3.5557439752597237,3.5557439752597237,3.5557439752597237,3.5557439752597237,3.5557439752597237,3.5557439752597237,3.5557439752597237,3.5557439752597237,3.5557439752597237,3.5557439752597237,3.5557439752597237,3.5557439752597237,3.5557439752597237,3.5557439752597237,3.5557439752597237,3.5557439752597237,3.5557439752597237,3.5557439752597237,3.5557439752597237,3.5557439752597237,3.5557439752597237,3.5557439752597237,3.5557439752597237,3.5557439752597237,3.5557439752597237,3.5557439752597237,3.5557439752597237,3.5557439752597237,3.5557439752597237,3.5557439752597237,3.5557439752597237,3.5557439752597237,3.5557439752597237,3.5557439752597237,3.5557439752597237,3.5557439752597237,3.5557439752597237,3.5557439752597237,3.5557439752597237,3.5557439752597237,3.5557439752597237,3.5557439752597237,3.5557439752597237,3.5557439752597237,3.5557439752597237,3.5557439752597237,3.5557439752597237,3.5557439752597237,3.5557439752597237,3.5557439752597237,3.5557439752597237,3.5557439752597237,3.5557439752597237,3.5557439752597237,3.5557439752597237,3.5557439752597237,3.5557439752597237,3.5557439752597237,3.5557439752597237,3.5557439752597237,3.5557439752597237,3.5557439752597237,3.5557439752597237,3.5557439752597237,3.5557439752597237,3.5557439752597237,3.5557439752597237,3.5557439752597237,3.5557439752597237,3.5557439752597237,3.5557439752597237,3.5557439752597237,3.5557439752597237,3.5557439752597237,3.5557439752597237,3.5557439752597237,3.5557439752597237,3.5557439752597237,3.5557439752597237,3.5557439752597237,3.5557439752597237,3.5557439752597237,3.5557439752597237,3.5557439752597237,3.5557439752597237,3.5557439752597237,3.5557439752597237,3.5557439752597237,3.5557439752597237,3.5557439752597237,3.5557439752597237,3.5557439752597237,3.5557439752597237,3.5557439752597237,3.5557439752597237,3.5557439752597237,3.5557439752597237,3.5557439752597237,3.5557439752597237,3.5557439752597237,3.5557439752597237,3.5557439752597237,3.5557439752597237,3.5557439752597237,3.5557439752597237,3.5557439752597237,3.5557439752597237,3.5557439752597237,3.5557439752597237,3.5557439752597237,3.5557439752597237,3.5557439752597237,3.5557439752597237,3.5557439752597237,3.5557439752597237,3.5557439752597237,3.5557439752597237,3.5557439752597237,3.5557439752597237,3.5557439752597237,3.5557439752597237,3.5557439752597237,3.5557439752597237,3.5557439752597237,3.5557439752597237,3.5557439752597237,3.5557439752597237,3.5557439752597237,3.5557439752597237,3.5557439752597237,3.5557439752597237,3.5557439752597237,3.5557439752597237,3.5557439752597237,3.5557439752597237,3.5557439752597237,3.5557439752597237,3.5557439752597237,3.5557439752597237,3.5557439752597237,3.5557439752597237,3.5557439752597237,3.5557439752597237,3.5557439752597237,3.5557439752597237,3.5557439752597237,3.5557439752597237,3.5557439752597237,3.5557439752597237,3.5557439752597237,3.5557439752597237,3.5557439752597237,3.5557439752597237,3.5557439752597237,3.5557439752597237,3.5557439752597237,3.5557439752597237,3.5557439752597237,3.5557439752597237,3.5557439752597237,3.5557439752597237,3.5557439752597237,3.5557439752597237,3.5557439752597237,3.5557439752597237,3.5557439752597237,3.5557439752597237,3.5557439752597237,3.5557439752597237,3.5557439752597237,3.5557439752597237,3.5557439752597237,3.5557439752597237,3.5557439752597237,3.5557439752597237,3.5557439752597237,3.5557439752597237,3.5557439752597237,3.5557439752597237,3.5557439752597237,3.5557439752597237,3.5557439752597237,3.5557439752597237,3.5557439752597237,3.5557439752597237,3.5557439752597237,3.5557439752597237,3.5557439752597237,3.5557439752597237,3.5557439752597237,3.5557439752597237,3.5557439752597237,3.5557439752597237,3.5557439752597237,3.5557439752597237,3.5557439752597237,3.5557439752597237,3.5557439752597237,3.5557439752597237,3.5557439752597237,3.5557439752597237,3.5557439752597237,3.5557439752597237,3.5557439752597237,3.5557439752597237,3.5557439752597237,3.5557439752597237,3.5557439752597237,3.5557439752597237,3.5557439752597237,3.5557439752597237,3.5557439752597237,3.5557439752597237,3.5557439752597237,3.5557439752597237,3.5557439752597237,3.5557439752597237,3.5557439752597237,3.5557439752597237,3.5557439752597237,3.5557439752597237,3.5557439752597237,3.5557439752597237,3.5557439752597237,3.5557439752597237,3.5557439752597237,3.5557439752597237,3.5557439752597237,3.5557439752597237,3.5557439752597237,3.5557439752597237,3.5557439752597237,3.5557439752597237,3.5557439752597237,3.5557439752597237,3.5557439752597237,3.5557439752597237,3.5557439752597237,3.5557439752597237,3.5557439752597237,3.5557439752597237,3.5557439752597237,3.5557439752597237,3.5557439752597237,3.5557439752597237,3.5557439752597237,3.5557439752597237,3.5557439752597237,3.5557439752597237,3.5557439752597237,3.5557439752597237,3.5557439752597237,3.5557439752597237,3.5557439752597237,3.5557439752597237,3.5557439752597237,3.5557439752597237,3.5557439752597237,3.5557439752597237,3.5557439752597237,3.5557439752597237,3.5557439752597237,3.5557439752597237,3.5557439752597237,3.5557439752597237,3.5557439752597237,3.5557439752597237,3.5557439752597237,3.5557439752597237,3.5557439752597237,3.5557439752597237,3.5557439752597237,3.5557439752597237,3.5557439752597237,3.5557439752597237,3.5557439752597237,3.5557439752597237,3.5557439752597237,3.5557439752597237,3.5557439752597237,3.5557439752597237,3.5557439752597237,3.5557439752597237,3.5557439752597237,3.5557439752597237,3.5557439752597237,3.5557439752597237,3.5557439752597237,3.5557439752597237,3.5557439752597237,3.5557439752597237,3.5557439752597237,3.5557439752597237,3.5557439752597237,3.5557439752597237,3.5557439752597237,3.5557439752597237,3.5557439752597237,3.5557439752597237,3.5557439752597237,3.5557439752597237,3.5557439752597237,3.5557439752597237,3.5557439752597237,3.5557439752597237,3.5557439752597237,3.5557439752597237,3.5557439752597237,3.5557439752597237,3.5557439752597237,3.5557439752597237,3.5557439752597237,3.5557439752597237,3.5557439752597237,3.5557439752597237,3.5557439752597237,3.5557439752597237,3.5557439752597237,3.5557439752597237,3.5557439752597237,3.5557439752597237,3.5557439752597237,3.5557439752597237,3.5557439752597237,3.5557439752597237,3.5557439752597237,3.5557439752597237,3.5557439752597237,3.5557439752597237,3.5557439752597237,3.5557439752597237,3.5557439752597237,3.5557439752597237,3.5557439752597237,3.5557439752597237,3.5557439752597237,3.5557439752597237,3.5557439752597237,3.5557439752597237,3.5557439752597237,3.5557439752597237,3.5557439752597237,3.5557439752597237,3.5557439752597237,3.5557439752597237,3.5557439752597237,3.5557439752597237,3.5557439752597237,3.5557439752597237,3.5557439752597237,3.5557439752597237,3.5557439752597237,3.5557439752597237,3.5557439752597237,3.5557439752597237,3.5557439752597237,3.5557439752597237,3.5557439752597237,3.5557439752597237,3.5557439752597237,3.5557439752597237,3.5557439752597237,3.5557439752597237,3.5557439752597237,3.5557439752597237,3.5557439752597237,3.5557439752597237,3.5557439752597237,3.5557439752597237,3.5557439752597237,3.5557439752597237,3.5557439752597237,3.5557439752597237,3.5557439752597237,3.5557439752597237,3.5557439752597237,3.5557439752597237,3.5557439752597237,3.5557439752597237,3.5557439752597237,3.5557439752597237,3.5557439752597237,3.5557439752597237,3.5557439752597237,3.5557439752597237,3.5557439752597237,3.5557439752597237,3.5557439752597237,3.5557439752597237,3.5557439752597237,3.5557439752597237,3.5557439752597237,3.5557439752597237,3.5557439752597237,3.5557439752597237,3.5557439752597237,3.5557439752597237,3.5557439752597237,3.5557439752597237,3.5557439752597237,3.5557439752597237,3.5557439752597237,3.5557439752597237,3.5557439752597237,3.5557439752597237,3.5557439752597237,3.5557439752597237,3.5557439752597237,3.5557439752597237,3.5557439752597237,3.5557439752597237,3.5557439752597237,3.5557439752597237,3.5557439752597237,3.5557439752597237,3.5557439752597237,3.5557439752597237,3.5557439752597237,3.5557439752597237,3.5557439752597237,3.5557439752597237,3.5557439752597237,3.5557439752597237,3.5557439752597237,3.5557439752597237,3.5557439752597237,3.5557439752597237,3.5557439752597237,3.5557439752597237,3.5557439752597237,3.5557439752597237,3.5557439752597237,3.5557439752597237,3.5557439752597237,3.5557439752597237,3.5557439752597237,3.5557439752597237,3.5557439752597237,3.5557439752597237,3.5557439752597237,3.5557439752597237,3.5557439752597237,3.5557439752597237,3.5557439752597237,3.5557439752597237,3.5557439752597237,3.5557439752597237,3.5557439752597237,3.5557439752597237,3.5557439752597237,3.5557439752597237,3.5557439752597237,3.5557439752597237,3.5557439752597237,3.5557439752597237,3.5557439752597237,3.5557439752597237,3.5557439752597237,3.5557439752597237,3.5557439752597237,3.5557439752597237,3.5557439752597237,3.5557439752597237,3.5557439752597237,3.5557439752597237,3.5557439752597237,3.5557439752597237,3.5557439752597237,3.5557439752597237,3.5557439752597237,3.5557439752597237,3.5557439752597237,3.5557439752597237,3.5557439752597237,3.5557439752597237,3.5557439752597237,3.5557439752597237,3.5557439752597237,3.5557439752597237,3.5557439752597237,3.5557439752597237,3.5557439752597237,3.5557439752597237,3.5557439752597237,3.5557439752597237,3.5557439752597237,3.5557439752597237,3.5557439752597237,3.5557439752597237,3.5557439752597237,3.5557439752597237,3.5557439752597237,3.5557439752597237,3.5557439752597237,3.5557439752597237,3.5557439752597237,3.5557439752597237,3.5557439752597237,3.5557439752597237,3.5557439752597237,3.5557439752597237,3.5557439752597237,3.5557439752597237,3.5557439752597237,3.5557439752597237,3.5557439752597237,3.5557439752597237,3.5557439752597237,3.5557439752597237,3.5557439752597237,3.5557439752597237,3.5557439752597237,3.5557439752597237,3.5557439752597237,3.5557439752597237,3.5557439752597237,3.5557439752597237,3.5557439752597237,3.5557439752597237,3.5557439752597237,3.5557439752597237,3.5557439752597237,3.5557439752597237,3.5557439752597237,3.5557439752597237,3.5557439752597237,3.5557439752597237,3.5557439752597237,3.5557439752597237,3.5557439752597237,3.5557439752597237,3.5557439752597237,3.5557439752597237,3.5557439752597237,3.5557439752597237,3.5557439752597237,3.5557439752597237,3.5557439752597237,3.5557439752597237,3.5557439752597237,3.5557439752597237,3.5557439752597237,3.5557439752597237,3.5557439752597237,3.5557439752597237,3.5557439752597237,3.5557439752597237,3.5557439752597237,3.5557439752597237,3.5557439752597237,3.5557439752597237,3.5557439752597237,3.5557439752597237,3.5557439752597237,3.5557439752597237,3.5557439752597237,3.5557439752597237,3.5557439752597237,3.5557439752597237,3.5557439752597237,3.5557439752597237,3.5557439752597237,3.5557439752597237,3.5557439752597237,3.5557439752597237,3.5557439752597237,3.5557439752597237,3.5557439752597237,3.5557439752597237,3.5557439752597237,3.5557439752597237,3.5557439752597237,3.5557439752597237,3.5557439752597237,3.5557439752597237,3.5557439752597237,3.5557439752597237,3.5557439752597237,3.5557439752597237,3.5557439752597237,3.5557439752597237,3.5557439752597237,3.5557439752597237,3.5557439752597237,3.5557439752597237,3.5557439752597237,3.5557439752597237,3.5557439752597237,3.5557439752597237,3.5557439752597237,3.5557439752597237,3.5557439752597237,3.5557439752597237,3.5557439752597237,3.5557439752597237,3.5557439752597237,3.5557439752597237,3.5557439752597237,3.5557439752597237,3.5557439752597237,3.5557439752597237,3.5557439752597237,3.5557439752597237,3.5557439752597237,3.5557439752597237,3.5557439752597237,3.5557439752597237,3.5557439752597237,3.5557439752597237,3.5557439752597237,3.5557439752597237,3.5557439752597237,3.5557439752597237,3.5557439752597237,3.5557439752597237,3.5557439752597237,3.5557439752597237,3.5557439752597237,3.5557439752597237,3.5557439752597237,3.5557439752597237,3.5557439752597237,3.5557439752597237,3.5557439752597237,3.5557439752597237,3.5557439752597237,3.5557439752597237,3.5557439752597237,3.5557439752597237,3.5557439752597237,3.5557439752597237,3.5557439752597237,3.5557439752597237,3.5557439752597237,3.5557439752597237,3.5557439752597237,3.5557439752597237,3.5557439752597237,3.5557439752597237,3.5557439752597237,3.5557439752597237,3.5557439752597237,3.5557439752597237,3.5557439752597237,3.5557439752597237,3.5557439752597237,3.5557439752597237,3.5557439752597237,3.5557439752597237,3.5557439752597237,3.5557439752597237,3.5557439752597237,3.5557439752597237,3.5557439752597237,3.5557439752597237,3.5557439752597237,3.5557439752597237,3.5557439752597237,3.5557439752597237,3.5557439752597237,3.5557439752597237,3.5557439752597237,3.5557439752597237,3.5557439752597237,3.5557439752597237,3.5557439752597237,3.5557439752597237,3.5557439752597237,3.5557439752597237,3.5557439752597237,3.5557439752597237,3.5557439752597237,3.5557439752597237,3.5557439752597237,3.5557439752597237,3.5557439752597237,3.5557439752597237,3.5557439752597237,3.5557439752597237,3.5557439752597237,3.5557439752597237,3.5557439752597237,3.5557439752597237,3.5557439752597237,3.5557439752597237,3.5557439752597237,3.5557439752597237,3.5557439752597237,3.5557439752597237,3.5557439752597237,3.5557439752597237,3.5557439752597237,3.5557439752597237,3.5557439752597237,3.5557439752597237,3.5557439752597237,3.5557439752597237,3.5557439752597237,3.5557439752597237,3.5557439752597237,3.5557439752597237,3.5557439752597237,3.5557439752597237,3.5557439752597237,3.5557439752597237,3.5557439752597237,3.5557439752597237,3.5557439752597237,3.5557439752597237,3.5557439752597237,3.5557439752597237,3.5557439752597237,3.5557439752597237,3.5557439752597237,3.5557439752597237,3.5557439752597237,3.5557439752597237,3.5557439752597237,3.5557439752597237,3.5557439752597237,3.5557439752597237,3.5557439752597237,3.5557439752597237,3.5557439752597237,3.5557439752597237,3.5557439752597237,3.5557439752597237,3.5557439752597237,3.5557439752597237,3.5557439752597237,3.5557439752597237,3.5557439752597237,3.5557439752597237,3.5557439752597237,3.5557439752597237,3.5557439752597237,3.5557439752597237,3.5557439752597237,3.5557439752597237,3.5557439752597237,3.5557439752597237,3.5557439752597237,3.5557439752597237,3.5557439752597237,3.5557439752597237,3.5557439752597237,3.5557439752597237,3.5557439752597237,3.5557439752597237,3.5557439752597237,3.5557439752597237,3.5557439752597237,3.5557439752597237,3.5557439752597237,3.5557439752597237,3.5557439752597237,3.5557439752597237,3.5557439752597237,3.5557439752597237,3.5557439752597237,3.5557439752597237,3.5557439752597237,3.5557439752597237,3.5557439752597237,3.5557439752597237,3.5557439752597237,3.5557439752597237,3.5557439752597237,3.5557439752597237,3.5557439752597237,3.5557439752597237,3.5557439752597237,3.5557439752597237,3.5557439752597237,3.5557439752597237,3.5557439752597237,3.5557439752597237,3.5557439752597237,3.5557439752597237,3.5557439752597237,3.5557439752597237,3.5557439752597237,3.5557439752597237,3.5557439752597237,3.5557439752597237,3.5557439752597237,3.5557439752597237,3.5557439752597237,3.5557439752597237,3.5557439752597237,3.5557439752597237,3.5557439752597237,3.5557439752597237,3.5557439752597237,3.5557439752597237,3.5557439752597237,3.5557439752597237,3.5557439752597237,3.5557439752597237,3.5557439752597237,3.5557439752597237,3.5557439752597237,3.5557439752597237,3.5557439752597237,3.5557439752597237,3.5557439752597237,3.5557439752597237,3.5557439752597237,3.5557439752597237,3.5557439752597237,3.5557439752597237,3.5557439752597237,3.5557439752597237,3.5557439752597237,3.5557439752597237,3.5557439752597237,3.5557439752597237,3.5557439752597237,3.5557439752597237,3.5557439752597237,3.5557439752597237,3.5557439752597237,3.5557439752597237,3.5557439752597237,3.5557439752597237,3.5557439752597237,3.5557439752597237,3.5557439752597237,3.5557439752597237,3.5557439752597237,3.5557439752597237,3.5557439752597237,3.5557439752597237,3.5557439752597237,3.5557439752597237,6.342940501376056,6.342940501376056,6.342940501376056,6.342940501376056,6.333515487450465,6.333515487450465,6.333515487450465,6.333515487450465,6.333515487450465,6.333515487450465,6.333515487450465,6.333515487450465,6.333515487450465,6.333515487450465,6.333515487450465,6.331655885970904,5.491580879526667,5.491580879526667,5.491580879526667,5.491580879526667,5.491580879526667,5.491580879526667,5.491580879526667,5.491580879526667,5.491580879526667,5.491580879526667,5.491580879526667,5.491580879526667,5.491580879526667,5.491580879526667,5.491580879526667,5.491580879526667,5.491580879526667,5.491580879526667,5.491580879526667,5.491580879526667,5.491580879526667,5.491580879526667,5.491580879526667,5.491580879526667,5.491580879526667,5.491580879526667,5.491580879526667,5.491580879526667,5.491580879526667,5.491580879526667,5.491580879526667,5.491580879526667,5.491580879526667,5.491580879526667,5.491580879526667,5.491580879526667,5.491580879526667,5.491580879526667,5.491580879526667,5.491580879526667,5.491580879526667,5.491580879526667,5.491580879526667,5.491580879526667,5.491580879526667,5.491580879526667,4.663355229465054,4.663355229465054,4.663355229465054,4.663355229465054,4.663355229465054,4.663355229465054,4.663355229465054,4.663355229465054,4.663355229465054,4.663355229465054,4.663355229465054,4.663355229465054,4.663355229465054,4.663355229465054,4.663355229465054,4.5187107756697635,4.040894307049053,4.040894307049053,4.040894307049053,4.040894307049053,4.040894307049053,4.040894307049053,4.040894307049053,4.040894307049053,4.040894307049053,4.040894307049053,4.040894307049053,3.9350219091532996,3.9350219091532996,3.9350219091532996,3.9350219091532996,3.9350219091532996,3.9350219091532996,3.9350219091532996,3.9350219091532996,3.9350219091532996,3.9350219091532996,3.9350219091532996,3.9350219091532996,3.9350219091532996,3.328093822105967,3.328093822105967,3.328093822105967,3.328093822105967,3.328093822105967,3.328093822105967,3.328093822105967,3.328093822105967,3.328093822105967,2.5319357139542684,2.5319357139542684,2.5319357139542684,2.5319357139542684,2.5319357139542684,2.5319357139542684,2.5319357139542684,2.5319357139542684,2.5319357139542684,2.5319357139542684,2.5319357139542684,2.5319357139542684,2.5319357139542684,2.5319357139542684,2.5319357139542684,2.5319357139542684,2.5319357139542684,2.5319357139542684,2.5319357139542684,2.5319357139542684,2.5319357139542684,2.5319357139542684,2.5319357139542684,2.5319357139542684,2.5319357139542684,2.5319357139542684,2.5319357139542684,2.5319357139542684,2.5319357139542684,2.5319357139542684,2.5319357139542684,2.5319357139542684,2.5319357139542684,2.5319357139542684,2.5319357139542684,2.5319357139542684,2.5319357139542684,2.5319357139542684,2.5319357139542684,2.5319357139542684,2.5319357139542684,2.5319357139542684,2.5319357139542684,2.5319357139542684,2.5319357139542684,2.5319357139542684,2.5319357139542684,2.5319357139542684,2.5319357139542684,2.5319357139542684,2.5319357139542684,2.5319357139542684,2.5319357139542684,2.5319357139542684,2.5319357139542684,2.5319357139542684,2.5319357139542684,2.5319357139542684,2.5319357139542684,2.5319357139542684,2.5319357139542684,2.5319357139542684,2.5319357139542684,2.5319357139542684,2.5319357139542684,2.5319357139542684,2.5319357139542684,2.5319357139542684,2.5319357139542684,2.5319357139542684,2.5319357139542684,2.5319357139542684,2.5319357139542684,2.5319357139542684,2.5319357139542684,2.5319357139542684,2.5319357139542684,2.5319357139542684,2.5319357139542684,2.5319357139542684,2.5319357139542684,2.5319357139542684,2.5319357139542684,2.5319357139542684,2.5319357139542684,2.5319357139542684,2.5319357139542684,2.5319357139542684,2.5319357139542684,2.5319357139542684,2.5319357139542684,2.5319357139542684,2.5319357139542684,2.5319357139542684,2.5319357139542684,2.5319357139542684,2.5319357139542684,2.5319357139542684,2.5319357139542684,2.5319357139542684,2.5319357139542684,2.5319357139542684,2.5319357139542684,2.5319357139542684,2.5319357139542684,2.5319357139542684,2.5319357139542684,2.5319357139542684,2.5319357139542684,2.5319357139542684,2.5319357139542684,2.5319357139542684,2.5319357139542684,2.5319357139542684,2.5319357139542684,2.5319357139542684,2.5319357139542684,2.5319357139542684,2.5319357139542684,2.5319357139542684,2.5319357139542684,2.5319357139542684,2.5319357139542684,2.5319357139542684,2.5319357139542684,2.5319357139542684,2.5319357139542684,2.5319357139542684,2.5319357139542684,2.5319357139542684,2.5319357139542684,2.5319357139542684,2.5319357139542684,2.5319357139542684,2.5319357139542684,2.5319357139542684,2.5319357139542684,2.5319357139542684,2.5319357139542684,2.5319357139542684,2.5319357139542684,2.5319357139542684,2.5319357139542684,2.5319357139542684,2.5319357139542684,2.5319357139542684,2.5319357139542684,2.5319357139542684,2.5319357139542684,2.5319357139542684,2.5319357139542684,2.5319357139542684,2.5319357139542684,2.5319357139542684,2.5319357139542684,2.5319357139542684,2.5319357139542684,2.5319357139542684,2.5319357139542684,2.5319357139542684,2.5319357139542684,2.5319357139542684,2.5319357139542684,2.5319357139542684,2.5319357139542684,2.5319357139542684,2.5319357139542684,2.5319357139542684,2.5319357139542684,2.5319357139542684,2.5319357139542684,2.5319357139542684,2.5319357139542684,2.5319357139542684,2.5319357139542684,2.5319357139542684,2.5319357139542684,2.5319357139542684,2.5319357139542684,2.5319357139542684,2.5319357139542684,2.5319357139542684,2.5319357139542684,2.5319357139542684,2.5319357139542684,2.5319357139542684,2.5319357139542684,2.5319357139542684,2.5319357139542684,2.5319357139542684,2.5319357139542684,2.5319357139542684,2.5319357139542684,2.5319357139542684,2.5319357139542684,2.5319357139542684,2.5319357139542684,2.5319357139542684,2.5319357139542684,2.5319357139542684,2.5319357139542684,2.5319357139542684,2.5319357139542684,2.5319357139542684,2.5319357139542684,2.5319357139542684,2.5319357139542684,2.5319357139542684,2.5319357139542684,2.5319357139542684,2.5319357139542684,2.5319357139542684,2.5319357139542684,2.5319357139542684,2.5319357139542684,2.5319357139542684,2.5319357139542684,2.5319357139542684,2.5319357139542684,2.5319357139542684,2.5319357139542684,2.5319357139542684,2.5319357139542684,2.5319357139542684,2.5319357139542684,2.5319357139542684,2.5319357139542684,2.5319357139542684,2.5319357139542684,2.5319357139542684,2.5319357139542684,2.5319357139542684,2.5319357139542684,2.5319357139542684,2.5319357139542684,2.5319357139542684,2.5319357139542684,2.5319357139542684,2.5319357139542684,2.5319357139542684,2.5319357139542684,2.5319357139542684,2.5319357139542684,2.5319357139542684,2.5319357139542684,2.5319357139542684,2.5319357139542684,2.5319357139542684,2.5319357139542684,2.5319357139542684,2.5319357139542684,2.5319357139542684,2.5319357139542684,2.5319357139542684,2.5319357139542684,2.5319357139542684,2.5319357139542684,2.5319357139542684,2.5319357139542684,2.5319357139542684,2.5319357139542684,2.5319357139542684,2.5319357139542684,2.5319357139542684,2.5319357139542684,2.5319357139542684,2.5319357139542684,2.5319357139542684,2.5319357139542684,2.5319357139542684,2.5319357139542684,2.5319357139542684,2.5319357139542684,2.5319357139542684,2.5319357139542684,2.5319357139542684,2.5319357139542684,2.5319357139542684,2.5319357139542684,2.5319357139542684,2.5319357139542684,2.5319357139542684,2.5319357139542684,2.5319357139542684,2.5319357139542684,2.5319357139542684,2.5319357139542684,2.5319357139542684,2.5319357139542684,2.5319357139542684,2.5319357139542684,2.5319357139542684,2.5319357139542684,2.5319357139542684,2.5319357139542684,2.5319357139542684,2.5319357139542684,2.5319357139542684,2.5319357139542684,2.5319357139542684,2.5319357139542684,2.5319357139542684,2.5319357139542684,2.5319357139542684,2.5319357139542684,2.5319357139542684,2.5319357139542684,2.5319357139542684,2.5319357139542684,2.5319357139542684,2.5319357139542684,2.5319357139542684,2.5319357139542684,2.5319357139542684,2.5319357139542684,2.5319357139542684,2.5319357139542684,2.5319357139542684,2.5319357139542684,2.5319357139542684,2.5319357139542684,2.5319357139542684,2.5319357139542684,2.5319357139542684,2.5319357139542684,2.5319357139542684,2.5319357139542684,2.5319357139542684,2.5319357139542684,2.5319357139542684,2.5319357139542684,2.5319357139542684,2.5319357139542684,2.5319357139542684,2.5319357139542684,2.5319357139542684,2.5319357139542684,2.5319357139542684,2.5319357139542684,2.5319357139542684,2.5319357139542684,2.5319357139542684,2.5319357139542684,2.5319357139542684,2.5319357139542684,2.5319357139542684,2.5319357139542684,2.5319357139542684,2.5319357139542684,2.5319357139542684,2.5319357139542684,2.5319357139542684,2.5319357139542684,2.5319357139542684,2.5319357139542684,2.5319357139542684,2.5319357139542684,2.5319357139542684,2.5319357139542684,2.5319357139542684,2.5319357139542684,2.5319357139542684,2.5319357139542684,2.5319357139542684,2.5319357139542684,2.5319357139542684,2.5319357139542684,2.5319357139542684,2.5319357139542684,2.5319357139542684,2.5319357139542684,2.5319357139542684,2.5319357139542684,2.5319357139542684,2.5319357139542684,2.5319357139542684,2.5319357139542684,2.5319357139542684,2.5319357139542684,2.5319357139542684,2.5319357139542684,2.5319357139542684,2.5319357139542684,2.5319357139542684,2.5319357139542684,2.5319357139542684,2.5319357139542684,2.5319357139542684,2.5319357139542684,2.5319357139542684,2.5319357139542684,2.5319357139542684,2.5319357139542684,2.5319357139542684,2.5319357139542684,2.5319357139542684,2.5319357139542684,2.5319357139542684,2.5319357139542684,2.5319357139542684,2.5319357139542684,2.5319357139542684,2.5319357139542684,2.5319357139542684,2.5319357139542684,2.5319357139542684,2.5319357139542684,2.5319357139542684,2.5319357139542684,2.5319357139542684,2.5319357139542684,2.5319357139542684,2.5319357139542684,2.5319357139542684,2.5319357139542684,2.5319357139542684,2.5319357139542684,2.5319357139542684,2.5319357139542684,2.5319357139542684,2.5319357139542684,2.5319357139542684,2.5319357139542684,2.5319357139542684,2.5319357139542684,2.5319357139542684,2.5319357139542684,2.5319357139542684,2.5319357139542684,2.5319357139542684,2.5319357139542684,2.5319357139542684,2.5319357139542684,2.5319357139542684,2.5319357139542684,2.5319357139542684,2.5319357139542684,2.5319357139542684,2.5319357139542684,2.5319357139542684,2.5319357139542684,2.5319357139542684,2.5319357139542684,2.5319357139542684,2.5319357139542684,2.5319357139542684,2.5319357139542684,2.5319357139542684,2.5319357139542684,2.5319357139542684,2.5319357139542684,2.5319357139542684,2.5319357139542684,2.5319357139542684,2.5319357139542684,2.5319357139542684,2.5319357139542684,2.5319357139542684,2.5319357139542684,2.5319357139542684,2.5319357139542684,2.5319357139542684,2.5319357139542684,2.5319357139542684,2.5319357139542684,2.5319357139542684,2.5319357139542684,2.5319357139542684,2.5319357139542684,2.5319357139542684,2.5319357139542684,2.5319357139542684,2.5319357139542684,2.5319357139542684,2.5319357139542684,2.5319357139542684,2.5319357139542684,2.5319357139542684,2.5319357139542684,2.5319357139542684,2.5319357139542684,2.5319357139542684,2.5319357139542684,2.5319357139542684,2.5319357139542684,2.5319357139542684,2.5319357139542684,2.5319357139542684,2.5319357139542684,2.5319357139542684,2.5319357139542684,2.5319357139542684,2.5319357139542684,2.5319357139542684,2.5319357139542684,2.5319357139542684,2.5319357139542684,2.5319357139542684,2.5319357139542684,2.5319357139542684,2.5319357139542684,2.5319357139542684,2.5319357139542684,2.5319357139542684,2.5319357139542684,2.5319357139542684,2.5319357139542684,2.5319357139542684,2.5319357139542684,2.5319357139542684,2.5319357139542684,2.5319357139542684,2.5319357139542684,2.5319357139542684,2.5319357139542684,2.5319357139542684,2.5319357139542684,2.5319357139542684,2.5319357139542684,2.5319357139542684,2.5319357139542684,2.5319357139542684,2.5319357139542684,2.5319357139542684,2.5319357139542684,2.5319357139542684,2.5319357139542684,2.5319357139542684,2.5319357139542684,2.5319357139542684,2.5319357139542684,2.5319357139542684,2.5319357139542684,2.5319357139542684,2.5319357139542684,2.5319357139542684,2.5319357139542684,2.5319357139542684,2.5319357139542684,2.5319357139542684,2.5319357139542684,2.5319357139542684,2.5319357139542684,2.5319357139542684,2.5319357139542684,2.5319357139542684,2.5319357139542684,2.5319357139542684,2.5319357139542684,2.5319357139542684,2.5319357139542684,2.5319357139542684,2.5319357139542684,2.5319357139542684,2.5319357139542684,2.5319357139542684,2.5319357139542684,2.5319357139542684,2.5319357139542684,2.5319357139542684,2.5319357139542684,2.5319357139542684,2.5319357139542684,2.5319357139542684,2.5319357139542684,2.5319357139542684,2.5319357139542684,2.5319357139542684,2.5319357139542684,2.5319357139542684,2.5319357139542684,2.5319357139542684,2.5319357139542684,2.5319357139542684,2.5319357139542684,2.5319357139542684,2.5319357139542684,2.5319357139542684,2.5319357139542684,2.5319357139542684,2.5319357139542684,2.5319357139542684,2.5319357139542684,2.5319357139542684,2.5319357139542684,2.5319357139542684,2.5319357139542684,2.5319357139542684,2.5319357139542684,2.5319357139542684,2.5319357139542684,2.5319357139542684,2.5319357139542684,2.5319357139542684,2.5319357139542684,2.5319357139542684,2.5319357139542684,2.5319357139542684,2.5319357139542684,2.5319357139542684,2.5319357139542684,2.5319357139542684,2.5319357139542684,2.5319357139542684,2.5319357139542684,2.5319357139542684,2.5319357139542684,2.5319357139542684,2.5319357139542684,2.5319357139542684,2.5319357139542684,2.5319357139542684,2.5319357139542684,2.5319357139542684,2.5319357139542684,2.5319357139542684,2.5319357139542684,2.5319357139542684,2.5319357139542684,2.5319357139542684,2.5319357139542684,2.5319357139542684,2.5319357139542684,2.5319357139542684,2.5319357139542684,2.5319357139542684,2.5319357139542684,2.5319357139542684,2.5319357139542684,2.5319357139542684,2.5319357139542684,2.5319357139542684,2.5319357139542684,2.5319357139542684,2.5319357139542684,2.5319357139542684,2.5319357139542684,2.5319357139542684,2.5319357139542684,2.5319357139542684,2.5319357139542684,2.5319357139542684,2.5319357139542684,2.5319357139542684,2.5319357139542684,2.5319357139542684,2.5319357139542684,2.5319357139542684,2.5319357139542684,2.5319357139542684,2.5319357139542684,2.5319357139542684,2.5319357139542684,2.5319357139542684,2.5319357139542684,2.5319357139542684,2.5319357139542684,2.5319357139542684,2.5319357139542684,2.5319357139542684,2.5319357139542684,2.5319357139542684,2.5319357139542684,2.5319357139542684,2.5319357139542684,2.5319357139542684,2.5319357139542684,2.5319357139542684,2.5319357139542684,2.5319357139542684,2.5319357139542684,2.5319357139542684,2.5319357139542684,2.5319357139542684,2.5319357139542684,2.5319357139542684,2.5319357139542684,2.5319357139542684,2.5319357139542684,2.5319357139542684,2.5319357139542684,2.5319357139542684,2.5319357139542684,2.5319357139542684,2.5319357139542684,2.5319357139542684,2.5319357139542684,2.5319357139542684,2.5319357139542684,2.5319357139542684,2.5319357139542684,2.5319357139542684,2.5319357139542684,2.5319357139542684,2.5319357139542684,2.5319357139542684,2.5319357139542684,2.5319357139542684,2.5319357139542684,2.5319357139542684,2.5319357139542684,2.5319357139542684,2.5319357139542684,2.5319357139542684,2.5319357139542684,2.5319357139542684,2.5319357139542684,2.5319357139542684,2.5319357139542684,2.5319357139542684,2.5319357139542684,2.5319357139542684,2.5319357139542684,2.5319357139542684,2.5319357139542684,2.5319357139542684,2.5319357139542684,2.5319357139542684,2.5319357139542684,2.5319357139542684,2.5319357139542684,2.5319357139542684,2.5319357139542684,2.5319357139542684,2.5319357139542684,2.5319357139542684,2.5319357139542684,2.5319357139542684,2.5319357139542684,2.5319357139542684,2.5319357139542684,2.5319357139542684,2.5319357139542684,2.5319357139542684,2.5319357139542684,2.5319357139542684,2.5319357139542684,2.5319357139542684,2.5319357139542684,2.5319357139542684,2.5319357139542684,2.5319357139542684,2.5319357139542684,2.5319357139542684,2.5319357139542684,2.5319357139542684,2.5319357139542684,2.5319357139542684,2.5319357139542684,2.5319357139542684,2.5319357139542684,2.5319357139542684,2.5319357139542684,2.5319357139542684,2.5319357139542684,2.5319357139542684,2.5319357139542684,2.5319357139542684,2.5319357139542684,2.5319357139542684,2.5319357139542684,2.5319357139542684,2.5319357139542684,2.5319357139542684,2.5319357139542684,2.5319357139542684,2.5319357139542684,2.5319357139542684,2.5319357139542684,2.5319357139542684,2.5319357139542684,2.5319357139542684,2.5319357139542684,2.5319357139542684,2.5319357139542684,2.5319357139542684,2.5319357139542684,2.5319357139542684,2.5319357139542684,2.5319357139542684,2.5319357139542684,2.5319357139542684,2.5319357139542684,2.5319357139542684,2.5319357139542684,2.5319357139542684,2.5319357139542684,2.5319357139542684,2.5319357139542684,2.5319357139542684,2.5319357139542684,2.5319357139542684,2.5319357139542684,2.5319357139542684,2.5319357139542684,2.5319357139542684,2.5319357139542684,2.5319357139542684,2.5319357139542684,2.5319357139542684,2.5319357139542684,2.5319357139542684,2.5319357139542684,2.5319357139542684,2.5319357139542684,2.5319357139542684,2.5319357139542684,2.5319357139542684,2.5319357139542684,2.5319357139542684,2.5319357139542684,2.5319357139542684,2.5319357139542684,2.5319357139542684,2.5319357139542684,2.5319357139542684,2.5319357139542684,2.5319357139542684,2.5319357139542684,2.5319357139542684,2.5319357139542684,2.5319357139542684,2.5319357139542684,2.5319357139542684,2.5319357139542684,2.5319357139542684,2.5319357139542684,2.5319357139542684,2.5319357139542684,2.5319357139542684,2.5319357139542684,2.5319357139542684,2.5319357139542684,2.5319357139542684,2.5319357139542684,2.5319357139542684,2.5319357139542684,2.5319357139542684,2.5319357139542684,2.5319357139542684,2.5319357139542684,2.5319357139542684,2.5319357139542684,2.5319357139542684,2.5319357139542684,2.5319357139542684,2.5319357139542684,2.5319357139542684,2.5319357139542684,2.5319357139542684,2.5319357139542684,2.5319357139542684,2.5319357139542684,2.5319357139542684,2.5319357139542684,2.5319357139542684,2.5319357139542684,2.5319357139542684,2.5319357139542684,2.5319357139542684,2.5319357139542684,2.5319357139542684,2.5319357139542684,2.5319357139542684,2.5319357139542684,2.5319357139542684,2.5319357139542684,2.5319357139542684,2.5319357139542684,2.5319357139542684,2.5319357139542684,2.5319357139542684,2.5319357139542684,2.5319357139542684,2.5319357139542684,2.5319357139542684,2.5319357139542684,2.5319357139542684,2.5319357139542684,2.5319357139542684,2.5319357139542684,2.5319357139542684,2.5319357139542684,2.5319357139542684,2.5319357139542684,2.5319357139542684,2.5319357139542684,2.5319357139542684,2.5319357139542684,6.461937547812593,6.461937547812593,6.461937547812593,5.879099173354387,5.879099173354387,5.879099173354387,5.879099173354387,5.879099173354387,5.879099173354387,5.879099173354387,5.879099173354387,5.867556856449725,5.642265510102517,5.642265510102517,5.642265510102517,5.642265510102517,5.369448963387968,5.369448963387968,5.369448963387968,5.369448963387968,5.369448963387968,5.369448963387968,5.369448963387968,5.369448963387968,5.369448963387968,5.369448963387968,5.369448963387968,5.369448963387968,5.369448963387968,5.369448963387968,5.369448963387968,5.369448963387968,5.36468971817592,5.36468971817592,5.36468971817592,5.273072576185072,5.273072576185072,5.273072576185072,5.273072576185072,5.273072576185072,5.273072576185072,5.273072576185072,4.298352327587971,4.298352327587971,4.298352327587971,4.054874027397797,4.054874027397797,4.054874027397797,4.054874027397797,4.054874027397797,4.054874027397797,4.054874027397797,4.054874027397797,3.9904733596034196,3.8121157478127237,3.8121157478127237,3.8121157478127237,3.8121157478127237,3.8121157478127237,3.8121157478127237,3.8121157478127237,3.8121157478127237,3.8121157478127237,3.8121157478127237,3.8121157478127237,3.8121157478127237,3.8121157478127237,3.8121157478127237,3.8121157478127237,3.8121157478127237,3.8121157478127237,3.8121157478127237,3.8121157478127237,3.8121157478127237,3.8121157478127237,3.8121157478127237,3.8121157478127237,3.8121157478127237,3.8121157478127237,3.8121157478127237,3.8121157478127237,3.8121157478127237,3.8121157478127237,3.8121157478127237,3.8121157478127237,3.8121157478127237,3.8121157478127237,3.8121157478127237,3.8121157478127237,3.8121157478127237,3.8121157478127237,3.8121157478127237,3.8121157478127237,3.8121157478127237,3.8121157478127237,3.8121157478127237,3.8121157478127237,3.8121157478127237,3.8121157478127237,3.8121157478127237,3.8121157478127237,3.8121157478127237,3.8121157478127237,3.8121157478127237,3.8121157478127237,3.8121157478127237,3.8121157478127237,3.8121157478127237,3.8121157478127237,3.8121157478127237,3.8121157478127237,3.8121157478127237,3.8121157478127237,3.8121157478127237,3.8121157478127237,3.8121157478127237,3.8121157478127237,3.8121157478127237,3.8121157478127237,3.8121157478127237,3.8121157478127237,3.8121157478127237,3.8121157478127237,3.8121157478127237,3.8121157478127237,3.8121157478127237,3.8121157478127237,3.8121157478127237,3.8121157478127237,3.8121157478127237,3.8121157478127237,3.8121157478127237,3.8121157478127237,3.8121157478127237,3.8121157478127237,3.8121157478127237,3.8121157478127237,3.8121157478127237,3.8121157478127237,3.8121157478127237,3.8121157478127237,3.8121157478127237,3.8121157478127237,3.8121157478127237,3.8121157478127237,3.8121157478127237,3.8121157478127237,3.8121157478127237,3.8121157478127237,3.8121157478127237,3.8121157478127237,3.8121157478127237,3.8121157478127237,3.8121157478127237,3.8121157478127237,3.8121157478127237,3.8121157478127237,3.8121157478127237,3.8121157478127237,3.8121157478127237,3.8121157478127237,3.8121157478127237,3.8121157478127237,3.8121157478127237,3.8121157478127237,3.8121157478127237,3.8121157478127237,3.8121157478127237,3.8121157478127237,3.8121157478127237,3.8121157478127237,3.8121157478127237,3.8121157478127237,3.8121157478127237,3.8121157478127237,3.8121157478127237,3.8121157478127237,3.8121157478127237,3.8121157478127237,3.8121157478127237,3.8121157478127237,3.8121157478127237,3.8121157478127237,3.8121157478127237,3.8121157478127237,3.8121157478127237,3.8121157478127237,3.8121157478127237,3.8121157478127237,3.8121157478127237,3.8121157478127237,3.8121157478127237,3.8121157478127237,3.8121157478127237,3.8121157478127237,3.8121157478127237,3.8121157478127237,3.8121157478127237,3.8121157478127237,3.8121157478127237,3.8121157478127237,3.8121157478127237,3.8121157478127237,3.8121157478127237,3.8121157478127237,3.8121157478127237,3.8121157478127237,3.8121157478127237,3.8121157478127237,3.8121157478127237,3.8121157478127237,3.8121157478127237,3.8121157478127237,3.8121157478127237,3.8121157478127237,3.8121157478127237,3.8121157478127237,3.8121157478127237,3.8121157478127237,3.8121157478127237,3.8121157478127237,3.8121157478127237,3.8121157478127237,3.8121157478127237,3.8121157478127237,3.8121157478127237,3.8121157478127237,3.8121157478127237,3.8121157478127237,3.8121157478127237,3.8121157478127237,3.8121157478127237,3.8121157478127237,3.8121157478127237,3.8121157478127237,3.8121157478127237,3.8121157478127237,3.8121157478127237,3.8121157478127237,3.8121157478127237,3.8121157478127237,3.8121157478127237,3.8121157478127237,3.8121157478127237,3.8121157478127237,3.8121157478127237,3.8121157478127237,3.8121157478127237,3.8121157478127237,3.8121157478127237,3.8121157478127237,3.8121157478127237,3.8121157478127237,3.8121157478127237,3.8121157478127237,3.8121157478127237,3.8121157478127237,3.8121157478127237,3.8121157478127237,3.8121157478127237,3.8121157478127237,3.8121157478127237,3.8121157478127237,3.8121157478127237,3.8121157478127237,3.8121157478127237,3.8121157478127237,3.8121157478127237,3.8121157478127237,3.8121157478127237,3.8121157478127237,3.8121157478127237,3.8121157478127237,3.8121157478127237,3.8121157478127237,3.8121157478127237,3.8121157478127237,3.8121157478127237,3.8121157478127237,3.8121157478127237,3.8121157478127237,3.8121157478127237,3.8121157478127237,3.8121157478127237,3.8121157478127237,3.8121157478127237,3.8121157478127237,3.8121157478127237,3.8121157478127237,3.8121157478127237,3.8121157478127237,3.8121157478127237,3.8121157478127237,3.8121157478127237,3.8121157478127237,3.8121157478127237,3.8121157478127237,3.8121157478127237,3.8121157478127237,3.8121157478127237,3.8121157478127237,3.8121157478127237,3.8121157478127237,3.8121157478127237,3.8121157478127237,3.8121157478127237,3.8121157478127237,3.8121157478127237,3.8121157478127237,3.8121157478127237,3.8121157478127237,3.8121157478127237,3.8121157478127237,3.8121157478127237,3.8121157478127237,3.8121157478127237,3.8121157478127237,3.8121157478127237,3.8121157478127237,3.8121157478127237,3.8121157478127237,3.8121157478127237,3.8121157478127237,3.8121157478127237,3.8121157478127237,3.8121157478127237,3.8121157478127237,3.8121157478127237,3.8121157478127237,3.8121157478127237,3.8121157478127237,3.8121157478127237,3.8121157478127237,3.8121157478127237,3.8121157478127237,3.8121157478127237,3.8121157478127237,3.8121157478127237,3.8121157478127237,3.8121157478127237,3.8121157478127237,3.8121157478127237,3.8121157478127237,3.8121157478127237,3.8121157478127237,3.8121157478127237,3.8121157478127237,3.8121157478127237,3.8121157478127237,3.8121157478127237,3.8121157478127237,3.8121157478127237,3.8121157478127237,3.8121157478127237,3.8121157478127237,3.8121157478127237,3.8121157478127237,3.8121157478127237,3.8121157478127237,3.8121157478127237,3.8121157478127237,3.8121157478127237,3.8121157478127237,3.8121157478127237,3.8121157478127237,3.8121157478127237,3.8121157478127237,3.8121157478127237,3.8121157478127237,3.8121157478127237,3.8121157478127237,3.8121157478127237,3.8121157478127237,3.8121157478127237,3.8121157478127237,3.8121157478127237,3.8121157478127237,3.8121157478127237,3.8121157478127237,3.8121157478127237,3.8121157478127237,3.8121157478127237,3.8121157478127237,3.8121157478127237,3.8121157478127237,3.8121157478127237,3.8121157478127237,3.8121157478127237,3.8121157478127237,3.8121157478127237,3.8121157478127237,3.8121157478127237,3.8121157478127237,3.6018498881786702,3.6018498881786702,3.6018498881786702,3.6018498881786702,3.6018498881786702,3.6018498881786702,3.6018498881786702,3.6018498881786702,3.6018498881786702,3.6018498881786702,3.6018498881786702,3.6018498881786702,3.6018498881786702,3.6018498881786702,3.6018498881786702,3.6018498881786702,3.6018498881786702,3.6018498881786702,3.6018498881786702,3.6018498881786702,3.6018498881786702,3.6018498881786702,3.6018498881786702,3.6018498881786702,3.6018498881786702,3.6018498881786702,3.6018498881786702,3.6018498881786702,3.6018498881786702,3.6018498881786702,3.6018498881786702,3.6018498881786702,3.6018498881786702,3.6018498881786702,3.6018498881786702,3.6018498881786702,3.6018498881786702,3.6018498881786702,3.6018498881786702,3.6018498881786702,3.6018498881786702,3.6018498881786702,3.6018498881786702,3.6018498881786702,3.6018498881786702,3.6018498881786702,3.6018498881786702,3.6018498881786702,3.6018498881786702,3.6018498881786702,3.6018498881786702,3.6018498881786702,3.6018498881786702,3.6018498881786702,3.6018498881786702,3.6018498881786702,3.6018498881786702,3.6018498881786702,3.6018498881786702,3.6018498881786702,3.6018498881786702,3.6018498881786702,3.6018498881786702,3.6018498881786702,3.6018498881786702,3.6018498881786702,3.6018498881786702,3.6018498881786702,3.6018498881786702,3.6018498881786702,3.6018498881786702,3.6018498881786702,3.6018498881786702,3.6018498881786702,3.6018498881786702,3.6018498881786702,3.6018498881786702,3.6018498881786702,3.6018498881786702,3.6018498881786702,3.6018498881786702,3.6018498881786702,3.6018498881786702,3.6018498881786702,3.6018498881786702,3.6018498881786702,3.6018498881786702,3.6018498881786702,3.6018498881786702,3.6018498881786702,3.6018498881786702,3.6018498881786702,3.6018498881786702,3.6018498881786702,3.6018498881786702,3.6018498881786702,3.6018498881786702,3.6018498881786702,3.6018498881786702,3.6018498881786702,3.6018498881786702,3.6018498881786702,3.6018498881786702,3.6018498881786702,3.6018498881786702,3.6018498881786702,3.6018498881786702,3.6018498881786702,3.6018498881786702,3.6018498881786702,3.6018498881786702,3.6018498881786702,3.6018498881786702,3.6018498881786702,3.6018498881786702,3.6018498881786702,3.6018498881786702,3.6018498881786702,3.6018498881786702,3.6018498881786702,3.6018498881786702,3.6018498881786702,3.6018498881786702,3.6018498881786702,3.6018498881786702,3.6018498881786702,3.6018498881786702,3.6018498881786702,3.6018498881786702,3.6018498881786702,3.6018498881786702,3.6018498881786702,3.6018498881786702,3.6018498881786702,3.6018498881786702,3.6018498881786702,3.6018498881786702,3.6018498881786702,3.6018498881786702,3.6018498881786702,3.6018498881786702,3.6018498881786702,3.6018498881786702,3.6018498881786702,3.6018498881786702,3.6018498881786702,3.6018498881786702,3.6018498881786702,3.6018498881786702,3.6018498881786702,3.6018498881786702,3.6018498881786702,3.6018498881786702,3.6018498881786702,3.6018498881786702,3.6018498881786702,3.6018498881786702,3.6018498881786702,3.6018498881786702,3.6018498881786702,3.6018498881786702,3.6018498881786702,3.6018498881786702,3.6018498881786702,3.6018498881786702,3.6018498881786702,3.6018498881786702,3.6018498881786702,3.6018498881786702,3.6018498881786702,3.6018498881786702,3.6018498881786702,3.6018498881786702,3.6018498881786702,3.6018498881786702,3.6018498881786702,3.6018498881786702,3.6018498881786702,3.6018498881786702,3.6018498881786702,3.6018498881786702,3.6018498881786702,3.6018498881786702,3.6018498881786702,3.6018498881786702,3.6018498881786702,3.6018498881786702,3.6018498881786702,3.6018498881786702,3.6018498881786702,3.6018498881786702,3.6018498881786702,3.6018498881786702,3.6018498881786702,3.6018498881786702,3.6018498881786702,3.6018498881786702,3.6018498881786702,3.6018498881786702,3.6018498881786702,3.6018498881786702,3.6018498881786702,3.6018498881786702,3.6018498881786702,3.6018498881786702,3.6018498881786702,3.6018498881786702,3.6018498881786702,3.6018498881786702,3.6018498881786702,3.6018498881786702,3.6018498881786702,3.6018498881786702,3.6018498881786702,3.6018498881786702,3.6018498881786702,3.6018498881786702,3.6018498881786702,3.6018498881786702,3.6018498881786702,3.6018498881786702,3.6018498881786702,3.6018498881786702,3.6018498881786702,3.6018498881786702,3.6018498881786702,3.6018498881786702,3.6018498881786702,3.6018498881786702,3.6018498881786702,3.6018498881786702,3.6018498881786702,3.6018498881786702,3.6018498881786702,3.6018498881786702,3.6018498881786702,3.6018498881786702,3.6018498881786702,3.6018498881786702,3.6018498881786702,3.6018498881786702,3.6018498881786702,3.6018498881786702,3.6018498881786702,3.6018498881786702,3.6018498881786702,3.6018498881786702,3.6018498881786702,3.6018498881786702,3.6018498881786702,3.6018498881786702,3.6018498881786702,3.6018498881786702,3.6018498881786702,3.6018498881786702,3.6018498881786702,3.6018498881786702,3.6018498881786702,3.6018498881786702,3.6018498881786702,3.6018498881786702,3.6018498881786702,3.6018498881786702,3.6018498881786702,3.6018498881786702,3.6018498881786702,3.6018498881786702,3.6018498881786702,3.6018498881786702,3.6018498881786702,3.6018498881786702,3.6018498881786702,3.6018498881786702,3.6018498881786702,3.6018498881786702,3.6018498881786702,3.6018498881786702,3.6018498881786702,3.6018498881786702,3.6018498881786702,3.6018498881786702,3.6018498881786702,3.6018498881786702,3.6018498881786702,3.6018498881786702,3.6018498881786702,3.6018498881786702,3.6018498881786702,3.6018498881786702,3.6018498881786702,3.6018498881786702,3.6018498881786702,3.6018498881786702,3.6018498881786702,3.6018498881786702,3.6018498881786702,3.6018498881786702,3.6018498881786702,3.6018498881786702,3.6018498881786702,3.6018498881786702,3.6018498881786702,3.6018498881786702,3.6018498881786702,3.6018498881786702,3.6018498881786702,3.6018498881786702,3.6018498881786702,3.6018498881786702,3.6018498881786702,3.6018498881786702,3.6018498881786702,3.6018498881786702,3.6018498881786702,3.6018498881786702,3.6018498881786702,3.6018498881786702,3.6018498881786702,3.6018498881786702,3.6018498881786702,3.6018498881786702,3.6018498881786702,3.6018498881786702,3.6018498881786702,3.6018498881786702,3.6018498881786702,3.6018498881786702,3.6018498881786702,3.6018498881786702,3.6018498881786702,3.6018498881786702,3.6018498881786702,3.6018498881786702,3.6018498881786702,3.6018498881786702,3.6018498881786702,3.6018498881786702,3.6018498881786702,3.6018498881786702,3.6018498881786702,3.6018498881786702,3.6018498881786702,3.6018498881786702,3.6018498881786702,3.6018498881786702,3.6018498881786702,3.6018498881786702,3.6018498881786702,3.6018498881786702,3.6018498881786702,3.6018498881786702,3.6018498881786702,3.6018498881786702,3.6018498881786702,3.6018498881786702,3.6018498881786702,3.6018498881786702,3.6018498881786702,3.6018498881786702,3.6018498881786702,3.6018498881786702,3.6018498881786702,3.6018498881786702,3.6018498881786702,3.6018498881786702,3.6018498881786702,3.6018498881786702,3.6018498881786702,3.6018498881786702,3.6018498881786702,3.6018498881786702,3.6018498881786702,3.6018498881786702,3.6018498881786702,3.6018498881786702,3.6018498881786702,3.6018498881786702,3.6018498881786702,3.6018498881786702,3.6018498881786702,3.6018498881786702,3.6018498881786702,3.6018498881786702,3.6018498881786702,3.6018498881786702,3.6018498881786702,3.6018498881786702,3.6018498881786702,3.6018498881786702,3.6018498881786702,3.6018498881786702,3.6018498881786702,3.6018498881786702,3.6018498881786702,3.6018498881786702,3.6018498881786702,3.6018498881786702,3.6018498881786702,3.6018498881786702,3.6018498881786702,3.6018498881786702,3.6018498881786702,3.6018498881786702,3.6018498881786702,3.6018498881786702,3.6018498881786702,3.6018498881786702,3.6018498881786702,3.6018498881786702,3.6018498881786702,3.6018498881786702,3.6018498881786702,3.6018498881786702,3.6018498881786702,3.6018498881786702,3.6018498881786702,3.6018498881786702,3.6018498881786702,3.6018498881786702,3.6018498881786702,3.6018498881786702,3.6018498881786702,3.6018498881786702,3.6018498881786702,3.6018498881786702,3.6018498881786702,3.6018498881786702,3.6018498881786702,3.6018498881786702,3.6018498881786702,3.6018498881786702,3.6018498881786702,3.6018498881786702,3.6018498881786702,3.6018498881786702,3.6018498881786702,3.6018498881786702,3.6018498881786702,3.6018498881786702,3.6018498881786702,3.6018498881786702,3.6018498881786702,3.6018498881786702,3.6018498881786702,3.6018498881786702,3.6018498881786702,3.6018498881786702,3.6018498881786702,3.6018498881786702,3.6018498881786702,3.6018498881786702,3.6018498881786702,3.6018498881786702,3.6018498881786702,3.6018498881786702,3.6018498881786702,3.6018498881786702,3.6018498881786702,3.6018498881786702,3.6018498881786702,3.6018498881786702,3.6018498881786702,3.6018498881786702,3.6018498881786702,3.6018498881786702,3.6018498881786702,3.6018498881786702,3.6018498881786702,3.6018498881786702,3.6018498881786702,3.6018498881786702,3.6018498881786702,3.6018498881786702,3.6018498881786702,3.6018498881786702,3.6018498881786702,3.6018498881786702,3.6018498881786702,3.6018498881786702,3.6018498881786702,3.6018498881786702,3.6018498881786702,3.6018498881786702,3.6018498881786702,3.6018498881786702,3.6018498881786702,3.6018498881786702,3.6018498881786702,3.6018498881786702,3.6018498881786702,3.6018498881786702,3.6018498881786702,3.6018498881786702,3.6018498881786702,3.6018498881786702,3.6018498881786702,3.6018498881786702,3.6018498881786702,3.6018498881786702,3.6018498881786702,3.6018498881786702,3.6018498881786702,3.6018498881786702,3.6018498881786702,3.6018498881786702,3.6018498881786702,3.6018498881786702,3.6018498881786702,3.6018498881786702,3.6018498881786702,3.6018498881786702,3.6018498881786702,3.6018498881786702,3.6018498881786702,3.6018498881786702,3.6018498881786702,3.6018498881786702,3.6018498881786702,3.6018498881786702,3.6018498881786702,3.6018498881786702,3.6018498881786702,3.6018498881786702,3.6018498881786702,3.6018498881786702,3.6018498881786702,3.6018498881786702,3.6018498881786702,3.6018498881786702,3.6018498881786702,3.6018498881786702,3.6018498881786702,3.6018498881786702,3.6018498881786702,3.6018498881786702,3.6018498881786702,3.6018498881786702,3.6018498881786702,3.6018498881786702,3.6018498881786702,3.6018498881786702,3.6018498881786702,3.6018498881786702,3.6018498881786702,3.6018498881786702,3.6018498881786702,3.6018498881786702,3.6018498881786702,3.6018498881786702,3.6018498881786702,3.6018498881786702,3.6018498881786702,3.6018498881786702,3.6018498881786702,3.6018498881786702,3.6018498881786702,3.6018498881786702,3.6018498881786702,3.6018498881786702,3.6018498881786702,3.6018498881786702,3.6018498881786702,3.6018498881786702,3.6018498881786702,3.6018498881786702,3.6018498881786702,3.6018498881786702,3.6018498881786702,3.6018498881786702,3.6018498881786702,3.6018498881786702,3.6018498881786702,3.6018498881786702,3.6018498881786702,3.6018498881786702,3.6018498881786702,3.6018498881786702,3.6018498881786702,3.6018498881786702,3.6018498881786702,3.6018498881786702,3.6018498881786702,3.6018498881786702,3.6018498881786702,3.6018498881786702,3.6018498881786702,3.6018498881786702,3.6018498881786702,3.6018498881786702,3.6018498881786702,3.6018498881786702,3.6018498881786702,3.6018498881786702,3.6018498881786702,3.6018498881786702,3.6018498881786702,3.6018498881786702,3.6018498881786702,3.6018498881786702,3.6018498881786702,3.6018498881786702,3.6018498881786702,3.6018498881786702,3.6018498881786702,3.6018498881786702,3.6018498881786702,3.6018498881786702,6.919276650765777,6.919276650765777,6.7662502461419685,6.7662502461419685,6.7662502461419685,6.592266447420995,6.592266447420995,6.592266447420995,6.592266447420995,6.592266447420995,6.592266447420995,6.592266447420995,6.261895352595545,6.261895352595545,6.261895352595545,6.261895352595545,6.261895352595545,6.261895352595545,6.261895352595545,6.261895352595545,6.261895352595545,6.261895352595545,6.261895352595545,5.541639107684921,5.541639107684921,5.541639107684921,5.541639107684921,5.541639107684921,5.541639107684921,5.541639107684921,5.541639107684921,5.541639107684921,5.541639107684921,5.541639107684921,5.541639107684921,5.541639107684921,5.541639107684921,5.541639107684921,5.541639107684921,5.541639107684921,5.541639107684921,5.541639107684921,5.541639107684921,5.541639107684921,5.541639107684921,5.541639107684921,5.541639107684921,5.541639107684921,5.541639107684921,5.541639107684921,5.541639107684921,5.541639107684921,5.541639107684921,5.541639107684921,5.541639107684921,5.541639107684921,5.541639107684921,5.541639107684921,5.541639107684921,5.541639107684921,5.541639107684921,5.541639107684921,5.541639107684921,5.541639107684921,5.541639107684921,5.541639107684921,5.541639107684921,5.541639107684921,5.541639107684921,5.541639107684921,5.541639107684921,5.541639107684921,5.541639107684921,5.541639107684921,5.541639107684921,5.541639107684921,5.541639107684921,5.541639107684921,5.541639107684921,5.541639107684921,5.541639107684921,5.541639107684921,5.541639107684921,5.541639107684921,5.541639107684921,5.541639107684921,5.541639107684921,5.541639107684921,5.541639107684921,5.541639107684921,5.541639107684921,5.541639107684921,5.541639107684921,5.541639107684921,5.541639107684921,5.541639107684921,5.541639107684921,5.541639107684921,5.541639107684921,5.541639107684921,5.541639107684921,5.541639107684921,5.541639107684921,5.541639107684921,5.541639107684921,5.541639107684921,5.541639107684921,5.541639107684921,5.541639107684921,5.541639107684921,5.541639107684921,5.541639107684921,5.541639107684921,5.541639107684921,5.541639107684921,5.541639107684921,5.541639107684921,5.541639107684921,5.541639107684921,5.541639107684921,5.541639107684921,5.541639107684921,5.541639107684921,5.541639107684921,5.541639107684921,5.541639107684921,5.541639107684921,5.541639107684921,5.541639107684921,5.541639107684921,5.541639107684921,5.541639107684921,5.541639107684921,5.541639107684921,5.541639107684921,5.541639107684921,5.541639107684921,5.541639107684921,5.541639107684921,5.541639107684921,5.541639107684921,5.541639107684921,5.541639107684921,5.541639107684921,5.541639107684921,5.390928192258006,5.390928192258006,5.390928192258006,5.390928192258006,5.390928192258006,5.390928192258006,5.390928192258006,5.390928192258006,5.390928192258006,5.390928192258006,5.390928192258006,5.390928192258006,5.298843925891922,5.298843925891922,5.298843925891922,5.298843925891922,5.298843925891922,5.298843925891922,5.298843925891922,5.298843925891922,5.298843925891922,5.298843925891922,5.298843925891922,5.298843925891922,5.298843925891922,5.298843925891922,5.298843925891922,5.298843925891922,5.298843925891922,5.298843925891922,5.298843925891922,5.298843925891922,5.298843925891922,5.298843925891922,5.298843925891922,5.298843925891922,5.298843925891922,5.298843925891922,5.298843925891922,5.298843925891922,5.298843925891922,5.298843925891922,5.298843925891922,5.298843925891922,5.298843925891922,5.298843925891922,5.298843925891922,5.298843925891922,5.298843925891922,5.298843925891922,5.298843925891922,5.298843925891922,5.298843925891922,5.298843925891922,5.298843925891922,5.298843925891922,5.298843925891922,5.298843925891922,5.298843925891922,5.298843925891922,5.298843925891922,5.298843925891922,5.298843925891922,5.298843925891922,5.298843925891922,5.298843925891922,5.298843925891922,5.298843925891922,5.298843925891922,5.298843925891922,5.298843925891922,5.298843925891922,5.298843925891922,5.298843925891922,5.298843925891922,5.298843925891922,5.298843925891922,5.298843925891922,5.298843925891922,5.298843925891922,5.298843925891922,5.298843925891922,5.298843925891922,5.298843925891922,5.298843925891922,5.298843925891922,5.298843925891922,5.298843925891922,5.298843925891922,5.298843925891922,5.298843925891922,5.298843925891922,5.298843925891922,5.298843925891922,5.298843925891922,5.298843925891922,5.298843925891922,5.298843925891922,5.298843925891922,5.298843925891922,5.298843925891922,5.298843925891922,5.298843925891922,5.298843925891922,5.298843925891922,5.298843925891922,5.298843925891922,5.298843925891922,5.298843925891922,5.298843925891922,5.298843925891922,5.298843925891922,5.298843925891922,5.298843925891922,5.298843925891922,5.298843925891922,5.298843925891922,5.298843925891922,5.298843925891922,5.298843925891922,5.298843925891922,5.298843925891922,5.298843925891922,5.298843925891922,5.298843925891922,5.298843925891922,5.298843925891922,5.298843925891922,5.298843925891922,5.298843925891922,5.298843925891922,5.298843925891922,5.298843925891922,5.298843925891922,5.298843925891922,5.298843925891922,5.298843925891922,5.298843925891922,5.298843925891922,5.298843925891922,5.298843925891922,5.298843925891922,5.298843925891922,5.298843925891922,5.298843925891922,5.298843925891922,5.298843925891922,5.298843925891922,5.298843925891922,5.298843925891922,5.298843925891922,5.298843925891922,5.298843925891922,5.298843925891922,5.298843925891922,5.298843925891922,5.298843925891922,5.298843925891922,5.298843925891922,5.298843925891922,5.298843925891922,5.298843925891922,5.298843925891922,5.298843925891922,5.298843925891922,5.298843925891922,5.298843925891922,5.298843925891922,5.298843925891922,5.298843925891922,5.298843925891922,5.298843925891922,5.298843925891922,5.298843925891922,5.298843925891922,5.298843925891922,5.298843925891922,5.298843925891922,5.298843925891922,5.298843925891922,5.298843925891922,5.298843925891922,5.298843925891922,5.298843925891922,5.298843925891922,5.298843925891922,5.298843925891922,5.298843925891922,5.298843925891922,5.298843925891922,5.298843925891922,5.298843925891922,5.298843925891922,5.298843925891922,5.298843925891922,5.298843925891922,5.298843925891922,5.298843925891922,5.298843925891922,5.298843925891922,5.298843925891922,5.298843925891922,5.298843925891922,5.298843925891922,5.298843925891922,5.298843925891922,5.298843925891922,5.298843925891922,5.298843925891922,5.298843925891922,5.298843925891922,5.298843925891922,5.298843925891922,5.298843925891922,5.298843925891922,5.298843925891922,5.298843925891922,5.298843925891922,5.298843925891922,5.298843925891922,5.298843925891922,5.298843925891922,5.298843925891922,5.298843925891922,5.298843925891922,5.298843925891922,5.298843925891922,5.298843925891922,5.298843925891922,5.298843925891922,5.298843925891922,5.298843925891922,5.298843925891922,5.298843925891922,5.298843925891922,5.298843925891922,5.298843925891922,5.298843925891922,5.298843925891922,5.298843925891922,5.298843925891922,5.298843925891922,5.298843925891922,5.298843925891922,5.298843925891922,5.298843925891922,5.298843925891922,5.298843925891922,5.298843925891922,5.298843925891922,5.298843925891922,5.298843925891922,5.298843925891922,5.298843925891922,5.298843925891922,5.298843925891922,5.298843925891922,5.298843925891922,5.298843925891922,5.298843925891922,5.298843925891922,5.298843925891922,5.298843925891922,5.298843925891922,5.298843925891922,5.298843925891922,5.298843925891922,5.298843925891922,5.298843925891922,5.298843925891922,5.298843925891922,5.298843925891922,5.298843925891922,5.298843925891922,5.298843925891922,5.298843925891922,5.298843925891922,5.298843925891922,5.298843925891922,5.298843925891922,5.298843925891922,5.298843925891922,5.298843925891922,5.298843925891922,5.298843925891922,5.298843925891922,5.298843925891922,5.298843925891922,5.298843925891922,5.298843925891922,5.298843925891922,5.298843925891922,5.298843925891922,5.298843925891922,5.298843925891922,5.298843925891922,5.298843925891922,5.298843925891922,5.298843925891922,5.298843925891922,5.298843925891922,5.298843925891922,5.298843925891922,5.298843925891922,5.298843925891922,5.298843925891922,5.298843925891922,5.298843925891922,5.298843925891922,5.298843925891922,5.298843925891922,5.298843925891922,5.298843925891922,5.298843925891922,5.298843925891922,5.298843925891922,5.298843925891922,5.298843925891922,5.298843925891922,5.298843925891922,5.298843925891922,5.298843925891922,5.298843925891922,5.298843925891922,5.298843925891922,5.298843925891922,5.298843925891922,5.298843925891922,5.298843925891922,5.298843925891922,5.298843925891922,4.935223826968102,4.935223826968102,4.935223826968102,4.935223826968102,4.935223826968102,4.935223826968102,4.935223826968102,4.935223826968102,4.935223826968102,4.061165662332943,4.061165662332943,4.061165662332943,4.061165662332943,4.061165662332943,4.061165662332943,4.061165662332943,4.061165662332943,4.061165662332943,4.061165662332943,4.061165662332943,4.061165662332943,4.061165662332943,4.061165662332943,4.061165662332943,4.061165662332943,4.061165662332943,4.061165662332943,4.061165662332943,4.061165662332943,4.061165662332943,4.061165662332943,4.061165662332943,4.061165662332943,4.061165662332943,4.061165662332943,4.061165662332943,4.061165662332943,4.061165662332943,4.061165662332943,4.061165662332943,4.061165662332943,4.061165662332943,4.061165662332943,4.061165662332943,4.061165662332943,4.061165662332943,4.061165662332943,4.061165662332943,4.061165662332943,4.061165662332943,4.061165662332943,4.061165662332943,4.061165662332943,4.061165662332943,4.061165662332943,4.061165662332943,4.061165662332943,4.061165662332943,4.061165662332943,4.061165662332943,4.061165662332943,4.061165662332943,4.061165662332943,4.061165662332943,4.061165662332943,4.061165662332943,4.061165662332943,4.061165662332943,4.061165662332943,4.061165662332943,4.061165662332943,4.061165662332943,4.061165662332943,4.061165662332943,4.061165662332943,4.061165662332943,4.061165662332943,4.061165662332943,4.061165662332943,4.061165662332943,4.061165662332943,4.061165662332943,4.061165662332943,4.061165662332943,4.061165662332943,4.061165662332943,4.061165662332943,4.061165662332943,4.061165662332943,4.061165662332943,4.061165662332943,4.061165662332943,4.061165662332943,4.061165662332943,4.061165662332943,4.061165662332943,4.061165662332943,4.061165662332943,4.061165662332943,4.061165662332943,4.061165662332943,4.061165662332943,4.061165662332943,4.061165662332943,4.061165662332943,4.061165662332943,4.061165662332943,4.061165662332943,4.061165662332943,4.061165662332943,4.061165662332943,4.061165662332943,4.061165662332943,4.061165662332943,4.061165662332943,4.061165662332943,4.061165662332943,4.061165662332943,4.061165662332943,4.061165662332943,4.061165662332943,4.061165662332943,4.061165662332943,4.061165662332943,4.061165662332943,4.061165662332943,4.061165662332943,4.061165662332943,4.061165662332943,4.061165662332943,4.061165662332943,4.061165662332943,4.061165662332943,4.061165662332943,4.061165662332943,4.061165662332943,4.061165662332943,4.061165662332943,4.061165662332943,4.061165662332943,4.061165662332943,4.061165662332943,4.061165662332943,4.061165662332943,3.89064973993582,3.89064973993582,3.89064973993582,3.89064973993582,3.89064973993582,3.89064973993582,3.89064973993582,3.89064973993582,3.89064973993582,3.89064973993582,3.89064973993582,3.89064973993582,3.89064973993582,3.89064973993582,3.89064973993582,3.89064973993582,3.89064973993582,3.89064973993582,3.89064973993582,3.89064973993582,3.89064973993582,3.89064973993582,3.89064973993582,3.89064973993582,3.89064973993582,3.89064973993582,3.89064973993582,3.89064973993582,3.89064973993582,3.89064973993582,3.89064973993582,3.89064973993582,3.89064973993582,3.89064973993582,3.89064973993582,3.89064973993582,3.89064973993582,3.89064973993582,3.89064973993582,3.89064973993582,3.89064973993582,3.89064973993582,3.89064973993582,3.89064973993582,3.89064973993582,3.89064973993582,3.89064973993582,3.89064973993582,3.89064973993582,3.89064973993582,3.89064973993582,3.89064973993582,3.89064973993582,3.89064973993582,3.89064973993582,3.89064973993582,3.89064973993582,3.89064973993582,3.89064973993582,3.89064973993582,3.89064973993582,3.89064973993582,3.89064973993582,3.89064973993582,3.89064973993582,3.89064973993582,3.89064973993582,3.89064973993582,3.89064973993582,3.89064973993582,3.89064973993582,3.89064973993582,3.89064973993582,3.89064973993582,3.89064973993582,3.89064973993582,3.89064973993582,3.89064973993582,3.89064973993582,3.89064973993582,3.89064973993582,3.89064973993582,3.89064973993582,3.89064973993582,3.89064973993582,3.89064973993582,3.89064973993582,3.89064973993582,3.89064973993582,3.89064973993582,3.89064973993582,3.89064973993582,3.89064973993582,3.89064973993582,3.89064973993582,3.89064973993582,3.89064973993582,3.89064973993582,3.89064973993582,3.89064973993582,3.89064973993582,3.89064973993582,3.89064973993582,3.89064973993582,3.89064973993582,3.89064973993582,3.89064973993582,3.89064973993582,3.89064973993582,3.89064973993582,3.89064973993582,3.89064973993582,3.89064973993582,3.89064973993582,3.89064973993582,3.89064973993582,3.89064973993582,3.89064973993582,3.89064973993582,3.89064973993582,3.89064973993582,3.89064973993582,3.89064973993582,3.89064973993582,3.89064973993582,3.89064973993582,3.89064973993582,3.89064973993582,3.89064973993582,3.89064973993582,3.89064973993582,3.89064973993582,3.89064973993582,3.89064973993582,3.89064973993582,3.89064973993582,3.89064973993582,3.89064973993582,3.89064973993582,3.89064973993582,3.89064973993582,3.89064973993582,3.89064973993582,3.89064973993582,3.89064973993582,3.89064973993582,3.89064973993582,3.89064973993582,3.89064973993582,3.89064973993582,3.89064973993582,3.89064973993582,3.89064973993582,3.89064973993582,3.89064973993582,3.89064973993582,3.89064973993582,3.89064973993582,3.89064973993582,3.89064973993582,3.89064973993582,3.89064973993582,3.89064973993582,3.89064973993582,3.89064973993582,3.89064973993582,3.89064973993582,3.89064973993582,3.89064973993582,3.89064973993582,3.89064973993582,3.89064973993582,3.89064973993582,3.89064973993582,3.89064973993582,3.89064973993582,3.89064973993582,3.89064973993582,3.89064973993582,3.89064973993582,3.89064973993582,3.89064973993582,3.89064973993582,3.89064973993582,3.89064973993582,3.89064973993582,3.89064973993582,3.89064973993582,3.89064973993582,3.89064973993582,3.89064973993582,3.89064973993582,3.89064973993582,3.89064973993582,3.89064973993582,3.89064973993582,3.89064973993582,3.89064973993582,3.89064973993582,3.89064973993582,3.89064973993582,3.89064973993582,3.89064973993582,3.89064973993582,3.89064973993582,3.89064973993582,3.89064973993582,3.89064973993582,3.89064973993582,3.89064973993582,3.89064973993582,3.89064973993582,3.89064973993582,3.89064973993582,3.89064973993582,3.89064973993582,3.89064973993582,3.89064973993582,3.89064973993582,3.89064973993582,3.89064973993582,3.89064973993582,3.89064973993582,3.89064973993582,3.89064973993582,3.89064973993582,3.89064973993582,3.89064973993582,3.89064973993582,3.89064973993582,3.89064973993582,3.89064973993582,3.89064973993582,3.89064973993582,3.89064973993582,3.89064973993582,3.89064973993582,3.89064973993582,3.89064973993582,3.89064973993582,3.89064973993582,3.89064973993582,3.89064973993582,3.89064973993582,3.89064973993582,3.89064973993582,3.89064973993582,3.89064973993582,3.89064973993582,3.89064973993582,3.89064973993582,3.89064973993582,3.89064973993582,3.89064973993582,3.89064973993582,3.89064973993582,3.89064973993582,3.89064973993582,3.89064973993582,3.89064973993582,3.89064973993582,3.89064973993582,3.89064973993582,3.89064973993582,3.89064973993582,3.89064973993582,3.89064973993582,3.89064973993582,3.89064973993582,3.89064973993582,3.89064973993582,3.89064973993582,3.89064973993582,3.89064973993582,3.89064973993582,3.89064973993582,3.89064973993582,3.89064973993582,3.89064973993582,3.89064973993582,3.89064973993582,3.89064973993582,3.89064973993582,3.89064973993582,3.89064973993582,3.89064973993582,3.89064973993582,3.89064973993582,3.89064973993582,3.89064973993582,3.89064973993582,3.89064973993582,3.89064973993582,3.89064973993582,3.89064973993582,3.89064973993582,3.89064973993582,3.89064973993582,3.89064973993582,3.89064973993582,3.89064973993582,3.89064973993582,3.89064973993582,3.89064973993582,3.89064973993582,3.89064973993582,3.89064973993582,3.89064973993582,3.89064973993582,3.89064973993582,3.89064973993582,3.89064973993582,3.89064973993582,3.89064973993582,3.89064973993582,3.89064973993582,3.89064973993582,3.89064973993582,3.89064973993582,3.89064973993582,3.89064973993582,3.89064973993582,3.89064973993582,3.89064973993582,3.89064973993582,3.89064973993582,3.89064973993582,3.89064973993582,3.89064973993582,3.89064973993582,3.89064973993582,3.89064973993582,3.89064973993582,3.89064973993582,3.89064973993582,3.89064973993582,3.89064973993582,3.89064973993582,3.89064973993582,3.89064973993582,3.89064973993582,3.89064973993582,3.89064973993582,3.89064973993582,3.89064973993582,3.89064973993582,3.89064973993582,3.89064973993582,3.89064973993582,3.89064973993582,3.89064973993582,3.89064973993582,3.89064973993582,3.89064973993582,3.89064973993582,3.89064973993582,3.89064973993582,3.89064973993582,3.89064973993582,3.89064973993582,3.89064973993582,3.89064973993582,3.89064973993582,3.89064973993582,3.89064973993582,3.89064973993582,3.89064973993582,3.89064973993582,3.89064973993582,3.89064973993582,3.89064973993582,3.89064973993582,3.89064973993582,3.89064973993582,3.89064973993582,3.89064973993582,3.89064973993582,3.89064973993582,3.89064973993582,3.89064973993582,7.259205713537715,7.1115568647844825,7.1115568647844825,7.1115568647844825,7.1115568647844825,7.1115568647844825,7.1115568647844825,6.34240365288624,6.34240365288624,5.986212331605965,5.986212331605965,5.958359101256627,5.958359101256627,5.958359101256627,5.958359101256627,5.958359101256627,5.958359101256627,5.958359101256627,5.641635477335956,5.641635477335956,5.641635477335956,5.641635477335956,5.641635477335956,5.641635477335956,5.641635477335956,5.641635477335956,5.641635477335956,5.641635477335956,5.641635477335956,5.641635477335956,5.641635477335956,5.641635477335956,5.641635477335956,5.641635477335956,5.641635477335956,5.641635477335956,5.641635477335956,5.641635477335956,5.641635477335956,5.641635477335956,5.641635477335956,5.641635477335956,5.641635477335956,5.641635477335956,5.641635477335956,5.641635477335956,5.002378270056455,5.002378270056455,5.002378270056455,5.002378270056455,5.002378270056455,5.002378270056455,5.002378270056455,5.002378270056455,5.002378270056455,5.002378270056455,5.002378270056455,4.847284939888987,4.847284939888987,4.847284939888987,4.847284939888987,4.847284939888987,4.847284939888987,4.847284939888987,4.847284939888987,4.847284939888987,4.847284939888987,4.847284939888987,4.847284939888987,4.847284939888987,4.847284939888987,4.847284939888987,4.847284939888987,4.847284939888987,4.847284939888987,4.847284939888987,4.847284939888987,4.847284939888987,4.847284939888987,4.847284939888987,4.847284939888987,4.847284939888987,4.847284939888987,4.847284939888987,4.847284939888987,4.847284939888987,4.847284939888987,4.847284939888987,4.847284939888987,4.847284939888987,4.847284939888987,4.847284939888987,4.847284939888987,4.847284939888987,4.847284939888987,4.847284939888987,4.847284939888987,4.847284939888987,4.847284939888987,4.847284939888987,4.847284939888987,4.847284939888987,4.847284939888987,4.847284939888987,4.847284939888987,4.847284939888987,4.847284939888987,4.847284939888987,4.847284939888987,4.847284939888987,4.847284939888987,4.847284939888987,4.847284939888987,4.847284939888987,4.847284939888987,4.847284939888987,4.847284939888987,4.847284939888987,4.847284939888987,4.847284939888987,4.847284939888987,4.847284939888987,4.847284939888987,4.847284939888987,4.847284939888987,4.847284939888987,4.847284939888987,4.847284939888987,4.847284939888987,4.847284939888987,4.847284939888987,4.847284939888987,4.847284939888987,4.847284939888987,4.847284939888987,4.847284939888987,4.847284939888987,4.847284939888987,4.847284939888987,4.847284939888987,4.554111557362343,4.554111557362343,4.554111557362343,4.554111557362343,4.554111557362343,4.554111557362343,4.554111557362343,4.554111557362343,4.554111557362343,4.554111557362343,4.415348359364044,4.415348359364044,4.415348359364044,4.415348359364044,4.415348359364044,4.415348359364044,4.415348359364044,4.415348359364044,4.415348359364044,4.415348359364044,4.415348359364044,4.415348359364044,4.415348359364044,4.415348359364044,4.415348359364044,4.415348359364044,4.415348359364044,4.284726703456547,4.284726703456547,4.284726703456547,4.284726703456547,4.284726703456547,4.284726703456547,4.284726703456547,4.284726703456547,4.284726703456547,4.284726703456547,4.284726703456547,4.284726703456547,4.284726703456547,4.284726703456547,4.284726703456547,4.284726703456547,4.284726703456547,4.284726703456547,4.284726703456547,4.284726703456547,4.284726703456547,4.284726703456547,4.284726703456547,4.284726703456547,4.284726703456547,4.284726703456547,4.284726703456547,4.284726703456547,4.284726703456547,4.284726703456547,4.284726703456547,4.284726703456547,4.284726703456547,4.284726703456547,4.284726703456547,4.284726703456547,4.284726703456547,4.284726703456547,4.284726703456547,4.284726703456547,4.284726703456547,4.284726703456547,4.284726703456547,4.284726703456547,4.284726703456547,4.284726703456547,4.284726703456547,4.284726703456547,4.284726703456547,4.284726703456547,4.284726703456547,4.284726703456547,4.284726703456547,4.284726703456547,4.284726703456547,4.284726703456547,4.284726703456547,4.284726703456547,4.284726703456547,4.284726703456547,4.284726703456547,4.284726703456547,4.284726703456547,4.284726703456547,4.284726703456547,4.284726703456547,4.284726703456547,4.284726703456547,4.284726703456547,4.284726703456547,4.284726703456547,4.284726703456547,4.284726703456547,4.284726703456547,4.284726703456547,4.284726703456547,4.284726703456547,4.284726703456547,4.284726703456547,4.284726703456547,4.284726703456547,4.284726703456547,4.284726703456547,4.284726703456547,4.284726703456547,4.284726703456547,4.284726703456547,4.284726703456547,4.284726703456547,4.284726703456547,4.284726703456547,4.284726703456547,4.284726703456547,4.284726703456547,4.284726703456547,4.284726703456547,4.284726703456547,4.284726703456547,4.284726703456547,4.284726703456547,4.284726703456547,4.284726703456547,4.284726703456547,4.284726703456547,4.284726703456547,4.284726703456547,4.284726703456547,4.284726703456547,4.284726703456547,4.284726703456547,4.284726703456547,4.284726703456547,4.284726703456547,4.284726703456547,4.284726703456547,4.284726703456547,4.284726703456547,4.284726703456547,4.284726703456547,4.284726703456547,4.284726703456547,4.284726703456547,4.284726703456547,4.284726703456547,4.284726703456547,4.284726703456547,4.284726703456547,4.284726703456547,4.284726703456547,4.284726703456547,4.284726703456547,4.284726703456547,4.284726703456547,4.284726703456547,4.284726703456547,4.284726703456547,4.284726703456547,4.284726703456547,4.284726703456547,4.284726703456547,4.284726703456547,4.284726703456547,4.284726703456547,4.284726703456547,4.284726703456547,4.284726703456547,4.284726703456547,4.284726703456547,4.284726703456547,4.284726703456547,4.284726703456547,4.284726703456547,4.284726703456547,4.284726703456547,4.284726703456547,4.284726703456547,4.284726703456547,4.284726703456547,4.284726703456547,4.284726703456547,4.284726703456547,4.284726703456547,4.284726703456547,4.284726703456547,4.284726703456547,4.284726703456547,4.284726703456547,4.284726703456547,4.284726703456547,4.284726703456547,4.284726703456547,4.284726703456547,4.284726703456547,4.284726703456547,4.284726703456547,4.284726703456547,4.284726703456547,4.284726703456547,4.284726703456547,4.284726703456547,4.284726703456547,4.284726703456547,4.284726703456547,4.284726703456547,4.284726703456547,4.284726703456547,4.284726703456547,4.284726703456547,4.284726703456547,4.284726703456547,4.284726703456547,4.284726703456547,4.284726703456547,4.284726703456547,4.284726703456547,4.284726703456547,4.284726703456547,4.284726703456547,4.284726703456547,4.284726703456547,4.284726703456547,4.284726703456547,4.284726703456547,4.284726703456547,4.284726703456547,4.284726703456547,4.284726703456547,4.284726703456547,4.284726703456547,4.284726703456547,4.284726703456547,4.284726703456547,4.284726703456547,4.284726703456547,4.284726703456547,4.284726703456547,4.284726703456547,4.284726703456547,4.284726703456547,4.284726703456547,4.284726703456547,4.284726703456547,4.284726703456547,4.284726703456547,4.284726703456547,4.284726703456547,4.284726703456547,4.284726703456547,4.284726703456547,4.284726703456547,4.284726703456547,4.284726703456547,4.284726703456547,4.284726703456547,4.284726703456547,4.284726703456547,4.284726703456547,4.284726703456547,4.284726703456547,4.284726703456547,4.284726703456547,4.284726703456547,4.284726703456547,4.284726703456547,4.284726703456547,4.284726703456547,4.284726703456547,4.284726703456547,4.284726703456547,4.284726703456547,4.284726703456547,4.284726703456547,4.284726703456547,4.284726703456547,4.284726703456547,4.284726703456547,4.284726703456547,4.284726703456547,4.284726703456547,4.284726703456547,4.284726703456547,4.284726703456547,4.284726703456547,4.284726703456547,4.284726703456547,4.284726703456547,4.284726703456547,4.284726703456547,4.284726703456547,4.284726703456547,4.284726703456547,4.284726703456547,4.284726703456547,4.284726703456547,4.284726703456547,4.284726703456547,4.284726703456547,4.284726703456547,4.284726703456547,4.284726703456547,4.284726703456547,4.284726703456547,4.284726703456547,4.284726703456547,4.284726703456547,4.284726703456547,4.284726703456547,4.284726703456547,4.284726703456547,4.284726703456547,4.284726703456547,4.284726703456547,4.284726703456547,4.284726703456547,4.284726703456547,4.284726703456547,4.284726703456547,4.284726703456547,4.284726703456547,4.284726703456547,4.284726703456547,4.284726703456547,4.284726703456547,4.284726703456547,4.284726703456547,4.284726703456547,4.284726703456547,4.284726703456547,4.284726703456547,4.284726703456547,4.284726703456547,4.284726703456547,4.284726703456547,4.284726703456547,4.284726703456547,4.284726703456547,4.284726703456547,4.284726703456547,4.284726703456547,4.284726703456547,4.284726703456547,4.284726703456547,4.284726703456547,4.284726703456547,4.284726703456547,4.284726703456547,4.284726703456547,4.284726703456547,4.284726703456547,4.284726703456547,4.284726703456547,4.284726703456547,4.284726703456547,4.284726703456547,4.284726703456547,4.284726703456547,4.284726703456547,4.284726703456547,4.284726703456547,4.284726703456547,4.284726703456547,4.284726703456547,4.284726703456547,4.284726703456547,4.284726703456547,4.284726703456547,4.284726703456547,4.284726703456547,4.284726703456547,4.284726703456547,4.284726703456547,4.284726703456547,3.636498153600141,3.636498153600141,3.636498153600141,3.611706823727384,3.611706823727384,3.611706823727384,3.611706823727384,3.611706823727384,3.611706823727384,3.611706823727384,3.611706823727384,3.611706823727384,3.611706823727384,3.611706823727384,3.611706823727384,3.611706823727384,3.611706823727384,3.611706823727384,3.611706823727384,3.611706823727384,3.611706823727384,3.611706823727384,3.611706823727384,3.611706823727384,3.611706823727384,3.611706823727384,3.4852581735520554,3.4852581735520554,3.4852581735520554,3.4852581735520554,3.4687734718547643,3.4687734718547643,3.4687734718547643,3.4687734718547643,3.4687734718547643,3.4687734718547643,3.4687734718547643,3.4687734718547643,3.4687734718547643,3.4687734718547643,3.4687734718547643,3.4687734718547643,3.4687734718547643,3.4687734718547643,3.4687734718547643,3.4687734718547643,3.4687734718547643,3.4687734718547643,3.4687734718547643,3.4687734718547643,3.4687734718547643,3.4687734718547643,3.4687734718547643,3.4687734718547643,3.4687734718547643,3.4687734718547643,3.4687734718547643,3.4687734718547643,3.4687734718547643,3.4687734718547643,3.4687734718547643,3.4687734718547643,3.4687734718547643,3.4687734718547643,3.4687734718547643,3.4687734718547643,3.4687734718547643,3.4687734718547643,3.4687734718547643,3.4687734718547643,3.4687734718547643,3.4687734718547643,3.4687734718547643,3.4687734718547643,3.4687734718547643,3.4687734718547643,3.4687734718547643,3.4687734718547643,3.4687734718547643,3.4687734718547643,3.4687734718547643,3.4687734718547643,3.4687734718547643,3.4687734718547643,3.4687734718547643,3.4687734718547643,3.4687734718547643,3.4687734718547643,3.4687734718547643,3.4687734718547643,3.4687734718547643,3.4687734718547643,3.4687734718547643,3.4687734718547643,3.4687734718547643,3.4687734718547643,3.4687734718547643,3.4687734718547643,3.4687734718547643,3.4687734718547643,3.4687734718547643,3.4687734718547643,3.4687734718547643,3.4687734718547643,3.4687734718547643,3.4687734718547643,3.4687734718547643,3.4687734718547643,3.4687734718547643,3.4687734718547643,3.4687734718547643,3.4687734718547643,3.4687734718547643,3.4687734718547643,3.4687734718547643,3.4687734718547643,3.4687734718547643,3.4687734718547643,3.4687734718547643,3.4687734718547643,3.4687734718547643,3.4687734718547643,3.4687734718547643,3.4687734718547643,3.4687734718547643,3.4687734718547643,3.4687734718547643,3.4687734718547643,3.4687734718547643,3.4687734718547643,3.4687734718547643,3.4687734718547643,3.4687734718547643,3.4687734718547643,3.4687734718547643,3.4687734718547643,3.4687734718547643,3.4687734718547643,3.4687734718547643,3.4687734718547643,3.4687734718547643,3.4687734718547643,3.4687734718547643,3.4687734718547643,3.4687734718547643,3.4687734718547643,3.4687734718547643,3.4687734718547643,3.4687734718547643,3.4687734718547643,3.4687734718547643,3.4687734718547643,3.4687734718547643,3.4687734718547643,3.4687734718547643,3.4687734718547643,3.4687734718547643,3.4687734718547643,3.4687734718547643,3.4687734718547643,3.4687734718547643,3.4687734718547643,3.4687734718547643,3.4687734718547643,3.4687734718547643,3.4687734718547643,3.4687734718547643,3.4687734718547643,3.4687734718547643,3.4687734718547643,3.4687734718547643,3.4687734718547643,3.4687734718547643,3.4687734718547643,3.4687734718547643,3.4687734718547643,3.4687734718547643,3.4687734718547643,3.4687734718547643,3.4687734718547643,3.4687734718547643,3.4687734718547643,3.4687734718547643,3.4687734718547643,3.4687734718547643,3.4687734718547643,3.4687734718547643,3.4687734718547643,3.4687734718547643,3.4687734718547643,3.4687734718547643,3.4687734718547643,3.4687734718547643,3.4687734718547643,3.4687734718547643,3.4687734718547643,3.4687734718547643,3.4687734718547643,3.4687734718547643,3.4687734718547643,3.4687734718547643,3.4687734718547643,3.4687734718547643,3.4687734718547643,3.4687734718547643,3.4687734718547643,3.4687734718547643,3.4687734718547643,3.4687734718547643,3.4687734718547643,3.4687734718547643,3.4687734718547643,3.4687734718547643,3.4687734718547643,3.4687734718547643,3.4687734718547643,3.4687734718547643,3.4687734718547643,3.4687734718547643,3.4687734718547643,3.4687734718547643,3.4687734718547643,3.4687734718547643,3.4687734718547643,3.4687734718547643,3.4687734718547643,3.4687734718547643,3.4687734718547643,3.4687734718547643,3.4687734718547643,3.4687734718547643,3.4687734718547643,3.4687734718547643,3.4687734718547643,3.4687734718547643,3.4687734718547643,3.4687734718547643,3.4687734718547643,3.4687734718547643,3.4687734718547643,3.4687734718547643,3.4687734718547643,3.4687734718547643,3.4687734718547643,3.4687734718547643,3.4687734718547643,3.4687734718547643,3.4687734718547643,3.4687734718547643,3.4687734718547643,3.4687734718547643,3.4687734718547643,3.4687734718547643,3.4687734718547643,3.4687734718547643,3.4687734718547643,3.4687734718547643,3.4687734718547643,3.4687734718547643,3.4687734718547643,3.4687734718547643,3.4687734718547643,3.4687734718547643,3.4687734718547643,3.4687734718547643,3.4687734718547643,3.4687734718547643,3.4687734718547643,3.4687734718547643,3.4687734718547643,3.4687734718547643,3.4687734718547643,3.4687734718547643,3.4687734718547643,3.4687734718547643,3.4687734718547643,3.4687734718547643,3.4687734718547643,3.4687734718547643,3.4687734718547643,3.4687734718547643,3.4687734718547643,3.4687734718547643,3.4687734718547643,3.4687734718547643,3.4687734718547643,3.4687734718547643,3.4687734718547643,3.4687734718547643,3.4687734718547643,3.4687734718547643,3.4687734718547643,3.4687734718547643,3.4687734718547643,3.4687734718547643,3.4687734718547643,3.4687734718547643,3.4687734718547643,3.4687734718547643,3.4687734718547643,3.4687734718547643,3.4687734718547643,3.4687734718547643,3.4687734718547643,3.4687734718547643,3.4687734718547643,3.4687734718547643,3.4687734718547643,3.4687734718547643,3.4687734718547643,3.4687734718547643,3.4687734718547643,3.4687734718547643,3.4687734718547643,3.4687734718547643,3.4687734718547643,3.4687734718547643,3.4687734718547643,3.4687734718547643,3.4687734718547643,3.4687734718547643,3.4687734718547643,3.4687734718547643,3.4687734718547643,3.4687734718547643,3.4687734718547643,3.4687734718547643,3.4687734718547643,3.4687734718547643,3.4687734718547643,3.4687734718547643,3.0447193671283097,3.0447193671283097,3.0447193671283097,3.0447193671283097,3.0447193671283097,3.0447193671283097,3.0447193671283097,3.0447193671283097,3.0447193671283097,3.0447193671283097,3.0447193671283097,3.0447193671283097,3.0447193671283097,3.0447193671283097,3.0447193671283097,3.0447193671283097,3.0447193671283097,3.0447193671283097,3.0447193671283097,3.0447193671283097,3.0447193671283097,3.0447193671283097,3.0447193671283097,3.0447193671283097,3.0447193671283097,3.0447193671283097,3.0447193671283097,3.0447193671283097,3.0447193671283097,3.0447193671283097,3.0447193671283097,3.0447193671283097,3.0447193671283097,3.0447193671283097,3.0447193671283097,3.0447193671283097,3.0447193671283097,3.0447193671283097,3.0447193671283097,3.0447193671283097,3.0447193671283097,3.0447193671283097,3.0447193671283097,3.0447193671283097,3.0447193671283097,3.0447193671283097,3.0447193671283097,3.0447193671283097,3.0447193671283097,3.0447193671283097,3.0447193671283097,3.0447193671283097,3.0447193671283097,3.0447193671283097,3.0447193671283097,3.0447193671283097,3.0447193671283097,3.0447193671283097,3.0447193671283097,3.0447193671283097,3.0447193671283097,3.0447193671283097,3.0447193671283097,3.0447193671283097,3.0447193671283097,3.0447193671283097,3.0447193671283097,3.0447193671283097,3.0447193671283097,3.0447193671283097,3.0447193671283097,3.0447193671283097,3.0447193671283097,3.0447193671283097,3.0447193671283097,3.0447193671283097,3.0447193671283097,3.0447193671283097,3.0447193671283097,3.0447193671283097,3.0447193671283097,3.0447193671283097,3.0447193671283097,3.0447193671283097,3.0447193671283097,3.0447193671283097,3.0447193671283097,3.0447193671283097,3.0447193671283097,3.0447193671283097,3.0447193671283097,3.0447193671283097,3.0447193671283097,3.0447193671283097,3.0447193671283097,3.0447193671283097,3.0447193671283097,3.0447193671283097,3.0447193671283097,3.0447193671283097,3.0447193671283097,3.0447193671283097,3.0447193671283097,3.0447193671283097,3.0447193671283097,3.0447193671283097,3.0447193671283097,3.0447193671283097,3.0447193671283097,3.0447193671283097,3.0447193671283097,3.0447193671283097,3.0447193671283097,3.0447193671283097,3.0447193671283097,3.0447193671283097,3.0447193671283097,3.0447193671283097,3.0447193671283097,3.0447193671283097,3.0447193671283097,3.0447193671283097,3.0447193671283097,3.0447193671283097,3.0447193671283097,3.0447193671283097,3.0447193671283097,3.0447193671283097,3.0447193671283097,3.0447193671283097,3.0447193671283097,3.0447193671283097,3.0447193671283097,3.0447193671283097,3.0447193671283097,3.0447193671283097,3.0447193671283097,3.0447193671283097,3.0447193671283097,3.0447193671283097,3.0447193671283097,3.0447193671283097,3.0447193671283097,3.0447193671283097,3.0447193671283097,3.0447193671283097,3.0447193671283097,3.0447193671283097,3.0447193671283097,3.0447193671283097,7.3304884280474125,7.3304884280474125,7.3304884280474125,7.167741871898766,6.999841942176465,6.999841942176465,6.999841942176465,6.999841942176465,6.999841942176465,6.999841942176465,6.999841942176465,6.999841942176465,6.999841942176465,6.999841942176465,6.023896278478032,6.023896278478032,6.023896278478032,6.023896278478032,6.023896278478032,6.023896278478032,6.023896278478032,6.023896278478032,6.023896278478032,5.212543941184378,5.212543941184378,5.212543941184378,5.212543941184378,5.086192466867635,5.086192466867635,5.086192466867635,5.086192466867635,5.086192466867635,5.086192466867635,5.086192466867635,5.086192466867635,5.086192466867635,5.086192466867635,5.086192466867635,5.086192466867635,5.086192466867635,5.086192466867635,5.0511777547692756,5.0511777547692756,5.0511777547692756,5.0511777547692756,5.0511777547692756,5.0511777547692756,5.045300447582347,5.045300447582347,5.045300447582347,5.045300447582347,5.045300447582347,5.045300447582347,5.045300447582347,5.045300447582347,5.045300447582347,5.045300447582347,5.045300447582347,5.045300447582347,5.045300447582347,5.045300447582347,5.045300447582347,5.045300447582347,5.045300447582347,5.045300447582347,5.045300447582347,5.045300447582347,5.045300447582347,5.045300447582347,5.045300447582347,5.045300447582347,5.045300447582347,5.045300447582347,5.045300447582347,5.045300447582347,5.045300447582347,5.045300447582347,5.045300447582347,5.045300447582347,5.0075170506548226,5.0075170506548226,5.0075170506548226,5.0075170506548226,5.0075170506548226,4.936611981250675,4.936611981250675,4.936611981250675,4.715249407161758,4.715249407161758,4.715249407161758,4.715249407161758,4.715249407161758,4.715249407161758,4.715249407161758,4.715249407161758,4.715249407161758,4.715249407161758,4.715249407161758,4.715249407161758,4.715249407161758,4.715249407161758,4.715249407161758,4.715249407161758,4.715249407161758,4.715249407161758,4.715249407161758,4.715249407161758,4.715249407161758,4.715249407161758,4.715249407161758,4.715249407161758,4.715249407161758,4.715249407161758,4.715249407161758,4.715249407161758,4.715249407161758,4.715249407161758,4.715249407161758,4.715249407161758,4.715249407161758,4.715249407161758,4.715249407161758,4.715249407161758,4.715249407161758,4.715249407161758,4.715249407161758,4.715249407161758,4.715249407161758,4.715249407161758,4.715249407161758,4.715249407161758,4.715249407161758,4.715249407161758,4.715249407161758,4.715249407161758,4.715249407161758,4.715249407161758,4.715249407161758,4.715249407161758,4.715249407161758,4.715249407161758,4.715249407161758,4.715249407161758,4.715249407161758,4.715249407161758,4.715249407161758,4.715249407161758,4.715249407161758,4.715249407161758,4.715249407161758,4.715249407161758,4.715249407161758,4.715249407161758,4.715249407161758,4.715249407161758,4.715249407161758,4.715249407161758,4.715249407161758,4.715249407161758,4.715249407161758,4.715249407161758,4.715249407161758,4.715249407161758,4.715249407161758,4.715249407161758,4.715249407161758,4.715249407161758,4.715249407161758,4.715249407161758,4.715249407161758,4.715249407161758,4.715249407161758,4.715249407161758,4.715249407161758,4.715249407161758,4.715249407161758,4.715249407161758,4.715249407161758,4.715249407161758,4.715249407161758,4.715249407161758,4.715249407161758,4.715249407161758,4.715249407161758,4.715249407161758,4.715249407161758,4.715249407161758,4.715249407161758,4.715249407161758,4.715249407161758,4.715249407161758,4.715249407161758,4.715249407161758,4.715249407161758,4.715249407161758,4.715249407161758,4.715249407161758,4.715249407161758,4.715249407161758,4.715249407161758,4.715249407161758,4.715249407161758,4.715249407161758,4.715249407161758,4.715249407161758,4.715249407161758,4.715249407161758,4.715249407161758,4.715249407161758,4.715249407161758,4.715249407161758,4.715249407161758,4.715249407161758,4.715249407161758,4.715249407161758,4.715249407161758,4.715249407161758,4.715249407161758,4.715249407161758,4.715249407161758,4.715249407161758,4.715249407161758,4.715249407161758,4.715249407161758,4.715249407161758,4.715249407161758,4.715249407161758,4.715249407161758,4.715249407161758,4.715249407161758,4.715249407161758,4.715249407161758,4.715249407161758,4.715249407161758,4.715249407161758,4.715249407161758,4.715249407161758,4.715249407161758,4.715249407161758,4.715249407161758,4.715249407161758,4.715249407161758,4.715249407161758,4.715249407161758,4.715249407161758,4.715249407161758,4.715249407161758,4.715249407161758,4.715249407161758,4.715249407161758,4.715249407161758,4.715249407161758,4.715249407161758,4.715249407161758,4.715249407161758,4.715249407161758,4.715249407161758,4.715249407161758,4.715249407161758,4.715249407161758,4.715249407161758,4.715249407161758,4.715249407161758,4.715249407161758,4.715249407161758,4.715249407161758,4.715249407161758,4.715249407161758,4.715249407161758,4.715249407161758,4.715249407161758,4.715249407161758,4.715249407161758,4.715249407161758,4.715249407161758,4.715249407161758,4.715249407161758,4.715249407161758,4.715249407161758,4.715249407161758,4.715249407161758,4.715249407161758,4.715249407161758,4.715249407161758,4.715249407161758,4.715249407161758,4.715249407161758,4.715249407161758,4.715249407161758,4.715249407161758,4.715249407161758,4.715249407161758,4.715249407161758,4.715249407161758,4.715249407161758,4.715249407161758,4.715249407161758,4.715249407161758,4.715249407161758,4.715249407161758,4.715249407161758,4.715249407161758,4.715249407161758,4.715249407161758,4.715249407161758,4.715249407161758,4.715249407161758,4.715249407161758,4.715249407161758,4.715249407161758,4.715249407161758,4.715249407161758,4.715249407161758,4.715249407161758,4.715249407161758,4.715249407161758,4.715249407161758,4.715249407161758,4.715249407161758,4.715249407161758,4.715249407161758,4.715249407161758,4.715249407161758,4.715249407161758,4.715249407161758,4.715249407161758,4.715249407161758,4.715249407161758,4.715249407161758,4.715249407161758,4.715249407161758,4.715249407161758,4.715249407161758,4.715249407161758,4.715249407161758,4.715249407161758,4.715249407161758,4.715249407161758,4.715249407161758,4.715249407161758,4.715249407161758,4.715249407161758,4.715249407161758,4.715249407161758,4.715249407161758,4.715249407161758,4.715249407161758,4.715249407161758,4.715249407161758,4.715249407161758,4.715249407161758,4.715249407161758,4.715249407161758,4.715249407161758,4.715249407161758,4.715249407161758,4.715249407161758,4.715249407161758,4.715249407161758,4.715249407161758,4.715249407161758,4.715249407161758,4.715249407161758,4.715249407161758,4.715249407161758,4.715249407161758,4.715249407161758,4.715249407161758,4.715249407161758,4.715249407161758,4.715249407161758,4.715249407161758,4.715249407161758,4.715249407161758,4.715249407161758,4.715249407161758,4.715249407161758,4.715249407161758,4.715249407161758,4.715249407161758,4.715249407161758,4.715249407161758,4.715249407161758,4.715249407161758,4.715249407161758,4.715249407161758,4.715249407161758,4.715249407161758,4.715249407161758,4.715249407161758,4.715249407161758,4.715249407161758,4.715249407161758,4.715249407161758,4.715249407161758,4.715249407161758,4.715249407161758,4.715249407161758,4.715249407161758,4.715249407161758,4.715249407161758,4.715249407161758,4.715249407161758,4.715249407161758,4.715249407161758,4.715249407161758,4.715249407161758,4.715249407161758,4.715249407161758,4.715249407161758,4.715249407161758,4.715249407161758,4.715249407161758,4.715249407161758,4.715249407161758,4.715249407161758,4.715249407161758,4.715249407161758,4.715249407161758,4.715249407161758,4.715249407161758,4.715249407161758,4.715249407161758,4.715249407161758,4.715249407161758,4.715249407161758,4.715249407161758,4.715249407161758,4.715249407161758,4.715249407161758,4.715249407161758,4.715249407161758,4.715249407161758,4.715249407161758,4.715249407161758,4.715249407161758,4.715249407161758,4.715249407161758,4.715249407161758,4.715249407161758,4.715249407161758,4.715249407161758,4.715249407161758,4.715249407161758,4.715249407161758,4.715249407161758,4.715249407161758,4.715249407161758,4.715249407161758,4.715249407161758,4.715249407161758,4.715249407161758,4.715249407161758,4.715249407161758,4.715249407161758,4.715249407161758,4.715249407161758,4.715249407161758,4.715249407161758,4.715249407161758,4.715249407161758,4.715249407161758,4.715249407161758,4.715249407161758,4.715249407161758,4.715249407161758,4.715249407161758,4.715249407161758,4.715249407161758,4.715249407161758,4.715249407161758,4.715249407161758,4.715249407161758,4.715249407161758,4.715249407161758,4.715249407161758,4.715249407161758,4.715249407161758,4.715249407161758,4.715249407161758,4.715249407161758,4.715249407161758,4.715249407161758,4.715249407161758,4.715249407161758,4.715249407161758,4.715249407161758,4.715249407161758,4.715249407161758,4.715249407161758,4.715249407161758,4.715249407161758,4.715249407161758,4.715249407161758,4.715249407161758,4.715249407161758,4.715249407161758,4.715249407161758,4.715249407161758,4.715249407161758,4.715249407161758,4.715249407161758,4.715249407161758,4.715249407161758,4.715249407161758,4.715249407161758,4.715249407161758,4.715249407161758,4.715249407161758,4.715249407161758,4.715249407161758,4.715249407161758,4.715249407161758,4.715249407161758,4.715249407161758,4.715249407161758,4.715249407161758,4.715249407161758,4.715249407161758,4.715249407161758,4.715249407161758,4.715249407161758,4.715249407161758,4.715249407161758,4.715249407161758,4.715249407161758,4.715249407161758,4.715249407161758,4.715249407161758,4.715249407161758,4.715249407161758,4.715249407161758,4.715249407161758,4.715249407161758,4.715249407161758,4.715249407161758,4.715249407161758,4.715249407161758,4.715249407161758,4.715249407161758,4.715249407161758,4.715249407161758,4.715249407161758,4.715249407161758,4.715249407161758,4.715249407161758,4.715249407161758,4.715249407161758,4.715249407161758,4.715249407161758,4.715249407161758,4.715249407161758,4.715249407161758,4.715249407161758,4.715249407161758,4.715249407161758,4.715249407161758,4.715249407161758,4.715249407161758,4.715249407161758,4.715249407161758,4.715249407161758,4.715249407161758,4.715249407161758,4.715249407161758,4.715249407161758,4.715249407161758,4.715249407161758,4.715249407161758,4.715249407161758,4.715249407161758,4.715249407161758,4.715249407161758,4.715249407161758,4.715249407161758,4.715249407161758,4.715249407161758,4.715249407161758,4.715249407161758,4.715249407161758,4.715249407161758,4.715249407161758,4.715249407161758,4.715249407161758,4.715249407161758,4.715249407161758,4.715249407161758,4.715249407161758,4.715249407161758,4.715249407161758,4.715249407161758,4.715249407161758,4.715249407161758,4.715249407161758,4.715249407161758,4.715249407161758,4.715249407161758,4.715249407161758,4.715249407161758,4.715249407161758,4.715249407161758,4.715249407161758,4.715249407161758,4.715249407161758,4.715249407161758,4.715249407161758,4.715249407161758,4.715249407161758,4.715249407161758,4.715249407161758,4.715249407161758,4.715249407161758,4.715249407161758,4.715249407161758,4.715249407161758,4.715249407161758,4.715249407161758,4.715249407161758,4.715249407161758,4.715249407161758,4.715249407161758,4.715249407161758,4.715249407161758,4.715249407161758,4.715249407161758,4.715249407161758,4.715249407161758,4.715249407161758,4.715249407161758,4.715249407161758,4.715249407161758,4.715249407161758,4.715249407161758,4.715249407161758,4.715249407161758,4.715249407161758,4.715249407161758,4.715249407161758,4.715249407161758,4.715249407161758,4.715249407161758,4.715249407161758,4.715249407161758,4.715249407161758,4.715249407161758,4.715249407161758,4.715249407161758,4.715249407161758,4.715249407161758,4.715249407161758,4.715249407161758,4.715249407161758,4.715249407161758,4.715249407161758,4.715249407161758,4.715249407161758,4.715249407161758,4.715249407161758,4.715249407161758,4.715249407161758,4.715249407161758,4.715249407161758,4.715249407161758,4.715249407161758,4.715249407161758,4.715249407161758,4.715249407161758,4.715249407161758,4.715249407161758,4.715249407161758,4.715249407161758,4.715249407161758,4.715249407161758,4.715249407161758,4.715249407161758,4.715249407161758,4.715249407161758,4.715249407161758,4.715249407161758,4.715249407161758,4.715249407161758,4.715249407161758,4.715249407161758,4.715249407161758,4.715249407161758,4.715249407161758,4.715249407161758,4.715249407161758,4.715249407161758,4.715249407161758,4.715249407161758,4.715249407161758,4.715249407161758,4.715249407161758,4.715249407161758,4.715249407161758,4.715249407161758,4.715249407161758,4.715249407161758,4.715249407161758,4.715249407161758,4.715249407161758,4.715249407161758,4.715249407161758,4.715249407161758,4.715249407161758,4.715249407161758,4.715249407161758,4.715249407161758,4.715249407161758,4.715249407161758,4.715249407161758,4.715249407161758,4.715249407161758,4.715249407161758,4.715249407161758,4.715249407161758,4.715249407161758,4.715249407161758,4.715249407161758,4.715249407161758,4.715249407161758,4.715249407161758,4.715249407161758,4.715249407161758,4.715249407161758,4.715249407161758,4.715249407161758,4.715249407161758,4.715249407161758,4.715249407161758,4.715249407161758,4.715249407161758,4.715249407161758,4.715249407161758,4.715249407161758,4.715249407161758,4.715249407161758,4.715249407161758,4.715249407161758,4.715249407161758,4.715249407161758,4.715249407161758,4.715249407161758,4.715249407161758,4.715249407161758,4.715249407161758,4.715249407161758,4.715249407161758,4.715249407161758,4.715249407161758,4.715249407161758,4.715249407161758,4.715249407161758,4.715249407161758,4.715249407161758,4.715249407161758,4.715249407161758,4.715249407161758,4.715249407161758,4.715249407161758,4.715249407161758,4.715249407161758,4.715249407161758,4.715249407161758,4.715249407161758,4.715249407161758,4.715249407161758,4.715249407161758,4.715249407161758,4.715249407161758,4.715249407161758,4.715249407161758,4.715249407161758,4.715249407161758,4.715249407161758,4.715249407161758,4.715249407161758,4.715249407161758,4.715249407161758,4.715249407161758,4.715249407161758,4.715249407161758,4.715249407161758,4.715249407161758,4.715249407161758,4.715249407161758,4.715249407161758,4.715249407161758,4.715249407161758,4.715249407161758,4.715249407161758,4.715249407161758,4.715249407161758,4.715249407161758,4.715249407161758,4.715249407161758,4.715249407161758,4.715249407161758,4.715249407161758,4.715249407161758,4.715249407161758,4.715249407161758,4.715249407161758,4.715249407161758,4.715249407161758,4.715249407161758,4.715249407161758,4.715249407161758,4.715249407161758,4.715249407161758,4.715249407161758,4.715249407161758,4.715249407161758,4.715249407161758,4.715249407161758,4.715249407161758,4.715249407161758,4.715249407161758,4.715249407161758,4.715249407161758,4.715249407161758,4.715249407161758,4.715249407161758,4.715249407161758,4.715249407161758,4.715249407161758,4.715249407161758,4.715249407161758,4.715249407161758,4.715249407161758,4.715249407161758,4.715249407161758,4.715249407161758,4.715249407161758,4.715249407161758,4.715249407161758,4.715249407161758,4.715249407161758,4.715249407161758,4.715249407161758,4.715249407161758,4.715249407161758,4.715249407161758,4.715249407161758,4.715249407161758,4.715249407161758,4.715249407161758,4.715249407161758,4.715249407161758,4.715249407161758,4.715249407161758,4.715249407161758,4.715249407161758,4.715249407161758,4.715249407161758,4.715249407161758,4.715249407161758,4.715249407161758,4.715249407161758,4.715249407161758,4.715249407161758,4.715249407161758,4.715249407161758,4.715249407161758,4.715249407161758,4.715249407161758,4.715249407161758,4.715249407161758,4.715249407161758,4.715249407161758,4.715249407161758,4.715249407161758,4.715249407161758,4.715249407161758,4.715249407161758,4.715249407161758,4.715249407161758,4.715249407161758,4.715249407161758,4.715249407161758,4.715249407161758,4.715249407161758,4.715249407161758,4.715249407161758,4.715249407161758,4.715249407161758,4.715249407161758,4.715249407161758,4.715249407161758,4.715249407161758,4.715249407161758,4.715249407161758,4.715249407161758,4.715249407161758,4.715249407161758,4.715249407161758,4.715249407161758,4.715249407161758,4.715249407161758,4.715249407161758,4.715249407161758,4.715249407161758,4.715249407161758,4.715249407161758,4.715249407161758,4.715249407161758,4.715249407161758,4.715249407161758,4.715249407161758,4.715249407161758,4.715249407161758,4.715249407161758,4.715249407161758,4.715249407161758,4.715249407161758,4.715249407161758,4.715249407161758,4.715249407161758,4.715249407161758,4.715249407161758,4.715249407161758,4.715249407161758,4.715249407161758,4.715249407161758,4.715249407161758,4.715249407161758,4.715249407161758,4.715249407161758,4.715249407161758,4.715249407161758,4.715249407161758,4.715249407161758,4.715249407161758,4.715249407161758,4.715249407161758,4.715249407161758,4.715249407161758,4.715249407161758,4.715249407161758,4.715249407161758,4.715249407161758,4.715249407161758,4.715249407161758,4.715249407161758,4.715249407161758,4.715249407161758,4.715249407161758,4.715249407161758,4.715249407161758,4.715249407161758,4.715249407161758,4.715249407161758,4.715249407161758,4.715249407161758,4.715249407161758,4.715249407161758,4.715249407161758,4.715249407161758,4.715249407161758,4.715249407161758,4.715249407161758,4.715249407161758,4.715249407161758,4.715249407161758,4.715249407161758,4.715249407161758,4.715249407161758,4.715249407161758,4.715249407161758,4.715249407161758,4.715249407161758,4.715249407161758,4.715249407161758,4.715249407161758,4.715249407161758,4.715249407161758,4.715249407161758,4.715249407161758,4.715249407161758,4.715249407161758,4.715249407161758,4.715249407161758,4.715249407161758,4.715249407161758,4.715249407161758,4.715249407161758,4.715249407161758,4.715249407161758,4.715249407161758,4.715249407161758,4.715249407161758,4.715249407161758,4.715249407161758,4.715249407161758,4.715249407161758,4.715249407161758,4.715249407161758,4.715249407161758,4.461501532315716,8.897766333580668,8.897766333580668,8.897766333580668,8.029414212730423,8.029414212730423,8.029414212730423,8.029414212730423,8.029414212730423,8.029414212730423,8.029414212730423,8.029414212730423,8.029414212730423,8.029414212730423,8.029414212730423,8.029414212730423,8.029414212730423,8.029414212730423,8.029414212730423,8.029414212730423,8.029414212730423,8.029414212730423,8.029414212730423,8.029414212730423,8.029414212730423,8.029414212730423,8.029414212730423,7.98917241978471,7.98917241978471,7.98917241978471,7.98917241978471,7.98917241978471,6.5464273680366185,6.5464273680366185,6.5464273680366185,6.5464273680366185,6.5464273680366185,6.5464273680366185,6.5464273680366185,6.5464273680366185,6.5464273680366185,6.5464273680366185,6.5464273680366185,6.5464273680366185,6.5464273680366185,6.5464273680366185,6.5464273680366185,6.5464273680366185,6.5464273680366185,6.5464273680366185,6.5464273680366185,6.5464273680366185,6.5464273680366185,6.5464273680366185,6.5464273680366185,6.5464273680366185,6.5464273680366185,6.5464273680366185,6.5464273680366185,6.5464273680366185,6.5464273680366185,6.5464273680366185,6.5464273680366185,6.5464273680366185,6.5464273680366185,6.5464273680366185,6.5464273680366185,6.5464273680366185,6.5464273680366185,6.5464273680366185,6.5464273680366185,6.5464273680366185,6.5464273680366185,6.5464273680366185,6.5464273680366185,6.5464273680366185,6.5464273680366185,6.5464273680366185,6.5464273680366185,6.5464273680366185,6.5464273680366185,6.5464273680366185,6.5464273680366185,6.5464273680366185,6.5464273680366185,6.5464273680366185,6.5464273680366185,6.5464273680366185,6.5464273680366185,6.5464273680366185,6.5464273680366185,6.5464273680366185,6.5464273680366185,6.5464273680366185,6.5464273680366185,6.5464273680366185,6.5464273680366185,6.5464273680366185,6.5464273680366185,6.5464273680366185,6.5464273680366185,6.5464273680366185,6.5464273680366185,6.5464273680366185,6.5464273680366185,6.5464273680366185,6.5464273680366185,6.5464273680366185,6.5464273680366185,6.5464273680366185,6.5464273680366185,6.5464273680366185,6.5464273680366185,6.5464273680366185,6.5464273680366185,6.5464273680366185,6.5464273680366185,6.5464273680366185,6.5464273680366185,6.5464273680366185,6.5464273680366185,6.5464273680366185,6.5464273680366185,6.5464273680366185,6.5464273680366185,6.5464273680366185,6.5464273680366185,6.5464273680366185,6.5464273680366185,6.5464273680366185,6.5464273680366185,6.5464273680366185,6.5464273680366185,6.5464273680366185,6.5464273680366185,6.5464273680366185,6.5464273680366185,6.5464273680366185,6.5464273680366185,6.5464273680366185,6.5464273680366185,6.5464273680366185,6.5464273680366185,6.5464273680366185,6.5464273680366185,6.5464273680366185,6.5464273680366185,6.5464273680366185,6.5464273680366185,6.5464273680366185,6.5464273680366185,6.5464273680366185,6.5464273680366185,6.5464273680366185,6.5464273680366185,6.5464273680366185,6.5464273680366185,6.5464273680366185,6.5464273680366185,6.5464273680366185,6.5464273680366185,6.5464273680366185,6.5464273680366185,6.5464273680366185,6.5464273680366185,6.5464273680366185,6.5464273680366185,6.5464273680366185,6.5464273680366185,6.5464273680366185,6.5464273680366185,6.5464273680366185,6.5464273680366185,6.5464273680366185,6.5464273680366185,6.5464273680366185,6.5464273680366185,6.5464273680366185,6.5464273680366185,6.5464273680366185,6.5464273680366185,6.5464273680366185,6.5464273680366185,6.459218931782509,6.459218931782509,6.459218931782509,6.459218931782509,6.459218931782509,6.459218931782509,6.459218931782509,6.459218931782509,6.459218931782509,6.459218931782509,6.459218931782509,6.459218931782509,6.459218931782509,6.459218931782509,6.459218931782509,6.459218931782509,6.459218931782509,6.459218931782509,6.459218931782509,6.459218931782509,6.459218931782509,6.459218931782509,6.459218931782509,6.459218931782509,6.459218931782509,6.459218931782509,6.459218931782509,6.459218931782509,6.459218931782509,6.459218931782509,6.459218931782509,6.459218931782509,6.459218931782509,6.459218931782509,6.459218931782509,6.459218931782509,6.459218931782509,6.459218931782509,6.459218931782509,6.459218931782509,6.459218931782509,6.459218931782509,6.459218931782509,6.459218931782509,6.459218931782509,6.459218931782509,6.459218931782509,6.459218931782509,6.459218931782509,6.459218931782509,6.459218931782509,6.459218931782509,6.459218931782509,6.459218931782509,6.459218931782509,6.459218931782509,6.459218931782509,6.459218931782509,6.459218931782509,6.459218931782509,6.459218931782509,6.459218931782509,6.459218931782509,6.459218931782509,6.459218931782509,6.459218931782509,6.459218931782509,6.459218931782509,6.459218931782509,6.459218931782509,6.459218931782509,6.459218931782509,6.459218931782509,6.459218931782509,6.459218931782509,6.459218931782509,6.459218931782509,6.459218931782509,6.459218931782509,6.459218931782509,6.459218931782509,6.459218931782509,6.459218931782509,6.459218931782509,6.459218931782509,6.459218931782509,6.459218931782509,6.459218931782509,6.459218931782509,6.459218931782509,6.459218931782509,6.459218931782509,6.459218931782509,6.459218931782509,6.459218931782509,6.459218931782509,6.459218931782509,6.459218931782509,6.459218931782509,6.459218931782509,6.459218931782509,6.459218931782509,6.459218931782509,6.459218931782509,6.459218931782509,6.459218931782509,6.459218931782509,6.459218931782509,6.459218931782509,6.459218931782509,6.459218931782509,6.459218931782509,6.459218931782509,6.459218931782509,6.459218931782509,6.459218931782509,6.459218931782509,6.459218931782509,6.459218931782509,6.459218931782509,6.459218931782509,6.459218931782509,6.459218931782509,6.459218931782509,6.459218931782509,6.459218931782509,6.459218931782509,6.459218931782509,6.459218931782509,6.459218931782509,6.459218931782509,6.459218931782509,6.459218931782509,6.459218931782509,6.459218931782509,6.459218931782509,6.459218931782509,6.459218931782509,6.459218931782509,6.459218931782509,6.459218931782509,6.459218931782509,6.459218931782509,6.459218931782509,6.459218931782509,6.459218931782509,6.459218931782509,6.459218931782509,6.419241699605866,6.419241699605866,6.419241699605866,6.419241699605866,6.419241699605866,6.419241699605866,6.419241699605866,6.419241699605866,6.419241699605866,6.419241699605866,6.419241699605866,6.419241699605866,6.419241699605866,6.419241699605866,6.419241699605866,6.419241699605866,6.419241699605866,6.419241699605866,6.419241699605866,6.419241699605866,6.419241699605866,6.419241699605866,6.419241699605866,6.419241699605866,6.419241699605866,6.419241699605866,6.419241699605866,6.419241699605866,6.419241699605866,6.419241699605866,6.419241699605866,6.419241699605866,6.419241699605866,6.419241699605866,6.419241699605866,6.419241699605866,6.419241699605866,6.419241699605866,6.419241699605866,6.419241699605866,6.419241699605866,6.419241699605866,6.419241699605866,6.419241699605866,6.419241699605866,6.419241699605866,6.419241699605866,6.419241699605866,6.419241699605866,6.419241699605866,6.419241699605866,6.419241699605866,6.419241699605866,6.419241699605866,6.419241699605866,6.419241699605866,6.419241699605866,6.419241699605866,6.419241699605866,6.419241699605866,6.419241699605866,6.419241699605866,6.419241699605866,6.419241699605866,6.419241699605866,6.419241699605866,6.419241699605866,6.419241699605866,6.419241699605866,6.419241699605866,6.419241699605866,6.419241699605866,6.419241699605866,6.419241699605866,6.419241699605866,6.419241699605866,6.419241699605866,6.419241699605866,6.419241699605866,6.419241699605866,6.419241699605866,6.419241699605866,6.419241699605866,6.419241699605866,6.419241699605866,6.419241699605866,6.419241699605866,6.419241699605866,6.419241699605866,6.419241699605866,6.419241699605866,6.419241699605866,6.419241699605866,6.419241699605866,6.419241699605866,6.419241699605866,6.419241699605866,6.419241699605866,6.419241699605866,6.419241699605866,6.419241699605866,6.419241699605866,6.419241699605866,6.419241699605866,6.419241699605866,6.419241699605866,6.419241699605866,6.419241699605866,6.419241699605866,6.419241699605866,6.419241699605866,6.419241699605866,6.419241699605866,6.419241699605866,6.419241699605866,6.419241699605866,6.419241699605866,6.419241699605866,6.419241699605866,6.419241699605866,6.419241699605866,6.419241699605866,6.419241699605866,6.419241699605866,6.419241699605866,6.419241699605866,6.419241699605866,6.419241699605866,6.419241699605866,6.419241699605866,6.419241699605866,6.419241699605866,6.419241699605866,6.419241699605866,6.419241699605866,6.419241699605866,6.419241699605866,6.419241699605866,6.419241699605866,6.419241699605866,6.419241699605866,6.419241699605866,6.419241699605866,6.419241699605866,6.419241699605866,6.419241699605866,6.419241699605866,6.419241699605866,6.419241699605866,6.419241699605866,6.419241699605866,6.419241699605866,6.419241699605866,6.419241699605866,6.419241699605866,6.419241699605866,6.419241699605866,6.419241699605866,6.419241699605866,6.419241699605866,6.419241699605866,6.419241699605866,6.419241699605866,6.419241699605866,6.419241699605866,6.419241699605866,6.419241699605866,6.419241699605866,6.419241699605866,6.419241699605866,6.419241699605866,6.419241699605866,6.419241699605866,6.419241699605866,6.419241699605866,6.419241699605866,6.419241699605866,6.419241699605866,6.419241699605866,6.419241699605866,6.419241699605866,6.419241699605866,6.419241699605866,6.419241699605866,6.1136064479502155,6.1136064479502155,6.1136064479502155,6.1136064479502155,6.1136064479502155,6.1136064479502155,6.1136064479502155,6.1136064479502155,6.1136064479502155,6.1136064479502155,6.1136064479502155,6.1136064479502155,6.1136064479502155,6.1136064479502155,6.1136064479502155,6.00969727933166,6.00969727933166,6.00969727933166,6.00969727933166,6.00969727933166,6.00969727933166,6.00969727933166,6.00969727933166,6.00969727933166,6.00969727933166,6.00969727933166,6.00969727933166,6.00969727933166,6.00969727933166,6.00969727933166,6.00969727933166,6.00969727933166,6.00969727933166,6.00969727933166,6.00969727933166,6.00969727933166,6.00969727933166,6.00969727933166,6.00969727933166,6.00969727933166,6.00969727933166,6.00969727933166,6.00969727933166,6.00969727933166,6.00969727933166,6.00969727933166,6.00969727933166,6.00969727933166,6.00969727933166,6.00969727933166,6.00969727933166,6.00969727933166,6.00969727933166,6.00969727933166,6.00969727933166,6.00969727933166,6.00969727933166,6.00969727933166,6.00969727933166,6.00969727933166,6.00969727933166,6.00969727933166,6.00969727933166,6.00969727933166,6.00969727933166,6.00969727933166,6.00969727933166,6.00969727933166,6.00969727933166,6.00969727933166,6.00969727933166,6.00969727933166,6.00969727933166,6.00969727933166,6.00969727933166,6.00969727933166,6.00969727933166,6.00969727933166,6.00969727933166,6.00969727933166,6.00969727933166,6.00969727933166,6.00969727933166,6.00969727933166,6.00969727933166,6.00969727933166,6.00969727933166,6.00969727933166,6.00969727933166,6.00969727933166,6.00969727933166,6.00969727933166,6.00969727933166,6.00969727933166,6.00969727933166,6.00969727933166,6.00969727933166,6.00969727933166,6.00969727933166,6.00969727933166,6.00969727933166,6.00969727933166,6.00969727933166,6.00969727933166,6.00969727933166,6.00969727933166,6.00969727933166,6.00969727933166,6.00969727933166,6.00969727933166,6.00969727933166,6.00969727933166,6.00969727933166,6.00969727933166,6.00969727933166,6.00969727933166,6.00969727933166,6.00969727933166,6.00969727933166,6.00969727933166,6.00969727933166,6.00969727933166,6.00969727933166,6.00969727933166,6.00969727933166,6.00969727933166,6.00969727933166,6.00969727933166,6.00969727933166,6.00969727933166,6.00969727933166,6.00969727933166,6.00969727933166,6.00969727933166,6.00969727933166,6.00969727933166,6.00969727933166,6.00969727933166,6.00969727933166,6.00969727933166,6.00969727933166,6.00969727933166,6.00969727933166,6.00969727933166,6.00969727933166,6.00969727933166,6.00969727933166,6.00969727933166,6.00969727933166,6.00969727933166,6.00969727933166,6.00969727933166,6.00969727933166,6.00969727933166,6.00969727933166,6.00969727933166,6.00969727933166,6.00969727933166,6.00969727933166,6.00969727933166,6.00969727933166,6.00969727933166,6.00969727933166,6.00969727933166,6.00969727933166,6.00969727933166,6.00969727933166,6.00969727933166,6.00969727933166,6.00969727933166,6.00969727933166,6.00969727933166,6.00969727933166,6.00969727933166,6.00969727933166,6.00969727933166,6.00969727933166,6.00969727933166,6.00969727933166,6.00969727933166,6.00969727933166,6.00969727933166,6.00969727933166,6.00969727933166,6.00969727933166,6.00969727933166,6.00969727933166,6.00969727933166,6.00969727933166,6.00969727933166,6.00969727933166,6.00969727933166,6.00969727933166,6.00969727933166,6.00969727933166,6.00969727933166,6.00969727933166,6.00969727933166,6.00969727933166,6.00969727933166,6.00969727933166,6.00969727933166,5.980152275831131,5.980152275831131,5.980152275831131,5.980152275831131,5.980152275831131,5.980152275831131,5.980152275831131,5.980152275831131,5.980152275831131,5.980152275831131,5.980152275831131,5.980152275831131,5.980152275831131,5.980152275831131,5.980152275831131,5.980152275831131,5.980152275831131,5.980152275831131,5.980152275831131,5.940296740415965,5.940296740415965,5.940296740415965,5.940296740415965,5.940296740415965,5.940296740415965,5.940296740415965,5.940296740415965,5.940296740415965,5.940296740415965,5.940296740415965,5.940296740415965,5.940296740415965,5.940296740415965,5.940296740415965,5.940296740415965,5.940296740415965,5.940296740415965,5.940296740415965,5.940296740415965,5.940296740415965,5.940296740415965,5.940296740415965,5.940296740415965,5.940296740415965,5.940296740415965,5.940296740415965,5.940296740415965,5.940296740415965,5.940296740415965,5.940296740415965,5.940296740415965,5.940296740415965,5.940296740415965,5.940296740415965,5.940296740415965,5.940296740415965,5.940296740415965,5.940296740415965,5.940296740415965,5.940296740415965,5.940296740415965,5.940296740415965,5.940296740415965,5.940296740415965,5.940296740415965,5.940296740415965,5.940296740415965,5.940296740415965,5.940296740415965,5.940296740415965,5.940296740415965,5.940296740415965,5.940296740415965,5.940296740415965,5.940296740415965,5.940296740415965,5.940296740415965,5.940296740415965,5.940296740415965,5.940296740415965,5.940296740415965,5.940296740415965,5.940296740415965,5.940296740415965,5.940296740415965,5.940296740415965,5.940296740415965,5.940296740415965,5.940296740415965,5.940296740415965,5.940296740415965,5.940296740415965,5.940296740415965,5.940296740415965,5.940296740415965,5.940296740415965,5.940296740415965,5.473401720965911,5.473401720965911,5.473401720965911,5.473401720965911,5.473401720965911,5.473401720965911,5.473401720965911,5.473401720965911,5.473401720965911,5.473401720965911,5.473401720965911,5.473401720965911,5.473401720965911,5.473401720965911,5.473401720965911,5.473401720965911,5.17439105903688,5.17439105903688,5.17439105903688,5.17439105903688,5.17439105903688,5.17439105903688,5.17439105903688,5.17439105903688,5.17439105903688,5.17439105903688,5.17439105903688,5.17439105903688,5.17439105903688,5.17439105903688,5.17439105903688,5.17439105903688,5.17439105903688,5.17439105903688,5.17439105903688,5.17439105903688,5.17439105903688,5.17439105903688,5.17439105903688,5.17439105903688,5.17439105903688,5.17439105903688,5.17439105903688,5.17439105903688,5.17439105903688,5.17439105903688,5.17439105903688,5.17439105903688,5.17439105903688,5.17439105903688,5.17439105903688,5.17439105903688,5.17439105903688,5.17439105903688,5.17439105903688,5.17439105903688,5.17439105903688,5.17439105903688,5.17439105903688,5.17439105903688,5.17439105903688,5.17439105903688,5.17439105903688,5.17439105903688,5.17439105903688,5.17439105903688,5.17439105903688,5.17439105903688,5.17439105903688,5.17439105903688,5.17439105903688,5.17439105903688,5.17439105903688,5.17439105903688,5.17439105903688,5.17439105903688,5.17439105903688,5.17439105903688,5.17439105903688,5.17439105903688,5.17439105903688,5.17439105903688,5.17439105903688,5.17439105903688,5.17439105903688,5.17439105903688,5.17439105903688,5.17439105903688,5.17439105903688,5.17439105903688,5.17439105903688,5.17439105903688,5.17439105903688,5.17439105903688,5.17439105903688,5.17439105903688,5.17439105903688,5.17439105903688,5.17439105903688,5.17439105903688,5.17439105903688,5.17439105903688,5.17439105903688,5.17439105903688,5.17439105903688,5.17439105903688,5.17439105903688,5.17439105903688,5.17439105903688,5.17439105903688,5.17439105903688,5.17439105903688,5.17439105903688,5.17439105903688,5.17439105903688,5.17439105903688,5.17439105903688,5.17439105903688,5.17439105903688,5.17439105903688,5.17439105903688,5.17439105903688,5.17439105903688,5.17439105903688,5.17439105903688,5.17439105903688,5.17439105903688,5.17439105903688,5.17439105903688,5.17439105903688,5.17439105903688,5.17439105903688,5.17439105903688,5.17439105903688,5.17439105903688,5.17439105903688,5.17439105903688,5.17439105903688,5.17439105903688,5.17439105903688,5.17439105903688,5.17439105903688,5.17439105903688,5.17439105903688,5.17439105903688,5.17439105903688,5.17439105903688,5.17439105903688,5.17439105903688,5.17439105903688,5.17439105903688,5.17439105903688,5.17439105903688,5.17439105903688,5.17439105903688,5.17439105903688,5.17439105903688,5.17439105903688,5.17439105903688,5.17439105903688,5.17439105903688,5.17439105903688,5.17439105903688,5.17439105903688,5.17439105903688,5.17439105903688,5.17439105903688,5.17439105903688,5.17439105903688,5.17439105903688,5.17439105903688,5.17439105903688,5.17439105903688,5.17439105903688,5.17439105903688,5.17439105903688,5.17439105903688,5.17439105903688,5.17439105903688,5.17439105903688,5.17439105903688,5.17439105903688,5.17439105903688,5.17439105903688,5.17439105903688,5.17439105903688,5.17439105903688,7.88263797944605,7.88263797944605,7.88263797944605,7.88263797944605,7.88263797944605,7.792166833501342,7.792166833501342,7.53993170458775,7.53993170458775,7.53993170458775,7.53993170458775,7.246039257743886,7.246039257743886,7.246039257743886,7.246039257743886,7.246039257743886,7.246039257743886,7.246039257743886,7.246039257743886,7.246039257743886,7.246039257743886,7.246039257743886,7.246039257743886,7.246039257743886,7.065127139180264,7.065127139180264,7.065127139180264,7.065127139180264,7.065127139180264,7.065127139180264,7.065127139180264,6.047402380549999,6.047402380549999,6.047402380549999,6.047402380549999,5.888713657179176,5.888713657179176,5.888713657179176,5.888713657179176,5.888713657179176,5.888713657179176,5.888713657179176,5.888713657179176,5.888713657179176,5.888713657179176,5.888713657179176,5.888713657179176,5.888713657179176,5.888713657179176,5.888713657179176,5.888713657179176,5.888713657179176,5.703420811248468,5.703420811248468,5.703420811248468,5.703420811248468,5.703420811248468,5.703420811248468,5.703420811248468,5.703420811248468,5.703420811248468,5.703420811248468,5.703420811248468,5.703420811248468,5.703420811248468,5.703420811248468,5.703420811248468,5.703420811248468,5.703420811248468,5.703420811248468,5.703420811248468,5.703420811248468,5.703420811248468,5.703420811248468,5.703420811248468,5.703420811248468,5.703420811248468,5.703420811248468,5.703420811248468,5.703420811248468,5.703420811248468,5.703420811248468,5.703420811248468,5.703420811248468,5.703420811248468,5.703420811248468,5.703420811248468,5.703420811248468,5.703420811248468,5.703420811248468,5.703420811248468,5.703420811248468,5.703420811248468,5.703420811248468,5.703420811248468,5.703420811248468,5.703420811248468,5.703420811248468,5.703420811248468,5.703420811248468,5.703420811248468,5.703420811248468,5.703420811248468,5.703420811248468,5.703420811248468,5.703420811248468,5.703420811248468,5.703420811248468,5.703420811248468,5.703420811248468,5.703420811248468,5.703420811248468,5.703420811248468,5.703420811248468,5.703420811248468,5.703420811248468,5.703420811248468,5.703420811248468,5.703420811248468,5.703420811248468,5.703420811248468,5.703420811248468,5.703420811248468,5.703420811248468,5.703420811248468,5.703420811248468,5.703420811248468,5.703420811248468,5.703420811248468,5.703420811248468,5.703420811248468,4.964866181745057,4.737772901250039,4.441352854785967,4.441352854785967,4.326872739049504,4.326872739049504,4.326872739049504,4.326872739049504,4.326872739049504,4.2758821731165,4.2758821731165,4.2758821731165,4.2758821731165,4.2758821731165,4.2758821731165,4.2758821731165,4.2758821731165,4.2758821731165,4.2758821731165,4.2758821731165,4.2758821731165,4.2758821731165,4.2758821731165,4.2758821731165,4.2758821731165,4.2758821731165,4.2758821731165,4.2758821731165,4.2758821731165,4.2758821731165,4.2758821731165,4.2758821731165,4.2758821731165,4.2758821731165,4.2758821731165,4.2758821731165,4.2758821731165,4.2758821731165,4.2758821731165,4.2758821731165,4.2758821731165,4.2758821731165,4.2758821731165,4.2758821731165,4.2758821731165,4.2758821731165,4.2758821731165,4.2758821731165,4.2758821731165,4.2758821731165,4.2758821731165,4.2758821731165,4.2758821731165,4.2758821731165,4.2758821731165,4.2758821731165,4.2758821731165,4.2758821731165,4.2758821731165,4.2758821731165,4.2758821731165,4.2758821731165,4.2758821731165,4.2758821731165,4.2758821731165,4.2758821731165,4.2758821731165,4.2758821731165,4.2758821731165,4.2758821731165,4.2758821731165,4.2758821731165,4.2758821731165,4.2758821731165,4.2758821731165,4.2758821731165,4.2758821731165,4.2758821731165,4.2758821731165,4.2758821731165,4.2758821731165,4.2758821731165,4.2758821731165,4.2758821731165,4.2758821731165,4.2758821731165,4.2758821731165,4.2758821731165,4.2758821731165,4.2758821731165,4.2758821731165,4.2758821731165,4.2758821731165,4.2758821731165,4.2758821731165,4.2758821731165,4.2758821731165,4.2758821731165,4.2758821731165,4.2758821731165,4.2758821731165,4.2758821731165,4.2758821731165,4.2758821731165,4.2758821731165,4.2758821731165,4.2758821731165,4.2758821731165,4.2758821731165,4.2758821731165,4.2758821731165,4.2758821731165,4.2758821731165,4.2758821731165,4.2758821731165,4.2758821731165,4.2758821731165,4.2758821731165,4.2758821731165,4.2758821731165,4.2758821731165,4.2758821731165,4.2758821731165,4.2758821731165,4.2758821731165,4.2758821731165,4.2758821731165,4.2758821731165,4.2758821731165,4.2758821731165,4.2758821731165,4.2758821731165,4.2758821731165,4.2758821731165,4.2758821731165,4.2758821731165,4.2758821731165,4.2758821731165,4.2758821731165,4.2758821731165,4.2758821731165,4.2758821731165,4.2758821731165,4.2758821731165,4.2758821731165,4.2758821731165,4.2758821731165,4.2758821731165,4.2758821731165,4.2758821731165,4.2758821731165,4.2758821731165,4.2758821731165,4.2758821731165,4.2758821731165,4.2758821731165,4.2758821731165,4.2758821731165,4.2758821731165,4.2758821731165,4.2758821731165,4.2758821731165,4.2758821731165,4.2758821731165,4.2758821731165,4.2758821731165,4.2758821731165,4.2758821731165,4.2758821731165,3.9040958172017852,3.9040958172017852,3.9040958172017852,3.9040958172017852,3.9040958172017852,3.8107627153269745,3.8107627153269745,3.8107627153269745,3.8107627153269745,3.8107627153269745,3.8107627153269745,3.8107627153269745,3.8107627153269745,3.8107627153269745,3.8107627153269745,3.8107627153269745,3.8107627153269745,3.8107627153269745,3.8107627153269745,3.8107627153269745,3.8107627153269745,3.8107627153269745,3.8107627153269745,3.8107627153269745,3.8107627153269745,3.8107627153269745,3.8107627153269745,3.8107627153269745,3.8107627153269745,3.8107627153269745,3.8107627153269745,3.8107627153269745,3.8107627153269745,3.8107627153269745,3.8107627153269745,3.8107627153269745,3.8107627153269745,3.8107627153269745,3.8107627153269745,3.8107627153269745,3.8107627153269745,3.8107627153269745,3.8107627153269745,3.8107627153269745,3.8107627153269745,3.8107627153269745,3.8107627153269745,3.8107627153269745,3.8107627153269745,3.8107627153269745,3.8107627153269745,3.8107627153269745,3.8107627153269745,3.8107627153269745,3.8107627153269745,3.8107627153269745,3.8107627153269745,3.8107627153269745,3.8107627153269745,3.8107627153269745,3.8107627153269745,3.8107627153269745,3.8107627153269745,3.8107627153269745,3.8107627153269745,3.8107627153269745,3.8107627153269745,3.8107627153269745,3.8107627153269745,3.8107627153269745,3.8107627153269745,3.8107627153269745,3.8107627153269745,3.8107627153269745,3.8107627153269745,3.8107627153269745,3.8107627153269745,3.8107627153269745,3.8107627153269745,3.8107627153269745,3.8107627153269745,3.8107627153269745,3.8107627153269745,3.8107627153269745,3.8107627153269745,3.8107627153269745,3.8107627153269745,3.8107627153269745,3.8107627153269745,3.8107627153269745,3.8107627153269745,3.8107627153269745,3.8107627153269745,3.8107627153269745,3.8107627153269745,3.8107627153269745,3.8107627153269745,3.8107627153269745,3.8107627153269745,3.8107627153269745,3.8107627153269745,3.8107627153269745,3.8107627153269745,3.8107627153269745,3.8107627153269745,3.8107627153269745,3.8107627153269745,3.8107627153269745,3.8107627153269745,3.8107627153269745,3.8107627153269745,3.8107627153269745,3.8107627153269745,3.8107627153269745,3.8107627153269745,3.8107627153269745,3.8107627153269745,3.8107627153269745,3.8107627153269745,3.8107627153269745,3.8107627153269745,3.8107627153269745,3.8107627153269745,3.8107627153269745,3.8107627153269745,3.8107627153269745,3.8107627153269745,3.8107627153269745,3.8107627153269745,3.8107627153269745,3.8107627153269745,3.8107627153269745,3.8107627153269745,3.8107627153269745,3.8107627153269745,3.8107627153269745,3.8107627153269745,3.8107627153269745,3.8107627153269745,3.8107627153269745,3.8107627153269745,3.8107627153269745,3.8107627153269745,3.8107627153269745,3.8107627153269745,3.8107627153269745,3.8107627153269745,3.8107627153269745,3.8107627153269745,3.8107627153269745,3.8107627153269745,3.8107627153269745,3.8107627153269745,3.8107627153269745,3.8107627153269745,3.8107627153269745,3.8107627153269745,3.8107627153269745,3.8107627153269745,3.8107627153269745,3.8107627153269745,3.8107627153269745,3.8107627153269745,3.8107627153269745,3.8107627153269745,3.8107627153269745,3.8107627153269745,3.8107627153269745,3.8107627153269745,3.8107627153269745,3.8107627153269745,3.8107627153269745,3.8107627153269745,3.8107627153269745,3.8107627153269745,3.8107627153269745,3.8107627153269745,3.8107627153269745,3.8107627153269745,3.8107627153269745,3.8107627153269745,3.8107627153269745,3.8107627153269745,3.8107627153269745,3.8107627153269745,3.8107627153269745,3.8107627153269745,3.8107627153269745,3.8107627153269745,3.8107627153269745,3.8107627153269745,3.8107627153269745,3.8107627153269745,3.8107627153269745,3.8107627153269745,3.8107627153269745,3.8107627153269745,3.8107627153269745,3.8107627153269745,3.8107627153269745,3.8107627153269745,3.8107627153269745,3.8107627153269745,3.8107627153269745,3.8107627153269745,3.8107627153269745,3.8107627153269745,3.8107627153269745,3.8107627153269745,3.8107627153269745,3.8107627153269745,3.8107627153269745,3.8107627153269745,3.8107627153269745,3.8107627153269745,3.8107627153269745,3.8107627153269745,3.8107627153269745,3.8107627153269745,3.8107627153269745,3.8107627153269745,3.8107627153269745,3.8107627153269745,3.8107627153269745,3.8107627153269745,3.8107627153269745,3.8107627153269745,3.8107627153269745,3.8107627153269745,3.8107627153269745,3.8107627153269745,3.8107627153269745,3.8107627153269745,3.8107627153269745,3.8107627153269745,3.8107627153269745,3.8107627153269745,3.8107627153269745,3.8107627153269745,3.8107627153269745,3.8107627153269745,3.8107627153269745,3.8107627153269745,3.8107627153269745,3.8107627153269745,3.8107627153269745,3.8107627153269745,3.8107627153269745,3.8107627153269745,3.8107627153269745,3.8107627153269745,3.8107627153269745,3.8107627153269745,3.8107627153269745,3.8107627153269745,3.8107627153269745,3.8107627153269745,3.8107627153269745,3.8107627153269745,3.8107627153269745,3.8107627153269745,3.8107627153269745,3.8107627153269745,3.8107627153269745,3.8107627153269745,3.8107627153269745,3.8107627153269745,3.8107627153269745,3.8107627153269745,3.8107627153269745,3.8107627153269745,3.8107627153269745,3.8107627153269745,3.8107627153269745,3.8107627153269745,3.8107627153269745,3.8107627153269745,3.8107627153269745,3.8107627153269745,3.8107627153269745,3.8107627153269745,3.8107627153269745,3.8107627153269745,3.8107627153269745,3.8107627153269745,3.8107627153269745,3.8107627153269745,3.8107627153269745,3.8107627153269745,3.8107627153269745,3.8107627153269745,3.8107627153269745,3.8107627153269745,3.8107627153269745,3.8107627153269745,3.8107627153269745,3.8107627153269745,3.8107627153269745,3.8107627153269745,3.8107627153269745,3.8107627153269745,3.8107627153269745,3.8107627153269745,3.8107627153269745,3.8107627153269745,3.8107627153269745,3.8107627153269745,3.8107627153269745,3.8107627153269745,3.8107627153269745,3.8107627153269745,3.8107627153269745,3.8107627153269745,3.8107627153269745,3.8107627153269745,3.8107627153269745,3.8107627153269745,3.8107627153269745,3.8107627153269745,3.8107627153269745,3.8107627153269745,3.8107627153269745,3.8107627153269745,3.8107627153269745,3.8107627153269745,3.8107627153269745,3.8107627153269745,3.8107627153269745,3.8107627153269745,3.8107627153269745,3.8107627153269745,3.8107627153269745,3.8107627153269745,3.8107627153269745,3.8107627153269745,3.8107627153269745,3.8107627153269745,3.8107627153269745,3.8107627153269745,3.8107627153269745,3.8107627153269745,3.8107627153269745,3.8107627153269745,3.8107627153269745,3.8107627153269745,3.8107627153269745,3.8107627153269745,3.8107627153269745,3.8107627153269745,3.8107627153269745,3.8107627153269745,3.8107627153269745,3.8107627153269745,3.8107627153269745,3.8107627153269745,3.8107627153269745,3.8107627153269745,3.8107627153269745,3.8107627153269745,3.8107627153269745,3.8107627153269745,3.8107627153269745,3.8107627153269745,3.8107627153269745,3.8107627153269745,3.8107627153269745,3.8107627153269745,3.8107627153269745,3.8107627153269745,3.8107627153269745,3.8107627153269745,3.8107627153269745,3.8107627153269745,3.8107627153269745,3.8107627153269745,3.8107627153269745,3.8107627153269745,3.8107627153269745,3.8107627153269745,3.8107627153269745,3.8107627153269745,3.8107627153269745,3.8107627153269745,3.8107627153269745,3.8107627153269745,3.8107627153269745,3.8107627153269745,3.8107627153269745,3.8107627153269745,3.8107627153269745,3.8107627153269745,3.8107627153269745,3.8107627153269745,3.8107627153269745,3.8107627153269745,3.8107627153269745,3.8107627153269745,3.8107627153269745,3.8107627153269745,3.8107627153269745,3.8107627153269745,3.8107627153269745,3.8107627153269745,3.8107627153269745,3.8107627153269745,3.8107627153269745,3.8107627153269745,3.8107627153269745,3.8107627153269745,3.8107627153269745,3.8107627153269745,3.8107627153269745,3.8107627153269745,3.8107627153269745,3.8107627153269745,3.8107627153269745,3.8107627153269745,3.8107627153269745,3.8107627153269745,3.8107627153269745,3.8107627153269745,3.8107627153269745,3.8107627153269745,3.8107627153269745,3.8107627153269745,3.8107627153269745,3.8107627153269745,3.8107627153269745,3.8107627153269745,3.8107627153269745,3.8107627153269745,3.8107627153269745,3.8107627153269745,3.8107627153269745,3.8107627153269745,3.8107627153269745,3.8107627153269745,3.8107627153269745,3.8107627153269745,3.8107627153269745,3.8107627153269745,3.8107627153269745,3.8107627153269745,3.8107627153269745,3.8107627153269745,3.8107627153269745,3.8107627153269745,3.8107627153269745,3.8107627153269745,3.8107627153269745,3.8107627153269745,3.8107627153269745,3.8107627153269745,3.8107627153269745,3.8107627153269745,3.8107627153269745,3.8107627153269745,3.8107627153269745,3.8107627153269745,3.8107627153269745,3.8107627153269745,3.8107627153269745,3.8107627153269745,3.8107627153269745,3.8107627153269745,3.8107627153269745,3.8107627153269745,3.8107627153269745,3.8107627153269745,3.8107627153269745,3.8107627153269745,3.8107627153269745,3.8107627153269745,3.8107627153269745,3.8107627153269745,3.8107627153269745,3.8107627153269745,3.8107627153269745,3.8107627153269745,3.8107627153269745,3.8107627153269745,3.8107627153269745,3.8107627153269745,3.8107627153269745,3.8107627153269745,3.8107627153269745,3.8107627153269745,3.8107627153269745,3.8107627153269745,3.8107627153269745,3.8107627153269745,3.8107627153269745,3.8107627153269745,3.8107627153269745,3.8107627153269745,3.8107627153269745,3.8107627153269745,3.8107627153269745,3.8107627153269745,3.8107627153269745,3.8107627153269745,3.8107627153269745,3.8107627153269745,3.8107627153269745,3.8107627153269745,3.8107627153269745,3.8107627153269745,3.8107627153269745,3.8107627153269745,3.8107627153269745,3.8107627153269745,3.8107627153269745,3.8107627153269745,3.8107627153269745,3.8107627153269745,3.8107627153269745,3.8107627153269745,3.8107627153269745,3.8107627153269745,3.8107627153269745,3.8107627153269745,3.8107627153269745,3.8107627153269745,3.8107627153269745,3.8107627153269745,3.8107627153269745,3.8107627153269745,3.8107627153269745,3.8107627153269745,3.8107627153269745,3.8107627153269745,3.8107627153269745,3.8107627153269745,3.8107627153269745,3.8107627153269745,3.8107627153269745,3.8107627153269745,3.8107627153269745,3.8107627153269745,3.8107627153269745,3.8107627153269745,3.8107627153269745,3.8107627153269745,3.8107627153269745,3.8107627153269745,3.8107627153269745,3.8107627153269745,3.8107627153269745,3.8107627153269745,3.8107627153269745,3.8107627153269745,3.8107627153269745,3.8107627153269745,3.8107627153269745,3.8107627153269745,3.8107627153269745,3.8107627153269745,3.8107627153269745,3.8107627153269745,3.8107627153269745,3.8107627153269745,3.8107627153269745,3.8107627153269745,3.8107627153269745,3.8107627153269745,3.8107627153269745,3.8107627153269745,3.8107627153269745,3.8107627153269745,3.8107627153269745,3.8107627153269745,3.8107627153269745,3.8107627153269745,3.8107627153269745,3.8107627153269745,3.8107627153269745,3.8107627153269745,3.8107627153269745,3.8107627153269745,3.8107627153269745,3.8107627153269745,3.8107627153269745,3.8107627153269745,3.8107627153269745,3.8107627153269745,3.8107627153269745,3.8107627153269745,3.8107627153269745,3.8107627153269745,3.8107627153269745,3.8107627153269745,3.8107627153269745,3.8107627153269745,3.8107627153269745,3.8107627153269745,3.8107627153269745,3.8107627153269745,3.8107627153269745,3.8107627153269745,3.8107627153269745,3.8107627153269745,3.8107627153269745,3.8107627153269745,3.8107627153269745,3.8107627153269745,3.8107627153269745,3.8107627153269745,3.8107627153269745,3.8107627153269745,3.8107627153269745,3.8107627153269745,3.8107627153269745,3.8107627153269745,3.8107627153269745,3.8107627153269745,3.8107627153269745,3.8107627153269745,3.8107627153269745,3.8107627153269745,3.8107627153269745,3.8107627153269745,3.8107627153269745,3.8107627153269745,3.8107627153269745,3.8107627153269745,3.8107627153269745,3.8107627153269745,3.8107627153269745,3.8107627153269745,3.8107627153269745,3.8107627153269745,3.8107627153269745,3.8107627153269745,3.8107627153269745,3.8107627153269745,3.8107627153269745,3.8107627153269745,3.8107627153269745,3.8107627153269745,3.8107627153269745,3.8107627153269745,3.8107627153269745,3.8107627153269745,3.8107627153269745,3.8107627153269745,3.8107627153269745,3.8107627153269745,3.8107627153269745,3.8107627153269745,3.8107627153269745,3.8107627153269745,3.8107627153269745,3.8107627153269745,3.8107627153269745,3.8107627153269745,3.8107627153269745,3.8107627153269745,3.8107627153269745,3.8107627153269745,3.8107627153269745,3.8107627153269745,3.8107627153269745,3.8107627153269745,3.8107627153269745,3.8107627153269745,3.8107627153269745,3.8107627153269745,3.8107627153269745,3.8107627153269745,3.8107627153269745,3.8107627153269745,3.8107627153269745,3.8107627153269745,3.8107627153269745,3.8107627153269745,3.8107627153269745,3.8107627153269745,3.8107627153269745,3.8107627153269745,3.8107627153269745,3.8107627153269745,3.8107627153269745,3.8107627153269745,3.8107627153269745,3.8107627153269745,3.8107627153269745,3.8107627153269745,3.8107627153269745,3.8107627153269745,3.8107627153269745,3.8107627153269745,3.8107627153269745,3.8107627153269745,3.8107627153269745,3.8107627153269745,3.8107627153269745,3.8107627153269745,3.8107627153269745,3.8107627153269745,3.8107627153269745,9.017469100187263,8.72551712012484,8.72551712012484,8.72551712012484,8.72551712012484,8.705855715367768,8.705855715367768,8.705855715367768,8.705855715367768,8.682137578863102,8.073341636313286,8.073341636313286,8.073341636313286,8.073341636313286,8.073341636313286,8.073341636313286,8.073341636313286,8.073341636313286,8.073341636313286,8.073341636313286,8.073341636313286,8.073341636313286,8.073341636313286,8.073341636313286,8.073341636313286,8.073341636313286,8.073341636313286,8.073341636313286,8.073341636313286,8.073341636313286,7.589759273645043,7.589759273645043,7.589759273645043,7.589759273645043,6.8728273742353725,6.8728273742353725,6.8728273742353725,6.8728273742353725,5.717155531110407,5.717155531110407,5.717155531110407,5.717155531110407,5.717155531110407,5.717155531110407,5.717155531110407,5.717155531110407,5.717155531110407,5.717155531110407,5.717155531110407,5.717155531110407,5.717155531110407,5.717155531110407,5.717155531110407,5.717155531110407,5.717155531110407,5.717155531110407,5.717155531110407,5.717155531110407,5.717155531110407,5.717155531110407,5.717155531110407,5.717155531110407,5.717155531110407,5.717155531110407,5.717155531110407,5.717155531110407,5.717155531110407,5.717155531110407,5.717155531110407,5.717155531110407,5.717155531110407,5.717155531110407,5.717155531110407,5.717155531110407,5.717155531110407,5.717155531110407,5.717155531110407,5.717155531110407,5.717155531110407,5.717155531110407,5.717155531110407,5.717155531110407,5.717155531110407,5.717155531110407,5.717155531110407,5.717155531110407,5.717155531110407,5.717155531110407,5.717155531110407,5.717155531110407,5.717155531110407,5.717155531110407,5.717155531110407,5.717155531110407,5.717155531110407,5.717155531110407,5.717155531110407,5.717155531110407,5.717155531110407,5.717155531110407,5.717155531110407,5.717155531110407,5.717155531110407,5.717155531110407,5.717155531110407,5.717155531110407,5.717155531110407,5.717155531110407,5.717155531110407,5.717155531110407,5.717155531110407,5.717155531110407,5.717155531110407,5.717155531110407,5.717155531110407,5.717155531110407,5.717155531110407,5.717155531110407,5.717155531110407,5.717155531110407,5.717155531110407,5.500436940809598,5.500436940809598,5.500436940809598,5.500436940809598,5.500436940809598,5.500436940809598,5.500436940809598,5.500436940809598,5.500436940809598,5.500436940809598,5.500436940809598,5.500436940809598,5.500436940809598,5.500436940809598,5.500436940809598,5.500436940809598,5.500436940809597,5.500436940809597,5.500436940809597,5.500436940809597,5.500436940809597,5.500436940809597,5.500436940809597,5.500436940809597,5.500436940809597,5.500436940809597,5.500436940809597,5.500436940809597,5.500436940809597,5.500436940809597,5.500436940809597,5.500436940809597,5.500436940809597,5.500436940809597,5.500436940809597,5.49911657910092,5.49911657910092,5.49911657910092,5.49911657910092,5.49911657910092,5.49911657910092,5.49911657910092,5.49911657910092,5.49911657910092,5.49911657910092,5.49911657910092,5.49911657910092,5.49911657910092,5.49911657910092,5.49911657910092,5.49911657910092,5.49911657910092,5.49911657910092,5.49911657910092,5.49911657910092,5.49911657910092,5.49911657910092,5.49911657910092,5.49911657910092,5.49911657910092,5.49911657910092,5.49911657910092,5.49911657910092,5.49911657910092,5.49911657910092,5.49911657910092,5.49911657910092,5.49911657910092,5.49911657910092,5.49911657910092,5.49911657910092,5.49911657910092,5.49911657910092,5.49911657910092,5.49911657910092,5.49911657910092,5.49911657910092,5.49911657910092,5.49911657910092,5.49911657910092,5.49911657910092,5.49911657910092,5.49911657910092,5.49911657910092,5.49911657910092,5.49911657910092,5.49911657910092,5.49911657910092,5.49911657910092,5.49911657910092,5.49911657910092,5.49911657910092,5.49911657910092,5.49911657910092,5.49911657910092,5.49911657910092,5.49911657910092,5.49911657910092,5.49911657910092,5.49911657910092,5.49911657910092,5.49911657910092,5.49911657910092,5.49911657910092,5.49911657910092,5.49911657910092,5.49911657910092,5.49911657910092,5.49911657910092,5.49911657910092,5.49911657910092,5.49911657910092,5.49911657910092,5.49911657910092,5.49911657910092,5.49911657910092,5.49911657910092,5.49911657910092,5.49911657910092,5.49911657910092,5.49911657910092,5.49911657910092,5.49911657910092,5.49911657910092,5.49911657910092,5.49911657910092,5.49911657910092,5.49911657910092,5.49911657910092,5.49911657910092,5.49911657910092,5.49911657910092,5.49911657910092,5.49911657910092,5.49911657910092,5.49911657910092,5.49911657910092,5.49911657910092,5.49911657910092,5.49911657910092,5.49911657910092,5.49911657910092,5.49911657910092,5.49911657910092,5.49911657910092,5.49911657910092,5.49911657910092,5.49911657910092,5.49911657910092,5.49911657910092,5.49911657910092,5.49911657910092,5.49911657910092,5.49911657910092,5.49911657910092,5.49911657910092,5.49911657910092,5.49911657910092,5.49911657910092,5.49911657910092,5.49911657910092,5.49911657910092,5.49911657910092,5.49911657910092,5.49911657910092,5.49911657910092,5.49911657910092,5.49911657910092,5.49911657910092,5.49911657910092,5.49911657910092,5.49911657910092,5.49911657910092,5.49911657910092,5.49911657910092,5.49911657910092,5.49911657910092,5.49911657910092,5.49911657910092,5.49911657910092,5.49911657910092,5.49911657910092,5.49911657910092,5.49911657910092,5.49911657910092,5.49911657910092,5.49911657910092,5.49911657910092,5.49911657910092,5.49911657910092,5.49911657910092,5.49911657910092,5.49911657910092,5.49911657910092,5.49911657910092,5.49911657910092,5.49911657910092,5.49911657910092,5.49911657910092,5.49911657910092,5.49911657910092,5.49911657910092,5.49911657910092,5.49911657910092,5.49911657910092,5.49911657910092,5.49911657910092,5.49911657910092,5.49911657910092,5.49911657910092,5.49911657910092,5.49911657910092,5.49911657910092,5.49911657910092,5.49911657910092,5.49911657910092,5.49911657910092,5.49911657910092,5.49911657910092,5.49911657910092,5.49911657910092,5.49911657910092,5.49911657910092,5.49911657910092,5.49911657910092,5.49911657910092,5.49911657910092,5.49911657910092,5.49911657910092,5.49911657910092,5.49911657910092,5.49911657910092,5.49911657910092,5.49911657910092,5.49911657910092,5.49911657910092,5.49911657910092,5.49911657910092,5.49911657910092,5.49911657910092,5.49911657910092,5.49911657910092,5.49911657910092,5.49911657910092,5.49911657910092,5.49911657910092,5.49911657910092,5.49911657910092,5.49911657910092,5.49911657910092,5.49911657910092,5.49911657910092,5.49911657910092,5.49911657910092,5.49911657910092,5.49911657910092,5.49911657910092,5.49911657910092,5.49911657910092,5.49911657910092,5.49911657910092,5.49911657910092,5.49911657910092,5.49911657910092,5.49911657910092,5.49911657910092,5.49911657910092,5.49911657910092,5.49911657910092,5.49911657910092,5.49911657910092,5.49911657910092,5.49911657910092,5.49911657910092,5.49911657910092,5.49911657910092,5.49911657910092,5.49911657910092,5.49911657910092,5.49911657910092,5.49911657910092,5.49911657910092,5.49911657910092,5.49911657910092,5.49911657910092,5.49911657910092,5.49911657910092,5.49911657910092,5.49911657910092,5.49911657910092,5.49911657910092,5.49911657910092,5.49911657910092,5.49911657910092,5.49911657910092,5.49911657910092,5.49911657910092,5.49911657910092,5.49911657910092,5.49911657910092,5.49911657910092,5.49911657910092,5.49911657910092,5.49911657910092,5.49911657910092,5.49911657910092,5.49911657910092,5.49911657910092,5.49911657910092,5.49911657910092,5.49911657910092,5.49911657910092,5.49911657910092,5.49911657910092,5.49911657910092,5.49911657910092,5.49911657910092,5.49911657910092,5.49911657910092,5.49911657910092,5.49911657910092,5.49911657910092,5.49911657910092,5.49911657910092,5.49911657910092,5.49911657910092,5.49911657910092,5.49911657910092,5.49911657910092,5.49911657910092,5.49911657910092,5.49911657910092,5.49911657910092,5.49911657910092,5.49911657910092,5.49911657910092,5.49911657910092,5.49911657910092,5.49911657910092,5.49911657910092,5.49911657910092,5.49911657910092,5.49911657910092,5.49911657910092,5.49911657910092,5.49911657910092,5.49911657910092,5.49911657910092,5.49911657910092,5.49911657910092,5.49911657910092,5.49911657910092,5.49911657910092,5.49911657910092,5.49911657910092,5.49911657910092,5.49911657910092,5.49911657910092,5.49911657910092,5.49911657910092,5.49911657910092,5.49911657910092,5.49911657910092,5.49911657910092,5.49911657910092,5.49911657910092,5.49911657910092,5.457010120152053,5.457010120152053,5.457010120152053,5.457010120152053,5.457010120152053,5.457010120152053,5.457010120152053,5.457010120152053,5.457010120152053,5.457010120152053,5.457010120152053,5.457010120152053,5.457010120152053,5.457010120152053,5.457010120152053,5.457010120152053,5.457010120152053,5.457010120152053,5.457010120152053,5.457010120152053,5.457010120152053,5.457010120152053,5.457010120152053,5.457010120152053,5.457010120152053,5.457010120152053,5.457010120152053,5.457010120152053,5.457010120152053,5.457010120152053,5.457010120152053,5.457010120152053,5.457010120152053,5.457010120152053,5.457010120152053,5.457010120152053,5.457010120152053,5.457010120152053,5.457010120152053,5.457010120152053,5.457010120152053,5.457010120152053,5.457010120152053,5.457010120152053,5.457010120152053,5.457010120152053,5.457010120152053,5.457010120152053,5.457010120152053,5.457010120152053,5.457010120152053,5.457010120152053,5.457010120152053,5.457010120152053,5.457010120152053,5.457010120152053,5.457010120152053,5.457010120152053,5.457010120152053,5.457010120152053,5.457010120152053,5.457010120152053,5.457010120152053,5.457010120152053,5.457010120152053,5.457010120152053,5.457010120152053,5.457010120152053,5.457010120152053,5.457010120152053,5.457010120152053,5.457010120152053,5.457010120152053,5.457010120152053,5.457010120152053,5.457010120152053,5.457010120152053,5.457010120152053,5.457010120152053,5.457010120152053,5.457010120152053,5.457010120152053,5.457010120152053,5.457010120152053,5.457010120152053,5.457010120152053,5.457010120152053,5.457010120152053,5.457010120152053,5.457010120152053,5.457010120152053,5.457010120152053,5.457010120152053,5.457010120152053,5.457010120152053,5.457010120152053,5.457010120152053,5.457010120152053,5.457010120152053,5.457010120152053,5.457010120152053,5.457010120152053,5.457010120152053,5.457010120152053,5.457010120152053,5.457010120152053,5.457010120152053,5.457010120152053,5.457010120152053,5.457010120152053,5.457010120152053,5.457010120152053,5.457010120152053,5.457010120152053,5.457010120152053,5.457010120152053,5.457010120152053,5.457010120152053,5.457010120152053,5.457010120152053,5.457010120152053,5.457010120152053,5.457010120152053,5.457010120152053,5.457010120152053,5.457010120152053,5.457010120152053,5.457010120152053,5.457010120152053,5.457010120152053,5.457010120152053,5.457010120152053,5.457010120152053,5.457010120152053,5.457010120152053,5.457010120152053,5.457010120152053,5.457010120152053,5.457010120152053,5.457010120152053,5.457010120152053,5.457010120152053,5.457010120152053,5.457010120152053,5.457010120152053,5.457010120152053,5.457010120152053,5.457010120152053,5.457010120152053,5.457010120152053,5.457010120152053,5.457010120152053,5.457010120152053,5.457010120152053,5.457010120152053,5.457010120152053,5.457010120152053,5.457010120152053,5.457010120152053,5.457010120152053,5.457010120152053,5.457010120152053,5.457010120152053,5.457010120152053,5.457010120152053,5.457010120152053,5.457010120152053,5.457010120152053,5.457010120152053,5.457010120152053,5.457010120152053,5.457010120152053,5.457010120152053,5.457010120152053,5.457010120152053,5.457010120152053,5.457010120152053,5.457010120152053,5.457010120152053,5.457010120152053,5.457010120152053,5.457010120152053,5.457010120152053,5.457010120152053,5.457010120152053,5.457010120152053,5.457010120152053,5.457010120152053,5.457010120152053,5.457010120152053,5.457010120152053,5.457010120152053,5.457010120152053,5.457010120152053,5.457010120152053,5.457010120152053,5.457010120152053,5.457010120152053,5.457010120152053,5.457010120152053,5.457010120152053,5.457010120152053,5.457010120152053,5.457010120152053,5.457010120152053,5.457010120152053,5.457010120152053,5.457010120152053,5.457010120152053,5.457010120152053,5.457010120152053,5.457010120152053,5.457010120152053,5.457010120152053,5.457010120152053,5.457010120152053,5.457010120152053,5.457010120152053,5.457010120152053,5.457010120152053,5.457010120152053,5.457010120152053,5.457010120152053,5.457010120152053,5.457010120152053,5.457010120152053,5.457010120152053,5.457010120152053,5.457010120152053,5.457010120152053,5.457010120152053,5.457010120152053,5.457010120152053,5.457010120152053,5.457010120152053,5.457010120152053,5.457010120152053,5.457010120152053,5.457010120152053,5.457010120152053,5.457010120152053,5.457010120152053,5.457010120152053,5.457010120152053,5.457010120152053,5.457010120152053,5.457010120152053,5.457010120152053,5.457010120152053,5.457010120152053,5.457010120152053,5.308158957001719,5.308158957001719,5.308158957001719,5.308158957001719,5.308158957001719,5.308158957001719,5.308158957001719,5.308158957001719,5.308158957001719,5.308158957001719,5.308158957001719,5.308158957001719,5.308158957001719,5.308158957001719,5.308158957001719,5.308158957001719,5.308158957001719,5.308158957001719,5.308158957001719,5.308158957001719,5.308158957001719,5.308158957001719,5.308158957001719,5.308158957001719,5.155455207486741,5.099830242537113,5.099830242537113,5.090592392170592,5.090592392170592,5.090592392170592,5.090592392170592,5.090592392170592,5.090592392170592,5.090592392170592,5.090592392170592,5.090592392170592,5.090592392170592,4.468024089121775,4.468024089121775,4.468024089121775,4.468024089121775,4.468024089121775,4.468024089121775,4.468024089121775,4.468024089121775,4.468024089121775,4.468024089121775,4.468024089121775,4.468024089121775,4.468024089121775,4.468024089121775,4.468024089121775,4.468024089121775,4.468024089121775,4.468024089121775,4.468024089121775,4.468024089121775,4.468024089121775,4.468024089121775,4.468024089121775,4.468024089121775,4.468024089121775,4.468024089121775,4.468024089121775,4.468024089121775,4.468024089121775,4.468024089121775,4.468024089121775,4.468024089121775,4.468024089121775,4.468024089121775,4.468024089121775,4.468024089121775,4.468024089121775,4.468024089121775,4.468024089121775,4.468024089121775,4.468024089121775,4.468024089121775,4.468024089121775,4.468024089121775,4.468024089121775,4.468024089121775,4.468024089121775,4.468024089121775,4.468024089121775,4.468024089121775,4.468024089121775,4.468024089121775,4.468024089121775,4.468024089121775,4.468024089121775,4.468024089121775,4.468024089121775,4.468024089121775,4.468024089121775,4.468024089121775,4.468024089121775,4.468024089121775,4.468024089121775,4.468024089121775,4.468024089121775,4.468024089121775,4.468024089121775,4.468024089121775,4.468024089121775,4.468024089121775,4.468024089121775,4.468024089121775,4.468024089121775,4.468024089121775,4.468024089121775,4.468024089121775,4.468024089121775,4.468024089121775,4.468024089121775,4.468024089121775,4.468024089121775,4.468024089121775,4.468024089121775,4.468024089121775,4.468024089121775,4.468024089121775,4.468024089121775,4.468024089121775,4.468024089121775,4.468024089121775,4.468024089121775,4.468024089121775,4.468024089121775,4.468024089121775,4.468024089121775,4.468024089121775,4.468024089121775,4.468024089121775,4.468024089121775,4.468024089121775,4.468024089121775,4.468024089121775,4.468024089121775,4.468024089121775,4.468024089121775,4.468024089121775,4.468024089121775,4.468024089121775,4.468024089121775,4.468024089121775,4.468024089121775,4.468024089121775,4.468024089121775,4.468024089121775,4.468024089121775,4.468024089121775,4.468024089121775,4.468024089121775,4.468024089121775,4.468024089121775,4.468024089121775,4.468024089121775,4.468024089121775,4.468024089121775,4.468024089121775,4.468024089121775,4.468024089121775,4.468024089121775,4.468024089121775,4.468024089121775,4.468024089121775,4.468024089121775,4.468024089121775,4.468024089121775,4.468024089121775,4.468024089121775,4.468024089121775,4.468024089121775,4.468024089121775,4.468024089121775,4.468024089121775,4.468024089121775,4.468024089121775,4.468024089121775,4.468024089121775,4.468024089121775,4.468024089121775,4.468024089121775,4.468024089121775,4.468024089121775,4.468024089121775,4.468024089121775,4.468024089121775,4.468024089121775,4.468024089121775,4.468024089121775,4.468024089121775,4.468024089121775,4.468024089121775,4.468024089121775,4.468024089121775,4.468024089121775,4.468024089121775,4.468024089121775,4.468024089121775,4.468024089121775,4.468024089121775,4.468024089121775,4.468024089121775,4.468024089121775,4.468024089121775,4.468024089121775,4.468024089121775,4.468024089121775,4.468024089121775,4.468024089121775,4.468024089121775,4.468024089121775,4.468024089121775,4.468024089121775,4.468024089121775,4.468024089121775,4.468024089121775,4.468024089121775,4.468024089121775,4.468024089121775,4.468024089121775,4.468024089121775,4.468024089121775,4.468024089121775,4.468024089121775,4.468024089121775,4.468024089121775,4.468024089121775,4.468024089121775,4.468024089121775,4.468024089121775,4.468024089121775,4.468024089121775,4.468024089121775,4.468024089121775,4.468024089121775,4.468024089121775,4.468024089121775,4.468024089121775,4.468024089121775,4.468024089121775,4.468024089121775,4.468024089121775,4.468024089121775,4.468024089121775,4.468024089121775,4.468024089121775,4.468024089121775,4.468024089121775,4.468024089121775,4.468024089121775,4.468024089121775,4.468024089121775,4.468024089121775,4.468024089121775,4.468024089121775,4.468024089121775,4.468024089121775,8.656735456845244,8.355966415495704,8.355966415495704,8.353573446721251,8.353573446721251,8.008420831812609,8.008420831812609,8.008420831812609,8.008420831812609,8.008420831812609,8.008420831812609,7.579291095037773,7.579291095037773,7.579291095037773,7.579291095037773,7.579291095037773,7.579291095037773,7.556708465057593,7.556708465057593,7.556708465057593,7.556708465057593,7.556708465057593,7.071378335890646,7.071378335890646,7.071378335890646,7.071378335890646,7.071378335890646,6.233222911831189,6.233222911831189,6.233222911831189,6.233222911831189,6.233222911831189,6.233222911831189,6.233222911831189,6.233222911831189,6.233222911831189,6.233222911831189,6.233222911831189,6.233222911831189,6.233222911831189,6.233222911831189,6.233222911831189,6.233222911831189,6.233222911831189,6.233222911831189,6.233222911831189,6.233222911831189,6.233222911831189,6.233222911831189,6.233222911831189,6.233222911831189,6.233222911831189,6.233222911831189,6.233222911831189,6.233222911831189,6.233222911831189,6.233222911831189,6.233222911831189,6.233222911831189,6.233222911831189,6.233222911831189,6.233222911831189,6.233222911831189,6.233222911831189,6.233222911831189,6.233222911831189,6.233222911831189,6.233222911831189,6.233222911831189,6.233222911831189,6.233222911831189,6.233222911831189,6.233222911831189,6.233222911831189,6.233222911831189,6.233222911831189,6.233222911831189,6.233222911831189,6.233222911831189,6.233222911831189,6.233222911831189,6.233222911831189,6.233222911831189,6.233222911831189,6.233222911831189,6.233222911831189,6.233222911831189,6.233222911831189,6.233222911831189,6.233222911831189,6.233222911831189,6.233222911831189,6.233222911831189,6.233222911831189,6.233222911831189,6.233222911831189,6.233222911831189,6.233222911831189,6.233222911831189,6.233222911831189,6.233222911831189,6.233222911831189,6.233222911831189,6.233222911831189,6.233222911831189,6.233222911831189,6.233222911831189,6.233222911831189,6.233222911831189,6.233222911831189,6.233222911831189,6.233222911831189,6.233222911831189,6.233222911831189,6.233222911831189,6.233222911831189,6.233222911831189,6.233222911831189,6.233222911831189,6.233222911831189,6.233222911831189,6.233222911831189,6.233222911831189,6.233222911831189,6.233222911831189,5.029885834717834,4.959966963566993,4.83375269078507,4.83375269078507,4.83375269078507,4.83375269078507,4.83375269078507,4.822803527553236,4.822803527553236,4.822803527553236,4.822803527553236,4.822803527553236,4.822803527553236,4.822803527553236,4.822803527553236,4.822803527553236,4.822803527553236,4.822803527553236,4.822803527553236,4.822803527553236,4.822803527553236,4.822803527553236,4.822803527553236,4.822803527553236,4.822803527553236,4.822803527553236,4.822803527553236,4.822803527553236,4.822803527553236,4.822803527553236,4.822803527553236,4.822803527553236,4.822803527553236,4.822803527553236,4.822803527553236,4.822803527553236,4.822803527553236,4.822803527553236,4.822803527553236,4.822803527553236,4.822803527553236,4.822803527553236,4.822803527553236,4.822803527553236,4.822803527553236,4.822803527553236,4.822803527553236,4.822803527553236,4.822803527553236,4.822803527553236,4.822803527553236,4.822803527553236,4.822803527553236,4.822803527553236,4.822803527553236,4.822803527553236,4.822803527553236,4.822803527553236,4.822803527553236,4.822803527553236,4.822803527553236,4.822803527553236,4.822803527553236,4.200382599592809,4.200382599592809,4.200382599592809,4.200382599592809,4.200382599592809,4.200382599592809,4.200382599592809,4.200382599592809,4.200382599592809,4.200382599592809,4.200382599592809,4.200382599592809,4.200382599592809,4.200382599592809,4.200382599592809,4.200382599592809,4.200382599592809,4.200382599592809,4.200382599592809,4.200382599592809,4.200382599592809,4.200382599592809,4.200382599592809,4.200382599592809,4.200382599592809,4.200382599592809,4.200382599592809,4.200382599592809,4.200382599592809,4.200382599592809,4.200382599592809,4.200382599592809,4.200382599592809,4.200382599592809,4.200382599592809,4.200382599592809,4.200382599592809,4.200382599592809,4.200382599592809,4.200382599592809,4.200382599592809,4.200382599592809,4.200382599592809,4.15568596982383,4.15568596982383,4.15568596982383,4.15568596982383,4.094550860338885,4.094550860338885,4.094550860338885,4.094550860338885,4.094550860338885,4.094550860338885,4.094550860338885,4.094550860338885,4.094550860338885,4.094550860338885,4.094550860338885,4.094550860338885,4.094550860338885,4.094550860338885,4.094550860338885,4.094550860338885,4.094550860338885,4.094550860338885,4.094550860338885,4.094550860338885,4.094550860338885,4.094550860338885,4.094550860338885,4.094550860338885,4.094550860338885,4.094550860338885,4.094550860338885,4.094550860338885,4.094550860338885,4.094550860338885,4.094550860338885,4.094550860338885,4.094550860338885,4.094550860338885,4.094550860338885,4.094550860338885,4.094550860338885,4.094550860338885,4.094550860338885,4.094550860338885,4.094550860338885,4.094550860338885,4.094550860338885,4.094550860338885,4.094550860338885,4.094550860338885,4.094550860338885,4.094550860338885,4.094550860338885,4.094550860338885,4.094550860338885,4.094550860338885,4.094550860338885,4.094550860338885,4.094550860338885,4.094550860338885,4.094550860338885,4.094550860338885,4.094550860338885,4.094550860338885,4.094550860338885,4.094550860338885,4.094550860338885,4.094550860338885,4.094550860338885,4.094550860338885,4.094550860338885,4.094550860338885,4.094550860338885,4.094550860338885,4.094550860338885,4.094550860338885,4.094550860338885,4.094550860338885,4.094550860338885,4.094550860338885,4.094550860338885,4.0842554715574035,4.0842554715574035,4.0842554715574035,4.0842554715574035,4.0842554715574035,4.0842554715574035,4.0842554715574035,4.0842554715574035,4.0842554715574035,4.0842554715574035,4.0842554715574035,4.0842554715574035,4.0842554715574035,4.0842554715574035,4.0842554715574035,4.0842554715574035,4.0842554715574035,4.0842554715574035,4.0842554715574035,4.0842554715574035,4.0842554715574035,4.0842554715574035,4.0842554715574035,4.0842554715574035,4.0842554715574035,4.0842554715574035,4.0842554715574035,4.0842554715574035,4.0842554715574035,4.0842554715574035,4.0842554715574035,4.0842554715574035,4.0842554715574035,4.0842554715574035,4.0842554715574035,4.0842554715574035,4.0842554715574035,4.0842554715574035,4.0842554715574035,4.0842554715574035,4.0842554715574035,4.0842554715574035,4.0842554715574035,4.0842554715574035,4.0842554715574035,4.0842554715574035,4.0842554715574035,4.0842554715574035,4.0842554715574035,4.0842554715574035,4.0842554715574035,4.0842554715574035,4.0842554715574035,4.0842554715574035,4.0842554715574035,4.018519944369676,4.018519944369676,4.018519944369676,4.018519944369676,4.018519944369676,4.018519944369676,4.018519944369676,4.018519944369676,4.018519944369676,4.018519944369676,4.018519944369676,4.018519944369676,4.018519944369676,4.018519944369676,4.018519944369676,4.018519944369676,4.018519944369676,4.018519944369676,4.018519944369676,4.018519944369676,4.018519944369676,4.018519944369676,4.018519944369676,4.018519944369676,4.018519944369676,4.018519944369676,4.018519944369676,4.018519944369676,4.018519944369676,4.018519944369676,4.018519944369676,4.018519944369676,4.018519944369676,4.018519944369676,4.018519944369676,4.018519944369676,4.018519944369676,4.018519944369676,4.018519944369676,4.018519944369676,4.018519944369676,4.018519944369676,4.018519944369676,4.018519944369676,4.018519944369676,4.018519944369676,4.018519944369676,4.018519944369676,4.018519944369676,4.018519944369676,4.018519944369676,4.018519944369676,4.018519944369676,4.018519944369676,4.018519944369676,4.018519944369676,4.018519944369676,4.018519944369676,4.018519944369676,4.018519944369676,4.018519944369676,4.018519944369676,4.018519944369676,4.018519944369676,4.018519944369676,4.018519944369676,4.018519944369676,4.018519944369676,4.018519944369676,4.018519944369676,4.018519944369676,4.018519944369676,4.018519944369676,4.018519944369676,4.018519944369676,4.018519944369676,4.018519944369676,4.018519944369676,4.018519944369676,4.018519944369676,4.018519944369676,4.018519944369676,4.018519944369676,4.018519944369676,4.018519944369676,4.018519944369676,4.018519944369676,4.018519944369676,4.018519944369676,4.018519944369676,4.018519944369676,4.018519944369676,4.018519944369676,4.018519944369676,4.018519944369676,4.018519944369676,4.018519944369676,4.018519944369676,4.018519944369676,4.018519944369676,4.018519944369676,4.018519944369676,4.018519944369676,4.018519944369676,4.018519944369676,4.018519944369676,4.018519944369676,4.018519944369676,4.018519944369676,4.018519944369676,4.018519944369676,4.018519944369676,4.018519944369676,4.018519944369676,4.018519944369676,4.018519944369676,4.018519944369676,4.018519944369676,4.018519944369676,4.018519944369676,4.018519944369676,4.018519944369676,4.018519944369676,4.018519944369676,4.018519944369676,4.018519944369676,4.018519944369676,4.018519944369676,4.018519944369676,4.018519944369676,4.018519944369676,4.018519944369676,4.018519944369676,4.018519944369676,4.018519944369676,4.018519944369676,4.018519944369676,4.018519944369676,4.018519944369676,4.018519944369676,4.018519944369676,4.018519944369676,4.018519944369676,4.018519944369676,4.018519944369676,4.018519944369676,4.018519944369676,4.018519944369676,4.018519944369676,4.018519944369676,4.018519944369676,4.018519944369676,4.018519944369676,4.018519944369676,4.018519944369676,4.018519944369676,4.018519944369676,4.018519944369676,4.018519944369676,4.018519944369676,4.018519944369676,4.018519944369676,4.018519944369676,4.018519944369676,4.018519944369676,4.018519944369676,4.018519944369676,4.018519944369676,4.018519944369676,4.018519944369676,4.018519944369676,4.018519944369676,4.018519944369676,4.018519944369676,4.018519944369676,4.018519944369676,4.018519944369676,4.018519944369676,4.018519944369676,4.018519944369676,4.018519944369676,4.018519944369676,4.018519944369676,4.018519944369676,4.018519944369676,4.018519944369676,4.018519944369676,4.018519944369676,4.018519944369676,4.018519944369676,4.018519944369676,4.018519944369676,4.018519944369676,4.018519944369676,4.018519944369676,4.018519944369676,4.018519944369676,4.018519944369676,4.018519944369676,4.018519944369676,4.018519944369676,4.018519944369676,4.018519944369676,4.018519944369676,4.018519944369676,4.018519944369676,4.018519944369676,4.018519944369676,4.018519944369676,4.018519944369676,4.018519944369676,4.018519944369676,4.018519944369676,4.018519944369676,4.018519944369676,4.018519944369676,4.018519944369676,4.018519944369676,4.018519944369676,4.018519944369676,4.018519944369676,4.018519944369676,4.018519944369676,4.018519944369676,4.018519944369676,4.018519944369676,4.018519944369676,4.018519944369676,4.018519944369676,4.018519944369676,4.018519944369676,4.018519944369676,4.018519944369676,4.018519944369676,4.018519944369676,4.018519944369676,4.018519944369676,4.018519944369676,4.018519944369676,4.018519944369676,4.018519944369676,4.018519944369676,4.018519944369676,4.018519944369676,4.018519944369676,4.018519944369676,4.018519944369676,4.018519944369676,4.018519944369676,4.018519944369676,4.018519944369676,4.018519944369676,4.018519944369676,4.018519944369676,4.018519944369676,4.018519944369676,4.018519944369676,4.018519944369676,4.018519944369676,4.018519944369676,4.018519944369676,4.018519944369676,4.018519944369676,4.018519944369676,4.018519944369676,4.018519944369676,4.018519944369676,4.018519944369676,4.018519944369676,4.018519944369676,4.018519944369676,4.018519944369676,4.018519944369676,4.018519944369676,4.018519944369676,4.018519944369676,4.018519944369676,4.018519944369676,4.018519944369676,4.018519944369676,4.018519944369676,4.018519944369676,4.018519944369676,4.018519944369676,4.018519944369676,4.018519944369676,4.018519944369676,4.018519944369676,4.018519944369676,4.018519944369676,4.018519944369676,4.018519944369676,4.018519944369676,4.018519944369676,4.018519944369676,4.018519944369676,4.018519944369676,4.018519944369676,4.018519944369676,4.018519944369676,4.018519944369676,4.018519944369676,4.018519944369676,4.018519944369676,4.018519944369676,4.018519944369676,4.018519944369676,4.018519944369676,4.018519944369676,4.018519944369676,4.018519944369676,4.018519944369676,4.018519944369676,4.018519944369676,4.018519944369676,4.018519944369676,4.018519944369676,4.018519944369676,4.018519944369676,4.018519944369676,4.018519944369676,4.018519944369676,4.018519944369676,4.018519944369676,4.018519944369676,4.018519944369676,4.018519944369676,4.018519944369676,4.018519944369676,4.018519944369676,4.018519944369676,4.018519944369676,4.018519944369676,4.018519944369676,4.018519944369676,4.018519944369676,4.018519944369676,4.018519944369676,4.018519944369676,4.018519944369676,4.018519944369676,4.018519944369676,4.018519944369676,4.018519944369676,4.018519944369676,4.018519944369676,4.018519944369676,4.018519944369676,4.018519944369676,4.018519944369676,4.018519944369676,4.018519944369676,4.018519944369676,4.018519944369676,4.018519944369676,4.018519944369676,4.018519944369676,4.018519944369676,4.018519944369676,4.018519944369676,4.018519944369676,4.018519944369676,4.018519944369676,4.018519944369676,4.018519944369676,4.018519944369676,4.018519944369676,4.018519944369676,4.018519944369676,4.018519944369676,4.018519944369676,4.018519944369676,4.018519944369676,4.018519944369676,4.018519944369676,4.018519944369676,4.018519944369676,4.018519944369676,4.018519944369676,4.018519944369676,4.018519944369676,4.018519944369676,4.018519944369676,4.018519944369676,4.018519944369676,4.018519944369676,4.018519944369676,4.018519944369676,4.018519944369676,4.018519944369676,4.018519944369676,4.018519944369676,4.018519944369676,4.018519944369676,4.018519944369676,4.018519944369676,4.018519944369676,4.018519944369676,4.018519944369676,4.018519944369676,4.018519944369676,4.018519944369676,4.018519944369676,4.018519944369676,4.018519944369676,4.018519944369676,4.018519944369676,4.018519944369676,4.018519944369676,4.018519944369676,4.018519944369676,4.018519944369676,4.018519944369676,4.018519944369676,4.018519944369676,4.018519944369676,4.018519944369676,4.018519944369676,4.018519944369676,4.018519944369676,4.018519944369676,4.018519944369676,4.018519944369676,4.018519944369676,4.018519944369676,4.018519944369676,4.018519944369676,4.018519944369676,4.018519944369676,4.018519944369676,4.018519944369676,4.018519944369676,4.018519944369676,4.018519944369676,4.018519944369676,4.018519944369676,4.018519944369676,4.018519944369676,4.018519944369676,4.018519944369676,4.018519944369676,4.018519944369676,4.018519944369676,4.018519944369676,4.018519944369676,4.018519944369676,4.018519944369676,4.018519944369676,4.018519944369676,4.018519944369676,4.018519944369676,4.018519944369676,4.018519944369676,4.018519944369676,4.018519944369676,4.018519944369676,4.018519944369676,4.018519944369676,4.018519944369676,4.018519944369676,4.018519944369676,4.018519944369676,4.018519944369676,4.018519944369676,4.018519944369676,4.018519944369676,4.018519944369676,4.018519944369676,4.018519944369676,4.018519944369676,4.018519944369676,4.018519944369676,4.018519944369676,4.018519944369676,4.018519944369676,4.018519944369676,4.018519944369676,4.018519944369676,4.018519944369676,4.018519944369676,4.018519944369676,4.018519944369676,4.018519944369676,4.018519944369676,4.018519944369676,4.018519944369676,4.018519944369676,4.018519944369676,4.018519944369676,4.018519944369676,4.018519944369676,4.018519944369676,4.018519944369676,4.018519944369676,4.018519944369676,4.018519944369676,4.018519944369676,4.018519944369676,4.018519944369676,4.018519944369676,4.018519944369676,4.018519944369676,4.018519944369676,4.018519944369676,4.018519944369676,4.018519944369676,4.018519944369676,4.018519944369676,4.018519944369676,4.018519944369676,4.018519944369676,4.018519944369676,4.018519944369676,4.018519944369676,4.018519944369676,4.018519944369676,4.018519944369676,4.018519944369676,4.018519944369676,4.018519944369676,4.018519944369676,4.018519944369676,4.018519944369676,4.018519944369676,4.018519944369676,4.018519944369676,4.018519944369676,4.018519944369676,4.018519944369676,4.018519944369676,4.018519944369676,4.018519944369676,4.018519944369676,4.018519944369676,4.018519944369676,4.018519944369676,4.018519944369676,4.018519944369676,4.018519944369676,4.018519944369676,4.018519944369676,4.018519944369676,4.018519944369676,4.018519944369676,4.018519944369676,4.018519944369676,4.018519944369676,4.018519944369676,4.018519944369676,4.018519944369676,4.018519944369676,4.018519944369676,4.018519944369676,4.018519944369676,4.018519944369676,4.018519944369676,4.018519944369676,4.018519944369676,4.018519944369676,4.018519944369676,4.018519944369676,4.018519944369676,4.018519944369676,4.018519944369676,4.018519944369676,4.018519944369676,4.018519944369676,4.018519944369676,4.018519944369676,4.018519944369676,4.018519944369676,4.018519944369676,4.018519944369676,4.018519944369676,4.018519944369676,4.018519944369676,4.018519944369676,4.018519944369676,4.018519944369676,4.018519944369676,4.018519944369676,4.018519944369676,4.018519944369676,4.018519944369676,4.018519944369676,4.018519944369676,4.018519944369676,4.018519944369676,4.018519944369676,4.018519944369676,4.018519944369676,4.018519944369676,4.018519944369676,4.018519944369676,4.018519944369676,4.018519944369676,4.018519944369676,4.018519944369676,4.018519944369676,4.018519944369676,4.018519944369676,4.018519944369676,4.018519944369676,4.018519944369676,4.018519944369676,4.018519944369676,4.018519944369676,4.018519944369676,4.018519944369676,4.018519944369676,4.018519944369676,4.018519944369676,4.018519944369676,4.018519944369676,4.018519944369676,4.018519944369676,4.018519944369676,4.018519944369676,4.018519944369676,4.018519944369676,4.018519944369676,4.018519944369676,4.018519944369676,4.018519944369676,4.018519944369676,4.018519944369676,4.018519944369676,4.018519944369676,4.018519944369676,4.018519944369676,4.018519944369676,4.018519944369676,4.018519944369676,8.220869685841905,7.571998449992901,7.571998449992901,7.571998449992901,7.571998449992901,7.571998449992901,7.571998449992901,7.571998449992901,7.571998449992901,7.571998449992901,7.571998449992901,7.571998449992901,7.571998449992901,7.571998449992901,7.571998449992901,7.571998449992901,7.571998449992901,7.571998449992901,7.571998449992901,7.571998449992901,7.571998449992901,7.243240629388742,7.243240629388742,7.243240629388742,7.13867227130982,7.13867227130982,7.13867227130982,7.13867227130982,7.13867227130982,7.13867227130982,7.13867227130982,7.13867227130982,7.13867227130982,7.13867227130982,7.13867227130982,7.13867227130982,7.13867227130982,7.13867227130982,7.13867227130982,7.13867227130982,7.13867227130982,7.13867227130982,7.13867227130982,7.13867227130982,7.13867227130982,7.13867227130982,7.13867227130982,7.13867227130982,7.13867227130982,7.13867227130982,7.13867227130982,7.13867227130982,7.13867227130982,7.13867227130982,7.13867227130982,7.13867227130982,7.13867227130982,7.13867227130982,7.13867227130982,7.13867227130982,7.13867227130982,7.13867227130982,7.13867227130982,7.13867227130982,7.13867227130982,7.13867227130982,7.13867227130982,7.13867227130982,7.13867227130982,7.13867227130982,7.13867227130982,7.13867227130982,7.13867227130982,7.13867227130982,7.13867227130982,7.13867227130982,7.13867227130982,7.13867227130982,7.13867227130982,7.13867227130982,7.13867227130982,7.13867227130982,7.13867227130982,7.13867227130982,7.13867227130982,6.190361820026207,6.00019030902895,5.9914105448217,5.9914105448217,5.9914105448217,5.9914105448217,5.9914105448217,5.9914105448217,5.9914105448217,5.9914105448217,5.9914105448217,5.9914105448217,5.9914105448217,5.839094627758074,5.839094627758074,5.839094627758074,5.839094627758074,5.587388954019919,5.587388954019919,5.587388954019919,5.587388954019919,5.587388954019919,5.587388954019919,5.587388954019919,5.587388954019919,5.587388954019919,5.587388954019919,5.587388954019919,5.587388954019919,5.587388954019919,5.529789169065612,5.529789169065612,5.529789169065612,5.310196987013831,5.310196987013831,5.310196987013831,5.310196987013831,5.310196987013831,5.284496004197116,5.284496004197116,5.284496004197116,5.284496004197116,5.284496004197116,5.284496004197116,5.284496004197116,5.284496004197116,5.284496004197116,5.284496004197116,5.284496004197116,5.284496004197116,5.284496004197116,5.284496004197116,5.284496004197116,5.284496004197116,5.284496004197116,5.284496004197116,5.284496004197116,5.284496004197116,5.284496004197116,5.284496004197116,5.284496004197116,5.284496004197116,5.284496004197116,5.284496004197116,5.284496004197116,5.284496004197116,5.284496004197116,5.284496004197116,5.284496004197116,5.284496004197116,5.284496004197116,5.284496004197116,5.284496004197116,5.284496004197116,5.284496004197116,5.284496004197116,5.284496004197116,5.284496004197116,5.284496004197116,5.284496004197116,5.284496004197116,5.284496004197116,5.284496004197116,5.284496004197116,5.284496004197116,5.284496004197116,5.284496004197116,5.284496004197116,5.284496004197116,5.284496004197116,5.284496004197116,5.284496004197116,5.284496004197116,5.284496004197116,5.284496004197116,5.284496004197116,5.284496004197116,5.284496004197116,5.284496004197116,5.284496004197116,5.284496004197116,5.284496004197116,5.284496004197116,5.284496004197116,5.284496004197116,5.284496004197116,5.284496004197116,5.284496004197116,5.284496004197116,5.284496004197116,5.284496004197116,5.284496004197116,5.284496004197116,5.284496004197116,5.284496004197116,5.284496004197116,5.284496004197116,5.284496004197116,5.284496004197116,5.284496004197116,5.284496004197116,5.284496004197116,5.284496004197116,5.284496004197116,5.284496004197116,5.284496004197116,5.284496004197116,5.284496004197116,5.284496004197116,5.284496004197116,5.284496004197116,5.284496004197116,5.284496004197116,5.284496004197116,5.284496004197116,5.284496004197116,5.284496004197116,5.284496004197116,5.284496004197116,5.284496004197116,5.284496004197116,5.284496004197116,5.284496004197116,5.284496004197116,5.284496004197116,5.284496004197116,5.284496004197116,5.284496004197116,5.284496004197116,5.284496004197116,5.284496004197116,5.284496004197116,5.284496004197116,5.284496004197116,5.284496004197116,5.284496004197116,5.284496004197116,5.284496004197116,5.284496004197116,5.284496004197116,5.284496004197116,5.284496004197116,5.284496004197116,5.284496004197116,5.284496004197116,5.284496004197116,5.284496004197116,5.284496004197116,5.284496004197116,5.284496004197116,5.284496004197116,5.284496004197116,5.284496004197116,5.284496004197116,5.284496004197116,5.284496004197116,5.284496004197116,5.284496004197116,5.284496004197116,5.284496004197116,5.284496004197116,5.284496004197116,5.284496004197116,5.284496004197116,5.284496004197116,5.284496004197116,5.284496004197116,5.284496004197116,5.284496004197116,5.284496004197116,5.284496004197116,5.284496004197116,5.284496004197116,5.284496004197116,5.284496004197116,5.284496004197116,5.284496004197116,5.284496004197116,5.284496004197116,5.284496004197116,5.284496004197116,5.284496004197116,5.284496004197116,5.284496004197116,5.284496004197116,5.284496004197116,5.284496004197116,5.284496004197116,5.284496004197116,5.284496004197116,5.284496004197116,5.284496004197116,5.284496004197116,5.284496004197116,5.284496004197116,5.284496004197116,5.284496004197116,5.284496004197116,5.284496004197116,5.284496004197116,5.284496004197116,5.284496004197116,5.284496004197116,5.284496004197116,5.284496004197116,5.284496004197116,5.284496004197116,5.284496004197116,5.284496004197116,5.284496004197116,5.284496004197116,5.284496004197116,5.284496004197116,5.284496004197116,5.284496004197116,5.284496004197116,5.284496004197116,5.284496004197116,5.284496004197116,5.284496004197116,5.284496004197116,5.284496004197116,5.284496004197116,5.284496004197116,5.284496004197116,5.284496004197116,5.284496004197116,5.284496004197116,5.284496004197116,5.284496004197116,5.284496004197116,5.284496004197116,5.284496004197116,5.284496004197116,5.284496004197116,5.284496004197116,5.284496004197116,5.284496004197116,5.284496004197116,5.284496004197116,5.284496004197116,5.284496004197116,5.284496004197116,5.284496004197116,5.284496004197116,5.284496004197116,5.284496004197116,5.284496004197116,5.284496004197116,5.284496004197116,5.284496004197116,5.284496004197116,5.284496004197116,5.284496004197116,5.284496004197116,5.284496004197116,5.284496004197116,5.284496004197116,5.284496004197116,5.284496004197116,5.284496004197116,5.284496004197116,5.284496004197116,5.284496004197116,5.284496004197116,5.284496004197116,5.284496004197116,5.284496004197116,5.284496004197116,5.284496004197116,5.284496004197116,5.284496004197116,5.284496004197116,5.284496004197116,5.284496004197116,5.284496004197116,5.284496004197116,5.284496004197116,5.284496004197116,5.284496004197116,5.284496004197116,5.284496004197116,5.284496004197116,5.284496004197116,5.284496004197116,5.284496004197116,5.284496004197116,5.284496004197116,5.284496004197116,5.284496004197116,5.284496004197116,5.284496004197116,5.284496004197116,5.284496004197116,5.284496004197116,5.284496004197116,5.284496004197116,5.284496004197116,5.284496004197116,5.284496004197116,5.284496004197116,5.284496004197116,5.284496004197116,5.284496004197116,5.284496004197116,5.284496004197116,5.284496004197116,5.284496004197116,5.284496004197116,5.284496004197116,5.284496004197116,5.284496004197116,5.284496004197116,5.284496004197116,5.284496004197116,5.284496004197116,5.284496004197116,5.284496004197116,5.284496004197116,5.284496004197116,5.284496004197116,5.284496004197116,5.284496004197116,5.284496004197116,5.284496004197116,5.284496004197116,5.284496004197116,5.284496004197116,5.284496004197116,5.284496004197116,5.284496004197116,5.284496004197116,5.284496004197116,5.284496004197116,5.284496004197116,5.284496004197116,5.284496004197116,5.284496004197116,4.371789747550595,3.869341418019098,3.869341418019098,3.869341418019098,3.869341418019098,3.869341418019098,3.869341418019098,3.869341418019098,3.869341418019098,3.869341418019098,3.869341418019098,3.869341418019098,3.869341418019098,3.869341418019098,3.869341418019098,3.869341418019098,3.869341418019098,3.869341418019098,3.869341418019098,3.869341418019098,3.869341418019098,3.869341418019098,3.869341418019098,3.869341418019098,3.869341418019098,3.869341418019098,3.869341418019098,3.869341418019098,3.869341418019098,3.869341418019098,3.869341418019098,3.869341418019098,3.869341418019098,3.869341418019098,3.869341418019098,3.869341418019098,3.869341418019098,3.869341418019098,3.869341418019098,3.869341418019098,3.869341418019098,3.869341418019098,3.869341418019098,3.869341418019098,3.869341418019098,3.869341418019098,3.869341418019098,3.869341418019098,3.869341418019098,3.869341418019098,3.869341418019098,3.869341418019098,3.869341418019098,3.869341418019098,3.869341418019098,3.869341418019098,3.869341418019098,3.869341418019098,3.869341418019098,3.869341418019098,3.869341418019098,3.869341418019098,3.869341418019098,3.869341418019098,3.869341418019098,3.869341418019098,3.869341418019098,3.869341418019098,3.869341418019098,3.869341418019098,3.869341418019098,3.869341418019098,3.869341418019098,3.869341418019098,3.869341418019098,3.869341418019098,3.869341418019098,3.869341418019098,3.869341418019098,3.869341418019098,3.869341418019098,3.869341418019098,3.869341418019098,3.869341418019098,3.869341418019098,3.869341418019098,3.869341418019098,3.869341418019098,3.869341418019098,3.869341418019098,3.869341418019098,3.869341418019098,3.869341418019098,3.869341418019098,3.869341418019098,3.869341418019098,3.869341418019098,3.869341418019098,3.869341418019098,3.869341418019098,3.869341418019098,3.869341418019098,3.869341418019098,3.869341418019098,3.869341418019098,3.869341418019098,3.869341418019098,3.869341418019098,3.869341418019098,3.869341418019098,3.869341418019098,3.869341418019098,3.869341418019098,3.869341418019098,3.869341418019098,3.869341418019098,3.869341418019098,3.869341418019098,3.869341418019098,3.869341418019098,3.869341418019098,3.869341418019098,3.869341418019098,3.869341418019098,3.869341418019098,3.869341418019098,3.869341418019098,3.869341418019098,3.869341418019098,3.869341418019098,3.869341418019098,3.869341418019098,3.869341418019098,3.869341418019098,3.869341418019098,3.869341418019098,3.869341418019098,3.869341418019098,3.869341418019098,3.869341418019098,3.869341418019098,3.869341418019098,3.869341418019098,3.869341418019098,3.869341418019098,3.869341418019098,3.869341418019098,3.869341418019098,3.869341418019098,3.869341418019098,3.869341418019098,3.869341418019098,3.869341418019098,3.869341418019098,3.869341418019098,3.869341418019098,3.869341418019098,3.869341418019098,3.869341418019098,3.869341418019098,3.869341418019098,3.869341418019098,3.869341418019098,3.869341418019098,3.869341418019098,3.869341418019098,3.869341418019098,3.869341418019098,3.869341418019098,3.869341418019098,3.869341418019098,3.869341418019098,3.869341418019098,3.869341418019098,3.869341418019098,3.869341418019098,3.869341418019098,3.869341418019098,3.869341418019098,3.869341418019098,3.869341418019098,3.869341418019098,3.869341418019098,3.869341418019098,3.869341418019098,3.869341418019098,3.869341418019098,3.869341418019098,3.869341418019098,3.869341418019098,3.869341418019098,3.869341418019098,3.869341418019098,3.869341418019098,3.869341418019098,3.869341418019098,3.869341418019098,3.869341418019098,3.869341418019098,3.869341418019098,3.869341418019098,3.869341418019098,3.869341418019098,3.869341418019098,3.869341418019098,3.869341418019098,3.869341418019098,3.869341418019098,3.869341418019098,3.869341418019098,3.869341418019098,3.869341418019098,3.869341418019098,3.869341418019098,3.869341418019098,3.869341418019098,3.869341418019098,3.869341418019098,3.869341418019098,3.869341418019098,3.869341418019098,3.869341418019098,3.869341418019098,3.869341418019098,3.869341418019098,3.869341418019098,3.869341418019098,3.869341418019098,3.869341418019098,3.869341418019098,3.869341418019098,3.869341418019098,3.869341418019098,3.869341418019098,3.869341418019098,3.869341418019098,3.869341418019098,3.869341418019098,3.869341418019098,3.869341418019098,3.869341418019098,3.869341418019098,3.869341418019098,3.869341418019098,3.869341418019098,3.869341418019098,3.869341418019098,3.869341418019098,3.869341418019098,3.869341418019098,3.869341418019098,3.869341418019098,3.869341418019098,3.869341418019098,3.869341418019098,3.869341418019098,3.869341418019098,3.869341418019098,3.869341418019098,3.869341418019098,3.869341418019098,3.869341418019098,3.869341418019098,3.869341418019098,3.869341418019098,3.869341418019098,3.869341418019098,3.869341418019098,3.869341418019098,3.869341418019098,3.869341418019098,3.869341418019098,3.869341418019098,3.869341418019098,3.869341418019098,3.869341418019098,3.869341418019098,3.869341418019098,3.869341418019098,3.869341418019098,3.869341418019098,3.869341418019098,3.869341418019098,3.869341418019098,3.869341418019098,3.869341418019098,3.869341418019098,3.869341418019098,3.869341418019098,3.869341418019098,3.869341418019098,3.869341418019098,3.869341418019098,3.869341418019098,3.869341418019098,3.869341418019098,3.869341418019098,3.869341418019098,3.869341418019098,3.869341418019098,3.869341418019098,3.869341418019098,3.869341418019098,3.869341418019098,3.869341418019098,3.869341418019098,3.869341418019098,3.869341418019098,3.869341418019098,3.869341418019098,3.869341418019098,3.869341418019098,3.869341418019098,3.869341418019098,3.869341418019098,3.869341418019098,3.869341418019098,3.869341418019098,3.869341418019098,3.869341418019098,3.869341418019098,3.869341418019098,3.869341418019098,3.869341418019098,3.869341418019098,3.869341418019098,3.869341418019098,3.869341418019098,3.869341418019098,3.869341418019098,3.869341418019098,3.869341418019098,3.869341418019098,3.869341418019098,3.869341418019098,3.869341418019098,3.869341418019098,3.869341418019098,3.869341418019098,3.869341418019098,3.869341418019098,3.869341418019098,3.869341418019098,3.869341418019098,3.869341418019098,3.869341418019098,3.869341418019098,3.869341418019098,3.869341418019098,3.869341418019098,3.869341418019098,3.869341418019098,3.869341418019098,3.869341418019098,3.869341418019098,3.869341418019098,3.869341418019098,3.869341418019098,3.869341418019098,3.869341418019098,3.869341418019098,3.869341418019098,3.869341418019098,3.869341418019098,3.869341418019098,3.869341418019098,3.869341418019098,3.869341418019098,3.869341418019098,3.869341418019098,3.869341418019098,3.869341418019098,3.869341418019098,3.869341418019098,3.869341418019098,3.869341418019098,3.869341418019098,3.869341418019098,3.869341418019098,3.869341418019098,3.869341418019098,3.869341418019098,3.869341418019098,3.869341418019098,3.869341418019098,3.869341418019098,3.869341418019098,3.869341418019098,3.869341418019098,3.869341418019098,3.869341418019098,3.869341418019098,3.869341418019098,3.869341418019098,3.869341418019098,3.869341418019098,3.869341418019098,3.869341418019098,3.869341418019098,3.869341418019098,3.869341418019098,3.869341418019098,3.869341418019098,3.869341418019098,3.869341418019098,3.869341418019098,3.869341418019098,3.869341418019098,3.869341418019098,3.869341418019098,3.869341418019098,3.869341418019098,3.869341418019098,3.869341418019098,3.869341418019098,3.869341418019098,3.869341418019098,3.869341418019098,3.869341418019098,3.869341418019098,3.869341418019098,3.869341418019098,3.869341418019098,3.869341418019098,3.869341418019098,3.869341418019098,3.869341418019098,3.869341418019098,3.869341418019098,3.869341418019098,3.869341418019098,3.869341418019098,3.869341418019098,3.869341418019098,3.869341418019098,3.869341418019098,3.869341418019098,3.869341418019098,3.869341418019098,3.869341418019098,3.869341418019098,3.869341418019098,3.869341418019098,3.869341418019098,3.869341418019098,3.869341418019098,3.869341418019098,3.869341418019098,3.869341418019098,3.869341418019098,3.869341418019098,3.869341418019098,3.869341418019098,3.869341418019098,3.869341418019098,3.869341418019098,3.869341418019098,3.869341418019098,3.869341418019098,3.869341418019098,3.869341418019098,3.869341418019098,3.869341418019098,3.869341418019098,3.869341418019098,3.869341418019098,3.869341418019098,3.869341418019098,3.869341418019098,3.869341418019098,3.869341418019098,3.869341418019098,3.869341418019098,3.869341418019098,3.869341418019098,3.869341418019098,3.869341418019098,3.869341418019098,3.869341418019098,3.869341418019098,3.869341418019098,3.869341418019098,3.869341418019098,3.869341418019098,3.869341418019098,3.869341418019098,3.869341418019098,3.869341418019098,3.869341418019098,3.869341418019098,3.869341418019098,3.869341418019098,3.869341418019098,3.869341418019098,3.869341418019098,3.869341418019098,3.869341418019098,3.869341418019098,3.869341418019098,3.869341418019098,3.869341418019098,3.869341418019098,3.869341418019098,3.869341418019098,3.869341418019098,3.869341418019098,3.869341418019098,3.869341418019098,3.869341418019098,3.869341418019098,3.869341418019098,3.869341418019098,3.869341418019098,3.869341418019098,3.869341418019098,3.869341418019098,3.869341418019098,3.869341418019098,3.869341418019098,3.869341418019098,3.869341418019098,3.869341418019098,3.869341418019098,3.869341418019098,3.869341418019098,3.869341418019098,3.869341418019098,3.869341418019098,3.869341418019098,3.869341418019098,3.869341418019098,3.869341418019098,3.869341418019098,3.869341418019098,3.869341418019098,3.869341418019098,3.869341418019098,3.869341418019098,3.869341418019098,3.869341418019098,3.869341418019098,3.869341418019098,3.869341418019098,3.869341418019098,3.869341418019098,3.869341418019098,3.869341418019098,3.869341418019098,3.869341418019098,3.869341418019098,3.869341418019098,3.869341418019098,3.869341418019098,3.869341418019098,3.869341418019098,3.869341418019098,3.869341418019098,8.747677582906569,8.747677582906569,8.747677582906569,8.747677582906569,8.747677582906569,8.747677582906569,8.747677582906569,8.747677582906569,8.747677582906569,8.747677582906569,8.565807015569625,8.565807015569625,7.982212790957572,7.982212790957572,7.982212790957572,7.982212790957572,7.982212790957572,7.982212790957572,7.982212790957572,7.982212790957572,7.982212790957572,7.982212790957572,7.248700132476749,7.248700132476749,7.248700132476749,7.248700132476749,7.248700132476749,7.248700132476749,7.248700132476749,7.248700132476749,7.248700132476749,7.248700132476749,7.235901383171153,7.235901383171153,7.1249801567562265,7.1249801567562265,7.1249801567562265,7.1249801567562265,7.1249801567562265,7.1249801567562265,7.1249801567562265,7.1249801567562265,7.1249801567562265,7.1249801567562265,7.1249801567562265,7.1249801567562265,7.1249801567562265,7.1249801567562265,7.1249801567562265,7.1249801567562265,7.1249801567562265,7.1249801567562265,7.1249801567562265,7.1249801567562265,7.1249801567562265,6.819642529635518,6.819642529635518,6.819642529635518,6.819642529635518,6.819642529635518,6.819642529635518,6.463390810841888,6.463390810841888,6.463390810841888,6.463390810841888,6.334139397993673,6.334139397993673,6.334139397993673,6.334139397993673,6.334139397993673,6.334139397993673,6.334139397993673,6.334139397993673,6.334139397993673,6.334139397993673,6.326209287842951,6.326209287842951,6.326209287842951,6.326209287842951,6.326209287842951,6.326209287842951,6.326209287842951,6.326209287842951,6.326209287842951,6.326209287842951,6.326209287842951,6.326209287842951,6.326209287842951,6.326209287842951,6.326209287842951,6.326209287842951,6.326209287842951,6.326209287842951,6.326209287842951,6.326209287842951,6.326209287842951,6.326209287842951,6.326209287842951,6.326209287842951,6.326209287842951,6.326209287842951,6.326209287842951,6.326209287842951,6.326209287842951,6.326209287842951,6.326209287842951,6.326209287842951,6.326209287842951,6.326209287842951,6.326209287842951,6.326209287842951,6.326209287842951,6.326209287842951,6.326209287842951,6.326209287842951,6.326209287842951,6.326209287842951,6.326209287842951,6.326209287842951,6.326209287842951,6.326209287842951,6.326209287842951,6.326209287842951,6.326209287842951,6.326209287842951,6.326209287842951,6.326209287842951,6.326209287842951,6.326209287842951,6.326209287842951,6.326209287842951,6.326209287842951,6.326209287842951,6.326209287842951,5.802428319501442,5.802428319501442,5.802428319501442,5.748239073540706,5.748239073540706,5.748239073540706,5.748239073540706,5.748239073540706,5.748239073540706,5.748239073540706,5.748239073540706,5.748239073540706,5.748239073540706,5.748239073540706,5.748239073540706,5.748239073540706,5.748239073540706,5.748239073540706,5.748239073540706,5.748239073540706,5.748239073540706,5.748239073540706,5.748239073540706,5.748239073540706,5.748239073540706,5.748239073540706,5.748239073540706,5.748239073540706,5.748239073540706,5.748239073540706,5.748239073540706,5.748239073540706,5.748239073540706,5.748239073540706,5.748239073540706,5.748239073540706,5.748239073540706,5.748239073540706,5.748239073540706,5.748239073540706,5.748239073540706,5.748239073540706,5.748239073540706,5.748239073540706,5.748239073540706,5.748239073540706,5.748239073540706,5.748239073540706,5.748239073540706,5.748239073540706,5.748239073540706,5.748239073540706,5.748239073540706,5.748239073540706,5.748239073540706,5.725960268774425,5.725960268774425,5.725960268774425,5.725960268774425,5.725960268774425,5.725960268774425,5.725960268774425,5.725960268774425,5.725960268774425,5.725960268774425,5.725960268774425,5.725960268774425,5.725960268774425,5.725960268774425,5.725960268774425,5.725960268774425,5.725960268774425,5.725960268774425,5.725960268774425,5.725960268774425,5.725960268774425,5.725960268774425,5.725960268774425,5.725960268774425,5.725960268774425,5.725960268774425,5.725960268774425,5.725960268774425,5.725960268774425,5.725960268774425,5.725960268774425,5.725960268774425,5.725960268774425,5.725960268774425,5.725960268774425,5.725960268774425,5.725960268774425,5.725960268774425,5.725960268774425,5.725960268774425,5.725960268774425,5.725960268774425,5.725960268774425,5.725960268774425,5.725960268774425,5.725960268774425,5.725960268774425,5.725960268774425,5.725960268774425,5.725960268774425,5.725960268774425,5.725960268774425,5.725960268774425,5.4666263729145514,5.4666263729145514,5.4666263729145514,5.4666263729145514,5.4666263729145514,5.4666263729145514,5.4666263729145514,5.4666263729145514,5.4666263729145514,5.4666263729145514,5.4666263729145514,5.4666263729145514,5.4666263729145514,5.4666263729145514,5.4666263729145514,5.4666263729145514,5.4666263729145514,5.4666263729145514,5.4666263729145514,5.4666263729145514,5.4666263729145514,5.4666263729145514,5.4666263729145514,5.4666263729145514,5.4666263729145514,5.4666263729145514,5.4666263729145514,5.4666263729145514,5.4666263729145514,5.4666263729145514,5.4666263729145514,5.4666263729145514,5.4666263729145514,5.4666263729145514,5.4666263729145514,5.4666263729145514,5.4666263729145514,5.4666263729145514,5.4666263729145514,5.4666263729145514,5.4666263729145514,5.4666263729145514,5.4666263729145514,5.4666263729145514,5.4666263729145514,5.4666263729145514,5.4666263729145514,5.4666263729145514,5.4666263729145514,5.4666263729145514,5.4666263729145514,5.4666263729145514,5.4666263729145514,5.4666263729145514,5.4666263729145514,5.4666263729145514,5.4666263729145514,5.4666263729145514,5.4666263729145514,5.4666263729145514,5.4666263729145514,5.4666263729145514,5.4666263729145514,5.4666263729145514,5.4666263729145514,5.4666263729145514,5.4666263729145514,5.4666263729145514,5.4666263729145514,5.4666263729145514,5.4666263729145514,5.4666263729145514,5.4666263729145514,5.4666263729145514,5.4666263729145514,5.4666263729145514,5.4666263729145514,5.4666263729145514,5.4666263729145514,5.4666263729145514,5.4666263729145514,5.437946845441586,5.437946845441586,5.437946845441586,5.437946845441586,5.437946845441586,5.437946845441586,5.437946845441586,5.437946845441586,5.437946845441586,5.437946845441586,5.437946845441586,5.437946845441586,5.437946845441586,5.437946845441586,5.437946845441586,5.437946845441586,5.437946845441586,5.437946845441586,5.437946845441586,5.437946845441586,5.437946845441586,5.437946845441586,5.437946845441586,5.437946845441586,5.437946845441586,5.437946845441586,5.437946845441586,5.437946845441586,5.437946845441586,5.437946845441586,5.437946845441586,5.437946845441586,5.437946845441586,5.437946845441586,5.437946845441586,5.437946845441586,5.437946845441586,5.437946845441586,5.437946845441586,5.437946845441586,5.437946845441586,5.437946845441586,5.437946845441586,5.437946845441586,5.437946845441586,5.437946845441586,5.437946845441586,5.437946845441586,5.437946845441586,5.437946845441586,5.437946845441586,5.437946845441586,5.437946845441586,5.437946845441586,5.437946845441586,5.437946845441586,5.437946845441586,5.437946845441586,5.437946845441586,5.437946845441586,5.437946845441586,5.437946845441586,5.437946845441586,5.437946845441586,5.437946845441586,5.437946845441586,5.437946845441586,5.437946845441586,5.437946845441586,5.437946845441586,5.437946845441586,5.437946845441586,5.437946845441586,5.437946845441586,5.437946845441586,5.437946845441586,5.437946845441586,5.437946845441586,5.437946845441586,5.437946845441586,5.437946845441586,5.437946845441586,5.437946845441586,5.437946845441586,5.437946845441586,5.437946845441586,5.437946845441586,5.437946845441586,5.437946845441586,5.437946845441586,5.437946845441586,5.437946845441586,5.437946845441586,5.437946845441586,5.437946845441586,5.437946845441586,5.437946845441586,5.437946845441586,5.437946845441586,5.437946845441586,5.437946845441586,5.437946845441586,5.437946845441586,5.437946845441586,5.437946845441586,5.437946845441586,5.437946845441586,5.437946845441586,5.437946845441586,5.437946845441586,5.437946845441586,5.437946845441586,5.437946845441586,5.437946845441586,5.437946845441586,5.437946845441586,5.437946845441586,5.437946845441586,5.437946845441586,5.437946845441586,5.437946845441586,5.437946845441586,5.437946845441586,5.437946845441586,5.437946845441586,5.437946845441586,5.437946845441586,5.437946845441586,5.437946845441586,5.437946845441586,5.437946845441586,5.437946845441586,5.437946845441586,5.437946845441586,5.437946845441586,5.437946845441586,5.437946845441586,5.437946845441586,5.437946845441586,5.437946845441586,5.437946845441586,5.437946845441586,5.437946845441586,5.437946845441586,5.437946845441586,5.437946845441586,5.437946845441586,5.437946845441586,5.437946845441586,5.437946845441586,5.437946845441586,5.437946845441586,5.437946845441586,5.437946845441586,5.437946845441586,5.437946845441586,5.437946845441586,5.437946845441586,5.437946845441586,5.437946845441586,5.437946845441586,5.437946845441586,5.437946845441586,5.437946845441586,5.437946845441586,5.437946845441586,5.437946845441586,5.437946845441586,5.437946845441586,5.437946845441586,5.437946845441586,5.437946845441586,5.437946845441586,5.437946845441586,5.437946845441586,5.437946845441586,5.437946845441586,5.437946845441586,5.437946845441586,5.437946845441586,5.437946845441586,5.437946845441586,5.437946845441586,5.437946845441586,5.437946845441586,5.437946845441586,5.437946845441586,5.437946845441586,5.437946845441586,5.437946845441586,5.437946845441586,5.437946845441586,5.437946845441586,5.437946845441586,5.437946845441586,5.437946845441586,5.437946845441586,5.437946845441586,5.437946845441586,5.437946845441586,5.437946845441586,5.437946845441586,5.437946845441586,5.437946845441586,5.437946845441586,5.437946845441586,5.437946845441586,5.437946845441586,5.437946845441586,5.437946845441586,5.437946845441586,5.437946845441586,5.437946845441586,5.437946845441586,5.437946845441586,5.437946845441586,5.437946845441586,5.437946845441586,5.437946845441586,5.437946845441586,5.437946845441586,5.437946845441586,5.437946845441586,5.437946845441586,5.437946845441586,5.437946845441586,5.437946845441586,5.437946845441586,5.437946845441586,5.437946845441586,5.437946845441586,5.437946845441586,5.437946845441586,5.437946845441586,5.437946845441586,5.437946845441586,5.437946845441586,5.437946845441586,5.437946845441586,5.437946845441586,5.437946845441586,5.437946845441586,5.437946845441586,5.437946845441586,5.437946845441586,5.437946845441586,5.437946845441586,5.437946845441586,5.437946845441586,5.437946845441586,5.437946845441586,5.437946845441586,5.437946845441586,5.437946845441586,5.437946845441586,5.437946845441586,5.437946845441586,5.437946845441586,5.437946845441586,5.437946845441586,5.437946845441586,5.437946845441586,5.437946845441586,5.437946845441586,5.437946845441586,5.437946845441586,5.437946845441586,5.437946845441586,5.437946845441586,5.437946845441586,5.437946845441586,5.437946845441586,5.437946845441586,5.437946845441586,5.437946845441586,5.437946845441586,5.437946845441586,5.437946845441586,5.437946845441586,5.437946845441586,5.437946845441586,5.437946845441586,5.437946845441586,5.437946845441586,5.437946845441586,5.437946845441586,5.437946845441586,5.437946845441586,5.437946845441586,5.437946845441586,5.437946845441586,5.437946845441586,5.437946845441586,5.437946845441586,5.437946845441586,5.437946845441586,5.437946845441586,5.437946845441586,5.437946845441586,5.437946845441586,5.437946845441586,5.437946845441586,5.437946845441586,5.437946845441586,5.437946845441586,5.437946845441586,5.437946845441586,5.437946845441586,5.437946845441586,5.437946845441586,5.437946845441586,5.437946845441586,5.437946845441586,5.437946845441586,5.437946845441586,5.437946845441586,5.437946845441586,5.437946845441586,5.437946845441586,5.437946845441586,5.437946845441586,5.437946845441586,5.437946845441586,5.437946845441586,5.437946845441586,5.437946845441586,5.437946845441586,5.437946845441586,5.437946845441586,5.437946845441586,5.437946845441586,5.437946845441586,5.437946845441586,5.437946845441586,5.437946845441586,5.437946845441586,5.437946845441586,5.437946845441586,5.437946845441586,5.437946845441586,5.437946845441586,5.437946845441586,5.437946845441586,5.437946845441586,5.437946845441586,5.437946845441586,5.437946845441586,5.437946845441586,5.437946845441586,5.437946845441586,5.437946845441586,5.437946845441586,5.437946845441586,5.437946845441586,5.437946845441586,5.437946845441586,5.437946845441586,5.437946845441586,5.437946845441586,5.437946845441586,5.437946845441586,5.437946845441586,5.437946845441586,5.437946845441586,5.437946845441586,5.437946845441586,5.437946845441586,5.437946845441586,5.437946845441586,5.437946845441586,5.437946845441586,5.437946845441586,5.437946845441586,5.437946845441586,5.437946845441586,5.437946845441586,5.437946845441586,5.437946845441586,5.437946845441586,5.437946845441586,5.437946845441586,5.437946845441586,5.437946845441586,5.437946845441586,5.437946845441586,5.437946845441586,5.437946845441586,5.437946845441586,5.437946845441586,5.437946845441586,5.437946845441586,5.437946845441586,5.437946845441586,5.437946845441586,5.437946845441586,5.437946845441586,5.437946845441586,5.437946845441586,5.437946845441586,5.437946845441586,5.437946845441586,5.437946845441586,5.437946845441586,5.437946845441586,5.437946845441586,5.437946845441586,5.437946845441586,5.437946845441586,5.437946845441586,5.437946845441586,5.437946845441586,5.437946845441586,5.437946845441586,5.437946845441586,5.437946845441586,5.437946845441586,5.437946845441586,5.437946845441586,5.437946845441586,5.437946845441586,5.437946845441586,5.437946845441586,5.437946845441586,5.437946845441586,5.437946845441586,5.437946845441586,5.437946845441586,5.437946845441586,5.437946845441586,5.437946845441586,5.437946845441586,5.437946845441586,5.437946845441586,5.437946845441586,5.437946845441586,5.437946845441586,5.437946845441586,5.437946845441586,5.437946845441586,5.437946845441586,5.437946845441586,5.437946845441586,5.437946845441586,5.437946845441586,5.437946845441586,5.437946845441586,5.437946845441586,5.437946845441586,5.437946845441586,5.437946845441586,5.437946845441586,5.437946845441586,5.437946845441586,5.437946845441586,5.437946845441586,5.437946845441586,5.437946845441586,5.437946845441586,5.437946845441586,5.437946845441586,5.437946845441586,5.437946845441586,5.437946845441586,5.437946845441586,5.437946845441586,5.437946845441586,5.437946845441586,5.437946845441586,5.437946845441586,5.437946845441586,5.437946845441586,5.437946845441586,5.437946845441586,5.437946845441586,5.437946845441586,5.437946845441586,5.437946845441586,5.437946845441586,5.437946845441586,5.437946845441586,5.437946845441586,5.437946845441586,5.437946845441586,5.437946845441586,5.437946845441586,5.437946845441586,5.437946845441586,5.437946845441586,5.437946845441586,5.437946845441586,5.437946845441586,5.437946845441586,5.437946845441586,5.437946845441586,5.437946845441586,5.437946845441586,5.437946845441586,5.437946845441586,5.437946845441586,5.437946845441586,5.437946845441586,5.437946845441586,5.437946845441586,5.437946845441586,5.437946845441586,5.437946845441586,5.437946845441586,5.437946845441586,5.437946845441586,5.437946845441586,5.437946845441586,5.437946845441586,5.437946845441586,5.437946845441586,5.437946845441586,5.437946845441586,5.437946845441586,5.437946845441586,5.437946845441586,5.437946845441586,5.437946845441586,5.437946845441586,5.437946845441586,5.437946845441586,5.437946845441586,5.437946845441586,5.437946845441586,5.437946845441586,5.437946845441586,5.437946845441586,5.437946845441586,5.437946845441586,5.437946845441586,5.437946845441586,5.437946845441586,5.437946845441586,5.437946845441586,5.437946845441586,5.437946845441586,5.437946845441586,5.437946845441586,5.437946845441586,5.437946845441586,5.437946845441586,5.437946845441586,5.437946845441586,5.437946845441586,5.437946845441586,5.437946845441586,5.437946845441586,5.437946845441586,5.437946845441586,5.437946845441586,5.437946845441586,5.437946845441586,5.437946845441586,5.437946845441586,5.437946845441586,5.437946845441586,5.437946845441586,5.437946845441586,5.437946845441586,5.437946845441586,5.437946845441586,5.437946845441586,5.437946845441586,5.437946845441586,5.437946845441586,5.437946845441586,5.437946845441586,5.437946845441586,5.437946845441586,5.437946845441586,5.437946845441586,5.437946845441586,5.437946845441586,5.437946845441586,5.437946845441586,5.437946845441586,5.437946845441586,5.437946845441586,5.437946845441586,5.437946845441586,5.437946845441586,5.437946845441586,5.437946845441586,5.437946845441586,5.437946845441586,5.437946845441586,5.437946845441586,5.437946845441586,5.437946845441586,5.437946845441586,5.437946845441586,5.437946845441586,5.437946845441586,5.437946845441586,5.437946845441586,5.437946845441586,5.437946845441586,5.437946845441586,5.437946845441586,5.437946845441586,5.437946845441586,5.437946845441586,5.437946845441586,5.437946845441586,5.437946845441586,5.437946845441586,5.437946845441586,5.437946845441586,5.437946845441586,5.437946845441586,5.437946845441586,5.437946845441586,5.437946845441586,5.437946845441586,5.437946845441586,5.437946845441586,5.437946845441586,5.437946845441586,5.437946845441586,5.437946845441586,5.437946845441586,5.437946845441586,5.437946845441586,5.437946845441586,5.437946845441586,5.437946845441586,5.437946845441586,5.437946845441586,5.437946845441586,5.437946845441586,5.437946845441586,5.437946845441586,5.437946845441586,5.437946845441586,5.437946845441586,5.437946845441586,5.437946845441586,5.437946845441586,5.437946845441586,5.437946845441586,5.437946845441586,5.437946845441586,5.437946845441586,5.437946845441586,5.437946845441586,5.437946845441586,5.437946845441586,5.437946845441586,5.437946845441586,5.437946845441586,5.437946845441586,5.437946845441586,5.437946845441586,5.437946845441586,5.437946845441586,5.437946845441586,5.437946845441586,5.437946845441586,5.437946845441586,5.437946845441586,5.437946845441586,5.437946845441586,5.437946845441586,5.437946845441586,5.437946845441586,5.437946845441586,5.437946845441586,5.437946845441586,5.437946845441586,5.437946845441586,5.437946845441586,5.437946845441586,5.437946845441586,5.437946845441586,7.132439975875628,7.132439975875628,7.132439975875628,7.132439975875628,6.728975057071503,6.728975057071503,6.728975057071503,6.728975057071503,6.728975057071503,6.728975057071503,6.728975057071503,6.728975057071503,6.728975057071503,6.728975057071503,6.728975057071503,6.728975057071503,6.728975057071503,6.728975057071503,6.728975057071503,6.728975057071503,6.728975057071503,6.728975057071503,6.728975057071503,6.728975057071503,6.728975057071503,6.691587134284047,6.691587134284047,6.611421512888562,6.611421512888562,6.611421512888562,6.611421512888562,6.611421512888562,6.611421512888562,6.611421512888562,6.611421512888562,6.611421512888562,6.611421512888562,6.611421512888562,6.611421512888562,6.611421512888562,6.611421512888562,6.611421512888562,6.611421512888562,6.611421512888562,6.611421512888562,6.611421512888562,6.611421512888562,6.611421512888562,6.611421512888562,6.611421512888562,6.5487329679875295,6.5487329679875295,6.5487329679875295,6.5487329679875295,6.5487329679875295,6.5487329679875295,6.5487329679875295,6.5487329679875295,6.5487329679875295,6.5487329679875295,6.5487329679875295,6.5487329679875295,6.5487329679875295,6.5487329679875295,6.5487329679875295,6.5487329679875295,6.5487329679875295,6.5487329679875295,6.5487329679875295,6.5487329679875295,6.5487329679875295,6.5487329679875295,6.5487329679875295,6.5487329679875295,6.5487329679875295,6.5487329679875295,6.5487329679875295,6.5487329679875295,6.5487329679875295,6.5487329679875295,6.166950920022962,6.166950920022962,6.166950920022962,6.166950920022962,6.166950920022962,6.166950920022962,6.166950920022962,6.166950920022962,6.166950920022962,6.166950920022962,6.166950920022962,6.166950920022962,6.166950920022962,6.166950920022962,6.166950920022962,6.166950920022962,6.166950920022962,6.166950920022962,6.166950920022962,6.166950920022962,6.166950920022962,6.166950920022962,6.166950920022962,6.166950920022962,6.166950920022962,6.166950920022962,6.166950920022962,6.166950920022962,6.166950920022962,6.166950920022962,6.166950920022962,6.166950920022962,6.166950920022962,6.166950920022962,6.166950920022962,6.166950920022962,6.166950920022962,6.166950920022962,6.166950920022962,6.166950920022962,6.166950920022962,6.166950920022962,6.166950920022962,6.166950920022962,6.089349592172106,6.089349592172106,6.089349592172106,6.089349592172106,6.089349592172106,6.089349592172106,6.089349592172106,6.089349592172106,6.089349592172106,6.089349592172106,6.089349592172106,6.089349592172106,5.301902305694858,5.301902305694858,5.301902305694858,5.301902305694858,5.301902305694858,5.301902305694858,5.301902305694858,5.301902305694858,5.301902305694858,5.301902305694858,5.1227819137114325,5.1227819137114325,5.1227819137114325,5.1227819137114325,5.1227819137114325,5.1227819137114325,5.1227819137114325,5.1227819137114325,5.1227819137114325,5.1227819137114325,5.1227819137114325,5.1227819137114325,5.1227819137114325,5.1227819137114325,5.1227819137114325,5.1227819137114325,5.1227819137114325,5.0372725741177655,5.0372725741177655,5.0372725741177655,5.0372725741177655,5.0372725741177655,5.0372725741177655,5.0372725741177655,5.0372725741177655,5.0372725741177655,5.0372725741177655,5.0372725741177655,5.0372725741177655,5.0372725741177655,5.0372725741177655,5.0372725741177655,5.0372725741177655,5.0372725741177655,5.0372725741177655,5.0372725741177655,5.0372725741177655,5.0372725741177655,5.0372725741177655,5.0372725741177655,5.0372725741177655,5.0372725741177655,5.0372725741177655,5.0372725741177655,5.0372725741177655,5.0372725741177655,5.0372725741177655,5.0372725741177655,5.0372725741177655,5.0372725741177655,5.0372725741177655,5.0372725741177655,5.0372725741177655,5.0372725741177655,5.0372725741177655,5.0372725741177655,5.0372725741177655,5.0372725741177655,5.0372725741177655,5.0372725741177655,5.0372725741177655,5.0372725741177655,5.0372725741177655,5.0372725741177655,5.0372725741177655,5.0372725741177655,5.0372725741177655,5.0372725741177655,5.0372725741177655,5.0372725741177655,5.0372725741177655,5.0372725741177655,5.0372725741177655,5.0372725741177655,5.0372725741177655,5.0372725741177655,5.0372725741177655,5.0372725741177655,5.0372725741177655,5.0372725741177655,5.0372725741177655,5.0372725741177655,5.0372725741177655,5.0372725741177655,5.0372725741177655,5.0372725741177655,5.0372725741177655,5.0372725741177655,5.0372725741177655,5.0372725741177655,5.0372725741177655,5.0372725741177655,5.0372725741177655,5.0372725741177655,5.0372725741177655,5.0372725741177655,5.0372725741177655,5.0372725741177655,5.0372725741177655,5.0372725741177655,5.0372725741177655,5.0372725741177655,5.0372725741177655,5.0372725741177655,5.0372725741177655,5.0372725741177655,5.0372725741177655,5.0372725741177655,5.0372725741177655,5.0372725741177655,5.0372725741177655,5.0372725741177655,5.0372725741177655,5.0372725741177655,5.0372725741177655,5.0372725741177655,5.0372725741177655,5.0372725741177655,5.0372725741177655,5.0372725741177655,5.0372725741177655,5.0372725741177655,5.0372725741177655,5.0372725741177655,5.0372725741177655,5.0372725741177655,5.0372725741177655,5.0372725741177655,5.0372725741177655,5.0372725741177655,5.0372725741177655,5.0372725741177655,5.0372725741177655,5.0372725741177655,5.0372725741177655,5.0372725741177655,5.0372725741177655,5.0372725741177655,5.0372725741177655,5.0372725741177655,5.0372725741177655,5.0372725741177655,5.0372725741177655,5.0372725741177655,5.0372725741177655,5.0372725741177655,5.0372725741177655,5.0372725741177655,5.0372725741177655,5.0372725741177655,5.0372725741177655,5.0372725741177655,5.0372725741177655,5.0372725741177655,5.0372725741177655,5.0372725741177655,5.0372725741177655,5.0372725741177655,5.0372725741177655,4.875639358930544,4.875639358930544,4.875639358930544,4.875639358930544,4.875639358930544,4.875639358930544,4.875639358930544,4.875639358930544,4.875639358930544,4.875639358930544,4.875639358930544,4.593469793369693,4.593469793369693,4.593469793369693,4.593469793369693,4.593469793369693,4.593469793369693,4.593469793369693,4.593469793369693,4.593469793369693,4.593469793369693,4.593469793369693,4.593469793369693,4.593469793369693,4.593469793369693,4.593469793369693,4.593469793369693,4.593469793369693,4.593469793369693,4.593469793369693,4.593469793369693,4.593469793369693,4.593469793369693,4.593469793369693,4.593469793369693,4.593469793369693,4.593469793369693,4.593469793369693,4.593469793369693,4.593469793369693,4.593469793369693,4.593469793369693,4.593469793369693,4.593469793369693,4.593469793369693,4.593469793369693,4.593469793369693,4.593469793369693,4.593469793369693,4.593469793369693,4.593469793369693,4.593469793369693,4.593469793369693,4.593469793369693,4.593469793369693,4.593469793369693,4.593469793369693,4.593469793369693,4.593469793369693,4.593469793369693,4.593469793369693,4.593469793369693,4.593469793369693,4.593469793369693,4.593469793369693,4.593469793369693,4.593469793369693,4.593469793369693,4.593469793369693,4.593469793369693,4.593469793369693,4.593469793369693,4.593469793369693,4.593469793369693,4.593469793369693,4.593469793369693,4.593469793369693,4.593469793369693,4.593469793369693,4.593469793369693,4.593469793369693,4.593469793369693,4.593469793369693,4.593469793369693,4.593469793369693,4.593469793369693,4.593469793369693,4.593469793369693,4.593469793369693,4.593469793369693,4.593469793369693,4.593469793369693,4.593469793369693,4.593469793369693,4.593469793369693,4.593469793369693,4.593469793369693,4.593469793369693,4.593469793369693,4.593469793369693,4.593469793369693,4.593469793369693,4.593469793369693,4.593469793369693,4.593469793369693,4.593469793369693,4.593469793369693,4.593469793369693,4.593469793369693,4.593469793369693,4.593469793369693,4.593469793369693,4.593469793369693,4.593469793369693,4.593469793369693,4.593469793369693,4.593469793369693,4.593469793369693,4.593469793369693,4.593469793369693,4.593469793369693,4.593469793369693,4.593469793369693,4.593469793369693,4.593469793369693,4.593469793369693,4.593469793369693,4.593469793369693,4.593469793369693,4.593469793369693,4.593469793369693,4.593469793369693,4.593469793369693,4.593469793369693,4.593469793369693,4.593469793369693,4.593469793369693,4.593469793369693,4.593469793369693,4.593469793369693,4.593469793369693,4.593469793369693,4.593469793369693,4.593469793369693,4.593469793369693,4.593469793369693,4.593469793369693,4.593469793369693,4.593469793369693,4.593469793369693,4.593469793369693,4.593469793369693,4.593469793369693,4.593469793369693,4.593469793369693,4.593469793369693,4.593469793369693,4.593469793369693,4.593469793369693,4.593469793369693,4.593469793369693,4.593469793369693,4.593469793369693,4.593469793369693,4.593469793369693,4.593469793369693,4.593469793369693,4.593469793369693,4.593469793369693,4.593469793369693,4.593469793369693,4.593469793369693,4.593469793369693,4.593469793369693,4.593469793369693,4.593469793369693,4.593469793369693,4.593469793369693,4.593469793369693,4.593469793369693,4.593469793369693,4.593469793369693,4.593469793369693,4.593469793369693,4.593469793369693,4.593469793369693,4.593469793369693,4.593469793369693,4.593469793369693,4.593469793369693,4.593469793369693,4.593469793369693,4.593469793369693,4.593469793369693,4.593469793369693,4.593469793369693,4.593469793369693,4.593469793369693,4.593469793369693,4.593469793369693,4.593469793369693,4.593469793369693,4.593469793369693,4.593469793369693,4.593469793369693,4.593469793369693,4.593469793369693,4.593469793369693,4.593469793369693,4.42309283776968,4.42309283776968,4.42309283776968,4.42309283776968,4.42309283776968,4.42309283776968,4.42309283776968,4.42309283776968,4.42309283776968,4.42309283776968,4.42309283776968,4.42309283776968,4.42309283776968,4.398654167379096,4.398654167379096,4.398654167379096,4.398654167379096,4.398654167379096,4.398654167379096,4.398654167379096,4.398654167379096,4.398654167379096,4.398654167379096,4.398654167379096,4.398654167379096,4.398654167379096,4.398654167379096,4.398654167379096,4.398654167379096,4.398654167379096,4.398654167379096,4.398654167379096,4.398654167379096,4.398654167379096,4.398654167379096,4.398654167379096,4.398654167379096,4.398654167379096,4.398654167379096,4.398654167379096,4.398654167379096,4.398654167379096,4.398654167379096,4.398654167379096,4.398654167379096,4.398654167379096,4.398654167379096,4.398654167379096,4.398654167379096,4.398654167379096,4.398654167379096,4.398654167379096,4.398654167379096,4.398654167379096,4.398654167379096,4.398654167379096,4.398654167379096,4.398654167379096,4.398654167379096,4.398654167379096,4.398654167379096,4.398654167379096,4.398654167379096,4.398654167379096,4.398654167379096,4.398654167379096,4.398654167379096,4.398654167379096,4.398654167379096,4.398654167379096,4.398654167379096,4.398654167379096,4.398654167379096,4.398654167379096,4.398654167379096,4.398654167379096,4.398654167379096,4.398654167379096,4.398654167379096,4.398654167379096,4.398654167379096,4.398654167379096,4.398654167379096,4.398654167379096,4.398654167379096,4.398654167379096,4.398654167379096,4.398654167379096,4.398654167379096,4.398654167379096,4.398654167379096,4.398654167379096,4.398654167379096,4.398654167379096,4.398654167379096,4.398654167379096,4.398654167379096,4.398654167379096,4.398654167379096,4.398654167379096,4.398654167379096,4.398654167379096,4.398654167379096,4.398654167379096,4.398654167379096,4.398654167379096,4.398654167379096,4.398654167379096,4.398654167379096,4.398654167379096,4.398654167379096,4.398654167379096,4.398654167379096,4.398654167379096,4.398654167379096,4.398654167379096,4.398654167379096,4.398654167379096,4.398654167379096,4.398654167379096,4.398654167379096,4.398654167379096,4.398654167379096,4.398654167379096,4.398654167379096,4.398654167379096,4.398654167379096,4.398654167379096,4.398654167379096,4.398654167379096,4.398654167379096,4.398654167379096,4.398654167379096,4.398654167379096,4.398654167379096,4.398654167379096,4.398654167379096,4.398654167379096,4.398654167379096,4.398654167379096,4.398654167379096,4.398654167379096,4.398654167379096,4.398654167379096,4.398654167379096,4.398654167379096,4.398654167379096,4.398654167379096,4.398654167379096,4.398654167379096,4.398654167379096,4.398654167379096,4.398654167379096,4.398654167379096,4.398654167379096,4.398654167379096,4.398654167379096,4.398654167379096,4.398654167379096,4.398654167379096,4.398654167379096,4.398654167379096,4.398654167379096,4.398654167379096,4.398654167379096,4.398654167379096,4.398654167379096,4.398654167379096,4.398654167379096,4.398654167379096,4.398654167379096,4.398654167379096,4.398654167379096,4.398654167379096,4.398654167379096,4.398654167379096,4.398654167379096,4.398654167379096,4.398654167379096,4.398654167379096,4.398654167379096,4.398654167379096,4.398654167379096,4.398654167379096,4.398654167379096,4.398654167379096,4.398654167379096,4.398654167379096,4.398654167379096,4.398654167379096,4.398654167379096,4.398654167379096,4.398654167379096,4.398654167379096,4.398654167379096,4.398654167379096,4.398654167379096,4.398654167379096,4.398654167379096,4.398654167379096,4.398654167379096,4.398654167379096,4.398654167379096,4.398654167379096,4.398654167379096,4.398654167379096,4.398654167379096,4.398654167379096,4.398654167379096,4.398654167379096,4.398654167379096,4.398654167379096,4.398654167379096,4.398654167379096,4.398654167379096,4.398654167379096,4.398654167379096,4.398654167379096,4.398654167379096,4.398654167379096,4.398654167379096,4.398654167379096,4.398654167379096,4.398654167379096,4.398654167379096,4.398654167379096,4.398654167379096,4.398654167379096,4.398654167379096,4.398654167379096,4.398654167379096,4.398654167379096,4.398654167379096,4.398654167379096,4.398654167379096,4.398654167379096,4.398654167379096,4.398654167379096,4.398654167379096,4.398654167379096,4.398654167379096,4.398654167379096,4.398654167379096,4.398654167379096,4.398654167379096,4.398654167379096,4.398654167379096,4.398654167379096,4.398654167379096,4.398654167379096,4.398654167379096,4.398654167379096,4.398654167379096,4.398654167379096,4.398654167379096,4.398654167379096,4.398654167379096,4.398654167379096,4.398654167379096,4.398654167379096,4.398654167379096,4.398654167379096,4.398654167379096,4.398654167379096,4.398654167379096,4.398654167379096,4.398654167379096,4.398654167379096,4.398654167379096,4.398654167379096,4.398654167379096,4.398654167379096,4.398654167379096,4.398654167379096,4.398654167379096,4.398654167379096,4.398654167379096,4.398654167379096,4.398654167379096,4.398654167379096,4.398654167379096,4.398654167379096,4.398654167379096,4.398654167379096,4.398654167379096,4.398654167379096,4.398654167379096,4.398654167379096,4.398654167379096,4.398654167379096,4.398654167379096,4.398654167379096,4.398654167379096,4.398654167379096,4.398654167379096,4.398654167379096,4.398654167379096,4.398654167379096,4.398654167379096,4.398654167379096,4.398654167379096,4.398654167379096,4.398654167379096,4.398654167379096,4.398654167379096,4.398654167379096,4.363558007863189,4.363558007863189,4.363558007863189,4.363558007863189,4.363558007863189,4.363558007863189,4.363558007863189,4.363558007863189,4.363558007863189,4.356747246461873,4.356747246461873,4.356747246461873,4.356747246461873,4.356747246461873,4.356747246461873,4.356747246461873,4.356747246461873,4.356747246461873,4.356747246461873,4.356747246461873,4.356747246461873,4.356747246461873,4.356747246461873,4.356747246461873,4.356747246461873,4.356747246461873,4.356747246461873,4.356747246461873,4.356747246461873,4.356747246461873,4.356747246461873,4.356747246461873,4.356747246461873,4.356747246461873,4.356747246461873,4.356747246461873,4.356747246461873,4.356747246461873,4.356747246461873,4.356747246461873,4.356747246461873,4.356747246461873,4.356747246461873,4.356747246461873,4.356747246461873,4.356747246461873,4.356747246461873,4.356747246461873,4.356747246461873,4.356747246461873,4.356747246461873,4.356747246461873,4.356747246461873,4.356747246461873,4.356747246461873,4.356747246461873,4.356747246461873,4.356747246461873,4.356747246461873,4.356747246461873,4.356747246461873,4.356747246461873,4.356747246461873,4.356747246461873,4.356747246461873,4.356747246461873,4.356747246461873,4.356747246461873,4.356747246461873,4.356747246461873,4.356747246461873,4.356747246461873,4.356747246461873,4.356747246461873,4.356747246461873,4.356747246461873,4.356747246461873,4.356747246461873,4.356747246461873,4.356747246461873,4.356747246461873,4.356747246461873,4.356747246461873,4.356747246461873,4.356747246461873,4.356747246461873,4.356747246461873,4.356747246461873,4.356747246461873,4.356747246461873,4.356747246461873,4.356747246461873,4.356747246461873,4.356747246461873,4.356747246461873,4.356747246461873,4.356747246461873,4.356747246461873,4.356747246461873,4.356747246461873,4.356747246461873,4.356747246461873,4.356747246461873,4.356747246461873,4.356747246461873,4.356747246461873,4.356747246461873,4.356747246461873,4.356747246461873,4.356747246461873,4.356747246461873,4.356747246461873,4.356747246461873,4.356747246461873,4.356747246461873,4.356747246461873,4.356747246461873,4.356747246461873,4.356747246461873,4.356747246461873,4.356747246461873,4.356747246461873,4.356747246461873,4.356747246461873,4.356747246461873,4.356747246461873,4.356747246461873,4.356747246461873,4.356747246461873,4.356747246461873,4.356747246461873,4.356747246461873,4.356747246461873,4.356747246461873,4.356747246461873,4.356747246461873,4.356747246461873,4.356747246461873,4.356747246461873,4.356747246461873,4.356747246461873,4.356747246461873,4.356747246461873,4.356747246461873,4.356747246461873,4.356747246461873,4.356747246461873,4.356747246461873,4.356747246461873,4.356747246461873,4.356747246461873,4.356747246461873,4.356747246461873,4.356747246461873,4.356747246461873,4.356747246461873,4.356747246461873,4.356747246461873,4.356747246461873,4.356747246461873,4.356747246461873,4.356747246461873,4.356747246461873,4.356747246461873,4.356747246461873,4.356747246461873,4.356747246461873,4.356747246461873,4.356747246461873,4.356747246461873,4.356747246461873,4.356747246461873,4.356747246461873,4.356747246461873,4.356747246461873,4.356747246461873,4.356747246461873,4.356747246461873,4.356747246461873,4.356747246461873,6.832640732968976,6.832640732968976,5.99874321296072,5.903344958010043,5.903344958010043,5.553122361524677,5.553122361524677,5.553122361524677,5.553122361524677,5.553122361524677,5.553122361524677,5.553122361524677,5.553122361524677,5.553122361524677,5.553122361524677,5.553122361524677,5.445509828793485,5.445509828793485,5.445509828793485,5.445509828793485,5.445509828793485,5.194521930150639,5.170438293992584,5.136267166467584,5.136267166467584,5.136267166467584,5.136267166467584,5.136267166467584,5.136267166467584,5.136267166467584,5.136267166467584,5.136267166467584,5.136267166467584,5.136267166467584,5.136267166467584,5.136267166467584,5.136267166467584,5.136267166467584,5.136267166467584,5.136267166467584,5.136267166467584,5.136267166467584,5.136267166467584,5.136267166467584,5.136267166467584,5.136267166467584,5.136267166467584,5.136267166467584,5.136267166467584,5.136267166467584,5.136267166467584,5.136267166467584,5.136267166467584,5.136267166467584,5.136267166467584,4.260328292004328,4.034573899976652,4.034573899976652,4.034573899976652,4.034573899976652,4.034573899976652,4.034573899976652,4.034573899976652,4.034573899976652,4.034573899976652,4.034573899976652,4.034573899976652,4.034573899976652,4.034573899976652,4.034573899976652,4.034573899976652,4.034573899976652,4.034573899976652,4.034573899976652,4.034573899976652,4.034573899976652,4.034573899976652,4.034573899976652,4.034573899976652,4.034573899976652,4.034573899976652,4.034573899976652,4.034573899976652,4.034573899976652,4.034573899976652,4.034573899976652,4.034573899976652,4.034573899976652,4.034573899976652,4.034573899976652,4.034573899976652,4.034573899976652,4.034573899976652,4.034573899976652,4.034573899976652,4.034573899976652,4.034573899976652,4.034573899976652,4.034573899976652,4.034573899976652,4.034573899976652,4.034573899976652,4.034573899976652,4.034573899976652,4.034573899976652,4.034573899976652,4.034573899976652,4.034573899976652,4.034573899976652,4.034573899976652,4.034573899976652,4.034573899976652,4.034573899976652,4.034573899976652,4.034573899976652,4.034573899976652,4.034573899976652,4.034573899976652,4.034573899976652,4.034573899976652,4.034573899976652,4.034573899976652,4.034573899976652,4.034573899976652,4.034573899976652,4.034573899976652,4.034573899976652,4.034573899976652,4.034573899976652,4.034573899976652,4.034573899976652,4.034573899976652,4.034573899976652,4.034573899976652,4.034573899976652,4.034573899976652,4.034573899976652,4.034573899976652,4.034573899976652,4.034573899976652,4.034573899976652,4.034573899976652,4.034573899976652,4.034573899976652,4.034573899976652,4.034573899976652,4.034573899976652,4.034573899976652,4.034573899976652,4.034573899976652,4.034573899976652,4.034573899976652,4.034573899976652,4.034573899976652,4.034573899976652,4.034573899976652,4.034573899976652,4.034573899976652,4.034573899976652,4.034573899976652,4.034573899976652,4.034573899976652,4.034573899976652,4.034573899976652,4.034573899976652,4.034573899976652,4.034573899976652,4.034573899976652,4.034573899976652,4.034573899976652,4.034573899976652,4.034573899976652,4.034573899976652,4.034573899976652,4.034573899976652,4.034573899976652,4.034573899976652,4.034573899976652,4.034573899976652,4.034573899976652,4.034573899976652,4.034573899976651,4.034573899976651,4.034573899976651,4.034573899976651,4.034573899976651,4.034573899976651,4.034573899976651,4.034573899976651,4.034573899976651,4.034573899976651,4.034573899976651,4.034573899976651,4.034573899976651,4.034573899976651,4.034573899976651,4.034573899976651,4.034573899976651,4.034573899976651,4.034573899976651,4.034573899976651,4.034573899976651,4.034573899976651,4.034573899976651,4.034573899976651,4.034573899976651,4.034573899976651,4.034573899976651,4.034573899976651,4.034573899976651,4.034573899976651,4.034573899976651,4.034573899976651,4.034573899976651,4.034573899976651,4.034573899976651,4.034573899976651,4.034573899976651,4.034573899976651,4.034573899976651,4.034573899976651,4.034573899976651,4.034573899976651,4.034573899976651,4.034573899976651,4.034573899976651,4.034573899976651,4.034573899976651,4.034573899976651,4.034573899976651,4.034573899976651,4.034573899976651,4.034573899976651,4.034573899976651,4.034573899976651,4.034573899976651,4.034573899976651,4.034573899976651,4.034573899976651,4.034573899976651,4.034573899976651,4.034573899976651,4.034573899976651,4.034573899976651,4.034573899976651,4.034573899976651,4.034573899976651,4.034573899976651,4.034573899976651,4.034573899976651,4.034573899976651,4.034573899976651,4.034573899976651,4.034573899976651,4.034573899976651,4.034573899976651,4.034573899976651,4.034573899976651,4.034573899976651,4.034573899976651,4.034573899976651,4.034573899976651,4.034573899976651,4.034573899976651,4.034573899976651,4.034573899976651,4.034573899976651,4.034573899976651,4.034573899976651,4.034573899976651,4.034573899976651,4.034573899976651,4.034573899976651,4.034573899976651,4.034573899976651,4.034573899976651,4.034573899976651,4.034573899976651,4.034573899976651,4.034573899976651,4.034573899976651,4.034573899976651,4.034573899976651,4.034573899976651,4.034573899976651,4.034573899976651,4.034573899976651,4.034573899976651,4.034573899976651,4.034573899976651,4.034573899976651,4.034573899976651,4.034573899976651,4.034573899976651,4.034573899976651,4.034573899976651,4.034573899976651,4.034573899976651,4.034573899976651,4.034573899976651,4.034573899976651,4.034573899976651,4.034573899976651,4.034573899976651,4.034573899976651,4.034573899976651,4.034573899976651,4.034573899976651,4.034573899976651,4.034573899976651,4.034573899976651,4.034573899976651,4.034573899976651,4.034573899976651,4.034573899976651,4.034573899976651,4.034573899976651,4.034573899976651,4.034573899976651,4.034573899976651,4.034573899976651,4.034573899976651,4.034573899976651,4.034573899976651,4.034573899976651,4.034573899976651,4.034573899976651,4.034573899976651,4.034573899976651,4.034573899976651,4.034573899976651,4.034573899976651,4.034573899976651,4.034573899976651,4.034573899976651,4.034573899976651,4.034573899976651,4.034573899976651,4.034573899976651,4.034573899976651,4.034573899976651,4.034573899976651,4.034573899976651,4.034573899976651,4.034573899976651,4.034573899976651,4.034573899976651,4.034573899976651,4.034573899976651,4.034573899976651,4.034573899976651,4.034573899976651,4.034573899976651,4.034573899976651,4.034573899976651,4.034573899976651,4.034573899976651,4.034573899976651,4.034573899976651,4.034573899976651,4.034573899976651,4.034573899976651,4.034573899976651,4.034573899976651,4.034573899976651,4.034573899976651,4.034573899976651,4.034573899976651,4.034573899976651,4.034573899976651,4.034573899976651,4.034573899976651,4.034573899976651,4.034573899976651,4.034573899976651,4.034573899976651,4.034573899976651,4.034573899976651,4.034573899976651,4.034573899976651,4.034573899976651,4.034573899976651,4.034573899976651,4.034573899976651,4.034573899976651,4.034573899976651,4.034573899976651,4.034573899976651,4.034573899976651,4.034573899976651,4.034573899976651,4.034573899976651,4.034573899976651,4.034573899976651,4.034573899976651,4.034573899976651,4.034573899976651,4.034573899976651,4.034573899976651,4.034573899976651,4.034573899976651,4.034573899976651,4.034573899976651,4.034573899976651,4.034573899976651,4.034573899976651,4.034573899976651,4.034573899976651,4.034573899976651,4.034573899976651,4.034573899976651,4.034573899976651,4.034573899976651,4.034573899976651,4.034573899976651,4.034573899976651,4.034573899976651,4.034573899976651,4.034573899976651,4.034573899976651,4.034573899976651,4.034573899976651,4.034573899976651,4.034573899976651,4.034573899976651,4.034573899976651,4.034573899976651,4.034573899976651,4.034573899976651,4.034573899976651,4.034573899976651,4.034573899976651,4.034573899976651,4.034573899976651,4.034573899976651,4.034573899976651,4.034573899976651,4.034573899976651,4.034573899976651,4.034573899976651,4.034573899976651,4.034573899976651,4.034573899976651,3.8747881379113744,3.8747881379113744,3.8747881379113744,3.8747881379113744,3.8747881379113744,3.8747881379113744,3.8747881379113744,3.614378343319123,3.614378343319123,3.614378343319123,3.614378343319123,3.614378343319123,3.614378343319123,3.614378343319123,3.614378343319123,3.614378343319123,3.614378343319123,3.614378343319123,3.614378343319123,3.614378343319123,3.614378343319123,3.614378343319123,3.614378343319123,3.614378343319123,3.614378343319123,3.614378343319123,3.614378343319123,3.614378343319123,3.614378343319123,3.614378343319123,3.614378343319123,3.614378343319123,3.614378343319123,3.614378343319123,3.614378343319123,3.614378343319123,3.614378343319123,3.614378343319123,3.614378343319123,3.614378343319123,3.614378343319123,3.614378343319123,3.614378343319123,3.614378343319123,3.614378343319123,3.614378343319123,3.614378343319123,3.614378343319123,3.614378343319123,3.614378343319123,3.614378343319123,3.614378343319123,3.614378343319123,3.614378343319123,3.614378343319123,3.614378343319123,3.614378343319123,3.614378343319123,3.614378343319123,3.614378343319123,3.614378343319123,3.614378343319123,3.614378343319123,3.614378343319123,3.614378343319123,3.614378343319123,3.614378343319123,3.614378343319123,3.614378343319123,3.614378343319123,3.614378343319123,3.614378343319123,3.614378343319123,3.614378343319123,3.614378343319123,3.614378343319123,3.614378343319123,3.614378343319123,3.614378343319123,3.614378343319123,3.614378343319123,3.614378343319123,3.614378343319123,3.614378343319123,3.614378343319123,3.614378343319123,3.614378343319123,3.614378343319123,3.614378343319123,3.614378343319123,3.614378343319123,3.614378343319123,3.614378343319123,3.614378343319123,3.614378343319123,3.614378343319123,3.614378343319123,3.614378343319123,3.614378343319123,3.614378343319123,3.614378343319123,3.614378343319123,3.614378343319123,3.614378343319123,3.614378343319123,3.614378343319123,3.614378343319123,3.614378343319123,3.614378343319123,3.614378343319123,3.614378343319123,3.614378343319123,3.614378343319123,3.614378343319123,3.614378343319123,3.614378343319123,3.614378343319123,3.614378343319123,3.614378343319123,3.614378343319123,3.614378343319123,3.614378343319123,3.614378343319123,3.614378343319123,3.614378343319123,3.614378343319123,3.614378343319123,3.614378343319123,3.614378343319123,3.614378343319123,3.614378343319123,3.614378343319123,3.614378343319123,3.614378343319123,3.614378343319123,3.614378343319123,3.614378343319123,3.614378343319123,3.614378343319123,3.614378343319123,3.614378343319123,3.614378343319123,3.614378343319123,3.614378343319123,3.614378343319123,3.614378343319123,3.614378343319123,3.614378343319123,3.614378343319123,3.614378343319123,3.614378343319123,3.614378343319123,3.614378343319123,3.614378343319123,3.614378343319123,3.614378343319123,3.614378343319123,3.614378343319123,3.614378343319123,3.614378343319123,3.614378343319123,3.614378343319123,3.614378343319123,3.614378343319123,3.614378343319123,3.614378343319123,3.614378343319123,3.614378343319123,3.614378343319123,3.614378343319123,3.614378343319123,3.614378343319123,3.614378343319123,3.614378343319123,3.614378343319123,3.614378343319123,3.614378343319123,3.614378343319123,3.614378343319123,3.614378343319123,3.614378343319123,3.614378343319123,3.614378343319123,3.614378343319123,3.614378343319123,3.614378343319123,3.614378343319123,3.614378343319123,3.614378343319123,3.614378343319123,3.614378343319123,3.614378343319123,3.614378343319123,3.614378343319123,3.614378343319123,3.614378343319123,3.614378343319123,3.614378343319123,3.614378343319123,3.614378343319123,3.614378343319123,3.614378343319123,3.614378343319123,3.614378343319123,3.614378343319123,3.614378343319123,3.614378343319123,3.614378343319123,3.614378343319123,3.614378343319123,3.614378343319123,3.614378343319123,3.614378343319123,3.614378343319123,3.614378343319123,3.614378343319123,3.614378343319123,3.614378343319123,3.614378343319123,3.614378343319123,3.614378343319123,3.614378343319123,3.614378343319123,3.614378343319123,3.614378343319123,3.614378343319123,3.614378343319123,3.614378343319123,3.614378343319123,3.614378343319123,3.614378343319123,3.614378343319123,3.614378343319123,3.614378343319123,3.614378343319123,3.614378343319123,3.614378343319123,3.614378343319123,3.614378343319123,3.614378343319123,3.614378343319123,3.614378343319123,3.614378343319123,3.614378343319123,3.614378343319123,3.614378343319123,3.614378343319123,3.614378343319123,3.614378343319123,3.614378343319123,3.614378343319123,3.614378343319123,3.614378343319123,3.614378343319123,3.614378343319123,3.614378343319123,3.614378343319123,3.614378343319123,3.614378343319123,3.614378343319123,3.614378343319123,3.614378343319123,3.614378343319123,3.614378343319123,3.614378343319123,3.614378343319123,3.614378343319123,3.614378343319123,3.614378343319123,3.614378343319123,3.614378343319123,3.614378343319123,3.614378343319123,3.614378343319123,3.614378343319123,3.614378343319123,3.614378343319123,3.614378343319123,3.614378343319123,3.614378343319123,3.614378343319123,3.614378343319123,3.614378343319123,3.614378343319123,3.614378343319123,3.614378343319123,3.614378343319123,3.614378343319123,3.614378343319123,3.614378343319123,3.614378343319123,3.614378343319123,3.614378343319123,3.614378343319123,3.614378343319123,3.614378343319123,3.614378343319123,3.614378343319123,3.614378343319123,3.614378343319123,3.614378343319123,3.614378343319123,3.614378343319123,3.614378343319123,3.614378343319123,3.614378343319123,3.614378343319123,3.614378343319123,3.614378343319123,3.614378343319123,3.614378343319123,3.614378343319123,3.614378343319123,3.614378343319123,3.614378343319123,3.614378343319123,3.614378343319123,3.614378343319123,3.614378343319123,3.614378343319123,3.614378343319123,3.614378343319123,3.614378343319123,3.614378343319123,3.614378343319123,3.614378343319123,3.614378343319123,3.614378343319123,3.614378343319123,3.614378343319123,3.614378343319123,3.614378343319123,3.614378343319123,3.614378343319123,3.614378343319123,3.614378343319123,3.614378343319123,3.614378343319123,3.614378343319123,3.614378343319123,3.614378343319123,3.614378343319123,3.614378343319123,3.614378343319123,3.614378343319123,3.614378343319123,3.614378343319123,3.614378343319123,3.614378343319123,3.614378343319123,3.614378343319123,3.614378343319123,3.614378343319123,3.614378343319123,3.614378343319123,3.614378343319123,3.614378343319123,3.614378343319123,3.614378343319123,3.614378343319123,3.614378343319123,3.614378343319123,3.614378343319123,3.614378343319123,3.614378343319123,3.614378343319123,3.614378343319123,3.614378343319123,3.614378343319123,3.614378343319123,3.614378343319123,3.614378343319123,3.614378343319123,3.614378343319123,3.614378343319123,3.614378343319123,3.614378343319123,3.614378343319123,3.614378343319123,3.614378343319123,3.614378343319123,3.614378343319123,3.614378343319123,3.614378343319123,3.614378343319123,3.614378343319123,3.614378343319123,3.614378343319123,3.614378343319123,3.614378343319123,3.614378343319123,3.614378343319123,3.614378343319123,3.614378343319123,3.614378343319123,3.614378343319123,3.614378343319123,3.614378343319123,3.614378343319123,3.614378343319123,3.614378343319123,3.614378343319123,3.614378343319123,3.614378343319123,3.614378343319123,3.614378343319123,3.614378343319123,3.614378343319123,3.614378343319123,3.614378343319123,3.614378343319123,3.614378343319123,3.614378343319123,3.614378343319123,3.614378343319123,3.614378343319123,3.614378343319123,3.614378343319123,3.614378343319123,3.614378343319123,3.614378343319123,3.614378343319123,3.614378343319123,3.614378343319123,3.614378343319123,3.614378343319123,3.614378343319123,3.614378343319123,3.614378343319123,3.614378343319123,3.614378343319123,3.614378343319123,3.614378343319123,3.614378343319123,3.614378343319123,3.614378343319123,3.614378343319123,3.614378343319123,3.614378343319123,3.614378343319123,3.614378343319123,3.614378343319123,3.614378343319123,3.614378343319123,3.614378343319123,3.614378343319123,3.614378343319123,3.614378343319123,3.614378343319123,3.614378343319123,3.614378343319123,3.614378343319123,3.614378343319123,3.614378343319123,3.614378343319123,3.614378343319123,3.614378343319123,3.614378343319123,3.614378343319123,3.614378343319123,3.614378343319123,3.614378343319123,3.614378343319123,3.614378343319123,3.614378343319123,3.614378343319123,3.614378343319123,3.614378343319123,3.614378343319123,3.614378343319123,3.614378343319123,3.614378343319123,3.614378343319123,3.614378343319123,3.614378343319123,3.614378343319123,3.614378343319123,3.614378343319123,3.614378343319123,3.614378343319123,3.614378343319123,3.614378343319123,3.614378343319123,3.614378343319123,3.614378343319123,3.614378343319123,3.614378343319123,3.614378343319123,3.614378343319123,3.614378343319123,3.614378343319123,3.614378343319123,3.614378343319123,3.614378343319123,3.614378343319123,3.614378343319123,3.614378343319123,3.614378343319123,3.614378343319123,3.614378343319123,3.614378343319123,3.614378343319123,3.614378343319123,3.614378343319123,3.614378343319123,3.614378343319123,3.614378343319123,3.614378343319123,3.614378343319123,3.614378343319123,3.614378343319123,3.614378343319123,3.614378343319123,3.614378343319123,3.614378343319123,3.614378343319123,3.614378343319123,3.614378343319123,3.614378343319123,3.614378343319123,3.614378343319123,3.614378343319123,3.614378343319123,3.614378343319123,3.614378343319123,3.614378343319123,3.614378343319123,3.614378343319123,3.614378343319123,3.614378343319123,3.614378343319123,3.614378343319123,3.614378343319123,3.614378343319123,3.614378343319123,3.614378343319123,3.614378343319123,3.614378343319123,3.614378343319123,3.614378343319123,3.614378343319123,3.614378343319123,3.614378343319123,3.614378343319123,3.614378343319123,3.614378343319123,3.614378343319123,3.614378343319123,3.614378343319123,3.614378343319123,3.614378343319123,3.614378343319123,3.614378343319123,3.614378343319123,3.614378343319123,3.614378343319123,3.614378343319123,9.082362078610045,9.082362078610045,9.082362078610045,8.274941128941329,8.274941128941329,8.274941128941329,8.274941128941329,8.274941128941329,8.274941128941329,8.274941128941329,8.274941128941329,8.274941128941329,8.274941128941329,8.274941128941329,8.274941128941329,8.274941128941329,8.274941128941329,8.274941128941329,8.274941128941329,6.974850962112745,6.974850962112745,6.974850962112745,6.974850962112745,6.974850962112745,6.974850962112745,6.974850962112745,6.974850962112745,6.974850962112745,6.974850962112745,6.974850962112745,6.974850962112745,6.974850962112745,6.974850962112745,6.974850962112745,6.974850962112745,6.974850962112745,6.974850962112745,6.974850962112745,6.974850962112745,6.974850962112745,6.974850962112745,6.974850962112745,6.974850962112745,6.974850962112745,6.974850962112745,6.974850962112745,6.974850962112745,6.974850962112745,6.974850962112745,6.974850962112745,6.974850962112745,6.974850962112745,6.974850962112745,6.974850962112745,6.974850962112745,6.974850962112745,6.974850962112745,6.974850962112745,6.974850962112745,6.974850962112745,6.974850962112745,6.974850962112745,6.841952374776011,6.841952374776011,6.841952374776011,6.841952374776011,6.841952374776011,6.841952374776011,6.841952374776011,6.841952374776011,6.841952374776011,6.841952374776011,6.841952374776011,6.841952374776011,6.841952374776011,6.841952374776011,6.841952374776011,6.841952374776011,6.841952374776011,6.841952374776011,6.841952374776011,6.841952374776011,6.841952374776011,6.841952374776011,6.841952374776011,6.841952374776011,6.841952374776011,6.841952374776011,6.841952374776011,6.841952374776011,6.841952374776011,6.841952374776011,6.841952374776011,6.841952374776011,6.841952374776011,6.841952374776011,6.841952374776011,6.841952374776011,6.841952374776011,6.841952374776011,6.841952374776011,6.841952374776011,6.841952374776011,6.841952374776011,6.841952374776011,6.841952374776011,6.841952374776011,6.841952374776011,6.841952374776011,6.841952374776011,6.841952374776011,6.841952374776011,6.841952374776011,6.841952374776011,6.841952374776011,6.841952374776011,6.841952374776011,6.841952374776011,6.841952374776011,6.841952374776011,6.841952374776011,6.841952374776011,6.841952374776011,6.841952374776011,6.841952374776011,6.841952374776011,6.841952374776011,6.841952374776011,6.841952374776011,6.841952374776011,6.841952374776011,6.841952374776011,6.841952374776011,6.841952374776011,6.841952374776011,6.841952374776011,6.841952374776011,6.841952374776011,6.841952374776011,6.841952374776011,6.841952374776011,6.841952374776011,6.841952374776011,6.841952374776011,6.841952374776011,6.841952374776011,6.841952374776011,6.841952374776011,6.841952374776011,6.841952374776011,6.841952374776011,6.841952374776011,6.841952374776011,6.841952374776011,6.841952374776011,6.841952374776011,6.841952374776011,6.841952374776011,6.841952374776011,6.841952374776011,6.841952374776011,6.841952374776011,6.841952374776011,6.841952374776011,6.841952374776011,6.841952374776011,6.841952374776011,6.841952374776011,6.841952374776011,6.841952374776011,6.841952374776011,6.841952374776011,6.841952374776011,6.841952374776011,6.841952374776011,6.841952374776011,6.841952374776011,6.841952374776011,6.841952374776011,6.841952374776011,6.841952374776011,6.841952374776011,6.841952374776011,6.841952374776011,6.841952374776011,6.841952374776011,6.841952374776011,6.841952374776011,6.841952374776011,6.841952374776011,6.841952374776011,6.841952374776011,6.841952374776011,6.841952374776011,6.841952374776011,6.841952374776011,6.841952374776011,6.841952374776011,6.841952374776011,6.841952374776011,6.841952374776011,6.841952374776011,6.841952374776011,6.841952374776011,6.488498140491694,6.488498140491694,6.488498140491694,6.488498140491694,6.488498140491694,6.488498140491694,6.229604032699751,5.941888275975762,5.941888275975762,5.941888275975762,5.941888275975762,5.941888275975762,5.5725915568143725,5.260226631013619,5.260226631013619,5.260226631013619,5.260226631013619,5.260226631013619,5.260226631013619,5.260226631013619,5.260226631013619,5.260226631013619,5.260226631013619,5.260226631013619,5.260226631013619,5.260226631013619,5.260226631013619,5.260226631013619,5.260226631013619,5.260226631013619,5.260226631013619,5.260226631013619,5.260226631013619,5.260226631013619,5.260226631013619,5.260226631013619,5.260226631013619,5.260226631013619,5.260226631013619,5.260226631013619,5.260226631013619,5.260226631013619,5.260226631013619,5.260226631013619,5.260226631013619,5.260226631013619,5.260226631013619,5.260226631013619,5.260226631013619,5.260226631013619,5.260226631013619,5.260226631013619,5.260226631013619,5.260226631013619,5.260226631013619,5.260226631013619,5.260226631013619,5.260226631013619,5.260226631013619,5.260226631013619,5.260226631013619,5.260226631013619,5.260226631013619,5.260226631013619,5.260226631013619,5.260226631013619,5.260226631013619,5.260226631013619,5.260226631013619,5.260226631013619,5.260226631013619,5.260226631013619,5.260226631013619,5.260226631013619,5.260226631013619,5.260226631013619,5.260226631013619,5.260226631013619,5.260226631013619,5.260226631013619,5.260226631013619,5.260226631013619,5.260226631013619,5.260226631013619,5.260226631013619,5.260226631013619,5.260226631013619,5.260226631013619,5.260226631013619,5.260226631013619,5.260226631013619,5.260226631013619,5.260226631013619,5.260226631013619,5.260226631013619,5.260226631013619,5.260226631013619,5.260226631013619,5.260226631013619,5.260226631013619,5.260226631013619,5.260226631013619,5.260226631013619,5.260226631013619,5.260226631013619,5.260226631013619,5.260226631013619,5.260226631013619,5.260226631013619,5.260226631013619,5.260226631013619,5.260226631013619,5.260226631013619,5.260226631013619,5.260226631013619,5.260226631013619,5.260226631013619,5.260226631013619,5.260226631013619,5.260226631013619,5.260226631013619,5.260226631013619,5.260226631013619,5.260226631013619,5.260226631013619,5.260226631013619,5.260226631013619,5.260226631013619,5.260226631013619,5.260226631013619,5.260226631013619,5.260226631013619,5.260226631013619,5.260226631013619,5.260226631013619,5.260226631013619,5.260226631013619,5.260226631013619,5.260226631013619,5.260226631013619,5.260226631013619,5.260226631013619,5.260226631013619,5.260226631013619,5.260226631013619,5.260226631013619,5.260226631013619,5.260226631013619,5.260226631013619,5.260226631013619,5.260226631013619,5.260226631013619,5.260226631013619,5.260226631013619,5.260226631013619,5.260226631013619,5.260226631013619,5.260226631013619,5.260226631013619,5.260226631013619,5.260226631013619,5.260226631013619,5.260226631013619,5.260226631013619,5.260226631013619,5.260226631013619,5.260226631013619,5.260226631013619,5.260226631013619,5.260226631013619,5.260226631013619,5.260226631013619,5.260226631013619,5.260226631013619,5.260226631013619,5.260226631013619,5.260226631013619,5.260226631013619,5.260226631013619,5.260226631013619,5.260226631013619,5.260226631013619,5.260226631013619,5.260226631013619,5.260226631013619,5.260226631013619,5.260226631013619,5.260226631013619,5.260226631013619,5.260226631013619,5.260226631013619,5.260226631013619,5.260226631013619,5.260226631013619,5.260226631013619,5.260226631013619,5.260226631013619,5.260226631013619,5.260226631013619,5.260226631013619,5.260226631013619,5.260226631013619,5.260226631013619,5.260226631013619,5.260226631013619,5.260226631013619,5.260226631013619,5.260226631013619,5.260226631013619,5.260226631013619,5.260226631013619,5.260226631013619,5.260226631013619,5.260226631013619,5.260226631013619,5.260226631013619,5.260226631013619,5.260226631013619,5.260226631013619,5.260226631013619,5.260226631013619,5.260226631013619,5.260226631013619,5.260226631013619,5.260226631013619,5.260226631013619,5.260226631013619,5.260226631013619,5.260226631013619,5.260226631013619,5.260226631013619,5.260226631013619,5.260226631013619,5.260226631013619,5.260226631013619,5.260226631013619,5.260226631013619,5.260226631013619,5.260226631013619,5.260226631013619,5.260226631013619,5.260226631013619,5.260226631013619,5.260226631013619,5.260226631013619,5.260226631013619,5.260226631013619,5.260226631013619,5.260226631013619,5.260226631013619,5.260226631013619,5.260226631013619,5.260226631013619,5.260226631013619,5.260226631013619,5.260226631013619,5.260226631013619,5.260226631013619,5.260226631013619,5.260226631013619,5.260226631013619,5.260226631013619,5.260226631013619,5.260226631013619,5.260226631013619,5.260226631013619,5.260226631013619,5.260226631013619,5.260226631013619,5.260226631013619,5.260226631013619,5.260226631013619,5.260226631013619,5.260226631013619,5.260226631013619,5.260226631013619,5.260226631013619,5.260226631013619,5.260226631013619,5.260226631013619,5.260226631013619,5.260226631013619,5.260226631013619,5.260226631013619,5.260226631013619,5.260226631013619,5.260226631013619,5.260226631013619,5.260226631013619,5.260226631013619,5.260226631013619,5.260226631013619,5.260226631013619,5.260226631013619,5.260226631013619,5.260226631013619,5.260226631013619,5.260226631013619,5.260226631013619,5.260226631013619,5.260226631013619,5.260226631013619,5.260226631013619,5.260226631013619,5.260226631013619,5.260226631013619,5.260226631013619,5.260226631013619,5.260226631013619,5.260226631013619,5.260226631013619,5.260226631013619,5.260226631013619,5.260226631013619,5.260226631013619,5.260226631013619,5.260226631013619,5.260226631013619,5.260226631013619,5.260226631013619,5.260226631013619,5.260226631013619,5.260226631013619,5.260226631013619,5.260226631013619,5.260226631013619,5.260226631013619,5.260226631013619,5.260226631013619,5.260226631013619,5.260226631013619,5.260226631013619,5.260226631013619,5.260226631013619,5.260226631013619,5.260226631013619,5.260226631013619,5.260226631013619,5.260226631013619,5.260226631013619,5.260226631013619,5.260226631013619,5.260226631013619,5.260226631013619,5.260226631013619,5.260226631013619,5.260226631013619,5.260226631013619,5.260226631013619,5.260226631013619,5.260226631013619,5.260226631013619,5.260226631013619,5.260226631013619,5.260226631013619,5.260226631013619,5.260226631013619,5.260226631013619,5.260226631013619,5.260226631013619,5.260226631013619,5.260226631013619,5.260226631013619,5.260226631013619,5.260226631013619,5.260226631013619,5.260226631013619,5.260226631013619,5.260226631013619,5.260226631013619,5.260226631013619,5.260226631013619,5.260226631013619,5.260226631013619,5.260226631013619,5.260226631013619,5.260226631013619,5.260226631013619,5.260226631013619,5.260226631013619,5.260226631013619,5.260226631013619,5.260226631013619,5.260226631013619,5.260226631013619,5.260226631013619,5.260226631013619,5.260226631013619,5.260226631013619,5.260226631013619,5.260226631013619,5.260226631013619,5.260226631013619,5.260226631013619,5.260226631013619,5.260226631013619,5.260226631013619,5.260226631013619,5.260226631013619,5.260226631013619,5.260226631013619,5.260226631013619,5.260226631013619,5.260226631013619,5.260226631013619,5.260226631013619,5.260226631013619,5.260226631013619,5.260226631013619,5.260226631013619,5.260226631013619,5.260226631013619,5.260226631013619,5.260226631013619,5.260226631013619,5.260226631013619,5.260226631013619,5.260226631013619,5.260226631013619,5.260226631013619,5.260226631013619,5.260226631013619,5.260226631013619,5.260226631013619,5.260226631013619,5.260226631013619,5.260226631013619,5.260226631013619,5.260226631013619,5.260226631013619,5.260226631013619,5.260226631013619,5.260226631013619,5.260226631013619,5.260226631013619,5.260226631013619,5.260226631013619,5.260226631013619,5.260226631013619,5.260226631013619,5.260226631013619,5.260226631013619,5.260226631013619,5.260226631013619,5.260226631013619,5.260226631013619,5.260226631013619,5.260226631013619,5.260226631013619,5.260226631013619,5.260226631013619,5.260226631013619,5.260226631013619,5.260226631013619,5.260226631013619,5.260226631013619,5.260226631013619,5.260226631013619,5.260226631013619,5.260226631013619,5.260226631013619,5.260226631013619,5.260226631013619,5.260226631013619,5.260226631013619,5.260226631013619,5.260226631013619,5.260226631013619,5.260226631013619,5.260226631013619,5.260226631013619,5.260226631013619,5.260226631013619,5.260226631013619,5.260226631013619,5.260226631013619,5.260226631013619,5.260226631013619,5.260226631013619,5.260226631013619,5.260226631013619,5.260226631013619,5.260226631013619,5.260226631013619,5.260226631013619,5.260226631013619,5.260226631013619,5.260226631013619,5.260226631013619,5.260226631013619,5.260226631013619,5.260226631013619,5.260226631013619,5.260226631013619,5.260226631013619,5.260226631013619,5.260226631013619,5.260226631013619,5.260226631013619,5.260226631013619,5.260226631013619,5.260226631013619,5.260226631013619,5.260226631013619,5.260226631013619,5.260226631013619,5.260226631013619,5.260226631013619,5.260226631013619,5.260226631013619,5.260226631013619,5.260226631013619,5.260226631013619,5.260226631013619,5.260226631013619,5.260226631013619,5.260226631013619,5.260226631013619,5.260226631013619,5.260226631013619,5.260226631013619,5.260226631013619,5.260226631013619,5.260226631013619,5.260226631013619,5.260226631013619,5.260226631013619,5.260226631013619,5.260226631013619,5.260226631013619,5.260226631013619,5.260226631013619,5.260226631013619,5.260226631013619,5.260226631013619,5.260226631013619,5.260226631013619,5.260226631013619,5.260226631013619,5.260226631013619,5.260226631013619,5.260226631013619,5.260226631013619,5.260226631013619,5.260226631013619,5.260226631013619,5.260226631013619,5.260226631013619,5.260226631013619,5.260226631013619,5.260226631013619,5.260226631013619,5.260226631013619,5.260226631013619,5.260226631013619,5.260226631013619,5.260226631013619,5.260226631013619,5.260226631013619,5.260226631013619,5.260226631013619,5.260226631013619,5.260226631013619,5.260226631013619,5.260226631013619,5.260226631013619,5.260226631013619,5.260226631013619,5.260226631013619,5.260226631013619,5.260226631013619,5.260226631013619,5.260226631013619,5.260226631013619,5.260226631013619,5.260226631013619,5.260226631013619,5.260226631013619,5.260226631013619,5.260226631013619,5.260226631013619,5.260226631013619,5.260226631013619,5.260226631013619,5.260226631013619,5.260226631013619,5.260226631013619,5.260226631013619,5.260226631013619,5.260226631013619,5.260226631013619,5.260226631013619,5.260226631013619,5.260226631013619,5.260226631013619,5.260226631013619,5.260226631013619,5.260226631013619,5.260226631013619,5.260226631013619,5.260226631013619,5.260226631013619,5.260226631013619,5.260226631013619,5.260226631013619,5.260226631013619,5.260226631013619,5.260226631013619,5.260226631013619,5.260226631013619,5.260226631013619,5.260226631013619,5.260226631013619,5.260226631013619,5.260226631013619,5.260226631013619,5.260226631013619,5.260226631013619,5.260226631013619,5.260226631013619,5.260226631013619,5.260226631013619,5.260226631013619,5.260226631013619,5.260226631013619,5.260226631013619,5.260226631013619,5.260226631013619,5.260226631013619,5.260226631013619,5.260226631013619,5.260226631013619,5.260226631013619,5.260226631013619,5.260226631013619,5.260226631013619,5.260226631013619,5.260226631013619,5.260226631013619,5.260226631013619,5.260226631013619,5.260226631013619,5.260226631013619,5.260226631013619,5.260226631013619,5.260226631013619,5.260226631013619,5.260226631013619,5.260226631013619,5.260226631013619,5.260226631013619,5.260226631013619,5.260226631013619,5.260226631013619,5.260226631013619,5.260226631013619,5.260226631013619,5.260226631013619,5.260226631013619,5.260226631013619,5.260226631013619,5.260226631013619,5.260226631013619,5.260226631013619,5.260226631013619,5.260226631013619,5.260226631013619,5.260226631013619,5.260226631013619,5.260226631013619,5.260226631013619,5.260226631013619,5.260226631013619,5.260226631013619,5.260226631013619,5.260226631013619,5.260226631013619,5.260226631013619,5.260226631013619,5.260226631013619,5.260226631013619,5.260226631013619,5.260226631013619,5.260226631013619,5.260226631013619,5.260226631013619,5.260226631013619,5.260226631013619,5.260226631013619,5.260226631013619,5.260226631013619,5.260226631013619,5.260226631013619,5.260226631013619,5.260226631013619,5.260226631013619,5.260226631013619,5.260226631013619,5.260226631013619,5.260226631013619,5.260226631013619,5.260226631013619,5.260226631013619,5.260226631013619,5.260226631013619,5.260226631013619,5.260226631013619,5.260226631013619,5.260226631013619,5.260226631013619,5.260226631013619,5.260226631013619,5.260226631013619,5.260226631013619,5.260226631013619,5.260226631013619,5.260226631013619,5.260226631013619,5.260226631013619,5.260226631013619,5.260226631013619,5.260226631013619,5.260226631013619,5.260226631013619,5.260226631013619,5.260226631013619,5.260226631013619,5.260226631013619,5.260226631013619,5.260226631013619,5.260226631013619,5.260226631013619,5.260226631013619,5.260226631013619,5.260226631013619,5.260226631013619,5.260226631013619,5.260226631013619,5.260226631013619,5.260226631013619,5.260226631013619,5.260226631013619,5.260226631013619,5.260226631013619,5.260226631013619,5.260226631013619,5.260226631013619,5.260226631013619,5.260226631013619,5.260226631013619,5.260226631013619,5.260226631013619,5.260226631013619,5.260226631013619,5.260226631013619,5.260226631013619,5.260226631013619,5.260226631013619,5.260226631013619,5.260226631013619,5.260226631013619,5.260226631013619,5.260226631013619,5.260226631013619,5.260226631013619,5.260226631013619,5.260226631013619,5.260226631013619,5.260226631013619,5.260226631013619,5.260226631013619,5.260226631013619,5.260226631013619,5.260226631013619,5.260226631013619,5.260226631013619,5.260226631013619,5.260226631013619,5.260226631013619,5.260226631013619,5.260226631013619,5.260226631013619,5.260226631013619,5.260226631013619,5.260226631013619,5.260226631013619,5.260226631013619,5.260226631013619,5.260226631013619,5.260226631013619,5.260226631013619,5.260226631013619,5.260226631013619,5.260226631013619,5.260226631013619,5.260226631013619,8.199839302482143,8.199839302482143,7.615662163286491,7.615662163286491,7.615662163286491,7.615662163286491,7.615662163286491,7.615662163286491,7.056843183740755,7.056843183740755,7.056843183740755,7.056843183740755,7.056843183740755,7.056843183740755,7.056843183740755,7.056843183740755,7.056843183740755,7.056843183740755,7.056843183740755,7.056843183740755,7.056843183740755,7.056843183740755,7.056843183740755,7.056843183740755,7.056843183740755,7.056843183740755,7.042093119785843,7.042093119785843,7.042093119785843,7.042093119785843,7.042093119785843,7.042093119785843,7.042093119785843,6.9177782193336,6.9177782193336,6.9177782193336,6.9177782193336,6.9177782193336,6.9177782193336,6.9177782193336,6.9177782193336,6.9177782193336,6.9177782193336,6.9177782193336,6.9177782193336,6.9177782193336,6.9177782193336,6.9177782193336,6.9177782193336,6.9177782193336,6.9177782193336,6.9177782193336,6.9177782193336,6.9177782193336,6.9177782193336,6.9177782193336,6.9177782193336,6.9177782193336,6.9177782193336,6.9177782193336,6.9177782193336,6.9177782193336,6.9177782193336,6.9177782193336,6.9177782193336,6.9177782193336,6.9177782193336,6.9177782193336,6.9177782193336,6.9177782193336,6.9177782193336,6.9177782193336,6.9177782193336,6.9177782193336,6.9177782193336,6.9177782193336,6.9177782193336,6.9177782193336,6.9177782193336,6.9177782193336,6.9177782193336,6.9177782193336,6.9177782193336,6.9177782193336,6.9177782193336,6.899899752985643,6.221644563677852,6.1620945590388985,6.1620945590388985,6.1620945590388985,6.1620945590388985,6.1620945590388985,5.954203772084835,5.8285181603813,5.8285181603813,5.8285181603813,5.8285181603813,5.8285181603813,5.8285181603813,5.8285181603813,5.8285181603813,5.8285181603813,5.8285181603813,5.8285181603813,5.8285181603813,5.8285181603813,5.8285181603813,5.8285181603813,5.8285181603813,5.8285181603813,5.8285181603813,5.8285181603813,5.8285181603813,5.8285181603813,5.8285181603813,5.8285181603813,5.8285181603813,5.8285181603813,5.8285181603813,5.8285181603813,5.8285181603813,5.8285181603813,5.8285181603813,5.8285181603813,5.8285181603813,5.8285181603813,5.8285181603813,5.8285181603813,5.8285181603813,5.8285181603813,5.8285181603813,5.693297304345444,5.693297304345444,5.693297304345444,5.693297304345444,5.693297304345444,5.693297304345444,5.693297304345444,5.693297304345444,5.693297304345444,5.693297304345444,5.693297304345444,5.693297304345444,5.693297304345444,5.693297304345444,5.693297304345444,5.693297304345444,5.693297304345444,5.693297304345444,5.693297304345444,5.693297304345444,5.693297304345444,5.693297304345444,5.693297304345444,5.693297304345444,5.693297304345444,5.693297304345444,5.693297304345444,5.693297304345444,5.693297304345444,5.693297304345444,5.693297304345444,5.693297304345444,5.693297304345444,5.693297304345444,5.693297304345444,5.693297304345444,5.693297304345444,5.605170579036565,5.5700412647456865,5.5700412647456865,5.5700412647456865,5.5700412647456865,5.5700412647456865,5.5700412647456865,5.5700412647456865,5.5700412647456865,5.5700412647456865,5.5700412647456865,5.5700412647456865,5.5700412647456865,5.5700412647456865,5.5700412647456865,5.5700412647456865,5.5700412647456865,5.5700412647456865,5.5700412647456865,5.5700412647456865,5.5700412647456865,5.5700412647456865,5.5700412647456865,5.5700412647456865,5.5700412647456865,5.5700412647456865,5.5700412647456865,5.5700412647456865,5.5700412647456865,5.5700412647456865,5.5700412647456865,5.5700412647456865,5.5700412647456865,5.5700412647456865,5.5700412647456865,5.5700412647456865,5.5700412647456865,5.5700412647456865,5.5700412647456865,5.5700412647456865,5.5700412647456865,5.5700412647456865,5.5700412647456865,5.5700412647456865,5.5700412647456865,5.5700412647456865,5.5700412647456865,5.5700412647456865,5.5700412647456865,5.5700412647456865,5.5700412647456865,5.5700412647456865,5.5700412647456865,5.5700412647456865,5.5700412647456865,5.5700412647456865,5.5700412647456865,5.5700412647456865,5.5700412647456865,5.5700412647456865,5.5700412647456865,5.5700412647456865,5.5700412647456865,5.5700412647456865,5.5700412647456865,5.5700412647456865,5.5700412647456865,5.5700412647456865,5.5700412647456865,5.5700412647456865,5.5700412647456865,5.5700412647456865,5.5700412647456865,5.5700412647456865,5.5700412647456865,5.502018122218076,5.502018122218076,5.502018122218076,5.502018122218076,5.502018122218076,5.502018122218076,5.502018122218076,5.502018122218076,5.502018122218076,5.502018122218076,5.502018122218076,5.502018122218076,5.502018122218076,5.502018122218076,5.502018122218076,5.502018122218076,5.502018122218076,5.502018122218076,5.502018122218076,5.502018122218076,5.502018122218076,5.502018122218076,5.502018122218076,5.502018122218076,5.502018122218076,5.502018122218076,5.502018122218076,5.502018122218076,5.502018122218076,5.502018122218076,5.502018122218076,5.502018122218076,5.502018122218076,5.502018122218076,5.502018122218076,5.502018122218076,5.502018122218076,5.502018122218076,5.502018122218076,5.502018122218076,5.502018122218076,5.502018122218076,5.502018122218076,5.502018122218076,5.502018122218076,5.502018122218076,5.502018122218076,5.502018122218076,5.502018122218076,5.502018122218076,5.502018122218076,5.502018122218076,5.502018122218076,5.502018122218076,5.502018122218076,5.502018122218076,5.502018122218076,5.502018122218076,5.502018122218076,5.502018122218076,5.502018122218076,5.502018122218076,5.502018122218076,5.502018122218076,5.502018122218076,5.502018122218076,5.502018122218076,5.502018122218076,5.502018122218076,5.502018122218076,5.502018122218076,5.502018122218076,5.502018122218076,5.502018122218076,5.502018122218076,5.502018122218076,5.502018122218076,5.502018122218076,5.502018122218076,5.502018122218076,5.502018122218076,5.502018122218076,5.502018122218076,5.502018122218076,5.502018122218076,5.502018122218076,5.502018122218076,5.502018122218076,5.502018122218076,5.502018122218076,5.502018122218076,5.502018122218076,5.502018122218076,5.502018122218076,5.502018122218076,5.502018122218076,5.502018122218076,5.502018122218076,5.502018122218076,5.502018122218076,5.502018122218076,5.502018122218076,5.502018122218076,5.502018122218076,5.502018122218076,5.502018122218076,5.502018122218076,5.502018122218076,5.502018122218076,5.502018122218076,5.502018122218076,5.502018122218076,5.502018122218076,5.502018122218076,5.502018122218076,5.502018122218076,5.502018122218076,5.502018122218076,5.502018122218076,5.502018122218076,5.502018122218076,5.502018122218076,5.502018122218076,5.502018122218076,5.502018122218076,5.502018122218076,5.502018122218076,5.502018122218076,5.502018122218076,5.502018122218076,5.502018122218076,5.502018122218076,5.502018122218076,5.502018122218076,5.502018122218076,5.502018122218076,5.502018122218076,5.502018122218076,5.502018122218076,5.502018122218076,5.502018122218076,5.502018122218076,5.502018122218076,5.502018122218076,5.502018122218076,5.502018122218076,5.502018122218076,5.502018122218076,5.502018122218076,5.502018122218076,5.502018122218076,5.502018122218076,5.502018122218076,5.502018122218076,5.502018122218076,5.502018122218076,5.502018122218076,5.502018122218076,5.502018122218076,5.502018122218076,5.378607541050663,4.989679877547174,4.989679877547174,4.89847700322208,4.89847700322208,4.89847700322208,4.89847700322208,4.89847700322208,4.89847700322208,4.89847700322208,4.89847700322208,4.89847700322208,4.89847700322208,4.89847700322208,4.89847700322208,4.89847700322208,4.89847700322208,4.89847700322208,4.89847700322208,4.89847700322208,4.89847700322208,4.89847700322208,4.89847700322208,4.89847700322208,4.89847700322208,4.89847700322208,4.89847700322208,4.89847700322208,4.89847700322208,4.89847700322208,4.89847700322208,4.89847700322208,4.89847700322208,4.89847700322208,4.89847700322208,4.89847700322208,4.89847700322208,4.89847700322208,4.89847700322208,4.89847700322208,4.89847700322208,4.89847700322208,4.89847700322208,4.89847700322208,4.89847700322208,4.89847700322208,4.89847700322208,4.89847700322208,4.89847700322208,4.89847700322208,4.89847700322208,4.89847700322208,4.89847700322208,4.89847700322208,4.89847700322208,4.89847700322208,4.89847700322208,4.89847700322208,4.89847700322208,4.89847700322208,4.89847700322208,4.89847700322208,4.89847700322208,4.89847700322208,4.89847700322208,4.89847700322208,4.89847700322208,4.89847700322208,4.89847700322208,4.89847700322208,4.89847700322208,4.89847700322208,4.89847700322208,4.89847700322208,4.89847700322208,4.89847700322208,4.89847700322208,4.89847700322208,4.89847700322208,4.89847700322208,4.89847700322208,4.89847700322208,4.89847700322208,4.89847700322208,4.89847700322208,4.89847700322208,4.89847700322208,4.89847700322208,4.89847700322208,4.89847700322208,4.89847700322208,4.89847700322208,4.89847700322208,4.89847700322208,4.89847700322208,4.89847700322208,4.89847700322208,4.89847700322208,4.89847700322208,4.89847700322208,4.89847700322208,4.89847700322208,4.89847700322208,4.89847700322208,4.89847700322208,4.89847700322208,4.89847700322208,4.89847700322208,4.89847700322208,4.89847700322208,4.89847700322208,4.89847700322208,4.89847700322208,4.89847700322208,4.89847700322208,4.89847700322208,4.89847700322208,4.89847700322208,4.89847700322208,4.89847700322208,4.89847700322208,4.89847700322208,4.89847700322208,4.89847700322208,4.89847700322208,4.89847700322208,4.89847700322208,4.89847700322208,4.89847700322208,4.89847700322208,4.89847700322208,4.89847700322208,4.89847700322208,4.89847700322208,4.89847700322208,4.89847700322208,4.89847700322208,4.89847700322208,4.89847700322208,4.89847700322208,4.89847700322208,4.89847700322208,4.89847700322208,4.89847700322208,4.89847700322208,4.89847700322208,4.89847700322208,4.89847700322208,4.89847700322208,4.89847700322208,4.89847700322208,4.89847700322208,4.89847700322208,4.89847700322208,4.89847700322208,4.89847700322208,4.89847700322208,4.89847700322208,4.89847700322208,4.89847700322208,4.89847700322208,4.89847700322208,4.89847700322208,4.89847700322208,4.89847700322208,4.89847700322208,4.89847700322208,4.89847700322208,4.89847700322208,4.89847700322208,4.89847700322208,4.89847700322208,4.89847700322208,4.89847700322208,4.89847700322208,4.89847700322208,4.89847700322208,4.89847700322208,4.89847700322208,4.89847700322208,4.89847700322208,4.89847700322208,4.89847700322208,4.89847700322208,4.89847700322208,4.89847700322208,4.89847700322208,4.89847700322208,4.89847700322208,4.89847700322208,4.89847700322208,4.89847700322208,4.89847700322208,4.89847700322208,4.89847700322208,4.89847700322208,4.89847700322208,4.89847700322208,4.89847700322208,4.89847700322208,4.89847700322208,4.89847700322208,4.89847700322208,4.89847700322208,4.89847700322208,4.89847700322208,4.89847700322208,4.89847700322208,4.89847700322208,4.89847700322208,4.89847700322208,4.89847700322208,4.89847700322208,4.89847700322208,4.89847700322208,4.89847700322208,4.89847700322208,4.89847700322208,4.89847700322208,4.89847700322208,4.89847700322208,4.89847700322208,4.89847700322208,4.89847700322208,4.89847700322208,4.89847700322208,4.89847700322208,4.89847700322208,4.89847700322208,4.89847700322208,4.89847700322208,4.89847700322208,4.89847700322208,4.89847700322208,4.89847700322208,4.89847700322208,4.89847700322208,4.89847700322208,4.89847700322208,4.89847700322208,4.89847700322208,4.89847700322208,4.89847700322208,4.89847700322208,4.89847700322208,4.89847700322208,4.89847700322208,4.89847700322208,4.89847700322208,4.89847700322208,4.89847700322208,4.89847700322208,4.89847700322208,4.89847700322208,4.89847700322208,4.89847700322208,4.89847700322208,4.89847700322208,4.89847700322208,4.89847700322208,4.89847700322208,4.89847700322208,4.89847700322208,4.89847700322208,4.89847700322208,4.89847700322208,4.89847700322208,4.89847700322208,4.89847700322208,4.89847700322208,4.89847700322208,4.89847700322208,4.89847700322208,4.89847700322208,4.89847700322208,4.89847700322208,4.89847700322208,4.89847700322208,4.89847700322208,4.89847700322208,4.89847700322208,4.89847700322208,4.89847700322208,4.89847700322208,4.89847700322208,4.89847700322208,4.89847700322208,4.89847700322208,4.89847700322208,4.89847700322208,4.89847700322208,4.89847700322208,4.89847700322208,4.89847700322208,4.89847700322208,4.89847700322208,4.89847700322208,4.89847700322208,4.89847700322208,4.89847700322208,4.89847700322208,4.89847700322208,4.89847700322208,4.89847700322208,4.89847700322208,4.89847700322208,4.89847700322208,4.89847700322208,4.89847700322208,4.89847700322208,4.89847700322208,4.89847700322208,4.89847700322208,4.89847700322208,4.89847700322208,4.89847700322208,4.89847700322208,4.89847700322208,4.89847700322208,4.89847700322208,4.89847700322208,4.89847700322208,4.89847700322208,4.89847700322208,4.89847700322208,4.89847700322208,4.89847700322208,4.89847700322208,4.89847700322208,4.89847700322208,4.89847700322208,4.89847700322208,4.89847700322208,4.89847700322208,4.89847700322208,4.89847700322208,4.89847700322208,4.89847700322208,4.89847700322208,4.89847700322208,4.89847700322208,4.89847700322208,4.89847700322208,4.89847700322208,4.89847700322208,4.89847700322208,4.89847700322208,4.89847700322208,4.89847700322208,4.89847700322208,4.89847700322208,4.89847700322208,4.89847700322208,4.89847700322208,4.89847700322208,4.89847700322208,4.89847700322208,4.89847700322208,4.89847700322208,4.89847700322208,4.89847700322208,4.89847700322208,4.89847700322208,4.89847700322208,4.89847700322208,4.89847700322208,4.89847700322208,4.89847700322208,4.89847700322208,4.89847700322208,4.89847700322208,4.89847700322208,4.89847700322208,4.89847700322208,4.89847700322208,4.89847700322208,4.89847700322208,4.89847700322208,4.89847700322208,4.89847700322208,4.89847700322208,4.89847700322208,4.89847700322208,4.89847700322208,4.89847700322208,4.89847700322208,4.89847700322208,4.89847700322208,4.89847700322208,4.89847700322208,4.89847700322208,4.89847700322208,4.89847700322208,4.89847700322208,4.89847700322208,4.89847700322208,4.89847700322208,4.89847700322208,4.89847700322208,4.89847700322208,4.89847700322208,4.89847700322208,4.89847700322208,4.89847700322208,4.89847700322208,4.89847700322208,4.89847700322208,4.89847700322208,4.89847700322208,4.89847700322208,4.89847700322208,4.89847700322208,4.89847700322208,4.89847700322208,4.89847700322208,4.89847700322208,4.89847700322208,4.89847700322208,4.89847700322208,4.89847700322208,4.89847700322208,4.89847700322208,4.89847700322208,4.89847700322208,4.89847700322208,4.89847700322208,4.89847700322208,4.89847700322208,4.89847700322208,4.89847700322208,4.89847700322208,4.89847700322208,4.89847700322208,4.89847700322208,4.89847700322208,4.89847700322208,4.89847700322208,4.89847700322208,4.89847700322208,4.89847700322208,4.89847700322208,4.89847700322208,4.89847700322208,4.89847700322208,4.89847700322208,4.89847700322208,4.89847700322208,4.89847700322208,4.89847700322208,4.89847700322208,4.89847700322208,4.89847700322208,4.89847700322208,4.89847700322208,4.89847700322208,4.89847700322208,4.89847700322208,4.89847700322208,4.89847700322208,4.89847700322208,4.89847700322208,4.89847700322208,4.89847700322208,4.89847700322208,4.89847700322208,4.89847700322208,4.89847700322208,4.89847700322208,4.89847700322208,4.89847700322208,4.89847700322208,4.89847700322208,4.89847700322208,4.89847700322208,4.89847700322208,4.89847700322208,4.89847700322208,4.89847700322208,4.89847700322208,4.89847700322208,4.89847700322208,4.89847700322208,4.89847700322208,4.89847700322208,4.89847700322208,4.89847700322208,4.89847700322208,4.89847700322208,4.89847700322208,4.89847700322208,4.89847700322208,4.89847700322208,4.89847700322208,4.89847700322208,4.89847700322208,4.89847700322208,4.89847700322208,4.89847700322208,4.89847700322208,4.89847700322208,4.89847700322208,4.89847700322208,4.89847700322208,4.89847700322208,4.89847700322208,4.89847700322208,4.89847700322208,4.89847700322208,4.89847700322208,4.89847700322208,4.89847700322208,4.89847700322208,4.89847700322208,4.89847700322208,4.89847700322208,4.89847700322208,4.89847700322208,4.89847700322208,4.89847700322208,4.89847700322208,4.89847700322208,4.89847700322208,4.89847700322208,4.89847700322208,4.89847700322208,4.89847700322208,4.89847700322208,4.89847700322208,4.89847700322208,4.89847700322208,4.89847700322208,4.89847700322208,4.89847700322208,4.89847700322208,4.89847700322208,4.89847700322208,4.89847700322208,4.89847700322208,4.89847700322208,4.89847700322208,4.89847700322208,4.89847700322208,4.89847700322208,4.89847700322208,4.89847700322208,4.89847700322208,4.89847700322208,4.89847700322208,4.89847700322208,4.89847700322208,4.89847700322208,4.89847700322208,4.89847700322208,4.89847700322208,4.89847700322208,4.89847700322208,4.89847700322208,4.89847700322208,4.89847700322208,4.89847700322208,4.89847700322208,4.89847700322208,4.89847700322208,4.89847700322208,4.89847700322208,4.89847700322208,4.89847700322208,4.89847700322208,4.89847700322208,4.89847700322208,4.89847700322208,4.89847700322208,4.89847700322208,4.89847700322208,4.89847700322208,4.89847700322208,4.89847700322208,4.89847700322208,4.89847700322208,4.89847700322208,4.89847700322208,4.89847700322208,4.89847700322208,4.89847700322208,4.89847700322208,4.89847700322208,4.89847700322208,4.89847700322208,4.89847700322208,4.89847700322208,4.89847700322208,4.89847700322208,4.89847700322208,4.89847700322208,4.89847700322208,4.89847700322208,4.89847700322208,6.39012333724203,6.39012333724203,6.39012333724203,6.39012333724203,6.39012333724203,6.39012333724203,6.39012333724203,6.39012333724203,6.39012333724203,6.39012333724203,6.2140133249175395,6.2140133249175395,6.2140133249175395,6.2140133249175395,6.2140133249175395,6.2140133249175395,6.2140133249175395,6.134747065129715,6.134747065129715,6.134747065129715,6.134747065129715,6.134747065129715,6.134747065129715,6.134747065129715,6.134747065129715,6.134747065129715,6.134747065129715,6.134747065129715,6.134747065129715,6.134747065129715,6.134747065129715,6.134747065129715,6.134747065129715,6.134747065129715,6.134747065129715,6.134747065129715,6.134747065129715,6.134747065129715,6.134747065129715,6.134747065129715,6.134747065129715,6.134747065129715,6.134747065129715,6.134747065129715,6.134747065129715,6.134747065129715,6.134747065129715,6.134747065129715,6.134747065129715,6.134747065129715,6.124006996843181,6.124006996843181,6.124006996843181,6.124006996843181,6.124006996843181,6.124006996843181,6.124006996843181,6.040774261271917,6.040774261271917,6.040774261271917,6.040774261271917,6.040774261271917,6.040774261271917,6.040774261271917,6.040774261271917,6.040774261271917,6.040774261271917,6.040774261271917,6.040774261271917,6.040774261271917,6.040774261271917,6.040774261271917,6.040774261271917,6.040774261271917,6.040774261271917,6.040774261271917,6.040774261271917,6.040774261271917,6.040774261271917,6.040774261271917,6.040774261271917,6.040774261271917,6.040774261271917,5.962407134105205,5.962407134105205,5.962407134105205,5.962407134105205,5.962407134105205,5.962407134105205,5.962407134105205,5.962407134105205,5.962407134105205,5.962407134105205,5.962407134105205,5.962407134105205,5.962407134105205,5.38324404607328,5.326214957752773,5.326214957752773,5.326214957752773,5.326214957752773,5.326214957752773,5.326214957752773,5.326214957752773,5.326214957752773,5.326214957752773,5.326214957752773,5.326214957752773,5.326214957752773,5.326214957752773,5.326214957752773,5.326214957752773,5.326214957752773,5.326214957752773,5.326214957752773,5.326214957752773,5.326214957752773,5.326214957752773,5.326214957752773,5.0145852318440625,5.0145852318440625,5.0145852318440625,5.0145852318440625,5.0145852318440625,5.0145852318440625,5.0145852318440625,5.0145852318440625,5.0145852318440625,5.0145852318440625,5.0145852318440625,5.0145852318440625,5.0145852318440625,5.0145852318440625,5.0145852318440625,5.0145852318440625,5.0145852318440625,5.0145852318440625,5.0145852318440625,5.0145852318440625,5.0145852318440625,5.0145852318440625,5.0145852318440625,5.0145852318440625,5.0145852318440625,5.0145852318440625,5.0145852318440625,5.0145852318440625,5.0145852318440625,5.0145852318440625,5.0145852318440625,5.0145852318440625,5.0145852318440625,5.0145852318440625,5.0145852318440625,5.0145852318440625,5.0145852318440625,5.0145852318440625,5.0145852318440625,5.0145852318440625,5.0145852318440625,5.0145852318440625,5.0145852318440625,5.0145852318440625,5.0145852318440625,5.0145852318440625,5.0145852318440625,5.0145852318440625,5.0145852318440625,5.0145852318440625,5.0145852318440625,5.0145852318440625,5.0145852318440625,5.0145852318440625,5.0145852318440625,5.0145852318440625,5.0145852318440625,5.0145852318440625,5.0145852318440625,5.0145852318440625,5.0145852318440625,5.0145852318440625,5.0145852318440625,5.0145852318440625,5.0145852318440625,5.0145852318440625,3.4829129688733267,3.477568198292059,3.477568198292059,3.477568198292059,3.477568198292059,3.477568198292059,3.477568198292059,3.477568198292059,3.477568198292059,3.477568198292059,3.477568198292059,3.477568198292059,3.477568198292059,3.477568198292059,3.477568198292059,3.477568198292059,3.477568198292059,3.477568198292059,3.477568198292059,3.477568198292059,3.477568198292059,3.477568198292059,3.477568198292059,3.477568198292059,3.477568198292059,3.477568198292059,3.477568198292059,3.477568198292059,3.477568198292059,3.477568198292059,3.477568198292059,3.477568198292059,3.477568198292059,3.477568198292059,3.477568198292059,3.477568198292059,3.477568198292059,3.477568198292059,3.477568198292059,3.477568198292059,3.477568198292059,3.477568198292059,3.477568198292059,3.477568198292059,3.477568198292059,3.477568198292059,3.477568198292059,3.477568198292059,3.477568198292059,3.477568198292059,3.477568198292059,3.477568198292059,3.477568198292059,3.477568198292059,3.477568198292059,3.477568198292059,3.477568198292059,3.477568198292059,3.477568198292059,3.477568198292059,3.477568198292059,3.477568198292059,3.477568198292059,3.477568198292059,3.477568198292059,3.477568198292059,3.477568198292059,3.477568198292059,3.477568198292059,3.477568198292059,3.477568198292059,3.477568198292059,3.477568198292059,3.477568198292059,3.477568198292059,3.477568198292059,3.477568198292059,3.477568198292059,3.477568198292059,3.477568198292059,3.477568198292059,3.477568198292059,3.477568198292059,3.477568198292059,3.477568198292059,3.477568198292059,3.477568198292059,3.477568198292059,3.477568198292059,3.477568198292059,3.477568198292059,3.477568198292059,3.477568198292059,3.477568198292059,3.477568198292059,3.477568198292059,3.477568198292059,3.477568198292059,3.477568198292059,3.477568198292059,3.477568198292059,3.477568198292059,3.477568198292059,3.477568198292059,3.477568198292059,3.477568198292059,3.477568198292059,3.477568198292059,3.477568198292059,3.477568198292059,3.477568198292059,3.477568198292059,3.477568198292059,3.477568198292059,3.477568198292059,3.477568198292059,3.477568198292059,3.477568198292059,3.477568198292059,3.477568198292059,3.477568198292059,3.477568198292059,3.477568198292059,3.477568198292059,3.477568198292059,3.477568198292059,3.477568198292059,3.477568198292059,3.477568198292059,3.477568198292059,3.477568198292059,3.477568198292059,3.477568198292059,3.477568198292059,3.477568198292059,3.477568198292059,3.477568198292059,3.477568198292059,3.477568198292059,3.477568198292059,3.477568198292059,3.477568198292059,3.477568198292059,3.477568198292059,3.477568198292059,3.477568198292059,3.477568198292059,3.477568198292059,3.477568198292059,3.477568198292059,3.477568198292059,3.477568198292059,3.477568198292059,3.477568198292059,3.477568198292059,3.477568198292059,3.477568198292059,3.477568198292059,3.477568198292059,3.477568198292059,3.477568198292059,3.477568198292059,3.477568198292059,3.477568198292059,3.477568198292059,3.477568198292059,3.477568198292059,3.477568198292059,3.477568198292059,3.477568198292059,3.477568198292059,3.477568198292059,3.477568198292059,3.477568198292059,3.477568198292059,3.477568198292059,3.477568198292059,3.477568198292059,3.477568198292059,3.477568198292059,3.477568198292059,3.477568198292059,3.477568198292059,3.477568198292059,3.477568198292059,3.477568198292059,3.477568198292059,3.477568198292059,3.477568198292059,3.477568198292059,3.477568198292059,3.477568198292059,3.477568198292059,3.477568198292059,3.477568198292059,3.477568198292059,3.477568198292059,3.477568198292059,3.477568198292059,3.477568198292059,3.477568198292059,3.477568198292059,3.477568198292059,3.477568198292059,3.477568198292059,3.477568198292059,3.477568198292059,3.477568198292059,3.477568198292059,3.477568198292059,3.477568198292059,3.477568198292059,3.477568198292059,3.477568198292059,3.477568198292059,3.477568198292059,3.477568198292059,3.477568198292059,3.477568198292059,3.477568198292059,3.477568198292059,3.477568198292059,3.477568198292059,3.477568198292059,3.477568198292059,3.477568198292059,3.477568198292059,3.477568198292059,3.477568198292059,3.477568198292059,3.477568198292059,3.477568198292059,3.477568198292059,3.477568198292059,3.477568198292059,3.477568198292059,3.477568198292059,3.477568198292059,3.477568198292059,3.477568198292059,3.477568198292059,3.477568198292059,3.477568198292059,3.477568198292059,3.477568198292059,3.477568198292059,3.477568198292059,3.477568198292059,3.477568198292059,3.477568198292059,3.477568198292059,3.477568198292059,3.477568198292059,3.477568198292059,3.477568198292059,3.477568198292059,3.477568198292059,3.477568198292059,3.477568198292059,3.477568198292059,3.477568198292059,3.477568198292059,3.477568198292059,3.477568198292059,3.477568198292059,3.477568198292059,3.477568198292059,3.477568198292059,3.477568198292059,3.477568198292059,3.477568198292059,3.477568198292059,3.477568198292059,3.477568198292059,3.477568198292059,3.477568198292059,3.477568198292059,3.477568198292059,3.477568198292059,3.477568198292059,3.477568198292059,3.477568198292059,3.477568198292059,3.477568198292059,3.477568198292059,3.477568198292059,3.477568198292059,3.477568198292059,3.477568198292059,3.477568198292059,3.477568198292059,3.477568198292059,3.477568198292059,3.477568198292059,3.477568198292059,3.477568198292059,3.477568198292059,3.477568198292059,3.477568198292059,3.477568198292059,3.477568198292059,3.477568198292059,3.477568198292059,3.477568198292059,3.477568198292059,3.477568198292059,3.477568198292059,3.477568198292059,3.477568198292059,3.477568198292059,3.477568198292059,3.477568198292059,3.477568198292059,3.477568198292059,3.477568198292059,3.477568198292059,3.477568198292059,3.477568198292059,3.477568198292059,3.477568198292059,3.477568198292059,3.477568198292059,3.477568198292059,3.477568198292059,3.477568198292059,3.477568198292059,3.477568198292059,3.477568198292059,3.477568198292059,3.477568198292059,3.477568198292059,3.477568198292059,3.477568198292059,3.477568198292059,3.477568198292059,3.477568198292059,3.477568198292059,3.477568198292059,3.477568198292059,3.477568198292059,3.477568198292059,3.477568198292059,3.477568198292059,3.477568198292059,3.477568198292059,3.477568198292059,3.477568198292059,3.477568198292059,3.477568198292059,3.477568198292059,3.477568198292059,3.477568198292059,3.477568198292059,3.477568198292059,3.477568198292059,3.477568198292059,3.477568198292059,3.477568198292059,3.477568198292059,3.477568198292059,3.477568198292059,3.477568198292059,3.477568198292059,3.477568198292059,3.477568198292059,3.477568198292059,3.477568198292059,3.477568198292059,3.477568198292059,3.477568198292059,3.477568198292059,3.477568198292059,3.477568198292059,3.477568198292059,3.477568198292059,3.477568198292059,3.477568198292059,3.477568198292059,3.477568198292059,3.477568198292059,3.477568198292059,3.477568198292059,3.477568198292059,3.477568198292059,3.477568198292059,3.477568198292059,3.477568198292059,3.477568198292059,3.477568198292059,3.477568198292059,3.477568198292059,3.477568198292059,3.477568198292059,3.477568198292059,3.477568198292059,3.477568198292059,3.477568198292059,3.477568198292059,3.477568198292059,3.477568198292059,3.477568198292059,3.477568198292059,3.477568198292059,3.477568198292059,3.477568198292059,3.477568198292059,3.477568198292059,3.477568198292059,3.477568198292059,3.477568198292059,3.477568198292059,3.477568198292059,3.477568198292059,3.477568198292059,3.477568198292059,3.477568198292059,3.477568198292059,3.477568198292059,3.477568198292059,3.477568198292059,3.477568198292059,3.477568198292059,3.477568198292059,3.477568198292059,3.477568198292059,3.477568198292059,3.477568198292059,3.477568198292059,3.477568198292059,3.477568198292059,3.477568198292059,3.477568198292059,3.477568198292059,3.477568198292059,3.477568198292059,3.477568198292059,3.477568198292059,3.477568198292059,3.477568198292059,3.477568198292059,3.477568198292059,3.477568198292059,3.477568198292059,3.477568198292059,3.477568198292059,3.477568198292059,3.477568198292059,3.477568198292059,3.477568198292059,3.477568198292059,3.477568198292059,3.477568198292059,3.477568198292059,3.477568198292059,3.477568198292059,3.477568198292059,3.477568198292059,3.477568198292059,3.477568198292059,3.477568198292059,3.477568198292059,3.477568198292059,3.477568198292059,3.477568198292059,3.477568198292059,3.477568198292059,3.477568198292059,3.477568198292059,3.477568198292059,3.477568198292059,3.477568198292059,3.477568198292059,3.477568198292059,3.477568198292059,3.477568198292059,3.477568198292059,3.477568198292059,3.477568198292059,3.477568198292059,3.477568198292059,3.477568198292059,3.477568198292059,3.477568198292059,3.477568198292059,3.477568198292059,3.477568198292059,3.477568198292059,3.477568198292059,3.477568198292059,3.477568198292059,3.477568198292059,3.477568198292059,3.477568198292059,3.477568198292059,3.477568198292059,3.477568198292059,3.477568198292059,3.477568198292059,3.477568198292059,3.477568198292059,3.477568198292059,3.477568198292059,3.477568198292059,3.477568198292059,3.477568198292059,3.477568198292059,3.477568198292059,3.477568198292059,3.477568198292059,3.477568198292059,3.477568198292059,3.477568198292059,3.477568198292059,3.477568198292059,3.477568198292059,3.477568198292059,3.477568198292059,3.477568198292059,3.477568198292059,3.477568198292059,3.477568198292059,3.477568198292059,3.477568198292059,3.477568198292059,3.477568198292059,3.477568198292059,3.477568198292059,3.477568198292059,3.477568198292059,3.477568198292059,3.477568198292059,3.477568198292059,3.477568198292059,3.477568198292059,3.477568198292059,3.477568198292059,3.477568198292059,3.477568198292059,3.477568198292059,3.477568198292059,3.477568198292059,3.477568198292059,3.477568198292059,3.477568198292059,3.477568198292059,3.477568198292059,3.477568198292059,3.477568198292059,3.477568198292059,3.477568198292059,3.477568198292059,3.477568198292059,3.477568198292059,3.477568198292059,3.477568198292059,3.477568198292059,3.477568198292059,3.477568198292059,3.477568198292059,3.477568198292059,3.477568198292059,3.477568198292059,3.477568198292059,3.477568198292059,3.477568198292059,3.477568198292059,3.477568198292059,3.477568198292059,3.477568198292059,3.477568198292059,3.477568198292059,3.477568198292059,3.477568198292059,3.477568198292059,3.477568198292059,3.477568198292059,3.477568198292059,3.477568198292059,3.477568198292059,3.477568198292059,3.477568198292059,3.477568198292059,3.477568198292059,3.477568198292059,3.477568198292059,3.477568198292059,3.477568198292059,3.477568198292059,3.477568198292059,3.477568198292059,3.477568198292059,3.477568198292059,3.477568198292059,3.477568198292059,3.477568198292059,3.477568198292059,3.477568198292059,3.477568198292059,3.477568198292059,3.477568198292059,3.477568198292059,3.477568198292059,3.477568198292059,3.477568198292059,3.477568198292059,3.477568198292059,3.477568198292059,3.477568198292059,3.477568198292059,3.477568198292059,3.477568198292059,3.477568198292059,3.477568198292059,3.477568198292059,3.477568198292059,3.477568198292059,3.477568198292059,3.477568198292059,3.477568198292059,3.477568198292059,3.477568198292059,3.477568198292059,3.477568198292059,3.477568198292059,3.477568198292059,3.477568198292059,3.477568198292059,3.477568198292059,3.477568198292059,3.477568198292059,3.477568198292059,3.477568198292059,3.477568198292059,3.477568198292059,3.477568198292059,3.477568198292059,3.477568198292059,3.477568198292059,3.477568198292059,3.477568198292059,3.477568198292059,3.477568198292059,3.477568198292059,3.477568198292059,3.477568198292059,3.477568198292059,3.477568198292059,3.477568198292059,3.477568198292059,3.477568198292059,3.477568198292059,3.477568198292059,3.477568198292059,3.477568198292059,3.477568198292059,3.477568198292059,3.477568198292059,3.477568198292059,3.477568198292059,3.477568198292059,3.477568198292059,3.477568198292059,3.477568198292059,3.477568198292059,3.477568198292059,3.477568198292059,3.477568198292059,3.477568198292059,3.477568198292059,3.477568198292059,3.477568198292059,3.477568198292059,3.477568198292059,3.477568198292059,3.477568198292059,3.477568198292059,3.477568198292059,3.477568198292059,3.477568198292059,3.477568198292059,3.477568198292059,3.477568198292059,3.477568198292059,3.477568198292059,3.477568198292059,3.477568198292059,3.477568198292059,3.477568198292059,3.477568198292059,3.477568198292059,3.477568198292059,3.477568198292059,3.477568198292059,3.477568198292059,3.477568198292059,3.477568198292059,3.477568198292059,3.477568198292059,3.477568198292059,3.477568198292059,3.477568198292059,3.477568198292059,3.477568198292059,3.477568198292059,3.477568198292059,3.477568198292059,3.477568198292059,3.477568198292059,3.477568198292059,3.477568198292059,3.477568198292059,3.477568198292059,3.477568198292059,3.477568198292059,3.477568198292059,3.477568198292059,3.477568198292059,3.477568198292059,3.477568198292059,3.477568198292059,3.477568198292059,3.477568198292059,3.477568198292059,3.477568198292059,3.477568198292059,3.477568198292059,3.477568198292059,3.477568198292059,3.477568198292059,3.477568198292059,3.477568198292059,3.477568198292059,3.477568198292059,3.477568198292059,3.477568198292059,3.477568198292059,3.477568198292059,3.477568198292059,3.477568198292059,3.477568198292059,3.477568198292059,3.477568198292059,3.477568198292059,3.477568198292059,3.477568198292059,3.477568198292059,3.477568198292059,3.477568198292059,3.477568198292059,3.477568198292059,3.477568198292059,3.477568198292059,3.477568198292059,3.477568198292059,3.477568198292059,3.477568198292059,3.477568198292059,3.477568198292059,3.477568198292059,3.477568198292059,3.477568198292059,3.477568198292059,3.477568198292059,3.477568198292059,3.477568198292059,3.477568198292059,3.477568198292059,3.477568198292059,3.477568198292059,3.477568198292059,3.477568198292059,3.477568198292059,3.477568198292059,3.477568198292059,3.477568198292059,3.477568198292059,3.477568198292059,3.477568198292059,3.477568198292059,3.477568198292059,3.477568198292059,3.477568198292059,3.477568198292059,3.477568198292059,3.477568198292059,3.477568198292059,3.477568198292059,3.477568198292059,3.477568198292059,3.477568198292059,3.477568198292059,3.477568198292059,3.477568198292059,3.477568198292059,3.477568198292059,3.477568198292059,3.477568198292059,3.477568198292059,3.477568198292059,3.477568198292059,3.477568198292059,3.477568198292059,3.477568198292059,3.477568198292059,3.477568198292059,3.477568198292059,3.477568198292059,3.477568198292059,3.477568198292059,3.477568198292059,3.477568198292059,3.477568198292059,3.477568198292059,3.477568198292059,3.477568198292059,7.684079184175384,6.170731115380866,6.170731115380866,6.170731115380866,5.965148756344309,5.965148756344309,5.965148756344309,5.953836524067697,5.953836524067697,5.953836524067697,5.953836524067697,5.953836524067697,5.793243577755059,5.793243577755059,5.793243577755059,5.793243577755059,5.793243577755059,5.793243577755059,5.793243577755059,5.793243577755059,5.793243577755059,5.793243577755059,5.793243577755059,5.793243577755059,5.793243577755059,5.793243577755059,5.793243577755059,5.793243577755059,5.756979447404562,5.756979447404562,5.756979447404562,5.756979447404562,5.756979447404562,5.756979447404562,5.756979447404562,5.756979447404562,5.756979447404562,5.756979447404562,5.756979447404562,5.756979447404562,5.756979447404562,5.756979447404562,5.756979447404562,5.756979447404562,5.756979447404562,5.756979447404562,5.756979447404562,5.756979447404562,5.756979447404562,5.756979447404562,5.756979447404562,5.756979447404562,5.756979447404562,5.756979447404562,5.756979447404562,5.756979447404562,5.756979447404562,5.756979447404562,5.756979447404562,5.756979447404562,5.756979447404562,5.756979447404562,5.756979447404562,5.756979447404562,5.756979447404562,5.756979447404562,5.756979447404562,5.756979447404562,5.756979447404562,5.756979447404562,5.756979447404562,5.756979447404562,5.756979447404562,5.756979447404562,5.756979447404562,5.756979447404562,5.756979447404562,5.756979447404562,5.55992959714294,5.55992959714294,5.55992959714294,5.55992959714294,5.55992959714294,5.55992959714294,5.55992959714294,5.55992959714294,5.55992959714294,5.55992959714294,5.55992959714294,5.55992959714294,5.55992959714294,5.55992959714294,5.55992959714294,5.55992959714294,5.55992959714294,5.55992959714294,5.55992959714294,5.55992959714294,5.55992959714294,5.55992959714294,5.55992959714294,5.55992959714294,5.55992959714294,5.55992959714294,5.55992959714294,5.55992959714294,5.55992959714294,5.55992959714294,5.55992959714294,5.55992959714294,5.55992959714294,5.55992959714294,5.55992959714294,5.55992959714294,5.55992959714294,5.55992959714294,5.55992959714294,5.55992959714294,5.55992959714294,5.55992959714294,5.55992959714294,5.55992959714294,5.55992959714294,5.55992959714294,5.55992959714294,5.55992959714294,5.55992959714294,5.55992959714294,5.55992959714294,5.55992959714294,5.55992959714294,5.55992959714294,5.55992959714294,5.55992959714294,5.55992959714294,5.55992959714294,5.55992959714294,5.55992959714294,5.489221016117399,5.477908783840786,5.477908783840786,5.47592171988974,5.47592171988974,5.47592171988974,5.47592171988974,5.47592171988974,5.47592171988974,5.47592171988974,5.47592171988974,5.47592171988974,5.47592171988974,5.47592171988974,5.47592171988974,5.47592171988974,5.47592171988974,5.47592171988974,5.47592171988974,5.47592171988974,5.47592171988974,5.47592171988974,5.47592171988974,5.47592171988974,5.47592171988974,5.47592171988974,5.47592171988974,5.47592171988974,5.47592171988974,5.47592171988974,5.47592171988974,5.47592171988974,5.47592171988974,5.47592171988974,5.47592171988974,5.47592171988974,5.47592171988974,5.47592171988974,5.47592171988974,5.47592171988974,5.47592171988974,5.47592171988974,5.47592171988974,5.47592171988974,5.47592171988974,5.47592171988974,5.47592171988974,5.47592171988974,5.47592171988974,5.47592171988974,5.47592171988974,5.47592171988974,5.47592171988974,5.47592171988974,5.47592171988974,5.47592171988974,5.47592171988974,5.47592171988974,5.47592171988974,5.47592171988974,5.47592171988974,5.47592171988974,5.47592171988974,5.47592171988974,5.47592171988974,4.536276363146533,4.536276363146533,4.536276363146533,4.536276363146533,4.536276363146533,4.536276363146533,4.536276363146533,4.536276363146533,4.536276363146533,4.536276363146533,4.536276363146533,4.536276363146533,4.536276363146533,4.359639969225946,4.359639969225946,4.359639969225946,4.359639969225946,4.359639969225946,4.359639969225946,4.359639969225946,4.359639969225946,4.359639969225946,4.359639969225946,4.359639969225946,4.359639969225946,4.359639969225946,4.359639969225946,4.359639969225946,4.359639969225946,4.359639969225946,4.359639969225946,4.359639969225946,4.359639969225946,4.359639969225946,4.359639969225946,4.359639969225946,4.359639969225946,4.359639969225946,4.359639969225946,4.359639969225946,4.359639969225946,4.359639969225946,4.359639969225946,4.359639969225946,4.359639969225946,4.359639969225946,4.359639969225946,4.359639969225946,4.359639969225946,4.359639969225946,4.359639969225946,4.359639969225946,4.359639969225946,4.359639969225946,4.3398733364681465,4.3398733364681465,4.3398733364681465,4.3398733364681465,4.3398733364681465,4.3398733364681465,4.3398733364681465,4.3398733364681465,4.3398733364681465,4.3398733364681465,4.3398733364681465,4.3398733364681465,4.3398733364681465,4.3398733364681465,4.3398733364681465,4.3398733364681465,4.3398733364681465,4.3398733364681465,4.3398733364681465,4.3398733364681465,4.3398733364681465,4.3398733364681465,4.3398733364681465,4.3398733364681465,4.3398733364681465,4.3398733364681465,4.3398733364681465,4.3398733364681465,4.3398733364681465,4.3398733364681465,4.3398733364681465,4.3398733364681465,4.3398733364681465,4.3398733364681465,4.3398733364681465,4.3398733364681465,4.3398733364681465,4.3398733364681465,4.3398733364681465,4.336125275562865,4.336125275562865,4.336125275562865,4.336125275562865,4.336125275562865,4.336125275562865,4.336125275562865,4.336125275562865,4.335463565040295,4.335463565040295,4.222205197634487,4.222205197634487,4.222205197634487,4.222205197634487,4.222205197634487,4.222205197634487,4.222205197634487,4.222205197634487,4.222205197634487,4.222205197634487,4.222205197634487,4.222205197634487,4.222205197634487,4.222205197634487,4.222205197634487,4.222205197634487,4.222205197634487,4.222205197634487,4.222205197634487,4.222205197634487,4.222205197634487,4.222205197634487,4.222205197634487,4.222205197634487,4.222205197634487,4.222205197634487,4.222205197634487,4.222205197634487,4.222205197634487,4.222205197634487,4.222205197634487,4.222205197634487,4.222205197634487,4.222205197634487,4.222205197634487,4.222205197634487,4.222205197634487,4.222205197634487,4.222205197634487,4.222205197634487,4.222205197634487,4.222205197634487,4.222205197634487,4.222205197634487,4.222205197634487,4.222205197634487,4.222205197634487,4.222205197634487,4.222205197634487,4.222205197634487,4.222205197634487,4.222205197634487,4.222205197634487,4.222205197634487,4.222205197634487,4.222205197634487,4.222205197634487,4.222205197634487,4.222205197634487,4.222205197634487,4.222205197634487,4.222205197634487,4.222205197634487,4.222205197634487,4.222205197634487,4.222205197634487,4.222205197634487,4.222205197634487,4.222205197634487,4.222205197634487,4.222205197634487,4.222205197634487,4.222205197634487,4.222205197634487,4.222205197634487,4.222205197634487,4.222205197634487,4.222205197634487,4.222205197634487,4.222205197634487,4.222205197634487,4.222205197634487,4.222205197634487,4.222205197634487,4.222205197634487,4.222205197634487,4.222205197634487,4.222205197634487,4.222205197634487,4.222205197634487,4.222205197634487,4.222205197634487,4.222205197634487,4.222205197634487,4.222205197634487,4.222205197634487,4.222205197634487,4.222205197634487,4.222205197634487,4.222205197634487,4.222205197634487,4.222205197634487,4.222205197634487,4.222205197634487,4.222205197634487,4.222205197634487,4.222205197634487,4.222205197634487,4.222205197634487,4.222205197634487,4.222205197634487,4.222205197634487,4.222205197634487,4.222205197634487,4.222205197634487,4.222205197634487,4.222205197634487,4.222205197634487,4.222205197634487,4.222205197634487,4.222205197634487,4.222205197634487,4.222205197634487,4.222205197634487,4.222205197634487,4.222205197634487,4.222205197634487,4.222205197634487,4.222205197634487,4.222205197634487,4.222205197634487,4.222205197634487,4.222205197634487,4.222205197634487,4.222205197634487,4.222205197634487,4.222205197634487,4.222205197634487,4.222205197634487,4.222205197634487,4.222205197634487,4.222205197634487,4.222205197634487,4.222205197634487,4.222205197634487,4.222205197634487,4.222205197634487,4.222205197634487,4.222205197634487,4.222205197634487,4.222205197634487,4.222205197634487,4.222205197634487,4.222205197634487,4.222205197634487,4.222205197634487,4.222205197634487,4.222205197634487,4.222205197634487,4.222205197634487,4.222205197634487,4.222205197634487,4.222205197634487,4.222205197634487,4.222205197634487,4.222205197634487,4.222205197634487,4.222205197634487,4.222205197634487,4.222205197634487,4.222205197634487,4.222205197634487,4.005497840177335,4.005497840177335,4.005497840177335,4.005497840177335,4.005497840177335,4.005497840177335,4.005497840177335,4.005497840177335,4.005497840177335,4.005497840177335,4.005497840177335,4.005497840177335,4.005497840177335,4.005497840177335,4.005497840177335,4.005497840177335,4.005497840177335,4.005497840177335,4.005497840177335,4.005497840177335,4.005497840177335,4.005497840177335,4.005497840177335,4.005497840177335,4.005497840177335,4.005497840177335,4.005497840177335,4.005497840177335,4.005497840177335,4.005497840177335,4.005497840177335,4.005497840177335,4.005497840177335,4.005497840177335,4.005497840177335,4.005497840177335,4.005497840177335,4.005497840177335,4.005497840177335,4.005497840177335,4.005497840177335,4.005497840177335,4.005497840177335,4.005497840177335,4.005497840177335,4.005497840177335,4.005497840177335,4.005497840177335,4.005497840177335,4.005497840177335,4.005497840177335,4.005497840177335,4.005497840177335,4.005497840177335,4.005497840177335,4.005497840177335,4.005497840177335,4.005497840177335,4.005497840177335,4.005497840177335,4.005497840177335,4.005497840177335,4.005497840177335,4.005497840177335,4.005497840177335,4.005497840177335,4.005497840177335,4.005497840177335,4.005497840177335,4.005497840177335,4.005497840177335,4.005497840177335,4.005497840177335,4.005497840177335,4.005497840177335,4.005497840177335,4.005497840177335,4.005497840177335,4.005497840177335,4.005497840177335,4.005497840177335,4.005497840177335,4.005497840177335,4.005497840177335,4.005497840177335,4.005497840177335,4.005497840177335,4.005497840177335,4.005497840177335,4.005497840177335,4.005497840177335,4.005497840177335,4.005497840177335,4.005497840177335,4.005497840177335,4.005497840177335,4.005497840177335,4.005497840177335,4.005497840177335,4.005497840177335,4.005497840177335,4.005497840177335,4.005497840177335,4.005497840177335,4.005497840177335,4.005497840177335,4.005497840177335,4.005497840177335,4.005497840177335,4.005497840177335,4.005497840177335,4.005497840177335,4.005497840177335,4.005497840177335,4.005497840177335,4.005497840177335,4.005497840177335,4.005497840177335,4.005497840177335,4.005497840177335,4.005497840177335,4.005497840177335,4.005497840177335,4.005497840177335,4.005497840177335,4.005497840177335,4.005497840177335,4.005497840177335,4.005497840177335,4.005497840177335,4.005497840177335,4.005497840177335,4.005497840177335,4.005497840177335,4.005497840177335,4.005497840177335,4.005497840177335,4.005497840177335,4.005497840177335,4.005497840177335,4.005497840177335,4.005497840177335,4.005497840177335,4.005497840177335,4.005497840177335,4.005497840177335,4.005497840177335,4.005497840177335,4.005497840177335,4.005497840177335,4.005497840177335,4.005497840177335,4.005497840177335,4.005497840177335,4.005497840177335,4.005497840177335,4.005497840177335,4.005497840177335,4.005497840177335,4.005497840177335,4.005497840177335,4.005497840177335,4.005497840177335,4.005497840177335,4.005497840177335,4.005497840177335,4.005497840177335,4.005497840177335,4.005497840177335,4.005497840177335,3.9434448670922726,3.9434448670922726,3.9434448670922726,3.9434448670922726,3.9434448670922726,3.9434448670922726,3.9434448670922726,3.9434448670922726,3.9434448670922726,3.9434448670922726,3.9434448670922726,3.9434448670922726,3.9434448670922726,3.9434448670922726,3.9434448670922726,3.9434448670922726,3.9434448670922726,3.9434448670922726,3.9434448670922726,3.9434448670922726,3.9434448670922726,3.9434448670922726,3.9434448670922726,3.9434448670922726,3.9434448670922726,3.9434448670922726,3.9434448670922726,3.9434448670922726,3.9434448670922726,3.9434448670922726,3.9434448670922726,3.9434448670922726,3.9434448670922726,3.9434448670922726,3.9434448670922726,3.9434448670922726,3.9434448670922726,3.9434448670922726,3.9434448670922726,3.9434448670922726,3.9434448670922726,3.9434448670922726,3.9434448670922726,3.9434448670922726,3.9434448670922726,3.9434448670922726,3.9434448670922726,3.9434448670922726,3.9434448670922726,3.9434448670922726,3.9434448670922726,3.9434448670922726,3.9434448670922726,3.9434448670922726,3.9434448670922726,3.9434448670922726,3.9434448670922726,3.9434448670922726,3.9434448670922726,3.9434448670922726,3.9434448670922726,3.9434448670922726,3.9434448670922726,3.9434448670922726,3.9434448670922726,3.9434448670922726,3.9434448670922726,3.9434448670922726,3.9434448670922726,3.9434448670922726,3.9434448670922726,3.9434448670922726,3.9434448670922726,3.9434448670922726,3.9434448670922726,3.9434448670922726,3.9434448670922726,3.9434448670922726,3.9434448670922726,3.9434448670922726,3.9434448670922726,3.9434448670922726,3.9434448670922726,3.9434448670922726,3.9434448670922726,3.9434448670922726,3.9434448670922726,3.9434448670922726,3.9434448670922726,3.9434448670922726,3.9434448670922726,3.9434448670922726,3.9434448670922726,3.9434448670922726,3.9434448670922726,3.9434448670922726,3.9434448670922726,3.9434448670922726,3.9434448670922726,3.9434448670922726,3.9434448670922726,3.9434448670922726,3.9434448670922726,3.9434448670922726,3.9434448670922726,3.9434448670922726,3.9434448670922726,3.9434448670922726,3.9434448670922726,3.9434448670922726,3.9434448670922726,3.9434448670922726,3.9434448670922726,3.9434448670922726,3.9434448670922726,3.9434448670922726,3.9434448670922726,3.9434448670922726,3.9434448670922726,3.9434448670922726,3.9434448670922726,3.9434448670922726,3.9434448670922726,3.9434448670922726,3.9434448670922726,3.9434448670922726,3.9434448670922726,3.9434448670922726,3.9434448670922726,3.9434448670922726,3.9434448670922726,3.9434448670922726,3.9434448670922726,3.9434448670922726,3.9434448670922726,3.9434448670922726,3.9434448670922726,3.9434448670922726,3.9434448670922726,3.9434448670922726,3.9434448670922726,3.9434448670922726,3.9434448670922726,3.9434448670922726,3.9434448670922726,3.9434448670922726,3.9434448670922726,3.9434448670922726,3.9434448670922726,3.9434448670922726,3.9434448670922726,3.9434448670922726,3.9434448670922726,3.9434448670922726,3.9434448670922726,3.9434448670922726,3.9434448670922726,3.9434448670922726,3.9434448670922726,3.9434448670922726,3.9434448670922726,3.9434448670922726,3.9434448670922726,3.9434448670922726,3.9434448670922726,3.9434448670922726,3.9434448670922726,3.9434448670922726,3.9434448670922726,3.9434448670922726,3.9434448670922726,3.9434448670922726,3.9434448670922726,3.9434448670922726,3.9434448670922726,3.9434448670922726,3.9434448670922726,3.9434448670922726,3.9434448670922726,3.9434448670922726,3.9434448670922726,3.9434448670922726,3.9434448670922726,3.9434448670922726,3.9434448670922726,3.9434448670922726,3.9434448670922726,3.9434448670922726,3.9434448670922726,3.9434448670922726,3.9434448670922726,3.9434448670922726,3.9434448670922726,3.9434448670922726,3.9434448670922726,3.9434448670922726,3.9434448670922726,3.9434448670922726,3.9434448670922726,3.9434448670922726,3.9434448670922726,3.9434448670922726,3.9434448670922726,3.9434448670922726,3.9434448670922726,3.9434448670922726,3.9434448670922726,3.9434448670922726,3.9434448670922726,3.9434448670922726,3.9434448670922726,3.9434448670922726,3.9434448670922726,3.9434448670922726,3.9434448670922726,3.9434448670922726,3.9434448670922726,3.9434448670922726,3.9434448670922726,3.9434448670922726,3.9434448670922726,3.9434448670922726,3.9434448670922726,3.9434448670922726,3.9434448670922726,3.9434448670922726,3.9434448670922726,3.9434448670922726,3.9434448670922726,3.9434448670922726,3.9434448670922726,3.9434448670922726,3.9434448670922726,3.9434448670922726,3.9434448670922726,3.9434448670922726,3.9434448670922726,3.9434448670922726,3.9434448670922726,3.9434448670922726,3.9434448670922726,3.9434448670922726,3.9434448670922726,3.9434448670922726,3.9434448670922726,3.9434448670922726,3.9434448670922726,3.9434448670922726,3.9434448670922726,3.9434448670922726,3.9434448670922726,3.9434448670922726,3.9434448670922726,3.9434448670922726,3.9434448670922726,3.9434448670922726,3.9434448670922726,3.9434448670922726,3.9434448670922726,3.9434448670922726,3.9434448670922726,3.9434448670922726,3.9434448670922726,3.9434448670922726,3.9434448670922726,3.9434448670922726,3.9434448670922726,3.9434448670922726,3.9434448670922726,3.9434448670922726,3.9434448670922726,3.9434448670922726,3.9434448670922726,3.9434448670922726,3.9434448670922726,3.9434448670922726,3.9434448670922726,3.9434448670922726,3.9434448670922726,3.9434448670922726,3.9434448670922726,3.9434448670922726,3.9434448670922726,3.9434448670922726,3.9434448670922726,3.9434448670922726,3.9434448670922726,3.9434448670922726,3.9434448670922726,3.9434448670922726,3.9434448670922726,3.9434448670922726,3.9434448670922726,3.9434448670922726,3.9434448670922726,3.9434448670922726,3.9434448670922726,3.9434448670922726,3.9434448670922726,3.9434448670922726,3.9434448670922726,3.9434448670922726,3.9434448670922726,3.9434448670922726,3.9434448670922726,3.9434448670922726,3.9434448670922726,3.9434448670922726,3.9434448670922726,3.9434448670922726,3.9434448670922726,3.9434448670922726,3.9434448670922726,3.9434448670922726,3.9434448670922726,3.9434448670922726,3.9434448670922726,3.9434448670922726,3.9434448670922726,3.9434448670922726,3.9434448670922726,3.9434448670922726,3.9434448670922726,3.9434448670922726,3.9434448670922726,3.9434448670922726,3.9434448670922726,3.9434448670922726,3.9434448670922726,3.9434448670922726,3.9434448670922726,3.9434448670922726,3.9434448670922726,3.9434448670922726,3.9434448670922726,3.9434448670922726,3.9434448670922726,3.9434448670922726,3.9434448670922726,3.9434448670922726,3.9434448670922726,3.9434448670922726,3.9434448670922726,3.9434448670922726,3.9434448670922726,3.9434448670922726,3.9434448670922726,3.9434448670922726,3.9434448670922726,3.9434448670922726,3.9434448670922726,3.9434448670922726,9.216303420097411,8.607170207822987,8.607170207822987,8.607170207822987,8.607170207822987,8.607170207822987,8.607170207822987,8.607170207822987,8.607170207822987,8.607170207822987,8.607170207822987,8.607170207822987,8.607170207822987,8.541221166454111,8.541221166454111,8.541221166454111,8.541221166454111,8.541221166454111,8.541221166454111,8.495040345853752,8.495040345853752,8.495040345853752,8.495040345853752,8.495040345853752,8.495040345853752,8.495040345853752,8.495040345853752,8.495040345853752,8.495040345853752,8.495040345853752,8.495040345853752,8.495040345853752,8.495040345853752,8.495040345853752,8.495040345853752,8.495040345853752,8.495040345853752,8.495040345853752,8.495040345853752,8.495040345853752,8.495040345853752,8.495040345853752,8.495040345853752,8.495040345853752,8.495040345853752,8.495040345853752,8.495040345853752,8.495040345853752,8.495040345853752,8.495040345853752,8.495040345853752,8.495040345853752,8.495040345853752,8.495040345853752,8.495040345853752,8.495040345853752,8.495040345853752,8.495040345853752,8.495040345853752,8.495040345853752,8.495040345853752,8.495040345853752,8.495040345853752,8.495040345853752,8.495040345853752,8.495040345853752,8.495040345853752,8.495040345853752,8.495040345853752,8.495040345853752,8.495040345853752,8.495040345853752,8.495040345853752,8.495040345853752,8.495040345853752,8.495040345853752,8.495040345853752,8.495040345853752,8.495040345853752,8.495040345853752,8.495040345853752,8.495040345853752,8.495040345853752,8.495040345853752,8.495040345853752,8.495040345853752,8.495040345853752,8.495040345853752,8.455054849052704,8.455054849052704,8.455054849052704,8.455054849052704,8.455054849052704,8.455054849052704,8.455054849052704,8.455054849052704,8.455054849052704,8.250342954765445,8.250342954765445,8.250342954765445,8.250342954765445,8.250342954765445,8.250342954765445,8.250342954765445,8.250342954765445,8.250342954765445,8.250342954765445,8.250342954765445,8.250342954765445,8.250342954765445,8.250342954765445,7.393689849165867,7.185731106710671,7.185731106710671,7.185731106710671,7.185731106710671,7.185731106710671,7.185731106710671,7.185731106710671,7.185731106710671,7.185731106710671,7.185731106710671,7.185731106710671,7.185731106710671,7.185731106710671,7.185731106710671,7.185731106710671,7.185731106710671,7.185731106710671,7.185731106710671,7.185731106710671,7.185731106710671,7.185731106710671,7.185731106710671,7.185731106710671,7.185731106710671,7.185731106710671,7.185731106710671,7.185731106710671,7.185731106710671,6.902681822564568,6.711244129276503,6.711244129276503,6.711244129276503,6.711244129276503,6.711244129276503,6.711244129276503,6.711244129276503,6.711244129276503,6.711244129276503,6.711244129276503,6.711244129276503,6.711244129276503,6.711244129276503,6.711244129276503,6.711244129276503,6.711244129276503,6.711244129276503,6.711244129276503,6.711244129276503,6.711244129276503,6.711244129276503,6.711244129276503,6.711244129276503,6.711244129276503,6.711244129276503,6.711244129276503,6.711244129276503,6.711244129276503,6.711244129276503,6.711244129276503,6.711244129276503,6.711244129276503,6.711244129276503,6.711244129276503,6.711244129276503,6.711244129276503,6.711244129276503,6.711244129276503,6.711244129276503,6.711244129276503,6.711244129276503,6.711244129276503,6.711244129276503,6.711244129276503,6.711244129276503,6.711244129276503,6.711244129276503,6.711244129276503,6.711244129276503,6.711244129276503,6.711244129276503,6.711244129276503,6.711244129276503,6.711244129276503,6.711244129276503,6.711244129276503,6.711244129276503,6.711244129276503,6.711244129276503,6.711244129276503,6.711244129276503,6.711244129276503,6.711244129276503,6.711244129276503,6.711244129276503,6.711244129276503,6.711244129276503,6.711244129276503,6.711244129276503,6.711244129276503,6.711244129276503,6.711244129276503,6.1951896275910245,6.1951896275910245,6.1951896275910245,6.1951896275910245,6.1951896275910245,6.1951896275910245,6.1951896275910245,6.1951896275910245,6.1951896275910245,6.1951896275910245,6.1951896275910245,6.1951896275910245,6.1951896275910245,6.1951896275910245,6.1951896275910245,6.1951896275910245,6.095313631672163,6.095313631672163,6.095313631672163,6.095313631672163,6.095313631672163,6.095313631672163,6.029212499449622,6.029212499449622,6.029212499449622,6.029212499449622,6.029212499449622,6.029212499449622,6.029212499449622,6.029212499449622,6.029212499449622,6.029212499449622,6.029212499449622,6.029212499449622,6.029212499449622,6.029212499449622,6.029212499449622,6.029212499449622,6.029212499449622,6.029212499449622,6.029212499449622,6.029212499449622,6.029212499449622,6.029212499449622,6.029212499449622,6.029212499449622,6.029212499449622,6.029212499449622,6.029212499449622,5.998132520292713,5.993239526115562,5.993239526115562,5.993239526115562,5.993239526115562,5.993239526115562,5.993239526115562,5.993239526115562,5.993239526115562,5.993239526115562,5.993239526115562,5.993239526115562,5.993239526115562,5.993239526115562,5.993239526115562,5.993239526115562,5.993239526115562,5.993239526115562,5.993239526115562,5.993239526115562,5.993239526115562,5.993239526115562,5.993239526115562,5.993239526115562,5.993239526115562,5.993239526115562,5.993239526115562,5.993239526115562,5.993239526115562,5.993239526115562,5.993239526115562,5.993239526115562,5.993239526115562,5.993239526115562,5.993239526115562,5.993239526115562,5.993239526115562,5.993239526115562,5.993239526115562,5.993239526115562,5.993239526115562,5.993239526115562,5.993239526115562,5.993239526115562,5.993239526115562,5.993239526115562,5.993239526115562,5.993239526115562,5.993239526115562,5.993239526115562,5.993239526115562,5.993239526115562,5.993239526115562,5.993239526115562,5.993239526115562,5.993239526115562,5.993239526115562,5.993239526115562,5.993239526115562,5.993239526115562,5.993239526115562,5.993239526115562,5.993239526115562,5.993239526115562,5.993239526115562,5.993239526115562,5.993239526115562,5.993239526115562,5.993239526115562,5.993239526115562,5.993239526115562,5.993239526115562,5.993239526115562,5.993239526115562,5.993239526115562,5.993239526115562,5.993239526115562,5.993239526115562,5.993239526115562,5.993239526115562,5.993239526115562,5.993239526115562,5.993239526115562,5.993239526115562,5.993239526115562,5.993239526115562,5.993239526115562,5.993239526115562,5.993239526115562,5.993239526115562,5.993239526115562,5.993239526115562,5.993239526115562,5.993239526115562,5.993239526115562,5.993239526115562,5.993239526115562,5.993239526115562,5.993239526115562,5.993239526115562,5.993239526115562,5.993239526115562,5.993239526115562,5.993239526115562,5.993239526115562,5.993239526115562,5.993239526115562,5.993239526115562,5.993239526115562,5.993239526115562,5.993239526115562,5.993239526115562,5.993239526115562,5.993239526115562,5.993239526115562,5.993239526115562,5.993239526115562,5.993239526115562,5.993239526115562,5.993239526115562,5.993239526115562,5.993239526115562,5.993239526115562,5.993239526115562,5.993239526115562,5.993239526115562,5.993239526115562,5.993239526115562,5.993239526115562,5.993239526115562,5.993239526115562,5.993239526115562,5.993239526115562,5.993239526115562,5.993239526115562,5.993239526115562,5.993239526115562,5.993239526115562,5.993239526115562,5.993239526115562,5.993239526115562,5.993239526115562,5.993239526115562,5.993239526115562,5.993239526115562,5.993239526115562,5.993239526115562,5.993239526115562,5.993239526115562,5.993239526115562,5.993239526115562,5.993239526115562,5.993239526115562,5.993239526115562,5.993239526115562,5.993239526115562,5.993239526115562,5.993239526115562,5.993239526115562,5.993239526115562,5.993239526115562,5.993239526115562,5.993239526115562,5.993239526115562,5.993239526115562,5.993239526115562,5.993239526115562,5.993239526115562,5.993239526115562,5.993239526115562,5.993239526115562,5.993239526115562,5.993239526115562,5.993239526115562,5.993239526115562,5.993239526115562,5.993239526115562,5.993239526115562,5.993239526115562,5.993239526115562,5.993239526115562,5.993239526115562,5.993239526115562,5.993239526115562,5.993239526115562,5.993239526115562,5.993239526115562,5.993239526115562,5.993239526115562,5.993239526115562,5.993239526115562,5.993239526115562,5.993239526115562,5.993239526115562,5.993239526115562,5.993239526115562,5.993239526115562,5.993239526115562,5.993239526115562,5.993239526115562,5.993239526115562,5.993239526115562,5.258612651628093,5.218412659349498,5.139153270684095,5.139153270684095,5.139153270684095,5.139153270684095,5.139153270684095,5.111312491530912,5.111312491530912,5.111312491530912,5.111312491530912,5.111312491530912,5.111312491530912,5.111312491530911,5.111312491530911,5.111312491530911,5.111312491530911,5.111312491530911,5.111312491530911,5.111312491530911,5.111312491530911,5.111312491530911,5.111312491530911,5.111312491530911,5.111312491530911,5.111312491530911,5.111312491530911,5.111312491530911,5.111312491530911,5.111312491530911,5.111312491530911,5.111312491530911,5.111312491530911,5.111312491530911,5.111312491530911,5.111312491530911,5.111312491530911,5.111312491530911,5.111312491530911,5.111312491530911,5.111312491530911,5.111312491530911,5.111312491530911,5.111312491530911,5.111312491530911,5.111312491530911,5.111312491530911,5.111312491530911,5.111312491530911,5.111312491530911,5.111312491530911,5.111312491530911,5.111312491530911,5.111312491530911,5.111312491530911,5.111312491530911,5.111312491530911,5.111312491530911,5.111312491530911,5.111312491530911,5.111312491530911,5.111312491530911,5.111312491530911,5.111312491530911,5.111312491530911,5.111312491530911,5.111312491530911,5.108834547593429,5.108834547593429,4.5000830005796,4.5000830005796,4.5000830005796,4.5000830005796,4.5000830005796,4.5000830005796,4.5000830005796,4.5000830005796,4.5000830005796,4.416161641974681,4.41616164197468,4.41616164197468,4.41616164197468,4.41616164197468,4.41616164197468,4.41616164197468,4.41616164197468,4.41616164197468,4.41616164197468,4.41616164197468,4.41616164197468,4.41616164197468,4.41616164197468,4.41616164197468,4.41616164197468,4.41616164197468,4.41616164197468,4.41616164197468,4.41616164197468,4.41616164197468,4.41616164197468,4.41616164197468,4.41616164197468,4.41616164197468,4.41616164197468,4.41616164197468,4.411718273174167,4.411718273174167,4.411657440427167,4.411657440427167,4.411657440427167,4.411657440427167,4.411657440427167,4.411657440427167,4.411657440427167,4.411657440427167,4.411657440427167,4.411657440427167,4.411657440427167,4.411657440427167,4.411657440427167,4.411657440427167,4.411657440427167,4.411657440427167,4.411657440427167,4.411657440427167,4.411657440427167,4.411657440427167,4.411657440427167,4.411657440427167,4.411657440427167,4.411657440427167,4.411657440427167,4.411657440427167,4.411657440427167,4.411657440427167,4.411657440427167,4.411657440427167,4.411657440427167,4.411657440427167,4.411657440427167,4.411657440427167,4.411657440427167,4.411657440427167,4.411657440427167,4.411657440427167,4.411657440427167,4.411657440427167,4.411657440427167,4.411657440427167,4.411657440427167,4.411657440427167,4.411657440427167,4.411657440427167,4.411657440427167,4.411657440427167,4.411657440427167,4.411657440427167,4.411657440427167,4.411657440427167,4.411657440427167,4.411657440427167,4.411657440427167,4.411657440427167,4.411657440427167,4.411657440427167,4.411657440427167,4.411657440427167,4.411657440427167,4.411657440427167,4.411657440427167,4.411657440427167,4.411657440427167,4.411657440427167,4.411657440427167,4.411657440427167,4.411657440427167,4.411657440427167,4.411657440427167,4.411657440427167,4.411657440427167,4.411657440427167,4.411657440427167,4.411657440427167,4.411657440427167,4.411657440427167,4.411657440427167,4.411657440427167,4.411657440427167,4.411657440427167,4.411657440427167,4.411657440427167,4.411657440427167,4.411657440427167,4.411657440427167,4.411657440427167,4.411657440427167,4.411657440427167,4.411657440427167,4.411657440427167,4.411657440427167,4.411657440427167,4.411657440427167,4.411657440427167,4.411657440427167,4.411657440427167,4.411657440427167,4.411657440427167,4.411657440427167,4.411657440427167,4.411657440427167,4.411657440427167,4.411657440427167,4.411657440427167,4.411657440427167,4.411657440427167,4.411657440427167,4.411657440427167,4.411657440427167,4.411657440427167,4.411657440427167,4.411657440427167,4.411657440427167,4.411657440427167,4.411657440427167,4.411657440427167,4.411657440427167,4.411657440427167,4.411657440427167,4.411657440427167,4.411657440427167,4.411657440427167,4.411657440427167,4.411657440427167,4.411657440427167,4.411657440427167,4.411657440427167,4.411657440427167,4.411657440427167,4.411657440427167,4.411657440427167,4.411657440427167,4.411657440427167,4.411657440427167,4.411657440427167,4.411657440427167,4.411657440427167,4.411657440427167,4.411657440427167,4.411657440427167,4.411657440427167,4.411657440427167,4.411657440427167,4.411657440427167,4.411657440427167,4.411657440427167,4.411657440427167,4.411657440427167,4.411657440427167,4.411657440427167,4.411657440427167,4.411657440427167,4.411657440427167,4.411657440427167,4.411657440427167,4.411657440427167,4.411657440427167,4.411657440427167,4.411657440427167,4.411657440427167,4.411657440427167,4.411657440427167,4.411657440427167,4.411657440427167,4.411657440427167,4.411657440427167,4.411657440427167,4.411657440427167,4.411657440427167,4.411657440427167,4.411657440427167,4.411657440427167,4.411657440427167,4.411657440427167,4.411657440427167,4.411657440427167,4.411657440427167,4.411657440427167,4.411657440427167,4.411657440427167,4.411657440427167,4.411657440427167,4.411657440427167,4.411657440427167,4.411657440427167,4.411657440427167,4.411657440427167,4.411657440427167,4.411657440427167,4.411657440427167,4.411657440427167,4.411657440427167,4.411657440427167,4.411657440427167,4.411657440427167,4.411657440427167,4.411657440427167,4.411657440427167,4.411657440427167,4.411657440427167,4.411657440427167,4.411657440427167,4.411657440427167,4.411657440427167,4.411657440427167,4.411657440427167,4.411657440427167,4.411657440427167,4.411657440427167,4.411657440427167,4.411657440427167,4.411657440427167,4.411657440427167,4.411657440427167,4.411657440427167,4.411657440427167,4.411657440427167,4.411657440427167,4.411657440427167,4.411657440427167,4.411657440427167,4.411657440427167,4.411657440427167,4.411657440427167,4.411657440427167,4.411657440427167,4.411657440427167,4.411657440427167,4.411657440427167,4.411657440427167,4.411657440427167,4.411657440427167,4.411657440427167,4.411657440427167,4.411657440427167,4.411657440427167,4.411657440427167,4.411657440427167,4.411657440427167,4.411657440427167,4.411657440427167,4.411657440427167,4.411657440427167,4.411657440427167,4.411657440427167,4.411657440427167,4.411657440427167,4.411657440427167,4.411657440427167,4.411657440427167,4.411657440427167,4.411657440427167,4.411657440427167,4.411657440427167,4.411657440427167,4.411657440427167,4.411657440427167,4.411657440427167,4.411657440427167,4.411657440427167,4.411657440427167,4.411657440427167,4.411657440427167,4.411657440427167,4.411657440427167,4.411657440427167,4.411657440427167,4.411657440427167,4.411657440427167,4.411657440427167,4.411657440427167,4.411657440427167,4.411657440427167,4.411657440427167,4.411657440427167,4.411657440427167,4.411657440427167,4.411657440427167,4.411657440427167,4.411657440427167,4.411657440427167,4.411657440427167,4.411657440427167,4.411657440427167,4.411657440427167,4.411657440427167,4.411657440427167,4.411657440427167,4.411657440427167,4.411657440427167,4.411657440427167,4.411657440427167,4.411657440427167,4.411657440427167,4.411657440427167,4.411657440427167,4.411657440427167,4.411657440427167,4.411657440427167,4.411657440427167,4.411657440427167,4.411657440427167,4.411657440427167,4.411657440427167,4.411657440427167,4.411657440427167,4.411657440427167,4.411657440427167,4.411657440427167,4.411657440427167,4.411657440427167,4.411657440427167,4.411657440427167,4.411657440427167,4.411657440427167,4.411657440427167,4.411657440427167,4.411657440427167,4.411657440427167,4.411657440427167,4.411657440427167,4.411657440427167,4.411657440427167,4.411657440427167,4.411657440427167,4.411657440427167,4.411657440427167,4.411657440427167,4.411657440427167,4.411657440427167,4.411657440427167,4.411657440427167,4.411657440427167,4.411657440427167,4.411657440427167,4.411657440427167,4.411657440427167,4.411657440427167,4.411657440427167,4.411657440427167,4.411657440427167,4.411657440427167,4.411657440427167,4.411657440427167,4.411657440427167,4.411657440427167,4.411657440427167,4.411657440427167,4.411657440427167,4.411657440427167,4.411657440427167,4.411657440427167,4.411657440427167,4.411657440427167,4.411657440427167,4.411657440427167,4.411657440427167,4.411657440427167,4.411657440427167,4.411657440427167,4.411657440427167,4.411657440427167,4.411657440427167,4.411657440427167,4.411657440427167,4.411657440427167,4.411657440427167,4.411657440427167,4.411657440427167,4.411657440427167,4.411657440427167,4.411657440427167,4.411657440427167,4.411657440427167,4.411657440427167,4.411657440427167,4.411657440427167,4.411657440427167,4.411657440427167,4.411657440427167,4.411657440427167,4.411657440427167,4.411657440427167,4.411657440427167,4.411657440427167,4.411657440427167,4.411657440427167,4.411657440427167,4.411657440427167,4.411657440427167,4.411657440427167,4.411657440427167,4.411657440427167,4.411657440427167,4.411657440427167,4.411657440427167,4.411657440427167,4.411657440427167,4.411657440427167,4.411657440427167,4.411657440427167,4.411657440427167,4.411657440427167,4.411657440427167,4.411657440427167,4.411657440427167,4.411657440427167,4.411657440427167,4.411657440427167,4.411657440427167,4.411657440427167,4.411657440427167,4.411657440427167,4.411657440427167,4.411657440427167,4.411657440427167,4.411657440427167,4.411657440427167,4.411657440427167,4.411657440427167,4.411657440427167,4.411657440427167,4.411657440427167,4.411657440427167,4.411657440427167,4.411657440427167,4.411657440427167,6.423774573350421,6.423774573350421,6.423774573350421,6.423774573350421,6.423774573350421,6.423774573350421,6.423774573350421,6.423774573350421,6.423774573350421,6.423774573350421,6.423774573350421,6.423774573350421,6.423774573350421,6.423774573350421,6.423774573350421,6.423774573350421,6.423774573350421,6.423774573350421,6.423774573350421,6.423774573350421,6.423774573350421,6.423774573350421,6.423774573350421,6.423774573350421,6.423774573350421,6.423774573350421,6.096504435140083,6.096504435140083,6.096504435140083,6.096504435140083,6.096504435140083,6.096504435140083,6.096504435140083,5.997743669807081,5.997743669807081,5.997743669807081,5.997743669807081,5.997743669807081,5.997743669807081,5.997743669807081,5.997743669807081,5.997743669807081,5.997743669807081,5.997743669807081,5.997743669807081,5.997743669807081,5.997743669807081,5.997743669807081,5.997743669807081,5.997743669807081,5.997743669807081,5.997743669807081,5.997743669807081,5.997743669807081,5.997743669807081,5.997743669807081,5.997743669807081,5.997743669807081,5.997743669807081,5.997743669807081,5.997743669807081,5.997743669807081,5.997743669807081,5.997743669807081,5.997743669807081,5.997743669807081,5.997743669807081,5.997743669807081,5.997743669807081,5.997743669807081,5.997743669807081,5.997743669807081,5.997743669807081,5.997743669807081,5.997743669807081,5.997743669807081,5.997743669807081,5.997743669807081,5.997743669807081,5.997743669807081,5.997743669807081,5.997743669807081,5.997743669807081,5.997743669807081,5.997743669807081,5.997743669807081,5.997743669807081,5.997743669807081,5.997743669807081,5.997743669807081,5.997743669807081,5.997743669807081,5.997743669807081,5.997743669807081,5.997743669807081,5.997743669807081,5.997743669807081,5.997743669807081,5.997743669807081,5.997743669807081,5.997743669807081,5.997743669807081,5.997743669807081,5.997743669807081,5.997743669807081,5.997743669807081,5.997743669807081,5.997743669807081,5.997743669807081,5.997743669807081,5.997743669807081,5.997743669807081,5.997743669807081,5.997743669807081,5.997743669807081,5.997743669807081,5.997743669807081,5.997743669807081,5.997743669807081,5.997743669807081,5.997743669807081,5.997743669807081,5.997743669807081,5.997743669807081,5.997743669807081,5.997743669807081,5.997743669807081,5.997743669807081,5.997743669807081,5.997743669807081,5.997743669807081,5.997743669807081,5.997743669807081,5.997743669807081,5.997743669807081,5.997743669807081,5.890299401529802,5.890299401529802,5.890299401529802,5.847737413076107,5.847737413076107,5.847737413076107,5.847737413076107,5.847737413076107,5.847737413076107,5.847737413076107,5.847737413076107,5.847737413076107,5.4592363915838344,5.4592363915838344,5.4592363915838344,5.4592363915838344,5.4592363915838344,5.4592363915838344,5.4592363915838344,5.4592363915838344,5.4592363915838344,5.4592363915838344,5.4592363915838344,5.4592363915838344,5.4592363915838344,5.4592363915838344,5.4592363915838344,5.4592363915838344,5.4592363915838344,5.4592363915838344,5.4592363915838344,5.4592363915838344,5.4592363915838344,5.4592363915838344,5.4592363915838344,5.4592363915838344,5.4592363915838344,5.4592363915838344,5.4592363915838344,5.4592363915838344,5.4592363915838344,5.4592363915838344,5.4592363915838344,5.4592363915838344,5.4592363915838344,5.4592363915838344,5.4592363915838344,5.4592363915838344,5.4592363915838344,5.4592363915838344,5.4592363915838344,5.4592363915838344,5.4592363915838344,5.4592363915838344,5.4592363915838344,5.4592363915838344,5.4592363915838344,5.4592363915838344,5.4592363915838344,5.4592363915838344,5.4592363915838344,5.4592363915838344,5.4592363915838344,5.4592363915838344,5.4592363915838344,5.4592363915838344,5.4592363915838344,5.4592363915838344,5.4592363915838344,5.4592363915838344,5.4592363915838344,5.4592363915838344,5.4592363915838344,5.4592363915838344,5.4592363915838344,5.4592363915838344,5.4592363915838344,5.4592363915838344,5.4592363915838344,5.4592363915838344,5.4592363915838344,5.4592363915838344,5.4592363915838344,5.4592363915838344,5.4592363915838344,5.4592363915838344,5.4592363915838344,5.4592363915838344,5.4592363915838344,5.4592363915838344,5.4592363915838344,5.4592363915838344,5.444461356621484,5.444461356621484,5.444461356621484,5.444461356621484,5.444461356621484,5.444461356621484,5.444461356621484,5.444461356621484,5.444461356621484,5.444461356621484,5.444461356621484,5.444461356621484,5.444461356621484,5.444461356621484,5.444461356621484,5.444461356621484,5.444461356621484,5.444461356621484,5.444461356621484,5.444461356621484,5.444461356621484,5.444461356621484,5.444461356621484,5.444461356621484,5.444461356621484,5.444461356621484,5.444461356621484,5.444461356621484,5.444461356621484,5.444461356621484,5.444461356621484,5.444461356621484,5.444461356621484,5.444461356621484,5.444461356621484,5.444461356621484,5.444461356621484,5.444461356621484,5.444461356621484,5.444461356621484,5.444461356621484,5.444461356621484,5.444461356621484,5.444461356621484,5.444461356621484,5.444461356621484,5.444461356621484,5.444461356621484,5.444461356621484,5.444461356621484,5.444461356621484,5.444461356621484,5.444461356621484,5.444461356621484,5.444461356621484,5.444461356621484,5.444461356621484,5.444461356621484,5.444461356621484,5.311342504532661,5.063618237537104,4.5580369230759405,4.5580369230759405,4.5580369230759405,4.5580369230759405,4.5580369230759405,4.5580369230759405,4.5580369230759405,4.5580369230759405,4.5580369230759405,4.5580369230759405,4.5580369230759405,4.5580369230759405,4.5580369230759405,4.5580369230759405,4.5580369230759405,4.5580369230759405,4.5580369230759405,4.5580369230759405,4.5580369230759405,4.5580369230759405,4.5580369230759405,4.5580369230759405,4.352224851798956,4.352224851798956,4.352224851798956,4.352224851798956,4.352224851798956,4.352224851798956,4.352224851798956,4.352224851798956,4.352224851798956,4.352224851798956,4.352224851798956,4.352224851798956,4.352224851798956,4.193526813079015,4.193526813079015,4.193526813079015,4.193526813079015,4.193526813079015,4.193526813079015,4.193526813079015,4.193526813079015,4.193526813079015,4.193526813079015,4.193526813079015,4.193526813079015,4.193526813079015,4.193526813079015,4.193526813079015,4.193526813079015,4.193526813079015,4.193526813079015,4.193526813079015,4.193526813079015,4.193526813079015,4.193526813079015,4.193526813079015,4.193526813079015,4.193526813079015,4.193526813079015,4.193526813079015,4.193526813079015,4.193526813079015,4.193526813079015,4.193526813079015,4.193526813079015,4.193526813079015,4.193526813079015,4.193526813079015,4.193526813079015,4.193526813079015,4.193526813079015,4.193526813079015,4.193526813079015,4.193526813079015,4.193526813079015,4.193526813079015,4.193526813079015,4.193526813079015,4.193526813079015,4.193526813079015,4.193526813079015,4.193526813079015,4.193526813079015,4.193526813079015,4.193526813079015,4.193526813079015,4.193526813079015,4.193526813079015,4.193526813079015,4.193526813079015,4.193526813079015,4.193526813079015,4.193526813079015,4.193526813079015,4.193526813079015,4.193526813079015,4.193526813079015,4.193526813079015,4.193526813079015,4.193526813079015,4.193526813079015,4.193526813079015,4.193526813079015,4.193526813079015,4.193526813079015,4.193526813079015,4.193526813079015,4.193526813079015,4.193526813079015,4.193526813079015,4.193526813079015,4.193526813079015,4.193526813079015,4.193526813079015,4.193526813079015,4.193526813079015,4.193526813079015,4.193526813079015,4.193526813079015,4.193526813079015,4.193526813079015,4.193526813079015,4.193526813079015,4.193526813079015,4.193526813079015,4.193526813079015,4.193526813079015,4.193526813079015,4.193526813079015,4.193526813079015,4.193526813079015,4.193526813079015,4.193526813079015,4.193526813079015,4.193526813079015,4.193526813079015,4.193526813079015,4.193526813079015,4.193526813079015,4.193526813079015,4.193526813079015,4.193526813079015,4.193526813079015,4.193526813079015,4.193526813079015,4.193526813079015,4.193526813079015,4.193526813079015,4.193526813079015,4.193526813079015,4.193526813079015,4.193526813079015,4.193526813079015,4.193526813079015,4.193526813079015,4.193526813079015,4.193526813079015,4.193526813079015,4.193526813079015,4.193526813079015,4.193526813079015,4.193526813079015,4.193526813079015,4.193526813079015,4.193526813079015,4.193526813079015,4.193526813079015,4.193526813079015,4.193526813079015,4.193526813079015,4.193526813079015,4.193526813079015,4.193526813079015,4.193526813079015,4.193526813079015,4.193526813079015,4.193526813079015,4.193526813079015,4.193526813079015,4.193526813079015,4.193526813079015,4.193526813079015,3.9943355521218193,3.795435746092346,3.795435746092346,3.795435746092346,3.795435746092346,3.795435746092346,3.795435746092346,2.788457529664803,2.788457529664803,2.788457529664803,2.717281440822009,2.717281440822009,2.717281440822009,2.717281440822009,2.717281440822009,2.717281440822009,2.717281440822009,2.717281440822009,2.717281440822009,2.717281440822009,2.717281440822009,2.717281440822009,2.717281440822009,2.717281440822009,2.717281440822009,2.717281440822009,2.717281440822009,2.717281440822009,2.717281440822009,2.717281440822009,2.717281440822009,2.717281440822009,2.717281440822009,2.717281440822009,2.717281440822009,2.717281440822009,2.717281440822009,2.717281440822009,2.717281440822009,2.717281440822009,2.717281440822009,2.717281440822009,2.717281440822009,2.717281440822009,2.717281440822009,2.717281440822009,2.717281440822009,2.717281440822009,2.717281440822009,2.717281440822009,2.717281440822009,2.717281440822009,2.717281440822009,2.717281440822009,2.717281440822009,2.717281440822009,2.717281440822009,2.717281440822009,2.717281440822009,2.717281440822009,2.717281440822009,2.717281440822009,2.717281440822009,2.717281440822009,2.717281440822009,2.717281440822009,2.717281440822009,2.717281440822009,2.717281440822009,2.717281440822009,2.717281440822009,2.717281440822009,2.717281440822009,2.717281440822009,2.717281440822009,2.717281440822009,2.717281440822009,2.717281440822009,2.717281440822009,2.717281440822009,2.717281440822009,2.717281440822009,2.717281440822009,2.717281440822009,2.717281440822009,2.717281440822009,2.717281440822009,2.717281440822009,2.717281440822009,2.717281440822009,2.717281440822009,2.717281440822009,2.717281440822009,2.717281440822009,2.717281440822009,2.717281440822009,2.717281440822009,2.717281440822009,2.717281440822009,2.717281440822009,2.717281440822009,2.717281440822009,2.717281440822009,2.717281440822009,2.717281440822009,2.717281440822009,2.717281440822009,2.717281440822009,2.717281440822009,2.717281440822009,2.717281440822009,2.717281440822009,2.717281440822009,2.717281440822009,2.717281440822009,2.717281440822009,2.717281440822009,2.717281440822009,2.717281440822009,2.717281440822009,2.717281440822009,2.717281440822009,2.717281440822009,2.717281440822009,2.717281440822009,2.717281440822009,2.717281440822009,2.717281440822009,2.717281440822009,2.717281440822009,2.717281440822009,2.717281440822009,2.717281440822009,2.717281440822009,2.717281440822009,2.717281440822009,2.717281440822009,2.717281440822009,2.717281440822009,2.717281440822009,2.717281440822009,2.717281440822009,2.717281440822009,2.717281440822009,2.717281440822009,2.717281440822009,2.717281440822009,2.717281440822009,2.717281440822009,2.717281440822009,2.717281440822009,2.717281440822009,2.717281440822009,2.717281440822009,2.717281440822009,2.717281440822009,2.717281440822009,2.717281440822009,2.717281440822009,2.717281440822009,2.717281440822009,2.717281440822009,2.717281440822009,2.717281440822009,2.717281440822009,2.717281440822009,2.717281440822009,2.717281440822009,2.717281440822009,2.717281440822009,2.717281440822009,2.717281440822009,2.717281440822009,2.717281440822009,2.717281440822009,2.717281440822009,2.717281440822009,2.717281440822009,2.717281440822009,2.717281440822009,2.717281440822009,2.717281440822009,2.717281440822009,2.717281440822009,2.717281440822009,2.717281440822009,2.717281440822009,2.717281440822009,2.717281440822009,2.717281440822009,2.717281440822009,2.717281440822009,2.717281440822009,2.717281440822009,2.717281440822009,2.717281440822009,2.717281440822009,2.717281440822009,2.717281440822009,2.717281440822009,2.717281440822009,2.717281440822009,2.717281440822009,2.717281440822009,2.717281440822009,2.717281440822009,2.717281440822009,2.717281440822009,2.717281440822009,2.717281440822009,2.717281440822009,2.717281440822009,2.717281440822009,2.717281440822009,2.717281440822009,2.717281440822009,2.717281440822009,2.717281440822009,2.717281440822009,2.717281440822009,2.717281440822009,2.717281440822009,2.717281440822009,2.717281440822009,2.717281440822009,2.717281440822009,2.717281440822009,2.717281440822009,2.717281440822009,2.717281440822009,2.717281440822009,2.717281440822009,2.717281440822009,2.717281440822009,2.717281440822009,2.717281440822009,2.717281440822009,2.717281440822009,2.717281440822009,2.717281440822009,2.717281440822009,2.717281440822009,2.717281440822009,2.717281440822009,2.717281440822009,2.717281440822009,2.717281440822009,2.717281440822009,2.717281440822009,2.717281440822009,2.717281440822009,2.717281440822009,2.717281440822009,2.717281440822009,2.717281440822009,2.717281440822009,2.717281440822009,2.717281440822009,2.717281440822009,2.717281440822009,2.717281440822009,2.717281440822009,2.717281440822009,2.717281440822009,2.717281440822009,2.717281440822009,2.717281440822009,2.717281440822009,2.717281440822009,2.717281440822009,2.717281440822009,2.717281440822009,2.717281440822009,2.717281440822009,2.717281440822009,2.717281440822009,2.717281440822009,2.717281440822009,2.717281440822009,2.717281440822009,2.717281440822009,2.717281440822009,2.717281440822009,2.717281440822009,2.717281440822009,2.717281440822009,2.717281440822009,2.717281440822009,2.717281440822009,2.717281440822009,2.717281440822009,2.717281440822009,2.717281440822009,2.717281440822009,2.717281440822009,2.717281440822009,2.717281440822009,2.717281440822009,2.717281440822009,2.717281440822009,2.717281440822009,2.717281440822009,2.717281440822009,2.717281440822009,2.717281440822009,2.717281440822009,2.717281440822009,2.717281440822009,2.717281440822009,2.717281440822009,2.717281440822009,2.717281440822009,2.717281440822009,2.717281440822009,2.717281440822009,2.717281440822009,2.717281440822009,2.717281440822009,2.717281440822009,2.717281440822009,2.717281440822009,2.717281440822009,2.717281440822009,2.717281440822009,2.717281440822009,2.717281440822009,2.717281440822009,2.717281440822009,2.717281440822009,2.717281440822009,2.717281440822009,2.717281440822009,2.717281440822009,2.717281440822009,2.717281440822009,2.717281440822009,2.717281440822009,2.717281440822009,2.717281440822009,2.717281440822009,2.717281440822009,2.717281440822009,2.717281440822009,2.717281440822009,2.717281440822009,2.717281440822009,2.717281440822009,2.717281440822009,2.717281440822009,2.717281440822009,2.717281440822009,2.717281440822009,2.717281440822009,2.717281440822009,2.717281440822009,2.717281440822009,2.717281440822009,2.717281440822009,2.717281440822009,2.717281440822009,2.717281440822009,2.717281440822009,2.717281440822009,2.717281440822009,2.717281440822009,2.717281440822009,2.717281440822009,2.717281440822009,2.717281440822009,2.717281440822009,2.717281440822009,2.717281440822009,2.717281440822009,2.717281440822009,2.717281440822009,2.717281440822009,2.717281440822009,2.717281440822009,2.717281440822009,2.717281440822009,2.717281440822009,2.717281440822009,2.717281440822009,2.717281440822009,2.717281440822009,2.717281440822009,2.717281440822009,2.717281440822009,2.717281440822009,2.717281440822009,2.717281440822009,2.717281440822009,2.717281440822009,2.717281440822009,2.717281440822009,2.717281440822009,2.717281440822009,2.717281440822009,2.717281440822009,2.717281440822009,2.717281440822009,2.717281440822009,2.717281440822009,2.717281440822009,2.717281440822009,2.717281440822009,2.717281440822009,2.717281440822009,2.717281440822009,2.717281440822009,2.717281440822009,2.717281440822009,2.717281440822009,2.717281440822009,2.717281440822009,2.717281440822009,2.717281440822009,2.717281440822009,2.717281440822009,2.717281440822009,2.717281440822009,2.717281440822009,2.717281440822009,2.717281440822009,2.717281440822009,2.717281440822009,2.717281440822009,2.717281440822009,2.717281440822009,2.717281440822009,2.717281440822009,2.717281440822009,2.717281440822009,2.717281440822009,2.717281440822009,2.717281440822009,2.717281440822009,2.717281440822009,2.717281440822009,2.717281440822009,2.717281440822009,2.717281440822009,2.717281440822009,2.717281440822009,2.717281440822009,2.717281440822009,2.717281440822009,2.717281440822009,2.717281440822009,2.717281440822009,2.717281440822009,2.717281440822009,2.717281440822009,2.717281440822009,2.717281440822009,2.717281440822009,2.717281440822009,2.717281440822009,2.717281440822009,2.717281440822009,2.717281440822009,2.717281440822009,2.717281440822009,2.717281440822009,2.717281440822009,2.717281440822009,2.717281440822009,2.717281440822009,2.717281440822009,2.717281440822009,2.717281440822009,2.717281440822009,2.717281440822009,2.717281440822009,2.717281440822009,2.717281440822009,2.717281440822009,2.717281440822009,2.717281440822009,2.717281440822009,2.717281440822009,2.717281440822009,2.717281440822009,2.717281440822009,2.717281440822009,2.717281440822009,2.717281440822009,2.717281440822009,2.717281440822009,2.717281440822009,2.717281440822009,2.717281440822009,2.717281440822009,2.717281440822009,2.717281440822009,2.717281440822009,2.717281440822009,2.717281440822009,2.717281440822009,2.717281440822009,2.717281440822009,2.717281440822009,2.717281440822009,2.717281440822009,2.717281440822009,2.717281440822009,2.717281440822009,2.717281440822009,2.717281440822009,2.717281440822009,2.717281440822009,2.717281440822009,2.717281440822009,2.717281440822009,2.717281440822009,2.717281440822009,2.717281440822009,2.717281440822009,2.717281440822009,2.717281440822009,2.717281440822009,2.717281440822009,2.717281440822009,2.717281440822009,2.717281440822009,2.717281440822009,2.717281440822009,8.526050843415039,8.526050843415039,6.774777556047572,6.774777556047572,6.774777556047572,6.774777556047572,6.767748688229571,6.767748688229571,6.767748688229571,6.767748688229571,6.767748688229571,6.767748688229571,6.767748688229571,6.767748688229571,6.767748688229571,6.767748688229571,6.767748688229571,6.767748688229571,6.767748688229571,6.767748688229571,6.767748688229571,6.767748688229571,6.767748688229571,6.767748688229571,6.767748688229571,6.767748688229571,6.767748688229571,6.767748688229571,6.767748688229571,6.767748688229571,6.767748688229571,6.767748688229571,6.767748688229571,6.767748688229571,6.767748688229571,6.767748688229571,6.767748688229571,6.767748688229571,6.767748688229571,6.767748688229571,6.767748688229571,6.767748688229571,6.767748688229571,6.767748688229571,6.767748688229571,6.767748688229571,6.767748688229571,6.767748688229571,6.767748688229571,6.767748688229571,6.767748688229571,6.767748688229571,6.767748688229571,6.767748688229571,6.767748688229571,6.767748688229571,6.646002404614984,6.646002404614984,6.646002404614984,6.646002404614984,6.646002404614984,6.475046297350011,6.475046297350011,6.475046297350011,6.475046297350011,6.475046297350011,6.475046297350011,6.475046297350011,6.470565256708387,6.470565256708387,6.470565256708387,6.470565256708387,6.470565256708387,6.470565256708387,6.470565256708387,6.470565256708387,6.470565256708387,6.470565256708387,6.470565256708387,6.470565256708387,6.470565256708387,6.470565256708387,5.887869655279528,5.887869655279528,5.887869655279528,5.887869655279528,5.887869655279528,5.887869655279528,5.887869655279528,5.887869655279528,5.887869655279528,5.887869655279528,5.887869655279528,5.887869655279528,5.887869655279528,5.887869655279528,5.887869655279528,5.887869655279528,5.887869655279528,5.887869655279528,5.887869655279528,5.887869655279528,5.717173189242158,5.27593544119579,5.27593544119579,5.27593544119579,5.27593544119579,5.27593544119579,5.27593544119579,5.27593544119579,5.27593544119579,5.27593544119579,5.27593544119579,5.27593544119579,5.27593544119579,5.27593544119579,5.27593544119579,5.27593544119579,5.27593544119579,5.27593544119579,5.27593544119579,5.27593544119579,5.27593544119579,5.27593544119579,5.27593544119579,5.27593544119579,5.27593544119579,5.27593544119579,5.27593544119579,5.27593544119579,5.27593544119579,5.27593544119579,5.27593544119579,5.27593544119579,5.27593544119579,5.27593544119579,5.27593544119579,5.27593544119579,5.27593544119579,5.27593544119579,5.27593544119579,5.27593544119579,5.27593544119579,5.27593544119579,5.27593544119579,5.27593544119579,5.27593544119579,5.27593544119579,5.27593544119579,5.27593544119579,5.27593544119579,5.27593544119579,5.27593544119579,5.27593544119579,5.27593544119579,5.27593544119579,5.27593544119579,5.27593544119579,5.27593544119579,5.27593544119579,5.27593544119579,5.27593544119579,5.27593544119579,5.27593544119579,5.27593544119579,5.27593544119579,5.27593544119579,5.27593544119579,5.27593544119579,5.27593544119579,5.27593544119579,5.27593544119579,5.27593544119579,5.27593544119579,5.27593544119579,5.27593544119579,5.27593544119579,5.27593544119579,5.27593544119579,5.27593544119579,5.27593544119579,5.27593544119579,5.27593544119579,5.27593544119579,5.27593544119579,5.27593544119579,5.27593544119579,5.27593544119579,5.27593544119579,5.27593544119579,5.27593544119579,5.27593544119579,5.27593544119579,5.27593544119579,5.27593544119579,5.27593544119579,5.27593544119579,5.27593544119579,5.27593544119579,5.27593544119579,5.27593544119579,5.27593544119579,5.27593544119579,5.27593544119579,5.27593544119579,5.27593544119579,5.27593544119579,5.27593544119579,5.27593544119579,5.27593544119579,5.27593544119579,5.27593544119579,5.27593544119579,5.27593544119579,5.27593544119579,5.27593544119579,5.27593544119579,5.27593544119579,5.27593544119579,5.27593544119579,5.27593544119579,5.27593544119579,5.27593544119579,5.27593544119579,5.27593544119579,5.27593544119579,5.27593544119579,5.27593544119579,5.27593544119579,5.27593544119579,5.27593544119579,5.27593544119579,5.27593544119579,5.27593544119579,5.27593544119579,5.27593544119579,5.27593544119579,5.27593544119579,5.27593544119579,5.27593544119579,5.27593544119579,5.27593544119579,5.27593544119579,5.27593544119579,5.27593544119579,5.27593544119579,5.27593544119579,5.27593544119579,5.27593544119579,5.27593544119579,5.27593544119579,5.27593544119579,5.27593544119579,5.27593544119579,5.27593544119579,5.27593544119579,5.27593544119579,5.27593544119579,5.27593544119579,5.27593544119579,5.27593544119579,5.27593544119579,5.27593544119579,5.27593544119579,5.27593544119579,5.27593544119579,5.27593544119579,5.27593544119579,5.27593544119579,5.27593544119579,5.27593544119579,5.27593544119579,5.27593544119579,5.27593544119579,5.27593544119579,5.27593544119579,5.27593544119579,5.27593544119579,5.27593544119579,5.27593544119579,5.27593544119579,5.27593544119579,5.27593544119579,5.27593544119579,5.27593544119579,5.27593544119579,5.27593544119579,5.27593544119579,5.27593544119579,5.27593544119579,5.27593544119579,5.27593544119579,5.27593544119579,5.27593544119579,5.27593544119579,5.27593544119579,5.27593544119579,5.27593544119579,5.27593544119579,5.27593544119579,5.27593544119579,5.27593544119579,5.27593544119579,5.27593544119579,5.27593544119579,5.27593544119579,5.27593544119579,5.27593544119579,5.27593544119579,5.27593544119579,5.27593544119579,5.27593544119579,5.27593544119579,5.27593544119579,5.27593544119579,5.27593544119579,5.27593544119579,5.27593544119579,5.27593544119579,5.27593544119579,5.27593544119579,5.27593544119579,5.27593544119579,5.27593544119579,5.27593544119579,5.27593544119579,5.27593544119579,5.27593544119579,5.27593544119579,5.27593544119579,5.27593544119579,5.27593544119579,5.27593544119579,5.27593544119579,5.27593544119579,5.27593544119579,5.27593544119579,5.27593544119579,5.27593544119579,5.27593544119579,5.27593544119579,5.27593544119579,5.27593544119579,5.27593544119579,5.27593544119579,5.27593544119579,5.27593544119579,5.27593544119579,5.27593544119579,5.27593544119579,5.27593544119579,5.27593544119579,5.27593544119579,5.27593544119579,5.27593544119579,5.27593544119579,5.27593544119579,5.27593544119579,5.27593544119579,5.27593544119579,5.27593544119579,5.27593544119579,5.27593544119579,5.27593544119579,5.27593544119579,5.27593544119579,5.27593544119579,5.27593544119579,5.27593544119579,5.27593544119579,5.27593544119579,5.27593544119579,5.27593544119579,5.27593544119579,5.27593544119579,5.27593544119579,5.27593544119579,5.27593544119579,5.27593544119579,5.27593544119579,5.27593544119579,5.27593544119579,5.27593544119579,5.27593544119579,5.27593544119579,5.27593544119579,5.27593544119579,5.27593544119579,5.27593544119579,5.27593544119579,5.27593544119579,5.27593544119579,5.27593544119579,5.27593544119579,5.27593544119579,5.27593544119579,5.27593544119579,5.27593544119579,5.27593544119579,5.27593544119579,5.27593544119579,5.27593544119579,5.27593544119579,5.27593544119579,5.27593544119579,5.27593544119579,5.27593544119579,5.27593544119579,5.27593544119579,5.27593544119579,5.27593544119579,5.27593544119579,5.27593544119579,5.27593544119579,5.27593544119579,5.27593544119579,5.27593544119579,5.27593544119579,5.27593544119579,5.27593544119579,5.27593544119579,5.27593544119579,5.27593544119579,5.27593544119579,5.27593544119579,5.27593544119579,5.27593544119579,5.27593544119579,5.27593544119579,5.27593544119579,5.27593544119579,5.27593544119579,5.27593544119579,5.27593544119579,5.27593544119579,5.27593544119579,5.27593544119579,5.27593544119579,5.27593544119579,5.27593544119579,5.27593544119579,5.27593544119579,5.27593544119579,5.27593544119579,5.27593544119579,5.27593544119579,5.27593544119579,5.27593544119579,5.27593544119579,5.27593544119579,5.27593544119579,5.27593544119579,5.27593544119579,5.27593544119579,5.27593544119579,5.27593544119579,5.27593544119579,5.27593544119579,5.27593544119579,5.27593544119579,5.27593544119579,5.27593544119579,5.27593544119579,5.27593544119579,5.27593544119579,5.27593544119579,5.27593544119579,5.27593544119579,5.27593544119579,5.27593544119579,5.27593544119579,5.27593544119579,5.27593544119579,5.27593544119579,5.27593544119579,5.27593544119579,5.27593544119579,5.27593544119579,5.27593544119579,5.27593544119579,5.27593544119579,5.27593544119579,5.27593544119579,5.27593544119579,5.27593544119579,5.27593544119579,5.27593544119579,5.27593544119579,5.27593544119579,5.27593544119579,5.27593544119579,5.27593544119579,5.27593544119579,5.27593544119579,5.27593544119579,5.27593544119579,5.27593544119579,5.27593544119579,5.27593544119579,5.27593544119579,5.27593544119579,5.27593544119579,5.27593544119579,5.27593544119579,5.27593544119579,5.27593544119579,5.27593544119579,5.27593544119579,5.27593544119579,5.27593544119579,5.27593544119579,5.27593544119579,5.27593544119579,5.27593544119579,5.27593544119579,5.27593544119579,5.27593544119579,5.27593544119579,5.27593544119579,5.27593544119579,5.27593544119579,5.27593544119579,5.27593544119579,5.27593544119579,5.27593544119579,5.27593544119579,5.27593544119579,5.27593544119579,5.27593544119579,5.27593544119579,5.27593544119579,5.27593544119579,5.27593544119579,5.27593544119579,5.27593544119579,5.27593544119579,5.27593544119579,5.27593544119579,5.27593544119579,5.27593544119579,5.27593544119579,5.27593544119579,5.27593544119579,5.27593544119579,5.27593544119579,5.27593544119579,5.27593544119579,5.27593544119579,5.27593544119579,5.27593544119579,5.27593544119579,5.27593544119579,5.27593544119579,5.27593544119579,5.27593544119579,5.27593544119579,5.27593544119579,5.27593544119579,5.27593544119579,5.27593544119579,5.27593544119579,5.27593544119579,5.27593544119579,5.27593544119579,5.27593544119579,5.27593544119579,5.27593544119579,5.27593544119579,5.27593544119579,5.27593544119579,5.27593544119579,5.27593544119579,5.27593544119579,5.27593544119579,5.27593544119579,5.27593544119579,5.27593544119579,5.27593544119579,5.27593544119579,5.27593544119579,5.27593544119579,5.27593544119579,5.27593544119579,5.27593544119579,5.27593544119579,5.27593544119579,5.27593544119579,5.27593544119579,5.27593544119579,5.27593544119579,5.27593544119579,5.27593544119579,5.27593544119579,5.27593544119579,5.27593544119579,5.27593544119579,5.27593544119579,5.27593544119579,5.27593544119579,5.27593544119579,5.27593544119579,5.27593544119579,5.27593544119579,5.27593544119579,5.27593544119579,5.27593544119579,5.27593544119579,5.27593544119579,5.27593544119579,5.27593544119579,5.27593544119579,5.27593544119579,5.27593544119579,5.27593544119579,5.27593544119579,5.27593544119579,5.27593544119579,5.27593544119579,5.27593544119579,5.27593544119579,5.27593544119579,5.27593544119579,5.27593544119579,5.27593544119579,5.27593544119579,5.27593544119579,5.27593544119579,5.27593544119579,5.27593544119579,5.27593544119579,5.27593544119579,5.27593544119579,5.27593544119579,5.27593544119579,5.27593544119579,5.27593544119579,5.27593544119579,5.27593544119579,5.27593544119579,5.27593544119579,5.27593544119579,5.27593544119579,5.27593544119579,5.27593544119579,5.27593544119579,5.27593544119579,5.27593544119579,5.27593544119579,5.27593544119579,5.27593544119579,5.27593544119579,5.27593544119579,5.27593544119579,5.27593544119579,5.27593544119579,5.27593544119579,5.27593544119579,5.27593544119579,5.27593544119579,5.27593544119579,5.27593544119579,5.27593544119579,5.27593544119579,5.27593544119579,5.27593544119579,5.27593544119579,5.27593544119579,5.27593544119579,5.27593544119579,5.27593544119579,5.27593544119579,5.27593544119579,5.27593544119579,5.27593544119579,5.27593544119579,5.27593544119579,5.27593544119579,5.27593544119579,5.27593544119579,5.27593544119579,5.27593544119579,5.27593544119579,5.27593544119579,5.27593544119579,5.27593544119579,5.27593544119579,5.27593544119579,5.27593544119579,5.27593544119579,5.27593544119579,5.27593544119579,5.27593544119579,5.27593544119579,5.27593544119579,5.27593544119579,5.27593544119579,5.27593544119579,5.27593544119579,5.27593544119579,5.27593544119579,5.27593544119579,5.27593544119579,5.27593544119579,5.27593544119579,5.27593544119579,5.27593544119579,5.27593544119579,5.27593544119579,5.27593544119579,5.27593544119579,5.27593544119579,5.27593544119579,5.27593544119579,5.27593544119579,5.27593544119579,5.27593544119579,5.27593544119579,5.27593544119579,5.27593544119579,5.27593544119579,5.27593544119579,5.27593544119579,5.27593544119579,5.27593544119579,5.27593544119579,5.27593544119579,5.27593544119579,5.264642816988516,5.264642816988516,5.264642816988516,5.264642816988516,5.264642816988516,5.264642816988516,5.264642816988516,5.264642816988516,5.264642816988516,5.264642816988516,5.264642816988516,5.264642816988516,5.264642816988516,5.264642816988516,5.264642816988516,5.264642816988516,5.264642816988516,5.175466867869498,5.175466867869498,5.175466867869498,5.175466867869498,5.175466867869498,5.175466867869498,5.175466867869498,5.175466867869498,5.175466867869498,5.175466867869498,5.175466867869498,5.175466867869498,5.175466867869498,5.175466867869498,5.175466867869498,5.175466867869498,5.175466867869498,5.175466867869498,5.175466867869498,5.175466867869498,5.175466867869498,5.175466867869498,5.175466867869498,5.175466867869498,5.175466867869498,5.175466867869498,5.175466867869498,5.175466867869498,5.175466867869498,5.175466867869498,5.175466867869498,5.175466867869498,5.175466867869498,5.175466867869498,5.175466867869498,5.175466867869498,5.175466867869498,5.175466867869498,5.175466867869498,5.175466867869498,5.175466867869498,5.175466867869498,5.175466867869498,5.175466867869498,5.175466867869498,5.175466867869498,5.175466867869498,5.175466867869498,5.175466867869498,5.175466867869498,5.175466867869498,5.175466867869498,5.175466867869498,5.175466867869498,5.175466867869498,5.175466867869498,5.175466867869498,5.175466867869498,5.175466867869498,5.175466867869498,5.175466867869498,5.175466867869498,5.175466867869498,5.175466867869498,5.175466867869498,5.175466867869498,5.175466867869498,5.175466867869498,5.175466867869498,5.175466867869498,5.175466867869498,5.175466867869498,5.175466867869498,5.175466867869498,5.175466867869498,5.175466867869498,5.175466867869498,5.175466867869498,5.175466867869498,5.175466867869498,5.175466867869498,5.175466867869498,5.175466867869498,5.175466867869498,5.175466867869498,5.175466867869498,5.175466867869498,5.175466867869498,5.175466867869498,5.175466867869498,5.175466867869498,5.175466867869498,5.175466867869498,5.175466867869498,5.175466867869498,5.175466867869498,5.175466867869498,5.175466867869498,5.175466867869498,5.175466867869498,5.175466867869498,5.175466867869498,5.175466867869498,5.175466867869498,5.175466867869498,5.175466867869498,5.175466867869498,5.175466867869498,5.175466867869498,5.175466867869498,5.175466867869498,5.175466867869498,5.175466867869498,5.175466867869498,5.175466867869498,5.175466867869498,5.175466867869498,5.175466867869498,5.175466867869498,5.175466867869498,5.175466867869498,5.175466867869498,5.175466867869498,5.175466867869498,5.175466867869498,5.175466867869498,5.175466867869498,5.175466867869498,5.175466867869498,5.175466867869498,5.175466867869498,5.175466867869498,5.175466867869498,5.175466867869498,5.175466867869498,5.175466867869498,5.175466867869498,5.175466867869498,5.175466867869498,5.175466867869498,5.175466867869498,5.175466867869498,5.175466867869498,5.175466867869498,5.175466867869498,5.175466867869498,5.175466867869498,5.175466867869498,5.175466867869498,5.175466867869498,5.175466867869498,5.175466867869498,5.175466867869498,5.175466867869498,5.175466867869498,5.175466867869498,5.175466867869498,5.175466867869498,5.175466867869498,5.175466867869498,5.175466867869498,5.175466867869498,5.175466867869498,5.175466867869498,5.175466867869498,5.175466867869498,5.175466867869498,5.175466867869498,5.175466867869498,5.175466867869498,5.175466867869498,5.175466867869498,5.175466867869498,5.175466867869498,5.175466867869498,5.175466867869498,5.175466867869498,5.175466867869498,5.175466867869498,5.175466867869498,5.175466867869498,5.175466867869498,5.175466867869498,5.175466867869498,5.175466867869498,5.175466867869498,5.175466867869498,5.175466867869498,5.175466867869498,5.175466867869498,5.175466867869498,5.175466867869498,5.175466867869498,5.175466867869498,5.175466867869498,5.175466867869498,5.175466867869498,5.175466867869498,5.175466867869498,5.175466867869498,5.175466867869498,5.175466867869498,5.175466867869498,5.175466867869498,5.175466867869498,5.175466867869498,5.175466867869498,5.175466867869498,5.175466867869498,5.175466867869498,5.175466867869498,5.175466867869498,5.175466867869498,5.175466867869498,5.175466867869498,5.175466867869498,5.175466867869498,5.175466867869498,5.175466867869498,5.175466867869498,5.175466867869498,5.175466867869498,5.175466867869498,5.175466867869498,5.175466867869498,5.175466867869498,5.175466867869498,5.175466867869498,5.175466867869498,5.175466867869498,5.175466867869498,5.175466867869498,5.175466867869498,5.175466867869498,5.175466867869498,5.175466867869498,5.175466867869498,5.175466867869498,5.175466867869498,5.175466867869498,5.175466867869498,5.175466867869498,5.175466867869498,5.175466867869498,5.175466867869498,5.175466867869498,5.175466867869498,5.175466867869498,5.175466867869498,5.175466867869498,5.175466867869498,5.175466867869498,5.175466867869498,5.175466867869498,5.175466867869498,5.175466867869498,8.294701936689199,8.160439362806782,8.160439362806782,8.160439362806782,7.535630962327691,7.535630962327691,7.535630962327691,7.535630962327691,7.535630962327691,7.535630962327691,7.224258997230544,7.224258997230544,7.224258997230544,7.224258997230544,7.224258997230544,7.224258997230544,7.224258997230544,7.224258997230544,7.224258997230544,7.224258997230544,7.224258997230544,7.224258997230544,7.224258997230544,7.224258997230544,7.224258997230544,7.224258997230544,7.224258997230544,7.214057735184283,6.870063261206674,6.870063261206674,6.870063261206674,6.870063261206674,6.870063261206674,6.870063261206674,6.865509775942515,6.865509775942515,6.865509775942515,6.865509775942515,6.865509775942515,6.865509775942515,6.865509775942515,6.865509775942515,6.823733069913463,6.823733069913463,6.823733069913463,6.823733069913463,6.823733069913463,6.823733069913463,6.823733069913463,6.823733069913463,6.823733069913463,6.823733069913463,6.823733069913463,6.823733069913463,6.823733069913463,6.823733069913463,6.823733069913463,6.74510686080167,6.74510686080167,6.74510686080167,6.590221029666925,6.590221029666925,6.590221029666925,6.590221029666925,6.590221029666925,6.590221029666925,6.590221029666925,6.590221029666925,6.590221029666925,6.590221029666925,6.590221029666925,6.590221029666925,6.590221029666925,6.590221029666925,6.590221029666925,6.590221029666925,6.590221029666925,6.590221029666925,6.590221029666925,6.590221029666925,6.590221029666925,6.590221029666925,6.590221029666925,6.590221029666925,6.590221029666925,6.590221029666925,6.590221029666925,6.590221029666925,6.590221029666925,6.590221029666925,6.590221029666925,6.590221029666925,6.590221029666925,6.590221029666925,6.590221029666925,6.590221029666925,6.590221029666925,6.590221029666925,6.590221029666925,6.590221029666925,6.590221029666925,6.590221029666925,6.590221029666925,6.494113916076773,6.494113916076773,6.494113916076773,6.494113916076773,6.494113916076773,6.494113916076773,6.494113916076773,6.494113916076773,6.494113916076773,6.494113916076773,6.494113916076773,6.494113916076773,6.494113916076773,6.494113916076773,6.494113916076773,6.494113916076773,6.494113916076773,5.623577353783672,5.623577353783672,5.462641073917262,5.462641073917262,5.3407095626154035,5.3407095626154035,5.3407095626154035,5.339849119178568,5.339849119178568,5.339849119178568,5.293093445056789,5.293093445056789,5.293093445056789,5.222575514760364,4.905427909807038,4.905427909807038,4.905427909807038,4.905427909807038,4.905427909807038,4.905427909807038,4.905427909807038,4.905427909807038,4.905427909807038,4.905427909807038,4.905427909807038,4.905427909807038,4.905427909807038,4.905427909807038,4.905427909807038,4.905427909807038,4.905427909807038,4.905427909807038,4.905427909807038,4.905427909807038,4.905427909807038,4.905427909807038,4.890854995581002,4.890854995581002,4.890854995581002,4.7954933248839176,4.7954933248839176,4.7035950058623754,4.7035950058623754,4.7035950058623754,4.7035950058623754,4.7035950058623754,4.7035950058623754,4.7035950058623754,4.7035950058623754,4.7035950058623754,4.7035950058623754,4.7035950058623754,4.7035950058623754,4.7035950058623754,4.7035950058623754,4.7035950058623754,4.7035950058623754,4.667396919882448,4.515842013717862,4.515842013717862,4.515842013717862,4.515842013717862,4.515842013717862,4.515842013717862,4.515842013717862,4.515842013717862,4.515842013717862,4.515842013717862,4.515842013717862,4.515842013717862,4.515842013717862,4.515842013717862,4.515842013717862,4.515842013717862,4.515842013717862,4.515842013717862,4.515842013717862,4.515842013717862,4.515842013717862,4.515842013717862,4.515842013717862,4.515842013717862,4.515842013717862,4.515842013717862,4.515842013717862,4.515842013717862,4.515842013717862,4.515842013717862,4.515842013717862,4.515842013717862,4.515842013717862,4.515842013717862,4.515842013717862,4.515842013717862,4.515842013717862,4.515842013717862,4.515842013717862,4.515842013717862,4.515842013717862,4.515842013717862,4.515842013717862,4.515842013717862,4.515842013717862,4.515842013717862,4.515842013717862,4.515842013717862,4.515842013717862,4.515842013717862,4.515842013717862,4.515842013717862,4.515842013717862,4.515842013717862,4.515842013717862,4.515842013717862,4.515842013717862,4.515842013717862,4.515842013717862,4.515842013717862,4.515842013717862,4.515842013717862,4.515842013717862,4.515842013717862,4.515842013717862,4.515842013717862,4.515842013717862,4.515842013717862,4.515842013717862,4.515842013717862,4.515842013717862,4.515842013717862,4.515842013717862,4.515842013717862,4.515842013717862,4.515842013717862,4.515842013717862,4.515842013717862,4.515842013717862,4.515842013717862,4.515842013717862,4.515842013717862,4.515842013717862,4.515842013717862,4.515842013717862,4.515842013717862,4.515842013717862,4.515842013717862,4.515842013717862,4.515842013717862,4.515842013717862,4.515842013717862,4.515842013717862,4.515842013717862,4.515842013717862,4.515842013717862,4.515842013717862,4.515842013717862,4.515842013717862,4.515842013717862,4.515842013717862,4.515842013717862,4.515842013717862,4.515842013717862,4.515842013717862,4.515842013717862,4.515842013717862,4.515842013717862,4.515842013717862,4.515842013717862,4.515842013717862,4.515842013717862,4.515842013717862,4.515842013717862,4.515842013717862,4.515842013717862,4.515842013717862,4.515842013717862,4.515842013717862,4.515842013717862,4.515842013717862,4.515842013717862,4.515842013717862,4.515842013717862,4.515842013717862,4.515842013717862,4.515842013717862,4.515842013717862,4.515842013717862,4.515842013717862,4.515842013717862,4.515842013717862,4.515842013717862,4.515842013717862,4.515842013717862,4.515842013717862,4.515842013717862,4.515842013717862,4.515842013717862,4.515842013717862,4.515842013717862,4.515842013717862,4.515842013717862,4.515842013717862,4.515842013717862,4.515842013717862,4.515842013717862,4.515842013717862,4.515842013717862,4.515842013717862,4.515842013717862,4.515842013717862,4.515842013717862,4.515842013717862,4.515842013717862,4.515842013717862,4.515842013717862,4.515842013717862,4.515842013717862,4.515842013717862,4.515842013717862,4.515842013717862,4.515842013717862,4.515842013717862,4.515842013717862,4.515842013717862,4.515842013717862,4.515842013717862,4.515842013717862,4.515842013717862,4.515842013717862,4.515842013717862,4.515842013717862,4.515842013717862,4.515842013717862,4.515842013717862,4.515842013717862,4.515842013717862,4.515842013717862,4.515842013717862,4.515842013717862,4.515842013717862,4.515842013717862,4.515842013717862,4.515842013717862,4.515842013717862,4.515842013717862,4.515842013717862,4.515842013717862,4.515842013717862,4.515842013717862,4.515842013717862,4.515842013717862,4.515842013717862,4.515842013717862,4.515842013717862,4.515842013717862,4.515842013717862,4.515842013717862,4.515842013717862,4.515842013717862,4.515842013717862,4.515842013717862,4.515842013717862,4.515842013717862,4.515842013717862,4.515842013717862,4.515842013717862,4.515842013717862,4.515842013717862,4.515842013717862,4.515842013717862,4.515842013717862,4.515842013717862,4.350208464132092,4.350208464132092,4.350208464132092,4.350208464132092,4.350208464132092,4.350208464132092,4.350208464132092,4.350208464132092,4.350208464132092,4.350208464132092,4.350208464132092,4.350208464132092,4.350208464132092,4.350208464132092,4.350208464132092,4.350208464132092,4.350208464132092,4.350208464132092,4.350208464132092,4.350208464132092,4.350208464132092,4.350208464132092,4.350208464132092,4.350208464132092,4.350208464132092,4.350208464132092,4.350208464132092,4.350208464132092,4.350208464132092,4.350208464132092,4.350208464132092,4.350208464132092,4.350208464132092,4.350208464132092,4.350208464132092,4.350208464132092,4.350208464132092,4.350208464132092,4.350208464132092,4.350208464132092,4.350208464132092,4.350208464132092,4.350208464132092,4.350208464132092,4.350208464132092,4.350208464132092,4.350208464132092,4.350208464132092,4.350208464132092,4.350208464132092,4.350208464132092,4.350208464132092,4.350208464132092,4.350208464132092,4.350208464132092,4.350208464132092,4.350208464132092,4.350208464132092,4.350208464132092,4.350208464132092,4.350208464132092,4.350208464132092,4.350208464132092,4.350208464132092,4.350208464132092,4.350208464132092,4.350208464132092,4.350208464132092,4.350208464132092,4.350208464132092,4.350208464132092,4.350208464132092,4.350208464132092,4.350208464132092,4.350208464132092,4.350208464132092,4.350208464132092,4.350208464132092,4.350208464132092,4.350208464132092,4.350208464132092,4.350208464132092,4.350208464132092,4.350208464132092,4.350208464132092,4.350208464132092,4.350208464132092,4.350208464132092,4.350208464132092,4.350208464132092,4.350208464132092,4.350208464132092,4.350208464132092,4.350208464132092,4.350208464132092,4.350208464132092,4.350208464132092,4.350208464132092,4.350208464132092,4.350208464132092,4.350208464132092,4.350208464132092,4.350208464132092,4.350208464132092,4.350208464132092,4.350208464132092,4.350208464132092,4.350208464132092,4.350208464132092,4.350208464132092,4.350208464132092,4.350208464132092,4.350208464132092,4.350208464132092,4.350208464132092,4.350208464132092,4.350208464132092,4.350208464132092,4.350208464132092,4.350208464132092,4.350208464132092,4.350208464132092,4.350208464132092,4.350208464132092,4.350208464132092,4.350208464132092,4.350208464132092,4.350208464132092,4.350208464132092,4.350208464132092,4.350208464132092,4.350208464132092,4.350208464132092,4.350208464132092,4.350208464132092,4.350208464132092,4.350208464132092,4.350208464132092,4.350208464132092,4.350208464132092,4.350208464132092,4.350208464132092,4.350208464132092,4.350208464132092,4.350208464132092,4.350208464132092,4.350208464132092,4.350208464132092,4.350208464132092,4.350208464132092,4.350208464132092,4.350208464132092,4.350208464132092,4.350208464132092,4.350208464132092,4.350208464132092,4.350208464132092,4.350208464132092,4.350208464132092,4.350208464132092,4.350208464132092,4.350208464132092,4.350208464132092,4.350208464132092,4.350208464132092,4.350208464132092,4.350208464132092,4.350208464132092,4.350208464132092,4.350208464132092,4.350208464132092,4.350208464132092,4.350208464132092,4.350208464132092,4.350208464132092,4.350208464132092,4.350208464132092,4.350208464132092,4.350208464132092,4.350208464132092,4.350208464132092,4.350208464132092,4.350208464132092,4.350208464132092,4.350208464132092,4.350208464132092,4.350208464132092,4.350208464132092,4.350208464132092,4.350208464132092,4.350208464132092,4.350208464132092,4.350208464132092,4.350208464132092,4.350208464132092,4.350208464132092,4.350208464132092,4.350208464132092,4.350208464132092,4.350208464132092,4.350208464132092,4.350208464132092,4.350208464132092,4.350208464132092,4.350208464132092,4.350208464132092,4.350208464132092,4.350208464132092,4.350208464132092,4.350208464132092,4.350208464132092,4.350208464132092,4.350208464132092,4.350208464132092,4.350208464132092,4.350208464132092,4.350208464132092,4.350208464132092,4.350208464132092,4.350208464132092,4.350208464132092,4.350208464132092,4.350208464132092,4.350208464132092,4.350208464132092,4.350208464132092,4.350208464132092,4.350208464132092,4.350208464132092,4.350208464132092,4.350208464132092,4.350208464132092,4.350208464132092,4.350208464132092,4.350208464132092,4.350208464132092,4.350208464132092,4.350208464132092,4.350208464132092,4.350208464132092,4.350208464132092,4.350208464132092,4.350208464132092,4.350208464132092,4.350208464132092,4.350208464132092,4.350208464132092,4.350208464132092,4.350208464132092,4.350208464132092,4.350208464132092,4.350208464132092,4.350208464132092,4.350208464132092,4.350208464132092,4.350208464132092,4.350208464132092,4.350208464132092,4.350208464132092,4.350208464132092,4.350208464132092,4.350208464132092,4.350208464132092,4.350208464132092,4.350208464132092,4.350208464132092,4.350208464132092,4.350208464132092,4.350208464132092,4.350208464132092,4.350208464132092,4.350208464132092,4.350208464132092,4.350208464132092,4.350208464132092,4.350208464132092,4.350208464132092,4.350208464132092,4.350208464132092,4.350208464132092,4.350208464132092,4.350208464132092,4.350208464132092,4.350208464132092,4.350208464132092,4.350208464132092,4.350208464132092,4.350208464132092,4.350208464132092,4.350208464132092,4.350208464132092,4.350208464132092,4.350208464132092,4.350208464132092,4.350208464132092,4.350208464132092,4.350208464132092,4.350208464132092,4.350208464132092,4.350208464132092,4.350208464132092,4.350208464132092,4.350208464132092,4.350208464132092,4.350208464132092,4.350208464132092,4.350208464132092,4.350208464132092,4.350208464132092,4.350208464132092,4.350208464132092,4.350208464132092,4.350208464132092,4.350208464132092,4.350208464132092,4.350208464132092,4.350208464132092,4.350208464132092,4.350208464132092,4.350208464132092,4.350208464132092,4.350208464132092,4.350208464132092,4.350208464132092,4.350208464132092,4.350208464132092,4.350208464132092,4.350208464132092,4.350208464132092,4.350208464132092,4.350208464132092,4.350208464132092,4.350208464132092,4.350208464132092,4.350208464132092,4.350208464132092,4.350208464132092,4.350208464132092,4.350208464132092,4.350208464132092,4.350208464132092,4.350208464132092,4.350208464132092,4.350208464132092,4.350208464132092,4.350208464132092,4.350208464132092,4.350208464132092,4.350208464132092,4.350208464132092,4.350208464132092,4.350208464132092,4.350208464132092,4.350208464132092,4.350208464132092,4.350208464132092,4.350208464132092,4.350208464132092,4.350208464132092,4.350208464132092,4.350208464132092,4.350208464132092,4.350208464132092,4.350208464132092,4.350208464132092,4.350208464132092,4.350208464132092,4.350208464132092,4.350208464132092,4.350208464132092,4.350208464132092,4.350208464132092,4.350208464132092,4.350208464132092,4.350208464132092,4.350208464132092,4.350208464132092,4.350208464132092,4.350208464132092,4.350208464132092,4.350208464132092,4.350208464132092,4.350208464132092,4.350208464132092,4.350208464132092,4.350208464132092,4.350208464132092,4.350208464132092,4.350208464132092,4.350208464132092,4.350208464132092,4.350208464132092,4.350208464132092,4.350208464132092,4.350208464132092,4.350208464132092,4.350208464132092,4.350208464132092,4.350208464132092,4.350208464132092,4.350208464132092,4.350208464132092,4.350208464132092,4.350208464132092,4.350208464132092,4.350208464132092,4.350208464132092,4.350208464132092,4.350208464132092,4.350208464132092,4.350208464132092,4.350208464132092,4.350208464132092,4.350208464132092,4.350208464132092,4.350208464132092,4.350208464132092,4.350208464132092,4.350208464132092,4.350208464132092,4.350208464132092,4.350208464132092,4.350208464132092,4.350208464132092,4.350208464132092,4.350208464132092,4.350208464132092,4.350208464132092,4.350208464132092,4.350208464132092,4.350208464132092,4.350208464132092,4.350208464132092,4.350208464132092,4.350208464132092,4.350208464132092,4.350208464132092,4.350208464132092,4.350208464132092,4.350208464132092,4.350208464132092,4.350208464132092,4.350208464132092,4.350208464132092,4.350208464132092,4.350208464132092,4.350208464132092,4.350208464132092,4.350208464132092,4.350208464132092,4.350208464132092,4.350208464132092,4.350208464132092,4.350208464132092,4.350208464132092,4.350208464132092,4.350208464132092,4.350208464132092,4.350208464132092,4.350208464132092,4.350208464132092,4.350208464132092,4.350208464132092,4.350208464132092,4.350208464132092,4.350208464132092,4.350208464132092,4.350208464132092,4.350208464132092,4.350208464132092,4.350208464132092,4.350208464132092,4.350208464132092,4.350208464132092,4.350208464132092,4.350208464132092,4.350208464132092,4.350208464132092,4.350208464132092,4.350208464132092,4.350208464132092,4.350208464132092,4.350208464132092,4.350208464132092,4.350208464132092,4.350208464132092,4.350208464132092,4.350208464132092,4.350208464132092,4.350208464132092,4.350208464132092,4.350208464132092,4.350208464132092,4.350208464132092,4.350208464132092,4.350208464132092,4.350208464132092,4.350208464132092,4.350208464132092,4.350208464132092,4.350208464132092,4.350208464132092,4.350208464132092,4.350208464132092,4.350208464132092,4.350208464132092,4.350208464132092,4.350208464132092,4.350208464132092,4.350208464132092,4.350208464132092,4.350208464132092,4.350208464132092,4.350208464132092,4.350208464132092,4.350208464132092,4.350208464132092,4.350208464132092,4.350208464132092,4.350208464132092,4.350208464132092,4.350208464132092,4.350208464132092,4.350208464132092,4.350208464132092,4.350208464132092,4.350208464132092,4.350208464132092,4.350208464132092,4.350208464132092,4.350208464132092,4.350208464132092,4.350208464132092,4.350208464132092,4.350208464132092,4.350208464132092,4.350208464132092,4.350208464132092,4.350208464132092,4.350208464132092,4.350208464132092,4.350208464132092,4.350208464132092,4.350208464132092,4.350208464132092,4.350208464132092,4.350208464132092,4.350208464132092,4.350208464132092,4.350208464132092,4.350208464132092,4.350208464132092,4.350208464132092,4.350208464132092,4.350208464132092,4.350208464132092,4.350208464132092,4.350208464132092,4.350208464132092,4.350208464132092,4.350208464132092,4.350208464132092,4.350208464132092,4.350208464132092,4.350208464132092,4.350208464132092,4.350208464132092,4.350208464132092,4.350208464132092,4.350208464132092,4.350208464132092,4.350208464132092,4.350208464132092,4.350208464132092,4.350208464132092,4.350208464132092,4.350208464132092,4.350208464132092,4.350208464132092,4.350208464132092,4.350208464132092,4.350208464132092,4.350208464132092,4.350208464132092,4.350208464132092,4.350208464132092,4.350208464132092,4.350208464132092,4.350208464132092,4.350208464132092,4.350208464132092,4.350208464132092,4.350208464132092,4.350208464132092,4.350208464132092,4.350208464132092,4.350208464132092,4.350208464132092,4.350208464132092,4.350208464132092,4.350208464132092,4.350208464132092,4.350208464132092,4.350208464132092,4.350208464132092,4.350208464132092,4.350208464132092,4.350208464132092,6.77181771892158,6.77181771892158,6.56673942716599,6.56673942716599,6.56673942716599,6.348288934662072,6.348288934662072,6.348288934662072,6.228552851050536,6.228552851050536,6.228552851050536,6.228552851050536,6.228552851050536,6.228552851050536,6.228552851050536,6.228552851050536,6.201280932382085,6.201280932382085,6.201280932382085,6.201280932382085,6.201280932382085,6.201280932382085,6.201280932382085,6.201280932382085,6.201280932382085,6.201280932382085,6.201280932382085,6.201280932382085,6.201280932382085,6.201280932382085,6.201280932382085,6.201280932382085,6.201280932382085,6.201280932382085,6.201280932382085,6.201280932382085,6.201280932382085,6.201280932382085,6.201280932382085,6.201280932382085,6.201280932382085,6.1196201111639486,6.1196201111639486,6.1196201111639486,6.1196201111639486,5.980788039027221,5.980788039027221,5.980788039027221,5.980788039027221,5.980788039027221,5.980788039027221,5.980788039027221,5.980788039027221,5.980788039027221,5.980788039027221,5.980788039027221,5.980788039027221,5.980788039027221,5.980788039027221,5.980788039027221,5.980788039027221,5.980788039027221,5.980788039027221,5.980788039027221,5.980788039027221,5.980788039027221,5.980788039027221,5.980788039027221,5.980788039027221,5.403247555075223,5.403247555075223,5.403247555075223,5.403247555075223,5.403247555075223,5.403247555075223,5.403247555075223,5.403247555075223,5.403247555075223,5.403247555075223,5.403247555075223,5.403247555075223,5.403247555075223,5.403247555075223,5.403247555075223,5.403247555075223,5.403247555075223,5.403247555075223,5.403247555075223,5.403247555075223,5.403247555075223,5.403247555075223,5.403247555075223,5.403247555075223,5.403247555075223,5.403247555075223,5.403247555075223,5.403247555075223,5.403247555075223,5.403247555075223,5.403247555075223,5.403247555075223,5.403247555075223,5.403247555075223,5.403247555075223,5.403247555075223,5.403247555075223,5.403247555075223,5.403247555075223,5.403247555075223,5.403247555075223,5.403247555075223,5.403247555075223,5.403247555075223,5.403247555075223,5.403247555075223,5.403247555075223,5.403247555075223,5.403247555075223,5.403247555075223,5.403247555075223,5.403247555075223,5.403247555075223,5.403247555075223,5.403247555075223,5.403247555075223,5.403247555075223,5.403247555075223,5.403247555075223,5.403247555075223,5.403247555075223,5.403247555075223,5.403247555075223,5.403247555075223,5.403247555075223,5.403247555075223,5.403247555075223,5.403247555075223,5.403247555075223,5.403247555075223,5.403247555075223,5.403247555075223,5.403247555075223,5.403247555075223,5.403247555075223,5.403247555075223,5.403247555075223,5.403247555075223,5.403247555075223,5.403247555075223,5.403247555075223,5.403247555075223,5.403247555075223,5.403247555075223,5.403247555075223,5.403247555075223,5.403247555075223,5.403247555075223,5.403247555075223,5.403247555075223,5.403247555075223,5.403247555075223,5.403247555075223,5.403247555075223,5.403247555075223,5.403247555075223,5.403247555075223,5.403247555075223,5.403247555075223,5.403247555075223,5.403247555075223,5.403247555075223,5.403247555075223,5.403247555075223,5.403247555075223,5.403247555075223,5.403247555075223,5.403247555075223,5.403247555075223,5.403247555075223,5.403247555075223,5.403247555075223,5.403247555075223,5.403247555075223,5.403247555075223,5.403247555075223,5.403247555075223,5.403247555075223,5.403247555075223,5.403247555075223,5.403247555075223,5.403247555075223,5.403247555075223,5.403247555075223,5.403247555075223,5.403247555075223,5.403247555075223,5.403247555075223,5.403247555075223,5.403247555075223,5.403247555075223,5.403247555075223,5.403247555075223,5.403247555075223,5.403247555075223,5.227345791099116,5.227345791099116,5.227345791099116,5.227345791099116,5.212882604912612,5.212882604912612,5.212882604912612,5.212882604912612,5.212882604912612,5.212882604912612,5.212882604912612,5.212882604912612,5.212882604912612,5.212882604912612,5.212882604912612,5.212882604912612,5.212882604912612,5.212882604912612,5.212882604912612,5.212882604912612,5.212882604912612,5.212882604912612,5.212882604912612,5.212882604912612,5.212882604912612,5.212882604912612,5.212882604912612,5.212882604912612,5.212882604912612,5.212882604912612,5.212882604912612,5.201657841028369,5.160922815454054,5.160922815454054,5.160922815454054,5.160922815454054,5.160922815454054,5.160922815454054,5.160922815454054,5.160922815454054,5.160922815454054,5.160922815454054,5.160922815454054,5.160922815454054,5.160922815454054,5.160922815454054,5.160922815454054,5.160922815454054,5.160922815454054,5.160922815454054,5.160922815454054,5.160922815454054,5.160922815454054,5.160922815454054,5.160922815454054,5.160922815454054,5.160922815454054,5.160922815454054,5.160922815454054,5.160922815454054,5.160922815454054,5.160922815454054,5.160922815454054,5.160922815454054,5.160922815454054,5.160922815454054,5.160922815454054,5.160922815454054,5.160922815454054,5.160922815454054,5.160922815454054,5.160922815454054,5.160922815454054,5.160922815454054,5.160922815454054,5.160922815454054,5.160922815454054,5.160922815454054,5.160922815454054,5.160922815454054,5.160922815454054,5.160922815454054,5.160922815454054,5.160922815454054,5.160922815454054,5.160922815454054,5.160922815454054,5.160922815454054,5.160922815454054,5.160922815454054,5.160922815454054,5.160922815454054,5.160922815454054,5.160922815454054,5.160922815454054,5.160922815454054,5.160922815454054,5.160922815454054,5.160922815454054,5.160922815454054,5.160922815454054,5.160922815454054,5.160922815454054,5.160922815454054,5.160922815454054,5.160922815454054,5.160922815454054,2.56990722146451,2.56990722146451,2.56990722146451,2.56990722146451,2.56990722146451,2.56990722146451,2.56990722146451,2.56990722146451,2.56990722146451,2.56990722146451,2.56990722146451,2.56990722146451,2.56990722146451,2.56990722146451,2.56990722146451,2.56990722146451,2.56990722146451,2.56990722146451,2.56990722146451,2.56990722146451,2.56990722146451,2.56990722146451,2.56990722146451,2.56990722146451,2.56990722146451,2.56990722146451,2.56990722146451,2.56990722146451,2.56990722146451,2.56990722146451,2.56990722146451,2.56990722146451,2.56990722146451,2.56990722146451,2.56990722146451,2.56990722146451,2.56990722146451,2.56990722146451,2.56990722146451,2.56990722146451,2.56990722146451,2.56990722146451,2.56990722146451,2.56990722146451,2.56990722146451,2.56990722146451,2.56990722146451,2.56990722146451,2.56990722146451,2.56990722146451,2.56990722146451,2.56990722146451,2.56990722146451,2.56990722146451,2.56990722146451,2.56990722146451,2.56990722146451,2.56990722146451,2.56990722146451,2.56990722146451,2.56990722146451,2.56990722146451,2.56990722146451,2.56990722146451,2.56990722146451,2.56990722146451,2.56990722146451,2.56990722146451,2.56990722146451,2.56990722146451,2.56990722146451,2.56990722146451,2.56990722146451,2.56990722146451,2.56990722146451,2.56990722146451,2.56990722146451,2.56990722146451,2.56990722146451,2.56990722146451,2.56990722146451,2.56990722146451,2.56990722146451,2.56990722146451,2.56990722146451,2.56990722146451,2.56990722146451,2.56990722146451,2.56990722146451,2.56990722146451,2.56990722146451,2.56990722146451,2.56990722146451,2.56990722146451,2.56990722146451,2.56990722146451,2.56990722146451,2.56990722146451,2.56990722146451,2.56990722146451,2.56990722146451,2.56990722146451,2.56990722146451,2.56990722146451,2.56990722146451,2.56990722146451,2.56990722146451,2.56990722146451,2.56990722146451,2.56990722146451,2.56990722146451,2.56990722146451,2.56990722146451,2.56990722146451,2.56990722146451,2.56990722146451,2.56990722146451,2.56990722146451,2.56990722146451,2.56990722146451,2.56990722146451,2.56990722146451,2.56990722146451,2.56990722146451,2.56990722146451,2.56990722146451,2.56990722146451,2.56990722146451,2.56990722146451,2.56990722146451,2.56990722146451,2.56990722146451,2.56990722146451,2.56990722146451,2.56990722146451,2.56990722146451,2.56990722146451,2.56990722146451,2.56990722146451,2.56990722146451,2.56990722146451,2.56990722146451,2.56990722146451,2.56990722146451,2.56990722146451,2.56990722146451,2.56990722146451,2.56990722146451,2.56990722146451,2.56990722146451,2.56990722146451,2.56990722146451,2.56990722146451,2.56990722146451,2.56990722146451,2.56990722146451,2.56990722146451,2.56990722146451,2.56990722146451,2.56990722146451,2.56990722146451,2.56990722146451,2.56990722146451,2.56990722146451,2.56990722146451,2.56990722146451,2.56990722146451,2.56990722146451,2.56990722146451,2.56990722146451,2.56990722146451,2.56990722146451,2.56990722146451,2.56990722146451,2.56990722146451,2.56990722146451,2.56990722146451,2.56990722146451,2.56990722146451,2.56990722146451,2.56990722146451,2.56990722146451,2.56990722146451,2.56990722146451,2.56990722146451,2.56990722146451,2.56990722146451,2.56990722146451,2.56990722146451,2.56990722146451,2.56990722146451,2.56990722146451,2.56990722146451,2.56990722146451,2.56990722146451,2.56990722146451,2.56990722146451,2.56990722146451,2.56990722146451,2.56990722146451,2.56990722146451,2.56990722146451,2.56990722146451,2.56990722146451,2.56990722146451,2.56990722146451,2.56990722146451,2.56990722146451,2.56990722146451,2.56990722146451,2.56990722146451,2.56990722146451,2.56990722146451,2.56990722146451,2.56990722146451,2.56990722146451,2.56990722146451,2.56990722146451,2.56990722146451,2.56990722146451,2.56990722146451,2.56990722146451,2.56990722146451,2.56990722146451,2.56990722146451,2.56990722146451,2.56990722146451,2.56990722146451,2.56990722146451,2.56990722146451,2.56990722146451,2.56990722146451,2.56990722146451,2.56990722146451,2.56990722146451,2.56990722146451,2.56990722146451,2.56990722146451,2.56990722146451,2.56990722146451,2.56990722146451,2.56990722146451,2.56990722146451,2.56990722146451,2.56990722146451,2.56990722146451,2.56990722146451,2.56990722146451,2.56990722146451,2.56990722146451,2.56990722146451,2.56990722146451,2.56990722146451,2.56990722146451,2.56990722146451,2.56990722146451,2.56990722146451,2.56990722146451,2.56990722146451,2.56990722146451,2.56990722146451,2.56990722146451,2.56990722146451,2.56990722146451,2.56990722146451,2.56990722146451,2.56990722146451,2.56990722146451,2.56990722146451,2.56990722146451,2.56990722146451,2.56990722146451,2.56990722146451,2.56990722146451,2.56990722146451,2.56990722146451,2.56990722146451,2.56990722146451,2.56990722146451,2.56990722146451,2.56990722146451,2.56990722146451,2.56990722146451,2.56990722146451,2.56990722146451,2.56990722146451,2.56990722146451,2.56990722146451,2.56990722146451,2.56990722146451,2.56990722146451,2.56990722146451,2.56990722146451,2.56990722146451,2.56990722146451,2.56990722146451,2.56990722146451,2.56990722146451,2.56990722146451,2.56990722146451,2.56990722146451,2.56990722146451,2.56990722146451,2.56990722146451,2.56990722146451,2.56990722146451,2.56990722146451,2.56990722146451,2.56990722146451,2.56990722146451,2.56990722146451,2.56990722146451,2.56990722146451,2.56990722146451,2.56990722146451,2.56990722146451,2.56990722146451,2.56990722146451,2.56990722146451,2.56990722146451,2.56990722146451,2.56990722146451,2.56990722146451,2.56990722146451,2.56990722146451,2.56990722146451,2.56990722146451,2.56990722146451,2.56990722146451,2.56990722146451,2.56990722146451,2.56990722146451,2.56990722146451,2.56990722146451,2.56990722146451,2.56990722146451,2.56990722146451,2.56990722146451,2.56990722146451,2.56990722146451,2.56990722146451,2.56990722146451,2.56990722146451,2.56990722146451,2.56990722146451,2.56990722146451,2.56990722146451,2.56990722146451,2.56990722146451,2.56990722146451,2.56990722146451,2.56990722146451,2.56990722146451,2.56990722146451,2.56990722146451,2.56990722146451,2.56990722146451,2.56990722146451,2.56990722146451,2.56990722146451,2.56990722146451,2.56990722146451,2.56990722146451,2.56990722146451,2.56990722146451,2.56990722146451,2.56990722146451,2.56990722146451,2.56990722146451,2.56990722146451,2.56990722146451,2.56990722146451,2.56990722146451,2.56990722146451,2.56990722146451,2.56990722146451,2.56990722146451,2.56990722146451,2.56990722146451,2.56990722146451,2.56990722146451,2.56990722146451,2.56990722146451,2.56990722146451,2.56990722146451,2.56990722146451,2.56990722146451,2.56990722146451,2.56990722146451,2.56990722146451,2.56990722146451,2.56990722146451,2.56990722146451,2.56990722146451,2.56990722146451,2.56990722146451,2.56990722146451,2.56990722146451,2.56990722146451,2.56990722146451,2.56990722146451,2.56990722146451,2.56990722146451,2.56990722146451,2.56990722146451,2.56990722146451,2.56990722146451,2.56990722146451,2.56990722146451,2.56990722146451,2.56990722146451,2.56990722146451,2.56990722146451,2.56990722146451,2.56990722146451,2.56990722146451,2.56990722146451,2.56990722146451,2.56990722146451,2.56990722146451,2.56990722146451,2.56990722146451,2.56990722146451,2.56990722146451,2.56990722146451,2.56990722146451,2.56990722146451,2.56990722146451,2.56990722146451,2.56990722146451,2.56990722146451,2.56990722146451,2.56990722146451,2.56990722146451,2.56990722146451,2.56990722146451,2.56990722146451,2.56990722146451,2.56990722146451,2.56990722146451,2.56990722146451,2.56990722146451,2.56990722146451,2.56990722146451,2.56990722146451,2.56990722146451,2.56990722146451,2.56990722146451,2.56990722146451,2.56990722146451,2.56990722146451,2.56990722146451,2.56990722146451,2.56990722146451,2.56990722146451,2.56990722146451,2.56990722146451,2.56990722146451,2.56990722146451,2.56990722146451,2.56990722146451,2.56990722146451,2.56990722146451,2.56990722146451,2.56990722146451,2.56990722146451,2.56990722146451,2.56990722146451,2.56990722146451,2.56990722146451,2.56990722146451,2.56990722146451,2.56990722146451,2.56990722146451,2.56990722146451,2.56990722146451,2.56990722146451,2.56990722146451,2.56990722146451,2.56990722146451,2.56990722146451,2.56990722146451,2.56990722146451,2.56990722146451,2.56990722146451,2.56990722146451,2.56990722146451,2.56990722146451,2.56990722146451,2.56990722146451,2.56990722146451,2.56990722146451,2.56990722146451,2.56990722146451,2.56990722146451,2.56990722146451,2.56990722146451,2.56990722146451,2.56990722146451,2.56990722146451,2.56990722146451,2.56990722146451,2.56990722146451,2.56990722146451,2.56990722146451,2.56990722146451,2.56990722146451,2.56990722146451,2.56990722146451,2.56990722146451,2.56990722146451,2.56990722146451,2.56990722146451,2.56990722146451,2.56990722146451,2.56990722146451,2.56990722146451,2.56990722146451,2.56990722146451,2.56990722146451,2.56990722146451,2.56990722146451,2.56990722146451,2.56990722146451,2.56990722146451,2.56990722146451,2.56990722146451,2.56990722146451,2.56990722146451,2.56990722146451,2.56990722146451,2.56990722146451,2.56990722146451,2.56990722146451,2.56990722146451,2.56990722146451,2.56990722146451,2.56990722146451,2.56990722146451,2.56990722146451,2.56990722146451,2.56990722146451,2.56990722146451,2.56990722146451,2.56990722146451,2.56990722146451,2.56990722146451,2.56990722146451,2.56990722146451,2.56990722146451,2.56990722146451,2.56990722146451,2.56990722146451,2.56990722146451,2.56990722146451,2.56990722146451,2.56990722146451,2.56990722146451,2.56990722146451,2.56990722146451,2.56990722146451,2.56990722146451,2.56990722146451,2.56990722146451,2.56990722146451,2.56990722146451,2.56990722146451,2.56990722146451,2.56990722146451,2.56990722146451,2.56990722146451,2.56990722146451,2.56990722146451,2.56990722146451,2.56990722146451,2.56990722146451,2.56990722146451,2.56990722146451,2.56990722146451,2.56990722146451,2.56990722146451,2.56990722146451,2.56990722146451,2.56990722146451,2.56990722146451,2.56990722146451,2.56990722146451,2.56990722146451,2.56990722146451,2.56990722146451,2.56990722146451,2.56990722146451,2.56990722146451,2.56990722146451,2.56990722146451,2.56990722146451,2.56990722146451,2.56990722146451,2.56990722146451,2.56990722146451,2.56990722146451,2.56990722146451,2.56990722146451,2.56990722146451,2.56990722146451,2.56990722146451,2.56990722146451,2.56990722146451,2.56990722146451,2.56990722146451,2.56990722146451,2.56990722146451,2.56990722146451,2.56990722146451,2.56990722146451,2.56990722146451,2.56990722146451,2.56990722146451,2.56990722146451,2.56990722146451,2.56990722146451,2.56990722146451,2.56990722146451,2.56990722146451,2.56990722146451,2.56990722146451,2.56990722146451,2.56990722146451,2.56990722146451,2.56990722146451,2.56990722146451,2.56990722146451,2.56990722146451,2.56990722146451,2.56990722146451,2.56990722146451,2.56990722146451,2.56990722146451,2.56990722146451,2.56990722146451,2.56990722146451,2.56990722146451,2.56990722146451,2.56990722146451,2.56990722146451,2.56990722146451,2.56990722146451,2.56990722146451,2.56990722146451,2.56990722146451,2.56990722146451,2.56990722146451,2.56990722146451,2.56990722146451,2.56990722146451,2.56990722146451,2.56990722146451,2.56990722146451,2.56990722146451,2.56990722146451,2.56990722146451,2.56990722146451,2.56990722146451,2.56990722146451,2.56990722146451,2.56990722146451,2.56990722146451,2.56990722146451,2.56990722146451,2.56990722146451,2.56990722146451,2.56990722146451,2.56990722146451,2.56990722146451,2.56990722146451,2.56990722146451,2.56990722146451,2.56990722146451,2.56990722146451,2.56990722146451,2.56990722146451,2.56990722146451,2.56990722146451,2.56990722146451,2.56990722146451,2.56990722146451,2.56990722146451,2.56990722146451,2.56990722146451,7.144379192543156,5.708424478376169,5.708424478376169,5.708424478376169,5.708424478376169,5.708424478376169,5.708424478376169,5.708424478376169,5.708424478376169,5.708424478376169,5.708424478376169,5.708424478376169,5.708424478376169,5.708424478376169,5.708424478376169,5.708424478376169,5.708424478376169,5.708424478376169,5.708424478376169,5.708424478376169,5.708424478376169,5.708424478376169,5.708424478376169,5.708424478376169,5.708424478376169,5.708424478376169,5.708424478376169,5.708424478376169,5.708424478376169,5.708424478376169,5.708424478376169,5.708424478376169,5.708424478376169,5.708424478376169,5.708424478376169,5.708424478376169,5.708424478376169,5.708424478376169,5.708424478376169,5.708424478376169,5.607745118355973,5.607745118355973,5.607745118355973,5.607745118355973,5.607745118355973,5.607745118355973,5.607745118355973,5.607745118355973,5.607745118355973,5.607745118355973,5.607745118355973,5.607745118355973,5.607745118355973,5.607745118355973,5.607745118355973,5.607745118355973,5.607745118355973,5.607745118355973,5.607745118355973,5.607745118355973,5.607745118355973,5.607745118355973,5.607745118355973,5.607745118355973,5.607745118355973,5.607745118355973,5.607745118355973,5.607745118355973,5.607745118355973,5.607745118355973,5.607745118355973,5.560177166120071,4.641007120659975,4.326226912411698,4.326226912411698,4.326226912411698,4.326226912411698,4.326226912411698,4.326226912411698,4.326226912411698,4.326226912411698,4.287390960089981,4.287390960089981,4.287390960089981,4.287390960089981,4.281782544122296,4.281782544122296,4.281782544122296,4.281782544122296,4.281782544122296,4.281782544122296,4.281782544122296,4.281782544122296,4.281782544122296,4.281782544122296,4.281782544122296,4.281782544122296,4.281782544122296,4.281782544122296,4.281782544122296,4.281782544122296,4.281782544122296,4.281782544122296,4.281782544122296,4.281782544122296,4.281782544122296,4.281782544122296,4.281782544122296,4.281782544122296,4.281782544122296,4.281782544122296,4.281782544122296,4.281782544122296,4.281782544122296,4.281782544122296,4.281782544122296,4.281782544122296,4.281782544122296,4.281782544122296,4.281782544122296,4.281782544122296,4.281782544122296,4.281782544122296,4.281782544122296,4.281782544122296,4.281782544122296,4.281782544122296,4.281782544122296,4.281782544122296,4.281782544122296,4.281782544122296,4.281782544122296,4.281782544122296,4.281782544122296,4.281782544122296,4.281782544122296,4.281782544122296,4.281782544122296,4.281782544122296,4.281782544122296,4.281782544122296,4.281782544122296,4.281782544122296,4.281782544122296,4.281782544122296,4.281782544122296,4.281782544122296,4.281782544122296,4.281782544122296,4.281782544122296,4.281782544122296,4.281782544122296,4.281782544122296,4.281782544122296,4.281782544122296,4.281782544122296,4.281782544122296,4.281782544122296,4.281782544122296,4.281782544122296,4.281782544122296,4.281782544122296,4.281782544122296,4.281782544122296,4.281782544122296,4.281782544122296,4.281782544122296,4.281782544122296,4.281782544122296,4.281782544122296,4.281782544122296,4.281782544122296,4.281782544122296,4.281782544122296,4.281782544122296,4.281782544122296,4.281782544122296,4.281782544122296,4.281782544122296,4.281782544122296,4.281782544122296,4.281782544122296,4.281782544122296,4.281782544122296,4.281782544122296,4.281782544122296,4.281782544122296,4.281782544122296,4.281782544122296,4.281782544122296,4.281782544122296,4.281782544122296,4.281782544122296,4.281782544122296,4.281782544122296,4.281782544122296,4.281782544122296,4.281782544122296,4.281782544122296,4.281782544122296,4.281782544122296,4.281782544122296,4.281782544122296,4.281782544122296,4.281782544122296,4.281782544122296,4.281782544122296,4.281782544122296,4.281782544122296,4.281782544122296,4.281782544122296,4.281782544122296,4.281782544122296,4.281782544122296,4.281782544122296,4.281782544122296,4.281782544122296,4.281782544122296,4.281782544122296,4.281782544122296,4.281782544122296,4.281782544122296,4.281782544122296,4.281782544122296,4.281782544122296,4.281782544122296,4.281782544122296,4.281782544122296,4.281782544122296,4.281782544122296,4.281782544122296,4.281782544122296,4.281782544122296,4.281782544122296,4.281782544122296,4.281782544122296,4.281782544122296,4.281782544122296,4.281782544122296,4.281782544122296,4.281782544122296,4.281782544122296,4.281782544122296,4.281782544122296,4.281782544122296,4.281782544122296,4.281782544122296,4.281782544122296,4.281782544122296,4.281782544122296,4.281782544122296,4.281782544122296,4.281782544122296,4.281782544122296,4.281782544122296,4.281782544122296,4.281782544122296,4.281782544122296,4.281782544122296,4.281782544122296,4.281782544122296,4.281782544122296,4.281782544122296,4.281782544122296,4.281782544122296,4.281782544122296,4.281782544122296,4.281782544122296,4.281782544122296,4.281782544122296,4.281782544122296,4.281782544122296,4.281782544122296,4.281782544122296,4.281782544122296,4.281782544122296,4.281782544122296,4.281782544122296,4.281782544122296,4.281782544122296,4.281782544122296,4.281782544122296,4.281782544122296,4.281782544122296,4.281782544122296,4.281782544122296,4.281782544122296,4.281782544122296,4.281782544122296,4.281782544122296,4.281782544122296,4.281782544122296,4.281782544122296,4.281782544122296,4.281782544122296,4.281782544122296,4.281782544122296,4.281782544122296,4.281782544122296,4.281782544122296,4.281782544122296,4.281782544122296,4.281782544122296,4.281782544122296,4.281782544122296,4.281782544122296,4.281782544122296,4.281782544122296,4.281782544122296,4.281782544122296,4.281782544122296,4.281782544122296,4.281782544122296,4.281782544122296,4.281782544122296,4.281782544122296,4.281782544122296,4.281782544122296,4.281782544122296,4.281782544122296,4.281782544122296,4.281782544122296,4.281782544122296,4.281782544122296,4.281782544122296,4.281782544122296,4.281782544122296,4.281782544122296,4.281782544122296,4.281782544122296,4.281782544122296,4.281782544122296,4.281782544122296,4.281782544122296,4.281782544122296,4.281782544122296,4.281782544122296,4.281782544122296,4.281782544122296,4.281782544122296,4.281782544122296,4.281782544122296,4.281782544122296,4.281782544122296,4.281782544122296,4.281782544122296,4.281782544122296,4.281782544122296,4.281782544122296,4.281782544122296,4.281782544122296,4.281782544122296,4.281782544122296,4.281782544122296,4.281782544122296,4.281782544122296,4.281782544122296,4.281782544122296,4.281782544122296,4.281782544122296,4.281782544122296,4.281782544122296,4.281782544122296,4.281782544122296,4.281782544122296,4.281782544122296,4.281782544122296,4.281782544122296,4.281782544122296,4.281782544122296,4.281782544122296,4.281782544122296,4.281782544122296,4.281782544122296,4.281782544122296,4.281782544122296,4.281782544122296,4.281782544122296,4.281782544122296,4.281782544122296,4.281782544122296,4.281782544122296,4.281782544122296,4.281782544122296,4.281782544122296,4.281782544122296,4.281782544122296,4.281782544122296,4.281782544122296,4.281782544122296,4.281782544122296,4.281782544122296,4.281782544122296,4.281782544122296,4.281782544122296,4.281782544122296,4.281782544122296,4.281782544122296,4.281782544122296,4.281782544122296,4.281782544122296,4.281782544122296,4.281782544122296,4.281782544122296,4.281782544122296,4.281782544122296,4.281782544122296,4.281782544122296,4.281782544122296,4.281782544122296,4.281782544122296,4.281782544122296,4.281782544122296,4.281782544122296,4.281782544122296,4.281782544122296,4.281782544122296,4.281782544122296,4.281782544122296,4.281782544122296,4.281782544122296,4.281782544122296,4.281782544122296,4.281782544122296,4.281782544122296,4.281782544122296,4.281782544122296,4.281782544122296,4.281782544122296,4.281782544122296,4.281782544122296,4.281782544122296,4.281782544122296,4.281782544122296,4.281782544122296,4.281782544122296,4.281782544122296,4.281782544122296,4.281782544122296,4.281782544122296,4.281782544122296,4.281782544122296,4.281782544122296,4.281782544122296,4.281782544122296,4.281782544122296,4.281782544122296,4.281782544122296,4.281782544122296,4.281782544122296,4.281782544122296,4.281782544122296,4.281782544122296,4.281782544122296,4.281782544122296,4.281782544122296,4.281782544122296,4.281782544122296,4.281782544122296,4.281782544122296,4.281782544122296,4.281782544122296,4.281782544122296,4.281782544122296,4.281782544122296,4.281782544122296,4.281782544122296,4.281782544122296,4.281782544122296,4.281782544122296,4.281782544122296,4.281782544122296,4.281782544122296,4.281782544122296,4.281782544122296,4.281782544122296,4.281782544122296,4.281782544122296,4.281782544122296,4.281782544122296,4.281782544122296,4.281782544122296,4.281782544122296,4.281782544122296,4.281782544122296,4.281782544122296,4.281782544122296,4.281782544122296,4.281782544122296,4.281782544122296,4.281782544122296,4.281782544122296,4.281782544122296,4.281782544122296,4.281782544122296,4.281782544122296,4.281782544122296,4.281782544122296,4.281782544122296,4.281782544122296,4.281782544122296,4.281782544122296,4.281782544122296,4.281782544122296,4.281782544122296,4.281782544122296,4.281782544122296,4.281782544122296,4.281782544122296,4.281782544122296,4.281782544122296,4.281782544122296,4.281782544122296,4.281782544122296,4.281782544122296,4.281782544122296,4.281782544122296,4.281782544122296,4.281782544122296,4.281782544122296,4.281782544122296,4.281782544122296,4.281782544122296,4.281782544122296,4.281782544122296,4.281782544122296,4.281782544122296,4.281782544122296,4.281782544122296,4.281782544122296,4.281782544122296,4.281782544122296,4.281782544122296,4.281782544122296,4.281782544122296,4.281782544122296,4.281782544122296,4.281782544122296,4.281782544122296,4.281782544122296,4.281782544122296,4.281782544122296,4.281782544122296,4.281782544122296,4.281782544122296,4.281782544122296,4.281782544122296,4.281782544122296,4.281782544122296,4.281782544122296,4.281782544122296,4.281782544122296,4.281782544122296,4.281782544122296,4.281782544122296,4.281782544122296,4.281782544122296,4.281782544122296,4.281782544122296,4.281782544122296,4.281782544122296,4.281782544122296,4.281782544122296,4.281782544122296,4.281782544122296,4.281782544122296,4.281782544122296,4.281782544122296,4.281782544122296,4.281782544122296,4.281782544122296,4.281782544122296,4.281782544122296,4.281782544122296,4.281782544122296,4.281782544122296,4.281782544122296,4.281782544122296,4.281782544122296,4.281782544122296,4.281782544122296,4.281782544122296,4.281782544122296,4.281782544122296,4.281782544122296,4.281782544122296,4.281782544122296,4.281782544122296,4.281782544122296,4.281782544122296,4.281782544122296,4.281782544122296,4.281782544122296,4.281782544122296,4.281782544122296,4.281782544122296,4.281782544122296,4.281782544122296,4.281782544122296,4.281782544122296,4.281782544122296,4.281782544122296,4.281782544122296,4.281782544122296,4.281782544122296,4.281782544122296,4.281782544122296,4.281782544122296,4.281782544122296,4.281782544122296,4.281782544122296,4.281782544122296,4.281782544122296,4.281782544122296,4.281782544122296,4.281782544122296,4.281782544122296,4.281782544122296,4.281782544122296,4.281782544122296,4.281782544122296,4.281782544122296,4.281782544122296,4.281782544122296,4.281782544122296,4.281782544122296,4.281782544122296,4.281782544122296,4.281782544122296,4.281782544122296,4.281782544122296,4.281782544122296,4.281782544122296,4.281782544122296,4.281782544122296,4.281782544122296,4.281782544122296,4.281782544122296,4.281782544122296,4.281782544122296,4.281782544122296,4.281782544122296,4.281782544122296,4.281782544122296,4.281782544122296,4.281782544122296,4.281782544122296,4.281782544122296,4.281782544122296,4.281782544122296,4.281782544122296,4.281782544122296,4.281782544122296,4.281782544122296,4.281782544122296,4.281782544122296,4.281782544122296,4.281782544122296,4.281782544122296,4.281782544122296,4.281782544122296,4.281782544122296,4.281782544122296,4.281782544122296,4.281782544122296,4.281782544122296,4.281782544122296,4.281782544122296,4.281782544122296,4.281782544122296,4.281782544122296,4.281782544122296,4.281782544122296,4.281782544122296,4.281782544122296,4.281782544122296,4.281782544122296,4.281782544122296,4.281782544122296,4.281782544122296,4.281782544122296,4.281782544122296,4.281782544122296,4.281782544122296,4.281782544122296,4.281782544122296,4.281782544122296,4.281782544122296,4.281782544122296,4.281782544122296,4.281782544122296,4.281782544122296,4.281782544122296,4.281782544122296,4.281782544122296,4.281782544122296,4.281782544122296,4.281782544122296,4.281782544122296,4.281782544122296,4.281782544122296,4.281782544122296,4.281782544122296,4.281782544122296,4.281782544122296,4.281782544122296,4.281782544122296,4.281782544122296,4.281782544122296,4.281782544122296,4.281782544122296,4.281782544122296,4.281782544122296,4.281782544122296,4.281782544122296,4.281782544122296,4.281782544122296,4.281782544122296,4.281782544122296,4.281782544122296,4.281782544122296,4.281782544122296,4.281782544122296,4.281782544122296,4.281782544122296,4.281782544122296,4.281782544122296,4.281782544122296,4.281782544122296,4.281782544122296,4.281782544122296,4.281782544122296,4.281782544122296,4.281782544122296,4.281782544122296,4.281782544122296,4.281782544122296,4.281782544122296,4.281782544122296,4.281782544122296,4.281782544122296,4.281782544122296,4.281782544122296,4.281782544122296,4.281782544122296,4.281782544122296,4.281782544122296,4.281782544122296,4.281782544122296,4.281782544122296,4.281782544122296,4.281782544122296,4.281782544122296,4.281782544122296,4.281782544122296,4.281782544122296,4.281782544122296,4.281782544122296,4.281782544122296,4.281782544122296,4.281782544122296,4.281782544122296,4.281782544122296,4.281782544122296,4.281782544122296,4.281782544122296,4.281782544122296,4.281782544122296,4.281782544122296,4.281782544122296,4.281782544122296,4.281782544122296,4.281782544122296,4.281782544122296,4.281782544122296,4.281782544122296,4.281782544122296,4.281782544122296,4.281782544122296,4.281782544122296,4.281782544122296,4.281782544122296,4.281782544122296,4.281782544122296,4.281782544122296,4.281782544122296,4.281782544122296,4.281782544122296,4.281782544122296,4.281782544122296,4.281782544122296,4.281782544122296,4.281782544122296,4.281782544122296,4.281782544122296,4.281782544122296,4.281782544122296,4.281782544122296,4.281782544122296,4.281782544122296,4.281782544122296,4.281782544122296,4.281782544122296,4.281782544122296,4.281782544122296,4.281782544122296,4.281782544122296,4.281782544122296,4.281782544122296,4.281782544122296,4.281782544122296,4.281782544122296,4.281782544122296,4.281782544122296,4.281782544122296,4.281782544122296,4.281782544122296,4.281782544122296,4.281782544122296,4.281782544122296,4.281782544122296,4.281782544122296,4.281782544122296,4.281782544122296,4.281782544122296,4.281782544122296,4.281782544122296,4.281782544122296,4.281782544122296,4.281782544122296,4.281782544122296,4.281782544122296,4.281782544122296,4.281782544122296,4.281782544122296,4.281782544122296,4.281782544122296,4.281782544122296,4.281782544122296,4.281782544122296,4.281782544122296,4.281782544122296,4.281782544122296,4.281782544122296,4.281782544122296,4.281782544122296,4.281782544122296,4.281782544122296,4.281782544122296,4.281782544122296,4.281782544122296,4.281782544122296,4.281782544122296,4.281782544122296,4.281782544122296,4.281782544122296,4.281782544122296,4.281782544122296,4.281782544122296,4.281782544122296,4.281782544122296,4.281782544122296,4.281782544122296,4.281782544122296,4.281782544122296,4.281782544122296,4.281782544122296,4.281782544122296,4.281782544122296,4.281782544122296,4.281782544122296,4.281782544122296,4.281782544122296,4.281782544122296,4.281782544122296,4.281782544122296,4.281782544122296,4.281782544122296,4.281782544122296,4.281782544122296,4.281782544122296,4.281782544122296,4.281782544122296,4.281782544122296,4.281782544122296,4.281782544122296,4.281782544122296,4.281782544122296,4.281782544122296,4.281782544122296,4.281782544122296,4.281782544122296,4.281782544122296,4.281782544122296,4.281782544122296,4.281782544122296,4.281782544122296,4.281782544122296,4.281782544122296,4.281782544122296,4.281782544122296,4.281782544122296,4.281782544122296,4.281782544122296,4.281782544122296,4.281782544122296,4.281782544122296,4.281782544122296,4.281782544122296,4.281782544122296,4.281782544122296,4.281782544122296,4.281782544122296,4.281782544122296,4.281782544122296,4.281782544122296,4.281782544122296,4.281782544122296,4.281782544122296,4.281782544122296,4.281782544122296,4.281782544122296,4.281782544122296,4.281782544122296,4.281782544122296,4.281782544122296,4.281782544122296,4.281782544122296,4.281782544122296,4.281782544122296,4.281782544122296,4.281782544122296,4.281782544122296,4.281782544122296,4.281782544122296,4.281782544122296,4.281782544122296,4.281782544122296,4.281782544122296,4.281782544122296,4.281782544122296,4.281782544122296,4.281782544122296,4.281782544122296,4.281782544122296,4.281782544122296,4.281782544122296,4.281782544122296,4.281782544122296,4.281782544122296,4.281782544122296,4.281782544122296,4.281782544122296,4.281782544122296,4.281782544122296,4.281782544122296,4.281782544122296,4.281782544122296,4.281782544122296,4.281782544122296,4.281782544122296,4.281782544122296,4.281782544122296,4.281782544122296,4.281782544122296,4.281782544122296,4.281782544122296,4.281782544122296,4.281782544122296,4.281782544122296,4.281782544122296,4.281782544122296,4.281782544122296,4.281782544122296,4.281782544122296,4.281782544122296,4.281782544122296,4.281782544122296,4.281782544122296,4.281782544122296,4.281782544122296,4.281782544122296,4.281782544122296,4.281782544122296,4.281782544122296,4.281782544122296,4.281782544122296,4.281782544122296,4.281782544122296,4.281782544122296,4.281782544122296,4.281782544122296,4.281782544122296,4.281782544122296,4.281782544122296,4.281782544122296,4.281782544122296,4.281782544122296,4.281782544122296,4.281782544122296,7.099995090395281,7.073146252713543,7.073146252713543,7.073146252713543,7.073146252713543,7.073146252713543,7.073146252713543,7.073146252713543,7.073146252713543,7.073146252713543,7.073146252713543,7.073146252713543,7.073146252713543,7.073146252713543,7.073146252713543,7.073146252713543,7.073146252713543,7.073146252713543,7.073146252713543,7.073146252713543,7.073146252713543,6.762862563632028,6.762862563632028,6.762862563632028,6.762862563632028,6.762862563632028,6.762862563632028,6.762862563632028,6.762862563632028,6.762862563632028,6.762862563632028,6.762862563632028,6.762862563632028,6.762862563632028,6.762862563632028,6.762862563632028,6.762862563632028,6.762862563632028,6.762862563632028,6.762862563632028,6.762862563632028,6.762862563632028,6.762862563632028,6.762862563632028,6.617930742746677,6.617930742746677,6.617930742746677,6.617930742746677,6.617930742746677,6.617930742746677,6.617930742746677,6.617930742746677,6.617930742746677,6.617930742746677,6.617930742746677,6.617930742746677,6.617930742746677,6.617930742746677,6.617930742746677,6.617930742746677,6.617930742746677,6.617930742746677,6.617930742746677,6.617930742746677,6.617930742746677,6.617930742746677,6.617930742746677,6.617930742746677,6.617930742746677,6.617930742746677,6.617930742746677,6.617930742746677,6.617930742746677,6.617930742746677,6.617930742746677,6.617930742746677,6.617930742746677,6.617930742746677,6.617930742746677,6.617930742746677,6.617930742746677,6.617930742746677,6.617930742746677,6.617930742746677,6.617930742746677,6.617930742746677,6.617930742746677,6.617930742746677,6.617930742746677,6.617930742746677,6.617930742746677,6.617930742746677,6.617930742746677,6.617930742746677,6.617930742746677,6.617930742746677,6.617930742746677,6.617930742746677,6.617930742746677,6.617930742746677,6.617930742746677,6.617930742746677,6.617930742746677,6.617930742746677,6.57318860890836,6.57318860890836,6.57318860890836,6.57318860890836,6.57318860890836,6.57318860890836,6.57318860890836,6.57318860890836,6.57318860890836,6.57318860890836,6.57318860890836,6.57318860890836,6.57318860890836,6.57318860890836,6.57318860890836,6.57318860890836,6.57318860890836,6.57318860890836,6.57318860890836,6.57318860890836,6.57318860890836,6.57318860890836,6.57318860890836,6.57318860890836,6.57318860890836,6.57318860890836,6.57318860890836,6.57318860890836,6.57318860890836,6.57318860890836,6.57318860890836,6.57318860890836,6.57318860890836,6.57318860890836,6.57318860890836,6.57318860890836,6.57318860890836,6.57318860890836,6.57318860890836,6.57318860890836,6.57318860890836,6.57318860890836,6.57318860890836,6.57318860890836,6.57318860890836,6.57318860890836,6.57318860890836,6.57318860890836,6.57318860890836,6.57318860890836,6.57318860890836,6.57318860890836,6.57318860890836,6.57318860890836,6.57318860890836,6.57318860890836,6.57318860890836,6.57318860890836,6.57318860890836,6.57318860890836,6.57318860890836,6.57318860890836,6.57318860890836,6.57318860890836,6.57318860890836,6.57318860890836,6.57318860890836,6.57318860890836,6.57318860890836,6.57318860890836,6.57318860890836,6.57318860890836,6.57318860890836,6.57318860890836,6.57318860890836,6.57318860890836,6.57318860890836,6.57318860890836,6.57318860890836,6.57318860890836,6.57318860890836,6.57318860890836,6.57318860890836,6.57318860890836,6.57318860890836,6.57318860890836,6.57318860890836,6.331405603369056,6.331405603369056,6.331405603369056,6.331405603369056,6.331405603369056,6.331405603369056,6.331405603369056,6.331405603369056,6.331405603369056,6.331405603369056,6.331405603369056,6.331405603369056,6.331405603369056,6.331405603369056,6.331405603369056,6.331405603369056,6.331405603369056,6.331405603369056,6.331405603369056,6.331405603369056,6.331405603369056,6.331405603369056,6.331405603369056,6.331405603369056,6.331405603369056,6.331405603369056,6.331405603369056,6.331405603369056,6.331405603369056,6.331405603369056,6.331405603369056,6.331405603369056,6.331405603369056,6.331405603369056,6.331405603369056,6.331405603369056,6.331405603369056,6.331405603369056,6.331405603369056,6.331405603369056,6.331405603369056,6.331405603369056,6.331405603369056,6.331405603369056,6.331405603369056,6.331405603369056,6.331405603369056,6.331405603369056,6.331405603369056,6.331405603369056,6.331405603369056,6.331405603369056,6.331405603369056,6.331405603369056,6.331405603369056,6.331405603369056,6.331405603369056,6.331405603369056,6.331405603369056,6.331405603369056,6.233697325139584,6.233697325139584,6.233697325139584,6.233697325139584,6.116994698541792,5.750895576128487,5.205698228748304,5.205698228748304,5.205698228748304,5.205698228748304,5.205698228748304,5.205698228748304,5.205698228748304,5.205698228748304,5.205698228748304,5.205698228748304,5.205698228748304,5.205698228748304,5.205698228748304,5.205698228748304,5.205698228748304,5.205698228748304,5.205698228748304,5.205698228748304,5.205698228748304,5.205698228748304,5.205698228748304,5.205698228748304,5.205698228748304,5.205698228748304,5.205698228748304,5.205698228748304,5.205698228748304,5.205698228748304,5.205698228748304,5.205698228748304,5.205698228748304,5.205698228748304,5.205698228748304,5.205698228748304,5.205698228748304,5.205698228748304,5.205698228748304,5.205698228748304,5.205698228748304,5.205698228748304,5.205698228748304,5.205698228748304,5.205698228748304,5.205698228748304,5.205698228748304,5.205698228748304,5.205698228748304,5.205698228748304,5.205698228748304,5.205698228748304,5.205698228748304,5.205698228748304,5.205698228748304,5.205698228748304,5.205698228748304,5.205698228748304,5.205698228748304,5.205698228748304,5.205698228748304,5.205698228748304,5.205698228748304,5.205698228748304,5.205698228748304,5.205698228748304,5.205698228748304,5.205698228748304,5.205698228748304,5.205698228748304,5.205698228748304,5.205698228748304,5.205698228748304,5.205698228748304,5.205698228748304,5.205698228748304,5.205698228748304,5.205698228748304,5.205698228748304,5.205698228748304,5.205698228748304,5.205698228748304,5.205698228748304,5.205698228748304,5.205698228748304,5.205698228748304,5.205698228748304,5.205698228748304,5.205698228748304,5.205698228748304,5.205698228748304,5.205698228748304,5.205698228748304,5.205698228748304,5.205698228748304,5.205698228748304,5.205698228748304,5.205698228748304,5.205698228748304,5.205698228748304,5.205698228748304,5.205698228748304,5.205698228748304,5.205698228748304,5.205698228748304,5.205698228748304,5.205698228748304,5.205698228748304,5.205698228748304,5.205698228748304,5.205698228748304,5.205698228748304,5.144322594984558,5.144322594984558,5.144322594984558,5.144322594984558,5.144322594984558,5.144322594984558,5.144322594984558,5.144322594984558,5.0882769665844245,5.0882769665844245,5.0882769665844245,5.0882769665844245,5.0882769665844245,5.0882769665844245,5.0882769665844245,5.0882769665844245,5.0882769665844245,5.0882769665844245,5.0882769665844245,5.0882769665844245,5.0882769665844245,5.0882769665844245,5.0882769665844245,5.0882769665844245,5.0882769665844245,5.0882769665844245,5.0882769665844245,5.0882769665844245,5.0882769665844245,5.0882769665844245,5.0882769665844245,5.0882769665844245,5.0882769665844245,5.0882769665844245,5.0882769665844245,5.0882769665844245,5.0882769665844245,5.0882769665844245,5.0882769665844245,5.0882769665844245,5.0882769665844245,5.0882769665844245,5.0882769665844245,5.0882769665844245,5.0882769665844245,5.0882769665844245,5.0882769665844245,5.0882769665844245,5.0882769665844245,5.0882769665844245,5.0882769665844245,5.0882769665844245,5.0882769665844245,5.0882769665844245,5.0882769665844245,5.0882769665844245,5.0882769665844245,5.0882769665844245,5.0882769665844245,5.0882769665844245,5.0882769665844245,5.0882769665844245,5.0882769665844245,5.0882769665844245,5.0882769665844245,5.0882769665844245,5.0882769665844245,5.0882769665844245,5.0882769665844245,5.0882769665844245,5.0882769665844245,5.0882769665844245,5.0882769665844245,5.0882769665844245,5.0882769665844245,5.0882769665844245,5.0882769665844245,5.0882769665844245,5.0882769665844245,5.0882769665844245,5.0882769665844245,5.0882769665844245,5.0882769665844245,5.0882769665844245,5.0882769665844245,5.0882769665844245,5.0882769665844245,5.0882769665844245,5.0882769665844245,5.0882769665844245,5.0882769665844245,5.0882769665844245,5.0882769665844245,5.0882769665844245,5.0882769665844245,5.0882769665844245,5.0882769665844245,5.0882769665844245,5.0882769665844245,5.0882769665844245,5.0882769665844245,5.0882769665844245,5.0882769665844245,5.0882769665844245,5.0882769665844245,5.0882769665844245,5.0882769665844245,5.0882769665844245,5.0882769665844245,5.0882769665844245,5.0882769665844245,5.0882769665844245,5.0882769665844245,5.0882769665844245,5.075792917781557,5.075792917781557,4.971424094468813,4.971424094468813,4.247537350758697,4.247537350758697,4.247537350758697,4.247537350758697,4.247537350758697,4.247537350758697,4.247537350758697,4.247537350758697,4.247537350758697,4.247537350758697,4.247537350758697,4.247537350758697,4.247537350758697,4.247537350758697,4.247537350758697,4.247537350758697,4.247537350758697,4.247537350758697,4.247537350758697,4.247537350758697,4.247537350758697,4.247537350758697,4.247537350758697,4.247537350758697,4.247537350758697,4.247537350758697,4.247537350758697,4.247537350758697,4.247537350758697,4.247537350758697,4.247537350758697,4.247537350758697,4.247537350758697,4.247537350758697,4.247537350758697,4.247537350758697,4.247537350758697,4.247537350758697,4.247537350758697,4.247537350758697,4.247537350758697,4.247537350758697,4.247537350758697,4.247537350758697,4.247537350758697,4.0558630525713495,4.0558630525713495,4.035964719095192,4.035964719095192,3.8783476762910896,3.8783476762910896,3.8783476762910896,3.8783476762910896,3.8783476762910896,3.8783476762910896,3.8783476762910896,3.8783476762910896,3.8783476762910896,3.8783476762910896,3.8783476762910896,3.8783476762910896,3.8783476762910896,3.8783476762910896,3.8783476762910896,3.8783476762910896,3.8783476762910896,3.8783476762910896,3.8783476762910896,3.8783476762910896,3.8783476762910896,3.8783476762910896,3.8783476762910896,3.8783476762910896,3.8783476762910896,3.8783476762910896,3.8783476762910896,3.8783476762910896,3.8783476762910896,3.8783476762910896,3.8783476762910896,3.8783476762910896,3.8783476762910896,3.8783476762910896,3.8783476762910896,3.8783476762910896,3.8783476762910896,3.8783476762910896,3.8783476762910896,3.8783476762910896,3.8783476762910896,3.8783476762910896,3.8783476762910896,3.8783476762910896,3.8783476762910896,3.8783476762910896,3.8783476762910896,3.8783476762910896,3.8783476762910896,3.8783476762910896,3.8783476762910896,3.8783476762910896,3.8641693963510466,3.8641693963510466,3.8641693963510466,3.8641693963510466,3.8641693963510466,3.8641693963510466,3.8641693963510466,3.8641693963510466,3.8641693963510466,3.8641693963510466,3.8641693963510466,3.8641693963510466,3.8641693963510466,3.8641693963510466,3.8641693963510466,3.8641693963510466,3.8641693963510466,3.8641693963510466,3.8641693963510466,3.8641693963510466,3.8641693963510466,3.8641693963510466,3.8641693963510466,3.8641693963510466,3.8641693963510466,3.8641693963510466,3.8641693963510466,3.8641693963510466,3.8641693963510466,3.8641693963510466,3.8641693963510466,3.8641693963510466,3.8641693963510466,3.8641693963510466,3.8641693963510466,3.8641693963510466,3.8641693963510466,3.8641693963510466,3.8641693963510466,3.8641693963510466,3.8641693963510466,3.8641693963510466,3.8641693963510466,3.8641693963510466,3.8641693963510466,3.8641693963510466,3.8641693963510466,3.8641693963510466,3.8641693963510466,3.8641693963510466,3.8641693963510466,3.8641693963510466,3.8641693963510466,3.8641693963510466,3.8641693963510466,3.8641693963510466,3.8641693963510466,3.8641693963510466,3.8641693963510466,3.8641693963510466,3.8431683285204676,3.8431683285204676,3.8431683285204676,3.8431683285204676,3.8431683285204676,3.8431683285204676,3.8431683285204676,3.8431683285204676,3.8431683285204676,3.8431683285204676,3.8431683285204676,3.8431683285204676,3.8431683285204676,3.8431683285204676,3.8431683285204676,3.8431683285204676,3.8431683285204676,3.8431683285204676,3.8431683285204676,3.8431683285204676,3.8431683285204676,3.8431683285204676,3.8431683285204676,3.8431683285204676,3.8431683285204676,3.8431683285204676,3.8431683285204676,3.8431683285204676,3.8431683285204676,3.8431683285204676,3.8431683285204676,3.8431683285204676,3.8431683285204676,3.8431683285204676,3.8431683285204676,3.8431683285204676,3.8431683285204676,3.8431683285204676,3.8431683285204676,3.8431683285204676,3.8431683285204676,3.8431683285204676,3.8431683285204676,3.8431683285204676,3.8431683285204676,3.8431683285204676,3.8431683285204676,3.8431683285204676,3.8431683285204676,3.8431683285204676,3.8431683285204676,3.8431683285204676,3.8431683285204676,3.8431683285204676,3.8431683285204676,3.8431683285204676,3.8431683285204676,3.8431683285204676,3.8431683285204676,3.8431683285204676,3.8431683285204676,3.8431683285204676,3.8431683285204676,3.8431683285204676,3.8431683285204676,3.8431683285204676,3.8431683285204676,3.8431683285204676,3.8431683285204676,3.8431683285204676,3.8431683285204676,3.8431683285204676,3.8431683285204676,3.8431683285204676,3.8431683285204676,3.8431683285204676,3.8431683285204676,3.8431683285204676,3.8431683285204676,3.8431683285204676,3.8431683285204676,3.8431683285204676,3.8431683285204676,3.8431683285204676,3.8431683285204676,3.8431683285204676,3.8431683285204676,3.8431683285204676,3.8431683285204676,3.8431683285204676,3.8431683285204676,3.8431683285204676,3.8431683285204676,3.8431683285204676,3.8431683285204676,3.8431683285204676,3.8431683285204676,3.8431683285204676,3.8431683285204676,3.8431683285204676,3.8431683285204676,3.8431683285204676,3.8431683285204676,3.8431683285204676,3.8431683285204676,3.8431683285204676,3.8431683285204676,3.8431683285204676,3.8431683285204676,3.8431683285204676,3.8431683285204676,3.8431683285204676,3.8431683285204676,3.8431683285204676,3.8431683285204676,3.8431683285204676,3.8431683285204676,3.8431683285204676,3.8431683285204676,3.8431683285204676,3.8431683285204676,3.8431683285204676,3.8431683285204676,3.8431683285204676,3.8431683285204676,3.8431683285204676,3.8431683285204676,3.8431683285204676,3.8431683285204676,3.8431683285204676,3.8431683285204676,3.8431683285204676,3.8431683285204676,3.8431683285204676,3.8431683285204676,3.8431683285204676,3.8431683285204676,3.8431683285204676,3.8431683285204676,3.8431683285204676,3.8431683285204676,3.8431683285204676,3.8431683285204676,3.8431683285204676,3.8431683285204676,3.8431683285204676,3.8431683285204676,3.8431683285204676,3.8431683285204676,3.8431683285204676,3.8431683285204676,3.8431683285204676,3.8431683285204676,3.8431683285204676,3.8431683285204676,3.8431683285204676,3.8431683285204676,3.8431683285204676,3.8431683285204676,3.8431683285204676,3.8431683285204676,3.8431683285204676,3.8431683285204676,3.8431683285204676,3.8431683285204676,3.8431683285204676,3.8431683285204676,3.8431683285204676,3.8431683285204676,3.8431683285204676,3.8431683285204676,3.8431683285204676,3.8431683285204676,3.8431683285204676,3.8431683285204676,3.8431683285204676,3.8431683285204676,3.8431683285204676,3.8431683285204676,3.8431683285204676,3.8431683285204676,3.8431683285204676,3.8431683285204676,3.8431683285204676,3.8431683285204676,3.8431683285204676,3.8431683285204676,3.8431683285204676,3.8431683285204676,3.8431683285204676,3.8431683285204676,3.8431683285204676,3.8431683285204676,3.8431683285204676,3.8431683285204676,3.8431683285204676,3.8431683285204676,3.8431683285204676,3.8431683285204676,3.8431683285204676,3.8431683285204676,3.8431683285204676,3.8431683285204676,3.8431683285204676,3.8431683285204676,3.8431683285204676,3.8431683285204676,3.8431683285204676,3.8431683285204676,3.8431683285204676,3.8431683285204676,3.8431683285204676,3.8431683285204676,3.8431683285204676,3.8431683285204676,3.8431683285204676,3.8431683285204676,3.8431683285204676,3.8431683285204676,3.8431683285204676,3.8431683285204676,3.8431683285204676,3.8431683285204676,3.8431683285204676,3.8431683285204676,3.8431683285204676,3.8431683285204676,3.8431683285204676,3.8431683285204676,3.8431683285204676,3.8431683285204676,3.8431683285204676,3.8431683285204676,3.8431683285204676,3.8431683285204676,3.8431683285204676,3.8431683285204676,3.8431683285204676,3.8431683285204676,3.8431683285204676,3.8431683285204676,3.8431683285204676,3.8431683285204676,3.8431683285204676,3.8431683285204676,3.8431683285204676,3.8431683285204676,3.8431683285204676,3.8431683285204676,3.8431683285204676,3.8431683285204676,3.8431683285204676,3.8431683285204676,3.8431683285204676,3.8431683285204676,3.8431683285204676,3.8431683285204676,3.8431683285204676,3.8431683285204676,3.8431683285204676,3.8431683285204676,3.8431683285204676,3.8431683285204676,3.8431683285204676,3.8431683285204676,3.8431683285204676,3.8431683285204676,3.8431683285204676,3.8431683285204676,3.8431683285204676,3.8431683285204676,3.8431683285204676,3.8431683285204676,3.8431683285204676,3.8431683285204676,3.8431683285204676,3.8431683285204676,3.8431683285204676,3.8431683285204676,3.8431683285204676,3.8431683285204676,3.8431683285204676,3.8431683285204676,3.8431683285204676,3.8431683285204676,3.8431683285204676,3.8431683285204676,3.8431683285204676,3.8431683285204676,3.8431683285204676,3.8431683285204676,3.8431683285204676,3.8431683285204676,3.8431683285204676,3.8431683285204676,3.8431683285204676,3.8431683285204676,3.8431683285204676,3.8431683285204676,3.8431683285204676,3.8431683285204676,3.8431683285204676,3.8431683285204676,3.8431683285204676,3.8431683285204676,3.8431683285204676,3.8431683285204676,3.8431683285204676,3.8431683285204676,3.8431683285204676,3.8431683285204676,3.8431683285204676,3.8431683285204676,3.8431683285204676,3.8431683285204676,3.8431683285204676,3.8431683285204676,3.8431683285204676,3.8431683285204676,3.8431683285204676,3.8431683285204676,3.8431683285204676,3.8431683285204676,3.8431683285204676,3.8431683285204676,3.8431683285204676,3.8431683285204676,3.8431683285204676,3.8431683285204676,3.8431683285204676,3.8431683285204676,3.8431683285204676,3.8431683285204676,3.8431683285204676,3.8431683285204676,3.8431683285204676,3.8431683285204676,3.8431683285204676,3.8431683285204676,3.8431683285204676,3.8431683285204676,3.8431683285204676,3.8431683285204676,3.8431683285204676,3.8431683285204676,3.8431683285204676,3.8431683285204676,3.8431683285204676,3.8431683285204676,3.8431683285204676,3.8431683285204676,3.8431683285204676,3.8431683285204676,3.8431683285204676,7.143219376430949,6.012398996009157,5.800103728382319,5.800103728382319,5.800103728382319,5.800103728382319,5.800103728382319,5.800103728382319,4.634353868350062,4.634353868350062,4.634353868350062,4.634353868350062,4.634353868350062,4.634353868350062,4.634353868350062,4.634353868350062,4.470977362108153,4.470977362108153,4.470977362108153,3.9397151899489584,3.9397151899489584,3.9397151899489584,3.9397151899489584,3.9397151899489584,3.9397151899489584,3.9397151899489584,3.9397151899489584,3.9397151899489584,3.9397151899489584,3.9397151899489584,3.9397151899489584,3.9397151899489584,3.9397151899489584,3.9397151899489584,3.9397151899489584,3.9397151899489584,3.9397151899489584,3.9397151899489584,3.9397151899489584,3.9397151899489584,3.9397151899489584,3.9397151899489584,3.9397151899489584,3.9397151899489584,3.9397151899489584,3.9397151899489584,3.9397151899489584,3.9397151899489584,3.9397151899489584,3.9397151899489584,3.9397151899489584,3.9397151899489584,3.9397151899489584,3.9397151899489584,3.9397151899489584,3.9397151899489584,3.9397151899489584,3.9397151899489584,3.9397151899489584,3.9397151899489584,3.9397151899489584,3.9397151899489584,3.9397151899489584,3.9397151899489584,3.9397151899489584,3.9397151899489584,3.9397151899489584,3.9397151899489584,3.9397151899489584,3.9397151899489584,3.9397151899489584,3.9397151899489584,3.9397151899489584,3.9397151899489584,3.9397151899489584,3.9397151899489584,3.9397151899489584,3.9397151899489584,3.9397151899489584,3.9397151899489584,3.9397151899489584,3.9397151899489584,3.9397151899489584,3.9397151899489584,3.9397151899489584,3.9397151899489584,3.9397151899489584,3.9397151899489584,3.9397151899489584,3.9397151899489584,3.9397151899489584,3.9397151899489584,3.9397151899489584,3.9397151899489584,3.9397151899489584,3.9397151899489584,3.9397151899489584,3.9397151899489584,3.9397151899489584,3.9397151899489584,3.9397151899489584,3.9397151899489584,3.9397151899489584,3.9397151899489584,3.9397151899489584,3.9397151899489584,3.9397151899489584,3.9397151899489584,3.9397151899489584,3.9397151899489584,3.9397151899489584,3.9397151899489584,3.9397151899489584,3.9397151899489584,3.9397151899489584,3.9397151899489584,3.9397151899489584,3.9397151899489584,3.9397151899489584,3.9397151899489584,3.9397151899489584,3.9397151899489584,3.9397151899489584,3.9397151899489584,3.9397151899489584,3.9397151899489584,3.9397151899489584,3.9397151899489584,3.9397151899489584,3.9397151899489584,3.9397151899489584,3.9397151899489584,3.9397151899489584,3.9397151899489584,3.9397151899489584,3.9397151899489584,3.9397151899489584,3.9397151899489584,3.9397151899489584,3.9397151899489584,3.9397151899489584,3.9397151899489584,3.9397151899489584,3.9397151899489584,3.9397151899489584,3.9397151899489584,3.9397151899489584,3.9397151899489584,3.9397151899489584,3.9397151899489584,3.9397151899489584,3.9397151899489584,3.9397151899489584,3.9397151899489584,3.9397151899489584,3.9397151899489584,3.9397151899489584,3.9397151899489584,3.9397151899489584,3.9397151899489584,3.9397151899489584,3.9397151899489584,3.9397151899489584,3.9397151899489584,3.9397151899489584,3.9397151899489584,3.9397151899489584,3.9397151899489584,3.9397151899489584,3.9397151899489584,3.9397151899489584,3.9397151899489584,3.9397151899489584,3.9397151899489584,3.9397151899489584,3.9397151899489584,3.9397151899489584,3.9397151899489584,3.9397151899489584,3.9397151899489584,3.9397151899489584,3.9397151899489584,3.9397151899489584,3.9397151899489584,3.9397151899489584,3.9397151899489584,3.9397151899489584,3.9397151899489584,3.9397151899489584,3.9397151899489584,3.9397151899489584,3.9397151899489584,3.9397151899489584,3.9397151899489584,3.9397151899489584,3.9397151899489584,3.9397151899489584,3.9397151899489584,3.9397151899489584,3.9397151899489584,3.9397151899489584,3.9397151899489584,3.9397151899489584,3.9397151899489584,3.9397151899489584,3.9397151899489584,3.9397151899489584,3.9397151899489584,3.9397151899489584,3.9397151899489584,3.9397151899489584,3.9397151899489584,3.9397151899489584,3.9397151899489584,3.9397151899489584,3.9397151899489584,3.9397151899489584,3.9397151899489584,3.9397151899489584,3.9397151899489584,3.9397151899489584,3.9397151899489584,3.9397151899489584,3.9397151899489584,3.9397151899489584,3.9397151899489584,3.9397151899489584,3.9397151899489584,3.9397151899489584,3.9397151899489584,3.9397151899489584,3.9397151899489584,3.9397151899489584,3.9397151899489584,3.9397151899489584,3.9397151899489584,3.9397151899489584,3.9397151899489584,3.9397151899489584,3.9397151899489584,3.9397151899489584,3.9397151899489584,3.9397151899489584,3.9397151899489584,3.9397151899489584,3.9397151899489584,3.9397151899489584,3.9397151899489584,3.9397151899489584,3.9397151899489584,3.9397151899489584,3.9397151899489584,3.9397151899489584,3.9397151899489584,3.9397151899489584,3.9397151899489584,3.9397151899489584,3.9397151899489584,3.9397151899489584,3.9397151899489584,3.9397151899489584,3.9397151899489584,3.9397151899489584,3.9397151899489584,3.9397151899489584,3.9397151899489584,3.9397151899489584,3.9397151899489584,3.9397151899489584,3.9397151899489584,3.9397151899489584,3.9397151899489584,3.9397151899489584,3.9397151899489584,3.9397151899489584,3.9397151899489584,3.9397151899489584,3.9397151899489584,3.9397151899489584,3.9397151899489584,3.9397151899489584,3.9397151899489584,3.9397151899489584,3.9397151899489584,3.9397151899489584,3.9397151899489584,3.9397151899489584,3.9397151899489584,3.9397151899489584,3.9397151899489584,3.9397151899489584,3.9397151899489584,3.9397151899489584,3.9397151899489584,3.9397151899489584,3.9397151899489584,3.9397151899489584,3.9397151899489584,3.9397151899489584,3.9397151899489584,3.9397151899489584,3.9397151899489584,3.9397151899489584,3.9397151899489584,3.9397151899489584,3.9397151899489584,3.9397151899489584,3.9397151899489584,3.9397151899489584,3.9397151899489584,3.9397151899489584,3.9397151899489584,3.9397151899489584,3.9397151899489584,3.9397151899489584,3.9397151899489584,3.9397151899489584,3.9397151899489584,3.9397151899489584,3.9397151899489584,3.9397151899489584,3.9397151899489584,3.9397151899489584,3.9397151899489584,3.9397151899489584,3.9397151899489584,3.9397151899489584,3.9397151899489584,3.9397151899489584,3.9397151899489584,3.9397151899489584,3.9397151899489584,3.9397151899489584,3.9397151899489584,3.9397151899489584,3.9397151899489584,3.9397151899489584,3.9397151899489584,3.9397151899489584,3.9397151899489584,3.9397151899489584,3.9397151899489584,3.9397151899489584,3.9397151899489584,3.9397151899489584,3.9397151899489584,3.9397151899489584,3.9397151899489584,3.9397151899489584,3.9397151899489584,3.9397151899489584,3.9397151899489584,3.9397151899489584,3.9397151899489584,3.9397151899489584,3.9397151899489584,3.9397151899489584,3.9397151899489584,3.9397151899489584,3.9397151899489584,3.9397151899489584,3.9397151899489584,3.9397151899489584,3.9397151899489584,3.9397151899489584,3.9397151899489584,3.9397151899489584,3.9397151899489584,3.9397151899489584,3.9397151899489584,3.9397151899489584,3.9397151899489584,3.9397151899489584,3.9397151899489584,3.9397151899489584,3.9397151899489584,3.9397151899489584,3.9397151899489584,3.9397151899489584,3.9397151899489584,3.9397151899489584,3.9397151899489584,3.9397151899489584,3.9397151899489584,3.9397151899489584,3.9397151899489584,3.9397151899489584,3.9397151899489584,3.9397151899489584,3.9397151899489584,3.9397151899489584,3.9397151899489584,3.9397151899489584,3.9397151899489584,3.9397151899489584,3.9397151899489584,3.9397151899489584,3.9397151899489584,3.9397151899489584,3.9397151899489584,3.9397151899489584,3.9397151899489584,3.9397151899489584,3.9397151899489584,3.9397151899489584,3.9397151899489584,3.9397151899489584,3.9397151899489584,3.9397151899489584,3.9397151899489584,3.9397151899489584,3.9397151899489584,3.9397151899489584,3.9397151899489584,3.9397151899489584,3.9397151899489584,3.9397151899489584,3.9397151899489584,3.9397151899489584,3.9397151899489584,3.9397151899489584,3.9397151899489584,3.9397151899489584,3.9397151899489584,3.9397151899489584,3.9397151899489584,3.9397151899489584,3.9397151899489584,3.9397151899489584,3.9397151899489584,3.9397151899489584,3.9397151899489584,3.9397151899489584,3.9397151899489584,3.9397151899489584,3.9397151899489584,3.9397151899489584,3.9397151899489584,3.9397151899489584,3.9397151899489584,3.9397151899489584,3.9397151899489584,3.9397151899489584,3.9397151899489584,3.9397151899489584,3.9397151899489584,3.9397151899489584,3.9397151899489584,3.9397151899489584,3.9397151899489584,3.9397151899489584,3.9397151899489584,3.9397151899489584,3.9397151899489584,3.9397151899489584,3.9397151899489584,3.9397151899489584,3.9397151899489584,3.9397151899489584,3.9397151899489584,3.9397151899489584,3.9397151899489584,3.9397151899489584,3.9397151899489584,3.9397151899489584,3.9397151899489584,3.9397151899489584,3.9397151899489584,3.9397151899489584,3.9397151899489584,3.9397151899489584,3.9397151899489584,3.9397151899489584,3.9397151899489584,3.9397151899489584,3.9397151899489584,3.9397151899489584,3.9397151899489584,3.9397151899489584,3.9397151899489584,3.9397151899489584,3.9397151899489584,3.9397151899489584,3.9397151899489584,3.9397151899489584,3.9397151899489584,3.9397151899489584,3.9397151899489584,3.9397151899489584,3.9397151899489584,3.9397151899489584,3.9397151899489584,3.9397151899489584,3.9397151899489584,3.9397151899489584,3.9397151899489584,3.9397151899489584,3.9397151899489584,3.9397151899489584,3.9397151899489584,3.9397151899489584,3.9397151899489584,3.9397151899489584,3.9397151899489584,3.9397151899489584,3.9397151899489584,3.9397151899489584,3.9397151899489584,3.9397151899489584,3.9397151899489584,3.9397151899489584,3.9397151899489584,3.9397151899489584,3.9397151899489584,3.9397151899489584,3.9397151899489584,3.9397151899489584,3.9397151899489584,3.9397151899489584,3.9397151899489584,3.9397151899489584,3.9397151899489584,3.9397151899489584,3.9397151899489584,3.9397151899489584,3.9397151899489584,3.9397151899489584,3.9397151899489584,3.9397151899489584,3.9397151899489584,3.9397151899489584,3.9397151899489584,3.9397151899489584,3.9397151899489584,3.9397151899489584,3.9397151899489584,3.9397151899489584,3.9397151899489584,3.9397151899489584,3.9397151899489584,3.9397151899489584,3.9397151899489584,3.9397151899489584,3.9397151899489584,3.9397151899489584,3.9397151899489584,3.9397151899489584,3.9397151899489584,3.9397151899489584,3.9397151899489584,3.9397151899489584,3.9397151899489584,3.9397151899489584,3.9397151899489584,3.9397151899489584,3.9397151899489584,3.9397151899489584,3.9397151899489584,3.9397151899489584,3.9397151899489584,3.9397151899489584,3.9397151899489584,3.9397151899489584,3.9397151899489584,3.9397151899489584,3.9397151899489584,3.9397151899489584,3.9397151899489584,3.9397151899489584,3.9397151899489584,3.9397151899489584,3.9397151899489584,3.9397151899489584,3.9397151899489584,3.9397151899489584,3.9397151899489584,3.9397151899489584,3.9397151899489584,3.9397151899489584,3.9397151899489584,3.9397151899489584,3.9397151899489584,3.9397151899489584,3.9397151899489584,3.9397151899489584,3.9397151899489584,3.9397151899489584,3.9397151899489584,3.9397151899489584,3.9397151899489584,3.9397151899489584,3.9397151899489584,3.9397151899489584,3.9397151899489584,3.9397151899489584,3.9397151899489584,3.9397151899489584,3.9397151899489584,3.9397151899489584,3.9397151899489584,3.9397151899489584,3.9397151899489584,3.9397151899489584,3.9397151899489584,3.9397151899489584,3.9397151899489584,3.9397151899489584,3.9397151899489584,3.9397151899489584,3.9397151899489584,3.9397151899489584,3.9397151899489584,3.9397151899489584,3.9397151899489584,3.9397151899489584,3.9397151899489584,3.9397151899489584,3.9397151899489584,3.9397151899489584,3.9397151899489584,3.9397151899489584,3.9397151899489584,3.9397151899489584,3.9397151899489584,3.9397151899489584,3.9397151899489584,3.9397151899489584,3.9397151899489584,3.9397151899489584,3.9397151899489584,3.9397151899489584,3.9397151899489584,3.9397151899489584,3.9397151899489584,3.9397151899489584,3.9397151899489584,3.9397151899489584,3.9397151899489584,3.9397151899489584,3.9397151899489584,3.9397151899489584,3.9397151899489584,3.9397151899489584,3.9397151899489584,3.9397151899489584,3.9397151899489584,3.9397151899489584,3.9397151899489584,3.9397151899489584,3.9397151899489584,3.9397151899489584,3.9397151899489584,3.9397151899489584,3.9397151899489584,3.9397151899489584,3.9397151899489584,3.9397151899489584,3.9397151899489584,3.9397151899489584,3.9397151899489584,3.9397151899489584,3.9397151899489584,3.9397151899489584,3.9397151899489584,3.9397151899489584,3.9397151899489584,3.9397151899489584,3.9397151899489584,3.9397151899489584,3.9397151899489584,3.9397151899489584,3.9397151899489584,3.9397151899489584,3.9397151899489584,3.9397151899489584,3.9397151899489584,3.9397151899489584,3.9397151899489584,3.9397151899489584,3.9397151899489584,3.9397151899489584,3.9397151899489584,3.9397151899489584,3.9397151899489584,3.9397151899489584,3.9397151899489584,3.9397151899489584,3.9397151899489584,3.9397151899489584,3.9397151899489584,3.9397151899489584,3.9397151899489584,3.9397151899489584,3.9397151899489584,3.9397151899489584,3.9397151899489584,3.9397151899489584,3.9397151899489584,3.9397151899489584,3.9397151899489584,3.9397151899489584,3.9397151899489584,3.9397151899489584,3.9397151899489584,3.9397151899489584,3.9397151899489584,3.9397151899489584,3.9397151899489584,3.9397151899489584,3.9397151899489584,3.9397151899489584,3.9397151899489584,3.9397151899489584,3.9397151899489584,3.9397151899489584,3.9397151899489584,3.9397151899489584,3.9397151899489584,3.9397151899489584,3.9397151899489584,3.9397151899489584,3.9397151899489584,3.9397151899489584,3.9397151899489584,3.9397151899489584,3.9397151899489584,3.9397151899489584,3.9397151899489584,3.9397151899489584,3.9397151899489584,3.9397151899489584,3.9397151899489584,3.9397151899489584,3.9397151899489584,3.9397151899489584,3.9397151899489584,3.9397151899489584,3.9397151899489584,3.9397151899489584,3.9397151899489584,3.9397151899489584,3.9397151899489584,3.9397151899489584,3.9397151899489584,3.9397151899489584,3.9397151899489584,3.9397151899489584,3.9397151899489584,3.9397151899489584,3.9397151899489584,3.9397151899489584,3.9397151899489584,3.9397151899489584,3.9397151899489584,3.9397151899489584,3.9397151899489584,3.9397151899489584,3.9397151899489584,3.9397151899489584,3.9397151899489584,3.9397151899489584,3.9397151899489584,3.9397151899489584,3.9397151899489584,3.9397151899489584,3.9397151899489584,3.9397151899489584,3.9397151899489584,3.9397151899489584,3.9397151899489584,3.9397151899489584,3.9397151899489584,3.9397151899489584,3.9397151899489584,3.9397151899489584,3.9397151899489584,3.9397151899489584,3.9397151899489584,3.9397151899489584,3.9397151899489584,3.9397151899489584,3.9397151899489584,3.9397151899489584,3.9397151899489584,3.9397151899489584,3.9397151899489584,3.9397151899489584,3.9397151899489584,3.9397151899489584,3.9397151899489584,3.9397151899489584,3.9397151899489584,3.9397151899489584,3.9397151899489584,3.9397151899489584,3.9397151899489584,3.9397151899489584,3.9397151899489584,3.9397151899489584,3.9397151899489584,3.9397151899489584,3.9397151899489584,3.9397151899489584,3.9397151899489584,3.9397151899489584,3.9397151899489584,3.9397151899489584,3.9397151899489584,3.9397151899489584,3.9397151899489584,3.9397151899489584,3.9397151899489584,3.9397151899489584,3.9397151899489584,3.9397151899489584,3.9397151899489584,3.9397151899489584,3.9397151899489584,3.9397151899489584,3.9397151899489584,3.9397151899489584,3.9397151899489584,3.9397151899489584,3.9397151899489584,3.9397151899489584,3.9397151899489584,3.9397151899489584,3.9397151899489584,3.9397151899489584,3.9397151899489584,3.9397151899489584,3.9397151899489584,3.9397151899489584,3.9397151899489584,3.9397151899489584,3.9397151899489584,3.9397151899489584,3.9397151899489584,3.9397151899489584,3.9397151899489584,3.9397151899489584,3.9397151899489584,3.9397151899489584,3.9397151899489584,3.9397151899489584,3.9397151899489584,3.9397151899489584,3.9397151899489584,3.9397151899489584,3.9397151899489584,3.9397151899489584,3.9397151899489584,3.9397151899489584,3.9397151899489584,3.9397151899489584,3.9397151899489584,3.9397151899489584,3.9397151899489584,3.9397151899489584,3.9397151899489584,3.9397151899489584,3.9397151899489584,3.9397151899489584,3.9397151899489584,3.9397151899489584,3.9397151899489584,3.9397151899489584,3.9397151899489584,3.9397151899489584,3.9397151899489584,3.9397151899489584,3.9397151899489584,3.9397151899489584,3.9397151899489584,3.9397151899489584,3.9397151899489584,3.9397151899489584,3.9397151899489584,3.9397151899489584,3.9397151899489584,3.9397151899489584,3.9397151899489584,3.9397151899489584,3.9397151899489584,3.9397151899489584,3.9397151899489584,3.9397151899489584,3.9397151899489584,3.9397151899489584,3.9397151899489584,3.9397151899489584,3.9397151899489584,3.9397151899489584,3.9397151899489584,3.9397151899489584,3.9397151899489584,3.9397151899489584,3.9397151899489584,3.9397151899489584,3.9397151899489584,3.9397151899489584,3.9397151899489584,3.9397151899489584,3.9397151899489584,3.9397151899489584,3.9397151899489584,3.9397151899489584,3.9397151899489584,3.9397151899489584,3.9397151899489584,3.9397151899489584,3.9397151899489584,3.9397151899489584,3.9397151899489584,3.9397151899489584,3.9397151899489584,3.9397151899489584,3.9397151899489584,3.9397151899489584,3.9397151899489584,3.9397151899489584,3.9397151899489584,3.9397151899489584,3.9397151899489584,3.9397151899489584,3.9397151899489584,3.9397151899489584,3.9397151899489584,3.9397151899489584,3.9397151899489584,3.9397151899489584,3.9397151899489584,3.9397151899489584,3.9397151899489584,3.9397151899489584,3.9397151899489584,3.9397151899489584,3.9397151899489584,3.9397151899489584,3.9397151899489584,3.9397151899489584,3.9397151899489584,3.9397151899489584,3.9397151899489584,3.9397151899489584,3.9397151899489584,3.9397151899489584,3.9397151899489584,3.9397151899489584,3.9397151899489584,3.9397151899489584,3.9397151899489584,3.9397151899489584,3.9397151899489584,3.9397151899489584,3.9397151899489584,3.9397151899489584,3.9397151899489584,3.9397151899489584,3.9397151899489584,3.9397151899489584,3.9397151899489584,3.9397151899489584,3.9397151899489584,3.9397151899489584,3.9397151899489584,3.9397151899489584,3.9397151899489584,3.9397151899489584,3.9397151899489584,3.9397151899489584,3.9397151899489584,3.9397151899489584,3.9397151899489584,3.9397151899489584,3.9397151899489584,3.9397151899489584,3.9397151899489584,3.9397151899489584,3.9397151899489584,3.9397151899489584,3.9397151899489584,3.9397151899489584,3.9397151899489584,3.9397151899489584,3.9397151899489584,3.9397151899489584,3.9397151899489584,3.9397151899489584,3.9397151899489584,3.9397151899489584,3.9397151899489584,3.9397151899489584,3.9397151899489584,3.9397151899489584,3.9397151899489584,3.9397151899489584,3.9397151899489584,3.9397151899489584,3.9397151899489584,6.443829043392231,5.866080755669744,5.506780384408657,5.319886731325984,5.319886731325984,5.319886731325984,5.319886731325984,5.266346026493768,5.266346026493768,5.266346026493768,5.266346026493768,5.266346026493768,5.266346026493768,5.266346026493768,5.266346026493768,5.266346026493768,5.266346026493768,5.266346026493768,5.266346026493768,5.266346026493768,5.266346026493768,5.266346026493768,5.266346026493768,5.266346026493768,5.266346026493768,5.266346026493768,5.266346026493768,5.266346026493768,5.266346026493768,5.266346026493768,5.266346026493768,5.266346026493768,5.266346026493768,5.266346026493768,5.266346026493768,5.266346026493768,5.266346026493768,5.266346026493768,5.266346026493768,5.266346026493768,5.266346026493768,5.266346026493768,5.266346026493768,5.266346026493768,5.266346026493768,5.266346026493768,5.266346026493768,5.266346026493768,5.266346026493768,5.266346026493768,5.266346026493768,5.266346026493768,5.266346026493768,5.266346026493768,5.266346026493768,5.266346026493768,5.266346026493768,5.266346026493768,5.266346026493768,5.266346026493768,5.266346026493768,5.266346026493768,5.266346026493768,5.266346026493768,5.266346026493768,5.266346026493768,5.266346026493768,5.266346026493768,5.266346026493768,5.266346026493768,5.266346026493768,5.266346026493768,5.266346026493768,5.266346026493768,5.266346026493768,5.266346026493768,5.083678709634994,5.083678709634994,5.083678709634994,5.083678709634994,5.083678709634994,5.083678709634994,5.083678709634994,5.083678709634994,5.083678709634994,5.083678709634994,5.083678709634994,5.083678709634994,5.083678709634994,5.083678709634994,5.083678709634994,5.083678709634994,5.083678709634994,5.083678709634994,5.083678709634994,5.083678709634994,5.083678709634994,5.083678709634994,5.083678709634994,5.083678709634994,5.083678709634994,5.083678709634994,5.083678709634994,5.083678709634994,5.083678709634994,5.083678709634994,5.083678709634994,5.083678709634994,5.083678709634994,5.083678709634994,5.083678709634994,5.083678709634994,5.083678709634994,5.083678709634994,5.083678709634994,5.083678709634994,5.083678709634994,5.083678709634994,5.083678709634994,5.083678709634994,5.083678709634994,5.083678709634994,5.083678709634994,5.083678709634994,5.083678709634994,5.083678709634994,5.083678709634994,5.083678709634994,5.083678709634994,5.083678709634994,5.083678709634994,5.083678709634994,5.083678709634994,5.083678709634994,5.083678709634994,5.083678709634994,5.083678709634994,5.083678709634994,5.083678709634994,5.083678709634994,3.8274966499160286,3.8274966499160286,3.8274966499160286,3.8274966499160286,3.8274966499160286,3.8274966499160286,3.8274966499160286,3.8274966499160286,3.8274966499160286,3.8274966499160286,3.8274966499160286,3.8274966499160286,3.8274966499160286,3.8274966499160286,3.8274966499160286,3.8274966499160286,3.8274966499160286,3.8274966499160286,3.8274966499160286,3.8274966499160286,3.8274966499160286,3.8274966499160286,3.8274966499160286,3.8274966499160286,3.8274966499160286,3.8274966499160286,3.8274966499160286,3.8274966499160286,3.8274966499160286,3.8274966499160286,3.8274966499160286,3.8274966499160286,3.8274966499160286,3.8274966499160286,3.8274966499160286,3.8274966499160286,3.8274966499160286,3.8274966499160286,3.8274966499160286,3.8274966499160286,3.8274966499160286,3.8274966499160286,3.8274966499160286,3.8274966499160286,3.8274966499160286,3.8274966499160286,3.8274966499160286,3.8274966499160286,3.8274966499160286,3.8274966499160286,3.8274966499160286,3.8274966499160286,3.8274966499160286,3.8274966499160286,3.8274966499160286,3.8274966499160286,3.8274966499160286,3.8274966499160286,3.8274966499160286,3.8274966499160286,3.8274966499160286,3.8274966499160286,3.8274966499160286,3.8274966499160286,3.8274966499160286,3.8274966499160286,3.8274966499160286,3.8274966499160286,3.8274966499160286,3.8274966499160286,3.8274966499160286,3.8274966499160286,3.8274966499160286,3.8274966499160286,3.8274966499160286,3.8274966499160286,3.8274966499160286,3.8274966499160286,3.8274966499160286,3.8274966499160286,3.8274966499160286,3.8274966499160286,3.8274966499160286,3.8274966499160286,3.8274966499160286,3.8274966499160286,3.8274966499160286,3.8274966499160286,3.8274966499160286,3.8274966499160286,3.8274966499160286,3.8274966499160286,3.8274966499160286,3.8274966499160286,3.8274966499160286,3.8274966499160286,3.8274966499160286,3.8274966499160286,3.8274966499160286,3.8274966499160286,3.8274966499160286,3.8274966499160286,3.8274966499160286,3.8274966499160286,3.8274966499160286,3.8274966499160286,3.8274966499160286,3.8274966499160286,3.8274966499160286,3.8274966499160286,3.8274966499160286,3.8274966499160286,3.8274966499160286,3.8274966499160286,3.8274966499160286,3.8274966499160286,3.8274966499160286,3.8274966499160286,3.8274966499160286,3.8274966499160286,3.8274966499160286,3.8274966499160286,3.8274966499160286,3.8274966499160286,3.8274966499160286,3.8274966499160286,3.8274966499160286,3.8274966499160286,3.8274966499160286,3.8274966499160286,3.8274966499160286,3.8274966499160286,3.8274966499160286,3.8274966499160286,3.8274966499160286,3.8274966499160286,3.8274966499160286,3.8274966499160286,3.8274966499160286,3.8274966499160286,3.8274966499160286,3.8274966499160286,3.8274966499160286,3.8274966499160286,3.8274966499160286,3.8274966499160286,3.8274966499160286,3.8274966499160286,3.8274966499160286,3.8274966499160286,3.8274966499160286,3.8274966499160286,3.8274966499160286,3.8274966499160286,3.8274966499160286,3.8274966499160286,3.8274966499160286,3.8274966499160286,3.8274966499160286,3.8274966499160286,3.8274966499160286,3.8274966499160286,3.8274966499160286,3.8274966499160286,3.8274966499160286,3.8274966499160286,3.8274966499160286,3.8274966499160286,3.8274966499160286,3.8274966499160286,3.8274966499160286,3.8274966499160286,3.8274966499160286,3.8274966499160286,3.8274966499160286,3.8274966499160286,3.8274966499160286,3.8274966499160286,3.8274966499160286,3.8274966499160286,3.8274966499160286,3.8274966499160286,3.8274966499160286,3.8274966499160286,3.8274966499160286,3.8274966499160286,3.8274966499160286,3.8274966499160286,3.8274966499160286,3.8274966499160286,3.8274966499160286,3.8274966499160286,3.8274966499160286,3.8274966499160286,3.8274966499160286,3.8274966499160286,3.8274966499160286,3.8274966499160286,3.8274966499160286,3.8274966499160286,3.8274966499160286,3.8274966499160286,3.8274966499160286,3.802961584726591,3.802961584726591,3.802961584726591,3.802961584726591,3.802961584726591,3.802961584726591,3.802961584726591,3.802961584726591,3.802961584726591,3.802961584726591,3.802961584726591,3.802961584726591,3.802961584726591,3.802961584726591,3.802961584726591,3.802961584726591,3.802961584726591,3.802961584726591,3.802961584726591,3.802961584726591,3.802961584726591,3.802961584726591,3.802961584726591,3.802961584726591,3.802961584726591,3.802961584726591,3.802961584726591,3.802961584726591,3.802961584726591,3.802961584726591,3.802961584726591,3.802961584726591,3.802961584726591,3.802961584726591,3.802961584726591,3.802961584726591,3.802961584726591,3.802961584726591,3.802961584726591,3.802961584726591,3.802961584726591,3.802961584726591,3.802961584726591,3.802961584726591,3.802961584726591,3.802961584726591,3.802961584726591,3.802961584726591,3.802961584726591,3.802961584726591,3.802961584726591,3.802961584726591,3.802961584726591,3.802961584726591,3.802961584726591,3.802961584726591,3.802961584726591,3.802961584726591,3.802961584726591,3.802961584726591,3.802961584726591,3.802961584726591,3.802961584726591,3.802961584726591,3.802961584726591,3.802961584726591,3.802961584726591,3.802961584726591,3.802961584726591,3.802961584726591,3.802961584726591,3.802961584726591,3.802961584726591,3.802961584726591,3.802961584726591,3.802961584726591,3.802961584726591,3.802961584726591,3.802961584726591,3.802961584726591,3.802961584726591,3.802961584726591,3.802961584726591,3.802961584726591,3.802961584726591,3.802961584726591,3.802961584726591,3.802961584726591,3.802961584726591,3.802961584726591,3.802961584726591,3.802961584726591,3.802961584726591,3.802961584726591,3.802961584726591,3.802961584726591,3.802961584726591,3.802961584726591,3.802961584726591,3.802961584726591,3.802961584726591,3.802961584726591,3.802961584726591,3.802961584726591,3.802961584726591,3.802961584726591,3.802961584726591,3.802961584726591,3.802961584726591,3.802961584726591,3.802961584726591,3.802961584726591,3.802961584726591,3.802961584726591,3.802961584726591,3.802961584726591,3.802961584726591,3.802961584726591,3.802961584726591,3.802961584726591,3.802961584726591,3.802961584726591,3.802961584726591,3.802961584726591,3.802961584726591,3.802961584726591,3.802961584726591,3.802961584726591,3.802961584726591,3.802961584726591,3.802961584726591,3.802961584726591,3.802961584726591,3.802961584726591,3.802961584726591,3.802961584726591,3.802961584726591,3.802961584726591,3.802961584726591,3.802961584726591,3.802961584726591,3.802961584726591,3.802961584726591,3.802961584726591,3.802961584726591,3.802961584726591,3.802961584726591,3.802961584726591,3.802961584726591,3.802961584726591,2.4747619612221206,2.4747619612221206,2.4747619612221206,2.4747619612221206,2.4747619612221206,2.4747619612221206,2.4747619612221206,2.4747619612221206,2.4747619612221206,2.4747619612221206,2.4747619612221206,2.4747619612221206,2.4747619612221206,2.4747619612221206,2.4747619612221206,2.4747619612221206,2.4747619612221206,2.4747619612221206,2.4747619612221206,2.4747619612221206,2.4747619612221206,2.4747619612221206,2.4747619612221206,2.4747619612221206,2.4747619612221206,2.4747619612221206,2.4747619612221206,2.4747619612221206,2.4747619612221206,2.4747619612221206,2.4747619612221206,2.4747619612221206,2.4747619612221206,2.4747619612221206,2.4747619612221206,2.4747619612221206,2.4747619612221206,2.4747619612221206,2.4747619612221206,2.4747619612221206,2.4747619612221206,2.4747619612221206,2.4747619612221206,2.4747619612221206,2.4747619612221206,2.4747619612221206,2.4747619612221206,2.4747619612221206,2.4747619612221206,2.4747619612221206,2.4747619612221206,2.4747619612221206,2.4747619612221206,2.4747619612221206,2.4747619612221206,2.4747619612221206,2.4747619612221206,2.4747619612221206,2.4747619612221206,2.4747619612221206,2.4747619612221206,2.4747619612221206,2.4747619612221206,2.4747619612221206,2.4747619612221206,2.4747619612221206,2.4747619612221206,2.4747619612221206,2.4747619612221206,2.4747619612221206,2.4747619612221206,2.4747619612221206,2.4747619612221206,2.4747619612221206,2.4747619612221206,2.4747619612221206,2.4747619612221206,2.4747619612221206,2.4747619612221206,2.4747619612221206,2.4747619612221206,2.4747619612221206,2.4747619612221206,2.4747619612221206,2.4747619612221206,2.4747619612221206,2.4747619612221206,2.4747619612221206,2.4747619612221206,2.4747619612221206,2.4747619612221206,2.4747619612221206,2.4747619612221206,2.4747619612221206,2.4747619612221206,2.4747619612221206,2.4747619612221206,2.4747619612221206,2.4747619612221206,2.4747619612221206,2.4747619612221206,2.4747619612221206,2.4747619612221206,2.4747619612221206,2.4747619612221206,2.4747619612221206,2.4747619612221206,2.4747619612221206,2.4747619612221206,2.4747619612221206,2.4747619612221206,2.4747619612221206,2.4747619612221206,2.4747619612221206,2.4747619612221206,2.4747619612221206,2.4747619612221206,2.4747619612221206,2.4747619612221206,2.4747619612221206,2.4747619612221206,2.4747619612221206,2.4747619612221206,2.4747619612221206,2.4747619612221206,2.4747619612221206,2.4747619612221206,2.4747619612221206,2.4747619612221206,2.4747619612221206,2.4747619612221206,2.4747619612221206,2.4747619612221206,2.4747619612221206,2.4747619612221206,2.4747619612221206,2.4747619612221206,2.4747619612221206,2.4747619612221206,2.4747619612221206,2.4747619612221206,2.4747619612221206,2.4747619612221206,2.4747619612221206,2.4747619612221206,2.4747619612221206,2.4747619612221206,2.4747619612221206,2.4747619612221206,2.4747619612221206,2.4747619612221206,2.4747619612221206,2.4747619612221206,2.4747619612221206,2.4747619612221206,2.4747619612221206,2.4747619612221206,2.4747619612221206,2.4747619612221206,2.4747619612221206,2.4747619612221206,2.4747619612221206,2.4747619612221206,2.4747619612221206,2.4747619612221206,2.4747619612221206,2.4747619612221206,2.4747619612221206,2.4747619612221206,2.4747619612221206,2.4747619612221206,2.4747619612221206,2.4747619612221206,2.4747619612221206,2.4747619612221206,2.4747619612221206,2.4747619612221206,2.4747619612221206,2.4747619612221206,2.4747619612221206,2.4747619612221206,2.4747619612221206,2.4747619612221206,2.4747619612221206,2.4747619612221206,2.4747619612221206,2.4747619612221206,2.4747619612221206,2.4747619612221206,2.4747619612221206,2.4747619612221206,2.4747619612221206,2.4747619612221206,2.4747619612221206,2.4747619612221206,2.4747619612221206,2.4747619612221206,2.4747619612221206,2.4747619612221206,2.4747619612221206,2.4747619612221206,2.4747619612221206,2.4747619612221206,2.4747619612221206,2.4747619612221206,2.4747619612221206,2.4747619612221206,2.4747619612221206,2.4747619612221206,2.4747619612221206,2.4747619612221206,2.4747619612221206,2.4747619612221206,2.4747619612221206,2.4747619612221206,2.4747619612221206,2.4747619612221206,2.4747619612221206,2.4747619612221206,2.4747619612221206,2.4747619612221206,2.4747619612221206,2.4747619612221206,2.4747619612221206,2.4747619612221206,2.4747619612221206,2.4747619612221206,2.4747619612221206,2.4747619612221206,2.4747619612221206,2.4747619612221206,2.4747619612221206,2.4747619612221206,2.4747619612221206,2.4747619612221206,2.4747619612221206,2.4747619612221206,2.4747619612221206,2.4747619612221206,2.4747619612221206,2.4747619612221206,2.4747619612221206,2.4747619612221206,2.4747619612221206,2.4747619612221206,2.4747619612221206,2.4747619612221206,2.4747619612221206,2.4747619612221206,2.4747619612221206,2.4747619612221206,2.4747619612221206,2.4747619612221206,2.4747619612221206,2.4747619612221206,2.4747619612221206,2.4747619612221206,2.4747619612221206,2.4747619612221206,2.4747619612221206,2.4747619612221206,2.4747619612221206,2.4747619612221206,2.4747619612221206,2.4747619612221206,2.4747619612221206,2.4747619612221206,2.4747619612221206,2.4747619612221206,2.4747619612221206,2.4747619612221206,2.4747619612221206,2.4747619612221206,2.4747619612221206,2.4747619612221206,2.4747619612221206,2.4747619612221206,2.4747619612221206,2.4747619612221206,2.4747619612221206,2.4747619612221206,2.4747619612221206,2.4747619612221206,2.4747619612221206,2.4747619612221206,2.4747619612221206,2.4747619612221206,2.4747619612221206,2.4747619612221206,2.4747619612221206,2.4747619612221206,2.4747619612221206,2.4747619612221206,2.4747619612221206,2.4747619612221206,2.4747619612221206,2.4747619612221206,2.4747619612221206,2.4747619612221206,2.4747619612221206,2.4747619612221206,2.4747619612221206,2.4747619612221206,2.4747619612221206,2.4747619612221206,2.4747619612221206,2.4747619612221206,2.4747619612221206,2.4747619612221206,2.4747619612221206,2.4747619612221206,2.4747619612221206,2.4747619612221206,2.4747619612221206,2.4747619612221206,2.4747619612221206,2.4747619612221206,2.4747619612221206,2.4747619612221206,2.4747619612221206,2.4747619612221206,2.4747619612221206,2.4747619612221206,2.4747619612221206,2.4747619612221206,2.4747619612221206,2.4747619612221206,2.4747619612221206,2.4747619612221206,2.4747619612221206,2.4747619612221206,2.4747619612221206,2.4747619612221206,2.4747619612221206,2.4747619612221206,2.4747619612221206,2.4747619612221206,2.4747619612221206,2.4747619612221206,2.4747619612221206,2.4747619612221206,2.4747619612221206,2.4747619612221206,2.4747619612221206,2.4747619612221206,2.4747619612221206,2.4747619612221206,2.4747619612221206,2.4747619612221206,2.4747619612221206,2.4747619612221206,2.4747619612221206,2.4747619612221206,2.4747619612221206,2.4747619612221206,2.4747619612221206,2.4747619612221206,2.4747619612221206,2.4747619612221206,2.4747619612221206,2.4747619612221206,2.4747619612221206,2.4747619612221206,2.4747619612221206,2.4747619612221206,2.4747619612221206,2.4747619612221206,2.4747619612221206,2.4747619612221206,2.4747619612221206,2.4747619612221206,2.4747619612221206,2.4747619612221206,2.4747619612221206,2.4747619612221206,2.4747619612221206,2.4747619612221206,2.4747619612221206,2.4747619612221206,2.4747619612221206,2.4747619612221206,2.4747619612221206,2.4747619612221206,2.4747619612221206,2.4747619612221206,2.4747619612221206,2.4747619612221206,2.4747619612221206,2.4747619612221206,2.4747619612221206,2.4747619612221206,2.4747619612221206,2.4747619612221206,2.4747619612221206,2.4747619612221206,2.4747619612221206,2.4747619612221206,2.4747619612221206,2.4747619612221206,2.4747619612221206,2.4747619612221206,2.4747619612221206,2.4747619612221206,2.4747619612221206,2.4747619612221206,2.4747619612221206,2.4747619612221206,2.4747619612221206,2.4747619612221206,2.4747619612221206,2.4747619612221206,2.4747619612221206,2.4747619612221206,2.4747619612221206,2.4747619612221206,2.4747619612221206,2.4747619612221206,2.4747619612221206,2.4747619612221206,2.4747619612221206,2.4747619612221206,2.4747619612221206,2.4747619612221206,2.4747619612221206,2.4747619612221206,2.4747619612221206,2.4747619612221206,2.4747619612221206,2.4747619612221206,2.4747619612221206,2.4747619612221206,2.4747619612221206,2.4747619612221206,2.4747619612221206,2.4747619612221206,2.4747619612221206,2.4747619612221206,2.4747619612221206,2.4747619612221206,2.4747619612221206,2.4747619612221206,2.4747619612221206,2.4747619612221206,2.4747619612221206,2.4747619612221206,2.4747619612221206,2.4747619612221206,2.4747619612221206,2.4747619612221206,2.4747619612221206,2.4747619612221206,2.4747619612221206,2.4747619612221206,2.4747619612221206,2.4747619612221206,2.4747619612221206,2.4747619612221206,2.4747619612221206,2.4747619612221206,2.4747619612221206,2.4747619612221206,2.4747619612221206,2.4747619612221206,2.4747619612221206,2.4747619612221206,2.4747619612221206,2.4747619612221206,2.4747619612221206,2.4747619612221206,2.4747619612221206,2.4747619612221206,2.4747619612221206,2.4747619612221206,2.4747619612221206,2.4747619612221206,2.4747619612221206,2.4747619612221206,2.4747619612221206,2.4747619612221206,2.4747619612221206,2.4747619612221206,2.4747619612221206,2.4747619612221206,2.4747619612221206,2.4747619612221206,2.4747619612221206,2.4747619612221206,2.4747619612221206,2.4747619612221206,2.4747619612221206,2.4747619612221206,2.4747619612221206,2.4747619612221206,2.4747619612221206,2.4747619612221206,2.4747619612221206,2.4747619612221206,2.4747619612221206,2.4747619612221206,2.4747619612221206,2.4747619612221206,2.4747619612221206,2.4747619612221206,2.4747619612221206,2.4747619612221206,2.4747619612221206,2.4747619612221206,8.54844324865693,8.54844324865693,8.54844324865693,8.54844324865693,8.06642095279601,8.06642095279601,8.06642095279601,8.06642095279601,8.06642095279601,8.06642095279601,7.940749098351168,7.940749098351168,7.940749098351168,7.940749098351168,7.940749098351168,7.940749098351168,7.940749098351168,7.940749098351168,7.932993666030969,7.932993666030969,7.870737042448158,7.715410974870012,7.715410974870012,7.657884662753806,7.657884662753806,7.636169005899617,7.636169005899617,7.636169005899617,7.636169005899617,7.636169005899617,7.636169005899617,7.636169005899617,7.636169005899617,7.539808420551419,7.539808420551419,7.539808420551419,7.539808420551419,7.539808420551419,7.539808420551419,7.539808420551419,7.539808420551419,7.539808420551419,7.539808420551419,7.539808420551419,7.539808420551419,7.539808420551419,7.539808420551419,7.539808420551419,7.539808420551419,7.539808420551419,7.539808420551419,7.5130091445295015,7.5130091445295015,7.480024926939319,7.480024926939319,7.480024926939319,7.480024926939319,7.42984609686238,7.42984609686238,7.42984609686238,7.42984609686238,7.42984609686238,7.42984609686238,7.42984609686238,7.42984609686238,7.42984609686238,7.42984609686238,7.42984609686238,7.42984609686238,7.42984609686238,7.42984609686238,7.42984609686238,7.42984609686238,7.42984609686238,7.42984609686238,7.42984609686238,7.42984609686238,7.42984609686238,7.42984609686238,7.42984609686238,7.42984609686238,7.42984609686238,7.42984609686238,7.42984609686238,7.42984609686238,7.42984609686238,7.42984609686238,7.400222301151878,7.400222301151878,7.400222301151878,7.400222301151878,7.400222301151878,7.400222301151878,7.400222301151878,7.400222301151878,7.400222301151878,7.400222301151878,7.400222301151878,7.400222301151878,7.400222301151878,7.400222301151878,7.400222301151878,7.400222301151878,7.400222301151878,7.400222301151878,7.400222301151878,7.400222301151878,7.400222301151878,7.400222301151878,7.400222301151878,7.400222301151878,7.400222301151878,7.400222301151878,7.400222301151878,7.360557270434704,7.360557270434704,7.360557270434704,7.360557270434704,7.360557270434704,7.360557270434704,7.360557270434704,7.360557270434704,7.360557270434704,7.360557270434704,7.360557270434704,7.360557270434704,7.360557270434704,7.360557270434704,7.360557270434704,7.360557270434704,7.360557270434704,7.360557270434704,7.360557270434704,7.360557270434704,7.360557270434704,7.360557270434704,7.360557270434704,7.360557270434704,7.360557270434704,7.360557270434704,7.360557270434704,7.360557270434704,7.360557270434704,7.360557270434704,7.360557270434704,7.360557270434704,7.360557270434704,7.360557270434704,7.360557270434704,7.360557270434704,7.360557270434704,7.360557270434704,7.360557270434704,7.360557270434704,7.360557270434704,7.360557270434704,7.360557270434704,7.360557270434704,7.360557270434704,7.360557270434704,7.360557270434704,7.360557270434704,7.360557270434704,7.360557270434704,7.360557270434704,7.360557270434704,7.360557270434704,7.360557270434704,7.360557270434704,7.360557270434704,7.360557270434704,7.360557270434704,7.360557270434704,7.360557270434704,7.292548059249742,7.292548059249742,7.292548059249742,7.292548059249742,7.292548059249742,7.292548059249742,7.292548059249742,7.292548059249742,7.292548059249742,7.292548059249742,7.292548059249742,7.292548059249742,7.292548059249742,7.292548059249742,7.292548059249742,7.292548059249742,7.292548059249742,7.292548059249742,7.292548059249742,7.292548059249742,7.292548059249742,7.292548059249742,7.292548059249742,7.292548059249742,7.292548059249742,7.292548059249742,7.292548059249742,7.292548059249742,7.292548059249742,7.292548059249742,7.292548059249742,7.292548059249742,7.292548059249742,7.292548059249742,7.292548059249742,7.292548059249742,7.292548059249742,7.292548059249742,7.292548059249742,7.292548059249742,7.292548059249742,7.292548059249742,7.292548059249742,7.292548059249742,7.292548059249742,7.292548059249742,7.292548059249742,7.292548059249742,7.292548059249742,7.292548059249742,7.292548059249742,7.292548059249742,7.292548059249742,7.292548059249742,7.292548059249742,7.292548059249742,7.292548059249742,7.292548059249742,7.292548059249742,7.292548059249742,7.292548059249742,7.292548059249742,7.292548059249742,7.292548059249742,7.292548059249742,7.292548059249742,7.292548059249742,7.292548059249742,7.292548059249742,7.292548059249742,7.292548059249742,7.292548059249742,7.292548059249742,7.292548059249742,7.292548059249742,7.292548059249742,7.292548059249742,7.292548059249742,7.292548059249742,7.292548059249742,7.292548059249742,7.292548059249742,7.292548059249742,7.292548059249742,7.292548059249742,7.292548059249742,7.292548059249742,7.292548059249742,7.292548059249742,7.292548059249742,7.292548059249742,7.292548059249742,7.292548059249742,7.292548059249742,7.292548059249742,5.51698046755139,5.379132339872179,5.379132339872179,5.379132339872179,5.379132339872179,5.379132339872179,5.379132339872179,5.379132339872179,5.379132339872179,5.379132339872179,5.379132339872179,5.379132339872179,5.379132339872179,5.379132339872179,5.379132339872179,5.379132339872179,5.379132339872179,5.379132339872179,5.379132339872179,5.379132339872179,5.379132339872179,5.379132339872179,5.379132339872179,5.379132339872179,5.379132339872179,5.379132339872179,5.379132339872179,5.379132339872179,5.379132339872179,5.379132339872179,5.379132339872179,5.379132339872179,5.379132339872179,5.379132339872179,5.379132339872179,5.379132339872179,5.379132339872179,5.379132339872179,5.379132339872179,5.379132339872179,5.379132339872179,5.379132339872179,5.379132339872179,5.379132339872179,5.379132339872179,5.379132339872179,5.379132339872179,5.379132339872179,5.379132339872179,5.379132339872179,5.379132339872179,5.379132339872179,5.379132339872179,5.379132339872179,5.379132339872179,5.379132339872179,5.379132339872179,5.379132339872179,5.379132339872179,5.379132339872179,5.379132339872179,5.379132339872179,5.379132339872179,5.379132339872179,5.379132339872179,5.379132339872179,5.379132339872179,5.379132339872179,5.379132339872179,5.379132339872179,5.379132339872179,5.379132339872179,5.379132339872179,5.379132339872179,5.379132339872179,5.379132339872179,5.379132339872179,5.379132339872179,5.379132339872179,5.379132339872179,5.379132339872179,5.379132339872179,5.379132339872179,5.379132339872179,5.379132339872179,5.379132339872179,5.379132339872179,5.379132339872179,5.379132339872179,5.379132339872179,5.379132339872179,5.379132339872179,5.379132339872179,5.379132339872179,5.379132339872179,5.379132339872179,5.379132339872179,5.379132339872179,5.379132339872179,5.379132339872179,5.379132339872179,5.379132339872179,5.379132339872179,5.379132339872179,5.379132339872179,5.379132339872179,5.379132339872179,5.379132339872179,5.379132339872179,5.379132339872179,5.379132339872179,5.379132339872179,5.379132339872179,5.379132339872179,5.379132339872179,5.379132339872179,5.379132339872179,5.379132339872179,5.379132339872179,5.379132339872179,5.379132339872179,5.379132339872179,5.379132339872179,5.379132339872179,5.379132339872179,5.379132339872179,5.379132339872179,5.379132339872179,5.379132339872179,5.379132339872179,5.379132339872179,5.379132339872179,5.379132339872179,5.379132339872179,5.379132339872179,5.379132339872179,5.379132339872179,5.379132339872179,5.379132339872179,5.379132339872179,5.379132339872179,5.379132339872179,5.379132339872179,5.379132339872179,5.379132339872179,5.379132339872179,5.379132339872179,5.379132339872179,5.379132339872179,5.379132339872179,5.379132339872179,5.379132339872179,5.379132339872179,5.379132339872179,5.379132339872179,5.379132339872179,5.379132339872179,5.379132339872179,5.379132339872179,5.379132339872179,5.379132339872179,5.379132339872179,5.379132339872179,5.379132339872179,5.379132339872179,5.379132339872179,5.379132339872179,5.379132339872179,5.379132339872179,5.379132339872179,5.379132339872179,5.379132339872179,5.379132339872179,5.379132339872179,5.379132339872179,5.379132339872179,5.379132339872179,5.379132339872179,5.379132339872179,5.379132339872179,5.379132339872179,5.379132339872179,5.379132339872179,5.379132339872179,5.379132339872179,5.379132339872179,5.379132339872179,5.379132339872179,5.379132339872179,5.379132339872179,5.379132339872179,5.379132339872179,5.379132339872179,5.379132339872179,5.379132339872179,5.379132339872179,5.379132339872179,5.379132339872179,5.379132339872179,5.379132339872179,5.379132339872179,5.379132339872179,5.379132339872179,5.379132339872179,5.379132339872179,5.379132339872179,5.379132339872179,5.379132339872179,5.379132339872179,5.379132339872179,5.379132339872179,5.379132339872179,5.379132339872179,5.379132339872179,5.379132339872179,5.379132339872179,5.379132339872179,5.379132339872179,5.379132339872179,5.379132339872179,5.379132339872179,5.379132339872179,5.379132339872179,5.379132339872179,5.379132339872179,5.379132339872179,5.379132339872179,5.379132339872179,5.379132339872179,5.379132339872179,5.379132339872179,5.379132339872179,5.379132339872179,5.379132339872179,5.379132339872179,5.379132339872179,5.379132339872179,5.379132339872179,5.379132339872179,5.379132339872179,5.379132339872179,5.379132339872179,5.379132339872179,5.379132339872179,5.379132339872179,5.379132339872179,5.379132339872179,5.379132339872179,5.379132339872179,5.379132339872179,5.379132339872179,5.379132339872179,5.379132339872179,5.379132339872179,5.379132339872179,5.379132339872179,5.379132339872179,5.379132339872179,5.379132339872179,5.379132339872179,5.379132339872179,5.379132339872179,5.379132339872179,5.379132339872179,5.379132339872179,5.379132339872179,5.379132339872179,5.379132339872179,5.379132339872179,5.379132339872179,5.379132339872179,5.379132339872179,5.379132339872179,5.379132339872179,5.379132339872179,5.379132339872179,5.379132339872179,5.379132339872179,5.379132339872179,5.379132339872179,5.379132339872179,5.379132339872179,5.379132339872179,5.379132339872179,5.379132339872179,5.379132339872179,5.379132339872179,5.379132339872179,5.379132339872179,5.379132339872179,5.379132339872179,5.379132339872179,5.379132339872179,5.379132339872179,5.379132339872179,5.379132339872179,5.379132339872179,5.379132339872179,5.379132339872179,5.379132339872179,5.379132339872179,5.379132339872179,5.379132339872179,5.379132339872179,5.379132339872179,5.379132339872179,5.379132339872179,5.379132339872179,5.379132339872179,5.379132339872179,5.379132339872179,5.379132339872179,5.379132339872179,5.379132339872179,5.379132339872179,5.379132339872179,5.379132339872179,5.379132339872179,5.379132339872179,5.379132339872179,5.379132339872179,5.379132339872179,5.379132339872179,5.379132339872179,5.379132339872179,5.379132339872179,5.379132339872179,5.379132339872179,5.379132339872179,5.379132339872179,5.379132339872179,5.379132339872179,5.379132339872179,5.379132339872179,5.379132339872179,5.379132339872179,5.379132339872179,5.379132339872179,5.379132339872179,5.379132339872179,5.379132339872179,5.379132339872179,5.379132339872179,5.379132339872179,5.379132339872179,5.379132339872179,5.379132339872179,5.379132339872179,5.379132339872179,5.379132339872179,5.379132339872179,5.379132339872179,5.379132339872179,5.379132339872179,5.379132339872179,5.379132339872179,5.379132339872179,5.379132339872179,5.379132339872179,5.379132339872179,5.379132339872179,5.379132339872179,5.379132339872179,5.379132339872179,5.379132339872179,5.379132339872179,5.379132339872179,5.379132339872179,5.379132339872179,5.379132339872179,5.379132339872179,5.379132339872179,5.379132339872179,5.379132339872179,5.379132339872179,5.379132339872179,5.379132339872179,5.379132339872179,5.379132339872179,5.379132339872179,5.379132339872179,5.379132339872179,5.379132339872179,5.379132339872179,5.379132339872179,5.379132339872179,5.379132339872179,5.379132339872179,5.379132339872179,5.379132339872179,5.379132339872179,5.379132339872179,5.379132339872179,5.379132339872179,5.379132339872179,5.379132339872179,5.379132339872179,5.379132339872179,5.379132339872179,5.379132339872179,5.379132339872179,5.379132339872179,5.379132339872179,5.379132339872179,5.379132339872179,5.379132339872179,5.379132339872179,5.379132339872179,5.379132339872179,5.379132339872179,5.379132339872179,5.379132339872179,5.379132339872179,5.379132339872179,5.379132339872179,5.379132339872179,5.379132339872179,5.379132339872179,5.379132339872179,5.379132339872179,5.379132339872179,5.379132339872179,5.379132339872179,5.379132339872179,5.379132339872179,5.379132339872179,5.379132339872179,5.379132339872179,5.379132339872179,5.379132339872179,5.379132339872179,5.379132339872179,5.379132339872179,5.379132339872179,5.379132339872179,5.379132339872179,5.379132339872179,5.379132339872179,5.379132339872179,5.379132339872179,5.379132339872179,5.379132339872179,5.379132339872179,5.379132339872179,5.379132339872179,5.379132339872179,5.379132339872179,5.379132339872179,5.379132339872179,5.379132339872179,5.379132339872179,5.379132339872179,5.379132339872179,5.379132339872179,5.379132339872179,5.379132339872179,5.379132339872179,5.379132339872179,5.379132339872179,5.379132339872179,5.379132339872179,5.379132339872179,5.379132339872179,5.379132339872179,5.379132339872179,5.379132339872179,5.379132339872179,5.379132339872179,5.379132339872179,5.379132339872179,5.379132339872179,5.379132339872179,5.379132339872179,5.379132339872179,5.379132339872179,5.379132339872179,5.379132339872179,5.379132339872179,5.379132339872179,5.379132339872179,5.379132339872179,5.379132339872179,5.379132339872179,5.379132339872179,5.379132339872179,5.379132339872179,5.379132339872179,5.379132339872179,5.379132339872179,5.379132339872179,5.379132339872179,5.379132339872179,5.379132339872179,5.379132339872179,5.379132339872179,5.379132339872179,5.379132339872179,5.379132339872179,5.379132339872179,5.379132339872179,5.379132339872179,5.379132339872179,5.379132339872179,5.379132339872179,5.379132339872179,5.379132339872179,5.379132339872179,5.379132339872179,5.379132339872179,5.379132339872179,5.379132339872179,5.379132339872179,5.379132339872179,5.379132339872179,5.379132339872179,5.379132339872179,5.379132339872179,5.379132339872179,5.379132339872179,5.379132339872179,5.379132339872179,5.379132339872179,5.379132339872179,5.379132339872179,5.379132339872179,5.379132339872179,5.379132339872179,5.379132339872179,5.379132339872179,5.379132339872179,5.379132339872179,5.379132339872179,5.379132339872179,5.379132339872179,5.379132339872179,5.379132339872179,5.379132339872179,5.379132339872179,5.379132339872179,5.379132339872179,5.379132339872179,5.379132339872179,5.379132339872179,5.379132339872179,5.379132339872179,5.379132339872179,5.379132339872179,5.379132339872179,5.379132339872179,5.379132339872179,5.379132339872179,5.379132339872179,5.379132339872179,5.379132339872179,5.379132339872179,5.379132339872179,5.379132339872179,5.379132339872179,5.379132339872179,5.379132339872179,5.379132339872179,5.379132339872179,5.379132339872179,5.379132339872179,5.379132339872179,5.379132339872179,5.379132339872179,5.379132339872179,5.379132339872179,5.379132339872179,5.379132339872179,5.379132339872179,5.379132339872179,5.379132339872179,5.379132339872179,5.379132339872179,5.379132339872179,5.379132339872179,5.379132339872179,5.379132339872179,5.379132339872179,5.379132339872179,5.379132339872179,5.379132339872179,5.379132339872179,5.379132339872179,5.379132339872179,5.379132339872179,5.379132339872179,5.379132339872179,5.379132339872179,5.379132339872179,5.379132339872179,5.379132339872179,5.379132339872179,5.379132339872179,5.379132339872179,5.379132339872179,5.379132339872179,5.379132339872179,5.379132339872179,5.379132339872179,5.379132339872179,5.379132339872179,5.379132339872179,5.379132339872179,5.379132339872179,5.379132339872179,5.379132339872179,5.379132339872179,5.379132339872179,5.379132339872179,5.379132339872179,5.379132339872179,5.379132339872179,5.379132339872179,5.379132339872179,5.379132339872179,5.379132339872179,5.379132339872179,5.379132339872179,5.379132339872179,5.379132339872179,5.379132339872179,5.379132339872179,5.379132339872179,5.379132339872179,5.379132339872179,5.379132339872179,5.379132339872179,5.379132339872179,5.379132339872179,5.379132339872179,5.379132339872179,5.379132339872179,5.379132339872179,5.379132339872179,5.379132339872179,5.379132339872179,5.379132339872179,5.379132339872179,5.379132339872179,5.379132339872179,5.379132339872179,5.379132339872179,5.379132339872179,5.379132339872179,5.379132339872179,5.379132339872179,5.379132339872179,5.379132339872179,5.379132339872179,5.379132339872179,5.379132339872179,5.379132339872179,5.379132339872179,5.379132339872179,5.379132339872179,5.379132339872179,5.379132339872179,5.379132339872179,5.379132339872179,5.379132339872179,5.379132339872179,5.379132339872179,5.379132339872179,5.379132339872179,5.379132339872179,5.379132339872179,5.379132339872179,5.379132339872179,5.379132339872179,5.379132339872179,5.379132339872179,5.379132339872179,5.379132339872179,5.379132339872179,5.379132339872179,5.379132339872179,5.379132339872179,5.379132339872179,5.379132339872179,5.379132339872179,5.379132339872179,5.379132339872179,5.379132339872179,5.379132339872179,5.379132339872179,5.379132339872179,5.379132339872179,5.379132339872179,5.379132339872179,5.379132339872179,5.379132339872179,5.379132339872179,5.379132339872179,5.379132339872179,5.379132339872179,5.379132339872179,5.379132339872179,5.379132339872179,5.379132339872179,5.379132339872179,5.379132339872179,5.379132339872179,5.379132339872179,5.379132339872179,5.379132339872179,5.379132339872179,5.379132339872179,5.379132339872179,5.379132339872179,5.379132339872179,5.379132339872179,5.379132339872179,5.379132339872179,5.379132339872179,5.379132339872179,5.379132339872179,5.379132339872179,5.379132339872179,5.379132339872179,5.379132339872179,5.379132339872179,5.379132339872179,5.379132339872179,5.379132339872179,5.379132339872179,5.379132339872179,5.379132339872179,5.379132339872179,8.94052165264606,7.629414769140047,6.852285114690486,6.852285114690486,6.852285114690486,6.852285114690486,6.852285114690486,6.852285114690486,6.852285114690486,6.852285114690486,6.852285114690486,6.852285114690486,6.852285114690486,6.852285114690486,6.852285114690486,6.852285114690486,6.841574618026458,6.841574618026458,6.841574618026458,6.841574618026458,6.841574618026458,6.38828247749626,6.38828247749626,6.38828247749626,6.38828247749626,6.38828247749626,6.38828247749626,6.38828247749626,6.38828247749626,6.38828247749626,6.38828247749626,6.354792121994775,6.354792121994775,6.354792121994775,6.354792121994775,6.354792121994775,6.354792121994775,6.354792121994775,6.354792121994775,6.354792121994775,6.354792121994775,6.354792121994775,6.354792121994775,6.354792121994775,6.354792121994775,6.354792121994775,6.354792121994775,6.354792121994775,6.354792121994775,6.354792121994775,6.354792121994775,6.354792121994775,6.354792121994775,6.354792121994775,6.354792121994775,6.354792121994775,6.354792121994775,6.354792121994775,6.354792121994775,6.354792121994775,6.354792121994775,6.354792121994775,6.354792121994775,6.354792121994775,6.354792121994775,6.354792121994775,6.354792121994775,6.354792121994775,6.354792121994775,6.354792121994775,6.354792121994775,6.354792121994775,6.354792121994775,6.354792121994775,6.354792121994775,6.354792121994775,6.354792121994775,6.354792121994775,6.354792121994775,6.354792121994775,6.354792121994775,6.354792121994775,6.354792121994775,6.354792121994775,6.354792121994775,6.354792121994775,6.354792121994775,6.354792121994775,6.354792121994775,6.354792121994775,6.354792121994775,6.354792121994775,6.354792121994775,6.354792121994775,6.354792121994775,6.354792121994775,6.354792121994775,6.354792121994775,6.354792121994775,6.354792121994775,6.354792121994775,6.354792121994775,6.354792121994775,6.354792121994775,6.354792121994775,6.354792121994775,6.354792121994775,6.354792121994775,6.354792121994775,6.354792121994775,6.354792121994775,6.354792121994775,6.354792121994775,6.354792121994775,6.354792121994775,6.354792121994775,6.354792121994775,6.354792121994775,6.354792121994775,6.354792121994775,6.354792121994775,6.354792121994775,6.354792121994775,6.354792121994775,6.354792121994775,6.354792121994775,6.354792121994775,6.354792121994775,6.354792121994775,6.354792121994775,6.354792121994775,6.354792121994775,6.354792121994775,6.354792121994775,6.354792121994775,6.299756830446911,6.108549046214503,6.108549046214503,6.108549046214503,6.108549046214503,6.108549046214503,6.108549046214503,6.108549046214503,6.108549046214503,6.108549046214503,6.108549046214503,6.108549046214503,6.108549046214503,6.108549046214503,6.108549046214503,6.108549046214503,6.108549046214503,6.108549046214503,6.108549046214503,6.108549046214503,6.108549046214503,6.108549046214503,6.108549046214503,6.108549046214503,6.108549046214503,6.108549046214503,6.108549046214503,6.108549046214503,6.108549046214503,5.77577214262928,5.77577214262928,5.77577214262928,5.77577214262928,5.77577214262928,5.77577214262928,5.77577214262928,5.77577214262928,5.77577214262928,5.77577214262928,5.77577214262928,5.77577214262928,5.5659394769196995,5.5659394769196995,5.5659394769196995,5.5659394769196995,5.5659394769196995,5.5659394769196995,5.5659394769196995,5.5659394769196995,5.5659394769196995,5.5659394769196995,5.5659394769196995,5.5659394769196995,5.5659394769196995,5.5659394769196995,5.5659394769196995,5.5659394769196995,5.5659394769196995,5.5659394769196995,5.5659394769196995,5.5659394769196995,5.5659394769196995,5.5659394769196995,5.5659394769196995,5.5659394769196995,5.5659394769196995,5.5659394769196995,5.5659394769196995,5.5659394769196995,5.5659394769196995,5.5659394769196995,5.5659394769196995,5.5659394769196995,5.5659394769196995,5.5659394769196995,5.5659394769196995,5.5659394769196995,5.5659394769196995,5.5659394769196995,5.5659394769196995,5.5659394769196995,5.5659394769196995,5.5659394769196995,5.5659394769196995,5.5659394769196995,5.5659394769196995,5.5659394769196995,5.5659394769196995,5.5659394769196995,5.5659394769196995,5.5659394769196995,5.5659394769196995,5.5659394769196995,5.5659394769196995,5.5659394769196995,5.5659394769196995,5.5659394769196995,5.5659394769196995,5.5659394769196995,5.5659394769196995,5.5659394769196995,5.5659394769196995,5.5659394769196995,5.5659394769196995,5.5659394769196995,5.5659394769196995,5.5659394769196995,5.5659394769196995,5.5659394769196995,5.5659394769196995,5.5659394769196995,5.5659394769196995,5.5659394769196995,5.5659394769196995,5.5659394769196995,5.5659394769196995,5.5659394769196995,5.5659394769196995,5.5659394769196995,5.5659394769196995,5.5659394769196995,5.5659394769196995,5.5659394769196995,5.5659394769196995,5.5659394769196995,5.5659394769196995,5.5659394769196995,5.5659394769196995,5.5659394769196995,5.5659394769196995,5.5659394769196995,5.5659394769196995,5.5659394769196995,5.5659394769196995,5.5659394769196995,5.5659394769196995,5.5659394769196995,5.5659394769196995,5.5659394769196995,5.5659394769196995,5.5659394769196995,5.5659394769196995,5.5659394769196995,5.5659394769196995,5.5659394769196995,5.5659394769196995,5.5659394769196995,5.5659394769196995,5.5659394769196995,5.5659394769196995,5.5659394769196995,5.5659394769196995,5.5659394769196995,5.5659394769196995,5.5659394769196995,5.5659394769196995,5.5659394769196995,5.5659394769196995,5.5659394769196995,5.5659394769196995,5.5659394769196995,5.5659394769196995,5.5659394769196995,5.5659394769196995,5.5659394769196995,5.5659394769196995,5.5659394769196995,5.5659394769196995,5.5659394769196995,5.5659394769196995,5.5659394769196995,5.5659394769196995,5.5659394769196995,5.5659394769196995,5.5659394769196995,5.5659394769196995,5.5659394769196995,5.5659394769196995,5.5659394769196995,5.5659394769196995,5.5659394769196995,5.5659394769196995,5.5659394769196995,5.5659394769196995,5.5659394769196995,5.5659394769196995,5.5659394769196995,5.5659394769196995,5.5659394769196995,5.5659394769196995,5.5659394769196995,5.5659394769196995,5.5659394769196995,5.5659394769196995,5.5659394769196995,5.5659394769196995,5.493052191573574,5.493052191573574,5.493052191573574,5.493052191573574,5.493052191573574,5.493052191573574,5.493052191573574,5.493052191573574,5.493052191573574,5.493052191573574,5.493052191573574,5.493052191573574,5.493052191573574,5.493052191573574,5.493052191573574,5.493052191573574,5.493052191573574,5.493052191573574,5.493052191573574,5.493052191573574,5.493052191573574,5.493052191573574,5.493052191573574,5.493052191573574,5.493052191573574,5.493052191573574,5.493052191573574,5.493052191573574,5.493052191573574,5.493052191573574,5.493052191573574,5.493052191573574,5.493052191573574,5.493052191573574,5.493052191573574,5.493052191573574,5.493052191573574,5.493052191573574,5.493052191573574,5.493052191573574,5.493052191573574,5.493052191573574,5.493052191573574,5.493052191573574,5.493052191573574,5.472598966414849,5.472598966414849,5.472598966414849,5.472598966414849,5.472598966414849,5.472598966414849,5.29672809692805,5.29672809692805,5.29672809692805,5.29672809692805,5.29672809692805,5.29672809692805,5.29672809692805,5.29672809692805,5.29672809692805,5.29672809692805,5.29672809692805,5.29672809692805,5.29672809692805,5.29672809692805,5.29672809692805,5.29672809692805,5.29672809692805,5.29672809692805,5.29672809692805,5.29672809692805,5.29672809692805,5.29672809692805,5.29672809692805,5.29672809692805,5.29672809692805,5.29672809692805,5.29672809692805,5.29672809692805,5.29672809692805,5.29672809692805,5.29672809692805,5.29672809692805,5.29672809692805,5.29672809692805,5.29672809692805,5.29672809692805,5.29672809692805,5.29672809692805,5.29672809692805,5.29672809692805,5.29672809692805,5.29672809692805,5.29672809692805,5.29672809692805,5.29672809692805,5.29672809692805,5.29672809692805,5.29672809692805,5.29672809692805,5.29672809692805,5.29672809692805,5.29672809692805,5.29672809692805,5.29672809692805,5.29672809692805,5.29672809692805,5.29672809692805,5.29672809692805,5.29672809692805,5.29672809692805,5.29672809692805,5.29672809692805,5.29672809692805,5.29672809692805,5.29672809692805,5.29672809692805,5.29672809692805,5.29672809692805,5.29672809692805,5.29672809692805,5.29672809692805,5.29672809692805,5.29672809692805,5.29672809692805,5.29672809692805,5.29672809692805,5.29672809692805,5.29672809692805,5.29672809692805,5.29672809692805,5.29672809692805,5.29672809692805,5.29672809692805,5.29672809692805,5.29672809692805,5.29672809692805,5.29672809692805,5.29672809692805,5.29672809692805,5.29672809692805,5.29672809692805,5.29672809692805,5.29672809692805,5.29672809692805,5.29672809692805,5.29672809692805,5.29672809692805,5.29672809692805,5.29672809692805,5.29672809692805,5.29672809692805,5.29672809692805,5.29672809692805,5.29672809692805,5.29672809692805,5.29672809692805,5.29672809692805,5.29672809692805,5.29672809692805,5.29672809692805,5.29672809692805,5.29672809692805,5.29672809692805,5.29672809692805,5.29672809692805,5.29672809692805,5.29672809692805,5.29672809692805,5.29672809692805,5.29672809692805,5.29672809692805,5.29672809692805,5.29672809692805,5.29672809692805,5.29672809692805,5.29672809692805,5.29672809692805,5.29672809692805,5.29672809692805,5.29672809692805,5.29672809692805,5.29672809692805,5.29672809692805,5.29672809692805,5.29672809692805,5.29672809692805,5.29672809692805,5.29672809692805,5.29672809692805,5.29672809692805,5.29672809692805,5.29672809692805,5.29672809692805,5.29672809692805,4.682189124361582,4.682189124361582,4.682189124361582,4.682189124361582,4.682189124361582,4.682189124361582,4.682189124361582,4.682189124361582,4.682189124361582,4.682189124361582,4.682189124361582,4.682189124361582,4.682189124361582,4.682189124361582,4.682189124361582,4.682189124361582,4.682189124361582,4.682189124361582,4.682189124361582,4.682189124361582,4.682189124361582,4.682189124361582,4.682189124361582,4.682189124361582,4.682189124361582,4.682189124361582,4.682189124361582,4.682189124361582,4.682189124361582,4.682189124361582,4.682189124361582,4.682189124361582,4.682189124361582,4.682189124361582,4.682189124361582,4.682189124361582,4.682189124361582,4.682189124361582,4.682189124361582,4.682189124361582,4.682189124361582,4.682189124361582,4.682189124361582,4.682189124361582,4.682189124361582,4.682189124361582,4.682189124361582,4.682189124361582,4.682189124361582,4.682189124361582,4.682189124361582,4.682189124361582,4.682189124361582,4.682189124361582,4.682189124361582,4.682189124361582,4.682189124361582,4.682189124361582,4.682189124361582,4.682189124361582,4.682189124361582,4.682189124361582,4.682189124361582,4.682189124361582,4.682189124361582,4.682189124361582,4.682189124361582,4.682189124361582,4.682189124361582,4.682189124361582,4.682189124361582,4.682189124361582,4.682189124361582,4.682189124361582,4.682189124361582,4.682189124361582,4.682189124361582,4.682189124361582,4.682189124361582,4.682189124361582,4.682189124361582,4.682189124361582,4.682189124361582,4.682189124361582,4.682189124361582,4.682189124361582,4.682189124361582,4.682189124361582,4.682189124361582,4.682189124361582,4.682189124361582,4.682189124361582,4.682189124361582,4.682189124361582,4.682189124361582,4.682189124361582,4.682189124361582,4.682189124361582,4.682189124361582,4.682189124361582,4.682189124361582,1.348814914542146,1.348814914542146,1.348814914542146,1.348814914542146,1.348814914542146,1.348814914542146,1.348814914542146,1.348814914542146,1.348814914542146,1.348814914542146,1.348814914542146,1.348814914542146,1.348814914542146,1.348814914542146,1.348814914542146,1.348814914542146,1.348814914542146,1.348814914542146,1.348814914542146,1.348814914542146,1.348814914542146,1.348814914542146,1.348814914542146,1.348814914542146,1.348814914542146,1.348814914542146,1.348814914542146,1.348814914542146,1.348814914542146,1.348814914542146,1.348814914542146,1.348814914542146,1.348814914542146,1.348814914542146,1.348814914542146,1.348814914542146,1.348814914542146,1.348814914542146,1.348814914542146,1.348814914542146,1.348814914542146,1.348814914542146,1.348814914542146,1.348814914542146,1.348814914542146,1.348814914542146,1.348814914542146,1.348814914542146,1.348814914542146,1.348814914542146,1.348814914542146,1.348814914542146,1.348814914542146,1.348814914542146,1.348814914542146,1.348814914542146,1.348814914542146,1.348814914542146,1.348814914542146,1.348814914542146,1.348814914542146,1.348814914542146,1.348814914542146,1.348814914542146,1.348814914542146,1.348814914542146,1.348814914542146,1.348814914542146,1.348814914542146,1.348814914542146,1.348814914542146,1.348814914542146,1.348814914542146,1.348814914542146,1.348814914542146,1.348814914542146,1.348814914542146,1.348814914542146,1.348814914542146,1.348814914542146,1.348814914542146,1.348814914542146,1.348814914542146,1.348814914542146,1.348814914542146,1.348814914542146,1.348814914542146,1.348814914542146,1.348814914542146,1.348814914542146,1.348814914542146,1.348814914542146,1.348814914542146,1.348814914542146,1.348814914542146,1.348814914542146,1.348814914542146,1.348814914542146,1.348814914542146,1.348814914542146,1.348814914542146,1.348814914542146,1.348814914542146,1.348814914542146,1.348814914542146,1.348814914542146,1.348814914542146,1.348814914542146,1.348814914542146,1.348814914542146,1.348814914542146,1.348814914542146,1.348814914542146,1.348814914542146,1.348814914542146,1.348814914542146,1.348814914542146,1.348814914542146,1.348814914542146,1.348814914542146,1.348814914542146,1.348814914542146,1.348814914542146,1.348814914542146,1.348814914542146,1.348814914542146,1.348814914542146,1.348814914542146,1.348814914542146,1.348814914542146,1.348814914542146,1.348814914542146,1.348814914542146,1.348814914542146,1.348814914542146,1.348814914542146,1.348814914542146,1.348814914542146,1.348814914542146,1.348814914542146,1.348814914542146,1.348814914542146,1.348814914542146,1.348814914542146,1.348814914542146,1.348814914542146,1.348814914542146,1.348814914542146,1.348814914542146,1.348814914542146,1.348814914542146,1.348814914542146,1.348814914542146,1.348814914542146,1.348814914542146,1.348814914542146,1.348814914542146,1.348814914542146,1.348814914542146,1.348814914542146,1.348814914542146,1.348814914542146,1.348814914542146,1.348814914542146,1.348814914542146,1.348814914542146,1.348814914542146,1.348814914542146,1.348814914542146,1.348814914542146,1.348814914542146,1.348814914542146,1.348814914542146,1.348814914542146,1.348814914542146,1.348814914542146,1.348814914542146,1.348814914542146,1.348814914542146,1.348814914542146,1.348814914542146,1.348814914542146,1.348814914542146,1.348814914542146,1.348814914542146,1.348814914542146,1.348814914542146,1.348814914542146,1.348814914542146,1.348814914542146,1.348814914542146,1.348814914542146,1.348814914542146,1.348814914542146,1.348814914542146,1.348814914542146,1.348814914542146,1.348814914542146,1.348814914542146,1.348814914542146,1.348814914542146,1.348814914542146,1.348814914542146,1.348814914542146,1.348814914542146,1.348814914542146,1.348814914542146,1.348814914542146,1.348814914542146,1.348814914542146,1.348814914542146,1.348814914542146,1.348814914542146,1.348814914542146,1.348814914542146,1.348814914542146,1.348814914542146,1.348814914542146,1.348814914542146,1.348814914542146,1.348814914542146,1.348814914542146,1.348814914542146,1.348814914542146,1.348814914542146,1.348814914542146,1.348814914542146,1.348814914542146,1.348814914542146,1.348814914542146,1.348814914542146,1.348814914542146,1.348814914542146,1.348814914542146,1.348814914542146,1.348814914542146,1.348814914542146,1.348814914542146,1.348814914542146,1.348814914542146,1.348814914542146,1.348814914542146,1.348814914542146,1.348814914542146,1.348814914542146,1.348814914542146,1.348814914542146,1.348814914542146,1.348814914542146,1.348814914542146,1.348814914542146,1.348814914542146,1.348814914542146,1.348814914542146,1.348814914542146,1.348814914542146,1.348814914542146,1.348814914542146,1.348814914542146,1.348814914542146,1.348814914542146,1.348814914542146,1.348814914542146,1.348814914542146,1.348814914542146,1.348814914542146,1.348814914542146,1.348814914542146,1.348814914542146,1.348814914542146,1.348814914542146,1.348814914542146,1.348814914542146,1.348814914542146,1.348814914542146,1.348814914542146,1.348814914542146,1.348814914542146,1.348814914542146,1.348814914542146,1.348814914542146,1.348814914542146,1.348814914542146,1.348814914542146,1.348814914542146,1.348814914542146,1.348814914542146,1.348814914542146,1.348814914542146,1.348814914542146,1.348814914542146,1.348814914542146,1.348814914542146,1.348814914542146,1.348814914542146,1.348814914542146,1.348814914542146,1.348814914542146,1.348814914542146,1.348814914542146,1.348814914542146,1.348814914542146,1.348814914542146,1.348814914542146,1.348814914542146,1.348814914542146,1.348814914542146,1.348814914542146,1.348814914542146,1.348814914542146,1.348814914542146,1.348814914542146,1.348814914542146,1.348814914542146,1.348814914542146,1.348814914542146,1.348814914542146,1.348814914542146,1.348814914542146,1.348814914542146,1.348814914542146,1.348814914542146,1.348814914542146,1.348814914542146,1.348814914542146,1.348814914542146,1.348814914542146,1.348814914542146,1.348814914542146,1.348814914542146,1.348814914542146,1.348814914542146,1.348814914542146,1.348814914542146,1.348814914542146,1.348814914542146,1.348814914542146,1.348814914542146,1.348814914542146,1.348814914542146,1.348814914542146,1.348814914542146,1.348814914542146,1.348814914542146,1.348814914542146,1.348814914542146,1.348814914542146,1.348814914542146,1.348814914542146,1.348814914542146,1.348814914542146,1.348814914542146,1.348814914542146,1.348814914542146,1.348814914542146,1.348814914542146,1.348814914542146,1.348814914542146,1.348814914542146,1.348814914542146,1.348814914542146,1.348814914542146,1.348814914542146,1.348814914542146,1.348814914542146,1.348814914542146,1.348814914542146,1.348814914542146,1.348814914542146,1.348814914542146,1.348814914542146,1.348814914542146,1.348814914542146,6.516790052676226,6.434936292146466,6.434936292146466,6.434936292146466,6.434936292146466,6.434936292146466,6.434936292146466,6.434936292146466,6.434936292146466,6.434936292146466,6.434936292146465,6.434936292146465,6.434936292146465,6.434936292146465,6.434936292146465,6.434936292146465,6.434936292146465,6.434936292146465,6.434936292146465,6.434936292146465,6.434936292146465,6.434936292146465,6.434936292146465,6.434936292146465,6.434936292146465,6.434936292146465,6.434936292146465,6.434936292146465,6.434936292146465,6.434936292146465,6.434936292146465,6.434936292146465,6.434936292146465,5.557860517705679,5.557860517705679,5.557860517705679,5.557860517705679,5.557860517705679,5.557860517705679,5.557860517705679,5.557860517705679,5.557860517705679,5.557860517705679,5.557860517705679,5.557860517705679,5.557860517705679,5.557860517705679,5.557860517705679,5.557860517705679,5.557860517705679,5.557860517705679,5.557860517705679,5.557860517705679,5.557860517705679,5.557860517705679,5.557860517705679,5.557860517705679,5.557860517705679,5.557860517705679,5.557860517705679,5.557860517705679,5.557860517705679,5.557860517705679,5.557860517705679,5.557860517705679,5.557860517705679,5.557860517705679,5.557860517705679,5.557860517705679,5.557860517705679,5.557860517705679,5.557860517705679,5.557860517705679,5.557860517705679,5.557860517705679,5.557860517705679,5.557860517705679,5.557860517705679,5.557860517705679,5.557860517705679,5.557860517705679,5.557860517705679,5.557860517705679,5.557860517705679,5.557860517705679,5.557860517705679,5.557860517705679,5.557860517705679,5.557860517705679,5.557860517705679,5.557860517705679,5.557860517705679,5.557860517705679,5.557860517705679,5.557860517705679,5.557860517705679,5.557860517705679,5.557860517705679,5.557860517705679,5.557860517705679,5.557860517705679,5.557860517705679,5.557860517705679,5.557860517705679,5.557860517705679,5.557860517705679,5.557860517705679,5.557860517705679,5.557860517705679,5.557860517705679,5.557860517705679,5.557860517705679,5.557860517705679,5.557860517705679,5.557860517705679,5.557860517705679,5.557860517705679,5.557860517705679,5.557860517705679,5.557860517705679,5.557860517705679,5.557860517705679,5.557860517705679,5.557860517705679,5.557860517705679,5.557860517705679,5.557860517705679,5.557860517705679,5.557860517705679,5.557860517705679,5.557860517705679,5.557860517705679,5.557860517705679,5.557860517705679,5.557860517705679,5.557860517705679,5.557860517705679,5.557860517705679,5.557860517705679,5.557860517705679,5.557860517705679,5.557860517705679,5.557860517705679,5.557860517705679,5.557860517705679,5.557860517705679,5.557860517705679,5.557860517705679,5.557860517705679,5.557860517705679,5.557860517705679,5.557860517705679,5.557860517705679,5.557860517705679,5.557860517705679,5.557860517705679,5.557860517705679,5.557860517705679,5.557860517705679,5.557860517705679,5.557860517705679,5.557860517705679,5.557860517705679,5.557860517705679,5.557860517705679,5.557860517705679,5.557860517705679,5.557860517705679,5.557860517705679,5.557860517705679,5.557860517705679,5.557860517705679,5.557860517705679,5.557860517705679,5.557860517705679,5.557860517705679,5.557860517705679,5.557860517705679,5.557860517705679,5.557860517705679,5.557860517705679,5.557860517705679,5.557860517705679,5.557860517705679,5.557860517705679,5.557860517705679,5.557860517705679,5.557860517705679,5.557860517705679,5.557860517705679,5.5347072828778066,5.5347072828778066,5.5347072828778066,5.5347072828778066,5.5347072828778066,5.5347072828778066,5.5347072828778066,5.5347072828778066,5.5347072828778066,5.5347072828778066,5.5347072828778066,5.5347072828778066,5.5347072828778066,5.5347072828778066,5.5347072828778066,5.5347072828778066,5.5347072828778066,5.5347072828778066,5.5347072828778066,5.5347072828778066,5.5347072828778066,5.5347072828778066,5.5347072828778066,5.5347072828778066,5.5347072828778066,5.5347072828778066,5.5347072828778066,5.5347072828778066,5.5347072828778066,5.5347072828778066,5.5347072828778066,5.5347072828778066,5.5347072828778066,5.5347072828778066,5.5347072828778066,5.5347072828778066,5.5347072828778066,5.5347072828778066,5.5347072828778066,5.5347072828778066,5.5347072828778066,5.5347072828778066,5.5347072828778066,5.5347072828778066,5.5347072828778066,5.5347072828778066,5.5347072828778066,5.5347072828778066,5.5347072828778066,5.534707282877806,5.534707282877806,5.534707282877806,5.534707282877806,5.534707282877806,5.534707282877806,5.534707282877806,5.534707282877806,5.534707282877806,5.534707282877806,5.534707282877806,5.534707282877806,5.534707282877806,5.534707282877806,5.534707282877806,5.534707282877806,5.534707282877806,5.534707282877806,5.534707282877806,5.534707282877806,5.534707282877806,5.534707282877806,5.534707282877806,5.534707282877806,5.534707282877806,5.534707282877806,5.534707282877806,5.534707282877806,5.534707282877806,5.534707282877806,5.534707282877806,5.534707282877806,5.534707282877806,5.534707282877806,5.534707282877806,5.534707282877806,5.534707282877806,5.534707282877806,5.534707282877806,5.534707282877806,5.534707282877806,5.534707282877806,5.534707282877806,5.534707282877806,5.534707282877806,5.534707282877806,5.534707282877806,5.534707282877806,5.534707282877806,5.534707282877806,5.534707282877806,5.534707282877806,5.534707282877806,5.534707282877806,5.534707282877806,5.534707282877806,5.534707282877806,5.534707282877806,5.534707282877806,5.534707282877806,5.534707282877806,5.534707282877806,5.534707282877806,5.534707282877806,5.534707282877806,5.534707282877806,5.534707282877806,5.534707282877806,5.534707282877806,5.534707282877806,5.534707282877806,5.534707282877806,5.534707282877806,5.534707282877806,5.534707282877806,5.534707282877806,5.534707282877806,5.534707282877806,5.534707282877806,5.534707282877806,5.534707282877806,5.534707282877806,5.534707282877806,5.534707282877806,5.534707282877806,5.534707282877806,5.534707282877806,5.534707282877806,5.534707282877806,5.534707282877806,5.534707282877806,5.534707282877806,5.534707282877806,5.534707282877806,5.534707282877806,5.534707282877806,5.534707282877806,5.534707282877806,5.534707282877806,5.534707282877806,5.534707282877806,5.534707282877806,5.534707282877806,5.534707282877806,5.534707282877806,5.534707282877806,5.534707282877806,5.534707282877806,5.534707282877806,5.534707282877806,5.534707282877806,5.534707282877806,5.534707282877806,5.534707282877806,5.534707282877806,5.534707282877806,5.534707282877806,5.534707282877806,5.534707282877806,5.534707282877806,5.534707282877806,5.534707282877806,5.534707282877806,5.534707282877806,5.534707282877806,5.534707282877806,5.534707282877806,5.534707282877806,5.534707282877806,5.534707282877806,5.534707282877806,5.534707282877806,5.534707282877806,5.534707282877806,5.534707282877806,5.534707282877806,5.534707282877806,5.534707282877806,5.534707282877806,5.534707282877806,5.534707282877806,5.534707282877806,5.534707282877806,5.534707282877806,5.534707282877806,5.534707282877806,5.534707282877806,5.534707282877806,5.534707282877806,5.534707282877806,5.534707282877806,5.534707282877806,5.534707282877806,5.534707282877806,5.534707282877806,5.534707282877806,5.534707282877806,5.534707282877806,5.534707282877806,5.534707282877806,5.534707282877806,5.534707282877806,5.534707282877806,5.534707282877806,5.534707282877806,5.534707282877806,5.534707282877806,5.534707282877806,5.534707282877806,5.534707282877806,5.534707282877806,5.534707282877806,5.534707282877806,5.534707282877806,4.945006842940995,4.945006842940995,4.945006842940995,4.945006842940995,4.945006842940995,4.945006842940995,4.945006842940995,4.945006842940995,4.945006842940995,4.945006842940995,4.945006842940995,4.945006842940995,4.945006842940995,4.945006842940995,4.945006842940995,4.945006842940995,4.945006842940995,4.945006842940995,4.945006842940995,4.945006842940995,4.945006842940995,4.945006842940995,4.945006842940995,4.945006842940995,4.528845702711497,4.528845702711497,4.528845702711497,4.528845702711497,4.528845702711497,4.528845702711497,4.528845702711497,4.528845702711497,4.528845702711497,4.528845702711497,4.528845702711497,4.528845702711497,4.528845702711497,4.528845702711497,4.528845702711497,4.528845702711497,4.528845702711497,4.528845702711497,4.528845702711497,4.528845702711497,4.528845702711497,4.528845702711497,4.528845702711497,4.528845702711497,4.528845702711497,4.528845702711497,4.528845702711497,4.528845702711497,4.528845702711497,4.528845702711497,4.528845702711497,4.528845702711497,4.528845702711497,4.528845702711497,4.528845702711497,4.528845702711497,4.528845702711497,4.528845702711497,4.528845702711497,4.528845702711497,4.528845702711497,4.528845702711497,4.528845702711497,4.528845702711497,4.528845702711497,4.528845702711497,4.528845702711497,4.528845702711497,4.528845702711497,4.528845702711497,4.528845702711497,4.528845702711497,4.528845702711497,4.528845702711497,4.528845702711497,4.528845702711497,4.528845702711497,4.528845702711497,4.528845702711497,4.528845702711497,4.528845702711497,4.528845702711497,4.528845702711497,4.528845702711497,4.528845702711497,4.528845702711497,4.528845702711497,4.528845702711497,4.528845702711497,4.528845702711497,4.528845702711497,4.528845702711497,4.528845702711497,4.528845702711497,4.528845702711497,4.528845702711497,4.528845702711497,4.528845702711497,4.528845702711497,4.528845702711497,4.528845702711497,4.528845702711497,4.528845702711497,4.528845702711497,4.528845702711497,4.528845702711497,4.528845702711497,4.528845702711497,4.528845702711497,4.528845702711497,4.528845702711497,4.528845702711497,4.528845702711497,4.528845702711497,4.528845702711497,4.528845702711497,4.528845702711497,4.528845702711497,4.528845702711497,4.528845702711497,4.528845702711497,4.528845702711497,4.528845702711497,4.528845702711497,4.528845702711497,4.528845702711497,4.528845702711497,4.528845702711497,4.528845702711497,4.528845702711497,4.528845702711497,4.528845702711497,4.528845702711497,4.528845702711497,4.528845702711497,4.528845702711497,4.528845702711497,4.528845702711497,4.528845702711497,4.528845702711497,4.528845702711497,4.528845702711497,4.528845702711497,4.528845702711497,4.528845702711497,4.528845702711497,4.528845702711497,4.528845702711497,4.528845702711497,4.528845702711497,4.528845702711497,4.528845702711497,4.528845702711497,4.284772965039235,4.284772965039235,4.284772965039235,4.284772965039235,4.284772965039235,4.284772965039235,4.275293387497353,4.275293387497353,4.275293387497353,4.275293387497353,4.275293387497353,4.275293387497353,4.275293387497353,4.275293387497353,4.275293387497353,4.275293387497353,4.275293387497353,4.275293387497353,4.275293387497353,4.275293387497353,4.275293387497353,4.275293387497353,4.275293387497353,4.275293387497353,4.275293387497353,4.275293387497353,4.275293387497353,4.275293387497353,4.275293387497353,4.275293387497353,4.275293387497353,4.275293387497353,4.234877095071212,4.234877095071212,4.234877095071212,4.234877095071212,4.234877095071212,4.234877095071212,4.234877095071212,4.234877095071212,4.234877095071212,4.234877095071212,4.234877095071212,4.234877095071212,4.234877095071212,4.234877095071212,4.234877095071212,4.234877095071212,4.234877095071212,4.234877095071212,4.234877095071212,4.234877095071212,4.234877095071212,4.234877095071212,4.234877095071212,4.234877095071212,4.234877095071212,4.234877095071212,4.234877095071212,4.234877095071212,4.234877095071212,4.234877095071212,4.234877095071212,4.234877095071212,4.234877095071212,4.234877095071212,4.234877095071212,4.234877095071212,4.234877095071212,4.234877095071212,4.234877095071212,4.234877095071212,4.234877095071212,4.234877095071212,4.234877095071212,4.234877095071212,4.234877095071212,4.234877095071212,4.234877095071212,4.234877095071212,4.234877095071212,4.234877095071212,4.234877095071212,4.234877095071212,4.234877095071212,4.234877095071212,4.234877095071212,4.234877095071212,4.234877095071212,4.234877095071212,4.234877095071212,4.234877095071212,4.234877095071212,4.234877095071212,4.234877095071212,4.234877095071212,4.234877095071212,4.234877095071212,4.234877095071212,4.234877095071212,4.234877095071212,4.234877095071212,4.234877095071212,4.234877095071212,4.234877095071212,4.234877095071212,4.234877095071212,4.234877095071212,4.234877095071212,4.234877095071212,4.234877095071212,4.234877095071212,4.234877095071212,4.234877095071212,4.234877095071212,4.234877095071212,4.234877095071212,4.234877095071212,4.234877095071212,4.234877095071212,4.234877095071212,4.234877095071212,4.234877095071212,4.234877095071212,4.234877095071212,4.234877095071212,4.234877095071212,4.234877095071212,4.234877095071212,4.234877095071212,4.234877095071212,4.234877095071212,4.234877095071212,4.234877095071212,4.234877095071212,4.234877095071212,4.234877095071212,4.234877095071212,4.234877095071212,4.234877095071212,4.234877095071212,4.234877095071212,4.234877095071212,4.234877095071212,4.234877095071212,4.234877095071212,4.234877095071212,4.234877095071212,4.234877095071212,4.234877095071212,4.234877095071212,4.234877095071212,4.234877095071212,4.234877095071212,4.234877095071212,4.234877095071212,4.234877095071212,4.234877095071212,4.234877095071212,4.234877095071212,4.234877095071212,4.234877095071212,4.234877095071212,4.234877095071212,4.234877095071212,4.234877095071212,4.234877095071212,4.234877095071212,4.234877095071212,4.234877095071212,4.234877095071212,4.234877095071212,4.234877095071212,4.234877095071212,4.234877095071212,4.234877095071212,4.234877095071212,4.234877095071212,4.234877095071212,4.234877095071212,4.234877095071212,4.234877095071212,4.234877095071212,4.234877095071212,4.234877095071212,4.234877095071212,4.234877095071212,4.234877095071212,4.234877095071212,4.234877095071212,4.234877095071212,4.234877095071212,4.234877095071212,4.234877095071212,4.234877095071212,4.234877095071212,4.234877095071212,4.234877095071212,4.234877095071212,4.234877095071212,4.234877095071212,4.234877095071212,4.234877095071212,4.234877095071212,4.234877095071212,4.234877095071212,4.234877095071212,4.234877095071212,4.234877095071212,4.234877095071212,4.234877095071212,4.234877095071212,4.234877095071212,4.234877095071212,4.234877095071212,4.234877095071212,4.234877095071212,4.234877095071212,4.234877095071212,4.234877095071212,4.234877095071212,4.234877095071212,4.234877095071212,4.234877095071212,4.234877095071212,4.234877095071212,4.234877095071212,4.234877095071212,4.234877095071212,4.234877095071212,4.234877095071212,4.234877095071212,4.234877095071212,4.234877095071212,4.234877095071212,4.234877095071212,4.234877095071212,4.234877095071212,4.234877095071212,4.234877095071212,4.234877095071212,4.234877095071212,4.234877095071212,4.234877095071212,4.234877095071212,4.234877095071212,4.234877095071212,4.234877095071212,4.234877095071212,4.234877095071212,4.234877095071212,4.234877095071212,4.234877095071212,4.234877095071212,4.234877095071212,4.234877095071212,4.234877095071212,4.234877095071212,4.234877095071212,4.234877095071212,4.234877095071212,4.234877095071212,4.234877095071212,4.234877095071212,4.234877095071212,4.234877095071212,4.234877095071212,4.234877095071212,4.234877095071212,4.234877095071212,4.234877095071212,4.234877095071212,4.234877095071212,4.234877095071212,4.234877095071212,4.234877095071212,4.234877095071212,4.234877095071212,2.7688561437915973,2.7688561437915973,2.7688561437915973,2.7688561437915973,2.7688561437915973,2.7688561437915973,2.7688561437915973,2.7688561437915973,2.7688561437915973,2.7688561437915973,2.7688561437915973,2.7688561437915973,2.7688561437915973,2.7688561437915973,2.7688561437915973,2.7688561437915973,2.7688561437915973,2.7688561437915973,2.7688561437915973,2.7688561437915973,2.7688561437915973,2.7688561437915973,2.7688561437915973,2.7688561437915973,2.7688561437915973,2.7688561437915973,2.7688561437915973,2.7688561437915973,2.7688561437915973,2.7688561437915973,2.7688561437915973,2.7688561437915973,2.7688561437915973,2.7688561437915973,2.7688561437915973,2.7688561437915973,2.7688561437915973,2.7688561437915973,2.7688561437915973,2.7688561437915973,2.7688561437915973,2.7688561437915973,2.7688561437915973,2.7688561437915973,2.7688561437915973,2.7688561437915973,2.7688561437915973,2.7688561437915973,2.7688561437915973,2.7688561437915973,2.7688561437915973,2.7688561437915973,2.7688561437915973,2.7688561437915973,2.7688561437915973,2.7688561437915973,2.7688561437915973,2.7688561437915973,2.7688561437915973,2.7688561437915973,2.7688561437915973,2.7688561437915973,2.7688561437915973,2.7688561437915973,2.7688561437915973,2.7688561437915973,2.7688561437915973,2.7688561437915973,2.7688561437915973,2.7688561437915973,2.7688561437915973,2.7688561437915973,2.7688561437915973,2.7688561437915973,2.7688561437915973,2.7688561437915973,2.7688561437915973,2.7688561437915973,2.7688561437915973,2.7688561437915973,2.7688561437915973,2.7688561437915973,2.7688561437915973,2.7688561437915973,2.7688561437915973,2.7688561437915973,2.7688561437915973,2.7688561437915973,2.7688561437915973,2.7688561437915973,2.7688561437915973,2.7688561437915973,2.7688561437915973,2.7688561437915973,2.7688561437915973,2.7688561437915973,2.7688561437915973,2.7688561437915973,2.7688561437915973,2.7688561437915973,2.7688561437915973,2.7688561437915973,2.7688561437915973,2.7688561437915973,2.7688561437915973,2.7688561437915973,2.7688561437915973,2.7688561437915973,2.7688561437915973,2.7688561437915973,2.7688561437915973,2.7688561437915973,2.7688561437915973,2.7688561437915973,2.7688561437915973,2.7688561437915973,2.7688561437915973,2.7688561437915973,2.7688561437915973,2.7688561437915973,2.7688561437915973,2.7688561437915973,2.7688561437915973,2.7688561437915973,2.7688561437915973,2.7688561437915973,2.7688561437915973,2.7688561437915973,2.7688561437915973,2.7688561437915973,2.7688561437915973,2.7688561437915973,2.7688561437915973,2.7688561437915973,2.7688561437915973,2.7688561437915973,2.7688561437915973,2.7688561437915973,2.7688561437915973,2.7688561437915973,2.7688561437915973,2.7688561437915973,2.7688561437915973,2.7688561437915973,2.7688561437915973,2.7688561437915973,2.7688561437915973,2.7688561437915973,2.7688561437915973,2.7688561437915973,2.7688561437915973,2.7688561437915973,9.159517205793197,8.872606432784853,8.444485221076135,8.444485221076135,8.444485221076135,8.444485221076135,8.444485221076135,8.444485221076135,8.444485221076135,8.444485221076135,8.444485221076135,8.444485221076135,8.444485221076135,8.444485221076135,8.444485221076135,8.444485221076135,8.444485221076135,8.444485221076135,8.444485221076135,8.444485221076135,8.444485221076135,8.444485221076135,8.444485221076135,8.444485221076135,8.444485221076135,8.444485221076135,8.444485221076135,8.444485221076135,8.444485221076135,8.444485221076135,8.444485221076135,8.444485221076135,8.444485221076135,8.444485221076135,8.444485221076135,8.444485221076135,8.403533501341371,8.403533501341371,8.403533501341371,8.403533501341371,8.403533501341371,8.403533501341371,8.403533501341371,8.257281034109182,8.257281034109182,8.257281034109182,8.257281034109182,8.257281034109182,8.257281034109182,8.257281034109182,8.164721445292964,8.164721445292964,8.164721445292964,8.164721445292964,8.164721445292964,8.04044025475904,8.04044025475904,8.04044025475904,8.04044025475904,8.04044025475904,8.04044025475904,8.04044025475904,8.04044025475904,8.04044025475904,8.04044025475904,8.04044025475904,8.04044025475904,8.04044025475904,8.04044025475904,8.04044025475904,8.04044025475904,8.04044025475904,8.04044025475904,8.04044025475904,8.04044025475904,8.04044025475904,8.04044025475904,8.04044025475904,8.04044025475904,8.04044025475904,8.04044025475904,8.04044025475904,8.01010322186178,8.01010322186178,8.01010322186178,8.01010322186178,8.01010322186178,8.01010322186178,8.01010322186178,8.01010322186178,8.01010322186178,8.01010322186178,8.01010322186178,8.01010322186178,8.01010322186178,8.01010322186178,8.01010322186178,8.01010322186178,8.01010322186178,8.01010322186178,8.01010322186178,8.01010322186178,8.01010322186178,8.01010322186178,8.01010322186178,8.01010322186178,8.01010322186178,8.01010322186178,8.01010322186178,8.01010322186178,8.01010322186178,8.01010322186178,8.01010322186178,8.01010322186178,8.01010322186178,8.01010322186178,8.01010322186178,8.01010322186178,8.01010322186178,8.01010322186178,8.01010322186178,8.01010322186178,8.01010322186178,8.01010322186178,8.01010322186178,8.01010322186178,8.01010322186178,8.01010322186178,8.01010322186178,8.01010322186178,8.01010322186178,8.01010322186178,8.01010322186178,8.01010322186178,8.01010322186178,8.01010322186178,8.01010322186178,8.01010322186178,8.01010322186178,8.01010322186178,8.01010322186178,7.997611776159896,7.997611776159896,7.997611776159896,7.997611776159896,7.997611776159896,7.997611776159896,7.997611776159896,7.997611776159896,7.997611776159896,7.997611776159896,7.997611776159896,7.997611776159896,7.997611776159896,7.997611776159896,7.997611776159896,7.997611776159896,7.997611776159896,7.997611776159896,7.997611776159896,7.997611776159896,7.997611776159896,7.997611776159896,7.997611776159896,7.997611776159896,7.997611776159896,7.997611776159896,7.997611776159896,7.997611776159896,7.997611776159896,7.997611776159896,7.997611776159896,7.997611776159896,7.997611776159896,7.997611776159896,7.997611776159896,7.997611776159896,7.997611776159896,7.997611776159896,7.997611776159896,7.997611776159896,7.997611776159896,7.997611776159896,7.997611776159896,7.997611776159896,7.997611776159896,7.997611776159896,7.997611776159896,7.997611776159896,7.997611776159896,7.997611776159896,7.997611776159896,7.997611776159896,7.997611776159896,7.997611776159896,7.997611776159896,7.997611776159896,7.997611776159896,7.997611776159896,7.997611776159896,7.997611776159896,7.997611776159896,7.997611776159896,7.997611776159896,7.997611776159896,7.997611776159896,7.997611776159896,7.997611776159896,7.997611776159896,7.997611776159896,7.997611776159896,7.997611776159896,7.997611776159896,7.997611776159896,7.997611776159896,7.997611776159896,7.997611776159896,7.997611776159896,7.997611776159896,7.997611776159896,7.997611776159896,7.997611776159896,7.997611776159896,7.997611776159896,7.997611776159896,7.997611776159896,7.997611776159896,7.997611776159896,7.997611776159896,7.997611776159896,7.997611776159896,7.997611776159896,7.997611776159896,7.997611776159896,7.997611776159896,7.997611776159896,7.997611776159896,7.997611776159896,7.997611776159896,7.997611776159896,7.997611776159896,7.997611776159896,7.997611776159896,7.997611776159896,7.997611776159896,7.997611776159896,7.997611776159896,7.997611776159896,7.997611776159896,7.997611776159896,7.997611776159896,7.997611776159896,7.997611776159896,7.997611776159896,7.997611776159896,7.997611776159896,7.997611776159896,7.997611776159896,7.997611776159896,7.997611776159896,7.997611776159896,7.997611776159896,7.997611776159896,7.997611776159896,7.997611776159896,7.997611776159896,7.997611776159896,7.997611776159896,7.997611776159896,7.997611776159896,7.997611776159896,7.997611776159896,7.664690559294557,7.551136471502166,6.859165975598438,6.724691151599074,6.724691151599074,6.724691151599074,6.724691151599074,6.724691151599074,6.724691151599074,6.724691151599074,6.724691151599074,6.724691151599074,6.488519566732149,6.1101519928668075,6.1101519928668075,6.1101519928668075,6.1101519928668075,6.1101519928668075,6.1101519928668075,6.1101519928668075,6.1101519928668075,6.1101519928668075,6.1101519928668075,6.1101519928668075,6.1101519928668075,6.1101519928668075,6.1101519928668075,6.1101519928668075,6.1101519928668075,6.1101519928668075,6.1101519928668075,6.1101519928668075,6.1101519928668075,6.1101519928668075,6.1101519928668075,6.1101519928668075,6.1101519928668075,6.1101519928668075,6.1101519928668075,6.1101519928668075,6.1101519928668075,6.1101519928668075,6.1101519928668075,6.1101519928668075,6.1101519928668075,6.1101519928668075,6.1101519928668075,6.1101519928668075,6.1101519928668075,6.1101519928668075,6.1101519928668075,6.1101519928668075,6.1101519928668075,6.1101519928668075,6.1101519928668075,6.1101519928668075,6.1101519928668075,6.1101519928668075,6.1101519928668075,6.1101519928668075,6.1101519928668075,6.1101519928668075,6.1101519928668075,6.1101519928668075,6.1101519928668075,6.1101519928668075,6.1101519928668075,6.1101519928668075,6.1101519928668075,6.1101519928668075,6.1101519928668075,6.1101519928668075,6.1101519928668075,6.1101519928668075,6.1101519928668075,6.1101519928668075,6.1101519928668075,6.1101519928668075,6.1101519928668075,6.1101519928668075,6.1101519928668075,6.1101519928668075,6.1101519928668075,6.1101519928668075,6.1101519928668075,6.1101519928668075,6.1101519928668075,6.1101519928668075,6.1101519928668075,6.1101519928668075,6.1101519928668075,6.1101519928668075,6.1101519928668075,6.1101519928668075,6.1101519928668075,6.1101519928668075,6.092095282621175,6.092095282621175,6.092095282621175,6.092095282621175,6.092095282621175,6.092095282621175,6.092095282621175,6.092095282621175,6.092095282621175,6.092095282621175,6.092095282621175,6.092095282621175,6.092095282621175,6.092095282621175,6.092095282621175,6.092095282621175,6.092095282621175,6.092095282621175,6.092095282621175,6.092095282621175,6.092095282621175,6.092095282621175,6.092095282621175,6.092095282621175,6.092095282621175,6.092095282621175,6.092095282621175,6.092095282621175,6.092095282621175,6.092095282621175,6.092095282621175,6.092095282621175,6.092095282621175,6.092095282621175,6.092095282621175,6.092095282621175,6.092095282621175,6.079340268180343,6.079340268180343,6.079340268180343,6.079340268180343,6.079340268180343,6.079340268180343,6.079340268180343,6.079340268180343,6.079340268180343,6.079340268180343,6.079340268180343,6.079340268180343,6.079340268180343,6.079340268180343,6.079340268180343,6.079340268180343,6.079340268180343,6.079340268180343,6.079340268180343,6.079340268180343,6.079340268180343,6.079340268180343,6.079340268180343,6.079340268180343,6.079340268180343,6.079340268180343,6.079340268180343,6.079340268180343,6.079340268180343,6.079340268180343,6.079340268180343,6.079340268180343,6.079340268180343,6.079340268180343,6.079340268180343,6.079340268180343,6.079340268180343,6.079340268180343,6.079340268180343,6.079340268180343,6.079340268180343,6.079340268180343,6.079340268180343,6.079340268180343,6.079340268180343,6.079340268180343,6.079340268180343,6.079340268180343,6.079340268180343,6.079340268180343,6.079340268180343,6.079340268180343,6.079340268180343,6.079340268180343,6.079340268180343,6.079340268180343,6.079340268180343,6.079340268180343,6.079340268180343,6.079340268180343,6.079340268180343,6.079340268180343,6.079340268180343,6.079340268180343,6.079340268180343,6.079340268180343,6.079340268180343,6.079340268180343,6.079340268180343,6.079340268180343,6.079340268180343,6.079340268180343,6.079340268180343,6.079340268180343,6.079340268180343,6.079340268180343,6.079340268180343,6.079340268180343,6.079340268180343,6.079340268180343,6.079340268180343,6.079340268180343,6.079340268180343,6.079340268180343,6.079340268180343,6.079340268180343,6.079340268180343,6.079340268180343,6.079340268180343,6.079340268180343,6.079340268180343,6.079340268180343,6.079340268180343,6.079340268180343,6.079340268180343,6.079340268180343,6.079340268180343,6.079340268180343,6.079340268180343,6.079340268180343,6.079340268180343,6.079340268180343,6.079340268180343,6.079340268180343,6.079340268180343,6.079340268180343,6.079340268180343,6.079340268180343,6.079340268180343,6.079340268180343,6.079340268180343,6.079340268180343,6.079340268180343,6.079340268180343,6.079340268180343,6.079340268180343,6.079340268180343,6.079340268180343,6.079340268180343,6.079340268180343,6.079340268180343,6.079340268180343,6.079340268180343,6.079340268180343,6.079340268180343,6.079340268180343,6.079340268180343,6.079340268180343,6.079340268180343,6.079340268180343,6.079340268180343,6.079340268180343,6.079340268180343,6.079340268180343,6.079340268180343,6.079340268180343,6.079340268180343,6.079340268180343,6.079340268180343,6.079340268180343,6.079340268180343,6.079340268180343,6.079340268180343,6.079340268180343,6.079340268180343,6.079340268180343,6.079340268180343,6.079340268180343,6.079340268180343,6.079340268180343,6.079340268180343,6.079340268180343,6.079340268180343,6.079340268180343,6.079340268180343,6.079340268180343,6.079340268180343,6.079340268180343,6.079340268180343,6.079340268180343,6.079340268180343,6.079340268180343,6.079340268180343,6.079340268180343,6.079340268180343,6.079340268180343,6.079340268180343,6.079340268180343,6.079340268180343,6.079340268180343,6.079340268180343,6.079340268180343,6.079340268180343,6.079340268180343,6.079340268180343,6.079340268180343,6.079340268180343,6.079340268180343,6.079340268180343,6.079340268180343,6.079340268180343,6.079340268180343,6.079340268180343,6.079340268180343,6.079340268180343,6.079340268180343,6.079340268180343,6.079340268180343,6.079340268180343,6.079340268180343,6.079340268180343,6.079340268180343,6.079340268180343,6.079340268180343,6.079340268180343,6.079340268180343,6.079340268180343,6.079340268180343,6.079340268180343,6.079340268180343,6.079340268180343,6.079340268180343,6.079340268180343,6.079340268180343,6.079340268180343,6.079340268180343,6.079340268180343,6.079340268180343,6.079340268180343,6.079340268180343,6.079340268180343,6.079340268180343,6.079340268180343,6.079340268180343,6.079340268180343,6.079340268180343,6.079340268180343,6.079340268180343,6.079340268180343,6.079340268180343,6.079340268180343,6.079340268180343,6.079340268180343,6.079340268180343,6.079340268180343,6.079340268180343,6.079340268180343,6.079340268180343,6.079340268180343,6.079340268180343,6.079340268180343,6.079340268180343,6.079340268180343,6.079340268180343,6.079340268180343,6.079340268180343,6.079340268180343,6.079340268180343,6.079340268180343,6.079340268180343,6.079340268180343,6.079340268180343,6.079340268180343,6.079340268180343,6.079340268180343,6.079340268180343,6.079340268180343,6.079340268180343,6.079340268180343,6.079340268180343,6.079340268180343,6.079340268180343,6.079340268180343,6.079340268180343,6.079340268180343,6.079340268180343,6.079340268180343,6.079340268180343,6.079340268180343,6.079340268180343,6.079340268180343,6.079340268180343,6.079340268180343,6.079340268180343,6.079340268180343,6.079340268180343,6.079340268180343,6.079340268180343,6.079340268180343,6.079340268180343,6.079340268180343,6.079340268180343,6.079340268180343,6.079340268180343,6.079340268180343,6.079340268180343,6.079340268180343,6.079340268180343,6.079340268180343,6.079340268180343,6.079340268180343,6.079340268180343,6.079340268180343,6.079340268180343,6.079340268180343,6.079340268180343,6.079340268180343,6.079340268180343,6.079340268180343,6.079340268180343,6.079340268180343,6.079340268180343,6.079340268180343,6.079340268180343,6.079340268180343,6.079340268180343,6.079340268180343,6.079340268180343,6.079340268180343,6.079340268180343,6.079340268180343,6.079340268180343,6.079340268180343,6.079340268180343,6.079340268180343,6.079340268180343,6.079340268180343,6.079340268180343,6.079340268180343,6.079340268180343,6.079340268180343,6.079340268180343,6.079340268180343,6.079340268180343,6.079340268180343,6.079340268180343,6.079340268180343,6.079340268180343,6.079340268180343,6.079340268180343,6.079340268180343,6.079340268180343,6.079340268180343,6.079340268180343,6.079340268180343,6.079340268180343,6.079340268180343,6.079340268180343,6.079340268180343,6.079340268180343,6.079340268180343,6.079340268180343,6.079340268180343,6.079340268180343,6.079340268180343,6.079340268180343,6.079340268180343,6.079340268180343,6.079340268180343,6.079340268180343,6.079340268180343,6.079340268180343,6.079340268180343,6.079340268180343,6.079340268180343,6.079340268180343,6.079340268180343,6.079340268180343,6.079340268180343,6.079340268180343,6.079340268180343,6.079340268180343,6.079340268180343,6.079340268180343,6.079340268180343,6.079340268180343,6.079340268180343,6.079340268180343,6.079340268180343,6.079340268180343,6.079340268180343,6.079340268180343,6.079340268180343,6.079340268180343,6.079340268180343,6.079340268180343,6.079340268180343,6.079340268180343,6.079340268180343,6.079340268180343,6.079340268180343,6.079340268180343,6.079340268180343,6.079340268180343,6.079340268180343,6.079340268180343,6.079340268180343,6.079340268180343,6.079340268180343,6.079340268180343,6.079340268180343,6.079340268180343,6.079340268180343,6.079340268180343,6.079340268180343,6.079340268180343,6.079340268180343,6.079340268180343,6.079340268180343,6.079340268180343,6.079340268180343,6.079340268180343,6.079340268180343,6.079340268180343,6.079340268180343,6.079340268180343,6.079340268180343,6.079340268180343,6.079340268180343,6.079340268180343,6.079340268180343,6.079340268180343,6.079340268180343,6.079340268180343,6.079340268180343,6.079340268180343,6.079340268180343,6.079340268180343,6.079340268180343,6.079340268180343,6.079340268180343,6.079340268180343,6.079340268180343,6.079340268180343,6.079340268180343,6.079340268180343,6.079340268180343,6.079340268180343,6.079340268180343,6.079340268180343,6.079340268180343,6.079340268180343,6.079340268180343,6.079340268180343,6.079340268180343,6.079340268180343,6.079340268180343,6.079340268180343,6.079340268180343,6.079340268180343,6.079340268180343,6.079340268180343,6.079340268180343,6.079340268180343,6.079340268180343,6.079340268180343,6.079340268180343,6.079340268180343,6.079340268180343,6.079340268180343,6.079340268180343,6.079340268180343,6.079340268180343,6.079340268180343,6.079340268180343,6.079340268180343,6.079340268180343,6.079340268180343,6.079340268180343,6.079340268180343,6.079340268180343,6.079340268180343,6.079340268180343,6.079340268180343,6.079340268180343,6.079340268180343,6.079340268180343,6.079340268180343,6.079340268180343,6.079340268180343,6.079340268180343,6.079340268180343,6.079340268180343,6.079340268180343,6.079340268180343,6.079340268180343,6.079340268180343,6.079340268180343,6.079340268180343,6.079340268180343,6.079340268180343,6.079340268180343,6.079340268180343,6.079340268180343,6.079340268180343,6.079340268180343,6.079340268180343,6.079340268180343,6.079340268180343,6.079340268180343,6.079340268180343,6.079340268180343,6.079340268180343,6.079340268180343,6.079340268180343,5.977842421921419,5.977842421921419,5.837780575175412,5.799657950674553,5.799657950674553,5.59999059526552,5.59999059526552,5.59999059526552,5.59999059526552,5.59999059526552,5.59999059526552,5.59999059526552,5.59999059526552,5.59999059526552,5.59999059526552,5.59999059526552,5.59999059526552,5.59999059526552,5.59999059526552,5.59999059526552,5.59999059526552,5.59999059526552,5.59999059526552,5.59999059526552,5.59999059526552,5.59999059526552,5.59999059526552,5.59999059526552,5.59999059526552,5.59999059526552,5.59999059526552,5.59999059526552,5.59999059526552,5.59999059526552,5.59999059526552,5.59999059526552,5.59999059526552,5.59999059526552,5.59999059526552,5.59999059526552,5.59999059526552,5.59999059526552,5.59999059526552,5.59999059526552,5.59999059526552,5.59999059526552,5.59999059526552,5.59999059526552,5.59999059526552,5.59999059526552,5.59999059526552,5.59999059526552,5.59999059526552,5.59999059526552,5.59999059526552,5.59999059526552,5.59999059526552,5.59999059526552,5.59999059526552,5.59999059526552,5.59999059526552,5.59999059526552,5.59999059526552,5.59999059526552,5.59999059526552,5.59999059526552,5.59999059526552,5.59999059526552,5.59999059526552,5.59999059526552,5.59999059526552,5.59999059526552,5.59999059526552,5.59999059526552,5.59999059526552,5.59999059526552,5.59999059526552,5.59999059526552,5.59999059526552,5.59999059526552,5.59999059526552,5.59999059526552,5.59999059526552,5.59999059526552,5.59999059526552,5.59999059526552,5.59999059526552,5.59999059526552,5.59999059526552,5.59999059526552,5.59999059526552,5.59999059526552,5.59999059526552,5.59999059526552,5.59999059526552,5.59999059526552,5.59999059526552,5.59999059526552,5.59999059526552,5.59999059526552,5.59999059526552,5.59999059526552,5.59999059526552,5.59999059526552,5.59999059526552,5.59999059526552,5.59999059526552,5.59999059526552,5.59999059526552,5.59999059526552,5.892072545212795,5.892072545212795,5.892072545212795,5.892072545212795,5.892072545212795,5.892072545212795,5.838969408762965,5.838969408762965,5.67169584439273,5.67169584439273,5.67169584439273,5.67169584439273,5.67169584439273,5.67169584439273,5.67169584439273,5.67169584439273,5.67169584439273,5.67169584439273,5.67169584439273,5.67169584439273,5.67169584439273,5.67169584439273,5.67169584439273,5.67169584439273,5.67169584439273,5.67169584439273,5.67169584439273,5.67169584439273,5.67169584439273,5.67169584439273,5.67169584439273,5.67169584439273,5.67169584439273,5.67169584439273,5.656891267199095,4.687928180721993,4.687928180721993,4.687928180721993,4.670239038975419,4.670239038975419,4.670239038975419,4.670239038975419,4.670239038975419,4.670239038975419,4.670239038975419,4.670239038975419,4.670239038975419,4.670239038975419,4.670239038975419,4.475779118949685,3.8612298357965766,3.8612298357965766,3.8612298357965766,3.8612298357965766,3.8612298357965766,3.8612298357965766,3.8612298357965766,3.8612298357965766,3.8612298357965766,3.8612298357965766,3.8612298357965766,3.8612298357965766,3.8612298357965766,3.8612298357965766,3.8612298357965766,3.8612298357965766,3.8612298357965766,3.8612298357965766,3.8612298357965766,3.8612298357965766,3.8612298357965766,3.8612298357965766,3.8612298357965766,3.8612298357965766,3.8612298357965766,3.8612298357965766,3.8612298357965766,3.8612298357965766,3.8612298357965766,3.8612298357965766,3.8612298357965766,3.8612298357965766,3.8612298357965766,3.8612298357965766,3.8612298357965766,3.8612298357965766,3.8612298357965766,3.8612298357965766,3.8612298357965766,3.8612298357965766,3.8612298357965766,3.8612298357965766,3.8612298357965766,3.8612298357965766,3.8612298357965766,3.8612298357965766,3.8612298357965766,3.8612298357965766,3.8612298357965766,3.8612298357965766,3.8612298357965766,3.8612298357965766,3.8612298357965766,3.8612298357965766,3.8612298357965766,3.8612298357965766,3.8612298357965766,3.8612298357965766,3.8612298357965766,3.8612298357965766,3.8612298357965766,3.8612298357965766,3.8612298357965766,3.8612298357965766,3.8612298357965766,3.8612298357965766,3.8612298357965766,3.8612298357965766,3.8612298357965766,3.8612298357965766,3.8612298357965766,3.8612298357965766,3.8612298357965766,3.8612298357965766,3.8612298357965766,3.8612298357965766,3.8612298357965766,3.8612298357965766,3.8612298357965766,3.8612298357965766,3.8612298357965766,3.8612298357965766,3.8612298357965766,3.8612298357965766,3.8612298357965766,3.8612298357965766,3.8612298357965766,3.8612298357965766,3.8612298357965766,3.8612298357965766,3.8612298357965766,3.8612298357965766,3.8612298357965766,3.8612298357965766,3.8612298357965766,3.8612298357965766,3.8612298357965766,3.8612298357965766,3.8612298357965766,3.8612298357965766,3.8612298357965766,3.8612298357965766,3.8612298357965766,3.8612298357965766,3.8612298357965766,3.8612298357965766,3.8612298357965766,3.8612298357965766,3.8612298357965766,3.8612298357965766,3.8612298357965766,3.8612298357965766,3.8612298357965766,3.8612298357965766,3.8612298357965766,3.8612298357965766,3.8612298357965766,3.8612298357965766,3.8612298357965766,3.8612298357965766,3.8612298357965766,3.8612298357965766,3.8612298357965766,3.8612298357965766,3.8612298357965766,3.8612298357965766,3.8612298357965766,3.8612298357965766,3.8612298357965766,3.8612298357965766,3.8612298357965766,3.8612298357965766,3.8612298357965766,3.8612298357965766,3.8612298357965766,3.8612298357965766,3.8612298357965766,3.8612298357965766,3.8612298357965766,3.8612298357965766,3.8612298357965766,3.8612298357965766,3.8612298357965766,3.8612298357965766,3.8612298357965766,3.8612298357965766,3.8612298357965766,3.8612298357965766,3.8612298357965766,3.8612298357965766,3.8612298357965766,3.8612298357965766,3.8612298357965766,3.8612298357965766,3.8612298357965766,3.8612298357965766,3.8612298357965766,3.8612298357965766,3.8612298357965766,3.8612298357965766,3.8612298357965766,3.8612298357965766,3.8612298357965766,3.8612298357965766,3.8612298357965766,3.8612298357965766,3.8612298357965766,3.8612298357965766,3.8612298357965766,3.8612298357965766,3.8612298357965766,3.8612298357965766,3.8612298357965766,3.8612298357965766,3.8612298357965766,3.8612298357965766,3.8612298357965766,3.8612298357965766,3.8612298357965766,3.8612298357965766,3.8612298357965766,3.8612298357965766,3.8612298357965766,3.8612298357965766,3.8612298357965766,3.8612298357965766,3.8612298357965766,3.8612298357965766,3.8612298357965766,3.8612298357965766,3.8612298357965766,3.8612298357965766,3.8612298357965766,3.8612298357965766,3.8612298357965766,3.8612298357965766,3.8612298357965766,3.8612298357965766,3.8612298357965766,3.8612298357965766,3.8612298357965766,3.8612298357965766,3.8612298357965766,3.8612298357965766,3.8612298357965766,3.8612298357965766,3.8612298357965766,3.8612298357965766,3.8612298357965766,3.8612298357965766,3.8612298357965766,3.8612298357965766,3.8612298357965766,3.8612298357965766,3.8612298357965766,3.8612298357965766,3.8612298357965766,3.8612298357965766,3.8612298357965766,3.8612298357965766,3.8612298357965766,3.8612298357965766,3.8612298357965766,3.8612298357965766,3.8612298357965766,3.8612298357965766,3.255695278410535,3.255695278410535,3.255695278410535,2.817615420519464,2.817615420519464,2.817615420519464,2.817615420519464,2.817615420519464,2.817615420519464,2.817615420519464,2.817615420519464,2.817615420519464,2.817615420519464,2.6691431221638555,2.6691431221638555,2.6691431221638555,2.6691431221638555,2.6691431221638555,2.6691431221638555,2.6691431221638555,2.6691431221638555,2.6691431221638555,2.6691431221638555,2.6691431221638555,2.6691431221638555,2.6691431221638555,2.6691431221638555,2.6691431221638555,2.6691431221638555,2.6691431221638555,2.6691431221638555,2.6691431221638555,2.6691431221638555,2.6691431221638555,2.6691431221638555,2.6691431221638555,2.6691431221638555,2.6691431221638555,2.6691431221638555,2.6691431221638555,2.6691431221638555,2.540339020064455,2.540339020064455,2.359136131797465,2.359136131797465,2.359136131797465,2.359136131797465,2.359136131797465,2.359136131797465,2.359136131797465,2.359136131797465,2.359136131797465,2.359136131797465,2.359136131797465,2.359136131797465,2.359136131797465,2.359136131797465,2.359136131797465,2.359136131797465,2.359136131797465,2.359136131797465,2.359136131797465,2.359136131797465,2.359136131797465,2.359136131797465,2.359136131797465,2.359136131797465,2.359136131797465,2.359136131797465,2.359136131797465,2.359136131797465,2.359136131797465,2.359136131797465,2.359136131797465,2.359136131797465,2.359136131797465,2.359136131797465,2.359136131797465,2.359136131797465,2.359136131797465,2.359136131797465,2.359136131797465,2.359136131797465,2.359136131797465,2.359136131797465,2.359136131797465,2.359136131797465,2.359136131797465,2.359136131797465,2.359136131797465,2.359136131797465,2.359136131797465,2.359136131797465,2.359136131797465,2.359136131797465,2.359136131797465,2.359136131797465,2.359136131797465,2.359136131797465,2.359136131797465,2.359136131797465,2.359136131797465,2.359136131797465,2.359136131797465,2.359136131797465,2.359136131797465,2.359136131797465,2.359136131797465,2.359136131797465,2.359136131797465,2.359136131797465,2.359136131797465,2.359136131797465,2.359136131797465,2.359136131797465,2.359136131797465,2.359136131797465,2.359136131797465,2.359136131797465,2.359136131797465,2.359136131797465,2.359136131797465,2.359136131797465,2.359136131797465,2.359136131797465,2.359136131797465,2.359136131797465,2.359136131797465,2.359136131797465,2.359136131797465,2.359136131797465,2.359136131797465,2.359136131797465,2.359136131797465,2.359136131797465,2.359136131797465,2.359136131797465,2.359136131797465,2.359136131797465,2.359136131797465,2.359136131797465,2.359136131797465,2.359136131797465,2.359136131797465,2.359136131797465,2.359136131797465,2.359136131797465,2.359136131797465,2.359136131797465,2.359136131797465,2.359136131797465,2.359136131797465,2.359136131797465,2.359136131797465,2.359136131797465,2.359136131797465,2.359136131797465,2.359136131797465,2.359136131797465,2.359136131797465,2.359136131797465,2.359136131797465,2.359136131797465,2.359136131797465,2.359136131797465,2.359136131797465,2.359136131797465,2.359136131797465,2.359136131797465,2.359136131797465,2.359136131797465,2.359136131797465,2.359136131797465,2.359136131797465,2.359136131797465,2.359136131797465,2.359136131797465,2.359136131797465,2.359136131797465,2.359136131797465,2.359136131797465,2.359136131797465,2.359136131797465,2.359136131797465,2.359136131797465,2.359136131797465,2.359136131797465,2.359136131797465,2.359136131797465,2.359136131797465,2.359136131797465,2.359136131797465,2.359136131797465,2.359136131797465,2.359136131797465,2.359136131797465,2.359136131797465,2.359136131797465,2.359136131797465,2.359136131797465,2.359136131797465,2.359136131797465,2.359136131797465,2.359136131797465,2.359136131797465,2.359136131797465,2.359136131797465,2.359136131797465,2.359136131797465,2.359136131797465,2.359136131797465,2.359136131797465,2.359136131797465,2.359136131797465,2.359136131797465,2.359136131797465,2.359136131797465,2.359136131797465,2.359136131797465,2.359136131797465,2.359136131797465,2.359136131797465,2.359136131797465,2.359136131797465,2.359136131797465,2.359136131797465,2.359136131797465,2.359136131797465,2.359136131797465,2.359136131797465,2.359136131797465,2.359136131797465,2.359136131797465,2.359136131797465,2.359136131797465,2.359136131797465,2.359136131797465,2.359136131797465,2.359136131797465,2.359136131797465,2.359136131797465,2.359136131797465,2.359136131797465,2.359136131797465,2.359136131797465,2.359136131797465,2.359136131797465,2.359136131797465,2.359136131797465,2.359136131797465,2.359136131797465,2.359136131797465,2.359136131797465,2.359136131797465,2.359136131797465,2.359136131797465,2.359136131797465,2.359136131797465,2.359136131797465,2.359136131797465,2.359136131797465,2.359136131797465,2.359136131797465,2.359136131797465,2.359136131797465,2.359136131797465,2.359136131797465,2.359136131797465,2.359136131797465,2.359136131797465,2.359136131797465,2.359136131797465,2.359136131797465,2.359136131797465,2.359136131797465,2.359136131797465,2.359136131797465,2.359136131797465,2.359136131797465,2.359136131797465,2.359136131797465,2.359136131797465,2.359136131797465,2.359136131797465,2.359136131797465,2.359136131797465,2.359136131797465,2.359136131797465,2.359136131797465,2.359136131797465,2.359136131797465,2.359136131797465,2.359136131797465,2.359136131797465,2.359136131797465,2.359136131797465,2.359136131797465,2.359136131797465,2.359136131797465,2.359136131797465,2.359136131797465,2.359136131797465,2.359136131797465,2.359136131797465,2.359136131797465,2.359136131797465,2.359136131797465,2.359136131797465,2.359136131797465,2.359136131797465,2.359136131797465,2.359136131797465,2.359136131797465,2.359136131797465,2.359136131797465,2.359136131797465,2.359136131797465,2.359136131797465,2.359136131797465,2.359136131797465,2.359136131797465,2.359136131797465,2.359136131797465,2.359136131797465,2.359136131797465,2.359136131797465,2.359136131797465,2.359136131797465,2.359136131797465,2.359136131797465,2.359136131797465,2.359136131797465,2.359136131797465,2.359136131797465,2.359136131797465,2.359136131797465,2.359136131797465,2.359136131797465,2.359136131797465,2.359136131797465,2.359136131797465,2.359136131797465,2.359136131797465,2.359136131797465,2.359136131797465,2.359136131797465,2.359136131797465,2.359136131797465,2.359136131797465,2.359136131797465,2.359136131797465,2.359136131797465,2.359136131797465,2.359136131797465,2.359136131797465,2.359136131797465,2.359136131797465,2.359136131797465,2.359136131797465,2.359136131797465,2.359136131797465,2.2413592643519027,2.2413592643519027,2.2413592643519027,2.2413592643519027,2.2413592643519027,2.2413592643519027,2.2413592643519027,2.2413592643519027,2.2413592643519027,2.2413592643519027,2.2413592643519027,2.2413592643519027,2.2413592643519027,2.2413592643519027,2.2413592643519027,2.2413592643519027,2.2413592643519027,2.2413592643519027,2.2413592643519027,2.2413592643519027,2.2413592643519027,2.2413592643519027,2.2413592643519027,2.2413592643519027,2.2413592643519027,2.2413592643519027,2.2413592643519027,2.2413592643519027,2.2413592643519027,2.2413592643519027,2.2413592643519027,2.2413592643519027,2.2413592643519027,2.2413592643519027,2.2413592643519027,2.2413592643519027,2.2413592643519027,2.2413592643519027,2.2413592643519027,2.2413592643519027,2.2413592643519027,2.2413592643519027,2.2413592643519027,2.2413592643519027,2.2413592643519027,2.2413592643519027,2.2413592643519027,2.2413592643519027,2.2413592643519027,2.2413592643519027,2.2413592643519027,2.2413592643519027,2.2413592643519027,2.2413592643519027,2.2413592643519027,2.2413592643519027,2.2413592643519027,2.2413592643519027,2.2413592643519027,2.2413592643519027,2.2413592643519027,2.2413592643519027,2.2413592643519027,2.2413592643519027,2.2413592643519027,2.2413592643519027,2.2413592643519027,2.2413592643519027,2.2413592643519027,2.2413592643519027,2.2413592643519027,2.2413592643519027,2.2413592643519027,2.2413592643519027,2.2413592643519027,2.2413592643519027,2.2413592643519027,2.2413592643519027,2.2413592643519027,2.2413592643519027,2.2413592643519027,2.2413592643519027,2.2413592643519027,2.2413592643519027,2.2413592643519027,2.2413592643519027,2.2413592643519027,2.2413592643519027,2.2413592643519027,2.2413592643519027,2.2413592643519027,2.2413592643519027,2.2413592643519027,2.2413592643519027,2.2413592643519027,2.2413592643519027,2.2413592643519027,2.2413592643519027,2.2413592643519027,2.2413592643519027,2.2413592643519027,2.2413592643519027,2.2413592643519027,2.2413592643519027,2.2413592643519027,2.2413592643519027,2.2413592643519027,2.2413592643519027,2.2413592643519027,2.2413592643519027,2.2413592643519027,2.2413592643519027,2.2413592643519027,2.2413592643519027,2.2413592643519027,2.2413592643519027,2.2413592643519027,2.2413592643519027,2.2413592643519027,2.2413592643519027,2.2413592643519027,2.2413592643519027,2.2413592643519027,2.2413592643519027,2.2413592643519027,2.2413592643519027,2.2413592643519027,2.2413592643519027,2.2413592643519027,2.2413592643519027,2.2413592643519027,2.2413592643519027,2.2413592643519027,2.2413592643519027,2.2413592643519027,2.2413592643519027,2.2413592643519027,2.2413592643519027,2.2413592643519027,2.2413592643519027,2.2413592643519027,2.2413592643519027,2.2413592643519027,2.2413592643519027,2.2413592643519027,2.2413592643519027,2.2413592643519027,2.2413592643519027,2.2413592643519027,2.2413592643519027,2.2413592643519027,2.2413592643519027,2.2413592643519027,2.2413592643519027,2.2413592643519027,2.2413592643519027,2.2413592643519027,2.2413592643519027,2.2413592643519027,2.2413592643519027,2.2413592643519027,2.2413592643519027,2.2413592643519027,2.2413592643519027,2.2413592643519027,2.2413592643519027,2.2413592643519027,2.2413592643519027,2.2413592643519027,2.2413592643519027,2.2413592643519027,2.2413592643519027,2.2413592643519027,2.2413592643519027,2.2413592643519027,2.2413592643519027,2.2413592643519027,2.2413592643519027,2.2413592643519027,2.2413592643519027,2.2413592643519027,2.2413592643519027,2.2413592643519027,2.2413592643519027,2.2413592643519027,2.2413592643519027,2.2413592643519027,2.2413592643519027,2.2413592643519027,2.2413592643519027,2.2413592643519027,2.2413592643519027,2.2413592643519027,2.2413592643519027,2.2413592643519027,2.2413592643519027,2.2413592643519027,2.2413592643519027,2.2413592643519027,2.2413592643519027,2.2413592643519027,2.2413592643519027,2.2413592643519027,2.2413592643519027,2.2413592643519027,2.2413592643519027,2.2413592643519027,2.2413592643519027,2.2413592643519027,2.2413592643519027,2.2413592643519027,2.2413592643519027,2.2413592643519027,2.2413592643519027,2.2413592643519027,2.2413592643519027,2.2413592643519027,2.2413592643519027,2.2413592643519027,2.2413592643519027,2.2413592643519027,2.2413592643519027,2.2413592643519027,2.2413592643519027,2.2413592643519027,2.2413592643519027,2.2413592643519027,2.2413592643519027,2.2413592643519027,2.2413592643519027,2.2413592643519027,2.2413592643519027,2.2413592643519027,2.2413592643519027,2.2413592643519027,2.2413592643519027,2.2413592643519027,2.2413592643519027,2.2413592643519027,2.2413592643519027,2.2413592643519027,2.2413592643519027,2.2413592643519027,2.2413592643519027,2.2413592643519027,2.2413592643519027,2.2413592643519027,2.2413592643519027,2.2413592643519027,2.2413592643519027,2.2413592643519027,2.2413592643519027,2.2413592643519027,2.2413592643519027,2.2413592643519027,2.2413592643519027,2.2413592643519027,2.2413592643519027,2.2413592643519027,2.2413592643519027,2.2413592643519027,2.2413592643519027,2.2413592643519027,2.2413592643519027,2.2413592643519027,2.2413592643519027,2.2413592643519027,2.2413592643519027,2.2413592643519027,2.2413592643519027,2.2413592643519027,2.2413592643519027,2.2413592643519027,2.2413592643519027,2.2413592643519027,2.2413592643519027,2.2413592643519027,2.2413592643519027,2.2413592643519027,2.2413592643519027,2.2413592643519027,2.2413592643519027,2.2413592643519027,2.2413592643519027,2.2413592643519027,2.2413592643519027,2.2413592643519027,2.2413592643519027,2.2413592643519027,2.2413592643519027,2.2413592643519027,2.2413592643519027,2.2413592643519027,2.2413592643519027,2.2413592643519027,2.2413592643519027,2.2413592643519027,2.2413592643519027,2.2413592643519027,2.2413592643519027,2.2413592643519027,2.2413592643519027,2.2413592643519027,2.2413592643519027,2.2413592643519027,2.2413592643519027,2.2413592643519027,2.2413592643519027,2.2413592643519027,2.2413592643519027,2.2413592643519027,2.2413592643519027,2.2413592643519027,2.2413592643519027,2.2413592643519027,2.2413592643519027,2.2413592643519027,2.2413592643519027,2.2413592643519027,2.2413592643519027,2.2413592643519027,2.2413592643519027,2.2413592643519027,2.2413592643519027,2.2413592643519027,2.2413592643519027,2.2413592643519027,2.2413592643519027,2.2413592643519027,2.2413592643519027,2.2413592643519027,2.2413592643519027,2.2413592643519027,2.2413592643519027,2.2413592643519027,2.2413592643519027,2.2413592643519027,2.2413592643519027,2.2413592643519027,2.2413592643519027,2.2413592643519027,2.2413592643519027,2.2413592643519027,2.2413592643519027,2.2413592643519027,2.2413592643519027,2.2413592643519027,2.2413592643519027,2.2413592643519027,2.2413592643519027,2.2413592643519027,2.2413592643519027,2.2413592643519027,2.2413592643519027,2.2413592643519027,2.2413592643519027,2.2413592643519027,2.2413592643519027,2.2413592643519027,2.2413592643519027,2.2413592643519027,2.2413592643519027,2.2413592643519027,7.357295442249474,7.357295442249474,7.228693575776991,7.067915440944664,6.974230143235579,6.974230143235579,6.974230143235579,6.974230143235579,6.974230143235579,6.0319602640512,6.0319602640512,6.0319602640512,6.0319602640512,6.0319602640512,6.0319602640512,6.0319602640512,6.0319602640512,6.0319602640512,6.0319602640512,6.0319602640512,6.0319602640512,6.0319602640512,6.0319602640512,6.0319602640512,5.978465341246344,5.978465341246344,5.978465341246344,5.978465341246344,5.978465341246344,5.978465341246344,5.978465341246344,5.978465341246344,5.978465341246344,5.978465341246344,5.978465341246344,5.978465341246344,5.947652943975116,5.947652943975116,5.909850898473039,5.909850898473039,5.909850898473039,5.909850898473039,5.909850898473039,5.909850898473039,5.909850898473039,5.909850898473039,5.877120109061984,5.861911896408287,5.660909281827978,5.660909281827978,5.660909281827978,5.660909281827978,5.660909281827978,5.660909281827978,5.660909281827978,5.660909281827978,5.660909281827978,5.660909281827978,5.660909281827978,5.660909281827978,5.660909281827978,5.660909281827978,5.660909281827978,5.660909281827978,5.660909281827978,5.656881126361831,5.656881126361831,5.656881126361831,5.656881126361831,5.656881126361831,5.656881126361831,5.656881126361831,5.656881126361831,5.656881126361831,5.656881126361831,5.656881126361831,5.656881126361831,5.656881126361831,5.656881126361831,5.656881126361831,5.656881126361831,5.656881126361831,5.656881126361831,5.656881126361831,5.656881126361831,5.656881126361831,5.656881126361831,5.656881126361831,5.656881126361831,5.656881126361831,5.656881126361831,5.656881126361831,5.656881126361831,5.656881126361831,5.656881126361831,5.656881126361831,5.656881126361831,5.656881126361831,5.656881126361831,5.656881126361831,5.656881126361831,5.656881126361831,5.656881126361831,5.656881126361831,5.656881126361831,5.656881126361831,5.656881126361831,5.656881126361831,5.656881126361831,5.656881126361831,5.656881126361831,5.656881126361831,5.656881126361831,5.656881126361831,5.656881126361831,5.656881126361831,5.656881126361831,5.656881126361831,5.656881126361831,5.656881126361831,5.656881126361831,5.656881126361831,5.656881126361831,5.656881126361831,5.656881126361831,5.656881126361831,5.656881126361831,5.656881126361831,5.656881126361831,5.656881126361831,5.656881126361831,5.656881126361831,5.415906093578172,5.415906093578172,5.336705644246646,5.336705644246646,5.336705644246646,5.336705644246646,5.336705644246646,5.336705644246646,5.336705644246646,5.336705644246646,5.336705644246646,5.336705644246646,5.336705644246646,5.336705644246646,5.336705644246646,5.336705644246646,5.336705644246646,5.336705644246646,5.336705644246646,5.336705644246646,5.336705644246646,5.336705644246646,5.336705644246646,5.336705644246646,5.336705644246646,5.336705644246646,5.336705644246646,5.336705644246646,5.336705644246646,5.336705644246646,5.336705644246646,5.336705644246646,5.336705644246646,5.336705644246646,5.336705644246646,5.336705644246646,5.336705644246646,5.336705644246646,5.336705644246646,5.336705644246646,5.336705644246646,5.336705644246646,5.336705644246646,5.336705644246646,5.336705644246646,5.336705644246646,5.336705644246646,5.336705644246646,5.336705644246646,5.336705644246646,5.336705644246646,5.336705644246646,5.336705644246646,5.336705644246646,5.336705644246646,5.336705644246646,5.336705644246646,5.336705644246646,5.336705644246646,5.336705644246646,5.336705644246646,5.336705644246646,5.336705644246646,5.336705644246646,5.336705644246646,5.336705644246646,5.336705644246646,5.336705644246646,5.336705644246646,5.336705644246646,5.336705644246646,5.336705644246646,5.336705644246646,5.336705644246646,5.336705644246646,5.336705644246646,5.336705644246646,5.336705644246646,5.336705644246646,5.336705644246646,5.336705644246646,5.336705644246646,5.336705644246646,5.336705644246646,5.336705644246646,5.336705644246646,5.336705644246646,5.336705644246646,5.336705644246646,5.336705644246646,5.336705644246646,5.085450055411906,5.073255164285402,5.073255164285402,5.073255164285402,5.073255164285402,5.073255164285402,5.073255164285402,5.073255164285402,5.073255164285402,5.073255164285402,5.073255164285402,5.073255164285402,5.073255164285402,5.073255164285402,5.073255164285402,5.073255164285402,5.073255164285402,5.073255164285402,5.073255164285402,5.073255164285402,5.073255164285402,5.022950228830428,5.022950228830428,5.022950228830428,5.022950228830428,5.022950228830428,5.022950228830428,5.022950228830428,5.022950228830428,4.9065932639186896,4.9065932639186896,4.9065932639186896,4.9065932639186896,4.9065932639186896,4.9065932639186896,4.9065932639186896,4.9065932639186896,4.9065932639186896,4.9065932639186896,4.9065932639186896,4.9065932639186896,4.9065932639186896,4.9065932639186896,4.9065932639186896,4.9065932639186896,4.9065932639186896,4.9065932639186896,4.9065932639186896,4.9065932639186896,4.9065932639186896,4.9065932639186896,4.9065932639186896,4.9065932639186896,4.9065932639186896,4.9065932639186896,4.9065932639186896,4.9065932639186896,4.9065932639186896,4.9065932639186896,4.9065932639186896,4.9065932639186896,4.9065932639186896,4.9065932639186896,4.9065932639186896,4.9065932639186896,4.9065932639186896,4.9065932639186896,4.9065932639186896,4.9065932639186896,4.9065932639186896,4.9065932639186896,4.9065932639186896,4.9065932639186896,4.9065932639186896,4.9065932639186896,4.9065932639186896,4.9065932639186896,4.9065932639186896,4.9065932639186896,4.9065932639186896,4.9065932639186896,4.9065932639186896,4.9065932639186896,4.9065932639186896,4.9065932639186896,4.9065932639186896,4.9065932639186896,4.9065932639186896,4.9065932639186896,4.9065932639186896,4.9065932639186896,4.9065932639186896,4.9065932639186896,4.9065932639186896,4.9065932639186896,4.9065932639186896,4.9065932639186896,4.374022975537552,4.374022975537552,4.130617071642771,4.130617071642771,4.130617071642771,4.130617071642771,4.130617071642771,4.130617071642771,4.130617071642771,4.130617071642771,4.130617071642771,4.130617071642771,4.130617071642771,4.130617071642771,4.130617071642771,4.130617071642771,4.130617071642771,4.130617071642771,4.130617071642771,4.130617071642771,4.130617071642771,4.130617071642771,4.130617071642771,4.130617071642771,4.130617071642771,4.130617071642771,4.130617071642771,4.130617071642771,4.130617071642771,4.130617071642771,4.130617071642771,4.130617071642771,4.130617071642771,4.130617071642771,4.130617071642771,4.130617071642771,4.130617071642771,4.130617071642771,4.130617071642771,4.130617071642771,4.130617071642771,4.130617071642771,4.130617071642771,4.130617071642771,4.130617071642771,4.130617071642771,4.130617071642771,4.130617071642771,4.130617071642771,4.130617071642771,4.130617071642771,4.130617071642771,4.130617071642771,4.130617071642771,4.130617071642771,4.130617071642771,4.130617071642771,4.130617071642771,4.130617071642771,4.130617071642771,4.130617071642771,4.130617071642771,4.130617071642771,4.130617071642771,4.130617071642771,4.130617071642771,4.130617071642771,4.130617071642771,4.130617071642771,4.130617071642771,4.130617071642771,4.130617071642771,4.130617071642771,4.130617071642771,4.130617071642771,4.130617071642771,4.130617071642771,4.130617071642771,4.130617071642771,4.130617071642771,4.130617071642771,4.130617071642771,4.130617071642771,4.130617071642771,4.130617071642771,4.130617071642771,4.130617071642771,4.130617071642771,4.130617071642771,4.130617071642771,4.130617071642771,4.130617071642771,4.130617071642771,4.130617071642771,4.130617071642771,4.130617071642771,4.130617071642771,4.130617071642771,4.130617071642771,4.130617071642771,4.130617071642771,4.130617071642771,4.130617071642771,4.130617071642771,4.130617071642771,4.130617071642771,4.130617071642771,4.130617071642771,4.130617071642771,4.130617071642771,4.130617071642771,4.130617071642771,4.130617071642771,4.130617071642771,4.130617071642771,4.130617071642771,4.130617071642771,4.130617071642771,4.130617071642771,4.130617071642771,4.130617071642771,4.130617071642771,4.130617071642771,4.130617071642771,4.130617071642771,4.130617071642771,4.130617071642771,4.130617071642771,4.130617071642771,4.130617071642771,4.130617071642771,4.130617071642771,4.130617071642771,4.130617071642771,4.130617071642771,4.130617071642771,4.130617071642771,4.130617071642771,4.130617071642771,4.130617071642771,4.130617071642771,4.130617071642771,4.130617071642771,4.130617071642771,4.130617071642771,4.130617071642771,4.130617071642771,4.130617071642771,4.130617071642771,4.130617071642771,4.130617071642771,4.130617071642771,4.130617071642771,4.130617071642771,4.130617071642771,4.130617071642771,4.130617071642771,4.130617071642771,4.130617071642771,4.130617071642771,4.130617071642771,4.130617071642771,4.130617071642771,4.130617071642771,4.130617071642771,4.130617071642771,4.130617071642771,4.130617071642771,4.130617071642771,4.130617071642771,4.130617071642771,4.130617071642771,4.130617071642771,4.130617071642771,4.130617071642771,4.130617071642771,4.130617071642771,4.130617071642771,4.130617071642771,4.130617071642771,4.130617071642771,4.130617071642771,4.130617071642771,4.130617071642771,4.130617071642771,4.130617071642771,4.130617071642771,4.130617071642771,4.130617071642771,4.130617071642771,4.130617071642771,4.130617071642771,4.130617071642771,4.130617071642771,4.130617071642771,4.130617071642771,4.130617071642771,4.130617071642771,4.130617071642771,4.130617071642771,4.130617071642771,4.130617071642771,4.130617071642771,4.130617071642771,4.130617071642771,4.130617071642771,4.130617071642771,4.130617071642771,4.130617071642771,4.130617071642771,4.130617071642771,4.130617071642771,4.130617071642771,4.130617071642771,4.130617071642771,4.130617071642771,4.130617071642771,4.130617071642771,4.130617071642771,4.130617071642771,4.130617071642771,4.130617071642771,4.130617071642771,4.130617071642771,4.130617071642771,4.130617071642771,4.130617071642771,4.130617071642771,4.130617071642771,4.130617071642771,4.130617071642771,4.130617071642771,4.130617071642771,4.130617071642771,4.130617071642771,4.130617071642771,4.130617071642771,4.130617071642771,4.130617071642771,4.130617071642771,4.130617071642771,4.130617071642771,4.130617071642771,4.130617071642771,4.130617071642771,4.130617071642771,4.130617071642771,4.130617071642771,4.130617071642771,4.130617071642771,4.130617071642771,4.130617071642771,4.130617071642771,4.130617071642771,4.130617071642771,4.130617071642771,4.130617071642771,4.130617071642771,4.130617071642771,4.130617071642771,4.130617071642771,4.130617071642771,4.130617071642771,4.130617071642771,4.130617071642771,4.130617071642771,4.130617071642771,4.130617071642771,4.130617071642771,4.130617071642771,4.130617071642771,4.130617071642771,4.130617071642771,4.130617071642771,4.130617071642771,4.130617071642771,4.130617071642771,4.130617071642771,4.130617071642771,4.130617071642771,4.130617071642771,4.130617071642771,4.130617071642771,4.130617071642771,4.130617071642771,4.130617071642771,4.130617071642771,4.130617071642771,4.130617071642771,4.130617071642771,4.130617071642771,4.130617071642771,4.130617071642771,4.130617071642771,4.130617071642771,4.130617071642771,4.130617071642771,4.130617071642771,4.130617071642771,4.130617071642771,4.130617071642771,4.130617071642771,4.130617071642771,4.130617071642771,4.130617071642771,4.130617071642771,4.130617071642771,4.130617071642771,4.130617071642771,4.130617071642771,4.130617071642771,4.130617071642771,4.130617071642771,4.130617071642771,4.130617071642771,4.130617071642771,4.130617071642771,4.130617071642771,4.130617071642771,4.130617071642771,4.130617071642771,4.130617071642771,4.130617071642771,4.130617071642771,4.130617071642771,4.130617071642771,4.130617071642771,4.130617071642771,4.130617071642771,4.130617071642771,4.130617071642771,4.130617071642771,4.130617071642771,4.130617071642771,4.130617071642771,4.130617071642771,4.130617071642771,4.130617071642771,4.130617071642771,4.130617071642771,4.130617071642771,4.130617071642771,4.130617071642771,4.130617071642771,4.130617071642771,4.130617071642771,4.130617071642771,4.130617071642771,4.130617071642771,4.130617071642771,4.130617071642771,4.130617071642771,4.130617071642771,4.130617071642771,4.130617071642771,4.130617071642771,4.130617071642771,4.130617071642771,4.130617071642771,4.130617071642771,4.130617071642771,4.130617071642771,4.130617071642771,4.130617071642771,4.130617071642771,4.130617071642771,4.130617071642771,4.130617071642771,4.130617071642771,4.130617071642771,4.130617071642771,4.130617071642771,4.130617071642771,4.130617071642771,4.130617071642771,4.130617071642771,4.130617071642771,4.130617071642771,4.130617071642771,4.130617071642771,4.130617071642771,4.130617071642771,4.130617071642771,4.130617071642771,4.130617071642771,4.130617071642771,4.130617071642771,4.130617071642771,4.130617071642771,4.130617071642771,4.130617071642771,4.130617071642771,4.130617071642771,4.130617071642771,4.130617071642771,4.130617071642771,4.130617071642771,4.130617071642771,4.130617071642771,4.130617071642771,4.130617071642771,4.130617071642771,4.130617071642771,4.130617071642771,4.130617071642771,4.130617071642771,4.130617071642771,4.130617071642771,4.130617071642771,4.130617071642771,4.130617071642771,4.130617071642771,4.130617071642771,4.130617071642771,4.130617071642771,4.130617071642771,4.130617071642771,4.130617071642771,4.130617071642771,4.130617071642771,4.130617071642771,4.130617071642771,4.130617071642771,4.130617071642771,4.130617071642771,4.130617071642771,4.130617071642771,4.130617071642771,4.130617071642771,4.130617071642771,4.130617071642771,4.130617071642771,4.130617071642771,4.130617071642771,4.130617071642771,4.130617071642771,4.130617071642771,4.130617071642771,4.130617071642771,4.130617071642771,4.130617071642771,4.130617071642771,4.130617071642771,4.130617071642771,4.130617071642771,4.130617071642771,4.130617071642771,4.130617071642771,4.130617071642771,4.130617071642771,4.130617071642771,4.130617071642771,4.130617071642771,4.130617071642771,4.130617071642771,4.130617071642771,4.130617071642771,4.130617071642771,4.130617071642771,4.130617071642771,4.130617071642771,4.130617071642771,4.130617071642771,4.130617071642771,4.130617071642771,4.130617071642771,4.130617071642771,4.130617071642771,4.130617071642771,4.130617071642771,4.130617071642771,4.130617071642771,4.130617071642771,4.130617071642771,4.130617071642771,4.130617071642771,4.130617071642771,4.130617071642771,4.130617071642771,4.130617071642771,4.130617071642771,4.130617071642771,4.130617071642771,4.130617071642771,4.130617071642771,4.130617071642771,4.130617071642771,4.130617071642771,4.130617071642771,4.130617071642771,4.130617071642771,4.130617071642771,4.130617071642771,4.130617071642771,4.130617071642771,4.130617071642771,4.130617071642771,4.130617071642771,4.130617071642771,4.130617071642771,4.130617071642771,4.130617071642771,4.130617071642771,4.130617071642771,4.130617071642771,4.130617071642771,4.130617071642771,4.130617071642771,4.130617071642771,4.130617071642771,4.130617071642771,4.130617071642771,4.130617071642771,4.130617071642771,4.130617071642771,4.130617071642771,4.130617071642771,4.130617071642771,4.130617071642771,4.130617071642771,4.130617071642771,4.130617071642771,4.130617071642771,4.130617071642771,4.130617071642771,4.130617071642771,4.130617071642771,4.130617071642771,4.130617071642771,4.130617071642771,4.130617071642771,4.130617071642771,4.130617071642771,4.130617071642771,4.130617071642771,4.130617071642771,4.130617071642771,4.130617071642771,4.130617071642771,4.130617071642771,4.130617071642771,4.130617071642771,4.130617071642771,4.130617071642771,4.130617071642771,4.130617071642771,4.130617071642771,4.130617071642771,4.130617071642771,4.130617071642771,4.130617071642771,4.130617071642771,4.130617071642771,4.130617071642771,4.130617071642771,4.130617071642771,4.130617071642771,4.130617071642771,4.130617071642771,4.130617071642771,4.130617071642771,4.130617071642771,4.130617071642771,4.130617071642771,4.130617071642771,4.130617071642771,4.130617071642771,4.130617071642771,4.130617071642771,4.130617071642771,4.130617071642771,4.130617071642771,4.130617071642771,4.130617071642771,4.130617071642771,4.130617071642771,4.130617071642771,4.130617071642771,4.130617071642771,4.130617071642771,4.130617071642771,4.130617071642771,4.130617071642771,4.130617071642771,4.130617071642771,4.130617071642771,4.130617071642771,4.130617071642771,4.130617071642771,4.130617071642771,4.130617071642771,4.130617071642771,4.130617071642771,4.130617071642771,4.130617071642771,4.130617071642771,4.130617071642771,4.130617071642771,4.130617071642771,4.130617071642771,4.130617071642771,4.130617071642771,4.130617071642771,4.130617071642771,4.130617071642771,4.130617071642771,4.130617071642771,4.130617071642771,4.130617071642771,4.130617071642771,4.130617071642771,4.130617071642771,4.130617071642771,4.130617071642771,4.130617071642771,4.130617071642771,4.130617071642771,4.130617071642771,4.130617071642771,4.130617071642771,4.130617071642771,4.130617071642771,4.130617071642771,4.130617071642771,4.130617071642771,4.130617071642771,4.130617071642771,4.130617071642771,4.130617071642771,4.130617071642771,4.130617071642771,4.130617071642771,4.130617071642771,4.130617071642771,4.130617071642771,4.130617071642771,4.130617071642771,4.130617071642771,4.130617071642771,4.130617071642771,4.130617071642771,4.130617071642771,4.130617071642771,4.130617071642771,4.130617071642771,4.130617071642771,4.130617071642771,4.130617071642771,4.130617071642771,4.130617071642771,4.130617071642771,4.130617071642771,4.130617071642771,4.130617071642771,4.130617071642771,4.130617071642771,4.130617071642771,4.130617071642771,4.130617071642771,4.130617071642771,4.130617071642771,4.130617071642771,4.130617071642771,4.130617071642771,4.130617071642771,4.130617071642771,4.130617071642771,4.130617071642771,4.130617071642771,4.130617071642771,4.130617071642771,4.130617071642771,4.130617071642771,4.130617071642771,4.130617071642771,4.130617071642771,4.130617071642771,4.130617071642771,4.130617071642771,4.130617071642771,7.789071407243563,7.772071697900366,7.102061123141104,7.102061123141104,6.966092273204348,6.966092273204348,6.956917362239869,6.956917362239869,6.956917362239869,6.956917362239869,6.956917362239869,6.956917362239869,6.956917362239869,6.956917362239869,6.956917362239869,6.956917362239869,6.956917362239869,6.956917362239869,6.956917362239869,6.956917362239869,6.956917362239869,6.956917362239869,6.956917362239869,6.956917362239869,6.956917362239869,6.956917362239869,6.956917362239869,6.956917362239869,6.956917362239869,6.956917362239869,6.956917362239869,6.956917362239869,6.956917362239869,6.956917362239869,6.956917362239869,6.956917362239869,6.956917362239869,6.956917362239869,6.956917362239869,6.591100052712537,6.591100052712537,6.591100052712537,6.591100052712537,6.376338018826212,6.070654570407465,6.070654570407465,6.070654570407465,6.070654570407465,6.070654570407465,6.070654570407465,6.070654570407465,6.070654570407465,6.070654570407465,6.070654570407465,6.070654570407465,6.070654570407465,6.070654570407465,6.070654570407465,6.070654570407465,6.070654570407465,6.070654570407465,6.070654570407465,6.070654570407465,6.070654570407465,6.070654570407465,6.070654570407465,6.070654570407465,6.070654570407465,6.070654570407465,6.070654570407465,6.070654570407465,6.070654570407465,6.070654570407465,6.070654570407465,6.070654570407465,6.070654570407465,6.070654570407465,6.070654570407465,6.070654570407465,6.070654570407465,6.070654570407465,6.070654570407465,6.070654570407465,6.070654570407465,6.070654570407465,6.070654570407465,6.070654570407465,6.070654570407465,6.070654570407465,6.070654570407465,6.070654570407465,6.070654570407465,6.070654570407465,5.843423991224203,5.843423991224203,5.506479377388009,5.506479377388009,5.506479377388009,5.506479377388009,5.506479377388009,5.506479377388009,5.506479377388009,5.4563168869781045,5.4563168869781045,5.429735942215105,5.429735942215105,5.429735942215105,5.4003843599537005,5.4003843599537005,5.4003843599537005,5.4003843599537005,5.4003843599537005,5.4003843599537005,5.4003843599537005,5.233909899018193,5.233909899018193,5.233909899018193,5.233909899018193,5.233909899018193,5.233909899018193,5.233909899018193,5.233909899018193,5.233909899018193,5.233909899018193,5.233909899018193,5.233909899018193,5.233909899018193,5.233909899018193,5.233909899018193,5.233909899018193,5.233909899018193,5.233909899018193,5.233909899018193,5.233909899018193,5.233909899018193,5.233909899018193,5.233909899018193,5.233909899018193,5.233909899018193,5.233909899018193,5.233909899018193,5.233909899018193,5.233909899018193,5.233909899018193,5.233909899018193,5.233909899018193,5.233909899018193,5.233909899018193,5.233909899018193,5.233909899018193,5.233909899018193,5.233909899018193,5.233909899018193,5.233909899018193,5.179998755748688,5.179998755748688,5.179998755748688,5.179998755748688,5.179998755748688,5.03099580575493,5.03099580575493,5.03099580575493,5.03099580575493,5.03099580575493,5.03099580575493,5.03099580575493,5.03099580575493,5.03099580575493,5.03099580575493,5.03099580575493,5.03099580575493,5.03099580575493,5.03099580575493,5.03099580575493,5.03099580575493,5.03099580575493,5.03099580575493,5.03099580575493,5.03099580575493,5.03099580575493,5.03099580575493,5.03099580575493,5.03099580575493,5.03099580575493,5.03099580575493,5.03099580575493,5.03099580575493,5.03099580575493,5.03099580575493,5.03099580575493,5.03099580575493,5.03099580575493,5.03099580575493,5.03099580575493,5.03099580575493,5.03099580575493,5.03099580575493,5.03099580575493,5.03099580575493,5.03099580575493,5.03099580575493,5.03099580575493,5.03099580575493,5.03099580575493,5.03099580575493,5.03099580575493,5.03099580575493,5.03099580575493,5.03099580575493,5.03099580575493,5.03099580575493,5.03099580575493,5.03099580575493,5.03099580575493,5.03099580575493,5.03099580575493,5.03099580575493,5.03099580575493,5.03099580575493,5.03099580575493,5.03099580575493,5.03099580575493,5.03099580575493,5.03099580575493,5.03099580575493,5.03099580575493,5.03099580575493,5.03099580575493,5.03099580575493,5.03099580575493,5.03099580575493,5.03099580575493,5.03099580575493,5.03099580575493,5.03099580575493,5.03099580575493,5.03099580575493,5.03099580575493,5.03099580575493,5.03099580575493,5.03099580575493,5.03099580575493,5.03099580575493,5.03099580575493,5.03099580575493,5.03099580575493,5.03099580575493,5.03099580575493,5.03099580575493,5.03099580575493,5.03099580575493,5.03099580575493,5.03099580575493,5.03099580575493,5.03099580575493,5.03099580575493,5.03099580575493,5.03099580575493,5.03099580575493,5.03099580575493,5.03099580575493,5.03099580575493,5.03099580575493,5.03099580575493,5.03099580575493,5.03099580575493,5.03099580575493,5.03099580575493,5.03099580575493,5.03099580575493,5.03099580575493,5.03099580575493,5.03099580575493,5.03099580575493,5.03099580575493,5.03099580575493,5.03099580575493,5.03099580575493,5.03099580575493,5.03099580575493,4.9814635192394485,4.9814635192394485,4.9814635192394485,4.598511655316613,4.598511655316613,4.598511655316613,4.598511655316613,4.598511655316613,4.598511655316613,4.598511655316613,4.598511655316613,4.598511655316613,4.598511655316613,4.598511655316613,4.598511655316613,4.598511655316613,4.598511655316613,4.598511655316613,4.598511655316613,4.598511655316613,4.598511655316613,4.598511655316613,4.598511655316613,4.598511655316613,4.598511655316613,4.598511655316613,4.598511655316613,4.598511655316613,4.598511655316613,4.598511655316613,4.598511655316613,4.598511655316613,4.598511655316613,4.598511655316613,4.598511655316613,4.598511655316613,4.598511655316613,4.598511655316613,4.598511655316613,4.598511655316613,4.598511655316613,4.598511655316613,4.598511655316613,4.598511655316613,4.598511655316613,4.598511655316613,4.598511655316613,4.598511655316613,4.598511655316613,4.598511655316613,4.598511655316613,4.598511655316613,4.598511655316613,4.598511655316613,4.598511655316613,4.598511655316613,4.598511655316613,4.598511655316613,4.598511655316613,4.598511655316613,4.598511655316613,4.598511655316613,4.598511655316613,4.598511655316613,4.598511655316613,4.598511655316613,4.598511655316613,4.598511655316613,4.598511655316613,4.598511655316613,4.598511655316613,4.598511655316613,4.598511655316613,4.598511655316613,4.598511655316613,4.598511655316613,4.598511655316613,4.598511655316613,4.598511655316613,4.598511655316613,4.598511655316613,4.598511655316613,4.598511655316613,4.598511655316613,4.598511655316613,4.598511655316613,4.598511655316613,4.598511655316613,4.598511655316613,4.598511655316613,4.598511655316613,4.598511655316613,4.598511655316613,4.598511655316613,4.598511655316613,4.598511655316613,4.598511655316613,4.598511655316613,4.598511655316613,4.598511655316613,4.598511655316613,4.598511655316613,4.598511655316613,4.598511655316613,4.598511655316613,4.598511655316613,4.598511655316613,4.598511655316613,4.598511655316613,4.598511655316613,4.598511655316613,4.598511655316613,4.598511655316613,4.598511655316613,4.598511655316613,4.598511655316613,4.598511655316613,4.598511655316613,4.598511655316613,4.598511655316613,4.598511655316613,4.598511655316613,4.598511655316613,4.598511655316613,4.598511655316613,4.598511655316613,4.598511655316613,4.598511655316613,4.598511655316613,4.598511655316613,4.598511655316613,4.598511655316613,4.598511655316613,4.598511655316613,4.598511655316613,4.598511655316613,4.598511655316613,4.598511655316613,4.598511655316613,4.598511655316613,4.598511655316613,4.598511655316613,4.598511655316613,4.598511655316613,4.598511655316613,4.598511655316613,4.598511655316613,4.598511655316613,4.598511655316613,4.598511655316613,4.598511655316613,4.598511655316613,4.598511655316613,4.598511655316613,4.598511655316613,4.598511655316613,4.598511655316613,4.598511655316613,4.598511655316613,4.598511655316613,4.598511655316613,4.598511655316613,4.598511655316613,4.598511655316613,4.598511655316613,4.598511655316613,4.598511655316613,4.598511655316613,4.598511655316613,4.598511655316613,4.598511655316613,4.598511655316613,4.598511655316613,4.598511655316613,4.598511655316613,4.598511655316613,4.598511655316613,4.598511655316613,4.598511655316613,4.598511655316613,4.598511655316613,4.598511655316613,4.598511655316613,4.598511655316613,4.598511655316613,4.598511655316613,4.598511655316613,4.598511655316613,4.598511655316613,4.598511655316613,4.598511655316613,4.598511655316613,4.598511655316613,4.598511655316613,4.598511655316613,4.598511655316613,4.598511655316613,4.598511655316613,4.598511655316613,4.598511655316613,4.598511655316613,4.598511655316613,4.598511655316613,4.598511655316613,4.598511655316613,4.598511655316613,4.598511655316613,4.598511655316613,4.598511655316613,4.598511655316613,4.598511655316613,4.598511655316613,4.598511655316613,4.598511655316613,4.598511655316613,4.598511655316613,4.598511655316613,4.598511655316613,4.598511655316613,4.598511655316613,4.598511655316613,4.598511655316613,4.598511655316613,4.598511655316613,4.598511655316613,4.598511655316613,4.598511655316613,4.598511655316613,4.598511655316613,4.598511655316613,4.598511655316613,4.598511655316613,4.598511655316613,4.598511655316613,4.598511655316613,4.598511655316613,4.598511655316613,4.598511655316613,4.598511655316613,4.598511655316613,4.598511655316613,4.598511655316613,4.598511655316613,4.598511655316613,4.598511655316613,4.598511655316613,4.598511655316613,4.598511655316613,4.598511655316613,4.598511655316613,4.598511655316613,4.598511655316613,4.598511655316613,4.598511655316613,4.598511655316613,4.598511655316613,4.598511655316613,4.598511655316613,4.598511655316613,4.598511655316613,4.598511655316613,4.598511655316613,4.598511655316613,4.598511655316613,4.598511655316613,4.598511655316613,4.598511655316613,4.598511655316613,4.598511655316613,4.598511655316613,4.598511655316613,4.598511655316613,4.598511655316613,4.598511655316613,4.598511655316613,4.598511655316613,4.598511655316613,4.598511655316613,4.598511655316613,4.598511655316613,4.598511655316613,4.598511655316613,4.598511655316613,4.598511655316613,4.598511655316613,4.598511655316613,4.598511655316613,4.598511655316613,4.598511655316613,4.598511655316613,4.598511655316613,4.598511655316613,4.56605629008505,4.4464291865281345,4.4464291865281345,4.437073430576451,4.437073430576451,4.437073430576451,4.437073430576451,4.437073430576451,4.437073430576451,4.437073430576451,4.437073430576451,4.437073430576451,4.437073430576451,4.437073430576451,4.437073430576451,4.437073430576451,4.437073430576451,4.437073430576451,4.437073430576451,4.437073430576451,4.437073430576451,4.437073430576451,4.437073430576451,4.437073430576451,4.437073430576451,4.437073430576451,4.437073430576451,4.437073430576451,4.437073430576451,4.437073430576451,4.437073430576451,4.437073430576451,4.437073430576451,4.437073430576451,4.437073430576451,4.437073430576451,4.437073430576451,4.437073430576451,4.437073430576451,4.437073430576451,4.437073430576451,4.437073430576451,4.437073430576451,4.437073430576451,4.437073430576451,4.437073430576451,4.437073430576451,4.437073430576451,4.437073430576451,4.437073430576451,4.437073430576451,4.437073430576451,4.437073430576451,4.437073430576451,4.437073430576451,4.437073430576451,4.437073430576451,4.437073430576451,4.437073430576451,4.437073430576451,4.437073430576451,4.437073430576451,4.437073430576451,4.437073430576451,4.437073430576451,4.437073430576451,4.437073430576451,4.437073430576451,4.437073430576451,4.437073430576451,4.437073430576451,4.437073430576451,4.437073430576451,4.437073430576451,4.437073430576451,4.437073430576451,4.437073430576451,4.437073430576451,4.437073430576451,4.437073430576451,4.437073430576451,4.437073430576451,4.437073430576451,4.437073430576451,4.437073430576451,4.437073430576451,4.437073430576451,4.437073430576451,4.437073430576451,4.437073430576451,4.437073430576451,4.437073430576451,4.437073430576451,4.437073430576451,4.437073430576451,4.437073430576451,4.437073430576451,4.437073430576451,4.437073430576451,4.437073430576451,4.437073430576451,4.437073430576451,4.437073430576451,4.437073430576451,4.437073430576451,4.437073430576451,4.437073430576451,4.437073430576451,4.437073430576451,4.437073430576451,4.437073430576451,4.437073430576451,4.437073430576451,4.437073430576451,4.437073430576451,4.437073430576451,4.437073430576451,4.437073430576451,4.437073430576451,4.437073430576451,4.437073430576451,4.437073430576451,4.437073430576451,4.437073430576451,4.437073430576451,4.437073430576451,4.437073430576451,4.437073430576451,4.437073430576451,4.437073430576451,4.437073430576451,4.437073430576451,4.437073430576451,4.437073430576451,4.437073430576451,4.437073430576451,4.437073430576451,4.437073430576451,4.437073430576451,4.437073430576451,4.437073430576451,4.437073430576451,4.437073430576451,4.437073430576451,4.437073430576451,4.437073430576451,4.437073430576451,4.437073430576451,4.437073430576451,4.437073430576451,4.437073430576451,4.437073430576451,4.437073430576451,4.437073430576451,4.437073430576451,4.437073430576451,4.437073430576451,4.437073430576451,4.437073430576451,4.437073430576451,4.437073430576451,4.437073430576451,4.437073430576451,4.437073430576451,4.437073430576451,4.437073430576451,4.437073430576451,4.437073430576451,4.437073430576451,4.437073430576451,4.437073430576451,4.437073430576451,4.437073430576451,4.437073430576451,4.437073430576451,4.437073430576451,4.437073430576451,4.437073430576451,4.437073430576451,4.437073430576451,4.437073430576451,4.437073430576451,4.437073430576451,4.437073430576451,4.437073430576451,4.437073430576451,4.437073430576451,4.437073430576451,4.437073430576451,4.437073430576451,4.437073430576451,4.437073430576451,4.437073430576451,4.437073430576451,4.437073430576451,4.437073430576451,4.437073430576451,4.437073430576451,4.437073430576451,4.437073430576451,4.437073430576451,4.437073430576451,4.437073430576451,4.437073430576451,4.437073430576451,4.437073430576451,4.437073430576451,4.437073430576451,4.437073430576451,4.437073430576451,4.437073430576451,4.437073430576451,4.437073430576451,4.437073430576451,4.437073430576451,4.437073430576451,4.437073430576451,4.437073430576451,4.437073430576451,4.437073430576451,4.437073430576451,4.437073430576451,4.437073430576451,4.437073430576451,4.437073430576451,4.437073430576451,4.437073430576451,4.437073430576451,4.437073430576451,4.437073430576451,4.437073430576451,4.437073430576451,4.437073430576451,4.437073430576451,4.437073430576451,4.437073430576451,4.437073430576451,4.437073430576451,4.437073430576451,4.437073430576451,4.437073430576451,4.437073430576451,4.437073430576451,4.437073430576451,4.437073430576451,4.437073430576451,4.437073430576451,4.437073430576451,4.437073430576451,4.437073430576451,4.437073430576451,4.437073430576451,4.437073430576451,4.437073430576451,4.437073430576451,4.437073430576451,4.437073430576451,4.437073430576451,4.437073430576451,4.437073430576451,4.437073430576451,4.437073430576451,4.437073430576451,4.437073430576451,4.437073430576451,4.437073430576451,4.437073430576451,4.437073430576451,4.437073430576451,4.437073430576451,4.437073430576451,4.437073430576451,4.437073430576451,4.437073430576451,4.437073430576451,4.437073430576451,4.437073430576451,4.437073430576451,4.437073430576451,4.437073430576451,4.437073430576451,4.437073430576451,4.437073430576451,4.437073430576451,4.437073430576451,4.437073430576451,4.437073430576451,4.437073430576451,4.437073430576451,4.437073430576451,4.437073430576451,4.437073430576451,4.437073430576451,4.437073430576451,4.437073430576451,4.437073430576451,4.437073430576451,4.437073430576451,4.437073430576451,4.437073430576451,4.437073430576451,4.437073430576451,4.437073430576451,4.437073430576451,4.437073430576451,4.437073430576451,4.437073430576451,4.437073430576451,4.437073430576451,4.437073430576451,4.437073430576451,4.437073430576451,4.437073430576451,4.437073430576451,4.437073430576451,4.437073430576451,4.437073430576451,4.437073430576451,4.437073430576451,4.437073430576451,4.437073430576451,4.437073430576451,4.437073430576451,4.437073430576451,4.437073430576451,4.437073430576451,4.437073430576451,4.437073430576451,4.437073430576451,4.437073430576451,4.437073430576451,4.437073430576451,4.437073430576451,4.437073430576451,4.437073430576451,4.437073430576451,4.437073430576451,4.437073430576451,4.437073430576451,4.437073430576451,4.437073430576451,4.437073430576451,4.437073430576451,4.437073430576451,4.437073430576451,4.437073430576451,4.437073430576451,4.437073430576451,4.437073430576451,4.437073430576451,4.437073430576451,4.437073430576451,4.437073430576451,4.437073430576451,4.437073430576451,4.437073430576451,4.437073430576451,4.437073430576451,4.437073430576451,4.437073430576451,4.437073430576451,4.437073430576451,4.437073430576451,4.437073430576451,4.437073430576451,4.437073430576451,4.437073430576451,4.437073430576451,4.437073430576451,4.437073430576451,4.437073430576451,4.437073430576451,4.437073430576451,4.437073430576451,4.437073430576451,4.437073430576451,4.437073430576451,4.437073430576451,4.437073430576451,4.437073430576451,4.437073430576451,4.437073430576451,4.437073430576451,4.437073430576451,4.437073430576451,4.437073430576451,4.437073430576451,4.437073430576451,4.437073430576451,4.437073430576451,4.437073430576451,4.437073430576451,4.437073430576451,4.437073430576451,4.437073430576451,4.437073430576451,4.437073430576451,4.437073430576451,4.437073430576451,4.437073430576451,4.437073430576451,4.437073430576451,4.437073430576451,4.437073430576451,4.437073430576451,4.437073430576451,4.437073430576451,4.437073430576451,4.437073430576451,4.437073430576451,4.437073430576451,4.437073430576451,4.437073430576451,4.437073430576451,4.437073430576451,4.437073430576451,4.437073430576451,4.437073430576451,4.437073430576451,4.437073430576451,4.437073430576451,4.437073430576451,4.437073430576451,4.437073430576451,4.437073430576451,4.437073430576451,4.437073430576451,4.437073430576451,8.373844450320687,8.166014823859937,8.166014823859937,7.9882284988060395,7.9882284988060395,7.9882284988060395,7.9882284988060395,7.7094520712438115,7.556589223250136,7.556589223250136,7.556589223250136,7.556589223250136,7.5008403194596855,7.399521232491076,7.391303447714538,7.2834109011527435,7.245595278040561,7.245595278040561,7.245595278040561,7.245595278040561,7.245595278040561,7.245595278040561,7.245595278040561,7.245595278040561,7.245595278040561,7.245595278040561,7.245595278040561,7.245595278040561,7.016679148761948,7.016679148761948,7.016679148761948,7.016679148761948,7.016679148761948,7.016679148761948,7.016679148761948,7.016679148761948,7.016679148761948,7.016679148761948,7.016679148761948,7.016679148761948,7.016679148761948,7.016679148761948,7.016679148761948,7.016679148761948,7.016679148761948,7.016679148761948,7.016679148761948,7.016679148761948,7.016679148761948,7.016679148761948,7.016679148761948,7.016679148761948,7.016679148761948,7.016679148761948,7.016679148761948,7.016679148761948,7.016679148761948,7.016679148761948,7.016679148761948,7.016679148761948,7.016679148761948,7.016679148761948,7.016679148761948,7.016679148761948,7.016679148761948,7.016679148761948,7.016679148761948,7.016679148761948,7.016679148761948,7.016679148761948,7.016679148761948,7.016679148761948,7.016679148761948,7.016679148761948,7.016679148761948,7.016679148761948,7.016679148761948,7.016679148761948,7.016679148761948,7.016679148761948,7.016679148761948,7.016679148761948,7.016679148761948,7.016679148761948,7.016679148761948,7.016679148761948,7.016679148761948,7.016679148761948,7.016679148761948,7.016679148761948,7.016679148761948,7.016679148761948,7.016679148761948,7.016679148761948,7.016679148761948,7.016679148761948,7.016679148761948,7.016679148761948,7.016679148761948,7.016679148761948,7.016679148761948,7.016679148761948,7.016679148761948,7.016679148761948,7.016679148761948,7.016679148761948,7.016679148761948,7.016679148761948,7.016679148761948,7.016679148761948,7.016679148761948,7.016679148761948,7.016679148761948,7.016679148761948,7.016679148761948,7.016679148761948,7.016679148761948,7.016679148761948,7.016679148761948,7.016679148761948,7.016679148761948,7.016679148761948,7.016679148761948,7.016679148761948,7.016679148761948,7.016679148761948,7.016679148761948,7.016679148761948,7.016679148761948,7.016679148761948,7.016679148761948,7.016679148761948,7.016679148761948,7.016679148761948,7.016679148761948,7.016679148761948,7.016679148761948,7.016679148761948,7.016679148761948,7.016679148761948,7.016679148761948,7.016679148761948,7.016679148761948,7.016679148761948,7.016679148761948,7.016679148761948,7.016679148761948,7.016679148761948,7.016679148761948,7.016679148761948,7.016679148761948,7.016679148761948,7.016679148761948,7.016679148761948,7.016679148761948,7.016679148761948,7.016679148761948,7.016679148761948,7.016679148761948,7.016679148761948,7.016679148761948,7.016679148761948,7.016679148761948,7.016679148761948,7.016679148761948,7.016679148761948,7.016679148761948,7.016679148761948,7.016679148761948,7.016679148761948,7.016679148761948,7.016679148761948,7.016679148761948,7.016679148761948,7.016679148761948,7.016679148761948,7.016679148761948,6.660776204643924,6.266500611805754,5.385779272677258,5.385779272677258,5.385779272677258,5.385779272677258,5.385779272677258,5.385779272677258,5.385779272677258,5.385779272677258,5.385779272677258,5.385779272677258,5.385779272677258,5.385779272677258,5.385779272677258,5.385779272677258,5.270904966797223,5.270904966797223,5.270904966797223,5.270904966797223,5.270904966797223,5.270904966797223,5.270904966797223,5.270904966797223,5.270904966797223,5.270904966797223,5.270904966797223,5.270904966797223,5.270904966797223,5.270904966797223,5.270904966797223,5.270904966797223,5.270904966797223,5.270904966797223,5.270904966797223,5.270904966797223,5.270904966797223,5.270904966797223,5.270904966797223,5.270904966797223,5.270904966797223,5.270904966797223,5.270904966797223,5.270904966797223,5.270904966797223,5.270904966797223,5.270904966797223,5.270904966797223,5.270904966797223,5.270904966797223,5.270904966797223,5.270904966797223,5.270904966797223,5.270904966797223,5.270904966797223,5.270904966797223,5.270904966797223,5.270904966797223,5.270904966797223,5.270904966797223,5.270904966797223,5.270904966797223,5.270904966797223,5.270904966797223,5.270904966797223,5.270904966797223,5.270904966797223,5.270904966797223,5.270904966797223,5.270904966797223,5.270904966797223,5.270904966797223,5.270904966797223,5.270904966797223,5.270904966797223,5.270904966797223,5.270904966797223,5.270904966797223,5.270904966797223,5.270904966797223,5.270904966797223,5.270904966797223,5.270904966797223,5.270904966797223,5.270904966797223,5.270904966797223,5.270904966797223,5.270904966797223,5.270904966797223,5.270904966797223,5.270904966797223,5.270904966797223,5.270904966797223,5.270904966797223,5.270904966797223,5.270904966797223,5.270904966797223,5.270904966797223,5.270904966797223,5.270904966797223,5.270904966797223,5.270904966797223,5.270904966797223,5.270904966797223,5.270904966797223,5.270904966797223,5.270904966797223,5.270904966797223,5.270904966797223,5.270904966797223,5.270904966797223,5.270904966797223,5.270904966797223,5.270904966797223,5.270904966797223,5.270904966797223,5.270904966797223,5.270904966797223,5.270904966797223,5.270904966797223,5.270904966797223,5.270904966797223,5.270904966797223,5.270904966797223,5.270904966797223,5.270904966797223,5.270904966797223,5.270904966797223,5.270904966797223,5.270904966797223,5.270904966797223,5.270904966797223,5.270904966797223,5.270904966797223,5.270904966797223,5.270904966797223,5.270904966797223,5.270904966797223,5.270904966797223,5.270904966797223,5.270904966797223,5.270904966797223,5.270904966797223,5.270904966797223,5.270904966797223,5.270904966797223,5.270904966797223,5.270904966797223,5.270904966797223,5.270904966797223,5.270904966797223,5.270904966797223,5.270904966797223,5.270904966797223,5.270904966797223,3.027678020847802,3.027678020847802,3.027678020847802,3.027678020847802,3.027678020847802,3.027678020847802,3.027678020847802,3.027678020847802,3.027678020847802,3.027678020847802,3.027678020847802,3.027678020847802,3.027678020847802,3.027678020847802,3.027678020847802,3.027678020847802,3.027678020847802,3.027678020847802,3.027678020847802,3.027678020847802,3.027678020847802,3.027678020847802,3.027678020847802,3.027678020847802,3.027678020847802,3.027678020847802,3.027678020847802,3.027678020847802,3.027678020847802,3.027678020847802,3.027678020847802,3.027678020847802,3.027678020847802,3.027678020847802,3.027678020847802,3.027678020847802,3.027678020847802,3.027678020847802,3.027678020847802,3.027678020847802,3.027678020847802,3.027678020847802,3.027678020847802,3.027678020847802,3.027678020847802,3.027678020847802,3.027678020847802,3.027678020847802,3.027678020847802,3.027678020847802,3.027678020847802,3.027678020847802,3.027678020847802,3.027678020847802,3.027678020847802,3.027678020847802,3.027678020847802,3.027678020847802,3.027678020847802,3.027678020847802,3.027678020847802,3.027678020847802,3.027678020847802,3.027678020847802,3.027678020847802,3.027678020847802,3.027678020847802,3.027678020847802,3.027678020847802,3.027678020847802,3.027678020847802,3.027678020847802,3.027678020847802,3.027678020847802,3.027678020847802,3.027678020847802,3.027678020847802,3.027678020847802,3.027678020847802,3.027678020847802,3.027678020847802,3.027678020847802,3.027678020847802,3.027678020847802,3.027678020847802,3.027678020847802,3.027678020847802,3.027678020847802,3.027678020847802,3.027678020847802,3.027678020847802,3.027678020847802,3.027678020847802,3.027678020847802,3.027678020847802,3.027678020847802,3.027678020847802,3.027678020847802,3.027678020847802,3.027678020847802,3.027678020847802,3.027678020847802,3.027678020847802,3.027678020847802,3.027678020847802,3.027678020847802,3.027678020847802,3.027678020847802,3.027678020847802,3.027678020847802,3.027678020847802,3.027678020847802,3.027678020847802,3.027678020847802,3.027678020847802,3.027678020847802,3.027678020847802,3.027678020847802,3.027678020847802,3.027678020847802,3.027678020847802,3.027678020847802,3.027678020847802,3.027678020847802,3.027678020847802,3.027678020847802,3.027678020847802,3.027678020847802,3.027678020847802,3.027678020847802,3.027678020847802,3.027678020847802,3.027678020847802,3.027678020847802,3.027678020847802,3.027678020847802,3.027678020847802,3.027678020847802,3.027678020847802,3.027678020847802,3.027678020847802,3.027678020847802,3.027678020847802,3.027678020847802,3.027678020847802,3.027678020847802,3.027678020847802,3.027678020847802,3.027678020847802,3.027678020847802,3.027678020847802,3.027678020847802,3.027678020847802,3.027678020847802,3.027678020847802,3.027678020847802,3.027678020847802,3.027678020847802,3.027678020847802,3.027678020847802,3.027678020847802,3.027678020847802,3.027678020847802,3.027678020847802,3.027678020847802,3.027678020847802,3.027678020847802,3.027678020847802,3.027678020847802,3.027678020847802,3.027678020847802,3.027678020847802,3.027678020847802,3.027678020847802,3.027678020847802,3.027678020847802,3.027678020847802,3.027678020847802,3.027678020847802,3.027678020847802,3.027678020847802,3.027678020847802,3.027678020847802,3.027678020847802,3.027678020847802,3.027678020847802,3.027678020847802,3.027678020847802,3.027678020847802,3.027678020847802,3.027678020847802,3.027678020847802,3.027678020847802,3.027678020847802,3.027678020847802,3.027678020847802,3.027678020847802,3.027678020847802,3.027678020847802,3.027678020847802,3.027678020847802,3.027678020847802,3.027678020847802,3.027678020847802,3.027678020847802,3.027678020847802,3.027678020847802,3.027678020847802,3.027678020847802,3.027678020847802,3.027678020847802,3.027678020847802,3.027678020847802,3.027678020847802,3.027678020847802,3.027678020847802,3.027678020847802,3.027678020847802,3.027678020847802,3.027678020847802,3.027678020847802,3.027678020847802,3.027678020847802,3.027678020847802,3.027678020847802,3.027678020847802,3.027678020847802,3.027678020847802,3.027678020847802,3.027678020847802,3.027678020847802,3.027678020847802,3.027678020847802,3.027678020847802,3.027678020847802,3.027678020847802,3.027678020847802,3.027678020847802,3.027678020847802,3.027678020847802,3.027678020847802,3.027678020847802,3.027678020847802,3.027678020847802,3.027678020847802,3.027678020847802,3.027678020847802,3.027678020847802,3.027678020847802,3.027678020847802,3.027678020847802,3.027678020847802,3.027678020847802,3.027678020847802,3.027678020847802,3.027678020847802,3.027678020847802,3.027678020847802,3.027678020847802,3.027678020847802,3.027678020847802,3.027678020847802,3.027678020847802,3.027678020847802,3.027678020847802,3.027678020847802,3.027678020847802,3.027678020847802,3.027678020847802,3.027678020847802,3.027678020847802,3.027678020847802,3.027678020847802,3.027678020847802,3.027678020847802,3.027678020847802,3.027678020847802,3.027678020847802,3.027678020847802,3.027678020847802,3.027678020847802,3.027678020847802,3.027678020847802,3.027678020847802,3.027678020847802,3.027678020847802,3.027678020847802,3.027678020847802,3.027678020847802,3.027678020847802,3.027678020847802,3.027678020847802,3.027678020847802,3.027678020847802,3.027678020847802,3.027678020847802,3.027678020847802,3.027678020847802,3.027678020847802,3.027678020847802,3.027678020847802,3.027678020847802,3.027678020847802,3.027678020847802,3.027678020847802,3.027678020847802,3.027678020847802,3.027678020847802,3.027678020847802,3.027678020847802,3.027678020847802,3.027678020847802,3.027678020847802,3.027678020847802,3.027678020847802,3.027678020847802,3.027678020847802,3.027678020847802,3.027678020847802,3.027678020847802,3.027678020847802,3.027678020847802,3.027678020847802,3.027678020847802,3.027678020847802,3.027678020847802,3.027678020847802,3.027678020847802,3.027678020847802,3.027678020847802,3.027678020847802,3.027678020847802,3.027678020847802,3.027678020847802,3.027678020847802,3.027678020847802,3.027678020847802,3.027678020847802,3.027678020847802,3.027678020847802,3.027678020847802,3.027678020847802,3.027678020847802,3.027678020847802,3.027678020847802,3.027678020847802,3.027678020847802,3.027678020847802,3.027678020847802,3.027678020847802,3.027678020847802,3.027678020847802,3.027678020847802,3.027678020847802,3.027678020847802,3.027678020847802,3.027678020847802,3.027678020847802,3.027678020847802,3.027678020847802,3.027678020847802,3.027678020847802,3.027678020847802,3.027678020847802,3.027678020847802,3.027678020847802,3.027678020847802,3.027678020847802,3.027678020847802,3.027678020847802,3.027678020847802,3.027678020847802,3.027678020847802,3.027678020847802,3.027678020847802,3.027678020847802,3.027678020847802,3.027678020847802,3.027678020847802,3.027678020847802,3.027678020847802,3.027678020847802,3.027678020847802,3.027678020847802,3.027678020847802,3.027678020847802,3.027678020847802,3.027678020847802,3.027678020847802,3.027678020847802,3.027678020847802,3.027678020847802,3.027678020847802,3.027678020847802,3.027678020847802,3.027678020847802,3.027678020847802,3.027678020847802,3.027678020847802,3.027678020847802,3.027678020847802,3.027678020847802,3.027678020847802,3.027678020847802,3.027678020847802,3.027678020847802,3.027678020847802,3.027678020847802,3.027678020847802,3.027678020847802,3.027678020847802,3.027678020847802,3.027678020847802,3.027678020847802,3.027678020847802,3.027678020847802,3.027678020847802,3.027678020847802,3.027678020847802,3.027678020847802,3.027678020847802,3.027678020847802,3.027678020847802,3.027678020847802,3.027678020847802,3.027678020847802,3.027678020847802,3.027678020847802,3.027678020847802,3.027678020847802,3.027678020847802,3.027678020847802,3.027678020847802,3.027678020847802,3.027678020847802,3.027678020847802,3.027678020847802,3.027678020847802,3.027678020847802,3.027678020847802,3.027678020847802,3.027678020847802,3.027678020847802,3.027678020847802,3.027678020847802,3.027678020847802,3.027678020847802,3.027678020847802,3.027678020847802,3.027678020847802,3.027678020847802,3.027678020847802,3.027678020847802,3.027678020847802,3.027678020847802,3.027678020847802,3.027678020847802,3.027678020847802,3.027678020847802,3.027678020847802,3.027678020847802,3.027678020847802,3.027678020847802,3.027678020847802,3.027678020847802,3.027678020847802,3.027678020847802,3.027678020847802,3.027678020847802,3.027678020847802,3.027678020847802,3.027678020847802,3.027678020847802,3.027678020847802,3.027678020847802,3.027678020847802,3.027678020847802,3.027678020847802,3.027678020847802,3.027678020847802,3.027678020847802,3.027678020847802,3.027678020847802,3.027678020847802,3.027678020847802,3.027678020847802,3.027678020847802,3.027678020847802,3.027678020847802,3.027678020847802,3.027678020847802,3.027678020847802,3.027678020847802,3.027678020847802,3.027678020847802,3.027678020847802,3.027678020847802,3.027678020847802,3.027678020847802,3.027678020847802,3.027678020847802,3.027678020847802,3.027678020847802,3.027678020847802,3.027678020847802,3.027678020847802,3.027678020847802,3.027678020847802,3.027678020847802,3.027678020847802,3.027678020847802,3.027678020847802,3.027678020847802,3.027678020847802,3.027678020847802,3.027678020847802,3.027678020847802,3.027678020847802,3.027678020847802,3.027678020847802,3.027678020847802,3.027678020847802,3.027678020847802,3.027678020847802,3.027678020847802,3.027678020847802,3.027678020847802,3.027678020847802,3.027678020847802,3.027678020847802,3.027678020847802,3.027678020847802,3.027678020847802,3.027678020847802,3.027678020847802,3.027678020847802,3.027678020847802,3.027678020847802,3.027678020847802,3.027678020847802,3.027678020847802,3.027678020847802,3.027678020847802,3.027678020847802,3.027678020847802,3.027678020847802,3.027678020847802,3.027678020847802,3.027678020847802,3.027678020847802,3.027678020847802,3.027678020847802,3.027678020847802,3.027678020847802,3.027678020847802,3.027678020847802,3.027678020847802,3.027678020847802,3.027678020847802,3.027678020847802,3.027678020847802,3.027678020847802,3.027678020847802,3.027678020847802,3.027678020847802,3.027678020847802,3.027678020847802,3.027678020847802,3.027678020847802,3.027678020847802,3.027678020847802,3.027678020847802,3.027678020847802,3.027678020847802,3.027678020847802,3.027678020847802,3.027678020847802,3.027678020847802,3.027678020847802,3.027678020847802,3.027678020847802,3.027678020847802,3.027678020847802,3.027678020847802,3.027678020847802,3.027678020847802,3.027678020847802,3.027678020847802,3.027678020847802,3.027678020847802,3.027678020847802,3.027678020847802,3.027678020847802,3.027678020847802,3.027678020847802,3.027678020847802,3.027678020847802,3.027678020847802,3.027678020847802,3.027678020847802,3.027678020847802,3.027678020847802,3.027678020847802,3.027678020847802,3.027678020847802,3.027678020847802,3.027678020847802,3.027678020847802,3.027678020847802,3.027678020847802,3.027678020847802,3.027678020847802,3.027678020847802,3.027678020847802,3.027678020847802,3.027678020847802,3.027678020847802,3.027678020847802,3.027678020847802,3.027678020847802,3.027678020847802,3.027678020847802,3.027678020847802,3.027678020847802,3.027678020847802,3.027678020847802,3.027678020847802,3.027678020847802,3.027678020847802,3.027678020847802,3.027678020847802,3.027678020847802,3.027678020847802,3.027678020847802,3.027678020847802,3.027678020847802,3.027678020847802,3.027678020847802,3.027678020847802,3.027678020847802,3.027678020847802,3.027678020847802,3.027678020847802,3.027678020847802,3.027678020847802,3.027678020847802,3.027678020847802,3.027678020847802,3.027678020847802,3.027678020847802,3.027678020847802,3.027678020847802,3.027678020847802,3.027678020847802,3.027678020847802,3.027678020847802,3.027678020847802,3.027678020847802,3.027678020847802,3.027678020847802,3.027678020847802,3.027678020847802,3.027678020847802,3.027678020847802,3.027678020847802,3.027678020847802,3.027678020847802,3.027678020847802,7.4677536142719525,7.4677536142719525,7.4677536142719525,7.4677536142719525,7.297990051803179,7.297990051803179,7.297990051803179,7.297990051803179,7.297990051803179,7.297990051803179,7.297990051803179,7.297990051803179,7.297990051803179,7.297990051803179,7.297990051803179,7.297990051803179,7.297990051803179,7.297990051803179,7.297990051803179,7.297990051803179,7.297990051803179,7.297990051803179,7.1885205220787425,6.12758351971976,5.9433174728024545,5.9433174728024545,5.9433174728024545,5.850146519606182,5.850146519606182,5.850146519606182,5.666779382923303,5.666779382923303,5.666779382923303,5.666779382923303,5.666779382923303,5.666779382923303,5.666779382923303,5.666779382923303,5.666779382923303,5.666779382923303,5.666779382923303,5.666779382923303,5.666779382923303,5.666779382923303,5.666779382923303,5.666779382923303,5.666779382923303,5.666779382923303,5.666779382923303,5.444448470934873,5.444448470934873,5.444448470934873,5.356888495848843,5.356888495848843,5.356888495848843,5.356888495848843,5.356888495848843,5.356888495848843,5.356888495848843,5.242452385159078,5.242452385159078,5.150460430139217,5.150460430139217,5.150460430139217,5.150460430139217,5.150460430139217,5.150460430139217,5.150460430139217,5.150460430139217,5.150460430139217,5.150460430139217,5.150460430139217,5.150460430139217,5.150460430139217,5.150460430139217,5.150460430139217,5.150460430139217,5.150460430139217,5.150460430139217,5.150460430139217,5.150460430139217,5.150460430139217,5.150460430139217,5.150460430139217,5.150460430139217,5.150460430139217,5.150460430139217,5.150460430139217,5.150460430139217,5.150460430139217,5.150460430139217,5.150460430139217,5.150460430139217,5.150460430139217,5.150460430139217,5.150460430139217,5.150460430139217,5.150460430139217,5.150460430139217,5.150460430139217,5.150460430139217,5.150460430139217,5.150460430139217,5.150460430139217,5.150460430139217,5.150460430139217,5.150460430139217,5.150460430139217,5.150460430139217,5.150460430139217,5.150460430139217,5.150460430139217,5.150460430139217,5.150460430139217,5.150460430139217,5.150460430139217,5.150460430139217,5.150460430139217,5.150460430139217,5.150460430139217,5.150460430139217,5.150460430139217,5.150460430139217,5.150460430139217,5.150460430139217,5.150460430139217,5.150460430139217,5.150460430139217,5.150460430139217,5.150460430139217,5.150460430139217,5.150460430139217,5.150460430139217,5.150460430139217,5.150460430139217,5.150460430139217,5.150460430139217,5.150460430139217,5.150460430139217,5.150460430139217,5.150460430139217,5.150460430139217,5.150460430139217,5.150460430139217,5.150460430139217,5.150460430139217,5.150460430139217,5.150460430139217,5.150460430139217,5.150460430139217,5.150460430139217,5.150460430139217,5.150460430139217,5.150460430139217,5.150460430139217,5.150460430139217,5.150460430139217,5.150460430139217,5.150460430139217,5.150460430139217,5.150460430139217,5.150460430139217,5.150460430139217,5.150460430139217,5.150460430139217,5.150460430139217,5.150460430139217,5.150460430139217,5.150460430139217,5.150460430139217,5.150460430139217,5.150460430139217,5.150460430139217,5.150460430139217,5.150460430139217,5.150460430139217,5.150460430139217,5.150460430139217,5.150460430139217,5.150460430139217,5.150460430139217,5.150460430139217,5.150460430139217,5.150460430139217,5.150460430139217,5.150460430139217,5.150460430139217,5.150460430139217,5.150460430139217,5.150460430139217,5.150460430139217,5.150460430139217,5.150460430139217,5.150460430139217,5.150460430139217,5.150460430139217,5.150460430139217,5.150460430139217,5.150460430139217,5.150460430139217,5.150460430139217,5.150460430139217,5.150460430139217,5.150460430139217,5.150460430139217,5.150460430139217,5.150460430139217,5.150460430139217,5.150460430139217,5.150460430139217,5.150460430139217,5.150460430139217,5.150460430139217,5.150460430139217,5.150460430139217,5.150460430139217,5.150460430139217,5.150460430139217,5.150460430139217,5.150460430139217,5.150460430139217,5.150460430139217,5.150460430139217,5.150460430139217,5.150460430139217,5.150460430139217,5.150460430139217,5.150460430139217,5.150460430139217,5.150460430139217,5.150460430139217,5.150460430139217,5.150460430139217,5.150460430139217,5.150460430139217,5.150460430139217,5.150460430139217,5.150460430139217,5.150460430139217,5.150460430139217,5.150460430139217,5.150460430139217,5.150460430139217,5.150460430139217,5.150460430139217,5.150460430139217,5.150460430139217,5.150460430139217,5.150460430139217,5.150460430139217,5.150460430139217,5.150460430139217,5.150460430139217,5.150460430139217,5.150460430139217,5.150460430139217,5.150460430139217,5.150460430139217,5.150460430139217,5.150460430139217,5.150460430139217,5.150460430139217,5.150460430139217,5.150460430139217,5.150460430139217,5.150460430139217,5.150460430139217,5.150460430139217,5.150460430139217,5.150460430139217,5.150460430139217,5.150460430139217,5.150460430139217,5.150460430139217,5.150460430139217,5.150460430139217,5.150460430139217,5.150460430139217,5.150460430139217,5.150460430139217,5.150460430139217,5.150460430139217,5.150460430139217,5.150460430139217,5.150460430139217,5.150460430139217,5.150460430139217,5.150460430139217,5.150460430139217,5.150460430139217,5.150460430139217,5.150460430139217,5.150460430139217,5.150460430139217,5.150460430139217,5.150460430139217,5.150460430139217,5.150460430139217,5.150460430139217,5.150460430139217,5.150460430139217,5.150460430139217,5.150460430139217,5.150460430139217,5.150460430139217,5.150460430139217,5.150460430139217,5.150460430139217,5.150460430139217,5.150460430139217,5.150460430139217,5.150460430139217,5.150460430139217,5.150460430139217,5.150460430139217,5.150460430139217,5.150460430139217,5.150460430139217,5.150460430139217,5.150460430139217,5.150460430139217,5.150460430139217,5.150460430139217,5.150460430139217,5.150460430139217,5.150460430139217,5.150460430139217,5.150460430139217,5.150460430139217,5.150460430139217,5.150460430139217,5.150460430139217,5.150460430139217,5.150460430139217,5.150460430139217,5.150460430139217,5.150460430139217,5.150460430139217,5.150460430139217,5.150460430139217,5.150460430139217,5.150460430139217,5.150460430139217,5.150460430139217,5.150460430139217,5.150460430139217,5.150460430139217,5.150460430139217,5.150460430139217,5.150460430139217,5.150460430139217,5.150460430139217,5.150460430139217,5.150460430139217,5.150460430139217,5.150460430139217,5.150460430139217,5.150460430139217,5.150460430139217,5.150460430139217,5.150460430139217,5.150460430139217,5.150460430139217,5.150460430139217,5.150460430139217,5.150460430139217,5.150460430139217,5.150460430139217,5.150460430139217,5.150460430139217,5.150460430139217,5.150460430139217,5.150460430139217,5.150460430139217,5.150460430139217,5.150460430139217,5.150460430139217,5.150460430139217,5.150460430139217,5.150460430139217,5.150460430139217,5.150460430139217,5.150460430139217,5.150460430139217,5.150460430139217,5.150460430139217,5.150460430139217,5.150460430139217,5.150460430139217,5.150460430139217,5.150460430139217,5.150460430139217,5.150460430139217,5.150460430139217,5.150460430139217,5.150460430139217,5.150460430139217,5.150460430139217,5.150460430139217,5.150460430139217,5.150460430139217,5.150460430139217,5.150460430139217,5.150460430139217,5.150460430139217,5.150460430139217,5.150460430139217,5.150460430139217,5.150460430139217,5.150460430139217,5.150460430139217,5.150460430139217,5.150460430139217,5.150460430139217,5.150460430139217,5.150460430139217,5.150460430139217,5.150460430139217,5.150460430139217,5.150460430139217,5.150460430139217,5.150460430139217,5.150460430139217,5.150460430139217,5.150460430139217,5.150460430139217,5.150460430139217,5.150460430139217,5.150460430139217,5.150460430139217,5.150460430139217,5.150460430139217,5.150460430139217,5.150460430139217,5.150460430139217,5.150460430139217,5.150460430139217,5.150460430139217,5.150460430139217,5.150460430139217,5.150460430139217,5.150460430139217,5.150460430139217,5.150460430139217,5.150460430139217,5.150460430139217,5.150460430139217,5.150460430139217,5.150460430139217,5.150460430139217,5.150460430139217,5.150460430139217,5.150460430139217,5.150460430139217,5.150460430139217,5.150460430139217,5.150460430139217,5.150460430139217,5.150460430139217,5.150460430139217,5.150460430139217,5.150460430139217,5.150460430139217,5.150460430139217,5.150460430139217,5.150460430139217,5.150460430139217,5.150460430139217,5.150460430139217,5.150460430139217,5.150460430139217,5.150460430139217,5.150460430139217,5.150460430139217,5.150460430139217,5.150460430139217,5.150460430139217,5.150460430139217,5.150460430139217,5.150460430139217,5.150460430139217,5.150460430139217,5.150460430139217,5.150460430139217,5.150460430139217,5.150460430139217,5.150460430139217,5.150460430139217,5.150460430139217,5.150460430139217,5.150460430139217,5.150460430139217,5.150460430139217,5.150460430139217,5.150460430139217,5.150460430139217,5.150460430139217,5.150460430139217,5.150460430139217,5.150460430139217,5.150460430139217,5.150460430139217,5.150460430139217,5.150460430139217,5.150460430139217,5.150460430139217,5.150460430139217,5.150460430139217,5.150460430139217,5.150460430139217,5.150460430139217,5.150460430139217,5.150460430139217,5.150460430139217,5.150460430139217,5.150460430139217,5.150460430139217,5.150460430139217,5.150460430139217,5.150460430139217,5.150460430139217,5.150460430139217,5.150460430139217,5.150460430139217,5.150460430139217,5.150460430139217,5.150460430139217,5.150460430139217,5.150460430139217,5.150460430139217,5.150460430139217,5.150460430139217,5.150460430139217,5.150460430139217,5.150460430139217,5.150460430139217,5.150460430139217,5.150460430139217,5.150460430139217,5.150460430139217,5.150460430139217,5.150460430139217,5.150460430139217,5.150460430139217,5.150460430139217,5.150460430139217,5.150460430139217,5.150460430139217,5.150460430139217,5.150460430139217,5.150460430139217,5.150460430139217,5.150460430139217,5.150460430139217,5.150460430139217,5.150460430139217,5.150460430139217,5.150460430139217,5.150460430139217,5.150460430139217,5.150460430139217,5.150460430139217,5.150460430139217,5.150460430139217,5.150460430139217,5.150460430139217,5.150460430139217,5.150460430139217,5.150460430139217,5.150460430139217,5.150460430139217,5.150460430139217,5.150460430139217,5.150460430139217,5.150460430139217,5.150460430139217,5.150460430139217,5.150460430139217,5.150460430139217,5.150460430139217,5.150460430139217,5.150460430139217,5.150460430139217,5.150460430139217,5.150460430139217,5.150460430139217,5.150460430139217,5.150460430139217,5.150460430139217,5.150460430139217,5.150460430139217,5.150460430139217,5.150460430139217,5.150460430139217,5.150460430139217,5.150460430139217,5.150460430139217,5.150460430139217,5.150460430139217,5.150460430139217,5.150460430139217,5.150460430139217,5.150460430139217,5.150460430139217,5.150460430139217,5.150460430139217,5.150460430139217,5.150460430139217,5.150460430139217,5.150460430139217,5.150460430139217,5.150460430139217,5.150460430139217,5.150460430139217,5.150460430139217,5.150460430139217,5.150460430139217,5.150460430139217,5.150460430139217,5.150460430139217,5.150460430139217,5.150460430139217,5.150460430139217,5.150460430139217,5.150460430139217,5.150460430139217,5.150460430139217,5.150460430139217,5.150460430139217,5.150460430139217,5.150460430139217,5.150460430139217,5.150460430139217,5.150460430139217,5.150460430139217,5.150460430139217,5.150460430139217,5.150460430139217,5.150460430139217,5.150460430139217,5.150460430139217,5.150460430139217,5.150460430139217,5.150460430139217,5.150460430139217,5.150460430139217,5.150460430139217,5.150460430139217,5.150460430139217,5.150460430139217,5.150460430139217,5.150460430139217,5.150460430139217,5.150460430139217,5.150460430139217,5.150460430139217,5.150460430139217,5.150460430139217,4.492880295802102,4.492880295802102,4.492880295802102,4.492880295802102,4.492880295802102,4.492880295802102,4.492880295802102,4.492880295802102,4.492880295802102,4.492880295802102,4.492880295802102,4.492880295802102,4.492880295802102,4.492880295802102,4.353280471004474,4.353280471004474,4.353280471004474,4.353280471004474,4.353280471004474,4.353280471004474,4.353280471004474,4.353280471004474,4.353280471004474,4.353280471004474,4.353280471004474,4.353280471004474,4.353280471004474,4.353280471004474,4.353280471004474,4.353280471004474,4.353280471004474,4.353280471004474,4.353280471004474,4.353280471004474,4.353280471004474,4.353280471004474,4.353280471004474,4.353280471004474,4.353280471004474,4.353280471004474,4.353280471004474,4.353280471004474,4.353280471004474,4.353280471004474,4.353280471004474,4.353280471004474,4.353280471004474,4.353280471004474,4.353280471004474,4.353280471004474,4.353280471004474,4.353280471004474,4.353280471004474,4.353280471004474,4.353280471004474,4.353280471004474,4.353280471004474,4.353280471004474,4.353280471004474,4.353280471004474,4.353280471004474,4.353280471004474,4.353280471004474,4.353280471004474,4.353280471004474,4.353280471004474,4.353280471004474,4.353280471004474,4.353280471004474,4.353280471004474,4.353280471004474,4.353280471004474,4.353280471004474,4.353280471004474,4.353280471004474,4.353280471004474,4.353280471004474,4.353280471004474,4.353280471004474,4.353280471004474,4.353280471004474,4.353280471004474,4.353280471004474,4.353280471004474,4.353280471004474,4.353280471004474,4.353280471004474,4.353280471004474,4.353280471004474,4.353280471004474,4.353280471004474,4.353280471004474,4.353280471004474,4.353280471004474,4.353280471004474,4.353280471004474,4.353280471004474,4.353280471004474,4.353280471004474,4.353280471004474,4.353280471004474,4.353280471004474,4.353280471004474,4.353280471004474,4.353280471004474,4.353280471004474,4.353280471004474,4.353280471004474,4.353280471004474,4.353280471004474,4.353280471004474,4.353280471004474,4.353280471004474,4.353280471004474,4.353280471004474,4.353280471004474,4.353280471004474,4.353280471004474,4.353280471004474,4.353280471004474,4.353280471004474,4.353280471004474,4.353280471004474,4.353280471004474,4.353280471004474,4.353280471004474,4.353280471004474,4.353280471004474,4.353280471004474,4.353280471004474,4.353280471004474,4.353280471004474,4.353280471004474,4.353280471004474,4.353280471004474,4.353280471004474,4.353280471004474,4.353280471004474,4.353280471004474,4.353280471004474,4.353280471004474,4.353280471004474,4.353280471004474,4.353280471004474,4.353280471004474,4.353280471004474,4.353280471004474,4.353280471004474,4.353280471004474,4.353280471004474,4.274213502232703,4.274213502232703,4.274213502232703,4.274213502232703,4.274213502232703,4.274213502232703,4.274213502232703,4.274213502232703,4.274213502232703,4.274213502232703,4.274213502232703,4.274213502232703,4.274213502232703,4.274213502232703,4.274213502232703,4.274213502232703,4.274213502232703,4.274213502232703,4.274213502232703,4.274213502232703,4.274213502232703,4.274213502232703,4.274213502232703,4.274213502232703,4.274213502232703,4.274213502232703,4.274213502232703,4.274213502232703,4.274213502232703,4.274213502232703,4.274213502232703,4.274213502232703,4.274213502232703,4.274213502232703,4.274213502232703,4.274213502232703,4.274213502232703,4.274213502232703,4.274213502232703,4.274213502232703,4.274213502232703,4.274213502232703,4.274213502232703,4.274213502232703,4.274213502232703,4.274213502232703,4.274213502232703,4.274213502232703,4.274213502232703,4.274213502232703,4.274213502232703,4.274213502232703,4.274213502232703,4.274213502232703,4.274213502232703,4.274213502232703,4.274213502232703,4.274213502232703,4.274213502232703,4.274213502232703,4.274213502232703,4.274213502232703,4.274213502232703,4.274213502232703,4.274213502232703,4.274213502232703,4.274213502232703,4.274213502232703,4.274213502232703,4.274213502232703,4.274213502232703,4.274213502232703,4.274213502232703,4.274213502232703,4.274213502232703,4.274213502232703,4.274213502232703,4.274213502232703,4.274213502232703,4.274213502232703,4.274213502232703,4.274213502232703,4.274213502232703,4.274213502232703,4.274213502232703,4.274213502232703,4.274213502232703,4.274213502232703,4.274213502232703,4.274213502232703,4.274213502232703,4.274213502232703,4.274213502232703,4.274213502232703,4.274213502232703,4.274213502232703,4.274213502232703,4.274213502232703,4.274213502232703,4.274213502232703,4.274213502232703,4.274213502232703,4.274213502232703,4.274213502232703,4.274213502232703,4.274213502232703,4.274213502232703,4.274213502232703,4.274213502232703,4.274213502232703,4.274213502232703,4.274213502232703,4.274213502232703,4.274213502232703,4.274213502232703,4.274213502232703,4.274213502232703,4.274213502232703,4.274213502232703,4.274213502232703,4.274213502232703,4.274213502232703,4.274213502232703,4.274213502232703,4.274213502232703,4.274213502232703,4.274213502232703,4.274213502232703,4.274213502232703,4.274213502232703,4.274213502232703,4.274213502232703,4.274213502232703,4.274213502232703,4.274213502232703,4.274213502232703,4.274213502232703,4.274213502232703,4.274213502232703,4.274213502232703,4.274213502232703,4.274213502232703,4.274213502232703,4.274213502232703,4.274213502232703,4.274213502232703,4.274213502232703,4.274213502232703,4.274213502232703,4.274213502232703,4.274213502232703,4.274213502232703,4.274213502232703,4.274213502232703,4.274213502232703,4.274213502232703,4.274213502232703,4.274213502232703,4.274213502232703,4.274213502232703,4.274213502232703,4.274213502232703,4.274213502232703,4.274213502232703,4.274213502232703,4.274213502232703,4.274213502232703,4.274213502232703,4.274213502232703,4.274213502232703,4.274213502232703,4.274213502232703,4.274213502232703,4.274213502232703,4.274213502232703,4.274213502232703,4.274213502232703,4.274213502232703,4.274213502232703,4.274213502232703,4.274213502232703,4.274213502232703,4.274213502232703,4.274213502232703,4.274213502232703,4.274213502232703,4.274213502232703,4.274213502232703,4.274213502232703,4.274213502232703,4.274213502232703,4.274213502232703,6.116547443381898,6.116547443381898,6.116547443381898,6.072368192820872,6.072368192820872,6.072368192820872,6.072368192820872,6.072368192820872,6.072368192820872,5.439454752199987,5.439454752199987,5.439454752199987,5.439454752199987,5.439454752199987,5.439454752199987,5.439454752199987,5.439454752199987,5.439454752199987,5.439454752199987,5.439454752199987,5.439454752199987,5.439454752199987,5.439454752199987,5.439454752199987,5.439454752199987,5.439454752199987,5.439454752199987,5.439454752199987,5.439454752199987,5.439454752199987,5.439454752199987,5.439454752199987,5.439454752199987,5.439454752199987,5.439454752199987,5.439454752199987,5.439454752199987,5.439454752199987,5.439454752199987,5.439454752199987,5.439454752199987,5.439454752199987,5.439454752199987,5.439454752199987,5.439454752199987,5.439454752199987,5.439454752199987,5.439454752199987,5.439454752199987,5.439454752199987,5.439454752199987,5.439454752199987,5.439454752199987,5.439454752199987,5.439454752199987,5.439454752199987,5.439454752199987,5.439454752199987,5.439454752199987,5.439454752199987,5.3361262693100215,5.3361262693100215,5.3361262693100215,5.3361262693100215,5.3361262693100215,5.3361262693100215,5.3361262693100215,5.3361262693100215,5.3361262693100215,5.3361262693100215,5.3361262693100215,5.3361262693100215,5.3361262693100215,4.378598141681301,4.378598141681301,4.378598141681301,4.378598141681301,4.378598141681301,4.378598141681301,4.378598141681301,4.378598141681301,4.3785981416813,4.3785981416813,4.3785981416813,4.3785981416813,4.3785981416813,4.365228905622755,4.365228905622755,4.365228905622755,4.365228905622755,4.365228905622755,4.365228905622755,4.365228905622755,4.365228905622755,4.365228905622755,4.365228905622755,4.365228905622755,4.365228905622755,4.365228905622755,4.365228905622755,4.365228905622755,4.365228905622755,4.365228905622755,4.365228905622755,4.365228905622755,4.365228905622755,4.365228905622755,4.365228905622755,4.365228905622755,4.365228905622755,4.365228905622755,4.365228905622755,4.365228905622755,4.365228905622755,4.365228905622755,4.365228905622755,4.365228905622755,4.365228905622755,4.365228905622755,4.365228905622755,4.365228905622755,4.365228905622755,4.365228905622755,4.365228905622755,4.365228905622755,4.365228905622755,4.365228905622755,4.365228905622755,4.365228905622755,4.365228905622755,4.365228905622755,4.365228905622755,4.365228905622755,4.365228905622755,4.365228905622755,4.365228905622755,4.365228905622755,4.365228905622755,4.365228905622755,4.365228905622755,4.365228905622755,4.365228905622755,4.365228905622755,4.365228905622755,4.365228905622755,4.365228905622755,4.365228905622755,4.365228905622755,4.365228905622755,4.365228905622755,4.365228905622755,4.365228905622755,4.365228905622755,4.365228905622755,4.365228905622755,4.365228905622755,4.365228905622755,4.365228905622755,4.365228905622755,4.365228905622755,4.365228905622755,4.365228905622755,4.365228905622755,4.365228905622755,4.365228905622755,4.365228905622755,4.365228905622755,4.365228905622755,4.365228905622755,4.365228905622755,4.365228905622755,4.365228905622755,4.365228905622755,4.365228905622755,4.365228905622755,4.365228905622755,4.365228905622755,4.365228905622755,4.365228905622755,4.365228905622755,4.365228905622755,4.365228905622755,4.365228905622755,4.365228905622755,4.365228905622755,4.365228905622755,4.365228905622755,4.365228905622755,4.365228905622755,4.365228905622755,4.365228905622755,4.365228905622755,4.365228905622755,4.365228905622755,4.365228905622755,4.365228905622755,4.365228905622755,4.365228905622755,4.365228905622755,4.365228905622755,4.365228905622755,4.365228905622755,4.365228905622755,4.365228905622755,4.365228905622755,4.365228905622755,4.365228905622755,4.365228905622755,4.365228905622755,4.365228905622755,4.365228905622755,4.365228905622755,4.365228905622755,4.365228905622755,4.365228905622755,4.365228905622755,4.365228905622755,4.365228905622755,4.365228905622755,4.365228905622755,4.365228905622755,4.365228905622755,4.365228905622755,4.365228905622755,4.365228905622755,4.365228905622755,4.365228905622755,4.365228905622755,4.365228905622755,4.365228905622755,4.365228905622755,4.365228905622755,4.365228905622755,4.365228905622755,4.365228905622755,4.365228905622755,4.365228905622755,4.365228905622755,4.365228905622755,4.365228905622755,4.365228905622755,4.365228905622755,4.365228905622755,4.365228905622755,4.365228905622755,4.365228905622755,4.365228905622755,4.365228905622755,4.365228905622755,4.365228905622755,4.365228905622755,4.365228905622755,4.365228905622755,4.365228905622755,4.365228905622755,4.365228905622755,4.365228905622755,4.365228905622755,4.365228905622755,4.365228905622755,4.365228905622755,4.365228905622755,4.365228905622755,4.365228905622755,4.365228905622755,4.365228905622755,4.365228905622755,4.365228905622755,4.365228905622755,4.365228905622755,4.365228905622755,4.365228905622755,4.365228905622755,4.365228905622755,4.365228905622755,4.365228905622755,4.365228905622755,4.365228905622755,4.365228905622755,4.365228905622755,4.365228905622755,4.365228905622755,4.365228905622755,4.365228905622755,4.365228905622755,4.365228905622755,4.365228905622755,4.365228905622755,4.365228905622755,4.365228905622755,4.365228905622755,4.365228905622755,4.365228905622755,4.365228905622755,4.365228905622755,4.365228905622755,4.365228905622755,4.365228905622755,4.365228905622755,4.365228905622755,4.365228905622755,4.365228905622755,4.365228905622755,4.365228905622755,4.365228905622755,4.365228905622755,4.365228905622755,4.365228905622755,4.365228905622755,4.365228905622755,4.365228905622755,4.365228905622755,4.365228905622755,4.365228905622755,4.365228905622755,4.365228905622755,4.365228905622755,4.365228905622755,4.365228905622755,4.365228905622755,4.365228905622755,4.365228905622755,4.365228905622755,4.365228905622755,4.365228905622755,4.365228905622755,4.365228905622755,4.365228905622755,4.365228905622755,4.365228905622755,4.365228905622755,4.365228905622755,4.365228905622755,4.365228905622755,4.365228905622755,4.365228905622755,4.365228905622755,4.365228905622755,4.365228905622755,4.365228905622755,4.365228905622755,4.365228905622755,4.365228905622755,4.365228905622755,4.365228905622755,4.365228905622755,4.365228905622755,4.365228905622755,4.365228905622755,4.365228905622755,4.365228905622755,4.365228905622755,4.365228905622755,4.365228905622755,4.365228905622755,4.365228905622755,4.365228905622755,4.365228905622755,4.365228905622755,4.365228905622755,4.365228905622755,4.365228905622755,4.365228905622755,4.365228905622755,4.365228905622755,4.365228905622755,4.365228905622755,4.365228905622755,4.365228905622755,4.365228905622755,4.365228905622755,4.365228905622755,4.365228905622755,4.365228905622755,4.365228905622755,4.365228905622755,4.365228905622755,4.365228905622755,4.365228905622755,4.365228905622755,4.365228905622755,4.365228905622755,4.365228905622755,4.365228905622755,4.365228905622755,4.365228905622755,4.365228905622755,4.365228905622755,4.365228905622755,4.365228905622755,4.365228905622755,4.365228905622755,4.365228905622755,4.365228905622755,4.365228905622755,4.365228905622755,4.365228905622755,4.365228905622755,4.365228905622755,4.365228905622755,4.365228905622755,4.365228905622755,4.365228905622755,4.365228905622755,4.365228905622755,4.365228905622755,4.365228905622755,4.365228905622755,4.365228905622755,4.365228905622755,4.365228905622755,4.365228905622755,4.365228905622755,4.365228905622755,4.365228905622755,4.365228905622755,4.365228905622755,4.365228905622755,4.365228905622755,4.365228905622755,4.365228905622755,4.365228905622755,4.365228905622755,4.365228905622755,4.365228905622755,4.365228905622755,4.365228905622755,4.365228905622755,4.365228905622755,4.365228905622755,4.365228905622755,4.365228905622755,4.365228905622755,4.365228905622755,4.365228905622755,4.365228905622755,4.365228905622755,4.365228905622755,4.365228905622755,4.365228905622755,4.365228905622755,4.365228905622755,4.365228905622755,4.365228905622755,4.365228905622755,4.365228905622755,4.365228905622755,4.365228905622755,4.365228905622755,4.365228905622755,4.365228905622755,4.365228905622755,4.365228905622755,4.365228905622755,4.365228905622755,4.365228905622755,4.365228905622755,4.365228905622755,4.365228905622755,4.365228905622755,4.365228905622755,4.365228905622755,4.365228905622755,4.365228905622755,4.365228905622755,4.365228905622755,4.365228905622755,4.365228905622755,4.365228905622755,4.365228905622755,4.365228905622755,4.365228905622755,4.365228905622755,4.365228905622755,4.365228905622755,4.365228905622755,4.365228905622755,4.365228905622755,4.365228905622755,4.365228905622755,4.365228905622755,4.365228905622755,4.365228905622755,4.365228905622755,4.365228905622755,4.365228905622755,4.365228905622755,4.365228905622755,4.365228905622755,4.365228905622755,4.365228905622755,4.365228905622755,4.365228905622755,4.365228905622755,4.365228905622755,4.365228905622755,4.365228905622755,4.365228905622755,4.365228905622755,4.365228905622755,4.365228905622755,4.365228905622755,4.365228905622755,4.365228905622755,4.365228905622755,4.365228905622755,4.365228905622755,4.365228905622755,4.365228905622755,4.365228905622755,4.365228905622755,4.365228905622755,4.365228905622755,4.365228905622755,4.365228905622755,4.365228905622755,4.365228905622755,4.365228905622755,4.365228905622755,4.365228905622755,4.365228905622755,4.365228905622755,4.365228905622755,4.365228905622755,4.365228905622755,4.365228905622755,4.365228905622755,4.365228905622755,4.365228905622755,4.365228905622755,4.365228905622755,4.365228905622755,3.9925082033903365,3.9925082033903365,3.9925082033903365,3.9592036951058,3.9592036951058,3.9592036951058,3.9592036951058,3.9592036951058,3.9592036951058,3.7902847643306377,3.7751529192355537,3.7418484109510173,3.7418484109510173,3.7418484109510173,3.7418484109510173,3.7418484109510173,3.7418484109510173,3.7418484109510173,3.7418484109510173,3.7418484109510173,3.7418484109510173,3.7418484109510173,3.7418484109510173,3.7418484109510173,3.7418484109510173,3.7418484109510173,3.7418484109510173,3.7418484109510173,3.7418484109510173,3.7418484109510173,3.7418484109510173,3.7418484109510173,3.7418484109510173,3.7418484109510173,3.7418484109510173,3.7418484109510173,3.7418484109510173,3.7418484109510173,3.7418484109510173,3.7418484109510173,3.7418484109510173,3.7418484109510173,3.7418484109510173,3.7418484109510173,3.7418484109510173,3.7418484109510173,3.7418484109510173,3.7418484109510173,3.7418484109510173,3.7418484109510173,3.7418484109510173,3.7418484109510173,3.7418484109510173,3.7418484109510173,3.7418484109510173,3.7418484109510173,3.7418484109510173,3.7418484109510173,3.7418484109510173,3.7418484109510173,3.7418484109510173,3.7418484109510173,3.7418484109510173,3.7418484109510173,3.7418484109510173,3.7418484109510173,3.7418484109510173,3.7418484109510173,3.7418484109510173,3.7418484109510173,3.7418484109510173,3.7418484109510173,3.7418484109510173,3.7418484109510173,3.7418484109510173,3.7418484109510173,3.7418484109510173,3.7418484109510173,3.7418484109510173,3.7418484109510173,3.7418484109510173,3.7418484109510173,3.7418484109510173,3.7418484109510173,3.7418484109510173,3.7418484109510173,3.7418484109510173,3.7418484109510173,3.7418484109510173,3.7418484109510173,3.7418484109510173,3.7418484109510173,3.7418484109510173,3.7418484109510173,3.7418484109510173,3.7418484109510173,3.7418484109510173,3.7418484109510173,3.7418484109510173,3.7418484109510173,3.7418484109510173,3.7418484109510173,3.7418484109510173,3.7418484109510173,3.7418484109510173,3.7418484109510173,3.7418484109510173,3.7418484109510173,3.7418484109510173,3.7418484109510173,3.7418484109510173,3.7418484109510173,3.7418484109510173,3.7418484109510173,3.7418484109510173,3.7418484109510173,3.7418484109510173,3.7418484109510173,3.7418484109510173,3.7418484109510173,3.7418484109510173,3.7418484109510173,3.7418484109510173,3.7418484109510173,3.7418484109510173,3.7418484109510173,3.7418484109510173,3.7418484109510173,3.7418484109510173,3.7418484109510173,3.7418484109510173,3.7418484109510173,3.7418484109510173,3.7418484109510173,3.7418484109510173,3.7418484109510173,3.7418484109510173,3.7418484109510173,3.7418484109510173,3.7418484109510173,3.7418484109510173,3.7418484109510173,3.7418484109510173,3.7418484109510173,3.7418484109510173,3.7418484109510173,3.7418484109510173,3.7418484109510173,3.7418484109510173,3.7418484109510173,3.7418484109510173,3.7418484109510173,3.7418484109510173,3.7418484109510173,3.7418484109510173,3.7418484109510173,3.7418484109510173,3.7418484109510173,3.7418484109510173,3.7418484109510173,3.7418484109510173,3.7418484109510173,3.7418484109510173,3.7418484109510173,3.7418484109510173,3.7418484109510173,3.7418484109510173,3.7418484109510173,3.7418484109510173,3.7418484109510173,3.7418484109510173,3.7418484109510173,3.7418484109510173,3.7418484109510173,3.7418484109510173,3.7418484109510173,3.7418484109510173,3.7418484109510173,3.7418484109510173,3.7418484109510173,3.7418484109510173,3.7418484109510173,3.7418484109510173,3.7418484109510173,3.7418484109510173,3.7418484109510173,3.7418484109510173,3.7418484109510173,3.7418484109510173,3.7418484109510173,3.7418484109510173,3.7418484109510173,3.7418484109510173,3.7418484109510173,3.7418484109510173,3.7418484109510173,3.7418484109510173,3.7418484109510173,3.7418484109510173,3.7418484109510173,3.7418484109510173,3.7418484109510173,3.7418484109510173,3.7418484109510173,3.7418484109510173,3.7418484109510173,3.7418484109510173,3.7418484109510173,3.7418484109510173,3.7418484109510173,3.7418484109510173,3.7418484109510173,3.7418484109510173,3.7418484109510173,3.7418484109510173,3.7418484109510173,3.7418484109510173,3.7418484109510173,3.7418484109510173,3.7418484109510173,3.7418484109510173,3.7418484109510173,3.7418484109510173,3.7418484109510173,3.7418484109510173,3.7418484109510173,3.7418484109510173,3.7418484109510173,3.7418484109510173,3.7418484109510173,3.7418484109510173,3.7418484109510173,3.7418484109510173,3.7418484109510173,3.7418484109510173,3.7418484109510173,3.7418484109510173,3.7418484109510173,3.7418484109510173,3.7418484109510173,3.7418484109510173,3.7418484109510173,3.7418484109510173,3.7418484109510173,3.7418484109510173,3.7418484109510173,3.7418484109510173,3.7418484109510173,3.7418484109510173,3.7418484109510173,3.7418484109510173,3.7418484109510173,3.7418484109510173,3.7418484109510173,3.7418484109510173,3.7418484109510173,3.7418484109510173,3.7418484109510173,3.7418484109510173,3.7418484109510173,3.7418484109510173,3.7418484109510173,3.7418484109510173,3.7418484109510173,3.7418484109510173,3.7418484109510173,3.7418484109510173,3.7418484109510173,3.7418484109510173,3.7418484109510173,3.7418484109510173,3.7418484109510173,3.7418484109510173,3.7418484109510173,3.7418484109510173,3.7418484109510173,3.7418484109510173,3.7418484109510173,3.7418484109510173,3.7418484109510173,3.7418484109510173,3.7418484109510173,3.7418484109510173,3.7418484109510173,3.7418484109510173,3.7418484109510173,3.7418484109510173,3.7418484109510173,3.7418484109510173,3.7418484109510173,3.7418484109510173,3.7418484109510173,3.7418484109510173,3.7418484109510173,3.7418484109510173,3.7418484109510173,3.7418484109510173,3.7418484109510173,3.7418484109510173,3.7418484109510173,3.7418484109510173,3.7418484109510173,3.7418484109510173,3.7418484109510173,3.7418484109510173,3.7418484109510173,3.7418484109510173,3.7418484109510173,3.7418484109510173,3.7418484109510173,3.7418484109510173,3.7418484109510173,3.7418484109510173,3.7418484109510173,3.7418484109510173,3.7418484109510173,3.7418484109510173,3.7418484109510173,3.7418484109510173,3.7418484109510173,3.7418484109510173,3.7418484109510173,3.7418484109510173,3.7418484109510173,3.7418484109510173,3.7418484109510173,3.7418484109510173,3.7418484109510173,3.7418484109510173,3.7418484109510173,3.7418484109510173,3.7418484109510173,3.7418484109510173,3.7418484109510173,3.7418484109510173,3.7418484109510173,3.7418484109510173,3.7418484109510173,3.7418484109510173,3.7418484109510173,3.7418484109510173,3.7418484109510173,3.7418484109510173,3.7418484109510173,3.7418484109510173,3.7418484109510173,3.7418484109510173,3.7418484109510173,3.7418484109510173,3.7418484109510173,3.7418484109510173,3.7418484109510173,3.7418484109510173,3.7418484109510173,3.7418484109510173,3.7418484109510173,3.7418484109510173,3.7418484109510173,3.7418484109510173,3.7418484109510173,3.7418484109510173,3.7418484109510173,3.7418484109510173,3.7418484109510173,3.7418484109510173,3.7418484109510173,3.7418484109510173,3.7418484109510173,3.7418484109510173,3.7418484109510173,3.7418484109510173,3.7418484109510173,3.7418484109510173,3.7418484109510173,3.7418484109510173,3.7418484109510173,3.7418484109510173,3.7418484109510173,3.7418484109510173,3.7418484109510173,3.7418484109510173,3.7418484109510173,3.7418484109510173,3.7418484109510173,3.7418484109510173,3.7418484109510173,3.7418484109510173,3.7418484109510173,3.7418484109510173,3.7418484109510173,3.7418484109510173,3.7418484109510173,3.7418484109510173,3.7418484109510173,3.7418484109510173,3.7418484109510173,3.7418484109510173,3.7418484109510173,3.7418484109510173,3.7418484109510173,3.7418484109510173,3.7418484109510173,3.7418484109510173,3.7418484109510173,3.7418484109510173,3.7418484109510173,3.7418484109510173,3.7418484109510173,3.7418484109510173,3.7418484109510173,3.7418484109510173,3.7418484109510173,3.7418484109510173,3.7418484109510173,3.7418484109510173,3.7418484109510173,3.7418484109510173,3.7418484109510173,3.7418484109510173,3.7418484109510173,3.7418484109510173,3.7418484109510173,3.7418484109510173,3.7418484109510173,3.7418484109510173,3.7418484109510173,3.7418484109510173,3.7418484109510173,3.7418484109510173,3.7418484109510173,3.7418484109510173,3.7418484109510173,3.7418484109510173,3.7418484109510173,3.7418484109510173,3.7418484109510173,3.7418484109510173,3.7418484109510173,3.7418484109510173,3.7418484109510173,3.7418484109510173,3.7418484109510173,3.7418484109510173,3.7418484109510173,3.7418484109510173,3.7418484109510173,3.7418484109510173,3.7418484109510173,3.7418484109510173,3.7418484109510173,3.7418484109510173,3.7418484109510173,3.7418484109510173,3.7418484109510173,3.7418484109510173,3.7418484109510173,3.7418484109510173,3.7418484109510173,3.7418484109510173,3.7418484109510173,3.7418484109510173,3.7418484109510173,3.7418484109510173,3.7418484109510173,3.7418484109510173,3.7418484109510173,3.7418484109510173,3.7418484109510173,5.309693665770913,5.309693665770913,4.939084499355387,4.939084499355387,4.939084499355387,4.939084499355387,4.939084499355387,4.939084499355387,4.939084499355387,4.939084499355387,4.939084499355387,4.939084499355387,4.939084499355387,4.939084499355387,4.939084499355387,4.939084499355387,4.939084499355387,4.939084499355387,4.939084499355387,4.939084499355387,4.939084499355387,4.939084499355387,4.939084499355387,4.939084499355387,4.939084499355387,4.939084499355387,4.939084499355387,4.939084499355387,4.939084499355387,4.939084499355387,4.939084499355387,4.939084499355387,4.939084499355387,4.939084499355387,4.939084499355387,4.939084499355387,4.939084499355387,4.939084499355387,4.939084499355387,4.939084499355387,4.939084499355387,4.939084499355387,4.939084499355387,4.939084499355387,4.939084499355387,4.939084499355387,4.939084499355387,4.939084499355387,4.939084499355387,4.939084499355387,4.939084499355387,4.939084499355387,4.939084499355387,4.939084499355387,4.939084499355387,4.939084499355387,4.939084499355387,4.939084499355387,4.939084499355387,4.939084499355387,4.939084499355387,4.939084499355387,4.939084499355387,4.939084499355387,4.939084499355387,4.939084499355387,4.939084499355387,4.939084499355387,4.939084499355387,4.939084499355387,4.939084499355387,4.939084499355387,4.939084499355387,4.939084499355387,4.939084499355387,4.939084499355387,4.939084499355387,4.939084499355387,4.939084499355387,4.939084499355387,4.939084499355387,4.939084499355387,4.939084499355387,4.939084499355387,4.939084499355387,4.939084499355387,4.939084499355387,4.939084499355387,4.939084499355387,4.909602996472339,4.909602996472339,4.909602996472339,4.909602996472339,4.909602996472339,4.909602996472339,4.909602996472339,4.909602996472339,4.909602996472339,4.909602996472339,4.909602996472339,4.909602996472339,4.909602996472339,4.909602996472339,4.909602996472339,4.909602996472339,4.909602996472339,4.909602996472339,4.909602996472339,4.909602996472339,4.909602996472339,4.909602996472339,4.909602996472339,4.909602996472339,4.909602996472339,4.909602996472339,4.909602996472339,4.909602996472339,4.909602996472339,4.909602996472339,4.909602996472339,4.909602996472339,4.909602996472339,4.909602996472339,4.909602996472339,4.909602996472339,4.909602996472339,4.909602996472339,4.909602996472339,4.909602996472339,4.909602996472339,4.909602996472339,4.909602996472339,4.909602996472339,4.909602996472339,4.909602996472339,4.909602996472339,4.909602996472339,4.909602996472339,4.909602996472339,4.909602996472339,4.909602996472339,4.909602996472339,4.909602996472339,4.909602996472339,4.909602996472339,4.909602996472339,4.909602996472339,4.909602996472339,4.909602996472339,4.909602996472339,4.909602996472339,4.909602996472339,4.909602996472339,4.909602996472339,4.909602996472339,4.909602996472339,4.909602996472339,4.909602996472339,4.909602996472339,4.909602996472339,4.909602996472339,4.909602996472339,4.909602996472339,4.909602996472339,4.909602996472339,4.909602996472339,4.909602996472339,4.909602996472339,4.909602996472339,4.909602996472339,4.909602996472339,4.909602996472339,4.909602996472339,4.909602996472339,4.909602996472339,4.909602996472339,4.876802248806483,4.876802248806483,4.876802248806483,4.876802248806483,4.876802248806483,4.876802248806483,4.876802248806483,4.876802248806483,4.876802248806483,4.876802248806483,4.876802248806483,4.876802248806483,4.876802248806483,4.876802248806483,4.876802248806483,4.876802248806483,4.876802248806483,4.876802248806483,4.876802248806483,4.83552220999719,4.83552220999719,4.83552220999719,4.83552220999719,4.83552220999719,4.83552220999719,4.83552220999719,4.560707154768394,4.560707154768394,4.560707154768394,4.560707154768394,4.560707154768394,4.560707154768394,4.560707154768394,4.560707154768394,4.560707154768394,4.560707154768394,4.560707154768394,4.560707154768394,4.560707154768394,4.560707154768394,4.560707154768394,4.560707154768394,4.560707154768394,4.4425936451926775,4.4425936451926775,4.394982864314385,4.394982864314385,4.394267001421454,4.394267001421454,4.394267001421454,4.155264377723864,4.155264377723864,4.155264377723864,4.155264377723864,4.155264377723864,4.155264377723864,4.155264377723864,4.155264377723864,4.155264377723864,4.155264377723864,4.155264377723864,4.155264377723864,4.155264377723864,4.155264377723864,4.155264377723864,4.155264377723864,4.155264377723864,4.155264377723864,4.155264377723864,4.155264377723864,4.155264377723864,4.155264377723864,4.155264377723864,4.155264377723864,4.155264377723864,4.155264377723864,4.155264377723864,4.155264377723864,4.155264377723864,4.155264377723864,4.155264377723864,4.155264377723864,4.155264377723864,4.155264377723864,4.155264377723864,4.155264377723864,4.155264377723864,4.155264377723864,4.155264377723864,4.155264377723864,4.155264377723864,4.155264377723864,4.155264377723864,4.155264377723864,4.155264377723864,4.155264377723864,4.155264377723864,4.155264377723864,4.155264377723864,4.155264377723864,4.155264377723864,4.155264377723864,4.155264377723864,4.155264377723864,4.155264377723864,4.155264377723864,4.155264377723864,4.155264377723864,4.155264377723864,4.155264377723864,4.155264377723864,4.155264377723864,4.155264377723864,4.155264377723864,4.155264377723864,4.155264377723864,4.155264377723864,4.155264377723864,4.155264377723864,4.155264377723864,4.155264377723864,4.155264377723864,4.155264377723864,4.155264377723864,4.155264377723864,4.155264377723864,4.155264377723864,4.155264377723864,4.155264377723864,4.155264377723864,4.155264377723864,4.155264377723864,4.155264377723864,4.155264377723864,4.155264377723864,4.155264377723864,4.155264377723864,4.155264377723864,4.155264377723864,4.155264377723864,4.155264377723864,4.155264377723864,4.155264377723864,4.155264377723864,4.155264377723864,4.155264377723864,4.155264377723864,4.155264377723864,4.155264377723864,4.155264377723864,4.155264377723864,4.155264377723864,4.155264377723864,4.155264377723864,4.155264377723864,4.155264377723864,4.155264377723864,4.155264377723864,4.155264377723864,4.155264377723864,4.155264377723864,4.155264377723864,4.155264377723864,4.155264377723864,4.155264377723864,4.155264377723864,4.155264377723864,4.155264377723864,4.155264377723864,4.155264377723864,4.155264377723864,4.155264377723864,4.155264377723864,4.155264377723864,4.155264377723864,4.155264377723864,4.155264377723864,4.155264377723864,4.155264377723864,4.155264377723864,4.155264377723864,4.155264377723864,4.155264377723864,4.155264377723864,4.155264377723864,4.155264377723864,4.155264377723864,4.155264377723864,4.155264377723864,4.155264377723864,4.155264377723864,4.155264377723864,4.155264377723864,4.155264377723864,4.155264377723864,4.155264377723864,4.155264377723864,4.155264377723864,4.155264377723864,4.155264377723864,4.155264377723864,4.155264377723864,4.155264377723864,4.155264377723864,4.155264377723864,4.155264377723864,4.155264377723864,4.155264377723864,4.155264377723864,4.155264377723864,4.155264377723864,4.155264377723864,4.155264377723864,4.155264377723864,4.155264377723864,4.155264377723864,4.155264377723864,4.155264377723864,4.155264377723864,4.155264377723864,4.155264377723864,4.155264377723864,4.155264377723864,4.155264377723864,4.155264377723864,4.155264377723864,4.155264377723864,4.155264377723864,4.155264377723864,4.155264377723864,4.155264377723864,4.155264377723864,4.155264377723864,4.155264377723864,4.155264377723864,4.155264377723864,4.155264377723864,4.155264377723864,4.155264377723864,4.155264377723864,4.155264377723864,4.155264377723864,4.155264377723864,4.155264377723864,4.155264377723864,4.155264377723864,4.155264377723864,4.155264377723864,4.155264377723864,4.155264377723864,4.155264377723864,4.155264377723864,4.155264377723864,4.155264377723864,4.155264377723864,4.155264377723864,4.155264377723864,4.155264377723864,4.155264377723864,4.155264377723864,4.155264377723864,4.155264377723864,4.155264377723864,4.155264377723864,4.155264377723864,4.155264377723864,4.155264377723864,4.155264377723864,4.155264377723864,4.155264377723864,4.155264377723864,4.155264377723864,4.155264377723864,4.155264377723864,4.155264377723864,4.155264377723864,4.155264377723864,4.155264377723864,4.155264377723864,4.155264377723864,4.155264377723864,4.155264377723864,4.155264377723864,4.155264377723864,4.155264377723864,4.155264377723864,4.155264377723864,4.155264377723864,4.155264377723864,4.155264377723864,4.155264377723864,4.155264377723864,4.155264377723864,4.155264377723864,4.155264377723864,4.155264377723864,4.155264377723864,4.155264377723864,4.155264377723864,4.155264377723864,4.155264377723864,4.155264377723864,4.155264377723864,4.155264377723864,4.155264377723864,4.155264377723864,4.155264377723864,4.155264377723864,4.155264377723864,4.155264377723864,4.155264377723864,4.155264377723864,4.155264377723864,4.155264377723864,4.155264377723864,4.155264377723864,4.155264377723864,4.155264377723864,4.155264377723864,4.155264377723864,4.155264377723864,4.155264377723864,4.155264377723864,4.155264377723864,4.155264377723864,4.155264377723864,4.155264377723864,4.155264377723864,4.155264377723864,4.155264377723864,4.155264377723864,4.155264377723864,4.155264377723864,4.155264377723864,4.155264377723864,4.155264377723864,4.155264377723864,4.155264377723864,4.155264377723864,4.155264377723864,4.155264377723864,4.155264377723864,4.155264377723864,4.155264377723864,4.155264377723864,4.155264377723864,4.155264377723864,4.155264377723864,4.155264377723864,4.155264377723864,4.155264377723864,4.155264377723864,4.155264377723864,4.155264377723864,4.155264377723864,4.155264377723864,4.155264377723864,4.155264377723864,4.155264377723864,4.155264377723864,4.155264377723864,4.155264377723864,4.155264377723864,4.155264377723864,4.155264377723864,4.155264377723864,4.155264377723864,4.155264377723864,4.155264377723864,4.155264377723864,4.155264377723864,4.155264377723864,4.155264377723864,4.155264377723864,4.155264377723864,4.155264377723864,4.155264377723864,4.155264377723864,4.155264377723864,4.155264377723864,4.155264377723864,4.155264377723864,4.155264377723864,4.155264377723864,4.155264377723864,4.155264377723864,4.155264377723864,4.155264377723864,4.155264377723864,4.155264377723864,4.155264377723864,4.155264377723864,4.155264377723864,4.106489375330845,4.106489375330845,4.106489375330845,4.106489375330845,4.106489375330845,4.106489375330845,4.106489375330845,4.106489375330845,4.106489375330845,4.106489375330845,4.106489375330845,4.106489375330845,4.106489375330845,4.106489375330845,4.106489375330845,4.106489375330845,4.106489375330845,4.106489375330845,4.106489375330845,4.106489375330845,4.106489375330845,4.106489375330845,4.106489375330845,4.106489375330845,4.106489375330845,4.106489375330845,4.106489375330845,4.106489375330845,4.106489375330845,4.106489375330845,4.106489375330845,4.106489375330845,4.106489375330845,4.106489375330845,4.106489375330845,4.106489375330845,4.106489375330845,4.106489375330845,4.106489375330845,4.106489375330845,4.106489375330845,4.106489375330845,4.106489375330845,4.106489375330845,4.106489375330845,4.106489375330845,4.106489375330845,4.106489375330845,4.106489375330845,4.106489375330845,4.106489375330845,4.106489375330845,4.106489375330845,4.106489375330845,4.106489375330845,4.106489375330845,4.106489375330845,4.106489375330845,4.106489375330845,4.106489375330845,4.106489375330845,4.106489375330845,4.106489375330845,4.106489375330845,4.106489375330845,4.106489375330845,4.106489375330845,4.106489375330845,4.106489375330845,4.106489375330845,4.106489375330845,4.106489375330845,4.106489375330845,4.106489375330845,4.106489375330845,4.106489375330845,4.106489375330845,4.106489375330845,4.106489375330845,4.106489375330845,4.106489375330845,4.106489375330845,4.106489375330845,4.106489375330845,4.106489375330845,4.106489375330845,4.106489375330845,4.106489375330845,4.106489375330845,4.106489375330845,4.106489375330845,4.106489375330845,4.106489375330845,4.106489375330845,4.106489375330845,4.106489375330845,4.106489375330845,4.106489375330845,4.106489375330845,4.106489375330845,4.106489375330845,4.106489375330845,4.106489375330845,4.106489375330845,4.106489375330845,4.106489375330845,4.106489375330845,4.106489375330845,4.106489375330845,4.106489375330845,4.106489375330845,4.106489375330845,4.106489375330845,4.106489375330845,4.106489375330845,4.106489375330845,4.106489375330845,4.106489375330845,4.106489375330845,4.106489375330845,4.106489375330845,4.106489375330845,4.106489375330845,4.106489375330845,4.106489375330845,4.106489375330845,4.106489375330845,4.106489375330845,4.106489375330845,4.106489375330845,4.106489375330845,4.106489375330845,4.106489375330845,4.106489375330845,4.106489375330845,4.106489375330845,4.106489375330845,4.106489375330845,4.106489375330845,3.475445867893634,3.475445867893634,3.475445867893634,3.475445867893634,3.475445867893634,3.475445867893634,3.475445867893634,3.475445867893634,3.475445867893634,3.374782816370143,3.374782816370143,3.374782816370143,3.374782816370143,3.374782816370143,3.374782816370143,3.374782816370143,3.374782816370143,3.374782816370143,3.374782816370143,3.374782816370143,3.374782816370143,3.374782816370143,3.374782816370143,3.374782816370143,3.374782816370143,3.374782816370143,3.374782816370143,3.374782816370143,3.374782816370143,3.374782816370143,3.374782816370143,3.374782816370143,3.3530920793784915,2.9431085353054853,2.9431085353054853,2.9431085353054853,2.9431085353054853,2.9431085353054853,2.9431085353054853,2.9431085353054853,2.9431085353054853,2.9431085353054853,2.9431085353054853,2.9431085353054853,2.9431085353054853,2.9431085353054853,2.9431085353054853,2.9431085353054853,2.9431085353054853,2.9431085353054853,2.9431085353054853,2.9431085353054853,2.9431085353054853,2.9431085353054853,2.9431085353054853,2.9431085353054853,2.9431085353054853,2.9431085353054853,2.9431085353054853,2.9431085353054853,2.9431085353054853,2.9431085353054853,2.9431085353054853,2.9431085353054853,2.9431085353054853,2.9431085353054853,2.9431085353054853,2.9431085353054853,2.9431085353054853,2.9431085353054853,2.9431085353054853,2.9431085353054853,2.9431085353054853,2.9431085353054853,2.9431085353054853,2.9431085353054853,2.9431085353054853,2.9431085353054853,2.9431085353054853,2.9431085353054853,2.9431085353054853,2.9431085353054853,2.9431085353054853,2.9431085353054853,2.9431085353054853,2.9431085353054853,2.9431085353054853,2.9431085353054853,2.9431085353054853,2.9431085353054853,2.9431085353054853,2.9431085353054853,2.9431085353054853,2.9431085353054853,2.9431085353054853,2.9431085353054853,2.9431085353054853,2.9431085353054853,2.9431085353054853,2.9431085353054853,2.9431085353054853,2.9431085353054853,2.9431085353054853,2.9431085353054853,2.9431085353054853,2.9431085353054853,2.9431085353054853,2.9431085353054853,2.9431085353054853,2.9431085353054853,2.9431085353054853,2.9431085353054853,2.9431085353054853,2.9431085353054853,2.9431085353054853,2.9431085353054853,2.9431085353054853,2.9431085353054853,2.9431085353054853,2.9431085353054853,2.9431085353054853,2.9431085353054853,2.9431085353054853,2.9431085353054853,2.9431085353054853,2.9431085353054853,2.9431085353054853,2.9431085353054853,2.9431085353054853,2.9431085353054853,2.9431085353054853,2.9431085353054853,2.9431085353054853,2.9431085353054853,2.9431085353054853,2.9431085353054853,2.9431085353054853,2.9431085353054853,2.9431085353054853,2.9431085353054853,2.9431085353054853,2.9431085353054853,2.9431085353054853,2.9431085353054853,2.9431085353054853,2.9431085353054853,2.9431085353054853,2.9431085353054853,2.9431085353054853,2.9431085353054853,2.9431085353054853,2.9431085353054853,2.9431085353054853,2.9431085353054853,2.9431085353054853,2.9431085353054853,2.9431085353054853,2.9431085353054853,2.9431085353054853,2.9431085353054853,2.9431085353054853,2.9431085353054853,2.9431085353054853,2.9431085353054853,2.9431085353054853,2.9431085353054853,2.9431085353054853,2.9431085353054853,2.9431085353054853,2.9431085353054853,2.9431085353054853,2.9431085353054853,2.9431085353054853,2.9431085353054853,2.9431085353054853,2.9431085353054853,2.9431085353054853,2.9431085353054853,2.9431085353054853,2.9431085353054853,2.9431085353054853,2.9431085353054853,2.9431085353054853,2.9431085353054853,2.9431085353054853,2.9431085353054853,2.9431085353054853,2.9431085353054853,2.9431085353054853,2.9431085353054853,2.9431085353054853,2.9431085353054853,2.9431085353054853,2.9431085353054853,2.9431085353054853,2.9431085353054853,2.9431085353054853,2.9431085353054853,2.9431085353054853,2.9431085353054853,2.9431085353054853,2.9431085353054853,2.9431085353054853,2.9431085353054853,2.9431085353054853,2.9431085353054853,2.9431085353054853,2.9431085353054853,2.9431085353054853,2.9431085353054853,2.9431085353054853,2.9431085353054853,2.9431085353054853,2.9431085353054853,2.9431085353054853,2.9431085353054853,2.9431085353054853,2.9431085353054853,2.9431085353054853,2.9431085353054853,2.9431085353054853,2.9431085353054853,2.9431085353054853,2.9431085353054853,2.9431085353054853,2.9431085353054853,2.9431085353054853,2.9431085353054853,2.9431085353054853,2.9431085353054853,2.9431085353054853,2.9431085353054853,2.9431085353054853,2.9431085353054853,2.9431085353054853,2.9431085353054853,2.9431085353054853,2.9431085353054853,2.9431085353054853,2.9431085353054853,2.9431085353054853,2.9431085353054853,2.9431085353054853,2.9431085353054853,2.9431085353054853,2.9431085353054853,2.9431085353054853,2.9431085353054853,2.9431085353054853,2.9431085353054853,2.9431085353054853,2.9431085353054853,2.9431085353054853,2.9431085353054853,2.9431085353054853,2.9431085353054853,2.9431085353054853,2.9431085353054853,2.9431085353054853,2.9431085353054853,2.9431085353054853,2.9431085353054853,2.9431085353054853,2.9431085353054853,2.9431085353054853,2.9431085353054853,2.9431085353054853,2.9431085353054853,2.9431085353054853,2.9431085353054853,2.9431085353054853,2.9431085353054853,2.9431085353054853,2.9431085353054853,2.9431085353054853,2.9431085353054853,2.9431085353054853,2.9431085353054853,2.9431085353054853,2.9431085353054853,2.9431085353054853,2.9431085353054853,2.9431085353054853,2.9431085353054853,2.9431085353054853,2.9431085353054853,2.9431085353054853,2.9431085353054853,2.9431085353054853,2.9431085353054853,2.9431085353054853,2.9431085353054853,8.365223994069991,6.8596610714493815,6.841442184722731,6.841442184722731,6.841442184722731,6.841442184722731,6.570833904836919,6.570833904836919,6.570833904836919,6.570833904836919,6.570833904836919,6.570833904836919,6.448340811384805,6.413581260092889,6.413581260092889,6.391662176835199,6.391662176835199,6.391662176835199,6.391662176835199,6.391662176835199,6.391662176835199,6.391662176835199,6.391662176835199,6.391662176835199,6.391662176835199,6.391662176835199,6.089423336104988,6.089423336104988,6.089423336104988,6.089423336104988,6.089423336104988,6.089423336104988,6.089423336104988,6.089423336104988,6.089423336104988,6.089423336104988,6.089423336104988,6.089423336104988,6.089423336104988,6.089423336104988,6.089423336104988,6.089423336104988,6.089423336104988,6.089423336104988,6.089423336104988,6.089423336104988,6.089423336104988,6.089423336104988,6.089423336104988,6.089423336104988,6.089423336104988,6.089423336104988,6.089423336104988,6.089423336104988,6.089423336104988,6.089423336104988,6.089423336104988,6.089423336104988,6.089423336104988,6.089423336104988,6.089423336104988,6.089423336104988,6.089423336104988,6.089423336104988,6.089423336104988,6.089423336104988,6.089423336104988,6.089423336104988,6.089423336104988,6.089423336104988,6.089423336104988,5.447934522883916,5.447934522883916,5.447934522883916,4.734977136631597,4.544162021484571,4.544162021484571,4.544162021484571,4.544162021484571,4.544162021484571,4.544162021484571,4.544162021484571,4.544162021484571,4.544162021484571,4.544162021484571,4.544162021484571,4.544162021484571,4.544162021484571,4.544162021484571,4.544162021484571,4.544162021484571,4.544162021484571,4.544162021484571,4.544162021484571,4.544162021484571,4.544162021484571,4.544162021484571,4.544162021484571,4.544162021484571,4.544162021484571,4.544162021484571,4.544162021484571,4.544162021484571,4.544162021484571,4.544162021484571,4.544162021484571,4.544162021484571,4.544162021484571,4.544162021484571,4.544162021484571,4.544162021484571,4.544162021484571,4.544162021484571,4.544162021484571,4.544162021484571,4.544162021484571,4.544162021484571,4.544162021484571,4.544162021484571,4.544162021484571,4.544162021484571,4.544162021484571,4.544162021484571,4.544162021484571,4.544162021484571,4.544162021484571,4.544162021484571,4.544162021484571,4.544162021484571,4.544162021484571,4.544162021484571,4.544162021484571,4.544162021484571,4.544162021484571,4.544162021484571,4.544162021484571,4.544162021484571,4.544162021484571,4.544162021484571,4.544162021484571,4.544162021484571,4.544162021484571,4.544162021484571,4.544162021484571,4.544162021484571,4.544162021484571,4.544162021484571,4.544162021484571,4.544162021484571,4.544162021484571,4.544162021484571,4.544162021484571,4.544162021484571,4.544162021484571,4.544162021484571,4.544162021484571,4.544162021484571,4.544162021484571,4.544162021484571,4.544162021484571,4.544162021484571,4.544162021484571,4.544162021484571,4.544162021484571,4.544162021484571,4.544162021484571,4.544162021484571,4.544162021484571,4.544162021484571,4.544162021484571,4.544162021484571,4.544162021484571,4.544162021484571,4.544162021484571,4.544162021484571,4.544162021484571,4.544162021484571,4.544162021484571,4.544162021484571,4.544162021484571,4.544162021484571,4.544162021484571,4.544162021484571,4.544162021484571,4.544162021484571,4.544162021484571,4.544162021484571,4.544162021484571,4.544162021484571,4.544162021484571,4.544162021484571,4.544162021484571,4.544162021484571,4.544162021484571,4.544162021484571,4.544162021484571,4.544162021484571,4.544162021484571,4.544162021484571,4.544162021484571,4.544162021484571,4.544162021484571,4.544162021484571,4.544162021484571,4.544162021484571,4.544162021484571,4.544162021484571,4.544162021484571,4.544162021484571,4.544162021484571,4.544162021484571,4.544162021484571,4.544162021484571,4.544162021484571,4.544162021484571,4.544162021484571,4.544162021484571,4.544162021484571,4.544162021484571,4.544162021484571,4.544162021484571,4.544162021484571,4.544162021484571,4.544162021484571,4.544162021484571,4.544162021484571,4.544162021484571,4.544162021484571,4.544162021484571,4.544162021484571,4.544162021484571,4.544162021484571,4.544162021484571,4.544162021484571,4.544162021484571,4.544162021484571,4.544162021484571,4.544162021484571,4.544162021484571,4.544162021484571,4.544162021484571,4.544162021484571,4.544162021484571,4.544162021484571,4.544162021484571,4.544162021484571,4.544162021484571,4.544162021484571,4.544162021484571,4.544162021484571,4.544162021484571,4.544162021484571,4.544162021484571,4.544162021484571,4.544162021484571,4.544162021484571,4.544162021484571,4.544162021484571,4.544162021484571,4.544162021484571,4.544162021484571,4.544162021484571,4.544162021484571,4.544162021484571,4.544162021484571,4.544162021484571,4.544162021484571,4.544162021484571,4.544162021484571,4.544162021484571,4.544162021484571,4.544162021484571,4.544162021484571,4.544162021484571,4.544162021484571,4.544162021484571,4.544162021484571,4.544162021484571,4.544162021484571,4.544162021484571,4.544162021484571,4.544162021484571,4.544162021484571,4.544162021484571,4.544162021484571,4.544162021484571,4.544162021484571,4.544162021484571,4.544162021484571,4.544162021484571,4.544162021484571,4.544162021484571,4.544162021484571,4.544162021484571,4.544162021484571,4.544162021484571,4.544162021484571,4.544162021484571,4.544162021484571,4.544162021484571,4.544162021484571,4.544162021484571,4.544162021484571,4.544162021484571,4.544162021484571,4.544162021484571,4.544162021484571,4.544162021484571,4.544162021484571,4.544162021484571,4.544162021484571,4.544162021484571,4.544162021484571,4.544162021484571,4.544162021484571,4.544162021484571,4.544162021484571,4.544162021484571,4.544162021484571,4.544162021484571,4.544162021484571,4.544162021484571,4.544162021484571,4.544162021484571,4.544162021484571,4.544162021484571,4.544162021484571,4.544162021484571,4.544162021484571,4.544162021484571,4.544162021484571,4.544162021484571,4.544162021484571,4.544162021484571,4.544162021484571,4.544162021484571,4.544162021484571,4.544162021484571,4.544162021484571,4.544162021484571,4.544162021484571,4.544162021484571,4.544162021484571,4.544162021484571,4.544162021484571,4.544162021484571,4.544162021484571,4.544162021484571,4.544162021484571,4.544162021484571,4.544162021484571,4.544162021484571,4.544162021484571,4.544162021484571,4.544162021484571,4.544162021484571,4.544162021484571,4.544162021484571,4.544162021484571,4.544162021484571,4.544162021484571,4.544162021484571,4.544162021484571,4.544162021484571,4.544162021484571,4.544162021484571,4.544162021484571,4.544162021484571,4.544162021484571,4.544162021484571,4.544162021484571,4.544162021484571,4.544162021484571,4.544162021484571,4.544162021484571,4.544162021484571,4.544162021484571,4.544162021484571,4.544162021484571,4.544162021484571,4.544162021484571,4.544162021484571,4.544162021484571,4.544162021484571,4.544162021484571,4.544162021484571,4.544162021484571,4.544162021484571,4.544162021484571,4.544162021484571,4.544162021484571,4.544162021484571,4.544162021484571,4.544162021484571,4.544162021484571,4.544162021484571,4.544162021484571,4.544162021484571,4.544162021484571,4.544162021484571,4.544162021484571,4.544162021484571,4.544162021484571,4.544162021484571,4.544162021484571,4.544162021484571,4.544162021484571,4.544162021484571,4.544162021484571,4.544162021484571,4.544162021484571,4.544162021484571,4.544162021484571,4.544162021484571,4.544162021484571,4.544162021484571,4.544162021484571,4.544162021484571,4.544162021484571,4.544162021484571,4.544162021484571,4.544162021484571,4.544162021484571,4.544162021484571,4.544162021484571,4.544162021484571,4.544162021484571,4.544162021484571,4.544162021484571,4.544162021484571,4.544162021484571,4.544162021484571,4.544162021484571,4.544162021484571,4.544162021484571,4.544162021484571,4.544162021484571,4.544162021484571,4.544162021484571,4.544162021484571,4.544162021484571,4.544162021484571,4.544162021484571,4.544162021484571,4.544162021484571,4.544162021484571,4.544162021484571,4.544162021484571,4.544162021484571,4.544162021484571,4.544162021484571,4.544162021484571,4.544162021484571,4.544162021484571,4.544162021484571,4.544162021484571,4.544162021484571,4.544162021484571,4.544162021484571,4.544162021484571,4.544162021484571,4.544162021484571,4.544162021484571,4.544162021484571,4.544162021484571,4.544162021484571,4.544162021484571,4.544162021484571,4.544162021484571,4.544162021484571,4.544162021484571,4.544162021484571,4.544162021484571,4.544162021484571,4.544162021484571,4.544162021484571,4.544162021484571,4.544162021484571,4.544162021484571,4.544162021484571,4.544162021484571,4.544162021484571,4.544162021484571,4.544162021484571,4.544162021484571,4.544162021484571,4.544162021484571,4.544162021484571,4.544162021484571,4.544162021484571,4.544162021484571,4.544162021484571,4.544162021484571,4.544162021484571,4.544162021484571,4.544162021484571,4.544162021484571,4.544162021484571,4.544162021484571,4.544162021484571,4.544162021484571,4.544162021484571,4.544162021484571,4.544162021484571,4.544162021484571,4.544162021484571,4.544162021484571,4.544162021484571,4.544162021484571,4.544162021484571,4.544162021484571,4.544162021484571,4.544162021484571,4.544162021484571,4.544162021484571,4.544162021484571,4.544162021484571,4.544162021484571,4.544162021484571,4.544162021484571,4.544162021484571,4.544162021484571,4.544162021484571,4.544162021484571,4.544162021484571,4.544162021484571,4.544162021484571,4.544162021484571,4.544162021484571,4.544162021484571,4.544162021484571,4.544162021484571,4.544162021484571,4.544162021484571,4.544162021484571,4.544162021484571,4.544162021484571,4.544162021484571,4.544162021484571,4.544162021484571,4.544162021484571,4.544162021484571,4.544162021484571,4.544162021484571,4.544162021484571,4.544162021484571,4.544162021484571,4.544162021484571,4.544162021484571,4.544162021484571,4.544162021484571,4.544162021484571,4.544162021484571,4.544162021484571,4.544162021484571,4.544162021484571,4.544162021484571,4.544162021484571,4.544162021484571,4.544162021484571,4.544162021484571,4.544162021484571,4.544162021484571,4.43340020326307,4.290234188299691,4.290234188299691,4.290234188299691,4.290234188299691,4.290234188299691,4.290234188299691,4.290234188299691,4.290234188299691,4.290234188299691,4.290234188299691,4.290234188299691,4.290234188299691,4.290234188299691,4.290234188299691,4.290234188299691,4.290234188299691,4.290234188299691,4.290234188299691,4.290234188299691,4.290234188299691,4.290234188299691,4.290234188299691,4.290234188299691,4.290234188299691,4.290234188299691,4.290234188299691,4.290234188299691,4.290234188299691,4.290234188299691,4.290234188299691,4.290234188299691,4.290234188299691,4.290234188299691,4.290234188299691,4.290234188299691,4.290234188299691,4.290234188299691,4.290234188299691,4.290234188299691,4.290234188299691,4.290234188299691,4.290234188299691,4.290234188299691,4.290234188299691,4.290234188299691,4.290234188299691,4.290234188299691,4.290234188299691,4.290234188299691,4.290234188299691,4.290234188299691,4.290234188299691,4.290234188299691,4.290234188299691,4.290234188299691,4.290234188299691,4.290234188299691,4.290234188299691,4.290234188299691,4.290234188299691,4.290234188299691,4.290234188299691,4.290234188299691,4.290234188299691,4.290234188299691,4.290234188299691,4.290234188299691,4.290234188299691,4.290234188299691,4.290234188299691,4.290234188299691,4.290234188299691,4.290234188299691,4.290234188299691,4.290234188299691,4.290234188299691,4.290234188299691,4.290234188299691,4.290234188299691,4.290234188299691,4.290234188299691,4.290234188299691,4.290234188299691,4.290234188299691,4.290234188299691,4.290234188299691,4.290234188299691,4.290234188299691,4.290234188299691,4.290234188299691,4.290234188299691,4.290234188299691,4.290234188299691,4.290234188299691,4.290234188299691,4.290234188299691,4.290234188299691,4.290234188299691,4.290234188299691,4.290234188299691,4.290234188299691,4.290234188299691,4.290234188299691,4.290234188299691,4.290234188299691,4.290234188299691,4.290234188299691,4.290234188299691,4.290234188299691,4.290234188299691,4.290234188299691,4.290234188299691,4.290234188299691,4.290234188299691,4.290234188299691,4.290234188299691,4.290234188299691,4.290234188299691,4.290234188299691,4.290234188299691,4.290234188299691,4.290234188299691,4.290234188299691,4.290234188299691,4.290234188299691,4.290234188299691,4.290234188299691,4.290234188299691,4.290234188299691,4.290234188299691,4.290234188299691,4.290234188299691,4.290234188299691,4.290234188299691,4.290234188299691,4.290234188299691,4.290234188299691,4.290234188299691,4.290234188299691,4.290234188299691,4.290234188299691,4.290234188299691,4.290234188299691,4.290234188299691,4.290234188299691,4.290234188299691,4.290234188299691,4.290234188299691,4.290234188299691,4.290234188299691,4.290234188299691,4.290234188299691,4.290234188299691,4.290234188299691,4.290234188299691,4.290234188299691,4.290234188299691,4.290234188299691,4.290234188299691,4.290234188299691,4.290234188299691,4.290234188299691,4.290234188299691,4.290234188299691,4.290234188299691,4.290234188299691,4.290234188299691,4.290234188299691,4.290234188299691,4.290234188299691,4.290234188299691,4.290234188299691,4.290234188299691,4.290234188299691,4.290234188299691,4.290234188299691,4.290234188299691,4.290234188299691,4.290234188299691,4.290234188299691,4.290234188299691,4.290234188299691,4.290234188299691,4.290234188299691,4.290234188299691,4.290234188299691,4.290234188299691,4.290234188299691,4.290234188299691,4.290234188299691,4.290234188299691,4.290234188299691,4.290234188299691,4.290234188299691,4.290234188299691,4.290234188299691,4.290234188299691,4.290234188299691,4.290234188299691,4.290234188299691,4.290234188299691,4.290234188299691,4.290234188299691,4.290234188299691,4.290234188299691,4.290234188299691,4.290234188299691,4.290234188299691,4.290234188299691,4.290234188299691,4.290234188299691,4.290234188299691,4.290234188299691,4.290234188299691,4.290234188299691,4.290234188299691,4.290234188299691,4.290234188299691,4.290234188299691,4.290234188299691,4.290234188299691,4.290234188299691,4.290234188299691,4.290234188299691,4.290234188299691,4.290234188299691,4.290234188299691,4.290234188299691,4.290234188299691,4.290234188299691,4.290234188299691,4.290234188299691,4.290234188299691,4.290234188299691,4.290234188299691,4.290234188299691,4.290234188299691,4.290234188299691,4.290234188299691,4.290234188299691,4.290234188299691,4.290234188299691,4.290234188299691,4.290234188299691,4.290234188299691,4.290234188299691,4.290234188299691,4.290234188299691,4.290234188299691,4.290234188299691,4.290234188299691,4.290234188299691,4.290234188299691,4.290234188299691,4.290234188299691,4.290234188299691,4.290234188299691,4.290234188299691,4.290234188299691,4.290234188299691,4.290234188299691,4.290234188299691,4.290234188299691,4.290234188299691,4.290234188299691,4.290234188299691,4.290234188299691,4.290234188299691,4.290234188299691,4.290234188299691,4.290234188299691,4.290234188299691,4.290234188299691,4.290234188299691,4.290234188299691,4.290234188299691,4.290234188299691,4.290234188299691,4.290234188299691,4.290234188299691,4.290234188299691,4.290234188299691,4.290234188299691,4.290234188299691,4.290234188299691,4.290234188299691,4.290234188299691,4.290234188299691,4.290234188299691,4.290234188299691,4.290234188299691,4.290234188299691,4.290234188299691,4.290234188299691,4.290234188299691,4.290234188299691,4.290234188299691,4.290234188299691,4.290234188299691,4.290234188299691,4.290234188299691,4.290234188299691,4.290234188299691,4.290234188299691,4.290234188299691,4.290234188299691,4.290234188299691,4.290234188299691,4.290234188299691,4.290234188299691,4.290234188299691,4.290234188299691,4.290234188299691,4.290234188299691,4.290234188299691,4.290234188299691,4.290234188299691,4.290234188299691,4.290234188299691,4.290234188299691,4.290234188299691,4.290234188299691,4.290234188299691,4.290234188299691,4.290234188299691,4.290234188299691,4.290234188299691,4.290234188299691,4.290234188299691,4.290234188299691,4.290234188299691,4.290234188299691,4.290234188299691,4.290234188299691,4.290234188299691,4.290234188299691,4.290234188299691,4.290234188299691,4.290234188299691,4.290234188299691,4.290234188299691,4.290234188299691,4.290234188299691,4.290234188299691,4.290234188299691,4.290234188299691,4.290234188299691,4.290234188299691,4.290234188299691,4.290234188299691,4.290234188299691,4.290234188299691,4.290234188299691,4.290234188299691,4.290234188299691,4.290234188299691,4.290234188299691,4.290234188299691,4.290234188299691,4.290234188299691,4.290234188299691,4.290234188299691,4.290234188299691,4.290234188299691,4.290234188299691,4.290234188299691,4.290234188299691,4.290234188299691,4.290234188299691,4.290234188299691,4.290234188299691,4.290234188299691,4.290234188299691,4.290234188299691,4.290234188299691,4.290234188299691,4.290234188299691,4.290234188299691,4.290234188299691,4.290234188299691,4.290234188299691,4.290234188299691,4.290234188299691,4.290234188299691,4.290234188299691,4.290234188299691,4.290234188299691,4.290234188299691,4.290234188299691,4.290234188299691,4.290234188299691,4.290234188299691,4.290234188299691,4.290234188299691,4.290234188299691,4.290234188299691,4.290234188299691,4.290234188299691,4.290234188299691,4.290234188299691,4.290234188299691,4.290234188299691,4.290234188299691,4.290234188299691,4.290234188299691,4.290234188299691,4.290234188299691,4.290234188299691,4.290234188299691,4.290234188299691,4.290234188299691,4.290234188299691,4.290234188299691,4.290234188299691,4.290234188299691,4.290234188299691,4.290234188299691,4.290234188299691,4.290234188299691,4.290234188299691,4.290234188299691,4.290234188299691,4.290234188299691,4.290234188299691,4.290234188299691,4.290234188299691,4.290234188299691,4.290234188299691,4.290234188299691,4.290234188299691,4.290234188299691,4.290234188299691,4.290234188299691,4.290234188299691,4.290234188299691,4.290234188299691,10.07586770435002,8.55716588197267,8.55716588197267,8.55716588197267,8.55716588197267,8.55716588197267,8.55716588197267,8.55716588197267,8.233350420343527,8.233350420343527,8.233350420343527,8.233350420343527,8.233350420343527,8.233350420343527,8.233350420343527,8.233350420343527,8.233350420343527,8.233350420343527,8.233350420343527,8.207398439519096,8.207398439519096,8.207398439519096,8.207398439519096,7.855066246535005,7.855066246535005,7.855066246535005,7.855066246535005,7.855066246535005,7.855066246535005,7.855066246535005,7.855066246535005,7.855066246535005,7.855066246535005,7.855066246535005,7.855066246535005,7.855066246535005,7.855066246535005,7.855066246535005,7.855066246535005,7.855066246535005,7.855066246535005,7.855066246535005,7.855066246535005,7.855066246535005,7.855066246535005,7.855066246535005,7.855066246535005,7.855066246535005,7.855066246535005,7.743232802658562,7.693866650913377,7.693866650913377,7.693866650913377,7.693866650913377,7.693866650913377,7.693866650913377,7.591999360144607,7.591999360144607,7.591999360144607,7.591999360144607,7.591999360144607,7.591999360144607,7.591999360144607,7.591999360144607,7.591999360144607,7.591999360144607,7.591999360144607,7.591999360144607,7.591999360144607,7.591999360144607,7.591999360144607,7.591999360144607,7.591999360144607,7.591999360144607,7.591999360144607,7.591999360144607,7.591999360144607,7.591999360144607,7.591999360144607,7.591999360144607,7.591999360144607,7.591999360144607,7.591999360144607,7.521115369253565,7.521115369253565,7.521115369253565,7.521115369253565,7.521115369253565,7.521115369253565,7.521115369253565,7.521115369253565,7.197593955666713,7.197593955666713,7.197593955666713,7.197593955666713,7.197593955666713,7.197593955666713,7.197593955666713,7.197593955666713,7.197593955666713,7.017349247012093,7.017349247012093,7.017349247012093,7.017349247012093,7.017349247012093,7.017349247012093,7.017349247012093,7.017349247012093,7.017349247012093,7.017349247012093,7.017349247012093,7.017349247012093,7.017349247012093,7.017349247012093,7.017349247012093,7.017349247012093,7.017349247012093,7.017349247012093,7.017349247012093,7.017349247012093,7.017349247012093,7.017349247012093,7.017349247012093,7.017349247012093,7.017349247012093,7.017349247012093,7.017349247012093,7.017349247012093,7.017349247012093,7.017349247012093,7.017349247012093,7.017349247012093,7.017349247012093,7.017349247012093,7.017349247012093,7.017349247012093,7.017349247012093,7.017349247012093,7.017349247012093,7.017349247012093,7.017349247012093,7.017349247012093,7.017349247012093,7.017349247012093,7.017349247012093,7.017349247012093,7.017349247012093,7.017349247012093,7.017349247012093,7.017349247012093,7.017349247012093,7.017349247012093,7.017349247012093,7.017349247012093,7.017349247012093,7.017349247012093,7.017349247012093,7.017349247012093,7.017349247012093,7.017349247012093,7.017349247012093,7.017349247012093,7.017349247012093,7.017349247012093,7.017349247012093,7.017349247012093,7.017349247012093,7.017349247012093,7.017349247012093,7.017349247012093,7.017349247012093,7.017349247012093,7.017349247012093,7.017349247012093,7.017349247012093,7.017349247012093,7.017349247012093,7.017349247012093,7.017349247012093,7.017349247012093,7.017349247012093,7.017349247012093,7.017349247012093,7.017349247012093,7.017349247012093,7.017349247012093,7.017349247012093,7.017349247012093,7.017349247012093,7.017349247012093,7.017349247012093,7.017349247012093,7.017349247012093,7.017349247012093,7.017349247012093,7.017349247012093,7.017349247012093,7.017349247012093,7.017349247012093,7.017349247012093,7.017349247012093,7.017349247012093,7.017349247012093,7.017349247012093,7.017349247012093,7.017349247012093,7.017349247012093,7.017349247012093,7.017349247012093,7.017349247012093,7.017349247012093,7.017349247012093,7.017349247012093,7.017349247012093,7.017349247012093,7.017349247012093,7.017349247012093,7.017349247012093,7.017349247012093,7.017349247012093,7.017349247012093,7.017349247012093,7.017349247012093,7.017349247012093,7.017349247012093,7.017349247012093,7.017349247012093,7.017349247012093,7.017349247012093,7.017349247012093,7.017349247012093,7.010282651030992,5.854312224098354,5.147300857997846,5.147300857997846,5.147300857997846,5.027390597385461,5.027390597385461,5.027390597385461,5.027390597385461,5.027390597385461,5.027390597385461,5.027390597385461,5.027390597385461,5.027390597385461,5.027390597385461,5.027390597385461,5.027390597385461,5.027390597385461,5.027390597385461,5.027390597385461,5.027390597385461,5.027390597385461,5.027390597385461,5.027390597385461,5.027390597385461,5.027390597385461,5.027390597385461,5.027390597385461,5.027390597385461,5.027390597385461,5.027390597385461,5.027390597385461,5.027390597385461,5.027390597385461,5.027390597385461,5.027390597385461,5.027390597385461,5.027390597385461,5.027390597385461,5.027390597385461,5.027390597385461,5.027390597385461,5.027390597385461,5.027390597385461,5.027390597385461,5.027390597385461,5.027390597385461,5.027390597385461,5.027390597385461,5.027390597385461,5.027390597385461,5.027390597385461,5.027390597385461,5.027390597385461,5.027390597385461,5.027390597385461,5.027390597385461,5.027390597385461,5.027390597385461,5.027390597385461,5.027390597385461,5.027390597385461,5.027390597385461,5.027390597385461,5.027390597385461,5.027390597385461,5.027390597385461,5.027390597385461,5.027390597385461,5.027390597385461,5.027390597385461,5.027390597385461,5.027390597385461,5.027390597385461,5.027390597385461,5.027390597385461,5.027390597385461,5.027390597385461,5.027390597385461,5.027390597385461,5.027390597385461,5.027390597385461,5.027390597385461,5.027390597385461,5.027390597385461,5.027390597385461,5.027390597385461,5.027390597385461,5.027390597385461,5.027390597385461,5.027390597385461,5.027390597385461,5.027390597385461,5.027390597385461,5.027390597385461,5.027390597385461,4.865913368739136,4.865913368739136,4.865913368739136,4.865913368739136,4.865913368739136,4.865913368739136,4.865913368739136,4.865913368739136,4.865913368739136,4.865913368739136,4.865913368739136,4.865913368739136,4.865913368739136,4.865913368739136,4.865913368739136,4.865913368739136,4.865913368739136,4.865913368739136,4.865913368739136,4.865913368739136,4.865913368739136,4.865913368739136,4.820297651938048,4.820297651938048,4.820297651938048,4.820297651938048,4.820297651938048,4.820297651938048,4.820297651938048,4.820297651938048,4.820297651938048,4.820297651938048,4.820297651938048,4.820297651938048,4.820297651938048,4.820297651938048,4.820297651938048,4.820297651938048,4.820297651938048,4.820297651938048,4.820297651938048,4.820297651938048,4.820297651938048,4.820297651938048,4.820297651938048,4.820297651938048,4.820297651938048,4.820297651938048,4.820297651938048,4.820297651938048,4.820297651938048,4.820297651938048,4.820297651938048,4.820297651938048,4.820297651938048,4.820297651938048,4.820297651938048,4.820297651938048,4.820297651938048,4.820297651938048,4.820297651938048,4.820297651938048,4.820297651938048,4.820297651938048,4.820297651938048,4.820297651938048,4.820297651938048,4.820297651938048,4.820297651938048,4.820297651938048,4.820297651938048,4.820297651938048,4.820297651938048,4.820297651938048,4.820297651938048,4.820297651938048,4.820297651938048,4.820297651938048,4.820297651938048,4.820297651938048,4.820297651938048,4.820297651938048,4.820297651938048,4.820297651938048,4.820297651938048,4.820297651938048,4.820297651938048,4.820297651938048,4.805273491399626,4.805273491399626,4.805273491399626,4.805273491399626,4.805273491399626,4.805273491399626,4.805273491399626,4.805273491399626,4.805273491399626,4.805273491399626,4.805273491399626,4.805273491399626,4.805273491399626,4.805273491399626,4.805273491399626,4.805273491399626,4.805273491399626,4.805273491399626,4.805273491399626,4.805273491399626,4.805273491399626,4.805273491399626,4.805273491399626,4.805273491399626,4.805273491399626,4.805273491399626,4.805273491399626,4.805273491399626,4.805273491399626,4.805273491399626,4.805273491399626,4.805273491399626,4.805273491399626,4.805273491399626,4.805273491399626,4.805273491399626,4.805273491399626,4.805273491399626,4.805273491399626,4.805273491399626,4.805273491399626,4.805273491399626,4.805273491399626,4.805273491399626,4.805273491399626,4.805273491399626,4.805273491399626,4.805273491399626,4.805273491399626,4.805273491399626,4.805273491399626,4.805273491399626,4.805273491399626,4.805273491399626,4.805273491399626,4.805273491399626,4.805273491399626,4.805273491399626,4.805273491399626,4.805273491399626,4.805273491399626,4.805273491399626,4.805273491399626,4.805273491399626,4.805273491399626,4.805273491399626,4.805273491399626,4.805273491399626,4.805273491399626,4.805273491399626,4.805273491399626,4.805273491399626,4.805273491399626,4.805273491399626,4.805273491399626,4.805273491399626,4.805273491399626,4.805273491399626,4.805273491399626,4.805273491399626,4.805273491399626,4.805273491399626,4.805273491399626,4.805273491399626,4.805273491399626,4.805273491399626,4.805273491399626,4.805273491399626,4.805273491399626,4.805273491399626,4.805273491399626,4.805273491399626,4.805273491399626,4.805273491399626,4.805273491399626,4.805273491399626,4.805273491399626,4.805273491399626,4.805273491399626,4.805273491399626,4.805273491399626,4.805273491399626,4.805273491399626,4.805273491399626,4.805273491399626,4.805273491399626,4.805273491399626,4.805273491399626,4.805273491399626,4.805273491399626,4.805273491399626,4.805273491399626,4.805273491399626,4.805273491399626,4.805273491399626,4.805273491399626,4.805273491399626,4.805273491399626,4.805273491399626,4.805273491399626,4.805273491399626,4.805273491399626,4.805273491399626,4.805273491399626,4.805273491399626,4.805273491399626,4.805273491399626,4.805273491399626,4.805273491399626,4.805273491399626,4.805273491399626,4.805273491399626,4.805273491399626,4.805273491399626,4.805273491399626,4.805273491399626,4.805273491399626,4.805273491399626,4.805273491399626,4.805273491399626,4.805273491399626,4.805273491399626,4.805273491399626,4.805273491399626,4.805273491399626,4.805273491399626,4.805273491399626,4.805273491399626,4.805273491399626,4.805273491399626,4.805273491399626,4.805273491399626,4.805273491399626,4.805273491399626,4.805273491399626,4.805273491399626,4.805273491399626,4.805273491399626,4.805273491399626,4.805273491399626,4.805273491399626,4.805273491399626,4.805273491399626,4.805273491399626,4.805273491399626,4.805273491399626,4.805273491399626,4.805273491399626,4.805273491399626,4.805273491399626,4.805273491399626,4.805273491399626,4.805273491399626,4.805273491399626,4.805273491399626,4.805273491399626,4.805273491399626,4.805273491399626,4.805273491399626,4.805273491399626,4.805273491399626,4.805273491399626,4.805273491399626,4.805273491399626,4.805273491399626,4.805273491399626,4.805273491399626,4.805273491399626,4.805273491399626,4.805273491399626,4.805273491399626,4.805273491399626,4.805273491399626,4.805273491399626,4.805273491399626,4.805273491399626,4.805273491399626,4.805273491399626,4.805273491399626,4.805273491399626,4.805273491399626,4.805273491399626,4.805273491399626,4.805273491399626,4.805273491399626,4.805273491399626,4.805273491399626,4.805273491399626,4.805273491399626,4.805273491399626,4.805273491399626,4.805273491399626,4.805273491399626,4.805273491399626,4.805273491399626,4.805273491399626,4.805273491399626,4.805273491399626,4.805273491399626,4.805273491399626,4.805273491399626,4.805273491399626,4.805273491399626,4.805273491399626,4.805273491399626,4.805273491399626,4.805273491399626,4.805273491399626,4.805273491399626,4.805273491399626,4.805273491399626,4.805273491399626,4.805273491399626,4.805273491399626,4.805273491399626,4.805273491399626,4.805273491399626,4.805273491399626,4.805273491399626,4.805273491399626,4.805273491399626,4.805273491399626,4.805273491399626,4.805273491399626,4.805273491399626,4.805273491399626,4.805273491399626,4.805273491399626,4.805273491399626,4.805273491399626,4.805273491399626,4.805273491399626,4.805273491399626,4.805273491399626,4.805273491399626,4.805273491399626,4.805273491399626,4.805273491399626,4.805273491399626,4.805273491399626,4.805273491399626,4.805273491399626,4.805273491399626,4.805273491399626,4.805273491399626,4.805273491399626,4.805273491399626,4.805273491399626,4.805273491399626,4.805273491399626,4.805273491399626,4.805273491399626,4.805273491399626,4.805273491399626,4.805273491399626,4.805273491399626,4.805273491399626,4.805273491399626,4.805273491399626,4.805273491399626,4.805273491399626,4.805273491399626,4.805273491399626,4.805273491399626,4.805273491399626,4.805273491399626,4.805273491399626,4.805273491399626,4.805273491399626,4.805273491399626,4.805273491399626,4.805273491399626,4.805273491399626,4.805273491399626,4.805273491399626,4.805273491399626,4.805273491399626,4.805273491399626,4.805273491399626,4.805273491399626,4.805273491399626,4.805273491399626,4.805273491399626,4.805273491399626,4.805273491399626,4.805273491399626,4.805273491399626,4.805273491399626,4.805273491399626,4.805273491399626,4.805273491399626,4.805273491399626,4.805273491399626,4.805273491399626,4.805273491399626,4.805273491399626,4.805273491399626,4.805273491399626,4.805273491399626,4.805273491399626,4.805273491399626,4.805273491399626,4.805273491399626,4.805273491399626,4.805273491399626,4.805273491399626,4.805273491399626,4.805273491399626,4.805273491399626,4.805273491399626,4.805273491399626,4.805273491399626,4.805273491399626,4.805273491399626,4.805273491399626,4.805273491399626,4.805273491399626,4.805273491399626,4.805273491399626,4.805273491399626,4.805273491399626,4.805273491399626,4.805273491399626,4.805273491399626,4.805273491399626,4.805273491399626,4.805273491399626,4.805273491399626,4.805273491399626,4.805273491399626,4.805273491399626,4.805273491399626,4.805273491399626,4.805273491399626,4.805273491399626,4.805273491399626,4.805273491399626,4.805273491399626,4.805273491399626,4.805273491399626,4.805273491399626,4.805273491399626,4.805273491399626,4.805273491399626,4.805273491399626,4.805273491399626,4.805273491399626,4.805273491399626,4.805273491399626,4.805273491399626,4.805273491399626,4.805273491399626,4.805273491399626,4.805273491399626,4.805273491399626,4.805273491399626,4.805273491399626,4.805273491399626,4.805273491399626,4.805273491399626,4.805273491399626,4.805273491399626,4.805273491399626,4.805273491399626,4.805273491399626,4.805273491399626,4.805273491399626,4.805273491399626,4.805273491399626,4.805273491399626,4.805273491399626,4.805273491399626,4.805273491399626,4.805273491399626,4.805273491399626,4.805273491399626,4.805273491399626,4.805273491399626,4.805273491399626,4.805273491399626,4.805273491399626,4.805273491399626,4.805273491399626,4.805273491399626,4.805273491399626,4.805273491399626,4.805273491399626,4.805273491399626,4.805273491399626,4.805273491399626,4.805273491399626,4.805273491399626,4.805273491399626,4.805273491399626,4.805273491399626,4.805273491399626,4.805273491399626,4.805273491399626,4.805273491399626,4.805273491399626,4.805273491399626,4.805273491399626,4.805273491399626,4.805273491399626,4.805273491399626,4.805273491399626,4.805273491399626,4.805273491399626,4.805273491399626,4.805273491399626,4.805273491399626,4.805273491399626,4.805273491399626,4.805273491399626,4.805273491399626,4.805273491399626,4.805273491399626,4.805273491399626,4.805273491399626,4.805273491399626,4.805273491399626,4.805273491399626,4.805273491399626,4.805273491399626,4.805273491399626,4.805273491399626,4.805273491399626,4.805273491399626,4.805273491399626,4.805273491399626,4.805273491399626,4.805273491399626,4.805273491399626,4.805273491399626,4.805273491399626,4.805273491399626,4.805273491399626,4.805273491399626,4.805273491399626,4.805273491399626,4.805273491399626,4.805273491399626,4.805273491399626,4.805273491399626,4.805273491399626,4.805273491399626,4.805273491399626,4.805273491399626,4.805273491399626,4.805273491399626,4.805273491399626,4.805273491399626,4.805273491399626,4.805273491399626,4.805273491399626,4.805273491399626,4.805273491399626,4.805273491399626,4.805273491399626,4.805273491399626,4.805273491399626,4.805273491399626,4.805273491399626,4.805273491399626,4.805273491399626,4.805273491399626,4.805273491399626,4.805273491399626,4.805273491399626,4.805273491399626,4.805273491399626,4.805273491399626,4.805273491399626,4.805273491399626,4.805273491399626,4.805273491399626,4.805273491399626,4.805273491399626,4.805273491399626,4.805273491399626,4.805273491399626,4.805273491399626,4.805273491399626,4.805273491399626,4.805273491399626,4.805273491399626,4.805273491399626,4.805273491399626,4.805273491399626,4.805273491399626,4.805273491399626,4.805273491399626,4.805273491399626,4.805273491399626,4.805273491399626,4.805273491399626,4.805273491399626,4.805273491399626,4.805273491399626,4.805273491399626,4.805273491399626,4.805273491399626,4.805273491399626,4.805273491399626,4.805273491399626,4.805273491399626,4.805273491399626,4.805273491399626,4.805273491399626,4.805273491399626,4.805273491399626,4.805273491399626,4.805273491399626,4.805273491399626,4.805273491399626,4.805273491399626,4.805273491399626,4.805273491399626,4.805273491399626,4.805273491399626,4.805273491399626,4.805273491399626,4.805273491399626,4.805273491399626,4.805273491399626,4.805273491399626,4.805273491399626,4.805273491399626,4.805273491399626,4.805273491399626,4.805273491399626,4.805273491399626,4.805273491399626,4.805273491399626,4.805273491399626,4.805273491399626,4.805273491399626,4.805273491399626,4.805273491399626,4.805273491399626,4.805273491399626,4.805273491399626,4.805273491399626,4.805273491399626,4.805273491399626,4.805273491399626,4.805273491399626,4.805273491399626,4.805273491399626,4.805273491399626,4.805273491399626,4.805273491399626,4.805273491399626,4.805273491399626,4.805273491399626,4.805273491399626,4.805273491399626,4.805273491399626,4.805273491399626,4.805273491399626,4.805273491399626,4.805273491399626,4.805273491399626,4.805273491399626,4.805273491399626,6.415588627111825,6.415588627111825,6.415588627111825,6.415588627111825,6.415588627111825,6.415588627111825,6.178508868627471,6.178508868627471,5.862270854486683,5.862270854486683,5.862270854486683,5.862270854486683,5.862270854486683,5.780130300128198,5.780130300128198,5.780130300128198,5.527476708913905,5.527476708913905,5.527476708913905,5.527476708913905,5.527476708913905,5.526793418072416,5.526793418072416,5.526793418072416,5.526793418072416,5.526793418072416,5.526793418072416,5.526793418072416,5.526793418072416,5.526793418072416,5.526793418072416,5.526793418072416,5.526793418072416,5.526793418072416,5.526793418072416,5.526793418072416,5.526793418072416,5.526793418072416,5.526793418072416,5.526793418072416,5.526793418072416,5.526793418072416,5.526793418072416,5.526793418072416,5.526793418072416,5.526793418072416,5.526793418072416,5.526793418072416,5.526793418072416,5.526793418072416,5.526793418072416,5.526793418072416,5.526793418072416,5.526793418072416,5.526793418072416,5.526793418072416,5.526793418072416,5.526793418072416,5.526793418072416,5.526793418072416,5.526793418072416,5.526793418072416,5.526793418072416,5.526793418072416,5.526793418072416,5.526793418072416,5.526793418072416,5.526793418072416,5.526793418072416,5.526793418072416,5.526793418072416,5.526793418072416,5.526793418072416,5.526793418072416,5.526793418072416,5.526793418072416,5.526793418072416,5.526793418072416,5.526793418072416,5.526793418072416,5.526793418072416,5.526793418072416,5.526793418072416,5.526793418072416,5.526793418072416,5.526793418072416,5.526793418072416,5.526793418072416,5.526793418072416,5.526793418072416,5.526793418072416,5.526793418072416,5.526793418072416,5.526793418072416,5.526793418072416,5.526793418072416,5.526793418072416,5.526793418072416,5.526793418072416,5.526793418072416,5.526793418072416,5.526793418072416,5.526793418072416,5.526793418072416,5.526793418072416,5.526793418072416,5.526793418072416,5.526793418072416,5.526793418072416,5.526793418072416,5.526793418072416,5.526793418072416,5.526793418072416,5.526793418072416,5.526793418072416,5.526793418072416,5.526793418072416,5.526793418072416,5.526793418072416,5.526793418072416,5.526793418072416,5.526793418072416,5.526793418072416,5.526793418072416,5.526793418072416,5.526793418072416,5.526793418072416,5.526793418072416,5.526793418072416,5.526793418072416,5.526793418072416,5.020853072056001,5.020853072056001,5.020853072056001,5.020853072056001,5.020853072056001,5.020853072056001,5.020853072056001,5.020853072056001,5.020853072056001,5.020853072056001,5.020853072056001,5.020853072056001,5.020853072056001,5.020853072056001,5.020853072056001,5.020853072056001,5.020853072056001,5.020853072056001,4.985437951163954,4.985437951163954,4.985437951163954,4.985437951163954,4.985437951163954,4.985437951163954,4.985437951163954,4.985437951163954,4.985437951163954,4.985437951163954,4.985437951163954,4.985437951163954,4.985437951163954,4.985437951163954,4.985437951163954,4.985437951163954,4.985437951163954,4.985437951163954,4.985437951163954,4.985437951163954,4.985437951163954,4.985437951163954,4.985437951163954,4.985437951163954,4.985437951163954,4.985437951163954,4.985437951163954,4.985437951163954,4.985437951163954,4.985437951163954,4.985437951163954,4.985437951163954,4.985437951163954,4.985437951163954,4.985437951163954,4.985437951163954,4.985437951163954,4.985437951163954,4.985437951163954,4.985437951163954,4.985437951163954,4.985437951163954,4.985437951163954,4.985437951163954,4.985437951163954,4.985437951163954,4.985437951163954,4.985437951163954,4.985437951163954,4.985437951163954,4.985437951163954,4.985437951163954,4.985437951163954,4.985437951163954,4.985437951163954,4.985437951163954,4.985437951163954,4.985437951163954,4.985437951163954,4.985437951163954,4.985437951163954,4.985437951163954,4.985437951163954,4.985437951163954,4.985437951163954,4.985437951163954,4.985437951163954,4.985437951163954,4.985437951163954,4.985437951163954,4.985437951163954,4.985437951163954,4.985437951163954,4.985437951163954,4.985437951163954,4.985437951163954,4.985437951163954,4.985437951163954,4.985437951163954,4.985437951163954,4.985437951163954,4.985437951163954,4.985437951163954,4.985437951163954,4.985437951163954,4.985437951163954,4.985437951163954,4.985437951163954,4.985437951163954,4.985437951163954,4.985437951163954,4.985437951163954,4.985437951163954,4.985437951163954,4.985437951163954,4.985437951163954,4.985437951163954,4.985437951163954,4.985437951163954,4.837011327751161,4.837011327751161,4.381469561575169,4.254446948631584,4.254446948631584,4.254446948631584,4.254446948631584,4.254446948631584,4.254446948631584,3.9427137027165617,3.9427137027165617,3.9427137027165617,3.9427137027165617,3.9427137027165617,3.9427137027165617,3.9427137027165617,3.9427137027165617,3.9427137027165617,3.9427137027165617,3.9427137027165617,3.9427137027165617,3.9427137027165617,3.9427137027165617,3.910914509908319,3.910914509908319,3.910914509908319,3.910914509908319,3.910914509908319,3.910914509908319,3.910914509908319,3.8413134714790647,3.8413134714790647,3.8413134714790647,3.8413134714790647,3.8413134714790647,3.8413134714790647,3.8413134714790647,3.8413134714790647,3.8413134714790647,3.8413134714790647,3.8196953900170914,3.8196953900170914,3.6795636460522183,3.6795636460522183,3.6795636460522183,3.6795636460522183,3.6795636460522183,3.6795636460522183,3.6795636460522183,3.6795636460522183,3.6795636460522183,3.639756078500844,3.639756078500844,3.639756078500844,3.639756078500844,3.639756078500844,3.639756078500844,3.639756078500844,3.639756078500844,3.639756078500844,3.639756078500844,3.639756078500844,3.639756078500844,3.639756078500844,3.639756078500844,3.639756078500844,3.639756078500844,3.639756078500844,3.639756078500844,3.639756078500844,3.639756078500844,3.639756078500844,3.639756078500844,3.639756078500844,3.639756078500844,3.639756078500844,3.639756078500844,3.639756078500844,3.639756078500844,3.639756078500844,3.639756078500844,3.639756078500844,3.639756078500844,3.639756078500844,3.639756078500844,3.639756078500844,3.639756078500844,3.639756078500844,3.639756078500844,3.639756078500844,3.639756078500844,3.639756078500844,3.639756078500844,3.639756078500844,3.639756078500844,3.639756078500844,3.639756078500844,3.639756078500844,3.639756078500844,3.639756078500844,3.639756078500844,3.639756078500844,3.639756078500844,3.639756078500844,3.639756078500844,3.639756078500844,3.639756078500844,3.639756078500844,3.639756078500844,3.639756078500844,3.639756078500844,3.639756078500844,3.639756078500844,3.639756078500844,3.639756078500844,3.639756078500844,3.639756078500844,3.639756078500844,3.639756078500844,3.639756078500844,3.639756078500844,3.639756078500844,3.639756078500844,3.639756078500844,3.639756078500844,3.639756078500844,3.639756078500844,3.639756078500844,3.639756078500844,3.639756078500844,3.639756078500844,3.639756078500844,3.639756078500844,3.639756078500844,3.639756078500844,3.639756078500844,3.639756078500844,3.639756078500844,3.639756078500844,3.639756078500844,3.639756078500844,3.639756078500844,3.639756078500844,3.639756078500844,3.639756078500844,3.639756078500844,3.639756078500844,3.639756078500844,3.639756078500844,3.639756078500844,3.639756078500844,3.639756078500844,3.639756078500844,3.639756078500844,3.639756078500844,3.639756078500844,3.639756078500844,3.639756078500844,3.639756078500844,3.639756078500844,3.639756078500844,3.639756078500844,3.639756078500844,3.639756078500844,3.639756078500844,3.639756078500844,3.639756078500844,3.639756078500844,3.639756078500844,3.639756078500844,3.639756078500844,3.639756078500844,3.639756078500844,3.639756078500844,3.639756078500844,3.639756078500844,3.639756078500844,3.639756078500844,3.639756078500844,3.639756078500844,3.639756078500844,3.639756078500844,3.639756078500844,3.639756078500844,3.639756078500844,3.639756078500844,3.639756078500844,3.639756078500844,3.639756078500844,3.639756078500844,3.639756078500844,3.639756078500844,3.639756078500844,3.639756078500844,3.639756078500844,3.639756078500844,3.639756078500844,3.639756078500844,3.639756078500844,3.639756078500844,3.639756078500844,3.639756078500844,3.639756078500844,3.639756078500844,3.639756078500844,3.639756078500844,3.639756078500844,3.639756078500844,3.639756078500844,3.639756078500844,3.639756078500844,3.639756078500844,3.639756078500844,3.639756078500844,3.639756078500844,3.639756078500844,3.639756078500844,3.639756078500844,3.639756078500844,3.639756078500844,3.639756078500844,3.639756078500844,3.639756078500844,3.639756078500844,3.639756078500844,3.639756078500844,3.639756078500844,3.639756078500844,3.639756078500844,3.639756078500844,3.639756078500844,3.639756078500844,3.639756078500844,3.639756078500844,3.639756078500844,3.639756078500844,3.639756078500844,3.639756078500844,3.639756078500844,3.639756078500844,3.639756078500844,3.639756078500844,3.639756078500844,3.639756078500844,3.639756078500844,3.639756078500844,3.639756078500844,3.639756078500844,3.639756078500844,3.639756078500844,3.639756078500844,3.639756078500844,3.639756078500844,3.639756078500844,3.639756078500844,3.639756078500844,3.639756078500844,3.639756078500844,3.639756078500844,3.639756078500844,3.639756078500844,3.639756078500844,3.639756078500844,3.639756078500844,3.639756078500844,3.639756078500844,3.639756078500844,3.639756078500844,3.639756078500844,3.639756078500844,3.639756078500844,3.639756078500844,3.639756078500844,3.639756078500844,3.639756078500844,3.639756078500844,3.639756078500844,3.639756078500844,3.639756078500844,3.639756078500844,3.639756078500844,3.639756078500844,3.639756078500844,3.639756078500844,3.639756078500844,3.639756078500844,3.639756078500844,3.639756078500844,3.639756078500844,3.639756078500844,3.639756078500844,3.639756078500844,3.639756078500844,3.639756078500844,3.639756078500844,3.639756078500844,3.639756078500844,3.639756078500844,3.639756078500844,3.639756078500844,3.639756078500844,3.639756078500844,3.639756078500844,3.639756078500844,3.639756078500844,3.639756078500844,3.639756078500844,3.639756078500844,3.639756078500844,3.639756078500844,3.639756078500844,3.639756078500844,3.639756078500844,3.639756078500844,3.639756078500844,3.639756078500844,3.639756078500844,3.639756078500844,3.639756078500844,3.639756078500844,3.639756078500844,3.639756078500844,3.639756078500844,3.639756078500844,3.639756078500844,3.639756078500844,3.639756078500844,3.639756078500844,3.639756078500844,3.639756078500844,3.639756078500844,3.639756078500844,3.639756078500844,3.639756078500844,3.639756078500844,3.639756078500844,3.639756078500844,3.639756078500844,3.639756078500844,3.639756078500844,3.639756078500844,3.639756078500844,3.639756078500844,3.639756078500844,3.639756078500844,3.639756078500844,3.639756078500844,3.639756078500844,3.639756078500844,3.639756078500844,3.639756078500844,3.639756078500844,3.639756078500844,3.639756078500844,3.639756078500844,3.639756078500844,3.639756078500844,3.639756078500844,3.639756078500844,3.639756078500844,3.639756078500844,3.639756078500844,3.639756078500844,3.639756078500844,3.639756078500844,3.639756078500844,3.639756078500844,3.639756078500844,3.639756078500844,3.639756078500844,3.639756078500844,3.639756078500844,3.639756078500844,3.639756078500844,3.639756078500844,3.639756078500844,3.639756078500844,3.639756078500844,3.639756078500844,3.639756078500844,3.639756078500844,3.639756078500844,3.639756078500844,3.639756078500844,3.639756078500844,3.639756078500844,3.639756078500844,3.639756078500844,3.639756078500844,3.639756078500844,3.639756078500844,3.639756078500844,3.639756078500844,3.639756078500844,3.639756078500844,3.639756078500844,3.639756078500844,3.639756078500844,3.639756078500844,3.639756078500844,3.639756078500844,3.639756078500844,3.639756078500844,3.639756078500844,3.639756078500844,3.639756078500844,3.639756078500844,3.639756078500844,3.639756078500844,3.639756078500844,3.639756078500844,3.639756078500844,3.639756078500844,3.639756078500844,3.639756078500844,3.639756078500844,3.639756078500844,3.639756078500844,3.639756078500844,3.639756078500844,3.639756078500844,3.639756078500844,3.639756078500844,3.639756078500844,3.639756078500844,3.639756078500844,3.639756078500844,3.639756078500844,3.639756078500844,3.639756078500844,3.639756078500844,3.639756078500844,3.639756078500844,3.639756078500844,3.639756078500844,3.639756078500844,3.639756078500844,3.639756078500844,3.639756078500844,3.639756078500844,3.639756078500844,3.639756078500844,3.639756078500844,3.639756078500844,3.639756078500844,3.639756078500844,3.639756078500844,3.639756078500844,3.639756078500844,3.639756078500844,3.639756078500844,3.639756078500844,3.639756078500844,3.639756078500844,3.639756078500844,3.639756078500844,3.639756078500844,3.639756078500844,3.639756078500844,3.639756078500844,3.639756078500844,3.639756078500844,3.639756078500844,3.639756078500844,3.639756078500844,3.639756078500844,3.639756078500844,3.639756078500844,3.639756078500844,3.639756078500844,3.639756078500844,3.639756078500844,3.639756078500844,3.639756078500844,3.639756078500844,3.639756078500844,3.639756078500844,3.639756078500844,3.639756078500844,3.639756078500844,3.639756078500844,3.639756078500844,3.639756078500844,3.639756078500844,3.639756078500844,3.639756078500844,3.639756078500844,3.639756078500844,3.639756078500844,3.639756078500844,3.639756078500844,3.639756078500844,3.639756078500844,3.639756078500844,3.639756078500844,3.639756078500844,3.639756078500844,3.639756078500844,3.639756078500844,3.639756078500844,3.639756078500844,3.639756078500844,3.639756078500844,3.639756078500844,3.639756078500844,3.639756078500844,3.639756078500844,3.639756078500844,3.639756078500844,3.639756078500844,3.639756078500844,3.639756078500844,3.639756078500844,3.639756078500844,3.639756078500844,3.639756078500844,3.639756078500844,3.639756078500844,3.639756078500844,3.639756078500844,3.639756078500844,3.639756078500844,3.639756078500844,3.639756078500844,3.639756078500844,3.639756078500844,3.639756078500844,3.639756078500844,3.639756078500844,3.639756078500844,3.639756078500844,3.639756078500844,3.639756078500844,3.639756078500844,3.639756078500844,3.639756078500844,3.639756078500844,3.639756078500844,3.639756078500844,3.639756078500844,3.639756078500844,3.639756078500844,3.639756078500844,3.639756078500844,3.639756078500844,3.639756078500844,3.639756078500844,3.639756078500844,3.639756078500844,3.639756078500844,3.639756078500844,3.639756078500844,3.639756078500844,3.639756078500844,3.639756078500844,3.639756078500844,3.639756078500844,3.639756078500844,3.639756078500844,3.639756078500844,3.639756078500844,3.639756078500844,3.639756078500844,3.639756078500844,3.639756078500844,3.639756078500844,3.639756078500844,3.639756078500844,3.639756078500844,3.639756078500844,3.639756078500844,3.639756078500844,3.639756078500844,3.639756078500844,3.639756078500844,3.639756078500844,3.639756078500844,3.639756078500844,3.639756078500844,3.639756078500844,3.639756078500844,3.639756078500844,3.639756078500844,3.639756078500844,3.639756078500844,3.639756078500844,3.639756078500844,3.639756078500844,3.639756078500844,3.639756078500844,3.639756078500844,3.639756078500844,3.639756078500844,3.639756078500844,3.639756078500844,3.639756078500844,3.639756078500844,3.639756078500844,3.639756078500844,3.639756078500844,3.639756078500844,3.639756078500844,3.639756078500844,3.639756078500844,3.639756078500844,3.639756078500844,3.639756078500844,3.639756078500844,3.639756078500844,3.639756078500844,3.639756078500844,3.639756078500844,3.639756078500844,3.639756078500844,3.639756078500844,3.639756078500844,3.639756078500844,3.639756078500844,3.639756078500844,3.639756078500844,3.639756078500844,3.639756078500844,3.639756078500844,3.639756078500844,3.639756078500844,3.639756078500844,3.639756078500844,3.639756078500844,3.639756078500844,3.639756078500844,3.639756078500844,3.639756078500844,3.639756078500844,3.639756078500844,3.639756078500844,3.639756078500844,3.639756078500844,3.639756078500844,3.639756078500844,3.639756078500844,3.639756078500844,3.639756078500844,3.639756078500844,3.639756078500844,3.639756078500844,3.639756078500844,3.639756078500844,3.639756078500844,3.639756078500844,3.639756078500844,3.639756078500844,3.639756078500844,3.639756078500844,3.639756078500844,3.639756078500844,3.639756078500844,3.639756078500844,3.639756078500844,3.639756078500844,3.639756078500844,3.639756078500844,3.639756078500844,3.639756078500844,3.639756078500844,3.639756078500844,3.639756078500844,3.639756078500844,3.639756078500844,3.639756078500844,3.639756078500844,3.639756078500844,3.639756078500844,3.639756078500844,3.639756078500844,3.639756078500844,3.639756078500844,3.639756078500844,3.639756078500844,3.639756078500844,3.639756078500844,3.639756078500844,3.639756078500844,3.639756078500844,3.639756078500844,3.639756078500844,3.639756078500844,3.639756078500844,3.639756078500844,3.639756078500844,3.639756078500844,3.639756078500844,3.639756078500844,3.639756078500844,3.639756078500844,3.639756078500844,3.639756078500844,3.639756078500844,3.639756078500844,3.639756078500844,3.639756078500844,3.639756078500844,3.639756078500844,3.639756078500844,3.639756078500844,3.639756078500844,3.639756078500844,3.639756078500844,3.639756078500844,3.639756078500844,3.639756078500844,3.639756078500844,3.639756078500844,3.639756078500844,3.639756078500844,3.639756078500844,3.639756078500844,3.639756078500844,3.639756078500844,3.639756078500844,3.639756078500844,3.639756078500844,3.639756078500844,3.639756078500844,3.639756078500844,3.639756078500844,3.639756078500844,3.639756078500844,3.639756078500844,3.639756078500844,3.639756078500844,3.639756078500844,3.639756078500844,3.639756078500844,3.639756078500844,3.639756078500844,3.639756078500844,3.639756078500844,3.639756078500844,3.639756078500844,3.639756078500844,3.639756078500844,3.639756078500844,3.639756078500844,3.639756078500844,3.639756078500844,3.639756078500844,3.639756078500844,3.639756078500844,3.639756078500844,3.639756078500844,3.639756078500844,3.639756078500844,6.464013239962388,6.464013239962388,6.464013239962388,6.464013239962388,6.338820442667163,6.338820442667163,6.338820442667163,6.338820442667163,6.338820442667163,6.338820442667163,6.338820442667163,6.338820442667163,6.338820442667163,6.338820442667163,6.338820442667163,6.338820442667163,6.048821104394795,6.048821104394795,6.048821104394795,6.048821104394795,6.048821104394795,6.048821104394795,6.048821104394795,6.048821104394795,6.048821104394795,6.048821104394795,6.048821104394795,6.048821104394795,6.048821104394795,6.048821104394795,6.048821104394795,6.048821104394795,6.048821104394795,6.048821104394795,6.048821104394795,6.048821104394795,6.048821104394795,6.048821104394795,6.048821104394795,6.048821104394795,6.048821104394795,6.048821104394795,6.048821104394795,6.048821104394795,6.048821104394795,6.048821104394795,6.048821104394795,6.048821104394795,6.048821104394795,6.048821104394795,6.048821104394795,6.048821104394795,6.048821104394795,6.048821104394795,6.048821104394795,6.048821104394795,6.048821104394795,6.048821104394795,6.048821104394795,5.974958368966408,5.974958368966408,5.974958368966408,5.859174109799368,5.859174109799368,5.859174109799368,5.859174109799368,5.859174109799368,5.859174109799368,5.530323099102308,5.457252077138948,5.457252077138948,5.457252077138948,5.457252077138948,5.457252077138948,5.457252077138948,5.457252077138948,5.457252077138948,5.457252077138948,5.457252077138948,5.457252077138948,5.457252077138948,5.457252077138948,5.457252077138948,5.457252077138948,5.457252077138948,5.457252077138948,5.457252077138948,5.457252077138948,5.457252077138948,5.457252077138948,5.457252077138948,5.457252077138948,5.457252077138948,5.457252077138948,5.457252077138948,5.457252077138948,5.457252077138948,5.457252077138948,5.457252077138948,5.457252077138948,5.457252077138948,5.457252077138948,5.457252077138948,5.457252077138948,5.457252077138948,5.457252077138948,5.457252077138948,5.457252077138948,5.457252077138948,5.457252077138948,5.457252077138948,5.457252077138948,5.457252077138948,5.457252077138948,5.457252077138948,5.436475507642618,5.436475507642618,5.436475507642618,5.436475507642618,5.436475507642618,5.436475507642618,5.436475507642618,5.436475507642618,5.436475507642618,5.436475507642618,5.436475507642618,5.436475507642618,5.436475507642618,5.436475507642618,5.436475507642618,5.436475507642618,5.436475507642618,5.436475507642618,5.436475507642618,5.436475507642618,5.436475507642618,5.436475507642618,5.436475507642618,5.436475507642618,5.436475507642618,5.436475507642618,5.436475507642618,5.436475507642618,5.436475507642618,5.436475507642618,5.436475507642618,5.436475507642618,5.436475507642618,5.436475507642618,5.436475507642618,5.436475507642618,5.436475507642618,5.436475507642618,5.436475507642618,5.436475507642618,5.436475507642618,5.436475507642618,5.436475507642618,5.436475507642618,5.436475507642618,5.436475507642618,5.436475507642618,5.436475507642618,5.436475507642618,5.436475507642618,5.436475507642618,5.436475507642618,5.436475507642618,5.436475507642618,5.436475507642618,5.436475507642618,5.436475507642618,5.436475507642618,5.436475507642618,5.436475507642618,5.436475507642618,5.436475507642618,5.436475507642618,5.436475507642618,5.436475507642618,5.436475507642618,5.436475507642618,5.436475507642618,5.436475507642618,5.436475507642618,5.436475507642618,5.436475507642618,5.436475507642618,5.436475507642618,5.436475507642618,5.436475507642618,5.436475507642618,5.436475507642618,5.436475507642618,5.436475507642618,5.436475507642618,5.436475507642618,5.436475507642618,5.436475507642618,5.436475507642618,5.436475507642618,5.436475507642618,5.436475507642618,5.436475507642618,5.436475507642618,5.436475507642618,5.436475507642618,5.436475507642618,5.436475507642618,5.436475507642618,5.436475507642618,5.436475507642618,5.436475507642618,5.436475507642618,5.436475507642618,5.436475507642618,5.436475507642618,5.436475507642618,5.436475507642618,4.296420105904209,4.296420105904209,4.239736461786832,3.9967160444927496,3.9967160444927496,3.9967160444927496,3.9967160444927496,3.9967160444927496,3.9967160444927496,3.9285283837767477,3.9285283837767477,3.9285283837767477,3.9285283837767477,3.9285283837767477,3.9285283837767477,3.9285283837767477,3.9285283837767477,3.9285283837767477,3.9285283837767477,3.9285283837767477,3.9285283837767477,3.9285283837767477,3.9285283837767477,3.820286972554972,3.820286972554972,3.820286972554972,3.820286972554972,3.820286972554972,3.820286972554972,3.820286972554972,3.820286972554972,3.820286972554972,3.820286972554972,3.820286972554972,3.820286972554972,3.820286972554972,3.820286972554972,3.820286972554972,3.820286972554972,3.820286972554972,3.820286972554972,3.820286972554972,3.820286972554972,3.820286972554972,3.820286972554972,3.820286972554972,3.820286972554972,3.820286972554972,3.820286972554972,3.820286972554972,3.820286972554972,3.820286972554972,3.820286972554972,3.820286972554972,3.820286972554972,3.820286972554972,3.820286972554972,3.820286972554972,3.820286972554972,3.820286972554972,3.820286972554972,3.820286972554972,3.820286972554972,3.820286972554972,3.820286972554972,3.820286972554972,3.820286972554972,3.820286972554972,3.820286972554972,3.820286972554972,3.820286972554972,3.820286972554972,3.820286972554972,3.820286972554972,3.820286972554972,3.820286972554972,3.820286972554972,3.820286972554972,3.820286972554972,3.820286972554972,3.820286972554972,3.820286972554972,3.820286972554972,3.820286972554972,3.820286972554972,3.820286972554972,3.820286972554972,3.820286972554972,3.820286972554972,3.820286972554972,3.820286972554972,3.820286972554972,3.820286972554972,3.820286972554972,3.820286972554972,3.820286972554972,3.820286972554972,3.820286972554972,3.820286972554972,3.820286972554972,3.820286972554972,3.820286972554972,3.820286972554972,3.820286972554972,3.820286972554972,3.820286972554972,3.820286972554972,3.820286972554972,3.820286972554972,3.820286972554972,3.820286972554972,3.820286972554972,3.820286972554972,3.820286972554972,3.820286972554972,3.820286972554972,3.820286972554972,3.820286972554972,3.820286972554972,3.820286972554972,3.820286972554972,3.820286972554972,3.820286972554972,3.820286972554972,3.820286972554972,3.820286972554972,3.820286972554972,3.820286972554972,3.820286972554972,3.820286972554972,3.820286972554972,3.820286972554972,3.820286972554972,3.820286972554972,3.820286972554972,3.820286972554972,3.820286972554972,3.820286972554972,3.820286972554972,3.820286972554972,3.820286972554972,3.820286972554972,3.820286972554972,3.820286972554972,3.820286972554972,3.820286972554972,3.820286972554972,3.820286972554972,3.820286972554972,3.820286972554972,3.820286972554972,3.820286972554972,3.820286972554972,3.820286972554972,3.820286972554972,3.820286972554972,3.820286972554972,3.820286972554972,3.820286972554972,3.820286972554972,3.820286972554972,3.820286972554972,3.820286972554972,3.820286972554972,3.820286972554972,3.820286972554972,3.820286972554972,3.820286972554972,3.820286972554972,3.820286972554972,3.820286972554972,3.820286972554972,3.820286972554972,3.820286972554972,3.820286972554972,3.820286972554972,3.820286972554972,3.820286972554972,3.820286972554972,3.820286972554972,3.820286972554972,3.820286972554972,3.820286972554972,3.820286972554972,3.820286972554972,3.820286972554972,3.820286972554972,3.820286972554972,3.820286972554972,3.820286972554972,3.820286972554972,3.820286972554972,3.820286972554972,3.820286972554972,3.820286972554972,3.820286972554972,3.820286972554972,3.820286972554972,3.820286972554972,3.820286972554972,3.820286972554972,3.820286972554972,3.820286972554972,3.820286972554972,3.820286972554972,3.820286972554972,3.820286972554972,3.820286972554972,3.820286972554972,3.820286972554972,3.820286972554972,3.820286972554972,3.820286972554972,3.820286972554972,3.820286972554972,3.820286972554972,3.820286972554972,3.820286972554972,3.820286972554972,3.820286972554972,3.820286972554972,3.820286972554972,3.820286972554972,3.820286972554972,3.820286972554972,3.820286972554972,3.820286972554972,3.820286972554972,3.820286972554972,3.820286972554972,3.820286972554972,3.820286972554972,3.820286972554972,3.820286972554972,3.820286972554972,3.820286972554972,3.820286972554972,3.820286972554972,3.820286972554972,3.820286972554972,3.820286972554972,3.820286972554972,3.820286972554972,3.820286972554972,3.820286972554972,3.820286972554972,3.820286972554972,3.820286972554972,3.820286972554972,3.820286972554972,3.820286972554972,3.820286972554972,3.820286972554972,3.820286972554972,3.820286972554972,3.820286972554972,3.820286972554972,3.820286972554972,3.820286972554972,3.820286972554972,3.820286972554972,3.820286972554972,3.820286972554972,3.820286972554972,3.820286972554972,3.820286972554972,3.820286972554972,3.820286972554972,3.820286972554972,3.820286972554972,3.820286972554972,3.820286972554972,3.820286972554972,3.820286972554972,3.820286972554972,3.820286972554972,3.820286972554972,3.820286972554972,3.820286972554972,3.820286972554972,3.820286972554972,3.820286972554972,3.820286972554972,3.820286972554972,3.820286972554972,3.820286972554972,3.820286972554972,3.820286972554972,3.820286972554972,3.820286972554972,3.820286972554972,3.820286972554972,3.820286972554972,3.820286972554972,3.820286972554972,3.820286972554972,3.820286972554972,3.820286972554972,3.820286972554972,3.820286972554972,3.820286972554972,3.820286972554972,3.820286972554972,3.820286972554972,3.820286972554972,3.820286972554972,3.820286972554972,3.820286972554972,3.820286972554972,3.820286972554972,3.820286972554972,3.820286972554972,3.820286972554972,3.820286972554972,3.820286972554972,3.820286972554972,3.820286972554972,3.820286972554972,3.820286972554972,3.820286972554972,3.820286972554972,3.820286972554972,3.820286972554972,3.820286972554972,3.820286972554972,3.820286972554972,3.820286972554972,3.820286972554972,3.820286972554972,3.820286972554972,3.820286972554972,3.820286972554972,3.820286972554972,3.820286972554972,3.820286972554972,3.820286972554972,3.820286972554972,3.820286972554972,3.820286972554972,3.820286972554972,3.820286972554972,3.820286972554972,3.820286972554972,3.820286972554972,3.820286972554972,3.820286972554972,3.820286972554972,3.820286972554972,3.820286972554972,3.820286972554972,3.820286972554972,3.820286972554972,3.820286972554972,3.820286972554972,3.820286972554972,3.820286972554972,3.820286972554972,3.820286972554972,3.820286972554972,3.820286972554972,3.820286972554972,3.820286972554972,3.820286972554972,3.820286972554972,3.820286972554972,3.820286972554972,3.820286972554972,3.820286972554972,3.820286972554972,3.820286972554972,3.820286972554972,3.820286972554972,3.820286972554972,3.820286972554972,3.820286972554972,3.820286972554972,3.820286972554972,3.820286972554972,3.820286972554972,3.820286972554972,3.820286972554972,3.820286972554972,3.820286972554972,3.820286972554972,3.820286972554972,3.820286972554972,3.820286972554972,3.820286972554972,3.820286972554972,3.820286972554972,3.820286972554972,3.820286972554972,3.820286972554972,3.820286972554972,3.820286972554972,3.820286972554972,3.820286972554972,3.820286972554972,3.820286972554972,3.820286972554972,3.820286972554972,3.820286972554972,3.820286972554972,3.820286972554972,3.820286972554972,3.820286972554972,3.820286972554972,3.820286972554972,3.820286972554972,3.820286972554972,3.820286972554972,3.820286972554972,3.820286972554972,3.820286972554972,3.820286972554972,3.820286972554972,3.820286972554972,3.820286972554972,3.820286972554972,3.820286972554972,3.820286972554972,3.820286972554972,3.820286972554972,3.820286972554972,3.820286972554972,3.820286972554972,3.820286972554972,3.820286972554972,3.820286972554972,3.820286972554972,3.820286972554972,3.820286972554972,3.820286972554972,3.820286972554972,3.820286972554972,3.820286972554972,3.820286972554972,3.820286972554972,3.820286972554972,3.820286972554972,3.820286972554972,3.820286972554972,3.820286972554972,3.820286972554972,3.820286972554972,3.820286972554972,3.820286972554972,3.820286972554972,3.820286972554972,3.820286972554972,3.820286972554972,3.820286972554972,3.820286972554972,3.820286972554972,3.820286972554972,3.820286972554972,3.820286972554972,3.820286972554972,3.820286972554972,3.820286972554972,3.820286972554972,3.820286972554972,3.820286972554972,3.820286972554972,3.820286972554972,3.820286972554972,3.820286972554972,3.820286972554972,3.820286972554972,3.820286972554972,3.820286972554972,3.820286972554972,3.820286972554972,3.820286972554972,3.820286972554972,3.820286972554972,3.820286972554972,3.820286972554972,3.820286972554972,3.820286972554972,3.820286972554972,3.820286972554972,3.820286972554972,3.820286972554972,3.820286972554972,3.820286972554972,3.820286972554972,3.820286972554972,3.820286972554972,3.820286972554972,3.820286972554972,3.820286972554972,3.820286972554972,3.820286972554972,3.820286972554972,3.820286972554972,3.820286972554972,3.820286972554972,3.820286972554972,3.820286972554972,3.820286972554972,3.820286972554972,3.820286972554972,3.820286972554972,3.820286972554972,3.820286972554972,3.820286972554972,3.820286972554972,3.820286972554972,3.820286972554972,3.820286972554972,3.820286972554972,3.820286972554972,3.820286972554972,3.820286972554972,3.820286972554972,3.820286972554972,3.820286972554972,3.820286972554972,3.820286972554972,3.820286972554972,3.820286972554972,3.820286972554972,3.820286972554972,3.820286972554972,3.820286972554972,3.820286972554972,3.820286972554972,3.820286972554972,3.820286972554972,3.820286972554972,3.820286972554972,3.820286972554972,3.820286972554972,3.820286972554972,3.820286972554972,3.820286972554972,3.820286972554972,3.820286972554972,3.820286972554972,3.820286972554972,3.820286972554972,3.820286972554972,3.820286972554972,3.820286972554972,3.820286972554972,3.820286972554972,3.820286972554972,3.820286972554972,3.820286972554972,3.820286972554972,3.820286972554972,3.820286972554972,3.820286972554972,3.820286972554972,3.820286972554972,3.820286972554972,3.820286972554972,3.820286972554972,3.820286972554972,3.820286972554972,3.820286972554972,3.820286972554972,3.820286972554972,3.820286972554972,3.820286972554972,3.820286972554972,3.820286972554972,3.820286972554972,3.820286972554972,3.820286972554972,3.820286972554972,3.820286972554972,3.820286972554972,3.820286972554972,3.820286972554972,3.820286972554972,3.820286972554972,3.820286972554972,3.820286972554972,3.820286972554972,3.820286972554972,3.820286972554972,3.820286972554972,3.820286972554972,3.820286972554972,3.820286972554972,3.820286972554972,3.820286972554972,3.820286972554972,3.820286972554972,3.820286972554972,3.820286972554972,3.820286972554972,3.820286972554972,3.820286972554972,3.820286972554972,3.820286972554972,3.820286972554972,3.820286972554972,3.820286972554972,3.820286972554972,3.820286972554972,3.820286972554972,3.820286972554972,3.820286972554972,3.820286972554972,3.820286972554972,3.820286972554972,3.820286972554972,3.820286972554972,3.820286972554972,3.820286972554972,3.820286972554972,3.820286972554972,3.820286972554972,3.820286972554972,3.820286972554972,3.820286972554972,3.820286972554972,3.820286972554972,3.820286972554972,3.820286972554972,3.820286972554972,3.820286972554972,3.820286972554972,3.820286972554972,3.820286972554972,3.820286972554972,3.820286972554972,3.820286972554972,3.820286972554972,3.820286972554972,3.820286972554972,3.820286972554972,3.820286972554972,3.820286972554972,3.820286972554972,3.820286972554972,3.820286972554972,3.820286972554972,3.820286972554972,3.820286972554972,3.820286972554972,3.820286972554972,3.820286972554972,3.820286972554972,3.820286972554972,3.820286972554972,3.820286972554972,3.820286972554972,3.820286972554972,3.820286972554972,3.820286972554972,3.820286972554972,3.820286972554972,3.820286972554972,3.820286972554972,3.820286972554972,3.820286972554972,3.820286972554972,3.820286972554972,3.820286972554972,3.820286972554972,3.820286972554972,3.820286972554972,3.820286972554972,3.820286972554972,3.820286972554972,3.820286972554972,3.820286972554972,3.820286972554972,3.820286972554972,3.820286972554972,3.820286972554972,3.820286972554972,3.820286972554972,3.820286972554972,3.820286972554972,3.820286972554972,3.820286972554972,3.820286972554972,3.820286972554972,3.820286972554972,3.820286972554972,3.820286972554972,3.820286972554972,3.820286972554972,3.820286972554972,3.820286972554972,3.820286972554972,3.820286972554972,3.820286972554972,3.820286972554972,3.820286972554972,3.820286972554972,3.820286972554972,3.820286972554972,3.820286972554972,3.820286972554972,3.820286972554972,3.820286972554972,3.820286972554972,3.820286972554972,3.820286972554972,3.820286972554972,3.820286972554972,3.820286972554972,3.820286972554972,3.820286972554972,3.820286972554972,3.820286972554972,3.820286972554972,3.820286972554972,3.820286972554972,3.820286972554972,3.820286972554972,3.820286972554972,3.820286972554972,3.820286972554972,3.820286972554972,3.820286972554972,3.820286972554972,3.820286972554972,3.820286972554972,3.820286972554972,3.820286972554972,3.820286972554972,3.820286972554972,3.820286972554972,3.820286972554972,3.820286972554972,3.820286972554972,3.820286972554972,3.820286972554972,3.820286972554972,3.820286972554972,3.820286972554972,3.820286972554972,3.820286972554972,3.820286972554972,3.820286972554972,3.820286972554972,3.820286972554972,3.820286972554972,3.820286972554972,3.820286972554972,3.820286972554972,3.820286972554972,3.820286972554972,3.820286972554972,3.820286972554972,3.820286972554972,3.820286972554972,3.820286972554972,3.820286972554972,3.820286972554972,3.820286972554972,3.820286972554972,3.820286972554972,3.820286972554972,3.820286972554972,3.7480791608033934,3.7480791608033934,3.7480791608033934,3.7480791608033934,3.7480791608033934,3.7480791608033934,3.7480791608033934,3.7480791608033934,3.7480791608033934,3.7480791608033934,3.7480791608033934,3.7480791608033934,3.7480791608033934,3.7480791608033934,3.7480791608033934,3.7480791608033934,3.7480791608033934,3.7480791608033934,3.7480791608033934,6.952809660423373,6.952809660423373,6.952809660423373,6.952809660423373,6.952809660423373,6.952809660423373,6.952809660423373,6.952809660423373,6.952809660423373,6.952809660423373,6.952809660423373,6.952809660423373,6.952809660423373,6.952809660423373,6.952809660423373,6.952809660423373,6.952809660423373,6.952809660423373,6.952809660423373,6.952809660423373,6.952809660423373,6.952809660423373,6.952809660423373,6.952809660423373,6.952809660423373,6.952809660423373,6.952809660423373,6.952809660423373,6.952809660423373,6.952809660423373,6.952809660423373,6.952809660423373,6.952809660423373,6.952809660423373,6.952809660423373,6.952809660423373,6.952809660423373,6.952809660423373,6.952809660423373,6.952809660423373,6.952809660423373,6.952809660423373,6.952809660423373,6.516859307551888,6.516859307551888,6.516859307551888,6.516859307551888,6.516859307551888,6.516859307551888,6.516859307551888,6.516859307551888,6.516859307551888,6.516859307551888,6.516859307551888,6.516859307551888,6.516859307551888,6.516859307551888,6.516859307551888,6.516859307551888,6.516859307551888,6.516859307551888,6.516859307551888,6.516859307551888,6.516859307551888,6.516859307551888,6.516859307551888,6.516859307551888,6.516859307551888,6.516859307551888,6.516859307551888,6.197726942286993,6.197726942286993,6.197726942286993,6.197726942286993,6.113603040960857,6.113603040960857,6.113603040960857,6.113603040960857,6.113603040960857,6.113603040960857,6.113603040960857,6.113603040960857,6.113603040960857,6.113603040960857,6.113603040960857,6.113603040960857,6.113603040960857,6.113603040960857,6.113603040960857,6.113603040960857,6.113603040960857,6.113603040960857,6.113603040960857,6.113603040960857,6.113603040960857,6.113603040960857,6.072842490894431,6.072842490894431,6.072842490894431,6.072842490894431,6.072842490894431,6.072842490894431,6.072842490894431,6.072842490894431,6.072842490894431,6.072842490894431,6.072842490894431,6.072842490894431,6.072842490894431,6.072842490894431,6.072842490894431,6.072842490894431,6.072842490894431,6.072842490894431,6.072842490894431,6.072842490894431,6.072842490894431,6.072842490894431,6.072842490894431,6.072842490894431,6.072842490894431,6.072842490894431,6.072842490894431,6.072842490894431,6.072842490894431,6.072842490894431,6.072842490894431,6.072842490894431,6.072842490894431,6.072842490894431,6.072842490894431,6.072842490894431,6.072842490894431,6.072842490894431,6.072842490894431,6.072842490894431,6.072842490894431,6.072842490894431,6.072842490894431,6.072842490894431,6.072842490894431,6.072842490894431,6.072842490894431,6.072842490894431,6.072842490894431,6.072842490894431,6.072842490894431,6.072842490894431,6.072842490894431,6.072842490894431,6.072842490894431,6.072842490894431,6.072842490894431,6.072842490894431,6.072842490894431,6.072842490894431,6.072842490894431,6.072842490894431,6.072842490894431,6.072842490894431,6.072842490894431,6.072842490894431,6.072842490894431,6.072842490894431,6.072842490894431,6.072842490894431,6.072842490894431,6.072842490894431,6.072842490894431,6.072842490894431,6.072842490894431,6.072842490894431,6.072842490894431,6.072842490894431,6.072842490894431,6.072842490894431,6.072842490894431,6.072842490894431,6.072842490894431,6.072842490894431,6.072842490894431,6.072842490894431,6.072842490894431,6.072842490894431,6.072842490894431,6.072842490894431,6.072842490894431,6.072842490894431,6.072842490894431,6.072842490894431,6.072842490894431,6.072842490894431,5.90273862686633,5.557750413822562,5.557750413822562,4.956651107219273,4.922884813745187,4.922884813745187,4.922884813745187,4.922884813745187,4.922884813745187,4.922884813745187,4.922884813745187,4.922884813745187,4.922884813745187,4.922884813745187,4.922884813745187,4.922884813745187,4.655447627130818,4.655447627130818,4.655447627130818,4.655447627130818,4.655447627130818,4.655447627130818,4.655447627130818,4.655447627130818,4.655447627130818,4.655447627130818,4.655447627130818,4.655447627130818,4.655447627130818,4.655447627130818,4.655447627130818,4.655447627130818,4.655447627130818,4.655447627130818,4.655447627130818,4.655447627130818,4.655447627130818,4.655447627130818,4.655447627130818,4.655447627130818,4.655447627130818,4.655447627130818,4.655447627130818,4.655447627130818,4.655447627130818,4.655447627130818,4.655447627130818,4.655447627130818,4.655447627130818,4.655447627130818,4.655447627130818,4.655447627130818,4.655447627130818,4.655447627130818,4.655447627130818,4.655447627130818,4.655447627130818,4.655447627130818,4.655447627130818,4.655447627130818,4.655447627130818,4.655447627130818,4.655447627130818,4.655447627130818,4.655447627130818,4.655447627130818,4.655447627130818,4.655447627130818,4.655447627130818,4.655447627130818,4.655447627130818,4.655447627130818,4.655447627130818,4.655447627130818,4.655447627130818,4.655447627130818,4.655447627130818,4.655447627130818,4.655447627130818,4.655447627130818,4.655447627130818,4.655447627130818,4.655447627130818,4.655447627130818,4.655447627130818,4.655447627130818,4.655447627130818,4.655447627130818,4.655447627130818,4.655447627130818,4.655447627130818,4.655447627130818,4.655447627130818,4.655447627130818,4.655447627130818,4.655447627130818,4.655447627130818,4.655447627130818,4.655447627130818,4.655447627130818,4.655447627130818,4.655447627130818,4.655447627130818,4.655447627130818,4.655447627130818,4.655447627130818,4.655447627130818,4.655447627130818,4.655447627130818,4.655447627130818,4.655447627130818,4.655447627130818,4.655447627130818,4.655447627130818,4.655447627130818,4.655447627130818,4.655447627130818,4.655447627130818,4.655447627130818,4.655447627130818,4.655447627130818,4.655447627130818,4.655447627130818,4.655447627130818,4.655447627130818,4.655447627130818,4.655447627130818,4.655447627130818,4.655447627130818,4.655447627130818,4.655447627130818,4.655447627130818,4.655447627130818,4.655447627130818,4.655447627130818,4.655447627130818,4.655447627130818,4.655447627130818,4.655447627130818,4.655447627130818,4.655447627130818,4.655447627130818,4.655447627130818,4.655447627130818,4.655447627130818,4.655447627130818,4.655447627130818,4.655447627130818,4.655447627130818,4.655447627130818,4.655447627130818,4.655447627130818,4.655447627130818,4.655447627130818,4.655447627130818,4.655447627130818,4.655447627130818,4.655447627130818,4.655447627130818,4.655447627130818,4.655447627130818,4.655447627130818,4.655447627130818,4.655447627130818,4.655447627130818,4.655447627130818,4.655447627130818,4.655447627130818,4.655447627130818,4.655447627130818,4.655447627130818,4.655447627130818,4.655447627130818,4.655447627130818,4.655447627130818,4.655447627130818,4.655447627130818,4.655447627130818,4.655447627130818,4.655447627130818,4.655447627130818,4.655447627130818,4.655447627130818,4.655447627130818,4.655447627130818,4.655447627130818,4.655447627130818,4.655447627130818,4.655447627130818,4.655447627130818,4.655447627130818,4.655447627130818,4.655447627130818,4.655447627130818,4.655447627130818,4.655447627130818,4.655447627130818,4.655447627130818,4.655447627130818,4.655447627130818,4.655447627130818,4.655447627130818,4.655447627130818,4.655447627130818,4.655447627130818,4.655447627130818,4.655447627130818,4.655447627130818,4.655447627130818,4.655447627130818,4.655447627130818,4.655447627130818,4.655447627130818,4.655447627130818,4.655447627130818,4.655447627130818,4.655447627130818,4.655447627130818,4.655447627130818,4.655447627130818,4.655447627130818,4.655447627130818,4.655447627130818,4.655447627130818,4.655447627130818,4.655447627130818,4.655447627130818,4.655447627130818,4.655447627130818,4.655447627130818,4.655447627130818,4.655447627130818,4.655447627130818,4.655447627130818,4.655447627130818,4.655447627130818,4.655447627130818,4.655447627130818,4.655447627130818,4.655447627130818,4.655447627130818,4.655447627130818,4.655447627130818,4.655447627130818,4.655447627130818,4.655447627130818,4.655447627130818,4.655447627130818,4.655447627130818,4.655447627130818,4.655447627130818,4.655447627130818,4.655447627130818,4.655447627130818,4.655447627130818,4.655447627130818,4.655447627130818,4.655447627130818,4.655447627130818,4.655447627130818,4.655447627130818,4.655447627130818,4.655447627130818,4.655447627130818,4.655447627130818,4.655447627130818,4.655447627130818,4.655447627130818,4.655447627130818,4.655447627130818,4.655447627130818,4.655447627130818,4.655447627130818,4.655447627130818,4.655447627130818,4.655447627130818,4.655447627130818,4.655447627130818,4.655447627130818,4.655447627130818,4.655447627130818,4.655447627130818,4.655447627130818,4.655447627130818,4.655447627130818,4.655447627130818,4.655447627130818,4.655447627130818,4.655447627130818,4.655447627130818,4.655447627130818,4.655447627130818,4.655447627130818,4.655447627130818,4.655447627130818,4.655447627130818,4.655447627130818,4.655447627130818,4.655447627130818,4.655447627130818,4.655447627130818,4.655447627130818,4.655447627130818,4.655447627130818,4.655447627130818,4.655447627130818,4.655447627130818,4.655447627130818,4.655447627130818,4.655447627130818,4.655447627130818,4.655447627130818,4.655447627130818,4.655447627130818,4.655447627130818,4.655447627130818,4.655447627130818,4.655447627130818,4.655447627130818,4.655447627130818,4.655447627130818,4.655447627130818,4.655447627130818,4.655447627130818,4.655447627130818,4.623598276370043,4.623598276370043,4.623598276370043,4.623598276370043,4.623598276370043,4.623598276370043,4.623598276370043,4.623598276370043,4.623598276370043,4.623598276370043,4.623598276370043,4.623598276370043,4.623598276370043,4.623598276370043,4.623598276370043,4.623598276370043,4.623598276370043,4.623598276370043,4.623598276370043,4.623598276370043,4.623598276370043,4.623598276370043,4.623598276370043,4.623598276370043,4.623598276370043,4.623598276370043,4.623598276370043,4.623598276370043,4.623598276370043,4.623598276370043,4.623598276370043,4.623598276370043,4.623598276370043,4.623598276370043,4.623598276370043,4.623598276370043,4.623598276370043,4.623598276370043,4.623598276370043,4.623598276370043,4.623598276370043,4.623598276370043,4.623598276370043,4.623598276370043,4.623598276370043,4.623598276370043,4.623598276370043,4.623598276370043,4.623598276370043,4.623598276370043,4.623598276370043,4.623598276370043,4.623598276370043,4.623598276370043,4.623598276370043,4.623598276370043,4.623598276370043,4.623598276370043,4.623598276370043,4.623598276370043,4.623598276370043,4.623598276370043,4.623598276370043,4.623598276370043,4.623598276370043,4.623598276370043,4.623598276370043,4.623598276370043,4.623598276370043,4.623598276370043,4.623598276370043,4.623598276370043,4.623598276370043,4.623598276370043,4.623598276370043,4.623598276370043,4.623598276370043,4.623598276370043,4.623598276370043,4.623598276370043,4.623598276370043,4.623598276370043,4.623598276370043,4.623598276370043,4.623598276370043,4.623598276370043,4.623598276370043,4.623598276370043,4.623598276370043,4.623598276370043,4.623598276370043,4.623598276370043,4.623598276370043,4.623598276370043,4.623598276370043,4.623598276370043,4.623598276370043,4.623598276370043,4.623598276370043,4.623598276370043,4.623598276370043,4.623598276370043,4.623598276370043,4.623598276370043,4.623598276370043,4.623598276370043,4.623598276370043,4.623598276370043,4.623598276370043,4.623598276370043,4.623598276370043,4.623598276370043,4.623598276370043,4.623598276370043,4.623598276370043,4.623598276370043,4.623598276370043,4.623598276370043,4.623598276370043,4.623598276370043,4.623598276370043,4.623598276370043,4.623598276370043,4.623598276370043,4.623598276370043,4.623598276370043,4.623598276370043,4.623598276370043,4.623598276370043,4.623598276370043,4.623598276370043,4.623598276370043,4.623598276370043,4.623598276370043,4.623598276370043,4.623598276370043,4.623598276370043,4.623598276370043,4.623598276370043,4.623598276370043,4.623598276370043,4.623598276370043,4.623598276370043,4.623598276370043,4.623598276370043,4.623598276370043,4.623598276370043,4.623598276370043,4.623598276370043,4.623598276370043,4.623598276370043,4.623598276370043,4.623598276370043,4.623598276370043,4.623598276370043,4.623598276370043,4.623598276370043,4.623598276370043,4.623598276370043,4.623598276370043,4.623598276370043,4.623598276370043,4.623598276370043,4.623598276370043,4.623598276370043,4.623598276370043,4.623598276370043,4.623598276370043,4.623598276370043,4.623598276370043,4.623598276370043,4.623598276370043,4.623598276370043,4.623598276370043,4.623598276370043,4.623598276370043,4.623598276370043,4.623598276370043,4.623598276370043,4.623598276370043,4.623598276370043,4.623598276370043,4.623598276370043,4.623598276370043,4.623598276370043,4.623598276370043,4.623598276370043,4.623598276370043,4.623598276370043,4.623598276370043,4.623598276370043,4.623598276370043,4.623598276370043,4.623598276370043,4.623598276370043,4.623598276370043,4.623598276370043,4.623598276370043,4.623598276370043,4.623598276370043,4.623598276370043,4.623598276370043,4.623598276370043,4.623598276370043,4.623598276370043,4.623598276370043,4.623598276370043,4.623598276370043,4.623598276370043,4.623598276370043,4.623598276370043,4.623598276370043,4.623598276370043,4.623598276370043,4.623598276370043,4.623598276370043,4.623598276370043,4.623598276370043,4.623598276370043,4.623598276370043,4.623598276370043,4.623598276370043,4.623598276370043,4.623598276370043,4.623598276370043,4.623598276370043,4.623598276370043,4.623598276370043,4.623598276370043,4.623598276370043,4.623598276370043,4.623598276370043,4.623598276370043,4.623598276370043,4.623598276370043,4.623598276370043,4.623598276370043,4.623598276370043,4.623598276370043,4.623598276370043,4.623598276370043,4.623598276370043,4.623598276370043,4.623598276370043,4.623598276370043,4.623598276370043,4.623598276370043,4.623598276370043,4.623598276370043,4.623598276370043,4.623598276370043,4.623598276370043,4.623598276370043,4.623598276370043,4.623598276370043,4.623598276370043,4.623598276370043,4.623598276370043,4.623598276370043,4.623598276370043,4.623598276370043,4.623598276370043,4.623598276370043,4.623598276370043,4.623598276370043,4.623598276370043,4.623598276370043,4.623598276370043,4.623598276370043,4.623598276370043,4.623598276370043,4.623598276370043,4.623598276370043,4.623598276370043,4.623598276370043,4.623598276370043,4.623598276370043,4.623598276370043,4.623598276370043,4.623598276370043,4.623598276370043,4.623598276370043,4.623598276370043,4.623598276370043,4.623598276370043,4.623598276370043,4.623598276370043,4.623598276370043,4.623598276370043,4.623598276370043,4.623598276370043,4.623598276370043,4.623598276370043,4.623598276370043,4.623598276370043,4.623598276370043,4.623598276370043,4.623598276370043,4.623598276370043,4.623598276370043,4.623598276370043,4.623598276370043,4.623598276370043,4.623598276370043,4.623598276370043,4.623598276370043,4.623598276370043,4.623598276370043,4.623598276370043,4.623598276370043,4.623598276370043,4.623598276370043,4.623598276370043,4.623598276370043,4.623598276370043,4.623598276370043,4.623598276370043,4.623598276370043,4.623598276370043,4.623598276370043,4.623598276370043,4.623598276370043,4.623598276370043,4.623598276370043,4.623598276370043,4.623598276370043,4.623598276370043,4.623598276370043,4.623598276370043,4.623598276370043,4.623598276370043,4.623598276370043,4.623598276370043,4.623598276370043,4.623598276370043,4.623598276370043,4.623598276370043,4.623598276370043,4.623598276370043,4.623598276370043,4.623598276370043,4.623598276370043,4.623598276370043,4.623598276370043,4.623598276370043,4.623598276370043,4.623598276370043,4.623598276370043,4.623598276370043,4.623598276370043,4.623598276370043,4.623598276370043,4.623598276370043,4.623598276370043,4.623598276370043,4.623598276370043,4.623598276370043,4.623598276370043,4.623598276370043,4.623598276370043,4.623598276370043,4.623598276370043,4.623598276370043,4.623598276370043,4.623598276370043,4.623598276370043,4.623598276370043,4.623598276370043,4.623598276370043,4.623598276370043,4.623598276370043,4.623598276370043,4.623598276370043,4.623598276370043,4.623598276370043,4.623598276370043,4.623598276370043,4.623598276370043,4.623598276370043,4.623598276370043,4.623598276370043,4.623598276370043,4.623598276370043,4.623598276370043,4.623598276370043,4.623598276370043,4.623598276370043,4.623598276370043,4.623598276370043,4.623598276370043,4.623598276370043,4.623598276370043,4.623598276370043,4.623598276370043,4.623598276370043,4.623598276370043,4.623598276370043,4.623598276370043,4.623598276370043,4.623598276370043,4.623598276370043,4.623598276370043,4.623598276370043,4.623598276370043,4.623598276370043,4.623598276370043,4.623598276370043,4.623598276370043,4.623598276370043,4.623598276370043,4.623598276370043,4.623598276370043,4.623598276370043,4.623598276370043,4.623598276370043,4.623598276370043,4.623598276370043,4.623598276370043,4.623598276370043,4.623598276370043,4.623598276370043,4.623598276370043,4.623598276370043,4.623598276370043,4.623598276370043,4.623598276370043,4.623598276370043,4.623598276370043,4.623598276370043,4.623598276370043,4.5759005140800655,3.86528073740208,3.86528073740208,3.86528073740208,3.86528073740208,3.86528073740208,3.86528073740208,3.86528073740208,3.86528073740208,3.86528073740208,3.86528073740208,3.86528073740208,3.86528073740208,3.3254761092448337,3.3254761092448337,3.3254761092448337,3.3254761092448337,3.3254761092448337,3.3254761092448337,3.3254761092448337,3.3254761092448337,3.3254761092448337,3.3254761092448337,3.3254761092448337,3.3254761092448337,3.3254761092448337,3.3254761092448337,3.3254761092448337,3.3254761092448337,3.3254761092448337,3.3254761092448337,3.3254761092448337,3.3254761092448337,3.3254761092448337,3.3254761092448337,3.3254761092448337,3.3254761092448337,3.3254761092448337,3.3254761092448337,3.3254761092448337,3.3254761092448337,3.3254761092448337,3.3254761092448337,3.3254761092448337,3.3254761092448337,3.3254761092448337,3.3254761092448337,3.3254761092448337,3.3254761092448337,3.3254761092448337,3.3254761092448337,3.3254761092448337,3.3254761092448337,9.220540667248144,9.220540667248144,9.120037869814695,8.476331671924715,8.476331671924715,8.476331671924715,8.476331671924715,8.476331671924715,8.476331671924715,8.476331671924715,8.476331671924715,8.476331671924715,8.476331671924715,8.476331671924715,8.476331671924715,8.476331671924715,8.435668641960845,8.435668641960845,8.435668641960845,8.435668641960845,7.760573313618787,7.760573313618787,7.760573313618787,7.760573313618787,7.711514253060064,7.711514253060064,7.711514253060064,7.711514253060064,7.711514253060064,7.711514253060064,7.711514253060064,7.711514253060064,7.711514253060064,7.711514253060064,7.711514253060064,7.711514253060064,7.711514253060064,7.711514253060064,7.711514253060064,7.711514253060064,7.711514253060064,7.711514253060064,7.711514253060064,7.711514253060064,7.711514253060064,7.711514253060064,7.711514253060064,7.711514253060064,7.711514253060064,7.711514253060064,7.711514253060064,7.711514253060064,7.711514253060064,7.711514253060064,7.711514253060064,7.711514253060064,7.711514253060064,7.711514253060064,7.711514253060064,7.711514253060064,7.711514253060064,7.711514253060064,7.711514253060064,7.711514253060064,7.711514253060064,7.711514253060064,7.711514253060064,7.711514253060064,7.711514253060064,7.711514253060064,7.711514253060064,7.711514253060064,7.711514253060064,7.711514253060064,7.711514253060064,7.711514253060064,7.711514253060064,7.711514253060064,7.711514253060064,7.711514253060064,7.711514253060064,7.711514253060064,7.711514253060064,7.711514253060064,7.711514253060064,7.711514253060064,7.711514253060064,7.711514253060064,7.711514253060064,7.175448713227757,7.175448713227757,5.926149141869232,5.926149141869232,5.878602732049832,5.878602732049832,5.878602732049832,5.878602732049832,5.8211734604003915,5.8211734604003915,5.8211734604003915,5.8211734604003915,5.8211734604003915,5.8211734604003915,5.8211734604003915,5.8211734604003915,5.8211734604003915,5.8211734604003915,5.8211734604003915,5.8211734604003915,5.8211734604003915,5.8211734604003915,5.8211734604003915,5.8211734604003915,5.8211734604003915,5.8211734604003915,5.8211734604003915,5.8211734604003915,5.8211734604003915,5.8211734604003915,5.8211734604003915,5.820280702424163,5.820280702424163,5.820280702424163,5.820280702424163,5.820280702424163,5.820280702424163,5.700864554761714,5.700864554761714,5.700864554761714,5.700864554761714,5.700864554761714,5.700864554761714,5.700864554761714,5.700864554761714,5.700864554761714,5.700864554761714,5.700864554761714,5.700864554761714,5.700864554761714,5.700864554761714,5.700864554761714,5.700864554761714,5.700864554761714,5.700864554761714,5.700864554761714,5.700864554761714,5.700864554761714,5.700864554761714,5.700864554761714,5.700864554761714,5.700864554761714,5.700864554761714,5.700864554761714,5.700864554761714,5.700864554761714,5.700864554761714,5.700864554761714,5.700864554761714,5.700864554761714,5.700864554761714,5.700864554761714,5.700864554761714,5.700864554761714,5.700864554761714,5.700864554761714,5.700864554761714,5.700864554761714,5.700864554761714,5.700864554761714,5.700864554761714,5.700864554761714,5.700864554761714,5.700864554761714,5.700864554761714,5.700864554761714,5.700864554761714,5.700864554761714,5.700864554761714,5.700864554761714,5.700864554761714,5.700864554761714,5.700864554761714,5.700864554761714,5.700864554761714,5.700864554761714,5.700864554761714,5.700864554761714,5.700864554761714,5.700864554761714,5.700864554761714,5.700864554761714,5.700864554761714,5.700864554761714,5.700864554761714,5.700864554761714,5.700864554761714,5.700864554761714,5.700864554761714,5.700864554761714,5.700864554761714,5.700864554761714,5.700864554761714,5.700864554761714,5.700864554761714,5.700864554761714,5.700864554761714,5.700864554761714,5.700864554761714,5.700864554761714,5.700864554761714,5.700864554761714,5.700864554761714,5.700864554761714,5.700864554761714,5.700864554761714,5.700864554761714,5.700864554761714,5.700864554761714,5.700864554761714,5.700864554761714,5.700864554761714,5.700864554761714,5.700864554761714,5.700864554761714,5.700864554761714,5.700864554761714,5.700864554761714,5.700864554761714,5.700864554761714,5.700864554761714,5.700864554761714,5.700864554761714,5.700864554761714,5.700864554761714,5.700864554761714,5.700864554761714,5.700864554761714,5.700864554761714,5.700864554761714,5.700864554761714,5.700864554761714,5.700864554761714,5.700864554761714,5.700864554761714,5.700864554761714,5.700864554761714,5.700864554761714,5.700864554761714,5.700864554761714,5.700864554761714,5.700864554761714,5.700864554761714,5.700864554761714,5.700864554761714,5.700864554761714,5.700864554761714,5.700864554761714,5.700864554761714,5.700864554761714,5.700864554761714,5.700864554761714,5.700864554761714,5.700864554761714,5.700864554761714,5.700864554761714,5.700864554761714,5.700864554761714,5.700864554761714,5.700864554761714,5.700864554761714,5.700864554761714,5.700864554761714,5.700864554761714,5.700864554761714,5.700864554761714,5.700864554761714,5.700864554761714,5.700864554761714,5.700864554761714,5.700864554761714,5.700864554761714,5.700864554761714,5.700864554761714,5.700864554761714,5.700864554761714,5.700864554761714,5.700864554761714,5.700864554761714,5.700864554761714,5.700864554761714,5.700864554761714,5.700864554761714,5.700864554761714,5.700864554761714,5.700864554761714,5.700864554761714,5.700864554761714,5.700864554761714,5.700864554761714,5.700864554761714,5.700864554761714,5.700864554761714,5.700864554761714,5.700864554761714,5.700864554761714,5.700864554761714,5.700864554761714,5.700864554761714,5.700864554761714,5.700864554761714,5.700864554761714,5.700864554761714,5.700864554761714,5.700864554761714,5.700864554761714,5.700864554761714,5.700864554761714,5.700864554761714,5.700864554761714,5.700864554761714,5.700864554761714,5.700864554761714,5.700864554761714,5.700864554761714,5.700864554761714,5.700864554761714,5.700864554761714,5.700864554761714,5.700864554761714,5.700864554761714,5.700864554761714,5.700864554761714,5.700864554761714,5.700864554761714,5.700864554761714,5.700864554761714,5.700864554761714,5.700864554761714,5.700864554761714,5.700864554761714,5.700864554761714,5.700864554761714,5.700864554761714,5.700864554761714,5.700864554761714,5.700864554761714,5.700864554761714,5.700864554761714,5.700864554761714,5.700864554761714,5.700864554761714,5.700864554761714,5.700864554761714,5.700864554761714,5.700864554761714,5.700864554761714,5.700864554761714,5.700864554761714,5.700864554761714,4.972398237643498,4.922086619198689,4.715565218346616,4.42114526377407,4.42114526377407,4.42114526377407,4.42114526377407,4.42114526377407,4.42114526377407,4.42114526377407,4.42114526377407,4.42114526377407,4.42114526377407,4.42114526377407,4.42114526377407,4.42114526377407,4.42114526377407,4.42114526377407,4.42114526377407,4.42114526377407,4.42114526377407,4.42114526377407,4.42114526377407,4.42114526377407,4.42114526377407,4.42114526377407,4.42114526377407,4.42114526377407,4.42114526377407,4.42114526377407,4.42114526377407,4.42114526377407,4.42114526377407,4.42114526377407,4.42114526377407,4.42114526377407,4.42114526377407,4.42114526377407,4.42114526377407,4.42114526377407,4.42114526377407,4.42114526377407,4.42114526377407,4.42114526377407,4.42114526377407,4.42114526377407,4.42114526377407,4.42114526377407,4.42114526377407,4.42114526377407,4.42114526377407,4.42114526377407,4.42114526377407,4.42114526377407,4.42114526377407,4.42114526377407,4.42114526377407,4.42114526377407,4.42114526377407,4.42114526377407,4.42114526377407,4.42114526377407,4.42114526377407,4.42114526377407,4.42114526377407,4.42114526377407,4.42114526377407,4.42114526377407,4.42114526377407,4.42114526377407,4.42114526377407,4.42114526377407,4.42114526377407,4.42114526377407,4.42114526377407,4.42114526377407,4.42114526377407,4.42114526377407,4.42114526377407,4.42114526377407,4.42114526377407,4.42114526377407,4.42114526377407,4.42114526377407,4.42114526377407,4.42114526377407,4.42114526377407,4.42114526377407,4.42114526377407,4.42114526377407,4.42114526377407,4.42114526377407,4.42114526377407,4.42114526377407,4.42114526377407,4.42114526377407,4.42114526377407,4.42114526377407,4.42114526377407,4.42114526377407,4.42114526377407,4.42114526377407,4.42114526377407,4.42114526377407,4.42114526377407,4.42114526377407,4.42114526377407,4.42114526377407,4.42114526377407,4.42114526377407,4.42114526377407,4.42114526377407,4.42114526377407,4.42114526377407,4.42114526377407,4.42114526377407,4.42114526377407,4.42114526377407,4.42114526377407,4.42114526377407,4.42114526377407,4.42114526377407,4.42114526377407,4.42114526377407,4.42114526377407,4.42114526377407,4.42114526377407,4.42114526377407,4.42114526377407,4.42114526377407,4.42114526377407,4.42114526377407,4.42114526377407,4.42114526377407,4.42114526377407,4.42114526377407,4.42114526377407,4.42114526377407,4.42114526377407,4.42114526377407,4.42114526377407,4.42114526377407,4.42114526377407,4.42114526377407,4.42114526377407,4.42114526377407,4.42114526377407,4.42114526377407,4.42114526377407,4.42114526377407,4.42114526377407,4.42114526377407,4.42114526377407,4.42114526377407,4.42114526377407,4.42114526377407,4.42114526377407,4.42114526377407,4.42114526377407,4.42114526377407,4.42114526377407,4.42114526377407,4.42114526377407,4.42114526377407,4.42114526377407,4.42114526377407,4.42114526377407,4.42114526377407,4.42114526377407,4.42114526377407,4.42114526377407,4.42114526377407,4.42114526377407,4.42114526377407,4.42114526377407,4.42114526377407,4.42114526377407,4.42114526377407,4.42114526377407,4.42114526377407,4.42114526377407,4.42114526377407,4.42114526377407,4.42114526377407,4.42114526377407,4.42114526377407,4.42114526377407,4.42114526377407,4.42114526377407,4.42114526377407,4.42114526377407,4.42114526377407,4.42114526377407,4.42114526377407,4.42114526377407,4.42114526377407,4.42114526377407,4.42114526377407,4.42114526377407,4.42114526377407,4.42114526377407,4.42114526377407,4.42114526377407,4.42114526377407,4.42114526377407,4.42114526377407,4.42114526377407,4.42114526377407,4.42114526377407,4.42114526377407,4.42114526377407,4.42114526377407,4.42114526377407,4.42114526377407,4.42114526377407,4.42114526377407,4.42114526377407,4.42114526377407,4.42114526377407,4.42114526377407,4.42114526377407,4.42114526377407,4.42114526377407,4.42114526377407,4.42114526377407,4.42114526377407,4.42114526377407,4.42114526377407,4.42114526377407,4.42114526377407,4.42114526377407,4.42114526377407,4.42114526377407,4.42114526377407,4.42114526377407,4.42114526377407,4.42114526377407,4.42114526377407,4.42114526377407,4.42114526377407,4.42114526377407,4.42114526377407,4.42114526377407,4.42114526377407,4.42114526377407,4.42114526377407,4.42114526377407,4.42114526377407,4.42114526377407,4.42114526377407,4.42114526377407,4.42114526377407,4.42114526377407,4.42114526377407,4.42114526377407,4.42114526377407,4.42114526377407,4.42114526377407,4.42114526377407,4.42114526377407,4.42114526377407,4.42114526377407,4.42114526377407,4.42114526377407,4.42114526377407,4.42114526377407,4.42114526377407,4.42114526377407,4.42114526377407,4.42114526377407,4.42114526377407,4.42114526377407,4.42114526377407,4.42114526377407,4.42114526377407,4.42114526377407,4.42114526377407,4.42114526377407,4.42114526377407,4.42114526377407,4.42114526377407,4.42114526377407,4.42114526377407,4.42114526377407,4.42114526377407,4.42114526377407,4.42114526377407,4.42114526377407,4.42114526377407,4.42114526377407,4.42114526377407,4.42114526377407,4.42114526377407,4.42114526377407,4.42114526377407,4.42114526377407,4.42114526377407,4.42114526377407,4.42114526377407,4.42114526377407,4.42114526377407,4.42114526377407,4.42114526377407,4.42114526377407,4.42114526377407,4.42114526377407,4.42114526377407,4.42114526377407,4.42114526377407,4.42114526377407,4.42114526377407,4.42114526377407,4.42114526377407,4.42114526377407,4.42114526377407,4.42114526377407,4.42114526377407,4.42114526377407,4.42114526377407,4.42114526377407,4.42114526377407,4.42114526377407,4.42114526377407,4.42114526377407,4.42114526377407,4.42114526377407,4.42114526377407,4.42114526377407,4.42114526377407,4.42114526377407,4.42114526377407,4.42114526377407,4.42114526377407,4.42114526377407,4.42114526377407,4.42114526377407,4.42114526377407,4.42114526377407,4.42114526377407,4.42114526377407,4.42114526377407,4.42114526377407,4.42114526377407,4.42114526377407,4.42114526377407,4.42114526377407,4.42114526377407,4.42114526377407,4.42114526377407,4.42114526377407,4.42114526377407,4.42114526377407,4.42114526377407,4.42114526377407,4.42114526377407,4.42114526377407,4.42114526377407,4.42114526377407,4.42114526377407,4.42114526377407,4.42114526377407,4.42114526377407,4.42114526377407,4.42114526377407,4.42114526377407,4.42114526377407,4.42114526377407,4.42114526377407,4.42114526377407,4.42114526377407,4.42114526377407,4.42114526377407,4.42114526377407,4.42114526377407,4.42114526377407,4.42114526377407,4.42114526377407,4.42114526377407,4.42114526377407,4.42114526377407,4.42114526377407,4.42114526377407,4.42114526377407,4.42114526377407,4.42114526377407,4.42114526377407,4.42114526377407,4.42114526377407,4.42114526377407,4.42114526377407,4.42114526377407,4.42114526377407,4.42114526377407,4.42114526377407,4.42114526377407,4.42114526377407,4.42114526377407,4.42114526377407,4.42114526377407,4.42114526377407,4.42114526377407,4.42114526377407,4.42114526377407,4.42114526377407,4.42114526377407,4.42114526377407,4.42114526377407,4.42114526377407,4.42114526377407,4.42114526377407,4.42114526377407,4.42114526377407,4.42114526377407,4.42114526377407,4.42114526377407,4.42114526377407,4.42114526377407,4.42114526377407,4.42114526377407,4.42114526377407,4.42114526377407,4.42114526377407,4.42114526377407,4.42114526377407,4.42114526377407,4.42114526377407,4.42114526377407,4.42114526377407,4.42114526377407,4.42114526377407,4.42114526377407,4.42114526377407,4.42114526377407,4.42114526377407,4.42114526377407,4.42114526377407,4.42114526377407,4.42114526377407,4.42114526377407,4.42114526377407,4.42114526377407,4.42114526377407,4.42114526377407,4.42114526377407,4.42114526377407,4.42114526377407,4.42114526377407,4.42114526377407,4.42114526377407,4.42114526377407,4.42114526377407,4.42114526377407,4.42114526377407,4.42114526377407,4.42114526377407,4.42114526377407,4.42114526377407,4.42114526377407,4.42114526377407,4.42114526377407,4.42114526377407,4.42114526377407,4.42114526377407,4.42114526377407,4.42114526377407,4.42114526377407,4.42114526377407,4.42114526377407,4.42114526377407,4.42114526377407,4.42114526377407,4.42114526377407,4.42114526377407,4.42114526377407,4.42114526377407,4.42114526377407,4.42114526377407,4.42114526377407,4.42114526377407,4.42114526377407,4.42114526377407,4.42114526377407,4.42114526377407,4.42114526377407,4.42114526377407,4.42114526377407,4.42114526377407,4.42114526377407,4.42114526377407,4.42114526377407,4.42114526377407,4.42114526377407,4.42114526377407,4.42114526377407,4.42114526377407,4.42114526377407,4.42114526377407,4.42114526377407,4.42114526377407,4.42114526377407,4.42114526377407,4.42114526377407,4.42114526377407,4.42114526377407,4.42114526377407,4.42114526377407,4.42114526377407,4.42114526377407,4.42114526377407,4.42114526377407,4.42114526377407,4.42114526377407,4.42114526377407,4.42114526377407,4.42114526377407,4.42114526377407,4.42114526377407,4.42114526377407,4.42114526377407,4.42114526377407,4.42114526377407,4.42114526377407,4.42114526377407,4.42114526377407,4.42114526377407,4.42114526377407,4.42114526377407,4.42114526377407,4.42114526377407,4.42114526377407,4.42114526377407,4.42114526377407,4.42114526377407,4.42114526377407,4.42114526377407,4.42114526377407,4.42114526377407,4.42114526377407,4.42114526377407,4.42114526377407,4.42114526377407,4.42114526377407,4.42114526377407,4.42114526377407,4.42114526377407,4.42114526377407,4.42114526377407,4.42114526377407,4.42114526377407,4.42114526377407,4.42114526377407,4.42114526377407,4.42114526377407,4.42114526377407,4.42114526377407,4.42114526377407,4.42114526377407,4.42114526377407,4.42114526377407,4.42114526377407,4.42114526377407,4.42114526377407,4.42114526377407,4.42114526377407,4.42114526377407,4.42114526377407,4.42114526377407,4.42114526377407,4.42114526377407,4.42114526377407,4.42114526377407,4.42114526377407,4.42114526377407,4.42114526377407,4.42114526377407,4.42114526377407,4.42114526377407,4.42114526377407,4.42114526377407,4.42114526377407,4.42114526377407,4.42114526377407,4.42114526377407,4.42114526377407,4.42114526377407,4.42114526377407,4.42114526377407,4.42114526377407,4.42114526377407,4.42114526377407,4.42114526377407,4.42114526377407,4.42114526377407,4.42114526377407,4.42114526377407,4.42114526377407,4.42114526377407,4.42114526377407,4.42114526377407,4.42114526377407,4.42114526377407,4.42114526377407,4.42114526377407,4.42114526377407,4.42114526377407,4.42114526377407,4.42114526377407,4.42114526377407,4.42114526377407,4.42114526377407,4.42114526377407,4.42114526377407,4.42114526377407,4.42114526377407,4.42114526377407,4.42114526377407,4.42114526377407,4.42114526377407,4.42114526377407,4.42114526377407,4.42114526377407,4.42114526377407,4.42114526377407,4.42114526377407,4.42114526377407,4.42114526377407,4.42114526377407,4.42114526377407,4.42114526377407,4.42114526377407,4.42114526377407,4.42114526377407,4.42114526377407,4.42114526377407,4.42114526377407,4.42114526377407,4.42114526377407,4.42114526377407,4.42114526377407,4.42114526377407,4.42114526377407,7.820852231392178,7.454750838126302,7.371098073888101,7.371098073888101,7.371098073888101,7.150240178143203,7.150240178143203,7.150240178143203,7.150240178143203,7.150240178143203,7.150240178143203,7.150240178143203,7.150240178143203,7.150240178143203,7.150240178143203,7.150240178143203,7.150240178143203,7.150240178143203,7.1172635208748405,7.1172635208748405,7.1172635208748405,7.1172635208748405,7.1172635208748405,6.987603072501074,6.987603072501074,6.987603072501074,6.987603072501074,6.987603072501074,6.987603072501074,6.987603072501074,6.987603072501074,6.987603072501074,6.987603072501074,6.987603072501074,6.987603072501074,6.987603072501074,6.987603072501074,6.987603072501074,6.987603072501074,6.987603072501074,6.987603072501074,6.987603072501074,6.987603072501074,6.987603072501074,6.987603072501074,6.987603072501074,6.987603072501074,6.987603072501074,6.987603072501074,6.987603072501074,6.987603072501074,6.987603072501074,6.908332588611549,6.908332588611549,6.908332588611549,6.908332588611549,6.908332588611549,6.908332588611549,6.908332588611549,6.908332588611549,6.908332588611549,6.908332588611549,6.908332588611549,6.908332588611549,6.908332588611549,6.908332588611549,6.908332588611549,6.849256187398321,6.849256187398321,6.849256187398321,6.849256187398321,6.849256187398321,6.849256187398321,6.849256187398321,6.849256187398321,6.849256187398321,6.849256187398321,6.849256187398321,6.849256187398321,6.849256187398321,6.849256187398321,6.849256187398321,6.849256187398321,6.849256187398321,6.849256187398321,6.844968575267084,6.844968575267084,6.844968575267084,6.844968575267084,6.844968575267084,6.844968575267084,6.844968575267084,6.844968575267084,6.777819919101919,6.777819919101919,6.777819919101919,6.777819919101919,6.777819919101919,6.777819919101919,6.777819919101919,6.777819919101919,6.777819919101919,6.777819919101919,6.777819919101919,6.777819919101919,6.777819919101919,6.777819919101919,6.777819919101919,6.777819919101919,6.777819919101919,6.777819919101919,6.777819919101919,6.777819919101919,6.777819919101919,6.777819919101919,6.777819919101919,6.777819919101919,6.777819919101919,6.777819919101919,6.777819919101919,6.777819919101919,6.777819919101919,6.777819919101919,6.777819919101919,6.777819919101919,6.777819919101919,6.777819919101919,6.777819919101919,6.777819919101919,6.777819919101919,6.777819919101919,6.777819919101919,6.777819919101919,6.777819919101919,6.777819919101919,6.777819919101919,6.777819919101919,6.777819919101919,6.777819919101919,6.777819919101919,6.777819919101919,6.777819919101919,6.777819919101919,6.777819919101919,6.777819919101919,6.777819919101919,6.777819919101919,6.777819919101919,6.777819919101919,6.777819919101919,6.777819919101919,6.777819919101919,6.777819919101919,6.777819919101919,6.777819919101919,6.777819919101919,6.777819919101919,6.777819919101919,6.777819919101919,6.777819919101919,6.777819919101919,6.777819919101919,6.777819919101919,6.777819919101919,6.777819919101919,6.777819919101919,6.777819919101919,6.777819919101919,6.777819919101919,6.777819919101919,6.777819919101919,6.777819919101919,6.777819919101919,6.777819919101919,6.777819919101919,6.777819919101919,6.777819919101919,6.777819919101919,6.777819919101919,6.653333194278186,6.653333194278186,6.249444650889915,5.399789533031308,5.399789533031308,5.301677037521311,5.301677037521311,5.185226164578976,5.185226164578976,5.114099087948347,5.114099087948347,5.114099087948347,5.114099087948347,5.114099087948347,5.114099087948347,5.114099087948347,5.114099087948347,5.114099087948347,5.114099087948347,5.114099087948347,5.114099087948347,5.114099087948347,5.114099087948347,5.114099087948347,5.114099087948347,5.114099087948347,5.114099087948347,5.114099087948347,5.114099087948347,5.114099087948347,5.114099087948347,5.114099087948347,5.114099087948347,5.114099087948347,5.114099087948347,5.114099087948347,5.114099087948347,5.114099087948347,5.114099087948347,5.114099087948347,5.114099087948347,5.114099087948347,5.114099087948347,5.114099087948347,5.114099087948347,5.114099087948347,5.114099087948347,5.114099087948347,5.114099087948347,5.114099087948347,5.114099087948347,5.114099087948347,5.114099087948347,5.114099087948347,5.114099087948347,5.114099087948347,5.114099087948347,5.114099087948347,5.114099087948347,5.114099087948347,5.114099087948347,5.114099087948347,5.114099087948347,5.114099087948347,5.114099087948347,5.114099087948347,5.114099087948347,5.114099087948347,5.114099087948347,5.114099087948347,5.114099087948347,5.114099087948347,5.114099087948347,5.114099087948347,5.114099087948347,5.114099087948347,5.114099087948347,5.114099087948347,5.114099087948347,5.114099087948347,5.114099087948347,5.114099087948347,5.114099087948347,5.114099087948347,5.114099087948347,5.114099087948347,5.114099087948347,5.114099087948347,5.114099087948347,5.114099087948347,5.114099087948347,5.114099087948347,5.114099087948347,5.114099087948347,5.114099087948347,5.114099087948347,5.114099087948347,5.114099087948347,5.114099087948347,5.114099087948347,5.114099087948347,5.114099087948347,5.114099087948347,5.114099087948347,5.114099087948347,5.114099087948347,5.114099087948347,5.114099087948347,5.114099087948347,5.114099087948347,5.114099087948347,5.114099087948347,5.114099087948347,5.114099087948347,5.114099087948347,5.114099087948347,5.114099087948347,5.114099087948347,5.114099087948347,5.114099087948347,5.114099087948347,5.114099087948347,5.114099087948347,5.114099087948347,5.114099087948347,5.114099087948347,5.114099087948347,5.114099087948347,5.114099087948347,5.114099087948347,5.114099087948347,5.114099087948347,5.114099087948347,5.114099087948347,5.114099087948347,5.114099087948347,5.114099087948347,5.114099087948347,5.114099087948347,5.114099087948347,5.114099087948347,5.114099087948347,5.114099087948347,5.114099087948347,5.114099087948347,5.114099087948347,5.114099087948347,5.114099087948347,5.114099087948347,5.114099087948347,5.114099087948347,5.114099087948347,5.114099087948347,5.114099087948347,5.114099087948347,5.114099087948347,5.114099087948347,5.114099087948347,5.114099087948347,5.114099087948347,5.114099087948347,5.114099087948347,5.114099087948347,5.114099087948347,5.114099087948347,5.114099087948347,5.114099087948347,5.114099087948347,5.114099087948347,5.114099087948347,5.114099087948347,5.114099087948347,5.114099087948347,5.114099087948347,5.114099087948347,5.114099087948347,5.114099087948347,5.114099087948347,5.114099087948347,5.114099087948347,5.114099087948347,5.114099087948347,5.114099087948347,5.114099087948347,5.114099087948347,5.114099087948347,5.114099087948347,5.114099087948347,5.114099087948347,5.114099087948347,5.114099087948347,5.114099087948347,5.114099087948347,5.114099087948347,5.114099087948347,5.114099087948347,5.114099087948347,5.114099087948347,5.114099087948347,5.114099087948347,5.114099087948347,5.114099087948347,5.114099087948347,5.114099087948347,5.114099087948347,5.114099087948347,5.114099087948347,5.114099087948347,5.114099087948347,5.114099087948347,5.114099087948347,5.114099087948347,5.114099087948347,5.114099087948347,5.114099087948347,5.114099087948347,5.114099087948347,5.114099087948347,5.114099087948347,5.114099087948347,5.114099087948347,5.114099087948347,5.114099087948347,5.114099087948347,5.114099087948347,5.114099087948347,5.114099087948347,5.114099087948347,5.114099087948347,5.114099087948347,5.114099087948347,5.114099087948347,5.114099087948347,5.114099087948347,5.114099087948347,5.114099087948347,5.114099087948347,5.114099087948347,5.114099087948347,5.114099087948347,5.114099087948347,5.114099087948347,5.114099087948347,5.114099087948347,5.114099087948347,5.114099087948347,5.114099087948347,5.114099087948347,5.114099087948347,5.114099087948347,5.114099087948347,5.114099087948347,5.114099087948347,5.114099087948347,5.114099087948347,5.114099087948347,5.114099087948347,5.114099087948347,5.114099087948347,5.114099087948347,5.114099087948347,5.114099087948347,5.114099087948347,5.114099087948347,5.114099087948347,5.114099087948347,5.114099087948347,5.114099087948347,5.114099087948347,5.114099087948347,5.114099087948347,5.114099087948347,5.114099087948347,5.114099087948347,5.114099087948347,5.114099087948347,5.114099087948347,5.114099087948347,5.114099087948347,5.114099087948347,5.114099087948347,5.114099087948347,5.114099087948347,5.114099087948347,5.114099087948347,5.114099087948347,5.114099087948347,5.114099087948347,5.114099087948347,5.114099087948347,5.114099087948347,5.114099087948347,5.114099087948347,5.114099087948347,5.114099087948347,5.114099087948347,5.114099087948347,5.114099087948347,5.114099087948347,5.114099087948347,5.114099087948347,5.114099087948347,5.114099087948347,5.114099087948347,5.114099087948347,5.114099087948347,5.114099087948347,5.114099087948347,5.114099087948347,5.114099087948347,5.114099087948347,5.114099087948347,5.114099087948347,5.114099087948347,5.114099087948347,5.114099087948347,5.114099087948347,5.114099087948347,5.114099087948347,5.114099087948347,5.114099087948347,5.114099087948347,5.114099087948347,5.114099087948347,5.114099087948347,5.114099087948347,5.114099087948347,5.114099087948347,5.114099087948347,5.114099087948347,5.114099087948347,5.114099087948347,5.114099087948347,5.114099087948347,5.114099087948347,5.114099087948347,5.114099087948347,5.114099087948347,5.114099087948347,5.114099087948347,5.114099087948347,5.114099087948347,5.114099087948347,5.114099087948347,5.114099087948347,5.114099087948347,5.114099087948347,5.114099087948347,5.114099087948347,5.114099087948347,5.114099087948347,5.114099087948347,5.114099087948347,5.114099087948347,5.114099087948347,5.114099087948347,5.114099087948347,5.114099087948347,5.114099087948347,5.114099087948347,5.114099087948347,5.114099087948347,5.114099087948347,5.114099087948347,5.114099087948347,5.114099087948347,5.114099087948347,5.114099087948347,5.114099087948347,5.114099087948347,5.114099087948347,5.114099087948347,5.114099087948347,5.114099087948347,5.114099087948347,5.114099087948347,5.114099087948347,5.114099087948347,5.114099087948347,5.114099087948347,5.114099087948347,5.114099087948347,5.114099087948347,5.114099087948347,5.114099087948347,5.114099087948347,5.114099087948347,5.114099087948347,5.114099087948347,5.114099087948347,5.114099087948347,5.114099087948347,5.114099087948347,5.114099087948347,5.114099087948347,5.114099087948347,5.114099087948347,5.114099087948347,5.114099087948347,5.114099087948347,5.114099087948347,5.114099087948347,5.114099087948347,5.114099087948347,5.114099087948347,5.114099087948347,5.114099087948347,5.114099087948347,5.114099087948347,5.114099087948347,5.114099087948347,5.114099087948347,5.114099087948347,5.114099087948347,5.114099087948347,5.114099087948347,5.114099087948347,5.114099087948347,5.114099087948347,5.114099087948347,5.114099087948347,5.114099087948347,5.114099087948347,5.114099087948347,5.114099087948347,5.114099087948347,5.114099087948347,5.114099087948347,5.114099087948347,5.114099087948347,5.114099087948347,5.114099087948347,5.114099087948347,5.114099087948347,5.114099087948347,5.114099087948347,5.114099087948347,5.114099087948347,5.114099087948347,5.114099087948347,5.114099087948347,5.114099087948347,5.114099087948347,5.114099087948347,5.114099087948347,5.114099087948347,5.114099087948347,5.114099087948347,5.114099087948347,5.114099087948347,5.114099087948347,5.114099087948347,5.114099087948347,5.114099087948347,5.114099087948347,5.114099087948347,5.114099087948347,5.114099087948347,5.114099087948347,5.114099087948347,5.114099087948347,5.114099087948347,5.114099087948347,5.114099087948347,5.114099087948347,5.114099087948347,5.114099087948347,5.114099087948347,5.114099087948347,5.114099087948347,5.114099087948347,5.114099087948347,5.114099087948347,5.114099087948347,5.114099087948347,5.114099087948347,5.114099087948347,5.114099087948347,5.114099087948347,5.114099087948347,5.114099087948347,5.114099087948347,5.114099087948347,5.114099087948347,5.114099087948347,5.114099087948347,5.114099087948347,5.114099087948347,5.114099087948347,5.114099087948347,5.114099087948347,5.114099087948347,5.114099087948347,5.114099087948347,5.114099087948347,5.114099087948347,5.114099087948347,5.114099087948347,5.114099087948347,5.114099087948347,5.114099087948347,5.114099087948347,5.114099087948347,5.114099087948347,5.114099087948347,5.114099087948347,5.114099087948347,5.114099087948347,5.114099087948347,5.114099087948347,5.114099087948347,5.114099087948347,5.114099087948347,5.114099087948347,5.114099087948347,5.114099087948347,5.114099087948347,5.114099087948347,5.114099087948347,5.114099087948347,5.114099087948347,5.114099087948347,5.114099087948347,5.114099087948347,5.114099087948347,5.114099087948347,5.114099087948347,5.114099087948347,5.114099087948347,5.114099087948347,5.114099087948347,5.114099087948347,5.114099087948347,5.114099087948347,5.114099087948347,5.114099087948347,5.114099087948347,5.114099087948347,5.114099087948347,5.114099087948347,5.114099087948347,5.114099087948347,5.114099087948347,5.114099087948347,5.114099087948347,5.114099087948347,5.114099087948347,5.114099087948347,5.114099087948347,5.114099087948347,5.114099087948347,5.114099087948347,5.114099087948347,5.114099087948347,5.114099087948347,5.114099087948347,5.114099087948347,5.114099087948347,5.114099087948347,5.114099087948347,5.114099087948347,5.114099087948347,5.114099087948347,5.114099087948347,5.114099087948347,5.114099087948347,5.114099087948347,5.114099087948347,5.114099087948347,5.114099087948347,5.114099087948347,5.114099087948347,5.114099087948347,5.114099087948347,5.114099087948347,5.114099087948347,5.114099087948347,5.114099087948347,5.114099087948347,5.114099087948347,5.114099087948347,5.114099087948347,5.114099087948347,5.114099087948347,5.114099087948347,5.114099087948347,5.114099087948347,5.114099087948347,5.114099087948347,5.114099087948347,5.114099087948347,5.114099087948347,5.114099087948347,5.114099087948347,5.114099087948347,5.114099087948347,5.114099087948347,5.114099087948347,5.114099087948347,5.114099087948347,5.114099087948347,5.114099087948347,5.114099087948347,5.114099087948347,5.114099087948347,5.114099087948347,5.114099087948347,5.114099087948347,5.101866065350934,5.101866065350934,5.101866065350934,5.101866065350934,5.101866065350934,5.101866065350934,5.101866065350934,5.101866065350934,5.101866065350934,5.101866065350934,5.101866065350934,5.101866065350934,5.101866065350934,5.101866065350934,5.101866065350934,5.101866065350934,5.101866065350934,5.101866065350934,5.101866065350934,5.101866065350934,5.101866065350934,5.101866065350934,5.101866065350934,5.101866065350934,5.101866065350934,5.101866065350934,5.101866065350934,5.101866065350934,5.101866065350934,5.101866065350934,5.101866065350934,5.101866065350934,5.101866065350934,5.101866065350934,5.101866065350934,5.101866065350934,5.101866065350934,5.101866065350934,5.101866065350934,5.101866065350934,5.101866065350934,5.101866065350934,5.101866065350934,5.101866065350934,5.101866065350934,5.101866065350934,5.101866065350934,5.101866065350934,5.101866065350934,5.101866065350934,5.101866065350934,5.101866065350934,4.652743622345186,4.365669046924648,4.365669046924648,4.365669046924648,4.365669046924648,4.365669046924648,4.365669046924648,4.365669046924648,4.365669046924648,4.365669046924648,4.365669046924648,4.365669046924648,4.365669046924648,4.365669046924648,4.365669046924648,4.365669046924648,4.365669046924648,4.365669046924648,4.365669046924648,4.365669046924648,4.365669046924648,4.365669046924648,4.365669046924648,4.365669046924648,4.365669046924648,4.365669046924648,4.365669046924648,4.365669046924648,4.365669046924648,4.365669046924648,4.365669046924648,4.365669046924648,4.365669046924648,4.365669046924648,4.365669046924648,4.365669046924648,4.088509719519855,4.088509719519855,4.088509719519855,4.088509719519855,4.088509719519855,4.088509719519855,4.088509719519855,4.088509719519855,4.088509719519855,4.088509719519855,4.088509719519855,4.088509719519855,4.088509719519855,4.088509719519855,4.088509719519855,4.088509719519855,4.088509719519855,4.088509719519855,4.088509719519855,4.088509719519855,4.088509719519855,4.088509719519855,4.088509719519855,4.088509719519855,4.088509719519855,4.088509719519855,4.088509719519855,4.088509719519855,4.088509719519855,4.088509719519855,4.088509719519855,4.088509719519855,4.088509719519855,4.088509719519855,4.088509719519855,4.088509719519855,4.088509719519855,4.088509719519855,4.088509719519855,4.088509719519855,4.088509719519855,4.088509719519855,4.088509719519855,4.088509719519855,4.088509719519855,3.915064756343085,3.915064756343085,3.915064756343085,3.915064756343085,3.915064756343085,3.915064756343085,3.915064756343085,3.915064756343085,3.915064756343085,3.915064756343085,3.915064756343085,3.915064756343085,3.915064756343085,3.915064756343085,3.915064756343085,3.915064756343085,3.915064756343085,3.915064756343085,3.915064756343085,3.915064756343085,3.915064756343085,3.915064756343085,3.915064756343085,3.915064756343085,3.915064756343085,3.915064756343085,3.915064756343085,3.915064756343085,3.915064756343085,3.915064756343085,3.915064756343085,3.915064756343085,3.915064756343085,3.915064756343085,3.7410416046761057,3.7410416046761057,3.7410416046761057,3.7410416046761057,3.7410416046761057,3.7410416046761057,3.7410416046761057,3.7410416046761057,3.7410416046761057,3.7410416046761057,3.7410416046761057,3.7410416046761057,3.7410416046761057,3.7410416046761057,3.7410416046761057,3.7410416046761057,3.7410416046761057,3.7410416046761057,3.7410416046761057,3.7410416046761057,3.7410416046761057,3.7410416046761057,3.7410416046761057,3.7410416046761057,3.7410416046761057,3.7410416046761057,3.7410416046761057,3.7410416046761057,3.7410416046761057,3.7410416046761057,3.7410416046761057,3.7410416046761057,3.7410416046761057,3.7410416046761057,3.7410416046761057,3.7410416046761057,3.7410416046761057,3.7410416046761057,3.7410416046761057,3.7410416046761057,3.7410416046761057,3.7410416046761057,3.7410416046761057,3.7410416046761057,3.7410416046761057,3.7410416046761057,8.244732328531352,7.407071009008461,7.407071009008461,7.322173998307118,7.322173998307118,7.322173998307118,7.322173998307118,7.322173998307118,7.322173998307118,7.322173998307118,7.322173998307118,7.322173998307118,7.322173998307118,7.322173998307118,7.322173998307118,7.322173998307118,7.271560672256688,7.271560672256688,7.271560672256688,7.193677909266288,7.193677909266288,7.032497704069592,7.032497704069592,7.032497704069592,7.032497704069592,7.031850640109838,7.031850640109838,7.031850640109838,7.031850640109838,7.031850640109838,7.031850640109838,7.031850640109838,7.031850640109838,7.031850640109838,7.031850640109838,7.031850640109838,7.031850640109838,7.031850640109838,7.031850640109838,7.031850640109838,7.031850640109838,7.031850640109838,6.976069403694696,6.976069403694696,6.957504047670424,6.957504047670424,6.957504047670424,6.957504047670424,6.957504047670424,6.957504047670424,6.957504047670424,6.957504047670424,6.957504047670424,6.957504047670424,6.957504047670424,6.957504047670424,6.957504047670424,6.957504047670424,6.957504047670424,6.957504047670424,6.957504047670424,6.957504047670424,6.957504047670424,6.957504047670424,6.957504047670424,6.957504047670424,6.957504047670424,6.957504047670424,6.957504047670424,6.957504047670424,6.957504047670424,6.957504047670424,6.957504047670424,6.957504047670424,6.957504047670424,6.957504047670424,6.957504047670424,6.957504047670424,6.957504047670424,6.957504047670424,6.957504047670424,6.957504047670424,6.957504047670424,6.957504047670424,6.957504047670424,6.957504047670424,6.957504047670424,6.620689642345235,6.620689642345235,6.620689642345235,6.620689642345235,6.620689642345235,6.620689642345235,6.620689642345235,6.620689642345235,6.6200425783854815,6.6200425783854815,6.6200425783854815,6.6200425783854815,6.6200425783854815,6.6200425783854815,6.6200425783854815,6.6200425783854815,6.6200425783854815,6.6200425783854815,6.6200425783854815,6.6200425783854815,6.6200425783854815,6.6200425783854815,6.6200425783854815,6.6200425783854815,6.6200425783854815,6.6200425783854815,6.6200425783854815,6.6200425783854815,6.6200425783854815,6.6200425783854815,6.6200425783854815,6.6200425783854815,6.6200425783854815,6.6200425783854815,6.6200425783854815,6.6200425783854815,6.6200425783854815,6.6200425783854815,6.6200425783854815,6.6200425783854815,6.6200425783854815,6.6200425783854815,6.6200425783854815,6.6200425783854815,6.6200425783854815,6.6200425783854815,6.6200425783854815,6.6200425783854815,6.6200425783854815,6.6200425783854815,6.6200425783854815,6.6200425783854815,6.6200425783854815,6.6200425783854815,6.6200425783854815,6.6200425783854815,6.6200425783854815,6.6200425783854815,6.6200425783854815,6.6200425783854815,6.6200425783854815,6.6200425783854815,6.6200425783854815,6.6200425783854815,6.6200425783854815,6.6200425783854815,6.6200425783854815,6.6200425783854815,6.6200425783854815,6.6200425783854815,6.6200425783854815,6.6200425783854815,6.584984274356741,6.584984274356741,6.584984274356741,6.584984274356741,6.584984274356741,6.584984274356741,6.584984274356741,6.584984274356741,6.255200272114047,6.255200272114047,5.669953055814182,5.669953055814182,5.666058977954303,5.666058977954303,5.666058977954303,5.666058977954303,5.666058977954303,5.666058977954303,5.666058977954303,5.666058977954303,5.666058977954303,5.624976158910607,5.624976158910607,5.624976158910607,5.624976158910607,5.624976158910607,5.624976158910607,5.624976158910607,5.624976158910607,5.624976158910607,5.624976158910607,5.624976158910607,5.624976158910607,5.624976158910607,5.624976158910607,5.624976158910607,5.624976158910607,5.624976158910607,5.624976158910607,5.624976158910607,5.624976158910607,5.624976158910607,5.624976158910607,5.624976158910607,5.624976158910607,5.624976158910607,5.624976158910607,5.624976158910607,5.624976158910607,5.624976158910607,5.624976158910607,5.624976158910607,5.624976158910607,5.624976158910607,5.624976158910607,5.624976158910607,5.624976158910607,5.624976158910607,5.624976158910607,5.624976158910607,5.624976158910607,5.624976158910607,5.624976158910607,5.624976158910607,5.624976158910607,5.624976158910607,5.624976158910607,5.624976158910607,5.624976158910607,5.624976158910607,5.624976158910607,5.624976158910607,5.624976158910607,5.624976158910607,5.624976158910607,5.624976158910607,5.624976158910607,5.624976158910607,5.624976158910607,5.624976158910607,5.624976158910607,5.624976158910607,5.624976158910607,5.624976158910607,5.624976158910607,5.624976158910607,5.624976158910607,5.624976158910607,5.624976158910607,5.624976158910607,5.624976158910607,5.624976158910607,5.624976158910607,5.438515522671967,5.438515522671967,5.438515522671967,5.438515522671967,5.438515522671967,5.438515522671967,5.438515522671967,5.438515522671967,5.438515522671967,5.438515522671967,5.438515522671967,5.438515522671967,5.438515522671967,5.438515522671967,5.438515522671967,5.438515522671967,5.438515522671967,5.438515522671967,5.438515522671967,5.438515522671967,5.438515522671967,5.438515522671967,5.438515522671967,5.438515522671967,5.438515522671967,5.438515522671967,5.438515522671967,5.438515522671967,5.438515522671967,5.438515522671967,5.438515522671967,5.438515522671967,5.438515522671967,5.438515522671967,5.438515522671967,5.438515522671967,5.438515522671967,5.438515522671967,5.438515522671967,5.438515522671967,5.438515522671967,5.438515522671967,5.438515522671967,5.438515522671967,5.438515522671967,5.438515522671967,5.438515522671967,5.438515522671967,5.438515522671967,5.438515522671967,5.438515522671967,5.438515522671967,5.438515522671967,5.438515522671967,5.438515522671967,5.438515522671967,5.438515522671967,5.438515522671967,5.438515522671967,5.438515522671967,5.438515522671967,5.438515522671967,5.438515522671967,5.438515522671967,5.438515522671967,5.438515522671967,5.438515522671967,5.438515522671967,5.438515522671967,5.438515522671967,5.438515522671967,5.438515522671967,5.438515522671967,5.438515522671967,5.438515522671967,5.438515522671967,5.438515522671967,5.438515522671967,5.438515522671967,5.438515522671967,5.438515522671967,5.438515522671967,5.438515522671967,5.438515522671967,5.438515522671966,5.438515522671966,5.438515522671966,5.438515522671966,5.438515522671966,5.438515522671966,5.438515522671966,5.438515522671966,5.438515522671966,5.438515522671966,5.438515522671966,5.438515522671966,5.438515522671966,5.438515522671966,5.438515522671966,5.438515522671966,5.438515522671966,5.438515522671966,5.438515522671966,5.438515522671966,5.438515522671966,5.438515522671966,5.438515522671966,5.438515522671966,5.438515522671966,5.438515522671966,5.438515522671966,5.438515522671966,5.438515522671966,5.438515522671966,5.438515522671966,5.438515522671966,5.438515522671966,5.438515522671966,5.438515522671966,5.438515522671966,5.438515522671966,5.438515522671966,5.438515522671966,5.438515522671966,5.438515522671966,5.438515522671966,5.438515522671966,5.438515522671966,5.438515522671966,5.438515522671966,5.438515522671966,5.438515522671966,5.438515522671966,5.438515522671966,5.438515522671966,5.438515522671966,5.438515522671966,5.438515522671966,5.438515522671966,5.438515522671966,5.438515522671966,5.438515522671966,5.438515522671966,5.438515522671966,5.438515522671966,5.438515522671966,5.438515522671966,5.438515522671966,5.438515522671966,5.438515522671966,5.438515522671966,5.438515522671966,5.438515522671966,5.438515522671966,5.438515522671966,5.438515522671966,5.438515522671966,5.438515522671966,5.438515522671966,5.438515522671966,5.438515522671966,5.438515522671966,5.438515522671966,5.438515522671966,5.438515522671966,5.438515522671966,5.438515522671966,5.438515522671966,5.438515522671966,5.438515522671966,5.438515522671966,5.438515522671966,5.438515522671966,5.438515522671966,5.438515522671966,5.438515522671966,5.438515522671966,5.438515522671966,5.438515522671966,5.438515522671966,5.438515522671966,5.438515522671966,5.438515522671966,5.438515522671966,5.438515522671966,5.438515522671966,5.438515522671966,5.438515522671966,5.438515522671966,5.352683699260992,5.352683699260992,5.352683699260992,5.352683699260992,5.352683699260992,5.352683699260992,5.352683699260992,5.352683699260992,5.352683699260992,5.352683699260992,5.352683699260992,5.352683699260992,5.352683699260992,5.352683699260992,5.352683699260992,5.352683699260992,5.352683699260992,5.352683699260992,5.352683699260992,5.352683699260992,5.352683699260992,5.352683699260992,5.352683699260992,5.352683699260992,5.352683699260992,5.352683699260992,5.352683699260992,5.352683699260992,5.352683699260992,5.352683699260992,5.352683699260992,5.352683699260992,5.352683699260992,5.352683699260992,5.352683699260992,5.352683699260992,5.352683699260992,5.352683699260992,5.352683699260992,5.352683699260991,5.352683699260991,5.352683699260991,5.352683699260991,5.352683699260991,5.352683699260991,5.352683699260991,5.352683699260991,5.352683699260991,5.352683699260991,5.352683699260991,5.352683699260991,5.352683699260991,5.352683699260991,5.352683699260991,5.352683699260991,5.352683699260991,5.352683699260991,5.352683699260991,5.352683699260991,5.352683699260991,5.352683699260991,5.352683699260991,5.352683699260991,5.352683699260991,5.352683699260991,5.352683699260991,5.352683699260991,5.352683699260991,5.352683699260991,5.352683699260991,5.352683699260991,5.352683699260991,5.352683699260991,5.352683699260991,5.352683699260991,5.352683699260991,5.352683699260991,5.352683699260991,5.352683699260991,5.352683699260991,5.352683699260991,5.352683699260991,5.352683699260991,5.352683699260991,5.352683699260991,5.352683699260991,5.352683699260991,5.352683699260991,5.352683699260991,5.352683699260991,5.352683699260991,5.352683699260991,5.352683699260991,5.352683699260991,5.352683699260991,5.352683699260991,5.352683699260991,5.352683699260991,5.352683699260991,5.352683699260991,5.352683699260991,5.352683699260991,5.352683699260991,5.352683699260991,5.352683699260991,5.352683699260991,5.352683699260991,5.352683699260991,5.352683699260991,5.352683699260991,5.352683699260991,5.352683699260991,5.352683699260991,5.352683699260991,5.352683699260991,5.352683699260991,5.352683699260991,5.352683699260991,5.352683699260991,5.352683699260991,5.352683699260991,5.352683699260991,5.352683699260991,5.352683699260991,5.352683699260991,5.352683699260991,5.352683699260991,5.352683699260991,5.352683699260991,5.352683699260991,5.352683699260991,5.352683699260991,5.352683699260991,5.352683699260991,5.352683699260991,5.352683699260991,5.352683699260991,5.352683699260991,5.352683699260991,5.352683699260991,5.352683699260991,5.352683699260991,5.352683699260991,5.352683699260991,5.352683699260991,5.352683699260991,5.352683699260991,5.352683699260991,5.352683699260991,5.352683699260991,5.352683699260991,5.352683699260991,5.352683699260991,5.352683699260991,5.352683699260991,5.352683699260991,5.352683699260991,5.352683699260991,5.352683699260991,5.352683699260991,5.352683699260991,5.352683699260991,5.352683699260991,5.352683699260991,5.352683699260991,5.352683699260991,5.352683699260991,5.352683699260991,5.352683699260991,5.352683699260991,5.352683699260991,5.352683699260991,5.352683699260991,5.352683699260991,5.352683699260991,5.352683699260991,5.352683699260991,5.352683699260991,5.352683699260991,5.352683699260991,5.352683699260991,5.352683699260991,5.352683699260991,5.352683699260991,5.352683699260991,5.352683699260991,5.352683699260991,5.352683699260991,5.352683699260991,5.352683699260991,5.352683699260991,5.352683699260991,5.352683699260991,5.352683699260991,5.352683699260991,5.352683699260991,5.352683699260991,5.352683699260991,5.352683699260991,5.352683699260991,5.352683699260991,5.352683699260991,5.352683699260991,5.352683699260991,5.352683699260991,5.352683699260991,5.352683699260991,5.352683699260991,5.352683699260991,5.352683699260991,5.352683699260991,5.352683699260991,5.352683699260991,5.352683699260991,5.352683699260991,5.352683699260991,5.352683699260991,5.352683699260991,5.352683699260991,5.352683699260991,5.352683699260991,5.352683699260991,5.352683699260991,5.352683699260991,5.352683699260991,5.352683699260991,5.352683699260991,5.352683699260991,5.352683699260991,5.352683699260991,5.352683699260991,5.352683699260991,5.352683699260991,5.352683699260991,5.352683699260991,5.352683699260991,5.352683699260991,5.352683699260991,5.352683699260991,5.352683699260991,5.352683699260991,5.352683699260991,5.352683699260991,5.352683699260991,5.352683699260991,5.352683699260991,5.352683699260991,5.352683699260991,5.352683699260991,5.352683699260991,5.352683699260991,5.352683699260991,5.352683699260991,5.352683699260991,5.352683699260991,5.352683699260991,4.879290388355932,4.879290388355932,4.879290388355932,4.879290388355932,4.879290388355932,4.879290388355932,4.879290388355932,4.627960914127054,4.627960914127054,4.627960914127054,4.627960914127054,4.627960914127054,4.627960914127054,4.627960914127054,4.627960914127054,4.627960914127054,4.627960914127054,4.627960914127054,4.627960914127054,4.627960914127054,4.627960914127054,4.627960914127054,4.627960914127054,4.627960914127054,4.627960914127054,4.627960914127054,4.627960914127054,4.627960914127054,4.627960914127054,4.627960914127054,4.627960914127054,4.627960914127054,4.627960914127054,4.627960914127054,4.627960914127054,4.627960914127054,4.627960914127054,4.627960914127054,4.627960914127054,4.627960914127054,4.627960914127054,4.627960914127054,4.627960914127054,4.627960914127054,4.627960914127054,4.627960914127054,4.627960914127054,4.627960914127054,4.627960914127054,4.627960914127054,4.627960914127054,4.627960914127054,4.627960914127054,4.627960914127054,4.627960914127054,4.627960914127054,4.627960914127054,4.627960914127054,4.627960914127054,4.627960914127054,4.627960914127054,4.627960914127054,4.627960914127054,4.627960914127054,4.627960914127054,4.627960914127054,4.627960914127054,4.627960914127054,4.627960914127054,4.627960914127054,4.627960914127054,4.627960914127054,4.627960914127054,4.627960914127054,4.627960914127054,4.627960914127054,4.627960914127054,4.627960914127054,4.627960914127054,4.627960914127054,4.627960914127054,4.627960914127054,4.627960914127054,4.627960914127054,4.627960914127054,4.627960914127054,4.627960914127054,4.627960914127054,4.627960914127054,4.627960914127054,4.627960914127054,4.627960914127054,4.627960914127054,4.627960914127054,4.627960914127054,4.627960914127054,4.627960914127054,4.627960914127054,4.627960914127054,4.627960914127054,4.627960914127054,4.627960914127054,4.627960914127054,4.627960914127054,4.627960914127054,4.627960914127054,4.541227066052417,4.541227066052417,4.541227066052417,4.541227066052417,4.541227066052417,4.541227066052417,4.541227066052417,4.541227066052417,4.541227066052417,4.541227066052417,4.541227066052417,4.541227066052417,4.541227066052417,4.541227066052417,4.541227066052417,4.541227066052417,4.541227066052417,4.541227066052417,4.541227066052417,4.541227066052417,4.541227066052417,4.541227066052417,4.541227066052417,4.541227066052417,4.541227066052417,4.541227066052417,4.541227066052417,4.541227066052417,4.541227066052417,4.541227066052417,4.541227066052417,4.541227066052417,4.541227066052417,4.541227066052417,4.541227066052417,4.541227066052417,4.541227066052417,4.541227066052417,4.541227066052417,4.541227066052417,4.541227066052417,4.541227066052417,4.541227066052417,4.541227066052417,4.541227066052417,4.541227066052417,4.541227066052417,4.541227066052417,4.541227066052417,4.541227066052417,4.541227066052417,4.541227066052417,4.541227066052417,4.541227066052417,4.541227066052417,4.541227066052417,4.541227066052417,4.541227066052417,4.541227066052417,4.541227066052417,4.541227066052417,4.541227066052417,4.541227066052417,4.541227066052417,4.541227066052417,4.541227066052417,4.541227066052417,4.541227066052417,4.541227066052417,4.541227066052417,4.541227066052417,4.541227066052417,4.541227066052417,4.541227066052417,4.541227066052417,4.541227066052417,4.541227066052417,4.541227066052417,4.541227066052417,4.541227066052417,4.541227066052417,4.541227066052417,4.541227066052417,4.541227066052417,4.541227066052417,4.541227066052417,4.541227066052417,4.541227066052417,4.541227066052417,4.541227066052417,4.541227066052417,4.541227066052417,4.541227066052417,4.541227066052417,4.541227066052417,4.541227066052417,4.541227066052417,4.541227066052417,4.541227066052417,4.541227066052417,4.541227066052417,4.541227066052417,4.541227066052417,4.541227066052417,4.541227066052417,4.541227066052417,4.541227066052417,4.541227066052417,4.541227066052417,4.541227066052417,4.541227066052417,4.541227066052417,4.541227066052417,4.541227066052417,4.541227066052417,4.541227066052417,4.541227066052417,4.541227066052417,4.541227066052417,4.541227066052417,4.541227066052417,4.541227066052417,4.541227066052417,4.541227066052417,4.541227066052417,4.541227066052417,4.541227066052417,4.541227066052417,4.541227066052417,4.541227066052417,4.541227066052417,4.541227066052417,4.541227066052417,4.541227066052417,4.541227066052417,4.541227066052417,4.541227066052417,4.541227066052417,4.541227066052417,4.541227066052417,4.541227066052417,4.541227066052417,4.541227066052417,4.541227066052417,4.541227066052417,4.541227066052417,4.541227066052417,4.541227066052417,4.541227066052417,4.541227066052417,4.541227066052417,4.541227066052417,4.541227066052417,4.541227066052417,4.541227066052417,4.541227066052417,4.541227066052417,4.541227066052417,4.541227066052417,4.541227066052417,4.541227066052417,4.541227066052417,4.541227066052417,4.541227066052417,4.541227066052417,4.541227066052417,4.541227066052417,4.541227066052417,4.541227066052417,4.541227066052417,4.541227066052417,4.541227066052417,4.541227066052417,4.541227066052417,4.541227066052417,4.541227066052417,4.541227066052417,4.541227066052417,4.541227066052417,4.541227066052417,4.541227066052417,4.541227066052417,4.541227066052417,4.541227066052417,4.541227066052417,4.541227066052417,4.541227066052417,4.541227066052417,4.541227066052417,4.541227066052417,4.541227066052417,4.541227066052417,4.541227066052417,4.541227066052417,4.541227066052417,4.541227066052417,4.541227066052417,8.609828001914387,8.048667093978136,8.048667093978136,7.6770049722515905,7.6770049722515905,7.6770049722515905,7.6770049722515905,7.6770049722515905,7.6770049722515905,7.6770049722515905,7.6770049722515905,7.6770049722515905,7.6770049722515905,7.6770049722515905,7.661334006080029,7.661334006080029,7.661334006080029,7.661334006080028,7.661334006080028,7.661334006080028,7.661334006080028,7.661334006080028,7.661334006080028,7.661334006080028,7.661334006080028,7.661334006080028,7.661334006080028,7.661334006080028,7.661334006080028,7.661334006080028,7.628688113131781,7.628688113131781,7.628688113131781,7.628688113131781,7.628688113131781,7.628688113131781,7.628688113131781,7.567870466877109,7.567870466877109,7.567870466877109,7.567870466877109,7.567870466877109,7.567870466877109,7.567870466877109,7.567870466877109,7.567870466877109,7.567870466877109,7.567870466877109,7.567870466877109,7.567870466877109,7.567870466877109,7.567870466877109,7.567870466877109,7.567870466877109,7.567870466877109,7.4955096621459205,7.4955096621459205,7.4955096621459205,7.4955096621459205,7.4955096621459205,7.4955096621459205,7.4955096621459205,7.4955096621459205,7.4955096621459205,7.4955096621459205,7.4955096621459205,7.4955096621459205,7.4955096621459205,7.4955096621459205,7.4955096621459205,7.4955096621459205,7.4955096621459205,7.4955096621459205,7.4955096621459205,7.4955096621459205,7.4955096621459205,7.4955096621459205,7.4955096621459205,7.4955096621459205,7.4955096621459205,7.4955096621459205,7.4955096621459205,7.4955096621459205,7.4955096621459205,7.4955096621459205,7.4955096621459205,7.4955096621459205,7.4955096621459205,7.4955096621459205,7.4955096621459205,7.4955096621459205,7.4955096621459205,7.4955096621459205,7.4955096621459205,7.4955096621459205,7.4955096621459205,7.4955096621459205,7.4955096621459205,7.4955096621459205,7.4955096621459205,7.4955096621459205,7.4955096621459205,7.4955096621459205,7.4955096621459205,7.4955096621459205,7.4955096621459205,7.4955096621459205,7.4955096621459205,7.4955096621459205,7.4955096621459205,7.4955096621459205,7.4955096621459205,7.4955096621459205,7.4955096621459205,7.4955096621459205,7.4955096621459205,7.4955096621459205,7.4955096621459205,7.4955096621459205,7.4955096621459205,7.4955096621459205,7.4955096621459205,5.809584990391858,5.809584990391858,5.809584990391858,5.809584990391858,5.809584990391858,5.650993566451924,5.583961454669938,5.583961454669938,5.583961454669938,5.583961454669938,5.583961454669938,5.583961454669938,5.519558304495528,5.519558304495528,5.519558304495528,5.519558304495528,5.366628541566549,5.366628541566549,5.366628541566549,5.366628541566549,5.366628541566549,5.366628541566549,5.366628541566549,5.366628541566549,5.366628541566549,5.3636842840042,5.3636842840042,5.3636842840042,5.320307234915647,5.320307234915647,4.920653337099188,4.920653337099188,4.920653337099188,4.920653337099188,4.920653337099188,4.920653337099188,4.920653337099188,4.920653337099188,4.920653337099188,4.920653337099188,4.920653337099188,4.920653337099188,4.920653337099188,4.920653337099188,4.920653337099188,4.920653337099188,4.920653337099188,4.920653337099188,4.920653337099188,4.920653337099188,4.920653337099188,4.920653337099188,4.920653337099188,4.920653337099188,4.920653337099188,4.920653337099188,4.920653337099188,4.920653337099188,4.920653337099188,4.920653337099188,4.920653337099188,4.920653337099188,4.920653337099188,4.920653337099188,4.920653337099188,4.920653337099188,4.920653337099188,4.920653337099188,4.920653337099188,4.920653337099188,4.920653337099188,4.920653337099188,4.920653337099188,4.920653337099188,4.920653337099188,4.920653337099188,4.920653337099188,4.920653337099188,4.920653337099188,4.920653337099188,4.920653337099188,4.920653337099188,4.920653337099188,4.920653337099188,4.920653337099188,4.920653337099188,4.920653337099188,4.920653337099188,4.920653337099188,4.920653337099188,4.920653337099188,4.920653337099188,4.920653337099188,4.920653337099188,4.920653337099188,4.920653337099188,4.920653337099188,4.920653337099188,4.920653337099188,4.920653337099188,4.920653337099188,4.920653337099188,4.920653337099188,4.920653337099188,4.920653337099188,4.920653337099188,4.920653337099188,4.920653337099188,4.920653337099188,4.920653337099188,4.920653337099188,4.920653337099188,4.920653337099188,4.920653337099188,4.920653337099188,4.920653337099188,4.920653337099188,4.920653337099188,4.920653337099188,4.920653337099188,4.920653337099188,4.920653337099188,4.920653337099188,4.920653337099188,4.920653337099188,4.920653337099188,4.920653337099188,4.920653337099188,4.920653337099188,4.920653337099188,4.920653337099188,4.920653337099188,4.920653337099188,4.920653337099188,4.920653337099188,4.920653337099188,4.920653337099188,4.920653337099188,4.920653337099188,4.920653337099188,4.920653337099188,4.920653337099188,4.920653337099188,4.920653337099188,4.920653337099188,4.920653337099188,4.920653337099188,4.920653337099188,4.920653337099188,4.920653337099188,4.920653337099188,4.920653337099188,4.920653337099188,4.920653337099188,4.920653337099188,4.920653337099188,4.920653337099188,4.920653337099188,4.920653337099188,4.920653337099188,4.920653337099188,4.920653337099188,4.920653337099188,4.920653337099188,4.920653337099188,4.920653337099188,4.920653337099188,4.920653337099188,4.920653337099188,4.920653337099188,4.920653337099188,4.920653337099188,4.920653337099188,4.920653337099188,4.920653337099188,4.920653337099188,4.920653337099188,4.920653337099188,4.920653337099188,4.920653337099188,4.920653337099188,4.920653337099188,4.920653337099188,4.920653337099188,4.920653337099188,4.920653337099188,4.920653337099188,4.920653337099188,4.920653337099188,4.920653337099188,4.920653337099188,4.920653337099188,4.920653337099188,4.920653337099188,4.920653337099188,4.920653337099188,4.920653337099188,4.920653337099188,4.920653337099188,4.920653337099188,4.920653337099188,4.920653337099188,4.920653337099188,4.920653337099188,4.920653337099188,4.920653337099188,4.920653337099188,4.920653337099188,4.920653337099188,4.920653337099188,4.920653337099188,4.920653337099188,4.920653337099188,4.920653337099188,4.920653337099188,4.920653337099188,4.920653337099188,4.920653337099188,4.920653337099188,4.920653337099188,4.920653337099188,4.920653337099188,4.920653337099188,4.920653337099188,4.920653337099188,4.920653337099188,4.920653337099188,4.920653337099188,4.920653337099188,4.920653337099188,4.920653337099188,4.920653337099188,4.920653337099188,4.920653337099188,4.920653337099188,4.920653337099188,4.920653337099188,4.920653337099188,4.920653337099188,4.920653337099188,4.920653337099188,4.920653337099188,4.920653337099188,4.920653337099188,4.920653337099188,4.920653337099188,4.920653337099188,4.920653337099188,4.920653337099188,4.920653337099188,4.920653337099188,4.920653337099188,4.920653337099188,4.920653337099188,4.920653337099188,4.920653337099188,4.920653337099188,4.920653337099188,4.920653337099188,4.920653337099188,4.920653337099188,4.920653337099188,4.920653337099188,4.920653337099188,4.920653337099188,4.920653337099188,4.920653337099188,4.920653337099188,4.920653337099188,4.920653337099188,4.920653337099188,4.920653337099188,4.920653337099188,4.920653337099188,4.920653337099188,4.920653337099188,4.920653337099188,4.920653337099188,4.920653337099188,4.920653337099188,4.920653337099188,4.920653337099188,4.920653337099188,4.920653337099188,4.920653337099188,4.920653337099188,4.920653337099188,4.920653337099188,4.920653337099188,4.920653337099188,4.920653337099188,4.920653337099188,4.920653337099188,4.920653337099188,4.920653337099188,4.920653337099188,4.920653337099188,4.920653337099188,4.920653337099188,4.920653337099188,4.920653337099188,4.920653337099188,4.920653337099188,4.920653337099188,4.920653337099188,4.920653337099188,4.920653337099188,4.920653337099188,4.920653337099188,4.920653337099188,4.920653337099188,4.920653337099188,4.920653337099188,4.920653337099188,4.920653337099188,4.920653337099188,4.920653337099188,4.920653337099188,4.920653337099188,4.920653337099188,4.920653337099188,4.920653337099188,4.920653337099188,4.920653337099188,4.920653337099188,4.920653337099188,4.920653337099188,4.920653337099188,4.920653337099188,4.920653337099188,4.920653337099188,4.920653337099188,4.920653337099188,4.920653337099188,4.920653337099188,4.920653337099188,4.920653337099188,4.920653337099188,4.920653337099188,4.920653337099188,4.920653337099188,4.920653337099188,4.920653337099188,4.920653337099188,4.920653337099188,4.920653337099188,4.920653337099188,4.920653337099188,4.920653337099188,4.920653337099188,4.920653337099188,4.920653337099188,4.920653337099188,4.920653337099188,4.920653337099188,4.920653337099188,4.920653337099188,4.920653337099188,4.920653337099188,4.920653337099188,4.920653337099188,4.920653337099188,4.920653337099188,4.920653337099188,4.920653337099188,4.920653337099188,4.920653337099188,4.920653337099188,4.920653337099188,4.920653337099188,4.920653337099188,4.920653337099188,4.920653337099188,4.920653337099188,4.920653337099188,4.920653337099188,4.920653337099188,4.920653337099188,4.920653337099188,4.920653337099188,4.920653337099188,4.920653337099188,4.920653337099188,4.920653337099188,4.920653337099188,4.920653337099188,4.920653337099188,4.920653337099188,4.920653337099188,4.920653337099188,4.920653337099188,4.920653337099188,4.920653337099188,4.920653337099188,4.920653337099188,4.920653337099188,4.920653337099188,4.920653337099188,4.920653337099188,4.920653337099188,4.920653337099188,4.920653337099188,4.920653337099188,4.920653337099188,4.920653337099188,4.920653337099188,4.920653337099188,4.920653337099188,4.920653337099188,4.920653337099188,4.920653337099188,4.920653337099188,4.920653337099188,4.920653337099188,4.920653337099188,4.920653337099188,4.920653337099188,4.920653337099188,4.920653337099188,4.920653337099188,4.920653337099188,4.920653337099188,4.920653337099188,4.920653337099188,4.920653337099188,4.920653337099188,4.920653337099188,4.920653337099188,4.920653337099188,4.920653337099188,4.920653337099188,4.920653337099188,4.920653337099188,4.920653337099188,4.920653337099188,4.920653337099188,4.920653337099188,4.920653337099188,4.920653337099188,4.920653337099188,4.920653337099188,4.920653337099188,4.920653337099188,4.920653337099188,4.920653337099188,4.920653337099188,4.920653337099188,4.920653337099188,4.920653337099188,4.920653337099188,4.920653337099188,4.920653337099188,4.920653337099188,4.920653337099188,4.920653337099188,4.920653337099188,4.920653337099188,4.920653337099188,4.920653337099188,4.920653337099188,4.920653337099188,4.920653337099188,4.920653337099188,4.920653337099188,4.920653337099188,4.920653337099188,4.920653337099188,4.920653337099188,4.920653337099188,4.920653337099188,4.920653337099188,4.920653337099188,4.920653337099188,4.920653337099188,4.920653337099188,4.920653337099188,4.920653337099188,4.920653337099188,4.920653337099188,4.920653337099188,4.920653337099188,4.920653337099188,4.920653337099188,4.920653337099188,4.920653337099188,4.920653337099188,4.920653337099188,4.920653337099188,4.920653337099188,4.920653337099188,4.920653337099188,4.920653337099188,4.920653337099188,4.920653337099188,4.920653337099188,4.920653337099188,4.920653337099188,4.920653337099188,4.920653337099188,4.920653337099188,4.920653337099188,4.920653337099188,4.920653337099188,4.920653337099188,4.920653337099188,4.920653337099188,4.920653337099188,4.920653337099188,4.920653337099188,4.920653337099188,4.920653337099188,4.920653337099188,4.920653337099188,4.920653337099188,4.920653337099188,4.920653337099188,4.920653337099188,4.920653337099188,4.920653337099188,4.920653337099188,4.920653337099188,4.920653337099188,4.920653337099188,4.920653337099188,4.920653337099188,4.920653337099188,4.920653337099188,4.920653337099188,4.920653337099188,4.920653337099188,4.920653337099188,4.920653337099188,4.920653337099188,4.920653337099188,4.920653337099188,4.920653337099188,4.920653337099188,4.920653337099188,4.920653337099188,4.920653337099188,4.920653337099188,4.920653337099188,4.920653337099188,4.920653337099188,4.920653337099188,4.920653337099188,4.920653337099188,4.920653337099188,4.920653337099188,4.920653337099188,4.920653337099188,4.920653337099188,4.920653337099188,4.920653337099188,4.920653337099188,4.920653337099188,4.920653337099188,4.920653337099188,4.920653337099188,4.920653337099188,4.920653337099188,4.920653337099188,4.920653337099188,4.920653337099188,4.920653337099188,4.920653337099188,4.920653337099188,4.920653337099188,4.920653337099188,4.920653337099188,4.920653337099188,4.920653337099188,4.920653337099188,4.920653337099188,4.920653337099188,4.920653337099188,4.920653337099188,4.920653337099188,4.920653337099188,4.920653337099188,4.920653337099188,4.920653337099188,4.920653337099188,4.920653337099188,4.920653337099188,4.920653337099188,4.920653337099188,4.920653337099188,4.920653337099188,4.920653337099188,4.920653337099188,4.920653337099188,4.920653337099188,4.920653337099188,4.920653337099188,4.920653337099188,4.920653337099188,4.920653337099188,4.920653337099188,4.920653337099188,4.920653337099188,4.920653337099188,4.920653337099188,4.920653337099188,4.920653337099188,4.920653337099188,4.920653337099188,4.920653337099188,4.920653337099188,4.920653337099188,4.920653337099188,4.920653337099188,4.920653337099188,4.920653337099188,4.920653337099188,4.920653337099188,4.920653337099188,4.920653337099188,4.920653337099188,4.920653337099188,4.920653337099188,4.920653337099188,4.920653337099188,4.920653337099188,4.920653337099188,4.920653337099188,4.920653337099188,4.920653337099188,4.920653337099188,4.920653337099188,4.920653337099188,4.920653337099188,4.920653337099188,4.920653337099188,4.920653337099188,4.920653337099188,4.920653337099188,4.920653337099188,4.920653337099188,4.920653337099188,4.920653337099188,4.920653337099188,4.920653337099188,4.920653337099188,4.920653337099188,4.920653337099188,4.920653337099188,4.920653337099188,4.920653337099188,4.920653337099188,4.920653337099188,4.920653337099188,4.920653337099188,4.920653337099188,4.920653337099188,4.920653337099188,4.920653337099188,4.920653337099188,4.920653337099188,4.920653337099188,4.920653337099188,4.920653337099188,4.920653337099188,4.920653337099188,4.920653337099188,4.920653337099188,4.920653337099188,4.920653337099188,4.920653337099188,4.920653337099188,4.920653337099188,4.920653337099188,4.920653337099188,4.920653337099188,4.920653337099188,4.920653337099188,4.920653337099188,4.920653337099188,4.920653337099188,4.920653337099188,4.920653337099188,4.920653337099188,4.920653337099188,4.920653337099188,4.920653337099188,4.920653337099188,4.920653337099188,4.920653337099188,4.920653337099188,4.920653337099188,4.920653337099188,4.920653337099188,4.920653337099188,4.920653337099188,4.920653337099188,4.920653337099188,4.920653337099188,4.920653337099188,4.920653337099188,4.920653337099188,4.920653337099188,4.920653337099188,4.920653337099188,4.920653337099188,4.920653337099188,4.920653337099188,4.920653337099188,4.920653337099188,4.920653337099188,4.920653337099188,4.920653337099188,4.920653337099188,4.920653337099188,4.920653337099188,4.920653337099188,4.920653337099188,4.920653337099188,4.920653337099188,4.920653337099188,4.920653337099188,4.920653337099188,4.920653337099188,4.920653337099188,4.920653337099188,4.920653337099188,4.920653337099188,4.920653337099188,4.920653337099188,4.920653337099188,4.920653337099188,4.920653337099188,4.920653337099188,4.920653337099188,4.920653337099188,4.920653337099188,4.920653337099188,4.920653337099188,4.920653337099188,4.920653337099188,4.920653337099188,4.920653337099188,4.920653337099188,4.920653337099188,4.920653337099188,4.920653337099188,4.920653337099188,4.920653337099188,4.920653337099188,4.920653337099188,4.920653337099188,4.920653337099188,4.920653337099188,4.920653337099188,4.920653337099188,4.920653337099188,4.920653337099188,4.920653337099188,4.920653337099188,4.920653337099188,4.920653337099188,4.920653337099188,4.920653337099188,4.920653337099188,4.920653337099188,4.920653337099188,4.920653337099188,4.920653337099188,4.920653337099188,4.920653337099188,4.920653337099188,4.920653337099188,4.920653337099188,4.920653337099188,4.920653337099188,4.920653337099188,4.920653337099188,4.920653337099188,4.920653337099188,4.920653337099188,4.920653337099188,4.920653337099188,4.920653337099188,4.920653337099188,4.920653337099188,4.920653337099188,4.920653337099188,4.920653337099188,4.920653337099188,4.920653337099188,4.920653337099188,4.920653337099188,4.920653337099188,4.920653337099188,4.920653337099188,4.920653337099188,4.920653337099188,4.920653337099188,4.920653337099188,4.920653337099188,4.920653337099188,4.920653337099188,4.920653337099188,4.920653337099188,4.920653337099188,4.920653337099188,4.920653337099188,4.920653337099188,4.920653337099188,4.920653337099188,4.920653337099188,4.920653337099188,4.920653337099188,4.920653337099188,4.920653337099188,4.920653337099188,4.920653337099188,4.920653337099188,4.920653337099188,4.920653337099188,4.920653337099188,4.920653337099188,4.920653337099188,4.920653337099188,4.920653337099188,4.920653337099188,4.920653337099188,4.920653337099188,4.920653337099188,4.920653337099188,4.920653337099188,4.920653337099188,4.920653337099188,4.920653337099188,4.920653337099188,4.920653337099188,4.920653337099188,4.920653337099188,4.920653337099188,4.920653337099188,4.920653337099188,4.920653337099188,4.920653337099188,4.920653337099188,4.920653337099188,4.920653337099188,4.920653337099188,4.920653337099188,4.920653337099188,4.920653337099188,4.920653337099188,4.920653337099188,4.920653337099188,4.920653337099188,4.920653337099188,4.920653337099188,4.920653337099188,4.920653337099188,4.920653337099188,4.920653337099188,4.920653337099188,4.920653337099188,4.920653337099188,4.920653337099188,4.920653337099188,4.920653337099188,4.920653337099188,4.920653337099188,4.920653337099188,4.920653337099188,4.920653337099188,4.920653337099188,4.920653337099188,4.920653337099188,4.920653337099188,4.920653337099188,4.920653337099188,4.920653337099188,4.920653337099188,8.605421006628719,8.23570316586146,8.23570316586146,8.23570316586146,7.86928224988257,7.846494054021425,7.818121680713011,7.818121680713011,7.818121680713011,7.818121680713011,7.818121680713011,7.818121680713011,7.818121680713011,7.818121680713011,7.814133444756602,7.814133444756602,7.7694906687277925,7.7694906687277925,7.7694906687277925,7.7694906687277925,7.7694906687277925,7.7694906687277925,7.7694906687277925,7.7694906687277925,7.7694906687277925,7.7694906687277925,7.7694906687277925,7.613389473889416,7.613389473889416,7.613389473889416,7.613389473889416,7.613389473889416,7.613389473889416,7.613389473889416,7.613389473889416,7.613389473889416,7.613389473889416,7.613389473889416,7.613389473889416,7.613389473889416,7.613389473889416,7.613389473889416,7.613389473889416,7.613389473889416,7.613389473889416,7.613389473889416,7.613389473889416,7.613389473889416,7.613389473889416,7.613389473889416,7.613389473889416,7.613389473889416,7.613389473889416,7.613389473889416,7.613389473889416,7.476118210580349,7.476118210580349,7.476118210580349,7.476118210580349,7.476118210580349,7.476118210580349,7.476118210580349,7.476118210580349,7.476118210580349,7.476118210580349,7.476118210580349,7.476118210580349,7.476118210580349,7.476118210580349,7.476118210580349,7.476118210580349,7.476118210580349,7.476118210580349,7.476118210580349,7.476118210580349,7.476118210580349,7.476118210580349,7.476118210580349,7.476118210580349,7.476118210580349,7.476118210580349,7.476118210580349,7.476118210580349,7.476118210580349,7.476118210580349,7.476118210580349,7.476118210580349,7.476118210580349,7.476118210580349,7.476118210580349,7.476118210580349,7.476118210580349,7.476118210580349,7.476118210580349,7.476118210580349,7.476118210580349,7.476118210580349,7.476118210580349,7.476118210580349,7.476118210580349,7.476118210580349,7.476118210580349,7.476118210580349,7.476118210580349,7.476118210580349,7.476118210580349,7.476118210580349,7.476118210580349,7.476118210580349,7.476118210580349,7.431564162018005,7.335854531961949,6.726065141105617,6.726065141105617,6.726065141105617,6.726065141105617,6.726065141105617,6.725504191856072,6.725504191856072,6.725504191856072,6.725504191856072,6.725504191856072,6.725504191856072,6.725504191856072,6.725504191856072,6.725504191856072,6.725504191856072,6.725504191856072,6.725504191856072,6.725504191856072,6.725504191856072,6.725504191856072,6.725504191856072,6.725504191856072,6.725504191856072,6.725504191856072,6.725504191856072,6.725504191856072,6.725504191856072,6.725504191856072,6.725504191856072,6.725504191856072,6.725504191856072,6.725504191856072,6.725504191856072,6.725504191856072,6.725504191856072,6.725504191856072,6.725504191856072,6.725504191856072,6.725504191856072,6.725504191856072,6.725504191856072,6.725504191856072,6.725504191856072,6.725504191856072,6.725504191856072,6.725504191856072,6.725504191856072,6.725504191856072,6.725504191856072,6.725504191856072,6.725504191856072,6.725504191856072,6.725504191856072,6.725504191856072,6.725504191856072,6.725504191856072,6.725504191856072,6.725504191856072,6.725504191856072,6.725504191856072,6.725504191856072,6.725504191856072,6.725504191856072,6.725504191856072,6.725504191856072,6.725504191856072,6.725504191856072,6.725504191856072,6.725504191856072,6.725504191856072,6.725504191856072,6.725504191856072,6.725504191856072,6.725504191856072,6.725504191856072,6.725504191856072,6.725504191856072,6.725504191856072,6.725504191856072,6.725504191856072,6.725504191856072,6.725504191856072,6.725504191856072,6.725504191856072,6.725504191856072,6.725504191856072,6.725504191856072,6.725504191856072,6.725504191856072,6.725504191856072,6.725504191856072,6.725504191856072,6.725504191856072,6.725504191856072,6.725504191856072,6.725504191856072,6.725504191856072,6.725504191856072,5.364068403178556,4.9889309278428176,4.930177518423026,4.86550911133093,4.86550911133093,4.86550911133093,4.86550911133093,4.86550911133093,4.86550911133093,4.86550911133093,4.86550911133093,4.86550911133093,4.86550911133093,4.86550911133093,4.86550911133093,4.86550911133093,4.86550911133093,4.86550911133093,4.86550911133093,4.86550911133093,4.71784530958698,4.71784530958698,4.71784530958698,4.71784530958698,4.71784530958698,4.71784530958698,4.71784530958698,4.71784530958698,4.71784530958698,4.71784530958698,4.71784530958698,4.71784530958698,4.71784530958698,4.71784530958698,4.71784530958698,4.71784530958698,4.71784530958698,4.71784530958698,4.71784530958698,4.623608092579118,4.623608092579118,4.623608092579118,4.623608092579118,4.623608092579118,4.623608092579118,4.623608092579118,4.623608092579118,4.623608092579118,4.623608092579118,4.623608092579118,4.623608092579118,4.623608092579118,4.623608092579118,4.623608092579118,4.623608092579118,4.623608092579118,4.623608092579118,4.623608092579118,4.623608092579118,4.623608092579118,4.623608092579118,4.623608092579118,4.623608092579118,4.623608092579118,4.623608092579118,4.623608092579118,4.623608092579118,4.623608092579118,4.623608092579118,4.623608092579118,4.623608092579118,4.623608092579118,4.623608092579118,4.623608092579118,4.623608092579118,4.623608092579118,4.623608092579118,4.623608092579118,4.623608092579118,4.623608092579118,4.623608092579118,4.623608092579118,4.623608092579118,4.623608092579118,4.623608092579118,4.623608092579118,4.623608092579118,4.623608092579118,4.623608092579118,4.623608092579118,4.623608092579118,4.623608092579118,4.623608092579118,4.623608092579118,4.623608092579118,4.623608092579118,4.623608092579118,4.623608092579118,4.623608092579118,4.623608092579118,4.623608092579118,4.623608092579118,4.623608092579118,4.623608092579118,4.623608092579118,4.623608092579118,4.623608092579118,4.623608092579118,4.623608092579118,4.623608092579118,4.623608092579118,4.623608092579118,4.623608092579118,4.623608092579118,4.623608092579118,4.623608092579118,4.623608092579118,4.623608092579118,4.623608092579118,4.623608092579118,4.623608092579118,4.623608092579118,4.623608092579118,4.623608092579118,4.623608092579118,4.623608092579118,4.623608092579118,4.623608092579118,4.623608092579118,4.623608092579118,4.623608092579118,4.623608092579118,4.623608092579118,4.623608092579118,4.623608092579118,4.623608092579118,4.623608092579118,4.623608092579118,4.623608092579118,4.623608092579118,4.623608092579118,4.623608092579118,4.623608092579118,4.623608092579118,4.623608092579118,4.623608092579118,4.623608092579118,4.623608092579118,4.623608092579118,4.623608092579118,4.623608092579118,4.623608092579118,4.623608092579118,4.623608092579118,4.623608092579118,4.623608092579118,4.623608092579118,4.623608092579118,4.623608092579118,4.623608092579118,4.623608092579118,4.623608092579118,4.623608092579118,4.623608092579118,4.623608092579118,4.623608092579118,4.623608092579118,4.623608092579118,4.623608092579118,4.623608092579118,4.623608092579118,4.623608092579118,4.623608092579118,4.623608092579118,4.623608092579118,4.623608092579118,4.623608092579118,4.623608092579118,4.623608092579118,4.623608092579118,4.623608092579118,4.623608092579118,4.623608092579118,4.623608092579118,4.623608092579118,4.623608092579118,4.623608092579118,4.623608092579118,4.623608092579118,4.623608092579118,4.623608092579118,4.623608092579118,4.623608092579118,4.623608092579118,4.623608092579118,4.623608092579118,4.623608092579118,4.623608092579118,4.623608092579118,4.623608092579118,4.623608092579118,4.623608092579118,4.623608092579118,4.623608092579118,4.623608092579118,4.623608092579118,4.623608092579118,4.623608092579118,4.623608092579118,4.623608092579118,4.623608092579118,4.623608092579118,4.623608092579118,4.623608092579118,4.623608092579118,4.623608092579118,4.623608092579118,4.623608092579118,4.623608092579118,4.623608092579118,4.623608092579118,4.623608092579118,4.623608092579118,4.623608092579118,4.623608092579118,4.623608092579118,4.623608092579118,4.623608092579118,4.623608092579118,4.623608092579118,4.623608092579118,4.623608092579118,4.623608092579118,4.623608092579118,4.623608092579118,4.623608092579118,4.623608092579118,4.623608092579118,4.623608092579118,4.623608092579118,4.623608092579118,4.623608092579118,4.623608092579118,4.623608092579118,4.623608092579118,4.623608092579118,4.623608092579118,4.623608092579118,4.623608092579118,4.623608092579118,4.623608092579118,4.623608092579118,4.623608092579118,4.623608092579118,4.623608092579118,4.623608092579118,4.623608092579118,4.623608092579118,4.623608092579118,4.623608092579118,4.623608092579118,4.623608092579118,4.623608092579118,4.623608092579118,4.623608092579118,4.623608092579118,4.623608092579118,4.623608092579118,4.623608092579118,4.623608092579118,4.623608092579118,4.623608092579118,4.623608092579118,4.623608092579118,4.623608092579118,4.623608092579118,4.623608092579118,4.623608092579118,4.623608092579118,4.623608092579118,4.623608092579118,4.623608092579118,4.623608092579118,4.623608092579118,4.623608092579118,4.623608092579118,4.623608092579118,4.623608092579118,4.623608092579118,4.623608092579118,4.623608092579118,4.623608092579118,4.623608092579118,4.623608092579118,4.623608092579118,4.623608092579118,4.623608092579118,4.623608092579118,4.623608092579118,4.623608092579118,4.623608092579118,4.622581353453137,4.622581353453137,4.622581353453137,4.622581353453137,4.622581353453137,4.622581353453137,4.622581353453137,4.622581353453137,4.622581353453137,4.622581353453137,4.622581353453137,4.622581353453137,4.622581353453137,4.622581353453137,4.622581353453137,4.622581353453137,4.622581353453137,4.622581353453137,4.622581353453137,4.622581353453137,4.622581353453137,4.622581353453137,4.622581353453137,4.622581353453137,4.622581353453137,4.622581353453137,4.622581353453137,4.622581353453137,4.622581353453137,4.622581353453137,4.622581353453137,4.622581353453137,4.622581353453137,4.622581353453137,4.622581353453137,4.622581353453137,4.622581353453137,4.622581353453137,4.622581353453137,4.622581353453137,4.622581353453137,4.622581353453137,4.622581353453137,4.622581353453137,4.622581353453137,4.622581353453137,4.622581353453137,4.622581353453137,4.622581353453137,4.622581353453137,4.622581353453137,4.622581353453137,4.622581353453137,4.622581353453137,4.622581353453137,4.622581353453137,4.622581353453137,4.622581353453137,4.622581353453137,4.622581353453137,4.622581353453137,4.622581353453137,4.622581353453137,4.622581353453137,4.622581353453137,4.622581353453137,4.622581353453137,4.622581353453137,4.622581353453137,4.622581353453137,4.622581353453137,4.622581353453137,4.622581353453137,4.622581353453137,4.622581353453137,4.622581353453137,4.622581353453137,4.622581353453137,4.622581353453137,4.622581353453137,4.622581353453137,4.622581353453137,4.622581353453137,4.622581353453137,4.622581353453137,4.622581353453137,4.622581353453137,4.622581353453137,4.622581353453137,4.622581353453137,4.622581353453137,4.622581353453137,4.622581353453137,4.622581353453137,4.622581353453137,4.622581353453137,4.622581353453137,4.622581353453137,4.622581353453137,4.622581353453137,4.622581353453137,4.622581353453137,4.622581353453137,4.622581353453137,4.622581353453137,4.622581353453137,4.622581353453137,4.622581353453137,4.622581353453137,4.622581353453137,4.622581353453137,4.622581353453137,4.622581353453137,4.622581353453137,4.622581353453137,4.622581353453137,4.622581353453137,4.622581353453137,4.622581353453137,4.622581353453137,4.622581353453137,4.622581353453137,4.622581353453137,4.622581353453137,4.622581353453137,4.622581353453137,4.622581353453137,4.622581353453137,4.622581353453137,4.622581353453137,4.622581353453137,4.622581353453137,4.622581353453137,4.622581353453137,4.622581353453137,4.622581353453137,4.622581353453137,4.622581353453137,4.622581353453137,4.622581353453137,4.622581353453137,4.622581353453137,4.622581353453137,4.622581353453137,4.622581353453137,4.622581353453137,4.622581353453137,4.622581353453137,4.622581353453137,4.622581353453137,4.622581353453137,4.622581353453137,4.622581353453137,4.622581353453137,4.622581353453137,4.622581353453137,4.622581353453137,4.622581353453137,4.622581353453137,4.622581353453137,4.622581353453137,4.622581353453137,4.622581353453137,4.622581353453137,4.622581353453137,4.622581353453137,4.622581353453137,4.622581353453137,4.622581353453137,4.622581353453137,4.622581353453137,4.622581353453137,4.622581353453137,4.622581353453137,4.622581353453137,4.622581353453137,4.622581353453137,4.622581353453137,4.622581353453137,4.622581353453137,4.622581353453137,4.622581353453137,4.622581353453137,4.622581353453137,4.622581353453137,4.622581353453137,4.622581353453137,4.622581353453137,4.622581353453137,4.622581353453137,4.622581353453137,4.622581353453137,4.622581353453137,4.622581353453137,4.622581353453137,4.622581353453137,4.622581353453137,4.622581353453137,4.622581353453137,4.622581353453137,4.622581353453137,4.622581353453137,4.622581353453137,4.622581353453137,4.622581353453137,4.622581353453137,4.622581353453137,4.622581353453137,4.622581353453137,4.622581353453137,4.622581353453137,4.622581353453137,4.622581353453137,4.622581353453137,4.622581353453137,4.622581353453137,4.622581353453137,4.622581353453137,4.622581353453137,4.622581353453137,4.622581353453137,4.622581353453137,4.622581353453137,4.622581353453137,4.622581353453137,4.622581353453137,4.622581353453137,4.622581353453137,4.622581353453137,4.622581353453137,4.622581353453137,4.622581353453137,4.622581353453137,4.622581353453137,4.622581353453137,4.622581353453137,4.622581353453137,4.622581353453137,4.622581353453137,4.622581353453137,4.622581353453137,4.622581353453137,4.622581353453137,4.622581353453137,4.622581353453137,4.622581353453137,4.622581353453137,4.622581353453137,4.622581353453137,4.622581353453137,4.622581353453137,4.622581353453137,4.622581353453137,4.622581353453137,4.622581353453137,4.622581353453137,4.622581353453137,4.622581353453137,4.622581353453137,4.622581353453137,4.622581353453137,4.622581353453137,4.622581353453137,4.622581353453137,4.622581353453137,4.622581353453137,4.622581353453137,4.622581353453137,4.622581353453137,4.622581353453137,4.622581353453137,4.622581353453137,4.622581353453137,4.622581353453137,4.622581353453137,4.622581353453137,4.622581353453137,4.622581353453137,4.622581353453137,4.622581353453137,4.622581353453137,4.622581353453137,4.622581353453137,4.622581353453137,4.622581353453137,4.622581353453137,4.622581353453137,4.622581353453137,4.622581353453137,4.622581353453137,4.622581353453137,4.622581353453137,4.622581353453137,4.622581353453137,4.622581353453137,4.622581353453137,4.622581353453137,4.622581353453137,4.622581353453137,4.622581353453137,4.622581353453137,4.622581353453137,4.622581353453137,4.622581353453137,4.622581353453137,4.622581353453137,4.622581353453137,4.622581353453137,4.622581353453137,4.622581353453137,4.622581353453137,4.622581353453137,4.622581353453137,4.622581353453137,4.622581353453137,4.622581353453137,4.622581353453137,4.622581353453137,4.622581353453137,4.622581353453137,4.622581353453137,4.622581353453137,4.622581353453137,4.622581353453137,4.622581353453137,4.622581353453137,4.622581353453137,4.622581353453137,4.622581353453137,4.622581353453137,4.622581353453137,4.622581353453137,4.622581353453137,4.622581353453137,4.622581353453137,4.622581353453137,4.622581353453137,4.622581353453137,4.622581353453137,4.622581353453137,4.622581353453137,4.622581353453137,4.622581353453137,4.622581353453137,4.622581353453137,4.622581353453137,4.622581353453137,4.622581353453137,4.622581353453137,4.622581353453137,4.622581353453137,4.622581353453137,4.622581353453137,4.556786018565335,4.419053648694791,4.419053648694791,4.41526097014148,4.41526097014148,4.41526097014148,4.41526097014148,4.41526097014148,4.41526097014148,4.41526097014148,4.41526097014148,4.41526097014148,4.41526097014148,4.41526097014148,4.41526097014148,4.41526097014148,4.41526097014148,4.41526097014148,4.41526097014148,4.41526097014148,4.41526097014148,4.41526097014148,4.41526097014148,4.41526097014148,4.41526097014148,4.41526097014148,4.41526097014148,4.41526097014148,4.41526097014148,4.41526097014148,4.41526097014148,4.41526097014148,4.41526097014148,4.41526097014148,4.41526097014148,4.41526097014148,4.41526097014148,4.41526097014148,4.41526097014148,4.41526097014148,4.41526097014148,4.41526097014148,4.41526097014148,4.41526097014148,4.41526097014148,4.41526097014148,4.41526097014148,4.41526097014148,4.41526097014148,4.41526097014148,4.41526097014148,4.41526097014148,4.41526097014148,4.41526097014148,4.41526097014148,4.41526097014148,4.41526097014148,4.41526097014148,4.41526097014148,4.41526097014148,4.41526097014148,4.41526097014148,4.41526097014148,4.41526097014148,4.41526097014148,4.41526097014148,4.41526097014148,4.41526097014148,4.41526097014148,4.41526097014148,4.41526097014148,4.41526097014148,4.41526097014148,4.41526097014148,4.41526097014148,4.41526097014148,4.41526097014148,4.41526097014148,4.41526097014148,4.41526097014148,4.41526097014148,4.41526097014148,4.41526097014148,4.41526097014148,4.41526097014148,4.41526097014148,4.41526097014148,4.41526097014148,4.41526097014148,4.41526097014148,4.41526097014148,4.41526097014148,4.41526097014148,4.41526097014148,4.41526097014148,4.41526097014148,4.41526097014148,4.41526097014148,4.41526097014148,4.41526097014148,4.41526097014148,4.41526097014148,4.41526097014148,4.41526097014148,4.41526097014148,4.41526097014148,4.41526097014148,4.41526097014148,4.41526097014148,4.41526097014148,4.41526097014148,4.41526097014148,4.41526097014148,4.41526097014148,4.41526097014148,4.41526097014148,4.41526097014148,4.41526097014148,4.41526097014148,4.41526097014148,4.41526097014148,4.41526097014148,4.41526097014148,4.41526097014148,4.41526097014148,4.41526097014148,4.41526097014148,4.41526097014148,4.41526097014148,4.41526097014148,4.41526097014148,4.41526097014148,4.41526097014148,4.41526097014148,4.41526097014148,4.41526097014148,6.4707070568577265,6.4707070568577265,6.4707070568577265,6.4707070568577265,6.4707070568577265,6.4707070568577265,6.4707070568577265,6.4707070568577265,6.4707070568577265,6.4707070568577265,6.4707070568577265,6.4707070568577265,6.4707070568577265,6.4707070568577265,6.4707070568577265,6.4707070568577265,6.4707070568577265,6.4707070568577265,6.4707070568577265,6.4707070568577265,6.4707070568577265,6.4707070568577265,6.4701939991036275,6.4701939991036275,6.4701939991036275,6.4701939991036275,6.4701939991036275,6.4701939991036275,6.4701939991036275,6.4701939991036275,6.4701939991036275,6.4701939991036275,6.4701939991036275,6.4701939991036275,6.4701939991036275,6.4701939991036275,6.4701939991036275,6.4701939991036275,6.4701939991036275,6.4701939991036275,6.4701939991036275,6.4701939991036275,6.4701939991036275,6.4701939991036275,6.4701939991036275,6.4701939991036275,6.4701939991036275,6.4701939991036275,6.4701939991036275,6.4701939991036275,6.4701939991036275,6.4701939991036275,6.4701939991036275,6.4701939991036275,6.4701939991036275,6.4701939991036275,6.4701939991036275,6.4701939991036275,6.4701939991036275,6.4701939991036275,6.4701939991036275,6.4701939991036275,6.4701939991036275,6.4701939991036275,6.4701939991036275,6.4701939991036275,6.4701939991036275,6.4701939991036275,6.4701939991036275,6.4701939991036275,6.4701939991036275,6.4701939991036275,6.4701939991036275,6.4701939991036275,6.4701939991036275,6.4701939991036275,6.4701939991036275,6.4701939991036275,6.4701939991036275,6.4701939991036275,6.4701939991036275,6.4701939991036275,6.4701939991036275,6.4701939991036275,6.4701939991036275,6.4701939991036275,6.4701939991036275,6.4701939991036275,6.4701939991036275,6.4701939991036275,6.4701939991036275,6.4701939991036275,6.4701939991036275,6.4701939991036275,6.4701939991036275,6.4701939991036275,6.4701939991036275,6.4701939991036275,6.4701939991036275,6.4701939991036275,6.4701939991036275,6.4701939991036275,6.4701939991036275,6.4701939991036275,6.4701939991036275,6.4701939991036275,6.4701939991036275,6.4701939991036275,6.4701939991036275,6.4701939991036275,6.4701939991036275,6.4701939991036275,6.4701939991036275,6.4701939991036275,6.4701939991036275,6.4701939991036275,6.4701939991036275,6.4701939991036275,6.4701939991036275,6.4701939991036275,6.4701939991036275,6.4701939991036275,6.4701939991036275,6.4701939991036275,6.4701939991036275,6.4701939991036275,6.4701939991036275,6.409506058264521,5.654885675857293,5.348894524599399,5.348894524599399,4.978166485531159,4.978166485531159,4.96900298354503,4.96900298354503,4.96900298354503,4.96900298354503,4.96900298354503,4.96900298354503,4.96900298354503,4.937713633966845,4.937713633966845,4.937713633966845,4.8877186294554305,4.8877186294554305,4.8877186294554305,4.8877186294554305,4.8877186294554305,4.8877186294554305,4.8877186294554305,4.8877186294554305,4.8877186294554305,4.8877186294554305,4.8877186294554305,4.8877186294554305,4.8877186294554305,4.8877186294554305,4.8877186294554305,4.8877186294554305,4.8877186294554305,4.8877186294554305,4.8877186294554305,4.681260638451876,4.681260638451876,4.681260638451876,4.681260638451876,4.681260638451876,4.681260638451876,4.681260638451876,4.681260638451876,4.681260638451876,4.370012495161868,4.370012495161868,4.370012495161868,4.346129970507797,4.346129970507797,4.346129970507797,4.346129970507797,4.346129970507797,4.346129970507797,4.346129970507797,4.346129970507797,4.346129970507797,4.346129970507797,4.346129970507797,4.346129970507797,4.346129970507797,4.304770353596741,4.304770353596741,4.304770353596741,4.304770353596741,4.304770353596741,4.304770353596741,4.304770353596741,4.304770353596741,4.304770353596741,4.304770353596741,4.304770353596741,4.304770353596741,4.304770353596741,4.304770353596741,4.304770353596741,4.304770353596741,4.304770353596741,4.304770353596741,4.304770353596741,4.304770353596741,4.304770353596741,4.304770353596741,4.304770353596741,4.304770353596741,4.304770353596741,4.304770353596741,4.304770353596741,4.304770353596741,4.304770353596741,4.304770353596741,4.304770353596741,4.304770353596741,4.304770353596741,4.304770353596741,4.304770353596741,4.304770353596741,4.304770353596741,4.304770353596741,4.304770353596741,4.304770353596741,4.304770353596741,4.304770353596741,4.304770353596741,4.304770353596741,4.304770353596741,4.304770353596741,4.304770353596741,4.304770353596741,4.304770353596741,4.304770353596741,4.304770353596741,4.304770353596741,4.304770353596741,4.304770353596741,4.304770353596741,4.304770353596741,4.304770353596741,4.304770353596741,4.304770353596741,4.304770353596741,4.304770353596741,4.304770353596741,4.304770353596741,4.304770353596741,4.304770353596741,4.304770353596741,4.304770353596741,4.304770353596741,4.304770353596741,4.304770353596741,4.304770353596741,4.304770353596741,4.304770353596741,4.304770353596741,4.304770353596741,4.304770353596741,4.304770353596741,4.304770353596741,4.304770353596741,4.304770353596741,4.304770353596741,4.304770353596741,4.304770353596741,4.304770353596741,4.304770353596741,4.304770353596741,4.304770353596741,4.304770353596741,4.304770353596741,4.304770353596741,4.304770353596741,4.304770353596741,4.304770353596741,4.304770353596741,4.304770353596741,4.304770353596741,4.304770353596741,4.304770353596741,4.304770353596741,4.304770353596741,4.304770353596741,4.304770353596741,4.304770353596741,4.304770353596741,4.304770353596741,4.304770353596741,4.304770353596741,4.304770353596741,4.304770353596741,4.304770353596741,4.304770353596741,4.304770353596741,4.304770353596741,4.304770353596741,4.304770353596741,4.304770353596741,4.304770353596741,4.304770353596741,4.304770353596741,4.304770353596741,4.304770353596741,4.304770353596741,4.304770353596741,4.304770353596741,4.304770353596741,4.304770353596741,4.304770353596741,4.304770353596741,4.304770353596741,4.304770353596741,4.304770353596741,4.304770353596741,4.304770353596741,4.304770353596741,4.304770353596741,4.304770353596741,4.304770353596741,4.304770353596741,4.304770353596741,4.304770353596741,4.304770353596741,4.304770353596741,4.304770353596741,4.304770353596741,4.304770353596741,4.304770353596741,4.304770353596741,4.304770353596741,4.304770353596741,4.304770353596741,4.304770353596741,4.304770353596741,4.304770353596741,4.304770353596741,4.304770353596741,4.304770353596741,4.304770353596741,4.304770353596741,4.304770353596741,4.304770353596741,4.304770353596741,4.304770353596741,4.304770353596741,4.304770353596741,4.304770353596741,4.304770353596741,4.304770353596741,4.304770353596741,4.304770353596741,4.304770353596741,4.304770353596741,4.304770353596741,4.304770353596741,4.304770353596741,4.304770353596741,4.304770353596741,4.304770353596741,4.304770353596741,4.304770353596741,4.304770353596741,4.304770353596741,4.304770353596741,4.304770353596741,4.304770353596741,4.304770353596741,4.304770353596741,4.304770353596741,4.304770353596741,4.304770353596741,4.304770353596741,4.304770353596741,4.304770353596741,4.304770353596741,4.304770353596741,4.304770353596741,4.304770353596741,4.304770353596741,4.304770353596741,4.304770353596741,4.304770353596741,4.304770353596741,4.304770353596741,4.304770353596741,4.304770353596741,4.304770353596741,4.304770353596741,4.304770353596741,4.304770353596741,4.304770353596741,4.304770353596741,4.304770353596741,4.304770353596741,4.304770353596741,4.304770353596741,4.304770353596741,4.304770353596741,4.304770353596741,4.304770353596741,4.304770353596741,4.304770353596741,4.304770353596741,4.304770353596741,4.304770353596741,4.304770353596741,4.304770353596741,4.304770353596741,4.304770353596741,4.304770353596741,4.304770353596741,4.304770353596741,4.304770353596741,4.304770353596741,4.304770353596741,4.304770353596741,4.096694967083496,4.096694967083496,4.096694967083496,4.096694967083496,4.096694967083496,4.096694967083496,4.096694967083496,4.096694967083496,4.096694967083496,4.096694967083496,4.096694967083496,4.096694967083496,4.096694967083496,4.096694967083496,4.096694967083496,4.096694967083496,4.096694967083496,4.096694967083496,4.096694967083496,4.096694967083496,4.096694967083496,4.096694967083496,4.096694967083496,4.096694967083496,4.096694967083496,4.096694967083496,4.096694967083496,4.096694967083496,4.096694967083496,4.096694967083496,4.096694967083496,4.096694967083496,4.096694967083496,4.096694967083496,4.096694967083496,4.096694967083496,4.096694967083496,4.096694967083496,4.096694967083496,4.096694967083496,4.096694967083496,4.096694967083496,4.096694967083496,4.096694967083496,4.096694967083496,4.096694967083496,4.096694967083496,4.096694967083496,4.096694967083496,4.096694967083496,4.096694967083496,4.096694967083496,4.096694967083496,4.096694967083496,4.096694967083496,4.096694967083496,4.096694967083496,4.096694967083496,4.096694967083496,4.096694967083496,4.096694967083496,4.096694967083496,4.096694967083496,4.096694967083496,4.096694967083496,4.096694967083496,4.096694967083496,4.096694967083496,4.096694967083496,4.096694967083496,4.096694967083496,4.096694967083496,4.096694967083496,4.096694967083496,4.096694967083496,4.096694967083496,4.096694967083496,4.096694967083496,4.096694967083496,4.096694967083496,4.096694967083496,4.096694967083496,4.096694967083496,4.096694967083496,4.096694967083496,4.096694967083496,4.096694967083496,4.096694967083496,4.096694967083496,4.096694967083496,4.096694967083496,4.096694967083496,4.096694967083496,4.096694967083496,4.096694967083496,4.096694967083496,4.096694967083496,4.096694967083496,4.096694967083496,4.096694967083496,4.096694967083496,4.096694967083496,4.096694967083496,4.096694967083496,4.096694967083496,4.096694967083496,4.096694967083496,4.096694967083496,3.9068684792989163,3.7660082429925286,3.7660082429925286,3.7660082429925286,3.7660082429925286,3.7660082429925286,3.7660082429925286,3.7660082429925286,3.7660082429925286,3.7660082429925286,3.7660082429925286,3.7660082429925286,3.7660082429925286,3.7660082429925286,3.7660082429925286,3.7660082429925286,3.7660082429925286,3.7660082429925286,3.7660082429925286,3.7660082429925286,3.7660082429925286,3.7660082429925286,3.7660082429925286,3.7660082429925286,3.7660082429925286,3.7660082429925286,3.7660082429925286,3.7660082429925286,3.7660082429925286,3.7660082429925286,3.7660082429925286,3.7660082429925286,3.7660082429925286,3.7660082429925286,3.7660082429925286,3.7660082429925286,3.7660082429925286,3.7660082429925286,3.7660082429925286,3.7660082429925286,3.7660082429925286,3.7660082429925286,3.7660082429925286,3.7660082429925286,3.7660082429925286,3.7660082429925286,3.7660082429925286,3.7660082429925286,3.7660082429925286,3.7660082429925286,3.7660082429925286,3.7660082429925286,3.7660082429925286,3.7660082429925286,3.7660082429925286,3.7660082429925286,3.7660082429925286,3.7660082429925286,3.7660082429925286,3.7660082429925286,3.7660082429925286,3.7660082429925286,3.7660082429925286,3.7660082429925286,3.7660082429925286,3.7660082429925286,3.7660082429925286,3.7660082429925286,3.7660082429925286,3.7660082429925286,3.7660082429925286,3.7660082429925286,3.7660082429925286,3.7660082429925286,3.7660082429925286,3.7660082429925286,3.7660082429925286,3.7660082429925286,3.7660082429925286,3.7660082429925286,3.7660082429925286,3.7660082429925286,3.7660082429925286,3.7660082429925286,3.7660082429925286,3.7660082429925286,3.7660082429925286,3.7660082429925286,3.7660082429925286,3.7660082429925286,3.7660082429925286,3.7660082429925286,3.7660082429925286,3.7660082429925286,3.7660082429925286,3.7660082429925286,3.7660082429925286,3.7660082429925286,3.7660082429925286,3.7660082429925286,3.7660082429925286,3.7660082429925286,3.7660082429925286,3.7660082429925286,3.7660082429925286,3.7660082429925286,3.7660082429925286,3.7660082429925286,3.7660082429925286,3.7660082429925286,3.7660082429925286,3.7660082429925286,3.7660082429925286,3.7660082429925286,3.7660082429925286,3.7660082429925286,3.7660082429925286,3.7660082429925286,3.7660082429925286,3.7660082429925286,3.7660082429925286,3.7660082429925286,3.7660082429925286,3.7660082429925286,3.7660082429925286,3.7660082429925286,3.7660082429925286,3.7660082429925286,3.7660082429925286,3.7660082429925286,3.7660082429925286,3.7660082429925286,3.7660082429925286,3.7660082429925286,3.7660082429925286,3.7660082429925286,3.7660082429925286,3.7660082429925286,3.7660082429925286,3.7660082429925286,3.7660082429925286,3.7660082429925286,3.7660082429925286,3.7660082429925286,3.7660082429925286,3.7660082429925286,3.7660082429925286,3.7660082429925286,3.7660082429925286,3.7660082429925286,3.7660082429925286,3.7660082429925286,3.7660082429925286,3.7660082429925286,3.7660082429925286,3.7660082429925286,3.7660082429925286,3.7660082429925286,3.7660082429925286,3.7660082429925286,3.7660082429925286,3.7660082429925286,3.7660082429925286,3.7660082429925286,3.7660082429925286,3.7660082429925286,3.7660082429925286,3.7660082429925286,3.7660082429925286,3.7660082429925286,3.7660082429925286,3.7660082429925286,3.7660082429925286,3.7660082429925286,3.7660082429925286,3.7660082429925286,3.7660082429925286,3.7660082429925286,3.7660082429925286,3.7660082429925286,3.7660082429925286,3.7660082429925286,3.7660082429925286,3.7660082429925286,3.7660082429925286,3.7660082429925286,3.7660082429925286,3.7660082429925286,3.7660082429925286,3.7660082429925286,3.7660082429925286,3.7660082429925286,3.7660082429925286,3.7660082429925286,3.7660082429925286,3.7660082429925286,3.7660082429925286,3.7660082429925286,3.7660082429925286,3.7660082429925286,3.7660082429925286,3.7660082429925286,3.7660082429925286,3.7660082429925286,3.7660082429925286,3.7660082429925286,3.7660082429925286,3.7660082429925286,3.7660082429925286,3.7660082429925286,3.7660082429925286,3.7660082429925286,3.7660082429925286,3.7660082429925286,3.7660082429925286,3.7660082429925286,3.7660082429925286,3.7660082429925286,3.7660082429925286,3.7660082429925286,3.7660082429925286,3.7660082429925286,3.7660082429925286,3.7660082429925286,3.7660082429925286,3.7660082429925286,3.7660082429925286,3.7660082429925286,3.7660082429925286,3.7660082429925286,3.7660082429925286,3.7660082429925286,3.7660082429925286,3.7660082429925286,3.7660082429925286,3.7660082429925286,3.7660082429925286,3.7660082429925286,3.7660082429925286,3.7660082429925286,3.7660082429925286,3.7660082429925286,3.7660082429925286,3.7660082429925286,3.7660082429925286,3.7660082429925286,3.7660082429925286,3.7660082429925286,3.7660082429925286,3.7660082429925286,3.7660082429925286,3.7660082429925286,3.7660082429925286,3.7660082429925286,3.7660082429925286,3.7660082429925286,3.7660082429925286,3.7660082429925286,3.7660082429925286,3.7660082429925286,3.7660082429925286,3.7660082429925286,3.7660082429925286,3.7660082429925286,3.7660082429925286,3.7660082429925286,3.7660082429925286,3.7660082429925286,3.7660082429925286,3.7660082429925286,3.7660082429925286,3.7660082429925286,3.7660082429925286,3.7660082429925286,3.7660082429925286,3.7660082429925286,3.7660082429925286,3.7660082429925286,3.7660082429925286,3.7660082429925286,3.7660082429925286,3.7660082429925286,3.7660082429925286,3.7660082429925286,3.7660082429925286,3.7660082429925286,3.7660082429925286,3.7660082429925286,3.7660082429925286,3.7660082429925286,3.7660082429925286,3.7660082429925286,3.7660082429925286,3.7660082429925286,3.7660082429925286,3.7660082429925286,3.7660082429925286,3.7660082429925286,3.7660082429925286,3.7660082429925286,3.7660082429925286,3.7660082429925286,3.7660082429925286,3.7660082429925286,3.7660082429925286,3.7660082429925286,3.7660082429925286,3.7660082429925286,3.7660082429925286,3.7660082429925286,3.7660082429925286,3.7660082429925286,3.7660082429925286,3.7660082429925286,3.7660082429925286,3.7660082429925286,3.7660082429925286,3.7660082429925286,3.7660082429925286,3.7660082429925286,3.7660082429925286,3.7660082429925286,3.7660082429925286,3.7660082429925286,3.7660082429925286,3.7660082429925286,3.7660082429925286,3.7660082429925286,3.7660082429925286,3.7660082429925286,3.7660082429925286,3.7660082429925286,3.7660082429925286,3.7660082429925286,3.7660082429925286,3.7660082429925286,3.7660082429925286,3.7660082429925286,3.7660082429925286,3.7660082429925286,3.7660082429925286,3.7660082429925286,3.7660082429925286,3.7660082429925286,3.7660082429925286,3.7660082429925286,3.7660082429925286,3.7660082429925286,3.7660082429925286,3.7660082429925286,3.7660082429925286,3.7660082429925286,3.7660082429925286,3.7660082429925286,3.7660082429925286,3.7660082429925286,3.7660082429925286,3.7660082429925286,3.7660082429925286,3.7660082429925286,3.7660082429925286,3.7660082429925286,3.7660082429925286,3.7660082429925286,3.7660082429925286,3.7660082429925286,3.7660082429925286,3.7660082429925286,3.7660082429925286,3.7660082429925286,3.7660082429925286,3.7660082429925286,3.7660082429925286,3.7660082429925286,3.7660082429925286,3.7660082429925286,3.7660082429925286,3.7660082429925286,3.7660082429925286,3.7660082429925286,3.7660082429925286,3.7660082429925286,3.7660082429925286,3.7660082429925286,3.7660082429925286,3.7660082429925286,3.7660082429925286,3.7660082429925286,3.7660082429925286,3.7660082429925286,3.7660082429925286,3.7660082429925286,3.7660082429925286,3.7660082429925286,3.7660082429925286,3.7660082429925286,3.7660082429925286,3.7660082429925286,3.7660082429925286,3.7660082429925286,3.7660082429925286,3.7660082429925286,3.7660082429925286,3.7660082429925286,3.7660082429925286,3.7660082429925286,3.7660082429925286,3.7660082429925286,3.7660082429925286,3.7660082429925286,3.7660082429925286,3.7660082429925286,3.7660082429925286,3.7660082429925286,3.7660082429925286,3.7660082429925286,3.7660082429925286,3.7660082429925286,3.7660082429925286,3.7660082429925286,3.7660082429925286,3.7660082429925286,3.7660082429925286,3.7660082429925286,3.7660082429925286,3.7660082429925286,3.7660082429925286,3.7660082429925286,3.7660082429925286,3.7660082429925286,3.7660082429925286,3.7660082429925286,3.7660082429925286,3.7660082429925286,3.7660082429925286,3.7660082429925286,3.7660082429925286,3.7660082429925286,3.7660082429925286,3.7660082429925286,3.7660082429925286,3.7660082429925286,3.7660082429925286,3.7660082429925286,3.7660082429925286,3.7660082429925286,3.7660082429925286,3.7660082429925286,3.7660082429925286,3.7660082429925286,3.7660082429925286,3.7660082429925286,3.7660082429925286,3.7660082429925286,3.7660082429925286,3.7660082429925286,3.7660082429925286,3.7660082429925286,3.7660082429925286,3.7660082429925286,3.7660082429925286,3.7660082429925286,3.7660082429925286,3.7660082429925286,3.7660082429925286,3.7660082429925286,3.7660082429925286,3.7660082429925286,3.7660082429925286,3.7660082429925286,3.7660082429925286,7.197432340060094,7.197432340060094,7.197432340060094,7.197432340060094,7.197432340060094,7.197432340060094,7.197432340060094,7.197432340060094,7.197432340060094,6.9505346722605985,6.9505346722605985,6.9505346722605985,6.9505346722605985,6.9505346722605985,6.9505346722605985,6.9505346722605985,6.9505346722605985,6.9505346722605985,6.9505346722605985,6.9505346722605985,6.9505346722605985,6.9505346722605985,6.941776597137347,6.941776597137347,6.941776597137347,6.941776597137347,6.941776597137347,6.941776597137347,6.941776597137347,6.941776597137347,6.941776597137347,6.941776597137347,6.941776597137347,6.941776597137347,6.941776597137347,6.941776597137347,6.941776597137347,6.941776597137347,6.941776597137347,6.941776597137347,6.941776597137347,6.941776597137347,6.941776597137347,6.941776597137347,6.7999277306247485,6.7999277306247485,6.7999277306247485,6.7999277306247485,6.7999277306247485,6.7999277306247485,6.7999277306247485,6.7999277306247485,6.7999277306247485,6.7999277306247485,6.7999277306247485,6.7999277306247485,6.7999277306247485,6.7999277306247485,6.7999277306247485,6.7999277306247485,6.7999277306247485,6.7999277306247485,6.7999277306247485,6.7999277306247485,6.7999277306247485,6.7999277306247485,6.7999277306247485,6.7999277306247485,6.7999277306247485,6.7999277306247485,6.7999277306247485,6.7999277306247485,6.7999277306247485,6.7999277306247485,6.7999277306247485,6.7999277306247485,6.7999277306247485,6.7999277306247485,6.7999277306247485,6.7999277306247485,6.7999277306247485,6.7999277306247485,6.7999277306247485,6.7999277306247485,6.7999277306247485,6.7999277306247485,6.7999277306247485,6.7999277306247485,6.7999277306247485,6.7999277306247485,6.7999277306247485,6.7999277306247485,6.7999277306247485,6.7999277306247485,6.7999277306247485,6.7999277306247485,6.7999277306247485,6.7999277306247485,6.7999277306247485,6.7999277306247485,6.794385204019679,5.418255588767847,5.412387615586727,5.412387615586727,5.282198613193051,5.282198613193051,5.273162432553657,5.273162432553657,5.273162432553657,5.273162432553657,5.273162432553657,5.273162432553657,5.273162432553657,5.273162432553657,5.273162432553657,5.273162432553657,5.273162432553657,5.273162432553657,5.273162432553657,5.273162432553657,5.273162432553657,5.273162432553657,5.273162432553657,5.273162432553657,5.273162432553657,5.273162432553657,5.273162432553657,5.273162432553657,5.273162432553657,5.273162432553657,5.273162432553657,5.273162432553657,5.273162432553657,5.271673309910838,5.271673309910838,5.271673309910838,5.271673309910838,5.271673309910838,5.271673309910838,5.258989507362372,5.258989507362372,5.258989507362372,5.258989507362372,5.258989507362372,5.258989507362372,5.258989507362372,5.258989507362372,5.258989507362372,5.258989507362372,5.258989507362372,5.258989507362372,5.258989507362372,5.258989507362372,5.258989507362372,5.258989507362372,5.258989507362372,5.258989507362372,5.258989507362372,5.258989507362372,5.258989507362372,5.258989507362372,5.258989507362372,5.258989507362372,5.258989507362372,5.258989507362372,5.258989507362372,5.258989507362372,5.258989507362372,5.258989507362372,5.258989507362372,5.258989507362372,5.258989507362372,5.258989507362372,5.091516197426246,5.091516197426246,5.091516197426246,5.091516197426246,5.091516197426246,5.091516197426246,5.091516197426246,5.091516197426246,5.091516197426246,5.091516197426246,5.091516197426246,5.091516197426246,5.091516197426246,5.091516197426246,5.091516197426246,5.091516197426246,5.091516197426246,5.091516197426246,5.091516197426246,5.091516197426246,5.091516197426246,5.091516197426246,5.091516197426246,5.091516197426246,5.091516197426246,5.091516197426246,5.091516197426246,5.091516197426246,5.091516197426246,5.091516197426246,5.091516197426246,5.091516197426246,5.091516197426246,5.091516197426246,5.091516197426246,5.091516197426246,5.091516197426246,5.091516197426246,5.091516197426246,5.091516197426246,5.091516197426246,5.091516197426246,5.091516197426246,5.091516197426246,5.091516197426246,5.091516197426246,5.091516197426246,5.091516197426246,5.091516197426246,5.091516197426246,5.091516197426246,5.091516197426246,5.091516197426246,5.091516197426246,5.091516197426246,5.091516197426246,5.091516197426246,5.091516197426246,5.091516197426246,5.091516197426246,5.091516197426246,5.091516197426246,5.091516197426246,5.091516197426246,5.091516197426246,5.091516197426246,5.091516197426246,5.091516197426246,5.091516197426246,5.091516197426246,5.091516197426246,5.091516197426246,5.091516197426246,5.091516197426246,5.091516197426246,5.091516197426246,5.091516197426246,5.091516197426246,5.091516197426246,5.091516197426246,5.091516197426246,5.091516197426246,5.091516197426246,5.091516197426246,5.091516197426246,5.091516197426246,5.091516197426246,5.091516197426246,5.091516197426246,5.091516197426246,5.091516197426246,5.091516197426246,5.091516197426246,5.091516197426246,5.091516197426246,5.091516197426246,5.091516197426246,5.091516197426246,5.091516197426246,5.091516197426246,5.091516197426246,5.091516197426246,5.091516197426246,5.091516197426246,5.091516197426246,5.091516197426246,5.091516197426246,5.091516197426246,5.091516197426246,5.091516197426246,5.091516197426246,5.091516197426246,5.091516197426246,5.091516197426246,5.091516197426246,5.091516197426246,5.091516197426246,5.091516197426246,5.091516197426246,5.091516197426246,5.091516197426246,5.091516197426246,5.091516197426246,5.091516197426246,5.091516197426246,5.091516197426246,5.091516197426246,5.091516197426246,5.091516197426246,5.091516197426246,5.091516197426246,5.091516197426246,5.091516197426246,5.091516197426246,5.091516197426246,5.091516197426246,5.091516197426246,5.091516197426246,5.091516197426246,5.091516197426246,5.091516197426246,5.091516197426246,5.091516197426246,5.091516197426246,5.091516197426246,5.091516197426246,5.091516197426246,5.091516197426246,5.091516197426246,5.091516197426246,5.091516197426246,5.091516197426246,5.091516197426246,5.091516197426246,5.091516197426246,5.091516197426246,5.091516197426246,5.091516197426246,5.091516197426246,5.091516197426246,5.091516197426246,5.091516197426246,5.091516197426246,5.091516197426246,5.091516197426246,5.091516197426246,5.091516197426246,5.091516197426246,5.091516197426246,5.091516197426246,5.091516197426246,5.091516197426246,5.091516197426246,5.091516197426246,5.091516197426246,5.091516197426246,5.091516197426246,5.091516197426246,5.091516197426246,5.091516197426246,5.091516197426246,5.091516197426246,5.091516197426246,5.091516197426246,5.091516197426246,5.091516197426246,5.091516197426246,5.091516197426246,5.091516197426246,5.091516197426246,5.091516197426246,5.091516197426246,5.091516197426246,5.091516197426246,5.091516197426246,5.091516197426246,5.091516197426246,5.091516197426246,5.091516197426246,5.091516197426246,5.091516197426246,5.091516197426246,5.091516197426246,5.091516197426246,5.091516197426246,5.091516197426246,5.091516197426246,5.091516197426246,5.091516197426246,5.091516197426246,5.091516197426246,5.091516197426246,5.091516197426246,5.091516197426246,5.091516197426246,5.091516197426246,5.091516197426246,5.091516197426246,5.091516197426246,5.091516197426246,5.091516197426246,5.091516197426246,5.091516197426246,5.091516197426246,5.091516197426246,5.091516197426246,5.091516197426246,5.091516197426246,5.091516197426246,5.091516197426246,5.091516197426246,5.091516197426246,5.091516197426246,5.091516197426246,5.091516197426246,5.091516197426246,5.091516197426246,5.091516197426246,5.091516197426246,5.091516197426246,5.091516197426246,5.091516197426246,5.091516197426246,5.091516197426246,5.091516197426246,5.091516197426246,5.091516197426246,5.091516197426246,5.091516197426246,5.091516197426246,5.091516197426246,5.091516197426246,5.091516197426246,5.091516197426246,5.091516197426246,5.091516197426246,5.091516197426246,5.091516197426246,5.091516197426246,5.091516197426246,5.091516197426246,5.091516197426246,5.091516197426246,5.091516197426246,5.091516197426246,5.091516197426246,5.091516197426246,5.091516197426246,5.091516197426246,5.091516197426246,5.091516197426246,5.091516197426246,5.091516197426246,5.091516197426246,5.091516197426246,5.091516197426246,5.091516197426246,5.091516197426246,5.091516197426246,5.091516197426246,5.091516197426246,5.091516197426246,5.091516197426246,5.091516197426246,5.091516197426246,5.091516197426246,5.091516197426246,5.091516197426246,5.091516197426246,5.091516197426246,5.091516197426246,5.091516197426246,5.091516197426246,5.091516197426246,5.091516197426246,5.091516197426246,5.091516197426246,5.091516197426246,5.091516197426246,5.091516197426246,5.091516197426246,5.091516197426246,5.091516197426246,5.091516197426246,5.091516197426246,5.091516197426246,5.091516197426246,5.091516197426246,5.091516197426246,5.091516197426246,5.091516197426246,5.091516197426246,5.091516197426246,5.091516197426246,5.091516197426246,5.091516197426246,5.091516197426246,5.091516197426246,5.091516197426246,5.091516197426246,5.091516197426246,5.091516197426246,5.091516197426246,5.091516197426246,5.091516197426246,5.091516197426246,5.091516197426246,5.091516197426246,5.091516197426246,5.091516197426246,5.091516197426246,5.091516197426246,5.091516197426246,5.091516197426246,5.091516197426246,5.091516197426246,5.091516197426246,5.091516197426246,5.091516197426246,5.091516197426246,5.091516197426246,5.091516197426246,5.091516197426246,5.091516197426246,5.091516197426246,5.091516197426246,5.091516197426246,5.091516197426246,5.091516197426246,5.091516197426246,5.091516197426246,5.091516197426246,5.091516197426246,5.091516197426246,5.091516197426246,5.091516197426246,5.091516197426246,5.091516197426246,5.091516197426246,5.091516197426246,5.091516197426246,5.091516197426246,5.091516197426246,5.091516197426246,5.091516197426246,5.091516197426246,5.091516197426246,5.091516197426246,5.091516197426246,5.091516197426246,5.091516197426246,5.091516197426246,5.091516197426246,5.091516197426246,5.091516197426246,5.091516197426246,5.091516197426246,5.091516197426246,5.091516197426246,5.091516197426246,5.091516197426246,5.091516197426246,5.091516197426246,5.091516197426246,5.091516197426246,5.091516197426246,5.091516197426246,5.091516197426246,5.091516197426246,5.091516197426246,5.091516197426246,5.091516197426246,5.091516197426246,5.091516197426246,5.091516197426246,5.091516197426246,5.091516197426246,5.091516197426246,5.091516197426246,5.091516197426246,5.091516197426246,5.091516197426246,5.091516197426246,5.091516197426246,5.091516197426246,5.091516197426246,5.091516197426246,5.091516197426246,5.091516197426246,5.091516197426246,5.091516197426246,5.091516197426246,5.091516197426246,5.091516197426246,5.091516197426246,5.091516197426246,5.091516197426246,5.091516197426246,5.091516197426246,5.091516197426246,5.091516197426246,5.091516197426246,5.091516197426246,5.091516197426246,5.091516197426246,5.091516197426246,5.091516197426246,5.091516197426246,5.091516197426246,5.091516197426246,5.091516197426246,5.091516197426246,5.091516197426246,5.091516197426246,5.091516197426246,5.091516197426246,5.091516197426246,5.091516197426246,5.091516197426246,5.091516197426246,5.091516197426246,5.091516197426246,5.091516197426246,5.091516197426246,5.091516197426246,5.091516197426246,5.091516197426246,5.091516197426246,5.091516197426246,5.091516197426246,5.091516197426246,5.091516197426246,5.091516197426246,5.091516197426246,5.091516197426246,5.091516197426246,5.091516197426246,5.091516197426246,5.091516197426246,5.091516197426246,5.091516197426246,5.091516197426246,5.091516197426246,5.091516197426246,5.091516197426246,5.091516197426246,5.091516197426246,5.091516197426246,5.091516197426246,5.091516197426246,5.091516197426246,5.091516197426246,5.091516197426246,5.091516197426246,5.091516197426246,5.091516197426246,5.091516197426246,5.091516197426246,5.091516197426246,5.091516197426246,5.091516197426246,5.091516197426246,5.091516197426246,5.091516197426246,5.091516197426246,5.091516197426246,5.091516197426246,5.091516197426246,5.091516197426246,5.091516197426246,5.091516197426246,5.091516197426246,5.091516197426246,5.091516197426246,5.091516197426246,5.091516197426246,5.091516197426246,5.091516197426246,5.091516197426246,5.091516197426246,5.091516197426246,5.091516197426246,5.091516197426246,5.091516197426246,5.091516197426246,5.091516197426246,5.091516197426246,5.091516197426246,5.091516197426246,5.091516197426246,5.091516197426246,5.091516197426246,5.091516197426246,5.091516197426246,5.091516197426246,5.091516197426246,5.091516197426246,5.091516197426246,5.091516197426246,5.091516197426246,5.091516197426246,5.091516197426246,5.091516197426246,5.091516197426246,5.091516197426246,5.091516197426246,5.091516197426246,5.091516197426246,5.091516197426246,5.091516197426246,4.951686137906857,4.951686137906857,4.951686137906857,4.951686137906857,4.951686137906857,4.951686137906857,4.951686137906857,4.951686137906857,4.951686137906857,4.951686137906857,4.951686137906857,4.951686137906857,4.951686137906857,4.951686137906857,4.951686137906857,4.951686137906857,4.951686137906857,4.951686137906857,4.951686137906857,4.951686137906857,4.951686137906857,4.951686137906857,4.951686137906857,4.951686137906857,4.951686137906857,4.951686137906857,4.951686137906857,4.951686137906857,4.951686137906857,4.951686137906857,4.951686137906857,4.951686137906857,4.951686137906857,4.951686137906857,4.951686137906857,4.951686137906857,4.951686137906857,4.951686137906857,4.951686137906857,4.951686137906857,4.951686137906857,4.951686137906857,4.951686137906857,4.951686137906857,4.951686137906857,4.951686137906857,4.951686137906857,4.951686137906857,4.951686137906857,4.951686137906857,4.951686137906857,4.951686137906857,4.951686137906857,4.951686137906857,4.951686137906857,4.951686137906857,4.951686137906857,4.951686137906857,4.951686137906857,4.951686137906857,4.951686137906857,4.951686137906857,4.951686137906857,4.951686137906857,4.951686137906857,4.951686137906857,4.951686137906857,4.951686137906857,4.951686137906857,4.951686137906857,4.951686137906857,4.951686137906857,4.951686137906857,4.951686137906857,4.951686137906857,4.951686137906857,4.951686137906857,4.951686137906857,4.951686137906857,4.951686137906857,4.951686137906857,4.951686137906857,4.951686137906857,4.951686137906857,4.951686137906857,4.951686137906857,4.951686137906857,4.951686137906857,4.951686137906857,4.951686137906857,4.951686137906857,4.951686137906857,4.951686137906857,4.951686137906857,4.951686137906857,4.951686137906857,4.951686137906857,4.951686137906857,4.951686137906857,4.951686137906857,4.951686137906857,4.951686137906857,4.951686137906857,4.951686137906857,4.951686137906857,4.951686137906857,4.951686137906857,4.951686137906857,4.951686137906857,4.951686137906857,4.951686137906857,4.951686137906857,4.951686137906857,4.951686137906857,4.951686137906857,4.951686137906857,4.951686137906857,4.951686137906857,4.951686137906857,4.951686137906857,4.951686137906857,4.951686137906857,4.951686137906857,4.951686137906857,4.951686137906857,4.951686137906857,4.951686137906857,4.951686137906857,4.951686137906857,4.951686137906857,4.951686137906857,4.951686137906857,4.951686137906857,4.951686137906857,4.951686137906857,4.951686137906857,4.951686137906857,4.951686137906857,4.951686137906857,4.951686137906857,4.951686137906857,4.951686137906857,4.951686137906857,4.951686137906857,4.951686137906857,4.951686137906857,4.951686137906857,4.951686137906857,4.951686137906857,4.951686137906857,4.951686137906857,4.951686137906857,4.951686137906857,4.951686137906857,4.951686137906857,4.951686137906857,4.951686137906857,4.951686137906857,4.951686137906857,4.951686137906857,4.951686137906857,4.951686137906857,4.951686137906857,4.951686137906857,4.951686137906857,4.951686137906857,4.951686137906857,4.951686137906857,4.951686137906857,4.951686137906857,4.951686137906857,4.951686137906857,4.951686137906857,4.951686137906857,4.951686137906857,4.951686137906857,4.951686137906857,4.951686137906857,4.951686137906857,4.951686137906857,4.951686137906857,4.951686137906857,4.951686137906857,4.951686137906857,4.951686137906857,4.951686137906857,4.951686137906857,4.951686137906857,4.951686137906857,4.951686137906857,4.951686137906857,4.951686137906857,4.951686137906857,4.951686137906857,4.951686137906857,4.951686137906857,4.951686137906857,4.951686137906857,4.951686137906857,4.951686137906857,4.951686137906857,4.951686137906857,4.951686137906857,4.951686137906857,4.951686137906857,4.951686137906857,4.951686137906857,4.951686137906857,4.951686137906857,4.951686137906857,4.951686137906857,4.951686137906857,4.951686137906857,4.951686137906857,4.951686137906857,4.951686137906857,4.951686137906857,4.951686137906857,4.951686137906857,4.951686137906857,4.951686137906857,4.951686137906857,4.951686137906857,4.951686137906857,4.951686137906857,4.951686137906857,4.951686137906857,4.951686137906857,4.951686137906857,4.951686137906857,4.951686137906857,4.951686137906857,4.951686137906857,4.951686137906857,4.951686137906857,4.951686137906857,4.951686137906857,4.951686137906857,4.951686137906857,4.951686137906857,4.951686137906857,4.951686137906857,4.951686137906857,4.951686137906857,4.951686137906857,4.951686137906857,4.951686137906857,4.951686137906857,4.951686137906857,4.951686137906857,4.951686137906857,4.951686137906857,4.951686137906857,4.951686137906857,4.951686137906857,4.951686137906857,4.951686137906857,4.951686137906857,4.951686137906857,4.951686137906857,4.951686137906857,4.951686137906857,4.951686137906857,4.951686137906857,4.951686137906857,4.951686137906857,4.951686137906857,4.951686137906857,4.951686137906857,4.951686137906857,4.951686137906857,4.951686137906857,4.951686137906857,4.951686137906857,4.951686137906857,4.951686137906857,4.951686137906857,4.951686137906857,4.951686137906857,4.951686137906857,4.951686137906857,4.951686137906857,4.951686137906857,4.951686137906857,4.951686137906857,4.951686137906857,4.951686137906857,4.951686137906857,4.951686137906857,4.951686137906857,4.951686137906857,4.951686137906857,4.951686137906857,4.951686137906857,4.951686137906857,4.951686137906857,4.951686137906857,6.996376559308029,6.3593376239010855,6.3593376239010855,6.25446073141097,6.25446073141097,6.25446073141097,6.25446073141097,6.25446073141097,6.25446073141097,6.25446073141097,6.25446073141097,6.25446073141097,6.25446073141097,6.25446073141097,6.25446073141097,6.25446073141097,6.25446073141097,6.25446073141097,6.25446073141097,6.25446073141097,6.25446073141097,6.25446073141097,6.25446073141097,6.25446073141097,6.25446073141097,6.116156659471981,6.116156659471981,5.799078979398051,5.6158727582469945,5.6158727582469945,5.6158727582469945,5.6158727582469945,5.6158727582469945,5.6158727582469945,5.6158727582469945,5.6158727582469945,5.6158727582469945,5.6158727582469945,5.6158727582469945,5.6158727582469945,5.6158727582469945,5.6158727582469945,5.6158727582469945,5.6158727582469945,5.6158727582469945,5.6158727582469945,5.6158727582469945,5.6158727582469945,5.6158727582469945,5.6158727582469945,5.6158727582469945,5.6158727582469945,5.6158727582469945,5.6158727582469945,5.6158727582469945,5.6158727582469945,5.6158727582469945,5.6158727582469945,5.6158727582469945,5.6158727582469945,5.6158727582469945,5.6158727582469945,5.6158727582469945,5.6158727582469945,5.6158727582469945,5.6158727582469945,5.6158727582469945,5.6158727582469945,5.6158727582469945,5.6158727582469945,5.6158727582469945,5.6158727582469945,5.6158727582469945,5.6158727582469945,5.6158727582469945,5.6158727582469945,5.6158727582469945,5.6158727582469945,5.6158727582469945,5.6158727582469945,5.6158727582469945,5.6158727582469945,5.6158727582469945,5.6158727582469945,5.6158727582469945,5.6158727582469945,5.6158727582469945,5.6158727582469945,5.6158727582469945,5.6158727582469945,5.6158727582469945,5.6158727582469945,5.6158727582469945,5.6158727582469945,5.180133568748854,4.604168931182616,4.604168931182616,4.604168931182616,4.604168931182616,4.604168931182616,4.604168931182616,4.604168931182616,4.604168931182616,4.604168931182616,4.604168931182616,4.604168931182616,4.604168931182616,4.604168931182616,4.604168931182616,4.604168931182616,4.604168931182616,4.604168931182616,4.604168931182616,4.604168931182616,4.604168931182616,4.604168931182615,4.604168931182615,4.604168931182615,4.604168931182615,4.604168931182615,4.604168931182615,4.604168931182615,4.604168931182615,4.604168931182615,4.604168931182615,4.604168931182615,4.604168931182615,4.604168931182615,4.604168931182615,4.604168931182615,4.604168931182615,4.604168931182615,4.604168931182615,4.604168931182615,4.604168931182615,4.604168931182615,4.604168931182615,4.604168931182615,4.604168931182615,4.604168931182615,4.604168931182615,4.604168931182615,4.604168931182615,4.604168931182615,4.604168931182615,4.604168931182615,4.604168931182615,4.604168931182615,4.604168931182615,4.604168931182615,4.604168931182615,4.604168931182615,4.604168931182615,4.604168931182615,4.604168931182615,4.604168931182615,4.604168931182615,4.604168931182615,4.604168931182615,4.604168931182615,4.604168931182615,4.604168931182615,4.604168931182615,4.604168931182615,4.604168931182615,4.604168931182615,4.604168931182615,4.604168931182615,4.604168931182615,4.604168931182615,4.604168931182615,4.604168931182615,4.604168931182615,4.604168931182615,4.604168931182615,4.604168931182615,4.604168931182615,4.604168931182615,4.604168931182615,4.604168931182615,4.604168931182615,4.604168931182615,4.604168931182615,4.604168931182615,4.604168931182615,4.604168931182615,4.604168931182615,4.604168931182615,4.604168931182615,4.604168931182615,4.604168931182615,4.604168931182615,4.604168931182615,4.604168931182615,4.604168931182615,4.604168931182615,4.604168931182615,4.604168931182615,4.604168931182615,4.604168931182615,4.604168931182615,4.604168931182615,4.604168931182615,4.604168931182615,4.604168931182615,4.604168931182615,4.604168931182615,4.604168931182615,4.604168931182615,4.604168931182615,4.604168931182615,4.604168931182615,4.604168931182615,4.604168931182615,4.604168931182615,4.604168931182615,4.604168931182615,4.604168931182615,4.604168931182615,4.604168931182615,4.604168931182615,4.604168931182615,4.604168931182615,4.604168931182615,4.604168931182615,4.604168931182615,4.604168931182615,4.604168931182615,4.604168931182615,4.604168931182615,4.604168931182615,4.604168931182615,4.604168931182615,4.604168931182615,4.604168931182615,4.604168931182615,4.604168931182615,4.604168931182615,4.604168931182615,4.604168931182615,4.604168931182615,4.604168931182615,4.604168931182615,4.604168931182615,4.604168931182615,4.604168931182615,4.604168931182615,4.604168931182615,4.604168931182615,4.604168931182615,4.604168931182615,4.604168931182615,4.604168931182615,4.604168931182615,4.604168931182615,4.604168931182615,4.604168931182615,4.604168931182615,4.604168931182615,4.604168931182615,4.604168931182615,4.604168931182615,4.604168931182615,4.604168931182615,4.604168931182615,4.604168931182615,4.604168931182615,4.604168931182615,4.604168931182615,4.604168931182615,4.604168931182615,4.604168931182615,4.604168931182615,4.604168931182615,4.604168931182615,4.604168931182615,4.604168931182615,4.604168931182615,4.604168931182615,4.604168931182615,4.604168931182615,4.604168931182615,4.604168931182615,4.604168931182615,4.604168931182615,4.604168931182615,4.604168931182615,4.604168931182615,4.604168931182615,4.604168931182615,4.604168931182615,4.604168931182615,4.604168931182615,4.604168931182615,4.604168931182615,4.604168931182615,4.604168931182615,4.604168931182615,4.604168931182615,4.604168931182615,4.604168931182615,4.604168931182615,4.604168931182615,4.604168931182615,4.604168931182615,4.604168931182615,4.604168931182615,4.604168931182615,4.604168931182615,4.604168931182615,4.604168931182615,4.604168931182615,4.604168931182615,4.604168931182615,4.604168931182615,4.604168931182615,4.604168931182615,4.604168931182615,4.604168931182615,4.604168931182615,4.604168931182615,4.604168931182615,4.604168931182615,4.604168931182615,4.604168931182615,4.604168931182615,4.604168931182615,4.604168931182615,4.604168931182615,4.604168931182615,4.604168931182615,4.604168931182615,4.604168931182615,4.604168931182615,4.604168931182615,4.604168931182615,4.604168931182615,4.604168931182615,4.604168931182615,4.604168931182615,4.604168931182615,4.604168931182615,4.604168931182615,4.604168931182615,4.604168931182615,4.604168931182615,4.604168931182615,4.604168931182615,4.604168931182615,4.604168931182615,4.604168931182615,4.604168931182615,4.604168931182615,4.604168931182615,4.604168931182615,4.604168931182615,4.604168931182615,4.604168931182615,4.604168931182615,4.604168931182615,4.604168931182615,4.604168931182615,4.604168931182615,4.604168931182615,4.604168931182615,4.604168931182615,4.604168931182615,4.604168931182615,4.604168931182615,4.604168931182615,4.604168931182615,4.604168931182615,4.604168931182615,4.604168931182615,4.604168931182615,4.604168931182615,4.604168931182615,4.604168931182615,4.604168931182615,4.604168931182615,4.604168931182615,4.604168931182615,4.604168931182615,4.604168931182615,4.604168931182615,4.604168931182615,4.604168931182615,4.604168931182615,4.604168931182615,4.604168931182615,4.604168931182615,4.604168931182615,4.604168931182615,4.604168931182615,4.604168931182615,4.604168931182615,4.604168931182615,4.604168931182615,4.604168931182615,4.604168931182615,4.604168931182615,4.604168931182615,4.604168931182615,4.604168931182615,4.604168931182615,4.604168931182615,4.604168931182615,4.604168931182615,4.604168931182615,4.604168931182615,4.604168931182615,4.604168931182615,4.604168931182615,4.604168931182615,4.604168931182615,4.604168931182615,4.604168931182615,4.604168931182615,4.604168931182615,4.604168931182615,4.604168931182615,4.604168931182615,4.604168931182615,4.604168931182615,4.604168931182615,4.604168931182615,4.604168931182615,4.604168931182615,4.604168931182615,4.604168931182615,4.604168931182615,4.604168931182615,4.604168931182615,4.604168931182615,4.604168931182615,4.604168931182615,4.604168931182615,4.604168931182615,4.604168931182615,4.604168931182615,4.604168931182615,4.604168931182615,4.604168931182615,4.604168931182615,4.604168931182615,4.604168931182615,4.604168931182615,4.604168931182615,4.604168931182615,4.604168931182615,4.604168931182615,4.604168931182615,4.604168931182615,4.604168931182615,4.604168931182615,4.604168931182615,4.604168931182615,4.604168931182615,4.604168931182615,4.604168931182615,4.604168931182615,4.604168931182615,4.604168931182615,4.604168931182615,4.604168931182615,4.604168931182615,4.604168931182615,4.604168931182615,4.604168931182615,4.604168931182615,4.604168931182615,4.604168931182615,4.604168931182615,4.604168931182615,4.604168931182615,4.604168931182615,4.604168931182615,4.604168931182615,4.604168931182615,4.604168931182615,4.604168931182615,4.604168931182615,4.604168931182615,4.604168931182615,4.604168931182615,4.604168931182615,4.604168931182615,4.604168931182615,4.604168931182615,4.604168931182615,4.604168931182615,4.604168931182615,4.604168931182615,4.604168931182615,4.604168931182615,4.604168931182615,4.604168931182615,4.604168931182615,4.604168931182615,4.604168931182615,4.604168931182615,4.604168931182615,4.604168931182615,4.604168931182615,4.604168931182615,4.604168931182615,4.604168931182615,4.604168931182615,4.604168931182615,4.604168931182615,4.604168931182615,4.604168931182615,4.604168931182615,4.604168931182615,4.604168931182615,4.604168931182615,4.604168931182615,4.604168931182615,4.604168931182615,4.604168931182615,4.604168931182615,4.604168931182615,4.604168931182615,4.604168931182615,4.604168931182615,4.604168931182615,4.564830646304552,4.564830646304552,4.564830646304552,4.558432233314418,4.558432233314418,4.558432233314418,4.558432233314418,4.558432233314418,4.558432233314418,4.558432233314418,4.558432233314418,4.558432233314418,4.47895320873899,4.47895320873899,4.356712007305866,4.356712007305866,4.356712007305866,4.356712007305866,4.356712007305866,4.356712007305866,4.330385742324751,4.330385742324751,4.330385742324751,4.330385742324751,4.330385742324751,4.330385742324751,4.330385742324751,4.330385742324751,4.330385742324751,4.330385742324751,4.330385742324751,4.330385742324751,4.330385742324751,4.330385742324751,4.330385742324751,4.330385742324751,4.330385742324751,4.330385742324751,4.330385742324751,4.330385742324751,4.330385742324751,4.330385742324751,4.330385742324751,4.330385742324751,4.330385742324751,4.330385742324751,4.330385742324751,4.330385742324751,4.330385742324751,4.330385742324751,4.330385742324751,4.330385742324751,4.330385742324751,4.330385742324751,4.330385742324751,4.330385742324751,4.330385742324751,4.330385742324751,4.330385742324751,4.330385742324751,4.330385742324751,4.330385742324751,4.330385742324751,4.330385742324751,4.330385742324751,4.330385742324751,4.330385742324751,4.330385742324751,4.330385742324751,4.330385742324751,4.330385742324751,4.330385742324751,4.330385742324751,4.330385742324751,4.330385742324751,4.330385742324751,4.330385742324751,4.330385742324751,4.330385742324751,4.330385742324751,4.330385742324751,4.330385742324751,4.330385742324751,4.330385742324751,4.330385742324751,4.330385742324751,4.330385742324751,4.330385742324751,4.330385742324751,4.330385742324751,4.330385742324751,4.330385742324751,4.330385742324751,4.330385742324751,4.330385742324751,4.330385742324751,4.330385742324751,4.330385742324751,4.330385742324751,4.330385742324751,4.330385742324751,4.330385742324751,4.330385742324751,4.330385742324751,4.330385742324751,4.330385742324751,4.330385742324751,4.330385742324751,4.330385742324751,4.330385742324751,4.330385742324751,4.330385742324751,4.330385742324751,4.330385742324751,4.330385742324751,4.330385742324751,4.330385742324751,4.330385742324751,4.330385742324751,4.330385742324751,4.330385742324751,4.330385742324751,4.330385742324751,4.330385742324751,4.330385742324751,4.330385742324751,4.330385742324751,4.330385742324751,4.330385742324751,3.8219554776368208,3.8219554776368208,3.8219554776368208,3.8219554776368208,2.8722007207756217,2.8722007207756217,2.8722007207756217,2.8722007207756217,2.8722007207756217,2.8722007207756217,2.8722007207756217,2.8722007207756217,2.8722007207756217,2.8722007207756217,2.8722007207756217,2.8722007207756217,2.8722007207756217,2.8722007207756217,2.8722007207756217,2.8722007207756217,2.8722007207756217,2.8722007207756217,2.8722007207756217,2.8722007207756217,2.8722007207756217,2.8722007207756217,2.8722007207756217,2.8722007207756217,2.8722007207756217,2.8722007207756217,2.8722007207756217,2.8722007207756217,2.8722007207756217,2.8722007207756217,2.8722007207756217,2.8722007207756217,2.8722007207756217,2.8722007207756217,2.8722007207756217,2.8722007207756217,2.8722007207756217,2.8722007207756217,2.8722007207756217,2.8722007207756217,2.8722007207756217,2.8722007207756217,2.8722007207756217,2.8722007207756217,2.8722007207756217,2.8722007207756217,2.8722007207756217,2.8722007207756217,2.8722007207756217,2.8722007207756217,2.8722007207756217,2.8722007207756217,2.8722007207756217,2.8722007207756217,2.8722007207756217,2.8722007207756217,2.8722007207756217,2.8722007207756217,2.8722007207756217,2.8722007207756217,2.8722007207756217,2.8722007207756217,2.8722007207756217,2.8722007207756217,2.8722007207756217,2.8722007207756217,2.8722007207756217,2.8722007207756217,2.8722007207756217,2.8722007207756217,2.8722007207756217,2.8722007207756217,2.8722007207756217,2.8722007207756217,2.8722007207756217,2.8722007207756217,2.8722007207756217,2.8722007207756217,2.8722007207756217,2.8722007207756217,2.8722007207756217,2.8722007207756217,2.8722007207756217,2.8722007207756217,2.8722007207756217,2.8722007207756217,2.8722007207756217,2.8722007207756217,2.8722007207756217,2.8722007207756217,2.8722007207756217,2.8722007207756217,2.8722007207756217,2.8722007207756217,2.8722007207756217,2.8722007207756217,2.8722007207756217,2.8722007207756217,2.8722007207756217,2.8722007207756217,2.8722007207756217,2.8722007207756217,2.8722007207756217,2.8722007207756217,2.8722007207756217,2.8722007207756217,2.8722007207756217,2.8722007207756217,2.8722007207756217,2.8722007207756217,2.8722007207756217,2.8722007207756217,2.8722007207756217,2.8722007207756217,2.8722007207756217,2.8722007207756217,2.8722007207756217,2.8722007207756217,2.8722007207756217,2.8722007207756217,2.8722007207756217,2.8722007207756217,2.8722007207756217,2.8722007207756217,2.8722007207756217,2.8722007207756217,2.8722007207756217,2.8722007207756217,2.8722007207756217,2.8722007207756217,2.8722007207756217,2.8722007207756217,2.8722007207756217,2.8722007207756217,2.8722007207756217,2.8722007207756217,2.8722007207756217,2.8722007207756217,2.8722007207756217,2.8722007207756217,2.8722007207756217,2.8722007207756217,2.8722007207756217,2.8722007207756217,2.8722007207756217,2.8722007207756217,2.8722007207756217,2.8722007207756217,2.8722007207756217,2.8722007207756217,2.8722007207756217,2.8722007207756217,2.8722007207756217,2.8722007207756217,2.8722007207756217,2.8722007207756217,2.8722007207756217,2.8722007207756217,2.8722007207756217,2.8722007207756217,2.8722007207756217,2.8722007207756217,2.8722007207756217,2.8722007207756217,2.8722007207756217,2.8722007207756217,2.8722007207756217,2.8722007207756217,2.8722007207756217,2.8722007207756217,2.8722007207756217,2.8722007207756217,2.8722007207756217,2.8722007207756217,2.8722007207756217,2.8722007207756217,2.8722007207756217,2.8722007207756217,2.8722007207756217,2.8722007207756217,2.8722007207756217,2.8722007207756217,2.8722007207756217,2.8722007207756217,2.8722007207756217,2.8722007207756217,2.8722007207756217,2.8722007207756217,2.8722007207756217,2.8722007207756217,2.8722007207756217,2.8722007207756217,2.8722007207756217,2.8722007207756217,2.8722007207756217,2.8722007207756217,2.8722007207756217,2.8722007207756217,2.8722007207756217,2.8722007207756217,2.8722007207756217,2.8722007207756217,2.8722007207756217,2.8722007207756217,2.8722007207756217,2.8722007207756217,2.8722007207756217,2.8722007207756217,2.8722007207756217,2.8722007207756217,2.8722007207756217,2.8722007207756217,2.8722007207756217,2.8722007207756217,2.8722007207756217,2.8722007207756217,2.8722007207756217,2.8722007207756217,2.8722007207756217,2.8722007207756217,2.8722007207756217,2.8722007207756217,2.8722007207756217,2.8722007207756217,2.8722007207756217,2.8722007207756217,2.8722007207756217,2.8722007207756217,2.8722007207756217,2.8722007207756217,2.8722007207756217,2.8722007207756217,2.8722007207756217,2.8722007207756217,2.8722007207756217,2.8722007207756217,2.8722007207756217,2.8722007207756217,2.8722007207756217,2.8722007207756217,2.8722007207756217,2.8722007207756217,2.8722007207756217,2.8722007207756217,2.8722007207756217,2.8722007207756217,2.8722007207756217,2.8722007207756217,2.8722007207756217,2.8722007207756217,2.8722007207756217,2.8722007207756217,2.8722007207756217,2.8722007207756217,2.8722007207756217,2.8722007207756217,2.8722007207756217,2.8722007207756217,2.8722007207756217,2.8722007207756217,2.8722007207756217,2.8722007207756217,2.8722007207756217,2.8722007207756217,2.8722007207756217,2.8722007207756217,2.8722007207756217,2.8722007207756217,2.8722007207756217,2.8722007207756217,2.8722007207756217,2.8722007207756217,2.8722007207756217,2.8722007207756217,2.8722007207756217,2.8722007207756217,2.8722007207756217,2.8722007207756217,2.8722007207756217,2.8722007207756217,2.8722007207756217,2.8722007207756217,2.8722007207756217,2.8722007207756217,2.8722007207756217,2.8722007207756217,2.8722007207756217,2.8722007207756217,2.8722007207756217,2.8722007207756217,2.8722007207756217,2.8722007207756217,2.8722007207756217,2.8722007207756217,2.8722007207756217,2.8722007207756217,2.8722007207756217,2.8722007207756217,2.8722007207756217,2.8722007207756217,2.8722007207756217,2.8722007207756217,2.8722007207756217,2.8722007207756217,2.8722007207756217,2.8722007207756217,2.8722007207756217,2.8722007207756217,2.8722007207756217,2.8722007207756217,2.8722007207756217,2.8722007207756217,2.8722007207756217,2.8722007207756217,2.8722007207756217,2.8722007207756217,2.8722007207756217,2.8722007207756217,2.8722007207756217,2.8722007207756217,2.8722007207756217,2.8722007207756217,2.8722007207756217,2.8722007207756217,2.8722007207756217,2.8722007207756217,2.8722007207756217,2.8722007207756217,2.8722007207756217,2.8722007207756217,2.8722007207756217,2.8722007207756217,2.8722007207756217,2.8722007207756217,2.8722007207756217,2.8722007207756217,2.8722007207756217,2.8722007207756217,2.8722007207756217,2.8722007207756217,2.8722007207756217,6.369323215292159,6.369323215292159,6.369323215292159,6.369323215292159,6.348969434709395,5.4489454684853875,5.4489454684853875,5.4489454684853875,5.4489454684853875,5.4489454684853875,5.4489454684853875,5.4489454684853875,5.4489454684853875,5.4489454684853875,5.4489454684853875,5.4489454684853875,5.4489454684853875,5.4489454684853875,5.4489454684853875,5.4489454684853875,5.4489454684853875,5.4489454684853875,5.4489454684853875,5.4489454684853875,5.4489454684853875,5.4489454684853875,5.4489454684853875,5.4489454684853875,5.26661201631174,5.26661201631174,5.26661201631174,5.26661201631174,5.26661201631174,5.26661201631174,5.233484356764577,5.233484356764577,5.233484356764577,5.233484356764577,5.233484356764577,5.233484356764577,5.233484356764577,5.233484356764577,5.233484356764577,5.233484356764577,5.233484356764577,5.233484356764577,5.233484356764577,5.233484356764577,5.233484356764577,5.233484356764577,5.233484356764577,5.233484356764577,5.233484356764577,5.227270381989543,5.227270381989543,5.227270381989543,5.227270381989543,5.227270381989543,5.227270381989543,5.227270381989543,5.227270381989543,5.227270381989543,5.227270381989543,5.227270381989543,5.227270381989543,5.227270381989543,5.227270381989543,5.227270381989543,5.227270381989543,5.227270381989543,5.227270381989543,5.227270381989543,5.227270381989543,5.227270381989543,5.227270381989543,5.227270381989543,5.227270381989543,5.227270381989543,5.227270381989543,5.227270381989543,5.227270381989543,5.227270381989543,5.227270381989543,5.227270381989543,5.227270381989543,5.227270381989543,5.227270381989543,5.227270381989543,5.227270381989543,5.227270381989543,5.227270381989543,5.227270381989543,5.227270381989543,5.227270381989543,5.227270381989543,5.227270381989543,5.227270381989543,5.227270381989543,5.227270381989543,5.227270381989543,5.227270381989543,5.227270381989543,5.227270381989543,5.227270381989543,5.227270381989543,5.227270381989543,4.768406670002039,4.768406670002039,4.374636046915443,3.4525913046543852,3.4525913046543852,3.4525913046543852,3.4525913046543852,3.4525913046543852,3.4525913046543852,3.4525913046543852,3.4525913046543852,3.4525913046543852,3.4525913046543852,3.4525913046543852,3.4525913046543852,3.4525913046543852,3.4525913046543852,3.4525913046543852,3.4525913046543852,3.4525913046543852,3.4525913046543852,3.4525913046543852,3.4525913046543852,3.4525913046543852,3.4525913046543852,3.4525913046543852,3.4525913046543852,3.4525913046543852,3.4525913046543852,3.4525913046543852,3.4525913046543852,3.4525913046543852,3.4525913046543852,3.4525913046543852,3.4525913046543852,3.4525913046543852,3.4525913046543852,3.4525913046543852,3.4525913046543852,3.4525913046543852,3.4525913046543852,3.4525913046543852,3.4525913046543852,3.4525913046543852,3.4525913046543852,3.4525913046543852,3.4525913046543852,3.4525913046543852,3.4525913046543852,3.4525913046543852,3.4525913046543852,3.4525913046543852,3.4525913046543852,3.4525913046543852,3.4525913046543852,3.4525913046543852,3.4525913046543852,3.4525913046543852,3.4525913046543852,3.4525913046543852,3.4525913046543852,3.4525913046543852,3.4525913046543852,3.4525913046543852,3.4525913046543852,3.4525913046543852,3.4525913046543852,3.4525913046543852,3.4525913046543852,3.4525913046543852,3.4525913046543852,3.4525913046543852,3.4525913046543852,3.4525913046543852,3.4525913046543852,3.4525913046543852,3.4525913046543852,3.4525913046543852,3.4525913046543852,3.4525913046543852,3.4525913046543852,3.4525913046543852,3.4525913046543852,3.4525913046543852,3.4525913046543852,3.4525913046543852,3.4525913046543852,3.4525913046543852,3.4525913046543852,3.4525913046543852,3.4525913046543852,3.4525913046543852,3.4525913046543852,3.4525913046543852,3.4525913046543852,3.4525913046543852,3.4525913046543852,3.4525913046543852,3.4525913046543852,3.4525913046543852,3.4525913046543852,3.4525913046543852,3.4525913046543852,3.4525913046543852,3.4525913046543852,3.4525913046543852,3.4525913046543852,3.4525913046543852,3.4525913046543852,3.4525913046543852,3.4525913046543852,3.4525913046543852,3.4525913046543852,3.4525913046543852,3.4525913046543852,3.4525913046543852,3.4525913046543852,3.4525913046543852,3.4525913046543852,3.4525913046543852,3.4525913046543852,3.4525913046543852,3.4525913046543852,3.4525913046543852,3.4525913046543852,3.4525913046543852,3.4525913046543852,3.4525913046543852,3.4525913046543852,3.4525913046543852,3.4525913046543852,3.4525913046543852,3.4525913046543852,3.4525913046543852,3.4525913046543852,3.4525913046543852,3.4525913046543852,3.4525913046543852,3.4525913046543852,3.4525913046543852,3.4525913046543852,3.4525913046543852,3.4525913046543852,3.4525913046543852,3.4525913046543852,3.4525913046543852,3.4525913046543852,3.4525913046543852,3.4525913046543852,3.4525913046543852,3.4525913046543852,3.4525913046543852,3.4525913046543852,3.4525913046543852,3.4525913046543852,3.4525913046543852,3.4525913046543852,3.4525913046543852,3.4525913046543852,3.4525913046543852,3.4525913046543852,3.4525913046543852,3.4525913046543852,3.4525913046543852,3.4525913046543852,3.4525913046543852,3.4525913046543852,3.4525913046543852,3.4525913046543852,3.4525913046543852,3.4525913046543852,3.4525913046543852,3.4525913046543852,3.4525913046543852,3.4525913046543852,3.4525913046543852,3.4525913046543852,3.4525913046543852,3.4525913046543852,3.4525913046543852,3.4525913046543852,3.4525913046543852,3.4525913046543852,3.4525913046543852,3.4525913046543852,3.4525913046543852,3.4525913046543852,3.4525913046543852,3.4525913046543852,3.4525913046543852,3.4525913046543852,3.4525913046543852,3.4525913046543852,3.4525913046543852,3.4525913046543852,3.4525913046543852,3.4525913046543852,3.4525913046543852,3.4525913046543852,3.4525913046543852,3.4525913046543852,3.4525913046543852,3.4525913046543852,3.4525913046543852,3.4525913046543852,3.4525913046543852,3.4525913046543852,3.4525913046543852,3.4525913046543852,3.4525913046543852,3.4525913046543852,3.4525913046543852,3.4525913046543852,3.4525913046543852,3.4525913046543852,3.4525913046543852,3.4525913046543852,3.4525913046543852,3.4525913046543852,3.4525913046543852,3.4525913046543852,3.4525913046543852,3.4525913046543852,3.4525913046543852,3.4525913046543852,3.4525913046543852,3.4525913046543852,3.4525913046543852,3.4525913046543852,3.4525913046543852,3.4525913046543852,3.4525913046543852,3.4525913046543852,3.4525913046543852,3.4525913046543852,3.4525913046543852,3.4525913046543852,3.4525913046543852,3.4525913046543852,3.4525913046543852,3.4525913046543852,3.4525913046543852,3.4525913046543852,3.4525913046543852,3.4525913046543852,3.4525913046543852,3.4525913046543852,3.4525913046543852,3.4525913046543852,3.4525913046543852,3.4525913046543852,3.4525913046543852,3.4525913046543852,3.4525913046543852,3.4525913046543852,3.4525913046543852,3.4525913046543852,3.4525913046543852,3.4525913046543852,3.4525913046543852,3.4525913046543852,3.4525913046543852,3.4525913046543852,3.4525913046543852,3.4525913046543852,3.4525913046543852,3.4525913046543852,3.4525913046543852,3.4525913046543852,3.4525913046543852,3.4525913046543852,3.4525913046543852,3.4525913046543852,3.4525913046543852,3.4525913046543852,3.4525913046543852,3.4525913046543852,3.4525913046543852,3.4525913046543852,3.4525913046543852,3.4525913046543852,3.4525913046543852,3.4525913046543852,3.4525913046543852,3.4525913046543852,3.4525913046543852,3.4525913046543852,3.4525913046543852,3.4525913046543852,3.4525913046543852,3.4525913046543852,3.4525913046543852,3.4525913046543852,3.4525913046543852,3.4525913046543852,3.4525913046543852,3.4525913046543852,3.4525913046543852,3.4525913046543852,3.4525913046543852,3.4525913046543852,3.4525913046543852,3.4525913046543852,3.4525913046543852,3.4525913046543852,3.4525913046543852,3.4525913046543852,3.4525913046543852,3.4525913046543852,3.4525913046543852,3.4525913046543852,3.4525913046543852,3.4525913046543852,3.4525913046543852,3.4525913046543852,3.4525913046543852,3.4525913046543852,3.4525913046543852,3.4525913046543852,3.4525913046543852,3.4525913046543852,3.4525913046543852,3.4525913046543852,3.4525913046543852,3.4525913046543852,3.4525913046543852,3.4525913046543852,3.4525913046543852,3.4525913046543852,3.4525913046543852,3.4525913046543852,3.4525913046543852,3.4525913046543852,3.4525913046543852,3.4525913046543852,3.4525913046543852,3.4525913046543852,3.4525913046543852,3.4525913046543852,3.4525913046543852,3.4525913046543852,3.4525913046543852,3.4525913046543852,3.4525913046543852,3.4525913046543852,3.4525913046543852,3.4525913046543852,3.4525913046543852,3.4525913046543852,3.4525913046543852,3.4525913046543852,3.4525913046543852,3.4525913046543852,3.4525913046543852,3.4525913046543852,3.4525913046543852,3.4525913046543852,3.4525913046543852,3.4525913046543852,3.4525913046543852,3.4525913046543852,3.4525913046543852,3.4525913046543852,3.4525913046543852,3.4525913046543852,3.4525913046543852,3.4525913046543852,3.4525913046543852,3.4525913046543852,3.4525913046543852,3.4525913046543852,3.4525913046543852,3.4525913046543852,3.4525913046543852,3.4525913046543852,3.4525913046543852,3.4525913046543852,3.4525913046543852,3.4525913046543852,3.4525913046543852,3.4525913046543852,3.4525913046543852,3.4525913046543852,3.4525913046543852,3.4525913046543852,3.4525913046543852,3.4525913046543852,3.4525913046543852,3.4525913046543852,3.4525913046543852,3.4525913046543852,3.4525913046543852,3.4525913046543852,3.4525913046543852,3.4525913046543852,3.4525913046543852,3.4525913046543852,3.4525913046543852,3.4525913046543852,3.4525913046543852,3.4525913046543852,3.4525913046543852,3.4525913046543852,3.4525913046543852,3.4525913046543852,3.4525913046543852,3.4525913046543852,3.4525913046543852,3.4525913046543852,3.4525913046543852,3.4525913046543852,3.4525913046543852,3.4525913046543852,3.4525913046543852,3.4525913046543852,3.4525913046543852,3.4525913046543852,3.4525913046543852,3.4525913046543852,3.4525913046543852,3.4525913046543852,3.4525913046543852,3.4525913046543852,3.4525913046543852,3.4525913046543852,3.4525913046543852,3.4525913046543852,3.4525913046543852,3.4525913046543852,3.4525913046543852,3.4525913046543852,3.4525913046543852,3.4525913046543852,3.4525913046543852,3.4525913046543852,3.4525913046543852,3.4525913046543852,3.4525913046543852,3.4525913046543852,3.4525913046543852,3.4525913046543852,3.4525913046543852,3.4525913046543852,3.4525913046543852,3.4525913046543852,3.4525913046543852,3.4525913046543852,3.4525913046543852,3.4525913046543852,3.4525913046543852,3.4525913046543852,3.4525913046543852,3.4525913046543852,3.4525913046543852,3.4525913046543852,3.4525913046543852,3.4525913046543852,3.4525913046543852,3.4525913046543852,3.4525913046543852,3.4525913046543852,3.4525913046543852,3.4525913046543852,3.4525913046543852,3.4525913046543852,3.4525913046543852,3.4525913046543852,3.4525913046543852,3.4525913046543852,3.4525913046543852,3.4525913046543852,3.4525913046543852,3.4525913046543852,3.4525913046543852,3.4525913046543852,3.4525913046543852,3.4525913046543852,3.4525913046543852,3.4525913046543852,3.4525913046543852,3.4525913046543852,3.4525913046543852,3.4525913046543852,3.4525913046543852,3.4525913046543852,3.4525913046543852,3.4525913046543852,3.4525913046543852,3.4525913046543852,3.4525913046543852,3.4525913046543852,3.4525913046543852,3.4525913046543852,3.4525913046543852,3.4525913046543852,3.4525913046543852,3.4525913046543852,3.4525913046543852,3.4525913046543852,3.4525913046543852,3.4525913046543852,3.4525913046543852,3.4525913046543852,3.4525913046543852,3.4525913046543852,3.4525913046543852,3.4525913046543852,3.4525913046543852,3.4525913046543852,3.4525913046543852,3.4525913046543852,3.4525913046543852,3.4525913046543852,3.4525913046543852,3.4525913046543852,3.4525913046543852,3.4525913046543852,3.4525913046543852,3.4525913046543852,3.4525913046543852,3.4525913046543852,3.4525913046543852,3.4525913046543852,3.4525913046543852,3.4525913046543852,3.4525913046543852,3.4525913046543852,3.4525913046543852,3.4525913046543852,3.4525913046543852,3.4525913046543852,3.4525913046543852,3.4525913046543852,3.4525913046543852,3.4525913046543852,3.4525913046543852,3.4525913046543852,3.4525913046543852,3.4525913046543852,3.4525913046543852,3.4525913046543852,3.4525913046543852,3.4525913046543852,3.4525913046543852,3.4525913046543852,3.4525913046543852,3.4525913046543852,3.4525913046543852,3.4525913046543852,3.4525913046543852,3.4525913046543852,3.4525913046543852,3.4525913046543852,3.4525913046543852,3.4525913046543852,3.4525913046543852,3.4525913046543852,3.4525913046543852,3.4525913046543852,3.4525913046543852,3.4525913046543852,3.4525913046543852,3.4525913046543852,3.4525913046543852,3.4525913046543852,3.4525913046543852,3.4525913046543852,3.4525913046543852,3.4525913046543852,3.4525913046543852,3.4525913046543852,3.4525913046543852,3.4525913046543852,3.4525913046543852,3.4525913046543852,3.4525913046543852,3.4525913046543852,3.4525913046543852,3.4525913046543852,3.4525913046543852,3.4525913046543852,3.4525913046543852,3.4525913046543852,3.4525913046543852,3.4525913046543852,3.4525913046543852,3.4525913046543852,3.4525913046543852,3.4525913046543852,3.4525913046543852,3.4525913046543852,3.4525913046543852,3.4525913046543852,3.4525913046543852,3.4525913046543852,3.4525913046543852,3.4525913046543852,3.4525913046543852,3.4525913046543852,3.4525913046543852,3.4525913046543852,3.4525913046543852,3.4525913046543852,3.4525913046543852,3.4525913046543852,3.4525913046543852,3.4525913046543852,3.4525913046543852,3.4525913046543852,3.4525913046543852,3.4525913046543852,3.4525913046543852,3.4525913046543852,3.4525913046543852,3.4525913046543852,3.4525913046543852,3.4525913046543852,3.4525913046543852,3.4525913046543852,3.4525913046543852,3.4525913046543852,3.4525913046543852,3.4525913046543852,3.4525913046543852,3.4525913046543852,3.4525913046543852,3.4525913046543852,3.4525913046543852,3.4525913046543852,3.4525913046543852,3.4525913046543852,3.4525913046543852,3.4525913046543852,3.4525913046543852,3.4525913046543852,3.4525913046543852,3.4525913046543852,3.4525913046543852,3.4525913046543852,3.4525913046543852,3.4525913046543852,3.4525913046543852,3.4525913046543852,3.4525913046543852,3.4525913046543852,3.4525913046543852,3.4525913046543852,3.4525913046543852,3.4525913046543852,3.4525913046543852,3.4525913046543852,3.4525913046543852,3.4525913046543852,3.4525913046543852,3.4525913046543852,3.4525913046543852,3.4525913046543852,3.4525913046543852,3.4525913046543852,3.4525913046543852,3.4525913046543852,3.4525913046543852,3.4525913046543852,3.4525913046543852,3.4525913046543852,3.4525913046543852,3.4525913046543852,3.4525913046543852,3.4525913046543852,3.4525913046543852,3.4525913046543852,3.4525913046543852,3.4525913046543852,3.4525913046543852,3.4525913046543852,3.4525913046543852,3.4525913046543852,3.4525913046543852,3.4525913046543852,3.4525913046543852,3.4525913046543852,3.4525913046543852,3.4525913046543852,3.4525913046543852,3.4525913046543852,3.4525913046543852,3.4525913046543852,3.4525913046543852,3.4525913046543852,3.4525913046543852,3.4525913046543852,3.4525913046543852,3.4525913046543852,3.4525913046543852,3.4525913046543852,3.4525913046543852,3.4525913046543852,3.4525913046543852,3.4525913046543852,3.4525913046543852,3.4525913046543852,3.4525913046543852,3.4525913046543852,3.4525913046543852,3.4525913046543852,3.4525913046543852,3.4525913046543852,3.4525913046543852,3.4525913046543852,3.4525913046543852,3.4525913046543852,3.4525913046543852,3.4525913046543852,3.4525913046543852,3.4525913046543852,3.4525913046543852,3.4525913046543852,3.4525913046543852,3.4525913046543852,3.4525913046543852,3.4525913046543852,3.4525913046543852,3.4525913046543852,3.4525913046543852,3.4525913046543852,3.4525913046543852,3.4525913046543852,3.4525913046543852,3.4525913046543852,3.4525913046543852,3.4525913046543852,3.4525913046543852,3.4525913046543852,3.4525913046543852,3.4525913046543852,3.4525913046543852,3.4525913046543852,3.4525913046543852,3.4525913046543852,3.4525913046543852,3.4525913046543852,3.4525913046543852,3.4525913046543852,3.4525913046543852,3.4525913046543852,3.4525913046543852,3.4525913046543852,3.4525913046543852,3.4525913046543852,3.4525913046543852,3.4525913046543852,3.4525913046543852,3.4525913046543852,3.4525913046543852,3.4525913046543852,3.4525913046543852,3.4525913046543852,3.4525913046543852,3.4525913046543852,3.4525913046543852,3.4525913046543852,3.4525913046543852,3.4525913046543852,3.4525913046543852,3.4525913046543852,3.4525913046543852,3.4525913046543852,3.4525913046543852,3.4525913046543852,3.4525913046543852,3.4525913046543852,3.4525913046543852,3.4525913046543852,3.4525913046543852,3.4525913046543852,3.4525913046543852,3.4525913046543852,3.4525913046543852,3.4525913046543852,3.4525913046543852,3.4525913046543852,3.4525913046543852,3.4525913046543852,3.4525913046543852,3.4525913046543852,3.4525913046543852,3.4525913046543852,3.4525913046543852,3.4525913046543852,3.4525913046543852,3.4525913046543852,3.4525913046543852,3.4525913046543852,3.4525913046543852,3.4525913046543852,3.4525913046543852,3.4525913046543852,3.4525913046543852,3.4525913046543852,3.4525913046543852,3.4525913046543852,3.4525913046543852,3.4525913046543852,3.4525913046543852,3.4525913046543852,3.4525913046543852,3.4525913046543852,3.4525913046543852,3.4525913046543852,3.4525913046543852,3.4525913046543852,3.4525913046543852,3.4525913046543852,3.4525913046543852,3.4525913046543852,3.4525913046543852,3.4525913046543852,3.4525913046543852,3.4525913046543852,3.4525913046543852,3.4525913046543852,3.4525913046543852,3.4525913046543852,3.4525913046543852,3.4525913046543852,3.4525913046543852,3.4525913046543852,3.4525913046543852,3.4525913046543852,3.4525913046543852,3.4525913046543852,3.4525913046543852,3.4525913046543852,3.4525913046543852,3.4525913046543852,3.4525913046543852,3.4525913046543852,3.4525913046543852,3.4525913046543852,3.4525913046543852,3.4525913046543852,3.4525913046543852,3.4525913046543852,3.4525913046543852,3.4525913046543852,3.4525913046543852,3.4525913046543852,3.4525913046543852,3.4525913046543852,3.4525913046543852,3.4525913046543852,3.4525913046543852,3.4525913046543852,3.4525913046543852,3.4525913046543852,3.4525913046543852,3.4525913046543852,3.4525913046543852,3.4525913046543852,3.4525913046543852,3.4525913046543852,3.4525913046543852,3.4525913046543852,3.4525913046543852,3.4525913046543852,3.4525913046543852,3.4525913046543852,3.4525913046543852,3.4525913046543852,3.4525913046543852,3.4525913046543852,3.4525913046543852,3.4525913046543852,3.4525913046543852,3.4525913046543852,3.4525913046543852,3.4525913046543852,3.4525913046543852,3.4525913046543852,3.4525913046543852,3.4525913046543852,3.4525913046543852,3.4525913046543852,3.4525913046543852,3.4525913046543852,3.4525913046543852,3.4525913046543852,3.4525913046543852,3.4525913046543852,3.4525913046543852,3.4525913046543852,3.4525913046543852,3.4525913046543852,3.4359938937543557,10.108447827244385,10.108447827244385,10.009673929525503,10.009673929525503,9.635145754884565,9.635145754884565,8.203459851170981,8.203459851170981,8.203459851170981,8.203459851170981,8.203459851170981,8.203459851170981,8.203459851170981,8.203459851170981,8.203459851170981,8.203459851170981,8.203459851170981,8.203459851170981,8.203459851170981,8.000034968120985,8.000034968120985,8.000034968120985,8.000034968120985,8.000034968120985,8.000034968120985,8.000034968120985,8.000034968120985,8.000034968120985,8.000034968120985,8.000034968120985,8.000034968120985,8.000034968120985,8.000034968120985,8.000034968120985,8.000034968120985,8.000034968120985,8.000034968120985,8.000034968120985,8.000034968120985,8.000034968120985,8.000034968120985,8.000034968120985,8.000034968120985,8.000034968120985,8.000034968120985,8.000034968120985,8.000034968120985,8.000034968120985,8.000034968120985,8.000034968120985,8.000034968120985,8.000034968120985,8.000034968120985,8.000034968120985,8.000034968120985,8.000034968120985,8.000034968120985,8.000034968120985,8.000034968120985,8.000034968120985,8.000034968120985,8.000034968120985,8.000034968120985,7.86796512148189,7.130116245392559,7.001926280186301,6.822670683172858,6.822670683172858,6.815025622347314,6.815025622347314,6.815025622347314,6.815025622347314,6.815025622347314,6.815025622347314,6.815025622347314,6.815025622347314,6.815025622347314,6.815025622347314,6.815025622347314,6.815025622347314,6.815025622347314,6.815025622347314,6.815025622347314,6.815025622347314,6.815025622347314,6.815025622347314,6.815025622347314,6.815025622347314,6.815025622347314,6.815025622347314,6.815025622347314,6.815025622347314,6.815025622347314,6.815025622347314,6.815025622347314,6.815025622347314,6.815025622347314,6.815025622347314,6.815025622347314,6.815025622347314,6.815025622347314,6.772132539399853,6.772132539399853,6.772132539399853,6.637874345761134,6.363638419612786,6.363638419612786,6.347136804384872,6.347136804384872,6.347136804384872,6.20357231434371,6.20357231434371,6.20357231434371,6.20357231434371,6.20357231434371,6.20357231434371,6.20357231434371,6.20357231434371,6.20357231434371,6.20357231434371,6.20357231434371,6.20357231434371,6.20357231434371,6.20357231434371,6.20357231434371,6.20357231434371,6.20357231434371,6.20357231434371,6.20357231434371,6.20357231434371,6.20357231434371,6.20357231434371,6.20357231434371,6.20357231434371,6.20357231434371,6.20357231434371,6.20357231434371,6.20357231434371,6.20357231434371,6.20357231434371,6.20357231434371,6.20357231434371,6.20357231434371,6.20357231434371,6.20357231434371,6.20357231434371,6.20357231434371,6.20357231434371,6.20357231434371,6.20357231434371,6.20357231434371,6.20357231434371,6.20357231434371,6.20357231434371,6.20357231434371,6.20357231434371,6.20357231434371,6.20357231434371,6.20357231434371,6.20357231434371,6.20357231434371,6.20357231434371,6.20357231434371,6.20357231434371,6.20357231434371,6.20357231434371,6.20357231434371,6.20357231434371,6.20357231434371,6.20357231434371,6.20357231434371,6.20357231434371,6.20357231434371,6.20357231434371,6.20357231434371,6.20357231434371,6.20357231434371,6.20357231434371,6.20357231434371,6.20357231434371,6.20357231434371,6.20357231434371,6.20357231434371,6.20357231434371,6.20357231434371,6.20357231434371,6.20357231434371,6.20357231434371,6.20357231434371,6.20357231434371,6.20357231434371,6.20357231434371,6.20357231434371,6.20357231434371,6.20357231434371,6.20357231434371,6.20357231434371,6.20357231434371,6.20357231434371,6.20357231434371,6.20357231434371,6.20357231434371,6.20357231434371,6.20357231434371,6.20357231434371,6.20357231434371,6.20357231434371,6.20357231434371,6.20357231434371,6.20357231434371,6.20357231434371,6.20357231434371,6.20357231434371,6.20357231434371,6.20357231434371,6.20357231434371,6.20357231434371,6.20357231434371,6.20357231434371,5.786653479047846,5.786653479047846,5.786653479047846,5.786653479047846,5.616221475398795,5.616221475398795,5.616221475398795,5.616221475398795,5.616221475398795,5.616221475398795,5.616221475398795,5.616221475398795,5.616221475398795,5.610976798799895,5.610976798799895,5.610976798799895,5.610976798799895,5.610976798799895,5.511161846375483,5.511161846375483,5.511161846375483,5.511161846375483,5.511161846375483,5.511161846375483,5.511161846375483,5.511161846375483,5.511161846375483,5.511161846375483,5.511161846375483,5.511161846375483,5.511161846375483,5.511161846375483,5.511161846375483,5.511161846375483,5.511161846375483,5.511161846375483,5.4171240366391,5.1696645288264715,5.1696645288264715,5.1696645288264715,5.1696645288264715,5.1696645288264715,5.1696645288264715,5.1696645288264715,5.1696645288264715,5.1696645288264715,5.1696645288264715,5.1696645288264715,5.1696645288264715,5.1696645288264715,5.1696645288264715,5.1696645288264715,5.1696645288264715,5.1696645288264715,5.1696645288264715,5.1696645288264715,5.1696645288264715,5.1696645288264715,5.1696645288264715,5.144048772021296,5.144048772021296,5.144048772021296,5.144048772021296,5.144048772021296,4.9516574196507825,4.7633356769949655,4.7633356769949655,4.7633356769949655,4.7633356769949655,4.7633356769949655,4.7633356769949655,4.7633356769949655,4.7633356769949655,4.7633356769949655,4.7633356769949655,4.7633356769949655,4.7633356769949655,4.7633356769949655,4.7633356769949655,4.7633356769949655,4.7633356769949655,4.7633356769949655,4.7633356769949655,4.7633356769949655,4.7633356769949655,4.7633356769949655,4.7633356769949655,4.7633356769949655,4.7633356769949655,4.7633356769949655,4.7633356769949655,4.7633356769949655,4.7633356769949655,4.7633356769949655,4.7633356769949655,4.7633356769949655,4.7633356769949655,4.7633356769949655,4.7633356769949655,4.7633356769949655,4.7633356769949655,4.7633356769949655,4.7633356769949655,4.7633356769949655,4.7633356769949655,4.7633356769949655,4.7633356769949655,4.7633356769949655,4.7633356769949655,4.7633356769949655,4.7633356769949655,4.7633356769949655,4.7633356769949655,4.7633356769949655,4.7633356769949655,4.7633356769949655,4.7633356769949655,4.7633356769949655,4.7633356769949655,4.7633356769949655,4.7633356769949655,4.7633356769949655,4.7633356769949655,4.7633356769949655,4.7633356769949655,4.7633356769949655,4.7633356769949655,4.7633356769949655,4.7633356769949655,4.7633356769949655,4.7633356769949655,4.7633356769949655,4.7633356769949655,4.7633356769949655,4.7633356769949655,4.7633356769949655,4.7633356769949655,4.7633356769949655,4.7633356769949655,4.7633356769949655,4.7633356769949655,4.7633356769949655,4.7633356769949655,4.7633356769949655,4.7633356769949655,4.7633356769949655,4.7633356769949655,4.7633356769949655,4.7633356769949655,4.7633356769949655,4.7633356769949655,4.7633356769949655,4.7633356769949655,4.7633356769949655,4.7633356769949655,4.7633356769949655,4.7633356769949655,4.7633356769949655,4.7633356769949655,4.7633356769949655,4.7633356769949655,4.7633356769949655,4.7633356769949655,4.7633356769949655,4.7633356769949655,4.7633356769949655,4.7633356769949655,4.7633356769949655,4.7633356769949655,4.7633356769949655,4.7633356769949655,4.7633356769949655,4.7633356769949655,4.7633356769949655,4.7633356769949655,4.7633356769949655,4.7633356769949655,4.7633356769949655,4.7633356769949655,4.7633356769949655,4.7633356769949655,4.7633356769949655,4.7633356769949655,4.7633356769949655,4.7633356769949655,4.7633356769949655,4.7633356769949655,4.7633356769949655,4.7633356769949655,4.7633356769949655,4.7633356769949655,4.7633356769949655,4.7633356769949655,4.7633356769949655,4.7633356769949655,4.7633356769949655,4.7633356769949655,4.7633356769949655,4.7633356769949655,4.7633356769949655,4.7633356769949655,4.7633356769949655,4.7633356769949655,4.7633356769949655,4.7633356769949655,4.7633356769949655,4.7633356769949655,4.7633356769949655,4.7633356769949655,4.7633356769949655,4.7633356769949655,4.7633356769949655,4.7633356769949655,4.7633356769949655,4.7633356769949655,4.7633356769949655,4.7633356769949655,4.7633356769949655,4.7633356769949655,4.7633356769949655,4.7633356769949655,4.7633356769949655,4.7633356769949655,4.7633356769949655,4.7633356769949655,4.7633356769949655,4.7633356769949655,4.7633356769949655,4.7633356769949655,4.7633356769949655,4.7633356769949655,4.7633356769949655,4.7633356769949655,4.7633356769949655,4.7633356769949655,4.7633356769949655,4.7633356769949655,4.7633356769949655,4.7633356769949655,4.7633356769949655,4.7633356769949655,4.7633356769949655,4.7633356769949655,4.7633356769949655,4.7633356769949655,4.7633356769949655,4.7633356769949655,4.7633356769949655,4.7633356769949655,4.7633356769949655,4.7633356769949655,4.7633356769949655,4.7633356769949655,4.7633356769949655,4.7633356769949655,4.7633356769949655,4.7633356769949655,4.7633356769949655,4.7633356769949655,4.7633356769949655,4.7633356769949655,4.7633356769949655,4.7633356769949655,4.7633356769949655,4.7633356769949655,4.7633356769949655,4.7633356769949655,4.7633356769949655,4.7633356769949655,4.7633356769949655,4.7633356769949655,4.7633356769949655,4.7633356769949655,4.7633356769949655,4.7633356769949655,4.7633356769949655,4.7633356769949655,4.7633356769949655,4.7633356769949655,4.7633356769949655,4.7633356769949655,4.7633356769949655,4.7633356769949655,4.7633356769949655,4.7633356769949655,4.7633356769949655,4.7633356769949655,4.7633356769949655,4.7633356769949655,4.7633356769949655,4.7633356769949655,4.7633356769949655,4.7633356769949655,4.7633356769949655,4.7633356769949655,4.7633356769949655,4.7633356769949655,4.7633356769949655,4.7633356769949655,4.7633356769949655,4.7633356769949655,4.7633356769949655,4.7633356769949655,4.7633356769949655,4.7633356769949655,4.7633356769949655,4.7633356769949655,4.7633356769949655,4.7633356769949655,4.7633356769949655,4.7633356769949655,4.7633356769949655,4.7633356769949655,4.7633356769949655,4.7633356769949655,4.7633356769949655,4.7633356769949655,4.7633356769949655,4.7633356769949655,4.7633356769949655,4.7633356769949655,4.7633356769949655,4.7633356769949655,4.7633356769949655,4.7633356769949655,4.7633356769949655,4.7633356769949655,4.7633356769949655,4.7633356769949655,4.7633356769949655,4.7633356769949655,4.7633356769949655,4.7633356769949655,4.7633356769949655,4.7633356769949655,4.7633356769949655,4.7633356769949655,4.7633356769949655,4.7633356769949655,4.7633356769949655,4.7633356769949655,4.7633356769949655,4.7633356769949655,4.7633356769949655,4.7633356769949655,4.7633356769949655,4.7633356769949655,4.7633356769949655,4.7633356769949655,4.7633356769949655,4.7633356769949655,4.7633356769949655,4.7633356769949655,4.7633356769949655,4.7633356769949655,4.7633356769949655,4.7633356769949655,4.7633356769949655,4.7633356769949655,4.7633356769949655,4.7633356769949655,4.7633356769949655,4.7633356769949655,4.7633356769949655,4.7633356769949655,4.7633356769949655,4.7633356769949655,4.7633356769949655,4.7633356769949655,4.7633356769949655,4.7633356769949655,4.7633356769949655,4.7633356769949655,4.7633356769949655,4.7633356769949655,4.7633356769949655,4.7633356769949655,4.7633356769949655,4.7633356769949655,4.7633356769949655,4.7633356769949655,4.7633356769949655,4.7633356769949655,4.7633356769949655,4.7633356769949655,4.7633356769949655,4.7633356769949655,4.7633356769949655,4.7633356769949655,4.7633356769949655,4.7633356769949655,4.7633356769949655,4.7633356769949655,4.7633356769949655,4.7633356769949655,4.7633356769949655,4.7633356769949655,4.7633356769949655,4.7633356769949655,4.7633356769949655,4.7633356769949655,4.7633356769949655,4.7633356769949655,4.7633356769949655,4.7633356769949655,4.7633356769949655,4.7633356769949655,4.7633356769949655,4.7633356769949655,4.7633356769949655,4.7633356769949655,4.7633356769949655,4.7633356769949655,4.7633356769949655,4.7633356769949655,4.7633356769949655,4.7633356769949655,4.7633356769949655,4.7633356769949655,4.7633356769949655,4.7633356769949655,4.7633356769949655,4.7633356769949655,4.7633356769949655,4.7633356769949655,4.7633356769949655,4.7633356769949655,4.7633356769949655,4.7633356769949655,4.7633356769949655,4.7633356769949655,4.7633356769949655,4.7633356769949655,4.7633356769949655,4.7633356769949655,4.7633356769949655,4.7633356769949655,4.7633356769949655,4.7633356769949655,4.7633356769949655,4.7633356769949655,4.7633356769949655,4.7633356769949655,4.7633356769949655,4.7633356769949655,4.7633356769949655,4.7633356769949655,4.7633356769949655,4.7633356769949655,4.7633356769949655,4.7633356769949655,4.7633356769949655,4.7633356769949655,4.7633356769949655,4.7633356769949655,4.7633356769949655,4.7633356769949655,4.7633356769949655,4.7633356769949655,4.7633356769949655,4.7633356769949655,4.7633356769949655,4.7633356769949655,4.7633356769949655,4.7633356769949655,4.7633356769949655,4.7633356769949655,4.7633356769949655,4.7633356769949655,4.7633356769949655,4.7633356769949655,4.7633356769949655,4.7633356769949655,4.7633356769949655,4.7633356769949655,4.7633356769949655,4.7633356769949655,4.7633356769949655,4.7633356769949655,4.7633356769949655,4.7633356769949655,4.7633356769949655,4.7633356769949655,4.7633356769949655,4.7633356769949655,4.7633356769949655,4.7633356769949655,4.7633356769949655,4.7633356769949655,4.7633356769949655,4.7633356769949655,4.7633356769949655,4.7633356769949655,4.7633356769949655,4.7633356769949655,4.7633356769949655,4.7633356769949655,4.7633356769949655,4.7633356769949655,4.7633356769949655,4.7633356769949655,4.7633356769949655,4.7633356769949655,4.7633356769949655,4.7633356769949655,4.7633356769949655,4.7633356769949655,4.7633356769949655,4.7633356769949655,4.7633356769949655,4.7633356769949655,4.7633356769949655,4.7633356769949655,4.7633356769949655,4.7633356769949655,4.7633356769949655,4.7633356769949655,4.7633356769949655,4.7633356769949655,4.7633356769949655,4.7633356769949655,4.7633356769949655,4.7633356769949655,4.7633356769949655,4.7633356769949655,4.7633356769949655,4.7633356769949655,4.7633356769949655,4.7633356769949655,4.7633356769949655,4.7633356769949655,4.7633356769949655,4.7633356769949655,4.7633356769949655,4.7633356769949655,4.7633356769949655,4.7633356769949655,4.7633356769949655,4.7633356769949655,4.7633356769949655,4.7633356769949655,4.7633356769949655,4.7633356769949655,4.7633356769949655,4.7633356769949655,4.7633356769949655,4.7633356769949655,4.7633356769949655,4.7633356769949655,4.7633356769949655,4.7633356769949655,4.7633356769949655,4.7633356769949655,4.7633356769949655,4.7633356769949655,4.7633356769949655,4.7633356769949655,4.7633356769949655,4.7633356769949655,4.7633356769949655,4.7633356769949655,4.7633356769949655,4.7633356769949655,4.7633356769949655,4.7633356769949655,4.7633356769949655,4.7633356769949655,4.7633356769949655,4.7633356769949655,4.7633356769949655,4.7633356769949655,4.7633356769949655,4.7633356769949655,4.7633356769949655,4.7633356769949655,4.7633356769949655,4.7633356769949655,4.7633356769949655,4.7633356769949655,4.7633356769949655,4.7633356769949655,4.7633356769949655,4.7633356769949655,4.7633356769949655,4.7633356769949655,4.7633356769949655,4.7633356769949655,4.7633356769949655,4.7633356769949655,4.7633356769949655,4.7633356769949655,4.7633356769949655,4.7633356769949655,4.7633356769949655,4.7633356769949655,4.7633356769949655,4.7633356769949655,4.7633356769949655,4.7633356769949655,4.7633356769949655,4.7633356769949655,4.7633356769949655,4.7633356769949655,4.7633356769949655,4.7633356769949655,4.7633356769949655,4.7633356769949655,4.7633356769949655,4.7633356769949655,4.7633356769949655,4.7633356769949655,4.7633356769949655,4.7633356769949655,4.7633356769949655,4.7633356769949655,4.7633356769949655,4.7633356769949655,4.7633356769949655,4.7633356769949655,4.7633356769949655,4.7633356769949655,4.7633356769949655,4.7633356769949655,4.7633356769949655,4.7633356769949655,4.7633356769949655,4.7633356769949655,4.7633356769949655,4.7633356769949655,4.7633356769949655,4.7633356769949655,4.7633356769949655,4.7633356769949655,4.7633356769949655,4.7633356769949655,4.7633356769949655,4.7633356769949655,4.7633356769949655,4.7633356769949655,4.7633356769949655,4.7633356769949655,4.7633356769949655,4.7633356769949655,4.7633356769949655,4.7633356769949655,4.7633356769949655,4.7633356769949655,4.7633356769949655,4.7633356769949655,4.7633356769949655,4.7633356769949655,4.7633356769949655,4.7633356769949655,4.7633356769949655,4.7633356769949655,4.7633356769949655,4.7633356769949655,4.7633356769949655,4.7633356769949655,4.7633356769949655,4.7633356769949655,4.7633356769949655,4.7633356769949655,4.7633356769949655,4.7633356769949655,4.7633356769949655,4.7633356769949655,4.7633356769949655,4.7633356769949655,4.7633356769949655,4.7633356769949655,4.7633356769949655,4.7633356769949655,4.7633356769949655,4.7633356769949655,4.7633356769949655,4.7633356769949655,4.7633356769949655,4.7633356769949655,4.7633356769949655,4.7633356769949655,4.7633356769949655,4.7633356769949655,4.7633356769949655,4.7633356769949655,4.7633356769949655,4.7633356769949655,4.7633356769949655,4.7633356769949655,4.7633356769949655,4.7633356769949655,4.7633356769949655,4.7633356769949655,4.7633356769949655,4.7633356769949655,4.7633356769949655,4.7633356769949655,4.7633356769949655,4.7633356769949655,4.7633356769949655,4.7633356769949655,4.7633356769949655,4.7633356769949655,4.7633356769949655,4.7633356769949655,4.7633356769949655,4.7633356769949655,4.7633356769949655,4.7633356769949655,4.7633356769949655,4.7633356769949655,4.7633356769949655,4.7633356769949655,4.7633356769949655,4.7633356769949655,4.7633356769949655,4.7633356769949655,4.7633356769949655,4.7633356769949655,4.7633356769949655,4.7633356769949655,4.7633356769949655,4.7633356769949655,4.7633356769949655,4.7633356769949655,4.7633356769949655,4.7633356769949655,4.7633356769949655,4.7633356769949655,4.7633356769949655,4.7633356769949655,4.7633356769949655,4.7633356769949655,4.7633356769949655,4.7633356769949655,4.7633356769949655,4.7633356769949655,4.7633356769949655,4.7633356769949655,4.7633356769949655,4.7633356769949655,4.7633356769949655,4.7633356769949655,4.7633356769949655,4.7633356769949655,4.7633356769949655,4.7633356769949655,4.7633356769949655,4.7633356769949655,4.7633356769949655,4.7633356769949655,4.7633356769949655,4.7633356769949655,4.7633356769949655,4.7633356769949655,4.7633356769949655,4.7633356769949655,4.7633356769949655,4.7633356769949655,4.7633356769949655,4.7633356769949655,4.7633356769949655,4.7633356769949655,4.7633356769949655,4.7633356769949655,4.7633356769949655,4.7633356769949655,4.7633356769949655,4.7633356769949655,4.7633356769949655,4.7633356769949655,4.7633356769949655,4.7633356769949655,4.7633356769949655,4.7633356769949655,4.7633356769949655,4.7633356769949655,4.7633356769949655,4.7633356769949655,4.7633356769949655,4.7633356769949655,7.8561401188182725,7.523866346998213,7.523866346998213,7.523866346998213,7.523866346998213,7.523866346998213,7.523866346998213,7.331959375709452,7.331959375709452,7.331959375709452,7.2126998488081755,7.2126998488081755,7.2126998488081755,7.2126998488081755,7.2126998488081755,7.2126998488081755,7.2126998488081755,7.2126998488081755,7.2126998488081755,7.2126998488081755,7.204113251243418,7.204113251243418,7.204113251243418,7.204113251243418,7.204113251243418,7.204113251243418,6.963571968056371,6.963571968056371,6.963571968056371,6.963571968056371,6.963571968056371,6.963571968056371,6.963571968056371,6.963571968056371,6.963571968056371,6.963571968056371,6.963571968056371,6.963571968056371,6.963571968056371,6.963571968056371,6.963571968056371,6.963571968056371,6.963571968056371,6.963571968056371,6.963571968056371,6.963571968056371,6.963571968056371,6.963571968056371,6.963571968056371,6.963571968056371,4.662925004235178,4.600479305410037,4.600479305410037,4.3392456141995925,4.3392456141995925,4.3392456141995925,4.332291138937457,4.332291138937457,4.32737316061492,4.32737316061492,4.32737316061492,4.32737316061492,4.32737316061492,4.32737316061492,4.32737316061492,4.32737316061492,4.32737316061492,4.32737316061492,4.32737316061492,4.32737316061492,4.32737316061492,4.32737316061492,4.176322273657748,4.16705597133314,4.16705597133314,4.16705597133314,4.16705597133314,4.16705597133314,4.16705597133314,4.16705597133314,4.16705597133314,4.16705597133314,4.16705597133314,4.16705597133314,4.16705597133314,4.16705597133314,4.16705597133314,4.16705597133314,4.16705597133314,4.16705597133314,4.16705597133314,4.16705597133314,4.16705597133314,4.16705597133314,4.16705597133314,4.16705597133314,4.16705597133314,4.16705597133314,4.16705597133314,4.16705597133314,4.16705597133314,4.16705597133314,4.16705597133314,4.16705597133314,4.16705597133314,4.16705597133314,4.16705597133314,4.16705597133314,4.16705597133314,4.16705597133314,4.16705597133314,4.16705597133314,4.16705597133314,4.16705597133314,4.16705597133314,4.16705597133314,4.16705597133314,4.16705597133314,4.16705597133314,4.16705597133314,4.16705597133314,4.16705597133314,4.16705597133314,4.16705597133314,4.16705597133314,4.16705597133314,4.16705597133314,4.16705597133314,4.16705597133314,4.16705597133314,4.16705597133314,4.16705597133314,4.16705597133314,4.16705597133314,4.16705597133314,4.16705597133314,4.16705597133314,4.16705597133314,4.16705597133314,4.16705597133314,4.16705597133314,4.16705597133314,4.16705597133314,4.16705597133314,4.16705597133314,4.16705597133314,4.16705597133314,4.16705597133314,4.16705597133314,4.16705597133314,4.16705597133314,4.16705597133314,4.16705597133314,4.16705597133314,4.16705597133314,4.16705597133314,4.16705597133314,4.16705597133314,4.16705597133314,4.16705597133314,4.16705597133314,4.16705597133314,4.16705597133314,4.16705597133314,4.16705597133314,4.16705597133314,4.16705597133314,4.16705597133314,4.16705597133314,4.16705597133314,4.16705597133314,4.16705597133314,4.16705597133314,4.16705597133314,4.16705597133314,4.16705597133314,4.16705597133314,4.16705597133314,4.16705597133314,4.16705597133314,4.16705597133314,4.16705597133314,4.16705597133314,4.16705597133314,4.16705597133314,4.16705597133314,4.16705597133314,4.16705597133314,4.16705597133314,4.16705597133314,2.4312355314758745,2.4312355314758745,2.4312355314758745,2.4312355314758745,2.4312355314758745,2.4312355314758745,2.4312355314758745,2.4312355314758745,2.4312355314758745,2.4312355314758745,2.4312355314758745,2.4312355314758745,2.4312355314758745,2.4312355314758745,2.4312355314758745,2.4312355314758745,2.4312355314758745,2.4312355314758745,2.4312355314758745,2.4312355314758745,2.4312355314758745,2.4312355314758745,2.4312355314758745,2.4312355314758745,2.4312355314758745,2.4312355314758745,2.4312355314758745,2.4312355314758745,2.4312355314758745,2.4312355314758745,2.4312355314758745,2.4312355314758745,2.4312355314758745,2.4312355314758745,2.4312355314758745,2.4312355314758745,2.4312355314758745,2.4312355314758745,2.4312355314758745,2.4312355314758745,2.4312355314758745,2.4312355314758745,2.4312355314758745,2.4312355314758745,2.4312355314758745,2.4312355314758745,2.4312355314758745,2.4312355314758745,2.4312355314758745,2.4312355314758745,2.4312355314758745,2.4312355314758745,2.4312355314758745,2.4312355314758745,2.4312355314758745,2.4312355314758745,2.4312355314758745,2.4312355314758745,2.4312355314758745,2.4312355314758745,2.4312355314758745,2.4312355314758745,2.4312355314758745,2.4312355314758745,2.4312355314758745,2.4312355314758745,2.4312355314758745,2.4312355314758745,2.4312355314758745,2.4312355314758745,2.4312355314758745,2.4312355314758745,2.4312355314758745,2.4312355314758745,2.4312355314758745,2.4312355314758745,2.4312355314758745,2.4312355314758745,2.4312355314758745,2.4312355314758745,2.4312355314758745,2.4312355314758745,2.4312355314758745,2.4312355314758745,2.4312355314758745,2.4312355314758745,2.4312355314758745,2.4312355314758745,2.4312355314758745,2.4312355314758745,2.4312355314758745,2.4312355314758745,2.4312355314758745,2.4312355314758745,2.4312355314758745,2.4312355314758745,2.4312355314758745,2.4312355314758745,2.4312355314758745,2.4312355314758745,2.4312355314758745,2.4312355314758745,2.4312355314758745,2.4312355314758745,2.4312355314758745,2.4312355314758745,2.4312355314758745,2.4312355314758745,2.4312355314758745,2.4312355314758745,2.4312355314758745,2.4312355314758745,2.4312355314758745,2.4312355314758745,2.4312355314758745,2.4312355314758745,2.4312355314758745,2.4312355314758745,2.4312355314758745,2.4312355314758745,2.4312355314758745,2.4312355314758745,2.4312355314758745,2.4312355314758745,2.4312355314758745,2.4312355314758745,2.4312355314758745,2.4312355314758745,2.4312355314758745,2.4312355314758745,2.4312355314758745,2.4312355314758745,2.4312355314758745,2.4312355314758745,2.4312355314758745,2.4312355314758745,2.4312355314758745,2.4312355314758745,2.4312355314758745,2.4312355314758745,2.4312355314758745,2.4312355314758745,2.4312355314758745,2.4312355314758745,2.4312355314758745,2.4312355314758745,2.4312355314758745,2.4312355314758745,2.4312355314758745,2.4312355314758745,2.4312355314758745,2.4312355314758745,2.4312355314758745,2.4312355314758745,2.4312355314758745,2.4312355314758745,2.4312355314758745,2.4312355314758745,2.4312355314758745,2.4312355314758745,2.4312355314758745,2.4312355314758745,2.4312355314758745,2.4312355314758745,2.4312355314758745,2.4312355314758745,2.4312355314758745,2.4312355314758745,2.4312355314758745,2.4312355314758745,2.4312355314758745,2.4312355314758745,2.4312355314758745,2.4312355314758745,2.4312355314758745,2.4312355314758745,2.4312355314758745,2.4312355314758745,2.4312355314758745,2.4312355314758745,2.4312355314758745,2.4312355314758745,2.4312355314758745,2.4312355314758745,2.4312355314758745,2.4312355314758745,2.4312355314758745,2.4312355314758745,2.4312355314758745,2.4312355314758745,2.4312355314758745,2.4312355314758745,2.4312355314758745,2.4312355314758745,2.4312355314758745,2.4312355314758745,2.4312355314758745,2.4312355314758745,2.4312355314758745,2.4312355314758745,2.4312355314758745,2.4312355314758745,2.4312355314758745,2.4312355314758745,2.4312355314758745,2.4312355314758745,2.4312355314758745,2.4312355314758745,2.4312355314758745,2.4312355314758745,2.4312355314758745,2.4312355314758745,2.4312355314758745,2.4312355314758745,2.0599560462182853,2.0599560462182853,2.0599560462182853,2.0599560462182853,2.0599560462182853,2.0599560462182853,2.0599560462182853,2.0599560462182853,2.0599560462182853,2.0599560462182853,2.0599560462182853,2.0599560462182853,2.0599560462182853,2.0599560462182853,2.0599560462182853,2.0599560462182853,2.0599560462182853,2.0599560462182853,2.0599560462182853,2.0599560462182853,2.0599560462182853,2.0599560462182853,2.0599560462182853,2.0599560462182853,2.0599560462182853,2.0599560462182853,2.0599560462182853,2.0599560462182853,2.0599560462182853,2.0599560462182853,2.0599560462182853,2.0599560462182853,2.0599560462182853,2.0599560462182853,2.0599560462182853,2.0599560462182853,2.0599560462182853,2.0599560462182853,2.0599560462182853,2.0599560462182853,2.0599560462182853,2.0599560462182853,2.0599560462182853,2.0599560462182853,2.0599560462182853,2.0599560462182853,2.0599560462182853,2.0599560462182853,2.0599560462182853,2.0599560462182853,2.0599560462182853,2.0599560462182853,2.0599560462182853,2.0599560462182853,2.0599560462182853,2.0599560462182853,2.0599560462182853,2.0599560462182853,2.0599560462182853,2.0599560462182853,2.0599560462182853,2.0599560462182853,2.0599560462182853,2.0599560462182853,2.0599560462182853,2.0599560462182853,2.0599560462182853,2.0599560462182853,2.0599560462182853,2.0599560462182853,2.0599560462182853,2.0599560462182853,2.0599560462182853,2.0599560462182853,2.0599560462182853,2.0599560462182853,2.0599560462182853,2.0599560462182853,2.0599560462182853,2.0599560462182853,2.0599560462182853,2.0599560462182853,2.0599560462182853,2.0599560462182853,2.0599560462182853,2.0599560462182853,2.0599560462182853,2.0599560462182853,2.0599560462182853,2.0599560462182853,2.0599560462182853,2.0599560462182853,2.0599560462182853,2.0599560462182853,2.0599560462182853,2.0599560462182853,2.0599560462182853,2.0599560462182853,2.0599560462182853,2.0599560462182853,2.0599560462182853,2.0599560462182853,2.0599560462182853,2.0599560462182853,2.0599560462182853,2.0599560462182853,2.0599560462182853,2.0599560462182853,2.0599560462182853,2.0599560462182853,2.0599560462182853,2.0599560462182853,2.0599560462182853,2.0599560462182853,2.0599560462182853,2.0599560462182853,2.0599560462182853,2.0599560462182853,2.0599560462182853,2.0599560462182853,2.0599560462182853,2.0599560462182853,2.0599560462182853,2.0599560462182853,2.0599560462182853,2.0599560462182853,2.0599560462182853,2.0599560462182853,2.0599560462182853,2.0599560462182853,2.0599560462182853,2.0599560462182853,2.0599560462182853,2.0599560462182853,2.0599560462182853,2.0599560462182853,2.0599560462182853,2.0599560462182853,2.0599560462182853,2.0599560462182853,2.0599560462182853,2.0599560462182853,2.0599560462182853,2.0599560462182853,2.0599560462182853,2.0599560462182853,2.0599560462182853,2.0599560462182853,2.0599560462182853,2.0599560462182853,2.0599560462182853,2.0599560462182853,2.0599560462182853,2.0599560462182853,2.0599560462182853,2.0599560462182853,2.0599560462182853,2.0599560462182853,2.0599560462182853,2.0599560462182853,2.0599560462182853,2.0599560462182853,2.0599560462182853,2.0599560462182853,2.0599560462182853,2.0599560462182853,2.0599560462182853,2.0599560462182853,2.0599560462182853,2.0599560462182853,2.0599560462182853,2.0599560462182853,2.0599560462182853,2.0599560462182853,2.0599560462182853,2.0599560462182853,2.0599560462182853,2.0599560462182853,2.0599560462182853,2.0599560462182853,2.0599560462182853,2.0599560462182853,2.0599560462182853,2.0599560462182853,2.0599560462182853,2.0599560462182853,2.0599560462182853,2.0599560462182853,2.0599560462182853,2.0599560462182853,2.0599560462182853,2.0599560462182853,2.0599560462182853,2.0599560462182853,2.0599560462182853,2.0599560462182853,2.0599560462182853,2.0599560462182853,2.0599560462182853,2.0599560462182853,2.0599560462182853,2.0599560462182853,2.0599560462182853,2.0599560462182853,2.0599560462182853,2.0599560462182853,2.0599560462182853,2.0599560462182853,2.0599560462182853,2.0599560462182853,2.0599560462182853,2.0599560462182853,2.0599560462182853,2.0599560462182853,2.0599560462182853,2.0599560462182853,2.0599560462182853,2.0599560462182853,2.0599560462182853,2.0599560462182853,2.0599560462182853,2.0599560462182853,2.0599560462182853,2.0599560462182853,2.0599560462182853,2.0599560462182853,2.0599560462182853,2.0599560462182853,2.0599560462182853,2.0599560462182853,2.0599560462182853,2.0599560462182853,2.0599560462182853,2.0599560462182853,2.0599560462182853,2.0599560462182853,2.0599560462182853,2.0599560462182853,2.0599560462182853,2.0599560462182853,2.0599560462182853,2.0599560462182853,2.0599560462182853,2.0599560462182853,2.0599560462182853,2.0599560462182853,2.0599560462182853,2.0599560462182853,2.0599560462182853,2.0599560462182853,2.0599560462182853,2.0599560462182853,2.0599560462182853,2.0599560462182853,2.0599560462182853,2.0599560462182853,2.0599560462182853,2.0599560462182853,2.0599560462182853,2.0599560462182853,2.0599560462182853,2.0599560462182853,2.0599560462182853,2.0599560462182853,2.0599560462182853,2.0599560462182853,2.0599560462182853,2.0599560462182853,2.0599560462182853,2.0599560462182853,2.0599560462182853,2.0599560462182853,2.0599560462182853,2.0599560462182853,2.0599560462182853,2.0599560462182853,2.0599560462182853,2.0599560462182853,2.0599560462182853,2.0599560462182853,2.0599560462182853,2.0599560462182853,2.0599560462182853,2.0599560462182853,2.0599560462182853,2.0599560462182853,2.0599560462182853,2.0599560462182853,2.0599560462182853,2.0599560462182853,2.0599560462182853,2.0599560462182853,2.0599560462182853,2.0599560462182853,2.0599560462182853,2.0599560462182853,2.0599560462182853,2.0599560462182853,2.0599560462182853,2.0599560462182853,2.0599560462182853,2.0599560462182853,2.0599560462182853,2.0599560462182853,2.0599560462182853,2.0599560462182853,2.0599560462182853,2.0599560462182853,2.0599560462182853,2.0599560462182853,2.0599560462182853,2.0599560462182853,2.0599560462182853,2.0599560462182853,2.0599560462182853,2.0599560462182853,2.0599560462182853,2.0599560462182853,2.0599560462182853,2.0599560462182853,2.0599560462182853,2.0599560462182853,2.0599560462182853,2.0599560462182853,2.0599560462182853,2.0599560462182853,2.0599560462182853,2.0599560462182853,2.0599560462182853,2.0599560462182853,2.0599560462182853,2.0599560462182853,2.0599560462182853,2.0599560462182853,2.0599560462182853,2.0599560462182853,2.0599560462182853,2.0599560462182853,2.0599560462182853,2.0599560462182853,2.0599560462182853,2.0599560462182853,2.0599560462182853,2.0599560462182853,2.0599560462182853,2.0599560462182853,2.0599560462182853,2.0599560462182853,2.0599560462182853,2.0599560462182853,2.0599560462182853,2.0599560462182853,2.0599560462182853,2.0599560462182853,2.0599560462182853,2.0599560462182853,2.0599560462182853,2.0599560462182853,2.0599560462182853,2.0599560462182853,2.0599560462182853,2.0599560462182853,2.0599560462182853,2.0599560462182853,2.0599560462182853,2.0599560462182853,2.0599560462182853,2.0599560462182853,2.0599560462182853,2.0599560462182853,2.0599560462182853,2.0599560462182853,2.0599560462182853,2.0599560462182853,2.0599560462182853,2.0599560462182853,2.0599560462182853,2.0599560462182853,2.0599560462182853,2.0599560462182853,2.0599560462182853,2.0599560462182853,2.0599560462182853,2.0599560462182853,2.0599560462182853,2.0599560462182853,2.0599560462182853,2.0599560462182853,2.0599560462182853,2.0599560462182853,2.0599560462182853,2.0599560462182853,2.0599560462182853,2.0599560462182853,2.0599560462182853,2.0599560462182853,2.0599560462182853,2.0599560462182853,2.0599560462182853,2.0599560462182853,2.0599560462182853,2.0599560462182853,2.0599560462182853,2.0599560462182853,2.0599560462182853,2.0599560462182853,2.0599560462182853,2.0599560462182853,2.0599560462182853,2.0599560462182853,2.0599560462182853,2.0599560462182853,2.0599560462182853,2.0599560462182853,2.0599560462182853,2.0599560462182853,2.0599560462182853,2.0599560462182853,2.0599560462182853,2.0599560462182853,2.0599560462182853,2.0599560462182853,2.0599560462182853,2.0599560462182853,2.0599560462182853,2.0599560462182853,2.0599560462182853,2.0599560462182853,2.0599560462182853,2.0599560462182853,2.0599560462182853,2.0599560462182853,2.0599560462182853,2.0599560462182853,2.0599560462182853,2.0599560462182853,2.0599560462182853,2.0599560462182853,2.0599560462182853,2.0599560462182853,2.0599560462182853,2.0599560462182853,2.0599560462182853,2.0599560462182853,2.0599560462182853,2.0599560462182853,2.0599560462182853,2.0599560462182853,2.0599560462182853,2.0599560462182853,2.0599560462182853,2.0599560462182853,2.0599560462182853,2.0599560462182853,2.0599560462182853,2.0599560462182853,2.0599560462182853,2.0599560462182853,2.0599560462182853,2.0599560462182853,2.0599560462182853,2.0599560462182853,2.0599560462182853,2.0599560462182853,2.0599560462182853,2.0599560462182853,2.0599560462182853,2.0599560462182853,2.0599560462182853,2.0599560462182853,2.0599560462182853,2.0599560462182853,2.0599560462182853,2.0599560462182853,2.0599560462182853,2.0599560462182853,2.0599560462182853,2.0599560462182853,2.0599560462182853,2.0599560462182853,2.0599560462182853,2.0599560462182853,2.0599560462182853,2.0599560462182853,2.0599560462182853,2.0599560462182853,2.0599560462182853,2.0599560462182853,2.0599560462182853,2.0599560462182853,2.0599560462182853,2.0599560462182853,2.0599560462182853,2.0599560462182853,2.0599560462182853,2.0599560462182853,2.0599560462182853,2.0599560462182853,2.0599560462182853,2.0599560462182853,2.0599560462182853,2.0599560462182853,2.0599560462182853,2.0599560462182853,2.0599560462182853,2.0599560462182853,2.0599560462182853,2.0599560462182853,2.0599560462182853,2.0599560462182853,2.0599560462182853,2.0599560462182853,2.0599560462182853,2.0599560462182853,2.0599560462182853,2.0599560462182853,2.0599560462182853,2.0599560462182853,2.0599560462182853,2.0599560462182853,2.0599560462182853,2.0599560462182853,2.0599560462182853,2.0599560462182853,2.0599560462182853,2.0599560462182853,2.0599560462182853,2.0599560462182853,2.0599560462182853,2.0599560462182853,2.0599560462182853,2.0599560462182853,2.0599560462182853,2.0599560462182853,2.0599560462182853,2.0599560462182853,2.0599560462182853,2.0599560462182853,2.0599560462182853,2.0599560462182853,2.0599560462182853,2.0599560462182853,2.0599560462182853,2.0599560462182853,2.0599560462182853,2.0599560462182853,2.0599560462182853,2.0599560462182853,2.0599560462182853,2.0599560462182853,2.0599560462182853,2.0599560462182853,2.0599560462182853,2.0599560462182853,2.0599560462182853,2.0599560462182853,2.0599560462182853,2.0599560462182853,2.0599560462182853,2.0599560462182853,2.0599560462182853,2.0599560462182853,2.0599560462182853,2.0599560462182853,2.0599560462182853,2.0599560462182853,2.0599560462182853,2.0599560462182853,2.0599560462182853,2.0599560462182853,2.0599560462182853,2.0599560462182853,2.0599560462182853,2.0599560462182853,2.0599560462182853,2.0599560462182853,2.0599560462182853,2.0599560462182853,2.0599560462182853,2.0599560462182853,2.0599560462182853,2.0599560462182853,2.0599560462182853,2.0599560462182853,2.0599560462182853,2.0599560462182853,2.0599560462182853,2.0599560462182853,2.0599560462182853,2.0599560462182853,2.0599560462182853,2.0599560462182853,2.0599560462182853,2.0599560462182853,2.0599560462182853,2.0599560462182853,7.196874537874759,7.196874537874759,7.196874537874759,6.844147122818605,6.844147122818605,6.844147122818605,6.818437672429344,6.818437672429344,6.818437672429344,6.818437672429344,6.818437672429344,6.818437672429344,6.786798578903899,6.786798578903899,6.725899910879545,6.720095702365707,6.120190316929205,6.120190316929205,6.092683449057119,6.092683449057119,6.092683449057119,6.092683449057119,6.092683449057119,6.092683449057119,6.092683449057119,6.092683449057119,6.092683449057119,6.092683449057119,6.092683449057119,5.91571962557888,5.91571962557888,5.91571962557888,5.91571962557888,5.91571962557888,5.91571962557888,5.91571962557888,5.91571962557888,5.91571962557888,5.91571962557888,5.91571962557888,5.91571962557888,5.91571962557888,5.91571962557888,5.91571962557888,5.91571962557888,5.728987161793846,5.728987161793846,5.728987161793846,5.728987161793846,5.728987161793846,5.728987161793846,5.728987161793846,5.728987161793846,5.728987161793846,5.728987161793846,5.728987161793846,5.728987161793846,5.728987161793846,5.728987161793846,5.728987161793846,5.728987161793846,5.728987161793846,5.728987161793846,5.728987161793846,5.728987161793846,5.728987161793846,5.728987161793846,5.728987161793846,5.728987161793846,5.728987161793846,5.728987161793846,5.728987161793846,5.728987161793846,5.728987161793846,5.728987161793846,5.728987161793846,5.728987161793846,5.728987161793846,5.728987161793846,5.728987161793846,5.728987161793846,5.728987161793846,5.728987161793846,5.728987161793846,5.694701867836837,5.694701867836837,5.694701867836837,5.694701867836837,5.694701867836837,5.694701867836837,5.694701867836837,5.694701867836837,5.694701867836837,5.694701867836837,5.694701867836837,5.694701867836837,5.694701867836837,5.694701867836837,5.694701867836837,5.694701867836837,5.694701867836837,5.694701867836837,5.694701867836837,5.694701867836837,5.5584638443333345,5.306368653333383,5.306368653333383,5.03473422812466,5.03473422812466,5.03473422812466,5.03473422812466,5.03473422812466,5.03473422812466,5.03473422812466,5.03473422812466,5.03473422812466,5.03473422812466,5.03473422812466,5.03473422812466,5.03473422812466,5.03473422812466,5.03473422812466,5.03473422812466,5.03473422812466,5.03473422812466,5.03473422812466,5.03473422812466,5.03473422812466,5.03473422812466,5.03473422812466,5.03473422812466,5.03473422812466,5.03473422812466,5.03473422812466,5.03473422812466,5.03473422812466,5.03473422812466,5.03473422812466,5.03473422812466,5.03473422812466,5.03473422812466,5.03473422812466,5.03473422812466,5.03473422812466,5.03473422812466,5.03473422812466,5.03473422812466,5.03473422812466,5.03473422812466,5.03473422812466,5.03473422812466,5.03473422812466,5.03473422812466,5.03473422812466,5.03473422812466,5.03473422812466,5.03473422812466,5.03473422812466,5.03473422812466,5.03473422812466,5.03473422812466,5.03473422812466,5.03473422812466,5.03473422812466,5.03473422812466,5.03473422812466,5.03473422812466,5.03473422812466,5.03473422812466,5.03473422812466,5.03473422812466,5.03473422812466,5.03473422812466,5.03473422812466,5.03473422812466,5.03473422812466,5.03473422812466,5.03473422812466,5.03473422812466,5.03473422812466,5.03473422812466,5.03473422812466,5.03473422812466,5.03473422812466,5.03473422812466,5.03473422812466,5.03473422812466,5.03473422812466,5.03473422812466,5.03473422812466,5.03473422812466,5.03473422812466,5.03473422812466,5.03473422812466,5.03473422812466,5.03473422812466,5.03473422812466,5.03473422812466,5.03473422812466,5.03473422812466,5.03473422812466,5.03473422812466,5.03473422812466,5.03473422812466,5.03473422812466,5.03473422812466,5.03473422812466,5.03473422812466,5.03473422812466,5.03473422812466,5.03473422812466,5.03473422812466,5.03473422812466,5.03473422812466,5.03473422812466,5.03473422812466,5.03473422812466,5.03473422812466,5.03473422812466,5.03473422812466,5.03473422812466,5.03473422812466,5.03473422812466,5.03473422812466,5.03473422812466,5.03473422812466,5.03473422812466,5.03473422812466,5.03473422812466,5.03473422812466,5.03473422812466,5.03473422812466,5.03473422812466,5.03473422812466,5.03473422812466,5.03473422812466,5.03473422812466,5.03473422812466,5.03473422812466,5.03473422812466,5.03473422812466,5.03473422812466,5.03473422812466,5.03473422812466,5.03473422812466,5.03473422812466,5.03473422812466,5.03473422812466,5.03473422812466,5.03473422812466,4.820542991917557,4.802729209592509,4.802729209592509,4.802729209592509,4.802729209592509,4.802729209592509,4.802729209592509,4.802729209592509,4.802729209592509,4.802729209592509,4.802729209592509,4.706993285246476,4.706993285246476,4.706993285246476,4.706993285246476,4.502264471038774,4.502264471038774,4.502264471038774,4.502264471038774,4.502264471038774,4.502264471038774,4.502264471038774,4.502264471038774,4.502264471038774,4.502264471038774,4.502264471038774,4.502264471038774,4.502264471038774,4.502264471038774,4.502264471038774,4.502264471038774,4.502264471038774,4.502264471038774,4.502264471038774,4.502264471038774,4.502264471038774,4.502264471038774,4.502264471038774,4.502264471038774,4.502264471038774,4.502264471038774,4.502264471038774,4.502264471038774,4.502264471038774,4.502264471038774,4.502264471038774,4.502264471038774,4.502264471038774,4.502264471038774,4.502264471038774,4.502264471038774,4.502264471038774,4.502264471038774,4.502264471038774,4.502264471038774,4.502264471038774,4.502264471038774,4.502264471038774,4.502264471038774,4.502264471038774,4.502264471038774,4.502264471038774,4.502264471038774,4.502264471038774,4.502264471038774,4.502264471038774,4.502264471038774,4.502264471038774,4.502264471038774,4.502264471038774,4.502264471038774,4.502264471038774,4.502264471038774,4.502264471038774,4.502264471038774,4.502264471038774,4.502264471038774,4.502264471038774,4.502264471038774,4.502264471038774,4.502264471038774,4.502264471038774,4.502264471038774,4.502264471038774,4.502264471038774,4.502264471038774,4.502264471038774,4.502264471038774,4.502264471038774,4.502264471038774,4.502264471038774,4.502264471038774,4.502264471038774,4.502264471038774,4.502264471038774,4.502264471038774,4.502264471038774,4.502264471038774,4.502264471038774,4.502264471038774,4.502264471038774,4.502264471038774,4.502264471038774,4.502264471038774,4.502264471038774,4.502264471038774,4.502264471038774,4.502264471038774,4.502264471038774,4.502264471038774,4.502264471038774,4.502264471038774,4.502264471038774,4.502264471038774,4.502264471038774,4.502264471038774,4.502264471038774,4.502264471038774,4.502264471038774,4.502264471038774,4.502264471038774,4.502264471038774,4.502264471038774,4.502264471038774,4.502264471038774,4.502264471038774,4.502264471038774,4.502264471038774,4.502264471038774,4.502264471038774,4.502264471038774,4.502264471038774,4.502264471038774,4.502264471038774,4.502264471038774,4.502264471038774,4.502264471038774,4.502264471038774,4.502264471038774,4.502264471038774,4.502264471038774,4.502264471038774,4.502264471038774,4.502264471038774,4.502264471038774,4.502264471038774,4.502264471038774,4.502264471038774,4.502264471038774,4.502264471038774,4.502264471038774,4.502264471038774,4.502264471038774,4.502264471038774,4.502264471038774,4.502264471038774,4.502264471038774,4.502264471038774,4.502264471038774,4.502264471038774,4.502264471038774,4.502264471038774,4.502264471038774,4.502264471038774,4.502264471038774,4.502264471038774,4.502264471038774,4.502264471038774,4.502264471038774,4.502264471038774,4.502264471038774,4.502264471038774,4.502264471038774,4.502264471038774,4.502264471038774,4.502264471038774,4.502264471038774,4.502264471038774,4.502264471038774,4.502264471038774,4.502264471038774,4.502264471038774,4.502264471038774,4.502264471038774,4.502264471038774,4.502264471038774,4.502264471038774,4.502264471038774,4.502264471038774,4.502264471038774,4.502264471038774,4.502264471038774,4.502264471038774,4.502264471038774,4.502264471038774,4.502264471038774,4.502264471038774,4.502264471038774,4.502264471038774,4.502264471038774,4.502264471038774,4.502264471038774,4.502264471038774,4.502264471038774,4.502264471038774,4.502264471038774,4.502264471038774,4.502264471038774,4.502264471038774,4.502264471038774,4.502264471038774,4.502264471038774,4.502264471038774,4.502264471038774,4.502264471038774,4.502264471038774,4.502264471038774,4.502264471038774,4.502264471038774,4.502264471038774,4.502264471038774,4.502264471038774,4.502264471038774,4.502264471038774,4.502264471038774,4.502264471038774,4.502264471038774,4.502264471038774,4.502264471038774,4.502264471038774,4.502264471038774,4.502264471038774,4.502264471038774,4.502264471038774,4.502264471038774,4.502264471038774,4.502264471038774,4.502264471038774,4.502264471038774,4.502264471038774,4.502264471038774,4.502264471038774,4.502264471038774,4.502264471038774,4.502264471038774,4.502264471038774,4.502264471038774,4.502264471038774,4.502264471038774,4.502264471038774,4.502264471038774,4.502264471038774,4.502264471038774,4.502264471038774,4.502264471038774,4.502264471038774,4.502264471038774,4.502264471038774,4.502264471038774,4.502264471038774,4.502264471038774,4.502264471038774,4.502264471038774,4.502264471038774,4.502264471038774,4.502264471038774,4.502264471038774,4.502264471038774,4.502264471038774,4.502264471038774,4.502264471038774,4.502264471038774,4.502264471038774,4.502264471038774,4.502264471038774,4.502264471038774,4.502264471038774,4.502264471038774,4.502264471038774,4.502264471038774,4.502264471038774,4.502264471038774,4.502264471038774,4.502264471038774,4.502264471038774,4.502264471038774,4.502264471038774,4.502264471038774,4.502264471038774,4.502264471038774,4.502264471038774,4.502264471038774,4.502264471038774,4.502264471038774,4.502264471038774,4.502264471038774,4.502264471038774,4.502264471038774,4.502264471038774,4.502264471038774,4.502264471038774,4.502264471038774,4.502264471038774,4.502264471038774,4.502264471038774,4.502264471038774,4.502264471038774,4.502264471038774,4.502264471038774,4.502264471038774,4.502264471038774,4.502264471038774,4.502264471038774,4.502264471038774,4.502264471038774,4.502264471038774,4.502264471038774,4.502264471038774,4.502264471038774,4.502264471038774,4.502264471038774,4.502264471038774,4.502264471038774,4.502264471038774,4.502264471038774,4.502264471038774,4.502264471038774,4.502264471038774,4.502264471038774,4.502264471038774,4.502264471038774,4.502264471038774,4.502264471038774,4.502264471038774,4.502264471038774,4.502264471038774,4.502264471038774,4.502264471038774,4.502264471038774,4.502264471038774,4.502264471038774,4.502264471038774,4.502264471038774,4.502264471038774,4.502264471038774,4.502264471038774,4.502264471038774,4.502264471038774,4.502264471038774,4.502264471038774,4.502264471038774,4.502264471038774,4.502264471038774,4.502264471038774,4.502264471038774,4.502264471038774,4.502264471038774,4.502264471038774,4.502264471038774,4.502264471038774,4.502264471038774,4.502264471038774,4.502264471038774,4.502264471038774,4.502264471038774,4.502264471038774,4.502264471038774,4.502264471038774,4.502264471038774,4.502264471038774,4.502264471038774,4.502264471038774,4.502264471038774,4.502264471038774,4.502264471038774,4.502264471038774,4.502264471038774,4.502264471038774,4.502264471038774,4.502264471038774,4.502264471038774,4.502264471038774,4.502264471038774,4.502264471038774,4.502264471038774,4.502264471038774,4.502264471038774,4.502264471038774,4.502264471038774,4.502264471038774,4.502264471038774,4.502264471038774,4.502264471038774,4.502264471038774,4.502264471038774,4.502264471038774,4.502264471038774,4.502264471038774,4.502264471038774,4.502264471038774,4.424340929953324,4.424340929953324,4.424340929953324,4.424340929953324,4.424340929953324,4.424340929953324,4.424340929953324,4.424340929953324,4.424340929953324,4.424340929953324,4.424340929953324,4.424340929953324,4.424340929953324,4.424340929953324,4.424340929953324,4.424340929953324,4.424340929953324,4.424340929953324,4.424340929953324,4.424340929953324,4.424340929953324,4.424340929953324,4.424340929953324,4.424340929953324,4.424340929953324,4.424340929953324,4.424340929953324,4.424340929953324,4.424340929953324,4.424340929953324,4.424340929953324,4.424340929953324,4.424340929953324,4.424340929953324,4.424340929953324,4.424340929953324,4.424340929953324,4.424340929953324,4.424340929953324,4.424340929953324,4.424340929953324,4.424340929953324,4.424340929953324,4.424340929953324,4.424340929953324,4.424340929953324,4.424340929953324,4.424340929953324,4.424340929953324,4.424340929953324,4.424340929953324,4.424340929953324,4.424340929953324,4.424340929953324,4.424340929953324,4.424340929953324,4.424340929953324,4.424340929953324,4.424340929953324,4.424340929953324,4.424340929953324,4.424340929953324,4.424340929953324,4.424340929953324,4.424340929953324,4.424340929953324,4.424340929953324,4.424340929953324,4.424340929953324,4.424340929953324,4.424340929953324,4.424340929953324,4.424340929953324,4.424340929953324,4.424340929953324,4.424340929953324,4.424340929953324,4.424340929953324,4.424340929953324,4.424340929953324,4.424340929953324,4.424340929953324,4.424340929953324,4.424340929953324,4.424340929953324,4.424340929953324,4.424340929953324,4.424340929953324,4.424340929953324,4.424340929953324,4.424340929953324,4.424340929953324,4.424340929953324,4.424340929953324,4.424340929953324,4.424340929953324,4.424340929953324,4.424340929953324,4.424340929953324,4.424340929953324,4.424340929953324,4.424340929953324,4.424340929953324,4.424340929953324,4.424340929953324,4.424340929953324,4.424340929953324,4.424340929953324,4.424340929953324,4.424340929953324,4.424340929953324,4.424340929953324,4.424340929953324,4.424340929953324,4.424340929953324,4.424340929953324,4.424340929953324,4.424340929953324,4.424340929953324,4.424340929953324,4.424340929953324,4.424340929953324,4.424340929953324,4.424340929953324,4.424340929953324,4.424340929953324,4.424340929953324,4.424340929953324,4.424340929953324,4.424340929953324,4.424340929953324,4.424340929953324,4.424340929953324,4.424340929953324,4.424340929953324,4.424340929953324,4.424340929953324,4.424340929953324,4.424340929953324,4.424340929953324,4.424340929953324,4.424340929953324,4.424340929953324,4.424340929953324,4.424340929953324,4.424340929953324,4.424340929953324,4.424340929953324,4.424340929953324,4.424340929953324,4.424340929953324,4.424340929953324,4.424340929953324,4.424340929953324,4.424340929953324,4.424340929953324,4.424340929953324,4.424340929953324,4.424340929953324,4.424340929953324,4.424340929953324,4.424340929953324,4.424340929953324,4.424340929953324,4.424340929953324,4.424340929953324,4.424340929953324,4.424340929953324,4.424340929953324,4.424340929953324,4.424340929953324,4.424340929953324,4.424340929953324,4.424340929953324,4.424340929953324,4.424340929953324,4.424340929953324,4.424340929953324,4.391632289383874,4.391632289383874,4.391632289383874,4.391632289383874,4.391632289383874,4.391632289383874,4.391632289383874,4.391632289383874,4.391632289383874,4.391632289383874,4.391632289383874,4.391632289383874,4.391632289383874,4.391632289383874,4.391632289383874,4.391632289383874,4.391632289383874,4.391632289383874,4.391632289383874,4.391632289383874,4.391632289383874,4.391632289383874,4.239044683332979,4.239044683332979,4.239044683332979,4.239044683332979,4.239044683332979,4.239044683332979,4.239044683332979,4.239044683332979,4.239044683332979,4.239044683332979,4.239044683332979,4.239044683332979,4.239044683332979,4.239044683332979,4.239044683332979,4.239044683332979,4.239044683332979,4.239044683332979,4.239044683332979,4.239044683332979,4.239044683332979,4.239044683332979,4.239044683332979,4.239044683332979,4.239044683332979,4.239044683332979,4.239044683332979,4.239044683332979,4.239044683332979,4.239044683332979,4.239044683332979,4.239044683332979,4.239044683332979,4.239044683332979,4.239044683332979,4.239044683332979,4.239044683332979,4.239044683332979,4.239044683332979,4.239044683332979,4.239044683332979,4.239044683332979,4.239044683332979,4.239044683332979,4.239044683332979,4.239044683332979,4.239044683332979,4.239044683332979,4.239044683332979,4.239044683332979,4.239044683332979,4.239044683332979,4.239044683332979,4.239044683332979,4.239044683332979,4.1713832730498215,4.1713832730498215,4.1713832730498215,4.1713832730498215,4.1713832730498215,4.1713832730498215,4.1713832730498215,4.1713832730498215,4.1713832730498215,4.1713832730498215,4.1713832730498215,4.1713832730498215,4.1713832730498215,4.1713832730498215,4.1713832730498215,4.1713832730498215,4.1713832730498215,4.1713832730498215,4.1713832730498215,4.1713832730498215,4.1713832730498215,4.1713832730498215,4.1713832730498215,4.1713832730498215,4.1713832730498215,4.1713832730498215,4.1713832730498215,4.1713832730498215,4.1713832730498215,4.1713832730498215,4.1713832730498215,4.1713832730498215,4.1713832730498215,4.1713832730498215,4.1713832730498215,4.1713832730498215,4.1713832730498215,4.1713832730498215,4.1713832730498215,4.1713832730498215,4.1713832730498215,4.1713832730498215,4.1713832730498215,4.1713832730498215,4.1713832730498215,4.1713832730498215,4.1713832730498215,4.1713832730498215,4.1713832730498215,4.1713832730498215,4.1713832730498215,4.1713832730498215,4.1713832730498215,4.1713832730498215,4.1713832730498215,4.1713832730498215,4.1713832730498215,4.1713832730498215,4.1713832730498215,4.1713832730498215,4.1713832730498215,4.1713832730498215,4.1713832730498215,4.1713832730498215,4.1713832730498215,4.1713832730498215,4.1713832730498215,4.1713832730498215,4.1713832730498215,4.1713832730498215,4.1713832730498215,4.1713832730498215,4.1713832730498215,4.1713832730498215,4.1713832730498215,4.1713832730498215,4.1713832730498215,4.1713832730498215,4.1713832730498215,4.1713832730498215,4.1713832730498215,4.1713832730498215,4.1713832730498215,4.1713832730498215,4.1713832730498215,4.1713832730498215,4.1713832730498215,4.1713832730498215,4.1713832730498215,4.1713832730498215,4.1713832730498215,4.1713832730498215,4.1713832730498215,4.1713832730498215,4.1713832730498215,6.234780477834194,6.234780477834194,6.115860251338923,6.115860251338923,6.115860251338923,6.115860251338923,6.115860251338923,6.115860251338923,6.115860251338923,6.115860251338923,6.115860251338923,6.115860251338923,6.115860251338923,6.115860251338923,6.115860251338923,6.115860251338923,6.115860251338923,6.111783488111159,6.111783488111159,6.111783488111159,6.111783488111159,6.111783488111159,6.111783488111159,6.111783488111159,6.111783488111159,6.029818207554858,5.81297889724961,5.81297889724961,5.81297889724961,5.81297889724961,5.81297889724961,5.81297889724961,5.81297889724961,5.81297889724961,5.81297889724961,5.81297889724961,5.81297889724961,5.81297889724961,5.81297889724961,5.81297889724961,5.81297889724961,5.81297889724961,5.81297889724961,5.81297889724961,5.81297889724961,5.81297889724961,5.81297889724961,5.81297889724961,5.81297889724961,5.81297889724961,5.81297889724961,5.81297889724961,5.81297889724961,5.81297889724961,5.81297889724961,5.437077350672411,5.348597297378317,5.348597297378317,5.348597297378317,5.348597297378317,5.348597297378317,5.348597297378317,5.348597297378317,5.348597297378317,5.348597297378317,5.348597297378317,5.348597297378317,5.348597297378317,5.348597297378317,5.348597297378317,5.318620769452297,5.223031289783412,5.223031289783412,5.223031289783412,5.223031289783412,5.223031289783412,5.223031289783412,5.223031289783412,5.223031289783412,5.223031289783412,5.223031289783412,5.223031289783412,5.223031289783412,5.223031289783412,5.223031289783412,5.223031289783412,5.223031289783412,5.223031289783412,5.223031289783412,5.223031289783412,5.223031289783412,5.223031289783412,5.223031289783412,5.223031289783412,5.223031289783412,5.223031289783412,5.223031289783412,5.223031289783412,5.223031289783412,5.223031289783412,5.223031289783412,5.223031289783412,5.223031289783412,5.223031289783412,5.223031289783412,5.223031289783412,5.223031289783412,5.223031289783412,5.223031289783412,5.223031289783412,5.223031289783412,5.223031289783412,5.223031289783412,5.223031289783412,5.223031289783412,5.223031289783412,5.223031289783412,5.223031289783412,5.223031289783412,5.223031289783412,5.223031289783412,5.223031289783412,5.223031289783412,5.223031289783412,5.223031289783412,5.223031289783412,5.223031289783412,5.223031289783412,5.223031289783412,5.223031289783412,5.223031289783412,5.223031289783412,5.223031289783412,5.223031289783412,5.223031289783412,5.223031289783412,5.223031289783412,5.223031289783412,5.223031289783412,5.223031289783412,5.223031289783412,5.223031289783412,5.223031289783412,5.223031289783412,5.223031289783412,5.223031289783412,5.223031289783412,5.223031289783412,5.223031289783412,5.223031289783412,5.223031289783412,5.223031289783412,5.223031289783412,5.223031289783412,5.223031289783412,5.223031289783412,5.223031289783412,5.223031289783412,4.849693160348753,4.849693160348753,4.849693160348753,4.317653349035275,4.317653349035275,4.317653349035275,4.317653349035275,4.311421555595642,4.311421555595642,4.311421555595642,4.311421555595642,4.311421555595642,4.311421555595642,4.311421555595642,4.311421555595642,4.311421555595642,4.311421555595642,4.311421555595642,4.311421555595642,4.311421555595642,4.311421555595642,4.311421555595642,4.311421555595642,4.311421555595642,4.311421555595642,4.311421555595642,4.311421555595642,4.311421555595642,4.311421555595642,4.311421555595642,3.9492573356569403,3.9492573356569403,3.9492573356569403,3.9492573356569403,3.9492573356569403,3.9492573356569403,3.9492573356569403,3.9492573356569403,3.9492573356569403,3.9492573356569403,3.9492573356569403,3.9492573356569403,3.9492573356569403,3.9492573356569403,3.9492573356569403,3.9492573356569403,3.9492573356569403,3.9492573356569403,3.9492573356569403,3.9492573356569403,3.9492573356569403,3.9492573356569403,3.9492573356569403,3.9492573356569403,3.9492573356569403,3.9492573356569403,3.9492573356569403,3.9492573356569403,3.9492573356569403,3.9492573356569403,3.9492573356569403,3.9492573356569403,3.9492573356569403,3.9492573356569403,3.9492573356569403,3.9492573356569403,3.9492573356569403,3.9492573356569403,3.9492573356569403,3.9492573356569403,3.9492573356569403,3.9492573356569403,3.9492573356569403,3.9492573356569403,3.9492573356569403,3.9492573356569403,3.9492573356569403,3.9492573356569403,3.9492573356569403,3.9492573356569403,3.9492573356569403,3.9492573356569403,3.9492573356569403,3.9492573356569403,3.9492573356569403,3.9492573356569403,3.9492573356569403,3.9492573356569403,3.9492573356569403,3.9492573356569403,3.9492573356569403,3.9492573356569403,3.9492573356569403,3.9492573356569403,3.9492573356569403,3.9492573356569403,3.9492573356569403,3.9492573356569403,3.9492573356569403,3.9492573356569403,3.9492573356569403,3.9492573356569403,3.9492573356569403,3.9492573356569403,3.9492573356569403,3.9492573356569403,3.9492573356569403,3.9492573356569403,3.9492573356569403,3.9492573356569403,3.9492573356569403,3.9492573356569403,3.9492573356569403,3.9492573356569403,3.9492573356569403,3.9492573356569403,3.9492573356569403,3.9492573356569403,3.9492573356569403,3.9492573356569403,3.9492573356569403,3.9492573356569403,3.9492573356569403,3.9492573356569403,3.9492573356569403,3.9492573356569403,3.9492573356569403,3.9492573356569403,3.9492573356569403,3.9492573356569403,3.9492573356569403,3.9492573356569403,3.9492573356569403,3.9492573356569403,3.9492573356569403,3.9492573356569403,3.9492573356569403,3.9492573356569403,3.9492573356569403,3.9492573356569403,3.9492573356569403,3.9492573356569403,3.9492573356569403,3.9492573356569403,3.9492573356569403,3.9492573356569403,3.9492573356569403,3.9492573356569403,3.9492573356569403,3.9492573356569403,3.9492573356569403,3.9492573356569403,3.9492573356569403,3.9492573356569403,3.9492573356569403,3.9492573356569403,3.9492573356569403,3.9492573356569403,3.9492573356569403,3.9492573356569403,3.9492573356569403,3.9492573356569403,3.9492573356569403,3.9492573356569403,3.9492573356569403,3.9492573356569403,3.9492573356569403,3.9492573356569403,3.9492573356569403,3.9492573356569403,3.9492573356569403,3.9492573356569403,3.9492573356569403,3.9492573356569403,3.9492573356569403,3.9492573356569403,3.9492573356569403,3.9492573356569403,3.9492573356569403,3.9492573356569403,3.9492573356569403,3.9492573356569403,3.9492573356569403,3.9492573356569403,3.9492573356569403,3.9492573356569403,3.9492573356569403,3.9492573356569403,3.9492573356569403,3.9492573356569403,3.9492573356569403,3.9492573356569403,3.9492573356569403,3.9492573356569403,3.9492573356569403,3.9492573356569403,3.9492573356569403,3.9492573356569403,3.9492573356569403,3.9492573356569403,3.9492573356569403,3.9492573356569403,3.9492573356569403,3.9492573356569403,3.9492573356569403,3.9492573356569403,3.9492573356569403,3.9492573356569403,3.9492573356569403,3.9492573356569403,3.9492573356569403,3.9492573356569403,3.9492573356569403,3.9492573356569403,3.9492573356569403,3.9492573356569403,3.9492573356569403,3.9492573356569403,3.9492573356569403,3.9492573356569403,3.9492573356569403,3.9492573356569403,3.9492573356569403,3.9492573356569403,3.9492573356569403,3.9492573356569403,3.9492573356569403,3.9492573356569403,3.9492573356569403,3.9492573356569403,3.9492573356569403,3.9492573356569403,3.9492573356569403,3.9492573356569403,3.9492573356569403,3.9492573356569403,3.9492573356569403,3.9492573356569403,3.9492573356569403,3.9492573356569403,3.9492573356569403,3.9492573356569403,3.9492573356569403,3.9492573356569403,3.9492573356569403,3.9492573356569403,3.9492573356569403,3.9492573356569403,3.9492573356569403,3.9492573356569403,3.9492573356569403,3.9492573356569403,3.9492573356569403,3.9492573356569403,3.9492573356569403,3.9492573356569403,3.9492573356569403,3.9492573356569403,3.9492573356569403,3.9492573356569403,3.9492573356569403,3.9492573356569403,3.9492573356569403,3.9492573356569403,3.9492573356569403,3.9492573356569403,3.9492573356569403,3.9492573356569403,3.9492573356569403,3.9492573356569403,3.9492573356569403,3.9492573356569403,3.9492573356569403,3.9492573356569403,3.9492573356569403,3.9492573356569403,3.9492573356569403,3.9492573356569403,3.9492573356569403,3.9492573356569403,3.9492573356569403,3.9492573356569403,3.9492573356569403,3.9492573356569403,3.9492573356569403,3.9492573356569403,3.9492573356569403,3.9492573356569403,3.9492573356569403,3.9492573356569403,3.9492573356569403,3.9492573356569403,3.9492573356569403,3.9492573356569403,3.9492573356569403,3.9492573356569403,3.9492573356569403,3.9492573356569403,3.9492573356569403,3.9492573356569403,3.9492573356569403,3.9492573356569403,3.9492573356569403,3.9492573356569403,3.9492573356569403,3.9492573356569403,3.9492573356569403,3.9492573356569403,3.9492573356569403,3.9492573356569403,3.9492573356569403,3.9492573356569403,3.9492573356569403,3.9492573356569403,3.9492573356569403,3.9492573356569403,3.9492573356569403,3.9492573356569403,3.9492573356569403,3.9492573356569403,3.9492573356569403,3.9492573356569403,3.9492573356569403,3.9492573356569403,3.9492573356569403,3.9492573356569403,3.9492573356569403,3.9492573356569403,3.9492573356569403,3.9492573356569403,3.9492573356569403,3.9492573356569403,3.9492573356569403,3.9492573356569403,3.9492573356569403,3.9492573356569403,3.9492573356569403,3.9492573356569403,3.9492573356569403,3.9492573356569403,3.9492573356569403,3.9492573356569403,3.9492573356569403,3.9492573356569403,3.9492573356569403,3.9492573356569403,3.9492573356569403,3.9492573356569403,3.9492573356569403,3.9492573356569403,3.9492573356569403,3.9492573356569403,3.9492573356569403,3.9492573356569403,3.9492573356569403,3.9492573356569403,3.9492573356569403,3.9492573356569403,3.9492573356569403,3.9492573356569403,3.9492573356569403,3.9492573356569403,3.9492573356569403,3.9492573356569403,3.9492573356569403,3.9492573356569403,3.9492573356569403,3.9492573356569403,3.9492573356569403,3.9492573356569403,3.9492573356569403,3.9492573356569403,3.9492573356569403,3.9492573356569403,3.9492573356569403,3.9492573356569403,3.9492573356569403,3.9492573356569403,3.9492573356569403,3.9492573356569403,3.9492573356569403,3.9492573356569403,3.9492573356569403,3.9492573356569403,3.9492573356569403,3.9492573356569403,3.9492573356569403,3.9492573356569403,3.9492573356569403,3.9492573356569403,3.9492573356569403,3.9492573356569403,3.9492573356569403,3.9492573356569403,3.9492573356569403,3.9492573356569403,3.9492573356569403,3.9492573356569403,3.9492573356569403,3.9492573356569403,3.9492573356569403,3.9492573356569403,3.9492573356569403,3.9492573356569403,3.9492573356569403,3.9492573356569403,3.9492573356569403,3.9492573356569403,3.9492573356569403,3.9492573356569403,3.9492573356569403,3.9492573356569403,3.9492573356569403,3.9492573356569403,3.9492573356569403,3.9492573356569403,3.9492573356569403,3.9492573356569403,3.9492573356569403,3.9492573356569403,3.9492573356569403,3.9492573356569403,3.9492573356569403,3.9492573356569403,3.9492573356569403,3.9492573356569403,3.9492573356569403,3.9492573356569403,3.9492573356569403,3.9492573356569403,3.9492573356569403,3.9492573356569403,3.9492573356569403,3.9492573356569403,3.9492573356569403,3.9492573356569403,3.9492573356569403,3.9492573356569403,3.9492573356569403,3.9492573356569403,3.9492573356569403,3.9492573356569403,3.9492573356569403,3.9492573356569403,3.9492573356569403,3.9492573356569403,3.9492573356569403,3.9492573356569403,3.9492573356569403,3.9492573356569403,3.9492573356569403,3.9492573356569403,3.9492573356569403,3.9492573356569403,3.9492573356569403,3.9492573356569403,3.9492573356569403,3.9492573356569403,3.9492573356569403,3.9492573356569403,3.9492573356569403,3.9492573356569403,3.9492573356569403,3.9492573356569403,3.9492573356569403,3.9492573356569403,3.9492573356569403,3.9492573356569403,3.9492573356569403,3.9492573356569403,3.9492573356569403,3.9492573356569403,3.9492573356569403,3.9492573356569403,3.9492573356569403,3.9492573356569403,3.9492573356569403,3.9492573356569403,3.9492573356569403,3.9492573356569403,3.9492573356569403,3.9492573356569403,3.9492573356569403,3.9492573356569403,3.9492573356569403,3.9492573356569403,3.9492573356569403,3.9492573356569403,3.9492573356569403,3.9492573356569403,3.9492573356569403,3.9492573356569403,3.9492573356569403,3.9492573356569403,3.9492573356569403,3.9492573356569403,3.9492573356569403,3.9492573356569403,3.9492573356569403,3.9492573356569403,3.9492573356569403,3.9492573356569403,3.9492573356569403,3.9492573356569403,3.9492573356569403,3.9492573356569403,3.9492573356569403,3.9492573356569403,3.9492573356569403,3.9492573356569403,3.9492573356569403,3.9492573356569403,3.9492573356569403,3.9492573356569403,3.9492573356569403,3.9492573356569403,3.9492573356569403,3.9492573356569403,3.9492573356569403,3.9492573356569403,3.9492573356569403,3.9492573356569403,3.9492573356569403,3.9492573356569403,3.9492573356569403,3.9492573356569403,3.9492573356569403,3.9492573356569403,3.9492573356569403,3.9492573356569403,3.9492573356569403,3.9492573356569403,3.9492573356569403,3.9492573356569403,3.9492573356569403,3.9492573356569403,3.9492573356569403,3.9492573356569403,3.9492573356569403,3.9492573356569403,3.9492573356569403,3.9492573356569403,3.9492573356569403,3.9492573356569403,3.9492573356569403,3.9492573356569403,3.9492573356569403,3.9492573356569403,3.9492573356569403,3.9492573356569403,3.9492573356569403,3.9492573356569403,3.9492573356569403,3.9492573356569403,3.9492573356569403,3.9492573356569403,3.9492573356569403,3.9492573356569403,3.9492573356569403,3.9492573356569403,3.9492573356569403,3.9492573356569403,3.9492573356569403,3.9492573356569403,3.9492573356569403,3.9492573356569403,3.9492573356569403,3.9492573356569403,3.9492573356569403,3.9492573356569403,3.9492573356569403,3.9492573356569403,3.9492573356569403,3.9492573356569403,3.9492573356569403,3.9492573356569403,3.9492573356569403,3.9492573356569403,3.9492573356569403,3.9492573356569403,3.9492573356569403,3.9492573356569403,3.9492573356569403,3.9492573356569403,3.9492573356569403,3.9492573356569403,3.9492573356569403,3.9492573356569403,3.9492573356569403,3.9492573356569403,3.9492573356569403,3.9492573356569403,3.9492573356569403,3.9492573356569403,3.9492573356569403,3.9492573356569403,3.9492573356569403,3.9492573356569403,3.9492573356569403,3.9492573356569403,3.9492573356569403,3.9492573356569403,3.9492573356569403,3.9492573356569403,3.9492573356569403,3.9492573356569403,3.9492573356569403,3.9492573356569403,3.9492573356569403,3.9492573356569403,3.9492573356569403,3.9492573356569403,3.9492573356569403,3.9492573356569403,3.9492573356569403,3.9492573356569403,3.9492573356569403,3.9492573356569403,3.9492573356569403,3.9492573356569403,3.9492573356569403,3.9492573356569403,3.9492573356569403,3.9492573356569403,3.9492573356569403,3.9492573356569403,3.9492573356569403,3.9492573356569403,3.9492573356569403,3.9492573356569403,3.9492573356569403,3.9492573356569403,3.9492573356569403,3.9492573356569403,3.9492573356569403,3.9492573356569403,3.9492573356569403,3.9492573356569403,3.9492573356569403,3.9492573356569403,3.9492573356569403,3.9492573356569403,3.9492573356569403,3.9492573356569403,3.9492573356569403,3.9492573356569403,3.9492573356569403,3.9492573356569403,3.9492573356569403,3.9492573356569403,3.9492573356569403,3.9492573356569403,3.9492573356569403,3.9492573356569403,3.9492573356569403,3.9492573356569403,3.9492573356569403,3.9492573356569403,3.9492573356569403,3.9492573356569403,3.9492573356569403,3.9492573356569403,3.9492573356569403,3.9492573356569403,3.9492573356569403,3.9492573356569403,3.9492573356569403,3.9492573356569403,3.9492573356569403,3.9492573356569403,3.9492573356569403,3.9492573356569403,3.9492573356569403,3.9492573356569403,3.9492573356569403,3.9492573356569403,3.9492573356569403,3.9492573356569403,3.9492573356569403,3.9492573356569403,3.9492573356569403,3.9492573356569403,3.9492573356569403,3.9492573356569403,3.9492573356569403,3.9492573356569403,3.9492573356569403,3.9492573356569403,3.9492573356569403,3.9492573356569403,3.9492573356569403,3.9492573356569403,3.9492573356569403,3.9492573356569403,3.9492573356569403,3.9492573356569403,3.9492573356569403,3.9492573356569403,3.9492573356569403,3.9492573356569403,3.9492573356569403,3.9492573356569403,3.9492573356569403,3.9492573356569403,3.9492573356569403,3.9492573356569403,3.9492573356569403,3.9492573356569403,3.9492573356569403,3.9492573356569403,3.9492573356569403,3.9492573356569403,3.9492573356569403,3.9492573356569403,3.9492573356569403,3.9492573356569403,3.9492573356569403,3.9492573356569403,3.9492573356569403,3.9492573356569403,3.9492573356569403,3.9492573356569403,3.9492573356569403,3.9492573356569403,3.9492573356569403,3.9492573356569403,3.9492573356569403,3.9492573356569403,3.9492573356569403,3.9492573356569403,3.9492573356569403,3.9492573356569403,3.9492573356569403,3.9492573356569403,3.9492573356569403,3.9492573356569403,3.9492573356569403,3.9492573356569403,3.9492573356569403,3.9492573356569403,3.9492573356569403,3.9492573356569403,3.9492573356569403,3.9492573356569403,3.9492573356569403,3.9492573356569403,3.9492573356569403,3.9492573356569403,3.9492573356569403,3.9492573356569403,3.9492573356569403,3.9492573356569403,3.9492573356569403,3.9492573356569403,3.9492573356569403,3.9492573356569403,3.9492573356569403,3.9492573356569403,3.9492573356569403,3.9492573356569403,3.9492573356569403,3.9492573356569403,3.9492573356569403,3.9492573356569403,3.9492573356569403,3.9492573356569403,3.9492573356569403,3.9492573356569403,3.9492573356569403,3.9492573356569403,3.9492573356569403,3.9492573356569403,3.9492573356569403,3.9492573356569403,3.9492573356569403,3.9492573356569403,3.9492573356569403,3.9492573356569403,3.9492573356569403,3.9492573356569403,3.9492573356569403,3.9492573356569403,3.9492573356569403,3.9492573356569403,3.9492573356569403,3.9492573356569403,3.9492573356569403,3.9492573356569403,3.9492573356569403,3.9492573356569403,3.9492573356569403,3.9492573356569403,3.9492573356569403,3.9492573356569403,3.9492573356569403,3.9492573356569403,3.9492573356569403,3.9492573356569403,3.9492573356569403,3.9492573356569403,3.9492573356569403,3.9492573356569403,3.9492573356569403,3.9492573356569403,3.9492573356569403,3.9492573356569403,3.9492573356569403,3.9492573356569403,3.9492573356569403,3.9492573356569403,3.9492573356569403,3.9492573356569403,3.9492573356569403,3.9492573356569403,3.9492573356569403,3.9492573356569403,3.9492573356569403,3.9492573356569403,3.9492573356569403,3.9492573356569403,3.9492573356569403,3.9492573356569403,3.9492573356569403,3.9492573356569403,3.9492573356569403,3.9492573356569403,3.9492573356569403,3.9492573356569403,3.9492573356569403,3.9492573356569403,3.9492573356569403,3.9492573356569403,3.9492573356569403,3.9492573356569403,3.9492573356569403,3.9492573356569403,3.9492573356569403,3.9492573356569403,3.9492573356569403,3.9492573356569403,3.9492573356569403,3.9492573356569403,6.167404865016657,6.167404865016657,6.167404865016657,6.167404865016657,6.167404865016657,6.167404865016657,6.167404865016657,6.167404865016657,6.167404865016657,6.167404865016657,6.157380648663822,6.157380648663822,6.157380648663822,6.157380648663822,6.042919302350644,6.042919302350644,6.042919302350644,6.042919302350644,6.042919302350644,6.042919302350644,6.042919302350644,6.042919302350644,6.042919302350644,6.042919302350644,6.042919302350644,6.042919302350644,6.042919302350644,6.042919302350644,6.042919302350644,6.042919302350644,6.042919302350644,6.042919302350644,6.042919302350644,6.042919302350644,6.042919302350644,6.042919302350644,6.042919302350644,6.042919302350644,6.042919302350644,6.042919302350644,5.388551914251432,5.388551914251432,5.388551914251432,5.388551914251432,4.9624551868331945,4.9624551868331945,4.8894634261658885,4.8894634261658885,4.868121357181412,4.868121357181412,4.868121357181412,4.868121357181412,4.59892048165783,4.59892048165783,4.59892048165783,4.59892048165783,4.59892048165783,4.59892048165783,4.59892048165783,4.59892048165783,4.59892048165783,4.59892048165783,4.547575442229452,4.547575442229452,4.547575442229452,4.547575442229452,4.547575442229452,4.547575442229452,4.547575442229452,4.547575442229452,4.547575442229452,4.547575442229452,4.547575442229452,4.547575442229452,4.547575442229452,4.547575442229452,4.547575442229452,4.547575442229452,4.547575442229452,4.547575442229452,4.547575442229452,4.547575442229452,4.547575442229452,4.547575442229452,4.547575442229452,4.547575442229452,4.5146283106517,4.02830647288403,4.02830647288403,4.02830647288403,4.02830647288403,4.02830647288403,4.02830647288403,4.02830647288403,4.02830647288403,4.02830647288403,4.02830647288403,3.985432474283281,3.985432474283281,3.985432474283281,3.985432474283281,3.985432474283281,3.985432474283281,3.985432474283281,3.985432474283281,3.985432474283281,3.985432474283281,3.985432474283281,3.985432474283281,3.985432474283281,3.985432474283281,3.985432474283281,3.985432474283281,3.985432474283281,3.985432474283281,3.985432474283281,3.985432474283281,3.985432474283281,3.985432474283281,3.985432474283281,3.985432474283281,3.985432474283281,3.985432474283281,3.985432474283281,3.985432474283281,3.985432474283281,3.985432474283281,3.985432474283281,3.985432474283281,3.985432474283281,3.985432474283281,3.985432474283281,3.985432474283281,3.985432474283281,3.985432474283281,3.985432474283281,3.985432474283281,3.985432474283281,3.985432474283281,3.985432474283281,3.985432474283281,3.985432474283281,3.985432474283281,3.985432474283281,3.985432474283281,3.985432474283281,3.985432474283281,3.985432474283281,3.985432474283281,3.985432474283281,3.985432474283281,3.985432474283281,3.985432474283281,3.985432474283281,3.985432474283281,3.985432474283281,3.985432474283281,3.985432474283281,3.985432474283281,3.985432474283281,3.985432474283281,3.985432474283281,3.985432474283281,3.985432474283281,3.985432474283281,3.985432474283281,3.985432474283281,3.985432474283281,3.985432474283281,3.985432474283281,3.985432474283281,3.985432474283281,3.985432474283281,3.985432474283281,3.985432474283281,3.985432474283281,3.985432474283281,3.985432474283281,3.985432474283281,3.985432474283281,3.985432474283281,3.985432474283281,3.985432474283281,3.985432474283281,3.985432474283281,3.985432474283281,3.985432474283281,3.985432474283281,3.985432474283281,3.985432474283281,3.985432474283281,3.985432474283281,3.985432474283281,3.985432474283281,3.985432474283281,3.985432474283281,3.985432474283281,3.985432474283281,3.985432474283281,3.985432474283281,3.985432474283281,3.985432474283281,3.985432474283281,3.985432474283281,3.985432474283281,3.985432474283281,3.985432474283281,3.985432474283281,3.985432474283281,3.985432474283281,3.985432474283281,3.985432474283281,3.985432474283281,3.985432474283281,3.985432474283281,3.985432474283281,3.985432474283281,3.985432474283281,3.985432474283281,3.985432474283281,3.985432474283281,3.985432474283281,3.985432474283281,3.985432474283281,3.985432474283281,3.985432474283281,3.985432474283281,3.985432474283281,3.985432474283281,3.985432474283281,3.985432474283281,3.985432474283281,3.985432474283281,3.985432474283281,3.985432474283281,3.985432474283281,3.985432474283281,3.985432474283281,3.985432474283281,3.985432474283281,3.985432474283281,3.985432474283281,3.985432474283281,3.985432474283281,3.985432474283281,3.985432474283281,3.985432474283281,3.985432474283281,3.985432474283281,3.985432474283281,3.985432474283281,3.985432474283281,3.985432474283281,3.985432474283281,3.985432474283281,3.985432474283281,3.985432474283281,3.985432474283281,3.985432474283281,3.985432474283281,3.985432474283281,3.985432474283281,3.985432474283281,3.985432474283281,3.985432474283281,3.985432474283281,3.985432474283281,3.985432474283281,3.985432474283281,3.985432474283281,3.985432474283281,3.985432474283281,3.985432474283281,3.985432474283281,3.985432474283281,3.985432474283281,3.985432474283281,3.985432474283281,3.985432474283281,3.985432474283281,3.985432474283281,3.985432474283281,3.985432474283281,3.985432474283281,3.985432474283281,3.985432474283281,3.985432474283281,3.985432474283281,3.985432474283281,3.985432474283281,3.985432474283281,3.985432474283281,3.985432474283281,3.985432474283281,3.985432474283281,3.985432474283281,3.985432474283281,3.985432474283281,3.985432474283281,3.985432474283281,3.985432474283281,3.985432474283281,3.985432474283281,3.985432474283281,3.985432474283281,3.985432474283281,3.985432474283281,3.985432474283281,3.985432474283281,3.985432474283281,3.985432474283281,3.985432474283281,3.985432474283281,3.985432474283281,3.985432474283281,3.985432474283281,3.985432474283281,3.985432474283281,3.985432474283281,3.985432474283281,3.985432474283281,3.985432474283281,3.985432474283281,3.985432474283281,3.985432474283281,3.985432474283281,3.985432474283281,3.985432474283281,3.985432474283281,3.985432474283281,3.985432474283281,3.985432474283281,3.985432474283281,3.985432474283281,3.985432474283281,3.985432474283281,3.985432474283281,3.985432474283281,3.985432474283281,3.985432474283281,3.985432474283281,3.985432474283281,3.985432474283281,3.985432474283281,3.985432474283281,3.985432474283281,3.985432474283281,3.985432474283281,3.985432474283281,3.985432474283281,3.985432474283281,3.985432474283281,3.985432474283281,3.985432474283281,3.985432474283281,3.985432474283281,3.985432474283281,3.985432474283281,3.985432474283281,3.985432474283281,3.985432474283281,3.985432474283281,3.985432474283281,3.985432474283281,3.985432474283281,3.985432474283281,3.985432474283281,3.985432474283281,3.985432474283281,3.985432474283281,3.985432474283281,3.985432474283281,3.985432474283281,3.985432474283281,3.985432474283281,3.985432474283281,3.985432474283281,3.985432474283281,3.985432474283281,3.985432474283281,3.985432474283281,3.985432474283281,3.985432474283281,3.985432474283281,3.985432474283281,3.985432474283281,3.985432474283281,3.985432474283281,3.985432474283281,3.985432474283281,3.985432474283281,3.985432474283281,3.985432474283281,3.985432474283281,3.985432474283281,3.985432474283281,3.985432474283281,3.985432474283281,3.985432474283281,3.985432474283281,3.985432474283281,3.985432474283281,3.985432474283281,3.985432474283281,3.985432474283281,3.985432474283281,3.985432474283281,3.985432474283281,3.985432474283281,3.985432474283281,3.985432474283281,3.985432474283281,3.985432474283281,3.985432474283281,3.985432474283281,3.985432474283281,3.985432474283281,3.985432474283281,3.985432474283281,3.73058075657509,3.73058075657509,3.73058075657509,3.73058075657509,3.73058075657509,3.73058075657509,3.73058075657509,3.73058075657509,3.73058075657509,3.73058075657509,3.73058075657509,3.73058075657509,3.73058075657509,3.73058075657509,3.73058075657509,3.73058075657509,3.73058075657509,3.73058075657509,3.73058075657509,3.73058075657509,3.73058075657509,3.73058075657509,3.73058075657509,3.73058075657509,3.73058075657509,3.73058075657509,3.73058075657509,3.73058075657509,3.73058075657509,3.73058075657509,3.73058075657509,3.73058075657509,3.73058075657509,3.73058075657509,3.73058075657509,3.73058075657509,3.73058075657509,3.73058075657509,3.73058075657509,3.73058075657509,3.73058075657509,3.73058075657509,3.73058075657509,3.73058075657509,3.73058075657509,3.73058075657509,3.73058075657509,3.73058075657509,3.73058075657509,3.73058075657509,3.73058075657509,3.73058075657509,3.73058075657509,3.73058075657509,3.73058075657509,3.73058075657509,3.73058075657509,3.73058075657509,3.73058075657509,3.73058075657509,3.73058075657509,3.73058075657509,3.73058075657509,3.73058075657509,3.73058075657509,3.73058075657509,3.73058075657509,3.73058075657509,3.73058075657509,3.73058075657509,3.73058075657509,3.73058075657509,3.73058075657509,3.73058075657509,3.73058075657509,3.73058075657509,3.73058075657509,3.73058075657509,3.73058075657509,3.73058075657509,3.73058075657509,3.73058075657509,3.73058075657509,3.73058075657509,3.73058075657509,3.73058075657509,3.73058075657509,3.73058075657509,3.73058075657509,3.73058075657509,3.73058075657509,3.73058075657509,3.73058075657509,3.73058075657509,3.73058075657509,3.73058075657509,3.73058075657509,3.73058075657509,3.73058075657509,3.73058075657509,3.73058075657509,3.73058075657509,3.73058075657509,3.73058075657509,3.73058075657509,3.73058075657509,3.73058075657509,3.73058075657509,3.73058075657509,3.73058075657509,3.73058075657509,3.73058075657509,3.73058075657509,3.73058075657509,3.73058075657509,3.73058075657509,3.73058075657509,3.73058075657509,3.73058075657509,3.73058075657509,3.73058075657509,3.73058075657509,3.73058075657509,3.73058075657509,3.73058075657509,3.73058075657509,3.73058075657509,3.73058075657509,3.73058075657509,3.73058075657509,3.73058075657509,3.73058075657509,3.73058075657509,3.73058075657509,3.73058075657509,3.73058075657509,3.73058075657509,3.73058075657509,3.73058075657509,3.73058075657509,3.73058075657509,3.73058075657509,3.73058075657509,3.73058075657509,3.73058075657509,3.73058075657509,3.73058075657509,3.73058075657509,3.73058075657509,3.73058075657509,3.73058075657509,3.73058075657509,3.73058075657509,3.73058075657509,3.73058075657509,3.73058075657509,3.73058075657509,3.73058075657509,3.73058075657509,3.73058075657509,3.73058075657509,3.73058075657509,3.73058075657509,3.73058075657509,3.73058075657509,3.73058075657509,3.73058075657509,3.73058075657509,3.73058075657509,3.73058075657509,3.73058075657509,3.73058075657509,3.73058075657509,3.73058075657509,3.73058075657509,3.73058075657509,3.73058075657509,3.73058075657509,3.73058075657509,3.73058075657509,3.73058075657509,3.73058075657509,3.73058075657509,3.73058075657509,3.73058075657509,3.73058075657509,3.73058075657509,3.73058075657509,3.73058075657509,3.73058075657509,3.73058075657509,3.73058075657509,3.73058075657509,3.73058075657509,3.73058075657509,3.73058075657509,3.73058075657509,3.73058075657509,3.73058075657509,3.73058075657509,3.73058075657509,3.73058075657509,3.73058075657509,3.73058075657509,3.73058075657509,3.73058075657509,3.73058075657509,3.73058075657509,3.73058075657509,3.73058075657509,3.73058075657509,3.73058075657509,3.73058075657509,3.73058075657509,3.73058075657509,3.73058075657509,3.73058075657509,3.73058075657509,3.73058075657509,3.73058075657509,3.73058075657509,3.73058075657509,3.73058075657509,3.73058075657509,3.73058075657509,3.73058075657509,3.73058075657509,3.73058075657509,3.73058075657509,3.73058075657509,3.73058075657509,3.73058075657509,3.73058075657509,3.73058075657509,3.73058075657509,3.73058075657509,3.73058075657509,3.73058075657509,3.73058075657509,3.73058075657509,3.73058075657509,3.73058075657509,3.73058075657509,3.73058075657509,3.73058075657509,3.73058075657509,3.73058075657509,3.73058075657509,3.73058075657509,3.73058075657509,3.73058075657509,3.73058075657509,3.73058075657509,3.73058075657509,3.73058075657509,3.73058075657509,3.73058075657509,3.73058075657509,3.73058075657509,3.73058075657509,3.73058075657509,3.73058075657509,3.73058075657509,3.73058075657509,3.73058075657509,3.73058075657509,3.73058075657509,3.73058075657509,3.73058075657509,3.73058075657509,3.73058075657509,3.73058075657509,3.73058075657509,3.73058075657509,3.73058075657509,3.73058075657509,3.73058075657509,3.73058075657509,3.73058075657509,3.73058075657509,3.73058075657509,3.73058075657509,3.73058075657509,3.73058075657509,3.73058075657509,3.73058075657509,3.73058075657509,3.73058075657509,3.73058075657509,3.73058075657509,3.73058075657509,3.73058075657509,3.73058075657509,3.73058075657509,3.73058075657509,3.73058075657509,3.73058075657509,3.73058075657509,3.73058075657509,3.73058075657509,3.73058075657509,3.73058075657509,3.73058075657509,3.73058075657509,3.73058075657509,3.73058075657509,3.73058075657509,3.73058075657509,3.73058075657509,3.73058075657509,3.73058075657509,3.73058075657509,3.73058075657509,3.73058075657509,3.73058075657509,3.73058075657509,3.73058075657509,3.73058075657509,3.73058075657509,3.73058075657509,3.73058075657509,3.73058075657509,3.73058075657509,3.73058075657509,3.73058075657509,3.73058075657509,3.73058075657509,3.73058075657509,3.73058075657509,3.73058075657509,3.73058075657509,3.73058075657509,3.73058075657509,3.73058075657509,3.73058075657509,3.73058075657509,3.73058075657509,3.73058075657509,3.73058075657509,3.73058075657509,3.73058075657509,3.73058075657509,3.73058075657509,3.73058075657509,3.73058075657509,3.73058075657509,3.73058075657509,3.73058075657509,3.73058075657509,3.73058075657509,3.73058075657509,3.73058075657509,3.73058075657509,3.73058075657509,3.73058075657509,3.73058075657509,3.73058075657509,3.73058075657509,3.73058075657509,3.73058075657509,3.73058075657509,3.73058075657509,3.73058075657509,3.73058075657509,3.73058075657509,3.73058075657509,3.73058075657509,3.73058075657509,3.73058075657509,3.73058075657509,3.73058075657509,3.73058075657509,3.73058075657509,3.73058075657509,3.73058075657509,3.73058075657509,3.73058075657509,3.73058075657509,3.73058075657509,3.73058075657509,3.73058075657509,3.73058075657509,3.73058075657509,3.73058075657509,3.73058075657509,3.73058075657509,3.73058075657509,3.73058075657509,3.73058075657509,3.73058075657509,3.73058075657509,3.73058075657509,3.73058075657509,3.73058075657509,3.73058075657509,3.73058075657509,3.73058075657509,3.73058075657509,3.73058075657509,3.73058075657509,3.73058075657509,3.73058075657509,3.73058075657509,3.73058075657509,3.73058075657509,3.73058075657509,3.73058075657509,3.73058075657509,3.73058075657509,3.73058075657509,3.73058075657509,3.73058075657509,3.73058075657509,3.73058075657509,3.73058075657509,3.73058075657509,3.73058075657509,3.73058075657509,3.73058075657509,3.73058075657509,3.73058075657509,3.73058075657509,3.73058075657509,3.73058075657509,3.73058075657509,3.73058075657509,3.73058075657509,3.73058075657509,3.73058075657509,3.73058075657509,3.73058075657509,3.73058075657509,3.73058075657509,3.73058075657509,3.73058075657509,3.73058075657509,3.73058075657509,3.73058075657509,3.73058075657509,3.73058075657509,3.73058075657509,3.73058075657509,3.73058075657509,3.73058075657509,3.73058075657509,3.73058075657509,3.73058075657509,3.73058075657509,3.73058075657509,3.73058075657509,3.73058075657509,3.73058075657509,3.73058075657509,3.73058075657509,3.73058075657509,3.73058075657509,3.73058075657509,3.73058075657509,3.73058075657509,3.73058075657509,3.73058075657509,3.73058075657509,3.73058075657509,3.73058075657509,3.73058075657509,3.73058075657509,3.73058075657509,3.73058075657509,3.73058075657509,3.73058075657509,3.73058075657509,3.73058075657509,3.73058075657509,3.73058075657509,3.73058075657509,3.73058075657509,3.73058075657509,3.73058075657509,3.73058075657509,3.73058075657509,3.73058075657509,3.73058075657509,3.73058075657509,3.73058075657509,3.73058075657509,3.73058075657509,3.73058075657509,3.73058075657509,3.73058075657509,3.73058075657509,3.73058075657509,3.73058075657509,3.73058075657509,3.73058075657509,3.73058075657509,3.342290708988489,3.342290708988489,3.342290708988489,3.342290708988489,3.342290708988489,3.342290708988489,3.342290708988489,3.342290708988489,3.342290708988489,3.342290708988489,3.342290708988489,3.342290708988489,3.342290708988489,3.342290708988489,3.342290708988489,3.342290708988489,3.342290708988489,3.342290708988489,3.342290708988489,3.342290708988489,3.342290708988489,3.342290708988489,3.342290708988489,3.342290708988489,3.342290708988489,3.342290708988489,3.342290708988489,3.342290708988489,3.342290708988489,3.342290708988489,3.342290708988489,3.342290708988489,3.342290708988489,3.342290708988489,3.342290708988489,3.342290708988489,3.342290708988489,3.342290708988489,3.342290708988489,3.342290708988489,3.342290708988489,3.342290708988489,3.342290708988489,3.342290708988489,3.342290708988489,3.342290708988489,3.342290708988489,3.342290708988489,3.342290708988489,3.342290708988489,3.342290708988489,3.342290708988489,3.342290708988489,3.342290708988489,3.342290708988489,3.342290708988489,3.342290708988489,3.342290708988489,3.342290708988489,3.342290708988489,3.342290708988489,3.342290708988489,3.342290708988489,3.342290708988489,3.342290708988489,3.342290708988489,3.342290708988489,3.342290708988489,3.342290708988489,3.342290708988489,3.342290708988489,3.342290708988489,3.342290708988489,3.342290708988489,3.342290708988489,3.342290708988489,3.342290708988489,3.342290708988489,3.342290708988489,3.342290708988489,3.342290708988489,3.342290708988489,3.342290708988489,3.342290708988489,3.342290708988489,3.342290708988489,7.29366847780231,7.236650548393883,6.760902169560966,6.760902169560966,6.760902169560966,6.760902169560966,6.421726075110359,6.1503447861197085,6.125698210855926,6.022880745591784,6.022880745591784,6.022880745591784,6.022880745591784,6.022880745591784,6.022880745591784,6.022880745591784,6.022880745591784,6.022880745591784,6.022880745591784,6.022880745591784,6.022880745591784,6.022880745591784,6.022880745591784,6.022880745591784,6.022880745591784,6.022880745591784,6.022880745591784,6.022880745591784,6.022880745591784,6.022880745591784,6.022880745591784,6.022880745591784,6.022880745591784,6.022880745591784,6.022880745591784,6.022880745591784,6.022880745591784,6.022880745591784,6.022880745591784,6.022880745591784,6.022880745591784,6.022880745591784,6.022880745591784,5.854733517241998,4.764291188118587,4.764291188118587,4.764291188118587,4.655127944443816,4.655127944443816,4.655127944443816,4.655127944443816,4.655127944443816,4.491717552392307,4.491717552392307,4.491717552392307,4.491717552392307,4.491717552392307,4.491717552392307,4.491717552392307,4.491717552392307,4.491717552392307,4.491717552392307,4.491717552392307,4.292509308990073,4.292509308990073,4.292509308990073,4.292509308990073,4.292509308990073,4.292509308990073,4.292509308990073,4.292509308990073,4.292509308990073,4.292509308990073,4.292509308990073,4.292509308990073,4.292509308990073,4.292509308990073,4.292509308990073,4.292509308990073,4.292509308990073,4.292509308990073,4.292509308990073,4.292509308990073,4.292509308990073,4.292509308990073,4.292509308990073,4.292509308990073,4.292509308990073,4.292509308990073,4.292509308990073,4.292509308990073,4.292509308990073,4.292509308990073,4.292509308990073,4.292509308990073,4.292509308990073,4.292509308990073,4.292509308990073,4.292509308990073,4.292509308990073,4.292509308990073,4.292509308990073,4.292509308990073,4.292509308990073,4.292509308990073,4.292509308990073,4.292509308990073,4.292509308990073,4.292509308990073,4.292509308990073,4.292509308990073,4.292509308990073,4.292509308990073,4.292509308990073,4.292509308990073,4.292509308990073,4.292509308990073,4.292509308990073,4.292509308990073,4.292509308990073,4.292509308990073,4.292509308990073,4.292509308990073,4.292509308990073,4.292509308990073,4.292509308990073,4.292509308990073,4.292509308990073,4.292509308990073,4.292509308990073,4.292509308990073,4.292509308990073,4.292509308990073,4.292509308990073,4.292509308990073,4.292509308990073,4.292509308990073,4.292509308990073,4.292509308990073,4.292509308990073,4.292509308990073,4.292509308990073,4.292509308990073,4.292509308990073,4.292509308990073,4.292509308990073,4.292509308990073,4.292509308990073,4.292509308990073,4.292509308990073,4.292509308990073,4.292509308990073,4.292509308990073,4.292509308990073,4.292509308990073,4.292509308990073,4.292509308990073,4.292509308990073,4.292509308990073,4.292509308990073,4.292509308990073,4.292509308990073,4.292509308990073,4.292509308990073,4.292509308990073,4.292509308990073,4.292509308990073,4.292509308990073,4.292509308990073,4.292509308990073,4.292509308990073,4.292509308990073,4.292509308990073,4.292509308990073,4.292509308990073,4.292509308990073,4.292509308990073,4.292509308990073,4.292509308990073,4.292509308990073,4.292509308990073,4.292509308990073,4.292509308990073,4.292509308990073,4.292509308990073,4.292509308990073,4.292509308990073,4.292509308990073,4.292509308990073,4.292509308990073,4.292509308990073,4.292509308990073,4.292509308990073,4.292509308990073,4.292509308990073,4.292509308990073,4.292509308990073,4.292509308990073,4.292509308990073,4.292509308990073,4.292509308990073,4.292509308990073,4.292509308990073,4.292509308990073,4.292509308990073,4.292509308990073,4.292509308990073,4.292509308990073,4.292509308990073,4.292509308990073,4.292509308990073,4.292509308990073,4.292509308990073,4.292509308990073,4.292509308990073,4.292509308990073,4.292509308990073,4.292509308990073,4.292509308990073,4.292509308990073,4.292509308990073,4.292509308990073,4.292509308990073,4.292509308990073,4.292509308990073,4.292509308990073,4.292509308990073,4.292509308990073,4.292509308990073,4.292509308990073,4.292509308990073,4.292509308990073,4.292509308990073,4.292509308990073,4.292509308990073,4.292509308990073,4.292509308990073,4.292509308990073,4.292509308990073,4.292509308990073,4.292509308990073,4.292509308990073,4.292509308990073,4.292509308990073,4.292509308990073,4.292509308990073,4.292509308990073,4.292509308990073,4.292509308990073,4.292509308990073,4.292509308990073,4.292509308990073,4.292509308990073,4.292509308990073,4.292509308990073,4.292509308990073,4.292509308990073,4.292509308990073,4.292509308990073,4.292509308990073,4.292509308990073,4.292509308990073,4.292509308990073,4.292509308990073,4.292509308990073,4.292509308990073,4.292509308990073,4.292509308990073,4.292509308990073,4.292509308990073,4.292509308990073,4.292509308990073,4.292509308990073,4.292509308990073,4.292509308990073,4.292509308990073,4.292509308990073,4.292509308990073,4.292509308990073,4.292509308990073,4.292509308990073,4.292509308990073,4.292509308990073,4.292509308990073,4.292509308990073,4.292509308990073,4.292509308990073,4.292509308990073,4.292509308990073,4.292509308990073,4.292509308990073,4.292509308990073,4.292509308990073,4.292509308990073,4.292509308990073,4.292509308990073,4.292509308990073,4.292509308990073,4.292509308990073,4.292509308990073,4.292509308990073,4.292509308990073,4.292509308990073,4.292509308990073,4.292509308990073,4.292509308990073,4.292509308990073,4.292509308990073,4.292509308990073,4.292509308990073,4.292509308990073,4.292509308990073,4.292509308990073,4.292509308990073,4.292509308990073,4.292509308990073,4.292509308990073,4.292509308990073,4.292509308990073,4.292509308990073,4.292509308990073,4.292509308990073,4.292509308990073,4.292509308990073,4.292509308990073,4.292509308990073,4.292509308990073,4.292509308990073,4.292509308990073,4.292509308990073,4.292509308990073,4.292509308990073,4.292509308990073,4.292509308990073,4.292509308990073,4.292509308990073,4.292509308990073,4.292509308990073,4.292509308990073,4.292509308990073,4.292509308990073,4.292509308990073,4.292509308990073,4.292509308990073,4.292509308990073,4.292509308990073,4.292509308990073,4.292509308990073,4.292509308990073,4.292509308990073,4.292509308990073,4.292509308990073,4.292509308990073,4.292509308990073,4.292509308990073,4.292509308990073,4.292509308990073,4.292509308990073,4.292509308990073,4.292509308990073,4.292509308990073,4.292509308990073,4.292509308990073,4.292509308990073,4.292509308990073,4.292509308990073,4.292509308990073,4.292509308990073,4.292509308990073,4.292509308990073,4.292509308990073,4.292509308990073,4.292509308990073,4.292509308990073,4.292509308990073,4.292509308990073,4.292509308990073,4.292509308990073,4.292509308990073,4.292509308990073,4.292509308990073,4.292509308990073,4.292509308990073,4.292509308990073,4.292509308990073,4.292509308990073,4.292509308990073,4.292509308990073,4.292509308990073,4.292509308990073,4.292509308990073,4.292509308990073,4.292509308990073,4.292509308990073,4.292509308990073,4.292509308990073,4.292509308990073,4.292509308990073,4.292509308990073,4.292509308990073,4.292509308990073,4.292509308990073,4.292509308990073,4.292509308990073,4.292509308990073,4.292509308990073,4.292509308990073,4.292509308990073,4.292509308990073,4.292509308990073,4.292509308990073,4.292509308990073,4.292509308990073,4.292509308990073,4.292509308990073,4.292509308990073,4.292509308990073,4.292509308990073,4.292509308990073,4.292509308990073,4.292509308990073,4.292509308990073,4.292509308990073,4.292509308990073,4.292509308990073,4.292509308990073,4.292509308990073,4.292509308990073,4.292509308990073,4.292509308990073,4.292509308990073,4.292509308990073,4.292509308990073,4.292509308990073,4.292509308990073,4.292509308990073,4.292509308990073,4.292509308990073,4.292509308990073,4.292509308990073,4.292509308990073,4.292509308990073,4.292509308990073,4.292509308990073,4.292509308990073,4.292509308990073,4.292509308990073,4.292509308990073,4.292509308990073,4.292509308990073,4.292509308990073,4.292509308990073,4.292509308990073,4.292509308990073,4.292509308990073,4.292509308990073,4.292509308990073,4.292509308990073,4.292509308990073,4.292509308990073,4.292509308990073,4.292509308990073,4.292509308990073,4.292509308990073,4.292509308990073,4.097981794720259,4.097981794720259,4.097981794720259,4.097981794720259,4.097981794720259,4.097981794720259,4.097981794720259,4.097981794720259,4.097981794720259,4.097981794720259,4.097981794720259,4.097981794720259,4.097981794720259,4.097981794720259,4.097981794720259,4.097981794720259,4.097981794720259,4.097981794720259,4.097981794720259,4.097981794720259,4.097981794720259,4.097981794720259,4.097981794720259,4.097981794720259,4.097981794720259,4.097981794720259,4.097981794720259,4.097981794720259,4.097981794720259,4.097981794720259,4.097981794720259,4.097981794720259,4.097981794720259,4.097981794720259,4.097981794720259,4.097981794720259,4.097981794720259,4.097981794720259,4.097981794720259,4.097981794720259,4.097981794720259,4.097981794720259,4.097981794720259,4.097981794720259,4.097981794720259,4.097981794720259,4.097981794720259,4.097981794720259,4.097981794720259,4.097981794720259,4.097981794720259,4.097981794720259,4.097981794720259,4.097981794720259,4.097981794720259,4.097981794720259,4.097981794720259,4.097981794720259,4.097981794720259,4.097981794720259,4.097981794720259,4.097981794720259,4.097981794720259,4.097981794720259,4.097981794720259,4.097981794720259,4.097981794720259,4.097981794720259,4.097981794720259,4.097981794720259,4.097981794720259,4.097981794720259,4.097981794720259,4.097981794720259,4.097981794720259,4.097981794720259,4.097981794720259,4.097981794720259,4.097981794720259,4.097981794720259,4.097981794720259,4.097981794720259,4.097981794720259,4.097981794720259,4.097981794720259,4.097981794720259,4.097981794720259,4.097981794720259,4.097981794720259,4.097981794720259,4.097981794720259,4.097981794720259,4.097981794720259,4.097981794720259,4.097981794720259,4.097981794720259,4.097981794720259,4.097981794720259,4.097981794720259,4.097981794720259,4.097981794720259,4.097981794720259,4.097981794720259,4.097981794720259,4.097981794720259,4.097981794720259,4.097981794720259,4.097981794720259,4.097981794720259,4.097981794720259,4.097981794720259,4.097981794720259,4.097981794720259,4.097981794720259,4.097981794720259,4.097981794720259,4.097981794720259,4.097981794720259,4.097981794720259,4.097981794720259,4.097981794720259,4.097981794720259,4.097981794720259,4.097981794720259,4.097981794720259,4.097981794720259,4.097981794720259,4.097981794720259,4.097981794720259,3.492225188765231,3.492225188765231,3.3622642892251764,3.3622642892251764,3.3622642892251764,3.3622642892251764,3.3622642892251764,3.3622642892251764,3.019637689590086,3.019637689590086,3.019637689590086,3.019637689590086,3.019637689590086,3.019637689590086,3.019637689590086,3.019637689590086,3.019637689590086,3.019637689590086,3.019637689590086,3.019637689590086,3.019637689590086,3.019637689590086,3.019637689590086,3.019637689590086,3.019637689590086,3.019637689590086,3.019637689590086,3.019637689590086,3.019637689590086,3.019637689590086,3.019637689590086,3.019637689590086,3.019637689590086,3.019637689590086,3.019637689590086,3.019637689590086,3.019637689590086,3.019637689590086,3.019637689590086,3.019637689590086,3.019637689590086,3.019637689590086,3.019637689590086,3.019637689590086,3.019637689590086,3.019637689590086,3.019637689590086,3.019637689590086,3.019637689590086,3.019637689590086,3.019637689590086,3.019637689590086,3.019637689590086,3.019637689590086,3.019637689590086,3.019637689590086,3.019637689590086,3.019637689590086,3.019637689590086,3.019637689590086,3.019637689590086,3.019637689590086,3.019637689590086,3.019637689590086,3.019637689590086,3.019637689590086,3.019637689590086,3.019637689590086,3.019637689590086,3.019637689590086,3.019637689590086,3.019637689590086,3.019637689590086,3.019637689590086,3.019637689590086,3.019637689590086,3.019637689590086,3.019637689590086,3.019637689590086,3.019637689590086,3.019637689590086,3.019637689590086,3.019637689590086,3.019637689590086,3.019637689590086,3.019637689590086,3.019637689590086,3.019637689590086,3.019637689590086,3.019637689590086,3.019637689590086,3.019637689590086,3.019637689590086,3.019637689590086,3.019637689590086,3.019637689590086,3.019637689590086,3.019637689590086,3.019637689590086,3.019637689590086,3.019637689590086,3.019637689590086,3.019637689590086,3.019637689590086,3.019637689590086,3.019637689590086,3.019637689590086,3.019637689590086,3.019637689590086,3.019637689590086,3.019637689590086,3.019637689590086,3.019637689590086,3.019637689590086,3.019637689590086,3.019637689590086,3.019637689590086,3.019637689590086,3.019637689590086,3.019637689590086,3.019637689590086,3.019637689590086,3.019637689590086,3.019637689590086,3.019637689590086,3.019637689590086,3.019637689590086,3.019637689590086,3.019637689590086,3.019637689590086,3.019637689590086,3.019637689590086,3.019637689590086,3.019637689590086,3.019637689590086,3.019637689590086,3.019637689590086,3.019637689590086,3.019637689590086,3.019637689590086,3.019637689590086,3.019637689590086,3.019637689590086,3.019637689590086,3.019637689590086,3.019637689590086,3.019637689590086,3.019637689590086,3.019637689590086,3.019637689590086,3.019637689590086,3.019637689590086,3.019637689590086,3.019637689590086,3.019637689590086,3.019637689590086,3.019637689590086,3.019637689590086,3.019637689590086,3.019637689590086,3.019637689590086,3.019637689590086,3.019637689590086,3.019637689590086,3.019637689590086,3.019637689590086,3.019637689590086,3.019637689590086,3.019637689590086,3.019637689590086,3.019637689590086,3.019637689590086,3.019637689590086,3.019637689590086,3.019637689590086,3.019637689590086,3.019637689590086,3.019637689590086,3.019637689590086,3.019637689590086,3.019637689590086,3.019637689590086,3.019637689590086,3.019637689590086,3.019637689590086,3.019637689590086,3.019637689590086,3.019637689590086,3.019637689590086,3.019637689590086,3.019637689590086,3.019637689590086,3.019637689590086,3.019637689590086,3.019637689590086,3.019637689590086,3.019637689590086,3.019637689590086,3.019637689590086,3.019637689590086,3.019637689590086,3.019637689590086,3.019637689590086,3.019637689590086,3.019637689590086,3.019637689590086,3.019637689590086,3.019637689590086,3.019637689590086,3.019637689590086,3.019637689590086,3.019637689590086,3.019637689590086,3.019637689590086,3.019637689590086,3.019637689590086,3.019637689590086,3.019637689590086,3.019637689590086,3.019637689590086,3.019637689590086,3.019637689590086,3.019637689590086,3.019637689590086,3.019637689590086,3.019637689590086,3.019637689590086,3.019637689590086,3.019637689590086,3.019637689590086,3.019637689590086,3.019637689590086,3.019637689590086,3.019637689590086,3.019637689590086,3.019637689590086,3.019637689590086,3.019637689590086,3.019637689590086,3.019637689590086,3.019637689590086,3.019637689590086,3.019637689590086,3.019637689590086,3.019637689590086,3.019637689590086,3.019637689590086,3.019637689590086,3.019637689590086,3.019637689590086,3.019637689590086,3.019637689590086,3.019637689590086,3.019637689590086,3.019637689590086,3.019637689590086,3.019637689590086,3.019637689590086,3.019637689590086,3.019637689590086,3.019637689590086,3.019637689590086,3.019637689590086,3.019637689590086,3.019637689590086,3.019637689590086,3.019637689590086,3.019637689590086,3.019637689590086,3.019637689590086,3.019637689590086,3.019637689590086,3.019637689590086,3.019637689590086,3.019637689590086,3.019637689590086,3.019637689590086,3.019637689590086,3.019637689590086,3.019637689590086,3.019637689590086,3.019637689590086,3.019637689590086,3.019637689590086,3.019637689590086,3.019637689590086,3.019637689590086,3.019637689590086,3.019637689590086,3.019637689590086,3.019637689590086,3.019637689590086,3.019637689590086,3.019637689590086,3.019637689590086,3.019637689590086,3.019637689590086,3.019637689590086,3.019637689590086,3.019637689590086,3.019637689590086,3.019637689590086,3.019637689590086,3.019637689590086,3.019637689590086,3.019637689590086,3.019637689590086,3.019637689590086,3.019637689590086,3.019637689590086,3.019637689590086,3.019637689590086,3.019637689590086,3.019637689590086,3.019637689590086,3.019637689590086,3.019637689590086,3.019637689590086,3.019637689590086,3.019637689590086,3.019637689590086,3.019637689590086,3.019637689590086,3.019637689590086,3.019637689590086,3.019637689590086,3.019637689590086,3.019637689590086,3.019637689590086,3.019637689590086,3.019637689590086,3.019637689590086,3.019637689590086,3.019637689590086,3.019637689590086,3.019637689590086,3.019637689590086,3.019637689590086,3.019637689590086,3.019637689590086,3.019637689590086,3.019637689590086,3.019637689590086,3.019637689590086,3.019637689590086,3.019637689590086,3.019637689590086,3.019637689590086,3.019637689590086,3.019637689590086,3.019637689590086,3.019637689590086,3.019637689590086,3.019637689590086,3.019637689590086,3.019637689590086,3.019637689590086,3.019637689590086,3.019637689590086,3.019637689590086,3.019637689590086,3.019637689590086,3.019637689590086,3.019637689590086,3.019637689590086,3.019637689590086,3.019637689590086,3.019637689590086,3.019637689590086,3.019637689590086,3.019637689590086,3.019637689590086,3.019637689590086,3.019637689590086,3.019637689590086,3.019637689590086,3.019637689590086,3.019637689590086,3.019637689590086,3.019637689590086,3.019637689590086,3.019637689590086,3.019637689590086,3.019637689590086,3.019637689590086,3.019637689590086,3.019637689590086,3.019637689590086,3.019637689590086,3.019637689590086,3.019637689590086,3.019637689590086,3.019637689590086,3.019637689590086,3.019637689590086,3.019637689590086,3.019637689590086,3.019637689590086,3.019637689590086,3.019637689590086,3.019637689590086,3.019637689590086,3.019637689590086,3.019637689590086,3.019637689590086,3.019637689590086,6.246828846490656,6.246828846490656,6.021933555644083,5.457497009013628,5.457497009013628,5.171442478644843,5.171442478644843,5.171442478644843,5.016571202601146,5.016571202601146,5.016571202601146,5.016571202601146,5.016571202601146,5.016571202601146,5.016571202601146,5.016571202601146,5.016571202601146,5.016571202601146,5.016571202601146,5.016571202601146,5.016571202601146,5.016571202601146,5.016571202601146,5.016571202601146,5.016571202601146,5.016571202601146,5.016571202601146,5.016571202601146,5.016571202601146,5.016571202601146,5.016571202601146,5.003797629726747,5.003797629726747,5.003797629726747,5.003797629726747,5.003797629726747,5.003797629726747,5.003797629726747,5.003797629726747,5.003797629726747,5.003797629726747,5.003797629726747,5.003797629726747,5.003797629726747,5.003797629726747,5.003797629726747,5.003797629726747,5.003797629726747,5.003797629726747,5.003797629726747,5.003797629726747,5.003797629726747,5.003797629726747,5.003797629726747,5.003797629726747,5.003797629726747,5.003797629726747,5.003797629726747,5.003797629726747,5.003797629726747,5.003797629726747,5.003797629726747,5.003797629726747,5.003797629726747,5.003797629726747,5.003797629726747,5.003797629726747,5.003797629726747,5.003797629726747,5.003797629726747,5.003797629726747,5.003797629726747,5.003797629726747,5.003797629726747,5.003797629726747,5.003797629726747,5.003797629726747,5.003797629726747,5.003797629726747,5.003797629726747,5.003797629726747,5.003797629726747,5.003797629726747,5.003797629726747,5.003797629726747,5.003797629726747,5.003797629726747,5.003797629726747,5.003797629726747,5.003797629726747,5.003797629726747,5.003797629726747,5.003797629726747,5.003797629726747,5.003797629726747,5.003797629726747,5.003797629726747,5.003797629726747,5.003797629726747,4.7524113666982375,4.630235382540439,4.630235382540439,4.630235382540439,4.630235382540439,4.630235382540439,4.630235382540439,4.630235382540439,4.630235382540439,4.630235382540439,4.630235382540439,4.630235382540439,4.630235382540439,4.630235382540439,4.630235382540439,4.630235382540439,4.630235382540439,4.630235382540439,4.630235382540439,4.630235382540439,4.494353033578136,4.494353033578135,4.494353033578135,4.486148577582141,4.486148577582141,4.486148577582141,4.486148577582141,4.486148577582141,4.486148577582141,4.486148577582141,4.486148577582141,4.486148577582141,4.486148577582141,4.486148577582141,4.486148577582141,4.486148577582141,4.486148577582141,4.486148577582141,4.486148577582141,4.486148577582141,4.486148577582141,4.486148577582141,4.486148577582141,4.486148577582141,4.486148577582141,4.486148577582141,4.486148577582141,4.486148577582141,4.486148577582141,4.486148577582141,4.486148577582141,4.486148577582141,4.486148577582141,4.486148577582141,4.486148577582141,4.486148577582141,4.486148577582141,4.486148577582141,4.486148577582141,4.486148577582141,4.486148577582141,4.486148577582141,4.486148577582141,4.486148577582141,4.486148577582141,4.486148577582141,4.486148577582141,4.486148577582141,4.486148577582141,4.486148577582141,4.486148577582141,4.486148577582141,4.486148577582141,4.486148577582141,4.486148577582141,4.486148577582141,4.486148577582141,4.486148577582141,4.486148577582141,4.486148577582141,4.486148577582141,4.486148577582141,4.486148577582141,4.486148577582141,4.486148577582141,4.486148577582141,4.486148577582141,4.486148577582141,4.486148577582141,4.486148577582141,4.486148577582141,4.486148577582141,4.486148577582141,4.486148577582141,4.486148577582141,4.486148577582141,4.486148577582141,4.486148577582141,4.486148577582141,4.486148577582141,4.193931353886159,4.193931353886159,4.193931353886159,4.193931353886159,4.193931353886159,4.193931353886159,4.193931353886159,4.193931353886159,4.193931353886159,4.193931353886159,4.193931353886159,4.193931353886159,4.193931353886159,4.193931353886159,4.193931353886159,4.193931353886159,4.193931353886159,4.193931353886159,4.193931353886159,4.193931353886159,4.193931353886159,4.193931353886159,4.193931353886159,4.193931353886159,4.193931353886159,4.193931353886159,4.193931353886159,4.193931353886159,4.193931353886159,4.193931353886159,4.193931353886159,4.193931353886159,4.193931353886159,4.193931353886159,4.193931353886159,4.193931353886159,4.193931353886159,4.193931353886159,4.193931353886159,4.193931353886159,4.193931353886159,4.193931353886159,4.193931353886159,4.138837661379575,4.138837661379575,4.138837661379575,4.138837661379575,4.138837661379575,4.138837661379575,4.138837661379575,4.138837661379575,4.138837661379575,4.138837661379575,4.138837661379575,4.138837661379575,4.138837661379575,4.138837661379575,4.138837661379575,4.138837661379575,4.138837661379575,4.138837661379575,4.138837661379575,4.138837661379575,4.138837661379575,4.138837661379575,4.138837661379575,4.138837661379575,4.138837661379575,4.138837661379575,4.138837661379575,4.138837661379575,4.138837661379575,4.138837661379575,4.138837661379575,4.138837661379575,4.138837661379575,4.138837661379575,4.138837661379575,4.138837661379575,4.138837661379575,4.138837661379575,4.138837661379575,4.138837661379575,4.138837661379575,4.138837661379575,4.138837661379575,4.138837661379575,4.138837661379575,4.138837661379575,4.138837661379575,4.138837661379575,4.138837661379575,4.138837661379575,4.138837661379575,4.138837661379575,4.138837661379575,4.138837661379575,4.138837661379575,4.138837661379575,4.138837661379575,4.138837661379575,4.138837661379575,4.138837661379575,4.138837661379575,4.138837661379575,4.138837661379575,4.138837661379575,4.138837661379575,4.138837661379575,4.138837661379575,4.138837661379575,4.138837661379575,4.138837661379575,4.138837661379575,4.138837661379575,4.138837661379575,4.138837661379575,4.138837661379575,4.138837661379575,4.138837661379575,4.138837661379575,4.138837661379575,4.138837661379575,4.138837661379575,4.138837661379575,4.138837661379575,4.138837661379575,4.138837661379575,4.138837661379575,4.138837661379575,4.138837661379575,4.138837661379575,4.138837661379575,4.138837661379575,4.138837661379575,4.138837661379575,4.138837661379575,4.138837661379575,4.138837661379575,4.138837661379575,4.138837661379575,4.138837661379575,4.138837661379575,4.138837661379575,4.138837661379575,4.138837661379575,4.138837661379575,4.138837661379575,4.138837661379575,4.138837661379575,4.138837661379575,4.138837661379575,4.138837661379575,4.138837661379575,4.138837661379575,4.138837661379575,4.138837661379575,4.138837661379575,4.138837661379575,4.138837661379575,4.138837661379575,4.138837661379575,4.138837661379575,4.138837661379575,4.138837661379575,4.138837661379575,4.138837661379575,4.138837661379575,4.138837661379575,4.138837661379575,4.138837661379575,4.138837661379575,4.138837661379575,4.138837661379575,4.138837661379575,4.138837661379575,4.138837661379575,4.138837661379575,4.138837661379575,4.138837661379575,4.138837661379575,4.138837661379575,4.138837661379575,4.138837661379575,4.138837661379575,4.138837661379575,4.138837661379575,4.138837661379575,4.138837661379575,4.138837661379575,4.138837661379575,4.138837661379575,4.138837661379575,4.138837661379575,4.138837661379575,4.138837661379575,4.138837661379575,4.138837661379575,4.138837661379575,4.138837661379575,4.138837661379575,4.138837661379575,4.138837661379575,4.138837661379575,4.138837661379575,4.138837661379575,4.138837661379575,4.138837661379575,4.138837661379575,4.138837661379575,4.138837661379575,4.138837661379575,4.138837661379575,4.138837661379575,4.138837661379575,4.138837661379575,4.138837661379575,4.138837661379575,4.138837661379575,4.138837661379575,4.138837661379575,4.138837661379575,4.138837661379575,4.138837661379575,4.138837661379575,4.138837661379575,4.138837661379575,4.138837661379575,4.138837661379575,4.138837661379575,4.138837661379575,4.138837661379575,4.138837661379575,4.138837661379575,4.138837661379575,4.138837661379575,4.138837661379575,4.138837661379575,4.138837661379575,4.138837661379575,4.138837661379575,4.138837661379575,4.138837661379575,4.138837661379575,4.138837661379575,4.138837661379575,4.138837661379575,4.138837661379575,4.138837661379575,4.138837661379575,4.138837661379575,4.138837661379575,4.138837661379575,4.138837661379575,4.138837661379575,4.138837661379575,4.138837661379575,4.138837661379575,4.138837661379575,4.138837661379575,4.138837661379575,4.138837661379575,4.138837661379575,4.138837661379575,4.138837661379575,4.138837661379575,4.138837661379575,4.138837661379575,4.138837661379575,4.138837661379575,4.138837661379575,4.138837661379575,4.138837661379575,4.138837661379575,4.138837661379575,4.138837661379575,4.138837661379575,4.138837661379575,4.138837661379575,4.138837661379575,4.138837661379575,4.138837661379575,4.138837661379575,4.138837661379575,4.138837661379575,4.138837661379575,4.138837661379575,4.138837661379575,4.138837661379575,4.138837661379575,4.138837661379575,4.138837661379575,4.138837661379575,4.138837661379575,4.138837661379575,4.138837661379575,4.138837661379575,4.138837661379575,4.138837661379575,4.138837661379575,4.138837661379575,4.138837661379575,4.138837661379575,4.138837661379575,4.138837661379575,4.138837661379575,4.138837661379575,4.138837661379575,4.138837661379575,4.138837661379575,4.138837661379575,4.138837661379575,4.138837661379575,4.138837661379575,4.138837661379575,4.138837661379575,4.138837661379575,4.138837661379575,4.138837661379575,4.138837661379575,4.138837661379575,4.138837661379575,4.138837661379575,4.138837661379575,4.138837661379575,4.138837661379575,4.138837661379575,4.138837661379575,4.138837661379575,4.138837661379575,4.138837661379575,4.138837661379575,4.138837661379575,4.138837661379575,4.138837661379575,4.138837661379575,4.138837661379575,4.138837661379575,4.138837661379575,4.138837661379575,4.138837661379575,4.138837661379575,4.138837661379575,4.138837661379575,4.138837661379575,4.138837661379575,4.138837661379575,4.138837661379575,4.138837661379575,4.138837661379575,4.138837661379575,4.138837661379575,4.138837661379575,4.138837661379575,4.138837661379575,4.138837661379575,4.138837661379575,4.138837661379575,4.138837661379575,4.138837661379575,4.138837661379575,4.138837661379575,4.138837661379575,4.138837661379575,4.138837661379575,4.138837661379575,4.138837661379575,4.138837661379575,4.138837661379575,4.138837661379575,4.138837661379575,4.138837661379575,4.138837661379575,4.138837661379575,4.138837661379575,4.138837661379575,4.138837661379575,4.138837661379575,4.138837661379575,4.138837661379575,4.138837661379575,4.138837661379575,4.138837661379575,4.138837661379575,4.138837661379575,4.138837661379575,4.138837661379575,4.138837661379575,4.138837661379575,4.138837661379575,4.138837661379575,4.138837661379575,4.138837661379575,4.138837661379575,4.138837661379575,4.138837661379575,4.138837661379575,4.138837661379575,4.138837661379575,4.138837661379575,4.138837661379575,4.138837661379575,4.138837661379575,4.138837661379575,4.138837661379575,4.138837661379575,4.138837661379575,4.138837661379575,4.138837661379575,4.138837661379575,4.138837661379575,4.138837661379575,4.138837661379575,4.138837661379575,4.138837661379575,4.138837661379575,4.138837661379575,4.138837661379575,4.138837661379575,4.138837661379575,4.138837661379575,4.138837661379575,4.138837661379575,4.138837661379575,4.138837661379575,4.138837661379575,4.138837661379575,4.138837661379575,4.138837661379575,4.138837661379575,4.138837661379575,4.138837661379575,4.138837661379575,4.138837661379575,4.138837661379575,4.138837661379575,4.138837661379575,4.138837661379575,4.138837661379575,4.138837661379575,4.138837661379575,4.138837661379575,4.138837661379575,4.138837661379575,4.138837661379575,4.138837661379575,4.138837661379575,4.138837661379575,4.138837661379575,4.138837661379575,4.138837661379575,4.138837661379575,4.138837661379575,4.138837661379575,4.138837661379575,4.138837661379575,4.138837661379575,4.138837661379575,4.138837661379575,4.138837661379575,4.138837661379575,4.138837661379575,4.138837661379575,4.138837661379575,4.138837661379575,4.138837661379575,4.138837661379575,4.138837661379575,4.138837661379575,4.138837661379575,4.138837661379575,4.138837661379575,4.138837661379575,4.138837661379575,4.138837661379575,4.138837661379575,4.138837661379575,4.138837661379575,4.138837661379575,4.138837661379575,4.138837661379575,4.138837661379575,4.138837661379575,4.138837661379575,4.138837661379575,4.138837661379575,4.138837661379575,4.138837661379575,4.138837661379575,4.138837661379575,4.138837661379575,4.138837661379575,4.138837661379575,4.138837661379575,4.138837661379575,4.138837661379575,4.138837661379575,4.138837661379575,4.138837661379575,4.138837661379575,4.138837661379575,4.138837661379575,4.138837661379575,4.138837661379575,4.138837661379575,4.138837661379575,4.138837661379575,4.138837661379575,4.138837661379575,4.138837661379575,4.138837661379575,4.138837661379575,4.138837661379575,4.138837661379575,4.138837661379575,4.138837661379575,4.138837661379575,4.138837661379575,4.138837661379575,4.138837661379575,4.138837661379575,4.138837661379575,4.138837661379575,4.138837661379575,4.138837661379575,4.138837661379575,4.138837661379575,4.138837661379575,4.138837661379575,4.138837661379575,4.138837661379575,4.138837661379575,4.138837661379575,4.138837661379575,4.138837661379575,4.138837661379575,4.138837661379575,4.138837661379575,4.138837661379575,4.138837661379575,4.138837661379575,4.138837661379575,4.138837661379575,4.138837661379575,4.138837661379575,4.138837661379575,4.138837661379575,4.138837661379575,4.138837661379575,4.138837661379575,4.138837661379575,4.138837661379575,4.138837661379575,4.138837661379575,4.136556007263396,4.136556007263396,4.136556007263396,4.136556007263396,4.136556007263396,4.136556007263396,4.136556007263396,4.136556007263396,4.136556007263396,4.136556007263396,4.136556007263396,4.136556007263396,4.136556007263396,4.136556007263396,4.136556007263396,4.136556007263396,4.136556007263396,4.136556007263396,4.136556007263396,4.136556007263396,4.136556007263396,4.136556007263396,4.136556007263396,4.136556007263396,4.136556007263396,4.136556007263396,4.136556007263396,4.136556007263396,4.136556007263396,4.136556007263396,4.136556007263396,4.136556007263396,4.136556007263396,4.136556007263396,4.136556007263396,4.136556007263396,4.136556007263396,4.136556007263396,4.136556007263396,4.136556007263396,4.136556007263396,4.136556007263396,4.136556007263396,4.136556007263396,4.136556007263396,4.136556007263396,4.136556007263396,4.136556007263396,4.136556007263396,4.136556007263396,4.136556007263396,4.136556007263396,4.136556007263396,4.136556007263396,4.136556007263396,4.136556007263396,4.136556007263396,4.136556007263396,4.136556007263396,4.136556007263396,4.136556007263396,4.136556007263396,4.136556007263396,4.136556007263396,4.136556007263396,4.136556007263396,4.136556007263396,4.136556007263396,4.136556007263396,4.136556007263396,4.136556007263396,4.136556007263396,4.136556007263396,4.136556007263396,4.136556007263396,4.136556007263396,4.136556007263396,4.136556007263396,4.136556007263396,4.136556007263396,4.136556007263396,4.136556007263396,4.136556007263396,4.136556007263396,4.136556007263396,4.136556007263396,4.136556007263396,4.136556007263396,4.136556007263396,4.136556007263396,4.136556007263396,4.136556007263396,4.136556007263396,4.136556007263396,4.136556007263396,4.136556007263396,4.136556007263396,4.136556007263396,4.136556007263396,4.136556007263396,4.136556007263396,4.136556007263396,2.272645735922026,2.272645735922026,2.272645735922026,2.272645735922026,2.272645735922026,2.272645735922026,2.272645735922026,2.272645735922026,2.272645735922026,2.272645735922026,2.272645735922026,2.272645735922026,2.189515664307495,2.189515664307495,2.189515664307495,2.189515664307495,2.189515664307495,2.189515664307495,2.189515664307495,2.189515664307495,2.189515664307495,2.189515664307495,2.189515664307495,2.189515664307495,2.189515664307495,2.189515664307495,2.189515664307495,2.189515664307495,2.189515664307495,2.189515664307495,2.189515664307495,2.189515664307495,2.189515664307495,2.189515664307495,2.189515664307495,2.189515664307495,2.189515664307495,2.189515664307495,2.189515664307495,2.189515664307495,2.189515664307495,2.189515664307495,2.189515664307495,2.189515664307495,2.189515664307495,2.189515664307495,2.189515664307495,2.189515664307495,2.189515664307495,2.189515664307495,2.189515664307495,2.189515664307495,2.189515664307495,2.189515664307495,2.189515664307495,2.189515664307495,2.189515664307495,2.189515664307495,2.189515664307495,2.189515664307495,2.189515664307495,2.189515664307495,2.189515664307495,2.189515664307495,2.189515664307495,2.189515664307495,2.189515664307495,2.189515664307495,2.189515664307495,2.189515664307495,2.189515664307495,2.189515664307495,2.189515664307495,2.189515664307495,2.189515664307495,2.189515664307495,2.189515664307495,2.189515664307495,2.189515664307495,2.189515664307495,2.189515664307495,2.189515664307495,2.189515664307495,2.189515664307495,2.189515664307495,2.189515664307495,2.189515664307495,2.189515664307495,2.189515664307495,2.189515664307495,2.189515664307495,2.189515664307495,2.189515664307495,2.189515664307495,2.189515664307495,2.189515664307495,2.189515664307495,2.189515664307495,2.189515664307495,2.189515664307495,2.189515664307495,2.189515664307495,2.189515664307495,2.189515664307495,2.189515664307495,2.189515664307495,2.189515664307495,2.189515664307495,2.189515664307495,2.189515664307495,2.189515664307495,2.189515664307495,2.189515664307495,2.189515664307495,2.189515664307495,2.189515664307495,2.189515664307495,2.189515664307495,2.189515664307495,2.189515664307495,2.189515664307495,2.189515664307495,2.189515664307495,2.189515664307495,2.189515664307495,2.189515664307495,2.189515664307495,2.189515664307495,2.189515664307495,2.189515664307495,2.189515664307495,2.189515664307495,2.189515664307495,2.189515664307495,2.189515664307495,2.189515664307495,2.189515664307495,2.189515664307495,2.189515664307495,2.189515664307495,2.189515664307495,2.189515664307495,2.189515664307495,2.189515664307495,2.189515664307495,6.680644856019651,6.680644856019651,5.96567359172845,4.419730102557644,4.419730102557644,4.419730102557644,4.301169976957662,4.301169976957662,4.301169976957662,4.301169976957662,4.301169976957662,4.301169976957662,4.301169976957662,4.301169976957662,4.301169976957662,4.301169976957662,4.301169976957662,4.301169976957662,4.301169976957662,4.301169976957662,4.301169976957662,4.301169976957662,4.301169976957662,4.301169976957662,4.301169976957662,4.301169976957662,4.301169976957662,4.301169976957662,4.301169976957662,4.301169976957662,4.301169976957662,4.301169976957662,4.301169976957662,4.301169976957662,4.301169976957662,4.301169976957662,4.301169976957662,4.301169976957662,4.301169976957662,4.301169976957662,4.301169976957662,4.301169976957662,4.195429231227101,3.752249222023508,3.752249222023508,3.752249222023508,3.752249222023508,3.752249222023508,3.752249222023508,3.752249222023508,3.752249222023508,3.752249222023508,3.752249222023508,3.752249222023508,3.752249222023508,3.752249222023508,3.752249222023508,3.752249222023508,3.752249222023508,3.752249222023508,3.752249222023508,3.752249222023508,3.752249222023508,3.752249222023508,3.752249222023508,3.752249222023508,3.752249222023508,3.752249222023508,3.752249222023508,3.752249222023508,3.752249222023508,3.752249222023508,3.752249222023508,3.752249222023508,3.752249222023508,3.752249222023508,3.752249222023508,3.752249222023508,3.752249222023508,3.752249222023508,3.752249222023508,3.752249222023508,3.752249222023508,3.752249222023508,3.752249222023508,3.752249222023508,3.752249222023508,3.752249222023508,3.752249222023508,3.752249222023508,3.752249222023508,3.752249222023508,3.752249222023508,3.752249222023508,3.752249222023508,3.752249222023508,3.752249222023508,3.752249222023508,3.752249222023508,3.752249222023508,3.752249222023508,3.752249222023508,3.752249222023508,3.752249222023508,3.752249222023508,3.752249222023508,3.752249222023508,3.752249222023508,3.752249222023508,3.752249222023508,3.752249222023508,3.752249222023508,3.752249222023508,3.752249222023508,3.752249222023508,3.752249222023508,3.752249222023508,3.752249222023508,3.752249222023508,3.752249222023508,3.752249222023508,3.752249222023508,3.752249222023508,3.752249222023508,3.752249222023508,3.752249222023508,3.752249222023508,3.752249222023508,3.752249222023508,3.752249222023508,3.752249222023508,3.752249222023508,3.752249222023508,3.752249222023508,3.752249222023508,3.752249222023508,3.752249222023508,3.752249222023508,3.752249222023508,3.752249222023508,3.752249222023508,3.752249222023508,3.752249222023508,3.752249222023508,3.752249222023508,3.752249222023508,3.752249222023508,3.752249222023508,3.752249222023508,3.752249222023508,3.752249222023508,3.752249222023508,3.752249222023508,3.752249222023508,3.752249222023508,3.752249222023508,3.752249222023508,3.752249222023508,3.752249222023508,3.752249222023508,3.752249222023508,3.752249222023508,3.752249222023508,3.752249222023508,3.752249222023508,3.752249222023508,3.752249222023508,3.752249222023508,3.752249222023508,3.752249222023508,3.752249222023508,3.752249222023508,3.752249222023508,3.752249222023508,3.752249222023508,3.752249222023508,3.752249222023508,3.752249222023508,3.752249222023508,3.752249222023508,3.752249222023508,3.752249222023508,3.752249222023508,3.752249222023508,3.752249222023508,3.752249222023508,3.752249222023508,3.752249222023508,3.752249222023508,3.752249222023508,3.752249222023508,3.752249222023508,3.752249222023508,3.752249222023508,3.752249222023508,3.752249222023508,3.752249222023508,3.752249222023508,3.752249222023508,3.752249222023508,3.752249222023508,3.752249222023508,3.752249222023508,3.752249222023508,3.752249222023508,3.752249222023508,3.752249222023508,3.752249222023508,3.752249222023508,3.752249222023508,3.752249222023508,3.752249222023508,3.752249222023508,3.752249222023508,3.752249222023508,3.752249222023508,3.752249222023508,3.752249222023508,3.752249222023508,3.752249222023508,3.752249222023508,3.752249222023508,3.752249222023508,3.752249222023508,3.752249222023508,3.752249222023508,3.752249222023508,3.752249222023508,3.752249222023508,3.752249222023508,3.752249222023508,3.752249222023508,3.752249222023508,3.752249222023508,3.752249222023508,3.752249222023508,3.752249222023508,3.752249222023508,3.752249222023508,3.752249222023508,3.752249222023508,3.752249222023508,3.752249222023508,3.752249222023508,3.752249222023508,3.752249222023508,3.752249222023508,3.752249222023508,3.752249222023508,3.752249222023508,3.752249222023508,3.752249222023508,3.752249222023508,3.752249222023508,3.752249222023508,3.752249222023508,3.752249222023508,3.752249222023508,3.752249222023508,3.752249222023508,3.752249222023508,3.752249222023508,3.752249222023508,3.752249222023508,3.752249222023508,3.752249222023508,3.752249222023508,3.752249222023508,3.752249222023508,3.752249222023508,3.752249222023508,3.752249222023508,3.752249222023508,3.752249222023508,3.752249222023508,3.752249222023508,3.752249222023508,3.752249222023508,3.752249222023508,3.752249222023508,3.752249222023508,3.752249222023508,3.752249222023508,3.752249222023508,3.752249222023508,3.752249222023508,3.752249222023508,3.752249222023508,3.752249222023508,3.752249222023508,3.752249222023508,3.752249222023508,3.752249222023508,3.752249222023508,3.752249222023508,3.752249222023508,3.752249222023508,3.752249222023508,3.752249222023508,3.752249222023508,3.752249222023508,3.752249222023508,3.752249222023508,3.752249222023508,3.752249222023508,3.752249222023508,3.752249222023508,3.752249222023508,3.752249222023508,3.752249222023508,3.752249222023508,3.752249222023508,3.752249222023508,3.752249222023508,3.752249222023508,3.752249222023508,3.752249222023508,3.752249222023508,3.752249222023508,3.752249222023508,3.752249222023508,3.752249222023508,3.752249222023508,3.752249222023508,3.752249222023508,3.752249222023508,3.752249222023508,3.752249222023508,3.752249222023508,3.752249222023508,3.752249222023508,3.752249222023508,3.752249222023508,3.752249222023508,3.752249222023508,3.752249222023508,3.752249222023508,3.752249222023508,3.752249222023508,3.752249222023508,3.752249222023508,3.752249222023508,3.752249222023508,3.752249222023508,3.752249222023508,3.752249222023508,3.752249222023508,3.752249222023508,3.752249222023508,3.752249222023508,3.752249222023508,3.752249222023508,3.752249222023508,3.752249222023508,3.752249222023508,3.752249222023508,3.752249222023508,3.752249222023508,3.752249222023508,3.752249222023508,3.752249222023508,3.752249222023508,3.752249222023508,3.752249222023508,3.752249222023508,3.752249222023508,3.752249222023508,3.752249222023508,3.752249222023508,3.752249222023508,3.752249222023508,3.2143270495010317,3.2143270495010317,3.2143270495010317,3.2143270495010317,3.2143270495010317,3.2143270495010317,3.2143270495010317,3.2143270495010317,3.2143270495010317,3.2143270495010317,3.2143270495010317,3.2143270495010317,3.2143270495010317,3.2143270495010317,3.2143270495010317,3.2143270495010317,3.2143270495010317,3.2143270495010317,3.2143270495010317,3.2143270495010317,3.2143270495010317,3.2143270495010317,3.2143270495010317,3.2143270495010317,3.2143270495010317,3.2143270495010317,3.2143270495010317,3.2143270495010317,3.2143270495010317,3.2143270495010317,3.2143270495010317,3.2143270495010317,3.2143270495010317,3.2143270495010317,3.2143270495010317,3.2143270495010317,3.2143270495010317,3.2143270495010317,3.2143270495010317,3.2143270495010317,3.2143270495010317,3.2143270495010317,3.2143270495010317,3.2143270495010317,3.2143270495010317,3.2143270495010317,3.2143270495010317,3.2143270495010317,3.2143270495010317,3.2143270495010317,3.2143270495010317,3.2143270495010317,3.2143270495010317,3.2143270495010317,3.2143270495010317,3.2143270495010317,3.2143270495010317,3.2143270495010317,3.2143270495010317,3.2143270495010317,3.2143270495010317,3.2143270495010317,3.2143270495010317,3.2143270495010317,3.2143270495010317,3.2143270495010317,3.2143270495010317,3.2143270495010317,3.2143270495010317,3.2143270495010317,3.2143270495010317,3.2143270495010317,3.2143270495010317,3.2143270495010317,3.2143270495010317,3.2143270495010317,3.2143270495010317,3.2143270495010317,3.2143270495010317,3.2143270495010317,3.2143270495010317,3.2143270495010317,3.2143270495010317,3.2143270495010317,3.2143270495010317,3.2143270495010317,3.2143270495010317,3.2143270495010317,3.2143270495010317,3.2143270495010317,3.2143270495010317,3.2143270495010317,3.2143270495010317,3.2143270495010317,3.2143270495010317,3.2143270495010317,3.2143270495010317,3.2143270495010317,3.2143270495010317,3.2143270495010317,3.2143270495010317,3.2143270495010317,3.2143270495010317,3.2143270495010317,3.2143270495010317,3.2143270495010317,3.2143270495010317,3.2143270495010317,3.2143270495010317,3.2143270495010317,3.2143270495010317,3.2143270495010317,3.2143270495010317,3.2143270495010317,3.2143270495010317,3.2143270495010317,3.2143270495010317,3.2143270495010317,3.2143270495010317,3.2143270495010317,3.2143270495010317,3.2143270495010317,3.2143270495010317,3.2143270495010317,3.2143270495010317,3.2143270495010317,3.2143270495010317,3.2143270495010317,3.2143270495010317,3.2143270495010317,3.2143270495010317,3.2143270495010317,3.2143270495010317,3.2143270495010317,3.2143270495010317,3.2143270495010317,3.2143270495010317,3.2143270495010317,3.2143270495010317,3.2143270495010317,3.2143270495010317,3.2143270495010317,3.2143270495010317,3.2143270495010317,3.2143270495010317,3.2143270495010317,3.2143270495010317,3.2143270495010317,3.2143270495010317,1.3550460470837284,1.3550460470837284,1.3550460470837284,1.3550460470837284,1.3550460470837284,1.3550460470837284,1.3550460470837284,1.3550460470837284,1.3550460470837284,1.3550460470837284,1.3550460470837284,1.3550460470837284,1.3550460470837284,1.3550460470837284,1.3550460470837284,1.3550460470837284,1.3550460470837284,1.3550460470837284,1.3550460470837284,1.3550460470837284,1.3550460470837284,1.3550460470837284,1.3550460470837284,1.3550460470837284,1.3550460470837284,1.3550460470837284,1.3550460470837284,1.3550460470837284,1.3550460470837284,1.3550460470837284,1.3550460470837284,1.3550460470837284,1.3550460470837284,1.3550460470837284,1.3550460470837284,1.3550460470837284,1.3550460470837284,1.3550460470837284,1.3550460470837284,1.3550460470837284,1.3550460470837284,1.3550460470837284,1.3550460470837284,1.3550460470837284,1.3550460470837284,1.3550460470837284,1.3550460470837284,1.3550460470837284,1.3550460470837284,1.3550460470837284,1.3550460470837284,1.3550460470837284,1.3550460470837284,1.3550460470837284,1.3550460470837284,1.3550460470837284,1.3550460470837284,1.3550460470837284,1.3550460470837284,1.3550460470837284,1.3550460470837284,1.3550460470837284,1.3550460470837284,1.3550460470837284,1.3550460470837284,1.3550460470837284,1.3550460470837284,1.3550460470837284,1.3550460470837284,1.3550460470837284,1.3550460470837284,1.3550460470837284,1.3550460470837284,1.3550460470837284,1.3550460470837284,1.3550460470837284,1.3550460470837284,1.3550460470837284,1.3550460470837284,1.3550460470837284,1.3550460470837284,1.3550460470837284,1.3550460470837284,1.3550460470837284,1.3550460470837284,1.3550460470837284,1.3550460470837284,1.3550460470837284,1.3550460470837284,1.3550460470837284,1.3550460470837284,1.3550460470837284,1.3550460470837284,1.3550460470837284,1.3550460470837284,1.3550460470837284,1.3550460470837284,1.3550460470837284,1.3550460470837284,1.3550460470837284,1.3550460470837284,1.3550460470837284,1.3550460470837284,1.3550460470837284,1.3550460470837284,1.3550460470837284,1.3550460470837284,1.3550460470837284,1.3550460470837284,1.3550460470837284,1.3550460470837284,1.3550460470837284,1.3550460470837284,1.3550460470837284,1.3550460470837284,1.3550460470837284,1.3550460470837284,1.3550460470837284,1.3550460470837284,1.3550460470837284,1.3550460470837284,1.3550460470837284,1.3550460470837284,1.3550460470837284,1.3550460470837284,1.3550460470837284,1.3550460470837284,1.3550460470837284,1.3550460470837284,1.3550460470837284,1.3550460470837284,1.3550460470837284,1.3550460470837284,1.3550460470837284,1.3550460470837284,1.3550460470837284,1.3550460470837284,1.3550460470837284,1.3550460470837284,1.3550460470837284,1.3550460470837284,1.3550460470837284,1.3550460470837284,1.3550460470837284,1.3550460470837284,1.3550460470837284,1.3550460470837284,1.3550460470837284,1.3550460470837284,1.3550460470837284,1.3550460470837284,1.3550460470837284,1.3550460470837284,1.3550460470837284,1.3550460470837284,1.3550460470837284,1.3550460470837284,1.3550460470837284,1.3550460470837284,1.3550460470837284,1.3550460470837284,1.3550460470837284,1.3550460470837284,1.3550460470837284,1.3550460470837284,1.3550460470837284,1.3550460470837284,1.3550460470837284,1.3550460470837284,1.3550460470837284,1.3550460470837284,1.3550460470837284,1.3550460470837284,1.3550460470837284,1.3550460470837284,1.3550460470837284,1.3550460470837284,1.3550460470837284,1.3550460470837284,1.3550460470837284,1.3550460470837284,1.3550460470837284,1.3550460470837284,1.3550460470837284,1.3550460470837284,1.3550460470837284,1.3550460470837284,1.3550460470837284,1.3550460470837284,1.3550460470837284,1.3550460470837284,1.3550460470837284,1.3550460470837284,1.3550460470837284,1.3550460470837284,1.3550460470837284,1.3550460470837284,1.3550460470837284,1.3550460470837284,1.3550460470837284,1.3550460470837284,1.3550460470837284,1.3550460470837284,1.3550460470837284,1.3550460470837284,1.3550460470837284,1.3550460470837284,1.3550460470837284,1.3550460470837284,1.3550460470837284,1.3550460470837284,1.3550460470837284,1.3550460470837284,1.3550460470837284,1.3550460470837284,1.3550460470837284,1.3550460470837284,1.3550460470837284,1.3550460470837284,1.3550460470837284,1.3550460470837284,1.3550460470837284,1.3550460470837284,1.3550460470837284,1.3550460470837284,1.3550460470837284,1.3550460470837284,1.3550460470837284,1.3550460470837284,1.3550460470837284,1.3550460470837284,1.3550460470837284,1.3550460470837284,1.3550460470837284,1.3550460470837284,1.3550460470837284,1.3550460470837284,1.3550460470837284,1.3550460470837284,1.3550460470837284,1.3550460470837284,1.3550460470837284,1.3550460470837284,1.3550460470837284,1.3550460470837284,1.3550460470837284,1.3550460470837284,1.3550460470837284,1.3550460470837284,1.3550460470837284,1.3550460470837284,1.3550460470837284,1.3550460470837284,1.3550460470837284,1.3550460470837284,1.3550460470837284,1.3550460470837284,1.3550460470837284,1.3550460470837284,1.3550460470837284,1.3550460470837284,1.3550460470837284,1.3550460470837284,1.3550460470837284,1.3550460470837284,1.3550460470837284,1.3550460470837284,1.3550460470837284,1.3550460470837284,1.3550460470837284,1.3550460470837284,1.3550460470837284,1.3550460470837284,1.3550460470837284,1.3550460470837284,1.3550460470837284,1.3550460470837284,1.3550460470837284,1.3550460470837284,1.3550460470837284,1.3550460470837284,1.3550460470837284,1.3550460470837284,1.3550460470837284,1.3550460470837284,1.3550460470837284,1.3550460470837284,1.3550460470837284,1.3550460470837284,1.3550460470837284,1.3550460470837284,1.3550460470837284,1.3550460470837284,1.3550460470837284,1.3550460470837284,1.3550460470837284,1.3550460470837284,1.3550460470837284,1.3550460470837284,1.3550460470837284,1.3550460470837284,1.3550460470837284,1.3550460470837284,1.3550460470837284,1.3550460470837284,1.3550460470837284,1.3550460470837284,1.3550460470837284,1.3550460470837284,1.3550460470837284,1.3550460470837284,1.3550460470837284,1.3550460470837284,1.3550460470837284,1.3550460470837284,1.3550460470837284,1.3550460470837284,1.3550460470837284,1.3550460470837284,1.3550460470837284,1.3550460470837284,1.3550460470837284,1.3550460470837284,1.3550460470837284,1.3550460470837284,1.3550460470837284,1.3550460470837284,1.3550460470837284,1.3550460470837284,1.3550460470837284,1.3550460470837284,1.3550460470837284,1.3550460470837284,1.3550460470837284,1.3550460470837284,1.3550460470837284,1.3550460470837284,1.3550460470837284,1.3550460470837284,1.3550460470837284,1.3550460470837284,1.3550460470837284,1.3550460470837284,1.3550460470837284,1.3550460470837284,1.3550460470837284,1.3550460470837284,1.3550460470837284,1.3550460470837284,1.3550460470837284,1.3550460470837284,1.3550460470837284,1.3550460470837284,1.3550460470837284,1.3550460470837284,1.3550460470837284,1.3550460470837284,1.3550460470837284,1.3550460470837284,1.3550460470837284,1.3550460470837284,1.3550460470837284,1.3550460470837284,1.3550460470837284,1.3550460470837284,1.3550460470837284,1.3550460470837284,1.3550460470837284,1.3550460470837284,1.3550460470837284,1.3550460470837284,1.3550460470837284,1.3550460470837284,1.3550460470837284,1.3550460470837284,1.3550460470837284,1.3550460470837284,1.3550460470837284,1.3550460470837284,1.3550460470837284,1.3550460470837284,1.3550460470837284,1.3550460470837284,1.3550460470837284,1.3550460470837284,1.3550460470837284,1.3550460470837284,1.3550460470837284,1.3550460470837284,1.3550460470837284,1.3550460470837284,1.3550460470837284,1.3550460470837284,1.3550460470837284,1.3550460470837284,1.3550460470837284,1.3550460470837284,1.3550460470837284,1.3550460470837284,1.3550460470837284,1.3550460470837284,1.3550460470837284,1.3550460470837284,1.3550460470837284,1.3550460470837284,1.3550460470837284,1.3550460470837284,1.3550460470837284,1.3550460470837284,1.3550460470837284,1.3550460470837284,1.3550460470837284,1.3550460470837284,1.3550460470837284,1.3550460470837284,1.3550460470837284,1.3550460470837284,1.3550460470837284,1.3550460470837284,1.3550460470837284,1.3550460470837284,1.3550460470837284,1.3550460470837284,1.3550460470837284,1.3550460470837284,1.3550460470837284,1.3550460470837284,1.3550460470837284,1.3550460470837284,1.3550460470837284,1.3550460470837284,1.3550460470837284,1.3550460470837284,1.3550460470837284,1.3550460470837284,1.3550460470837284,1.3550460470837284,1.3550460470837284,1.3550460470837284,1.3550460470837284,1.3550460470837284,1.3550460470837284,1.3550460470837284,1.3550460470837284,1.3550460470837284,1.3550460470837284,1.3550460470837284,1.3550460470837284,1.3550460470837284,1.3550460470837284,1.3550460470837284,1.3550460470837284,1.3550460470837284,1.3550460470837284,1.3550460470837284,1.3550460470837284,1.3550460470837284,1.3550460470837284,1.3550460470837284,1.3550460470837284,1.3550460470837284,1.3550460470837284,1.3550460470837284,1.3550460470837284,1.3550460470837284,1.3550460470837284,1.3550460470837284,1.3550460470837284,1.3550460470837284,1.3550460470837284,1.3550460470837284,1.3550460470837284,1.3550460470837284,1.3550460470837284,1.3550460470837284,1.3550460470837284,1.3550460470837284,1.3550460470837284,1.3550460470837284,1.3550460470837284,9.028540475035541,7.28601934835709,7.28601934835709,7.28601934835709,7.28601934835709,7.268592592764691,7.268592592764691,7.268592592764691,7.268592592764691,7.268592592764691,7.268592592764691,7.268592592764691,7.268592592764691,7.2065734616083725,7.2065734616083725,7.2065734616083725,7.2065734616083725,7.2065734616083725,7.2065734616083725,7.2065734616083725,7.2065734616083725,7.2065734616083725,7.2065734616083725,7.2065734616083725,7.2065734616083725,7.2065734616083725,7.2065734616083725,7.2065734616083725,7.2065734616083725,7.2065734616083725,7.2065734616083725,7.2065734616083725,7.2065734616083725,7.2065734616083725,7.2065734616083725,7.2065734616083725,7.2065734616083725,7.2065734616083725,7.2065734616083725,7.2065734616083725,7.2065734616083725,6.9638344738703415,6.9638344738703415,6.9638344738703415,6.9638344738703415,6.9638344738703415,6.9638344738703415,6.570548584001431,6.570548584001431,6.570548584001431,6.570548584001431,6.570548584001431,6.570548584001431,6.570548584001431,6.570548584001431,6.570548584001431,6.552707856956694,6.552707856956694,6.552707856956694,6.552707856956694,6.552707856956694,6.552707856956694,6.552707856956694,6.552707856956694,6.552707856956694,6.552707856956694,6.552707856956694,6.552707856956694,6.552707856956694,6.552707856956694,6.552707856956694,6.552707856956694,6.552707856956694,6.552707856956694,6.552707856956694,6.552707856956694,6.552707856956694,6.552707856956694,6.552707856956694,6.552707856956694,6.552707856956694,6.552707856956694,6.552707856956694,6.552707856956694,6.552707856956694,6.552707856956694,6.552707856956694,6.552707856956694,6.552707856956694,6.552707856956694,6.552707856956694,6.552707856956694,6.552707856956694,6.552707856956694,6.552707856956694,6.552707856956694,6.552707856956694,6.552707856956694,6.552707856956694,6.552707856956694,6.552707856956694,6.552707856956694,6.552707856956694,6.552707856956694,6.552707856956694,6.552707856956694,6.552707856956694,6.552707856956694,6.552707856956694,6.552707856956694,6.552707856956694,6.552707856956694,6.13048249321949,5.779022166128738,5.779022166128738,5.779022166128738,5.779022166128738,5.779022166128738,5.779022166128738,5.779022166128738,5.779022166128738,5.779022166128738,5.779022166128738,5.779022166128738,5.779022166128738,5.779022166128738,5.779022166128738,5.779022166128738,5.779022166128738,5.779022166128738,5.779022166128738,5.779022166128738,5.779022166128738,5.779022166128738,5.779022166128738,5.779022166128738,5.779022166128738,5.779022166128738,5.779022166128738,5.779022166128738,5.779022166128738,5.779022166128738,5.779022166128738,5.779022166128738,5.779022166128738,5.779022166128738,5.779022166128738,5.779022166128738,5.779022166128738,5.779022166128738,5.779022166128738,5.779022166128738,5.779022166128738,5.779022166128738,5.779022166128738,5.779022166128738,5.779022166128738,5.779022166128738,5.779022166128738,5.779022166128738,5.779022166128738,5.779022166128738,5.779022166128738,5.779022166128738,5.779022166128738,5.779022166128738,5.779022166128738,5.779022166128738,5.779022166128738,5.779022166128738,5.779022166128738,5.779022166128738,5.779022166128738,5.779022166128738,5.779022166128738,5.779022166128738,5.779022166128738,5.779022166128738,5.779022166128738,5.779022166128738,5.779022166128738,5.779022166128738,5.779022166128738,5.779022166128738,5.779022166128738,5.779022166128738,5.779022166128738,5.779022166128738,5.779022166128738,5.779022166128738,5.779022166128738,5.779022166128738,5.779022166128738,5.779022166128738,5.779022166128738,5.779022166128738,5.779022166128738,5.779022166128738,5.779022166128738,5.779022166128738,5.779022166128738,5.779022166128738,5.779022166128738,5.779022166128738,5.779022166128738,5.779022166128738,5.779022166128738,5.779022166128738,5.779022166128738,5.779022166128738,5.779022166128738,5.779022166128738,5.779022166128738,5.779022166128738,5.779022166128738,5.779022166128738,5.779022166128738,5.779022166128738,5.779022166128738,5.779022166128738,5.779022166128738,5.779022166128738,5.779022166128738,5.779022166128738,5.779022166128738,5.779022166128738,5.779022166128738,5.779022166128738,5.779022166128738,5.779022166128738,5.779022166128738,5.779022166128738,5.779022166128738,5.779022166128738,5.779022166128738,5.779022166128738,5.779022166128738,5.779022166128738,5.779022166128738,5.779022166128738,5.779022166128738,5.779022166128738,5.779022166128738,5.779022166128738,5.779022166128738,5.779022166128738,5.779022166128738,5.779022166128738,5.779022166128738,5.779022166128738,5.779022166128738,5.779022166128738,5.779022166128738,5.779022166128738,5.779022166128738,5.779022166128738,5.779022166128738,5.779022166128738,5.779022166128738,5.779022166128738,5.779022166128738,5.779022166128738,5.779022166128738,5.779022166128738,5.779022166128738,5.779022166128738,5.779022166128738,5.779022166128738,5.779022166128738,5.779022166128738,5.779022166128738,5.779022166128738,5.779022166128738,5.779022166128738,5.779022166128738,5.779022166128738,5.779022166128738,5.779022166128738,5.779022166128738,5.779022166128738,5.779022166128738,5.779022166128738,5.779022166128738,5.779022166128738,5.779022166128738,5.779022166128738,5.779022166128738,5.779022166128738,5.779022166128738,5.779022166128738,5.779022166128738,5.779022166128738,5.779022166128738,5.779022166128738,5.779022166128738,5.779022166128738,5.779022166128738,5.779022166128738,5.779022166128738,5.779022166128738,5.779022166128738,5.779022166128738,5.779022166128738,5.779022166128738,5.779022166128738,5.779022166128738,5.779022166128738,5.779022166128738,5.779022166128738,5.779022166128738,5.779022166128738,5.779022166128738,5.779022166128738,5.779022166128738,5.779022166128738,5.779022166128738,5.779022166128738,5.779022166128738,5.779022166128738,5.779022166128738,5.779022166128738,5.779022166128738,5.779022166128738,5.779022166128738,5.779022166128738,5.779022166128738,5.779022166128738,5.779022166128738,5.779022166128738,5.779022166128738,5.779022166128738,5.779022166128738,5.779022166128738,5.779022166128738,5.779022166128738,5.779022166128738,5.779022166128738,5.779022166128738,5.779022166128738,5.779022166128738,5.779022166128738,5.779022166128738,5.779022166128738,5.779022166128738,5.779022166128738,5.779022166128738,5.779022166128738,5.779022166128738,5.779022166128738,5.779022166128738,5.779022166128738,5.779022166128738,5.779022166128738,5.779022166128738,5.779022166128738,5.779022166128738,5.779022166128738,5.779022166128738,5.779022166128738,5.779022166128738,5.779022166128738,5.779022166128738,5.779022166128738,5.779022166128738,5.779022166128738,5.779022166128738,5.779022166128738,5.779022166128738,5.779022166128738,5.779022166128738,5.779022166128738,5.779022166128738,5.779022166128738,5.779022166128738,5.779022166128738,5.779022166128738,5.779022166128738,5.779022166128738,5.779022166128738,5.779022166128738,5.779022166128738,5.779022166128738,5.779022166128738,5.779022166128738,5.779022166128738,5.779022166128738,5.779022166128738,5.779022166128738,5.779022166128738,5.779022166128738,5.779022166128738,5.779022166128738,5.779022166128738,5.779022166128738,5.779022166128738,5.779022166128738,5.779022166128738,5.779022166128738,5.752046543243875,5.752046543243875,5.752046543243875,5.752046543243875,5.752046543243875,5.752046543243875,5.752046543243875,5.752046543243875,5.752046543243875,5.752046543243875,5.752046543243875,5.752046543243875,5.752046543243875,5.752046543243875,5.752046543243875,5.752046543243875,5.752046543243875,5.752046543243875,5.752046543243875,5.752046543243875,5.752046543243875,5.752046543243875,5.752046543243875,5.752046543243875,5.752046543243875,5.752046543243875,5.752046543243875,5.752046543243875,5.752046543243875,5.752046543243875,5.752046543243875,5.752046543243875,5.752046543243875,5.752046543243875,5.752046543243875,5.752046543243875,5.752046543243875,5.752046543243875,5.752046543243875,5.752046543243875,5.752046543243875,5.752046543243875,5.752046543243875,5.752046543243875,5.752046543243875,5.752046543243875,5.752046543243875,5.752046543243875,5.752046543243875,5.752046543243875,5.752046543243875,5.752046543243875,5.752046543243875,5.752046543243875,5.752046543243875,5.752046543243875,5.752046543243875,5.752046543243875,5.752046543243875,5.752046543243875,5.752046543243875,5.752046543243875,5.752046543243875,5.752046543243875,5.752046543243875,5.752046543243875,5.752046543243875,5.752046543243875,5.752046543243875,5.752046543243875,5.752046543243875,5.752046543243875,5.752046543243875,5.752046543243875,5.752046543243875,5.752046543243875,5.752046543243875,5.44659642393068,5.44659642393068,5.44659642393068,5.44659642393068,5.44659642393068,5.44659642393068,5.44659642393068,5.44659642393068,5.44659642393068,5.44659642393068,5.44659642393068,5.44659642393068,5.44659642393068,5.44659642393068,5.44659642393068,5.44659642393068,5.44659642393068,5.44659642393068,5.44659642393068,5.44659642393068,5.44659642393068,5.44659642393068,5.44659642393068,5.44659642393068,5.44659642393068,5.44659642393068,5.44659642393068,5.44659642393068,5.44659642393068,5.44659642393068,5.44659642393068,5.44659642393068,5.44659642393068,5.44659642393068,5.44659642393068,5.44659642393068,5.44659642393068,5.44659642393068,5.44659642393068,5.44659642393068,5.44659642393068,5.44659642393068,5.44659642393068,5.44659642393068,5.44659642393068,5.44659642393068,5.44659642393068,5.44659642393068,5.44659642393068,5.44659642393068,5.44659642393068,5.44659642393068,5.44659642393068,5.44659642393068,5.44659642393068,5.44659642393068,5.44659642393068,5.44659642393068,5.44659642393068,5.44659642393068,5.44659642393068,5.44659642393068,5.44659642393068,5.44659642393068,5.44659642393068,5.44659642393068,5.44659642393068,5.44659642393068,5.44659642393068,5.44659642393068,5.44659642393068,5.44659642393068,5.44659642393068,5.44659642393068,5.44659642393068,5.3434039654498315,5.336264631454196,5.336264631454196,5.336264631454196,5.336264631454196,5.336264631454196,5.336264631454196,5.336264631454196,5.336264631454196,5.336264631454196,5.336264631454196,5.336264631454196,5.336264631454196,5.336264631454196,5.336264631454196,5.336264631454196,5.336264631454196,5.336264631454196,5.336264631454196,5.336264631454196,5.336264631454196,5.336264631454196,5.336264631454196,5.336264631454196,5.336264631454196,5.336264631454196,5.336264631454196,5.336264631454196,5.336264631454196,5.336264631454196,5.336264631454196,5.336264631454196,5.336264631454196,5.336264631454196,5.336264631454196,5.336264631454196,5.336264631454196,5.336264631454196,5.336264631454196,5.336264631454196,5.336264631454196,5.336264631454196,5.336264631454196,5.336264631454196,5.336264631454196,5.336264631454196,5.336264631454196,5.336264631454196,5.336264631454196,5.336264631454196,5.336264631454196,5.336264631454196,5.336264631454196,5.336264631454196,5.336264631454196,5.336264631454196,5.336264631454196,5.336264631454196,5.336264631454196,5.336264631454196,5.336264631454196,5.336264631454196,5.336264631454196,5.336264631454196,5.336264631454196,5.336264631454196,5.336264631454196,5.336264631454196,5.336264631454196,5.336264631454196,5.336264631454196,5.336264631454196,5.336264631454196,5.336264631454196,5.336264631454196,5.336264631454196,5.336264631454196,5.336264631454196,5.336264631454196,5.336264631454196,5.336264631454196,5.336264631454196,5.336264631454196,5.336264631454196,5.336264631454196,5.336264631454196,5.336264631454196,5.336264631454196,5.336264631454196,5.336264631454196,5.336264631454196,5.336264631454196,5.336264631454196,5.336264631454196,5.336264631454196,5.336264631454196,5.336264631454196,5.336264631454196,5.336264631454196,5.336264631454196,5.336264631454196,5.336264631454196,5.336264631454196,5.336264631454196,5.336264631454196,5.336264631454196,5.336264631454196,5.336264631454196,5.336264631454196,5.336264631454196,5.336264631454196,5.336264631454196,5.336264631454196,5.336264631454196,5.336264631454196,5.336264631454196,5.336264631454196,5.336264631454196,5.336264631454196,5.336264631454196,5.336264631454196,5.336264631454196,5.336264631454196,5.336264631454196,5.336264631454196,5.336264631454196,5.336264631454196,5.336264631454196,5.336264631454196,5.336264631454196,5.336264631454196,5.336264631454196,5.336264631454196,5.336264631454196,5.336264631454196,5.336264631454196,5.336264631454196,5.336264631454196,5.336264631454196,5.336264631454196,5.336264631454196,5.336264631454196,5.336264631454196,5.336264631454196,5.336264631454196,5.336264631454196,5.336264631454196,5.336264631454196,5.336264631454196,5.336264631454196,5.336264631454196,5.336264631454196,5.336264631454196,5.336264631454196,5.336264631454196,5.336264631454196,5.336264631454196,5.336264631454196,5.336264631454196,5.336264631454196,5.336264631454196,5.336264631454196,5.336264631454196,5.336264631454196,5.336264631454196,5.336264631454196,5.336264631454196,5.336264631454196,5.336264631454196,5.336264631454196,5.336264631454196,5.336264631454196,5.336264631454196,5.336264631454196,5.336264631454196,5.336264631454196,5.336264631454196,5.336264631454196,5.336264631454196,5.336264631454196,5.336264631454196,5.336264631454196,5.336264631454196,5.336264631454196,5.336264631454196,5.336264631454196,5.336264631454196,5.336264631454196,5.336264631454196,5.336264631454196,5.336264631454196,5.336264631454196,5.336264631454196,5.336264631454196,5.336264631454196,5.336264631454196,5.336264631454196,5.336264631454196,5.336264631454196,5.336264631454196,5.336264631454196,5.336264631454196,5.336264631454196,5.336264631454196,5.336264631454196,5.336264631454196,5.336264631454196,5.336264631454196,5.336264631454196,5.336264631454196,5.336264631454196,5.336264631454196,5.336264631454196,5.336264631454196,5.336264631454196,5.336264631454196,5.336264631454196,5.336264631454196,5.336264631454196,5.336264631454196,5.336264631454196,5.336264631454196,5.336264631454196,5.336264631454196,5.336264631454196,5.336264631454196,5.336264631454196,5.336264631454196,5.336264631454196,5.336264631454196,5.336264631454196,5.336264631454196,5.336264631454196,5.336264631454196,5.336264631454196,5.336264631454196,5.336264631454196,5.336264631454196,5.336264631454196,5.336264631454196,5.336264631454196,5.336264631454196,5.336264631454196,5.336264631454196,5.336264631454196,5.336264631454196,5.336264631454196,5.336264631454196,5.336264631454196,5.336264631454196,5.336264631454196,5.336264631454196,5.336264631454196,5.336264631454196,5.336264631454196,5.336264631454196,5.336264631454196,5.336264631454196,5.336264631454196,5.336264631454196,5.336264631454196,5.336264631454196,5.336264631454196,5.336264631454196,5.336264631454196,5.336264631454196,5.336264631454196,5.336264631454196,5.336264631454196,5.336264631454196,5.336264631454196,5.336264631454196,5.336264631454196,5.336264631454196,5.336264631454196,5.336264631454196,5.336264631454196,5.336264631454196,5.336264631454196,5.336264631454196,5.336264631454196,5.336264631454196,5.336264631454196,5.336264631454196,5.336264631454196,5.336264631454196,5.336264631454196,5.336264631454196,5.336264631454196,5.336264631454196,5.336264631454196,5.336264631454196,5.336264631454196,5.336264631454196,5.336264631454196,5.336264631454196,5.336264631454196,5.336264631454196,5.336264631454196,5.336264631454196,5.336264631454196,5.336264631454196,5.336264631454196,5.336264631454196,5.336264631454196,5.336264631454196,5.336264631454196,5.336264631454196,5.336264631454196,5.336264631454196,5.336264631454196,5.336264631454196,5.336264631454196,5.336264631454196,5.336264631454196,5.336264631454196,5.336264631454196,5.336264631454196,5.336264631454196,5.336264631454196,5.336264631454196,5.336264631454196,5.336264631454196,5.336264631454196,5.336264631454196,5.336264631454196,5.336264631454196,5.336264631454196,5.336264631454196,5.336264631454196,5.336264631454196,5.336264631454196,5.336264631454196,5.336264631454196,5.336264631454196,5.336264631454196,5.336264631454196,5.336264631454196,5.336264631454196,5.336264631454196,5.336264631454196,5.336264631454196,5.336264631454196,5.336264631454196,5.336264631454196,5.336264631454196,5.336264631454196,5.336264631454196,5.336264631454196,5.336264631454196,5.336264631454196,5.336264631454196,5.336264631454196,5.336264631454196,5.336264631454196,5.336264631454196,5.336264631454196,5.336264631454196,5.336264631454196,5.336264631454196,5.336264631454196,5.336264631454196,5.336264631454196,5.336264631454196,5.336264631454196,5.336264631454196,5.336264631454196,5.336264631454196,5.336264631454196,5.336264631454196,5.336264631454196,5.336264631454196,5.336264631454196,5.336264631454196,5.336264631454196,5.336264631454196,5.336264631454196,5.336264631454196,5.336264631454196,5.336264631454196,5.336264631454196,5.336264631454196,5.336264631454196,5.336264631454196,5.336264631454196,5.336264631454196,5.336264631454196,5.336264631454196,5.336264631454196,5.336264631454196,5.336264631454196,5.336264631454196,5.336264631454196,5.336264631454196,5.336264631454196,5.336264631454196,5.336264631454196,5.336264631454196,5.336264631454196,5.336264631454196,5.336264631454196,5.336264631454196,5.336264631454196,5.336264631454196,5.336264631454196,5.336264631454196,5.336264631454196,5.336264631454196,5.336264631454196,5.336264631454196,5.336264631454196,5.336264631454196,5.336264631454196,5.336264631454196,5.336264631454196,5.336264631454196,5.336264631454196,5.336264631454196,5.336264631454196,5.336264631454196,5.336264631454196,5.336264631454196,5.336264631454196,5.336264631454196,5.336264631454196,5.336264631454196,5.336264631454196,5.336264631454196,5.336264631454196,5.336264631454196,5.336264631454196,5.336264631454196,5.336264631454196,5.336264631454196,5.336264631454196,5.336264631454196,5.336264631454196,5.336264631454196,5.336264631454196,5.336264631454196,5.336264631454196,5.336264631454196,5.336264631454196,5.336264631454196,5.336264631454196,5.336264631454196,5.336264631454196,5.336264631454196,5.336264631454196,5.336264631454196,10.659922782354563,9.771908035621047,8.209188606987086,8.209188606987086,8.209188606987086,8.209188606987086,8.209188606987086,8.079229585891973,8.079229585891973,8.074215815771865,7.604162444921031,7.604162444921031,7.604162444921031,7.604162444921031,7.604162444921031,7.604162444921031,7.604162444921031,7.604162444921031,7.604162444921031,7.604162444921031,7.604162444921031,7.604162444921031,7.604162444921031,7.604162444921031,7.604162444921031,7.604162444921031,7.604162444921031,7.604162444921031,7.604162444921031,7.604162444921031,7.604162444921031,7.604162444921031,7.604162444921031,7.604162444921031,7.604162444921031,7.604162444921031,7.604162444921031,7.604162444921031,7.604162444921031,7.604162444921031,7.604162444921031,7.604162444921031,7.604162444921031,7.604162444921031,7.604162444921031,7.604162444921031,7.604162444921031,6.638665009912486,6.638665009912486,6.638665009912486,6.33879643104121,5.960669678066423,5.960669678066423,5.841319443342789,5.841319443342789,5.841319443342789,5.400550689412904,5.400550689412904,5.400550689412904,5.400550689412904,5.400550689412904,5.400550689412904,5.400550689412904,5.400550689412904,5.400550689412904,5.400550689412904,5.400550689412904,5.400550689412904,5.2614809245855065,5.2614809245855065,5.2614809245855065,5.2614809245855065,5.2614809245855065,5.2614809245855065,5.2614809245855065,5.2614809245855065,5.2614809245855065,5.2614809245855065,5.2614809245855065,5.2614809245855065,5.2614809245855065,5.2614809245855065,5.2614809245855065,5.2614809245855065,5.2614809245855065,5.2614809245855065,5.2614809245855065,5.2614809245855065,5.2614809245855065,5.2614809245855065,5.2614809245855065,5.2614809245855065,5.2614809245855065,5.2614809245855065,5.2614809245855065,5.2614809245855065,5.2614809245855065,5.2614809245855065,5.2614809245855065,5.2614809245855065,5.2614809245855065,5.2614809245855065,5.2614809245855065,5.2614809245855065,5.2614809245855065,5.2614809245855065,5.2614809245855065,5.2614809245855065,5.2614809245855065,5.2614809245855065,5.2614809245855065,5.2614809245855065,5.2614809245855065,5.2614809245855065,5.2614809245855065,5.2614809245855065,5.2614809245855065,5.2614809245855065,5.2614809245855065,5.2614809245855065,5.2614809245855065,5.2614809245855065,5.2614809245855065,5.2614809245855065,5.2614809245855065,5.2614809245855065,5.2614809245855065,5.2614809245855065,5.2614809245855065,5.2614809245855065,5.2614809245855065,5.2614809245855065,5.2614809245855065,5.2614809245855065,5.2614809245855065,5.2614809245855065,5.2614809245855065,5.2614809245855065,5.2614809245855065,5.2614809245855065,5.2614809245855065,5.2614809245855065,5.2614809245855065,5.2614809245855065,5.2614809245855065,5.2614809245855065,5.2614809245855065,5.2614809245855065,5.2614809245855065,5.2614809245855065,5.2614809245855065,5.2614809245855065,5.2614809245855065,5.2614809245855065,5.2614809245855065,5.2614809245855065,5.2614809245855065,5.2614809245855065,5.2614809245855065,5.2614809245855065,5.2614809245855065,5.2614809245855065,5.2614809245855065,5.2614809245855065,5.2614809245855065,5.2614809245855065,5.2614809245855065,5.2614809245855065,5.2614809245855065,5.2614809245855065,5.2614809245855065,5.2614809245855065,5.2614809245855065,5.2614809245855065,5.2614809245855065,5.2614809245855065,5.2614809245855065,5.2614809245855065,5.2614809245855065,5.2614809245855065,5.2614809245855065,5.2614809245855065,5.2614809245855065,5.2614809245855065,5.2614809245855065,5.2614809245855065,5.2614809245855065,5.2614809245855065,5.2614809245855065,5.2614809245855065,5.2614809245855065,5.2614809245855065,5.2614809245855065,5.2614809245855065,5.2614809245855065,5.172737000664181,4.84981862865839,4.84981862865839,4.84981862865839,4.535638170342872,4.535638170342872,4.535638170342872,4.535638170342872,4.535638170342872,4.535638170342872,4.535638170342872,4.535638170342872,4.535638170342872,4.535638170342872,4.535638170342872,4.535638170342872,4.535638170342872,4.535638170342872,4.535638170342872,4.535638170342872,4.535638170342872,4.535638170342872,4.535638170342872,4.535638170342872,4.535638170342872,4.535638170342872,4.535638170342872,4.535638170342872,4.535638170342872,4.535638170342872,4.535638170342872,4.535638170342872,4.535638170342872,4.535638170342872,4.535638170342872,4.535638170342872,4.535638170342872,4.535638170342872,4.535638170342872,4.535638170342872,4.535638170342872,4.535638170342872,4.535638170342872,4.535638170342872,4.535638170342872,4.535638170342872,4.535638170342872,4.535638170342872,4.535638170342872,4.535638170342872,4.535638170342872,4.535638170342872,4.535638170342872,4.535638170342872,4.535638170342872,4.535638170342872,4.535638170342872,4.535638170342872,4.535638170342872,4.535638170342872,4.535638170342872,4.535638170342872,4.535638170342872,4.535638170342872,4.535638170342872,4.535638170342872,4.535638170342872,4.535638170342872,4.535638170342872,4.535638170342872,4.535638170342872,4.535638170342872,4.535638170342872,4.535638170342872,4.535638170342872,4.535638170342872,4.535638170342872,4.535638170342872,4.535638170342872,4.535638170342872,4.535638170342872,4.535638170342872,4.535638170342872,4.535638170342872,4.535638170342872,4.535638170342872,4.535638170342872,4.535638170342872,4.535638170342872,4.535638170342872,4.535638170342872,4.535638170342872,4.535638170342872,4.535638170342872,4.535638170342872,4.535638170342872,4.535638170342872,4.535638170342872,4.535638170342872,4.535638170342872,4.535638170342872,4.535638170342872,4.535638170342872,4.535638170342872,4.535638170342872,4.535638170342872,4.535638170342872,4.535638170342872,4.535638170342872,4.535638170342872,4.535638170342872,4.535638170342872,4.535638170342872,4.535638170342872,4.535638170342872,4.535638170342872,4.535638170342872,4.535638170342872,4.535638170342872,4.535638170342872,4.535638170342872,4.535638170342872,4.535638170342872,4.535638170342872,4.535638170342872,4.535638170342872,4.535638170342872,4.535638170342872,4.535638170342872,4.535638170342872,4.535638170342872,4.535638170342872,4.535638170342872,4.535638170342872,4.535638170342872,4.535638170342872,4.535638170342872,4.535638170342872,4.535638170342872,4.535638170342872,4.535638170342872,4.535638170342872,4.535638170342872,4.535638170342872,4.535638170342872,4.535638170342872,4.535638170342872,4.535638170342872,4.535638170342872,4.535638170342872,4.535638170342872,4.535638170342872,4.535638170342872,4.535638170342872,4.535638170342872,4.535638170342872,4.535638170342872,4.535638170342872,4.535638170342872,4.535638170342872,4.535638170342872,4.535638170342872,4.535638170342872,4.535638170342872,4.535638170342872,4.535638170342872,4.535638170342872,4.535638170342872,4.535638170342872,4.535638170342872,4.535638170342872,4.535638170342872,4.535638170342872,4.535638170342872,4.535638170342872,4.535638170342872,4.535638170342872,4.535638170342872,4.535638170342872,4.535638170342872,4.535638170342872,4.535638170342872,4.535638170342872,4.535638170342872,4.535638170342872,4.535638170342872,4.535638170342872,4.535638170342872,4.535638170342872,4.535638170342872,4.535638170342872,4.535638170342872,4.535638170342872,4.535638170342872,4.535638170342872,4.535638170342872,4.535638170342872,4.535638170342872,4.535638170342872,4.535638170342872,4.535638170342872,4.535638170342872,4.535638170342872,4.535638170342872,4.535638170342872,4.535638170342872,4.535638170342872,4.535638170342872,4.535638170342872,4.535638170342872,4.535638170342872,4.535638170342872,4.535638170342872,4.535638170342872,4.535638170342872,4.535638170342872,4.535638170342872,4.535638170342872,4.535638170342872,4.535638170342872,4.535638170342872,4.535638170342872,4.535638170342872,4.535638170342872,4.535638170342872,4.535638170342872,4.535638170342872,4.535638170342872,4.535638170342872,4.535638170342872,4.535638170342872,4.535638170342872,4.535638170342872,4.535638170342872,4.535638170342872,4.535638170342872,4.535638170342872,4.535638170342872,4.535638170342872,4.535638170342872,4.535638170342872,4.535638170342872,4.535638170342872,4.535638170342872,4.535638170342872,4.535638170342872,4.535638170342872,4.535638170342872,4.535638170342872,4.535638170342872,4.535638170342872,4.535638170342872,4.535638170342872,4.535638170342872,4.535638170342872,4.535638170342872,4.535638170342872,4.535638170342872,4.535638170342872,4.535638170342872,4.535638170342872,4.535638170342872,4.535638170342872,4.535638170342872,4.535638170342872,4.535638170342872,4.535638170342872,4.535638170342872,4.535638170342872,4.535638170342872,4.535638170342872,4.535638170342872,4.535638170342872,4.535638170342872,4.535638170342872,4.535638170342872,4.535638170342872,4.535638170342872,4.535638170342872,4.535638170342872,4.535638170342872,4.535638170342872,4.535638170342872,4.535638170342872,4.535638170342872,4.535638170342872,4.535638170342872,4.535638170342872,4.535638170342872,4.535638170342872,4.535638170342872,4.535638170342872,4.535638170342872,4.535638170342872,4.535638170342872,4.535638170342872,4.535638170342872,4.535638170342872,4.535638170342872,4.535638170342872,4.535638170342872,4.535638170342872,4.535638170342872,4.535638170342872,4.535638170342872,4.535638170342872,4.535638170342872,4.535638170342872,4.535638170342872,4.535638170342872,4.535638170342872,4.535638170342872,4.535638170342872,4.535638170342872,4.535638170342872,4.535638170342872,4.535638170342872,4.535638170342872,4.535638170342872,4.535638170342872,4.535638170342872,4.535638170342872,4.535638170342872,4.535638170342872,4.535638170342872,4.535638170342872,4.535638170342872,4.535638170342872,4.535638170342872,4.535638170342872,4.535638170342872,4.535638170342872,4.535638170342872,4.535638170342872,4.535638170342872,4.535638170342872,4.535638170342872,4.535638170342872,4.535638170342872,4.535638170342872,4.535638170342872,4.535638170342872,4.535638170342872,4.535638170342872,4.535638170342872,4.535638170342872,4.535638170342872,4.535638170342872,4.535638170342872,4.535638170342872,4.535638170342872,4.535638170342872,4.535638170342872,4.535638170342872,4.535638170342872,4.535638170342872,4.535638170342872,4.535638170342872,4.535638170342872,4.535638170342872,4.535638170342872,4.535638170342872,4.535638170342872,4.535638170342872,4.535638170342872,4.535638170342872,4.535638170342872,4.535638170342872,4.535638170342872,4.535638170342872,4.535638170342872,4.535638170342872,4.535638170342872,4.535638170342872,4.535638170342872,4.535638170342872,4.535638170342872,4.535638170342872,4.535638170342872,4.535638170342872,4.535638170342872,4.535638170342872,4.535638170342872,4.535638170342872,4.535638170342872,4.535638170342872,4.535638170342872,4.535638170342872,4.535638170342872,4.535638170342872,4.535638170342872,4.535638170342872,4.535638170342872,4.535638170342872,4.535638170342872,4.535638170342872,4.535638170342872,4.535638170342872,4.535638170342872,4.535638170342872,4.535638170342872,4.535638170342872,4.535638170342872,4.535638170342872,4.535638170342872,4.535638170342872,4.535638170342872,4.535638170342872,4.535638170342872,4.535638170342872,4.535638170342872,4.535638170342872,4.535638170342872,4.535638170342872,4.535638170342872,4.535638170342872,4.535638170342872,4.535638170342872,4.535638170342872,4.535638170342872,4.535638170342872,4.535638170342872,4.535638170342872,4.535638170342872,4.535638170342872,4.535638170342872,4.535638170342872,4.535638170342872,4.535638170342872,4.535638170342872,4.535638170342872,4.535638170342872,4.535638170342872,4.535638170342872,4.535638170342872,4.535638170342872,4.535638170342872,4.535638170342872,4.535638170342872,4.535638170342872,4.535638170342872,4.535638170342872,4.535638170342872,4.535638170342872,4.535638170342872,4.535638170342872,4.535638170342872,4.535638170342872,4.535638170342872,4.535638170342872,4.535638170342872,4.535638170342872,4.535638170342872,4.535638170342872,4.535638170342872,4.535638170342872,4.535638170342872,4.535638170342872,4.535638170342872,4.535638170342872,4.535638170342872,4.535638170342872,4.535638170342872,4.535638170342872,4.535638170342872,4.535638170342872,4.535638170342872,4.535638170342872,4.535638170342872,4.535638170342872,4.535638170342872,4.535638170342872,4.535638170342872,4.535638170342872,4.535638170342872,4.535638170342872,4.535638170342872,4.535638170342872,4.535638170342872,4.535638170342872,4.535638170342872,4.535638170342872,4.535638170342872,4.535638170342872,4.535638170342872,4.535638170342872,4.535638170342872,4.535638170342872,4.535638170342872,4.535638170342872,4.535638170342872,4.535638170342872,4.535638170342872,4.535638170342872,4.535638170342872,4.535638170342872,4.535638170342872,4.535638170342872,4.535638170342872,4.535638170342872,4.535638170342872,4.535638170342872,4.535638170342872,4.535638170342872,4.535638170342872,4.535638170342872,4.535638170342872,4.535638170342872,4.535638170342872,4.535638170342872,4.535638170342872,4.535638170342872,4.535638170342872,4.535638170342872,4.535638170342872,4.535638170342872,4.535638170342872,4.535638170342872,4.535638170342872,4.535638170342872,4.535638170342872,4.535638170342872,4.535638170342872,4.535638170342872,4.535638170342872,4.535638170342872,4.535638170342872,4.535638170342872,4.535638170342872,4.535638170342872,4.535638170342872,4.535638170342872,4.535638170342872,4.535638170342872,4.535638170342872,4.535638170342872,4.535638170342872,4.535638170342872,4.535638170342872,4.535638170342872,4.535638170342872,4.535638170342872,4.535638170342872,4.535638170342872,4.535638170342872,4.535638170342872,4.535638170342872,4.535638170342872,4.535638170342872,4.535638170342872,4.535638170342872,4.535638170342872,4.535638170342872,4.535638170342872,4.535638170342872,4.535638170342872,4.535638170342872,4.535638170342872,4.535638170342872,4.535638170342872,4.535638170342872,4.535638170342872,4.535638170342872,4.535638170342872,4.535638170342872,4.535638170342872,4.535638170342872,4.535638170342872,4.535638170342872,4.535638170342872,4.535638170342872,4.535638170342872,4.535638170342872,4.535638170342872,4.535638170342872,4.535638170342872,4.535638170342872,4.535638170342872,4.535638170342872,4.535638170342872,4.535638170342872,4.535638170342872,4.535638170342872,4.535638170342872,4.535638170342872,4.535638170342872,4.535638170342872,4.535638170342872,4.535638170342872,4.535638170342872,4.535638170342872,4.535638170342872,4.535638170342872,4.535638170342872,4.535638170342872,4.535638170342872,4.535638170342872,4.535638170342872,4.535638170342872,4.535638170342872,4.535638170342872,4.535638170342872,4.535638170342872,4.535638170342872,4.535638170342872,4.535638170342872,4.535638170342872,4.535638170342872,4.535638170342872,4.535638170342872,4.535638170342872,4.535638170342872,4.535638170342872,4.535638170342872,4.535638170342872,4.535638170342872,4.535638170342872,4.535638170342872,4.535638170342872,4.535638170342872,4.535638170342872,4.535638170342872,4.535638170342872,4.535638170342872,4.535638170342872,4.535638170342872,4.535638170342872,4.535638170342872,4.535638170342872,4.535638170342872,4.535638170342872,4.535638170342872,4.535638170342872,4.535638170342872,4.535638170342872,4.535638170342872,4.535638170342872,4.535638170342872,4.535638170342872,4.535638170342872,4.535638170342872,4.535638170342872,4.535638170342872,4.535638170342872,4.535638170342872,4.535638170342872,4.535638170342872,4.535638170342872,4.535638170342872,4.535638170342872,4.535638170342872,4.535638170342872,4.535638170342872,4.535638170342872,4.535638170342872,4.535638170342872,4.535638170342872,4.535638170342872,4.535638170342872,4.535638170342872,4.535638170342872,4.535638170342872,4.535638170342872,4.535638170342872,4.535638170342872,4.535638170342872,4.535638170342872,4.535638170342872,4.535638170342872,4.535638170342872,4.535638170342872,4.535638170342872,4.535638170342872,4.535638170342872,4.535638170342872,4.535638170342872,4.535638170342872,4.535638170342872,4.535638170342872,4.535638170342872,4.535638170342872,4.535638170342872,4.535638170342872,4.535638170342872,4.535638170342872,4.535638170342872,4.535638170342872,4.535638170342872,4.535638170342872,4.535638170342872,4.535638170342872,4.535638170342872,4.535638170342872,4.535638170342872,4.535638170342872,4.535638170342872,4.535638170342872,4.535638170342872,4.535638170342872,4.535638170342872,4.535638170342872,4.535638170342872,4.535638170342872,4.535638170342872,4.535638170342872,4.535638170342872,4.535638170342872,4.535638170342872,4.535638170342872,4.535638170342872,4.535638170342872,4.535638170342872,4.535638170342872,4.535638170342872,4.535638170342872,4.535638170342872,4.535638170342872,4.535638170342872,4.535638170342872,4.535638170342872,4.535638170342872,4.535638170342872,4.535638170342872,4.535638170342872,4.535638170342872,4.535638170342872,4.535638170342872,4.535638170342872,4.535638170342872,4.535638170342872,4.535638170342872,4.535638170342872,4.535638170342872,4.535638170342872,4.535638170342872,4.535638170342872,4.535638170342872,4.535638170342872,4.535638170342872,4.535638170342872,4.535638170342872,4.535638170342872,4.535638170342872,4.535638170342872,4.535638170342872,4.535638170342872,4.535638170342872,4.535638170342872,4.535638170342872,4.535638170342872,4.535638170342872,4.535638170342872,4.535638170342872,4.535638170342872,4.535638170342872,4.535638170342872,4.535638170342872,4.535638170342872,4.535638170342872,4.535638170342872,4.535638170342872,4.535638170342872,4.535638170342872,4.535638170342872,4.535638170342872,4.535638170342872,4.535638170342872,4.535638170342872,4.535638170342872,4.535638170342872,4.535638170342872,4.535638170342872,4.535638170342872,4.535638170342872,4.535638170342872,4.535638170342872,4.535638170342872,4.535638170342872,4.535638170342872,4.535638170342872,4.535638170342872,4.535638170342872,4.535638170342872,4.535638170342872,4.535638170342872,4.535638170342872,4.535638170342872,4.535638170342872,4.535638170342872,4.535638170342872,4.535638170342872,4.535638170342872,4.535638170342872,4.535638170342872,4.535638170342872,4.535638170342872,4.535638170342872,4.535638170342872,4.535638170342872,4.535638170342872,4.535638170342872,4.535638170342872,4.535638170342872,4.535638170342872,4.535638170342872,8.090354917106989,8.090354917106989,8.090354917106989,8.090354917106989,8.090354917106989,8.090354917106989,7.804452739118958,7.489545693013168,7.489545693013168,7.489545693013168,7.489545693013168,7.489545693013168,7.489545693013168,7.489545693013168,7.489545693013168,7.489545693013168,7.489545693013168,7.489545693013168,7.489545693013168,7.489545693013168,7.489545693013168,7.489545693013168,7.489545693013168,7.489545693013168,7.489545693013168,7.489545693013168,7.489545693013168,7.489545693013168,7.489545693013168,7.489545693013168,7.489545693013168,7.489545693013168,7.489545693013168,7.489545693013168,7.489545693013168,7.489545693013168,7.489545693013168,7.489545693013168,7.489545693013168,7.489545693013168,7.489545693013168,7.489545693013168,7.489545693013168,7.489545693013168,7.489545693013168,7.489545693013168,7.489545693013168,7.489545693013168,7.489545693013168,7.489545693013168,7.489545693013168,7.489545693013168,7.489545693013168,7.489545693013168,7.489545693013168,7.489545693013168,7.489545693013168,7.489545693013168,7.489545693013168,7.489545693013168,7.489545693013168,7.489545693013168,7.489545693013168,7.489545693013168,7.489545693013168,7.489545693013168,7.489545693013168,7.489545693013168,7.489545693013168,7.489545693013168,7.489545693013168,7.489545693013168,6.050669280145642,6.050669280145642,6.050669280145642,6.050669280145642,6.050669280145642,6.050669280145642,6.050669280145642,6.050669280145642,6.050669280145642,6.050669280145642,6.050669280145642,6.050669280145642,6.050669280145642,6.050669280145642,6.050669280145642,6.050669280145642,6.050669280145642,6.050669280145642,6.050669280145642,6.050669280145642,6.050669280145642,6.050669280145642,6.050669280145642,6.050669280145642,6.050669280145642,6.050669280145642,6.050669280145642,6.050669280145642,6.050669280145642,6.050669280145642,6.050669280145642,6.050669280145642,6.050669280145642,6.050669280145642,6.050669280145642,6.050669280145642,6.050669280145642,6.050669280145642,6.050669280145642,6.050669280145642,6.050669280145642,6.050669280145642,6.050669280145642,6.050669280145642,6.050669280145642,6.050669280145642,6.050669280145642,6.050669280145642,6.050669280145642,6.050669280145642,6.050669280145642,6.050669280145642,6.050669280145642,6.050669280145642,6.050669280145642,6.050669280145642,6.050669280145642,6.050669280145642,6.050669280145642,6.050669280145642,6.050669280145642,6.050669280145642,6.050669280145642,6.050669280145642,6.050669280145642,6.050669280145642,6.050669280145642,6.050669280145642,6.050669280145642,6.050669280145642,6.050669280145642,6.050669280145642,6.050669280145642,6.050669280145642,6.050669280145642,6.050669280145642,6.050669280145642,6.050669280145642,6.050669280145642,6.050669280145642,6.050669280145642,5.549909329499111,5.549909329499111,5.549909329499111,5.549909329499111,5.549909329499111,5.549909329499111,5.549909329499111,5.549909329499111,5.549909329499111,5.549909329499111,5.549909329499111,5.549909329499111,5.549909329499111,5.549909329499111,5.549909329499111,5.549909329499111,5.549909329499111,5.549909329499111,5.549909329499111,5.549909329499111,5.549909329499111,5.549909329499111,5.549909329499111,5.549909329499111,5.549909329499111,5.549909329499111,5.549909329499111,5.549909329499111,5.549909329499111,5.549909329499111,5.549909329499111,5.549909329499111,5.549909329499111,5.549909329499111,5.549909329499111,5.549909329499111,5.549909329499111,5.549909329499111,5.549909329499111,5.549909329499111,5.549909329499111,5.549909329499111,5.549909329499111,5.549909329499111,5.549909329499111,5.549909329499111,5.549909329499111,5.549909329499111,5.549909329499111,5.549909329499111,5.549909329499111,5.549909329499111,5.549909329499111,5.549909329499111,5.549909329499111,5.549909329499111,5.549909329499111,5.549909329499111,5.549909329499111,5.549909329499111,5.549909329499111,5.549909329499111,5.549909329499111,5.549909329499111,5.549909329499111,5.549909329499111,5.549909329499111,5.549909329499111,5.549909329499111,5.549909329499111,5.549909329499111,5.549909329499111,5.549909329499111,5.549909329499111,5.549909329499111,5.549909329499111,5.549909329499111,5.549909329499111,5.549909329499111,5.549909329499111,5.549909329499111,5.549909329499111,5.549909329499111,5.549909329499111,5.549909329499111,5.549909329499111,5.549909329499111,5.549909329499111,5.549909329499111,5.549909329499111,5.549909329499111,5.549909329499111,5.549909329499111,5.549909329499111,5.549909329499111,5.549909329499111,5.549909329499111,5.549909329499111,5.549909329499111,5.549909329499111,5.549909329499111,5.549909329499111,5.549909329499111,5.549909329499111,5.549909329499111,5.549909329499111,5.549909329499111,5.549909329499111,5.549909329499111,5.549909329499111,5.549909329499111,5.549909329499111,5.549909329499111,5.549909329499111,5.549909329499111,5.549909329499111,5.549909329499111,5.549909329499111,5.549909329499111,5.549909329499111,5.549909329499111,5.549909329499111,5.549909329499111,5.549909329499111,5.549909329499111,5.549909329499111,5.549909329499111,5.549909329499111,5.549909329499111,5.549909329499111,5.549909329499111,5.549909329499111,5.549909329499111,5.549909329499111,5.549909329499111,5.549909329499111,5.549909329499111,5.549909329499111,5.549909329499111,5.549909329499111,5.549909329499111,5.549909329499111,5.549909329499111,5.549909329499111,5.549909329499111,5.549909329499111,5.549909329499111,5.549909329499111,5.549909329499111,5.549909329499111,5.549909329499111,5.549909329499111,5.549909329499111,5.549909329499111,5.549909329499111,5.549909329499111,5.549909329499111,5.549909329499111,5.549909329499111,5.549909329499111,5.549909329499111,5.549909329499111,5.549909329499111,5.549909329499111,5.549909329499111,5.549909329499111,5.549909329499111,5.549909329499111,5.549909329499111,5.549909329499111,5.549909329499111,5.549909329499111,5.549909329499111,5.549909329499111,5.549909329499111,5.549909329499111,5.549909329499111,5.549909329499111,5.549909329499111,5.549909329499111,5.549909329499111,5.549909329499111,5.549909329499111,5.549909329499111,5.549909329499111,5.549909329499111,5.549909329499111,5.549909329499111,5.549909329499111,5.549909329499111,5.549909329499111,5.549909329499111,5.549909329499111,5.549909329499111,5.549909329499111,5.549909329499111,5.549909329499111,5.549909329499111,5.549909329499111,5.549909329499111,5.549909329499111,5.549909329499111,5.549909329499111,5.549909329499111,5.549909329499111,5.549909329499111,5.549909329499111,5.549909329499111,5.549909329499111,5.549909329499111,5.549909329499111,5.549909329499111,5.549909329499111,5.549909329499111,5.549909329499111,5.549909329499111,5.549909329499111,5.549909329499111,5.549909329499111,5.549909329499111,5.549909329499111,5.549909329499111,5.549909329499111,5.549909329499111,5.549909329499111,5.549909329499111,5.549909329499111,5.549909329499111,5.549909329499111,5.549909329499111,5.549909329499111,5.549909329499111,5.549909329499111,5.549909329499111,5.549909329499111,5.549909329499111,5.549909329499111,5.549909329499111,5.549909329499111,5.549909329499111,5.549909329499111,5.549909329499111,5.549909329499111,5.549909329499111,5.549909329499111,5.549909329499111,5.549909329499111,5.549909329499111,5.549909329499111,5.549909329499111,5.549909329499111,5.549909329499111,5.549909329499111,5.549909329499111,5.549909329499111,5.549909329499111,5.549909329499111,5.549909329499111,5.549909329499111,5.549909329499111,5.549909329499111,5.549909329499111,5.549909329499111,5.549909329499111,5.549909329499111,5.549909329499111,5.549909329499111,5.549909329499111,5.549909329499111,5.549909329499111,5.549909329499111,5.549909329499111,5.549909329499111,5.549909329499111,5.549909329499111,5.549909329499111,5.549909329499111,5.549909329499111,5.549909329499111,5.549909329499111,5.549909329499111,5.549909329499111,5.549909329499111,5.549909329499111,5.549909329499111,5.549909329499111,5.549909329499111,5.549909329499111,5.549909329499111,5.549909329499111,5.549909329499111,5.549909329499111,5.549909329499111,5.549909329499111,5.549909329499111,5.549909329499111,5.549909329499111,5.353618473874078,5.353618473874078,5.353618473874078,5.353618473874078,5.353618473874078,5.353618473874078,5.170115234633175,5.015473756097542,5.015473756097542,5.015473756097542,5.015473756097542,5.015473756097542,5.015473756097542,5.015473756097542,5.015473756097542,5.015473756097542,5.015473756097542,5.015473756097542,5.015473756097542,5.015473756097542,5.015473756097542,5.015473756097542,5.015473756097542,5.015473756097542,5.015473756097542,5.015473756097542,5.015473756097542,5.015473756097542,5.015473756097542,5.015473756097542,5.015473756097542,5.015473756097542,5.015473756097542,5.015473756097542,5.015473756097542,5.015473756097542,5.015473756097542,5.015473756097542,5.015473756097542,5.015473756097542,5.015473756097542,5.015473756097542,5.015473756097542,5.015473756097542,5.015473756097542,5.015473756097542,5.015473756097542,5.015473756097542,5.015473756097542,5.015473756097542,5.015473756097542,5.015473756097542,5.015473756097542,5.015473756097542,5.015473756097542,4.8975242694557,4.8975242694557,4.6840905475039145,4.6840905475039145,4.6840905475039145,4.6840905475039145,4.6840905475039145,4.6840905475039145,4.6840905475039145,4.6840905475039145,4.6840905475039145,4.6840905475039145,4.6840905475039145,4.6840905475039145,4.6840905475039145,4.6840905475039145,4.6840905475039145,4.6840905475039145,4.6840905475039145,4.6840905475039145,4.6840905475039145,4.6840905475039145,4.6840905475039145,4.6840905475039145,4.6840905475039145,4.6840905475039145,4.6840905475039145,4.6840905475039145,4.6840905475039145,4.6840905475039145,4.6840905475039145,4.6840905475039145,4.6840905475039145,4.6840905475039145,4.6840905475039145,4.6840905475039145,4.6840905475039145,4.6840905475039145,4.6840905475039145,4.6840905475039145,4.6840905475039145,4.6840905475039145,4.6840905475039145,4.6840905475039145,4.6840905475039145,4.6840905475039145,4.6840905475039145,4.6840905475039145,4.6840905475039145,4.6840905475039145,4.6840905475039145,4.6840905475039145,4.6840905475039145,4.6840905475039145,4.6840905475039145,4.6840905475039145,4.6840905475039145,4.6840905475039145,4.6840905475039145,4.6840905475039145,4.6840905475039145,4.6840905475039145,4.6840905475039145,4.6840905475039145,4.6840905475039145,4.6840905475039145,4.6840905475039145,4.6840905475039145,4.6840905475039145,4.6840905475039145,4.6840905475039145,4.6840905475039145,4.6840905475039145,4.6840905475039145,4.6840905475039145,4.6840905475039145,4.6840905475039145,4.6840905475039145,4.6840905475039145,4.6840905475039145,4.6840905475039145,4.6840905475039145,4.6840905475039145,4.6840905475039145,4.6840905475039145,4.6840905475039145,4.6840905475039145,4.6840905475039145,4.6840905475039145,4.6840905475039145,4.6840905475039145,4.6840905475039145,4.6840905475039145,4.6840905475039145,4.6840905475039145,4.6840905475039145,4.6840905475039145,4.6840905475039145,4.6840905475039145,4.6840905475039145,4.6840905475039145,4.6840905475039145,4.6840905475039145,4.6840905475039145,4.6840905475039145,4.6840905475039145,4.6840905475039145,4.6840905475039145,4.6840905475039145,4.6840905475039145,4.6840905475039145,4.6840905475039145,4.6840905475039145,4.6840905475039145,4.6840905475039145,4.6840905475039145,4.6840905475039145,4.6840905475039145,4.6840905475039145,4.6840905475039145,4.6840905475039145,4.6840905475039145,4.6840905475039145,4.6840905475039145,4.6840905475039145,4.6840905475039145,4.6840905475039145,4.6840905475039145,4.6840905475039145,4.6840905475039145,4.6840905475039145,4.6840905475039145,4.6840905475039145,4.6840905475039145,4.6840905475039145,4.6840905475039145,4.6840905475039145,4.6840905475039145,4.6840905475039145,4.6840905475039145,4.6840905475039145,4.6840905475039145,4.6840905475039145,4.6840905475039145,4.6840905475039145,4.6840905475039145,4.6840905475039145,4.6840905475039145,4.6840905475039145,4.6840905475039145,4.6840905475039145,4.6840905475039145,4.6840905475039145,4.6840905475039145,4.6840905475039145,4.6840905475039145,4.6840905475039145,4.6840905475039145,4.6840905475039145,4.6840905475039145,4.6840905475039145,4.6840905475039145,4.6840905475039145,4.6840905475039145,4.6840905475039145,4.6840905475039145,4.6840905475039145,4.6840905475039145,4.6840905475039145,4.47080333330506,4.092515881834085,4.092515881834085,4.092515881834085,4.092515881834085,4.092515881834085,4.092515881834085,4.092515881834085,4.092515881834085,4.092515881834085,4.092515881834085,4.092515881834085,4.092515881834085,4.092515881834085,4.092515881834085,4.092515881834085,4.092515881834085,4.092515881834085,4.092515881834085,4.092515881834085,4.092515881834085,4.092515881834085,4.092515881834085,4.092515881834085,4.092515881834085,4.092515881834085,4.092515881834085,4.092515881834085,4.092515881834085,4.092515881834085,4.092515881834085,4.092515881834085,4.092515881834085,4.092515881834085,4.092515881834085,4.092515881834085,4.092515881834085,4.092515881834085,4.092515881834085,4.092515881834085,4.092515881834085,4.092515881834085,4.092515881834085,4.092515881834085,4.092515881834085,4.092515881834085,4.092515881834085,4.092515881834085,4.092515881834085,4.092515881834085,4.092515881834085,4.092515881834085,4.092515881834085,4.092515881834085,4.092515881834085,4.092515881834085,4.092515881834085,4.092515881834085,4.092515881834085,4.092515881834085,4.092515881834085,4.092515881834085,4.092515881834085,4.092515881834085,4.092515881834085,4.092515881834085,4.092515881834085,4.092515881834085,4.092515881834085,4.092515881834085,4.092515881834085,4.092515881834085,4.092515881834085,4.092515881834085,4.092515881834085,4.092515881834085,4.092515881834085,4.092515881834085,4.092515881834085,4.092515881834085,4.092515881834085,4.092515881834085,4.092515881834085,4.092515881834085,4.092515881834085,4.092515881834085,4.092515881834085,4.092515881834085,4.092515881834085,4.092515881834085,4.092515881834085,4.092515881834085,4.092515881834085,4.092515881834085,4.092515881834085,4.092515881834085,4.092515881834085,4.092515881834085,4.092515881834085,4.092515881834085,4.092515881834085,4.092515881834085,4.092515881834085,4.092515881834085,4.092515881834085,4.092515881834085,4.092515881834085,4.092515881834085,4.092515881834085,4.092515881834085,4.092515881834085,4.092515881834085,4.092515881834085,4.092515881834085,4.092515881834085,4.092515881834085,4.092515881834085,4.092515881834085,4.092515881834085,4.092515881834085,4.092515881834085,4.092515881834085,4.092515881834085,4.092515881834085,4.092515881834085,4.092515881834085,4.092515881834085,4.092515881834085,4.092515881834085,4.092515881834085,4.092515881834085,4.092515881834085,4.092515881834085,4.092515881834085,4.092515881834085,4.092515881834085,4.092515881834085,4.092515881834085,4.092515881834085,4.092515881834085,4.092515881834085,4.092515881834085,4.092515881834085,4.092515881834085,4.092515881834085,4.092515881834085,4.092515881834085,4.092515881834085,4.092515881834085,4.092515881834085,4.092515881834085,4.092515881834085,4.092515881834085,4.092515881834085,4.092515881834085,4.092515881834085,4.092515881834085,4.092515881834085,4.092515881834085,4.092515881834085,4.092515881834085,4.092515881834085,4.092515881834085,4.092515881834085,4.092515881834085,4.092515881834085,4.092515881834085,4.092515881834085,4.092515881834085,4.092515881834085,4.067663694846659,3.441281908502189,3.4395813938002338,3.4395813938002338,3.4395813938002338,3.4395813938002338,3.4395813938002338,3.4395813938002338,3.4395813938002338,3.4395813938002338,3.4395813938002338,3.4395813938002338,3.4395813938002338,3.4395813938002338,3.4395813938002338,3.4395813938002338,3.4395813938002338,3.4395813938002338,3.4395813938002338,3.4395813938002338,3.4395813938002338,3.4395813938002338,3.4395813938002338,3.4395813938002338,3.4395813938002338,3.4395813938002338,3.4395813938002338,3.4395813938002338,3.4395813938002338,3.4395813938002338,3.4395813938002338,3.4395813938002338,3.4395813938002338,3.4395813938002338,3.4395813938002338,3.4395813938002338,3.4395813938002338,3.4395813938002338,3.4395813938002338,3.4395813938002338,3.4395813938002338,3.4395813938002338,3.4395813938002338,3.4395813938002338,3.4395813938002338,3.4395813938002338,3.4395813938002338,3.4395813938002338,3.4395813938002338,3.4395813938002338,3.4395813938002338,3.4395813938002338,3.4395813938002338,3.4395813938002338,3.4395813938002338,3.4395813938002338,3.4395813938002338,3.4395813938002338,3.4395813938002338,3.4395813938002338,3.4395813938002338,3.4395813938002338,3.4395813938002338,3.4395813938002338,3.4395813938002338,3.4395813938002338,3.4395813938002338,3.4395813938002338,3.4395813938002338,3.4395813938002338,3.4395813938002338,3.4395813938002338,3.4395813938002338,3.4395813938002338,3.4395813938002338,3.4395813938002338,3.4395813938002338,3.4395813938002338,3.4395813938002338,3.4395813938002338,3.4395813938002338,3.4395813938002338,3.4395813938002338,3.4395813938002338,3.4395813938002338,3.4395813938002338,3.4395813938002338,3.4395813938002338,3.4395813938002338,3.4395813938002338,3.4395813938002338,3.4395813938002338,3.4395813938002338,3.4395813938002338,3.4395813938002338,3.4395813938002338,3.4395813938002338,3.4395813938002338,3.4395813938002338,3.4395813938002338,3.4395813938002338,3.4395813938002338,3.4395813938002338,3.4395813938002338,3.4395813938002338,3.4395813938002338,3.4395813938002338,3.4395813938002338,3.4395813938002338,3.4395813938002338,3.4395813938002338,3.4395813938002338,3.4395813938002338,3.4395813938002338,3.4395813938002338,3.4395813938002338,3.4395813938002338,3.4395813938002338,3.4395813938002338,3.4395813938002338,3.4395813938002338,3.4395813938002338,3.4395813938002338,3.4395813938002338,3.4395813938002338,3.4395813938002338,3.4395813938002338,3.4395813938002338,3.4395813938002338,3.4395813938002338,3.4395813938002338,3.4395813938002338,3.4395813938002338,3.4395813938002338,3.4395813938002338,3.4395813938002338,3.4395813938002338,3.4395813938002338,3.4395813938002338,3.4395813938002338,3.4395813938002338,3.4395813938002338,3.4395813938002338,3.4395813938002338,3.4395813938002338,3.4395813938002338,3.4395813938002338,3.4395813938002338,3.4395813938002338,3.4395813938002338,3.4395813938002338,3.4395813938002338,3.4395813938002338,3.4395813938002338,3.4395813938002338,3.4395813938002338,9.151829175717705,9.151829175717705,7.2135627801590685,7.2135627801590685,7.2135627801590685,7.2135627801590685,7.2135627801590685,7.2135627801590685,7.2135627801590685,7.2135627801590685,7.2135627801590685,7.2135627801590685,7.2135627801590685,7.2135627801590685,7.2135627801590685,7.2135627801590685,7.2135627801590685,7.2135627801590685,7.2135627801590685,7.2135627801590685,7.2135627801590685,7.2135627801590685,7.2135627801590685,7.2135627801590685,7.2135627801590685,7.2135627801590685,7.2135627801590685,7.2135627801590685,7.2135627801590685,7.2135627801590685,7.2135627801590685,6.964376483674524,6.931926969822575,6.931926969822575,6.931926969822575,6.830393725362215,6.46768591262764,5.990017367911106,5.990017367911106,5.990017367911106,5.990017367911106,5.990017367911106,5.990017367911106,5.990017367911106,5.990017367911106,5.990017367911106,5.990017367911106,5.990017367911106,5.990017367911106,5.990017367911106,5.990017367911106,5.990017367911106,5.990017367911106,5.990017367911106,5.990017367911106,5.990017367911106,5.990017367911106,5.990017367911106,5.990017367911106,5.990017367911106,5.990017367911106,5.990017367911106,5.990017367911106,5.990017367911106,5.990017367911106,5.990017367911106,5.990017367911106,5.990017367911106,5.990017367911106,5.990017367911106,5.990017367911106,5.990017367911106,5.990017367911106,5.990017367911106,5.990017367911106,5.990017367911106,5.990017367911106,5.990017367911106,5.990017367911106,5.990017367911106,5.990017367911106,5.990017367911106,5.990017367911106,5.990017367911106,5.990017367911106,5.990017367911106,5.990017367911106,5.990017367911106,5.990017367911106,5.990017367911106,5.990017367911106,5.990017367911106,5.990017367911106,5.990017367911106,5.990017367911106,5.990017367911106,5.990017367911106,5.990017367911106,5.990017367911106,5.990017367911106,5.990017367911106,5.990017367911106,5.990017367911106,5.990017367911106,5.990017367911106,5.990017367911106,5.990017367911106,5.990017367911106,5.707461203108352,5.707461203108352,5.542833627063435,5.094647749875721,5.094647749875721,5.094647749875721,5.094647749875721,5.094647749875721,5.094647749875721,5.094647749875721,5.094647749875721,5.094647749875721,5.094647749875721,5.094647749875721,5.094647749875721,5.094647749875721,5.094647749875721,5.094647749875721,5.094647749875721,5.094647749875721,5.094647749875721,5.094647749875721,5.094647749875721,5.094647749875721,5.094647749875721,5.094647749875721,5.094647749875721,5.094647749875721,5.094647749875721,5.094647749875721,5.094647749875721,5.094647749875721,5.094647749875721,5.094647749875721,5.094647749875721,5.094647749875721,5.094647749875721,5.094647749875721,5.094647749875721,5.094647749875721,5.094647749875721,5.094647749875721,5.094647749875721,5.094647749875721,5.094647749875721,5.094647749875721,5.094647749875721,5.094647749875721,5.094647749875721,5.094647749875721,5.094647749875721,5.094647749875721,5.094647749875721,5.094647749875721,5.094647749875721,5.094647749875721,5.094647749875721,5.094647749875721,5.094647749875721,5.094647749875721,5.094647749875721,5.094647749875721,5.094647749875721,5.094647749875721,5.094647749875721,5.094647749875721,5.094647749875721,5.094647749875721,5.094647749875721,5.094647749875721,5.094647749875721,5.094647749875721,5.094647749875721,5.094647749875721,5.094647749875721,5.094647749875721,5.094647749875721,5.094647749875721,5.094647749875721,5.094647749875721,5.094647749875721,5.094647749875721,5.094647749875721,5.094647749875721,5.094647749875721,5.094647749875721,5.094647749875721,5.094647749875721,5.094647749875721,5.094647749875721,5.094647749875721,5.094647749875721,5.094647749875721,5.094647749875721,5.094647749875721,5.094647749875721,5.094647749875721,5.094647749875721,5.094647749875721,5.094647749875721,5.094647749875721,4.9809381058609,4.9809381058609,4.706306434133633,4.18683690596051,3.7804405002919155,3.7804405002919155,3.7804405002919155,3.7804405002919155,3.7804405002919155,3.7804405002919155,3.7804405002919155,3.7804405002919155,3.7804405002919155,3.7804405002919155,3.7804405002919155,3.7804405002919155,3.7804405002919155,3.7804405002919155,3.7804405002919155,3.7804405002919155,3.7804405002919155,3.7804405002919155,3.7804405002919155,3.7804405002919155,3.7804405002919155,3.7804405002919155,3.7804405002919155,3.7804405002919155,3.7804405002919155,3.7804405002919155,3.7804405002919155,3.7804405002919155,3.7804405002919155,3.7804405002919155,3.7804405002919155,3.7804405002919155,3.7804405002919155,3.7804405002919155,3.7804405002919155,3.7804405002919155,3.7804405002919155,3.7804405002919155,3.7804405002919155,3.7804405002919155,3.7804405002919155,3.7804405002919155,3.7804405002919155,3.7804405002919155,3.7804405002919155,3.7804405002919155,3.7804405002919155,3.7804405002919155,3.7804405002919155,3.7804405002919155,3.7804405002919155,3.7804405002919155,3.7804405002919155,3.7804405002919155,3.7804405002919155,3.7804405002919155,3.7804405002919155,3.7804405002919155,3.7804405002919155,3.7804405002919155,3.7804405002919155,3.7804405002919155,3.7804405002919155,3.7804405002919155,3.7804405002919155,3.7804405002919155,3.7804405002919155,3.7804405002919155,3.7804405002919155,3.7804405002919155,3.7804405002919155,3.7804405002919155,3.7804405002919155,3.7804405002919155,3.7804405002919155,3.7804405002919155,3.7804405002919155,3.7804405002919155,3.7804405002919155,3.7804405002919155,3.7804405002919155,3.7804405002919155,3.7804405002919155,3.7804405002919155,3.7804405002919155,3.7804405002919155,3.7804405002919155,3.7804405002919155,3.7804405002919155,3.7804405002919155,3.7804405002919155,3.7804405002919155,3.7804405002919155,3.7804405002919155,3.7804405002919155,3.7804405002919155,3.7804405002919155,3.7804405002919155,3.7804405002919155,3.7804405002919155,3.7804405002919155,3.7804405002919155,3.7804405002919155,3.7804405002919155,3.7804405002919155,3.7804405002919155,3.7804405002919155,3.7804405002919155,3.7804405002919155,3.7804405002919155,3.7804405002919155,3.7804405002919155,3.7804405002919155,3.7804405002919155,3.7804405002919155,3.7804405002919155,3.7804405002919155,3.7804405002919155,3.7804405002919155,3.7804405002919155,3.7804405002919155,3.7804405002919155,3.7804405002919155,3.7804405002919155,3.7804405002919155,3.7804405002919155,3.7804405002919155,3.7804405002919155,3.7804405002919155,3.7804405002919155,3.7804405002919155,3.7804405002919155,3.7804405002919155,3.7804405002919155,3.7804405002919155,3.7804405002919155,3.7804405002919155,3.7804405002919155,3.7804405002919155,3.7804405002919155,3.7804405002919155,3.7804405002919155,3.7804405002919155,3.7804405002919155,3.7804405002919155,3.7804405002919155,3.7804405002919155,3.7804405002919155,3.7804405002919155,3.7804405002919155,3.7804405002919155,3.7804405002919155,3.7804405002919155,3.7804405002919155,3.7804405002919155,3.7804405002919155,3.7804405002919155,3.7804405002919155,3.7804405002919155,3.7804405002919155,3.7804405002919155,3.7804405002919155,3.7804405002919155,3.7804405002919155,3.7804405002919155,3.7804405002919155,3.7804405002919155,3.7804405002919155,3.7804405002919155,3.7804405002919155,3.7804405002919155,3.7804405002919155,3.7804405002919155,3.7804405002919155,3.7804405002919155,3.7804405002919155,3.7804405002919155,3.7804405002919155,3.7804405002919155,3.7804405002919155,3.7804405002919155,3.7804405002919155,3.7804405002919155,3.7804405002919155,3.7804405002919155,3.7804405002919155,3.7804405002919155,3.7804405002919155,3.7804405002919155,3.7804405002919155,3.7804405002919155,3.7804405002919155,3.7804405002919155,3.7804405002919155,3.7804405002919155,3.7804405002919155,3.7804405002919155,3.7804405002919155,3.7804405002919155,3.7804405002919155,3.7804405002919155,3.7804405002919155,3.7804405002919155,3.7804405002919155,3.7804405002919155,3.7804405002919155,3.7804405002919155,3.7804405002919155,3.7804405002919155,3.7804405002919155,3.7804405002919155,3.7804405002919155,3.7804405002919155,3.7804405002919155,3.7804405002919155,3.7804405002919155,3.7804405002919155,3.7804405002919155,3.7804405002919155,3.7804405002919155,3.7804405002919155,3.7804405002919155,3.7804405002919155,3.7804405002919155,3.7804405002919155,3.7804405002919155,3.7804405002919155,3.7804405002919155,3.7804405002919155,3.7804405002919155,3.7804405002919155,3.7804405002919155,3.7804405002919155,3.7804405002919155,3.7804405002919155,3.7804405002919155,3.7804405002919155,3.7804405002919155,3.7804405002919155,3.7804405002919155,3.7804405002919155,3.7804405002919155,3.7804405002919155,3.7804405002919155,3.7804405002919155,3.7804405002919155,3.7804405002919155,3.7804405002919155,3.7804405002919155,3.7804405002919155,3.7804405002919155,3.7804405002919155,3.7804405002919155,3.7804405002919155,3.7804405002919155,3.7804405002919155,3.7804405002919155,3.7804405002919155,3.7804405002919155,3.7804405002919155,3.7804405002919155,3.7804405002919155,3.7804405002919155,3.7804405002919155,3.7804405002919155,3.7804405002919155,3.7804405002919155,3.7804405002919155,3.7804405002919155,3.7804405002919155,3.7804405002919155,3.7804405002919155,3.7804405002919155,3.7804405002919155,3.7804405002919155,3.7804405002919155,3.7804405002919155,3.7804405002919155,3.7804405002919155,3.7804405002919155,3.7804405002919155,3.7804405002919155,3.7804405002919155,3.7804405002919155,3.7804405002919155,3.7804405002919155,3.7804405002919155,3.7804405002919155,3.7804405002919155,3.7804405002919155,3.7804405002919155,3.7804405002919155,3.7804405002919155,3.7804405002919155,3.7804405002919155,3.7804405002919155,3.7804405002919155,3.7804405002919155,3.7804405002919155,3.7804405002919155,3.7804405002919155,3.7804405002919155,3.7804405002919155,3.7804405002919155,3.7804405002919155,3.7804405002919155,3.7804405002919155,3.7804405002919155,3.7804405002919155,3.7804405002919155,3.7804405002919155,3.7804405002919155,3.7804405002919155,3.7804405002919155,3.7804405002919155,3.7804405002919155,3.7804405002919155,3.7804405002919155,3.7804405002919155,3.7804405002919155,3.7804405002919155,3.7804405002919155,3.7804405002919155,3.7804405002919155,3.7804405002919155,3.7804405002919155,3.7804405002919155,3.7804405002919155,3.7804405002919155,3.7804405002919155,3.7804405002919155,3.7804405002919155,3.7804405002919155,3.7804405002919155,3.7804405002919155,3.7804405002919155,3.7804405002919155,3.7804405002919155,3.7804405002919155,3.7804405002919155,3.7804405002919155,3.7804405002919155,3.7804405002919155,3.7804405002919155,3.7804405002919155,3.7804405002919155,3.7804405002919155,3.7804405002919155,3.7804405002919155,3.7804405002919155,3.7804405002919155,3.7804405002919155,3.7804405002919155,3.7804405002919155,3.7804405002919155,3.7804405002919155,3.7804405002919155,3.7804405002919155,3.7804405002919155,3.7804405002919155,3.7804405002919155,3.7804405002919155,3.7804405002919155,3.7804405002919155,3.7804405002919155,3.7804405002919155,3.7804405002919155,3.7804405002919155,3.7804405002919155,3.7804405002919155,3.7804405002919155,3.7804405002919155,3.7804405002919155,3.7804405002919155,3.7804405002919155,3.7804405002919155,3.7804405002919155,3.7804405002919155,3.7804405002919155,3.7804405002919155,3.7804405002919155,3.7804405002919155,3.7804405002919155,3.7804405002919155,3.7804405002919155,3.7804405002919155,3.7804405002919155,3.7804405002919155,3.7804405002919155,3.7804405002919155,3.7804405002919155,3.7804405002919155,3.7804405002919155,3.7804405002919155,3.7804405002919155,3.7804405002919155,3.7804405002919155,3.7804405002919155,3.7804405002919155,3.7804405002919155,3.7804405002919155,3.7804405002919155,3.7804405002919155,3.7804405002919155,3.7804405002919155,3.7804405002919155,3.7804405002919155,3.7804405002919155,3.7804405002919155,3.7804405002919155,3.7804405002919155,3.7804405002919155,3.7804405002919155,3.7804405002919155,3.7804405002919155,3.7804405002919155,3.7804405002919155,3.7804405002919155,3.7804405002919155,3.7804405002919155,3.7804405002919155,3.7804405002919155,3.7804405002919155,3.7804405002919155,3.7804405002919155,3.7804405002919155,3.7804405002919155,3.7804405002919155,3.7804405002919155,3.7804405002919155,3.7804405002919155,3.7804405002919155,3.7804405002919155,3.7804405002919155,3.7804405002919155,3.7804405002919155,3.7804405002919155,3.7804405002919155,3.7804405002919155,3.7804405002919155,3.7804405002919155,3.7804405002919155,3.7804405002919155,3.7804405002919155,3.7804405002919155,3.7804405002919155,3.7804405002919155,3.7804405002919155,3.7804405002919155,3.7804405002919155,3.7804405002919155,3.7804405002919155,3.7804405002919155,3.7804405002919155,3.7804405002919155,3.7804405002919155,3.7804405002919155,3.7804405002919155,3.7804405002919155,3.7804405002919155,3.7804405002919155,3.7804405002919155,3.7804405002919155,3.7804405002919155,3.7804405002919155,3.7804405002919155,3.7804405002919155,3.7804405002919155,3.7804405002919155,3.7804405002919155,3.7804405002919155,3.7804405002919155,3.7804405002919155,3.7804405002919155,3.7804405002919155,3.7804405002919155,3.7804405002919155,3.7804405002919155,3.7804405002919155,3.7804405002919155,3.7804405002919155,3.7804405002919155,3.7804405002919155,3.7804405002919155,3.7804405002919155,3.7804405002919155,3.7804405002919155,3.7804405002919155,3.7804405002919155,3.7804405002919155,3.7804405002919155,3.7804405002919155,3.7804405002919155,3.7804405002919155,3.7804405002919155,3.7804405002919155,3.7804405002919155,3.7804405002919155,3.7804405002919155,3.7804405002919155,3.7804405002919155,3.7804405002919155,3.7804405002919155,3.7804405002919155,3.7804405002919155,3.7804405002919155,3.7804405002919155,3.7804405002919155,3.7804405002919155,3.7804405002919155,3.7804405002919155,3.7804405002919155,3.7804405002919155,3.7804405002919155,3.7804405002919155,3.7804405002919155,3.7804405002919155,3.7804405002919155,3.7804405002919155,3.7804405002919155,3.7804405002919155,3.7804405002919155,3.7804405002919155,3.7804405002919155,3.7804405002919155,3.7804405002919155,3.7804405002919155,3.7804405002919155,3.7804405002919155,3.7804405002919155,3.7804405002919155,3.7804405002919155,3.7804405002919155,3.7804405002919155,3.7804405002919155,3.7804405002919155,3.7804405002919155,3.7804405002919155,3.7804405002919155,3.7804405002919155,3.7804405002919155,3.7804405002919155,3.7804405002919155,3.7804405002919155,3.7804405002919155,3.7804405002919155,3.7804405002919155,3.7804405002919155,3.7804405002919155,3.7804405002919155,3.7804405002919155,3.7804405002919155,3.7804405002919155,3.7804405002919155,3.7804405002919155,3.7804405002919155,3.7804405002919155,3.7804405002919155,3.7804405002919155,3.7804405002919155,3.7804405002919155,3.7804405002919155,3.7804405002919155,3.7804405002919155,3.7804405002919155,3.7804405002919155,3.7804405002919155,3.7804405002919155,3.7804405002919155,3.7804405002919155,3.7804405002919155,3.7804405002919155,3.7804405002919155,3.7804405002919155,3.7804405002919155,3.7804405002919155,3.7804405002919155,3.7804405002919155,3.7804405002919155,3.7804405002919155,3.7804405002919155,3.7804405002919155,3.7804405002919155,3.7804405002919155,3.7804405002919155,3.7804405002919155,3.7804405002919155,3.7804405002919155,3.7804405002919155,3.7804405002919155,3.7804405002919155,3.7804405002919155,3.7804405002919155,3.7804405002919155,3.7804405002919155,3.7804405002919155,3.7804405002919155,3.7804405002919155,3.7804405002919155,3.7804405002919155,3.7804405002919155,3.7804405002919155,3.7804405002919155,3.7804405002919155,3.7804405002919155,3.7804405002919155,3.7804405002919155,3.7804405002919155,3.7804405002919155,3.7804405002919155,3.7804405002919155,3.7804405002919155,3.7804405002919155,3.7804405002919155,3.7804405002919155,3.7804405002919155,3.7804405002919155,3.7804405002919155,3.7804405002919155,3.7804405002919155,3.7804405002919155,3.7804405002919155,3.7804405002919155,3.7804405002919155,3.7804405002919155,3.7804405002919155,3.7804405002919155,3.7804405002919155,3.7804405002919155,3.7804405002919155,3.7804405002919155,3.7804405002919155,3.7804405002919155,3.7804405002919155,3.7804405002919155,3.7804405002919155,3.7804405002919155,3.7804405002919155,3.7804405002919155,3.7804405002919155,3.7804405002919155,3.7804405002919155,3.7804405002919155,3.7804405002919155,3.7804405002919155,3.7804405002919155,3.7804405002919155,3.7804405002919155,3.7804405002919155,3.7804405002919155,3.7804405002919155,3.7804405002919155,3.7804405002919155,3.7804405002919155,3.7804405002919155,3.7804405002919155,3.7804405002919155,3.7804405002919155,3.7804405002919155,3.7804405002919155,3.7804405002919155,3.7804405002919155,3.7804405002919155,3.7804405002919155,3.7804405002919155,3.7804405002919155,3.7804405002919155,3.7804405002919155,3.7804405002919155,3.7804405002919155,3.7804405002919155,3.7804405002919155,3.7804405002919155,3.7804405002919155,3.7804405002919155,3.7804405002919155,3.7804405002919155,3.7804405002919155,3.7804405002919155,3.7804405002919155,3.7804405002919155,3.7804405002919155,3.7804405002919155,3.7804405002919155,3.7804405002919155,3.7804405002919155,3.7804405002919155,3.7804405002919155,3.7804405002919155,3.7804405002919155,3.7804405002919155,3.7804405002919155,3.7804405002919155,3.7804405002919155,3.7804405002919155,3.7804405002919155,3.7804405002919155,3.7804405002919155,3.7804405002919155,3.7804405002919155,3.7804405002919155,3.7804405002919155,3.7804405002919155,3.7804405002919155,3.7804405002919155,3.7804405002919155,3.7804405002919155,3.7804405002919155,3.7804405002919155,3.7804405002919155,3.7804405002919155,3.7804405002919155,3.7804405002919155,3.7804405002919155,3.7804405002919155,3.7804405002919155,3.7804405002919155,3.7804405002919155,3.7804405002919155,3.7804405002919155,3.7804405002919155,3.7804405002919155,3.7804405002919155,3.7804405002919155,3.7804405002919155,3.7804405002919155,3.7804405002919155,3.7804405002919155,3.7804405002919155,3.7804405002919155,3.7804405002919155,3.7804405002919155,3.7804405002919155,3.7804405002919155,3.7804405002919155,3.7804405002919155,3.7804405002919155,3.7804405002919155,3.7804405002919155,3.7804405002919155,3.7804405002919155,3.7804405002919155,3.7804405002919155,3.7804405002919155,3.7804405002919155,3.7804405002919155,3.7804405002919155,3.7804405002919155,3.7804405002919155,3.7804405002919155,3.7804405002919155,3.7804405002919155,3.7804405002919155,3.7804405002919155,3.7804405002919155,3.7804405002919155,3.7804405002919155,3.7804405002919155,3.7804405002919155,3.7804405002919155,3.7804405002919155,3.7804405002919155,3.7804405002919155,3.7804405002919155,3.7804405002919155,3.7804405002919155,3.7804405002919155,3.7804405002919155,3.7804405002919155,3.7804405002919155,3.7804405002919155,3.7804405002919155,3.7804405002919155,3.7804405002919155,3.7804405002919155,3.7804405002919155,3.7804405002919155,3.7804405002919155,3.7804405002919155,3.7804405002919155,3.7804405002919155,3.7804405002919155,3.7804405002919155,3.7804405002919155,3.7804405002919155,3.7804405002919155,3.7804405002919155
