5.9138953327315695,5.63313494093234,5.2845773581126405,5.2845773581126405,5.2845773581126405,5.2845773581126405,5.054492248220053,5.054492248220053,5.054492248220053,5.054492248220053,5.054492248220053,5.054492248220053,5.054492248220053,5.054492248220053,5.054492248220053,5.054492248220053,5.054492248220053,5.054492248220053,5.054492248220053,5.054492248220053,5.054492248220053,5.054492248220053,5.054492248220053,5.054492248220053,5.054492248220053,5.054492248220053,5.054492248220053,5.054492248220053,5.054492248220053,5.054492248220053,5.054492248220053,5.054492248220053,5.054492248220053,5.054492248220053,5.054492248220053,5.054492248220053,5.054492248220053,5.054492248220053,5.054492248220053,5.054492248220053,5.054492248220053,5.054492248220053,5.054492248220053,5.054492248220053,4.863778816300521,4.863778816300521,4.863778816300521,4.863778816300521,4.863778816300521,4.863778816300521,4.863778816300521,4.863778816300521,4.863778816300521,4.863778816300521,4.863778816300521,4.863778816300521,4.863778816300521,4.863778816300521,4.863778816300521,4.823374030246929,4.823374030246929,4.823374030246929,4.823374030246929,4.823374030246929,4.823374030246929,4.823374030246929,4.823374030246929,4.823374030246929,4.823374030246929,4.823374030246929,4.823374030246929,4.823374030246929,4.823374030246929,4.823374030246929,4.823374030246929,4.823374030246929,4.823374030246929,4.823374030246929,4.823374030246929,4.823374030246929,4.823374030246929,4.823374030246929,4.823374030246929,4.823374030246929,4.823374030246929,4.823374030246929,4.823374030246929,4.823374030246929,4.823374030246929,4.823374030246929,4.823374030246929,4.823374030246929,4.823374030246929,4.823374030246929,4.823374030246929,4.823374030246929,4.823374030246929,4.823374030246929,4.823374030246929,4.823374030246929,4.823374030246929,4.823374030246929,4.823374030246929,4.823374030246929,4.823374030246929,4.823374030246929,4.823374030246929,4.823374030246929,4.823374030246929,4.823374030246929,4.823374030246929,4.823374030246929,4.823374030246929,4.823374030246929,4.823374030246929,4.823374030246929,4.823374030246929,4.823374030246929,4.823374030246929,4.823374030246929,4.823374030246929,4.823374030246929,4.823374030246929,4.823374030246929,4.823374030246929,4.823374030246929,4.823374030246929,4.823374030246929,4.823374030246929,4.823374030246929,4.823374030246929,4.823374030246929,4.823374030246929,4.823374030246929,4.823374030246929,4.823374030246929,4.823374030246929,4.823374030246929,4.823374030246929,4.823374030246929,4.823374030246929,4.823374030246929,4.823374030246929,4.823374030246929,4.823374030246929,4.823374030246929,4.823374030246929,4.823374030246929,4.823374030246929,4.823374030246929,4.823374030246929,4.823374030246929,4.823374030246929,4.823374030246929,4.823374030246929,4.823374030246929,4.823374030246929,4.823374030246929,4.823374030246929,4.823374030246929,4.823374030246929,4.823374030246929,4.823374030246929,3.7416122445192666,3.7416122445192666,3.7416122445192666,3.7416122445192666,3.7416122445192666,3.7416122445192666,3.7416122445192666,3.7416122445192666,3.7416122445192666,3.7416122445192666,3.7416122445192666,3.7416122445192666,3.7416122445192666,3.7416122445192666,3.7416122445192666,3.7416122445192666,3.7416122445192666,3.7416122445192666,3.7416122445192666,3.7416122445192666,3.7416122445192666,3.7416122445192666,3.7416122445192666,3.7416122445192666,3.7416122445192666,3.7416122445192666,3.7416122445192666,3.7416122445192666,3.7416122445192666,3.7416122445192666,3.7416122445192666,3.7416122445192666,3.7416122445192666,3.7416122445192666,3.7416122445192666,3.7416122445192666,3.7416122445192666,3.7416122445192666,3.7416122445192666,3.7416122445192666,3.7416122445192666,3.7416122445192666,3.7416122445192666,3.7416122445192666,3.7416122445192666,3.7416122445192666,3.7416122445192666,3.7416122445192666,3.7416122445192666,3.7416122445192666,3.7416122445192666,3.7416122445192666,3.7416122445192666,3.7416122445192666,3.7416122445192666,3.7416122445192666,3.7416122445192666,3.7416122445192666,3.7416122445192666,3.7416122445192666,3.7416122445192666,3.7416122445192666,3.7416122445192666,3.7416122445192666,3.7416122445192666,3.7416122445192666,3.7416122445192666,3.7416122445192666,3.7416122445192666,3.7416122445192666,3.7416122445192666,3.7416122445192666,3.7416122445192666,3.7416122445192666,3.7416122445192666,3.7416122445192666,3.7416122445192666,3.7416122445192666,3.7416122445192666,3.7416122445192666,3.7416122445192666,3.7416122445192666,3.7416122445192666,3.7416122445192666,3.7416122445192666,3.7416122445192666,3.7416122445192666,3.7416122445192666,3.7416122445192666,3.7416122445192666,3.7416122445192666,3.7416122445192666,3.7416122445192666,3.7416122445192666,3.7416122445192666,3.7416122445192666,3.7416122445192666,3.7416122445192666,3.7416122445192666,3.7416122445192666,3.7416122445192666,3.7416122445192666,3.7416122445192666,3.7416122445192666,3.7416122445192666,3.7416122445192666,3.7416122445192666,3.7416122445192666,3.7416122445192666,3.7416122445192666,3.7416122445192666,3.7416122445192666,3.7416122445192666,3.7416122445192666,3.7416122445192666,3.7416122445192666,3.7416122445192666,3.7416122445192666,3.7416122445192666,3.7416122445192666,3.7416122445192666,3.7416122445192666,3.7416122445192666,3.7416122445192666,3.7416122445192666,3.7416122445192666,3.7416122445192666,3.7416122445192666,3.7416122445192666,3.7416122445192666,3.7416122445192666,3.7416122445192666,3.7416122445192666,3.7416122445192666,3.7416122445192666,3.7416122445192666,3.7416122445192666,3.7416122445192666,3.7416122445192666,3.7416122445192666,3.7416122445192666,3.7416122445192666,3.7416122445192666,3.7416122445192666,3.7416122445192666,3.7416122445192666,3.7416122445192666,3.7416122445192666,3.7416122445192666,3.7416122445192666,3.7416122445192666,3.7416122445192666,3.7416122445192666,3.7416122445192666,3.7416122445192666,3.7416122445192666,3.7416122445192666,3.7416122445192666,3.7416122445192666,3.7416122445192666,3.7416122445192666,3.7416122445192666,3.7416122445192666,3.7416122445192666,3.7416122445192666,3.7416122445192666,3.7416122445192666,3.7416122445192666,3.7416122445192666,3.7416122445192666,3.7416122445192666,3.7416122445192666,3.7416122445192666,3.7416122445192666,3.7416122445192666,3.7416122445192666,3.7416122445192666,3.7416122445192666,3.7416122445192666,3.7416122445192666,3.7416122445192666,3.7416122445192666,3.7416122445192666,3.7416122445192666,3.7416122445192666,3.7416122445192666,3.7416122445192666,3.7416122445192666,3.7416122445192666,3.7416122445192666,3.7416122445192666,3.7416122445192666,3.7416122445192666,3.7416122445192666,3.7416122445192666,3.7416122445192666,3.7416122445192666,3.7416122445192666,3.7416122445192666,3.7416122445192666,3.7416122445192666,3.7416122445192666,3.7416122445192666,3.7416122445192666,3.7416122445192666,3.7416122445192666,3.7416122445192666,3.7416122445192666,3.7416122445192666,3.7416122445192666,3.7416122445192666,3.7416122445192666,3.7416122445192666,3.7416122445192666,3.7416122445192666,3.7416122445192666,3.7416122445192666,3.7416122445192666,3.7416122445192666,3.7416122445192666,3.7416122445192666,3.7416122445192666,3.7416122445192666,3.7416122445192666,3.7416122445192666,3.7416122445192666,3.7416122445192666,3.7416122445192666,3.7416122445192666,3.7416122445192666,3.7416122445192666,3.7416122445192666,3.7416122445192666,3.7416122445192666,3.7416122445192666,3.7416122445192666,3.7416122445192666,3.7416122445192666,3.7416122445192666,3.7416122445192666,3.7416122445192666,3.7416122445192666,3.7416122445192666,3.7416122445192666,3.7416122445192666,3.7416122445192666,3.7416122445192666,3.7416122445192666,3.7416122445192666,3.7416122445192666,3.7416122445192666,3.7416122445192666,3.7416122445192666,3.7416122445192666,3.7416122445192666,3.7416122445192666,3.7416122445192666,3.7416122445192666,3.7416122445192666,3.7416122445192666,3.7416122445192666,3.7416122445192666,3.7416122445192666,3.7416122445192666,3.7416122445192666,3.7416122445192666,3.7416122445192666,3.7416122445192666,3.7416122445192666,3.7416122445192666,3.7416122445192666,3.7416122445192666,3.7416122445192666,3.7416122445192666,3.7416122445192666,3.7416122445192666,3.7416122445192666,3.7416122445192666,3.7416122445192666,3.7416122445192666,3.7416122445192666,3.7416122445192666,3.7416122445192666,3.7416122445192666,3.7416122445192666,3.7416122445192666,3.7416122445192666,3.7416122445192666,3.7416122445192666,3.7416122445192666,3.7416122445192666,3.7416122445192666,3.7416122445192666,3.7416122445192666,3.7416122445192666,3.7416122445192666,3.7416122445192666,3.7416122445192666,3.7416122445192666,3.7416122445192666,3.7416122445192666,3.7416122445192666,3.7416122445192666,3.7416122445192666,3.7416122445192666,3.7416122445192666,3.7416122445192666,3.7416122445192666,3.7416122445192666,3.7416122445192666,3.7416122445192666,3.7416122445192666,3.7416122445192666,3.7416122445192666,3.7416122445192666,3.7416122445192666,3.7416122445192666,3.7416122445192666,3.7416122445192666,3.7416122445192666,3.7416122445192666,3.7416122445192666,3.7416122445192666,3.7416122445192666,3.7416122445192666,3.7416122445192666,3.7416122445192666,3.7416122445192666,3.7416122445192666,3.7416122445192666,3.7416122445192666,3.7416122445192666,3.7416122445192666,3.7416122445192666,3.7416122445192666,3.7416122445192666,3.7416122445192666,3.7416122445192666,3.7416122445192666,3.7416122445192666,3.7416122445192666,3.7416122445192666,3.7416122445192666,3.7198445281154173,3.468963178032286,3.468963178032286,3.468963178032286,3.468963178032286,3.468963178032286,3.468963178032286,3.468963178032286,3.468963178032286,3.468963178032286,3.468963178032286,3.468963178032286,3.468963178032286,3.468963178032286,3.468963178032286,3.468963178032286,3.468963178032286,3.468963178032286,3.468963178032286,3.468963178032286,3.468963178032286,3.468963178032286,3.468963178032286,3.468963178032286,3.468963178032286,3.468963178032286,3.468963178032286,3.468963178032286,3.468963178032286,3.468963178032286,3.468963178032286,3.468963178032286,3.468963178032286,3.468963178032286,3.468963178032286,3.468963178032286,3.468963178032286,3.468963178032286,3.468963178032286,3.468963178032286,3.468963178032286,3.468963178032286,3.4522896155863654,3.4522896155863654,3.4522896155863654,3.4522896155863654,3.4522896155863654,3.4522896155863654,3.4522896155863654,3.4522896155863654,3.4522896155863654,3.4522896155863654,3.4522896155863654,3.4522896155863654,3.4522896155863654,3.4522896155863654,3.4522896155863654,3.4522896155863654,3.4522896155863654,3.4522896155863654,3.4522896155863654,3.4522896155863654,3.4522896155863654,3.4522896155863654,3.4522896155863654,3.4522896155863654,3.4522896155863654,3.4522896155863654,3.4522896155863654,3.4522896155863654,3.4522896155863654,3.4522896155863654,3.4522896155863654,3.4522896155863654,3.4522896155863654,3.4522896155863654,3.4522896155863654,3.4522896155863654,3.4522896155863654,3.4522896155863654,3.4522896155863654,3.4522896155863654,3.4522896155863654,3.4522896155863654,3.4522896155863654,3.4522896155863654,3.4522896155863654,3.4522896155863654,3.4522896155863654,3.4522896155863654,3.4522896155863654,3.4522896155863654,3.4522896155863654,3.4522896155863654,3.4522896155863654,3.4522896155863654,3.4522896155863654,3.4522896155863654,3.4522896155863654,3.4522896155863654,3.4522896155863654,3.4522896155863654,3.4522896155863654,3.4522896155863654,3.4522896155863654,3.4522896155863654,3.4522896155863654,3.4522896155863654,3.4522896155863654,3.4522896155863654,3.4522896155863654,3.4522896155863654,3.4522896155863654,3.4522896155863654,3.4522896155863654,3.4522896155863654,3.4522896155863654,3.4522896155863654,3.4522896155863654,3.4522896155863654,3.4522896155863654,3.4522896155863654,3.4522896155863654,3.4522896155863654,3.4522896155863654,3.4522896155863654,3.4522896155863654,3.4522896155863654,3.4522896155863654,3.4522896155863654,3.4522896155863654,3.4522896155863654,3.4522896155863654,3.4522896155863654,3.4522896155863654,3.4522896155863654,3.4522896155863654,3.4522896155863654,3.4522896155863654,3.4522896155863654,3.4522896155863654,3.4522896155863654,3.4522896155863654,3.4522896155863654,3.4522896155863654,3.4522896155863654,3.4522896155863654,3.4522896155863654,3.4522896155863654,3.4522896155863654,3.4522896155863654,3.4522896155863654,3.4522896155863654,3.4522896155863654,3.4522896155863654,3.4522896155863654,3.4522896155863654,3.4522896155863654,3.4522896155863654,3.4522896155863654,3.4522896155863654,3.4522896155863654,3.4522896155863654,3.4522896155863654,3.4522896155863654,3.4522896155863654,3.4522896155863654,3.4522896155863654,3.4522896155863654,3.4522896155863654,3.4522896155863654,3.4522896155863654,3.4522896155863654,3.4522896155863654,3.4522896155863654,3.4522896155863654,3.4522896155863654,3.4522896155863654,3.4522896155863654,3.4522896155863654,3.4522896155863654,3.4522896155863654,3.4522896155863654,3.4522896155863654,3.4522896155863654,3.4522896155863654,3.4522896155863654,3.4522896155863654,3.4522896155863654,3.4522896155863654,3.4522896155863654,3.4522896155863654,3.4522896155863654,3.4522896155863654,3.4522896155863654,3.4522896155863654,3.4522896155863654,3.4522896155863654,3.4522896155863654,3.4522896155863654,3.4522896155863654,3.4522896155863654,3.4522896155863654,3.4522896155863654,3.4522896155863654,3.4522896155863654,3.4522896155863654,3.4522896155863654,3.4522896155863654,3.4522896155863654,3.4522896155863654,3.4522896155863654,3.4522896155863654,3.4522896155863654,3.4522896155863654,3.4522896155863654,3.4522896155863654,3.4522896155863654,3.4522896155863654,3.4522896155863654,3.4522896155863654,3.4522896155863654,3.4522896155863654,3.4522896155863654,3.4522896155863654,3.4522896155863654,3.4522896155863654,3.4522896155863654,3.4522896155863654,3.4522896155863654,3.4522896155863654,3.4522896155863654,3.4522896155863654,3.4522896155863654,3.4522896155863654,3.4522896155863654,3.4522896155863654,3.4522896155863654,3.4522896155863654,3.4522896155863654,3.4522896155863654,3.4522896155863654,3.4522896155863654,3.4522896155863654,3.4522896155863654,3.4522896155863654,3.4522896155863654,3.4522896155863654,3.4522896155863654,3.4522896155863654,3.4522896155863654,3.4522896155863654,3.4522896155863654,3.4522896155863654,3.4522896155863654,3.4522896155863654,3.4522896155863654,3.4522896155863654,3.4522896155863654,3.4522896155863654,3.4522896155863654,3.4522896155863654,3.4522896155863654,3.4522896155863654,3.4522896155863654,3.4522896155863654,3.4522896155863654,3.4522896155863654,3.4522896155863654,3.4522896155863654,3.4522896155863654,3.4522896155863654,3.4522896155863654,3.4522896155863654,3.4522896155863654,3.4522896155863654,3.4522896155863654,3.4522896155863654,3.4522896155863654,3.4522896155863654,3.4522896155863654,3.4522896155863654,3.4522896155863654,3.4522896155863654,3.4522896155863654,3.4522896155863654,3.4522896155863654,3.4522896155863654,3.4522896155863654,3.4522896155863654,3.4522896155863654,3.4522896155863654,3.4522896155863654,3.4522896155863654,3.4522896155863654,3.4522896155863654,3.4522896155863654,3.4522896155863654,3.4522896155863654,3.4522896155863654,3.4522896155863654,3.4522896155863654,3.4522896155863654,3.4522896155863654,3.4522896155863654,3.4522896155863654,3.4522896155863654,3.4522896155863654,3.4522896155863654,3.4522896155863654,3.4522896155863654,3.4522896155863654,3.4522896155863654,3.4522896155863654,3.4522896155863654,3.4522896155863654,3.4522896155863654,3.4522896155863654,3.4522896155863654,3.4522896155863654,3.4522896155863654,3.4522896155863654,3.4522896155863654,3.4522896155863654,3.4522896155863654,3.4522896155863654,3.4522896155863654,3.4522896155863654,3.4522896155863654,3.4522896155863654,3.4522896155863654,3.4522896155863654,3.4522896155863654,3.4522896155863654,3.4522896155863654,3.4522896155863654,3.4522896155863654,3.4522896155863654,3.4522896155863654,3.4522896155863654,3.4522896155863654,3.4522896155863654,3.4522896155863654,3.4522896155863654,3.4522896155863654,3.4522896155863654,3.4522896155863654,3.4522896155863654,3.4522896155863654,3.4522896155863654,3.4522896155863654,3.4522896155863654,3.4522896155863654,3.4522896155863654,3.4522896155863654,3.4522896155863654,3.4522896155863654,3.4522896155863654,3.4522896155863654,3.4522896155863654,3.4522896155863654,3.4522896155863654,3.4522896155863654,3.4522896155863654,3.4522896155863654,3.4522896155863654,3.4522896155863654,3.4522896155863654,3.4522896155863654,3.4522896155863654,3.4522896155863654,3.4522896155863654,3.4522896155863654,3.4522896155863654,3.4522896155863654,3.4522896155863654,3.4522896155863654,3.4522896155863654,3.4522896155863654,3.4522896155863654,3.4522896155863654,3.4522896155863654,3.4522896155863654,3.4522896155863654,3.4522896155863654,3.4522896155863654,3.4522896155863654,3.4522896155863654,3.4522896155863654,3.4522896155863654,3.4522896155863654,3.4522896155863654,3.4522896155863654,3.4522896155863654,3.4522896155863654,3.4522896155863654,3.4522896155863654,3.4522896155863654,3.4522896155863654,3.4522896155863654,3.4522896155863654,3.4522896155863654,3.4522896155863654,3.4522896155863654,3.4522896155863654,3.4522896155863654,3.4522896155863654,3.4522896155863654,3.4522896155863654,3.4522896155863654,3.4522896155863654,3.4522896155863654,3.4522896155863654,3.4522896155863654,3.4522896155863654,3.4522896155863654,3.4522896155863654,3.4522896155863654,3.4522896155863654,3.4522896155863654,3.4522896155863654,3.4522896155863654,3.4522896155863654,3.4522896155863654,3.4522896155863654,3.4522896155863654,3.4522896155863654,3.4522896155863654,3.4522896155863654,3.4522896155863654,3.4522896155863654,3.4522896155863654,3.4522896155863654,3.4522896155863654,3.4522896155863654,3.4522896155863654,3.4522896155863654,3.4522896155863654,3.4522896155863654,3.4522896155863654,3.4522896155863654,3.4522896155863654,3.4522896155863654,3.4522896155863654,3.4522896155863654,3.4522896155863654,3.4522896155863654,3.4522896155863654,3.4522896155863654,3.4522896155863654,3.4522896155863654,3.4522896155863654,3.4522896155863654,3.4522896155863654,3.4522896155863654,3.4522896155863654,3.4522896155863654,3.4522896155863654,3.4522896155863654,3.4522896155863654,3.4522896155863654,3.4522896155863654,3.4522896155863654,3.4522896155863654,3.4522896155863654,3.4522896155863654,3.4522896155863654,3.4522896155863654,3.4522896155863654,3.4522896155863654,3.4522896155863654,3.4522896155863654,3.4522896155863654,3.4522896155863654,3.4522896155863654,3.4522896155863654,3.4522896155863654,3.4522896155863654,3.4522896155863654,3.4522896155863654,3.4522896155863654,3.4522896155863654,3.4522896155863654,3.4522896155863654,3.4522896155863654,3.4522896155863654,3.4522896155863654,3.4522896155863654,3.4522896155863654,3.4522896155863654,3.4522896155863654,3.4522896155863654,3.4522896155863654,3.4522896155863654,7.554477563202568,7.413527532356093,6.053564071390396,6.053564071390396,6.053564071390396,6.053564071390396,6.053564071390396,6.053564071390396,6.053564071390396,6.053564071390396,6.053564071390396,6.053564071390396,6.053564071390396,6.053564071390396,6.053564071390396,6.053564071390396,6.053564071390396,6.053564071390396,6.053564071390396,6.053564071390396,6.053564071390396,6.053564071390396,6.053564071390396,5.2701618401095,5.2701618401095,5.2701618401095,5.2701618401095,5.2701618401095,5.2701618401095,5.2701618401095,5.2701618401095,5.2701618401095,5.2701618401095,5.2701618401095,5.2701618401095,5.2701618401095,5.2701618401095,5.2701618401095,5.2701618401095,5.2701618401095,5.2701618401095,5.2701618401095,5.2701618401095,5.2701618401095,5.2701618401095,5.2701618401095,5.2701618401095,5.2701618401095,5.2701618401095,5.2701618401095,5.2701618401095,5.2701618401095,5.2701618401095,5.2701618401095,5.2701618401095,5.2701618401095,5.2701618401095,5.2701618401095,5.2701618401095,5.2701618401095,5.2701618401095,5.2701618401095,5.2701618401095,5.2701618401095,5.2701618401095,5.242695659999858,5.242695659999858,5.242695659999858,5.242695659999858,5.242695659999858,5.242695659999858,5.242695659999858,5.242695659999858,5.242695659999858,5.242695659999858,5.242695659999858,5.242695659999858,5.242695659999858,5.242695659999858,5.242695659999858,5.242695659999858,5.242695659999858,5.242695659999858,5.242695659999858,5.242695659999858,5.242695659999858,5.242695659999858,5.242695659999858,5.242695659999858,5.242695659999858,5.242695659999858,5.242695659999858,5.242695659999858,5.242695659999858,5.242695659999858,5.242695659999858,5.242695659999858,5.242695659999858,5.242695659999858,5.242695659999858,5.242695659999858,5.242695659999858,5.119131364998267,5.119131364998267,5.119131364998267,5.119131364998267,5.119131364998267,5.119131364998267,5.119131364998267,5.119131364998267,5.119131364998267,5.119131364998267,5.119131364998267,5.119131364998267,5.119131364998267,5.119131364998267,5.119131364998267,5.119131364998267,5.119131364998267,5.119131364998267,5.119131364998267,5.119131364998267,5.119131364998267,5.119131364998267,5.119131364998267,5.119131364998267,5.119131364998267,5.119131364998267,5.119131364998267,5.119131364998267,5.119131364998267,5.119131364998267,5.119131364998267,5.119131364998267,5.119131364998267,5.119131364998267,5.119131364998267,5.119131364998267,5.119131364998267,5.119131364998267,5.119131364998267,5.119131364998267,5.119131364998267,5.119131364998267,5.119131364998267,5.119131364998267,5.119131364998267,5.119131364998267,5.119131364998267,5.119131364998267,5.119131364998267,5.119131364998267,5.119131364998267,5.119131364998267,5.119131364998267,5.119131364998267,5.119131364998267,5.119131364998267,5.119131364998267,5.119131364998267,5.119131364998267,5.119131364998267,5.119131364998267,5.119131364998267,5.119131364998267,5.119131364998267,5.119131364998267,5.119131364998267,5.119131364998267,5.119131364998267,5.119131364998267,5.119131364998267,5.119131364998267,5.119131364998267,5.119131364998267,5.119131364998267,5.119131364998267,5.119131364998267,5.119131364998267,5.119131364998267,5.119131364998267,5.119131364998267,5.119131364998267,5.119131364998267,5.119131364998267,5.119131364998267,5.119131364998267,5.119131364998267,5.119131364998267,5.119131364998267,5.119131364998267,5.119131364998267,5.119131364998267,5.119131364998267,5.119131364998267,5.119131364998267,5.119131364998267,5.119131364998267,5.119131364998267,5.119131364998267,5.119131364998267,5.119131364998267,5.119131364998267,5.119131364998267,5.119131364998267,5.119131364998267,5.119131364998267,5.119131364998267,5.119131364998267,5.119131364998267,5.119131364998267,5.119131364998267,5.119131364998267,5.119131364998267,5.119131364998267,5.119131364998267,5.119131364998267,5.119131364998267,5.119131364998267,5.119131364998267,4.763440029019986,4.763440029019986,4.763440029019986,4.763440029019985,4.763440029019985,4.763440029019985,4.763440029019985,4.763440029019985,4.763440029019985,4.763440029019985,4.763440029019985,4.763440029019985,4.763440029019985,4.763440029019985,4.763440029019985,4.763440029019985,4.763440029019985,4.763440029019985,4.763440029019985,4.763440029019985,4.7134497751676605,4.7134497751676605,4.7134497751676605,4.7134497751676605,4.7134497751676605,4.7134497751676605,4.7134497751676605,4.7134497751676605,4.7134497751676605,4.7134497751676605,4.7134497751676605,4.7134497751676605,4.7134497751676605,4.7134497751676605,4.7134497751676605,4.7134497751676605,4.7134497751676605,4.7134497751676605,4.7134497751676605,4.7134497751676605,4.7134497751676605,4.7134497751676605,4.7134497751676605,4.7134497751676605,4.7134497751676605,4.7134497751676605,4.7134497751676605,4.7134497751676605,4.7134497751676605,4.7134497751676605,4.7134497751676605,4.7134497751676605,4.7134497751676605,4.7134497751676605,4.7134497751676605,4.004679531146035,4.004679531146035,4.004679531146035,4.004679531146035,4.004679531146035,4.004679531146035,4.004679531146035,4.004679531146035,4.004679531146035,4.004679531146035,4.004679531146035,4.004679531146035,4.004679531146035,4.004679531146035,4.004679531146035,4.004679531146035,4.004679531146035,4.004679531146035,4.004679531146035,4.004679531146035,4.004679531146035,4.004679531146035,4.004679531146035,4.004679531146035,4.004679531146035,4.004679531146035,4.004679531146035,4.004679531146035,4.004679531146035,4.004679531146035,4.004679531146035,4.004679531146035,4.004679531146035,4.004679531146035,4.004679531146035,4.004679531146035,4.004679531146035,4.004679531146035,4.004679531146035,4.004679531146035,4.004679531146035,4.004679531146035,4.004679531146035,4.004679531146035,4.004679531146035,4.004679531146035,4.004679531146035,4.004679531146035,4.004679531146035,4.004679531146035,4.004679531146035,4.004679531146035,4.004679531146035,4.004679531146035,4.004679531146035,4.004679531146035,4.004679531146035,4.004679531146035,4.004679531146035,4.004679531146035,4.004679531146035,4.004679531146035,4.004679531146035,4.004679531146035,4.004679531146035,4.004679531146035,4.004679531146035,4.004679531146035,4.004679531146035,4.004679531146035,4.004679531146035,4.004679531146035,4.004679531146035,4.004679531146035,4.004679531146035,4.004679531146035,4.004679531146035,4.004679531146035,4.004679531146035,4.004679531146035,4.004679531146035,4.004679531146035,4.004679531146035,4.004679531146035,4.004679531146035,4.004679531146035,4.004679531146035,4.004679531146035,4.004679531146035,4.004679531146035,4.004679531146035,4.004679531146035,4.004679531146035,4.004679531146035,4.004679531146035,4.004679531146035,4.004679531146035,4.004679531146035,4.004679531146035,4.004679531146035,4.004679531146035,4.004679531146035,4.004679531146035,4.004679531146035,4.004679531146035,4.004679531146035,4.004679531146035,4.004679531146035,4.004679531146035,4.004679531146035,4.004679531146035,4.004679531146035,4.004679531146035,4.004679531146035,4.004679531146035,4.004679531146035,4.004679531146035,4.004679531146035,4.004679531146035,4.004679531146035,4.004679531146035,4.004679531146035,4.004679531146035,4.004679531146035,4.004679531146035,4.004679531146035,4.004679531146035,4.004679531146035,4.004679531146035,4.004679531146035,4.004679531146035,4.004679531146035,4.004679531146035,4.004679531146035,4.004679531146035,4.004679531146035,4.004679531146035,4.004679531146035,4.004679531146035,4.004679531146035,4.004679531146035,4.004679531146035,4.004679531146035,4.004679531146035,4.004679531146035,4.004679531146035,4.004679531146035,4.004679531146035,4.004679531146035,4.004679531146035,4.004679531146035,4.004679531146035,4.004679531146035,4.004679531146035,4.004679531146035,4.004679531146035,4.004679531146035,4.004679531146035,4.004679531146035,4.004679531146035,4.004679531146035,4.004679531146035,4.004679531146035,4.004679531146035,4.004679531146035,4.004679531146035,4.004679531146035,4.004679531146035,4.004679531146035,4.004679531146035,4.004679531146035,4.004679531146035,4.004679531146035,4.004679531146035,4.004679531146035,4.004679531146035,4.004679531146035,4.004679531146035,4.004679531146035,4.004679531146035,4.004679531146035,4.004679531146035,4.004679531146035,4.004679531146035,4.004679531146035,4.004679531146035,4.004679531146035,4.004679531146035,4.004679531146035,4.004679531146035,4.004679531146035,4.004679531146035,4.004679531146035,4.004679531146035,4.004679531146035,4.004679531146035,4.004679531146035,4.004679531146035,4.004679531146035,4.004679531146035,4.004679531146035,4.004679531146035,4.004679531146035,4.004679531146035,4.004679531146035,4.004679531146035,4.004679531146035,4.004679531146035,4.004679531146035,4.004679531146035,4.004679531146035,4.004679531146035,4.004679531146035,4.004679531146035,4.004679531146035,4.004679531146035,4.004679531146035,4.004679531146035,4.004679531146035,4.004679531146035,4.004679531146035,4.004679531146035,4.004679531146035,4.004679531146035,4.004679531146035,4.004679531146035,4.004679531146035,4.004679531146035,4.004679531146035,4.004679531146035,4.004679531146035,4.004679531146035,4.004679531146035,4.004679531146035,4.004679531146035,4.004679531146035,4.004679531146035,4.004679531146035,4.004679531146035,4.004679531146035,4.004679531146035,4.004679531146035,4.004679531146035,4.004679531146035,4.004679531146035,4.004679531146035,4.004679531146035,4.004679531146035,4.004679531146035,4.004679531146035,4.004679531146035,4.004679531146035,4.004679531146035,4.004679531146035,4.004679531146035,4.004679531146035,4.004679531146035,4.004679531146035,4.004679531146035,4.004679531146035,4.004679531146035,4.004679531146035,4.004679531146035,4.004679531146035,4.004679531146035,4.004679531146035,4.004679531146035,4.004679531146035,4.004679531146035,4.004679531146035,4.004679531146035,4.004679531146035,4.004679531146035,4.004679531146035,4.004679531146035,4.004679531146035,4.004679531146035,4.004679531146035,4.004679531146035,4.004679531146035,4.004679531146035,4.004679531146035,4.004679531146035,4.004679531146035,4.004679531146035,4.004679531146035,4.004679531146035,4.004679531146035,4.004679531146035,4.004679531146035,4.004679531146035,4.004679531146035,4.004679531146035,4.004679531146035,4.004679531146035,4.004679531146035,4.004679531146035,4.004679531146035,4.004679531146035,4.004679531146035,4.004679531146035,4.004679531146035,4.004679531146035,4.004679531146035,4.004679531146035,4.004679531146035,4.004679531146035,4.004679531146035,4.004679531146035,4.004679531146035,4.004679531146035,4.004679531146035,4.004679531146035,4.004679531146035,4.004679531146035,4.004679531146035,4.004679531146035,4.004679531146035,4.004679531146035,4.004679531146035,4.004679531146035,4.004679531146035,4.004679531146035,4.004679531146035,4.004679531146035,4.004679531146035,4.004679531146035,4.004679531146035,4.004679531146035,4.004679531146035,4.004679531146035,4.004679531146035,4.004679531146035,4.004679531146035,4.004679531146035,4.004679531146035,4.004679531146035,4.004679531146035,4.004679531146035,4.004679531146035,4.004679531146035,4.004679531146035,4.004679531146035,4.004679531146035,4.004679531146035,4.004679531146035,4.004679531146035,4.004679531146035,4.004679531146035,4.004679531146035,4.004679531146035,4.004679531146035,4.004679531146035,4.004679531146035,4.004679531146035,4.004679531146035,4.004679531146035,4.004679531146035,4.004679531146035,4.004679531146035,4.004679531146035,4.004679531146035,4.004679531146035,4.004679531146035,4.004679531146035,4.004679531146035,4.004679531146035,4.004679531146035,4.004679531146035,4.004679531146035,4.004679531146035,4.004679531146035,4.004679531146035,4.004679531146035,4.004679531146035,4.004679531146035,4.004679531146035,4.004679531146035,4.004679531146035,4.004679531146035,4.004679531146035,4.004679531146035,4.004679531146035,4.004679531146035,4.004679531146035,4.004679531146035,4.004679531146035,4.004679531146035,4.004679531146035,4.004679531146035,4.004679531146035,4.004679531146035,4.004679531146035,4.004679531146035,4.004679531146035,4.004679531146035,4.004679531146035,4.004679531146035,4.004679531146035,4.004679531146035,4.004679531146035,4.004679531146035,4.004679531146035,4.004679531146035,4.004679531146035,4.004679531146035,4.004679531146035,4.004679531146035,4.004679531146035,4.004679531146035,4.004679531146035,4.004679531146035,4.004679531146035,4.004679531146035,4.004679531146035,4.004679531146035,4.004679531146035,4.004679531146035,4.004679531146035,4.004679531146035,4.004679531146035,4.004679531146035,4.004679531146035,4.004679531146035,4.004679531146035,4.004679531146035,4.004679531146035,4.004679531146035,4.004679531146035,4.004679531146035,4.004679531146035,4.004679531146035,4.004679531146035,4.004679531146035,4.004679531146035,4.004679531146035,4.004679531146035,4.004679531146035,4.004679531146035,4.004679531146035,4.004679531146035,4.004679531146035,4.004679531146035,4.004679531146035,4.004679531146035,4.004679531146035,4.004679531146035,4.004679531146035,4.004679531146035,4.004679531146035,4.004679531146035,4.004679531146035,4.004679531146035,4.004679531146035,4.004679531146035,4.004679531146035,4.004679531146035,4.004679531146035,4.004679531146035,4.004679531146035,4.004679531146035,4.004679531146035,4.004679531146035,4.004679531146035,4.004679531146035,4.004679531146035,4.004679531146035,4.004679531146035,4.004679531146035,4.004679531146035,4.004679531146035,4.004679531146035,4.004679531146035,4.004679531146035,4.004679531146035,4.004679531146035,4.004679531146035,4.004679531146035,4.004679531146035,4.004679531146035,4.004679531146035,4.004679531146035,4.004679531146035,4.004679531146035,4.004679531146035,4.004679531146035,4.004679531146035,4.004679531146035,4.004679531146035,4.004679531146035,4.004679531146035,4.004679531146035,4.004679531146035,4.004679531146035,4.004679531146035,4.004679531146035,4.004679531146035,4.004679531146035,4.004679531146035,4.004679531146035,4.004679531146035,4.004679531146035,4.004679531146035,4.004679531146035,4.004679531146035,4.004679531146035,4.004679531146035,4.004679531146035,4.004679531146035,4.004679531146035,4.004679531146035,4.004679531146035,4.004679531146035,4.004679531146035,4.004679531146035,4.004679531146035,4.004679531146035,4.004679531146035,4.004679531146035,4.004679531146035,4.004679531146035,4.004679531146035,4.004679531146035,4.004679531146035,4.004679531146035,4.004679531146035,4.004679531146035,4.004679531146035,4.004679531146035,4.004679531146035,4.004679531146035,4.004679531146035,4.004679531146035,4.004679531146035,4.004679531146035,4.004679531146035,4.004679531146035,4.004679531146035,4.004679531146035,4.004679531146035,4.004679531146035,4.004679531146035,4.004679531146035,4.004679531146035,4.004679531146035,4.004679531146035,4.004679531146035,4.004679531146035,4.004679531146035,4.004679531146035,4.004679531146035,4.004679531146035,4.004679531146035,4.004679531146035,4.004679531146035,4.004679531146035,4.004679531146035,4.004679531146035,4.004679531146035,4.004679531146035,4.004679531146035,4.004679531146035,4.004679531146035,4.004679531146035,4.004679531146035,4.004679531146035,4.004679531146035,4.004679531146035,4.004679531146035,4.004679531146035,2.3816038012062393,2.3816038012062393,2.3816038012062393,2.3816038012062393,2.3816038012062393,2.3816038012062393,2.3816038012062393,2.3816038012062393,2.3816038012062393,2.3816038012062393,2.3816038012062393,2.3816038012062393,2.3816038012062393,2.3816038012062393,2.3816038012062393,2.3816038012062393,2.3816038012062393,2.3816038012062393,2.3816038012062393,2.3816038012062393,2.3816038012062393,2.3816038012062393,2.3816038012062393,2.3816038012062393,2.3816038012062393,2.3816038012062393,2.3816038012062393,2.3816038012062393,2.3816038012062393,2.3816038012062393,2.3816038012062393,2.3816038012062393,2.3816038012062393,2.3816038012062393,2.3816038012062393,2.3816038012062393,2.3816038012062393,2.3816038012062393,2.3816038012062393,2.3816038012062393,2.3816038012062393,2.3816038012062393,2.3816038012062393,2.3816038012062393,2.3816038012062393,2.3816038012062393,2.3816038012062393,2.3816038012062393,2.3816038012062393,2.3816038012062393,2.3816038012062393,2.3816038012062393,2.3816038012062393,2.3816038012062393,2.3816038012062393,2.3816038012062393,2.3816038012062393,2.3816038012062393,2.3816038012062393,2.3816038012062393,2.3816038012062393,2.3816038012062393,2.3816038012062393,2.3816038012062393,2.3816038012062393,2.3816038012062393,2.3816038012062393,2.3816038012062393,2.3816038012062393,2.3816038012062393,2.3816038012062393,2.3816038012062393,2.3816038012062393,2.3816038012062393,2.3816038012062393,2.3816038012062393,2.3816038012062393,2.3816038012062393,2.3816038012062393,2.3816038012062393,2.3816038012062393,2.3816038012062393,2.3816038012062393,2.3816038012062393,2.3816038012062393,2.3816038012062393,2.3816038012062393,2.3816038012062393,2.3816038012062393,2.3816038012062393,2.3816038012062393,2.3816038012062393,2.3816038012062393,2.3816038012062393,2.3816038012062393,2.3816038012062393,2.3816038012062393,2.3816038012062393,2.3816038012062393,2.3816038012062393,2.3816038012062393,2.3816038012062393,2.3816038012062393,2.3816038012062393,2.3816038012062393,2.3816038012062393,2.3816038012062393,2.3816038012062393,2.3816038012062393,2.3816038012062393,2.3816038012062393,2.3816038012062393,2.3816038012062393,2.3816038012062393,2.3816038012062393,2.3816038012062393,2.3816038012062393,2.3816038012062393,2.3816038012062393,2.3816038012062393,2.3816038012062393,2.3816038012062393,2.3816038012062393,2.3816038012062393,2.3816038012062393,2.3816038012062393,2.3816038012062393,2.3816038012062393,2.3816038012062393,2.3816038012062393,2.3816038012062393,2.3816038012062393,2.3816038012062393,2.3816038012062393,2.3816038012062393,2.3816038012062393,2.3816038012062393,2.3816038012062393,2.3816038012062393,2.3816038012062393,2.3816038012062393,2.3816038012062393,2.3816038012062393,2.3816038012062393,2.3816038012062393,2.3816038012062393,2.3816038012062393,2.3816038012062393,2.3816038012062393,2.3816038012062393,2.3816038012062393,2.3816038012062393,2.3816038012062393,2.3816038012062393,2.3816038012062393,8.78898251433096,8.78898251433096,8.494022923252905,8.494022923252905,8.3518493638187,7.470747904905912,7.470747904905912,6.910091616809151,6.910091616809151,6.910091616809151,6.910091616809151,6.910091616809151,6.910091616809151,6.910091616809151,6.910091616809151,6.910091616809151,6.910091616809151,6.910091616809151,5.895279247768913,5.895279247768913,5.895279247768913,5.895279247768913,5.895279247768913,5.895279247768913,5.895279247768913,5.895279247768913,5.895279247768913,5.895279247768913,5.895279247768913,5.895279247768913,5.895279247768913,5.895279247768913,5.895279247768913,5.895279247768913,5.895279247768913,5.895279247768913,5.895279247768913,5.895279247768913,5.895279247768913,5.895279247768913,5.895279247768913,5.895279247768913,5.895279247768913,5.895279247768913,5.895279247768913,5.895279247768913,5.895279247768913,5.895279247768913,5.895279247768913,5.895279247768913,5.895279247768913,5.895279247768913,5.895279247768913,5.895279247768913,5.895279247768913,5.895279247768913,5.895279247768913,5.895279247768913,5.895279247768913,5.895279247768913,5.895279247768913,5.895279247768913,5.895279247768913,5.895279247768913,5.895279247768913,5.895279247768913,5.895279247768913,5.895279247768913,5.895279247768913,5.895279247768913,5.895279247768913,5.895279247768913,5.895279247768913,5.895279247768913,5.895279247768913,5.895279247768913,5.895279247768913,5.895279247768913,5.895279247768913,5.895279247768913,5.895279247768913,5.895279247768913,5.895279247768913,5.895279247768913,5.895279247768913,5.895279247768913,5.895279247768913,5.895279247768913,5.895279247768913,5.895279247768913,5.895279247768913,5.895279247768913,5.895279247768913,5.895279247768913,5.895279247768913,5.895279247768913,5.895279247768913,5.895279247768913,5.895279247768913,5.895279247768913,5.895279247768913,5.895279247768913,5.895279247768913,5.895279247768913,5.895279247768913,5.895279247768913,5.895279247768913,5.895279247768913,5.895279247768913,5.895279247768913,5.895279247768913,5.895279247768913,5.895279247768913,5.895279247768913,5.895279247768913,5.895279247768913,5.895279247768913,5.895279247768913,5.895279247768913,5.895279247768913,5.895279247768913,5.895279247768913,5.895279247768913,5.895279247768913,5.895279247768913,5.895279247768913,5.895279247768913,4.884540357408964,4.884540357408964,4.884540357408964,4.884540357408964,4.884540357408964,4.884540357408964,4.884540357408964,4.884540357408964,4.884540357408964,4.884540357408964,4.884540357408964,4.884540357408964,4.884540357408964,4.884540357408964,4.884540357408964,4.884540357408964,4.884540357408964,4.884540357408964,4.884540357408964,4.884540357408964,4.884540357408964,4.884540357408964,4.884540357408964,4.884540357408964,4.884540357408964,4.884540357408964,4.884540357408964,4.884540357408964,4.884540357408964,4.884540357408964,4.884540357408964,4.884540357408964,4.884540357408964,4.884540357408964,4.884540357408964,4.884540357408964,4.884540357408964,4.884540357408964,4.884540357408964,4.884540357408964,4.884540357408964,4.884540357408964,4.884540357408964,4.884540357408964,4.884540357408964,4.884540357408964,4.884540357408964,4.884540357408964,4.884540357408964,4.884540357408964,4.884540357408964,4.884540357408964,4.884540357408964,4.884540357408964,4.884540357408964,4.884540357408964,4.884540357408964,4.884540357408964,4.884540357408964,4.884540357408964,4.884540357408964,4.884540357408964,4.884540357408964,4.884540357408964,4.884540357408964,4.884540357408964,4.884540357408964,4.884540357408964,4.884540357408964,4.884540357408964,4.884540357408964,4.884540357408964,4.884540357408964,4.884540357408964,4.884540357408964,4.884540357408964,4.884540357408964,4.884540357408964,4.884540357408964,4.884540357408964,4.884540357408964,4.884540357408964,4.884540357408964,4.884540357408964,4.884540357408964,4.884540357408964,4.884540357408964,4.884540357408964,4.884540357408964,4.884540357408964,4.884540357408964,4.884540357408964,4.884540357408964,4.884540357408964,4.884540357408964,4.884540357408964,4.884540357408964,4.884540357408964,4.884540357408964,4.884540357408964,4.884540357408964,4.884540357408964,4.884540357408964,4.884540357408964,4.884540357408964,4.884540357408964,4.884540357408964,4.884540357408964,4.884540357408964,4.884540357408964,4.884540357408964,4.884540357408964,4.884540357408964,4.884540357408964,4.884540357408964,4.884540357408964,4.884540357408964,4.884540357408964,4.884540357408964,4.884540357408964,4.884540357408964,4.884540357408964,4.884540357408964,4.884540357408964,4.884540357408964,4.884540357408964,4.884540357408964,4.884540357408964,4.884540357408964,4.884540357408964,4.884540357408964,4.884540357408964,4.884540357408964,4.884540357408964,4.884540357408964,4.884540357408964,4.884540357408964,4.884540357408964,4.884540357408964,4.884540357408964,4.884540357408964,4.884540357408964,4.884540357408964,4.884540357408964,4.884540357408964,4.884540357408964,4.884540357408964,4.884540357408964,4.884540357408964,4.884540357408964,4.884540357408964,4.884540357408964,4.884540357408964,4.884540357408964,4.884540357408964,4.884540357408964,4.884540357408964,4.884540357408964,4.884540357408964,4.884540357408964,4.884540357408964,4.884540357408964,4.884540357408964,4.884540357408964,4.884540357408964,4.884540357408964,4.884540357408964,4.884540357408964,4.884540357408964,4.884540357408964,4.884540357408964,4.884540357408964,4.884540357408964,4.884540357408964,4.884540357408964,4.884540357408964,4.884540357408964,4.884540357408964,4.884540357408964,4.884540357408964,4.884540357408964,4.884540357408964,4.884540357408964,4.884540357408964,4.884540357408964,4.884540357408964,4.884540357408964,4.884540357408964,4.884540357408964,4.884540357408964,4.884540357408964,4.884540357408964,4.884540357408964,4.884540357408964,4.884540357408964,4.884540357408964,4.884540357408964,4.884540357408964,4.884540357408964,4.884540357408964,4.884540357408964,4.884540357408964,4.884540357408964,4.884540357408964,4.884540357408964,4.884540357408964,4.884540357408964,4.884540357408964,4.884540357408964,4.884540357408964,4.884540357408964,4.884540357408964,4.884540357408964,4.884540357408964,4.884540357408964,4.884540357408964,4.884540357408964,4.884540357408964,4.884540357408964,4.884540357408964,4.884540357408964,4.884540357408964,4.884540357408964,4.884540357408964,4.884540357408964,4.884540357408964,4.884540357408964,4.884540357408964,4.884540357408964,4.884540357408964,4.884540357408964,4.884540357408964,4.884540357408964,4.884540357408964,4.884540357408964,4.884540357408964,4.884540357408964,4.884540357408964,4.884540357408964,4.884540357408964,4.884540357408964,4.884540357408964,4.884540357408964,4.884540357408964,4.884540357408964,4.884540357408964,4.884540357408964,4.884540357408964,4.884540357408964,4.884540357408964,4.884540357408964,4.884540357408964,4.884540357408964,4.884540357408964,4.884540357408964,4.884540357408964,4.884540357408964,4.884540357408964,4.884540357408964,4.884540357408964,4.884540357408964,4.884540357408964,4.884540357408964,4.884540357408964,4.884540357408964,4.884540357408964,4.884540357408964,4.884540357408964,4.884540357408964,4.884540357408964,4.884540357408964,4.884540357408964,4.884540357408964,4.884540357408964,4.884540357408964,4.884540357408964,4.884540357408964,4.884540357408964,4.884540357408964,4.884540357408964,4.884540357408964,4.884540357408964,4.884540357408964,4.884540357408964,4.884540357408964,4.884540357408964,4.884540357408964,4.884540357408964,4.884540357408964,4.884540357408964,4.884540357408964,4.884540357408964,4.884540357408964,4.884540357408964,4.884540357408964,4.884540357408964,4.884540357408964,4.884540357408964,4.884540357408964,4.884540357408964,4.884540357408964,4.884540357408964,4.884540357408964,4.884540357408964,4.884540357408964,4.884540357408964,4.884540357408964,4.884540357408964,4.884540357408964,4.884540357408964,4.884540357408964,4.884540357408964,4.884540357408964,4.884540357408964,4.884540357408964,4.884540357408964,4.884540357408964,4.884540357408964,4.884540357408964,4.884540357408964,4.884540357408964,4.884540357408964,4.884540357408964,4.884540357408964,4.884540357408964,4.884540357408964,4.884540357408964,4.813591941902604,4.813591941902604,4.813591941902604,4.813591941902604,4.813591941902604,4.707559440111137,4.707559440111137,4.707559440111137,4.707559440111137,4.707559440111137,4.707559440111137,4.707559440111137,4.707559440111137,4.707559440111137,4.707559440111137,4.707559440111137,4.707559440111137,4.707559440111137,4.707559440111137,4.707559440111137,4.707559440111137,4.707559440111137,4.707559440111137,4.707559440111137,4.707559440111137,4.707559440111137,4.707559440111137,4.707559440111137,4.707559440111137,4.707559440111137,4.707559440111137,4.707559440111137,4.707559440111137,4.707559440111137,4.707559440111137,4.707559440111137,4.707559440111137,4.707559440111137,4.707559440111137,4.707559440111137,4.707559440111137,4.707559440111137,4.707559440111137,4.707559440111137,4.707559440111137,4.707559440111137,4.707559440111137,4.707559440111137,4.707559440111137,4.707559440111137,4.707559440111137,4.707559440111137,4.707559440111137,4.707559440111137,4.707559440111137,4.707559440111137,4.707559440111137,4.707559440111137,4.707559440111137,4.707559440111137,4.707559440111137,4.707559440111137,4.707559440111137,4.707559440111137,4.707559440111137,4.707559440111137,4.707559440111137,4.707559440111137,4.707559440111137,4.707559440111137,4.707559440111137,4.707559440111137,4.707559440111137,4.707559440111137,4.707559440111137,4.707559440111137,4.707559440111137,4.707559440111137,4.707559440111137,4.707559440111137,4.707559440111137,4.707559440111137,4.707559440111137,4.707559440111137,4.707559440111137,4.707559440111137,4.707559440111137,4.707559440111137,4.707559440111137,4.707559440111137,4.707559440111137,4.707559440111137,4.707559440111137,4.707559440111137,4.707559440111137,4.707559440111137,4.707559440111137,4.707559440111137,4.707559440111137,4.707559440111137,4.707559440111137,4.707559440111137,4.707559440111137,4.707559440111137,4.707559440111137,4.707559440111137,4.707559440111137,4.707559440111137,4.707559440111137,4.707559440111137,4.707559440111137,4.707559440111137,4.707559440111137,4.707559440111137,4.707559440111137,4.707559440111137,4.707559440111137,4.707559440111137,4.707559440111137,4.707559440111137,4.707559440111137,4.707559440111137,4.707559440111137,4.707559440111137,4.707559440111137,4.707559440111137,4.707559440111137,4.707559440111137,4.707559440111137,4.707559440111137,4.707559440111137,4.707559440111137,4.707559440111137,4.707559440111137,4.707559440111137,4.707559440111137,4.707559440111137,4.707559440111137,4.707559440111137,4.707559440111137,4.707559440111137,4.707559440111137,4.707559440111137,4.707559440111137,4.707559440111137,4.707559440111137,4.707559440111137,4.707559440111137,4.707559440111137,4.707559440111137,4.707559440111137,4.707559440111137,4.707559440111137,4.707559440111137,4.707559440111137,4.707559440111137,4.707559440111137,4.707559440111137,4.707559440111137,4.707559440111137,4.707559440111137,4.707559440111137,4.707559440111137,4.707559440111137,4.707559440111137,4.707559440111137,4.707559440111137,4.707559440111137,4.707559440111137,4.707559440111137,4.707559440111137,4.707559440111137,4.707559440111137,4.707559440111137,4.707559440111137,4.707559440111137,4.707559440111137,4.707559440111137,4.707559440111137,4.707559440111137,4.707559440111137,4.707559440111137,4.707559440111137,4.707559440111137,4.707559440111137,4.707559440111137,4.707559440111137,4.707559440111137,4.707559440111137,4.707559440111137,4.707559440111137,4.707559440111137,4.707559440111137,4.707559440111137,4.707559440111137,4.707559440111137,4.707559440111137,4.707559440111137,4.707559440111137,4.707559440111137,4.707559440111137,4.707559440111137,4.707559440111137,4.707559440111137,4.707559440111137,4.707559440111137,4.707559440111137,4.707559440111137,4.707559440111137,4.707559440111137,4.707559440111137,4.707559440111137,4.707559440111137,4.707559440111137,4.707559440111137,4.707559440111137,4.707559440111137,4.707559440111137,4.707559440111137,4.707559440111137,4.707559440111137,4.707559440111137,4.707559440111137,4.707559440111137,4.707559440111137,4.707559440111137,4.707559440111137,4.707559440111137,4.707559440111137,4.707559440111137,4.707559440111137,4.707559440111137,4.707559440111137,4.707559440111137,4.707559440111137,4.707559440111137,4.707559440111137,4.707559440111137,4.707559440111137,4.707559440111137,4.707559440111137,4.707559440111137,4.707559440111137,4.707559440111137,4.707559440111137,4.707559440111137,4.707559440111137,4.707559440111137,4.707559440111137,4.707559440111137,4.707559440111137,4.707559440111137,4.707559440111137,4.707559440111137,4.707559440111137,4.707559440111137,4.707559440111137,4.707559440111137,4.707559440111137,4.707559440111137,4.707559440111137,4.707559440111137,4.707559440111137,4.707559440111137,4.707559440111137,4.707559440111137,4.707559440111137,4.707559440111137,4.707559440111137,4.707559440111137,4.707559440111137,4.707559440111137,4.707559440111137,4.707559440111137,4.707559440111137,4.707559440111137,4.707559440111137,4.707559440111137,4.707559440111137,4.707559440111137,4.707559440111137,4.707559440111137,4.707559440111137,4.707559440111137,4.707559440111137,4.707559440111137,4.707559440111137,4.707559440111137,4.707559440111137,4.707559440111137,4.707559440111137,4.707559440111137,4.707559440111137,4.707559440111137,4.707559440111137,4.707559440111137,4.707559440111137,4.707559440111137,4.707559440111137,4.707559440111137,4.707559440111137,4.707559440111137,4.707559440111137,4.707559440111137,4.707559440111137,4.707559440111137,4.707559440111137,4.707559440111137,4.707559440111137,4.707559440111137,4.707559440111137,4.707559440111137,4.707559440111137,4.707559440111137,4.707559440111137,4.707559440111137,4.707559440111137,4.707559440111137,4.707559440111137,4.707559440111137,4.707559440111137,4.707559440111137,4.707559440111137,4.707559440111137,4.707559440111137,4.707559440111137,4.707559440111137,4.707559440111137,4.707559440111137,4.707559440111137,4.707559440111137,4.707559440111137,4.707559440111137,4.707559440111137,4.707559440111137,4.707559440111137,4.707559440111137,4.707559440111137,4.707559440111137,4.707559440111137,4.707559440111137,4.707559440111137,4.707559440111137,4.707559440111137,4.707559440111137,4.707559440111137,4.707559440111137,4.707559440111137,4.707559440111137,4.707559440111137,4.707559440111137,4.707559440111137,4.707559440111137,4.707559440111137,4.707559440111137,4.707559440111137,4.707559440111137,4.707559440111137,4.707559440111137,4.707559440111137,4.707559440111137,4.707559440111137,4.707559440111137,4.707559440111137,4.707559440111137,4.707559440111137,4.707559440111137,4.707559440111137,4.707559440111137,4.707559440111137,4.707559440111137,4.707559440111137,4.707559440111137,4.707559440111137,4.707559440111137,4.707559440111137,4.707559440111137,4.707559440111137,4.707559440111137,4.707559440111137,4.707559440111137,4.707559440111137,4.707559440111137,4.707559440111137,4.707559440111137,4.707559440111137,4.707559440111137,4.707559440111137,4.707559440111137,4.707559440111137,4.707559440111137,4.707559440111137,4.707559440111137,4.707559440111137,4.707559440111137,4.707559440111137,4.707559440111137,4.707559440111137,4.707559440111137,4.707559440111137,4.707559440111137,4.707559440111137,4.707559440111137,4.707559440111137,4.707559440111137,4.707559440111137,4.707559440111137,4.707559440111137,4.707559440111137,4.707559440111137,4.707559440111137,4.707559440111137,4.707559440111137,4.707559440111137,4.707559440111137,4.707559440111137,4.707559440111137,4.707559440111137,4.707559440111137,4.707559440111137,4.707559440111137,4.707559440111137,4.707559440111137,4.707559440111137,4.707559440111137,4.707559440111137,4.707559440111137,4.707559440111137,4.707559440111137,4.707559440111137,4.707559440111137,4.707559440111137,4.707559440111137,4.707559440111137,4.707559440111137,4.707559440111137,4.707559440111137,4.707559440111137,4.707559440111137,4.707559440111137,4.707559440111137,4.707559440111137,4.707559440111137,4.707559440111137,4.707559440111137,4.707559440111137,4.707559440111137,4.707559440111137,4.707559440111137,4.707559440111137,4.707559440111137,4.707559440111137,4.707559440111137,4.707559440111137,4.707559440111137,4.707559440111137,4.707559440111137,4.707559440111137,4.707559440111137,4.707559440111137,4.707559440111137,4.707559440111137,4.707559440111137,4.707559440111137,4.707559440111137,4.707559440111137,4.707559440111137,4.707559440111137,4.707559440111137,4.707559440111137,4.707559440111137,4.707559440111137,4.707559440111137,4.707559440111137,4.707559440111137,4.707559440111137,4.707559440111137,4.707559440111137,4.707559440111137,4.707559440111137,4.707559440111137,4.707559440111137,4.707559440111137,4.707559440111137,4.707559440111137,4.707559440111137,4.707559440111137,4.707559440111137,4.707559440111137,4.707559440111137,4.707559440111137,4.707559440111137,4.707559440111137,4.707559440111137,4.707559440111137,4.707559440111137,4.707559440111137,4.707559440111137,4.707559440111137,4.707559440111137,4.707559440111137,4.707559440111137,4.707559440111137,4.707559440111137,4.707559440111137,4.707559440111137,4.707559440111137,4.707559440111137,4.707559440111137,4.707559440111137,4.707559440111137,4.707559440111137,4.707559440111137,4.707559440111137,4.707559440111137,4.707559440111137,4.707559440111137,4.707559440111137,4.707559440111137,4.707559440111137,4.707559440111137,4.707559440111137,4.707559440111137,4.707559440111137,4.707559440111137,4.707559440111137,4.707559440111137,4.707559440111137,4.707559440111137,4.707559440111137,4.707559440111137,4.707559440111137,4.707559440111137,4.707559440111137,4.707559440111137,4.707559440111137,4.707559440111137,4.707559440111137,4.707559440111137,4.707559440111137,4.707559440111137,4.707559440111137,4.707559440111137,4.707559440111137,4.707559440111137,4.707559440111137,7.058189571919451,7.010597508742094,5.406343892167863,5.406343892167863,5.406343892167863,5.406343892167863,5.406343892167863,5.406343892167863,5.406343892167863,5.406343892167863,5.406343892167863,5.406343892167863,5.406343892167863,5.406343892167863,5.406343892167863,5.406343892167863,5.406343892167863,5.406343892167863,5.406343892167863,5.406343892167863,5.406343892167863,5.406343892167863,5.406343892167863,5.406343892167863,5.406343892167863,5.406343892167863,5.406343892167863,5.340152158398431,5.340152158398431,5.340152158398431,5.207714950457206,5.207714950457206,5.207714950457206,5.207714950457206,5.207714950457206,5.207714950457206,5.207714950457206,5.207714950457206,5.207714950457206,4.8983793135348925,4.8983793135348925,4.8983793135348925,4.8983793135348925,4.8983793135348925,4.8983793135348925,4.8983793135348925,4.8983793135348925,4.8983793135348925,4.8983793135348925,4.8983793135348925,4.8983793135348925,4.8983793135348925,4.8983793135348925,4.8983793135348925,4.8983793135348925,4.8983793135348925,4.8983793135348925,4.8983793135348925,4.8983793135348925,4.8983793135348925,4.8983793135348925,4.8983793135348925,4.8983793135348925,4.8983793135348925,4.8983793135348925,4.8983793135348925,4.8983793135348925,4.8983793135348925,4.8983793135348925,4.8983793135348925,4.8983793135348925,4.8983793135348925,4.8983793135348925,4.8983793135348925,4.8983793135348925,4.8983793135348925,4.8983793135348925,4.8983793135348925,4.8983793135348925,4.8983793135348925,4.8983793135348925,4.8983793135348925,4.8983793135348925,4.8983793135348925,4.8983793135348925,4.8983793135348925,4.8983793135348925,4.8983793135348925,4.8983793135348925,4.8983793135348925,4.8983793135348925,4.8983793135348925,4.8983793135348925,4.8983793135348925,4.8983793135348925,4.8983793135348925,4.8983793135348925,4.8983793135348925,4.8983793135348925,4.8983793135348925,4.8983793135348925,4.8983793135348925,4.8983793135348925,4.8983793135348925,4.8983793135348925,4.8983793135348925,4.8983793135348925,4.8983793135348925,4.8983793135348925,4.8983793135348925,4.8983793135348925,4.8983793135348925,4.8983793135348925,4.8983793135348925,4.8983793135348925,4.8983793135348925,4.8983793135348925,4.8983793135348925,4.8983793135348925,4.8983793135348925,4.8983793135348925,4.8983793135348925,4.8983793135348925,4.8983793135348925,4.8983793135348925,4.8983793135348925,4.8983793135348925,4.8983793135348925,4.8983793135348925,4.8983793135348925,4.8983793135348925,4.8983793135348925,4.8983793135348925,4.8983793135348925,4.8983793135348925,4.8983793135348925,4.8983793135348925,4.8983793135348925,4.8983793135348925,4.8983793135348925,4.8983793135348925,4.8983793135348925,4.8983793135348925,4.8983793135348925,4.8983793135348925,4.8983793135348925,4.8983793135348925,4.8983793135348925,4.8983793135348925,4.8983793135348925,4.8983793135348925,4.8983793135348925,4.8983793135348925,4.8983793135348925,4.8983793135348925,4.8983793135348925,4.8983793135348925,4.8983793135348925,4.8983793135348925,4.8983793135348925,4.8983793135348925,4.8983793135348925,4.8983793135348925,4.8983793135348925,4.8983793135348925,4.8983793135348925,4.8983793135348925,4.8983793135348925,4.8983793135348925,4.8983793135348925,4.8983793135348925,4.8983793135348925,4.8983793135348925,4.8983793135348925,4.8983793135348925,4.8983793135348925,4.8983793135348925,4.8983793135348925,4.8983793135348925,4.8983793135348925,4.8983793135348925,4.8983793135348925,4.8983793135348925,4.8983793135348925,4.8983793135348925,4.8983793135348925,4.8983793135348925,4.8983793135348925,4.8983793135348925,4.8983793135348925,4.8983793135348925,4.863539050030531,4.863539050030531,4.8415447691204045,4.8415447691204045,4.8415447691204045,4.8415447691204045,4.8415447691204045,4.8415447691204045,4.8415447691204045,4.8415447691204045,4.8415447691204045,4.8415447691204045,4.8415447691204045,4.8415447691204045,4.8415447691204045,4.8415447691204045,4.766955371228398,4.766955371228398,4.766955371228398,4.766955371228398,4.766955371228398,4.766955371228398,4.766955371228398,4.766955371228398,4.766955371228398,4.766955371228398,4.766955371228398,4.766955371228398,4.766955371228398,4.766955371228398,4.766955371228398,4.766955371228398,4.766955371228398,4.766955371228398,4.4335708140082035,4.4335708140082035,4.4335708140082035,4.4335708140082035,4.4335708140082035,4.4335708140082035,4.4335708140082035,4.4335708140082035,4.4335708140082035,4.4335708140082035,4.4335708140082035,4.4335708140082035,4.4335708140082035,4.4335708140082035,4.4335708140082035,4.4335708140082035,4.4335708140082035,4.4335708140082035,4.4335708140082035,4.4335708140082035,4.4335708140082035,4.4335708140082035,4.4335708140082035,4.4335708140082035,4.4335708140082035,4.4335708140082035,4.4335708140082035,4.4335708140082035,4.4335708140082035,4.4335708140082035,4.4335708140082035,4.4335708140082035,4.4335708140082035,4.4335708140082035,4.4335708140082035,4.255709449817727,4.255709449817727,3.8731887564206855,3.8731887564206855,3.8731887564206855,3.8731887564206855,3.8731887564206855,3.8731887564206855,3.8731887564206855,3.8731887564206855,3.8731887564206855,3.8731887564206855,3.8731887564206855,3.8731887564206855,3.8731887564206855,3.8731887564206855,3.8731887564206855,3.8731887564206855,3.8731887564206855,3.8731887564206855,3.8731887564206855,3.8731887564206855,3.8731887564206855,3.8731887564206855,3.8731887564206855,3.8731887564206855,3.8731887564206855,3.8731887564206855,3.8731887564206855,3.8731887564206855,3.8731887564206855,3.8731887564206855,3.8731887564206855,3.8731887564206855,3.8731887564206855,3.8731887564206855,3.8731887564206855,3.8731887564206855,3.8731887564206855,3.8731887564206855,3.8731887564206855,3.8731887564206855,3.8731887564206855,3.8731887564206855,3.8731887564206855,3.8731887564206855,3.8731887564206855,3.8731887564206855,3.8731887564206855,3.8731887564206855,3.8731887564206855,3.8731887564206855,3.8731887564206855,3.8731887564206855,3.8731887564206855,3.8731887564206855,3.8731887564206855,3.8731887564206855,3.8731887564206855,3.8731887564206855,3.8731887564206855,3.8731887564206855,3.8731887564206855,3.8731887564206855,3.8731887564206855,3.8731887564206855,3.8731887564206855,3.8731887564206855,3.8731887564206855,3.8731887564206855,3.8731887564206855,3.8731887564206855,3.8731887564206855,3.8731887564206855,3.8731887564206855,3.8731887564206855,3.8731887564206855,3.8731887564206855,3.8731887564206855,3.8731887564206855,3.8731887564206855,3.8731887564206855,3.8731887564206855,3.8731887564206855,3.8731887564206855,3.8731887564206855,3.8731887564206855,3.8731887564206855,3.8731887564206855,3.8731887564206855,3.8731887564206855,3.8731887564206855,3.8731887564206855,3.8731887564206855,3.8731887564206855,3.8731887564206855,3.8731887564206855,3.8731887564206855,3.8731887564206855,3.8731887564206855,3.8731887564206855,3.8731887564206855,3.8731887564206855,3.8731887564206855,3.8731887564206855,3.8731887564206855,3.8731887564206855,3.8731887564206855,3.8731887564206855,3.8731887564206855,3.8731887564206855,3.8731887564206855,3.8731887564206855,3.8731887564206855,3.8731887564206855,3.8731887564206855,3.8731887564206855,3.8731887564206855,3.8731887564206855,3.8731887564206855,3.8731887564206855,3.8731887564206855,3.8731887564206855,3.8731887564206855,3.8731887564206855,3.8731887564206855,3.8731887564206855,3.8731887564206855,3.8731887564206855,3.8731887564206855,3.8731887564206855,3.8731887564206855,3.8731887564206855,3.8731887564206855,3.287758916158915,3.287758916158915,3.287758916158915,3.287758916158915,3.287758916158915,3.287758916158915,3.287758916158915,3.287758916158915,3.287758916158915,3.287758916158915,3.287758916158915,3.287758916158915,3.287758916158915,3.287758916158915,3.287758916158915,3.287758916158915,3.287758916158915,3.287758916158915,3.287758916158915,3.287758916158915,3.287758916158915,3.287758916158915,3.287758916158915,3.287758916158915,3.287758916158915,3.287758916158915,3.287758916158915,3.287758916158915,3.287758916158915,3.287758916158915,3.287758916158915,3.287758916158915,3.287758916158915,3.287758916158915,3.287758916158915,3.287758916158915,3.287758916158915,3.287758916158915,3.287758916158915,3.287758916158915,3.287758916158915,3.287758916158915,3.287758916158915,3.287758916158915,3.287758916158915,3.287758916158915,3.287758916158915,3.287758916158915,3.287758916158915,3.287758916158915,3.287758916158915,3.287758916158915,3.287758916158915,3.287758916158915,3.287758916158915,3.287758916158915,3.287758916158915,3.287758916158915,3.287758916158915,3.287758916158915,3.287758916158915,3.287758916158915,3.287758916158915,3.287758916158915,3.287758916158915,3.287758916158915,3.287758916158915,3.287758916158915,3.287758916158915,3.287758916158915,3.287758916158915,3.287758916158915,3.287758916158915,3.287758916158915,3.287758916158915,3.287758916158915,3.287758916158915,3.287758916158915,3.287758916158915,3.287758916158915,3.287758916158915,3.287758916158915,3.287758916158915,3.287758916158915,3.287758916158915,3.287758916158915,3.287758916158915,3.287758916158915,3.287758916158915,3.287758916158915,3.287758916158915,3.287758916158915,3.287758916158915,3.287758916158915,3.287758916158915,3.287758916158915,3.287758916158915,3.287758916158915,3.287758916158915,3.287758916158915,3.287758916158915,3.287758916158915,3.287758916158915,3.287758916158915,3.287758916158915,3.287758916158915,3.287758916158915,3.287758916158915,3.287758916158915,3.287758916158915,3.287758916158915,3.287758916158915,3.287758916158915,3.287758916158915,3.287758916158915,3.287758916158915,3.287758916158915,3.287758916158915,3.287758916158915,3.287758916158915,3.287758916158915,3.287758916158915,3.287758916158915,3.287758916158915,3.287758916158915,3.287758916158915,3.287758916158915,3.287758916158915,3.287758916158915,3.287758916158915,3.287758916158915,3.287758916158915,3.287758916158915,3.287758916158915,3.287758916158915,3.287758916158915,3.287758916158915,3.287758916158915,3.287758916158915,3.287758916158915,3.287758916158915,3.287758916158915,3.287758916158915,3.287758916158915,3.287758916158915,3.287758916158915,3.287758916158915,3.287758916158915,3.287758916158915,3.287758916158915,3.287758916158915,3.287758916158915,3.287758916158915,3.287758916158915,3.287758916158915,3.287758916158915,3.287758916158915,3.287758916158915,3.287758916158915,3.287758916158915,3.287758916158915,3.287758916158915,3.287758916158915,3.287758916158915,3.287758916158915,3.287758916158915,3.287758916158915,3.287758916158915,3.287758916158915,3.287758916158915,3.287758916158915,3.287758916158915,3.287758916158915,3.287758916158915,3.287758916158915,3.287758916158915,3.287758916158915,3.287758916158915,3.287758916158915,3.287758916158915,3.287758916158915,3.287758916158915,3.287758916158915,3.287758916158915,3.287758916158915,3.287758916158915,3.287758916158915,3.287758916158915,3.287758916158915,3.287758916158915,3.287758916158915,3.287758916158915,3.287758916158915,3.287758916158915,3.287758916158915,3.287758916158915,3.287758916158915,3.287758916158915,3.287758916158915,3.287758916158915,3.287758916158915,3.287758916158915,3.287758916158915,3.287758916158915,3.287758916158915,3.287758916158915,3.287758916158915,3.287758916158915,3.287758916158915,3.287758916158915,3.287758916158915,3.287758916158915,3.287758916158915,3.287758916158915,3.287758916158915,3.287758916158915,3.287758916158915,3.287758916158915,3.287758916158915,3.287758916158915,3.287758916158915,3.287758916158915,3.287758916158915,3.287758916158915,3.287758916158915,3.287758916158915,3.287758916158915,3.287758916158915,3.287758916158915,3.287758916158915,3.287758916158915,3.287758916158915,3.287758916158915,3.287758916158915,3.287758916158915,3.287758916158915,3.287758916158915,3.287758916158915,3.287758916158915,3.287758916158915,3.287758916158915,3.287758916158915,3.287758916158915,3.287758916158915,3.287758916158915,3.287758916158915,3.287758916158915,3.287758916158915,3.287758916158915,3.287758916158915,3.287758916158915,3.287758916158915,3.287758916158915,3.287758916158915,3.287758916158915,3.287758916158915,3.287758916158915,3.287758916158915,3.287758916158915,3.287758916158915,3.287758916158915,3.287758916158915,3.287758916158915,3.287758916158915,3.287758916158915,3.287758916158915,3.287758916158915,3.287758916158915,3.287758916158915,3.287758916158915,3.287758916158915,3.287758916158915,3.287758916158915,3.287758916158915,3.287758916158915,3.287758916158915,3.287758916158915,3.287758916158915,3.287758916158915,3.287758916158915,3.287758916158915,3.287758916158915,3.287758916158915,3.287758916158915,3.287758916158915,3.287758916158915,3.287758916158915,3.287758916158915,3.287758916158915,3.287758916158915,3.287758916158915,3.287758916158915,3.287758916158915,3.287758916158915,3.287758916158915,3.287758916158915,3.287758916158915,3.287758916158915,3.287758916158915,3.287758916158915,3.287758916158915,3.287758916158915,3.287758916158915,3.287758916158915,3.287758916158915,3.287758916158915,3.287758916158915,3.287758916158915,3.287758916158915,3.287758916158915,3.287758916158915,3.287758916158915,3.287758916158915,3.287758916158915,3.287758916158915,3.287758916158915,3.287758916158915,3.287758916158915,3.287758916158915,3.287758916158915,3.287758916158915,3.287758916158915,3.287758916158915,3.287758916158915,3.287758916158915,3.287758916158915,3.287758916158915,3.287758916158915,3.287758916158915,3.287758916158915,3.287758916158915,3.287758916158915,3.287758916158915,3.287758916158915,3.287758916158915,3.287758916158915,3.287758916158915,3.287758916158915,3.287758916158915,3.287758916158915,3.287758916158915,3.287758916158915,3.287758916158915,3.287758916158915,3.287758916158915,3.287758916158915,3.287758916158915,3.287758916158915,3.287758916158915,3.287758916158915,3.287758916158915,3.287758916158915,3.287758916158915,3.287758916158915,3.287758916158915,3.287758916158915,3.287758916158915,3.287758916158915,3.287758916158915,3.287758916158915,3.287758916158915,3.287758916158915,3.287758916158915,3.287758916158915,3.287758916158915,3.287758916158915,3.287758916158915,3.287758916158915,3.287758916158915,3.287758916158915,3.287758916158915,3.287758916158915,3.287758916158915,3.287758916158915,3.287758916158915,3.287758916158915,3.287758916158915,3.287758916158915,3.287758916158915,3.287758916158915,3.287758916158915,3.287758916158915,3.287758916158915,3.287758916158915,3.287758916158915,3.287758916158915,3.287758916158915,3.287758916158915,3.287758916158915,3.287758916158915,3.287758916158915,3.287758916158915,3.287758916158915,3.287758916158915,3.287758916158915,3.287758916158915,3.287758916158915,3.287758916158915,3.287758916158915,3.287758916158915,3.287758916158915,3.287758916158915,3.287758916158915,3.287758916158915,3.287758916158915,3.287758916158915,3.287758916158915,3.287758916158915,3.287758916158915,3.287758916158915,3.287758916158915,3.287758916158915,3.287758916158915,3.287758916158915,3.287758916158915,3.287758916158915,3.287758916158915,3.287758916158915,3.287758916158915,3.287758916158915,3.287758916158915,3.287758916158915,3.287758916158915,3.287758916158915,3.287758916158915,3.287758916158915,3.287758916158915,3.287758916158915,3.287758916158915,3.287758916158915,3.287758916158915,3.287758916158915,3.287758916158915,3.287758916158915,3.287758916158915,3.287758916158915,3.287758916158915,3.287758916158915,3.287758916158915,3.287758916158915,3.287758916158915,3.287758916158915,3.287758916158915,3.287758916158915,3.287758916158915,3.287758916158915,3.287758916158915,3.287758916158915,3.287758916158915,3.287758916158915,3.287758916158915,3.287758916158915,3.287758916158915,3.287758916158915,3.287758916158915,3.287758916158915,3.287758916158915,3.287758916158915,3.287758916158915,3.287758916158915,3.287758916158915,3.287758916158915,3.287758916158915,3.287758916158915,3.287758916158915,3.287758916158915,3.287758916158915,3.287758916158915,3.287758916158915,3.287758916158915,3.287758916158915,3.287758916158915,3.287758916158915,3.287758916158915,3.287758916158915,3.287758916158915,3.287758916158915,3.287758916158915,3.287758916158915,3.287758916158915,3.287758916158915,3.287758916158915,3.287758916158915,3.287758916158915,3.287758916158915,3.287758916158915,3.287758916158915,3.287758916158915,3.287758916158915,3.287758916158915,3.287758916158915,3.287758916158915,3.287758916158915,3.287758916158915,3.287758916158915,3.287758916158915,3.287758916158915,3.287758916158915,3.287758916158915,3.287758916158915,3.287758916158915,3.287758916158915,3.287758916158915,3.287758916158915,3.287758916158915,3.287758916158915,3.287758916158915,3.287758916158915,3.287758916158915,3.287758916158915,3.287758916158915,3.287758916158915,3.287758916158915,3.287758916158915,3.287758916158915,3.287758916158915,3.287758916158915,3.287758916158915,3.287758916158915,3.287758916158915,3.287758916158915,3.287758916158915,3.287758916158915,3.287758916158915,3.287758916158915,3.287758916158915,3.287758916158915,3.287758916158915,3.287758916158915,3.287758916158915,3.287758916158915,3.287758916158915,3.287758916158915,3.287758916158915,3.287758916158915,3.287758916158915,3.287758916158915,3.287758916158915,3.287758916158915,3.287758916158915,3.287758916158915,3.287758916158915,3.287758916158915,3.287758916158915,3.287758916158915,3.287758916158915,3.287758916158915,3.287758916158915,3.287758916158915,3.287758916158915,3.287758916158915,3.287758916158915,3.287758916158915,3.287758916158915,3.287758916158915,3.287758916158915,3.287758916158915,3.287758916158915,3.287758916158915,3.287758916158915,3.287758916158915,3.287758916158915,3.287758916158915,3.287758916158915,3.287758916158915,3.287758916158915,3.287758916158915,3.287758916158915,3.287758916158915,3.287758916158915,3.287758916158915,3.287758916158915,3.287758916158915,3.287758916158915,3.287758916158915,3.287758916158915,3.287758916158915,3.287758916158915,3.287758916158915,3.287758916158915,3.287758916158915,3.287758916158915,3.287758916158915,3.287758916158915,3.287758916158915,3.287758916158915,3.287758916158915,3.287758916158915,3.287758916158915,3.287758916158915,3.287758916158915,3.287758916158915,3.287758916158915,3.287758916158915,3.287758916158915,3.287758916158915,3.287758916158915,3.287758916158915,3.287758916158915,3.287758916158915,3.287758916158915,3.287758916158915,3.287758916158915,3.287758916158915,3.287758916158915,3.287758916158915,7.2231842248619955,7.2231842248619955,6.756687326466594,6.756687326466594,6.756687326466594,6.756687326466594,6.756687326466594,6.616100731871531,6.616100731871531,6.436445492188009,6.436445492188009,6.436445492188009,6.436445492188009,6.436445492188009,6.436445492188009,6.436445492188009,6.436445492188009,6.436445492188009,6.436445492188009,6.436445492188009,6.436445492188009,6.436445492188009,6.436445492188009,6.436445492188009,6.436445492188009,6.436445492188009,6.436445492188009,6.436445492188009,6.436445492188009,6.436445492188009,6.436445492188009,6.436445492188009,6.165921210251493,6.131436434242037,6.131436434242037,6.131436434242037,6.131436434242037,6.131436434242037,6.131436434242037,6.131436434242037,6.131436434242037,6.131436434242037,6.131436434242037,6.131436434242037,6.131436434242037,6.131436434242037,6.131436434242037,6.131436434242037,6.131436434242037,6.131436434242037,6.131436434242037,6.131436434242037,6.131436434242037,6.131436434242037,6.131436434242037,6.131436434242037,5.9773937973344635,5.9773937973344635,5.9773937973344635,5.9773937973344635,5.9773937973344635,5.9773937973344635,5.9773937973344635,5.9773937973344635,5.9773937973344635,5.9773937973344635,5.9773937973344635,5.9773937973344635,5.9773937973344635,5.9773937973344635,5.9773937973344635,5.9773937973344635,5.9773937973344635,5.9773937973344635,5.9773937973344635,5.9773937973344635,5.9773937973344635,5.9773937973344635,5.9773937973344635,5.9773937973344635,5.9773937973344635,5.9773937973344635,5.9773937973344635,5.9773937973344635,5.9773937973344635,5.9773937973344635,5.9773937973344635,5.9773937973344635,5.9773937973344635,5.9773937973344635,5.9773937973344635,5.9773937973344635,5.9773937973344635,5.9773937973344635,5.9773937973344635,5.9773937973344635,5.9773937973344635,5.9773937973344635,5.9773937973344635,5.9773937973344635,5.9773937973344635,5.9773937973344635,5.9773937973344635,5.9773937973344635,5.9773937973344635,5.9773937973344635,4.753934380530884,4.753934380530884,4.753934380530884,4.753934380530884,4.753934380530884,4.753934380530884,4.7023788296058315,4.7023788296058315,4.7023788296058315,4.7023788296058315,4.7023788296058315,4.7023788296058315,4.7023788296058315,4.7023788296058315,4.7023788296058315,4.7023788296058315,4.7023788296058315,4.7023788296058315,4.7023788296058315,4.7023788296058315,4.7023788296058315,4.7023788296058315,4.7023788296058315,4.7023788296058315,4.566827583706298,4.566827583706298,4.566827583706298,4.558730971398293,4.558730971398293,4.558730971398293,4.558730971398293,4.246907836724657,4.246907836724657,4.246907836724657,4.246907836724657,4.246907836724657,4.246907836724657,4.246907836724657,4.246907836724657,4.246907836724657,4.246907836724657,4.246907836724657,4.246907836724657,4.246907836724657,4.246907836724657,4.246907836724657,4.246907836724657,4.246907836724657,4.246907836724657,4.246907836724657,4.246907836724657,4.246907836724657,4.246907836724657,4.246907836724657,4.246907836724657,4.246907836724657,4.246907836724657,4.246907836724657,4.246907836724657,4.246907836724657,4.246907836724657,4.246907836724657,4.246907836724657,4.246907836724657,4.246907836724657,4.246907836724657,4.246907836724657,4.246907836724657,4.246907836724657,4.246907836724657,4.246907836724657,4.246907836724657,4.246907836724657,4.246907836724657,4.246907836724657,4.246907836724657,4.246907836724657,4.246907836724657,4.246907836724657,4.246907836724657,4.246907836724657,4.246907836724657,4.246907836724657,4.246907836724657,4.246907836724657,4.246907836724657,4.246907836724657,4.246907836724657,4.246907836724657,4.246907836724657,4.246907836724657,4.246907836724657,4.246907836724657,4.246907836724657,4.246907836724657,4.246907836724657,4.246907836724657,4.246907836724657,4.246907836724657,4.246907836724657,4.246907836724657,4.246907836724657,4.246907836724657,4.246907836724657,4.246907836724657,4.246907836724657,4.246907836724657,4.246907836724657,4.246907836724657,4.246907836724657,4.246907836724657,4.246907836724657,4.246907836724657,4.246907836724657,4.246907836724657,4.246907836724657,4.246907836724657,4.246907836724657,4.246907836724657,4.246907836724657,4.246907836724657,4.246907836724657,4.246907836724657,4.246907836724657,4.246907836724657,4.246907836724657,4.246907836724657,4.246907836724657,4.246907836724657,4.246907836724657,4.246907836724657,4.246907836724657,4.246907836724657,4.246907836724657,4.246907836724657,4.246907836724657,4.246907836724657,4.246907836724657,4.246907836724657,4.246907836724657,4.246907836724657,4.246907836724657,4.246907836724657,4.246907836724657,4.246907836724657,4.246907836724657,4.246907836724657,4.246907836724657,4.246907836724657,4.246907836724657,4.246907836724657,4.246907836724657,4.246907836724657,4.246907836724657,4.246907836724657,4.246907836724657,4.246907836724657,4.246907836724657,4.246907836724657,4.246907836724657,4.246907836724657,4.246907836724657,4.246907836724657,4.246907836724657,4.246907836724657,4.246907836724657,4.246907836724657,4.246907836724657,4.246907836724657,4.246907836724657,4.246907836724657,4.246907836724657,4.246907836724657,4.246907836724657,4.246907836724657,4.246907836724657,4.246907836724657,4.246907836724657,4.246907836724657,4.246907836724657,4.246907836724657,4.246907836724657,4.246907836724657,4.246907836724657,4.246907836724657,4.246907836724657,4.246907836724657,4.246907836724657,4.246907836724657,4.246907836724657,4.246907836724657,4.246907836724657,4.246907836724657,4.246907836724657,4.246907836724657,4.246907836724657,4.246907836724657,4.246907836724657,4.246907836724657,4.246907836724657,4.246907836724657,4.246907836724657,4.246907836724657,4.246907836724657,4.246907836724657,4.246907836724657,4.246907836724657,4.246907836724657,4.246907836724657,4.246907836724657,4.246907836724657,4.246907836724657,4.246907836724657,4.246907836724657,4.246907836724657,4.246907836724657,4.246907836724657,4.246907836724657,4.246907836724657,4.246907836724657,4.246907836724657,4.246907836724657,4.246907836724657,4.246907836724657,4.246907836724657,4.246907836724657,4.246907836724657,4.246907836724657,4.246907836724657,4.246907836724657,4.246907836724657,4.246907836724657,4.246907836724657,4.246907836724657,4.246907836724657,4.246907836724657,4.246907836724657,4.246907836724657,4.246907836724657,4.246907836724657,4.246907836724657,4.246907836724657,4.246907836724657,4.246907836724657,4.246907836724657,4.246907836724657,4.246907836724657,4.246907836724657,4.246907836724657,4.246907836724657,4.246907836724657,4.246907836724657,4.246907836724657,4.246907836724657,4.246907836724657,4.246907836724657,4.246907836724657,4.246907836724657,4.246907836724657,4.246907836724657,4.246907836724657,4.246907836724657,4.246907836724657,4.246907836724657,4.246907836724657,4.246907836724657,4.246907836724657,4.246907836724657,4.246907836724657,4.246907836724657,4.246907836724657,4.246907836724657,4.246907836724657,4.246907836724657,4.246907836724657,4.246907836724657,4.246907836724657,4.246907836724657,4.246907836724657,4.246907836724657,4.246907836724657,4.246907836724657,4.246907836724657,4.246907836724657,4.246907836724657,4.246907836724657,4.246907836724657,4.246907836724657,4.246907836724657,4.246907836724657,4.246907836724657,4.246907836724657,4.246907836724657,4.246907836724657,4.246907836724657,4.246907836724657,4.246907836724657,4.246907836724657,4.246907836724657,4.246907836724657,4.246907836724657,4.246907836724657,4.246907836724657,4.246907836724657,4.246907836724657,4.246907836724657,4.246907836724657,4.246907836724657,4.246907836724657,4.246907836724657,4.246907836724657,4.246907836724657,4.246907836724657,4.246907836724657,4.246907836724657,4.246907836724657,4.246907836724657,4.246907836724657,4.246907836724657,4.246907836724657,4.246907836724657,4.246907836724657,4.246907836724657,4.246907836724657,4.246907836724657,4.246907836724657,4.246907836724657,4.246907836724657,4.246907836724657,4.246907836724657,4.246907836724657,4.246907836724657,4.246907836724657,4.246907836724657,4.246907836724657,4.246907836724657,4.246907836724657,4.246907836724657,4.246907836724657,4.246907836724657,4.246907836724657,4.246907836724657,4.246907836724657,4.246907836724657,4.246907836724657,4.246907836724657,4.246907836724657,4.246907836724657,4.246907836724657,4.246907836724657,4.246907836724657,4.246907836724657,4.246907836724657,4.246907836724657,4.246907836724657,4.246907836724657,4.246907836724657,4.246907836724657,4.246907836724657,4.246907836724657,4.246907836724657,4.246907836724657,4.246907836724657,4.246907836724657,4.246907836724657,4.246907836724657,4.246907836724657,4.246907836724657,4.246907836724657,4.246907836724657,4.246907836724657,4.246907836724657,4.246907836724657,4.246907836724657,4.246907836724657,4.246907836724657,4.246907836724657,4.246907836724657,4.246907836724657,4.246907836724657,4.246907836724657,4.246907836724657,4.246907836724657,4.246907836724657,4.246907836724657,4.246907836724657,4.246907836724657,4.246907836724657,4.246907836724657,4.246907836724657,4.246907836724657,4.246907836724657,4.246907836724657,4.246907836724657,4.246907836724657,4.246907836724657,4.246907836724657,4.246907836724657,4.246907836724657,4.246907836724657,4.246907836724657,4.246907836724657,4.246907836724657,4.246907836724657,4.246907836724657,4.246907836724657,4.246907836724657,4.246907836724657,4.246907836724657,4.246907836724657,4.246907836724657,4.246907836724657,4.246907836724657,4.246907836724657,4.246907836724657,4.246907836724657,4.246907836724657,4.246907836724657,4.246907836724657,4.246907836724657,4.246907836724657,4.246907836724657,4.246907836724657,4.246907836724657,4.246907836724657,4.246907836724657,4.246907836724657,4.246907836724657,4.246907836724657,4.246907836724657,4.246907836724657,4.246907836724657,4.246907836724657,4.246907836724657,4.246907836724657,4.246907836724657,4.246907836724657,4.246907836724657,4.246907836724657,4.246907836724657,4.246907836724657,4.246907836724657,4.246907836724657,4.246907836724657,4.246907836724657,4.246907836724657,4.246907836724657,4.246907836724657,4.246907836724657,4.246907836724657,4.246907836724657,4.246907836724657,4.246907836724657,4.246907836724657,4.246907836724657,4.246907836724657,4.246907836724657,4.246907836724657,4.246907836724657,4.246907836724657,4.246907836724657,4.246907836724657,4.246907836724657,4.246907836724657,4.246907836724657,4.246907836724657,4.246907836724657,4.246907836724657,4.246907836724657,4.246907836724657,4.246907836724657,4.246907836724657,4.246907836724657,4.246907836724657,4.246907836724657,4.246907836724657,4.246907836724657,4.246907836724657,4.246907836724657,4.246907836724657,4.246907836724657,4.246907836724657,4.246907836724657,4.246907836724657,4.246907836724657,4.246907836724657,4.246907836724657,4.246907836724657,4.246907836724657,4.246907836724657,4.246907836724657,4.246907836724657,4.246907836724657,4.246907836724657,4.246907836724657,4.246907836724657,4.246907836724657,4.246907836724657,4.246907836724657,4.246907836724657,4.246907836724657,4.246907836724657,4.246907836724657,4.246907836724657,4.246907836724657,4.246907836724657,4.246907836724657,4.246907836724657,4.246907836724657,4.246907836724657,4.246907836724657,4.246907836724657,4.246907836724657,4.246907836724657,4.246907836724657,4.246907836724657,4.246907836724657,4.246907836724657,4.246907836724657,4.246907836724657,4.246907836724657,4.246907836724657,4.246907836724657,4.246907836724657,4.246907836724657,4.246907836724657,4.246907836724657,4.246907836724657,4.246907836724657,4.246907836724657,4.246907836724657,4.246907836724657,4.246907836724657,4.246907836724657,4.246907836724657,4.246907836724657,4.246907836724657,4.246907836724657,4.246907836724657,4.246907836724657,4.246907836724657,4.246907836724657,4.246907836724657,4.246907836724657,4.246907836724657,4.246907836724657,4.246907836724657,4.246907836724657,4.246907836724657,4.246907836724657,4.246907836724657,4.246907836724657,4.246907836724657,4.246907836724657,4.246907836724657,4.246907836724657,4.246907836724657,4.246907836724657,4.246907836724657,4.246907836724657,4.246907836724657,4.246907836724657,4.246907836724657,4.246907836724657,4.246907836724657,4.246907836724657,4.246907836724657,4.246907836724657,4.246907836724657,4.246907836724657,4.246907836724657,4.246907836724657,4.246907836724657,4.246907836724657,4.246907836724657,4.246907836724657,4.246907836724657,4.246907836724657,4.246907836724657,4.246907836724657,4.246907836724657,4.246907836724657,4.246907836724657,4.246907836724657,4.246907836724657,4.246907836724657,4.246907836724657,4.246907836724657,4.246907836724657,4.246907836724657,4.246907836724657,4.246907836724657,4.246907836724657,4.246907836724657,4.246907836724657,4.246907836724657,4.246907836724657,4.246907836724657,4.246907836724657,4.246907836724657,4.246907836724657,4.246907836724657,4.246907836724657,4.246907836724657,4.246907836724657,4.246907836724657,4.246907836724657,4.246907836724657,4.246907836724657,4.246907836724657,4.246907836724657,4.246907836724657,4.246907836724657,4.246907836724657,4.246907836724657,4.246907836724657,4.246907836724657,4.246907836724657,4.246907836724657,4.246907836724657,4.246907836724657,4.246907836724657,4.246907836724657,4.246907836724657,4.246907836724657,4.246907836724657,4.246907836724657,4.246907836724657,4.246907836724657,4.246907836724657,4.246907836724657,4.246907836724657,4.246907836724657,4.246907836724657,4.246907836724657,4.246907836724657,4.246907836724657,4.246907836724657,4.246907836724657,4.246907836724657,4.246907836724657,4.246907836724657,4.246907836724657,4.246907836724657,4.246907836724657,4.246907836724657,4.246907836724657,4.246907836724657,4.246907836724657,4.246907836724657,4.246907836724657,4.246907836724657,4.246907836724657,4.246907836724657,4.246907836724657,4.246907836724657,4.246907836724657,4.246907836724657,4.246907836724657,4.246907836724657,4.246907836724657,4.246907836724657,4.246907836724657,4.246907836724657,4.246907836724657,4.246907836724657,4.246907836724657,4.246907836724657,4.246907836724657,4.246907836724657,4.246907836724657,4.246907836724657,4.246907836724657,4.246907836724657,4.246907836724657,4.246907836724657,4.246907836724657,4.246907836724657,4.246907836724657,4.246907836724657,4.246907836724657,4.246907836724657,4.246907836724657,4.246907836724657,4.246907836724657,4.246907836724657,4.246907836724657,4.246907836724657,4.246907836724657,4.246907836724657,4.246907836724657,4.246907836724657,4.246907836724657,4.246907836724657,4.246907836724657,4.246907836724657,4.246907836724657,4.246907836724657,4.246907836724657,4.246907836724657,4.246907836724657,4.246907836724657,4.246907836724657,4.246907836724657,4.246907836724657,4.246907836724657,4.246907836724657,4.246907836724657,4.246907836724657,4.246907836724657,4.246907836724657,4.246907836724657,4.246907836724657,4.246907836724657,4.246907836724657,4.246907836724657,4.246907836724657,4.246907836724657,4.246907836724657,4.246907836724657,4.246907836724657,4.246907836724657,4.246907836724657,4.246907836724657,4.246907836724657,4.246907836724657,4.246907836724657,4.246907836724657,4.246907836724657,4.246907836724657,4.246907836724657,4.246907836724657,4.246907836724657,4.246907836724657,4.246907836724657,4.246907836724657,4.246907836724657,4.246907836724657,4.246907836724657,4.246907836724657,4.246907836724657,4.246907836724657,4.246907836724657,4.246907836724657,4.246907836724657,4.246907836724657,4.246907836724657,4.246907836724657,4.246907836724657,4.246907836724657,4.246907836724657,4.246907836724657,4.246907836724657,4.246907836724657,4.246907836724657,4.246907836724657,4.246907836724657,4.246907836724657,4.246907836724657,4.246907836724657,4.246907836724657,4.246907836724657,4.246907836724657,4.246907836724657,4.246907836724657,4.246907836724657,4.246907836724657,4.246907836724657,4.246907836724657,4.246907836724657,4.246907836724657,4.246907836724657,4.246907836724657,4.246907836724657,4.246907836724657,4.246907836724657,4.246907836724657,4.246907836724657,4.246907836724657,4.246907836724657,4.246907836724657,4.246907836724657,4.246907836724657,4.246907836724657,4.246907836724657,4.246907836724657,4.246907836724657,4.246907836724657,4.246907836724657,4.246907836724657,4.246907836724657,4.246907836724657,4.246907836724657,4.246907836724657,4.246907836724657,4.246907836724657,4.246907836724657,4.246907836724657,4.246907836724657,4.246907836724657,4.246907836724657,4.246907836724657,4.246907836724657,4.246907836724657,4.246907836724657,4.246907836724657,4.246907836724657,4.246907836724657,4.246907836724657,4.246907836724657,4.246907836724657,4.246907836724657,4.246907836724657,4.246907836724657,4.246907836724657,4.246907836724657,4.246907836724657,4.246907836724657,4.246907836724657,4.246907836724657,4.246907836724657,4.246907836724657,4.246907836724657,4.246907836724657,4.246907836724657,4.246907836724657,4.246907836724657,4.246907836724657,4.246907836724657,4.246907836724657,4.246907836724657,4.246907836724657,4.246907836724657,4.246907836724657,4.246907836724657,4.246907836724657,4.246907836724657,4.246907836724657,4.246907836724657,4.246907836724657,4.246907836724657,4.246907836724657,4.246907836724657,4.246907836724657,4.246907836724657,4.246907836724657,4.246907836724657,4.246907836724657,4.246907836724657,4.246907836724657,4.246907836724657,4.246907836724657,4.246907836724657,4.246907836724657,4.246907836724657,4.246907836724657,4.246907836724657,4.246907836724657,4.246907836724657,4.246907836724657,4.246907836724657,4.246907836724657,4.246907836724657,4.246907836724657,4.246907836724657,4.246907836724657,4.246907836724657,4.246907836724657,4.246907836724657,4.246907836724657,4.246907836724657,4.246907836724657,4.246907836724657,4.246907836724657,4.246907836724657,4.246907836724657,4.246907836724657,4.246907836724657,4.246907836724657,4.246907836724657,4.246907836724657,4.246907836724657,4.246907836724657,4.246907836724657,4.246907836724657,4.246907836724657,4.246907836724657,4.246907836724657,4.246907836724657,4.246907836724657,4.246907836724657,4.246907836724657,4.246907836724657,4.246907836724657,7.834334670668998,7.834334670668998,7.67651020796955,7.155994111195065,6.501340959899181,6.361641234408308,6.361641234408308,6.361641234408308,6.361641234408308,6.361641234408308,6.361641234408308,6.361641234408308,6.361641234408308,6.361641234408308,6.361641234408308,6.361641234408308,6.361641234408308,6.361641234408308,6.361641234408308,6.361641234408308,6.361641234408308,6.361641234408308,6.361641234408308,6.361641234408308,6.361641234408308,6.361641234408308,6.361641234408308,6.361641234408308,6.361641234408308,6.361641234408308,6.361641234408308,6.361641234408308,6.361641234408308,6.361641234408308,6.361641234408308,6.361641234408308,6.288974500092759,6.288974500092759,6.288974500092759,6.288974500092759,6.288974500092759,6.288974500092759,6.288974500092759,6.288974500092759,6.288974500092759,6.288974500092759,6.288974500092759,6.288974500092759,6.288974500092759,6.288974500092759,6.288974500092759,6.288974500092759,6.288974500092759,6.288974500092759,6.288974500092759,6.288974500092759,6.288974500092759,6.288974500092759,6.288974500092759,6.288974500092759,6.288974500092759,6.288974500092759,6.288974500092759,6.288974500092759,6.288974500092759,6.288974500092759,6.288974500092759,6.288974500092759,6.288974500092759,6.288974500092759,6.288974500092759,6.288974500092759,6.288974500092759,6.288974500092759,6.288974500092759,6.259766387270674,6.259766387270674,6.259766387270674,6.259766387270674,6.259766387270674,6.259766387270674,6.259766387270674,6.259766387270674,6.259766387270674,6.259766387270674,6.259766387270674,6.259766387270674,6.259766387270674,6.259766387270674,6.259766387270674,6.259766387270674,6.259766387270674,6.259766387270674,6.259766387270674,6.259766387270674,6.259766387270674,6.259766387270674,6.259766387270674,6.259766387270674,6.259766387270674,6.259766387270674,5.976565396789411,5.976565396789411,5.976565396789411,5.976565396789411,5.976565396789411,5.976565396789411,5.976565396789411,5.976565396789411,5.976565396789411,5.976565396789411,5.976565396789411,5.976565396789411,5.976565396789411,5.976565396789411,5.976565396789411,5.976565396789411,5.976565396789411,5.976565396789411,5.976565396789411,5.976565396789411,5.976565396789411,5.6622446999140585,5.6622446999140585,5.6622446999140585,5.6622446999140585,5.6622446999140585,5.517450335623766,5.517450335623766,5.517450335623766,5.450349239846969,5.450349239846969,5.450349239846969,5.414351658243626,5.414351658243626,5.414351658243626,5.414351658243626,5.414351658243626,5.414351658243626,5.414351658243626,5.414351658243626,5.285422174662873,5.285422174662873,5.285422174662873,5.285422174662873,5.285422174662873,5.285422174662873,5.285422174662873,5.285422174662873,5.285422174662873,5.285422174662873,5.285422174662873,3.7176635595719856,3.7176635595719856,3.7176635595719856,3.7176635595719856,3.5984943158856235,3.5984943158856235,3.5984943158856235,3.5984943158856235,3.5984943158856235,3.5984943158856235,3.5984943158856235,3.5984943158856235,3.5984943158856235,3.5984943158856235,3.5984943158856235,3.2931136828584737,3.2931136828584737,3.2931136828584737,3.2931136828584737,3.2931136828584737,2.908783337399365,2.908783337399365,2.877104573460191,2.877104573460191,2.877104573460191,2.877104573460191,2.877104573460191,2.877104573460191,2.877104573460191,2.877104573460191,2.877104573460191,2.877104573460191,2.877104573460191,2.877104573460191,2.877104573460191,2.877104573460191,2.877104573460191,2.877104573460191,2.877104573460191,2.877104573460191,2.877104573460191,2.877104573460191,2.877104573460191,2.877104573460191,2.877104573460191,2.877104573460191,2.877104573460191,2.877104573460191,2.877104573460191,2.877104573460191,2.877104573460191,2.877104573460191,2.877104573460191,2.877104573460191,2.877104573460191,2.877104573460191,2.877104573460191,2.877104573460191,2.877104573460191,2.877104573460191,2.877104573460191,2.877104573460191,2.877104573460191,2.877104573460191,2.877104573460191,2.877104573460191,2.877104573460191,2.877104573460191,2.877104573460191,2.877104573460191,2.877104573460191,2.877104573460191,2.877104573460191,2.877104573460191,2.877104573460191,2.877104573460191,2.877104573460191,2.877104573460191,2.877104573460191,2.877104573460191,2.877104573460191,2.877104573460191,2.877104573460191,2.877104573460191,2.877104573460191,2.877104573460191,2.877104573460191,2.877104573460191,2.877104573460191,2.877104573460191,2.877104573460191,2.877104573460191,2.877104573460191,2.877104573460191,2.877104573460191,2.877104573460191,2.877104573460191,2.877104573460191,2.877104573460191,2.877104573460191,2.877104573460191,2.877104573460191,2.877104573460191,2.877104573460191,2.877104573460191,2.877104573460191,2.877104573460191,2.877104573460191,2.877104573460191,2.877104573460191,2.877104573460191,2.877104573460191,2.877104573460191,2.877104573460191,2.877104573460191,2.877104573460191,2.877104573460191,2.877104573460191,2.877104573460191,2.877104573460191,2.877104573460191,2.877104573460191,2.877104573460191,2.877104573460191,2.877104573460191,2.877104573460191,2.877104573460191,2.877104573460191,2.877104573460191,2.877104573460191,2.877104573460191,2.877104573460191,2.877104573460191,2.877104573460191,2.877104573460191,2.877104573460191,2.877104573460191,2.877104573460191,2.877104573460191,2.877104573460191,2.877104573460191,2.877104573460191,2.877104573460191,2.877104573460191,2.877104573460191,2.877104573460191,2.877104573460191,2.877104573460191,2.877104573460191,2.877104573460191,2.877104573460191,2.877104573460191,2.877104573460191,2.877104573460191,2.877104573460191,2.877104573460191,2.877104573460191,2.877104573460191,2.877104573460191,2.877104573460191,2.877104573460191,2.877104573460191,2.877104573460191,2.877104573460191,2.877104573460191,2.877104573460191,2.877104573460191,2.877104573460191,2.877104573460191,2.877104573460191,2.877104573460191,2.877104573460191,2.877104573460191,2.877104573460191,2.877104573460191,2.877104573460191,2.877104573460191,2.877104573460191,2.877104573460191,2.877104573460191,2.877104573460191,2.877104573460191,2.877104573460191,2.877104573460191,2.877104573460191,2.877104573460191,2.877104573460191,2.877104573460191,2.877104573460191,2.877104573460191,2.877104573460191,2.877104573460191,2.877104573460191,2.877104573460191,2.877104573460191,2.877104573460191,2.877104573460191,2.877104573460191,2.877104573460191,2.877104573460191,2.877104573460191,2.877104573460191,2.877104573460191,2.877104573460191,2.877104573460191,2.877104573460191,2.877104573460191,2.877104573460191,2.877104573460191,2.877104573460191,2.877104573460191,2.877104573460191,2.877104573460191,2.877104573460191,2.877104573460191,2.877104573460191,2.877104573460191,2.877104573460191,2.877104573460191,2.877104573460191,2.877104573460191,2.877104573460191,2.877104573460191,2.877104573460191,2.877104573460191,2.877104573460191,2.877104573460191,2.877104573460191,2.877104573460191,2.877104573460191,2.877104573460191,2.877104573460191,2.877104573460191,2.877104573460191,2.877104573460191,2.877104573460191,2.877104573460191,2.877104573460191,2.877104573460191,2.877104573460191,2.877104573460191,2.877104573460191,2.877104573460191,2.877104573460191,2.877104573460191,2.877104573460191,2.877104573460191,2.877104573460191,2.877104573460191,2.877104573460191,2.877104573460191,2.877104573460191,2.877104573460191,2.877104573460191,2.877104573460191,2.877104573460191,2.877104573460191,2.877104573460191,2.877104573460191,2.877104573460191,2.877104573460191,2.877104573460191,2.877104573460191,2.877104573460191,2.877104573460191,2.877104573460191,2.877104573460191,2.877104573460191,2.877104573460191,2.877104573460191,2.877104573460191,2.877104573460191,2.877104573460191,2.877104573460191,2.877104573460191,2.877104573460191,2.877104573460191,2.877104573460191,2.877104573460191,2.877104573460191,2.877104573460191,2.877104573460191,2.877104573460191,2.877104573460191,2.877104573460191,2.877104573460191,2.877104573460191,2.877104573460191,2.877104573460191,2.877104573460191,2.877104573460191,2.877104573460191,2.877104573460191,2.877104573460191,2.877104573460191,2.877104573460191,2.877104573460191,2.877104573460191,2.877104573460191,2.877104573460191,2.877104573460191,2.877104573460191,2.877104573460191,2.877104573460191,2.877104573460191,2.877104573460191,2.877104573460191,2.877104573460191,2.877104573460191,2.877104573460191,2.877104573460191,2.877104573460191,2.877104573460191,2.877104573460191,2.877104573460191,2.877104573460191,2.877104573460191,2.877104573460191,2.877104573460191,2.877104573460191,2.877104573460191,2.877104573460191,2.877104573460191,2.877104573460191,2.877104573460191,2.877104573460191,2.877104573460191,2.877104573460191,2.877104573460191,2.877104573460191,2.877104573460191,2.877104573460191,2.877104573460191,2.877104573460191,2.877104573460191,2.877104573460191,2.877104573460191,2.877104573460191,2.877104573460191,2.877104573460191,2.877104573460191,2.877104573460191,2.877104573460191,2.877104573460191,2.877104573460191,2.877104573460191,2.877104573460191,2.877104573460191,2.877104573460191,2.877104573460191,2.877104573460191,2.877104573460191,2.877104573460191,2.877104573460191,2.877104573460191,2.877104573460191,2.877104573460191,2.877104573460191,2.877104573460191,2.877104573460191,2.877104573460191,2.877104573460191,2.877104573460191,2.877104573460191,2.877104573460191,2.877104573460191,2.877104573460191,2.877104573460191,2.877104573460191,2.877104573460191,2.877104573460191,2.877104573460191,2.877104573460191,2.877104573460191,2.877104573460191,2.877104573460191,2.877104573460191,2.877104573460191,2.877104573460191,2.877104573460191,2.877104573460191,2.877104573460191,2.877104573460191,2.877104573460191,2.877104573460191,2.877104573460191,2.877104573460191,2.877104573460191,2.877104573460191,2.877104573460191,2.877104573460191,2.877104573460191,2.877104573460191,2.877104573460191,2.877104573460191,2.877104573460191,2.877104573460191,2.877104573460191,2.877104573460191,2.877104573460191,2.877104573460191,2.877104573460191,2.877104573460191,2.877104573460191,2.877104573460191,2.877104573460191,2.877104573460191,2.877104573460191,2.877104573460191,2.877104573460191,2.877104573460191,2.877104573460191,2.877104573460191,2.877104573460191,2.877104573460191,2.877104573460191,2.877104573460191,2.877104573460191,2.877104573460191,2.877104573460191,2.877104573460191,2.877104573460191,2.877104573460191,2.877104573460191,2.877104573460191,2.877104573460191,2.877104573460191,2.877104573460191,2.877104573460191,2.877104573460191,2.877104573460191,2.877104573460191,2.877104573460191,2.877104573460191,2.877104573460191,2.877104573460191,2.877104573460191,2.877104573460191,2.877104573460191,2.877104573460191,2.877104573460191,2.877104573460191,2.877104573460191,2.877104573460191,2.877104573460191,2.877104573460191,2.877104573460191,2.877104573460191,2.877104573460191,2.877104573460191,2.877104573460191,2.877104573460191,2.877104573460191,2.877104573460191,2.877104573460191,2.877104573460191,2.877104573460191,2.877104573460191,2.877104573460191,2.877104573460191,2.877104573460191,2.877104573460191,2.877104573460191,2.877104573460191,2.877104573460191,2.877104573460191,2.877104573460191,2.877104573460191,2.877104573460191,2.877104573460191,2.877104573460191,2.877104573460191,2.877104573460191,2.877104573460191,2.877104573460191,2.877104573460191,2.877104573460191,2.877104573460191,2.877104573460191,2.877104573460191,2.877104573460191,2.877104573460191,2.877104573460191,2.877104573460191,2.877104573460191,2.877104573460191,2.877104573460191,2.877104573460191,2.877104573460191,2.877104573460191,2.877104573460191,2.877104573460191,2.877104573460191,2.877104573460191,2.877104573460191,2.877104573460191,2.877104573460191,2.877104573460191,2.877104573460191,2.877104573460191,2.877104573460191,2.877104573460191,2.877104573460191,2.877104573460191,2.877104573460191,2.877104573460191,2.877104573460191,2.877104573460191,2.877104573460191,2.877104573460191,2.877104573460191,2.877104573460191,2.877104573460191,2.877104573460191,2.877104573460191,2.877104573460191,2.877104573460191,2.877104573460191,2.877104573460191,2.877104573460191,2.877104573460191,2.877104573460191,2.877104573460191,2.877104573460191,2.877104573460191,2.877104573460191,2.877104573460191,2.877104573460191,2.877104573460191,2.877104573460191,2.877104573460191,2.877104573460191,2.877104573460191,2.877104573460191,2.877104573460191,2.877104573460191,2.877104573460191,2.877104573460191,2.877104573460191,2.877104573460191,2.877104573460191,2.877104573460191,2.877104573460191,2.877104573460191,2.877104573460191,2.877104573460191,2.877104573460191,2.877104573460191,2.877104573460191,2.877104573460191,2.877104573460191,2.877104573460191,2.877104573460191,2.877104573460191,2.877104573460191,2.877104573460191,2.877104573460191,2.877104573460191,2.877104573460191,2.877104573460191,2.877104573460191,2.877104573460191,2.877104573460191,2.877104573460191,2.877104573460191,2.877104573460191,2.877104573460191,2.877104573460191,2.877104573460191,2.877104573460191,2.877104573460191,2.877104573460191,2.877104573460191,2.877104573460191,2.877104573460191,2.877104573460191,2.877104573460191,2.877104573460191,2.877104573460191,2.877104573460191,2.877104573460191,2.877104573460191,2.877104573460191,2.877104573460191,2.877104573460191,2.877104573460191,2.877104573460191,2.877104573460191,2.877104573460191,2.877104573460191,2.877104573460191,2.877104573460191,2.877104573460191,2.877104573460191,2.877104573460191,2.877104573460191,2.877104573460191,2.877104573460191,2.877104573460191,2.877104573460191,2.877104573460191,2.877104573460191,2.877104573460191,2.877104573460191,2.877104573460191,2.877104573460191,2.877104573460191,2.877104573460191,2.877104573460191,2.877104573460191,2.877104573460191,2.877104573460191,2.877104573460191,2.877104573460191,2.877104573460191,2.877104573460191,2.877104573460191,2.877104573460191,2.877104573460191,2.877104573460191,2.877104573460191,2.877104573460191,2.877104573460191,2.877104573460191,2.877104573460191,2.877104573460191,2.877104573460191,2.877104573460191,2.877104573460191,2.877104573460191,2.877104573460191,2.877104573460191,2.877104573460191,2.877104573460191,2.877104573460191,2.877104573460191,2.877104573460191,2.877104573460191,2.877104573460191,2.877104573460191,2.877104573460191,2.877104573460191,2.877104573460191,2.877104573460191,2.877104573460191,2.877104573460191,2.877104573460191,2.877104573460191,2.877104573460191,2.877104573460191,2.877104573460191,2.877104573460191,2.877104573460191,2.877104573460191,2.877104573460191,2.877104573460191,2.877104573460191,2.877104573460191,2.877104573460191,2.877104573460191,2.877104573460191,2.877104573460191,2.877104573460191,2.877104573460191,2.877104573460191,2.877104573460191,2.877104573460191,2.877104573460191,2.877104573460191,2.877104573460191,2.877104573460191,2.877104573460191,2.877104573460191,2.877104573460191,2.877104573460191,2.877104573460191,2.877104573460191,2.877104573460191,2.877104573460191,2.877104573460191,2.877104573460191,2.877104573460191,2.877104573460191,2.877104573460191,2.877104573460191,2.877104573460191,2.877104573460191,2.877104573460191,2.877104573460191,2.877104573460191,2.877104573460191,2.877104573460191,2.877104573460191,2.877104573460191,2.877104573460191,2.877104573460191,2.877104573460191,2.877104573460191,2.877104573460191,2.877104573460191,2.877104573460191,2.877104573460191,2.877104573460191,2.877104573460191,2.877104573460191,2.877104573460191,2.877104573460191,2.877104573460191,2.877104573460191,2.877104573460191,2.877104573460191,2.877104573460191,2.877104573460191,2.877104573460191,2.877104573460191,2.877104573460191,2.877104573460191,2.877104573460191,2.877104573460191,2.877104573460191,2.877104573460191,2.877104573460191,2.877104573460191,2.877104573460191,2.877104573460191,2.877104573460191,2.877104573460191,2.877104573460191,2.877104573460191,2.877104573460191,2.877104573460191,2.877104573460191,2.877104573460191,2.877104573460191,2.877104573460191,2.877104573460191,2.877104573460191,2.877104573460191,2.877104573460191,2.877104573460191,2.877104573460191,2.877104573460191,2.877104573460191,2.877104573460191,2.877104573460191,2.877104573460191,2.877104573460191,2.877104573460191,2.877104573460191,2.877104573460191,2.877104573460191,2.877104573460191,2.877104573460191,2.877104573460191,2.877104573460191,2.877104573460191,2.877104573460191,2.877104573460191,2.877104573460191,2.877104573460191,2.877104573460191,2.877104573460191,2.877104573460191,2.877104573460191,2.877104573460191,2.877104573460191,2.877104573460191,2.877104573460191,2.877104573460191,2.877104573460191,2.877104573460191,2.877104573460191,2.877104573460191,2.877104573460191,2.877104573460191,2.877104573460191,2.877104573460191,2.877104573460191,2.877104573460191,2.877104573460191,2.877104573460191,2.877104573460191,2.877104573460191,2.877104573460191,2.877104573460191,2.877104573460191,2.877104573460191,2.877104573460191,2.877104573460191,2.877104573460191,2.877104573460191,2.877104573460191,2.877104573460191,2.877104573460191,2.877104573460191,2.877104573460191,2.877104573460191,2.877104573460191,2.877104573460191,2.877104573460191,2.877104573460191,2.877104573460191,2.877104573460191,2.877104573460191,2.877104573460191,2.877104573460191,2.877104573460191,2.877104573460191,2.877104573460191,2.877104573460191,2.877104573460191,2.877104573460191,2.877104573460191,2.877104573460191,2.877104573460191,2.877104573460191,2.877104573460191,2.877104573460191,2.877104573460191,2.877104573460191,2.877104573460191,2.877104573460191,2.877104573460191,2.877104573460191,2.877104573460191,2.877104573460191,2.877104573460191,2.877104573460191,2.877104573460191,2.877104573460191,2.877104573460191,2.877104573460191,2.877104573460191,2.877104573460191,2.877104573460191,2.877104573460191,2.877104573460191,2.877104573460191,2.877104573460191,2.877104573460191,2.877104573460191,2.877104573460191,2.877104573460191,2.877104573460191,2.877104573460191,2.877104573460191,2.877104573460191,2.877104573460191,9.225241336355666,8.97799511066262,8.97799511066262,8.652219246234445,8.652219246234445,8.652219246234445,8.652219246234445,8.652219246234445,8.652219246234445,8.652219246234445,8.652219246234445,8.592414994642688,8.592414994642688,8.592414994642688,8.592414994642688,8.592414994642688,8.592414994642688,8.592414994642688,8.197928778696284,8.197928778696284,8.197928778696284,8.197928778696284,8.197928778696284,8.197928778696284,8.197928778696284,8.197928778696284,8.197928778696284,8.197928778696284,8.197928778696284,8.197928778696284,8.197928778696284,8.197928778696284,8.197928778696284,8.197928778696284,8.197928778696284,8.047241460615489,8.03287790503972,8.03287790503972,8.03287790503972,8.03287790503972,8.03287790503972,8.03287790503972,7.6202409214626865,7.6202409214626865,7.6202409214626865,7.6202409214626865,7.6202409214626865,7.6202409214626865,7.6202409214626865,7.6202409214626865,7.6202409214626865,7.6202409214626865,7.6202409214626865,7.6202409214626865,7.6202409214626865,7.6202409214626865,7.6202409214626865,7.6202409214626865,7.6202409214626865,7.6202409214626865,7.6202409214626865,7.6202409214626865,7.6202409214626865,7.6202409214626865,7.6202409214626865,7.6202409214626865,7.6202409214626865,7.6202409214626865,7.6202409214626865,7.6202409214626865,7.6202409214626865,7.6202409214626865,7.6202409214626865,7.6202409214626865,7.6202409214626865,7.6202409214626865,7.6202409214626865,7.6202409214626865,7.6202409214626865,7.6202409214626865,7.6202409214626865,7.6202409214626865,7.6202409214626865,7.6202409214626865,6.4976319538815055,6.453049418741848,5.800821021122692,5.800821021122692,5.800821021122692,5.800821021122692,5.800821021122692,5.5609320309861205,5.5609320309861205,5.5609320309861205,5.5609320309861205,5.5609320309861205,5.5609320309861205,5.5609320309861205,5.5609320309861205,5.5609320309861205,5.5609320309861205,5.5609320309861205,5.5609320309861205,5.5609320309861205,5.5609320309861205,5.5609320309861205,5.5609320309861205,5.5609320309861205,5.5609320309861205,5.5609320309861205,5.5609320309861205,5.5609320309861205,5.5609320309861205,5.5609320309861205,5.5609320309861205,5.5609320309861205,5.5609320309861205,5.5609320309861205,5.5609320309861205,5.5609320309861205,5.5609320309861205,5.5609320309861205,5.5609320309861205,5.5609320309861205,5.5609320309861205,5.5609320309861205,5.5609320309861205,5.5609320309861205,5.5609320309861205,5.5609320309861205,5.5609320309861205,5.5609320309861205,5.5609320309861205,5.5609320309861205,5.5609320309861205,5.5609320309861205,5.5609320309861205,5.5609320309861205,5.5609320309861205,5.5609320309861205,5.5609320309861205,5.5609320309861205,5.5609320309861205,5.5609320309861205,5.5609320309861205,5.5609320309861205,5.5609320309861205,5.5609320309861205,5.5609320309861205,5.5609320309861205,5.5609320309861205,5.5609320309861205,5.5609320309861205,5.5609320309861205,5.5609320309861205,5.5609320309861205,5.5609320309861205,5.5609320309861205,5.5609320309861205,5.274870586722725,5.274870586722725,5.274870586722725,5.274870586722725,5.274870586722725,5.274870586722725,5.274870586722725,5.274870586722725,5.274870586722725,5.274870586722725,5.274870586722725,5.274870586722725,5.274870586722725,5.274870586722725,5.274870586722725,5.274870586722725,5.274870586722725,5.274870586722725,5.274870586722725,5.274870586722725,5.274870586722725,4.987308978138718,4.987308978138718,4.987308978138718,4.987308978138718,4.987308978138718,4.987308978138718,4.987308978138718,4.987308978138718,4.987308978138718,4.987308978138718,4.987308978138718,4.987308978138718,4.987308978138718,4.987308978138718,4.987308978138718,4.987308978138718,4.987308978138718,4.987308978138718,4.987308978138718,4.987308978138718,4.987308978138718,4.987308978138718,4.987308978138718,4.987308978138718,4.987308978138718,4.987308978138718,4.987308978138718,4.987308978138718,4.987308978138718,4.987308978138718,4.987308978138718,4.987308978138718,4.987308978138718,4.987308978138718,4.987308978138718,4.987308978138718,4.987308978138718,4.987308978138718,4.987308978138718,4.987308978138718,4.987308978138718,4.987308978138718,4.987308978138718,4.987308978138718,4.987308978138718,4.987308978138718,4.987308978138718,4.987308978138718,4.987308978138718,4.987308978138718,4.987308978138718,4.987308978138718,4.987308978138718,4.987308978138718,4.987308978138718,4.987308978138718,4.987308978138718,4.987308978138718,4.987308978138718,4.987308978138718,4.987308978138718,4.987308978138718,4.987308978138718,4.987308978138718,4.987308978138718,4.987308978138718,4.987308978138718,4.987308978138718,4.987308978138718,4.987308978138718,4.987308978138718,4.987308978138718,4.987308978138718,4.987308978138718,4.987308978138718,4.987308978138718,4.987308978138718,4.987308978138718,4.987308978138718,4.987308978138718,4.987308978138718,4.987308978138718,4.987308978138718,4.987308978138718,4.987308978138718,4.987308978138718,4.987308978138718,4.987308978138718,4.987308978138718,4.987308978138718,4.987308978138718,4.987308978138718,4.987308978138718,4.987308978138718,4.987308978138718,4.987308978138718,4.987308978138718,4.987308978138718,4.987308978138718,4.987308978138718,4.987308978138718,4.987308978138718,4.987308978138718,4.987308978138718,4.987308978138718,4.987308978138718,4.987308978138718,4.987308978138718,4.987308978138718,4.987308978138718,4.987308978138718,4.987308978138718,4.987308978138718,4.987308978138718,4.987308978138718,4.987308978138718,4.987308978138718,4.987308978138718,4.987308978138718,4.987308978138718,4.987308978138718,4.987308978138718,4.987308978138718,4.987308978138718,4.987308978138718,4.987308978138718,4.987308978138718,4.987308978138718,4.987308978138718,4.987308978138718,4.987308978138718,4.987308978138718,4.987308978138718,4.987308978138718,4.987308978138718,4.987308978138718,4.987308978138718,4.987308978138718,4.987308978138718,4.987308978138718,4.987308978138718,4.987308978138718,4.987308978138718,4.987308978138718,4.987308978138718,4.987308978138718,4.987308978138718,4.987308978138718,4.987308978138718,4.987308978138718,4.987308978138718,4.987308978138718,4.987308978138718,4.987308978138718,4.987308978138718,4.987308978138718,4.987308978138718,4.987308978138718,4.987308978138718,4.987308978138718,4.987308978138718,4.987308978138718,4.987308978138718,4.987308978138718,4.987308978138718,4.987308978138718,4.987308978138718,4.987308978138718,4.987308978138718,4.987308978138718,4.987308978138718,4.987308978138718,4.987308978138718,4.987308978138718,4.987308978138718,4.987308978138718,4.987308978138718,4.987308978138718,4.987308978138718,4.987308978138718,4.987308978138718,4.987308978138718,4.987308978138718,4.987308978138718,4.987308978138718,4.987308978138718,4.987308978138718,4.987308978138718,4.987308978138718,4.987308978138718,4.987308978138718,4.987308978138718,4.987308978138718,4.987308978138718,4.987308978138718,4.987308978138718,4.987308978138718,4.987308978138718,4.987308978138718,4.987308978138718,4.987308978138718,4.987308978138718,4.987308978138718,4.987308978138718,4.987308978138718,4.987308978138718,4.987308978138718,4.987308978138718,4.987308978138718,4.987308978138718,4.987308978138718,4.987308978138718,4.987308978138718,4.987308978138718,4.987308978138718,4.987308978138718,4.987308978138718,4.987308978138718,4.987308978138718,4.987308978138718,4.987308978138718,4.987308978138718,4.987308978138718,4.987308978138718,4.987308978138718,4.987308978138718,4.987308978138718,4.987308978138718,4.987308978138718,4.987308978138718,4.987308978138718,4.987308978138718,4.987308978138718,4.987308978138718,4.987308978138718,4.987308978138718,4.987308978138718,4.987308978138718,4.987308978138718,4.987308978138718,4.987308978138718,4.987308978138718,4.987308978138718,4.987308978138718,4.987308978138718,4.987308978138718,4.987308978138718,4.987308978138718,4.987308978138718,4.987308978138718,4.987308978138718,4.987308978138718,4.987308978138718,4.987308978138718,4.987308978138718,4.987308978138718,4.987308978138718,4.987308978138718,4.987308978138718,4.987308978138718,4.987308978138718,4.987308978138718,4.987308978138718,4.987308978138718,4.987308978138718,4.987308978138718,4.987308978138718,4.987308978138718,4.987308978138718,4.987308978138718,4.987308978138718,4.987308978138718,4.987308978138718,4.987308978138718,4.987308978138718,4.987308978138718,4.987308978138718,4.987308978138718,4.987308978138718,4.987308978138718,4.987308978138718,4.987308978138718,4.987308978138718,4.987308978138718,4.987308978138718,4.987308978138718,4.987308978138718,4.987308978138718,4.987308978138718,4.987308978138718,4.987308978138718,4.987308978138718,4.987308978138718,4.987308978138718,4.987308978138718,4.987308978138718,4.987308978138718,4.987308978138718,4.987308978138718,4.987308978138718,4.987308978138718,4.987308978138718,4.987308978138718,4.987308978138718,4.987308978138718,4.987308978138718,4.987308978138718,4.987308978138718,4.987308978138718,4.987308978138718,4.987308978138718,4.987308978138718,4.987308978138718,4.987308978138718,4.987308978138718,4.987308978138718,4.987308978138718,4.987308978138718,4.987308978138718,4.987308978138718,4.987308978138718,4.987308978138718,4.987308978138718,4.987308978138718,4.987308978138718,4.987308978138718,4.987308978138718,4.987308978138718,4.987308978138718,4.987308978138718,4.987308978138718,4.987308978138718,4.987308978138718,4.987308978138718,4.987308978138718,4.987308978138718,4.987308978138718,4.987308978138718,4.987308978138718,4.987308978138718,4.987308978138718,4.987308978138718,4.987308978138718,4.987308978138718,4.987308978138718,4.987308978138718,4.987308978138718,4.987308978138718,4.987308978138718,4.987308978138718,4.987308978138718,4.987308978138718,4.987308978138718,4.987308978138718,4.987308978138718,4.987308978138718,4.987308978138718,4.987308978138718,4.987308978138718,4.987308978138718,4.987308978138718,4.987308978138718,4.987308978138718,4.987308978138718,4.987308978138718,4.987308978138718,4.987308978138718,4.987308978138718,4.987308978138718,4.987308978138718,4.987308978138718,4.987308978138718,4.987308978138718,4.987308978138718,4.987308978138718,4.987308978138718,4.987308978138718,4.987308978138718,4.987308978138718,4.987308978138718,4.987308978138718,4.987308978138718,4.987308978138718,4.987308978138718,4.987308978138718,4.987308978138718,4.987308978138718,4.987308978138718,4.987308978138718,4.987308978138718,4.987308978138718,4.987308978138718,4.987308978138718,4.987308978138718,4.987308978138718,4.987308978138718,4.987308978138718,4.987308978138718,4.987308978138718,4.987308978138718,4.987308978138718,4.987308978138718,4.987308978138718,4.987308978138718,4.987308978138718,4.987308978138718,4.987308978138718,4.987308978138718,4.987308978138718,4.987308978138718,4.987308978138718,4.987308978138718,4.987308978138718,4.987308978138718,4.987308978138718,4.987308978138718,4.987308978138718,4.987308978138718,4.987308978138718,4.987308978138718,4.987308978138718,4.987308978138718,4.987308978138718,4.987308978138718,4.987308978138718,4.987308978138718,4.987308978138718,4.987308978138718,4.987308978138718,4.987308978138718,4.987308978138718,4.987308978138718,4.987308978138718,4.987308978138718,4.987308978138718,4.987308978138718,4.987308978138718,4.987308978138718,4.987308978138718,4.987308978138718,4.987308978138718,4.987308978138718,4.987308978138718,4.987308978138718,4.987308978138718,4.987308978138718,4.987308978138718,4.987308978138718,4.987308978138718,4.987308978138718,4.987308978138718,4.987308978138718,4.987308978138718,4.987308978138718,4.987308978138718,4.987308978138718,4.987308978138718,4.987308978138718,4.987308978138718,4.987308978138718,4.987308978138718,4.987308978138718,4.987308978138718,4.987308978138718,4.987308978138718,4.987308978138718,4.987308978138718,4.987308978138718,4.987308978138718,4.987308978138718,4.987308978138718,4.987308978138718,4.987308978138718,4.987308978138718,4.987308978138718,4.987308978138718,4.987308978138718,4.987308978138718,4.987308978138718,4.987308978138718,4.987308978138718,4.987308978138718,4.987308978138718,4.987308978138718,4.987308978138718,4.987308978138718,4.987308978138718,4.987308978138718,4.987308978138718,4.987308978138718,4.987308978138718,4.987308978138718,4.987308978138718,4.987308978138718,4.987308978138718,4.987308978138718,4.987308978138718,4.987308978138718,4.987308978138718,4.987308978138718,4.987308978138718,4.987308978138718,4.987308978138718,4.987308978138718,4.987308978138718,4.987308978138718,4.987308978138718,4.987308978138718,4.987308978138718,4.987308978138718,4.987308978138718,4.987308978138718,4.987308978138718,4.987308978138718,4.987308978138718,4.987308978138718,4.987308978138718,4.987308978138718,4.987308978138718,4.987308978138718,4.987308978138718,4.987308978138718,4.987308978138718,4.987308978138718,4.987308978138718,4.987308978138718,4.987308978138718,4.987308978138718,4.987308978138718,4.987308978138718,4.987308978138718,4.987308978138718,4.987308978138718,4.987308978138718,4.987308978138718,4.987308978138718,4.987308978138718,4.987308978138718,4.987308978138718,4.987308978138718,4.987308978138718,4.987308978138718,4.987308978138718,4.987308978138718,4.987308978138718,4.987308978138718,4.987308978138718,4.987308978138718,4.987308978138718,4.987308978138718,4.987308978138718,4.987308978138718,4.987308978138718,4.987308978138718,4.987308978138718,4.987308978138718,4.987308978138718,4.987308978138718,4.987308978138718,4.987308978138718,4.987308978138718,4.987308978138718,4.987308978138718,4.987308978138718,4.987308978138718,4.987308978138718,4.987308978138718,4.987308978138718,4.987308978138718,4.987308978138718,4.987308978138718,4.987308978138718,4.987308978138718,4.987308978138718,4.987308978138718,4.987308978138718,4.987308978138718,4.987308978138718,4.987308978138718,4.987308978138718,4.987308978138718,4.987308978138718,4.987308978138718,4.987308978138718,4.987308978138718,4.987308978138718,4.987308978138718,4.987308978138718,4.987308978138718,4.987308978138718,4.987308978138718,4.987308978138718,4.987308978138718,4.987308978138718,4.987308978138718,4.987308978138718,4.987308978138718,4.987308978138718,4.987308978138718,4.987308978138718,4.987308978138718,4.987308978138718,4.987308978138718,4.987308978138718,4.987308978138718,4.987308978138718,4.987308978138718,4.987308978138718,4.987308978138718,4.987308978138718,4.987308978138718,4.987308978138718,4.987308978138718,4.987308978138718,4.987308978138718,4.987308978138718,4.987308978138718,4.987308978138718,4.987308978138718,4.987308978138718,4.987308978138718,4.987308978138718,4.987308978138718,4.987308978138718,4.987308978138718,4.987308978138718,4.987308978138718,4.987308978138718,4.987308978138718,4.987308978138718,4.987308978138718,4.987308978138718,4.987308978138718,4.987308978138718,4.987308978138718,4.987308978138718,4.987308978138718,4.987308978138718,4.987308978138718,4.987308978138718,4.987308978138718,4.987308978138718,4.987308978138718,4.987308978138718,4.987308978138718,4.987308978138718,4.987308978138718,4.987308978138718,4.987308978138718,4.987308978138718,4.987308978138718,4.987308978138718,4.987308978138718,4.987308978138718,4.987308978138718,4.987308978138718,4.987308978138718,4.987308978138718,4.987308978138718,4.987308978138718,4.987308978138718,4.987308978138718,4.987308978138718,4.987308978138718,4.987308978138718,4.987308978138718,4.987308978138718,4.987308978138718,4.987308978138718,4.987308978138718,4.987308978138718,4.987308978138718,4.987308978138718,4.987308978138718,4.987308978138718,4.987308978138718,4.987308978138718,4.987308978138718,4.987308978138718,4.987308978138718,4.987308978138718,4.987308978138718,4.987308978138718,4.987308978138718,4.987308978138718,4.987308978138718,4.987308978138718,4.987308978138718,4.987308978138718,4.987308978138718,4.987308978138718,4.987308978138718,4.987308978138718,4.987308978138718,4.987308978138718,4.987308978138718,4.987308978138718,4.987308978138718,4.987308978138718,4.987308978138718,4.987308978138718,4.987308978138718,4.987308978138718,4.987308978138718,4.987308978138718,4.987308978138718,4.987308978138718,4.987308978138718,4.987308978138718,4.987308978138718,4.987308978138718,4.987308978138718,4.987308978138718,4.987308978138718,4.987308978138718,4.987308978138718,4.987308978138718,4.987308978138718,4.987308978138718,4.987308978138718,4.987308978138718,4.987308978138718,4.987308978138718,4.987308978138718,4.987308978138718,4.987308978138718,4.987308978138718,4.987308978138718,4.987308978138718,4.987308978138718,4.987308978138718,4.987308978138718,4.987308978138718,4.987308978138718,4.987308978138718,4.987308978138718,4.987308978138718,4.987308978138718,4.987308978138718,4.987308978138718,4.987308978138718,4.987308978138718,4.987308978138718,4.987308978138718,4.987308978138718,4.987308978138718,4.987308978138718,4.987308978138718,4.987308978138718,4.987308978138718,4.987308978138718,4.987308978138718,4.987308978138718,4.987308978138718,4.987308978138718,4.987308978138718,4.987308978138718,4.987308978138718,4.987308978138718,4.987308978138718,4.987308978138718,4.987308978138718,4.987308978138718,4.987308978138718,4.987308978138718,4.987308978138718,4.987308978138718,4.987308978138718,4.987308978138718,4.987308978138718,4.987308978138718,4.987308978138718,4.987308978138718,4.987308978138718,4.987308978138718,4.987308978138718,4.987308978138718,4.987308978138718,4.987308978138718,4.987308978138718,4.987308978138718,4.987308978138718,4.987308978138718,4.987308978138718,4.987308978138718,4.987308978138718,4.987308978138718,4.987308978138718,4.987308978138718,4.987308978138718,4.987308978138718,4.987308978138718,4.987308978138718,4.987308978138718,4.987308978138718,4.987308978138718,4.987308978138718,4.987308978138718,4.987308978138718,4.987308978138718,4.987308978138718,4.987308978138718,4.987308978138718,4.987308978138718,4.987308978138718,4.987308978138718,4.987308978138718,4.987308978138718,4.987308978138718,4.987308978138718,4.987308978138718,4.987308978138718,4.987308978138718,4.987308978138718,4.987308978138718,4.987308978138718,4.987308978138718,4.987308978138718,4.987308978138718,4.987308978138718,7.853043133045456,7.472642444856131,7.472642444856131,7.472642444856131,7.472642444856131,7.472642444856131,7.472642444856131,7.472642444856131,7.472642444856131,7.472642444856131,7.472642444856131,7.472642444856131,7.472642444856131,7.472642444856131,7.472642444856131,7.472642444856131,7.472642444856131,7.472642444856131,7.472642444856131,7.472642444856131,7.468062404364465,7.468062404364465,7.468062404364465,7.468062404364465,7.468062404364465,7.468062404364465,7.468062404364465,6.2324310329308705,6.2324310329308705,6.2324310329308705,6.2324310329308705,6.2324310329308705,6.139361539306728,6.139361539306728,6.139361539306728,6.139361539306728,6.139361539306728,6.139361539306728,6.024884477815812,6.024884477815812,5.6240845372499715,5.6240845372499715,5.6240845372499715,5.6240845372499715,5.6240845372499715,5.6240845372499715,5.6240845372499715,5.6240845372499715,5.6240845372499715,5.6240845372499715,5.6240845372499715,5.452736007168257,5.452736007168257,5.452736007168257,5.452736007168257,5.452736007168257,5.452736007168257,5.452736007168257,5.452736007168257,5.452736007168257,5.452736007168257,5.452736007168257,5.452736007168257,5.452736007168257,5.452736007168257,5.452736007168257,5.452736007168257,5.452736007168257,5.452736007168257,5.452736007168257,5.452736007168257,5.452736007168257,5.452736007168257,5.452736007168257,5.452736007168257,5.452736007168257,5.452736007168257,5.452736007168257,5.452736007168257,5.452736007168257,5.452736007168257,5.452736007168257,5.452736007168257,5.452736007168257,5.452736007168257,5.452736007168257,5.452736007168257,5.452736007168257,5.452736007168257,5.452736007168257,5.452736007168257,5.452736007168257,5.452736007168257,5.452736007168257,5.452736007168257,5.452736007168257,5.452736007168257,5.452736007168257,5.452736007168257,5.452736007168257,5.452736007168257,5.452736007168257,5.452736007168257,5.452736007168257,5.452736007168257,5.452736007168257,5.452736007168257,5.452736007168257,5.452736007168257,5.452736007168257,5.452736007168257,5.452736007168257,5.452736007168257,5.452736007168257,5.452736007168257,5.452736007168257,5.452736007168257,5.452736007168257,5.452736007168257,5.452736007168257,5.452736007168257,5.452736007168257,5.452736007168257,5.452736007168257,5.452736007168257,5.452736007168257,5.452736007168257,5.289216037893135,5.289216037893135,5.289216037893135,5.289216037893135,5.289216037893135,5.289216037893135,5.289216037893135,5.289216037893135,5.289216037893135,5.289216037893135,5.289216037893135,5.289216037893135,5.289216037893135,5.289216037893135,5.289216037893135,5.289216037893135,5.289216037893135,5.289216037893135,5.289216037893135,5.289216037893135,5.289216037893135,5.289216037893135,5.289216037893135,5.289216037893135,5.289216037893135,5.289216037893135,5.289216037893135,5.289216037893135,5.289216037893135,5.289216037893135,5.289216037893135,5.289216037893135,5.289216037893135,5.289216037893135,5.289216037893135,5.289216037893135,5.289216037893135,5.289216037893135,5.289216037893135,5.289216037893135,5.289216037893135,5.289216037893135,5.289216037893135,5.289216037893135,5.289216037893135,5.289216037893135,5.289216037893135,5.289216037893135,5.289216037893135,5.289216037893135,5.289216037893135,5.289216037893135,5.289216037893135,5.289216037893135,5.289216037893135,5.289216037893135,5.289216037893135,5.289216037893135,5.289216037893135,5.289216037893135,5.289216037893135,5.289216037893135,5.289216037893135,5.289216037893135,5.289216037893135,5.289216037893135,5.289216037893135,5.289216037893135,5.289216037893135,5.289216037893135,5.289216037893135,5.289216037893135,5.289216037893135,5.289216037893135,5.289216037893135,5.289216037893135,5.289216037893135,5.289216037893135,5.289216037893135,5.289216037893135,5.289216037893135,5.289216037893135,5.289216037893135,5.289216037893135,5.289216037893135,5.289216037893135,5.289216037893135,5.289216037893135,5.289216037893135,5.289216037893135,5.289216037893135,5.289216037893135,5.289216037893135,5.289216037893135,5.289216037893135,5.289216037893135,5.289216037893135,5.289216037893135,5.289216037893135,5.289216037893135,5.289216037893135,5.289216037893135,5.289216037893135,5.289216037893135,5.289216037893135,5.289216037893135,4.622232922751964,4.622232922751964,4.622232922751964,4.622232922751964,4.622232922751964,4.622232922751964,4.622232922751964,4.622232922751964,4.622232922751964,4.622232922751964,4.622232922751964,4.622232922751964,4.622232922751964,4.622232922751964,4.622232922751964,4.622232922751964,4.622232922751964,4.622232922751964,4.622232922751964,4.622232922751964,4.622232922751964,4.622232922751964,4.622232922751964,4.622232922751964,4.622232922751964,4.622232922751964,4.622232922751964,4.622232922751964,4.622232922751964,4.622232922751964,4.622232922751964,4.622232922751964,4.622232922751964,4.622232922751964,4.622232922751964,4.622232922751964,4.622232922751964,4.622232922751964,4.622232922751964,4.622232922751964,4.622232922751964,4.622232922751964,4.622232922751964,4.622232922751964,4.622232922751964,4.622232922751964,4.622232922751964,4.622232922751964,4.622232922751964,4.622232922751964,4.622232922751964,4.332037040414354,4.332037040414354,4.332037040414354,4.332037040414354,4.332037040414354,4.332037040414354,4.332037040414354,4.332037040414354,4.332037040414354,4.332037040414354,4.332037040414354,4.332037040414354,4.332037040414354,4.332037040414354,4.332037040414354,4.332037040414354,4.332037040414354,4.332037040414354,4.332037040414354,4.332037040414354,4.332037040414354,4.332037040414354,4.332037040414354,4.332037040414354,4.332037040414354,4.332037040414354,4.332037040414354,4.332037040414354,4.332037040414354,4.332037040414354,4.332037040414354,4.332037040414354,4.332037040414354,4.332037040414354,4.332037040414354,4.332037040414354,4.332037040414354,4.332037040414354,4.332037040414354,4.332037040414354,4.332037040414354,4.332037040414354,4.332037040414354,4.332037040414354,4.332037040414354,4.332037040414354,4.332037040414354,4.332037040414354,4.332037040414354,4.332037040414354,4.332037040414354,4.332037040414354,4.332037040414354,4.332037040414354,4.332037040414354,4.332037040414354,4.332037040414354,4.332037040414354,4.332037040414354,4.332037040414354,4.332037040414354,4.332037040414354,4.332037040414354,4.332037040414354,4.332037040414354,4.332037040414354,4.332037040414354,4.332037040414354,4.332037040414354,4.332037040414354,4.332037040414354,4.332037040414354,4.332037040414354,4.332037040414354,4.332037040414354,4.332037040414354,4.332037040414354,4.332037040414354,4.332037040414354,4.332037040414354,4.332037040414354,4.332037040414354,4.332037040414354,4.332037040414354,4.332037040414354,4.332037040414354,4.332037040414354,4.332037040414354,4.332037040414354,4.332037040414354,4.332037040414354,4.332037040414354,4.332037040414354,4.332037040414354,4.332037040414354,4.332037040414354,4.332037040414354,4.332037040414354,4.332037040414354,4.332037040414354,4.332037040414354,4.332037040414354,4.332037040414354,4.332037040414354,4.332037040414354,4.332037040414354,4.332037040414354,4.332037040414354,4.332037040414354,4.332037040414354,4.332037040414354,4.332037040414354,4.332037040414354,4.332037040414354,4.332037040414354,4.332037040414354,4.332037040414354,4.332037040414354,4.332037040414354,4.332037040414354,4.332037040414354,4.332037040414354,4.332037040414354,4.332037040414354,4.332037040414354,4.332037040414354,4.332037040414354,4.332037040414354,4.332037040414354,4.332037040414354,4.332037040414354,4.332037040414354,4.332037040414354,4.332037040414354,4.332037040414354,4.332037040414354,4.332037040414354,4.332037040414354,4.332037040414354,4.332037040414354,4.332037040414354,4.332037040414354,4.332037040414354,4.332037040414354,4.332037040414354,4.332037040414354,4.332037040414354,4.332037040414354,4.332037040414354,4.332037040414354,4.332037040414354,4.332037040414354,4.332037040414354,4.332037040414354,4.332037040414354,4.332037040414354,4.332037040414354,4.332037040414354,4.332037040414354,4.332037040414354,4.332037040414354,4.332037040414354,4.332037040414354,4.332037040414354,4.332037040414354,4.332037040414354,4.332037040414354,4.332037040414354,4.332037040414354,4.332037040414354,4.332037040414354,4.332037040414354,4.332037040414354,4.332037040414354,4.332037040414354,4.332037040414354,4.332037040414354,4.332037040414354,4.332037040414354,4.332037040414354,4.332037040414354,4.332037040414354,4.332037040414354,4.332037040414354,4.332037040414354,4.332037040414354,4.332037040414354,4.332037040414354,4.332037040414354,4.332037040414354,4.332037040414354,4.332037040414354,4.332037040414354,4.332037040414354,4.332037040414354,4.332037040414354,4.332037040414354,4.332037040414354,4.332037040414354,4.332037040414354,4.332037040414354,4.332037040414354,4.332037040414354,4.332037040414354,4.332037040414354,4.332037040414354,4.332037040414354,4.332037040414354,4.332037040414354,4.332037040414354,4.332037040414354,4.332037040414354,4.332037040414354,4.332037040414354,4.332037040414354,4.332037040414354,4.332037040414354,4.332037040414354,4.332037040414354,4.332037040414354,4.332037040414354,4.332037040414354,4.332037040414354,4.332037040414354,4.332037040414354,4.332037040414354,4.332037040414354,4.332037040414354,4.332037040414354,4.332037040414354,4.332037040414354,4.332037040414354,4.332037040414354,4.332037040414354,4.332037040414354,4.332037040414354,4.332037040414354,4.332037040414354,4.332037040414354,4.332037040414354,4.332037040414354,4.332037040414354,4.332037040414354,4.332037040414354,4.332037040414354,4.332037040414354,4.332037040414354,4.332037040414354,4.332037040414354,4.332037040414354,4.332037040414354,4.332037040414354,4.332037040414354,4.332037040414354,4.332037040414354,4.332037040414354,4.332037040414354,4.332037040414354,4.332037040414354,4.332037040414354,4.332037040414354,4.332037040414354,4.332037040414354,4.332037040414354,4.332037040414354,4.332037040414354,4.332037040414354,4.332037040414354,4.332037040414354,4.332037040414354,4.332037040414354,4.332037040414354,4.332037040414354,4.332037040414354,4.332037040414354,4.332037040414354,4.332037040414354,4.332037040414354,4.332037040414354,4.332037040414354,4.332037040414354,4.332037040414354,4.332037040414354,4.332037040414354,4.332037040414354,4.332037040414354,4.332037040414354,4.332037040414354,4.332037040414354,4.332037040414354,4.332037040414354,4.332037040414354,4.332037040414354,4.332037040414354,4.332037040414354,4.332037040414354,4.332037040414354,4.332037040414354,4.332037040414354,4.332037040414354,4.332037040414354,4.332037040414354,4.332037040414354,4.332037040414354,4.332037040414354,4.332037040414354,4.332037040414354,4.332037040414354,4.332037040414354,4.332037040414354,4.332037040414354,4.332037040414354,4.332037040414354,4.332037040414354,4.332037040414354,4.332037040414354,4.332037040414354,4.332037040414354,4.332037040414354,4.332037040414354,4.332037040414354,4.332037040414354,4.332037040414354,4.332037040414354,4.332037040414354,4.332037040414354,4.332037040414354,4.332037040414354,4.332037040414354,4.332037040414354,4.332037040414354,4.332037040414354,4.332037040414354,4.332037040414354,4.332037040414354,4.332037040414354,4.332037040414354,4.332037040414354,4.332037040414354,4.332037040414354,4.332037040414354,4.19112292706205,4.19112292706205,4.19112292706205,4.19112292706205,4.19112292706205,4.19112292706205,4.19112292706205,4.19112292706205,4.09754732177396,4.09754732177396,4.09754732177396,4.09754732177396,4.09754732177396,3.9033665222332408,3.9033665222332408,3.9033665222332408,3.9033665222332408,3.9033665222332408,3.9033665222332408,3.9033665222332408,3.9033665222332408,3.9033665222332408,3.9033665222332408,3.9033665222332408,3.9033665222332408,3.9033665222332408,3.9033665222332408,3.9033665222332408,3.9033665222332408,3.9033665222332408,3.9033665222332408,3.9033665222332408,3.9033665222332408,3.9033665222332408,3.9033665222332408,3.9033665222332408,3.9033665222332408,3.9033665222332408,3.9033665222332408,3.9033665222332408,3.9033665222332408,3.9033665222332408,3.9033665222332408,3.9033665222332408,3.9033665222332408,3.9033665222332408,3.9033665222332408,3.9033665222332408,3.9033665222332408,3.9033665222332408,3.9033665222332408,3.9033665222332408,3.9033665222332408,3.9033665222332408,3.9033665222332408,3.9033665222332408,3.9033665222332408,3.9033665222332408,3.9033665222332408,3.9033665222332408,3.9033665222332408,3.9033665222332408,3.9033665222332408,3.9033665222332408,3.9033665222332408,3.9033665222332408,3.9033665222332408,3.9033665222332408,3.9033665222332408,3.9033665222332408,3.9033665222332408,3.9033665222332408,3.9033665222332408,3.9033665222332408,3.9033665222332408,3.9033665222332408,3.9033665222332408,3.9033665222332408,3.9033665222332408,3.9033665222332408,3.9033665222332408,3.9033665222332408,3.9033665222332408,3.9033665222332408,3.9033665222332408,3.9033665222332408,3.9033665222332408,3.9033665222332408,3.9033665222332408,3.9033665222332408,3.9033665222332408,3.9033665222332408,3.9033665222332408,3.9033665222332408,3.9033665222332408,3.9033665222332408,3.9033665222332408,3.9033665222332408,3.9033665222332408,3.9033665222332408,3.9033665222332408,3.9033665222332408,3.9033665222332408,3.9033665222332408,3.9033665222332408,3.9033665222332408,3.9033665222332408,3.9033665222332408,3.9033665222332408,3.9033665222332408,3.9033665222332408,3.9033665222332408,3.9033665222332408,3.9033665222332408,3.9033665222332408,3.9033665222332408,3.9033665222332408,3.9033665222332408,3.9033665222332408,3.9033665222332408,3.9033665222332408,3.9033665222332408,3.9033665222332408,3.9033665222332408,3.9033665222332408,3.9033665222332408,3.9033665222332408,3.9033665222332408,3.9033665222332408,3.9033665222332408,3.9033665222332408,3.9033665222332408,3.9033665222332408,3.9033665222332408,3.9033665222332408,3.9033665222332408,3.9033665222332408,3.9033665222332408,3.9033665222332408,3.9033665222332408,3.9033665222332408,3.9033665222332408,3.9033665222332408,3.9033665222332408,3.9033665222332408,3.9033665222332408,3.9033665222332408,3.9033665222332408,3.9033665222332408,3.9033665222332408,3.9033665222332408,3.9033665222332408,3.9033665222332408,3.9033665222332408,3.9033665222332408,3.9033665222332408,3.9033665222332408,3.9033665222332408,3.9033665222332408,3.9033665222332408,3.9033665222332408,3.9033665222332408,3.9033665222332408,3.9033665222332408,3.9033665222332408,3.9033665222332408,3.9033665222332408,3.9033665222332408,3.9033665222332408,3.9033665222332408,3.9033665222332408,3.9033665222332408,3.9033665222332408,3.9033665222332408,3.9033665222332408,3.9033665222332408,3.9033665222332408,3.9033665222332408,3.9033665222332408,3.9033665222332408,3.9033665222332408,3.9033665222332408,3.9033665222332408,3.9033665222332408,3.9033665222332408,3.9033665222332408,3.9033665222332408,3.9033665222332408,3.9033665222332408,3.9033665222332408,3.9033665222332408,3.9033665222332408,3.9033665222332408,3.9033665222332408,3.9033665222332408,3.9033665222332408,3.9033665222332408,3.9033665222332408,3.9033665222332408,3.9033665222332408,3.9033665222332408,3.9033665222332408,3.9033665222332408,3.9033665222332408,3.9033665222332408,3.9033665222332408,3.9033665222332408,3.9033665222332408,3.9033665222332408,3.9033665222332408,3.9033665222332408,3.9033665222332408,3.9033665222332408,3.9033665222332408,3.9033665222332408,3.9033665222332408,3.9033665222332408,3.9033665222332408,3.9033665222332408,3.9033665222332408,3.9033665222332408,3.9033665222332408,3.9033665222332408,3.9033665222332408,3.9033665222332408,3.9033665222332408,3.9033665222332408,3.9033665222332408,3.9033665222332408,3.9033665222332408,3.9033665222332408,3.9033665222332408,3.9033665222332408,3.9033665222332408,3.9033665222332408,3.9033665222332408,3.9033665222332408,3.9033665222332408,3.9033665222332408,3.9033665222332408,3.9033665222332408,3.9033665222332408,3.9033665222332408,3.9033665222332408,3.9033665222332408,3.9033665222332408,3.9033665222332408,3.9033665222332408,3.9033665222332408,3.9033665222332408,3.9033665222332408,3.9033665222332408,3.9033665222332408,3.9033665222332408,3.9033665222332408,3.9033665222332408,3.9033665222332408,3.9033665222332408,3.9033665222332408,3.9033665222332408,3.9033665222332408,3.9033665222332408,3.9033665222332408,3.9033665222332408,3.9033665222332408,3.9033665222332408,3.9033665222332408,3.9033665222332408,3.9033665222332408,3.9033665222332408,3.9033665222332408,3.9033665222332408,3.9033665222332408,3.9033665222332408,3.9033665222332408,3.9033665222332408,3.9033665222332408,3.9033665222332408,3.9033665222332408,3.9033665222332408,3.9033665222332408,3.9033665222332408,3.9033665222332408,3.9033665222332408,3.9033665222332408,3.9033665222332408,3.9033665222332408,3.9033665222332408,3.9033665222332408,3.9033665222332408,3.9033665222332408,3.9033665222332408,3.9033665222332408,3.9033665222332408,3.9033665222332408,3.9033665222332408,3.9033665222332408,3.9033665222332408,3.9033665222332408,3.9033665222332408,3.9033665222332408,3.9033665222332408,3.9033665222332408,3.9033665222332408,3.9033665222332408,3.9033665222332408,3.9033665222332408,3.9033665222332408,3.9033665222332408,3.9033665222332408,3.9033665222332408,3.9033665222332408,3.9033665222332408,3.9033665222332408,3.9033665222332408,3.9033665222332408,3.9033665222332408,3.9033665222332408,3.9033665222332408,3.9033665222332408,3.9033665222332408,3.9033665222332408,3.9033665222332408,3.9033665222332408,3.9033665222332408,3.9033665222332408,3.9033665222332408,3.9033665222332408,3.9033665222332408,3.9033665222332408,3.9033665222332408,3.9033665222332408,3.9033665222332408,3.9033665222332408,3.9033665222332408,3.9033665222332408,3.9033665222332408,3.9033665222332408,3.9033665222332408,3.9033665222332408,3.9033665222332408,3.9033665222332408,3.9033665222332408,3.9033665222332408,3.9033665222332408,3.9033665222332408,3.9033665222332408,3.9033665222332408,3.9033665222332408,3.9033665222332408,3.9033665222332408,3.9033665222332408,3.9033665222332408,3.9033665222332408,3.9033665222332408,3.9033665222332408,3.9033665222332408,3.9033665222332408,3.9033665222332408,3.9033665222332408,3.9033665222332408,3.9033665222332408,3.9033665222332408,3.9033665222332408,3.9033665222332408,3.9033665222332408,3.9033665222332408,3.9033665222332408,3.9033665222332408,3.9033665222332408,3.9033665222332408,3.9033665222332408,3.9033665222332408,3.9033665222332408,3.9033665222332408,8.216756430926102,7.540754197615254,5.590290134135084,5.590290134135084,5.590290134135084,5.590290134135084,5.590290134135084,5.590290134135084,5.590290134135084,5.590290134135084,5.198501515446477,5.198501515446477,5.198501515446477,5.198501515446477,5.198501515446477,5.198501515446477,5.198501515446477,5.198501515446477,5.198501515446477,5.198501515446477,5.198501515446477,5.198501515446477,5.198501515446477,5.198501515446477,5.198501515446477,5.198501515446477,5.198501515446477,5.198501515446477,5.198501515446477,5.198501515446477,5.198501515446477,5.198501515446477,5.198501515446477,5.198501515446477,5.198501515446477,5.198501515446477,5.198501515446477,5.198501515446477,5.198501515446477,5.198501515446477,5.198501515446477,5.198501515446477,5.198501515446477,5.198501515446477,5.198501515446477,5.198501515446477,5.198501515446477,5.198501515446477,5.198501515446477,5.198501515446477,5.198501515446477,5.198501515446477,5.198501515446477,5.198501515446477,5.198501515446477,5.198501515446477,5.198501515446477,5.198501515446477,5.198501515446477,5.198501515446477,5.198501515446477,5.198501515446477,5.198501515446477,5.198501515446477,5.198501515446477,5.198501515446477,5.198501515446477,5.198501515446477,5.198501515446477,5.198501515446477,5.198501515446477,5.198501515446477,5.198501515446477,5.198501515446477,5.198501515446477,5.198501515446477,5.198501515446477,5.198501515446477,5.198501515446477,5.198501515446477,5.198501515446477,5.198501515446477,5.198501515446477,5.198501515446477,5.198501515446477,5.198501515446477,5.198501515446477,5.198501515446477,5.198501515446477,5.198501515446477,5.198501515446477,5.198501515446477,5.198501515446477,5.198501515446477,5.198501515446477,5.198501515446477,5.198501515446477,5.198501515446477,5.198501515446477,5.198501515446477,5.198501515446477,5.198501515446477,5.198501515446477,5.198501515446477,5.198501515446477,5.198501515446477,5.198501515446477,5.198501515446477,5.198501515446477,5.198501515446477,5.198501515446477,5.198501515446477,5.198501515446477,5.198501515446477,5.198501515446477,5.198501515446477,5.198501515446477,5.198501515446477,5.198501515446477,5.198501515446477,5.198501515446477,5.198501515446477,5.198501515446477,5.198501515446477,5.198501515446477,5.198501515446477,5.198501515446477,5.198501515446477,5.198501515446477,5.198501515446477,5.198501515446477,5.198501515446477,5.198501515446477,5.198501515446477,5.198501515446477,5.198501515446477,5.198501515446477,5.198501515446477,5.198501515446477,5.198501515446477,5.198501515446477,5.198501515446477,5.198501515446477,5.198501515446477,5.198501515446477,5.198501515446477,5.198501515446477,5.198501515446477,5.198501515446477,5.198501515446477,5.198501515446477,5.198501515446477,5.198501515446477,5.198501515446477,5.198501515446477,5.198501515446477,5.198501515446477,5.198501515446477,5.198501515446477,5.198501515446477,5.198501515446477,5.198501515446477,5.198501515446477,5.198501515446477,5.198501515446477,5.198501515446477,5.198501515446477,5.198501515446477,5.198501515446477,5.198501515446477,5.198501515446477,5.198501515446477,5.198501515446477,5.198501515446477,5.198501515446477,5.198501515446477,5.198501515446477,5.198501515446477,5.198501515446477,5.198501515446477,5.198501515446477,5.198501515446477,4.076395499609393,4.076395499609393,4.076395499609393,4.076395499609393,4.076395499609393,4.076395499609393,4.076395499609393,4.076395499609393,4.068948076764348,4.068948076764348,4.068948076764348,4.068948076764348,4.068948076764348,4.068948076764348,4.068948076764348,4.068948076764348,4.068948076764348,4.068948076764348,4.068948076764348,4.068948076764348,4.068948076764348,4.068948076764348,4.068948076764348,4.068948076764348,4.0635094586504925,4.0635094586504925,4.0635094586504925,4.06190087966472,4.06190087966472,4.06190087966472,4.06190087966472,4.06190087966472,4.06190087966472,4.06190087966472,4.06190087966472,4.06190087966472,4.06190087966472,4.06190087966472,4.06190087966472,4.06190087966472,4.06190087966472,4.06190087966472,4.06190087966472,4.06190087966472,4.06190087966472,4.06190087966472,4.06190087966472,4.06190087966472,4.06190087966472,4.06190087966472,4.06190087966472,4.06190087966472,4.06190087966472,4.06190087966472,4.06190087966472,4.06190087966472,4.06190087966472,4.06190087966472,4.06190087966472,4.06190087966472,4.06190087966472,4.06190087966472,4.06190087966472,4.06190087966472,4.06190087966472,4.06190087966472,4.06190087966472,4.06190087966472,4.06190087966472,4.06190087966472,4.06190087966472,4.06190087966472,4.06190087966472,4.06190087966472,4.06190087966472,4.06190087966472,4.06190087966472,4.06190087966472,4.06190087966472,4.06190087966472,4.06190087966472,4.06190087966472,4.06190087966472,4.06190087966472,4.06190087966472,4.06190087966472,4.06190087966472,4.06190087966472,4.06190087966472,4.06190087966472,4.06190087966472,4.06190087966472,4.06190087966472,4.06190087966472,4.06190087966472,4.06190087966472,4.06190087966472,4.06190087966472,4.06190087966472,4.06190087966472,4.06190087966472,4.06190087966472,4.06190087966472,4.06190087966472,4.06190087966472,4.06190087966472,4.06190087966472,4.06190087966472,4.06190087966472,4.06190087966472,4.06190087966472,4.06190087966472,4.06190087966472,4.06190087966472,4.06190087966472,4.06190087966472,4.06190087966472,4.06190087966472,4.06190087966472,4.06190087966472,4.06190087966472,4.06190087966472,4.06190087966472,4.06190087966472,4.06190087966472,4.06190087966472,4.06190087966472,4.06190087966472,4.06190087966472,4.06190087966472,4.06190087966472,4.06190087966472,4.06190087966472,4.06190087966472,4.06190087966472,4.06190087966472,4.06190087966472,4.06190087966472,4.06190087966472,4.06190087966472,4.06190087966472,4.06190087966472,4.06190087966472,4.06190087966472,4.06190087966472,4.06190087966472,4.06190087966472,4.06190087966472,4.06190087966472,4.06190087966472,4.06190087966472,4.06190087966472,4.06190087966472,4.06190087966472,4.06190087966472,4.06190087966472,4.06190087966472,4.06190087966472,4.06190087966472,4.06190087966472,4.06190087966472,4.06190087966472,4.06190087966472,4.06190087966472,4.06190087966472,4.06190087966472,4.06190087966472,4.06190087966472,4.06190087966472,4.06190087966472,4.06190087966472,4.06190087966472,4.06190087966472,4.06190087966472,4.06190087966472,4.06190087966472,4.06190087966472,4.06190087966472,4.06190087966472,4.06190087966472,4.06190087966472,4.06190087966472,4.06190087966472,4.06190087966472,4.06190087966472,4.06190087966472,4.06190087966472,4.06190087966472,4.06190087966472,4.06190087966472,4.06190087966472,4.06190087966472,4.06190087966472,4.06190087966472,4.06190087966472,4.06190087966472,4.06190087966472,4.06190087966472,4.06190087966472,4.06190087966472,4.06190087966472,4.06190087966472,4.06190087966472,4.06190087966472,4.06190087966472,4.06190087966472,4.06190087966472,4.06190087966472,4.06190087966472,4.06190087966472,4.06190087966472,4.06190087966472,4.06190087966472,4.06190087966472,4.06190087966472,4.06190087966472,4.06190087966472,4.06190087966472,4.06190087966472,4.06190087966472,4.06190087966472,4.06190087966472,4.06190087966472,4.06190087966472,4.06190087966472,4.06190087966472,3.9940952872324744,3.9940952872324744,3.9940952872324744,3.9940952872324744,3.824004739434305,3.824004739434305,3.824004739434305,3.824004739434305,3.824004739434305,3.824004739434305,3.824004739434305,3.824004739434305,3.824004739434305,3.824004739434305,3.824004739434305,3.824004739434305,3.824004739434305,3.824004739434305,3.824004739434305,3.824004739434305,3.824004739434305,3.824004739434305,3.824004739434305,3.824004739434305,3.824004739434305,3.824004739434305,3.824004739434305,3.824004739434305,3.824004739434305,3.824004739434305,3.824004739434305,3.824004739434305,3.824004739434305,3.824004739434305,3.824004739434305,3.824004739434305,3.824004739434305,3.824004739434305,3.824004739434305,3.824004739434305,3.824004739434305,3.824004739434305,3.824004739434305,3.824004739434305,3.824004739434305,3.824004739434305,3.824004739434305,3.824004739434305,3.824004739434305,3.824004739434305,3.824004739434305,3.824004739434305,3.824004739434305,3.824004739434305,3.824004739434305,3.824004739434305,3.824004739434305,3.824004739434305,3.824004739434305,3.824004739434305,3.824004739434305,3.824004739434305,3.824004739434305,3.824004739434305,3.824004739434305,3.824004739434305,3.824004739434305,3.824004739434305,3.824004739434305,3.824004739434305,3.824004739434305,3.824004739434305,3.824004739434305,3.824004739434305,3.824004739434305,3.824004739434305,3.824004739434305,3.824004739434305,3.824004739434305,3.824004739434305,3.824004739434305,3.824004739434305,3.824004739434305,3.824004739434305,3.824004739434305,3.824004739434305,3.824004739434305,3.824004739434305,3.824004739434305,3.824004739434305,3.824004739434305,3.824004739434305,3.824004739434305,3.824004739434305,3.824004739434305,3.824004739434305,3.824004739434305,3.824004739434305,3.824004739434305,3.824004739434305,3.824004739434305,3.824004739434305,3.824004739434305,3.824004739434305,3.824004739434305,3.824004739434305,3.824004739434305,3.824004739434305,3.824004739434305,3.824004739434305,3.824004739434305,3.824004739434305,3.824004739434305,3.824004739434305,3.824004739434305,3.824004739434305,3.824004739434305,3.824004739434305,3.824004739434305,3.824004739434305,3.824004739434305,3.824004739434305,3.824004739434305,3.824004739434305,3.824004739434305,3.824004739434305,3.824004739434305,3.824004739434305,3.824004739434305,3.824004739434305,3.824004739434305,3.824004739434305,3.824004739434305,3.824004739434305,3.824004739434305,3.824004739434305,3.824004739434305,3.824004739434305,3.824004739434305,3.824004739434305,3.824004739434305,3.824004739434305,3.824004739434305,3.824004739434305,3.824004739434305,3.824004739434305,3.824004739434305,3.824004739434305,3.824004739434305,3.824004739434305,3.824004739434305,3.824004739434305,3.824004739434305,3.824004739434305,3.824004739434305,3.824004739434305,3.824004739434305,3.824004739434305,3.824004739434305,3.824004739434305,3.824004739434305,3.824004739434305,3.824004739434305,3.824004739434305,3.824004739434305,3.824004739434305,3.824004739434305,3.824004739434305,3.824004739434305,3.824004739434305,3.824004739434305,3.824004739434305,3.824004739434305,3.824004739434305,3.824004739434305,3.824004739434305,3.824004739434305,3.824004739434305,3.824004739434305,3.824004739434305,3.824004739434305,3.824004739434305,3.824004739434305,3.824004739434305,3.824004739434305,3.824004739434305,3.824004739434305,3.824004739434305,3.824004739434305,3.824004739434305,3.824004739434305,3.824004739434305,3.824004739434305,3.824004739434305,3.824004739434305,3.824004739434305,3.824004739434305,3.824004739434305,3.824004739434305,3.824004739434305,3.824004739434305,3.824004739434305,3.824004739434305,3.824004739434305,3.824004739434305,3.824004739434305,3.824004739434305,3.824004739434305,3.824004739434305,3.824004739434305,3.824004739434305,3.824004739434305,3.824004739434305,3.824004739434305,3.824004739434305,3.824004739434305,3.824004739434305,3.824004739434305,3.824004739434305,3.824004739434305,3.824004739434305,3.824004739434305,3.824004739434305,3.824004739434305,3.824004739434305,3.824004739434305,3.824004739434305,3.824004739434305,3.824004739434305,3.824004739434305,3.824004739434305,3.824004739434305,3.824004739434305,3.824004739434305,3.824004739434305,3.824004739434305,3.824004739434305,3.824004739434305,3.824004739434305,3.824004739434305,3.824004739434305,3.824004739434305,3.824004739434305,3.824004739434305,3.824004739434305,3.824004739434305,3.824004739434305,3.824004739434305,3.824004739434305,3.824004739434305,3.824004739434305,3.824004739434305,3.824004739434305,3.824004739434305,3.824004739434305,3.824004739434305,3.824004739434305,3.824004739434305,3.824004739434305,3.824004739434305,3.824004739434305,3.824004739434305,3.824004739434305,3.824004739434305,3.824004739434305,3.824004739434305,3.824004739434305,3.824004739434305,3.824004739434305,3.824004739434305,3.824004739434305,3.824004739434305,3.824004739434305,3.824004739434305,3.824004739434305,3.824004739434305,3.824004739434305,3.824004739434305,3.824004739434305,3.824004739434305,3.824004739434305,3.824004739434305,3.824004739434305,3.824004739434305,3.824004739434305,3.824004739434305,3.824004739434305,3.824004739434305,3.824004739434305,3.824004739434305,3.824004739434305,3.824004739434305,3.824004739434305,3.824004739434305,3.824004739434305,3.824004739434305,3.824004739434305,3.824004739434305,3.824004739434305,3.824004739434305,3.824004739434305,3.824004739434305,3.824004739434305,3.824004739434305,3.824004739434305,3.824004739434305,3.824004739434305,3.824004739434305,3.824004739434305,3.824004739434305,3.824004739434305,3.824004739434305,3.824004739434305,3.824004739434305,3.824004739434305,3.824004739434305,3.824004739434305,3.824004739434305,3.824004739434305,3.824004739434305,3.824004739434305,3.824004739434305,3.824004739434305,3.824004739434305,3.824004739434305,3.824004739434305,3.824004739434305,3.824004739434305,3.824004739434305,3.824004739434305,3.824004739434305,3.824004739434305,3.824004739434305,3.824004739434305,3.824004739434305,3.824004739434305,3.824004739434305,3.824004739434305,3.824004739434305,3.824004739434305,3.824004739434305,3.824004739434305,3.824004739434305,3.824004739434305,3.824004739434305,3.824004739434305,3.824004739434305,3.824004739434305,3.824004739434305,3.824004739434305,3.824004739434305,3.824004739434305,3.824004739434305,3.824004739434305,3.824004739434305,3.824004739434305,3.824004739434305,3.824004739434305,3.824004739434305,3.824004739434305,3.824004739434305,3.824004739434305,3.824004739434305,3.824004739434305,3.824004739434305,3.824004739434305,3.824004739434305,3.824004739434305,3.824004739434305,3.824004739434305,3.824004739434305,3.824004739434305,3.824004739434305,3.824004739434305,3.824004739434305,3.824004739434305,3.824004739434305,3.824004739434305,3.824004739434305,3.824004739434305,3.824004739434305,3.824004739434305,3.824004739434305,3.824004739434305,3.824004739434305,3.824004739434305,3.824004739434305,3.824004739434305,3.824004739434305,3.824004739434305,3.824004739434305,3.824004739434305,3.824004739434305,3.824004739434305,3.824004739434305,3.824004739434305,3.824004739434305,3.824004739434305,3.824004739434305,3.824004739434305,3.824004739434305,3.824004739434305,3.824004739434305,3.824004739434305,3.824004739434305,3.824004739434305,3.824004739434305,3.824004739434305,3.824004739434305,3.824004739434305,3.824004739434305,3.824004739434305,3.824004739434305,3.824004739434305,3.824004739434305,3.824004739434305,3.824004739434305,3.824004739434305,3.824004739434305,3.824004739434305,3.824004739434305,3.824004739434305,3.824004739434305,3.824004739434305,3.824004739434305,3.824004739434305,3.824004739434305,3.824004739434305,3.824004739434305,3.824004739434305,3.824004739434305,3.824004739434305,3.824004739434305,3.824004739434305,3.824004739434305,3.824004739434305,3.824004739434305,3.824004739434305,3.824004739434305,3.824004739434305,3.824004739434305,3.824004739434305,3.824004739434305,3.824004739434305,3.824004739434305,3.824004739434305,3.824004739434305,3.824004739434305,3.824004739434305,3.824004739434305,3.824004739434305,3.824004739434305,3.824004739434305,3.824004739434305,3.824004739434305,3.824004739434305,3.824004739434305,3.824004739434305,3.824004739434305,3.824004739434305,3.824004739434305,3.824004739434305,3.824004739434305,3.824004739434305,3.824004739434305,3.824004739434305,3.824004739434305,3.824004739434305,3.824004739434305,3.824004739434305,3.824004739434305,3.824004739434305,3.824004739434305,3.824004739434305,3.824004739434305,3.824004739434305,3.824004739434305,3.824004739434305,3.824004739434305,3.824004739434305,3.824004739434305,3.824004739434305,3.824004739434305,3.824004739434305,3.824004739434305,3.824004739434305,3.824004739434305,3.824004739434305,3.824004739434305,3.824004739434305,3.824004739434305,3.824004739434305,3.824004739434305,3.824004739434305,3.824004739434305,3.824004739434305,3.824004739434305,3.824004739434305,3.824004739434305,3.824004739434305,3.824004739434305,3.824004739434305,3.824004739434305,3.824004739434305,3.824004739434305,3.824004739434305,3.824004739434305,3.824004739434305,3.824004739434305,3.824004739434305,3.824004739434305,3.824004739434305,3.824004739434305,3.824004739434305,3.824004739434305,3.824004739434305,3.824004739434305,3.824004739434305,3.824004739434305,3.824004739434305,3.824004739434305,3.824004739434305,3.824004739434305,3.824004739434305,3.824004739434305,3.824004739434305,3.824004739434305,3.824004739434305,3.824004739434305,3.824004739434305,3.824004739434305,3.824004739434305,3.824004739434305,3.824004739434305,3.824004739434305,3.824004739434305,3.824004739434305,3.824004739434305,3.824004739434305,3.824004739434305,3.824004739434305,3.824004739434305,3.824004739434305,3.824004739434305,3.824004739434305,3.824004739434305,3.824004739434305,3.824004739434305,3.824004739434305,3.824004739434305,3.824004739434305,3.824004739434305,3.824004739434305,3.824004739434305,3.824004739434305,3.824004739434305,3.824004739434305,3.824004739434305,3.824004739434305,3.824004739434305,3.824004739434305,3.824004739434305,3.824004739434305,3.824004739434305,3.824004739434305,3.824004739434305,3.824004739434305,3.824004739434305,3.824004739434305,3.824004739434305,3.824004739434305,3.824004739434305,3.824004739434305,3.824004739434305,3.824004739434305,3.824004739434305,3.824004739434305,3.824004739434305,3.824004739434305,3.824004739434305,3.824004739434305,3.824004739434305,3.824004739434305,3.824004739434305,3.824004739434305,3.824004739434305,3.824004739434305,3.824004739434305,3.824004739434305,3.824004739434305,3.824004739434305,3.824004739434305,7.819307125009443,7.31809866549187,6.820382043866523,6.820382043866523,6.820382043866523,6.820382043866523,6.820382043866523,6.820382043866523,5.096257207917613,5.096257207917613,5.096257207917613,5.096257207917613,5.096257207917613,5.096257207917613,5.096257207917613,5.096257207917613,5.096257207917613,5.096257207917613,5.096257207917613,5.096257207917613,4.781357380584253,4.781357380584253,4.781357380584253,4.781357380584253,4.781357380584253,4.781357380584253,4.781357380584253,4.781357380584253,4.781357380584253,4.781357380584253,4.781357380584253,4.781357380584253,4.781357380584253,4.781357380584253,4.781357380584253,4.781357380584253,4.781357380584253,4.781357380584253,4.781357380584253,4.781357380584253,4.781357380584253,4.781357380584253,4.781357380584253,4.781357380584253,4.781357380584253,4.781357380584253,4.781357380584253,4.781357380584253,4.781357380584253,4.781357380584253,4.781357380584253,4.781357380584253,4.781357380584253,4.781357380584253,4.781357380584253,4.781357380584253,4.781357380584253,4.781357380584253,4.781357380584253,4.781357380584253,4.781357380584253,4.781357380584253,4.781357380584253,4.781357380584253,4.781357380584253,4.781357380584253,4.781357380584253,4.781357380584253,4.781357380584253,4.781357380584253,4.781357380584253,4.781357380584253,4.781357380584253,4.781357380584253,4.781357380584253,4.781357380584253,4.781357380584253,4.781357380584253,4.781357380584253,4.781357380584253,4.781357380584253,4.781357380584253,4.781357380584253,4.781357380584253,4.781357380584253,4.781357380584253,4.781357380584253,4.781357380584253,4.781357380584253,4.781357380584253,4.781357380584253,4.781357380584253,4.781357380584253,4.781357380584253,4.781357380584253,4.781357380584253,4.781357380584253,4.781357380584253,4.781357380584253,4.781357380584253,4.781357380584253,4.781357380584253,4.781357380584253,4.781357380584253,4.781357380584253,4.781357380584253,4.781357380584253,4.781357380584253,4.781357380584253,4.781357380584253,4.781357380584253,4.781357380584253,4.781357380584253,4.781357380584253,4.781357380584253,4.781357380584253,4.781357380584253,4.781357380584253,4.781357380584253,4.781357380584253,4.781357380584253,4.781357380584253,4.781357380584253,4.781357380584253,4.781357380584253,4.781357380584253,4.781357380584253,4.781357380584253,4.781357380584253,4.781357380584253,4.781357380584253,4.781357380584253,4.781357380584253,4.781357380584253,4.781357380584253,4.781357380584253,4.781357380584253,4.781357380584253,4.781357380584253,4.781357380584253,4.781357380584253,4.781357380584253,4.781357380584253,4.781357380584253,4.781357380584253,4.781357380584253,4.781357380584253,4.781357380584253,4.781357380584253,4.781357380584253,4.781357380584253,4.721029687543334,4.556011460513899,4.556011460513899,4.556011460513899,4.556011460513899,4.556011460513899,3.784821636708661,3.784821636708661,3.271615842075225,3.271615842075225,3.271615842075225,3.271615842075225,3.271615842075225,3.271615842075225,3.271615842075225,3.271615842075225,3.271615842075225,3.271615842075225,3.271615842075225,3.271615842075225,3.271615842075225,3.271615842075225,3.271615842075225,3.271615842075225,3.271615842075225,3.271615842075225,3.271615842075225,3.271615842075225,3.271615842075225,3.271615842075225,3.271615842075225,3.271615842075225,3.271615842075225,3.271615842075225,3.271615842075225,3.271615842075225,3.271615842075225,3.271615842075225,3.271615842075225,3.271615842075225,3.271615842075225,3.271615842075225,3.271615842075225,3.267197302923792,3.267197302923792,3.267197302923792,3.267197302923792,3.267197302923792,3.267197302923792,3.267197302923792,3.267197302923792,3.267197302923792,3.267197302923792,3.267197302923792,3.267197302923792,3.267197302923792,3.267197302923792,3.267197302923792,3.267197302923792,3.267197302923792,3.267197302923792,3.267197302923792,3.267197302923792,3.267197302923792,3.267197302923792,3.267197302923792,3.267197302923792,3.267197302923792,3.267197302923792,3.267197302923792,3.267197302923792,3.267197302923792,3.267197302923792,3.267197302923792,3.267197302923792,3.267197302923792,3.267197302923792,3.267197302923792,3.267197302923792,3.267197302923792,3.267197302923792,3.267197302923792,3.267197302923792,3.267197302923792,3.267197302923792,3.267197302923792,3.267197302923792,3.267197302923792,3.267197302923792,3.267197302923792,3.267197302923792,3.267197302923792,3.267197302923792,3.267197302923792,3.267197302923792,3.267197302923792,3.267197302923792,3.267197302923792,3.267197302923792,3.267197302923792,3.267197302923792,3.267197302923792,3.267197302923792,3.267197302923792,3.267197302923792,3.267197302923792,3.267197302923792,3.267197302923792,3.267197302923792,3.267197302923792,3.267197302923792,3.267197302923792,3.267197302923792,3.267197302923792,3.267197302923792,3.267197302923792,3.267197302923792,3.267197302923792,3.267197302923792,3.267197302923792,3.267197302923792,3.267197302923792,3.267197302923792,3.267197302923792,3.267197302923792,3.267197302923792,3.267197302923792,3.267197302923792,3.267197302923792,3.267197302923792,3.267197302923792,3.267197302923792,3.267197302923792,3.267197302923792,3.267197302923792,3.267197302923792,3.267197302923792,3.267197302923792,3.267197302923792,3.267197302923792,3.267197302923792,3.267197302923792,3.267197302923792,3.267197302923792,3.267197302923792,3.267197302923792,3.267197302923792,3.267197302923792,3.267197302923792,3.267197302923792,3.267197302923792,3.267197302923792,3.267197302923792,3.267197302923792,3.267197302923792,3.267197302923792,3.267197302923792,3.267197302923792,3.267197302923792,3.267197302923792,3.267197302923792,3.267197302923792,3.267197302923792,3.267197302923792,3.267197302923792,3.267197302923792,3.267197302923792,3.267197302923792,3.267197302923792,3.267197302923792,3.267197302923792,3.267197302923792,3.267197302923792,3.267197302923792,3.267197302923792,3.267197302923792,3.267197302923792,3.267197302923792,3.267197302923792,3.267197302923792,3.267197302923792,3.267197302923792,3.267197302923792,3.267197302923792,3.267197302923792,3.267197302923792,3.267197302923792,3.267197302923792,3.267197302923792,3.267197302923792,3.267197302923792,3.267197302923792,3.267197302923792,3.267197302923792,3.267197302923792,3.267197302923792,3.267197302923792,3.267197302923792,3.267197302923792,3.267197302923792,3.267197302923792,3.267197302923792,3.267197302923792,3.267197302923792,3.267197302923792,3.267197302923792,3.267197302923792,3.267197302923792,3.267197302923792,3.267197302923792,3.267197302923792,3.267197302923792,3.267197302923792,3.267197302923792,3.267197302923792,3.267197302923792,3.267197302923792,3.267197302923792,3.267197302923792,3.267197302923792,3.267197302923792,3.267197302923792,3.267197302923792,3.267197302923792,3.267197302923792,3.267197302923792,3.267197302923792,3.267197302923792,3.267197302923792,3.267197302923792,3.267197302923792,3.267197302923792,3.267197302923792,3.267197302923792,3.267197302923792,3.267197302923792,3.267197302923792,3.267197302923792,3.267197302923792,3.267197302923792,3.267197302923792,3.267197302923792,3.267197302923792,3.267197302923792,3.267197302923792,3.267197302923792,3.267197302923792,3.267197302923792,3.267197302923792,3.267197302923792,3.267197302923792,3.267197302923792,3.267197302923792,3.267197302923792,3.267197302923792,3.267197302923792,3.267197302923792,3.267197302923792,3.267197302923792,3.267197302923792,3.267197302923792,3.267197302923792,3.267197302923792,3.267197302923792,3.267197302923792,3.267197302923792,3.267197302923792,3.267197302923792,3.267197302923792,3.267197302923792,3.267197302923792,3.267197302923792,3.267197302923792,3.267197302923792,3.267197302923792,3.267197302923792,3.267197302923792,3.267197302923792,3.267197302923792,3.267197302923792,3.267197302923792,3.267197302923792,3.267197302923792,3.267197302923792,3.267197302923792,3.267197302923792,3.267197302923792,3.267197302923792,3.267197302923792,3.267197302923792,3.267197302923792,3.267197302923792,3.267197302923792,3.267197302923792,3.267197302923792,3.267197302923792,3.267197302923792,3.267197302923792,3.267197302923792,3.267197302923792,3.267197302923792,3.267197302923792,3.267197302923792,3.267197302923792,3.267197302923792,3.267197302923792,3.267197302923792,3.267197302923792,3.267197302923792,3.267197302923792,3.267197302923792,3.267197302923792,3.267197302923792,3.267197302923792,3.267197302923792,3.267197302923792,3.267197302923792,3.267197302923792,3.267197302923792,3.267197302923792,3.267197302923792,3.267197302923792,3.267197302923792,3.267197302923792,3.267197302923792,3.267197302923792,3.267197302923792,3.267197302923792,3.267197302923792,3.267197302923792,3.267197302923792,3.267197302923792,3.267197302923792,3.267197302923792,3.267197302923792,3.267197302923792,3.267197302923792,3.267197302923792,3.267197302923792,3.267197302923792,3.267197302923792,3.267197302923792,3.267197302923792,3.267197302923792,3.267197302923792,3.267197302923792,3.267197302923792,3.267197302923792,3.267197302923792,3.267197302923792,3.267197302923792,3.267197302923792,3.267197302923792,3.267197302923792,3.267197302923792,3.267197302923792,3.267197302923792,3.267197302923792,3.267197302923792,3.267197302923792,3.267197302923792,3.267197302923792,3.267197302923792,3.267197302923792,3.267197302923792,3.267197302923792,3.267197302923792,3.267197302923792,3.267197302923792,3.267197302923792,3.267197302923792,3.267197302923792,3.267197302923792,3.267197302923792,3.267197302923792,3.267197302923792,3.267197302923792,3.267197302923792,3.267197302923792,3.267197302923792,3.267197302923792,3.267197302923792,3.267197302923792,3.267197302923792,3.267197302923792,3.267197302923792,3.267197302923792,3.267197302923792,3.267197302923792,3.267197302923792,3.267197302923792,3.267197302923792,3.267197302923792,3.267197302923792,3.267197302923792,3.267197302923792,3.267197302923792,3.267197302923792,3.267197302923792,3.267197302923792,3.267197302923792,3.267197302923792,3.267197302923792,3.267197302923792,3.267197302923792,3.267197302923792,3.267197302923792,3.267197302923792,3.267197302923792,3.267197302923792,3.267197302923792,3.267197302923792,3.267197302923792,3.267197302923792,3.267197302923792,3.267197302923792,3.267197302923792,3.267197302923792,3.267197302923792,3.267197302923792,3.267197302923792,3.267197302923792,3.267197302923792,3.267197302923792,3.267197302923792,3.267197302923792,3.267197302923792,3.267197302923792,3.267197302923792,3.267197302923792,3.267197302923792,3.267197302923792,3.267197302923792,3.267197302923792,3.267197302923792,3.267197302923792,3.267197302923792,3.267197302923792,3.267197302923792,3.267197302923792,3.267197302923792,3.267197302923792,3.267197302923792,3.267197302923792,3.267197302923792,3.267197302923792,3.267197302923792,3.267197302923792,3.267197302923792,3.267197302923792,3.267197302923792,3.267197302923792,3.267197302923792,3.267197302923792,3.267197302923792,3.267197302923792,3.267197302923792,3.267197302923792,3.267197302923792,3.267197302923792,3.267197302923792,3.267197302923792,3.267197302923792,3.267197302923792,3.267197302923792,3.267197302923792,3.267197302923792,3.267197302923792,3.267197302923792,3.267197302923792,3.267197302923792,3.267197302923792,3.267197302923792,3.267197302923792,3.267197302923792,3.267197302923792,3.267197302923792,3.267197302923792,3.267197302923792,3.267197302923792,3.267197302923792,3.267197302923792,3.267197302923792,3.267197302923792,3.267197302923792,3.267197302923792,3.267197302923792,3.267197302923792,3.267197302923792,3.267197302923792,3.267197302923792,3.267197302923792,3.267197302923792,3.267197302923792,3.267197302923792,3.267197302923792,3.267197302923792,3.267197302923792,3.267197302923792,3.267197302923792,3.267197302923792,3.267197302923792,3.267197302923792,3.267197302923792,3.267197302923792,3.267197302923792,3.267197302923792,3.267197302923792,3.267197302923792,3.267197302923792,3.267197302923792,3.267197302923792,3.267197302923792,3.267197302923792,3.267197302923792,3.267197302923792,3.267197302923792,3.267197302923792,3.267197302923792,3.267197302923792,3.267197302923792,3.267197302923792,3.267197302923792,3.267197302923792,3.267197302923792,3.267197302923792,3.267197302923792,3.267197302923792,3.267197302923792,3.267197302923792,3.267197302923792,3.267197302923792,3.267197302923792,3.267197302923792,3.267197302923792,3.267197302923792,3.267197302923792,3.267197302923792,3.267197302923792,3.267197302923792,3.267197302923792,3.267197302923792,3.267197302923792,3.267197302923792,3.267197302923792,3.267197302923792,3.267197302923792,3.267197302923792,3.267197302923792,3.267197302923792,3.267197302923792,3.267197302923792,3.267197302923792,3.267197302923792,3.267197302923792,3.267197302923792,3.267197302923792,3.267197302923792,3.267197302923792,3.267197302923792,3.267197302923792,3.267197302923792,3.267197302923792,3.267197302923792,3.267197302923792,3.267197302923792,3.267197302923792,3.267197302923792,3.267197302923792,3.267197302923792,3.267197302923792,3.267197302923792,3.267197302923792,3.267197302923792,3.267197302923792,3.267197302923792,3.267197302923792,3.267197302923792,3.267197302923792,3.267197302923792,3.267197302923792,3.267197302923792,3.267197302923792,3.267197302923792,3.267197302923792,3.267197302923792,3.267197302923792,3.267197302923792,3.267197302923792,3.267197302923792,3.267197302923792,3.267197302923792,3.267197302923792,3.267197302923792,3.267197302923792,3.267197302923792,3.267197302923792,3.267197302923792,3.267197302923792,3.267197302923792,3.267197302923792,3.267197302923792,3.267197302923792,3.267197302923792,3.267197302923792,3.267197302923792,3.267197302923792,3.267197302923792,3.267197302923792,3.267197302923792,3.267197302923792,3.267197302923792,3.267197302923792,3.267197302923792,3.267197302923792,3.267197302923792,3.267197302923792,3.267197302923792,3.267197302923792,3.267197302923792,3.267197302923792,3.267197302923792,3.267197302923792,3.267197302923792,3.267197302923792,3.267197302923792,3.267197302923792,3.267197302923792,3.267197302923792,3.267197302923792,3.267197302923792,3.267197302923792,3.267197302923792,3.267197302923792,3.267197302923792,3.267197302923792,3.267197302923792,3.267197302923792,3.267197302923792,3.267197302923792,3.267197302923792,3.267197302923792,3.267197302923792,3.267197302923792,3.267197302923792,3.267197302923792,3.267197302923792,3.267197302923792,3.267197302923792,3.267197302923792,3.267197302923792,3.267197302923792,3.267197302923792,3.267197302923792,3.267197302923792,3.267197302923792,3.267197302923792,3.267197302923792,3.267197302923792,3.267197302923792,3.267197302923792,3.267197302923792,3.267197302923792,3.267197302923792,3.267197302923792,3.267197302923792,3.267197302923792,3.267197302923792,3.267197302923792,3.267197302923792,3.267197302923792,3.267197302923792,3.267197302923792,3.267197302923792,3.267197302923792,3.267197302923792,3.267197302923792,3.267197302923792,3.267197302923792,3.267197302923792,3.267197302923792,3.267197302923792,3.267197302923792,3.267197302923792,3.267197302923792,3.267197302923792,3.267197302923792,3.267197302923792,3.267197302923792,3.267197302923792,3.267197302923792,3.267197302923792,3.267197302923792,3.267197302923792,3.267197302923792,3.267197302923792,3.267197302923792,3.267197302923792,3.267197302923792,3.267197302923792,3.267197302923792,3.267197302923792,3.267197302923792,3.267197302923792,3.267197302923792,3.267197302923792,3.267197302923792,3.267197302923792,3.267197302923792,3.267197302923792,3.267197302923792,3.267197302923792,3.267197302923792,3.267197302923792,3.267197302923792,3.267197302923792,3.267197302923792,3.267197302923792,3.267197302923792,3.267197302923792,3.267197302923792,3.267197302923792,3.267197302923792,3.267197302923792,3.267197302923792,3.267197302923792,3.267197302923792,3.267197302923792,3.267197302923792,3.267197302923792,3.267197302923792,3.267197302923792,3.267197302923792,3.267197302923792,3.267197302923792,3.267197302923792,3.267197302923792,3.267197302923792,3.267197302923792,3.267197302923792,3.267197302923792,3.267197302923792,3.267197302923792,3.267197302923792,3.267197302923792,3.267197302923792,3.267197302923792,3.267197302923792,3.267197302923792,3.267197302923792,3.267197302923792,3.267197302923792,3.267197302923792,3.267197302923792,3.267197302923792,3.267197302923792,3.267197302923792,3.267197302923792,3.267197302923792,3.267197302923792,3.267197302923792,3.267197302923792,3.267197302923792,3.267197302923792,3.267197302923792,3.267197302923792,3.267197302923792,3.267197302923792,3.267197302923792,3.267197302923792,3.267197302923792,3.267197302923792,3.267197302923792,3.267197302923792,3.267197302923792,3.267197302923792,3.267197302923792,3.267197302923792,3.267197302923792,3.267197302923792,3.267197302923792,3.267197302923792,3.267197302923792,3.267197302923792,3.267197302923792,3.267197302923792,3.267197302923792,3.267197302923792,3.267197302923792,3.267197302923792,3.267197302923792,3.267197302923792,3.267197302923792,3.267197302923792,3.267197302923792,3.267197302923792,3.267197302923792,3.267197302923792,3.267197302923792,3.267197302923792,3.267197302923792,3.267197302923792,3.267197302923792,3.267197302923792,3.267197302923792,3.267197302923792,3.267197302923792,3.267197302923792,3.267197302923792,3.267197302923792,3.267197302923792,3.267197302923792,3.267197302923792,3.267197302923792,3.267197302923792,3.267197302923792,3.267197302923792,3.267197302923792,3.267197302923792,3.267197302923792,3.267197302923792,3.267197302923792,3.267197302923792,3.267197302923792,3.267197302923792,3.267197302923792,3.267197302923792,3.267197302923792,3.267197302923792,3.267197302923792,3.267197302923792,3.267197302923792,3.267197302923792,3.267197302923792,3.267197302923792,3.267197302923792,3.267197302923792,3.267197302923792,3.267197302923792,3.267197302923792,3.267197302923792,3.267197302923792,3.267197302923792,3.267197302923792,3.267197302923792,3.267197302923792,3.267197302923792,3.267197302923792,3.267197302923792,5.989031080038399,5.916975193974014,5.916975193974014,5.916975193974014,5.916975193974014,5.916975193974014,5.916975193974014,5.916975193974014,5.916975193974014,5.916975193974014,5.916975193974014,5.916975193974014,5.916975193974014,5.916975193974014,5.916975193974014,5.916975193974014,5.916975193974014,5.916975193974014,5.916975193974014,5.916975193974014,5.916975193974014,5.916975193974014,5.916975193974014,5.916975193974014,5.538467069083712,5.538467069083712,5.538467069083712,5.506153745470692,5.506153745470692,5.506153745470692,5.506153745470692,4.99886621268886,4.99886621268886,4.99886621268886,4.99886621268886,4.99886621268886,4.99886621268886,4.99886621268886,4.99886621268886,4.99886621268886,4.99886621268886,4.99886621268886,4.99886621268886,4.99886621268886,4.99886621268886,4.99886621268886,4.99886621268886,4.99886621268886,4.99886621268886,4.99886621268886,4.99886621268886,4.99886621268886,4.99886621268886,4.99886621268886,4.99886621268886,4.99886621268886,4.99886621268886,4.99886621268886,4.99886621268886,4.99886621268886,4.99886621268886,4.99886621268886,4.99886621268886,4.99886621268886,4.99886621268886,4.99886621268886,4.99886621268886,4.99886621268886,4.99886621268886,4.99886621268886,4.99886621268886,4.99886621268886,4.99886621268886,4.99886621268886,4.99886621268886,4.99886621268886,4.99886621268886,4.99886621268886,4.99886621268886,4.99886621268886,4.99886621268886,4.99886621268886,4.99886621268886,4.99886621268886,4.99886621268886,4.99886621268886,4.99886621268886,4.99886621268886,4.99886621268886,4.99886621268886,4.99886621268886,4.99886621268886,4.99886621268886,4.99886621268886,4.99886621268886,4.99886621268886,4.99886621268886,4.99886621268886,4.99886621268886,4.99886621268886,4.99886621268886,4.99886621268886,4.99886621268886,4.99886621268886,4.99886621268886,4.99886621268886,4.99886621268886,4.99886621268886,4.99886621268886,4.99886621268886,4.99886621268886,4.99886621268886,4.99886621268886,4.99886621268886,4.99886621268886,4.99886621268886,4.99886621268886,4.99886621268886,4.99886621268886,4.99886621268886,4.99886621268886,4.99886621268886,4.99886621268886,4.99886621268886,4.99886621268886,4.99886621268886,4.99886621268886,4.99886621268886,4.343816186384667,4.343816186384667,4.343816186384667,4.343816186384667,4.343816186384667,4.343816186384667,4.343816186384667,4.343816186384667,4.343816186384667,4.343816186384667,4.343816186384667,3.664234242734657,3.664234242734657,3.664234242734657,3.664234242734657,3.664234242734657,3.664234242734657,3.664234242734657,3.664234242734657,3.664234242734657,3.664234242734657,3.664234242734657,3.664234242734657,3.664234242734657,3.664234242734657,3.664234242734657,3.664234242734657,3.664234242734657,3.664234242734657,3.664234242734657,3.664234242734657,3.664234242734657,3.664234242734657,3.664234242734657,3.664234242734657,3.664234242734657,3.664234242734657,3.664234242734657,3.664234242734657,3.664234242734657,3.664234242734657,3.664234242734657,3.664234242734657,3.664234242734657,3.664234242734657,3.664234242734657,3.664234242734657,3.664234242734657,3.664234242734657,3.664234242734657,3.664234242734657,3.664234242734657,3.664234242734657,3.664234242734657,3.664234242734657,3.664234242734657,3.664234242734657,3.664234242734657,3.664234242734657,3.664234242734657,3.664234242734657,3.664234242734657,3.664234242734657,3.664234242734657,3.664234242734657,3.664234242734657,3.664234242734657,3.664234242734657,3.664234242734657,3.664234242734657,3.664234242734657,3.664234242734657,3.664234242734657,3.664234242734657,3.664234242734657,3.664234242734657,3.664234242734657,3.664234242734657,3.664234242734657,3.664234242734657,3.664234242734657,3.664234242734657,3.664234242734657,3.664234242734657,3.664234242734657,3.664234242734657,3.664234242734657,3.664234242734657,3.664234242734657,3.664234242734657,3.664234242734657,3.664234242734657,3.664234242734657,3.664234242734657,3.664234242734657,2.9436142963740224,2.9436142963740224,2.9436142963740224,2.9436142963740224,2.9436142963740224,2.9436142963740224,2.9436142963740224,2.9436142963740224,2.9436142963740224,2.9436142963740224,2.9436142963740224,2.9436142963740224,2.9436142963740224,2.9436142963740224,2.9436142963740224,2.9436142963740224,2.9436142963740224,2.9436142963740224,2.9436142963740224,2.9436142963740224,2.9436142963740224,2.9436142963740224,2.9436142963740224,2.9436142963740224,2.9436142963740224,2.9436142963740224,2.9436142963740224,2.9436142963740224,2.9436142963740224,2.9436142963740224,2.9436142963740224,2.9436142963740224,2.9436142963740224,2.9436142963740224,2.9436142963740224,2.9436142963740224,2.9436142963740224,2.9436142963740224,2.9436142963740224,2.9436142963740224,2.9436142963740224,2.9436142963740224,2.9436142963740224,2.9436142963740224,2.9436142963740224,2.9436142963740224,2.9436142963740224,2.9436142963740224,2.9436142963740224,2.9436142963740224,2.9436142963740224,2.9436142963740224,2.9436142963740224,2.9436142963740224,2.9436142963740224,2.9436142963740224,2.9436142963740224,2.9436142963740224,2.9436142963740224,2.9436142963740224,2.9436142963740224,2.9436142963740224,2.9436142963740224,2.9436142963740224,2.9436142963740224,2.9436142963740224,2.9436142963740224,2.9436142963740224,2.9436142963740224,2.9436142963740224,2.9436142963740224,2.9436142963740224,2.9436142963740224,2.9436142963740224,2.9436142963740224,2.9436142963740224,2.9436142963740224,2.9436142963740224,2.9436142963740224,2.9436142963740224,2.9436142963740224,2.9436142963740224,2.9436142963740224,2.9436142963740224,2.9436142963740224,2.9436142963740224,2.9436142963740224,2.9436142963740224,2.9436142963740224,2.9436142963740224,2.9436142963740224,2.9436142963740224,2.9436142963740224,2.9436142963740224,2.9436142963740224,2.9436142963740224,2.9436142963740224,2.9436142963740224,2.9436142963740224,2.9436142963740224,2.9436142963740224,2.9436142963740224,2.9436142963740224,2.9436142963740224,2.9436142963740224,2.9436142963740224,2.9436142963740224,2.9436142963740224,2.9436142963740224,2.9436142963740224,2.9436142963740224,2.9436142963740224,2.9436142963740224,2.9436142963740224,2.9436142963740224,2.9436142963740224,2.9436142963740224,2.9436142963740224,2.9436142963740224,2.9436142963740224,2.9436142963740224,2.9436142963740224,2.9436142963740224,2.9436142963740224,2.9436142963740224,2.9436142963740224,2.9436142963740224,2.9436142963740224,2.9436142963740224,2.9436142963740224,2.9436142963740224,2.9436142963740224,2.9436142963740224,2.9436142963740224,2.9436142963740224,2.9436142963740224,2.9436142963740224,2.9436142963740224,2.9436142963740224,2.9436142963740224,2.9436142963740224,2.9436142963740224,2.9436142963740224,2.9436142963740224,2.9436142963740224,2.9436142963740224,2.9436142963740224,2.9436142963740224,2.9436142963740224,2.9436142963740224,2.9436142963740224,2.9436142963740224,2.9436142963740224,2.9436142963740224,2.9436142963740224,2.9436142963740224,2.9436142963740224,2.9436142963740224,2.9436142963740224,2.9436142963740224,2.9436142963740224,2.9436142963740224,2.9436142963740224,2.9436142963740224,2.9436142963740224,2.9436142963740224,2.9436142963740224,2.9436142963740224,2.9436142963740224,2.9436142963740224,2.9436142963740224,2.9436142963740224,2.9436142963740224,2.9436142963740224,2.9436142963740224,2.9436142963740224,2.9436142963740224,2.9436142963740224,2.9436142963740224,2.9436142963740224,2.9436142963740224,2.9436142963740224,2.9436142963740224,2.9436142963740224,2.9436142963740224,2.9436142963740224,2.9436142963740224,2.9436142963740224,2.9436142963740224,2.9436142963740224,2.9436142963740224,2.9436142963740224,2.9436142963740224,2.9436142963740224,2.9436142963740224,2.9436142963740224,2.9436142963740224,2.9436142963740224,2.9436142963740224,2.9436142963740224,2.9436142963740224,2.9436142963740224,2.9436142963740224,2.9436142963740224,2.9436142963740224,2.9436142963740224,2.9436142963740224,2.9436142963740224,2.9436142963740224,2.9436142963740224,2.9436142963740224,2.9436142963740224,2.9436142963740224,2.9436142963740224,2.9436142963740224,2.9436142963740224,2.9436142963740224,2.9436142963740224,2.9436142963740224,2.9436142963740224,2.9436142963740224,2.9436142963740224,2.9436142963740224,2.9436142963740224,2.9436142963740224,2.9436142963740224,2.9436142963740224,2.9436142963740224,2.9436142963740224,2.9436142963740224,2.9436142963740224,2.9436142963740224,2.9436142963740224,2.9436142963740224,2.9436142963740224,2.9436142963740224,2.9436142963740224,2.9436142963740224,2.9436142963740224,2.9436142963740224,2.9436142963740224,2.9436142963740224,2.9436142963740224,2.9436142963740224,2.9436142963740224,2.9436142963740224,2.9436142963740224,2.9436142963740224,2.9436142963740224,2.9436142963740224,2.9436142963740224,2.9436142963740224,2.9436142963740224,2.9436142963740224,2.9436142963740224,2.9436142963740224,2.9436142963740224,2.9436142963740224,2.9436142963740224,2.9436142963740224,2.9436142963740224,2.9436142963740224,2.9436142963740224,2.9436142963740224,2.9436142963740224,2.9436142963740224,2.9436142963740224,2.9436142963740224,2.9436142963740224,2.9436142963740224,2.9436142963740224,2.9436142963740224,2.9436142963740224,2.9436142963740224,2.9436142963740224,2.9436142963740224,2.9436142963740224,2.9436142963740224,2.9436142963740224,2.9436142963740224,2.9436142963740224,2.9436142963740224,2.9436142963740224,2.9436142963740224,2.9436142963740224,2.9436142963740224,2.9436142963740224,2.9436142963740224,2.9436142963740224,2.9436142963740224,2.9436142963740224,2.9436142963740224,2.9436142963740224,2.9436142963740224,2.9436142963740224,2.9436142963740224,2.9436142963740224,2.9436142963740224,2.9436142963740224,2.9436142963740224,2.9436142963740224,2.9436142963740224,2.9436142963740224,2.9436142963740224,2.9436142963740224,2.9436142963740224,2.9436142963740224,2.9436142963740224,2.9436142963740224,2.9436142963740224,2.9436142963740224,2.9436142963740224,2.9436142963740224,2.9436142963740224,2.9436142963740224,2.9436142963740224,2.9436142963740224,2.9436142963740224,2.9436142963740224,2.9436142963740224,2.9436142963740224,2.9436142963740224,2.9436142963740224,2.9436142963740224,2.9436142963740224,2.9436142963740224,2.9436142963740224,2.9436142963740224,2.9436142963740224,2.9436142963740224,2.9436142963740224,2.9436142963740224,2.9436142963740224,2.9436142963740224,2.9436142963740224,2.9436142963740224,2.9436142963740224,2.9436142963740224,2.9436142963740224,2.9436142963740224,2.9436142963740224,2.9436142963740224,2.9436142963740224,2.9436142963740224,2.9436142963740224,2.9436142963740224,2.9436142963740224,2.9436142963740224,2.9436142963740224,2.9436142963740224,2.9436142963740224,2.9436142963740224,2.9436142963740224,2.9436142963740224,2.9436142963740224,2.9436142963740224,2.9436142963740224,2.9436142963740224,2.9436142963740224,2.9436142963740224,2.9436142963740224,2.9436142963740224,2.9436142963740224,2.9436142963740224,2.9436142963740224,2.9436142963740224,2.9436142963740224,2.9436142963740224,2.9436142963740224,2.9436142963740224,2.9436142963740224,2.9436142963740224,2.9436142963740224,2.9436142963740224,2.9436142963740224,2.9436142963740224,2.9436142963740224,2.9436142963740224,2.9436142963740224,2.9436142963740224,2.9436142963740224,2.9436142963740224,2.9436142963740224,2.9436142963740224,2.9436142963740224,2.9436142963740224,2.9436142963740224,2.9436142963740224,2.9436142963740224,2.9436142963740224,2.9436142963740224,2.9436142963740224,2.9436142963740224,2.9436142963740224,2.9436142963740224,2.9436142963740224,2.9436142963740224,2.9436142963740224,2.9436142963740224,2.9436142963740224,2.9436142963740224,2.9436142963740224,2.9436142963740224,2.9436142963740224,2.9436142963740224,2.9436142963740224,2.9436142963740224,2.9436142963740224,2.9436142963740224,2.9436142963740224,2.9436142963740224,2.9436142963740224,2.9436142963740224,2.9436142963740224,2.9436142963740224,2.9436142963740224,2.9436142963740224,2.9436142963740224,2.9436142963740224,2.9436142963740224,2.9436142963740224,2.9436142963740224,2.9436142963740224,2.9436142963740224,2.9436142963740224,2.9436142963740224,2.9436142963740224,2.9436142963740224,2.9436142963740224,2.9436142963740224,2.9436142963740224,2.9436142963740224,2.9436142963740224,2.9436142963740224,2.9436142963740224,2.9436142963740224,2.9436142963740224,2.9436142963740224,2.9436142963740224,2.9436142963740224,2.9436142963740224,2.9436142963740224,2.9436142963740224,2.9436142963740224,2.9436142963740224,2.9436142963740224,2.9436142963740224,2.9436142963740224,2.9436142963740224,2.9436142963740224,2.9436142963740224,2.9436142963740224,2.9436142963740224,2.9436142963740224,2.9436142963740224,2.9436142963740224,2.9436142963740224,2.9436142963740224,2.9436142963740224,2.9436142963740224,2.9436142963740224,2.9436142963740224,2.9436142963740224,2.9436142963740224,2.9436142963740224,2.9436142963740224,2.9436142963740224,2.9436142963740224,2.9436142963740224,2.9436142963740224,2.9436142963740224,2.9436142963740224,2.9436142963740224,2.9436142963740224,2.9436142963740224,2.9436142963740224,2.9436142963740224,2.9436142963740224,2.9436142963740224,2.9436142963740224,2.9436142963740224,2.9436142963740224,2.9436142963740224,2.9436142963740224,2.9436142963740224,2.9436142963740224,2.9436142963740224,2.9436142963740224,2.9436142963740224,2.9436142963740224,2.9436142963740224,2.9436142963740224,2.9436142963740224,2.9436142963740224,2.9436142963740224,2.9436142963740224,2.9436142963740224,2.9436142963740224,2.9436142963740224,2.9436142963740224,2.9436142963740224,2.9436142963740224,2.9436142963740224,2.9436142963740224,2.9436142963740224,2.9436142963740224,2.9436142963740224,2.9436142963740224,2.9436142963740224,2.9436142963740224,2.9436142963740224,2.9436142963740224,2.9436142963740224,2.9436142963740224,2.9436142963740224,2.9436142963740224,2.9436142963740224,2.9436142963740224,2.9436142963740224,2.9436142963740224,2.9436142963740224,2.9436142963740224,2.9436142963740224,2.9436142963740224,2.9436142963740224,2.9436142963740224,2.9436142963740224,2.9436142963740224,2.9436142963740224,2.9436142963740224,2.9436142963740224,2.9436142963740224,2.9436142963740224,2.9436142963740224,2.9436142963740224,2.9436142963740224,2.9436142963740224,2.9436142963740224,2.9436142963740224,2.9436142963740224,2.9436142963740224,2.9436142963740224,2.9436142963740224,2.9436142963740224,2.9436142963740224,2.9436142963740224,2.9436142963740224,2.9436142963740224,2.9436142963740224,2.9436142963740224,2.9436142963740224,2.9436142963740224,2.9436142963740224,2.9436142963740224,2.9436142963740224,2.9436142963740224,2.9436142963740224,2.9436142963740224,2.9436142963740224,2.9436142963740224,2.9436142963740224,2.9436142963740224,2.9436142963740224,2.9436142963740224,2.9436142963740224,2.9436142963740224,2.9436142963740224,2.9436142963740224,2.9436142963740224,2.9436142963740224,2.9436142963740224,2.9436142963740224,2.9436142963740224,2.9436142963740224,2.9436142963740224,2.9436142963740224,2.9436142963740224,2.9436142963740224,2.9436142963740224,2.9436142963740224,2.9436142963740224,2.9436142963740224,2.9436142963740224,2.9436142963740224,2.9436142963740224,2.9436142963740224,2.9436142963740224,2.9436142963740224,2.9436142963740224,2.9436142963740224,2.9436142963740224,2.9436142963740224,2.9436142963740224,2.9436142963740224,2.9436142963740224,2.9436142963740224,2.9436142963740224,2.9436142963740224,2.9436142963740224,2.9436142963740224,2.9436142963740224,2.9436142963740224,2.9436142963740224,2.9436142963740224,2.9436142963740224,2.9436142963740224,2.9436142963740224,2.9436142963740224,2.9436142963740224,2.9436142963740224,2.9436142963740224,2.9436142963740224,2.9436142963740224,2.9436142963740224,2.9436142963740224,2.9436142963740224,2.9436142963740224,2.9436142963740224,2.9436142963740224,2.9436142963740224,2.9436142963740224,2.9436142963740224,2.9436142963740224,2.9436142963740224,2.9436142963740224,2.9436142963740224,2.9436142963740224,2.9436142963740224,2.9436142963740224,2.9436142963740224,2.9436142963740224,2.9436142963740224,2.9436142963740224,2.9436142963740224,2.9436142963740224,2.9436142963740224,2.9436142963740224,2.9436142963740224,2.9436142963740224,2.9436142963740224,2.9436142963740224,2.9436142963740224,2.9436142963740224,2.9436142963740224,2.9436142963740224,2.9436142963740224,2.9436142963740224,2.9436142963740224,2.9436142963740224,2.9436142963740224,2.9436142963740224,2.9436142963740224,2.9436142963740224,2.9436142963740224,2.9436142963740224,2.9436142963740224,2.9436142963740224,2.9436142963740224,2.9436142963740224,2.9436142963740224,2.9436142963740224,2.9436142963740224,2.9436142963740224,2.9436142963740224,2.9436142963740224,2.9436142963740224,2.9436142963740224,2.9436142963740224,2.9436142963740224,2.9436142963740224,2.9436142963740224,2.9436142963740224,2.9436142963740224,2.9436142963740224,2.9436142963740224,2.9436142963740224,2.9436142963740224,2.9436142963740224,2.9436142963740224,2.9436142963740224,2.9436142963740224,2.9436142963740224,2.9436142963740224,2.9436142963740224,2.9436142963740224,2.9436142963740224,2.9436142963740224,2.9436142963740224,2.9436142963740224,2.9436142963740224,2.9436142963740224,2.9436142963740224,2.9436142963740224,2.9436142963740224,2.9436142963740224,2.9436142963740224,2.9436142963740224,2.9436142963740224,2.9436142963740224,2.9436142963740224,2.9436142963740224,2.9436142963740224,2.9436142963740224,2.9436142963740224,2.9436142963740224,2.9436142963740224,2.9436142963740224,2.9436142963740224,2.9436142963740224,2.9436142963740224,2.9436142963740224,2.9436142963740224,2.9436142963740224,2.9436142963740224,2.9436142963740224,2.9436142963740224,2.9436142963740224,2.9436142963740224,2.9436142963740224,2.9436142963740224,2.9436142963740224,2.9436142963740224,2.9436142963740224,2.9436142963740224,2.9436142963740224,2.9436142963740224,2.9436142963740224,2.9436142963740224,2.9436142963740224,2.9436142963740224,2.9436142963740224,2.9436142963740224,2.9436142963740224,2.9436142963740224,2.9436142963740224,2.9436142963740224,2.9436142963740224,2.9436142963740224,2.9436142963740224,2.9436142963740224,2.9436142963740224,2.9436142963740224,2.9436142963740224,2.9436142963740224,2.9436142963740224,2.9436142963740224,2.9436142963740224,2.9436142963740224,2.9436142963740224,2.9436142963740224,2.9436142963740224,2.9436142963740224,2.9436142963740224,2.9436142963740224,2.9436142963740224,2.9436142963740224,2.9436142963740224,2.9436142963740224,2.9436142963740224,2.9436142963740224,2.9436142963740224,2.9436142963740224,2.9436142963740224,2.9436142963740224,2.9436142963740224,2.9436142963740224,2.9436142963740224,2.9436142963740224,2.9436142963740224,2.9436142963740224,2.9436142963740224,2.9436142963740224,2.9436142963740224,2.9436142963740224,2.9436142963740224,2.9436142963740224,2.9436142963740224,7.754105001992044,7.754105001992044,7.470816360101754,7.451778417741478,7.451778417741478,7.451778417741478,7.451778417741478,7.451778417741478,7.451778417741478,6.5140121311425725,6.5140121311425725,6.5140121311425725,6.5140121311425725,6.5140121311425725,6.5140121311425725,6.5140121311425725,6.5140121311425725,6.5140121311425725,6.5140121311425725,6.264182041445159,6.264182041445159,6.264182041445159,5.856498691305806,5.5242036205305345,5.5242036205305345,5.5242036205305345,5.5242036205305345,5.5242036205305345,5.5242036205305345,5.5242036205305345,5.5242036205305345,5.5242036205305345,5.5242036205305345,5.5242036205305345,5.5242036205305345,5.5242036205305345,5.5242036205305345,5.5242036205305345,5.5242036205305345,5.5242036205305345,5.5242036205305345,5.5242036205305345,5.5242036205305345,5.5242036205305345,5.5242036205305345,5.5242036205305345,5.5242036205305345,5.5242036205305345,5.5242036205305345,5.5242036205305345,5.5242036205305345,5.5242036205305345,5.5242036205305345,5.5242036205305345,5.5242036205305345,4.781403172811978,4.781403172811978,4.781403172811978,4.781403172811978,4.781403172811978,4.781403172811978,4.781403172811978,4.781403172811978,4.781403172811978,4.781403172811978,4.781403172811978,4.781403172811978,4.634064265709467,4.634064265709467,4.634064265709467,4.634064265709467,4.634064265709467,4.634064265709467,4.634064265709467,4.634064265709467,4.634064265709467,4.634064265709467,4.634064265709467,4.634064265709467,4.634064265709467,4.634064265709467,4.634064265709467,4.634064265709467,4.634064265709467,4.634064265709467,4.634064265709467,4.634064265709467,4.634064265709467,4.634064265709467,4.634064265709467,4.634064265709467,4.634064265709467,4.634064265709467,4.634064265709467,4.634064265709467,4.634064265709467,4.634064265709467,4.634064265709467,4.634064265709467,4.634064265709467,4.634064265709467,4.634064265709467,4.634064265709467,4.634064265709467,4.634064265709467,4.634064265709467,4.634064265709467,4.634064265709467,4.634064265709467,4.634064265709467,4.634064265709467,4.634064265709467,4.634064265709467,4.634064265709467,4.634064265709467,4.634064265709467,4.634064265709467,4.634064265709467,4.634064265709467,4.634064265709467,4.634064265709467,4.634064265709467,4.634064265709467,4.634064265709467,4.634064265709467,4.634064265709467,4.634064265709467,4.634064265709467,4.634064265709467,4.634064265709467,4.634064265709467,4.634064265709467,4.634064265709467,4.634064265709467,4.634064265709467,4.634064265709467,4.634064265709467,4.634064265709467,4.634064265709467,4.634064265709467,4.634064265709467,4.634064265709467,4.634064265709467,4.634064265709467,4.634064265709467,4.634064265709467,4.634064265709467,4.634064265709467,4.634064265709467,4.634064265709467,4.634064265709467,4.634064265709467,4.634064265709467,4.634064265709467,4.634064265709467,4.634064265709467,4.634064265709467,4.634064265709467,4.634064265709467,4.634064265709467,4.634064265709467,4.634064265709467,4.634064265709467,4.634064265709467,4.634064265709467,4.634064265709467,4.634064265709467,4.634064265709467,4.634064265709467,4.634064265709467,4.634064265709467,4.634064265709467,4.634064265709467,4.634064265709467,4.634064265709467,4.634064265709467,4.634064265709467,4.634064265709467,4.634064265709467,4.634064265709467,4.634064265709467,4.634064265709467,4.634064265709467,4.634064265709467,4.634064265709467,4.634064265709467,4.634064265709467,4.634064265709467,4.634064265709467,4.634064265709467,4.634064265709467,4.634064265709467,4.634064265709467,4.634064265709467,4.634064265709467,4.634064265709467,4.634064265709467,4.634064265709467,4.634064265709467,4.634064265709467,4.634064265709467,4.634064265709467,4.634064265709467,4.634064265709467,4.634064265709467,4.634064265709467,4.634064265709467,4.634064265709467,4.634064265709467,4.634064265709467,4.634064265709467,4.634064265709467,4.634064265709467,4.634064265709467,4.634064265709467,4.634064265709467,4.634064265709467,4.634064265709467,4.634064265709467,4.634064265709467,4.634064265709467,4.634064265709467,4.634064265709467,4.634064265709467,4.634064265709467,4.634064265709467,4.634064265709467,4.634064265709467,4.634064265709467,4.634064265709467,4.634064265709467,4.634064265709467,4.634064265709467,4.634064265709467,4.634064265709467,4.634064265709467,4.634064265709467,4.634064265709467,4.634064265709467,4.634064265709467,4.634064265709467,4.634064265709467,4.634064265709467,4.634064265709467,4.634064265709467,4.634064265709467,4.634064265709467,4.634064265709467,4.634064265709467,4.634064265709467,4.634064265709467,4.634064265709467,4.634064265709467,4.634064265709467,4.634064265709467,4.634064265709467,4.634064265709467,4.634064265709467,4.634064265709467,4.634064265709467,4.634064265709467,4.634064265709467,4.634064265709467,4.634064265709467,4.634064265709467,4.634064265709467,4.634064265709467,4.634064265709467,4.634064265709467,4.634064265709467,4.634064265709467,4.634064265709467,4.634064265709467,4.634064265709467,4.634064265709467,4.634064265709467,4.634064265709467,4.634064265709467,4.634064265709467,4.634064265709467,4.634064265709467,4.634064265709467,4.634064265709467,4.634064265709467,4.634064265709467,4.634064265709467,4.634064265709467,4.634064265709467,4.634064265709467,4.634064265709467,4.634064265709467,4.634064265709467,4.634064265709467,4.634064265709467,4.634064265709467,4.634064265709467,4.634064265709467,4.634064265709467,4.634064265709467,4.634064265709467,4.634064265709467,4.634064265709467,4.634064265709467,4.634064265709467,4.634064265709467,4.634064265709467,4.634064265709467,4.634064265709467,4.634064265709467,4.634064265709467,4.634064265709467,4.634064265709467,4.634064265709467,4.634064265709467,4.634064265709467,4.634064265709467,4.634064265709467,4.634064265709467,4.634064265709467,4.634064265709467,4.634064265709467,4.634064265709467,4.634064265709467,4.634064265709467,4.634064265709467,4.634064265709467,4.634064265709467,4.634064265709467,4.634064265709467,4.634064265709467,4.634064265709467,4.634064265709467,4.634064265709467,4.634064265709467,4.634064265709467,4.634064265709467,4.634064265709467,4.634064265709467,4.634064265709467,4.634064265709467,4.634064265709467,4.634064265709467,4.634064265709467,4.634064265709467,4.634064265709467,4.634064265709467,4.634064265709467,4.634064265709467,4.634064265709467,4.634064265709467,4.634064265709467,4.634064265709467,4.634064265709467,4.634064265709467,4.634064265709467,4.634064265709467,4.634064265709467,4.634064265709467,4.634064265709467,4.634064265709467,4.634064265709467,4.634064265709467,4.634064265709467,4.634064265709467,4.634064265709467,4.634064265709467,4.634064265709467,4.634064265709467,4.634064265709467,4.634064265709467,4.634064265709467,4.634064265709467,4.634064265709467,4.634064265709467,4.634064265709467,4.634064265709467,4.634064265709467,4.634064265709467,4.634064265709467,4.634064265709467,4.634064265709467,4.634064265709467,4.634064265709467,4.634064265709467,4.634064265709467,4.634064265709467,4.634064265709467,4.634064265709467,4.634064265709467,4.634064265709467,4.634064265709467,4.634064265709467,4.634064265709467,4.634064265709467,4.634064265709467,4.634064265709467,4.634064265709467,4.634064265709467,4.634064265709467,4.634064265709467,4.634064265709467,4.634064265709467,4.634064265709467,4.634064265709467,4.634064265709467,4.634064265709467,4.634064265709467,4.634064265709467,4.634064265709467,4.634064265709467,4.634064265709467,4.634064265709467,4.634064265709467,4.634064265709467,4.634064265709467,4.634064265709467,4.634064265709467,4.634064265709467,4.634064265709467,4.634064265709467,4.634064265709467,4.634064265709467,4.634064265709467,4.634064265709467,4.634064265709467,4.634064265709467,4.634064265709467,4.634064265709467,4.634064265709467,4.634064265709467,4.634064265709467,4.634064265709467,4.634064265709467,4.634064265709467,4.634064265709467,4.634064265709467,4.634064265709467,4.634064265709467,4.634064265709467,4.634064265709467,4.634064265709467,4.634064265709467,4.634064265709467,4.634064265709467,4.634064265709467,4.634064265709467,4.634064265709467,4.634064265709467,4.634064265709467,4.634064265709467,4.634064265709467,4.634064265709467,4.634064265709467,4.634064265709467,4.634064265709467,4.634064265709467,4.634064265709467,4.634064265709467,4.634064265709467,4.634064265709467,4.634064265709467,4.634064265709467,4.634064265709467,4.634064265709467,4.634064265709467,4.634064265709467,4.634064265709467,4.634064265709467,4.634064265709467,4.634064265709467,4.634064265709467,4.634064265709467,4.634064265709467,4.634064265709467,4.634064265709467,4.634064265709467,4.634064265709467,4.634064265709467,4.634064265709467,4.634064265709467,4.634064265709467,4.634064265709467,4.634064265709467,4.634064265709467,4.634064265709467,4.634064265709467,4.634064265709467,4.634064265709467,4.634064265709467,4.634064265709467,4.634064265709467,4.634064265709467,4.634064265709467,4.634064265709467,4.634064265709467,4.634064265709467,4.634064265709467,4.634064265709467,4.634064265709467,4.634064265709467,4.634064265709467,4.634064265709467,4.634064265709467,4.634064265709467,4.634064265709467,4.634064265709467,4.634064265709467,4.634064265709467,4.634064265709467,4.634064265709467,4.634064265709467,4.634064265709467,4.634064265709467,4.634064265709467,4.634064265709467,4.634064265709467,4.634064265709467,4.634064265709467,4.634064265709467,4.634064265709467,4.634064265709467,4.634064265709467,4.634064265709467,4.634064265709467,4.634064265709467,4.634064265709467,4.634064265709467,4.634064265709467,4.634064265709467,4.634064265709467,4.634064265709467,4.634064265709467,4.634064265709467,4.634064265709467,4.634064265709467,4.634064265709467,4.634064265709467,4.634064265709467,4.634064265709467,4.634064265709467,4.634064265709467,4.634064265709467,4.634064265709467,4.634064265709467,4.634064265709467,4.634064265709467,4.634064265709467,4.634064265709467,4.634064265709467,4.634064265709467,4.634064265709467,4.634064265709467,4.634064265709467,4.634064265709467,4.634064265709467,4.634064265709467,4.634064265709467,4.634064265709467,4.634064265709467,4.634064265709467,4.634064265709467,4.634064265709467,4.634064265709467,4.634064265709467,4.634064265709467,4.634064265709467,4.634064265709467,4.634064265709467,4.634064265709467,4.634064265709467,4.634064265709467,4.634064265709467,4.634064265709467,4.634064265709467,4.634064265709467,4.634064265709467,4.634064265709467,4.634064265709467,4.634064265709467,4.634064265709467,4.634064265709467,4.634064265709467,4.634064265709467,4.634064265709467,4.634064265709467,4.634064265709467,4.634064265709467,4.634064265709467,4.634064265709467,4.634064265709467,4.634064265709467,4.634064265709467,4.634064265709467,4.634064265709467,4.634064265709467,4.634064265709467,4.634064265709467,4.634064265709467,4.634064265709467,4.634064265709467,4.634064265709467,4.634064265709467,4.634064265709467,4.634064265709467,4.634064265709467,4.634064265709467,4.634064265709467,4.634064265709467,4.634064265709467,4.634064265709467,4.634064265709467,4.634064265709467,4.634064265709467,4.634064265709467,4.634064265709467,4.634064265709467,4.634064265709467,4.634064265709467,4.634064265709467,4.634064265709467,4.634064265709467,4.634064265709467,4.634064265709467,4.634064265709467,4.634064265709467,4.634064265709467,4.634064265709467,4.634064265709467,4.634064265709467,4.634064265709467,4.634064265709467,4.634064265709467,4.634064265709467,4.634064265709467,4.634064265709467,4.634064265709467,4.634064265709467,4.634064265709467,4.634064265709467,4.634064265709467,4.634064265709467,4.634064265709467,4.634064265709467,4.634064265709467,4.634064265709467,4.634064265709467,4.634064265709467,4.634064265709467,4.634064265709467,4.634064265709467,4.634064265709467,4.634064265709467,4.634064265709467,4.634064265709467,4.634064265709467,4.634064265709467,4.634064265709467,4.634064265709467,4.634064265709467,4.634064265709467,4.634064265709467,4.634064265709467,4.634064265709467,4.634064265709467,4.634064265709467,4.634064265709467,4.634064265709467,4.634064265709467,4.634064265709467,4.634064265709467,4.634064265709467,4.634064265709467,4.634064265709467,4.634064265709467,4.634064265709467,4.634064265709467,4.634064265709467,4.634064265709467,4.634064265709467,4.634064265709467,4.634064265709467,4.634064265709467,4.634064265709467,4.634064265709467,4.634064265709467,4.634064265709467,4.634064265709467,4.634064265709467,4.634064265709467,4.634064265709467,4.634064265709467,4.634064265709467,4.634064265709467,4.634064265709467,4.634064265709467,4.634064265709467,4.634064265709467,4.634064265709467,4.634064265709467,4.634064265709467,4.634064265709467,4.634064265709467,4.634064265709467,4.634064265709467,4.634064265709467,4.634064265709467,4.634064265709467,4.634064265709467,4.634064265709467,4.634064265709467,4.634064265709467,4.634064265709467,4.634064265709467,4.634064265709467,4.634064265709467,4.634064265709467,4.634064265709467,4.634064265709467,4.634064265709467,4.634064265709467,4.634064265709467,4.634064265709467,4.634064265709467,4.634064265709467,4.634064265709467,4.634064265709467,4.634064265709467,4.634064265709467,4.634064265709467,4.634064265709467,4.634064265709467,4.634064265709467,4.634064265709467,4.634064265709467,4.634064265709467,4.634064265709467,4.634064265709467,4.634064265709467,4.634064265709467,4.634064265709467,4.634064265709467,4.634064265709467,4.634064265709467,4.634064265709467,4.634064265709467,4.634064265709467,4.634064265709467,4.634064265709467,4.634064265709467,4.634064265709467,4.634064265709467,4.634064265709467,4.634064265709467,4.634064265709467,4.634064265709467,4.634064265709467,4.634064265709467,4.634064265709467,4.634064265709467,4.634064265709467,4.634064265709467,4.634064265709467,4.634064265709467,4.634064265709467,4.634064265709467,4.634064265709467,4.634064265709467,4.634064265709467,4.634064265709467,4.634064265709467,4.634064265709467,4.634064265709467,4.634064265709467,4.634064265709467,4.634064265709467,4.634064265709467,4.634064265709467,4.634064265709467,4.634064265709467,4.634064265709467,4.634064265709467,4.634064265709467,4.634064265709467,4.634064265709467,4.634064265709467,4.634064265709467,4.634064265709467,4.634064265709467,4.634064265709467,4.634064265709467,4.634064265709467,4.634064265709467,4.634064265709467,4.634064265709467,4.634064265709467,4.634064265709467,4.634064265709467,4.443489532277543,4.443489532277543,4.443489532277543,4.443489532277543,4.443489532277543,4.443489532277543,4.443489532277543,4.443489532277543,4.443489532277543,4.443489532277543,4.443489532277543,4.443489532277543,4.443489532277543,4.443489532277543,4.443489532277543,4.443489532277543,4.443489532277543,4.443489532277543,4.443489532277543,4.443489532277543,4.443489532277543,4.443489532277543,4.443489532277543,4.443489532277543,4.443489532277543,4.443489532277543,4.443489532277543,4.443489532277543,4.443489532277543,4.443489532277543,4.443489532277543,4.443489532277543,4.443489532277543,4.443489532277543,4.443489532277543,4.443489532277543,4.443489532277543,4.443489532277543,4.443489532277543,4.443489532277543,4.443489532277543,4.443489532277543,4.443489532277543,4.443489532277543,4.443489532277543,4.443489532277543,4.443489532277543,4.443489532277543,4.443489532277543,4.443489532277543,4.443489532277543,4.443489532277543,4.443489532277543,4.443489532277543,4.443489532277543,4.443489532277543,4.443489532277543,4.443489532277543,4.443489532277543,4.443489532277543,4.443489532277543,4.443489532277543,4.443489532277543,4.376996942016482,4.376996942016482,4.376996942016482,4.376996942016482,4.376996942016482,4.376996942016482,4.376996942016482,4.376996942016482,4.376996942016482,4.376996942016482,4.376996942016482,4.376996942016482,4.376996942016482,4.376996942016482,4.376996942016482,4.376996942016482,4.376996942016482,4.376996942016482,4.376996942016482,4.376996942016482,4.376996942016482,4.376996942016482,4.376996942016482,4.376996942016482,4.376996942016482,4.376996942016482,4.376996942016482,4.376996942016482,4.376996942016482,4.376996942016482,4.376996942016482,4.376996942016482,4.376996942016482,4.376996942016482,4.376996942016482,4.376996942016482,4.376996942016482,4.376996942016482,4.376996942016482,4.376996942016482,4.376996942016482,4.376996942016482,4.376996942016482,4.376996942016482,4.376996942016482,4.376996942016482,4.376996942016482,4.376996942016482,4.376996942016482,4.376996942016482,4.376996942016482,4.376996942016482,4.376996942016482,4.376996942016482,4.376996942016482,4.376996942016482,4.376996942016482,4.376996942016482,4.376996942016482,4.376996942016482,4.376996942016482,4.376996942016482,4.376996942016482,4.376996942016482,4.376996942016482,4.376996942016482,4.376996942016482,4.376996942016482,4.376996942016482,4.376996942016482,4.376996942016482,4.376996942016482,4.376996942016482,4.376996942016482,4.376996942016482,4.376996942016482,4.376996942016482,4.376996942016482,4.376996942016482,4.376996942016482,4.376996942016482,4.376996942016482,4.376996942016482,4.376996942016482,4.376996942016482,4.376996942016482,4.376996942016482,4.376996942016482,4.376996942016482,4.376996942016482,4.376996942016482,4.376996942016482,4.376996942016482,4.376996942016482,4.376996942016482,4.376996942016482,4.376996942016482,4.376996942016482,4.376996942016482,4.376996942016482,4.376996942016482,4.376996942016482,4.376996942016482,4.376996942016482,4.376996942016482,4.376996942016482,4.376996942016482,4.376996942016482,4.376996942016482,4.376996942016482,4.376996942016482,4.376996942016482,4.376996942016482,4.376996942016482,4.376996942016482,4.376996942016482,4.376996942016482,4.376996942016482,4.376996942016482,4.376996942016482,4.376996942016482,4.376996942016482,4.376996942016482,4.376996942016482,4.376996942016482,4.376996942016482,4.376996942016482,4.376996942016482,4.376996942016482,4.376996942016482,4.376996942016482,4.376996942016482,4.376996942016482,4.376996942016482,4.376996942016482,4.376996942016482,4.376996942016482,4.376996942016482,4.376996942016482,4.376996942016482,8.086881063063379,8.086881063063379,8.045180216239508,8.045180216239508,8.045180216239508,8.045180216239508,8.045180216239508,8.045180216239508,8.045180216239508,8.045180216239508,8.045180216239508,8.045180216239508,8.045180216239508,8.045180216239508,8.045180216239508,8.045180216239508,7.482348460882257,7.218206388314295,7.218206388314295,7.218206388314295,7.218206388314295,7.218206388314295,7.218206388314295,7.218206388314295,7.218206388314295,7.218206388314295,7.218206388314295,7.218206388314295,7.218206388314295,7.218206388314295,7.218206388314295,7.218206388314295,7.218206388314295,7.218206388314295,7.218206388314295,7.218206388314295,7.218206388314295,6.5263527975981495,5.588477540476978,5.588477540476978,5.588477540476978,5.588477540476978,5.588477540476978,5.588477540476978,5.588477540476978,5.588477540476978,5.588477540476978,5.001110636021493,5.001110636021493,5.001110636021493,5.001110636021493,5.001110636021493,5.001110636021493,5.001110636021493,5.001110636021493,5.001110636021493,5.001110636021493,4.83115330899392,4.83115330899392,4.83115330899392,4.83115330899392,4.83115330899392,4.83115330899392,4.83115330899392,4.83115330899392,4.83115330899392,4.83115330899392,4.83115330899392,4.83115330899392,4.83115330899392,4.83115330899392,4.83115330899392,4.83115330899392,4.83115330899392,4.83115330899392,4.83115330899392,4.83115330899392,4.83115330899392,4.83115330899392,4.83115330899392,4.83115330899392,4.83115330899392,4.83115330899392,4.83115330899392,4.83115330899392,4.83115330899392,4.83115330899392,4.83115330899392,4.83115330899392,4.83115330899392,4.83115330899392,4.83115330899392,4.83115330899392,4.83115330899392,4.83115330899392,4.83115330899392,4.83115330899392,4.83115330899392,4.83115330899392,4.83115330899392,4.83115330899392,4.83115330899392,4.83115330899392,4.83115330899392,4.83115330899392,4.83115330899392,4.83115330899392,4.83115330899392,4.83115330899392,4.83115330899392,4.83115330899392,4.83115330899392,4.83115330899392,4.83115330899392,4.83115330899392,4.83115330899392,4.83115330899392,4.83115330899392,4.83115330899392,4.83115330899392,4.83115330899392,4.83115330899392,4.83115330899392,4.83115330899392,4.83115330899392,4.83115330899392,4.83115330899392,4.83115330899392,4.83115330899392,4.83115330899392,4.83115330899392,4.83115330899392,4.83115330899392,4.83115330899392,4.83115330899392,4.83115330899392,4.83115330899392,4.83115330899392,4.83115330899392,4.83115330899392,4.83115330899392,4.83115330899392,4.83115330899392,4.83115330899392,4.83115330899392,4.83115330899392,4.83115330899392,4.83115330899392,4.83115330899392,4.83115330899392,4.83115330899392,4.83115330899392,4.83115330899392,4.83115330899392,4.83115330899392,4.7967738480766915,4.7967738480766915,4.7967738480766915,4.7967738480766915,4.7967738480766915,4.7967738480766915,4.7967738480766915,4.7967738480766915,4.7967738480766915,4.7967738480766915,4.7967738480766915,4.7967738480766915,4.7967738480766915,4.7967738480766915,4.7967738480766915,4.7967738480766915,4.7967738480766915,4.7967738480766915,4.7967738480766915,4.7967738480766915,4.7967738480766915,4.7967738480766915,4.7967738480766915,4.7967738480766915,4.7967738480766915,4.7967738480766915,4.7967738480766915,4.7967738480766915,4.7967738480766915,4.7967738480766915,4.7967738480766915,4.7967738480766915,4.7967738480766915,4.7967738480766915,4.7967738480766915,4.7967738480766915,4.7967738480766915,4.7967738480766915,4.7967738480766915,4.7967738480766915,4.7967738480766915,4.7967738480766915,4.7967738480766915,4.7967738480766915,4.7967738480766915,4.7967738480766915,4.7967738480766915,4.7967738480766915,4.7967738480766915,4.7967738480766915,4.7967738480766915,4.7967738480766915,4.7967738480766915,4.7967738480766915,4.7967738480766915,4.7967738480766915,4.7967738480766915,4.7967738480766915,4.7967738480766915,4.7967738480766915,4.7967738480766915,4.7967738480766915,4.7967738480766915,4.7967738480766915,4.7967738480766915,4.7967738480766915,4.7967738480766915,4.7967738480766915,4.7967738480766915,4.7967738480766915,4.7967738480766915,4.7967738480766915,4.7967738480766915,4.7967738480766915,4.7967738480766915,4.7967738480766915,4.7967738480766915,4.7967738480766915,4.7967738480766915,4.7967738480766915,4.7967738480766915,4.7967738480766915,4.7967738480766915,4.7967738480766915,4.7967738480766915,4.7967738480766915,4.7967738480766915,4.7967738480766915,4.7967738480766915,4.7967738480766915,4.7967738480766915,4.7967738480766915,4.7967738480766915,4.7967738480766915,4.7967738480766915,4.7967738480766915,4.7967738480766915,4.7967738480766915,4.7967738480766915,4.7967738480766915,4.7967738480766915,4.7967738480766915,4.7967738480766915,4.7967738480766915,4.7967738480766915,4.7967738480766915,4.7967738480766915,4.7967738480766915,4.7967738480766915,4.7967738480766915,4.7967738480766915,4.7967738480766915,4.7967738480766915,4.7967738480766915,4.7967738480766915,4.7967738480766915,4.7967738480766915,4.7967738480766915,4.7967738480766915,4.7967738480766915,4.7967738480766915,4.7967738480766915,4.7967738480766915,4.7967738480766915,4.7967738480766915,4.7967738480766915,4.7967738480766915,4.7967738480766915,4.7967738480766915,4.7967738480766915,4.7967738480766915,4.7967738480766915,4.7967738480766915,4.7967738480766915,4.7967738480766915,4.7967738480766915,4.7967738480766915,4.7967738480766915,4.7967738480766915,4.7967738480766915,4.7967738480766915,4.7967738480766915,4.7967738480766915,4.7967738480766915,4.7967738480766915,4.7967738480766915,4.7967738480766915,4.7967738480766915,4.7967738480766915,4.7967738480766915,4.7967738480766915,4.7967738480766915,4.7967738480766915,4.7967738480766915,4.7967738480766915,4.7967738480766915,4.7967738480766915,4.7967738480766915,4.7967738480766915,4.7967738480766915,4.7967738480766915,4.7967738480766915,4.7967738480766915,4.7967738480766915,4.7967738480766915,4.7967738480766915,4.7967738480766915,4.7967738480766915,4.7967738480766915,4.7967738480766915,4.7967738480766915,4.7967738480766915,4.7967738480766915,4.7967738480766915,4.7967738480766915,4.7967738480766915,4.7967738480766915,4.7967738480766915,4.7967738480766915,4.7967738480766915,4.7967738480766915,4.7967738480766915,4.7967738480766915,4.7967738480766915,4.7967738480766915,4.7967738480766915,4.7967738480766915,4.7967738480766915,4.7967738480766915,4.7967738480766915,4.7967738480766915,4.7967738480766915,4.7967738480766915,4.7967738480766915,4.7967738480766915,4.7967738480766915,4.7967738480766915,4.7967738480766915,4.7967738480766915,4.7967738480766915,4.7967738480766915,4.7967738480766915,4.7967738480766915,4.7967738480766915,4.7967738480766915,4.7967738480766915,4.7967738480766915,4.7967738480766915,4.7967738480766915,4.7967738480766915,4.7967738480766915,4.7967738480766915,4.7967738480766915,4.7967738480766915,4.7967738480766915,4.7967738480766915,4.7967738480766915,4.7967738480766915,4.7967738480766915,4.7967738480766915,4.7967738480766915,4.7967738480766915,4.7967738480766915,4.7967738480766915,4.7967738480766915,4.7967738480766915,4.7967738480766915,4.7967738480766915,4.7967738480766915,4.7967738480766915,4.7967738480766915,4.7967738480766915,4.7967738480766915,4.7967738480766915,4.7967738480766915,4.7967738480766915,4.7967738480766915,4.7967738480766915,4.7967738480766915,4.7967738480766915,4.7967738480766915,4.7967738480766915,4.7967738480766915,4.7967738480766915,4.7967738480766915,4.7967738480766915,4.7967738480766915,4.7967738480766915,4.7967738480766915,4.7967738480766915,4.7967738480766915,4.7967738480766915,4.7967738480766915,4.7967738480766915,4.7967738480766915,4.7967738480766915,4.7967738480766915,4.7967738480766915,4.7967738480766915,4.7967738480766915,4.7967738480766915,4.7967738480766915,4.7967738480766915,4.7967738480766915,4.7967738480766915,4.7967738480766915,4.7967738480766915,4.7967738480766915,4.7967738480766915,4.7967738480766915,4.7967738480766915,4.7967738480766915,4.7967738480766915,4.7967738480766915,4.7967738480766915,4.7967738480766915,4.7967738480766915,4.7967738480766915,4.7967738480766915,4.7967738480766915,4.7967738480766915,4.7967738480766915,4.7967738480766915,4.7967738480766915,4.7967738480766915,4.7967738480766915,4.7967738480766915,4.7967738480766915,4.7967738480766915,4.7967738480766915,4.7967738480766915,4.7967738480766915,4.7967738480766915,4.7967738480766915,4.7967738480766915,4.7967738480766915,4.7967738480766915,4.7967738480766915,4.7967738480766915,4.7967738480766915,4.7967738480766915,4.7967738480766915,4.7967738480766915,4.7967738480766915,4.7967738480766915,4.7967738480766915,4.7967738480766915,4.7967738480766915,4.7967738480766915,4.7967738480766915,4.7967738480766915,4.7967738480766915,4.7967738480766915,4.7967738480766915,4.7967738480766915,4.7967738480766915,4.7967738480766915,4.7967738480766915,4.7967738480766915,4.7967738480766915,4.7967738480766915,4.7967738480766915,4.7967738480766915,4.7967738480766915,4.7967738480766915,4.7967738480766915,4.7967738480766915,4.7967738480766915,4.7967738480766915,4.7967738480766915,4.7967738480766915,4.7967738480766915,4.7967738480766915,4.7967738480766915,4.7967738480766915,4.7967738480766915,4.7967738480766915,4.7967738480766915,4.7967738480766915,4.7967738480766915,4.7967738480766915,4.7967738480766915,4.7967738480766915,4.7967738480766915,4.7967738480766915,4.7967738480766915,4.7967738480766915,4.7967738480766915,4.7967738480766915,4.7967738480766915,4.7967738480766915,4.7967738480766915,4.7967738480766915,4.7967738480766915,4.7967738480766915,4.7967738480766915,4.7967738480766915,4.7967738480766915,4.7967738480766915,4.7967738480766915,4.7967738480766915,4.7967738480766915,4.7967738480766915,4.7967738480766915,4.7967738480766915,4.7967738480766915,4.7967738480766915,4.7967738480766915,4.7967738480766915,4.7967738480766915,4.7967738480766915,4.7967738480766915,4.7967738480766915,4.7967738480766915,4.7967738480766915,4.7967738480766915,4.7967738480766915,4.7967738480766915,4.7967738480766915,4.7967738480766915,4.7967738480766915,4.7967738480766915,4.7967738480766915,4.7967738480766915,4.7967738480766915,4.7967738480766915,4.7967738480766915,4.7967738480766915,4.7967738480766915,4.7967738480766915,4.7967738480766915,4.7967738480766915,4.7967738480766915,4.7967738480766915,4.7967738480766915,4.7967738480766915,4.7967738480766915,4.7967738480766915,4.7967738480766915,4.7967738480766915,4.7967738480766915,4.7967738480766915,4.7967738480766915,4.7967738480766915,4.7967738480766915,4.7967738480766915,4.7967738480766915,4.7967738480766915,4.7967738480766915,4.7967738480766915,4.7967738480766915,4.7967738480766915,4.7967738480766915,4.7967738480766915,4.7967738480766915,4.7967738480766915,4.7967738480766915,4.7967738480766915,4.7967738480766915,4.7967738480766915,4.7967738480766915,4.7967738480766915,4.7967738480766915,4.7967738480766915,4.7967738480766915,4.7967738480766915,4.7967738480766915,4.7967738480766915,4.7967738480766915,4.7967738480766915,4.7967738480766915,4.7967738480766915,4.7967738480766915,4.7967738480766915,4.7967738480766915,4.7967738480766915,4.7967738480766915,4.7967738480766915,4.7967738480766915,4.7967738480766915,4.7967738480766915,4.7967738480766915,4.7967738480766915,4.7967738480766915,4.7967738480766915,4.7967738480766915,4.7967738480766915,4.7967738480766915,4.7967738480766915,4.7967738480766915,4.7967738480766915,4.7967738480766915,4.7967738480766915,4.7967738480766915,4.7967738480766915,4.7967738480766915,4.7967738480766915,4.7967738480766915,4.7967738480766915,4.7967738480766915,4.7967738480766915,4.7967738480766915,4.7967738480766915,4.7967738480766915,4.7967738480766915,4.7967738480766915,4.7967738480766915,4.7967738480766915,4.7967738480766915,4.7967738480766915,4.7967738480766915,4.7967738480766915,4.7967738480766915,4.7967738480766915,4.7967738480766915,4.7967738480766915,4.7967738480766915,4.7967738480766915,4.7967738480766915,4.7967738480766915,4.7967738480766915,4.7967738480766915,4.7967738480766915,4.7967738480766915,4.7967738480766915,4.7967738480766915,4.7967738480766915,4.7967738480766915,4.7967738480766915,4.7967738480766915,4.7967738480766915,4.7967738480766915,4.7967738480766915,4.7967738480766915,4.7967738480766915,4.7967738480766915,4.7967738480766915,4.7967738480766915,4.7967738480766915,4.7967738480766915,4.7967738480766915,4.7967738480766915,4.7967738480766915,4.7967738480766915,4.7967738480766915,4.7967738480766915,4.7967738480766915,4.7967738480766915,4.7967738480766915,4.7967738480766915,4.7967738480766915,4.7967738480766915,4.7967738480766915,4.7967738480766915,4.7967738480766915,4.7967738480766915,4.7967738480766915,4.7967738480766915,4.7967738480766915,4.7967738480766915,4.7967738480766915,4.7967738480766915,4.7967738480766915,4.7967738480766915,4.7967738480766915,4.7967738480766915,4.7967738480766915,4.7967738480766915,4.7967738480766915,4.7967738480766915,4.7967738480766915,4.7967738480766915,4.7967738480766915,4.7967738480766915,4.7967738480766915,4.7967738480766915,4.7967738480766915,4.7967738480766915,4.7967738480766915,4.7967738480766915,4.7967738480766915,4.7967738480766915,4.7967738480766915,4.7967738480766915,4.7967738480766915,4.7967738480766915,4.7967738480766915,4.7967738480766915,4.7967738480766915,4.7967738480766915,4.7967738480766915,4.7967738480766915,4.7967738480766915,4.7967738480766915,4.7967738480766915,4.7967738480766915,4.7967738480766915,4.7967738480766915,4.7967738480766915,4.7967738480766915,4.7967738480766915,4.7967738480766915,4.7967738480766915,4.7967738480766915,4.7967738480766915,4.7967738480766915,4.7967738480766915,4.7967738480766915,4.7967738480766915,4.7967738480766915,4.7967738480766915,4.7967738480766915,4.7967738480766915,4.7967738480766915,4.7967738480766915,4.7967738480766915,4.7967738480766915,4.7967738480766915,4.7967738480766915,4.7967738480766915,4.7967738480766915,4.7967738480766915,4.7967738480766915,4.7967738480766915,4.7967738480766915,4.7967738480766915,4.7967738480766915,4.7967738480766915,4.7967738480766915,4.7967738480766915,4.7967738480766915,4.7967738480766915,4.7967738480766915,4.7967738480766915,4.7967738480766915,4.7967738480766915,4.7967738480766915,4.7967738480766915,4.7967738480766915,4.7967738480766915,4.7967738480766915,4.7967738480766915,4.7967738480766915,4.7967738480766915,4.7967738480766915,4.7967738480766915,4.7967738480766915,4.7967738480766915,4.7967738480766915,4.7967738480766915,4.7967738480766915,4.7967738480766915,4.7967738480766915,4.7967738480766915,4.7967738480766915,4.7967738480766915,4.7967738480766915,4.7967738480766915,4.7967738480766915,4.7967738480766915,4.7967738480766915,4.7967738480766915,4.7967738480766915,4.7967738480766915,4.7967738480766915,4.7967738480766915,4.7967738480766915,4.7967738480766915,4.7967738480766915,4.7967738480766915,4.7967738480766915,4.7967738480766915,4.7967738480766915,4.7967738480766915,4.7967738480766915,4.7967738480766915,4.7967738480766915,4.7967738480766915,4.7967738480766915,4.7967738480766915,4.7967738480766915,4.7967738480766915,4.7967738480766915,4.7967738480766915,4.7967738480766915,4.7967738480766915,4.7967738480766915,4.7967738480766915,4.7967738480766915,4.7967738480766915,4.7967738480766915,4.7967738480766915,4.7967738480766915,4.7967738480766915,4.7967738480766915,4.7967738480766915,4.7967738480766915,4.7967738480766915,4.7967738480766915,4.7967738480766915,4.7967738480766915,4.7967738480766915,4.7967738480766915,4.7967738480766915,4.7967738480766915,4.7967738480766915,4.7967738480766915,4.7967738480766915,4.7967738480766915,4.7967738480766915,4.7967738480766915,4.7967738480766915,4.7967738480766915,4.7967738480766915,4.7967738480766915,4.7967738480766915,4.7967738480766915,4.7967738480766915,4.7967738480766915,4.7967738480766915,4.7967738480766915,4.7967738480766915,4.7967738480766915,4.7967738480766915,4.7967738480766915,4.7967738480766915,4.7967738480766915,4.7967738480766915,4.7967738480766915,4.7967738480766915,4.7967738480766915,4.7967738480766915,4.7967738480766915,4.7967738480766915,4.7967738480766915,4.7967738480766915,4.7967738480766915,4.7967738480766915,4.7967738480766915,4.7967738480766915,4.7967738480766915,4.7967738480766915,4.7967738480766915,4.7967738480766915,4.7967738480766915,4.7967738480766915,4.7967738480766915,4.7967738480766915,4.7967738480766915,4.7967738480766915,4.7967738480766915,4.7967738480766915,4.7967738480766915,4.7967738480766915,4.7967738480766915,4.7967738480766915,4.7967738480766915,4.7967738480766915,4.7967738480766915,4.7967738480766915,4.7967738480766915,4.7967738480766915,4.7967738480766915,4.7967738480766915,4.7967738480766915,4.7967738480766915,4.7967738480766915,4.7967738480766915,4.7967738480766915,4.7967738480766915,4.7967738480766915,4.7967738480766915,4.7967738480766915,4.7967738480766915,4.7967738480766915,4.7967738480766915,4.7967738480766915,4.7967738480766915,4.7967738480766915,4.7967738480766915,4.7967738480766915,4.7967738480766915,4.7967738480766915,4.7967738480766915,4.7967738480766915,4.7967738480766915,4.7967738480766915,4.7967738480766915,4.7967738480766915,4.7967738480766915,4.7967738480766915,4.7967738480766915,4.7967738480766915,4.7967738480766915,4.7967738480766915,4.7967738480766915,4.7967738480766915,4.7967738480766915,4.7967738480766915,4.7967738480766915,4.7967738480766915,4.7967738480766915,4.7967738480766915,4.7967738480766915,4.7967738480766915,4.7967738480766915,4.7967738480766915,4.7967738480766915,4.7967738480766915,4.7967738480766915,4.7967738480766915,4.7967738480766915,4.7967738480766915,4.7967738480766915,4.7967738480766915,4.7967738480766915,4.7967738480766915,4.7967738480766915,4.7967738480766915,4.7967738480766915,4.7967738480766915,4.7967738480766915,4.7967738480766915,4.7967738480766915,4.7967738480766915,4.7967738480766915,4.7967738480766915,4.7967738480766915,4.7967738480766915,4.7967738480766915,4.7967738480766915,4.7967738480766915,4.7967738480766915,4.7967738480766915,4.7967738480766915,4.7967738480766915,4.7967738480766915,4.7967738480766915,4.7967738480766915,4.7967738480766915,4.7967738480766915,4.7967738480766915,4.7967738480766915,4.7967738480766915,4.7967738480766915,4.7967738480766915,4.7967738480766915,4.7967738480766915,4.7967738480766915,4.7967738480766915,4.7967738480766915,4.7967738480766915,4.7967738480766915,4.7967738480766915,4.7967738480766915,4.7967738480766915,4.7967738480766915,4.7967738480766915,4.7967738480766915,4.7967738480766915,4.7967738480766915,4.7967738480766915,4.7967738480766915,4.7967738480766915,4.7967738480766915,4.7967738480766915,4.7967738480766915,4.7967738480766915,4.7967738480766915,4.7967738480766915,4.7967738480766915,4.7967738480766915,4.7967738480766915,4.7967738480766915,4.7967738480766915,4.7967738480766915,4.7967738480766915,4.7967738480766915,4.7967738480766915,4.7967738480766915,4.7967738480766915,4.7967738480766915,4.7967738480766915,4.7967738480766915,4.7967738480766915,9.582537073861365,9.190160512486605,9.190160512486605,9.190160512486605,7.752411607296289,7.752411607296289,7.752411607296289,7.752411607296289,7.752411607296289,7.752411607296289,7.752411607296289,7.752411607296289,7.752411607296289,7.752411607296289,7.752411607296289,7.752411607296289,7.752411607296289,7.752411607296289,7.410392503640565,6.7383400227252155,6.7383400227252155,6.7383400227252155,6.7383400227252155,6.7383400227252155,6.7383400227252155,6.7383400227252155,6.7383400227252155,6.7383400227252155,6.7383400227252155,6.7383400227252155,6.7383400227252155,6.7383400227252155,6.7383400227252155,6.7383400227252155,6.7383400227252155,6.7383400227252155,6.7383400227252155,6.7383400227252155,6.7383400227252155,6.7383400227252155,6.7383400227252155,6.7383400227252155,6.7383400227252155,6.7383400227252155,6.7383400227252155,6.7383400227252155,6.7383400227252155,6.7383400227252155,6.7383400227252155,6.7383400227252155,6.7383400227252155,6.7383400227252155,6.7383400227252155,6.7383400227252155,6.7383400227252155,6.7383400227252155,6.7383400227252155,6.7383400227252155,6.7383400227252155,6.7383400227252155,6.7383400227252155,6.7383400227252155,6.7383400227252155,6.7383400227252155,6.7383400227252155,6.7383400227252155,6.7383400227252155,6.7383400227252155,6.7383400227252155,6.7383400227252155,6.7383400227252155,6.7383400227252155,6.7383400227252155,6.7383400227252155,6.7383400227252155,6.7383400227252155,6.7383400227252155,6.7383400227252155,6.7383400227252155,6.7383400227252155,5.63140675083759,5.63140675083759,5.63140675083759,5.63140675083759,5.63140675083759,5.63140675083759,5.63140675083759,5.63140675083759,5.63140675083759,5.63140675083759,5.63140675083759,5.63140675083759,5.63140675083759,5.63140675083759,5.63140675083759,5.63140675083759,5.63140675083759,5.63140675083759,5.63140675083759,5.63140675083759,5.63140675083759,5.63140675083759,5.63140675083759,5.63140675083759,5.63140675083759,5.63140675083759,5.63140675083759,5.63140675083759,5.63140675083759,5.63140675083759,5.63140675083759,5.63140675083759,5.63140675083759,5.63140675083759,5.63140675083759,5.63140675083759,5.63140675083759,5.63140675083759,5.63140675083759,5.63140675083759,5.63140675083759,5.63140675083759,5.63140675083759,5.63140675083759,5.63140675083759,5.63140675083759,5.63140675083759,5.63140675083759,5.63140675083759,5.63140675083759,5.63140675083759,5.63140675083759,5.63140675083759,5.63140675083759,5.63140675083759,5.63140675083759,5.63140675083759,5.63140675083759,5.63140675083759,5.63140675083759,5.63140675083759,5.63140675083759,5.63140675083759,5.63140675083759,5.63140675083759,5.63140675083759,5.63140675083759,5.63140675083759,5.63140675083759,5.63140675083759,5.63140675083759,5.63140675083759,5.63140675083759,5.63140675083759,5.63140675083759,5.63140675083759,5.63140675083759,5.63140675083759,5.63140675083759,5.63140675083759,5.63140675083759,5.63140675083759,5.63140675083759,5.63140675083759,5.63140675083759,5.63140675083759,5.63140675083759,5.63140675083759,5.63140675083759,5.63140675083759,5.63140675083759,5.63140675083759,5.63140675083759,5.63140675083759,5.63140675083759,5.63140675083759,5.63140675083759,5.63140675083759,5.63140675083759,5.63140675083759,5.63140675083759,5.63140675083759,5.63140675083759,5.63140675083759,5.63140675083759,5.63140675083759,5.63140675083759,5.63140675083759,5.63140675083759,5.63140675083759,5.63140675083759,5.63140675083759,5.63140675083759,5.63140675083759,5.63140675083759,5.63140675083759,5.63140675083759,5.63140675083759,5.63140675083759,5.63140675083759,5.63140675083759,5.63140675083759,5.63140675083759,5.63140675083759,5.63140675083759,5.63140675083759,5.63140675083759,5.63140675083759,5.63140675083759,5.63140675083759,5.63140675083759,5.63140675083759,5.63140675083759,5.63140675083759,5.63140675083759,5.63140675083759,5.63140675083759,5.63140675083759,5.63140675083759,5.63140675083759,5.63140675083759,5.63140675083759,5.63140675083759,5.63140675083759,5.63140675083759,5.63140675083759,5.63140675083759,5.63140675083759,5.63140675083759,5.63140675083759,5.63140675083759,5.63140675083759,5.63140675083759,5.63140675083759,5.63140675083759,5.63140675083759,5.63140675083759,5.63140675083759,5.63140675083759,5.63140675083759,5.63140675083759,5.63140675083759,5.63140675083759,5.63140675083759,5.63140675083759,5.63140675083759,5.63140675083759,5.63140675083759,5.63140675083759,5.63140675083759,5.63140675083759,5.63140675083759,5.63140675083759,5.63140675083759,5.63140675083759,5.63140675083759,5.63140675083759,5.63140675083759,5.63140675083759,5.63140675083759,5.63140675083759,5.63140675083759,5.63140675083759,5.63140675083759,5.63140675083759,5.63140675083759,5.63140675083759,5.63140675083759,5.63140675083759,5.63140675083759,5.63140675083759,5.63140675083759,5.63140675083759,5.63140675083759,5.63140675083759,5.63140675083759,5.63140675083759,5.63140675083759,5.63140675083759,5.63140675083759,5.63140675083759,5.63140675083759,5.63140675083759,5.63140675083759,5.63140675083759,5.63140675083759,5.63140675083759,5.63140675083759,5.63140675083759,5.63140675083759,5.63140675083759,5.624294134672912,5.624294134672912,5.624294134672912,5.624294134672912,5.624294134672912,5.624294134672912,5.624294134672912,5.624294134672912,5.624294134672912,5.624294134672912,5.624294134672912,5.624294134672912,5.624294134672912,5.624294134672912,5.624294134672912,5.624294134672912,5.624294134672912,5.624294134672912,5.624294134672912,5.508214061876066,5.508214061876066,5.508214061876066,5.508214061876066,5.508214061876066,5.508214061876066,5.508214061876066,5.508214061876066,5.508214061876066,5.508214061876066,5.508214061876066,5.508214061876066,5.508214061876066,5.508214061876066,5.508214061876066,5.508214061876066,5.508214061876066,5.508214061876066,5.508214061876066,5.508214061876066,5.508214061876066,5.508214061876066,5.508214061876066,5.508214061876066,5.508214061876066,5.508214061876066,5.508214061876066,5.508214061876066,5.508214061876066,5.508214061876066,5.508214061876066,5.508214061876066,5.508214061876066,5.508214061876066,5.508214061876066,5.508214061876066,5.508214061876066,5.508214061876066,5.508214061876066,5.508214061876066,5.508214061876066,5.508214061876066,5.508214061876066,5.508214061876066,5.508214061876066,5.508214061876066,5.508214061876066,5.508214061876066,5.508214061876066,5.508214061876066,5.508214061876066,5.508214061876066,5.508214061876066,5.508214061876066,5.508214061876066,5.508214061876066,5.508214061876066,5.508214061876066,5.508214061876066,5.508214061876066,5.508214061876066,5.508214061876066,5.508214061876066,5.508214061876066,5.508214061876066,5.508214061876066,5.508214061876066,5.508214061876066,5.508214061876066,5.508214061876066,5.508214061876066,5.508214061876066,5.508214061876066,5.508214061876066,5.508214061876066,5.508214061876066,5.508214061876066,5.508214061876066,5.508214061876066,5.508214061876066,5.508214061876066,5.508214061876066,5.508214061876066,5.508214061876066,5.508214061876066,5.508214061876066,5.508214061876066,5.508214061876066,5.508214061876066,5.508214061876066,5.508214061876066,5.508214061876066,5.508214061876066,5.508214061876066,5.508214061876066,5.508214061876066,5.508214061876066,5.508214061876066,5.508214061876066,5.508214061876066,5.508214061876066,5.508214061876066,5.508214061876066,5.508214061876066,5.508214061876066,5.508214061876066,5.508214061876066,5.508214061876066,5.508214061876066,5.508214061876066,5.508214061876066,5.508214061876066,5.508214061876066,5.508214061876066,5.508214061876066,5.508214061876066,5.508214061876066,5.508214061876066,5.508214061876066,5.508214061876066,5.508214061876066,5.508214061876066,5.508214061876066,5.508214061876066,5.508214061876066,5.508214061876066,5.508214061876066,5.508214061876066,5.508214061876066,5.508214061876066,5.508214061876066,5.508214061876066,5.508214061876066,5.508214061876066,5.508214061876066,5.508214061876066,5.508214061876066,5.508214061876066,5.508214061876066,5.508214061876066,5.508214061876066,5.508214061876066,5.508214061876066,5.508214061876066,5.508214061876066,5.508214061876066,5.508214061876066,5.508214061876066,5.508214061876066,5.508214061876066,5.508214061876066,5.508214061876066,5.508214061876066,5.508214061876066,5.508214061876066,5.508214061876066,5.508214061876066,5.508214061876066,5.508214061876066,5.508214061876066,5.508214061876066,5.508214061876066,5.508214061876066,5.508214061876066,5.508214061876066,5.508214061876066,5.508214061876066,5.508214061876066,5.508214061876066,5.508214061876066,5.508214061876066,5.508214061876066,5.508214061876066,5.508214061876066,5.508214061876066,5.508214061876066,5.508214061876066,5.508214061876066,5.508214061876066,5.508214061876066,5.508214061876066,5.508214061876066,5.508214061876066,5.508214061876066,5.508214061876066,5.508214061876066,5.508214061876066,5.508214061876066,5.508214061876066,5.508214061876066,5.508214061876066,5.508214061876066,5.508214061876066,5.508214061876066,5.508214061876066,5.508214061876066,5.508214061876066,5.508214061876066,5.508214061876066,5.508214061876066,5.508214061876066,5.508214061876066,5.508214061876066,5.508214061876066,5.508214061876066,5.508214061876066,5.508214061876066,5.508214061876066,5.508214061876066,5.508214061876066,5.508214061876066,5.508214061876066,5.508214061876066,5.508214061876066,5.508214061876066,5.508214061876066,5.508214061876066,5.508214061876066,5.508214061876066,5.508214061876066,5.508214061876066,5.508214061876066,5.508214061876066,5.508214061876066,5.508214061876066,5.508214061876066,5.508214061876066,5.508214061876066,5.508214061876066,5.508214061876066,5.508214061876066,5.508214061876066,5.508214061876066,5.508214061876066,5.508214061876066,5.508214061876066,5.508214061876066,5.508214061876066,5.508214061876066,5.508214061876066,5.508214061876066,5.508214061876066,5.508214061876066,5.508214061876066,5.508214061876066,5.508214061876066,5.508214061876066,5.508214061876066,5.508214061876066,5.508214061876066,5.508214061876066,5.508214061876066,5.508214061876066,5.508214061876066,5.508214061876066,5.508214061876066,5.508214061876066,5.508214061876066,5.508214061876066,5.508214061876066,5.508214061876066,5.508214061876066,5.508214061876066,5.508214061876066,5.508214061876066,5.508214061876066,5.508214061876066,5.508214061876066,5.508214061876066,5.508214061876066,5.508214061876066,5.508214061876066,5.508214061876066,5.508214061876066,5.508214061876066,5.508214061876066,5.508214061876066,5.508214061876066,5.508214061876066,5.508214061876066,5.508214061876066,5.508214061876066,5.508214061876066,5.508214061876066,5.508214061876066,5.508214061876066,5.508214061876066,5.508214061876066,5.508214061876066,5.508214061876066,5.508214061876066,5.508214061876066,5.508214061876066,5.508214061876066,5.508214061876066,5.508214061876066,5.508214061876066,5.508214061876066,5.508214061876066,5.508214061876066,5.508214061876066,5.508214061876066,5.508214061876066,5.508214061876066,5.508214061876066,5.508214061876066,5.508214061876066,5.508214061876066,5.508214061876066,5.508214061876066,5.508214061876066,5.508214061876066,5.508214061876066,5.508214061876066,5.508214061876066,5.508214061876066,5.508214061876066,5.508214061876066,5.508214061876066,5.508214061876066,5.508214061876066,5.508214061876066,5.508214061876066,5.508214061876066,5.508214061876066,5.508214061876066,5.508214061876066,5.508214061876066,5.508214061876066,5.508214061876066,5.508214061876066,5.508214061876066,5.508214061876066,5.508214061876066,5.508214061876066,5.508214061876066,5.508214061876066,5.508214061876066,5.508214061876066,5.508214061876066,5.508214061876066,5.508214061876066,5.508214061876066,5.508214061876066,5.508214061876066,5.508214061876066,5.508214061876066,5.508214061876066,5.508214061876066,5.508214061876066,5.508214061876066,5.508214061876066,5.508214061876066,5.508214061876066,5.508214061876066,5.508214061876066,5.508214061876066,5.508214061876066,5.508214061876066,5.508214061876066,5.508214061876066,5.508214061876066,5.508214061876066,5.508214061876066,5.508214061876066,5.508214061876066,5.508214061876066,5.508214061876066,5.508214061876066,5.508214061876066,5.508214061876066,5.508214061876066,5.508214061876066,5.508214061876066,5.508214061876066,5.508214061876066,5.508214061876066,5.508214061876066,5.508214061876066,5.508214061876066,5.508214061876066,5.508214061876066,5.508214061876066,5.508214061876066,5.508214061876066,5.508214061876066,5.508214061876066,5.508214061876066,5.508214061876066,5.508214061876066,5.508214061876066,5.508214061876066,5.508214061876066,5.508214061876066,5.508214061876066,5.508214061876066,5.508214061876066,5.508214061876066,5.508214061876066,5.508214061876066,5.508214061876066,5.508214061876066,5.508214061876066,5.508214061876066,5.508214061876066,5.508214061876066,5.508214061876066,5.508214061876066,5.508214061876066,5.508214061876066,5.508214061876066,5.508214061876066,5.508214061876066,5.508214061876066,5.508214061876066,5.508214061876066,5.508214061876066,5.508214061876066,5.508214061876066,5.508214061876066,5.508214061876066,5.508214061876066,5.508214061876066,5.508214061876066,5.508214061876066,5.508214061876066,5.508214061876066,5.508214061876066,5.508214061876066,5.508214061876066,5.508214061876066,5.508214061876066,5.508214061876066,5.508214061876066,5.508214061876066,5.508214061876066,5.508214061876066,5.508214061876066,5.508214061876066,5.508214061876066,5.508214061876066,5.508214061876066,5.508214061876066,5.508214061876066,5.508214061876066,5.508214061876066,5.508214061876066,5.508214061876066,5.508214061876066,5.508214061876066,5.508214061876066,5.508214061876066,5.508214061876066,5.508214061876066,5.508214061876066,5.508214061876066,5.508214061876066,5.508214061876066,5.508214061876066,5.508214061876066,5.508214061876066,5.508214061876066,5.508214061876066,5.508214061876066,5.508214061876066,5.508214061876066,5.508214061876066,5.508214061876066,5.508214061876066,5.508214061876066,5.508214061876066,5.508214061876066,5.508214061876066,5.508214061876066,5.508214061876066,5.508214061876066,5.508214061876066,5.508214061876066,5.508214061876066,5.508214061876066,5.508214061876066,5.508214061876066,5.508214061876066,5.508214061876066,5.508214061876066,5.508214061876066,5.508214061876066,5.508214061876066,5.508214061876066,5.508214061876066,5.508214061876066,5.508214061876066,5.508214061876066,5.508214061876066,5.508214061876066,5.508214061876066,5.508214061876066,5.508214061876066,5.508214061876066,5.508214061876066,5.508214061876066,5.508214061876066,5.508214061876066,5.508214061876066,5.508214061876066,5.508214061876066,5.508214061876066,5.508214061876066,5.508214061876066,5.508214061876066,5.508214061876066,5.508214061876066,5.508214061876066,5.508214061876066,5.508214061876066,5.508214061876066,5.508214061876066,5.508214061876066,5.508214061876066,5.508214061876066,5.508214061876066,5.508214061876066,5.508214061876066,5.508214061876066,5.508214061876066,5.508214061876066,5.508214061876066,5.508214061876066,5.508214061876066,5.508214061876066,5.508214061876066,5.508214061876066,5.508214061876066,5.508214061876066,5.508214061876066,5.508214061876066,5.508214061876066,5.508214061876066,5.508214061876066,5.508214061876066,5.508214061876066,5.508214061876066,5.508214061876066,5.508214061876066,5.508214061876066,5.508214061876066,5.508214061876066,5.508214061876066,5.508214061876066,5.508214061876066,5.508214061876066,5.508214061876066,5.508214061876066,5.508214061876066,5.508214061876066,5.508214061876066,5.508214061876066,5.508214061876066,5.508214061876066,5.508214061876066,5.508214061876066,5.508214061876066,5.508214061876066,5.508214061876066,5.508214061876066,5.508214061876066,5.508214061876066,5.508214061876066,5.508214061876066,5.508214061876066,5.508214061876066,5.508214061876066,5.508214061876066,5.508214061876066,5.508214061876066,5.508214061876066,5.508214061876066,5.508214061876066,5.508214061876066,5.508214061876066,5.508214061876066,5.508214061876066,5.508214061876066,5.508214061876066,5.508214061876066,5.508214061876066,5.508214061876066,5.508214061876066,5.508214061876066,5.508214061876066,5.508214061876066,5.508214061876066,5.508214061876066,5.508214061876066,5.508214061876066,5.508214061876066,5.508214061876066,5.508214061876066,5.508214061876066,5.508214061876066,5.508214061876066,5.508214061876066,5.508214061876066,5.508214061876066,5.508214061876066,5.508214061876066,5.508214061876066,5.508214061876066,5.508214061876066,5.508214061876066,5.508214061876066,5.508214061876066,5.508214061876066,5.508214061876066,5.508214061876066,5.508214061876066,5.508214061876066,5.508214061876066,5.508214061876066,5.508214061876066,5.508214061876066,5.508214061876066,5.508214061876066,5.508214061876066,5.508214061876066,5.508214061876066,5.508214061876066,5.508214061876066,5.508214061876066,5.508214061876066,5.508214061876066,5.508214061876066,5.508214061876066,5.508214061876066,5.508214061876066,5.508214061876066,5.508214061876066,5.508214061876066,5.508214061876066,5.508214061876066,5.508214061876066,5.508214061876066,5.508214061876066,5.508214061876066,5.508214061876066,5.508214061876066,5.508214061876066,5.508214061876066,5.508214061876066,5.508214061876066,5.508214061876066,5.508214061876066,5.508214061876066,5.508214061876066,5.508214061876066,5.508214061876066,5.508214061876066,5.508214061876066,5.508214061876066,5.508214061876066,5.508214061876066,5.508214061876066,5.508214061876066,5.508214061876066,5.508214061876066,5.508214061876066,5.508214061876066,5.508214061876066,5.508214061876066,5.508214061876066,5.508214061876066,5.508214061876066,5.508214061876066,5.508214061876066,5.508214061876066,5.508214061876066,5.508214061876066,5.508214061876066,5.508214061876066,5.508214061876066,5.508214061876066,5.508214061876066,5.508214061876066,5.508214061876066,5.508214061876066,5.508214061876066,5.508214061876066,5.508214061876066,5.508214061876066,5.508214061876066,6.065477794485209,6.065477794485209,5.1653918850970175,4.67718296057218,4.548406907133167,4.548406907133167,4.548406907133167,4.548406907133167,4.548406907133167,4.548406907133167,4.548406907133167,4.548406907133167,4.358608493700873,4.358608493700873,4.358608493700873,4.358608493700873,4.358608493700873,4.358608493700872,4.358608493700872,4.358608493700872,4.358608493700872,4.358608493700872,4.35052756934165,4.35052756934165,4.35052756934165,4.35052756934165,4.35052756934165,4.35052756934165,4.35052756934165,4.35052756934165,4.35052756934165,4.35052756934165,4.35052756934165,4.35052756934165,4.265966270083667,4.265966270083667,4.265966270083667,4.265966270083667,4.265966270083667,4.265966270083667,4.265966270083667,4.265966270083667,4.265966270083667,4.265966270083667,4.265966270083667,4.265966270083667,4.265966270083667,4.265966270083667,4.265966270083667,4.265966270083667,4.265966270083667,4.265966270083667,4.265966270083667,4.265966270083667,4.256294828190499,4.256294828190499,4.256294828190499,4.256294828190499,4.256294828190499,4.256294828190499,4.256294828190499,4.256294828190499,4.256294828190499,4.256294828190499,4.256294828190499,4.256294828190499,4.256294828190499,4.256294828190499,4.130074673596807,3.6573189811021334,3.6573189811021334,3.6573189811021334,3.6573189811021334,3.6573189811021334,3.6573189811021334,3.6573189811021334,3.6573189811021334,3.6573189811021334,3.6573189811021334,3.6573189811021334,3.6573189811021334,3.6573189811021334,3.6573189811021334,3.6573189811021334,3.6573189811021334,3.6573189811021334,3.6573189811021334,3.6573189811021334,3.6573189811021334,3.6573189811021334,3.6573189811021334,3.6573189811021334,3.6573189811021334,3.6573189811021334,3.6573189811021334,3.6573189811021334,3.6573189811021334,3.6573189811021334,3.6573189811021334,3.6573189811021334,3.6573189811021334,3.6573189811021334,3.6573189811021334,3.6573189811021334,3.6573189811021334,3.568840996558797,3.568840996558797,3.568840996558797,3.568840996558797,3.568840996558797,3.568840996558797,3.568840996558797,3.568840996558797,3.568840996558797,3.568840996558797,3.568840996558797,3.568840996558797,3.568840996558797,3.568840996558797,3.568840996558797,3.568840996558797,3.568840996558797,3.568840996558797,3.568840996558797,3.568840996558797,3.568840996558797,3.568840996558797,3.568840996558797,3.568840996558797,3.568840996558797,3.568840996558797,3.568840996558797,3.568840996558797,3.568840996558797,3.568840996558797,3.568840996558797,3.568840996558797,3.568840996558797,3.568840996558797,3.568840996558797,3.568840996558797,3.568840996558797,3.568840996558797,3.568840996558797,3.568840996558797,3.568840996558797,3.568840996558797,3.568840996558797,3.568840996558797,3.568840996558797,3.568840996558797,3.568840996558797,3.568840996558797,3.568840996558797,3.568840996558797,3.568840996558797,3.568840996558797,3.568840996558797,3.568840996558797,3.568840996558797,3.568840996558797,3.568840996558797,3.568840996558797,3.568840996558797,3.568840996558797,3.568840996558797,3.568840996558797,3.568840996558797,3.568840996558797,3.568840996558797,3.568840996558797,3.568840996558797,3.568840996558797,3.568840996558797,3.568840996558797,3.568840996558797,3.568840996558797,3.568840996558797,3.568840996558797,3.568840996558797,3.568840996558797,3.568840996558797,3.568840996558797,3.568840996558797,3.568840996558797,3.568840996558797,3.568840996558797,3.568840996558797,3.568840996558797,3.568840996558797,3.568840996558797,3.568840996558797,3.568840996558797,3.568840996558797,3.568840996558797,3.568840996558797,3.568840996558797,3.568840996558797,3.568840996558797,3.568840996558797,3.568840996558797,3.568840996558797,3.568840996558797,3.568840996558797,3.568840996558797,3.568840996558797,3.568840996558797,3.568840996558797,3.568840996558797,3.568840996558797,3.568840996558797,3.568840996558797,3.568840996558797,3.568840996558797,3.568840996558797,3.568840996558797,3.568840996558797,3.568840996558797,3.568840996558797,3.568840996558797,3.568840996558797,3.568840996558797,3.568840996558797,3.568840996558797,3.568840996558797,3.568840996558797,3.568840996558797,3.568840996558797,3.568840996558797,3.568840996558797,3.568840996558797,3.568840996558797,3.568840996558797,3.568840996558797,3.568840996558797,3.568840996558797,3.568840996558797,3.568840996558797,3.568840996558797,3.568840996558797,3.568840996558797,3.568840996558797,3.568840996558797,3.568840996558797,3.568840996558797,3.568840996558797,3.568840996558797,3.568840996558797,3.568840996558797,3.568840996558797,3.568840996558797,3.568840996558797,3.568840996558797,3.568840996558797,3.568840996558797,3.568840996558797,3.568840996558797,3.568840996558797,3.568840996558797,3.568840996558797,3.568840996558797,3.568840996558797,3.568840996558797,3.568840996558797,3.568840996558797,3.568840996558797,3.568840996558797,3.568840996558797,3.568840996558797,3.568840996558797,3.568840996558797,3.568840996558797,3.568840996558797,3.568840996558797,3.568840996558797,3.568840996558797,3.568840996558797,3.568840996558797,3.568840996558797,3.568840996558797,3.568840996558797,3.568840996558797,3.568840996558797,3.568840996558797,3.568840996558797,3.568840996558797,3.568840996558797,3.568840996558797,3.568840996558797,3.568840996558797,3.568840996558797,3.568840996558797,3.568840996558797,3.568840996558797,3.568840996558797,3.568840996558797,3.568840996558797,3.568840996558797,3.568840996558797,3.568840996558797,3.568840996558797,3.568840996558797,3.568840996558797,3.568840996558797,3.568840996558797,3.568840996558797,3.568840996558797,3.568840996558797,3.568840996558797,3.568840996558797,3.568840996558797,3.568840996558797,3.568840996558797,3.568840996558797,3.568840996558797,3.568840996558797,3.568840996558797,3.568840996558797,3.568840996558797,3.568840996558797,3.568840996558797,3.568840996558797,3.568840996558797,3.568840996558797,3.568840996558797,3.568840996558797,3.568840996558797,3.568840996558797,3.568840996558797,3.568840996558797,3.568840996558797,3.568840996558797,3.568840996558797,3.568840996558797,3.568840996558797,3.568840996558797,3.568840996558797,3.568840996558797,3.568840996558797,3.568840996558797,3.0547191318434743,3.0547191318434743,3.0547191318434743,2.9618642351200686,2.9618642351200686,2.7630655527489503,2.7630655527489503,2.7630655527489503,2.7630655527489503,2.7630655527489503,2.7630655527489503,2.7630655527489503,2.7630655527489503,2.7630655527489503,2.7630655527489503,2.7630655527489503,2.7630655527489503,2.7630655527489503,2.7630655527489503,2.7630655527489503,2.7630655527489503,2.7630655527489503,2.7630655527489503,2.7630655527489503,2.7630655527489503,2.7630655527489503,2.7630655527489503,2.7630655527489503,2.7630655527489503,2.7630655527489503,2.7630655527489503,2.7630655527489503,2.7630655527489503,2.7630655527489503,2.7630655527489503,2.7630655527489503,2.7630655527489503,2.7630655527489503,2.7630655527489503,2.7630655527489503,2.7630655527489503,2.7630655527489503,2.7630655527489503,2.7630655527489503,2.7630655527489503,2.7630655527489503,2.7630655527489503,2.7630655527489503,2.7630655527489503,2.7630655527489503,2.7630655527489503,2.7630655527489503,2.7630655527489503,2.7630655527489503,2.7630655527489503,2.7630655527489503,2.7630655527489503,2.7630655527489503,2.7630655527489503,2.7630655527489503,2.7630655527489503,2.7630655527489503,2.7630655527489503,2.7630655527489503,2.7630655527489503,2.7630655527489503,2.7630655527489503,2.7630655527489503,2.7630655527489503,2.7630655527489503,2.7630655527489503,2.7630655527489503,2.7630655527489503,2.7630655527489503,2.7630655527489503,2.7630655527489503,2.7630655527489503,2.7630655527489503,2.7630655527489503,2.7630655527489503,2.7630655527489503,2.7630655527489503,2.7630655527489503,2.7630655527489503,2.7630655527489503,2.7630655527489503,2.7630655527489503,2.7630655527489503,2.7630655527489503,2.7630655527489503,2.7630655527489503,2.7630655527489503,2.7630655527489503,2.7630655527489503,2.7630655527489503,2.7630655527489503,2.7630655527489503,2.7630655527489503,2.7630655527489503,2.7630655527489503,2.7630655527489503,2.7630655527489503,2.7630655527489503,2.7630655527489503,2.7630655527489503,2.7630655527489503,2.7630655527489503,2.7630655527489503,2.7630655527489503,2.7630655527489503,2.7630655527489503,2.7630655527489503,2.7630655527489503,2.7630655527489503,2.7630655527489503,2.7630655527489503,2.7630655527489503,2.7630655527489503,2.7630655527489503,2.7630655527489503,2.7630655527489503,2.7630655527489503,2.7630655527489503,2.7630655527489503,2.7630655527489503,2.7630655527489503,2.7630655527489503,2.7630655527489503,2.7630655527489503,2.7630655527489503,2.7630655527489503,2.7630655527489503,2.7630655527489503,2.7630655527489503,2.7630655527489503,2.7630655527489503,2.7630655527489503,2.7630655527489503,2.7630655527489503,2.7630655527489503,2.7630655527489503,2.7630655527489503,2.7630655527489503,2.7630655527489503,2.7630655527489503,2.7630655527489503,2.7630655527489503,2.7630655527489503,2.7630655527489503,2.7630655527489503,2.7630655527489503,2.7630655527489503,2.7630655527489503,2.7630655527489503,2.7630655527489503,2.7630655527489503,2.7630655527489503,2.7630655527489503,2.7630655527489503,2.7630655527489503,2.7630655527489503,2.7630655527489503,2.7630655527489503,2.7630655527489503,2.7630655527489503,2.7630655527489503,2.7630655527489503,2.7630655527489503,2.7630655527489503,2.7630655527489503,2.7630655527489503,2.7630655527489503,2.7630655527489503,2.7630655527489503,2.7630655527489503,2.7630655527489503,2.7630655527489503,2.7630655527489503,2.7630655527489503,2.7630655527489503,2.7630655527489503,2.7630655527489503,2.7630655527489503,2.7630655527489503,2.7630655527489503,2.7630655527489503,2.7630655527489503,2.7630655527489503,2.7630655527489503,2.7630655527489503,2.7630655527489503,2.7630655527489503,2.7630655527489503,2.7630655527489503,2.7630655527489503,2.7630655527489503,2.7630655527489503,2.7630655527489503,2.7630655527489503,2.7630655527489503,2.7630655527489503,2.7630655527489503,2.7630655527489503,2.7630655527489503,2.7630655527489503,2.7630655527489503,2.7630655527489503,2.7630655527489503,2.7630655527489503,2.7630655527489503,2.7630655527489503,2.7630655527489503,2.7630655527489503,2.7630655527489503,2.7630655527489503,2.7630655527489503,2.7630655527489503,2.7630655527489503,2.7630655527489503,2.7630655527489503,2.7630655527489503,2.7630655527489503,2.7630655527489503,2.7630655527489503,2.7630655527489503,2.7630655527489503,2.7630655527489503,2.7630655527489503,2.7630655527489503,2.7630655527489503,2.7630655527489503,2.7630655527489503,2.7630655527489503,2.7630655527489503,2.7630655527489503,2.7630655527489503,2.7630655527489503,2.7630655527489503,2.7630655527489503,2.7630655527489503,2.7630655527489503,2.7630655527489503,2.7630655527489503,2.7630655527489503,2.7630655527489503,2.7630655527489503,2.7630655527489503,2.7630655527489503,2.7630655527489503,2.7630655527489503,2.7630655527489503,2.7630655527489503,2.7630655527489503,2.7630655527489503,2.7630655527489503,2.7630655527489503,2.7630655527489503,2.7630655527489503,2.7630655527489503,2.7630655527489503,2.7630655527489503,2.7630655527489503,2.7630655527489503,2.7630655527489503,2.7630655527489503,2.7630655527489503,2.7630655527489503,2.7630655527489503,2.7630655527489503,2.7630655527489503,2.7630655527489503,2.7630655527489503,2.7630655527489503,2.7630655527489503,2.7630655527489503,2.7630655527489503,2.7630655527489503,2.7630655527489503,2.7630655527489503,2.7630655527489503,2.7630655527489503,2.7630655527489503,2.7630655527489503,2.7630655527489503,2.7630655527489503,2.7630655527489503,2.7630655527489503,2.7630655527489503,2.7630655527489503,2.7630655527489503,2.7630655527489503,2.7630655527489503,2.7630655527489503,2.7630655527489503,2.7630655527489503,2.7630655527489503,2.7630655527489503,2.7630655527489503,2.7630655527489503,2.7630655527489503,2.7630655527489503,2.7630655527489503,2.7630655527489503,2.7630655527489503,2.7630655527489503,2.7630655527489503,2.7630655527489503,2.7630655527489503,2.7630655527489503,2.7630655527489503,2.7630655527489503,2.7630655527489503,2.7630655527489503,2.7630655527489503,2.7630655527489503,2.7630655527489503,2.7630655527489503,2.7630655527489503,2.7630655527489503,2.7630655527489503,2.7630655527489503,2.7630655527489503,2.7630655527489503,2.7630655527489503,2.7630655527489503,2.7630655527489503,2.7630655527489503,2.7630655527489503,2.7630655527489503,2.7630655527489503,2.7630655527489503,2.7630655527489503,2.7630655527489503,2.7630655527489503,2.7630655527489503,2.7630655527489503,2.7630655527489503,2.7630655527489503,2.7630655527489503,2.7630655527489503,2.7630655527489503,2.7630655527489503,2.7630655527489503,2.7630655527489503,2.7630655527489503,2.7630655527489503,2.7630655527489503,2.7630655527489503,2.7630655527489503,2.7630655527489503,2.7630655527489503,2.7630655527489503,2.7630655527489503,2.7630655527489503,2.7630655527489503,2.7630655527489503,2.7630655527489503,2.7630655527489503,2.7630655527489503,2.7630655527489503,2.7630655527489503,2.7630655527489503,2.7630655527489503,2.7630655527489503,2.7630655527489503,2.7630655527489503,2.7630655527489503,2.7630655527489503,2.7630655527489503,2.7630655527489503,2.7630655527489503,2.7630655527489503,2.7630655527489503,2.7630655527489503,2.7630655527489503,2.7630655527489503,2.7630655527489503,2.7630655527489503,2.7630655527489503,2.7630655527489503,2.7630655527489503,2.7630655527489503,2.7630655527489503,2.7630655527489503,2.7630655527489503,2.7630655527489503,2.7630655527489503,2.7630655527489503,2.7630655527489503,2.7630655527489503,2.7630655527489503,2.7630655527489503,2.7630655527489503,2.7630655527489503,2.7630655527489503,2.7630655527489503,2.7630655527489503,2.7630655527489503,2.7630655527489503,2.7630655527489503,2.7630655527489503,2.7630655527489503,2.7630655527489503,2.7630655527489503,2.7630655527489503,2.7630655527489503,2.7630655527489503,2.7630655527489503,2.7630655527489503,2.7630655527489503,2.7630655527489503,2.7630655527489503,2.7630655527489503,2.7630655527489503,2.7630655527489503,2.7630655527489503,2.7630655527489503,2.7630655527489503,2.7630655527489503,2.7630655527489503,2.7630655527489503,2.7630655527489503,2.7630655527489503,2.7630655527489503,2.7630655527489503,2.7630655527489503,2.7630655527489503,2.7630655527489503,2.7630655527489503,2.7630655527489503,2.7630655527489503,2.7630655527489503,2.7630655527489503,2.7630655527489503,2.7630655527489503,2.7630655527489503,2.7630655527489503,2.7630655527489503,2.7630655527489503,2.7630655527489503,2.7630655527489503,2.7630655527489503,2.7630655527489503,2.7630655527489503,2.7630655527489503,2.7630655527489503,2.7630655527489503,2.7630655527489503,2.7630655527489503,2.7630655527489503,2.7630655527489503,2.7630655527489503,2.7630655527489503,2.7630655527489503,2.7630655527489503,2.7630655527489503,2.7630655527489503,2.7630655527489503,2.7630655527489503,2.7630655527489503,2.7630655527489503,2.7630655527489503,2.7630655527489503,2.7630655527489503,2.7630655527489503,2.7630655527489503,2.7630655527489503,2.7630655527489503,2.7630655527489503,2.7630655527489503,2.7630655527489503,2.7630655527489503,2.7630655527489503,2.7630655527489503,2.7630655527489503,2.7630655527489503,2.7630655527489503,2.7630655527489503,2.7630655527489503,2.7630655527489503,2.7630655527489503,2.7630655527489503,2.7630655527489503,2.7630655527489503,2.7630655527489503,2.7630655527489503,2.7630655527489503,2.7630655527489503,2.7630655527489503,2.7630655527489503,2.7630655527489503,2.7630655527489503,2.7630655527489503,2.7630655527489503,2.7630655527489503,2.7630655527489503,2.7630655527489503,2.7630655527489503,2.7630655527489503,2.7630655527489503,2.7630655527489503,2.7630655527489503,2.7630655527489503,2.7630655527489503,2.7630655527489503,2.7630655527489503,2.7630655527489503,2.7630655527489503,2.7630655527489503,2.7630655527489503,2.7630655527489503,2.7630655527489503,2.7630655527489503,2.7630655527489503,2.7630655527489503,2.7630655527489503,2.7630655527489503,2.7630655527489503,2.7630655527489503,2.7630655527489503,2.7630655527489503,2.7630655527489503,2.7630655527489503,2.7630655527489503,2.7630655527489503,2.7630655527489503,2.7630655527489503,2.7630655527489503,2.7630655527489503,2.7630655527489503,2.7630655527489503,2.7630655527489503,2.7630655527489503,2.7630655527489503,2.7630655527489503,2.7630655527489503,2.7630655527489503,2.7630655527489503,2.7630655527489503,2.7630655527489503,2.7630655527489503,2.7630655527489503,2.7630655527489503,2.7630655527489503,2.7630655527489503,2.7630655527489503,2.7630655527489503,2.7630655527489503,2.7630655527489503,2.7630655527489503,2.7630655527489503,2.7630655527489503,2.7630655527489503,2.7630655527489503,2.7630655527489503,2.7630655527489503,2.7630655527489503,2.7630655527489503,2.7630655527489503,2.7630655527489503,2.7630655527489503,2.7630655527489503,2.7630655527489503,2.7630655527489503,2.7630655527489503,2.7630655527489503,2.7630655527489503,2.7630655527489503,2.7630655527489503,2.7630655527489503,2.7630655527489503,2.7630655527489503,2.7630655527489503,2.7630655527489503,2.7630655527489503,2.7630655527489503,2.7630655527489503,2.7630655527489503,2.7630655527489503,2.7630655527489503,2.7630655527489503,2.7630655527489503,2.7630655527489503,2.7630655527489503,2.7630655527489503,2.7630655527489503,2.7630655527489503,2.7630655527489503,2.7630655527489503,2.7630655527489503,2.7630655527489503,2.7630655527489503,2.7630655527489503,2.7630655527489503,2.7630655527489503,2.7630655527489503,2.7630655527489503,2.7630655527489503,2.7630655527489503,2.7630655527489503,2.7630655527489503,2.7630655527489503,2.7630655527489503,2.7630655527489503,2.7630655527489503,2.7630655527489503,2.7630655527489503,2.7630655527489503,2.7630655527489503,2.7630655527489503,2.7630655527489503,2.7630655527489503,2.7630655527489503,2.7630655527489503,2.7630655527489503,2.7630655527489503,2.7630655527489503,2.7630655527489503,2.7630655527489503,2.7630655527489503,2.7630655527489503,2.7630655527489503,2.7630655527489503,2.7630655527489503,2.7630655527489503,2.7630655527489503,2.7630655527489503,2.7630655527489503,2.7630655527489503,2.7630655527489503,2.7630655527489503,2.7630655527489503,2.7630655527489503,2.7630655527489503,2.7630655527489503,2.7630655527489503,2.7630655527489503,2.7630655527489503,2.7630655527489503,2.7630655527489503,2.7630655527489503,2.7630655527489503,2.7630655527489503,2.7630655527489503,2.7630655527489503,2.7630655527489503,2.7630655527489503,2.7630655527489503,2.7630655527489503,2.7630655527489503,2.7630655527489503,2.7630655527489503,2.7630655527489503,2.7630655527489503,2.7630655527489503,2.7630655527489503,2.7630655527489503,2.7630655527489503,2.7630655527489503,2.7630655527489503,7.060061245433868,7.006093937213322,7.006093937213322,7.006093937213322,7.006093937213322,5.539115903456488,5.539115903456488,5.539115903456488,5.539115903456488,5.539115903456488,5.539115903456488,5.539115903456488,5.539115903456488,5.539115903456488,5.539115903456488,5.539115903456488,5.539115903456488,5.539115903456488,5.539115903456488,5.539115903456488,5.539115903456488,5.539115903456488,5.539115903456488,5.539115903456488,5.539115903456488,5.138701285500725,5.138701285500725,5.138701285500725,5.138701285500725,5.138701285500725,5.138701285500725,5.138701285500725,5.138701285500725,5.138701285500725,5.138701285500725,5.138701285500725,5.138701285500725,5.138701285500725,5.138701285500725,5.138701285500725,5.138701285500725,5.138701285500725,5.138701285500725,5.138701285500725,5.138701285500725,5.138701285500725,5.138701285500725,5.138701285500725,5.138701285500725,5.138701285500725,5.138701285500725,5.138701285500725,4.827408397528091,4.827408397528091,4.827408397528091,4.827408397528091,4.827408397528091,4.827408397528091,4.827408397528091,4.827408397528091,4.827408397528091,4.827408397528091,4.827408397528091,4.827408397528091,4.827408397528091,4.827408397528091,4.827408397528091,4.827408397528091,4.827408397528091,4.827408397528091,4.827408397528091,4.827408397528091,4.827408397528091,4.827408397528091,4.827408397528091,4.827408397528091,4.827408397528091,4.827408397528091,4.827408397528091,4.827408397528091,4.827408397528091,4.827408397528091,4.827408397528091,4.827408397528091,4.827408397528091,4.827408397528091,4.827408397528091,4.827408397528091,4.827408397528091,4.827408397528091,4.827408397528091,4.827408397528091,4.827408397528091,4.827408397528091,4.827408397528091,4.827408397528091,4.827408397528091,4.827408397528091,4.827408397528091,4.827408397528091,4.827408397528091,4.827408397528091,4.827408397528091,4.827408397528091,4.827408397528091,4.827408397528091,4.827408397528091,4.827408397528091,4.827408397528091,4.827408397528091,4.827408397528091,4.827408397528091,4.827408397528091,4.827408397528091,4.827408397528091,4.827408397528091,4.827408397528091,4.827408397528091,4.827408397528091,4.827408397528091,4.827408397528091,4.827408397528091,4.827408397528091,4.827408397528091,4.827408397528091,4.827408397528091,4.827408397528091,4.827408397528091,4.827408397528091,4.827408397528091,4.827408397528091,4.827408397528091,4.827408397528091,4.827408397528091,4.827408397528091,4.827408397528091,4.827408397528091,4.827408397528091,4.827408397528091,4.827408397528091,4.827408397528091,4.827408397528091,4.827408397528091,4.827408397528091,4.827408397528091,4.827408397528091,4.827408397528091,4.827408397528091,4.827408397528091,4.827408397528091,4.827408397528091,4.827408397528091,4.827408397528091,4.827408397528091,4.827408397528091,4.827408397528091,4.827408397528091,4.827408397528091,4.827408397528091,4.827408397528091,4.827408397528091,4.827408397528091,4.827408397528091,4.827408397528091,4.827408397528091,4.827408397528091,4.827408397528091,4.827408397528091,4.827408397528091,4.827408397528091,4.827408397528091,4.827408397528091,4.827408397528091,4.827408397528091,4.827408397528091,4.827408397528091,4.827408397528091,4.827408397528091,4.827408397528091,4.827408397528091,4.827408397528091,4.827408397528091,4.827408397528091,4.827408397528091,4.827408397528091,4.827408397528091,4.827408397528091,4.827408397528091,4.827408397528091,4.827408397528091,4.827408397528091,4.827408397528091,4.827408397528091,4.827408397528091,4.827408397528091,4.827408397528091,4.827408397528091,4.827408397528091,4.827408397528091,4.827408397528091,4.827408397528091,4.827408397528091,4.827408397528091,4.827408397528091,4.827408397528091,4.827408397528091,4.827408397528091,4.827408397528091,4.827408397528091,4.827408397528091,4.827408397528091,4.827408397528091,4.827408397528091,4.827408397528091,4.827408397528091,4.827408397528091,4.827408397528091,4.827408397528091,4.827408397528091,4.827408397528091,4.827408397528091,4.827408397528091,4.827408397528091,4.827408397528091,4.827408397528091,4.827408397528091,4.827408397528091,4.827408397528091,4.827408397528091,4.827408397528091,4.216828035828418,4.216828035828418,4.111382787640961,4.111382787640961,4.111382787640961,4.111382787640961,4.111382787640961,4.111382787640961,4.111382787640961,4.111382787640961,4.111382787640961,4.111382787640961,4.111382787640961,4.111382787640961,4.111382787640961,4.111382787640961,4.111382787640961,4.111382787640961,4.111382787640961,4.111382787640961,4.111382787640961,4.111382787640961,4.111382787640961,3.993277647195156,3.993277647195156,3.993277647195156,3.993277647195156,3.993277647195156,3.993277647195156,3.993277647195156,3.993277647195156,3.993277647195156,3.993277647195156,3.993277647195156,3.993277647195156,3.993277647195156,3.993277647195156,3.993277647195156,3.993277647195156,3.993277647195156,3.993277647195156,3.993277647195156,3.993277647195156,3.993277647195156,3.993277647195156,3.993277647195156,3.993277647195156,3.993277647195156,3.993277647195156,3.993277647195156,3.993277647195156,3.993277647195156,3.993277647195156,3.993277647195156,3.993277647195156,3.993277647195156,3.993277647195156,3.993277647195156,3.993277647195156,3.993277647195156,3.993277647195156,3.993277647195156,3.813554536762913,3.813554536762913,3.813554536762913,3.813554536762913,3.813554536762913,3.813554536762913,3.813554536762913,3.813554536762913,3.813554536762913,3.813554536762913,3.813554536762913,3.813554536762913,3.813554536762913,3.813554536762913,3.813554536762913,3.813554536762913,3.813554536762913,3.813554536762913,3.813554536762913,3.813554536762913,3.813554536762913,3.813554536762913,3.813554536762913,3.813554536762913,3.813554536762913,3.813554536762913,3.813554536762913,3.813554536762913,3.813554536762913,3.813554536762913,3.813554536762913,3.813554536762913,3.813554536762913,3.813554536762913,3.813554536762913,3.813554536762913,3.813554536762913,3.813554536762913,3.813554536762913,3.813554536762913,3.813554536762913,3.813554536762913,3.813554536762913,3.813554536762913,3.813554536762913,3.813554536762913,3.813554536762913,3.813554536762913,3.813554536762913,3.813554536762913,3.813554536762913,3.813554536762913,3.813554536762913,3.813554536762913,3.813554536762913,3.813554536762913,3.813554536762913,3.813554536762913,3.813554536762913,3.813554536762913,3.813554536762913,3.813554536762913,3.813554536762913,3.813554536762913,3.813554536762913,3.813554536762913,3.813554536762913,3.8135545367629127,3.8135545367629127,3.8135545367629127,3.8135545367629127,3.8135545367629127,3.8135545367629127,3.8135545367629127,3.8135545367629127,3.8135545367629127,3.8135545367629127,3.8135545367629127,3.8135545367629127,3.8135545367629127,3.8135545367629127,3.8135545367629127,3.8135545367629127,3.8135545367629127,3.8135545367629127,3.8135545367629127,3.8135545367629127,3.8135545367629127,3.8135545367629127,3.8135545367629127,3.8135545367629127,3.8135545367629127,3.8135545367629127,3.8135545367629127,3.8135545367629127,3.8135545367629127,3.8135545367629127,3.8135545367629127,3.8135545367629127,3.8135545367629127,3.8135545367629127,3.8135545367629127,3.8135545367629127,3.8135545367629127,3.8135545367629127,3.8135545367629127,3.8135545367629127,3.8135545367629127,3.8135545367629127,3.8135545367629127,3.8135545367629127,3.8135545367629127,3.8135545367629127,3.8135545367629127,3.8135545367629127,3.8135545367629127,3.8135545367629127,3.8135545367629127,3.8135545367629127,3.8135545367629127,3.8135545367629127,3.8135545367629127,3.8135545367629127,3.8135545367629127,3.8135545367629127,3.8135545367629127,3.8135545367629127,3.8135545367629127,3.8135545367629127,3.8135545367629127,3.8135545367629127,3.8135545367629127,3.8135545367629127,3.8135545367629127,3.8135545367629127,3.8135545367629127,3.8135545367629127,3.8135545367629127,3.8135545367629127,3.8135545367629127,3.8135545367629127,3.8135545367629127,3.8135545367629127,3.8135545367629127,3.8135545367629127,3.8135545367629127,3.8135545367629127,3.8135545367629127,3.8135545367629127,3.8135545367629127,3.8135545367629127,3.8135545367629127,3.8135545367629127,3.8135545367629127,3.8135545367629127,3.8135545367629127,3.8135545367629127,3.8135545367629127,3.8135545367629127,3.8135545367629127,3.8135545367629127,3.8135545367629127,3.8135545367629127,3.8135545367629127,3.8135545367629127,3.8135545367629127,3.8135545367629127,3.8135545367629127,3.8135545367629127,3.8135545367629127,3.8135545367629127,3.8135545367629127,3.8135545367629127,3.8135545367629127,3.8135545367629127,3.8135545367629127,3.8135545367629127,3.8135545367629127,3.8135545367629127,3.8135545367629127,3.8135545367629127,3.8135545367629127,3.8135545367629127,3.8135545367629127,3.8135545367629127,3.8135545367629127,3.8135545367629127,3.8135545367629127,3.8135545367629127,3.8135545367629127,3.8135545367629127,3.8135545367629127,3.8135545367629127,3.8135545367629127,3.8135545367629127,3.8135545367629127,3.8135545367629127,3.8135545367629127,3.8135545367629127,3.8135545367629127,3.8135545367629127,3.8135545367629127,3.8135545367629127,3.8135545367629127,3.8135545367629127,3.8135545367629127,3.8135545367629127,3.8135545367629127,3.8135545367629127,3.8135545367629127,3.8135545367629127,3.8135545367629127,3.8135545367629127,3.8135545367629127,3.8135545367629127,3.8135545367629127,3.8135545367629127,3.8135545367629127,3.8135545367629127,3.8135545367629127,3.8135545367629127,3.8135545367629127,3.8135545367629127,3.8135545367629127,3.8135545367629127,3.8135545367629127,3.8135545367629127,3.8135545367629127,3.8135545367629127,3.8135545367629127,3.8135545367629127,3.8135545367629127,3.8135545367629127,3.8135545367629127,3.8135545367629127,3.8135545367629127,3.8135545367629127,3.8135545367629127,3.8135545367629127,3.8135545367629127,3.8135545367629127,3.8135545367629127,3.8135545367629127,3.8135545367629127,3.8135545367629127,3.8135545367629127,3.8135545367629127,3.8135545367629127,3.8135545367629127,3.8135545367629127,3.8135545367629127,3.8135545367629127,3.8135545367629127,3.8135545367629127,3.8135545367629127,3.8135545367629127,3.8135545367629127,3.8135545367629127,3.8135545367629127,3.8135545367629127,3.8135545367629127,3.8135545367629127,3.8135545367629127,3.8135545367629127,3.8135545367629127,3.8135545367629127,3.8135545367629127,3.8135545367629127,3.8135545367629127,3.8135545367629127,3.8135545367629127,3.8135545367629127,3.8135545367629127,3.8135545367629127,3.8135545367629127,3.8135545367629127,3.8135545367629127,3.8135545367629127,3.8135545367629127,3.8135545367629127,3.8135545367629127,3.8135545367629127,3.8135545367629127,3.8135545367629127,3.8135545367629127,3.8135545367629127,3.8135545367629127,3.8135545367629127,3.8135545367629127,3.8135545367629127,3.8135545367629127,3.8135545367629127,3.8135545367629127,3.8135545367629127,3.8135545367629127,3.8135545367629127,3.8135545367629127,3.8135545367629127,3.8135545367629127,3.8135545367629127,3.8135545367629127,3.8135545367629127,3.8135545367629127,3.8135545367629127,3.8135545367629127,3.8135545367629127,3.8135545367629127,3.8135545367629127,3.8135545367629127,3.8135545367629127,3.8135545367629127,3.8135545367629127,3.8135545367629127,3.8135545367629127,3.8135545367629127,3.8135545367629127,3.8135545367629127,3.8135545367629127,3.8135545367629127,3.8135545367629127,3.8135545367629127,3.8135545367629127,3.8135545367629127,3.8135545367629127,3.8135545367629127,3.8135545367629127,3.8135545367629127,3.8135545367629127,3.8135545367629127,3.8135545367629127,3.8135545367629127,3.8135545367629127,3.8135545367629127,3.8135545367629127,3.8135545367629127,3.8135545367629127,3.8135545367629127,3.8135545367629127,3.8135545367629127,3.8135545367629127,3.8135545367629127,3.8135545367629127,3.8135545367629127,3.8135545367629127,3.8135545367629127,3.8135545367629127,3.8135545367629127,3.8135545367629127,3.8135545367629127,3.8135545367629127,3.8135545367629127,3.8135545367629127,3.8135545367629127,3.8135545367629127,3.8135545367629127,3.8135545367629127,3.8135545367629127,3.8135545367629127,3.8135545367629127,3.8135545367629127,3.8135545367629127,3.8135545367629127,3.8135545367629127,3.8135545367629127,3.8135545367629127,3.8135545367629127,3.8135545367629127,3.8135545367629127,3.8135545367629127,3.8135545367629127,3.8135545367629127,3.8135545367629127,3.8135545367629127,3.8135545367629127,3.8135545367629127,3.8135545367629127,3.8135545367629127,3.8135545367629127,3.8135545367629127,3.8135545367629127,3.8135545367629127,3.8135545367629127,3.8135545367629127,3.8135545367629127,3.8135545367629127,3.8135545367629127,3.8135545367629127,3.8135545367629127,3.8135545367629127,3.8135545367629127,3.8135545367629127,3.8135545367629127,3.8135545367629127,3.8135545367629127,3.8135545367629127,3.8135545367629127,3.8135545367629127,3.8135545367629127,3.8135545367629127,3.8135545367629127,3.8135545367629127,3.8135545367629127,3.8135545367629127,3.8135545367629127,3.8135545367629127,3.8135545367629127,3.8135545367629127,3.8135545367629127,3.8135545367629127,3.8135545367629127,3.8135545367629127,3.8135545367629127,3.8135545367629127,3.8135545367629127,3.8135545367629127,3.8135545367629127,3.8135545367629127,3.8135545367629127,3.8135545367629127,3.8135545367629127,3.8135545367629127,3.8135545367629127,3.8135545367629127,3.8135545367629127,3.8135545367629127,3.8135545367629127,3.8135545367629127,3.8135545367629127,3.8135545367629127,3.8135545367629127,3.8135545367629127,3.8135545367629127,3.8135545367629127,3.8135545367629127,3.8135545367629127,3.8135545367629127,3.8135545367629127,3.8135545367629127,3.8135545367629127,3.8135545367629127,3.8135545367629127,3.8135545367629127,3.8135545367629127,3.8135545367629127,3.8135545367629127,3.8135545367629127,3.8135545367629127,3.8135545367629127,3.8135545367629127,3.8135545367629127,3.8135545367629127,3.8135545367629127,3.8135545367629127,3.8135545367629127,3.8135545367629127,3.8135545367629127,3.8135545367629127,3.8135545367629127,3.8135545367629127,3.8135545367629127,3.8135545367629127,3.8135545367629127,3.8135545367629127,3.8135545367629127,3.8135545367629127,3.8135545367629127,3.8135545367629127,3.8135545367629127,3.8135545367629127,3.8135545367629127,3.8135545367629127,3.8135545367629127,3.8135545367629127,3.8135545367629127,3.8135545367629127,3.8135545367629127,3.8135545367629127,3.8135545367629127,3.8135545367629127,3.8135545367629127,3.8135545367629127,3.8135545367629127,3.8135545367629127,3.8135545367629127,3.8135545367629127,3.8135545367629127,3.8135545367629127,3.8135545367629127,3.8135545367629127,3.8135545367629127,3.8135545367629127,3.8135545367629127,3.8135545367629127,3.8135545367629127,3.8135545367629127,3.8135545367629127,3.8135545367629127,3.8135545367629127,3.8135545367629127,3.8135545367629127,3.8135545367629127,3.8135545367629127,3.8135545367629127,3.8135545367629127,3.8135545367629127,3.8135545367629127,3.8135545367629127,3.8135545367629127,3.8135545367629127,3.8135545367629127,3.8135545367629127,3.8135545367629127,3.8135545367629127,3.8135545367629127,3.8135545367629127,3.8135545367629127,3.8135545367629127,3.8135545367629127,3.8135545367629127,3.8135545367629127,3.8135545367629127,3.8135545367629127,3.8135545367629127,3.8135545367629127,3.8135545367629127,3.8135545367629127,3.8135545367629127,3.8135545367629127,3.8135545367629127,3.8135545367629127,3.8135545367629127,3.8135545367629127,3.8135545367629127,3.8135545367629127,3.8135545367629127,3.8135545367629127,3.8135545367629127,3.8135545367629127,3.8135545367629127,3.8135545367629127,3.8135545367629127,3.8135545367629127,3.8135545367629127,3.8135545367629127,3.8135545367629127,3.8135545367629127,3.8135545367629127,3.8135545367629127,3.8135545367629127,3.8135545367629127,3.8135545367629127,3.8135545367629127,3.8135545367629127,3.8135545367629127,3.8135545367629127,3.8135545367629127,3.8135545367629127,3.8135545367629127,3.8135545367629127,3.8135545367629127,3.8135545367629127,3.8135545367629127,3.8135545367629127,3.8135545367629127,3.8135545367629127,3.8135545367629127,3.8135545367629127,3.8135545367629127,3.8135545367629127,3.8135545367629127,3.8135545367629127,3.8135545367629127,3.8135545367629127,3.8135545367629127,3.8135545367629127,3.8135545367629127,3.8135545367629127,3.8135545367629127,3.8135545367629127,3.8135545367629127,3.8135545367629127,3.8135545367629127,3.8135545367629127,3.8135545367629127,3.8135545367629127,3.8135545367629127,3.8135545367629127,3.8135545367629127,3.8135545367629127,3.8135545367629127,3.8135545367629127,3.8135545367629127,3.8135545367629127,3.8135545367629127,3.8135545367629127,3.8135545367629127,3.8135545367629127,3.8135545367629127,3.8135545367629127,3.8135545367629127,3.8135545367629127,3.8135545367629127,3.8135545367629127,3.8135545367629127,3.8135545367629127,3.8135545367629127,3.8135545367629127,3.8135545367629127,3.8135545367629127,3.8135545367629127,3.8135545367629127,3.8135545367629127,3.8135545367629127,3.8135545367629127,3.8135545367629127,3.8135545367629127,3.8135545367629127,3.8135545367629127,3.8135545367629127,3.8135545367629127,3.8135545367629127,3.8135545367629127,3.8135545367629127,3.8135545367629127,3.8135545367629127,3.8135545367629127,3.8135545367629127,3.8135545367629127,3.8135545367629127,3.8135545367629127,3.8135545367629127,3.8135545367629127,3.8135545367629127,3.8135545367629127,3.8135545367629127,3.8135545367629127,3.8135545367629127,3.8135545367629127,3.8135545367629127,3.8135545367629127,3.8135545367629127,3.8135545367629127,3.8135545367629127,3.8135545367629127,3.8135545367629127,3.8135545367629127,3.8135545367629127,3.8135545367629127,3.8135545367629127,3.8135545367629127,3.8135545367629127,3.8135545367629127,3.8135545367629127,3.8135545367629127,3.8135545367629127,3.8135545367629127,3.8135545367629127,3.8135545367629127,3.8135545367629127,3.8135545367629127,3.8135545367629127,3.8135545367629127,3.8135545367629127,3.8135545367629127,3.8135545367629127,3.8135545367629127,3.8135545367629127,3.8135545367629127,3.8135545367629127,3.8135545367629127,3.8135545367629127,3.8135545367629127,3.8135545367629127,3.8135545367629127,3.8135545367629127,3.8135545367629127,3.8135545367629127,3.8135545367629127,3.8135545367629127,3.8135545367629127,3.8135545367629127,3.8135545367629127,3.8135545367629127,3.8135545367629127,3.8135545367629127,3.8135545367629127,3.8135545367629127,3.8135545367629127,3.8135545367629127,3.8135545367629127,3.8135545367629127,3.8135545367629127,3.8135545367629127,3.8135545367629127,3.8135545367629127,3.8135545367629127,3.8135545367629127,3.8135545367629127,3.8135545367629127,3.8135545367629127,3.8135545367629127,3.8135545367629127,3.8135545367629127,3.8135545367629127,3.8135545367629127,3.8135545367629127,3.8135545367629127,3.8135545367629127,6.6538871275900995,6.028575010205244,6.028575010205244,6.028575010205244,5.89367600749414,5.89367600749414,5.89367600749414,5.89367600749414,5.89367600749414,5.89367600749414,5.89367600749414,5.89367600749414,5.785919567631906,5.785919567631906,5.692389130453708,5.692389130453708,5.692389130453708,5.692389130453708,5.692389130453708,5.692389130453708,5.692389130453708,5.692389130453708,5.692389130453708,5.692389130453708,5.692389130453708,5.692389130453708,5.692389130453708,5.692389130453708,5.692389130453708,5.692389130453708,5.692389130453708,5.692389130453708,5.692389130453708,5.519826523189391,4.410165935387439,4.396573623924949,4.396573623924949,4.396573623924949,4.396573623924949,4.396573623924949,4.396573623924949,4.396573623924949,4.396573623924949,4.396573623924949,4.396573623924949,4.396573623924949,4.396573623924949,4.396573623924949,4.396573623924949,4.396573623924949,4.396573623924949,4.396573623924949,4.396573623924949,4.396573623924949,4.396573623924949,4.396573623924949,4.396573623924949,4.396573623924949,4.396573623924949,4.396573623924949,4.396573623924949,4.396573623924949,4.396573623924949,4.396573623924949,4.396573623924949,4.396573623924949,4.396573623924949,4.396573623924949,4.396573623924949,4.396573623924949,4.396573623924949,4.396573623924949,4.396573623924949,4.396573623924949,4.396573623924949,4.396573623924949,4.396573623924949,4.396573623924949,4.396573623924949,4.396573623924949,4.396573623924949,4.396573623924949,4.396573623924949,4.396573623924949,4.396573623924949,4.396573623924949,4.396573623924949,4.396573623924949,4.396573623924949,4.396573623924949,4.396573623924949,4.396573623924949,4.396573623924949,4.396573623924949,4.396573623924949,4.396573623924949,4.396573623924949,4.396573623924949,4.396573623924949,4.396573623924949,4.396573623924949,4.396573623924949,4.396573623924949,4.396573623924949,4.396573623924949,4.396573623924949,4.396573623924949,4.396573623924949,4.396573623924949,4.396573623924949,4.396573623924949,4.2036140726257125,4.2036140726257125,4.2036140726257125,4.2036140726257125,4.2036140726257125,4.2036140726257125,4.2036140726257125,4.2036140726257125,4.2036140726257125,4.2036140726257125,4.2036140726257125,4.2036140726257125,4.2036140726257125,4.2036140726257125,4.135171228967346,4.135171228967346,4.135171228967346,4.135171228967346,4.135171228967346,4.135171228967346,4.135171228967346,4.135171228967346,4.135171228967346,4.135171228967346,4.135171228967346,4.135171228967346,4.135171228967346,4.135171228967346,4.135171228967346,4.135171228967346,4.135171228967346,4.135171228967346,4.135171228967346,4.135171228967346,4.135171228967346,4.135171228967346,4.135171228967346,4.135171228967346,4.135171228967346,4.135171228967346,4.135171228967346,4.135171228967346,4.135171228967346,4.135171228967346,4.135171228967346,4.135171228967346,4.135171228967346,4.135171228967346,4.135171228967346,4.135171228967346,4.135171228967346,4.135171228967346,4.135171228967346,4.135171228967346,4.135171228967346,4.135171228967346,4.135171228967346,4.135171228967346,4.135171228967346,4.135171228967346,4.135171228967346,4.135171228967346,4.135171228967346,4.135171228967346,4.135171228967346,4.135171228967346,4.135171228967346,4.135171228967346,4.135171228967346,4.135171228967346,4.135171228967346,4.135171228967346,4.135171228967346,4.135171228967346,4.135171228967346,4.135171228967346,4.135171228967346,4.135171228967346,4.135171228967346,4.135171228967346,4.135171228967346,4.135171228967346,4.135171228967346,4.135171228967346,4.135171228967346,4.135171228967346,4.135171228967346,4.135171228967346,4.135171228967346,4.135171228967346,4.135171228967346,4.135171228967346,4.135171228967346,4.135171228967346,4.135171228967346,4.135171228967346,4.135171228967346,4.135171228967346,4.135171228967346,4.135171228967346,4.135171228967346,4.135171228967346,4.135171228967346,4.135171228967346,4.135171228967346,4.135171228967346,4.135171228967346,4.135171228967346,4.135171228967346,4.135171228967346,4.135171228967346,4.135171228967346,4.135171228967346,4.135171228967346,4.135171228967346,4.135171228967346,4.135171228967346,4.135171228967346,4.135171228967346,4.135171228967346,4.135171228967346,4.135171228967346,4.135171228967346,4.135171228967346,4.135171228967346,4.135171228967346,4.135171228967346,4.135171228967346,4.135171228967346,4.135171228967346,4.135171228967346,4.135171228967346,4.135171228967346,4.135171228967346,4.135171228967346,4.135171228967346,4.135171228967346,4.135171228967346,4.135171228967346,4.135171228967346,4.135171228967346,4.135171228967346,4.135171228967346,4.135171228967346,4.135171228967346,4.135171228967346,4.135171228967346,4.135171228967346,4.135171228967346,4.135171228967346,4.135171228967346,4.135171228967346,4.135171228967346,4.135171228967346,4.135171228967346,4.135171228967346,4.135171228967346,4.135171228967346,4.135171228967346,4.135171228967346,4.135171228967346,4.135171228967346,4.135171228967346,4.135171228967346,4.135171228967346,4.135171228967346,4.135171228967346,4.135171228967346,4.135171228967346,4.135171228967346,4.135171228967346,4.135171228967346,4.135171228967346,4.135171228967346,4.135171228967346,4.135171228967346,4.135171228967346,4.135171228967346,4.135171228967346,4.135171228967346,4.135171228967346,4.135171228967346,4.135171228967346,4.135171228967346,4.135171228967346,4.135171228967346,4.135171228967346,4.135171228967346,4.135171228967346,4.135171228967346,4.135171228967346,4.135171228967346,4.135171228967346,4.135171228967346,4.135171228967346,4.135171228967346,4.135171228967346,4.135171228967346,4.135171228967346,4.135171228967346,4.135171228967346,4.135171228967346,4.135171228967346,4.135171228967346,4.135171228967346,4.135171228967346,4.135171228967346,4.135171228967346,4.135171228967346,4.135171228967346,4.135171228967346,4.135171228967346,4.135171228967346,4.135171228967346,4.135171228967346,4.135171228967346,4.135171228967346,4.076217956445792,4.076217956445792,4.076217956445792,4.076217956445792,4.076217956445792,4.076217956445792,4.076217956445792,4.076217956445792,4.076217956445792,4.076217956445792,4.076217956445792,4.076217956445792,4.076217956445792,4.076217956445792,4.076217956445792,4.076217956445792,4.076217956445792,4.076217956445792,4.076217956445792,4.076217956445792,4.076217956445792,4.076217956445792,4.076217956445792,4.076217956445792,4.076217956445792,4.076217956445792,4.076217956445792,4.076217956445792,4.076217956445792,4.076217956445792,4.076217956445792,4.076217956445792,4.076217956445792,4.076217956445792,4.076217956445792,4.076217956445792,4.076217956445792,4.076217956445792,4.076217956445792,4.076217956445792,4.076217956445792,4.076217956445792,4.076217956445792,4.076217956445792,4.076217956445792,4.076217956445792,4.076217956445792,4.076217956445792,4.076217956445792,3.815410921703909,3.815410921703909,3.815410921703909,3.815410921703909,3.815410921703909,3.815410921703909,3.815410921703909,3.815410921703909,3.815410921703909,3.815410921703909,3.815410921703909,3.815410921703909,3.815410921703909,3.815410921703909,3.815410921703909,3.815410921703909,3.815410921703909,3.815410921703909,3.815410921703909,3.815410921703909,3.815410921703909,3.815410921703909,3.815410921703909,3.815410921703909,3.815410921703909,3.815410921703909,3.815410921703909,3.815410921703909,3.815410921703909,3.815410921703909,3.815410921703909,3.815410921703909,3.815410921703909,3.815410921703909,3.815410921703909,3.815410921703909,3.815410921703909,3.815410921703909,3.815410921703909,3.815410921703909,3.815410921703909,3.815410921703909,3.815410921703909,3.815410921703909,3.815410921703909,3.815410921703909,3.815410921703909,3.815410921703909,3.815410921703909,3.815410921703909,3.815410921703909,3.815410921703909,3.815410921703909,3.815410921703909,3.815410921703909,3.815410921703909,3.815410921703909,3.815410921703909,3.815410921703909,3.815410921703909,3.815410921703909,3.815410921703909,3.815410921703909,3.815410921703909,3.815410921703909,3.815410921703909,3.815410921703909,3.815410921703909,3.815410921703909,3.815410921703909,3.815410921703909,3.815410921703909,3.815410921703909,3.815410921703909,3.815410921703909,3.815410921703909,3.815410921703909,3.815410921703909,3.815410921703909,3.815410921703909,3.815410921703909,3.815410921703909,3.815410921703909,3.815410921703909,3.815410921703909,3.815410921703909,3.815410921703909,3.815410921703909,3.815410921703909,3.815410921703909,3.815410921703909,3.815410921703909,3.815410921703909,3.815410921703909,3.815410921703909,3.815410921703909,3.815410921703909,3.815410921703909,3.815410921703909,3.815410921703909,3.815410921703909,3.815410921703909,3.815410921703909,3.815410921703909,3.815410921703909,3.815410921703909,3.815410921703909,3.815410921703909,3.815410921703909,3.815410921703909,3.815410921703909,3.815410921703909,3.815410921703909,3.815410921703909,3.815410921703909,3.815410921703909,3.815410921703909,3.815410921703909,3.815410921703909,3.815410921703909,3.815410921703909,3.815410921703909,3.815410921703909,3.815410921703909,3.815410921703909,3.815410921703909,3.815410921703909,3.815410921703909,3.815410921703909,3.815410921703909,3.815410921703909,3.815410921703909,3.815410921703909,3.815410921703909,3.815410921703909,3.815410921703909,3.815410921703909,3.815410921703909,3.815410921703909,3.815410921703909,3.815410921703909,3.815410921703909,3.815410921703909,3.815410921703909,3.815410921703909,3.815410921703909,3.815410921703909,3.815410921703909,3.815410921703909,3.815410921703909,3.815410921703909,3.815410921703909,3.815410921703909,3.815410921703909,3.815410921703909,3.815410921703909,3.815410921703909,3.815410921703909,3.815410921703909,3.815410921703909,3.815410921703909,3.815410921703909,3.815410921703909,3.815410921703909,3.815410921703909,3.815410921703909,3.815410921703909,3.815410921703909,3.815410921703909,3.815410921703909,3.815410921703909,3.815410921703909,3.815410921703909,3.815410921703909,3.815410921703909,3.815410921703909,3.815410921703909,3.815410921703909,3.815410921703909,3.815410921703909,3.815410921703909,3.815410921703909,3.815410921703909,3.815410921703909,3.815410921703909,3.815410921703909,3.815410921703909,3.815410921703909,3.815410921703909,3.815410921703909,3.815410921703909,3.815410921703909,3.815410921703909,3.815410921703909,3.815410921703909,3.815410921703909,3.815410921703909,3.815410921703909,3.815410921703909,3.815410921703909,3.815410921703909,3.815410921703909,3.815410921703909,3.815410921703909,3.815410921703909,3.815410921703909,3.815410921703909,3.815410921703909,3.815410921703909,3.815410921703909,3.815410921703909,3.815410921703909,3.815410921703909,3.815410921703909,3.815410921703909,3.815410921703909,3.815410921703909,3.815410921703909,3.815410921703909,3.815410921703909,3.815410921703909,3.815410921703909,3.815410921703909,3.815410921703909,3.815410921703909,3.815410921703909,3.815410921703909,3.815410921703909,3.815410921703909,3.815410921703909,3.815410921703909,3.815410921703909,3.815410921703909,3.815410921703909,3.815410921703909,3.815410921703909,3.815410921703909,3.815410921703909,3.815410921703909,3.815410921703909,3.815410921703909,3.815410921703909,3.815410921703909,3.815410921703909,3.815410921703909,3.815410921703909,3.815410921703909,3.815410921703909,3.815410921703909,3.815410921703909,3.815410921703909,3.815410921703909,3.815410921703909,3.815410921703909,3.815410921703909,3.815410921703909,3.815410921703909,3.815410921703909,3.815410921703909,3.815410921703909,3.815410921703909,3.815410921703909,3.815410921703909,3.815410921703909,3.815410921703909,3.815410921703909,3.815410921703909,3.815410921703909,3.815410921703909,3.815410921703909,3.815410921703909,3.815410921703909,3.815410921703909,3.815410921703909,3.815410921703909,3.815410921703909,3.815410921703909,3.815410921703909,3.815410921703909,3.815410921703909,3.815410921703909,3.815410921703909,3.815410921703909,3.815410921703909,3.815410921703909,3.815410921703909,3.815410921703909,3.815410921703909,3.815410921703909,3.815410921703909,3.815410921703909,3.815410921703909,3.815410921703909,3.815410921703909,3.815410921703909,3.815410921703909,3.815410921703909,3.815410921703909,3.815410921703909,3.815410921703909,3.815410921703909,3.815410921703909,3.815410921703909,3.815410921703909,3.815410921703909,3.815410921703909,3.815410921703909,3.815410921703909,3.815410921703909,3.815410921703909,3.815410921703909,3.815410921703909,3.815410921703909,3.815410921703909,3.815410921703909,3.815410921703909,3.815410921703909,3.815410921703909,3.815410921703909,3.815410921703909,3.815410921703909,3.815410921703909,3.815410921703909,3.815410921703909,3.815410921703909,3.815410921703909,3.815410921703909,3.815410921703909,3.815410921703909,3.815410921703909,3.815410921703909,3.815410921703909,3.815410921703909,3.815410921703909,3.815410921703909,3.815410921703909,3.815410921703909,3.815410921703909,3.815410921703909,3.815410921703909,3.815410921703909,3.815410921703909,3.815410921703909,3.815410921703909,3.815410921703909,3.815410921703909,3.815410921703909,3.815410921703909,3.815410921703909,3.815410921703909,3.815410921703909,3.815410921703909,3.815410921703909,3.815410921703909,3.815410921703909,3.815410921703909,3.815410921703909,3.815410921703909,3.815410921703909,3.815410921703909,3.815410921703909,3.815410921703909,3.815410921703909,3.815410921703909,3.815410921703909,3.815410921703909,3.815410921703909,3.815410921703909,3.815410921703909,3.815410921703909,3.815410921703909,3.815410921703909,3.815410921703909,3.815410921703909,3.815410921703909,3.815410921703909,3.815410921703909,3.815410921703909,3.815410921703909,3.815410921703909,3.815410921703909,3.815410921703909,3.815410921703909,3.815410921703909,3.815410921703909,3.815410921703909,3.815410921703909,3.815410921703909,3.815410921703909,3.815410921703909,3.815410921703909,3.815410921703909,3.815410921703909,3.815410921703909,3.815410921703909,3.815410921703909,3.815410921703909,3.815410921703909,3.815410921703909,3.815410921703909,3.815410921703909,3.815410921703909,3.815410921703909,3.815410921703909,3.815410921703909,3.815410921703909,3.815410921703909,3.815410921703909,3.815410921703909,3.815410921703909,3.815410921703909,3.815410921703909,3.815410921703909,3.815410921703909,3.815410921703909,3.815410921703909,3.815410921703909,3.815410921703909,3.815410921703909,3.815410921703909,3.815410921703909,3.815410921703909,3.815410921703909,3.815410921703909,3.815410921703909,3.815410921703909,3.815410921703909,3.815410921703909,3.815410921703909,3.815410921703909,3.815410921703909,3.815410921703909,3.815410921703909,3.815410921703909,3.815410921703909,3.815410921703909,3.815410921703909,3.815410921703909,3.815410921703909,3.815410921703909,3.815410921703909,3.815410921703909,3.815410921703909,3.815410921703909,3.815410921703909,3.815410921703909,3.815410921703909,3.815410921703909,3.815410921703909,3.815410921703909,3.815410921703909,3.815410921703909,3.815410921703909,3.815410921703909,3.815410921703909,3.815410921703909,3.815410921703909,3.815410921703909,3.815410921703909,3.815410921703909,3.815410921703909,3.815410921703909,3.815410921703909,3.815410921703909,3.815410921703909,3.815410921703909,3.815410921703909,3.815410921703909,3.815410921703909,3.815410921703909,3.815410921703909,3.815410921703909,3.815410921703909,3.815410921703909,3.815410921703909,3.815410921703909,3.815410921703909,3.815410921703909,3.815410921703909,3.815410921703909,3.815410921703909,3.815410921703909,3.815410921703909,3.815410921703909,3.815410921703909,3.815410921703909,3.815410921703909,3.815410921703909,3.815410921703909,3.815410921703909,3.815410921703909,3.815410921703909,3.815410921703909,3.815410921703909,3.815410921703909,3.815410921703909,3.815410921703909,3.815410921703909,3.815410921703909,3.815410921703909,3.815410921703909,3.815410921703909,3.815410921703909,3.815410921703909,3.815410921703909,3.815410921703909,3.815410921703909,3.815410921703909,3.815410921703909,3.815410921703909,3.815410921703909,3.815410921703909,3.815410921703909,3.815410921703909,3.815410921703909,3.815410921703909,3.815410921703909,3.815410921703909,3.815410921703909,3.815410921703909,3.815410921703909,3.815410921703909,3.815410921703909,3.815410921703909,3.815410921703909,3.815410921703909,3.815410921703909,3.815410921703909,3.815410921703909,3.815410921703909,3.815410921703909,3.815410921703909,3.815410921703909,3.815410921703909,3.815410921703909,3.815410921703909,3.815410921703909,3.815410921703909,3.815410921703909,3.815410921703909,3.815410921703909,3.815410921703909,3.815410921703909,3.815410921703909,3.815410921703909,3.815410921703909,3.815410921703909,3.815410921703909,3.815410921703909,3.815410921703909,3.815410921703909,3.815410921703909,3.815410921703909,3.815410921703909,3.815410921703909,3.815410921703909,3.815410921703909,3.815410921703909,3.815410921703909,3.815410921703909,3.815410921703909,3.815410921703909,3.815410921703909,3.815410921703909,3.815410921703909,3.815410921703909,3.815410921703909,3.815410921703909,3.815410921703909,3.815410921703909,3.815410921703909,3.815410921703909,3.815410921703909,3.815410921703909,3.815410921703909,3.815410921703909,3.815410921703909,3.815410921703909,3.815410921703909,3.815410921703909,3.815410921703909,3.815410921703909,3.815410921703909,3.815410921703909,3.815410921703909,3.815410921703909,3.815410921703909,3.815410921703909,3.815410921703909,3.815410921703909,3.815410921703909,3.815410921703909,3.815410921703909,3.815410921703909,3.815410921703909,3.815410921703909,3.815410921703909,3.815410921703909,3.815410921703909,3.815410921703909,3.815410921703909,3.815410921703909,3.815410921703909,3.815410921703909,3.815410921703909,3.815410921703909,3.815410921703909,3.815410921703909,3.815410921703909,3.815410921703909,3.815410921703909,3.815410921703909,3.815410921703909,3.815410921703909,3.815410921703909,3.815410921703909,3.815410921703909,3.815410921703909,3.815410921703909,3.815410921703909,3.815410921703909,3.815410921703909,3.815410921703909,7.509576200618377,7.509576200618377,7.509576200618377,7.509576200618377,7.509576200618377,7.509576200618377,7.509576200618377,7.509576200618377,7.460496115343573,7.460496115343573,7.460496115343573,7.460496115343573,7.460496115343573,7.002360544726713,6.658356328217308,6.658356328217308,5.668368213737002,5.668368213737002,5.668368213737002,5.668368213737002,5.668368213737002,5.668368213737002,5.668368213737002,5.668368213737002,5.668368213737002,5.668368213737002,5.668368213737002,5.668368213737002,5.668368213737002,5.668368213737002,5.668368213737002,5.668368213737002,5.668368213737002,5.668368213737002,5.668368213737002,5.668368213737002,5.668368213737002,5.668368213737002,5.668368213737002,5.668368213737002,5.668368213737002,5.668368213737002,5.668368213737002,5.668368213737002,5.668368213737002,5.668368213737002,5.668368213737002,5.668368213737002,5.668368213737002,5.668368213737002,5.668368213737002,5.668368213737002,5.668368213737002,5.668368213737002,5.668368213737002,5.668368213737002,5.6158092670074815,5.6158092670074815,5.6158092670074815,5.6158092670074815,5.6158092670074815,5.6158092670074815,5.6158092670074815,5.6158092670074815,5.6158092670074815,5.6158092670074815,5.6158092670074815,5.6158092670074815,5.6158092670074815,5.6158092670074815,5.6158092670074815,5.6158092670074815,5.6158092670074815,5.6158092670074815,5.6158092670074815,5.6158092670074815,5.6158092670074815,5.6158092670074815,5.6158092670074815,5.6158092670074815,5.6158092670074815,5.6158092670074815,5.6158092670074815,5.6158092670074815,5.6158092670074815,5.6158092670074815,5.6158092670074815,5.6158092670074815,5.6158092670074815,5.6158092670074815,5.6158092670074815,5.6158092670074815,5.6158092670074815,5.6158092670074815,5.6158092670074815,5.6158092670074815,5.6158092670074815,5.6158092670074815,5.6158092670074815,5.6158092670074815,5.6158092670074815,5.6158092670074815,5.6158092670074815,5.6158092670074815,5.6158092670074815,5.6158092670074815,5.6158092670074815,5.6158092670074815,5.6158092670074815,5.6158092670074815,5.6158092670074815,5.6158092670074815,5.6158092670074815,5.6158092670074815,5.6158092670074815,5.6158092670074815,5.6158092670074815,5.6158092670074815,5.6158092670074815,5.6158092670074815,5.6158092670074815,5.6158092670074815,5.6158092670074815,5.6158092670074815,5.6158092670074815,5.6158092670074815,5.6158092670074815,5.6158092670074815,5.6158092670074815,5.6158092670074815,5.6158092670074815,5.6158092670074815,5.6158092670074815,5.6158092670074815,5.6158092670074815,5.6158092670074815,5.6158092670074815,5.6158092670074815,5.6158092670074815,5.6158092670074815,5.6158092670074815,5.6158092670074815,5.6158092670074815,5.6158092670074815,5.6158092670074815,5.6158092670074815,5.6158092670074815,5.6158092670074815,5.6158092670074815,5.6158092670074815,5.6158092670074815,5.6158092670074815,5.6158092670074815,5.6158092670074815,5.6158092670074815,5.6158092670074815,5.6158092670074815,5.6158092670074815,5.6158092670074815,5.6158092670074815,5.6158092670074815,5.6158092670074815,5.6158092670074815,5.6158092670074815,5.6158092670074815,5.6158092670074815,5.6158092670074815,5.6158092670074815,5.6158092670074815,5.6158092670074815,5.6158092670074815,5.6158092670074815,5.6158092670074815,5.6158092670074815,5.6158092670074815,5.6158092670074815,5.6158092670074815,5.6158092670074815,5.6158092670074815,5.6158092670074815,5.6158092670074815,5.6158092670074815,5.6158092670074815,5.6158092670074815,5.6158092670074815,5.6158092670074815,5.6158092670074815,5.6158092670074815,5.6158092670074815,5.6158092670074815,5.6158092670074815,5.6158092670074815,5.6158092670074815,5.6158092670074815,5.6158092670074815,5.6158092670074815,5.6158092670074815,5.6158092670074815,5.6158092670074815,5.6158092670074815,5.6158092670074815,5.6158092670074815,5.6158092670074815,5.6158092670074815,5.6158092670074815,5.6158092670074815,5.6158092670074815,5.6158092670074815,5.6158092670074815,5.6158092670074815,5.6158092670074815,5.6158092670074815,5.6158092670074815,5.6158092670074815,5.6158092670074815,5.6158092670074815,5.6158092670074815,5.6158092670074815,5.6158092670074815,5.6158092670074815,5.6158092670074815,5.6158092670074815,5.6158092670074815,5.6158092670074815,5.6158092670074815,5.6158092670074815,5.6158092670074815,5.6158092670074815,5.6158092670074815,5.6158092670074815,5.6158092670074815,5.6158092670074815,5.6158092670074815,5.6158092670074815,5.6158092670074815,5.6158092670074815,5.6158092670074815,5.6158092670074815,5.6158092670074815,5.6158092670074815,5.6158092670074815,5.6158092670074815,5.6158092670074815,5.6158092670074815,5.6158092670074815,5.6158092670074815,5.6158092670074815,5.6158092670074815,5.611077102720448,5.611077102720448,5.611077102720448,5.514612607557881,5.514612607557881,5.514612607557881,5.514612607557881,5.514612607557881,5.514612607557881,5.514612607557881,5.514612607557881,5.514612607557881,5.514612607557881,5.514612607557881,5.514612607557881,5.514612607557881,5.514612607557881,5.468431178320432,5.118998650414514,5.118998650414514,5.118998650414514,5.118998650414514,5.118998650414514,5.118998650414514,5.118998650414514,5.118998650414514,5.118998650414514,5.118998650414514,5.118998650414514,5.118998650414514,5.118998650414514,5.118998650414514,5.118998650414514,5.118998650414514,5.118998650414514,5.118998650414514,5.118998650414514,5.118998650414514,5.118998650414514,5.118998650414514,5.118998650414514,5.118998650414514,5.118998650414514,5.118998650414514,5.118998650414514,5.118998650414514,5.118998650414514,5.118998650414514,5.118998650414514,5.118998650414514,5.118998650414514,5.118998650414514,5.118998650414514,5.118998650414514,5.118998650414514,5.118998650414514,5.118998650414514,5.118998650414514,5.118998650414514,5.118998650414514,5.118998650414514,5.118998650414514,5.118998650414514,5.118998650414514,5.118998650414514,5.118998650414514,5.118998650414514,5.118998650414514,5.118998650414514,5.118998650414514,5.118998650414514,5.118998650414514,5.118998650414514,5.118998650414514,5.118998650414514,5.118998650414514,5.118998650414514,5.118998650414514,5.118998650414514,5.118998650414514,5.118998650414514,5.118998650414514,5.118998650414514,5.118998650414514,5.118998650414514,5.118998650414514,5.118998650414514,5.118998650414514,5.118998650414514,5.118998650414514,5.118998650414514,5.118998650414514,5.118998650414514,5.118998650414514,5.118998650414514,5.118998650414514,5.118998650414514,5.118998650414514,5.118998650414514,5.118998650414514,5.118998650414514,5.118998650414514,5.118998650414514,5.118998650414514,5.118998650414514,5.118998650414514,5.118998650414514,5.118998650414514,5.118998650414514,5.118998650414514,5.118998650414514,5.118998650414514,5.118998650414514,5.118998650414514,5.118998650414514,5.118998650414514,5.118998650414514,5.118998650414514,5.118998650414514,5.118998650414514,5.118998650414514,5.118998650414514,5.118998650414514,5.118998650414514,5.118998650414514,5.118998650414514,5.118998650414514,5.118998650414514,5.118998650414514,5.118998650414514,5.118998650414514,5.118998650414514,5.118998650414514,5.118998650414514,5.118998650414514,5.118998650414514,5.118998650414514,5.118998650414514,5.118998650414514,5.118998650414514,5.118998650414514,5.118998650414514,5.118998650414514,5.118998650414514,5.118998650414514,5.118998650414514,5.118998650414514,5.118998650414514,5.118998650414514,5.118998650414514,5.118998650414514,5.118998650414514,5.118998650414514,5.118998650414514,5.118998650414514,5.118998650414514,5.118998650414514,5.118998650414514,5.118998650414514,5.118998650414514,5.118998650414514,5.118998650414514,5.118998650414514,5.118998650414514,5.118998650414514,5.118998650414514,5.118998650414514,5.118998650414514,5.118998650414514,5.118998650414514,5.118998650414514,5.118998650414514,5.118998650414514,5.118998650414514,5.118998650414514,5.118998650414514,5.118998650414514,5.118998650414514,5.118998650414514,5.118998650414514,5.118998650414514,5.118998650414514,5.118998650414514,5.118998650414514,5.118998650414514,5.118998650414514,5.118998650414514,5.118998650414514,5.118998650414514,5.118998650414514,5.118998650414514,5.118998650414514,5.118998650414514,5.118998650414514,5.118998650414514,5.118998650414514,5.118998650414514,5.118998650414514,5.118998650414514,5.118998650414514,5.118998650414514,5.118998650414514,5.118998650414514,5.118998650414514,5.118998650414514,5.118998650414514,5.118998650414514,5.118998650414514,5.118998650414514,5.118998650414514,5.118998650414514,5.118998650414514,5.118998650414514,5.118998650414514,5.118998650414514,5.118998650414514,5.118998650414514,5.118998650414514,5.118998650414514,5.118998650414514,5.118998650414514,5.118998650414514,5.118998650414514,5.118998650414514,5.118998650414514,5.118998650414514,5.118998650414514,5.118998650414514,5.118998650414514,5.118998650414514,5.118998650414514,5.118998650414514,5.118998650414514,5.118998650414514,5.118998650414514,5.118998650414514,5.118998650414514,5.118998650414514,5.118998650414514,5.118998650414514,5.118998650414514,5.118998650414514,5.118998650414514,5.118998650414514,5.118998650414514,5.118998650414514,5.118998650414514,5.118998650414514,5.118998650414514,5.118998650414514,5.118998650414514,5.118998650414514,5.118998650414514,5.118998650414514,5.118998650414514,5.118998650414514,5.118998650414514,5.118998650414514,5.118998650414514,5.118998650414514,5.118998650414514,5.118998650414514,5.118998650414514,5.118998650414514,5.118998650414514,5.118998650414514,5.118998650414514,5.118998650414514,5.118998650414514,5.118998650414514,5.118998650414514,5.118998650414514,5.118998650414514,5.118998650414514,5.118998650414514,5.118998650414514,5.118998650414514,5.118998650414514,5.118998650414514,5.118998650414514,5.118998650414514,5.118998650414514,5.118998650414514,5.118998650414514,5.118998650414514,5.118998650414514,5.118998650414514,5.118998650414514,5.118998650414514,5.118998650414514,5.118998650414514,5.118998650414514,5.118998650414514,5.118998650414514,5.118998650414514,5.118998650414514,5.118998650414514,5.118998650414514,5.118998650414514,5.118998650414514,5.118998650414514,5.118998650414514,5.118998650414514,5.118998650414514,5.118998650414514,5.118998650414514,5.118998650414514,5.118998650414514,5.118998650414514,5.118998650414514,5.118998650414514,5.118998650414514,5.118998650414514,5.118998650414514,5.118998650414514,5.118998650414514,5.118998650414514,5.118998650414514,5.118998650414514,5.118998650414514,5.118998650414514,5.118998650414514,5.118998650414514,5.118998650414514,5.118998650414514,5.118998650414514,5.118998650414514,5.118998650414514,5.118998650414514,5.118998650414514,5.118998650414514,5.118998650414514,5.118998650414514,5.118998650414514,5.118998650414514,5.118998650414514,5.118998650414514,5.118998650414514,5.118998650414514,5.118998650414514,5.118998650414514,5.118998650414514,5.118998650414514,5.118998650414514,5.118998650414514,5.118998650414514,5.118998650414514,5.118998650414514,5.118998650414514,5.118998650414514,5.118998650414514,5.118998650414514,5.118998650414514,5.118998650414514,5.118998650414514,5.118998650414514,5.118998650414514,5.118998650414514,5.118998650414514,5.118998650414514,5.118998650414514,5.118998650414514,5.118998650414514,5.118998650414514,5.118998650414514,5.118998650414514,5.118998650414514,5.118998650414514,5.118998650414514,5.118998650414514,5.118998650414514,5.118998650414514,5.118998650414514,5.118998650414514,5.118998650414514,5.118998650414514,5.118998650414514,5.118998650414514,5.118998650414514,5.118998650414514,5.118998650414514,5.118998650414514,5.118998650414514,5.118998650414514,5.118998650414514,5.118998650414514,5.118998650414514,5.118998650414514,5.118998650414514,5.118998650414514,5.118998650414514,5.118998650414514,5.118998650414514,5.118998650414514,5.118998650414514,5.118998650414514,5.118998650414514,5.118998650414514,5.118998650414514,5.118998650414514,5.118998650414514,5.118998650414514,5.118998650414514,5.118998650414514,5.118998650414514,5.118998650414514,5.118998650414514,5.118998650414514,5.118998650414514,5.118998650414514,5.118998650414514,5.118998650414514,5.118998650414514,5.118998650414514,5.118998650414514,5.118998650414514,5.118998650414514,5.118998650414514,5.118998650414514,5.118998650414514,5.118998650414514,5.118998650414514,5.118998650414514,5.118998650414514,5.118998650414514,5.118998650414514,5.118998650414514,5.118998650414514,5.118998650414514,5.118998650414514,5.118998650414514,5.118998650414514,5.118998650414514,5.118998650414514,5.118998650414514,5.118998650414514,5.118998650414514,5.118998650414514,5.118998650414514,5.118998650414514,5.118998650414514,5.118998650414514,5.118998650414514,5.118998650414514,5.118998650414514,5.118998650414514,5.118998650414514,5.118998650414514,5.118998650414514,5.118998650414514,5.118998650414514,5.118998650414514,5.118998650414514,5.118998650414514,5.118998650414514,5.118998650414514,5.118998650414514,5.118998650414514,5.118998650414514,5.118998650414514,5.118998650414514,5.118998650414514,5.118998650414514,5.118998650414514,5.118998650414514,5.118998650414514,5.118998650414514,5.118998650414514,5.118998650414514,5.118998650414514,5.118998650414514,5.118998650414514,5.118998650414514,5.118998650414514,5.118998650414514,5.118998650414514,5.118998650414514,5.118998650414514,5.118998650414514,5.118998650414514,5.118998650414514,5.118998650414514,5.118998650414514,5.118998650414514,5.118998650414514,5.118998650414514,5.118998650414514,5.118998650414514,5.118998650414514,5.118998650414514,5.118998650414514,5.118998650414514,5.118998650414514,5.118998650414514,5.118998650414514,5.118998650414514,5.118998650414514,5.118998650414514,5.118998650414514,5.118998650414514,5.118998650414514,5.117208883302899,5.117208883302899,5.117208883302899,5.117208883302899,5.117208883302899,5.117208883302899,5.117208883302899,5.117208883302899,5.117208883302899,5.117208883302899,5.117208883302899,5.117208883302899,5.117208883302899,5.117208883302899,5.117208883302899,5.117208883302899,5.117208883302899,5.117208883302899,5.117208883302899,5.117208883302899,5.117208883302899,5.117208883302899,5.019850235102324,5.019850235102324,5.019850235102324,5.019850235102324,5.019850235102324,5.019850235102324,5.019850235102324,5.019850235102324,5.019850235102324,5.019850235102324,5.019850235102324,5.019850235102324,5.019850235102324,5.019850235102324,5.019850235102324,5.019850235102324,5.019850235102324,5.019850235102324,5.019850235102324,5.019850235102324,5.019850235102324,5.019850235102324,5.019850235102324,5.019850235102324,5.019850235102324,5.019850235102324,5.019850235102324,5.019850235102324,5.019850235102324,5.019850235102324,5.019850235102324,5.019850235102324,5.019850235102324,5.019850235102324,5.019850235102324,5.019850235102324,5.019850235102324,5.019850235102324,5.019850235102324,5.019850235102324,5.019850235102324,5.019850235102324,5.019850235102324,5.019850235102324,5.019850235102324,5.019850235102324,5.019850235102324,5.019850235102324,5.019850235102324,5.019850235102324,5.019850235102324,5.019850235102324,5.019850235102324,5.019850235102324,5.019850235102324,5.019850235102324,5.019850235102324,5.019850235102324,5.019850235102324,5.019850235102324,5.019850235102324,5.019850235102324,5.019850235102324,5.019850235102324,5.019850235102324,5.019850235102324,5.019850235102324,5.019850235102324,5.019850235102324,5.019850235102324,5.019850235102324,5.019850235102324,5.019850235102324,5.019850235102324,5.019850235102324,5.019850235102324,5.019850235102324,5.019850235102324,5.019850235102324,5.019850235102324,5.019850235102324,5.019850235102324,5.019850235102324,5.019850235102324,5.019850235102324,5.019850235102324,5.019850235102324,5.019850235102324,5.019850235102324,5.019850235102324,5.019850235102324,5.019850235102324,5.019850235102324,5.019850235102324,5.019850235102324,5.019850235102324,5.019850235102324,5.019850235102324,5.019850235102324,5.019850235102324,5.019850235102324,5.019850235102324,5.019850235102324,5.019850235102324,5.019850235102324,5.019850235102324,5.019850235102324,5.019850235102324,5.019850235102324,5.019850235102324,5.019850235102324,5.019850235102324,5.019850235102324,5.019850235102324,5.019850235102324,5.019850235102324,5.019850235102324,5.019850235102324,5.019850235102324,5.019850235102324,5.019850235102324,5.019850235102324,5.019850235102324,5.019850235102324,5.019850235102324,5.019850235102324,5.019850235102324,5.019850235102324,5.019850235102324,5.019850235102324,5.019850235102324,5.019850235102324,5.019850235102324,5.019850235102324,5.019850235102324,5.019850235102324,5.019850235102324,5.019850235102324,5.019850235102324,5.019850235102324,5.019850235102324,5.019850235102324,5.019850235102324,5.019850235102324,5.019850235102324,5.019850235102324,5.019850235102324,5.019850235102324,5.019850235102324,5.019850235102324,5.019850235102324,5.019850235102324,5.019850235102324,5.019850235102324,5.019850235102324,5.019850235102324,5.019850235102324,5.019850235102324,5.019850235102324,5.019850235102324,5.019850235102324,5.019850235102324,5.019850235102324,5.019850235102324,5.019850235102324,5.019850235102324,5.019850235102324,5.019850235102324,5.019850235102324,5.019850235102324,5.019850235102324,5.019850235102324,5.019850235102324,5.019850235102324,5.019850235102324,5.019850235102324,5.019850235102324,5.019850235102324,5.019850235102324,5.019850235102324,5.019850235102324,5.019850235102324,5.019850235102324,5.019850235102324,5.019850235102324,5.019850235102324,5.019850235102324,5.019850235102324,5.019850235102324,5.019850235102324,5.019850235102324,5.019850235102324,5.019850235102324,5.019850235102324,5.019850235102324,5.019850235102324,5.019850235102324,5.019850235102324,5.019850235102324,5.019850235102324,5.019850235102324,5.019850235102324,5.019850235102324,5.019850235102324,5.019850235102324,5.019850235102324,5.019850235102324,5.019850235102324,5.019850235102324,5.019850235102324,5.019850235102324,5.019850235102324,5.019850235102324,5.019850235102324,5.019850235102324,5.019850235102324,5.019850235102324,5.019850235102324,5.019850235102324,5.019850235102324,5.019850235102324,5.019850235102324,5.019850235102324,5.019850235102324,5.019850235102324,5.019850235102324,5.019850235102324,5.019850235102324,5.019850235102324,7.1586571812204,7.118141489582276,7.118141489582276,7.118141489582276,7.118141489582276,7.118141489582276,7.118141489582276,7.045461888635322,7.045461888635322,7.045461888635322,7.045461888635322,7.045461888635322,7.045461888635322,7.014372880548016,7.014372880548016,7.014372880548016,5.514805314042733,5.514805314042733,5.514805314042733,5.514805314042733,5.514805314042733,5.514805314042733,5.514805314042733,5.364815417050388,5.364815417050388,4.9495586750317715,4.9495586750317715,4.9495586750317715,4.9495586750317715,4.9495586750317715,4.9495586750317715,4.9495586750317715,4.9495586750317715,4.9495586750317715,4.9495586750317715,4.9495586750317715,4.9495586750317715,4.9495586750317715,4.9495586750317715,4.9495586750317715,4.9495586750317715,4.9495586750317715,4.9495586750317715,4.9495586750317715,4.9495586750317715,4.9495586750317715,4.9495586750317715,4.9495586750317715,4.9495586750317715,4.9495586750317715,4.9495586750317715,4.9495586750317715,4.9495586750317715,4.9495586750317715,4.9495586750317715,4.9495586750317715,4.9495586750317715,4.9495586750317715,4.9495586750317715,4.9495586750317715,4.9495586750317715,4.9495586750317715,4.9495586750317715,4.9495586750317715,4.9495586750317715,4.9495586750317715,4.9495586750317715,4.9495586750317715,4.9495586750317715,4.9495586750317715,4.9495586750317715,4.9495586750317715,4.9495586750317715,4.9495586750317715,4.9495586750317715,4.9495586750317715,4.9495586750317715,4.9495586750317715,4.9495586750317715,4.9495586750317715,4.9495586750317715,4.9495586750317715,4.9495586750317715,4.9495586750317715,4.9495586750317715,4.9495586750317715,4.9495586750317715,4.9495586750317715,4.9495586750317715,4.9495586750317715,4.9495586750317715,4.9495586750317715,4.9495586750317715,4.9495586750317715,4.9495586750317715,4.9495586750317715,4.9495586750317715,4.9495586750317715,4.9495586750317715,4.9495586750317715,4.9495586750317715,4.9495586750317715,4.9495586750317715,4.9495586750317715,4.9495586750317715,4.9495586750317715,4.9495586750317715,4.9495586750317715,4.9495586750317715,4.9495586750317715,4.9495586750317715,4.9495586750317715,4.9495586750317715,4.9495586750317715,4.9495586750317715,4.9495586750317715,4.9495586750317715,4.9495586750317715,4.9495586750317715,4.9495586750317715,4.9495586750317715,4.9495586750317715,4.9495586750317715,4.9495586750317715,4.9495586750317715,4.9495586750317715,4.9495586750317715,4.9495586750317715,4.9495586750317715,4.9495586750317715,4.9495586750317715,4.9495586750317715,4.9495586750317715,4.9495586750317715,4.9495586750317715,4.9495586750317715,4.9495586750317715,4.9495586750317715,4.9495586750317715,4.9495586750317715,4.9495586750317715,4.9495586750317715,4.9495586750317715,4.9495586750317715,4.9495586750317715,4.9495586750317715,4.9495586750317715,4.9495586750317715,4.9495586750317715,4.9495586750317715,4.9495586750317715,4.9495586750317715,4.9495586750317715,4.9495586750317715,4.9495586750317715,4.9495586750317715,4.9495586750317715,4.9495586750317715,4.9495586750317715,4.9495586750317715,4.9495586750317715,4.9495586750317715,4.9495586750317715,4.9495586750317715,4.9495586750317715,4.9495586750317715,4.9495586750317715,4.9495586750317715,4.9495586750317715,4.9495586750317715,4.9495586750317715,4.9495586750317715,4.9495586750317715,4.9495586750317715,4.9495586750317715,4.9495586750317715,4.743641592032585,4.743641592032585,4.743641592032585,4.743641592032585,4.6446821764184225,4.6446821764184225,4.6446821764184225,4.6446821764184225,4.6446821764184225,4.6446821764184225,4.6446821764184225,4.6446821764184225,4.6446821764184225,4.6446821764184225,4.6446821764184225,4.6446821764184225,4.6446821764184225,4.6446821764184225,4.6446821764184225,4.6446821764184225,4.6446821764184225,4.6446821764184225,4.6446821764184225,4.6446821764184225,4.6446821764184225,4.6446821764184225,4.6446821764184225,4.6446821764184225,4.6446821764184225,4.6446821764184225,4.6446821764184225,4.6446821764184225,4.6446821764184225,4.6446821764184225,4.6446821764184225,4.6446821764184225,4.6446821764184225,4.6446821764184225,4.6446821764184225,4.6446821764184225,4.6446821764184225,4.6446821764184225,4.6446821764184225,4.6446821764184225,4.6446821764184225,4.6446821764184225,4.6446821764184225,4.6446821764184225,4.6446821764184225,4.6446821764184225,4.6446821764184225,4.6446821764184225,4.6446821764184225,4.6446821764184225,4.6446821764184225,4.6446821764184225,4.6446821764184225,4.6446821764184225,4.6446821764184225,4.6446821764184225,4.473031994711091,4.473031994711091,4.473031994711091,4.473031994711091,4.473031994711091,4.473031994711091,4.473031994711091,4.473031994711091,4.473031994711091,4.473031994711091,4.473031994711091,4.473031994711091,4.473031994711091,4.473031994711091,4.473031994711091,4.473031994711091,4.473031994711091,4.473031994711091,4.473031994711091,4.473031994711091,4.473031994711091,4.466370144236125,4.466370144236125,4.466370144236125,4.466370144236125,4.466370144236125,4.466370144236125,4.466370144236125,4.466370144236125,4.466370144236125,4.466370144236125,4.466370144236125,4.466370144236125,4.466370144236125,4.466370144236125,4.466370144236125,4.466370144236125,4.466370144236125,4.466370144236125,4.466370144236125,4.466370144236125,4.466370144236125,4.466370144236125,4.466370144236125,4.466370144236125,4.466370144236125,4.466370144236125,4.466370144236125,4.466370144236125,4.466370144236125,4.466370144236125,4.466370144236125,4.466370144236125,4.466370144236125,4.466370144236125,4.466370144236125,4.466370144236125,4.466370144236125,4.466370144236125,4.466370144236125,4.466370144236125,4.466370144236125,4.466370144236125,4.466370144236125,4.466370144236125,4.466370144236125,4.466370144236125,4.466370144236125,4.466370144236125,4.466370144236125,4.466370144236125,4.466370144236125,4.466370144236125,4.466370144236125,4.466370144236125,4.466370144236125,4.466370144236125,4.36960107623386,4.36960107623386,4.36960107623386,4.36960107623386,4.36960107623386,4.36960107623386,4.36960107623386,4.36960107623386,4.36960107623386,4.36960107623386,4.36960107623386,4.36960107623386,4.36960107623386,4.36960107623386,4.36960107623386,4.36960107623386,4.36960107623386,4.36960107623386,4.36960107623386,4.36960107623386,4.36960107623386,4.36960107623386,4.36960107623386,4.36960107623386,4.36960107623386,4.36960107623386,4.36960107623386,4.36960107623386,4.36960107623386,4.36960107623386,4.36960107623386,4.36960107623386,4.36960107623386,4.36960107623386,4.36960107623386,4.36960107623386,4.36960107623386,4.36960107623386,4.36960107623386,4.36960107623386,4.36960107623386,4.36960107623386,4.36960107623386,4.36960107623386,4.36960107623386,4.36960107623386,4.36960107623386,4.36960107623386,4.36960107623386,4.36960107623386,4.36960107623386,4.36960107623386,4.36960107623386,4.36960107623386,4.36960107623386,4.36960107623386,4.36960107623386,4.36960107623386,4.36960107623386,4.36960107623386,4.36960107623386,4.36960107623386,4.36960107623386,4.36960107623386,4.36960107623386,4.36960107623386,4.36960107623386,4.36960107623386,4.36960107623386,4.36960107623386,4.36960107623386,4.36960107623386,4.36960107623386,4.36960107623386,4.36960107623386,4.36960107623386,4.36960107623386,4.36960107623386,4.36960107623386,4.36960107623386,4.36960107623386,4.36960107623386,4.36960107623386,4.36960107623386,4.36960107623386,4.36960107623386,4.36960107623386,4.36960107623386,4.36960107623386,4.36960107623386,4.36960107623386,4.36960107623386,4.36960107623386,4.36960107623386,4.36960107623386,4.36960107623386,4.36960107623386,4.36960107623386,4.36960107623386,4.36960107623386,4.36960107623386,4.36960107623386,4.36960107623386,4.36960107623386,4.36960107623386,4.36960107623386,4.36960107623386,4.36960107623386,4.36960107623386,4.36960107623386,4.36960107623386,4.36960107623386,4.36960107623386,4.36960107623386,4.36960107623386,4.36960107623386,4.36960107623386,4.36960107623386,4.36960107623386,4.120573141294817,4.120573141294817,4.120573141294817,4.120573141294817,4.120573141294817,4.120573141294817,4.120573141294817,4.120573141294817,4.120573141294817,4.120573141294817,4.120573141294817,4.120573141294817,4.120573141294817,4.120573141294817,4.120573141294817,4.120573141294817,4.120573141294817,4.120573141294817,4.120573141294817,4.120573141294817,4.120573141294817,4.120573141294817,4.120573141294817,4.120573141294817,4.120573141294817,4.120573141294817,4.120573141294817,4.120573141294817,4.120573141294817,4.120573141294817,4.120573141294817,4.120573141294817,4.120573141294817,4.120573141294817,4.120573141294817,4.120573141294817,4.120573141294817,4.120573141294817,4.120573141294817,4.120573141294817,4.120573141294817,4.120573141294817,4.120573141294817,4.120573141294817,4.120573141294817,4.120573141294817,4.120573141294817,4.120573141294817,4.120573141294817,4.120573141294817,4.120573141294817,4.120573141294817,4.120573141294817,4.120573141294817,4.120573141294817,4.120573141294817,4.120573141294817,4.120573141294817,4.120573141294817,4.120573141294817,4.120573141294817,4.120573141294817,4.120573141294817,4.120573141294817,4.120573141294817,4.120573141294817,4.120573141294817,4.120573141294817,4.120573141294817,4.120573141294817,4.120573141294817,4.120573141294817,4.120573141294817,4.120573141294817,4.120573141294817,4.120573141294817,4.120573141294817,4.120573141294817,4.120573141294817,4.120573141294817,4.120573141294817,4.120573141294817,4.120573141294817,4.120573141294817,4.120573141294817,4.120573141294817,4.120573141294817,4.120573141294817,4.120573141294817,4.120573141294817,4.120573141294817,4.120573141294817,4.120573141294817,4.120573141294817,4.120573141294817,4.120573141294817,4.120573141294817,4.120573141294817,4.120573141294817,4.120573141294817,4.120573141294817,4.120573141294817,4.120573141294817,4.120573141294817,4.120573141294817,4.120573141294817,4.120573141294817,4.120573141294817,4.120573141294817,4.120573141294817,4.120573141294817,4.120573141294817,4.120573141294817,4.120573141294817,4.120573141294817,4.120573141294817,4.120573141294817,4.120573141294817,4.120573141294817,4.120573141294817,4.120573141294817,4.120573141294817,4.120573141294817,4.120573141294817,4.120573141294817,4.120573141294817,4.120573141294817,4.120573141294817,4.120573141294817,4.120573141294817,4.120573141294817,4.120573141294817,4.120573141294817,4.120573141294817,4.120573141294817,4.120573141294817,4.120573141294817,4.120573141294817,4.120573141294817,4.120573141294817,4.120573141294817,4.120573141294817,4.120573141294817,4.120573141294817,4.120573141294817,4.120573141294817,4.120573141294817,4.120573141294817,4.120573141294817,4.120573141294817,4.120573141294817,4.120573141294817,4.120573141294817,4.120573141294817,4.120573141294817,4.120573141294817,4.120573141294817,4.120573141294817,4.120573141294817,4.120573141294817,4.120573141294817,4.120573141294817,4.120573141294817,4.120573141294817,4.120573141294817,4.120573141294817,4.120573141294817,4.120573141294817,4.120573141294817,4.120573141294817,4.120573141294817,4.120573141294817,4.120573141294817,4.120573141294817,4.120573141294817,4.120573141294817,4.120573141294817,4.120573141294817,4.120573141294817,4.120573141294817,4.120573141294817,4.120573141294817,4.120573141294817,4.120573141294817,4.120573141294817,4.120573141294817,4.120573141294817,4.120573141294817,4.120573141294817,4.120573141294817,4.120573141294817,4.120573141294817,4.120573141294817,4.120573141294817,4.120573141294817,4.120573141294817,4.120573141294817,4.120573141294817,4.120573141294817,4.120573141294817,4.120573141294817,4.120573141294817,4.120573141294817,4.120573141294817,4.120573141294817,4.120573141294817,4.120573141294817,4.120573141294817,4.120573141294817,4.120573141294817,4.120573141294817,4.120573141294817,4.120573141294817,4.120573141294817,4.120573141294817,4.120573141294817,4.120573141294817,4.120573141294817,4.120573141294817,4.120573141294817,4.120573141294817,4.120573141294817,4.120573141294817,4.120573141294817,4.120573141294817,4.120573141294817,4.120573141294817,4.120573141294817,4.120573141294817,4.120573141294817,4.120573141294817,4.120573141294817,4.120573141294817,4.120573141294817,4.120573141294817,4.120573141294817,4.120573141294817,4.120573141294817,4.120573141294817,4.120573141294817,4.120573141294817,4.120573141294817,4.120573141294817,4.120573141294817,4.120573141294817,4.120573141294817,4.120573141294817,4.120573141294817,4.120573141294817,4.120573141294817,4.120573141294817,4.120573141294817,4.120573141294817,4.120573141294817,4.120573141294817,4.120573141294817,4.120573141294817,4.120573141294817,4.120573141294817,4.120573141294817,4.120573141294817,4.120573141294817,4.120573141294817,4.120573141294817,4.120573141294817,4.120573141294817,4.120573141294817,4.120573141294817,4.120573141294817,4.120573141294817,4.120573141294817,4.120573141294817,4.120573141294817,4.120573141294817,4.120573141294817,4.120573141294817,4.120573141294817,4.120573141294817,4.120573141294817,4.120573141294817,4.120573141294817,4.120573141294817,4.120573141294817,4.120573141294817,4.120573141294817,4.120573141294817,4.120573141294817,4.120573141294817,4.120573141294817,4.120573141294817,4.120573141294817,4.120573141294817,4.120573141294817,4.120573141294817,4.120573141294817,4.120573141294817,4.120573141294817,4.120573141294817,4.120573141294817,4.120573141294817,4.120573141294817,4.120573141294817,4.120573141294817,4.120573141294817,4.120573141294817,4.120573141294817,4.120573141294817,4.120573141294817,4.120573141294817,4.120573141294817,4.120573141294817,4.120573141294817,4.120573141294817,4.120573141294817,4.120573141294817,4.120573141294817,4.120573141294817,4.120573141294817,4.120573141294817,4.120573141294817,4.120573141294817,4.120573141294817,4.120573141294817,4.120573141294817,4.120573141294817,4.120573141294817,4.120573141294817,4.120573141294817,4.120573141294817,4.120573141294817,4.120573141294817,4.120573141294817,4.120573141294817,4.120573141294817,4.120573141294817,4.120573141294817,4.120573141294817,4.120573141294817,4.120573141294817,4.120573141294817,4.120573141294817,4.120573141294817,4.120573141294817,4.120573141294817,4.120573141294817,4.120573141294817,4.120573141294817,4.120573141294817,4.120573141294817,4.120573141294817,4.120573141294817,4.120573141294817,4.120573141294817,4.120573141294817,4.120573141294817,4.120573141294817,4.120573141294817,4.120573141294817,4.120573141294817,4.120573141294817,4.120573141294817,4.120573141294817,4.120573141294817,4.120573141294817,4.120573141294817,4.120573141294817,4.120573141294817,4.120573141294817,4.120573141294817,4.120573141294817,4.120573141294817,4.120573141294817,4.120573141294817,4.120573141294817,4.120573141294817,4.120573141294817,4.120573141294817,4.120573141294817,4.120573141294817,4.120573141294817,4.120573141294817,4.120573141294817,4.120573141294817,4.120573141294817,4.120573141294817,4.120573141294817,4.120573141294817,4.120573141294817,4.120573141294817,4.120573141294817,4.120573141294817,4.120573141294817,4.120573141294817,4.120573141294817,4.120573141294817,4.120573141294817,4.120573141294817,4.120573141294817,4.120573141294817,4.120573141294817,4.120573141294817,4.120573141294817,4.120573141294817,4.120573141294817,4.120573141294817,4.120573141294817,4.120573141294817,4.120573141294817,4.120573141294817,4.120573141294817,4.120573141294817,4.120573141294817,4.120573141294817,4.120573141294817,4.120573141294817,4.120573141294817,4.120573141294817,4.120573141294817,4.120573141294817,4.120573141294817,4.120573141294817,4.120573141294817,4.120573141294817,4.120573141294817,4.120573141294817,4.120573141294817,4.120573141294817,4.120573141294817,4.120573141294817,4.120573141294817,4.120573141294817,4.120573141294817,4.120573141294817,4.120573141294817,4.120573141294817,4.120573141294817,4.120573141294817,4.120573141294817,4.120573141294817,4.120573141294817,4.120573141294817,4.120573141294817,4.120573141294817,4.120573141294817,4.120573141294817,4.120573141294817,4.120573141294817,4.120573141294817,4.120573141294817,4.120573141294817,4.120573141294817,4.120573141294817,4.120573141294817,4.120573141294817,4.120573141294817,4.120573141294817,4.120573141294817,4.120573141294817,4.120573141294817,4.120573141294817,4.120573141294817,4.120573141294817,4.120573141294817,4.120573141294817,4.120573141294817,4.120573141294817,4.120573141294817,4.120573141294817,4.120573141294817,4.120573141294817,4.120573141294817,4.120573141294817,4.120573141294817,4.120573141294817,4.120573141294817,4.120573141294817,4.120573141294817,4.120573141294817,4.120573141294817,4.120573141294817,4.120573141294817,4.120573141294817,4.120573141294817,4.120573141294817,4.120573141294817,4.120573141294817,4.120573141294817,4.120573141294817,4.120573141294817,4.120573141294817,4.120573141294817,4.120573141294817,4.120573141294817,4.120573141294817,4.120573141294817,4.120573141294817,4.120573141294817,4.120573141294817,4.120573141294817,4.120573141294817,4.120573141294817,4.120573141294817,4.120573141294817,4.120573141294817,4.120573141294817,4.120573141294817,4.120573141294817,4.120573141294817,4.120573141294817,4.120573141294817,4.120573141294817,4.120573141294817,4.120573141294817,4.120573141294817,4.120573141294817,4.120573141294817,4.120573141294817,4.120573141294817,4.120573141294817,4.120573141294817,4.120573141294817,4.120573141294817,4.120573141294817,4.120573141294817,4.120573141294817,4.120573141294817,4.120573141294817,4.120573141294817,4.120573141294817,4.120573141294817,4.120573141294817,4.120573141294817,4.120573141294817,4.120573141294817,4.120573141294817,4.120573141294817,4.120573141294817,4.120573141294817,4.120573141294817,4.120573141294817,4.120573141294817,4.120573141294817,4.120573141294817,4.120573141294817,4.120573141294817,4.120573141294817,4.120573141294817,4.120573141294817,4.120573141294817,4.120573141294817,4.120573141294817,4.120573141294817,4.120573141294817,4.120573141294817,4.120573141294817,4.120573141294817,4.120573141294817,4.120573141294817,4.120573141294817,4.120573141294817,4.120573141294817,4.120573141294817,4.120573141294817,4.120573141294817,4.120573141294817,4.120573141294817,4.120573141294817,4.120573141294817,7.593123995461972,6.687424574586748,6.687424574586748,6.627819979605171,6.627819979605171,6.627819979605171,6.506663930446821,6.506663930446821,6.506663930446821,6.396883797266785,6.396883797266785,6.396883797266785,6.396883797266785,6.396883797266785,6.209522880707487,6.207123593595508,6.207123593595508,5.940058048598483,5.940058048598483,5.940058048598483,5.940058048598483,5.940058048598483,5.940058048598483,5.940058048598483,5.940058048598483,5.940058048598483,5.940058048598483,5.940058048598483,5.940058048598483,5.940058048598483,5.940058048598483,5.940058048598483,5.940058048598483,5.940058048598483,5.940058048598483,5.940058048598483,5.940058048598483,5.940058048598483,5.940058048598483,5.940058048598483,5.940058048598483,5.940058048598483,5.940058048598483,5.940058048598483,5.940058048598483,5.940058048598483,5.940058048598483,5.940058048598483,5.940058048598483,5.940058048598483,5.940058048598483,5.940058048598483,5.940058048598483,5.940058048598483,5.940058048598483,5.940058048598483,5.940058048598483,5.940058048598483,5.940058048598483,5.940058048598483,5.940058048598483,5.940058048598483,5.940058048598483,5.940058048598483,5.940058048598483,5.940058048598483,5.940058048598483,5.940058048598483,5.940058048598483,5.940058048598483,5.940058048598483,5.940058048598483,5.940058048598483,5.940058048598483,5.940058048598483,5.940058048598483,5.940058048598483,5.940058048598483,5.940058048598483,5.940058048598483,5.940058048598483,5.940058048598483,5.940058048598483,5.940058048598483,5.940058048598483,5.940058048598483,5.940058048598483,5.412407017154168,5.1764815581489145,5.1764815581489145,5.1764815581489145,5.1764815581489145,5.1764815581489145,5.012496781781483,4.853443984279585,4.853443984279585,4.853443984279585,4.853443984279585,4.853443984279585,4.853443984279585,4.853443984279585,4.853443984279585,4.853443984279585,4.853443984279585,4.853443984279585,4.668683638349728,4.668683638349728,4.668683638349728,4.668683638349728,4.668683638349728,4.668683638349728,4.668683638349728,4.668683638349728,4.668683638349728,4.668683638349728,4.668683638349728,4.668683638349728,4.668683638349728,4.668683638349728,4.668683638349728,4.668683638349728,4.668683638349728,4.668683638349728,4.668683638349728,4.668683638349728,4.668683638349728,4.668683638349728,4.668683638349728,4.668683638349728,4.668683638349728,4.668683638349728,4.668683638349728,4.668683638349728,4.668683638349728,4.668683638349728,4.668683638349728,4.668683638349728,4.668683638349728,4.668683638349728,4.668683638349728,4.668683638349728,4.668683638349728,4.668683638349728,4.668683638349728,4.668683638349728,4.668683638349728,4.668683638349728,4.668683638349728,4.668683638349728,4.668683638349728,4.668683638349728,4.668683638349728,4.668683638349728,4.668683638349728,4.668683638349728,4.668683638349728,4.668683638349728,4.668683638349728,4.668683638349728,4.668683638349728,4.668683638349728,4.668683638349728,4.668683638349728,4.668683638349728,4.668683638349728,4.668683638349728,4.668683638349728,4.668683638349728,4.668683638349728,4.668683638349728,4.668683638349728,4.668683638349728,4.668683638349728,4.668683638349728,4.668683638349728,4.668683638349728,4.668683638349728,4.668683638349728,4.668683638349728,4.668683638349728,4.668683638349728,4.668683638349728,4.668683638349728,4.668683638349728,4.668683638349728,4.668683638349728,4.668683638349728,4.668683638349728,4.668683638349728,4.668683638349728,4.668683638349728,4.668683638349728,4.668683638349728,4.668683638349728,4.668683638349728,4.668683638349728,4.668683638349728,4.668683638349728,4.668683638349728,4.668683638349728,4.668683638349728,4.668683638349728,4.668683638349728,4.668683638349728,4.668683638349728,4.668683638349728,4.668683638349728,4.668683638349728,4.668683638349728,4.668683638349728,4.668683638349728,4.668683638349728,4.668683638349728,4.668683638349728,4.668683638349728,4.668683638349728,4.668683638349728,4.668683638349728,4.668683638349728,4.668683638349728,4.668683638349728,4.668683638349728,4.668683638349728,4.668683638349728,4.668683638349728,4.668683638349728,4.668683638349728,4.668683638349728,4.668683638349728,4.668683638349728,4.668683638349728,4.668683638349728,4.668683638349728,4.668683638349728,4.668683638349728,4.668683638349728,4.668683638349728,4.668683638349728,4.668683638349728,4.668683638349728,4.668683638349728,4.668683638349728,4.668683638349728,4.668683638349728,4.668683638349728,4.668683638349728,4.668683638349728,4.668683638349728,4.668683638349728,4.668683638349728,4.668683638349728,4.668683638349728,4.668683638349728,4.668683638349728,4.668683638349728,4.668683638349728,4.668683638349728,4.668683638349728,4.668683638349728,4.668683638349728,4.668683638349728,4.668683638349728,4.668683638349728,4.668683638349728,4.668683638349728,4.668683638349728,4.668683638349728,4.668683638349728,4.668683638349728,4.668683638349728,4.668683638349728,4.668683638349728,4.668683638349728,4.668683638349728,4.668683638349728,4.668683638349728,4.668683638349728,4.668683638349728,4.668683638349728,4.668683638349728,4.668683638349728,4.668683638349728,4.668683638349728,4.668683638349728,4.668683638349728,4.668683638349728,4.668683638349728,4.668683638349728,4.668683638349728,4.668683638349728,4.668683638349728,4.668683638349728,4.668683638349728,4.668683638349728,4.668683638349728,4.668683638349728,4.668683638349728,4.668683638349728,4.668683638349728,4.668683638349728,4.668683638349728,4.3247099190728004,4.3247099190728004,4.3247099190728004,4.3247099190728004,4.3247099190728004,4.3247099190728004,4.3247099190728004,4.3247099190728004,4.3247099190728004,4.3247099190728004,4.3247099190728004,4.3247099190728004,4.3247099190728004,4.3247099190728004,4.3247099190728004,4.3247099190728004,4.3247099190728004,4.3247099190728004,4.3247099190728004,4.3247099190728004,4.3247099190728004,4.3247099190728004,4.3247099190728004,4.3247099190728004,4.3247099190728004,4.3247099190728004,4.3247099190728004,4.3247099190728004,4.3247099190728004,4.3247099190728004,4.3247099190728004,4.3247099190728004,4.3247099190728004,4.3247099190728004,4.3247099190728004,4.3247099190728004,4.3247099190728004,4.3247099190728004,4.3247099190728004,4.3247099190728004,4.3247099190728004,4.3247099190728004,4.3247099190728004,4.3247099190728004,4.3247099190728004,4.3247099190728004,4.3247099190728004,4.3247099190728004,4.3247099190728004,4.3247099190728004,4.3247099190728004,4.3247099190728004,4.3247099190728004,4.3247099190728004,4.3247099190728004,4.3247099190728004,4.3247099190728004,4.3247099190728004,4.3247099190728004,4.3247099190728004,4.3247099190728004,4.3247099190728004,4.3247099190728004,4.3247099190728004,4.3247099190728004,4.3247099190728004,4.3247099190728004,4.3247099190728004,4.3247099190728004,4.3247099190728004,4.3247099190728004,4.3247099190728004,4.3247099190728004,4.3247099190728004,4.3247099190728004,4.3247099190728004,4.3247099190728004,4.3247099190728004,4.3247099190728004,4.3247099190728004,4.3247099190728004,4.3247099190728004,4.3247099190728004,4.3247099190728004,4.3247099190728004,4.3247099190728004,4.3247099190728004,4.3247099190728004,4.3247099190728004,4.3247099190728004,4.3247099190728004,4.3247099190728004,4.3247099190728004,4.3247099190728004,4.3247099190728004,4.3247099190728004,4.3247099190728004,4.3247099190728004,4.3247099190728004,4.3247099190728004,4.3247099190728004,4.3247099190728004,4.3247099190728004,4.3247099190728004,4.3247099190728004,4.3247099190728004,4.3247099190728004,4.3247099190728004,4.3247099190728004,4.3247099190728004,4.3247099190728004,4.3247099190728004,4.3247099190728004,4.3247099190728004,4.3247099190728004,4.3247099190728004,4.3247099190728004,4.3247099190728004,4.3247099190728004,4.3247099190728004,4.3247099190728004,4.3247099190728004,4.3247099190728004,4.3247099190728004,4.3247099190728004,4.3247099190728004,4.3247099190728004,4.3247099190728004,4.3247099190728004,4.3247099190728004,4.3247099190728004,4.3247099190728004,4.3247099190728004,4.3247099190728004,4.3247099190728004,4.3247099190728004,4.3247099190728004,4.3247099190728004,4.3247099190728004,4.3247099190728004,4.3247099190728004,4.3247099190728004,4.3247099190728004,4.3247099190728004,4.3247099190728004,4.3247099190728004,4.3247099190728004,4.3247099190728004,4.3247099190728004,4.3247099190728004,4.3247099190728004,4.3247099190728004,4.3247099190728004,4.3247099190728004,4.3247099190728004,4.3247099190728004,4.3247099190728004,4.3247099190728004,4.3247099190728004,4.3247099190728004,4.3247099190728004,4.3247099190728004,4.3247099190728004,4.3247099190728004,4.3247099190728004,4.3247099190728004,4.3247099190728004,4.3247099190728004,4.3247099190728004,4.3247099190728004,4.3247099190728004,4.3247099190728004,4.3247099190728004,4.3247099190728004,4.3247099190728004,4.3247099190728004,4.3247099190728004,4.3247099190728004,4.3247099190728004,4.3247099190728004,4.3247099190728004,4.3247099190728004,4.3247099190728004,4.3247099190728004,4.3247099190728004,4.3247099190728004,4.3247099190728004,4.3247099190728004,4.3247099190728004,4.3247099190728004,4.3247099190728004,4.3247099190728004,4.3247099190728004,4.3247099190728004,4.3247099190728004,4.3247099190728004,4.3247099190728004,4.3247099190728004,4.3247099190728004,4.3247099190728004,4.3247099190728004,4.3247099190728004,4.3247099190728004,4.3247099190728004,4.3247099190728004,4.3247099190728004,4.3247099190728004,4.3247099190728004,4.3247099190728004,4.3247099190728004,4.3247099190728004,4.3247099190728004,4.3247099190728004,4.3247099190728004,4.3247099190728004,4.3247099190728004,4.3247099190728004,4.3247099190728004,4.3247099190728004,4.3247099190728004,4.3247099190728004,4.3247099190728004,4.3247099190728004,4.3247099190728004,4.3247099190728004,4.3247099190728004,4.3247099190728004,4.3247099190728004,4.3247099190728004,4.3247099190728004,4.3247099190728004,4.3247099190728004,4.3247099190728004,4.3247099190728004,4.3247099190728004,4.3247099190728004,4.3247099190728004,4.3247099190728004,4.3247099190728004,4.3247099190728004,4.3247099190728004,4.3247099190728004,4.3247099190728004,4.3247099190728004,4.3247099190728004,4.3247099190728004,4.3247099190728004,4.3247099190728004,4.3247099190728004,4.3247099190728004,4.3247099190728004,4.3247099190728004,4.3247099190728004,4.3247099190728004,4.3247099190728004,4.3247099190728004,4.3247099190728004,4.3247099190728004,4.3247099190728004,4.3247099190728004,4.3247099190728004,4.3247099190728004,4.3247099190728004,4.3247099190728004,4.3247099190728004,4.3247099190728004,4.3247099190728004,4.3247099190728004,4.3247099190728004,4.3247099190728004,4.3247099190728004,4.3247099190728004,4.3247099190728004,4.3247099190728004,4.3247099190728004,4.3247099190728004,4.3247099190728004,4.3247099190728004,4.3247099190728004,4.3247099190728004,4.3247099190728004,4.3247099190728004,4.3247099190728004,4.3247099190728004,4.3247099190728004,4.3247099190728004,4.3247099190728004,4.3247099190728004,4.3247099190728004,4.3247099190728004,4.3247099190728004,4.3247099190728004,4.3247099190728004,4.3247099190728004,4.3247099190728004,4.3247099190728004,4.3247099190728004,4.3247099190728004,4.3247099190728004,4.3247099190728004,4.3247099190728004,4.3247099190728004,4.3247099190728004,4.3247099190728004,4.3247099190728004,4.3247099190728004,4.3247099190728004,4.3247099190728004,4.3247099190728004,4.3247099190728004,4.3247099190728004,4.3247099190728004,4.3247099190728004,4.3247099190728004,4.3247099190728004,4.3247099190728004,4.3247099190728004,4.3247099190728004,4.3247099190728004,4.3247099190728004,4.3247099190728004,4.3247099190728004,4.3247099190728004,4.3247099190728004,4.3247099190728004,4.3247099190728004,4.3247099190728004,4.3247099190728004,4.3247099190728004,4.3247099190728004,4.3247099190728004,4.3247099190728004,4.3247099190728004,4.3247099190728004,4.3247099190728004,4.3247099190728004,4.3247099190728004,4.3247099190728004,4.3247099190728004,4.3247099190728004,4.3247099190728004,4.3247099190728004,4.3247099190728004,4.3247099190728004,4.3247099190728004,4.3247099190728004,4.3247099190728004,4.3247099190728004,4.3247099190728004,4.3247099190728004,4.3247099190728004,4.3247099190728004,4.3247099190728004,4.3247099190728004,4.3247099190728004,4.3247099190728004,4.3247099190728004,4.3247099190728004,4.3247099190728004,4.3247099190728004,4.3247099190728004,4.3247099190728004,4.3247099190728004,4.3247099190728004,4.3247099190728004,4.3247099190728004,4.3247099190728004,4.3247099190728004,4.3247099190728004,4.3247099190728004,4.3247099190728004,4.3247099190728004,4.3247099190728004,4.3247099190728004,4.3247099190728004,4.3247099190728004,4.3247099190728004,4.3247099190728004,4.3247099190728004,4.3247099190728004,4.3247099190728004,4.3247099190728004,4.3247099190728004,4.3247099190728004,4.3247099190728004,4.3247099190728004,4.3247099190728004,4.3247099190728004,4.3247099190728004,4.3247099190728004,4.3247099190728004,4.3247099190728004,4.3247099190728004,4.3247099190728004,4.3247099190728004,4.3247099190728004,4.3247099190728004,4.3247099190728004,4.3247099190728004,4.3247099190728004,4.3247099190728004,4.3247099190728004,4.3247099190728004,4.3247099190728004,4.3247099190728004,4.3247099190728004,4.3247099190728004,4.3247099190728004,4.3247099190728004,4.3247099190728004,4.3247099190728004,4.3247099190728004,4.3247099190728004,4.3247099190728004,4.3247099190728004,4.3247099190728004,4.3247099190728004,4.3247099190728004,4.3247099190728004,4.3247099190728004,4.3247099190728004,4.3247099190728004,4.3247099190728004,4.3247099190728004,4.3247099190728004,4.3247099190728004,4.3247099190728004,4.3247099190728004,4.3247099190728004,4.3247099190728004,4.3247099190728004,4.3247099190728004,4.3247099190728004,4.3247099190728004,4.3247099190728004,4.3247099190728004,4.3247099190728004,4.3247099190728004,4.3247099190728004,4.3247099190728004,4.3247099190728004,4.3247099190728004,4.3247099190728004,4.3247099190728004,4.3247099190728004,4.3247099190728004,4.3247099190728004,4.3247099190728004,4.3247099190728004,4.3247099190728004,4.3247099190728004,4.3247099190728004,4.3247099190728004,4.3247099190728004,4.3247099190728004,4.3247099190728004,4.3247099190728004,4.3247099190728004,4.3247099190728004,4.3247099190728004,4.3247099190728004,4.3247099190728004,4.3247099190728004,4.3247099190728004,4.3247099190728004,4.3247099190728004,4.3247099190728004,4.3247099190728004,4.3247099190728004,4.3247099190728004,4.3247099190728004,4.3247099190728004,4.3247099190728004,4.3247099190728004,4.3247099190728004,4.3247099190728004,4.3247099190728004,4.3247099190728004,4.3247099190728004,4.3247099190728004,4.3247099190728004,4.3247099190728004,4.3247099190728004,4.3247099190728004,4.3247099190728004,4.3247099190728004,4.3247099190728004,4.3247099190728004,4.3247099190728004,4.3247099190728004,4.3247099190728004,4.3247099190728004,4.3247099190728004,4.3247099190728004,4.3247099190728004,4.3247099190728004,4.3247099190728004,4.3247099190728004,4.3247099190728004,4.3247099190728004,4.3247099190728004,4.3247099190728004,4.3247099190728004,4.3247099190728004,4.3247099190728004,4.3247099190728004,4.3247099190728004,4.3247099190728004,4.3247099190728004,4.3247099190728004,4.3247099190728004,4.3247099190728004,4.3247099190728004,4.3247099190728004,4.3247099190728004,4.3247099190728004,4.3247099190728004,4.3247099190728004,4.3247099190728004,4.3247099190728004,4.3247099190728004,4.3247099190728004,4.3247099190728004,4.3247099190728004,4.3247099190728004,4.3247099190728004,4.3247099190728004,4.3247099190728004,4.3247099190728004,4.3247099190728004,4.3247099190728004,4.3247099190728004,4.3247099190728004,4.3247099190728004,4.3247099190728004,4.3247099190728004,4.3247099190728004,4.3247099190728004,4.3247099190728004,4.3247099190728004,4.3247099190728004,4.3247099190728004,4.3247099190728004,4.3247099190728004,4.3247099190728004,4.3247099190728004,4.3247099190728004,4.3247099190728004,4.3247099190728004,4.3247099190728004,4.3247099190728004,4.3247099190728004,4.3247099190728004,4.3247099190728004,4.3247099190728004,4.3247099190728004,4.3247099190728004,4.3247099190728004,4.3247099190728004,4.3247099190728004,4.3247099190728004,4.3247099190728004,4.3247099190728004,4.3247099190728004,4.3247099190728004,4.3247099190728004,4.3247099190728004,4.3247099190728004,4.3247099190728004,4.3247099190728004,4.3247099190728004,4.3247099190728004,4.3247099190728004,4.3247099190728004,4.3247099190728004,4.3247099190728004,4.3247099190728004,4.3247099190728004,4.3247099190728004,4.3247099190728004,4.3247099190728004,4.3247099190728004,4.3247099190728004,4.3247099190728004,4.3247099190728004,4.3247099190728004,4.3247099190728004,4.3247099190728004,4.3247099190728004,4.3247099190728004,4.3247099190728004,4.3247099190728004,4.3247099190728004,4.3247099190728004,4.3247099190728004,4.3247099190728004,4.3247099190728004,4.3247099190728004,4.3247099190728004,4.3247099190728004,4.3247099190728004,4.3247099190728004,4.3247099190728004,4.3247099190728004,4.3247099190728004,4.3247099190728004,4.3247099190728004,4.3247099190728004,4.3247099190728004,4.3247099190728004,4.3247099190728004,4.3247099190728004,4.3247099190728004,4.3247099190728004,4.3247099190728004,4.3247099190728004,4.3247099190728004,4.3247099190728004,4.3247099190728004,4.3247099190728004,4.3247099190728004,4.3247099190728004,4.3247099190728004,4.3247099190728004,4.3247099190728004,4.3247099190728004,4.3247099190728004,4.3247099190728004,4.3247099190728004,4.3247099190728004,4.3247099190728004,4.3247099190728004,4.3247099190728004,4.3247099190728004,4.3247099190728004,4.3247099190728004,4.3247099190728004,4.3247099190728004,4.3247099190728004,4.3247099190728004,4.3247099190728004,4.3247099190728004,4.3247099190728004,4.3247099190728004,4.3247099190728004,4.3247099190728004,4.3247099190728004,4.3247099190728004,4.3247099190728004,4.3247099190728004,4.3247099190728004,4.3247099190728004,4.3247099190728004,4.3247099190728004,4.3247099190728004,4.3247099190728004,4.3247099190728004,4.3247099190728004,4.3247099190728004,4.3247099190728004,4.3247099190728004,4.3247099190728004,4.3247099190728004,4.3247099190728004,4.3247099190728004,4.3247099190728004,4.3247099190728004,4.3247099190728004,4.3247099190728004,4.3247099190728004,4.3247099190728004,4.3247099190728004,4.3247099190728004,4.3247099190728004,4.3247099190728004,4.3247099190728004,4.3247099190728004,4.3247099190728004,4.3247099190728004,4.3247099190728004,4.3247099190728004,4.3247099190728004,4.3247099190728004,4.3247099190728004,4.3247099190728004,4.3247099190728004,4.3247099190728004,4.3247099190728004,4.3247099190728004,4.3247099190728004,4.3247099190728004,4.3247099190728004,4.3247099190728004,4.3247099190728004,4.3247099190728004,4.3247099190728004,4.3247099190728004,4.3247099190728004,4.3247099190728004,7.923452421524331,7.625183599356262,7.625183599356262,7.625183599356262,7.625183599356262,7.625183599356262,7.625183599356262,7.625183599356262,7.133071774696973,7.133071774696973,7.133071774696973,7.133071774696973,7.133071774696973,7.133071774696973,7.133071774696973,7.133071774696973,7.133071774696973,7.133071774696973,7.133071774696973,7.133071774696973,7.105197226864013,7.105197226864013,7.105197226864013,7.105197226864013,7.105197226864013,7.105197226864013,7.105197226864013,7.105197226864013,7.105197226864013,7.105197226864013,7.105197226864013,7.105197226864013,7.105197226864013,7.105197226864013,7.105197226864013,7.101673299801859,7.101673299801859,7.101673299801859,7.101673299801859,7.101673299801859,7.101673299801859,7.101673299801859,7.101673299801859,7.101673299801859,7.101673299801859,7.101673299801859,7.101673299801859,7.101673299801859,6.310054735234977,6.310054735234977,5.837917995975,5.837917995975,5.837917995975,5.837917995975,5.837917995975,5.837917995975,5.837917995975,5.837917995975,5.837917995975,5.837917995975,5.837917995975,5.837917995975,5.837917995975,5.837917995975,5.545795252213327,5.545795252213327,5.545795252213327,5.545795252213327,5.545795252213327,5.545795252213327,5.545795252213327,5.545795252213327,5.545795252213327,5.545795252213327,5.545795252213327,5.545795252213327,5.545795252213327,5.545795252213327,5.545795252213327,5.545795252213327,5.545795252213327,5.545795252213327,5.545795252213327,5.545795252213327,5.545795252213327,5.545795252213327,5.545795252213327,5.545795252213327,5.545795252213327,5.545795252213327,5.545795252213327,5.545795252213327,5.545795252213327,5.545795252213327,5.545795252213327,5.545795252213327,5.545795252213327,5.545795252213327,5.545795252213327,5.545795252213327,5.545795252213327,5.545795252213327,5.545795252213327,5.210398806849769,5.210398806849769,5.210398806849769,5.210398806849769,5.210398806849769,5.210398806849769,5.210398806849769,5.210398806849769,5.210398806849769,5.210398806849769,5.210398806849769,5.210398806849769,5.210398806849769,5.210398806849769,5.210398806849769,5.210398806849769,5.210398806849769,5.210398806849769,5.210398806849769,5.210398806849769,5.210398806849769,5.210398806849769,5.210398806849769,5.210398806849769,5.210398806849769,5.210398806849769,5.210398806849769,5.210398806849769,5.210398806849769,5.210398806849769,5.210398806849769,5.210398806849769,5.210398806849769,5.210398806849769,5.210398806849769,5.210398806849769,5.210398806849769,5.210398806849769,5.210398806849769,5.210398806849769,5.210398806849769,5.210398806849769,5.210398806849769,5.210398806849769,5.210398806849769,5.210398806849769,5.210398806849769,5.210398806849769,5.210398806849769,5.210398806849769,5.210398806849769,5.210398806849769,5.210398806849769,5.210398806849769,5.210398806849769,5.210398806849769,5.210398806849769,5.210398806849769,5.210398806849769,5.210398806849769,5.210398806849769,5.210398806849769,5.210398806849769,5.210398806849769,5.210398806849769,5.210398806849769,5.210398806849769,5.210398806849769,5.210398806849769,5.210398806849769,5.210398806849769,5.210398806849769,5.210398806849769,5.210398806849769,5.210398806849769,5.210398806849769,5.210398806849769,5.210398806849769,5.210398806849769,5.210398806849769,5.210398806849769,5.210398806849769,5.210398806849769,5.210398806849769,5.210398806849769,5.210398806849769,5.210398806849769,5.210398806849769,5.210398806849769,5.210398806849769,5.210398806849769,5.210398806849769,5.210398806849769,5.210398806849769,5.210398806849769,5.210398806849769,5.210398806849769,5.210398806849769,5.210398806849769,5.210398806849769,5.210398806849769,5.210398806849769,5.210398806849769,5.210398806849769,5.210398806849769,5.210398806849769,5.210398806849769,5.210398806849769,5.210398806849769,5.210398806849769,5.210398806849769,5.210398806849769,5.210398806849769,5.210398806849769,5.210398806849769,5.210398806849769,5.210398806849769,5.210398806849769,5.210398806849769,5.210398806849769,5.210398806849769,5.210398806849769,5.210398806849769,5.210398806849769,5.210398806849769,5.210398806849769,5.210398806849769,5.210398806849769,5.210398806849769,5.210398806849769,5.210398806849769,5.210398806849769,5.210398806849769,5.210398806849769,5.210398806849769,5.210398806849769,5.210398806849769,5.210398806849769,5.210398806849769,5.210398806849769,5.210398806849769,5.210398806849769,5.210398806849769,5.210398806849769,5.210398806849769,5.210398806849769,5.210398806849769,5.210398806849769,5.210398806849769,5.210398806849769,5.210398806849769,5.210398806849769,5.210398806849769,5.210398806849769,5.210398806849769,5.210398806849769,5.210398806849769,5.210398806849769,5.210398806849769,5.210398806849769,5.210398806849769,5.210398806849769,5.210398806849769,5.210398806849769,5.210398806849769,5.210398806849769,5.210398806849769,5.210398806849769,5.210398806849769,5.210398806849769,5.210398806849769,5.210398806849769,5.210398806849769,5.210398806849769,5.210398806849769,5.210398806849769,5.210398806849769,5.210398806849769,5.210398806849769,5.210398806849769,5.210398806849769,5.210398806849769,5.210398806849769,5.210398806849769,5.210398806849769,5.210398806849769,5.210398806849769,5.210398806849769,5.210398806849769,5.210398806849769,5.210398806849769,5.210398806849769,5.210398806849769,5.210398806849769,5.210398806849769,5.210398806849769,5.210398806849769,5.210398806849769,5.210398806849769,5.210398806849769,5.210398806849769,5.210398806849769,5.210398806849769,5.210398806849769,5.210398806849769,5.210398806849769,5.210398806849769,5.210398806849769,5.210398806849769,5.210398806849769,5.210398806849769,5.210398806849769,5.210398806849769,5.210398806849769,5.210398806849769,5.210398806849769,5.210398806849769,5.210398806849769,5.210398806849769,5.210398806849769,5.210398806849769,5.210398806849769,5.210398806849769,5.210398806849769,5.210398806849769,5.210398806849769,5.210398806849769,5.210398806849769,5.210398806849769,5.210398806849769,5.210398806849769,5.210398806849769,5.210398806849769,5.210398806849769,5.210398806849769,5.210398806849769,5.210398806849769,5.210398806849769,5.210398806849769,5.210398806849769,5.210398806849769,5.210398806849769,5.210398806849769,5.210398806849769,5.210398806849769,5.210398806849769,5.210398806849769,5.210398806849769,5.210398806849769,5.210398806849769,5.210398806849769,5.210398806849769,5.210398806849769,5.210398806849769,5.210398806849769,5.210398806849769,5.210398806849769,5.210398806849769,5.210398806849769,5.210398806849769,5.210398806849769,5.210398806849769,5.210398806849769,5.210398806849769,5.210398806849769,5.210398806849769,5.210398806849769,5.210398806849769,5.210398806849769,5.210398806849769,5.210398806849769,5.210398806849769,5.210398806849769,5.210398806849769,5.210398806849769,5.210398806849769,5.210398806849769,5.210398806849769,5.210398806849769,5.210398806849769,5.210398806849769,5.210398806849769,5.210398806849769,5.210398806849769,5.210398806849769,5.210398806849769,5.210398806849769,5.210398806849769,5.210398806849769,5.210398806849769,5.210398806849769,5.210398806849769,5.210398806849769,5.210398806849769,5.210398806849769,5.210398806849769,5.210398806849769,5.210398806849769,5.210398806849769,5.210398806849769,5.210398806849769,5.210398806849769,5.210398806849769,5.210398806849769,5.210398806849769,5.210398806849769,5.210398806849769,5.210398806849769,5.210398806849769,5.210398806849769,5.210398806849769,5.210398806849769,5.210398806849769,5.210398806849769,5.210398806849769,5.210398806849769,5.210398806849769,5.210398806849769,5.210398806849769,5.210398806849769,5.210398806849769,5.210398806849769,5.210398806849769,5.210398806849769,5.210398806849769,5.210398806849769,5.210398806849769,5.210398806849769,5.210398806849769,5.210398806849769,5.210398806849769,5.210398806849769,5.210398806849769,5.210398806849769,5.210398806849769,5.210398806849769,5.210398806849769,5.210398806849769,5.210398806849769,5.210398806849769,5.210398806849769,5.210398806849769,5.210398806849769,5.210398806849769,5.210398806849769,5.210398806849769,5.210398806849769,5.210398806849769,5.210398806849769,5.210398806849769,5.210398806849769,5.210398806849769,5.210398806849769,5.210398806849769,5.210398806849769,5.210398806849769,5.210398806849769,5.210398806849769,5.210398806849769,5.210398806849769,5.210398806849769,5.210398806849769,5.210398806849769,5.210398806849769,5.210398806849769,5.210398806849769,5.210398806849769,5.210398806849769,5.210398806849769,5.210398806849769,5.210398806849769,5.210398806849769,5.210398806849769,5.210398806849769,5.210398806849769,5.210398806849769,5.210398806849769,5.210398806849769,5.210398806849769,5.210398806849769,5.210398806849769,5.210398806849769,5.210398806849769,5.210398806849769,5.210398806849769,5.210398806849769,5.210398806849769,5.210398806849769,5.210398806849769,5.210398806849769,5.210398806849769,5.210398806849769,5.210398806849769,5.210398806849769,5.210398806849769,5.210398806849769,5.210398806849769,5.210398806849769,5.210398806849769,5.210398806849769,5.210398806849769,5.210398806849769,5.210398806849769,5.210398806849769,5.210398806849769,5.210398806849769,5.210398806849769,5.210398806849769,5.210398806849769,5.210398806849769,5.210398806849769,5.210398806849769,5.210398806849769,5.210398806849769,5.210398806849769,5.210398806849769,5.210398806849769,5.210398806849769,5.210398806849769,5.210398806849769,5.210398806849769,5.210398806849769,5.210398806849769,5.210398806849769,5.210398806849769,5.210398806849769,5.210398806849769,5.210398806849769,5.210398806849769,5.210398806849769,5.210398806849769,5.210398806849769,5.210398806849769,5.210398806849769,5.210398806849769,5.210398806849769,5.210398806849769,5.210398806849769,5.210398806849769,5.210398806849769,5.210398806849769,5.210398806849769,5.210398806849769,5.210398806849769,5.210398806849769,5.210398806849769,5.210398806849769,5.210398806849769,5.210398806849769,5.210398806849769,5.210398806849769,5.210398806849769,5.210398806849769,5.210398806849769,5.210398806849769,5.210398806849769,5.210398806849769,5.210398806849769,5.210398806849769,5.210398806849769,5.210398806849769,5.210398806849769,5.210398806849769,5.210398806849769,5.210398806849769,5.210398806849769,5.210398806849769,5.210398806849769,5.210398806849769,5.210398806849769,5.210398806849769,5.210398806849769,5.210398806849769,5.210398806849769,5.210398806849769,5.210398806849769,5.210398806849769,5.210398806849769,5.210398806849769,5.210398806849769,5.210398806849769,5.210398806849769,5.210398806849769,5.210398806849769,5.210398806849769,5.210398806849769,5.210398806849769,5.210398806849769,5.210398806849769,5.210398806849769,5.210398806849769,5.210398806849769,5.210398806849769,5.210398806849769,5.210398806849769,5.210398806849769,5.210398806849769,5.210398806849769,5.210398806849769,5.210398806849769,5.210398806849769,5.210398806849769,5.210398806849769,5.210398806849769,5.210398806849769,5.210398806849769,5.210398806849769,5.210398806849769,5.210398806849769,5.210398806849769,5.210398806849769,5.210398806849769,5.210398806849769,5.210398806849769,5.210398806849769,5.210398806849769,5.210398806849769,5.210398806849769,5.210398806849769,5.210398806849769,5.210398806849769,5.210398806849769,5.210398806849769,5.210398806849769,5.210398806849769,5.210398806849769,5.210398806849769,5.210398806849769,5.210398806849769,5.210398806849769,5.210398806849769,5.210398806849769,5.210398806849769,5.210398806849769,5.210398806849769,5.210398806849769,5.210398806849769,5.210398806849769,5.210398806849769,5.210398806849769,5.210398806849769,5.210398806849769,5.210398806849769,5.210398806849769,5.210398806849769,5.210398806849769,5.210398806849769,5.210398806849769,5.210398806849769,5.210398806849769,5.210398806849769,5.210398806849769,5.210398806849769,5.210398806849769,5.210398806849769,5.210398806849769,5.210398806849769,5.210398806849769,5.210398806849769,5.210398806849769,5.210398806849769,5.210398806849769,5.210398806849769,5.210398806849769,5.210398806849769,5.210398806849769,5.210398806849769,5.210398806849769,5.210398806849769,5.210398806849769,5.210398806849769,5.210398806849769,5.210398806849769,5.210398806849769,5.210398806849769,5.210398806849769,5.210398806849769,5.210398806849769,5.210398806849769,5.210398806849769,5.210398806849769,5.210398806849769,5.210398806849769,5.210398806849769,5.210398806849769,5.210398806849769,5.210398806849769,5.210398806849769,5.210398806849769,5.210398806849769,5.210398806849769,5.210398806849769,5.210398806849769,5.210398806849769,5.210398806849769,5.210398806849769,5.210398806849769,5.210398806849769,5.210398806849769,5.210398806849769,5.210398806849769,5.210398806849769,5.210398806849769,5.210398806849769,5.210398806849769,5.210398806849769,5.210398806849769,5.210398806849769,5.210398806849769,5.210398806849769,5.210398806849769,5.210398806849769,5.210398806849769,5.210398806849769,5.210398806849769,5.210398806849769,5.210398806849769,5.210398806849769,5.210398806849769,5.210398806849769,5.210398806849769,5.210398806849769,5.210398806849769,5.210398806849769,5.210398806849769,5.210398806849769,5.210398806849769,5.210398806849769,5.210398806849769,5.210398806849769,5.210398806849769,5.210398806849769,5.210398806849769,5.210398806849769,5.210398806849769,5.210398806849769,5.210398806849769,5.210398806849769,5.210398806849769,5.210398806849769,5.210398806849769,5.210398806849769,5.210398806849769,5.210398806849769,5.210398806849769,5.210398806849769,5.210398806849769,5.210398806849769,5.210398806849769,5.210398806849769,5.210398806849769,5.210398806849769,5.210398806849769,5.210398806849769,5.210398806849769,5.210398806849769,5.210398806849769,5.210398806849769,5.210398806849769,5.210398806849769,5.210398806849769,5.210398806849769,5.210398806849769,5.210398806849769,5.210398806849769,5.210398806849769,5.210398806849769,5.210398806849769,5.210398806849769,5.210398806849769,5.210398806849769,5.210398806849769,5.210398806849769,5.210398806849769,5.210398806849769,5.210398806849769,5.210398806849769,5.210398806849769,5.210398806849769,5.210398806849769,5.210398806849769,5.210398806849769,5.210398806849769,5.210398806849769,5.210398806849769,5.210398806849769,5.210398806849769,5.210398806849769,5.210398806849769,5.210398806849769,5.210398806849769,5.210398806849769,5.210398806849769,5.210398806849769,5.210398806849769,5.210398806849769,5.210398806849769,5.210398806849769,5.210398806849769,5.210398806849769,5.210398806849769,5.210398806849769,5.210398806849769,5.210398806849769,5.210398806849769,5.210398806849769,5.210398806849769,5.210398806849769,5.210398806849769,5.210398806849769,5.210398806849769,5.210398806849769,5.210398806849769,5.210398806849769,5.210398806849769,5.210398806849769,5.210398806849769,5.210398806849769,5.210398806849769,5.210398806849769,5.210398806849769,5.210398806849769,5.210398806849769,5.210398806849769,5.210398806849769,5.210398806849769,5.210398806849769,5.210398806849769,5.210398806849769,5.210398806849769,5.210398806849769,5.210398806849769,5.210398806849769,5.210398806849769,5.210398806849769,5.210398806849769,5.210398806849769,5.210398806849769,5.210398806849769,5.210398806849769,5.210398806849769,5.210398806849769,4.939867736116346,4.939867736116346,4.939867736116346,4.939867736116346,4.939867736116346,4.939867736116346,4.939867736116346,4.939867736116346,4.939867736116346,4.939867736116346,4.939867736116346,4.939867736116346,4.939867736116346,4.939867736116346,4.939867736116346,4.939867736116346,4.939867736116346,4.939867736116346,4.939867736116346,4.939867736116346,4.939867736116346,4.939867736116346,4.939867736116346,4.939867736116346,4.939867736116346,4.939867736116346,4.939867736116346,4.939867736116346,4.939867736116346,4.939867736116346,4.939867736116346,4.939867736116346,4.939867736116346,4.939867736116346,4.939867736116346,4.939867736116346,4.939867736116346,4.939867736116346,4.939867736116346,4.939867736116346,4.939867736116346,4.939867736116346,4.939867736116346,4.939867736116346,4.939867736116346,4.939867736116346,4.939867736116346,4.939867736116346,4.939867736116346,4.939867736116346,4.939867736116346,4.939867736116346,4.939867736116346,4.939867736116346,4.939867736116346,4.939867736116346,4.939867736116346,4.939867736116346,4.939867736116346,4.939867736116346,4.939867736116346,4.939867736116346,4.939867736116346,4.939867736116346,4.939867736116346,4.939867736116346,4.939867736116346,4.939867736116346,4.939867736116346,4.939867736116346,4.939867736116346,4.939867736116346,4.939867736116346,4.939867736116346,4.939867736116346,4.939867736116346,4.939867736116346,4.939867736116346,4.939867736116346,4.939867736116346,4.939867736116346,4.939867736116346,4.939867736116346,4.939867736116346,4.939867736116346,4.939867736116346,4.939867736116346,4.939867736116346,4.939867736116346,4.939867736116346,4.939867736116346,4.939867736116346,4.939867736116346,4.939867736116346,4.939867736116346,4.939867736116346,4.939867736116346,4.939867736116346,4.939867736116346,4.939867736116346,4.939867736116346,4.939867736116346,4.939867736116346,4.939867736116346,4.939867736116346,4.939867736116346,4.939867736116346,4.939867736116346,4.939867736116346,4.939867736116346,4.939867736116346,4.939867736116346,4.939867736116346,4.939867736116346,4.939867736116346,4.939867736116346,4.939867736116346,4.939867736116346,4.939867736116346,4.939867736116346,4.939867736116346,4.939867736116346,4.939867736116346,4.939867736116346,4.939867736116346,4.939867736116346,4.939867736116346,4.939867736116346,4.939867736116346,4.939867736116346,4.939867736116346,4.939867736116346,4.939867736116346,4.939867736116346,4.939867736116346,4.939867736116346,4.939867736116346,4.939867736116346,4.939867736116346,4.939867736116346,4.939867736116346,4.939867736116346,4.939867736116346,4.939867736116346,4.939867736116346,4.939867736116346,4.939867736116346,4.939867736116346,4.939867736116346,4.939867736116346,4.939867736116346,4.939867736116346,4.939867736116346,4.939867736116346,4.939867736116346,9.523451315637333,9.352632063769116,9.331478266196099,9.331478266196099,9.311144522821873,9.311144522821873,9.232296622413271,9.232296622413271,9.232296622413271,9.232296622413271,9.232296622413271,9.232296622413271,9.232296622413271,9.18921095576561,9.18921095576561,9.18921095576561,9.18921095576561,9.18921095576561,9.18921095576561,9.18921095576561,8.95264994830258,8.95264994830258,8.95264994830258,8.708418053796198,8.708418053796198,8.708418053796198,8.708418053796198,8.708418053796198,8.708418053796198,8.708418053796198,8.708418053796198,8.708418053796198,8.708418053796198,8.708418053796198,8.708418053796198,8.708418053796198,8.708418053796198,8.708418053796198,8.708418053796198,8.708418053796198,8.708418053796198,8.708418053796198,8.708418053796198,8.708418053796198,8.708418053796198,8.708418053796198,8.708418053796198,8.708418053796198,8.708418053796198,8.708418053796198,8.708418053796198,8.708418053796198,8.708418053796198,8.708418053796198,8.698054620570382,8.698054620570382,8.698054620570382,8.698054620570382,8.693431984636046,8.693431984636046,8.693431984636046,8.693431984636046,8.693431984636046,8.693431984636046,8.693431984636046,8.693431984636046,8.693431984636046,8.693431984636046,8.693431984636046,8.693431984636046,8.693431984636046,8.693431984636046,8.693431984636046,8.693431984636046,8.693431984636046,8.693431984636046,8.693431984636046,8.693431984636046,8.693431984636046,8.693431984636046,8.693431984636046,8.693431984636046,8.693431984636046,8.693431984636046,8.693431984636046,8.693431984636046,8.693431984636046,8.693431984636046,8.693431984636046,8.693431984636046,8.693431984636046,8.693431984636046,8.693431984636046,8.693431984636046,8.693431984636046,8.693431984636046,8.693431984636046,8.693431984636046,8.693431984636046,8.693431984636046,8.693431984636046,8.693431984636046,8.693431984636046,8.693431984636046,8.693431984636046,8.693431984636046,8.693431984636046,8.693431984636046,8.693431984636046,8.693431984636046,8.693431984636046,8.693431984636046,8.693431984636046,8.693431984636046,8.693431984636046,8.693431984636046,8.693431984636046,8.693431984636046,8.693431984636046,8.693431984636046,8.693431984636046,8.693431984636046,8.693431984636046,8.693431984636046,8.693431984636046,8.693431984636046,8.693431984636046,8.693431984636046,8.693431984636046,8.120058361699694,6.970906786058935,6.615878005814886,6.615878005814886,6.615878005814886,6.594874373617418,6.594874373617418,6.594874373617418,6.594874373617418,6.594874373617418,6.594874373617418,6.594874373617418,6.594874373617418,6.104711659772944,6.104711659772944,6.104711659772944,6.104711659772944,6.104711659772944,6.104711659772944,6.104711659772944,6.104711659772944,6.104711659772944,6.104711659772944,6.104711659772944,6.104711659772944,6.104711659772944,6.104711659772944,6.104711659772944,6.104711659772944,6.104711659772944,6.104711659772944,6.104711659772944,6.104711659772944,6.104711659772944,6.104711659772944,6.104711659772944,6.104711659772944,6.104711659772944,6.104711659772944,6.104711659772944,6.104711659772944,6.104711659772944,6.104711659772944,6.104711659772944,6.104711659772944,6.004928175196078,6.004928175196078,6.004928175196078,6.004928175196078,6.004928175196078,6.004928175196078,6.004928175196078,6.004928175196078,6.004928175196078,6.004928175196078,6.003292526969801,6.003292526969801,6.003292526969801,6.003292526969801,6.003292526969801,6.003292526969801,5.521083740321476,5.521083740321476,5.517607057178896,5.517607057178896,5.517607057178896,5.517607057178896,5.517607057178896,5.517607057178896,5.517607057178896,5.517607057178896,5.517607057178896,5.517607057178896,5.517607057178896,5.517607057178896,5.517607057178896,5.517607057178896,5.517607057178896,5.517607057178896,5.517607057178896,5.517607057178896,5.517607057178896,5.517607057178896,5.517607057178896,5.517607057178896,5.517607057178896,5.517607057178896,5.517607057178896,5.517607057178896,5.517607057178896,5.517607057178896,5.517607057178896,5.517607057178896,5.517607057178896,5.517607057178896,5.517607057178896,5.517607057178896,5.517607057178896,5.517607057178896,5.517607057178896,5.517607057178896,5.517607057178896,5.517607057178896,5.517607057178896,5.517607057178896,5.517607057178896,5.517607057178896,5.517607057178896,5.517607057178896,5.517607057178896,5.517607057178896,5.517607057178896,5.517607057178896,5.517607057178896,5.517607057178896,5.517607057178896,5.517607057178896,5.517607057178896,5.517607057178896,5.517607057178896,5.517607057178896,5.517607057178896,5.517607057178896,5.517607057178896,5.517607057178896,5.517607057178896,5.517607057178896,5.517607057178896,5.517607057178896,5.517607057178896,5.517607057178896,5.517607057178896,5.517607057178896,5.517607057178896,5.517607057178896,5.517607057178896,5.517607057178896,5.517607057178896,5.517607057178896,5.517607057178896,5.517607057178896,5.517607057178896,5.517607057178896,5.517607057178896,5.517607057178896,5.517607057178896,5.517607057178896,5.517607057178896,5.517607057178896,5.517607057178896,5.517607057178896,5.517607057178896,5.517607057178896,5.517607057178896,5.517607057178896,5.517607057178896,5.517607057178896,5.517607057178896,5.517607057178896,5.517607057178896,5.517607057178896,5.517607057178896,5.517607057178896,5.517607057178896,5.517607057178896,5.517607057178896,5.517607057178896,5.517607057178896,5.517607057178896,5.517607057178896,5.517607057178896,5.517607057178896,5.517607057178896,5.517607057178896,5.517607057178896,5.517607057178896,5.517607057178896,5.517607057178896,5.517607057178896,5.517607057178896,5.517607057178896,5.517607057178896,5.517607057178896,5.517607057178896,5.517607057178896,5.517607057178896,5.517607057178896,5.517607057178896,5.517607057178896,5.517607057178896,5.517607057178896,5.517607057178896,5.517607057178896,5.517607057178896,5.517607057178896,5.517607057178896,5.517607057178896,5.517607057178896,5.517607057178896,5.517607057178896,5.517607057178896,5.517607057178896,5.517607057178896,5.517607057178896,5.517607057178896,5.517607057178896,5.517607057178896,5.517607057178896,5.517607057178896,5.517607057178896,5.517607057178896,5.517607057178896,5.517607057178896,5.517607057178896,5.517607057178896,5.517607057178896,5.517607057178896,5.517607057178896,5.517607057178896,5.517607057178896,5.517607057178896,5.517607057178896,5.517607057178896,5.517607057178896,5.517607057178896,5.517607057178896,5.517607057178896,5.517607057178896,5.517607057178896,5.517607057178896,5.517607057178896,5.517607057178896,5.517607057178896,5.517607057178896,5.517607057178896,5.517607057178896,5.517607057178896,5.517607057178896,5.517607057178896,5.517607057178896,5.517607057178896,5.517607057178896,5.517607057178896,5.517607057178896,5.517607057178896,5.517607057178896,5.517607057178896,5.517607057178896,5.517607057178896,5.517607057178896,5.517607057178896,5.517607057178896,5.517607057178896,5.517607057178896,5.517607057178896,5.517607057178896,5.517607057178896,5.517607057178896,5.517607057178896,5.517607057178896,5.517607057178896,5.517607057178896,5.517607057178896,5.517607057178896,5.517607057178896,5.517607057178896,5.517607057178896,5.517607057178896,5.517607057178896,5.517607057178896,5.517607057178896,5.517607057178896,5.517607057178896,5.517607057178896,5.517607057178896,5.517607057178896,5.517607057178896,5.517607057178896,5.517607057178896,5.517607057178896,5.517607057178896,5.517607057178896,5.517607057178896,5.517607057178896,5.517607057178896,5.517607057178896,5.517607057178896,5.517607057178896,5.517607057178896,5.517607057178896,5.517607057178896,5.517607057178896,5.517607057178896,5.517607057178896,5.517607057178896,5.517607057178896,5.517607057178896,5.517607057178896,5.517607057178896,5.517607057178896,5.517607057178896,5.517607057178896,5.517607057178896,5.517607057178896,5.517607057178896,5.517607057178896,5.517607057178896,5.517607057178896,5.517607057178896,5.517607057178896,5.517607057178896,5.517607057178896,5.517607057178896,5.517607057178896,5.517607057178896,5.517607057178896,5.517607057178896,5.517607057178896,5.517607057178896,5.517607057178896,5.517607057178896,5.517607057178896,5.517607057178896,5.517607057178896,5.517607057178896,5.517607057178896,5.517607057178896,5.517607057178896,5.517607057178896,5.517607057178896,5.517607057178896,5.517607057178896,5.505832983726199,5.505832983726199,5.505832983726199,5.505832983726199,5.505832983726199,5.505832983726199,5.505832983726199,5.505832983726199,5.505832983726199,5.505832983726199,5.505832983726199,5.505832983726199,5.505832983726199,5.505832983726199,5.505832983726199,5.505832983726199,5.505832983726199,5.505832983726199,5.505832983726199,5.505832983726199,5.505832983726199,5.505832983726199,5.505832983726199,5.505832983726199,5.505832983726199,5.505832983726199,5.505832983726199,5.505832983726199,5.505832983726199,5.505832983726199,5.505832983726199,5.505832983726199,5.505832983726199,5.505832983726199,5.505832983726199,5.505832983726199,5.505832983726199,5.505832983726199,5.505832983726199,5.505832983726199,5.505832983726199,5.505832983726199,5.505832983726199,5.505832983726199,5.505832983726199,5.505832983726199,5.505832983726199,5.505832983726199,5.505832983726199,5.505832983726199,5.505832983726199,5.505832983726199,5.505832983726199,5.505832983726199,5.505832983726199,5.505832983726199,5.505832983726199,5.505832983726199,5.505832983726199,5.505832983726199,5.505832983726199,5.505832983726199,5.505832983726199,5.505832983726199,5.505832983726199,5.505832983726199,5.505832983726199,5.505832983726199,5.505832983726199,5.505832983726199,5.505832983726199,5.505832983726199,5.505832983726199,5.505832983726199,5.505832983726199,5.505832983726199,5.505832983726199,5.505832983726199,5.505832983726199,5.505832983726199,5.505832983726199,5.505832983726199,5.505832983726199,5.505832983726199,5.505832983726199,5.505832983726199,5.505832983726199,5.505832983726199,5.505832983726199,5.505832983726199,5.505832983726199,5.505832983726199,5.505832983726199,5.505832983726199,5.505832983726199,5.505832983726199,5.505832983726199,5.505832983726199,5.505832983726199,5.505832983726199,5.505832983726199,5.505832983726199,5.505832983726199,5.505832983726199,5.505832983726199,5.505832983726199,5.505832983726199,5.505832983726199,5.505832983726199,5.505832983726199,5.505832983726199,5.505832983726199,5.505832983726199,5.505832983726199,5.505832983726199,5.505832983726199,5.505832983726199,5.505832983726199,5.505832983726199,5.505832983726199,5.505832983726199,5.505832983726199,5.505832983726199,5.505832983726199,5.505832983726199,5.505832983726199,5.505832983726199,5.505832983726199,5.505832983726199,5.505832983726199,5.505832983726199,5.505832983726199,5.505832983726199,5.505832983726199,5.505832983726199,5.505832983726199,5.505832983726199,5.505832983726199,5.505832983726199,5.238797441575114,5.238797441575114,5.238797441575114,5.238797441575114,5.238797441575114,5.238797441575114,5.238797441575114,5.238797441575114,5.238797441575114,5.238797441575114,5.238797441575114,5.238797441575114,5.238797441575114,5.238797441575114,5.238797441575114,5.238797441575114,5.238797441575114,5.238797441575114,5.238797441575114,5.238797441575114,5.238797441575114,5.238797441575114,5.238797441575114,5.238797441575114,5.238797441575114,5.238797441575114,5.238797441575114,5.238797441575114,5.238797441575114,5.238797441575114,5.238797441575114,5.238797441575114,5.238797441575114,5.238797441575114,5.238797441575114,5.238797441575114,5.238797441575114,5.238797441575114,5.238797441575114,5.238797441575114,5.238797441575114,5.238797441575114,5.238797441575114,5.238797441575114,5.238797441575114,5.238797441575114,5.238797441575114,5.238797441575114,5.238797441575114,5.238797441575114,5.238797441575114,5.238797441575114,5.238797441575114,5.238797441575114,5.238797441575114,5.238797441575114,5.238797441575114,5.238797441575114,5.238797441575114,5.238797441575114,5.238797441575114,5.238797441575114,5.238797441575114,5.238797441575114,5.238797441575114,5.238797441575114,5.238797441575114,5.238797441575114,5.238797441575114,5.238797441575114,5.238797441575114,5.238797441575114,5.238797441575114,5.238797441575114,5.238797441575114,5.238797441575114,5.238797441575114,5.238797441575114,5.238797441575114,5.238797441575114,5.238797441575114,5.238797441575114,5.238797441575114,5.238797441575114,5.238797441575114,5.238797441575114,5.238797441575114,5.238797441575114,5.238797441575114,5.238797441575114,5.238797441575114,5.238797441575114,5.238797441575114,5.238797441575114,5.238797441575114,5.238797441575114,5.238797441575114,5.238797441575114,5.238797441575114,5.238797441575114,5.238797441575114,5.238797441575114,5.238797441575114,5.238797441575114,5.238797441575114,5.238797441575114,5.238797441575114,5.238797441575114,5.238797441575114,5.238797441575114,5.238797441575114,5.238797441575114,5.238797441575114,5.238797441575114,5.238797441575114,5.238797441575114,5.238797441575114,5.238797441575114,5.238797441575114,5.238797441575114,5.238797441575114,5.238797441575114,5.238797441575114,5.238797441575114,5.238797441575114,5.238797441575114,5.238797441575114,5.238797441575114,5.238797441575114,5.238797441575114,5.238797441575114,5.238797441575114,5.238797441575114,5.238797441575114,5.238797441575114,5.238797441575114,5.238797441575114,5.238797441575114,5.238797441575114,5.238797441575114,5.238797441575114,5.238797441575114,5.238797441575114,5.238797441575114,5.238797441575114,5.238797441575114,5.238797441575114,5.238797441575114,5.238797441575114,5.238797441575114,5.238797441575114,5.238797441575114,5.238797441575114,5.238797441575114,5.238797441575114,5.238797441575114,5.238797441575114,5.238797441575114,5.238797441575114,5.238797441575114,5.238797441575114,5.238797441575114,5.238797441575114,5.238797441575114,5.238797441575114,5.238797441575114,5.238797441575114,5.238797441575114,5.238797441575114,5.238797441575114,5.238797441575114,5.238797441575114,5.238797441575114,5.238797441575114,5.238797441575114,5.238797441575114,5.238797441575114,5.238797441575114,5.238797441575114,5.238797441575114,5.238797441575114,5.238797441575114,5.238797441575114,5.238797441575114,5.238797441575114,5.238797441575114,5.238797441575114,5.238797441575114,5.238797441575114,5.238797441575114,5.238797441575114,5.238797441575114,5.238797441575114,5.238797441575114,5.238797441575114,5.238797441575114,5.238797441575114,5.238797441575114,5.238797441575114,5.238797441575114,5.238797441575114,5.238797441575114,5.238797441575114,5.238797441575114,5.238797441575114,5.238797441575114,5.238797441575114,5.238797441575114,5.238797441575114,5.238797441575114,5.238797441575114,5.238797441575114,5.238797441575114,5.238797441575114,5.238797441575114,5.238797441575114,5.238797441575114,5.238797441575114,5.238797441575114,5.238797441575114,5.238797441575114,5.238797441575114,5.238797441575114,5.238797441575114,5.238797441575114,5.238797441575114,5.238797441575114,5.238797441575114,5.238797441575114,5.238797441575114,5.238797441575114,5.238797441575114,5.238797441575114,5.238797441575114,5.238797441575114,5.238797441575114,5.238797441575114,5.238797441575114,5.238797441575114,5.238797441575114,5.238797441575114,5.238797441575114,5.238797441575114,5.238797441575114,5.238797441575114,5.238797441575114,5.238797441575114,5.151325753161469,5.151325753161469,5.151325753161469,5.151325753161469,5.151325753161469,5.151325753161469,5.151325753161469,5.151325753161469,5.151325753161469,5.151325753161469,5.151325753161469,5.151325753161469,5.151325753161469,5.151325753161469,5.151325753161469,5.151325753161469,5.151325753161469,5.151325753161469,5.151325753161469,5.151325753161469,5.151325753161469,5.151325753161469,5.151325753161469,5.151325753161469,5.151325753161469,5.151325753161469,5.151325753161469,5.151325753161469,5.151325753161469,5.151325753161469,5.151325753161469,5.151325753161469,5.151325753161469,5.151325753161469,5.151325753161469,5.151325753161469,5.151325753161469,5.151325753161469,5.151325753161469,5.151325753161469,5.151325753161469,5.151325753161469,5.151325753161469,5.151325753161469,5.151325753161469,5.151325753161469,5.151325753161469,5.151325753161469,5.151325753161469,5.151325753161469,5.151325753161469,5.151325753161469,5.151325753161469,5.151325753161469,5.151325753161469,5.151325753161469,5.151325753161469,5.151325753161469,5.151325753161469,5.151325753161469,5.151325753161469,5.151325753161469,5.151325753161469,5.151325753161469,5.151325753161469,5.151325753161469,5.151325753161469,5.151325753161469,5.151325753161469,5.151325753161469,5.151325753161469,5.151325753161469,5.151325753161469,5.151325753161469,5.151325753161469,5.151325753161469,5.151325753161469,5.151325753161469,5.151325753161469,5.151325753161469,5.151325753161469,5.151325753161469,5.151325753161469,5.151325753161469,5.151325753161469,5.151325753161469,5.151325753161469,5.151325753161469,5.151325753161469,5.151325753161469,5.151325753161469,5.151325753161469,5.151325753161469,5.151325753161469,5.151325753161469,5.151325753161469,5.151325753161469,5.151325753161469,5.151325753161469,5.151325753161469,5.151325753161469,5.151325753161469,5.151325753161469,5.151325753161469,5.151325753161469,5.151325753161469,5.151325753161469,5.151325753161469,5.151325753161469,5.151325753161469,5.151325753161469,5.151325753161469,5.151325753161469,5.151325753161469,5.151325753161469,5.151325753161469,5.151325753161469,5.151325753161469,5.151325753161469,5.151325753161469,5.151325753161469,5.151325753161469,5.151325753161469,5.151325753161469,5.151325753161469,5.151325753161469,5.151325753161469,5.151325753161469,5.151325753161469,5.151325753161469,5.151325753161469,5.151325753161469,5.151325753161469,5.151325753161469,5.151325753161469,5.151325753161469,5.151325753161469,5.151325753161469,5.151325753161469,5.151325753161469,5.151325753161469,5.151325753161469,5.151325753161469,5.151325753161469,5.151325753161469,5.151325753161469,5.151325753161469,5.151325753161469,5.151325753161469,5.151325753161469,5.151325753161469,5.151325753161469,5.151325753161469,6.6242503627923295,6.6242503627923295,6.6242503627923295,6.6242503627923295,6.344852073715043,6.344852073715043,6.344852073715043,6.344852073715043,6.278376083137091,6.278376083137091,6.278376083137091,6.278376083137091,6.278376083137091,6.278376083137091,6.278376083137091,6.256192247842604,6.256192247842604,6.256192247842604,6.256192247842604,6.256192247842604,6.256192247842604,6.256192247842604,6.256192247842604,6.256192247842604,6.256192247842604,6.256192247842604,6.256192247842604,6.256192247842604,6.200043273023634,6.200043273023634,6.200043273023634,6.200043273023634,6.200043273023634,6.200043273023634,6.200043273023634,6.200043273023634,6.200043273023634,6.200043273023634,6.200043273023634,6.200043273023634,6.200043273023634,6.200043273023634,6.200043273023634,6.200043273023634,6.200043273023634,6.200043273023634,6.200043273023634,6.200043273023634,6.171271056680687,6.171271056680687,6.171271056680687,6.171271056680687,6.171271056680687,6.171271056680687,6.171271056680687,6.171271056680687,6.171271056680687,6.171271056680687,6.171271056680687,6.171271056680687,6.171271056680687,6.171271056680687,6.171271056680687,6.171271056680687,6.171271056680687,6.171271056680687,6.171271056680687,6.171271056680687,6.171271056680687,6.171271056680687,6.171271056680687,6.171271056680687,6.171271056680687,6.171271056680687,6.171271056680687,6.171271056680687,6.171271056680687,6.171271056680687,6.171271056680687,6.171271056680687,6.171271056680687,6.171271056680687,6.171271056680687,6.171271056680687,6.171271056680687,6.171271056680687,6.171271056680687,6.171271056680687,6.171271056680687,6.171271056680687,6.171271056680687,6.171271056680687,6.171271056680687,6.171271056680687,6.171271056680687,6.171271056680687,6.171271056680687,6.171271056680687,6.171271056680687,6.171271056680687,6.171271056680687,6.171271056680687,6.171271056680687,6.171271056680687,6.171271056680687,6.171271056680687,6.171271056680687,6.171271056680687,6.171271056680687,6.171271056680687,6.171271056680687,6.171271056680687,6.171271056680687,6.171271056680687,6.171271056680687,6.171271056680687,6.171271056680687,6.171271056680687,6.171271056680687,6.171271056680687,6.171271056680687,6.171271056680687,6.171271056680687,6.171271056680687,6.171271056680687,6.171271056680687,6.171271056680687,6.171271056680687,6.171271056680687,6.171271056680687,6.171271056680687,6.171271056680687,6.171271056680687,6.171271056680687,6.171271056680687,6.171271056680687,6.171271056680687,6.171271056680687,6.171271056680687,6.171271056680687,6.171271056680687,6.171271056680687,6.171271056680687,6.171271056680687,6.171271056680687,6.171271056680687,6.171271056680687,6.171271056680687,6.171271056680687,6.171271056680687,6.171271056680687,5.920975528167466,5.920975528167466,5.735718898344948,5.735718898344948,5.735718898344948,5.735718898344948,5.735718898344948,5.735718898344948,5.735718898344948,5.735718898344948,5.735718898344948,5.735718898344948,5.735718898344948,5.735718898344948,5.735718898344948,5.735718898344948,5.735718898344948,5.735718898344948,5.735718898344948,5.111347119535255,5.111347119535255,5.111347119535255,5.111347119535255,5.111347119535255,5.111347119535255,5.111347119535255,5.111347119535255,5.111347119535255,5.111347119535255,5.111347119535255,5.111347119535255,5.111347119535255,5.111347119535255,5.111347119535255,5.111347119535255,5.111347119535255,5.111347119535255,5.111347119535255,5.111347119535255,5.111347119535255,5.111347119535255,5.111347119535255,5.111347119535255,5.111347119535255,5.111347119535255,5.111347119535255,5.111347119535255,5.111347119535255,5.111347119535255,5.111347119535255,5.111347119535255,5.111347119535255,5.111347119535255,5.111347119535255,5.111347119535255,5.111347119535255,5.111347119535255,5.111347119535255,5.111347119535255,5.111347119535255,5.111347119535255,5.111347119535255,5.111347119535255,5.111347119535255,5.111347119535255,5.111347119535255,5.111347119535255,5.111347119535255,5.111347119535255,5.111347119535255,5.111347119535255,5.111347119535255,5.111347119535255,5.111347119535255,5.111347119535255,5.111347119535255,5.111347119535255,5.111347119535255,5.111347119535255,5.111347119535255,5.111347119535255,5.111347119535255,5.111347119535255,5.111347119535255,5.111347119535255,5.111347119535255,5.111347119535255,5.111347119535255,5.111347119535255,5.111347119535255,5.111347119535255,5.111347119535255,5.111347119535255,5.111347119535255,5.111347119535255,5.111347119535255,5.111347119535255,5.111347119535255,5.111347119535255,5.111347119535255,5.111347119535255,5.111347119535255,5.111347119535255,5.111347119535255,5.111347119535255,5.111347119535255,5.111347119535255,5.111347119535255,5.111347119535255,5.111347119535255,5.111347119535255,5.111347119535255,5.111347119535255,5.111347119535255,5.111347119535255,5.111347119535255,5.111347119535255,5.111347119535255,5.111347119535255,5.111347119535255,5.111347119535255,5.111347119535255,5.111347119535255,5.111347119535255,5.111347119535255,5.111347119535255,5.111347119535255,5.111347119535255,5.111347119535255,5.111347119535255,5.111347119535255,5.111347119535255,5.111347119535255,5.111347119535255,5.111347119535255,5.111347119535255,5.111347119535255,5.111347119535255,5.111347119535255,5.111347119535255,5.111347119535255,5.111347119535255,5.111347119535255,5.0301212264411905,4.662538565518713,4.662538565518713,4.662538565518713,4.662538565518713,4.662538565518713,4.662538565518713,4.662538565518713,4.662538565518713,4.662538565518713,4.662538565518713,4.662538565518713,4.662538565518713,4.662538565518713,4.662538565518713,4.662538565518713,4.662538565518713,4.662538565518713,4.662538565518713,4.662538565518713,4.662538565518713,4.662538565518713,4.662538565518713,4.662538565518713,4.662538565518713,4.662538565518713,4.662538565518713,4.662538565518713,4.662538565518713,4.662538565518713,4.662538565518713,4.662538565518713,4.662538565518713,4.662538565518713,4.662538565518713,4.662538565518713,4.662538565518713,4.662538565518713,4.662538565518713,4.662538565518713,4.662538565518713,4.662538565518713,4.662538565518713,4.662538565518713,4.662538565518713,4.662538565518713,4.662538565518713,4.662538565518713,4.662538565518713,4.662538565518713,4.662538565518713,4.662538565518713,4.662538565518713,4.662538565518713,4.662538565518713,4.662538565518713,4.662538565518713,4.662538565518713,4.662538565518713,4.662538565518713,4.662538565518713,4.662538565518713,4.662538565518713,4.662538565518713,4.662538565518713,4.662538565518713,4.662538565518713,4.662538565518713,4.662538565518713,4.662538565518713,4.662538565518713,4.662538565518713,4.662538565518713,4.662538565518713,4.662538565518713,4.662538565518713,4.662538565518713,4.662538565518713,4.662538565518713,4.662538565518713,4.662538565518713,4.662538565518713,4.662538565518713,4.662538565518713,4.662538565518713,4.662538565518713,4.662538565518713,4.662538565518713,4.662538565518713,4.662538565518713,4.662538565518713,4.662538565518713,4.662538565518713,4.662538565518713,4.662538565518713,4.662538565518713,4.662538565518713,4.662538565518713,4.662538565518713,4.662538565518713,4.662538565518713,4.662538565518713,4.662538565518713,4.662538565518713,4.662538565518713,4.662538565518713,4.662538565518713,4.662538565518713,4.662538565518713,4.662538565518713,4.662538565518713,4.662538565518713,4.662538565518713,4.662538565518713,4.662538565518713,4.662538565518713,4.662538565518713,4.662538565518713,4.662538565518713,4.662538565518713,4.662538565518713,4.662538565518713,4.662538565518713,4.662538565518713,4.662538565518713,4.662538565518713,4.662538565518713,4.662538565518713,4.662538565518713,4.662538565518713,4.662538565518713,4.662538565518713,4.662538565518713,4.662538565518713,4.662538565518713,4.662538565518713,4.662538565518713,4.662538565518713,4.662538565518713,4.662538565518713,4.662538565518713,4.662538565518713,4.662538565518713,4.662538565518713,4.662538565518713,4.662538565518713,4.662538565518713,4.662538565518713,4.662538565518713,4.662538565518713,4.662538565518713,4.662538565518713,4.662538565518713,4.662538565518713,4.662538565518713,4.662538565518713,4.662538565518713,4.662538565518713,4.662538565518713,4.662538565518713,4.662538565518713,4.662538565518713,4.662538565518713,4.662538565518713,4.662538565518713,4.662538565518713,4.662538565518713,4.662538565518713,4.662538565518713,4.662538565518713,4.662538565518713,4.662538565518713,4.662538565518713,4.662538565518713,4.662538565518713,4.662538565518713,4.662538565518713,4.662538565518713,4.662538565518713,4.662538565518713,4.662538565518713,4.662538565518713,4.662538565518713,4.662538565518713,4.662538565518713,4.662538565518713,4.662538565518713,4.662538565518713,4.662538565518713,4.662538565518713,4.662538565518713,4.662538565518713,4.662538565518713,4.662538565518713,4.662538565518713,4.662538565518713,4.662538565518713,4.662538565518713,4.662538565518713,4.662538565518713,4.662538565518713,4.662538565518713,4.662538565518713,4.662538565518713,4.662538565518713,4.662538565518713,4.662538565518713,4.662538565518713,4.662538565518713,4.662538565518713,4.662538565518713,4.662538565518713,4.662538565518713,4.662538565518713,4.662538565518713,4.662538565518713,4.662538565518713,4.662538565518713,4.662538565518713,4.662538565518713,4.662538565518713,4.662538565518713,4.662538565518713,4.662538565518713,4.662538565518713,4.662538565518713,4.662538565518713,4.662538565518713,4.662538565518713,4.662538565518713,4.662538565518713,4.662538565518713,4.662538565518713,4.662538565518713,4.662538565518713,4.644591816218479,4.644591816218479,4.644591816218479,4.644591816218479,4.644591816218479,4.644591816218479,4.644591816218479,4.644591816218479,4.644591816218479,4.644591816218479,4.644591816218479,4.644591816218479,4.644591816218479,4.644591816218479,4.644591816218479,4.644591816218479,4.644591816218479,4.644591816218479,4.644591816218479,4.644591816218479,4.644591816218479,4.644591816218479,4.644591816218479,4.644591816218479,4.644591816218479,4.644591816218479,4.644591816218479,4.644591816218479,4.644591816218479,4.644591816218479,4.644591816218479,4.644591816218479,4.644591816218479,4.644591816218479,4.644591816218479,4.644591816218479,4.644591816218479,4.644591816218479,4.644591816218479,4.644591816218479,4.644591816218479,4.644591816218479,4.644591816218479,4.644591816218479,4.644591816218479,4.644591816218479,4.644591816218479,4.644591816218479,4.644591816218479,4.644591816218479,4.644591816218479,4.644591816218479,4.644591816218479,4.644591816218479,4.644591816218479,4.644591816218479,4.644591816218479,4.644591816218479,4.644591816218479,4.644591816218479,4.644591816218479,4.644591816218479,4.644591816218479,4.644591816218479,4.644591816218479,4.644591816218479,4.644591816218479,4.644591816218479,4.644591816218479,4.644591816218479,4.644591816218479,4.644591816218479,4.644591816218479,4.644591816218479,4.644591816218479,4.644591816218479,4.644591816218479,4.644591816218479,4.644591816218479,4.644591816218479,4.644591816218479,4.644591816218479,4.644591816218479,4.644591816218479,4.644591816218479,4.644591816218479,4.644591816218479,4.644591816218479,4.644591816218479,4.644591816218479,4.644591816218479,4.644591816218479,4.644591816218479,4.644591816218479,4.644591816218479,4.644591816218479,4.644591816218479,4.644591816218479,4.644591816218479,4.644591816218479,4.644591816218479,4.644591816218479,4.644591816218479,4.644591816218479,4.644591816218479,4.644591816218479,4.644591816218479,4.644591816218479,4.644591816218479,4.644591816218479,4.644591816218479,4.644591816218479,4.644591816218479,4.644591816218479,4.644591816218479,4.644591816218479,4.644591816218479,4.644591816218479,4.644591816218479,4.644591816218479,4.644591816218479,4.644591816218479,4.644591816218479,4.644591816218479,4.644591816218479,4.644591816218479,4.644591816218479,4.644591816218479,4.644591816218479,4.644591816218479,4.644591816218479,4.644591816218479,4.644591816218479,4.644591816218479,4.644591816218479,4.644591816218479,4.644591816218479,4.644591816218479,4.644591816218479,4.644591816218479,4.644591816218479,4.644591816218479,4.644591816218479,4.644591816218479,4.644591816218479,4.644591816218479,4.644591816218479,4.644591816218479,4.644591816218479,4.644591816218479,4.644591816218479,4.644591816218479,4.644591816218479,4.644591816218479,4.644591816218479,4.644591816218479,4.644591816218479,4.644591816218479,4.644591816218479,4.644591816218479,4.644591816218479,4.644591816218479,4.644591816218479,4.644591816218479,4.644591816218479,4.644591816218479,4.644591816218479,4.644591816218479,4.644591816218479,4.644591816218479,4.644591816218479,4.644591816218479,4.644591816218479,4.644591816218479,4.644591816218479,4.644591816218479,4.644591816218479,4.644591816218479,4.644591816218479,4.644591816218479,4.644591816218479,4.644591816218479,4.644591816218479,4.644591816218479,4.644591816218479,4.644591816218479,4.644591816218479,4.644591816218479,4.644591816218479,4.644591816218479,4.644591816218479,4.644591816218479,4.644591816218479,4.644591816218479,4.644591816218479,4.644591816218479,4.644591816218479,4.644591816218479,4.644591816218479,4.644591816218479,4.644591816218479,4.644591816218479,4.644591816218479,4.644591816218479,4.644591816218479,4.644591816218479,4.644591816218479,4.644591816218479,4.644591816218479,4.644591816218479,4.644591816218479,4.644591816218479,4.644591816218479,4.644591816218479,4.644591816218479,4.644591816218479,4.644591816218479,4.644591816218479,4.644591816218479,4.644591816218479,4.644591816218479,4.644591816218479,4.644591816218479,4.644591816218479,4.644591816218479,4.644591816218479,4.644591816218479,4.644591816218479,4.644591816218479,4.644591816218479,4.644591816218479,4.644591816218479,4.644591816218479,4.644591816218479,4.644591816218479,4.644591816218479,4.644591816218479,4.644591816218479,4.644591816218479,4.644591816218479,4.644591816218479,4.644591816218479,4.644591816218479,4.644591816218479,4.644591816218479,4.644591816218479,4.644591816218479,4.644591816218479,4.644591816218479,4.644591816218479,4.644591816218479,4.644591816218479,4.644591816218479,4.644591816218479,4.644591816218479,4.644591816218479,4.644591816218479,4.644591816218479,4.644591816218479,4.644591816218479,4.644591816218479,4.644591816218479,4.644591816218479,4.644591816218479,4.644591816218479,4.644591816218479,4.644591816218479,4.644591816218479,4.644591816218479,4.644591816218479,4.644591816218479,4.644591816218479,4.644591816218479,4.644591816218479,4.644591816218479,4.644591816218479,4.644591816218479,4.644591816218479,4.644591816218479,4.644591816218479,4.644591816218479,4.644591816218479,4.644591816218479,4.644591816218479,4.644591816218479,4.644591816218479,4.644591816218479,4.644591816218479,4.644591816218479,4.644591816218479,4.644591816218479,4.644591816218479,4.644591816218479,4.644591816218479,4.644591816218479,4.644591816218479,4.644591816218479,4.644591816218479,4.644591816218479,4.644591816218479,4.644591816218479,4.644591816218479,4.644591816218479,4.644591816218479,4.644591816218479,4.644591816218479,4.644591816218479,4.644591816218479,4.644591816218479,4.644591816218479,4.644591816218479,4.644591816218479,4.644591816218479,4.644591816218479,4.644591816218479,4.644591816218479,4.644591816218479,4.644591816218479,4.644591816218479,4.644591816218479,4.644591816218479,4.644591816218479,4.644591816218479,4.644591816218479,4.644591816218479,4.644591816218479,4.644591816218479,4.644591816218479,4.644591816218479,4.644591816218479,4.644591816218479,4.644591816218479,4.644591816218479,4.644591816218479,4.644591816218479,4.644591816218479,4.644591816218479,4.644591816218479,4.644591816218479,4.644591816218479,4.644591816218479,4.644591816218479,4.644591816218479,4.644591816218479,4.644591816218479,4.644591816218479,4.644591816218479,4.644591816218479,4.644591816218479,4.644591816218479,4.644591816218479,4.644591816218479,4.644591816218479,4.644591816218479,4.644591816218479,4.644591816218479,4.644591816218479,4.644591816218479,4.644591816218479,4.644591816218479,4.644591816218479,4.644591816218479,4.644591816218479,4.644591816218479,4.644591816218479,4.644591816218479,4.644591816218479,4.644591816218479,4.644591816218479,4.644591816218479,4.644591816218479,4.644591816218479,4.644591816218479,4.644591816218479,4.644591816218479,4.644591816218479,4.644591816218479,4.644591816218479,4.644591816218479,4.644591816218479,4.644591816218479,4.644591816218479,4.644591816218479,4.644591816218479,4.644591816218479,4.644591816218479,4.644591816218479,4.644591816218479,4.644591816218479,4.644591816218479,4.644591816218479,4.644591816218479,4.644591816218479,4.644591816218479,4.644591816218479,4.644591816218479,4.644591816218479,4.644591816218479,4.644591816218479,4.644591816218479,4.644591816218479,4.644591816218479,4.644591816218479,4.644591816218479,4.644591816218479,4.644591816218479,4.644591816218479,4.644591816218479,4.644591816218479,4.644591816218479,4.644591816218479,4.644591816218479,4.644591816218479,4.644591816218479,4.644591816218479,4.644591816218479,4.644591816218479,4.644591816218479,4.644591816218479,4.644591816218479,4.644591816218479,4.644591816218479,4.644591816218479,4.644591816218479,4.644591816218479,4.644591816218479,4.644591816218479,4.644591816218479,4.644591816218479,4.644591816218479,4.644591816218479,4.644591816218479,4.644591816218479,4.644591816218479,4.644591816218479,4.644591816218479,4.644591816218479,4.644591816218479,4.644591816218479,4.644591816218479,4.644591816218479,4.644591816218479,4.644591816218479,4.644591816218479,4.644591816218479,4.644591816218479,4.644591816218479,4.644591816218479,4.644591816218479,4.644591816218479,4.644591816218479,4.644591816218479,4.644591816218479,4.644591816218479,4.644591816218479,4.644591816218479,4.644591816218479,4.644591816218479,4.644591816218479,4.644591816218479,4.644591816218479,4.644591816218479,4.644591816218479,4.644591816218479,4.644591816218479,4.644591816218479,4.644591816218479,4.644591816218479,4.644591816218479,4.644591816218479,4.644591816218479,10.11590766841258,9.951320677645105,9.951320677645105,9.951320677645105,9.343767278215116,9.343767278215116,9.343767278215116,9.343767278215116,9.343767278215116,9.343767278215116,9.343767278215116,9.343767278215116,9.343767278215116,9.343767278215116,9.343767278215116,9.343767278215116,9.343767278215116,9.343767278215116,9.18266824654963,9.18266824654963,9.18266824654963,9.18266824654963,9.18266824654963,8.935244154957108,8.935244154957108,8.935244154957108,8.935244154957108,8.935244154957108,8.935244154957108,8.935244154957108,8.935244154957108,8.935244154957108,8.935244154957108,8.935244154957108,8.935244154957108,8.935244154957108,8.689079038224437,8.689079038224437,6.61978266985572,6.61978266985572,6.61978266985572,6.600771475257646,6.269950948493765,6.269950948493765,6.269950948493765,5.467219223151299,5.467219223151299,5.467219223151299,5.467219223151299,5.467219223151299,5.467219223151299,5.467219223151299,5.467219223151299,5.467219223151299,5.467219223151299,5.467219223151299,5.467219223151299,5.467219223151299,5.467219223151299,5.467219223151299,5.467219223151299,5.467219223151299,5.467219223151299,5.467219223151299,5.467219223151299,5.467219223151299,5.467219223151299,5.467219223151299,5.467219223151299,5.467219223151299,5.467219223151299,5.467219223151299,5.467219223151299,5.467219223151299,5.467219223151299,5.467219223151299,5.467219223151299,5.467219223151299,5.467219223151299,5.467219223151299,5.467219223151299,5.467219223151299,5.467219223151299,5.467219223151299,5.467219223151299,5.467219223151299,5.467219223151299,5.467219223151299,5.467219223151299,5.467219223151299,5.467219223151299,5.467219223151299,5.467219223151299,5.467219223151299,5.467219223151299,5.467219223151299,5.467219223151299,5.467219223151299,5.467219223151299,5.467219223151299,5.467219223151299,5.467219223151299,5.467219223151299,5.467219223151299,5.467219223151299,5.467219223151299,5.467219223151299,5.467219223151299,5.467219223151299,5.467219223151299,5.467219223151299,5.467219223151299,5.467219223151299,5.467219223151299,5.467219223151299,5.467219223151299,5.467219223151299,5.467219223151299,5.467219223151299,5.467219223151299,5.467219223151299,5.467219223151299,5.467219223151299,5.467219223151299,5.467219223151299,5.467219223151299,5.467219223151299,5.467219223151299,5.467219223151299,5.467219223151299,5.467219223151299,5.467219223151299,5.467219223151299,5.467219223151299,5.467219223151299,5.467219223151299,5.467219223151299,5.467219223151299,5.467219223151299,5.467219223151299,5.467219223151299,5.467219223151299,5.467219223151299,5.467219223151299,5.467219223151299,5.467219223151299,5.467219223151299,5.467219223151299,5.467219223151299,5.467219223151299,5.467219223151299,5.467219223151299,5.467219223151299,5.467219223151299,5.467219223151299,5.467219223151299,5.467219223151299,5.467219223151299,5.467219223151299,5.467219223151299,5.467219223151299,5.467219223151299,5.467219223151299,5.467219223151299,5.467219223151299,5.467219223151299,5.467219223151299,5.467219223151299,5.467219223151299,5.467219223151299,5.467219223151299,5.467219223151299,5.467219223151299,5.467219223151299,5.467219223151299,5.467219223151299,5.467219223151299,5.467219223151299,5.467219223151299,5.467219223151299,5.467219223151299,5.467219223151299,5.467219223151299,5.467219223151299,5.467219223151299,5.467219223151299,5.467219223151299,5.467219223151299,5.467219223151299,5.467219223151299,5.467219223151299,5.467219223151299,5.467219223151299,5.467219223151299,5.467219223151299,5.467219223151299,5.467219223151299,5.467219223151299,5.467219223151299,5.467219223151299,5.467219223151299,5.467219223151299,5.467219223151299,5.467219223151299,5.467219223151299,5.467219223151299,5.467219223151299,5.467219223151299,5.467219223151299,5.467219223151299,5.467219223151299,5.467219223151299,5.467219223151299,5.467219223151299,5.467219223151299,5.467219223151299,5.467219223151299,5.467219223151299,5.467219223151299,5.467219223151299,5.467219223151299,5.467219223151299,5.467219223151299,5.467219223151299,5.467219223151299,5.467219223151299,5.467219223151299,5.467219223151299,5.467219223151299,5.467219223151299,5.467219223151299,5.467219223151299,5.467219223151299,5.467219223151299,5.467219223151299,5.467219223151299,5.467219223151299,5.467219223151299,5.467219223151299,5.467219223151299,5.467219223151299,5.467219223151299,5.467219223151299,5.467219223151299,5.467219223151299,5.467219223151299,5.467219223151299,5.467219223151299,5.467219223151299,5.467219223151299,5.467219223151299,5.467219223151299,5.467219223151299,5.467219223151299,5.467219223151299,5.467219223151299,5.467219223151299,5.467219223151299,5.467219223151299,5.467219223151299,5.467219223151299,5.467219223151299,5.467219223151299,5.467219223151299,5.467219223151299,5.467219223151299,5.467219223151299,5.467219223151299,5.467219223151299,5.467219223151299,5.467219223151299,5.467219223151299,5.467219223151299,5.467219223151299,5.467219223151299,5.467219223151299,5.467219223151299,5.467219223151299,5.467219223151299,5.467219223151299,5.467219223151299,5.467219223151299,5.467219223151299,5.467219223151299,5.467219223151299,5.467219223151299,5.467219223151299,5.467219223151299,5.467219223151299,5.467219223151299,5.467219223151299,5.467219223151299,5.467219223151299,5.467219223151299,5.467219223151299,5.467219223151299,5.467219223151299,5.467219223151299,5.467219223151299,5.467219223151299,5.467219223151299,5.467219223151299,5.467219223151299,5.467219223151299,5.467219223151299,5.467219223151299,5.467219223151299,5.467219223151299,5.467219223151299,5.467219223151299,5.467219223151299,5.467219223151299,5.467219223151299,5.467219223151299,5.467219223151299,5.467219223151299,5.467219223151299,5.467219223151299,5.467219223151299,5.467219223151299,5.467219223151299,5.467219223151299,5.467219223151299,5.467219223151299,5.467219223151299,5.467219223151299,5.467219223151299,5.467219223151299,5.467219223151299,5.467219223151299,5.467219223151299,5.467219223151299,5.467219223151299,5.467219223151299,5.467219223151299,5.467219223151299,5.467219223151299,5.467219223151299,5.467219223151299,5.467219223151299,5.467219223151299,5.467219223151299,5.467219223151299,5.467219223151299,5.467219223151299,5.467219223151299,5.467219223151299,5.467219223151299,5.467219223151299,5.467219223151299,5.467219223151299,5.467219223151299,5.467219223151299,5.467219223151299,5.467219223151299,5.467219223151299,5.467219223151299,5.467219223151299,5.467219223151299,5.467219223151299,5.467219223151299,5.467219223151299,5.467219223151299,5.467219223151299,5.467219223151299,5.467219223151299,5.467219223151299,5.467219223151299,5.467219223151299,5.467219223151299,5.467219223151299,5.467219223151299,5.467219223151299,5.467219223151299,5.467219223151299,5.467219223151299,5.467219223151299,5.467219223151299,5.467219223151299,5.467219223151299,5.467219223151299,5.467219223151299,5.467219223151299,5.467219223151299,5.467219223151299,5.467219223151299,5.467219223151299,5.467219223151299,5.467219223151299,5.467219223151299,5.467219223151299,5.467219223151299,5.467219223151299,5.467219223151299,5.467219223151299,5.467219223151299,5.467219223151299,5.467219223151299,5.467219223151299,5.467219223151299,5.467219223151299,5.467219223151299,5.467219223151299,5.467219223151299,5.467219223151299,5.467219223151299,5.467219223151299,5.467219223151299,5.467219223151299,5.467219223151299,5.467219223151299,5.467219223151299,5.467219223151299,5.467219223151299,5.467219223151299,5.467219223151299,5.467219223151299,5.467219223151299,5.467219223151299,5.467219223151299,5.467219223151299,5.467219223151299,5.467219223151299,5.467219223151299,5.467219223151299,5.467219223151299,5.467219223151299,5.467219223151299,5.467219223151299,5.467219223151299,5.467219223151299,5.467219223151299,5.467219223151299,5.467219223151299,5.467219223151299,5.467219223151299,5.467219223151299,5.467219223151299,5.467219223151299,5.467219223151299,5.467219223151299,5.467219223151299,5.467219223151299,5.467219223151299,5.467219223151299,5.467219223151299,5.467219223151299,5.467219223151299,5.467219223151299,5.467219223151299,5.467219223151299,5.467219223151299,5.467219223151299,5.467219223151299,5.467219223151299,5.467219223151299,5.467219223151299,5.467219223151299,5.467219223151299,5.467219223151299,5.467219223151299,5.467219223151299,5.467219223151299,5.467219223151299,5.467219223151299,5.467219223151299,5.467219223151299,5.467219223151299,5.467219223151299,5.467219223151299,5.467219223151299,5.467219223151299,5.467219223151299,5.467219223151299,5.467219223151299,5.467219223151299,5.467219223151299,5.467219223151299,5.467219223151299,5.467219223151299,5.467219223151299,5.467219223151299,5.467219223151299,5.467219223151299,5.467219223151299,5.467219223151299,5.467219223151299,5.467219223151299,5.467219223151299,5.467219223151299,5.467219223151299,5.467219223151299,5.467219223151299,5.467219223151299,5.467219223151299,5.467219223151299,5.467219223151299,5.467219223151299,5.467219223151299,5.467219223151299,5.467219223151299,5.467219223151299,5.467219223151299,5.467219223151299,5.467219223151299,5.467219223151299,5.467219223151299,5.467219223151299,5.467219223151299,5.467219223151299,5.467219223151299,5.467219223151299,5.467219223151299,5.467219223151299,5.467219223151299,5.467219223151299,5.467219223151299,5.467219223151299,5.467219223151299,5.467219223151299,5.467219223151299,5.467219223151299,5.467219223151299,5.467219223151299,5.467219223151299,5.467219223151299,5.467219223151299,5.467219223151299,5.467219223151299,5.467219223151299,5.467219223151299,5.467219223151299,5.467219223151299,5.467219223151299,5.467219223151299,5.467219223151299,5.467219223151299,5.467219223151299,5.467219223151299,5.467219223151299,5.467219223151299,5.467219223151299,5.467219223151299,5.467219223151299,5.467219223151299,5.467219223151299,5.467219223151299,5.467219223151299,5.467219223151299,5.467219223151299,5.467219223151299,5.467219223151299,5.467219223151299,5.467219223151299,5.467219223151299,5.467219223151299,5.467219223151299,5.467219223151299,5.467219223151299,5.467219223151299,5.467219223151299,5.467219223151299,5.467219223151299,5.467219223151299,5.467219223151299,5.467219223151299,5.467219223151299,5.467219223151299,5.467219223151299,5.467219223151299,5.467219223151299,5.467219223151299,5.467219223151299,5.467219223151299,5.467219223151299,5.467219223151299,5.467219223151299,5.467219223151299,5.467219223151299,5.467219223151299,5.467219223151299,5.467219223151299,5.467219223151299,5.467219223151299,5.467219223151299,5.467219223151299,5.467219223151299,5.467219223151299,5.467219223151299,5.467219223151299,5.467219223151299,5.467219223151299,5.467219223151299,5.467219223151299,5.467219223151299,5.467219223151299,5.467219223151299,5.467219223151299,5.467219223151299,5.467219223151299,5.467219223151299,5.467219223151299,5.467219223151299,5.467219223151299,5.467219223151299,5.467219223151299,5.467219223151299,5.467219223151299,5.467219223151299,5.467219223151299,5.467219223151299,5.467219223151299,5.467219223151299,5.467219223151299,5.467219223151299,5.467219223151299,5.467219223151299,5.467219223151299,5.467219223151299,5.467219223151299,5.467219223151299,5.467219223151299,5.467219223151299,5.467219223151299,5.467219223151299,5.467219223151299,5.467219223151299,5.467219223151299,5.467219223151299,5.467219223151299,5.467219223151299,5.467219223151299,5.467219223151299,5.467219223151299,5.467219223151299,5.467219223151299,5.467219223151299,5.467219223151299,5.467219223151299,5.467219223151299,5.467219223151299,5.467219223151299,5.467219223151299,5.467219223151299,5.467219223151299,5.467219223151299,5.467219223151299,5.467219223151299,5.467219223151299,5.467219223151299,5.467219223151299,5.467219223151299,5.467219223151299,5.467219223151299,5.467219223151299,5.467219223151299,5.467219223151299,5.467219223151299,5.467219223151299,5.467219223151299,5.467219223151299,5.467219223151299,5.467219223151299,5.467219223151299,5.467219223151299,5.467219223151299,5.467219223151299,5.467219223151299,5.467219223151299,5.467219223151299,5.467219223151299,5.467219223151299,5.467219223151299,5.467219223151299,5.467219223151299,5.467219223151299,5.467219223151299,5.467219223151299,5.467219223151299,5.467219223151299,5.467219223151299,5.467219223151299,5.467219223151299,5.467219223151299,5.467219223151299,5.467219223151299,5.467219223151299,5.467219223151299,5.467219223151299,5.467219223151299,5.467219223151299,5.467219223151299,5.467219223151299,5.467219223151299,5.467219223151299,5.467219223151299,5.467219223151299,5.467219223151299,5.467219223151299,5.467219223151299,5.467219223151299,5.467219223151299,5.467219223151299,5.467219223151299,5.467219223151299,5.467219223151299,5.467219223151299,5.467219223151299,5.467219223151299,5.467219223151299,5.467219223151299,5.467219223151299,5.467219223151299,5.467219223151299,5.467219223151299,5.467219223151299,5.467219223151299,5.467219223151299,5.467219223151299,5.467219223151299,5.467219223151299,5.467219223151299,5.467219223151299,5.467219223151299,5.467219223151299,5.467219223151299,5.467219223151299,5.467219223151299,5.467219223151299,5.467219223151299,5.467219223151299,5.467219223151299,5.467219223151299,5.467219223151299,5.467219223151299,5.467219223151299,5.467219223151299,5.467219223151299,5.467219223151299,5.467219223151299,5.467219223151299,5.467219223151299,5.467219223151299,5.467219223151299,5.467219223151299,5.467219223151299,5.467219223151299,5.467219223151299,5.467219223151299,5.467219223151299,5.467219223151299,5.467219223151299,5.467219223151299,5.467219223151299,5.467219223151299,5.467219223151299,5.467219223151299,5.467219223151299,5.467219223151299,5.467219223151299,5.467219223151299,5.467219223151299,5.467219223151299,5.467219223151299,5.467219223151299,5.467219223151299,5.467219223151299,5.467219223151299,5.467219223151299,5.467219223151299,5.467219223151299,5.467219223151299,5.467219223151299,5.467219223151299,5.467219223151299,5.467219223151299,5.467219223151299,5.467219223151299,5.467219223151299,5.467219223151299,5.467219223151299,5.467219223151299,5.467219223151299,5.467219223151299,5.467219223151299,5.467219223151299,5.467219223151299,5.467219223151299,5.467219223151299,5.467219223151299,5.467219223151299,5.467219223151299,5.467219223151299,5.467219223151299,5.467219223151299,5.467219223151299,5.467219223151299,5.467219223151299,5.467219223151299,5.467219223151299,5.467219223151299,5.467219223151299,5.467219223151299,5.467219223151299,5.467219223151299,5.467219223151299,5.467219223151299,5.467219223151299,5.467219223151299,5.467219223151299,5.467219223151299,5.467219223151299,5.467219223151299,5.467219223151299,5.467219223151299,5.467219223151299,5.467219223151299,5.467219223151299,5.467219223151299,5.467219223151299,5.467219223151299,5.467219223151299,5.467219223151299,5.467219223151299,5.467219223151299,5.467219223151299,5.467219223151299,5.467219223151299,5.467219223151299,5.467219223151299,5.467219223151299,5.467219223151299,5.467219223151299,5.467219223151299,5.467219223151299,5.467219223151299,5.467219223151299,5.467219223151299,5.467219223151299,5.467219223151299,5.467219223151299,5.467219223151299,5.467219223151299,5.467219223151299,5.467219223151299,5.467219223151299,5.467219223151299,5.467219223151299,5.467219223151299,5.467219223151299,5.467219223151299,5.467219223151299,5.467219223151299,5.467219223151299,5.467219223151299,5.467219223151299,5.467219223151299,5.467219223151299,5.467219223151299,5.467219223151299,5.467219223151299,5.467219223151299,5.467219223151299,5.467219223151299,5.467219223151299,5.467219223151299,5.467219223151299,5.467219223151299,5.467219223151299,5.467219223151299,5.467219223151299,5.467219223151299,5.467219223151299,5.467219223151299,5.467219223151299,5.467219223151299,5.467219223151299,5.467219223151299,5.467219223151299,5.467219223151299,5.467219223151299,5.467219223151299,5.467219223151299,5.467219223151299,5.467219223151299,5.467219223151299,5.467219223151299,5.467219223151299,5.467219223151299,5.467219223151299,5.467219223151299,5.467219223151299,5.467219223151299,5.467219223151299,5.467219223151299,5.467219223151299,5.467219223151299,5.467219223151299,5.467219223151299,5.467219223151299,5.467219223151299,5.467219223151299,5.467219223151299,5.467219223151299,5.467219223151299,5.467219223151299,5.467219223151299,5.467219223151299,5.467219223151299,5.467219223151299,5.467219223151299,5.467219223151299,5.467219223151299,5.467219223151299,5.467219223151299,5.467219223151299,5.467219223151299,5.467219223151299,5.467219223151299,5.467219223151299,5.467219223151299,5.467219223151299,5.467219223151299,5.467219223151299,5.467219223151299,5.467219223151299,5.467219223151299,5.467219223151299,5.467219223151299,5.467219223151299,5.467219223151299,5.467219223151299,5.467219223151299,5.467219223151299,5.467219223151299,5.467219223151299,5.467219223151299,5.467219223151299,5.467219223151299,5.467219223151299,5.467219223151299,5.467219223151299,5.467219223151299,5.467219223151299,5.467219223151299,5.467219223151299,5.467219223151299,5.467219223151299,5.467219223151299,5.467219223151299,5.467219223151299,5.467219223151299,5.467219223151299,5.467219223151299,5.467219223151299,5.467219223151299,5.467219223151299,5.467219223151299,5.467219223151299,5.467219223151299,5.467219223151299,5.467219223151299,5.467219223151299,5.467219223151299,5.467219223151299,5.467219223151299,5.467219223151299,5.467219223151299,5.467219223151299,5.467219223151299,5.467219223151299,5.467219223151299,5.467219223151299,5.467219223151299,5.467219223151299,5.467219223151299,5.467219223151299,5.467219223151299,5.467219223151299,5.467219223151299,5.467219223151299,5.467219223151299,5.467219223151299,5.467219223151299,5.467219223151299,5.467219223151299,5.467219223151299,5.467219223151299,5.467219223151299,5.467219223151299,5.467219223151299,5.467219223151299,5.467219223151299,5.467219223151299,5.467219223151299,5.467219223151299,5.467219223151299,5.467219223151299,5.467219223151299,5.467219223151299,8.738195836776006,8.665577857650225,8.52576403858389,8.52576403858389,8.347244930047511,8.347244930047511,8.347244930047511,7.563050407805806,6.743897206273774,6.743897206273774,6.199882446295601,6.145184358865393,6.145184358865393,6.145184358865393,6.145184358865393,6.145184358865393,6.145184358865393,6.145184358865393,5.744921198140241,5.744921198140241,4.659221585979993,4.659221585979993,4.659221585979993,4.659221585979993,4.659221585979993,4.659221585979993,4.659221585979993,4.659221585979993,4.659221585979993,4.659221585979993,4.659221585979993,4.659221585979993,4.659221585979993,4.659221585979993,4.659221585979993,4.659221585979993,4.659221585979993,4.659221585979993,4.659221585979993,4.659221585979993,4.659221585979993,4.659221585979993,4.659221585979993,4.659221585979993,4.659221585979993,4.659221585979993,4.659221585979993,4.659221585979993,4.659221585979993,4.659221585979993,4.659221585979993,4.659221585979993,4.659221585979993,4.659221585979993,4.659221585979993,4.659221585979993,4.659221585979993,4.659221585979993,4.659221585979993,4.659221585979993,4.659221585979993,4.659221585979993,4.659221585979993,4.659221585979993,4.659221585979993,4.659221585979993,4.659221585979993,4.659221585979993,4.659221585979993,4.659221585979993,4.659221585979993,4.659221585979993,4.659221585979993,4.659221585979993,4.659221585979993,4.659221585979993,4.659221585979993,4.659221585979993,4.659221585979993,4.659221585979993,4.659221585979993,4.659221585979993,4.659221585979993,4.659221585979993,4.659221585979993,4.659221585979993,4.659221585979993,4.659221585979993,4.659221585979993,4.659221585979993,4.659221585979993,4.659221585979993,4.659221585979993,4.659221585979993,4.659221585979993,4.659221585979993,4.659221585979993,4.659221585979993,4.659221585979993,4.659221585979993,4.659221585979993,4.659221585979993,4.659221585979993,4.659221585979993,4.659221585979993,4.659221585979993,4.659221585979993,4.659221585979993,4.659221585979993,4.659221585979993,4.659221585979993,4.659221585979993,4.659221585979993,4.659221585979993,4.659221585979993,4.659221585979993,4.659221585979993,4.659221585979993,4.659221585979993,4.659221585979993,4.659221585979993,4.659221585979993,4.659221585979993,4.659221585979993,4.659221585979993,4.659221585979993,4.659221585979993,4.659221585979993,4.659221585979993,4.659221585979993,4.659221585979993,4.659221585979993,4.659221585979993,4.659221585979993,4.659221585979993,4.659221585979993,4.659221585979993,4.659221585979993,4.659221585979993,4.659221585979993,4.659221585979993,4.659221585979993,4.659221585979993,4.659221585979993,4.659221585979993,4.659221585979993,4.659221585979993,4.659221585979993,4.659221585979993,4.659221585979993,4.659221585979993,4.659221585979993,4.659221585979993,4.659221585979993,4.659221585979993,4.659221585979993,4.659221585979993,4.659221585979993,4.659221585979993,4.659221585979993,4.659221585979993,4.659221585979993,4.659221585979993,4.659221585979993,4.659221585979993,4.659221585979993,4.659221585979993,4.659221585979993,4.659221585979993,4.659221585979993,4.659221585979993,4.659221585979993,4.659221585979993,4.659221585979993,4.659221585979993,4.659221585979993,4.659221585979993,4.659221585979993,4.659221585979993,4.659221585979993,4.659221585979993,4.659221585979993,4.659221585979993,4.659221585979993,4.659221585979993,4.659221585979993,4.659221585979993,4.659221585979993,4.659221585979993,4.659221585979993,4.659221585979993,4.659221585979993,4.659221585979993,4.659221585979993,4.659221585979993,4.659221585979993,4.659221585979993,4.659221585979993,4.659221585979993,4.659221585979993,4.659221585979993,4.659221585979993,4.659221585979993,4.659221585979993,4.659221585979993,4.659221585979993,4.659221585979993,4.659221585979993,4.659221585979993,4.659221585979993,4.659221585979993,4.659221585979993,4.659221585979993,4.659221585979993,4.659221585979993,4.659221585979993,4.659221585979993,4.659221585979993,4.659221585979993,4.659221585979993,4.659221585979993,4.659221585979993,4.659221585979993,4.659221585979993,4.659221585979993,4.659221585979993,4.659221585979993,4.659221585979993,4.659221585979993,4.659221585979993,4.659221585979993,4.659221585979993,4.659221585979993,4.659221585979993,4.659221585979993,4.659221585979993,4.659221585979993,4.659221585979993,4.659221585979993,4.659221585979993,4.659221585979993,4.659221585979993,4.659221585979993,4.659221585979993,4.659221585979993,4.659221585979993,4.659221585979993,4.659221585979993,4.659221585979993,4.659221585979993,4.659221585979993,4.659221585979993,4.659221585979993,4.659221585979993,4.659221585979993,4.659221585979993,4.659221585979993,4.659221585979993,4.659221585979993,4.659221585979993,4.659221585979993,4.659221585979993,4.659221585979993,4.659221585979993,4.659221585979993,4.659221585979993,4.659221585979993,4.659221585979993,4.659221585979993,4.659221585979993,4.659221585979993,4.659221585979993,4.659221585979993,4.659221585979993,4.659221585979993,4.659221585979993,4.659221585979993,4.659221585979993,4.659221585979993,4.659221585979993,4.659221585979993,4.659221585979993,4.659221585979993,4.659221585979993,4.659221585979993,4.659221585979993,4.659221585979993,4.659221585979993,4.659221585979993,4.659221585979993,4.659221585979993,4.659221585979993,4.659221585979993,4.659221585979993,4.659221585979993,4.659221585979993,4.659221585979993,4.659221585979993,4.659221585979993,4.659221585979993,4.659221585979993,4.659221585979993,4.659221585979993,4.659221585979993,4.659221585979993,4.659221585979993,4.659221585979993,4.659221585979993,4.659221585979993,4.659221585979993,4.659221585979993,4.659221585979993,4.659221585979993,4.659221585979993,4.659221585979993,4.659221585979993,4.659221585979993,4.659221585979993,4.659221585979993,4.659221585979993,4.659221585979993,4.659221585979993,4.659221585979993,4.659221585979993,4.659221585979993,4.659221585979993,4.659221585979993,4.659221585979993,4.659221585979993,4.659221585979993,4.659221585979993,4.659221585979993,4.659221585979993,4.659221585979993,4.659221585979993,4.659221585979993,4.659221585979993,4.659221585979993,4.659221585979993,4.659221585979993,4.659221585979993,4.659221585979993,4.659221585979993,4.659221585979993,4.659221585979993,4.659221585979993,4.659221585979993,4.659221585979993,4.659221585979993,4.659221585979993,4.659221585979993,4.659221585979993,4.659221585979993,4.659221585979993,4.659221585979993,4.659221585979993,4.659221585979993,4.659221585979993,4.659221585979993,4.659221585979993,4.659221585979993,4.659221585979993,4.659221585979993,4.659221585979993,4.659221585979993,4.659221585979993,4.659221585979993,4.659221585979993,4.659221585979993,4.659221585979993,4.659221585979993,4.659221585979993,4.659221585979993,4.659221585979993,4.659221585979993,4.659221585979993,4.659221585979993,4.659221585979993,4.659221585979993,4.659221585979993,4.659221585979993,4.659221585979993,4.659221585979993,4.659221585979993,4.659221585979993,4.659221585979993,4.659221585979993,4.659221585979993,4.659221585979993,4.659221585979993,4.659221585979993,4.659221585979993,4.659221585979993,4.659221585979993,4.659221585979993,4.659221585979993,4.659221585979993,4.659221585979993,4.659221585979993,4.659221585979993,4.659221585979993,4.659221585979993,4.659221585979993,4.659221585979993,4.659221585979993,4.659221585979993,4.659221585979993,4.659221585979993,4.659221585979993,4.659221585979993,4.659221585979993,4.659221585979993,4.659221585979993,4.659221585979993,4.659221585979993,4.659221585979993,4.659221585979993,4.659221585979993,4.659221585979993,4.659221585979993,4.659221585979993,4.659221585979993,4.659221585979993,4.659221585979993,4.659221585979993,4.659221585979993,4.659221585979993,4.659221585979993,4.659221585979993,4.659221585979993,4.659221585979993,4.659221585979993,4.659221585979993,4.659221585979993,4.659221585979993,4.659221585979993,4.659221585979993,4.659221585979993,4.659221585979993,4.659221585979993,4.659221585979993,4.659221585979993,4.659221585979993,4.659221585979993,4.659221585979993,4.659221585979993,4.659221585979993,4.659221585979993,4.659221585979993,4.659221585979993,4.659221585979993,4.659221585979993,4.659221585979993,4.659221585979993,4.659221585979993,4.659221585979993,4.659221585979993,4.659221585979993,4.659221585979993,4.659221585979993,4.659221585979993,4.659221585979993,4.659221585979993,4.659221585979993,4.659221585979993,4.659221585979993,4.659221585979993,4.659221585979993,4.659221585979993,4.659221585979993,4.659221585979993,4.659221585979993,4.659221585979993,4.659221585979993,4.659221585979993,4.659221585979993,4.659221585979993,4.659221585979993,4.659221585979993,4.659221585979993,4.659221585979993,4.659221585979993,4.659221585979993,4.659221585979993,4.659221585979993,4.659221585979993,4.659221585979993,4.659221585979993,4.659221585979993,4.659221585979993,4.659221585979993,4.659221585979993,4.659221585979993,4.659221585979993,4.659221585979993,4.659221585979993,4.659221585979993,4.659221585979993,4.659221585979993,4.659221585979993,4.659221585979993,4.659221585979993,4.659221585979993,4.659221585979993,4.659221585979993,4.659221585979993,4.659221585979993,4.659221585979993,4.659221585979993,4.659221585979993,4.659221585979993,4.659221585979993,4.659221585979993,4.659221585979993,4.659221585979993,4.659221585979993,4.659221585979993,4.659221585979993,4.659221585979993,4.659221585979993,4.659221585979993,4.659221585979993,4.659221585979993,4.659221585979993,4.659221585979993,4.659221585979993,4.659221585979993,4.659221585979993,4.659221585979993,4.659221585979993,4.659221585979993,4.659221585979993,4.659221585979993,4.659221585979993,4.659221585979993,4.659221585979993,4.659221585979993,4.659221585979993,4.659221585979993,4.659221585979993,4.659221585979993,4.659221585979993,4.659221585979993,4.659221585979993,4.659221585979993,4.659221585979993,4.659221585979993,4.659221585979993,4.659221585979993,4.659221585979993,4.659221585979993,4.659221585979993,4.659221585979993,4.659221585979993,4.659221585979993,4.659221585979993,4.659221585979993,4.659221585979993,4.659221585979993,4.659221585979993,4.659221585979993,4.659221585979993,4.659221585979993,4.659221585979993,4.659221585979993,4.659221585979993,4.659221585979993,4.659221585979993,4.659221585979993,4.659221585979993,4.659221585979993,4.659221585979993,4.659221585979993,4.659221585979993,4.659221585979993,4.659221585979993,4.659221585979993,4.659221585979993,4.659221585979993,4.659221585979993,4.659221585979993,4.659221585979993,4.659221585979993,4.659221585979993,4.659221585979993,4.659221585979993,4.659221585979993,4.659221585979993,4.659221585979993,4.659221585979993,4.659221585979993,4.659221585979993,4.659221585979993,4.659221585979993,4.659221585979993,4.659221585979993,4.659221585979993,4.659221585979993,4.659221585979993,4.659221585979993,4.659221585979993,4.659221585979993,4.659221585979993,4.659221585979993,4.659221585979993,3.8646424854590316,3.8055552901819856,3.8055552901819856,3.8055552901819856,3.8055552901819856,3.8055552901819856,3.8055552901819856,3.8055552901819856,3.8055552901819856,3.8055552901819856,3.8055552901819856,3.8055552901819856,3.8055552901819856,3.8055552901819856,3.8055552901819856,3.8055552901819856,3.8055552901819856,3.8055552901819856,3.8055552901819856,3.8055552901819856,3.8055552901819856,3.8055552901819856,3.8055552901819856,3.8055552901819856,3.8055552901819856,3.8055552901819856,3.8055552901819856,3.8055552901819856,3.8055552901819856,3.8055552901819856,3.8055552901819856,3.8055552901819856,3.8055552901819856,3.8055552901819856,3.8055552901819856,3.8055552901819856,3.8055552901819856,3.8055552901819856,3.8055552901819856,3.8055552901819856,3.8055552901819856,3.8055552901819856,3.8055552901819856,3.8055552901819856,3.8055552901819856,3.8055552901819856,3.8055552901819856,3.8055552901819856,3.8055552901819856,3.8055552901819856,3.8055552901819856,3.8055552901819856,3.8055552901819856,3.8055552901819856,3.8055552901819856,3.8055552901819856,3.8055552901819856,3.8055552901819856,3.8055552901819856,3.8055552901819856,3.8055552901819856,3.8055552901819856,3.8055552901819856,3.8055552901819856,3.8055552901819856,3.8055552901819856,3.8055552901819856,3.8055552901819856,3.8055552901819856,3.8055552901819856,3.8055552901819856,3.8055552901819856,3.8055552901819856,3.8055552901819856,3.8055552901819856,3.8055552901819856,3.8055552901819856,3.8055552901819856,3.8055552901819856,3.8055552901819856,3.8055552901819856,3.8055552901819856,3.8055552901819856,3.8055552901819856,3.8055552901819856,3.8055552901819856,3.8055552901819856,3.8055552901819856,3.8055552901819856,3.8055552901819856,3.8055552901819856,3.8055552901819856,3.8055552901819856,3.8055552901819856,3.8055552901819856,3.8055552901819856,3.8055552901819856,3.8055552901819856,3.8055552901819856,3.8055552901819856,3.8055552901819856,3.8055552901819856,3.8055552901819856,3.8055552901819856,3.8055552901819856,3.8055552901819856,3.8055552901819856,3.8055552901819856,3.8055552901819856,3.8055552901819856,3.8055552901819856,3.8055552901819856,3.8055552901819856,3.8055552901819856,3.8055552901819856,3.8055552901819856,3.8055552901819856,3.8055552901819856,3.8055552901819856,3.8055552901819856,3.8055552901819856,3.8055552901819856,3.8055552901819856,3.8055552901819856,3.8055552901819856,3.8055552901819856,3.8055552901819856,3.8055552901819856,3.8055552901819856,3.8055552901819856,3.8055552901819856,3.8055552901819856,3.8055552901819856,3.8055552901819856,3.8055552901819856,3.8055552901819856,3.8055552901819856,3.8055552901819856,3.8055552901819856,3.8055552901819856,3.8055552901819856,3.8055552901819856,3.8055552901819856,3.8055552901819856,3.8055552901819856,3.8055552901819856,3.8055552901819856,3.8055552901819856,3.8055552901819856,3.8055552901819856,3.8055552901819856,3.8055552901819856,3.8055552901819856,3.8055552901819856,3.8055552901819856,3.8055552901819856,3.8055552901819856,3.8055552901819856,3.8055552901819856,3.8055552901819856,3.8055552901819856,3.8055552901819856,3.8055552901819856,3.8055552901819856,3.8055552901819856,3.8055552901819856,3.8055552901819856,3.8055552901819856,3.8055552901819856,3.8055552901819856,3.8055552901819856,3.8055552901819856,3.8055552901819856,3.8055552901819856,3.8055552901819856,3.8055552901819856,3.8055552901819856,3.8055552901819856,3.8055552901819856,3.8055552901819856,3.8055552901819856,3.8055552901819856,3.8055552901819856,3.8055552901819856,3.8055552901819856,3.8055552901819856,3.8055552901819856,3.8055552901819856,3.8055552901819856,3.8055552901819856,3.8055552901819856,3.8055552901819856,3.8055552901819856,3.8055552901819856,3.8055552901819856,3.8055552901819856,3.8055552901819856,3.8055552901819856,3.8055552901819856,3.8055552901819856,3.8055552901819856,3.8055552901819856,3.8055552901819856,3.8055552901819856,3.8055552901819856,3.8055552901819856,3.8055552901819856,3.8055552901819856,3.8055552901819856,3.8055552901819856,3.8055552901819856,3.8055552901819856,3.8055552901819856,3.8055552901819856,3.8055552901819856,3.8055552901819856,3.8055552901819856,3.8055552901819856,3.8055552901819856,3.8055552901819856,3.8055552901819856,3.8055552901819856,3.8055552901819856,3.8055552901819856,3.8055552901819856,3.8055552901819856,3.8055552901819856,3.8055552901819856,3.8055552901819856,3.8055552901819856,3.8055552901819856,3.8055552901819856,3.8055552901819856,3.8055552901819856,3.8055552901819856,3.8055552901819856,3.8055552901819856,3.8055552901819856,3.8055552901819856,3.8055552901819856,3.8055552901819856,3.8055552901819856,3.8055552901819856,3.8055552901819856,3.8055552901819856,3.8055552901819856,3.8055552901819856,3.8055552901819856,3.8055552901819856,3.8055552901819856,3.8055552901819856,3.8055552901819856,3.8055552901819856,3.8055552901819856,3.8055552901819856,3.8055552901819856,3.8055552901819856,3.8055552901819856,3.8055552901819856,3.8055552901819856,3.8055552901819856,3.8055552901819856,3.8055552901819856,3.8055552901819856,3.8055552901819856,3.8055552901819856,3.8055552901819856,3.8055552901819856,3.8055552901819856,3.8055552901819856,3.8055552901819856,3.8055552901819856,3.8055552901819856,3.8055552901819856,3.8055552901819856,3.8055552901819856,3.8055552901819856,3.8055552901819856,3.8055552901819856,3.8055552901819856,3.8055552901819856,3.8055552901819856,3.8055552901819856,3.8055552901819856,3.8055552901819856,3.8055552901819856,3.8055552901819856,3.8055552901819856,3.8055552901819856,3.8055552901819856,3.8055552901819856,3.8055552901819856,3.8055552901819856,3.8055552901819856,3.8055552901819856,3.8055552901819856,3.8055552901819856,3.8055552901819856,3.8055552901819856,3.8055552901819856,3.8055552901819856,3.8055552901819856,3.8055552901819856,3.8055552901819856,3.8055552901819856,3.8055552901819856,3.8055552901819856,3.8055552901819856,3.8055552901819856,3.8055552901819856,3.8055552901819856,3.8055552901819856,3.8055552901819856,3.8055552901819856,3.8055552901819856,3.8055552901819856,3.8055552901819856,3.8055552901819856,3.8055552901819856,3.8055552901819856,3.8055552901819856,3.8055552901819856,3.8055552901819856,3.8055552901819856,3.8055552901819856,3.8055552901819856,3.8055552901819856,3.8055552901819856,3.8055552901819856,3.8055552901819856,3.8055552901819856,3.8055552901819856,3.8055552901819856,3.8055552901819856,3.8055552901819856,3.8055552901819856,3.8055552901819856,3.8055552901819856,3.8055552901819856,3.8055552901819856,3.8055552901819856,3.8055552901819856,3.8055552901819856,3.8055552901819856,3.8055552901819856,3.8055552901819856,3.8055552901819856,3.8055552901819856,3.8055552901819856,3.8055552901819856,3.8055552901819856,3.8055552901819856,3.8055552901819856,3.8055552901819856,3.8055552901819856,3.8055552901819856,3.8055552901819856,3.8055552901819856,3.8055552901819856,3.8055552901819856,3.8055552901819856,3.8055552901819856,3.8055552901819856,3.8055552901819856,3.8055552901819856,3.8055552901819856,3.8055552901819856,3.8055552901819856,3.8055552901819856,3.8055552901819856,3.8055552901819856,3.8055552901819856,3.8055552901819856,3.8055552901819856,3.8055552901819856,3.8055552901819856,3.8055552901819856,3.8055552901819856,3.8055552901819856,3.8055552901819856,3.8055552901819856,3.8055552901819856,3.8055552901819856,3.8055552901819856,3.8055552901819856,3.8055552901819856,3.8055552901819856,3.8055552901819856,3.8055552901819856,3.8055552901819856,3.8055552901819856,3.8055552901819856,3.8055552901819856,3.8055552901819856,3.8055552901819856,7.4762569501779375,7.4762569501779375,7.355643547747587,7.355643547747587,7.320570202894603,7.07640377642629,7.07640377642629,7.07640377642629,7.07640377642629,7.07640377642629,7.01825342735796,6.798348995122281,6.755070883638116,6.755070883638116,6.755070883638116,6.755070883638116,6.755070883638116,6.755070883638116,6.755070883638116,6.755070883638116,6.755070883638116,6.755070883638116,6.755070883638116,6.755070883638116,6.755070883638116,6.755070883638116,6.755070883638116,6.755070883638116,6.755070883638116,6.755070883638116,6.755070883638116,6.755070883638116,6.755070883638116,6.53486959616625,6.53486959616625,6.53486959616625,6.504081540360159,6.504081540360159,6.504081540360159,6.504081540360159,6.504081540360159,6.504081540360159,6.504081540360159,6.504081540360159,6.504081540360159,6.504081540360159,6.504081540360159,6.504081540360159,6.504081540360159,6.504081540360159,6.504081540360159,6.504081540360159,6.504081540360159,6.504081540360159,6.504081540360159,6.504081540360159,6.504081540360159,6.504081540360159,6.504081540360159,5.7538078295098,5.7538078295098,5.7538078295098,5.164092376966286,5.164092376966286,5.164092376966286,5.164092376966286,5.164092376966286,5.164092376966286,5.164092376966286,5.115702422238864,5.115702422238864,5.115702422238864,5.115702422238864,5.115702422238864,5.115702422238864,5.115702422238864,4.907813588991383,4.907813588991383,4.871707687460873,4.871707687460873,4.871707687460873,4.871707687460873,4.871707687460873,4.871707687460873,4.871707687460873,4.871707687460873,4.871707687460873,4.871707687460873,4.871707687460873,4.871707687460873,4.871707687460873,4.871707687460873,4.871707687460873,4.871707687460873,4.871707687460873,4.871707687460873,4.871707687460873,4.871707687460873,4.871707687460873,4.871707687460873,4.871707687460873,4.871707687460873,4.871707687460873,4.871707687460873,4.871707687460873,4.871707687460873,4.871707687460873,4.871707687460873,4.819433201072663,4.819433201072663,4.819433201072663,4.819433201072663,4.819433201072663,4.819433201072663,4.819433201072663,4.710206627205657,4.710206627205657,4.5249939032586886,4.5249939032586886,4.5249939032586886,4.5249939032586886,4.5249939032586886,4.5249939032586886,4.5249939032586886,4.5249939032586886,4.5249939032586886,4.5249939032586886,4.5249939032586886,4.5249939032586886,4.5249939032586886,4.5249939032586886,4.5249939032586886,4.5249939032586886,4.5249939032586886,4.5249939032586886,4.5249939032586886,4.5249939032586886,4.5249939032586886,4.5249939032586886,4.5249939032586886,4.5249939032586886,4.5249939032586886,4.5249939032586886,4.5249939032586886,4.5249939032586886,4.5249939032586886,4.5249939032586886,4.5249939032586886,4.5249939032586886,4.5249939032586886,4.5249939032586886,4.5249939032586886,4.5249939032586886,4.5249939032586886,4.5249939032586886,4.5249939032586886,4.5249939032586886,4.5249939032586886,4.5249939032586886,4.5249939032586886,4.5249939032586886,4.5249939032586886,4.5249939032586886,4.5249939032586886,4.5249939032586886,4.5249939032586886,4.5249939032586886,4.5249939032586886,4.5249939032586886,4.5249939032586886,4.5249939032586886,4.5249939032586886,4.5249939032586886,4.5249939032586886,4.5249939032586886,4.5249939032586886,4.5249939032586886,4.5249939032586886,4.5249939032586886,4.5249939032586886,4.5249939032586886,4.5249939032586886,4.5249939032586886,4.5249939032586886,4.5249939032586886,4.5249939032586886,4.5249939032586886,4.5249939032586886,4.5249939032586886,4.5249939032586886,4.5249939032586886,4.5249939032586886,4.5249939032586886,4.5249939032586886,4.5249939032586886,4.5249939032586886,4.5249939032586886,4.5249939032586886,4.5249939032586886,4.5249939032586886,4.5249939032586886,4.5249939032586886,4.5249939032586886,4.5249939032586886,4.5249939032586886,4.5249939032586886,4.5249939032586886,4.5249939032586886,4.5249939032586886,4.5249939032586886,4.5249939032586886,4.5249939032586886,4.5249939032586886,4.5249939032586886,4.5249939032586886,4.5249939032586886,4.5249939032586886,4.5249939032586886,4.5249939032586886,4.5249939032586886,4.5249939032586886,4.5249939032586886,4.5249939032586886,4.5249939032586886,4.5249939032586886,4.5249939032586886,4.5249939032586886,4.5249939032586886,4.5249939032586886,4.5249939032586886,4.5249939032586886,4.5249939032586886,4.5249939032586886,4.5249939032586886,4.5249939032586886,4.5249939032586886,4.5249939032586886,4.5249939032586886,4.5249939032586886,4.5249939032586886,4.5249939032586886,4.5249939032586886,4.5249939032586886,4.5249939032586886,4.5249939032586886,4.5249939032586886,4.5249939032586886,4.5249939032586886,4.5249939032586886,4.5249939032586886,4.5249939032586886,4.5249939032586886,4.5249939032586886,4.5249939032586886,4.5249939032586886,4.5249939032586886,4.5249939032586886,4.5249939032586886,4.5249939032586886,4.5249939032586886,4.5249939032586886,4.5249939032586886,4.5249939032586886,4.5249939032586886,4.5249939032586886,4.5249939032586886,4.5249939032586886,4.5249939032586886,4.5249939032586886,4.5249939032586886,4.5249939032586886,4.5249939032586886,4.5249939032586886,4.5249939032586886,4.5249939032586886,4.5249939032586886,4.5249939032586886,4.5249939032586886,4.5249939032586886,4.5249939032586886,4.5249939032586886,4.5249939032586886,4.5249939032586886,4.5249939032586886,4.5249939032586886,4.5249939032586886,4.5249939032586886,4.5249939032586886,4.5249939032586886,4.5249939032586886,4.5249939032586886,4.5249939032586886,4.5249939032586886,4.5249939032586886,4.5249939032586886,4.5249939032586886,4.5249939032586886,4.5249939032586886,4.5249939032586886,4.5249939032586886,4.5249939032586886,4.5249939032586886,4.5249939032586886,4.5249939032586886,4.5249939032586886,4.5249939032586886,4.5249939032586886,4.5249939032586886,4.5249939032586886,4.5249939032586886,4.5249939032586886,4.5249939032586886,4.5249939032586886,4.5249939032586886,4.5249939032586886,4.5249939032586886,4.5249939032586886,4.5249939032586886,4.5249939032586886,4.5249939032586886,4.5249939032586886,4.5249939032586886,4.5249939032586886,4.5249939032586886,4.5249939032586886,4.5249939032586886,4.5249939032586886,4.5249939032586886,4.5249939032586886,4.5249939032586886,4.5249939032586886,4.5249939032586886,4.5249939032586886,4.5249939032586886,4.5249939032586886,4.5249939032586886,4.5249939032586886,4.5249939032586886,4.5249939032586886,4.5249939032586886,4.5249939032586886,4.5249939032586886,4.5249939032586886,4.5249939032586886,4.5249939032586886,4.5249939032586886,4.5249939032586886,4.5249939032586886,4.5249939032586886,4.5249939032586886,4.5249939032586886,4.5249939032586886,4.5249939032586886,4.5249939032586886,4.5249939032586886,4.5249939032586886,4.5249939032586886,4.5249939032586886,4.5249939032586886,4.5249939032586886,4.5249939032586886,4.5249939032586886,4.5249939032586886,4.5249939032586886,4.5249939032586886,4.5249939032586886,4.5249939032586886,4.5249939032586886,4.5249939032586886,4.5249939032586886,4.5249939032586886,4.030963690315508,4.030963690315508,4.030963690315508,4.030963690315508,4.030963690315508,4.030963690315508,4.030963690315508,4.030963690315508,4.030963690315508,3.542512537850654,3.542512537850654,3.542512537850654,3.542512537850654,3.542512537850654,3.542512537850654,3.542512537850654,3.542512537850654,3.542512537850654,3.542512537850654,3.542512537850654,3.542512537850654,3.542512537850654,3.5418206744730814,3.5418206744730814,3.5418206744730814,3.5418206744730814,3.5418206744730814,3.5418206744730814,3.5418206744730814,3.5418206744730814,3.5418206744730814,3.5418206744730814,3.5418206744730814,3.5418206744730814,3.5418206744730814,3.5418206744730814,3.5418206744730814,3.5418206744730814,3.5418206744730814,3.5418206744730814,3.5418206744730814,3.5418206744730814,3.5418206744730814,3.5418206744730814,3.5418206744730814,3.5418206744730814,3.5418206744730814,3.5418206744730814,3.5418206744730814,3.5418206744730814,3.5418206744730814,3.5418206744730814,3.5418206744730814,3.5418206744730814,3.5418206744730814,3.5418206744730814,3.5418206744730814,3.5418206744730814,3.5418206744730814,3.5418206744730814,3.5418206744730814,3.5418206744730814,3.5418206744730814,3.5418206744730814,3.5418206744730814,3.5418206744730814,3.5418206744730814,3.5418206744730814,3.5418206744730814,3.5418206744730814,3.5418206744730814,3.5418206744730814,3.5418206744730814,3.5418206744730814,3.5418206744730814,3.5418206744730814,3.5418206744730814,3.5418206744730814,3.5418206744730814,3.5418206744730814,3.5418206744730814,3.5418206744730814,3.5418206744730814,3.5418206744730814,3.5418206744730814,3.5418206744730814,3.5418206744730814,3.5418206744730814,3.5418206744730814,3.5418206744730814,3.5418206744730814,3.5418206744730814,3.5418206744730814,3.5418206744730814,3.5418206744730814,3.5418206744730814,3.5418206744730814,3.5418206744730814,3.5418206744730814,3.5418206744730814,3.5418206744730814,3.5418206744730814,3.5418206744730814,3.5418206744730814,3.5418206744730814,3.5418206744730814,3.5418206744730814,3.5418206744730814,3.5418206744730814,3.5418206744730814,3.5418206744730814,3.5418206744730814,3.5418206744730814,3.5418206744730814,3.5418206744730814,3.5418206744730814,3.5418206744730814,3.5418206744730814,3.5418206744730814,3.5418206744730814,3.5418206744730814,3.5418206744730814,3.5418206744730814,3.5418206744730814,3.5418206744730814,3.5418206744730814,3.5418206744730814,3.5418206744730814,3.5418206744730814,3.5418206744730814,3.5418206744730814,3.5418206744730814,3.5418206744730805,3.5418206744730805,3.5418206744730805,3.5418206744730805,3.5418206744730805,3.5418206744730805,3.5418206744730805,3.5418206744730805,3.5418206744730805,3.5418206744730805,3.5418206744730805,3.5418206744730805,3.5418206744730805,3.5418206744730805,3.5418206744730805,3.5418206744730805,3.5418206744730805,3.5418206744730805,3.5418206744730805,3.5418206744730805,3.5418206744730805,3.5418206744730805,3.5418206744730805,3.5418206744730805,3.5418206744730805,3.5418206744730805,3.5418206744730805,3.5418206744730805,3.5418206744730805,3.5418206744730805,3.5418206744730805,3.5418206744730805,3.5418206744730805,3.5418206744730805,3.5418206744730805,3.5418206744730805,3.5418206744730805,3.5418206744730805,3.5418206744730805,3.5418206744730805,3.5418206744730805,3.5418206744730805,3.5418206744730805,3.5418206744730805,3.5418206744730805,3.5418206744730805,3.5418206744730805,3.5418206744730805,3.5418206744730805,3.5418206744730805,3.5418206744730805,3.5418206744730805,3.5418206744730805,3.5418206744730805,3.5418206744730805,3.5418206744730805,3.5418206744730805,3.5418206744730805,3.5418206744730805,3.5418206744730805,3.5418206744730805,3.5418206744730805,3.5418206744730805,3.5418206744730805,3.5418206744730805,3.5418206744730805,3.5418206744730805,3.5418206744730805,3.5418206744730805,3.5418206744730805,3.5418206744730805,3.5418206744730805,3.5418206744730805,3.5418206744730805,3.5418206744730805,3.5418206744730805,3.5418206744730805,3.5418206744730805,3.5418206744730805,3.5418206744730805,3.5418206744730805,3.5418206744730805,3.5418206744730805,3.5418206744730805,3.5418206744730805,3.5418206744730805,3.5418206744730805,3.5418206744730805,3.5418206744730805,3.5418206744730805,3.5418206744730805,3.5418206744730805,3.5418206744730805,3.5418206744730805,3.5418206744730805,3.5418206744730805,3.5418206744730805,3.5418206744730805,3.5418206744730805,3.5418206744730805,3.5418206744730805,3.5418206744730805,3.5418206744730805,3.5418206744730805,3.5418206744730805,3.5418206744730805,3.5418206744730805,3.5418206744730805,3.5418206744730805,3.5418206744730805,3.5418206744730805,3.5418206744730805,3.5418206744730805,3.5418206744730805,3.5418206744730805,3.5418206744730805,3.5418206744730805,3.5418206744730805,3.5418206744730805,3.5418206744730805,3.5418206744730805,3.5418206744730805,3.5418206744730805,3.5418206744730805,3.5418206744730805,3.5418206744730805,3.5418206744730805,3.5418206744730805,3.5418206744730805,3.5418206744730805,3.5418206744730805,3.5418206744730805,3.5418206744730805,3.5418206744730805,3.5418206744730805,3.5418206744730805,3.5418206744730805,3.5418206744730805,3.5418206744730805,3.5418206744730805,3.5418206744730805,3.5418206744730805,3.5418206744730805,3.5418206744730805,3.5418206744730805,3.5418206744730805,3.5418206744730805,3.5418206744730805,3.5418206744730805,3.5418206744730805,3.5418206744730805,3.5418206744730805,3.5418206744730805,3.5418206744730805,3.5418206744730805,3.5418206744730805,3.5418206744730805,3.5418206744730805,3.5418206744730805,3.5418206744730805,3.5418206744730805,3.5418206744730805,3.5418206744730805,3.5418206744730805,3.5418206744730805,3.5418206744730805,3.5418206744730805,3.5418206744730805,3.5418206744730805,3.5418206744730805,3.5418206744730805,3.5418206744730805,3.5418206744730805,3.5418206744730805,3.5418206744730805,3.5418206744730805,3.5418206744730805,3.5418206744730805,3.5418206744730805,3.5418206744730805,3.5418206744730805,3.5418206744730805,3.5418206744730805,3.5418206744730805,3.5418206744730805,3.5418206744730805,3.5418206744730805,3.5418206744730805,3.5418206744730805,3.5418206744730805,3.5418206744730805,3.5418206744730805,3.5418206744730805,3.5418206744730805,3.5418206744730805,3.5418206744730805,3.5418206744730805,3.5418206744730805,3.5418206744730805,3.5418206744730805,3.5418206744730805,3.5418206744730805,3.5418206744730805,3.5418206744730805,3.5418206744730805,3.5418206744730805,3.5418206744730805,3.5418206744730805,3.5418206744730805,3.5418206744730805,3.5418206744730805,3.5418206744730805,3.5418206744730805,3.5418206744730805,3.5418206744730805,3.5418206744730805,3.5418206744730805,3.5418206744730805,3.5418206744730805,3.5418206744730805,3.5418206744730805,3.5418206744730805,3.5418206744730805,3.5418206744730805,3.5418206744730805,3.5418206744730805,3.5418206744730805,3.5418206744730805,3.5418206744730805,3.5418206744730805,3.5418206744730805,3.5418206744730805,3.5418206744730805,3.5418206744730805,3.5418206744730805,3.5418206744730805,3.5418206744730805,3.5418206744730805,3.5418206744730805,3.5418206744730805,3.5418206744730805,3.5418206744730805,3.5418206744730805,3.5418206744730805,3.5418206744730805,3.5418206744730805,3.5418206744730805,3.5418206744730805,3.5418206744730805,3.5418206744730805,3.5418206744730805,3.5418206744730805,3.5418206744730805,3.5418206744730805,3.5418206744730805,3.5418206744730805,3.5418206744730805,3.5418206744730805,3.5418206744730805,3.5418206744730805,3.5418206744730805,3.5418206744730805,3.5418206744730805,3.5418206744730805,3.5418206744730805,3.5418206744730805,3.5418206744730805,3.5418206744730805,3.5418206744730805,3.5418206744730805,3.5418206744730805,3.5418206744730805,3.5418206744730805,3.5418206744730805,3.5418206744730805,3.5418206744730805,3.5418206744730805,3.5418206744730805,3.5418206744730805,3.5418206744730805,3.5418206744730805,3.5418206744730805,3.5418206744730805,3.5418206744730805,3.5418206744730805,3.5418206744730805,3.5418206744730805,3.5418206744730805,3.5418206744730805,3.5418206744730805,3.5418206744730805,3.5418206744730805,3.5418206744730805,3.5418206744730805,3.5418206744730805,3.5418206744730805,3.5418206744730805,3.5418206744730805,3.5418206744730805,3.5418206744730805,3.5418206744730805,3.5418206744730805,3.5418206744730805,3.5418206744730805,3.5418206744730805,3.5418206744730805,3.5418206744730805,3.5418206744730805,3.5418206744730805,3.5418206744730805,3.5418206744730805,3.5418206744730805,3.5418206744730805,3.5418206744730805,3.5418206744730805,3.5418206744730805,3.5418206744730805,3.5418206744730805,3.5418206744730805,3.5418206744730805,3.5418206744730805,3.5418206744730805,3.5418206744730805,3.5418206744730805,3.5418206744730805,3.5418206744730805,3.5418206744730805,3.5418206744730805,3.5418206744730805,3.5418206744730805,3.5418206744730805,3.5418206744730805,3.5418206744730805,3.5418206744730805,3.5418206744730805,3.5418206744730805,3.5418206744730805,3.5418206744730805,3.5418206744730805,3.5418206744730805,3.5418206744730805,3.5418206744730805,3.5418206744730805,3.5418206744730805,3.5418206744730805,3.5418206744730805,3.5418206744730805,3.5418206744730805,3.5418206744730805,3.5418206744730805,3.5418206744730805,3.5418206744730805,3.5418206744730805,3.5418206744730805,3.5418206744730805,3.5418206744730805,3.5418206744730805,3.5418206744730805,3.5418206744730805,3.5418206744730805,3.5418206744730805,3.5418206744730805,3.5418206744730805,3.5418206744730805,3.5418206744730805,3.5418206744730805,3.5418206744730805,3.5418206744730805,3.5418206744730805,3.5418206744730805,3.5418206744730805,3.5418206744730805,3.5418206744730805,3.5418206744730805,3.5418206744730805,3.5418206744730805,3.5418206744730805,3.5418206744730805,3.5418206744730805,3.5418206744730805,3.5418206744730805,3.5418206744730805,3.5418206744730805,3.5418206744730805,3.5418206744730805,3.5418206744730805,3.5418206744730805,3.5418206744730805,3.5418206744730805,3.5418206744730805,3.5418206744730805,3.5418206744730805,3.5418206744730805,3.5418206744730805,3.5418206744730805,3.5418206744730805,3.5418206744730805,3.5418206744730805,3.5418206744730805,3.5418206744730805,3.5418206744730805,3.5418206744730805,3.5418206744730805,3.5418206744730805,3.5418206744730805,3.5418206744730805,3.5418206744730805,3.5418206744730805,3.5418206744730805,3.5418206744730805,3.5418206744730805,3.5418206744730805,3.5418206744730805,3.5418206744730805,3.5418206744730805,3.5418206744730805,3.5418206744730805,3.5418206744730805,3.5418206744730805,3.5418206744730805,3.5418206744730805,3.5418206744730805,3.5418206744730805,3.5418206744730805,3.5418206744730805,3.5418206744730805,3.5418206744730805,3.5418206744730805,3.5418206744730805,3.5418206744730805,3.5418206744730805,3.5418206744730805,3.5418206744730805,3.5418206744730805,3.5418206744730805,3.5418206744730805,3.5418206744730805,3.5418206744730805,3.5418206744730805,3.5418206744730805,3.5418206744730805,3.5418206744730805,3.5418206744730805,3.5418206744730805,3.5418206744730805,3.5418206744730805,3.5418206744730805,3.5418206744730805,3.5418206744730805,3.5418206744730805,3.5418206744730805,3.5418206744730805,3.5418206744730805,3.5418206744730805,3.5418206744730805,3.5418206744730805,3.5418206744730805,3.5418206744730805,3.5418206744730805,3.5418206744730805,3.5418206744730805,3.5418206744730805,3.5418206744730805,3.5418206744730805,3.5418206744730805,3.5418206744730805,3.5418206744730805,3.5418206744730805,3.5418206744730805,3.5418206744730805,3.5418206744730805,3.5418206744730805,3.5418206744730805,3.5418206744730805,3.5418206744730805,3.5418206744730805,3.5418206744730805,3.5418206744730805,3.5418206744730805,3.5418206744730805,3.5418206744730805,3.5418206744730805,3.5418206744730805,3.5418206744730805,3.5418206744730805,3.5418206744730805,3.5418206744730805,3.5418206744730805,3.5418206744730805,3.5418206744730805,3.5418206744730805,3.5418206744730805,3.5418206744730805,3.5418206744730805,3.5418206744730805,3.5418206744730805,3.5418206744730805,6.578896908791411,6.578896908791411,6.466979392490022,6.466979392490022,6.466979392490022,6.466979392490022,6.408993505125767,6.408993505125767,6.408993505125767,6.408993505125767,6.408993505125767,6.408993505125767,6.408993505125767,6.408993505125767,6.408993505125767,6.408993505125767,6.408454361543119,6.408454361543119,6.408454361543119,6.408454361543119,6.408454361543119,6.408454361543119,6.408454361543119,6.408454361543119,6.408454361543119,6.408454361543119,6.408454361543119,6.408454361543119,6.408454361543119,6.408454361543119,6.408454361543119,6.408454361543119,6.408454361543119,6.316300657685519,6.316300657685519,6.316300657685519,6.316300657685519,6.316300657685519,6.316300657685519,6.316300657685519,6.316300657685519,6.316300657685519,6.316300657685519,6.316300657685519,6.316300657685519,6.316300657685519,6.316300657685519,6.316300657685519,6.316300657685519,6.316300657685519,6.316300657685519,6.316300657685519,6.316300657685519,6.316300657685519,6.179142491967816,6.179142491967816,6.179142491967816,6.179142491967816,6.179142491967816,6.179142491967816,6.179142491967816,6.179142491967816,6.179142491967816,6.179142491967816,6.179142491967816,6.179142491967816,6.179142491967816,6.179142491967816,6.179142491967816,6.179142491967816,6.179142491967816,6.179142491967816,6.179142491967816,6.179142491967816,6.179142491967816,6.179142491967816,6.179142491967816,6.179142491967816,6.179142491967816,6.179142491967816,6.179142491967816,6.179142491967816,6.179142491967816,6.179142491967816,6.179142491967816,6.179142491967816,6.179142491967816,6.179142491967816,6.179142491967816,6.179142491967816,6.179142491967816,6.179142491967816,6.179142491967816,6.179142491967816,6.179142491967816,6.179142491967816,6.179142491967816,6.179142491967816,6.179142491967816,6.179142491967816,6.179142491967816,6.179142491967816,6.179142491967816,6.179142491967816,6.179142491967816,6.179142491967816,6.179142491967816,6.179142491967816,6.179142491967816,6.179142491967816,6.179142491967816,6.179142491967816,6.179142491967816,6.179142491967816,6.179142491967816,6.179142491967816,6.179142491967816,6.179142491967816,6.179142491967816,6.179142491967816,6.179142491967816,6.179142491967816,6.179142491967816,6.179142491967816,6.179142491967816,6.179142491967816,6.179142491967816,6.179142491967816,6.179142491967816,6.179142491967816,6.179142491967816,6.179142491967816,6.179142491967816,6.179142491967816,6.179142491967816,6.179142491967816,6.179142491967816,6.179142491967816,6.179142491967816,6.179142491967816,6.179142491967816,6.179142491967816,6.179142491967816,6.179142491967816,6.179142491967816,6.179142491967816,6.179142491967816,6.179142491967816,6.179142491967816,6.179142491967816,6.179142491967816,6.179142491967816,6.179142491967816,6.179142491967816,6.179142491967816,6.179142491967816,6.179142491967816,6.179142491967816,6.179142491967816,6.179142491967816,6.179142491967816,6.179142491967816,6.179142491967816,6.179142491967816,6.179142491967816,6.179142491967816,6.179142491967816,6.179142491967816,6.179142491967816,4.823477588317283,4.823477588317283,4.822544204269141,4.822544204269141,4.822544204269141,4.822544204269141,4.822544204269141,4.822544204269141,4.822544204269141,4.822544204269141,4.822544204269141,4.822544204269141,4.822544204269141,4.822544204269141,4.822544204269141,4.822544204269141,4.822544204269141,4.822544204269141,4.822544204269141,4.822544204269141,4.822544204269141,4.822544204269141,4.745745802475123,4.745745802475123,4.745745802475123,4.745745802475123,4.745745802475123,4.745745802475123,4.745745802475123,4.745745802475123,4.745745802475123,4.745745802475123,4.745745802475123,4.745745802475123,4.745745802475123,4.741815433315079,4.741815433315079,4.741815433315079,4.741815433315079,4.741815433315079,4.741815433315079,4.741815433315079,4.741815433315079,4.741815433315079,4.741815433315079,4.741815433315079,4.741815433315079,4.741815433315079,4.687744012064483,4.515017567507057,4.515017567507057,4.515017567507057,4.515017567507057,4.515017567507057,4.515017567507057,4.515017567507057,4.515017567507057,4.515017567507057,4.515017567507057,4.515017567507057,4.515017567507057,4.515017567507057,4.515017567507057,4.515017567507057,4.515017567507057,4.515017567507057,4.515017567507057,4.515017567507057,4.515017567507057,4.515017567507057,4.515017567507057,4.515017567507057,4.515017567507057,4.515017567507057,4.515017567507057,4.515017567507057,4.515017567507057,4.515017567507057,4.515017567507057,4.515017567507057,4.515017567507057,4.515017567507057,4.515017567507057,4.515017567507057,4.515017567507057,4.515017567507057,4.515017567507057,4.515017567507057,4.515017567507057,4.515017567507057,4.515017567507057,4.515017567507057,4.515017567507057,4.515017567507057,4.515017567507057,4.515017567507057,4.515017567507057,4.515017567507057,4.515017567507057,4.515017567507057,4.515017567507057,4.515017567507057,4.515017567507057,4.515017567507057,4.515017567507057,4.515017567507057,4.515017567507057,4.515017567507057,4.515017567507057,4.515017567507057,4.515017567507057,4.515017567507057,4.515017567507057,4.515017567507057,4.515017567507057,4.515017567507057,4.515017567507057,4.515017567507057,4.515017567507057,4.515017567507057,4.515017567507057,4.515017567507057,4.515017567507057,4.515017567507057,4.515017567507057,4.515017567507057,4.515017567507057,4.515017567507057,4.515017567507057,4.515017567507057,4.515017567507057,4.515017567507057,4.515017567507057,4.515017567507057,4.515017567507057,4.515017567507057,4.515017567507057,4.515017567507057,4.515017567507057,4.515017567507057,4.515017567507057,4.515017567507057,4.515017567507057,4.515017567507057,4.515017567507057,4.515017567507057,4.515017567507057,4.515017567507057,4.515017567507057,4.515017567507057,4.515017567507057,4.515017567507057,4.515017567507057,4.515017567507057,4.515017567507057,4.515017567507057,4.515017567507057,4.515017567507057,4.515017567507057,4.515017567507057,4.515017567507057,4.515017567507057,4.515017567507057,4.515017567507057,4.515017567507057,4.515017567507057,4.515017567507057,4.515017567507057,4.515017567507057,4.515017567507057,4.515017567507057,4.515017567507057,4.515017567507057,4.515017567507057,4.515017567507057,4.515017567507057,4.515017567507057,4.515017567507057,4.515017567507057,4.515017567507057,4.515017567507057,4.515017567507057,4.515017567507057,4.515017567507057,4.515017567507057,4.515017567507057,4.515017567507057,4.515017567507057,4.515017567507057,4.515017567507057,4.515017567507057,4.515017567507057,4.515017567507057,4.515017567507057,4.515017567507057,4.515017567507057,4.515017567507057,4.515017567507057,4.515017567507057,4.515017567507057,4.515017567507057,4.515017567507057,4.515017567507057,4.515017567507057,4.515017567507057,4.515017567507057,4.515017567507057,4.515017567507057,4.515017567507057,4.515017567507057,4.515017567507057,4.515017567507057,4.515017567507057,4.515017567507057,4.515017567507057,4.515017567507057,4.515017567507057,4.515017567507057,4.515017567507057,4.515017567507057,4.515017567507057,4.515017567507057,4.515017567507057,4.515017567507057,4.515017567507057,4.515017567507057,4.515017567507057,4.515017567507057,4.515017567507057,4.515017567507057,4.515017567507057,4.515017567507057,4.515017567507057,4.515017567507057,4.515017567507057,4.515017567507057,4.515017567507057,4.515017567507057,4.515017567507057,4.515017567507057,4.515017567507057,4.515017567507057,4.515017567507057,4.515017567507057,4.515017567507057,4.515017567507057,4.515017567507057,4.515017567507057,4.515017567507057,4.515017567507057,4.515017567507057,4.515017567507057,4.515017567507057,4.515017567507057,4.515017567507057,4.515017567507057,4.515017567507057,4.515017567507057,4.515017567507057,4.515017567507057,4.515017567507057,4.515017567507057,4.515017567507057,4.515017567507057,4.515017567507057,4.515017567507057,4.515017567507057,4.515017567507057,4.515017567507057,4.515017567507057,4.515017567507057,4.515017567507057,4.515017567507057,4.515017567507057,4.515017567507057,4.515017567507057,4.515017567507057,4.515017567507057,4.515017567507057,4.515017567507057,4.515017567507057,4.515017567507057,4.515017567507057,4.515017567507057,4.515017567507057,4.515017567507057,4.515017567507057,4.515017567507057,4.515017567507057,4.515017567507057,4.515017567507057,4.515017567507057,4.515017567507057,4.515017567507057,4.515017567507057,4.515017567507057,4.515017567507057,4.515017567507057,4.515017567507057,4.515017567507057,4.515017567507057,4.515017567507057,4.515017567507057,4.515017567507057,4.515017567507057,4.515017567507057,4.515017567507057,4.515017567507057,4.515017567507057,4.515017567507057,4.515017567507057,4.515017567507057,4.515017567507057,4.515017567507057,4.515017567507057,4.515017567507057,4.515017567507057,4.515017567507057,4.515017567507057,4.515017567507057,4.515017567507057,4.515017567507057,4.515017567507057,4.515017567507057,4.515017567507057,4.515017567507057,4.515017567507057,4.515017567507057,4.515017567507057,4.515017567507057,4.515017567507057,4.515017567507057,4.515017567507057,4.515017567507057,4.515017567507057,4.515017567507057,4.515017567507057,4.515017567507057,4.515017567507057,4.515017567507057,4.515017567507057,4.515017567507057,4.515017567507057,4.515017567507057,4.515017567507057,4.515017567507057,4.515017567507057,4.515017567507057,4.515017567507057,4.515017567507057,4.515017567507057,4.515017567507057,4.515017567507057,4.515017567507057,4.515017567507057,4.515017567507057,4.515017567507057,4.515017567507057,4.515017567507057,4.515017567507057,4.515017567507057,4.515017567507057,4.515017567507057,4.515017567507057,4.515017567507057,4.515017567507057,4.515017567507057,4.515017567507057,4.515017567507057,4.515017567507057,4.515017567507057,4.515017567507057,4.515017567507057,4.515017567507057,4.515017567507057,4.515017567507057,4.515017567507057,4.515017567507057,4.515017567507057,4.515017567507057,4.515017567507057,4.515017567507057,4.515017567507057,4.515017567507057,4.515017567507057,4.515017567507057,4.515017567507057,4.515017567507057,4.515017567507057,4.515017567507057,4.515017567507057,4.515017567507057,4.515017567507057,4.515017567507057,4.515017567507057,4.515017567507057,4.515017567507057,4.515017567507057,4.515017567507057,4.515017567507057,4.515017567507057,4.515017567507057,4.515017567507057,4.515017567507057,4.515017567507057,4.515017567507057,4.515017567507057,4.515017567507057,4.515017567507057,4.515017567507057,4.515017567507057,4.515017567507057,4.515017567507057,4.515017567507057,4.515017567507057,4.515017567507057,4.515017567507057,4.515017567507057,4.515017567507057,4.515017567507057,4.515017567507057,4.515017567507057,4.515017567507057,4.515017567507057,4.373441962024685,4.373441962024685,4.373441962024685,4.373441962024685,4.373441962024685,4.373441962024685,4.373441962024685,4.373441962024685,4.373441962024685,4.373441962024685,4.373441962024685,4.373441962024685,4.373441962024685,4.373441962024685,4.373441962024685,4.373441962024685,4.373441962024685,4.373441962024685,4.2606386661818645,4.2606386661818645,4.2606386661818645,4.2606386661818645,4.2606386661818645,4.2606386661818645,4.2606386661818645,4.2606386661818645,4.2606386661818645,4.2606386661818645,4.2606386661818645,4.2606386661818645,4.2606386661818645,4.2606386661818645,4.2606386661818645,4.2606386661818645,4.2606386661818645,4.2606386661818645,4.2606386661818645,4.2606386661818645,4.2606386661818645,4.2606386661818645,4.2606386661818645,4.2606386661818645,4.2606386661818645,4.2606386661818645,4.2606386661818645,4.2606386661818645,4.2606386661818645,4.2606386661818645,4.2606386661818645,4.2606386661818645,4.2606386661818645,4.2606386661818645,4.2606386661818645,4.2606386661818645,4.2606386661818645,4.2606386661818645,4.2606386661818645,4.2606386661818645,4.2606386661818645,4.2606386661818645,4.2606386661818645,4.2606386661818645,4.2606386661818645,4.2606386661818645,4.2606386661818645,4.2606386661818645,4.2606386661818645,4.2606386661818645,4.2606386661818645,4.2606386661818645,4.2606386661818645,4.2606386661818645,4.2606386661818645,4.2606386661818645,4.2606386661818645,4.2606386661818645,4.2606386661818645,4.2606386661818645,4.131644056556479,4.131644056556479,4.131644056556479,4.131644056556479,4.131644056556479,4.131644056556479,4.131644056556479,4.131644056556479,4.131644056556479,4.131644056556479,4.131644056556479,4.131644056556479,4.131644056556479,4.131644056556479,4.131644056556479,4.131644056556479,4.131644056556479,4.131644056556479,4.131644056556479,4.131644056556479,4.131644056556479,4.131644056556479,4.131644056556479,4.131644056556479,4.131644056556479,4.131644056556479,4.131644056556479,4.131644056556479,4.131644056556479,4.131644056556479,4.131644056556479,4.131644056556479,4.131644056556479,4.131644056556479,4.131644056556479,4.131644056556479,4.131644056556479,4.131644056556479,4.131644056556479,4.131644056556479,4.131644056556479,4.131644056556479,4.131644056556479,4.131644056556479,4.131644056556479,4.131644056556479,4.131644056556479,4.131644056556479,4.131644056556479,4.131644056556479,4.131644056556479,4.131644056556479,4.131644056556479,4.131644056556479,4.131644056556479,4.131644056556479,4.131644056556479,4.131644056556479,4.131644056556479,4.131644056556479,4.131644056556479,4.131644056556479,4.131644056556479,4.131644056556479,4.131644056556479,4.131644056556479,4.131644056556479,4.131644056556479,4.131644056556479,4.131644056556479,4.131644056556479,4.131644056556479,4.131644056556479,4.131644056556479,4.131644056556479,4.131644056556479,4.131644056556479,4.131644056556479,4.131644056556479,4.131644056556479,4.131644056556479,4.131644056556479,4.131644056556479,4.131644056556479,4.131644056556479,4.131644056556479,4.131644056556479,4.131644056556479,4.131644056556479,4.131644056556479,4.131644056556479,4.131644056556479,4.131644056556479,4.131644056556479,4.131644056556479,4.131644056556479,4.131644056556479,4.131644056556479,4.131644056556479,4.131644056556479,4.131644056556479,4.131644056556479,4.131644056556479,4.131644056556479,4.131644056556479,4.131644056556479,4.131644056556479,4.131644056556479,4.131644056556479,4.131644056556479,4.131644056556479,4.131644056556479,4.131644056556479,4.131644056556479,4.131644056556479,4.131644056556479,4.131644056556479,4.131644056556479,4.131644056556479,4.131644056556479,4.131644056556479,4.131644056556479,4.131644056556479,4.131644056556479,4.131644056556479,4.131644056556479,4.131644056556479,4.131644056556479,4.131644056556479,4.131644056556479,4.131644056556479,4.131644056556479,4.131644056556479,4.131644056556479,4.131644056556479,4.131644056556479,4.131644056556479,4.131644056556479,4.131644056556479,4.131644056556479,4.131644056556479,4.131644056556479,4.131644056556479,4.131644056556479,4.131644056556479,4.131644056556479,4.131644056556479,4.131644056556479,4.131644056556479,4.131644056556479,4.131644056556479,4.131644056556479,4.131644056556479,4.131644056556479,4.131644056556479,4.131644056556479,4.131644056556479,4.131644056556479,4.131644056556479,4.131644056556479,4.131644056556479,4.131644056556479,4.131644056556479,4.131644056556479,4.131644056556479,4.131644056556479,4.131644056556479,4.131644056556479,4.131644056556479,4.131644056556479,4.131644056556479,4.131644056556479,4.131644056556479,4.131644056556479,4.131644056556479,4.131644056556479,4.131644056556479,4.131644056556479,4.131644056556479,4.131644056556479,4.131644056556479,4.131644056556479,4.131644056556479,4.131644056556479,4.131644056556479,4.131644056556479,4.131644056556479,4.131644056556479,4.131644056556479,4.131644056556479,4.131644056556479,4.131644056556479,4.131644056556479,4.131644056556479,4.131644056556479,4.131644056556479,4.131644056556479,4.131644056556479,4.131644056556479,4.131644056556479,4.131644056556479,4.131644056556479,4.131644056556479,4.131644056556479,4.131644056556479,4.131644056556479,4.131644056556479,4.131644056556479,4.131644056556479,4.131644056556479,4.131644056556479,4.131644056556479,4.131644056556479,4.131644056556479,4.131644056556479,4.131644056556479,4.131644056556479,4.131644056556479,4.131644056556479,4.131644056556479,4.131644056556479,4.131644056556479,4.131644056556479,4.131644056556479,4.131644056556479,4.131644056556479,4.131644056556479,4.131644056556479,4.131644056556479,4.131644056556479,4.131644056556479,4.131644056556479,4.131644056556479,4.131644056556479,4.131644056556479,4.131644056556479,4.131644056556479,4.131644056556479,4.131644056556479,4.131644056556479,4.131644056556479,4.131644056556479,4.131644056556479,4.131644056556479,4.131644056556479,4.131644056556479,4.131644056556479,4.131644056556479,4.131644056556479,4.131644056556479,4.131644056556479,4.131644056556479,4.131644056556479,4.131644056556479,4.131644056556479,4.131644056556479,4.131644056556479,4.131644056556479,4.131644056556479,4.131644056556479,4.131644056556479,4.131644056556479,4.131644056556479,4.131644056556479,4.131644056556479,4.131644056556479,4.131644056556479,4.131644056556479,4.131644056556479,4.131644056556479,4.131644056556479,4.131644056556479,4.131644056556479,4.131644056556479,4.131644056556479,4.131644056556479,4.131644056556479,4.131644056556479,4.131644056556479,4.131644056556479,4.131644056556479,4.131644056556479,4.131644056556479,4.131644056556479,4.131644056556479,4.131644056556479,4.131644056556479,4.131644056556479,4.131644056556479,4.131644056556479,4.131644056556479,4.131644056556479,4.131644056556479,4.131644056556479,4.131644056556479,4.131644056556479,4.131644056556479,4.131644056556479,4.131644056556479,4.131644056556479,4.131644056556479,4.131644056556479,4.131644056556479,4.131644056556479,4.131644056556479,4.131644056556479,4.131644056556479,4.131644056556479,4.131644056556479,4.131644056556479,4.131644056556479,4.131644056556479,4.131644056556479,4.131644056556479,4.131644056556479,4.131644056556479,4.131644056556479,4.131644056556479,4.131644056556479,4.131644056556479,4.131644056556479,4.131644056556479,4.131644056556479,4.131644056556479,4.131644056556479,4.131644056556479,4.131644056556479,4.131644056556479,4.131644056556479,6.46234911075813,6.46234911075813,6.46234911075813,6.46234911075813,6.46234911075813,6.46234911075813,6.46234911075813,6.46234911075813,6.46234911075813,6.46234911075813,6.46234911075813,6.46234911075813,6.46234911075813,6.46234911075813,6.46234911075813,6.46234911075813,6.46234911075813,6.46234911075813,6.46234911075813,6.46234911075813,6.46234911075813,6.46234911075813,6.46234911075813,6.46234911075813,6.46234911075813,6.46234911075813,6.46234911075813,6.46234911075813,6.46234911075813,6.46234911075813,6.46234911075813,6.46234911075813,6.46234911075813,6.46234911075813,6.46234911075813,6.46234911075813,6.46234911075813,6.46234911075813,6.44933983274474,6.44933983274474,6.3562485705601475,6.346842384439502,6.080152721279081,6.080152721279081,6.080152721279081,6.0798012331572595,6.0798012331572595,6.0798012331572595,6.0798012331572595,6.070680762763928,6.070680762763928,6.070680762763928,6.070680762763928,6.056288879335367,6.024559502709622,6.024559502709622,6.024559502709622,6.024559502709622,6.024559502709622,6.024559502709622,6.024559502709622,6.024559502709622,6.024559502709622,6.024559502709622,6.024559502709622,6.024559502709622,6.024559502709622,6.024559502709622,6.024559502709622,6.024559502709622,6.024559502709622,6.024559502709622,6.024559502709622,6.024559502709622,6.024559502709622,6.024559502709622,6.024559502709622,6.024559502709622,6.024559502709622,6.024559502709622,6.024559502709622,6.024559502709622,6.024559502709622,6.024559502709622,6.024559502709622,6.024559502709622,6.024559502709622,6.024559502709622,6.024559502709622,6.024559502709622,6.024559502709622,6.024559502709622,5.188421085367184,5.188421085367184,5.188421085367184,4.701361626424996,4.693018377529029,4.693018377529029,4.516998196944841,4.516998196944841,4.516998196944841,4.516998196944841,4.516998196944841,4.516998196944841,4.516998196944841,4.516998196944841,4.516998196944841,4.516998196944841,4.193135747934512,4.193135747934512,4.193135747934512,4.193135747934512,4.193135747934512,4.193135747934512,4.193135747934512,4.193135747934512,4.193135747934512,4.193135747934512,4.193135747934512,4.193135747934512,4.193135747934512,4.193135747934512,4.193135747934512,4.193135747934512,4.193135747934512,4.193135747934512,4.193135747934512,4.193135747934512,4.193135747934512,4.193135747934512,4.193135747934512,4.193135747934512,4.193135747934512,4.193135747934512,4.193135747934512,4.193135747934512,4.193135747934512,4.193135747934512,4.193135747934512,4.193135747934512,4.193135747934512,4.193135747934512,4.193135747934512,4.193135747934512,4.193135747934512,4.193135747934512,4.193135747934512,4.193135747934512,4.193135747934512,4.193135747934512,4.193135747934512,4.193135747934512,4.193135747934512,4.193135747934512,4.193135747934512,4.193135747934512,4.193135747934512,4.193135747934512,4.193135747934512,4.193135747934512,4.193135747934512,4.193135747934512,4.193135747934512,4.193135747934512,4.193135747934512,4.193135747934512,4.193135747934512,4.193135747934512,4.193135747934512,4.193135747934512,4.193135747934512,4.193135747934512,4.193135747934512,4.193135747934512,4.193135747934512,4.193135747934512,4.193135747934512,4.193135747934512,4.193135747934512,4.193135747934512,4.193135747934512,4.193135747934512,4.193135747934512,4.193135747934512,4.193135747934512,4.193135747934512,4.193135747934512,4.193135747934512,4.193135747934512,4.193135747934512,4.193135747934512,4.193135747934512,4.193135747934512,4.193135747934512,4.193135747934512,4.193135747934512,4.193135747934512,4.193135747934512,4.193135747934512,4.193135747934512,4.193135747934512,4.193135747934512,4.193135747934512,4.193135747934512,4.193135747934512,4.193135747934512,4.193135747934512,4.193135747934512,4.193135747934512,4.193135747934512,4.193135747934512,4.193135747934512,4.193135747934512,4.193135747934512,4.193135747934512,4.193135747934512,4.193135747934512,4.193135747934512,4.193135747934512,4.193135747934512,4.193135747934512,4.193135747934512,4.193135747934512,4.193135747934512,4.193135747934512,4.193135747934512,4.193135747934512,4.193135747934512,4.193135747934512,4.193135747934512,4.193135747934512,4.193135747934512,4.193135747934512,4.193135747934512,4.193135747934512,4.193135747934512,4.193135747934512,4.193135747934512,4.193135747934512,4.193135747934512,4.193135747934512,4.193135747934512,4.193135747934512,4.193135747934512,4.193135747934512,4.193135747934512,4.193135747934512,4.193135747934512,4.193135747934512,4.193135747934512,4.193135747934512,4.193135747934512,4.193135747934512,4.193135747934512,4.193135747934512,4.193135747934512,4.193135747934512,4.193135747934512,4.193135747934512,4.193135747934512,4.193135747934512,4.193135747934512,4.193135747934512,4.193135747934512,4.193135747934512,4.193135747934512,4.193135747934512,4.193135747934512,4.193135747934512,4.193135747934512,4.193135747934512,4.193135747934512,4.193135747934512,4.193135747934512,4.193135747934512,4.193135747934512,4.193135747934512,4.193135747934512,4.193135747934512,4.193135747934512,4.193135747934512,4.193135747934512,4.193135747934512,4.193135747934512,4.193135747934512,4.193135747934512,4.193135747934512,4.193135747934512,4.193135747934512,4.193135747934512,4.193135747934512,4.193135747934512,4.193135747934512,4.193135747934512,4.193135747934512,4.193135747934512,4.193135747934512,4.193135747934512,4.193135747934512,4.193135747934512,4.193135747934512,4.193135747934512,4.193135747934512,4.193135747934512,4.193135747934512,4.193135747934512,4.097052003820227,4.097052003820227,4.097052003820227,4.097052003820227,4.097052003820227,3.9087448959412323,3.9087448959412323,3.9087448959412323,3.9087448959412323,3.9087448959412323,3.9087448959412323,3.9087448959412323,3.9087448959412323,3.9087448959412323,3.9087448959412323,3.8417544800025443,3.8417544800025443,3.8417544800025443,3.836460627988843,3.836460627988843,3.836460627988843,3.836460627988843,3.836460627988843,3.836460627988843,3.836460627988843,3.836460627988843,3.836460627988843,3.836460627988843,3.836460627988843,3.836460627988843,3.836460627988843,3.836460627988843,3.836460627988843,3.836460627988843,3.836460627988843,3.836460627988843,3.836460627988843,3.836460627988843,3.836460627988843,3.836460627988843,3.836460627988843,3.836460627988843,3.836460627988843,3.836460627988843,3.836460627988843,3.836460627988843,3.836460627988843,3.836460627988843,3.836460627988843,3.836460627988843,3.836460627988843,3.836460627988843,3.836460627988843,3.836460627988843,3.836460627988843,3.836460627988843,3.836460627988843,3.836460627988843,3.836460627988843,3.836460627988843,3.836460627988843,3.836460627988843,3.836460627988843,3.836460627988843,3.836460627988843,3.836460627988843,3.836460627988843,3.836460627988843,3.836460627988843,3.836460627988843,3.836460627988843,3.836460627988843,3.836460627988843,3.836460627988843,3.836460627988843,3.836460627988843,3.836460627988843,3.836460627988843,3.836460627988843,3.836460627988843,3.836460627988843,3.836460627988843,3.836460627988843,3.836460627988843,3.836460627988843,3.836460627988843,3.836460627988843,3.836460627988843,3.836460627988843,3.836460627988843,3.836460627988843,3.836460627988843,3.836460627988843,3.836460627988843,3.836460627988843,3.836460627988843,3.836460627988843,3.836460627988843,3.836460627988843,3.836460627988843,3.836460627988843,3.836460627988843,3.836460627988843,3.836460627988843,3.836460627988843,3.836460627988843,3.836460627988843,3.836460627988843,3.836460627988843,3.836460627988843,3.836460627988843,3.836460627988843,3.836460627988843,3.836460627988843,3.836460627988843,3.836460627988843,3.836460627988843,3.836460627988843,3.836460627988843,3.836460627988843,3.836460627988843,3.836460627988843,3.836460627988843,3.836460627988843,3.836460627988843,3.836460627988843,3.836460627988843,3.836460627988843,3.836460627988843,3.836460627988843,3.836460627988843,3.836460627988843,3.836460627988843,3.836460627988843,3.836460627988843,3.836460627988843,3.836460627988843,3.836460627988843,3.836460627988843,3.836460627988843,3.836460627988843,3.836460627988843,3.836460627988843,3.836460627988843,3.836460627988843,3.836460627988843,3.836460627988843,3.836460627988843,3.836460627988843,3.836460627988843,3.836460627988843,3.836460627988843,3.836460627988843,3.836460627988843,3.836460627988843,3.836460627988843,3.836460627988843,3.836460627988843,3.836460627988843,3.836460627988843,3.836460627988843,3.836460627988843,3.836460627988843,3.836460627988843,3.836460627988843,3.836460627988843,3.836460627988843,3.836460627988843,3.836460627988843,3.836460627988843,3.836460627988843,3.836460627988843,3.836460627988843,3.836460627988843,3.836460627988843,3.836460627988843,3.836460627988843,3.836460627988843,3.836460627988843,3.836460627988843,3.836460627988843,3.836460627988843,3.836460627988843,3.836460627988843,3.836460627988843,3.836460627988843,3.836460627988843,3.836460627988843,3.836460627988843,3.836460627988843,3.836460627988843,3.836460627988843,3.836460627988843,3.836460627988843,3.836460627988843,3.836460627988843,3.836460627988843,3.836460627988843,3.836460627988843,3.836460627988843,3.836460627988843,3.836460627988843,3.836460627988843,3.836460627988843,3.836460627988843,3.836460627988843,3.836460627988843,3.836460627988843,3.836460627988843,3.836460627988843,3.836460627988843,3.836460627988843,3.836460627988843,3.836460627988843,3.836460627988843,3.836460627988843,3.836460627988843,3.836460627988843,3.836460627988843,3.836460627988843,3.836460627988843,3.836460627988843,3.836460627988843,3.836460627988843,3.836460627988843,3.836460627988843,3.836460627988843,3.836460627988843,3.836460627988843,3.836460627988843,3.836460627988843,3.836460627988843,3.836460627988843,3.836460627988843,3.836460627988843,3.836460627988843,3.836460627988843,3.836460627988843,3.836460627988843,3.836460627988843,3.836460627988843,3.836460627988843,3.836460627988843,3.836460627988843,3.836460627988843,3.836460627988843,3.836460627988843,3.836460627988843,3.836460627988843,3.836460627988843,3.836460627988843,3.836460627988843,3.836460627988843,3.836460627988843,3.836460627988843,3.836460627988843,3.586654377325776,3.586654377325776,3.586654377325776,3.586654377325776,3.586654377325776,3.586654377325776,3.586654377325776,3.586654377325776,3.586654377325776,3.586654377325776,3.586654377325776,3.586654377325776,3.586654377325776,3.586654377325776,3.586654377325776,3.586654377325776,3.586654377325776,3.586654377325776,3.586654377325776,3.586654377325776,3.586654377325776,3.586654377325776,3.586654377325776,3.586654377325776,3.586654377325776,3.586654377325776,3.586654377325776,3.586654377325776,3.586654377325776,3.586654377325776,3.586654377325776,3.586654377325776,3.586654377325776,3.586654377325776,3.586654377325776,3.586654377325776,3.586654377325776,3.586654377325776,3.586654377325776,3.586654377325776,3.586654377325776,3.586654377325776,3.586654377325776,3.586654377325776,3.586654377325776,3.586654377325776,3.586654377325776,3.586654377325776,3.586654377325776,3.586654377325776,3.586654377325776,3.586654377325776,3.586654377325776,3.586654377325776,3.586654377325776,3.586654377325776,3.586654377325776,3.586654377325776,3.586654377325776,3.586654377325776,3.586654377325776,3.586654377325776,3.586654377325776,3.586654377325776,3.586654377325776,3.586654377325776,3.586654377325776,3.586654377325776,3.586654377325776,3.586654377325776,3.586654377325776,3.586654377325776,3.586654377325776,3.586654377325776,3.586654377325776,3.586654377325776,3.586654377325776,3.586654377325776,3.586654377325776,3.586654377325776,3.586654377325776,3.586654377325776,3.586654377325776,3.586654377325776,3.586654377325776,3.586654377325776,3.586654377325776,3.586654377325776,3.586654377325776,3.586654377325776,3.586654377325776,3.586654377325776,3.586654377325776,3.586654377325776,3.586654377325776,3.586654377325776,3.586654377325776,3.586654377325776,3.586654377325776,3.586654377325776,3.586654377325776,3.586654377325776,3.586654377325776,3.586654377325776,3.586654377325776,3.586654377325776,3.586654377325776,3.586654377325776,3.586654377325776,3.586654377325776,3.586654377325776,3.586654377325776,3.586654377325776,3.586654377325776,3.586654377325776,3.586654377325776,3.586654377325776,3.586654377325776,3.586654377325776,3.586654377325776,3.586654377325776,3.586654377325776,3.586654377325776,3.586654377325776,3.586654377325776,3.586654377325776,3.586654377325776,3.586654377325776,3.586654377325776,3.586654377325776,3.586654377325776,3.586654377325776,3.586654377325776,3.586654377325776,3.586654377325776,3.586654377325776,3.586654377325776,3.586654377325776,3.586654377325776,3.586654377325776,3.586654377325776,3.586654377325776,3.586654377325776,3.586654377325776,3.586654377325776,3.586654377325776,3.586654377325776,3.586654377325776,3.586654377325776,3.586654377325776,3.586654377325776,3.586654377325776,3.586654377325776,3.586654377325776,3.586654377325776,3.586654377325776,3.586654377325776,3.586654377325776,3.586654377325776,3.586654377325776,3.586654377325776,3.586654377325776,3.586654377325776,3.586654377325776,3.586654377325776,3.586654377325776,3.586654377325776,3.586654377325776,3.586654377325776,3.586654377325776,3.586654377325776,3.586654377325776,3.586654377325776,3.586654377325776,3.586654377325776,3.586654377325776,3.586654377325776,3.586654377325776,3.586654377325776,3.586654377325776,3.586654377325776,3.586654377325776,3.586654377325776,3.586654377325776,3.586654377325776,3.586654377325776,3.586654377325776,3.586654377325776,3.586654377325776,3.586654377325776,3.586654377325776,3.586654377325776,3.586654377325776,3.586654377325776,3.586654377325776,3.586654377325776,3.586654377325776,3.586654377325776,3.586654377325776,3.586654377325776,3.586654377325776,3.586654377325776,3.586654377325776,3.586654377325776,3.586654377325776,3.586654377325776,3.586654377325776,3.586654377325776,3.586654377325776,3.586654377325776,3.586654377325776,3.586654377325776,3.586654377325776,3.586654377325776,3.586654377325776,3.586654377325776,3.586654377325776,3.586654377325776,3.586654377325776,3.586654377325776,3.586654377325776,3.586654377325776,3.586654377325776,3.586654377325776,3.586654377325776,3.586654377325776,3.586654377325776,3.586654377325776,3.586654377325776,3.586654377325776,3.586654377325776,3.586654377325776,3.586654377325776,3.586654377325776,3.586654377325776,3.586654377325776,3.586654377325776,3.586654377325776,3.586654377325776,3.586654377325776,3.586654377325776,3.586654377325776,3.586654377325776,3.586654377325776,3.586654377325776,3.586654377325776,3.586654377325776,3.586654377325776,3.586654377325776,3.586654377325776,3.586654377325776,3.586654377325776,3.586654377325776,3.586654377325776,3.586654377325776,3.586654377325776,3.586654377325776,3.586654377325776,3.586654377325776,3.586654377325776,3.586654377325776,3.586654377325776,3.586654377325776,3.586654377325776,3.586654377325776,3.586654377325776,3.586654377325776,3.586654377325776,3.586654377325776,3.586654377325776,3.586654377325776,3.586654377325776,3.586654377325776,3.586654377325776,3.586654377325776,3.586654377325776,3.586654377325776,3.586654377325776,3.586654377325776,3.586654377325776,3.586654377325776,3.586654377325776,3.586654377325776,3.586654377325776,3.586654377325776,3.586654377325776,3.586654377325776,3.586654377325776,3.586654377325776,3.586654377325776,3.586654377325776,3.586654377325776,3.586654377325776,3.586654377325776,3.586654377325776,3.586654377325776,3.586654377325776,3.586654377325776,3.586654377325776,3.586654377325776,3.586654377325776,3.586654377325776,3.586654377325776,3.586654377325776,3.586654377325776,3.586654377325776,3.586654377325776,3.586654377325776,3.586654377325776,3.586654377325776,3.586654377325776,3.586654377325776,3.586654377325776,3.586654377325776,3.586654377325776,3.586654377325776,3.586654377325776,3.586654377325776,3.586654377325776,3.586654377325776,3.586654377325776,3.586654377325776,3.586654377325776,3.586654377325776,3.586654377325776,3.586654377325776,3.586654377325776,3.586654377325776,3.586654377325776,3.586654377325776,3.586654377325776,3.586654377325776,3.586654377325776,3.586654377325776,3.586654377325776,3.586654377325776,3.586654377325776,3.586654377325776,3.586654377325776,3.586654377325776,3.586654377325776,3.586654377325776,3.586654377325776,3.586654377325776,3.586654377325776,3.586654377325776,3.586654377325776,3.586654377325776,3.586654377325776,3.586654377325776,3.586654377325776,3.586654377325776,3.586654377325776,3.586654377325776,3.586654377325776,3.586654377325776,3.586654377325776,3.586654377325776,3.586654377325776,3.586654377325776,3.586654377325776,3.586654377325776,3.586654377325776,3.586654377325776,3.586654377325776,3.586654377325776,3.586654377325776,3.586654377325776,3.586654377325776,3.586654377325776,3.586654377325776,3.586654377325776,3.586654377325776,3.586654377325776,3.586654377325776,3.586654377325776,3.586654377325776,3.586654377325776,3.586654377325776,3.586654377325776,3.586654377325776,3.586654377325776,3.586654377325776,3.586654377325776,3.586654377325776,3.586654377325776,3.586654377325776,3.586654377325776,3.586654377325776,3.586654377325776,3.586654377325776,3.586654377325776,3.586654377325776,3.586654377325776,3.586654377325776,3.586654377325776,3.586654377325776,3.586654377325776,3.586654377325776,3.586654377325776,3.586654377325776,3.586654377325776,3.586654377325776,3.586654377325776,3.586654377325776,3.586654377325776,3.586654377325776,3.586654377325776,3.586654377325776,3.586654377325776,3.586654377325776,3.586654377325776,3.586654377325776,3.586654377325776,3.586654377325776,3.586654377325776,3.586654377325776,3.586654377325776,3.586654377325776,3.586654377325776,3.586654377325776,3.586654377325776,3.586654377325776,3.586654377325776,3.586654377325776,3.586654377325776,3.586654377325776,3.586654377325776,3.586654377325776,3.586654377325776,3.586654377325776,3.586654377325776,3.586654377325776,3.586654377325776,3.586654377325776,3.586654377325776,3.586654377325776,3.586654377325776,8.735059435422196,8.561969851988595,8.515229972662919,8.224682956840248,8.224332799828105,7.66596575679896,7.66596575679896,7.66596575679896,7.637757798434765,7.637757798434765,7.637757798434765,7.637757798434765,7.637757798434765,7.637757798434765,7.637757798434765,7.637757798434765,7.637757798434765,7.637757798434765,7.637757798434765,7.637757798434765,7.637757798434765,7.637757798434765,7.637757798434765,7.637757798434765,7.637757798434765,7.333099457626555,7.333099457626555,7.333099457626555,7.333099457626555,7.333099457626555,7.333099457626555,7.253944976003267,7.253944976003267,7.253944976003267,7.253944976003267,7.253944976003267,7.253944976003267,7.253944976003267,7.253944976003267,7.253944976003267,7.253944976003267,7.253944976003267,7.191295556818943,7.191295556818943,7.191295556818943,7.191295556818943,7.191295556818943,7.191295556818943,7.191295556818943,7.191295556818943,7.054339160525459,7.054339160525459,7.054339160525459,7.054339160525459,7.054339160525459,7.054339160525459,7.014254429419623,6.8520893541855825,6.8520893541855825,6.8520893541855825,6.8520893541855825,6.8520893541855825,6.8520893541855825,6.8520893541855825,6.8520893541855825,6.8520893541855825,6.8520893541855825,6.8520893541855825,6.8520893541855825,6.8520893541855825,6.8520893541855825,6.8520893541855825,6.8520893541855825,6.8520893541855825,6.8520893541855825,6.8520893541855825,6.8520893541855825,6.8520893541855825,6.8520893541855825,6.8520893541855825,6.8520893541855825,6.8520893541855825,6.8520893541855825,6.8520893541855825,6.8520893541855825,6.8520893541855825,6.8520893541855825,6.8520893541855825,6.8520893541855825,6.8520893541855825,6.8520893541855825,6.8520893541855825,6.8520893541855825,6.8520893541855825,6.8520893541855825,6.8520893541855825,6.8520893541855825,6.8520893541855825,6.8520893541855825,6.8520893541855825,6.8520893541855825,6.8520893541855825,6.8520893541855825,6.8520893541855825,6.8520893541855825,6.8520893541855825,6.8520893541855825,6.8520893541855825,6.8520893541855825,6.8520893541855825,6.8520893541855825,6.8520893541855825,6.8520893541855825,6.8520893541855825,6.8520893541855825,6.8520893541855825,6.8520893541855825,6.8520893541855825,6.8520893541855825,6.8520893541855825,6.8520893541855825,6.8520893541855825,6.8520893541855825,6.8520893541855825,6.8520893541855825,6.8520893541855825,6.8520893541855825,6.8520893541855825,6.8520893541855825,6.8520893541855825,6.8520893541855825,6.8520893541855825,6.8520893541855825,6.8520893541855825,6.729822712205077,6.38690505065024,5.901939566571555,5.901939566571555,5.901939566571555,5.901939566571555,5.7988505181321095,5.7988505181321095,5.7988505181321095,5.476120968029811,5.463729420172388,5.463729420172388,5.463729420172388,5.463729420172388,5.463729420172388,5.463729420172388,5.463729420172388,5.463729420172388,5.463729420172388,5.463729420172388,5.463729420172388,5.463729420172388,5.463729420172388,5.463729420172388,5.463729420172388,5.463729420172388,5.463729420172388,5.463729420172388,5.463729420172388,5.463729420172388,5.463729420172388,5.463729420172388,5.463729420172388,5.463729420172388,5.463729420172388,5.146298342286987,5.146298342286987,5.146298342286987,5.146298342286987,5.146298342286987,5.146298342286987,5.146298342286987,5.146298342286987,5.146298342286987,5.146298342286987,5.146298342286987,5.146298342286987,5.146298342286987,5.146298342286987,5.146298342286987,5.146298342286987,5.146298342286987,5.146298342286987,5.146298342286987,5.146298342286987,5.146298342286987,5.146298342286987,5.146298342286987,5.146298342286987,5.146298342286987,5.146298342286987,5.146298342286987,5.146298342286987,5.146298342286987,5.146298342286987,5.146298342286987,5.146298342286987,5.146298342286987,5.146298342286987,5.146298342286987,5.146298342286987,5.146298342286987,5.146298342286987,5.146298342286987,5.146298342286987,5.146298342286987,5.146298342286987,5.146298342286987,5.146298342286987,5.146298342286987,5.146298342286987,5.146298342286987,5.146298342286987,5.146298342286987,5.146298342286987,5.146298342286987,5.146298342286987,5.146298342286987,5.146298342286987,5.146298342286987,5.146298342286987,5.146298342286987,5.146298342286987,5.146298342286987,5.146298342286987,5.146298342286987,5.146298342286987,5.146298342286987,5.146298342286987,5.146298342286987,5.146298342286987,5.146298342286987,5.146298342286987,5.146298342286987,5.146298342286987,5.146298342286987,5.146298342286987,5.146298342286987,5.146298342286987,5.146298342286987,5.146298342286987,5.146298342286987,5.146298342286987,5.146298342286987,5.146298342286987,5.146298342286987,5.146298342286987,5.146298342286987,5.146298342286987,5.146298342286987,5.146298342286987,5.146298342286987,5.146298342286987,5.146298342286987,5.146298342286987,5.146298342286987,5.146298342286987,5.146298342286987,5.146298342286987,5.146298342286987,5.146298342286987,5.146298342286987,5.146298342286987,5.146298342286987,5.146298342286987,5.146298342286987,5.146298342286987,5.146298342286987,5.146298342286987,5.146298342286987,5.146298342286987,5.146298342286987,5.146298342286987,5.146298342286987,5.146298342286987,5.146298342286987,5.146298342286987,5.146298342286987,5.146298342286987,5.146298342286987,5.146298342286987,5.146298342286987,5.146298342286987,5.146298342286987,5.146298342286987,5.146298342286987,5.146298342286987,5.146298342286987,5.146298342286987,5.146298342286987,5.146298342286987,5.146298342286987,5.146298342286987,5.146298342286987,5.146298342286987,5.146298342286987,5.146298342286987,5.146298342286987,5.146298342286987,5.146298342286987,5.146298342286987,5.146298342286987,5.146298342286987,5.146298342286987,5.146298342286987,5.146298342286987,5.146298342286987,5.146298342286987,5.146298342286987,5.146298342286987,5.146298342286987,5.146298342286987,5.146298342286987,5.146298342286987,5.146298342286987,5.146298342286987,5.146298342286987,5.146298342286987,5.146298342286987,5.146298342286987,5.146298342286987,5.146298342286987,5.146298342286987,5.146298342286987,5.146298342286987,5.146298342286987,5.146298342286987,5.146298342286987,5.146298342286987,5.146298342286987,5.146298342286987,5.146298342286987,5.146298342286987,5.146298342286987,5.146298342286987,5.146298342286987,5.146298342286987,5.106341002178179,5.106341002178179,5.106341002178179,5.106341002178179,5.106341002178179,5.106341002178179,5.106341002178179,5.106341002178179,5.106341002178179,5.106341002178179,5.106341002178179,5.106341002178179,5.106341002178179,5.106341002178179,5.106341002178179,5.106341002178179,5.106341002178179,5.106341002178179,5.106341002178179,5.106341002178179,5.106341002178179,5.106341002178179,5.106341002178179,5.106341002178179,5.106341002178179,5.106341002178179,5.106341002178179,5.106341002178179,5.106341002178179,5.106341002178179,5.106341002178179,5.106341002178179,5.106341002178179,5.106341002178179,5.106341002178179,5.106341002178179,5.106341002178179,5.106341002178179,5.106341002178179,5.106341002178179,5.106341002178179,5.106341002178179,5.106341002178179,5.106341002178179,5.106341002178179,5.106341002178179,5.106341002178179,5.106341002178179,5.106341002178179,5.106341002178179,5.106341002178179,5.106341002178179,5.106341002178179,5.106341002178179,5.106341002178179,5.106341002178179,5.106341002178179,5.106341002178179,5.106341002178179,5.106341002178179,5.106341002178179,5.106341002178179,5.106341002178179,5.106341002178179,5.106341002178179,5.106341002178179,5.106341002178179,5.106341002178179,5.106341002178179,5.106341002178179,5.106341002178179,5.106341002178179,5.106341002178179,5.106341002178179,5.106341002178179,5.106341002178179,5.106341002178179,5.106341002178179,5.106341002178179,5.106341002178179,5.106341002178179,5.106341002178179,5.106341002178179,5.106341002178179,5.106341002178179,5.106341002178179,5.106341002178179,5.106341002178179,5.106341002178179,5.106341002178179,5.106341002178179,5.106341002178179,5.106341002178179,5.106341002178179,5.106341002178179,5.106341002178179,5.106341002178179,5.106341002178179,5.106341002178179,5.106341002178179,5.106341002178179,5.106341002178179,5.106341002178179,5.106341002178179,5.106341002178179,5.106341002178179,5.106341002178179,5.106341002178179,5.106341002178179,5.106341002178179,5.106341002178179,5.106341002178179,5.106341002178179,5.106341002178179,5.106341002178179,5.106341002178179,5.106341002178179,5.106341002178179,5.106341002178179,5.106341002178179,5.106341002178179,5.106341002178179,5.106341002178179,5.106341002178179,5.106341002178179,5.106341002178179,5.106341002178179,5.106341002178179,5.106341002178179,5.106341002178179,5.106341002178179,5.106341002178179,5.106341002178179,5.106341002178179,5.106341002178179,5.106341002178179,5.106341002178179,5.106341002178179,5.106341002178179,5.106341002178179,5.106341002178179,5.106341002178179,5.106341002178179,5.106341002178179,5.106341002178179,5.106341002178179,5.106341002178179,5.106341002178179,5.106341002178179,5.106341002178179,5.106341002178179,5.106341002178179,5.106341002178179,5.106341002178179,5.106341002178179,5.106341002178179,5.106341002178179,5.106341002178179,5.106341002178179,5.106341002178179,5.106341002178179,5.106341002178179,5.106341002178179,5.106341002178179,5.106341002178179,5.106341002178179,5.106341002178179,5.106341002178179,4.580852507507597,3.874272327006978,3.468160716184562,3.468160716184562,3.468160716184562,3.468160716184562,3.468160716184562,3.468160716184562,3.468160716184562,3.468160716184562,3.468160716184562,3.468160716184562,3.468160716184562,3.468160716184562,3.468160716184562,3.468160716184562,3.468160716184562,3.468160716184562,3.468160716184562,3.468160716184562,3.468160716184562,3.468160716184562,3.468160716184562,3.468160716184562,3.468160716184562,3.468160716184562,3.468160716184562,3.468160716184562,3.468160716184562,3.468160716184562,3.468160716184562,3.468160716184562,3.468160716184562,3.468160716184562,3.468160716184562,3.468160716184562,3.468160716184562,3.468160716184562,3.468160716184562,3.468160716184562,3.468160716184562,3.468160716184562,3.468160716184562,3.468160716184562,3.468160716184562,3.468160716184562,3.468160716184562,3.468160716184562,3.468160716184562,3.468160716184562,3.468160716184562,3.468160716184562,3.468160716184562,3.468160716184562,3.468160716184562,3.468160716184562,3.468160716184562,3.468160716184562,3.468160716184562,3.468160716184562,3.468160716184562,3.468160716184562,3.468160716184562,3.468160716184562,3.468160716184562,3.468160716184562,3.468160716184562,3.468160716184562,3.468160716184562,3.468160716184562,3.468160716184562,3.468160716184562,3.468160716184562,3.468160716184562,3.468160716184562,3.468160716184562,3.468160716184562,3.468160716184562,3.468160716184562,3.468160716184562,3.468160716184562,3.468160716184562,3.468160716184562,3.4681607161845616,3.4681607161845616,3.4681607161845616,3.4681607161845616,3.4681607161845616,3.4681607161845616,3.4681607161845616,3.4681607161845616,3.4681607161845616,3.4681607161845616,3.4681607161845616,3.4681607161845616,3.4681607161845616,3.4681607161845616,3.4681607161845616,3.4681607161845616,3.4681607161845616,3.4681607161845616,3.4681607161845616,3.4681607161845616,3.4681607161845616,3.4681607161845616,3.4681607161845616,3.4681607161845616,3.4681607161845616,3.4681607161845616,3.4681607161845616,3.4681607161845616,3.4681607161845616,3.4681607161845616,3.4681607161845616,3.4681607161845616,3.4681607161845616,3.4681607161845616,3.4681607161845616,3.4681607161845616,3.4681607161845616,3.4681607161845616,3.4681607161845616,3.4681607161845616,3.4681607161845616,3.4681607161845616,3.4681607161845616,3.4681607161845616,3.4681607161845616,3.4681607161845616,3.4681607161845616,3.4681607161845616,3.4681607161845616,3.4681607161845616,3.4681607161845616,3.4681607161845616,3.4681607161845616,3.4681607161845616,3.4681607161845616,3.4681607161845616,3.4681607161845616,3.4681607161845616,3.4681607161845616,3.4681607161845616,3.4681607161845616,3.4681607161845616,3.4681607161845616,3.4681607161845616,3.4681607161845616,3.4681607161845616,3.4681607161845616,3.4681607161845616,3.4681607161845616,3.4681607161845616,3.4681607161845616,3.4681607161845616,3.4681607161845616,3.4681607161845616,3.4681607161845616,3.4681607161845616,3.4681607161845616,3.4681607161845616,3.4681607161845616,3.4681607161845616,3.4681607161845616,3.4681607161845616,3.4681607161845616,3.4681607161845616,3.4681607161845616,3.4681607161845616,3.4681607161845616,3.4681607161845616,3.4681607161845616,3.4681607161845616,3.4681607161845616,3.4681607161845616,3.4681607161845616,3.4681607161845616,3.4681607161845616,3.4681607161845616,3.4681607161845616,3.4681607161845616,3.4681607161845616,3.4681607161845616,3.4681607161845616,3.4681607161845616,3.4681607161845616,3.4681607161845616,3.4681607161845616,3.4681607161845616,3.4681607161845616,3.4681607161845616,3.4681607161845616,3.4681607161845616,3.4681607161845616,3.4681607161845616,3.4681607161845616,3.4681607161845616,3.4681607161845616,3.4681607161845616,3.4681607161845616,3.4681607161845616,3.4681607161845616,3.4681607161845616,3.4681607161845616,3.4681607161845616,3.4681607161845616,3.4681607161845616,3.4681607161845616,3.4681607161845616,3.4681607161845616,3.4681607161845616,3.4681607161845616,3.4681607161845616,3.4681607161845616,3.4681607161845616,3.4681607161845616,3.4681607161845616,3.4681607161845616,3.4681607161845616,3.4681607161845616,3.4681607161845616,3.4681607161845616,3.4681607161845616,3.4681607161845616,3.4681607161845616,3.4681607161845616,3.4681607161845616,3.4681607161845616,3.4681607161845616,3.4681607161845616,3.4681607161845616,3.4681607161845616,3.4681607161845616,3.4681607161845616,3.4681607161845616,3.4681607161845616,3.4681607161845616,3.4681607161845616,3.4681607161845616,3.4681607161845616,3.4681607161845616,3.4681607161845616,3.4681607161845616,3.4681607161845616,3.4681607161845616,3.4681607161845616,3.4681607161845616,3.4681607161845616,3.4681607161845616,3.4681607161845616,3.4681607161845616,3.4681607161845616,3.4681607161845616,3.4681607161845616,3.4681607161845616,3.4681607161845616,3.4681607161845616,3.4681607161845616,3.4681607161845616,3.4681607161845616,3.4681607161845616,3.4681607161845616,3.4681607161845616,3.4681607161845616,3.4681607161845616,3.4681607161845616,3.4681607161845616,3.4681607161845616,3.4681607161845616,3.4681607161845616,3.4681607161845616,3.4681607161845616,3.4681607161845616,3.4681607161845616,3.4681607161845616,3.4681607161845616,3.4681607161845616,3.4681607161845616,3.4681607161845616,3.4681607161845616,3.4681607161845616,3.4681607161845616,3.4681607161845616,3.4681607161845616,3.4681607161845616,3.4681607161845616,3.4681607161845616,3.4681607161845616,3.4681607161845616,3.4681607161845616,3.4681607161845616,3.4681607161845616,3.4681607161845616,3.4681607161845616,3.4681607161845616,3.4681607161845616,3.4681607161845616,3.4681607161845616,3.4681607161845616,3.4681607161845616,3.4681607161845616,3.4681607161845616,3.4681607161845616,3.4681607161845616,3.4681607161845616,3.4681607161845616,3.4681607161845616,3.4681607161845616,3.4681607161845616,3.4681607161845616,3.4681607161845616,3.4681607161845616,3.4681607161845616,3.4681607161845616,3.4681607161845616,3.4681607161845616,3.4681607161845616,3.4681607161845616,3.4681607161845616,3.4681607161845616,3.4681607161845616,3.4681607161845616,3.4681607161845616,3.4681607161845616,3.4681607161845616,3.4681607161845616,3.4681607161845616,3.4681607161845616,3.4681607161845616,3.4681607161845616,3.4681607161845616,3.4681607161845616,3.4681607161845616,3.4681607161845616,3.4681607161845616,3.4681607161845616,3.4681607161845616,3.4681607161845616,3.4681607161845616,3.4681607161845616,3.4681607161845616,3.4681607161845616,3.4681607161845616,3.4681607161845616,3.4681607161845616,3.4681607161845616,3.4681607161845616,3.4681607161845616,3.4681607161845616,3.4681607161845616,3.4681607161845616,3.4681607161845616,3.4681607161845616,3.4681607161845616,3.4681607161845616,3.4681607161845616,3.4681607161845616,3.4681607161845616,3.4681607161845616,3.4681607161845616,3.4681607161845616,3.4681607161845616,3.4681607161845616,3.4681607161845616,3.4681607161845616,3.4681607161845616,3.4681607161845616,3.4681607161845616,3.4681607161845616,3.4681607161845616,3.4681607161845616,3.4681607161845616,3.4681607161845616,3.4681607161845616,3.4681607161845616,3.4681607161845616,3.4681607161845616,3.4681607161845616,3.4681607161845616,3.4681607161845616,3.4681607161845616,3.4681607161845616,3.4681607161845616,3.4681607161845616,3.4681607161845616,3.4681607161845616,3.4681607161845616,3.4681607161845616,3.4681607161845616,3.4681607161845616,3.4681607161845616,3.4681607161845616,3.4681607161845616,3.4681607161845616,3.4681607161845616,3.4681607161845616,3.4681607161845616,3.4681607161845616,3.4681607161845616,3.4681607161845616,3.4681607161845616,3.4681607161845616,3.4681607161845616,3.4681607161845616,3.4681607161845616,3.4681607161845616,3.4681607161845616,3.4681607161845616,3.4681607161845616,3.4681607161845616,3.4681607161845616,3.4681607161845616,3.4681607161845616,3.4681607161845616,3.4681607161845616,3.4681607161845616,3.4681607161845616,3.4681607161845616,3.4681607161845616,3.4681607161845616,3.4681607161845616,3.4681607161845616,3.4681607161845616,3.4681607161845616,3.4681607161845616,3.4681607161845616,3.4681607161845616,3.4681607161845616,3.4681607161845616,3.4681607161845616,3.4681607161845616,3.4681607161845616,3.4681607161845616,3.4681607161845616,3.4681607161845616,3.4681607161845616,3.4681607161845616,3.4681607161845616,3.4681607161845616,3.4681607161845616,3.4681607161845616,3.4681607161845616,3.4681607161845616,3.4681607161845616,3.4681607161845616,3.4681607161845616,3.4681607161845616,3.4681607161845616,3.4681607161845616,3.4681607161845616,3.4681607161845616,3.4681607161845616,3.4681607161845616,3.4681607161845616,3.4681607161845616,3.4681607161845616,3.4681607161845616,3.4681607161845616,3.4681607161845616,3.4681607161845616,3.4681607161845616,3.4681607161845616,3.4681607161845616,3.4681607161845616,3.4681607161845616,3.4681607161845616,3.4681607161845616,3.4681607161845616,3.4681607161845616,3.4681607161845616,3.4681607161845616,3.4681607161845616,3.4681607161845616,3.4681607161845616,3.4681607161845616,3.4681607161845616,3.4681607161845616,3.4681607161845616,3.4681607161845616,3.4681607161845616,3.4681607161845616,3.4681607161845616,3.4681607161845616,3.4681607161845616,3.4681607161845616,3.4681607161845616,3.4681607161845616,3.4681607161845616,3.4681607161845616,3.4681607161845616,3.4681607161845616,7.762205130321783,7.762205130321783,7.762205130321783,7.762205130321783,7.762205130321783,7.550782342227547,7.550782342227547,7.550782342227547,7.550782342227547,7.550782342227547,7.550782342227547,7.550782342227547,6.811605314454419,6.811605314454419,6.811605314454419,6.811605314454419,6.811605314454419,6.811605314454419,6.811605314454419,6.61123273630551,6.61123273630551,6.61123273630551,6.61123273630551,6.61123273630551,6.61123273630551,6.61123273630551,6.61123273630551,6.61123273630551,6.61123273630551,6.61123273630551,6.61123273630551,6.61123273630551,6.61123273630551,6.61123273630551,6.61123273630551,6.61123273630551,6.61123273630551,6.61123273630551,6.61123273630551,6.61123273630551,6.61123273630551,6.61123273630551,6.61123273630551,6.61123273630551,6.61123273630551,6.61123273630551,6.61123273630551,6.61123273630551,6.61123273630551,6.61123273630551,6.61123273630551,6.61123273630551,6.61123273630551,6.61123273630551,6.61123273630551,6.61123273630551,6.61123273630551,6.61123273630551,6.61123273630551,6.61123273630551,6.61123273630551,6.61123273630551,6.61123273630551,6.61123273630551,6.61123273630551,6.61123273630551,6.61123273630551,6.61123273630551,6.61123273630551,6.61123273630551,6.61123273630551,6.61123273630551,6.61123273630551,6.61123273630551,6.61123273630551,6.61123273630551,6.61123273630551,6.61123273630551,6.61123273630551,6.61123273630551,6.61123273630551,6.61123273630551,6.61123273630551,6.61123273630551,6.61123273630551,6.61123273630551,6.61123273630551,6.61123273630551,6.61123273630551,6.61123273630551,6.61123273630551,6.61123273630551,6.61123273630551,6.61123273630551,6.61123273630551,6.61123273630551,6.61123273630551,6.61123273630551,6.61123273630551,6.61123273630551,6.61123273630551,6.61123273630551,6.61123273630551,6.61123273630551,6.61123273630551,6.61123273630551,6.61123273630551,6.61123273630551,6.61123273630551,6.61123273630551,6.61123273630551,6.61123273630551,6.61123273630551,6.61123273630551,6.61123273630551,6.61123273630551,6.61123273630551,6.61123273630551,6.61123273630551,6.61123273630551,6.61123273630551,6.61123273630551,6.61123273630551,6.61123273630551,6.61123273630551,6.61123273630551,6.61123273630551,6.61123273630551,6.61123273630551,6.61123273630551,6.61123273630551,6.61123273630551,6.61123273630551,6.61123273630551,6.61123273630551,6.61123273630551,6.61123273630551,6.61123273630551,6.61123273630551,6.61123273630551,6.61123273630551,6.61123273630551,6.61123273630551,6.61123273630551,6.61123273630551,6.61123273630551,6.61123273630551,6.61123273630551,6.61123273630551,6.61123273630551,6.61123273630551,6.61123273630551,6.61123273630551,6.61123273630551,6.61123273630551,6.61123273630551,6.61123273630551,6.61123273630551,6.61123273630551,6.61123273630551,6.61123273630551,6.61123273630551,6.61123273630551,6.61123273630551,6.61123273630551,6.61123273630551,6.61123273630551,6.61123273630551,6.61123273630551,6.61123273630551,6.61123273630551,6.61123273630551,6.61123273630551,6.61123273630551,6.61123273630551,6.61123273630551,6.61123273630551,6.61123273630551,6.61123273630551,6.61123273630551,6.61123273630551,6.61123273630551,6.61123273630551,6.61123273630551,6.61123273630551,6.61123273630551,6.61123273630551,6.61123273630551,6.61123273630551,6.61123273630551,6.61123273630551,6.61123273630551,6.61123273630551,6.61123273630551,6.61123273630551,6.61123273630551,6.61123273630551,6.61123273630551,6.61123273630551,6.61123273630551,6.61123273630551,6.61123273630551,6.61123273630551,6.61123273630551,6.61123273630551,6.61123273630551,6.61123273630551,6.61123273630551,6.61123273630551,6.61123273630551,6.61123273630551,6.5300255339134425,6.5300255339134425,6.403761035615344,6.403761035615344,6.403761035615344,6.403761035615344,6.403761035615344,6.226550666675599,5.73941913366098,5.73941913366098,5.627916766583252,5.627916766583252,5.627916766583252,5.627916766583252,5.627916766583252,5.627916766583252,5.627916766583252,5.627916766583252,5.627916766583252,5.627916766583252,5.627916766583252,5.627916766583252,5.627916766583252,5.627916766583252,5.627916766583252,5.627916766583252,5.627916766583252,5.627916766583252,5.627916766583252,5.627916766583252,5.627916766583252,5.627916766583252,5.627916766583252,5.627916766583252,5.627916766583252,5.627916766583252,5.627916766583252,5.627916766583252,5.627916766583252,5.627916766583252,5.627916766583252,5.627916766583252,5.627916766583252,5.627916766583252,5.627916766583252,5.627916766583252,5.627916766583252,5.627916766583252,5.627916766583252,5.627916766583252,5.627916766583252,5.627916766583252,5.627916766583252,5.627916766583252,5.627916766583252,5.627916766583252,5.627916766583252,5.627916766583252,5.627916766583252,5.627916766583252,5.627916766583252,5.627916766583252,5.627916766583252,5.627916766583252,5.627916766583252,5.627916766583252,5.627916766583252,5.627916766583252,5.627916766583252,5.627916766583252,5.627916766583252,5.627916766583252,5.627916766583252,5.627916766583252,5.627916766583252,5.627916766583252,5.627916766583252,5.627916766583252,5.627916766583252,5.627916766583252,5.627916766583252,5.627916766583252,5.627916766583252,5.627916766583252,5.627916766583252,5.627916766583252,5.627916766583252,5.627916766583252,5.627916766583252,5.627916766583252,5.627916766583252,5.627916766583252,5.627916766583252,5.627916766583252,5.627916766583252,5.627916766583252,5.627916766583252,5.627916766583252,5.627916766583252,5.627916766583252,5.627916766583252,5.627916766583252,5.627916766583252,5.627916766583252,5.627916766583252,5.627916766583252,5.627916766583252,5.627916766583252,5.627916766583252,5.627916766583252,5.627916766583252,5.627916766583252,5.627916766583252,5.627916766583252,5.627916766583252,5.627916766583252,5.627916766583252,5.2566675749185565,5.2566675749185565,5.2566675749185565,5.2566675749185565,5.2566675749185565,5.2566675749185565,5.2566675749185565,5.2566675749185565,5.2566675749185565,5.2566675749185565,5.2566675749185565,5.2566675749185565,5.2566675749185565,5.2566675749185565,5.2566675749185565,5.2566675749185565,5.2566675749185565,5.2566675749185565,5.2566675749185565,5.2566675749185565,5.2566675749185565,5.2566675749185565,5.2566675749185565,5.2566675749185565,5.2566675749185565,5.2566675749185565,5.2566675749185565,5.2566675749185565,5.2566675749185565,5.2566675749185565,5.2566675749185565,5.2566675749185565,5.2566675749185565,5.2566675749185565,5.2566675749185565,5.2566675749185565,5.2566675749185565,5.2566675749185565,5.2566675749185565,5.2566675749185565,5.2566675749185565,5.2566675749185565,5.2566675749185565,5.2566675749185565,5.2566675749185565,5.2566675749185565,5.2566675749185565,5.2566675749185565,5.2566675749185565,5.2566675749185565,5.2566675749185565,5.2566675749185565,5.2566675749185565,5.2566675749185565,5.2566675749185565,5.2566675749185565,5.2566675749185565,5.2566675749185565,5.2566675749185565,5.2566675749185565,5.2566675749185565,5.2566675749185565,5.2566675749185565,5.2566675749185565,5.2566675749185565,5.2566675749185565,5.2566675749185565,5.2566675749185565,5.2566675749185565,5.2566675749185565,5.2566675749185565,5.2566675749185565,5.2566675749185565,5.2566675749185565,5.2566675749185565,5.2566675749185565,5.2566675749185565,5.2566675749185565,5.2566675749185565,5.2566675749185565,5.2566675749185565,5.2566675749185565,5.2566675749185565,5.2566675749185565,5.2566675749185565,5.2566675749185565,5.2566675749185565,5.2566675749185565,5.2566675749185565,5.2566675749185565,5.2566675749185565,5.2566675749185565,5.2566675749185565,5.2566675749185565,5.2566675749185565,5.2566675749185565,5.2566675749185565,5.2566675749185565,5.2566675749185565,5.2566675749185565,5.2566675749185565,5.2566675749185565,5.2566675749185565,5.2566675749185565,5.2566675749185565,5.2566675749185565,5.2566675749185565,5.2566675749185565,5.2566675749185565,5.2566675749185565,5.2566675749185565,5.2566675749185565,5.2566675749185565,5.2566675749185565,5.2566675749185565,5.2566675749185565,5.2566675749185565,5.2566675749185565,5.2566675749185565,5.2566675749185565,5.2566675749185565,5.2566675749185565,5.2566675749185565,5.2566675749185565,5.2566675749185565,5.2566675749185565,5.2566675749185565,5.2566675749185565,5.2566675749185565,5.2566675749185565,5.2566675749185565,5.2566675749185565,5.2566675749185565,5.2566675749185565,5.2566675749185565,5.2566675749185565,5.2566675749185565,5.2566675749185565,5.2566675749185565,5.2566675749185565,5.2566675749185565,5.2566675749185565,5.2566675749185565,5.2566675749185565,5.2566675749185565,5.2566675749185565,5.2566675749185565,5.2566675749185565,5.2566675749185565,5.2566675749185565,5.2566675749185565,5.2566675749185565,5.2566675749185565,5.2566675749185565,5.2566675749185565,5.2566675749185565,5.2566675749185565,5.2566675749185565,5.2566675749185565,5.2566675749185565,5.2566675749185565,5.2566675749185565,5.2566675749185565,5.2566675749185565,5.2566675749185565,5.2566675749185565,5.2566675749185565,5.2566675749185565,5.2566675749185565,4.938512627004238,4.926061700960663,4.926061700960663,4.926061700960663,4.926061700960663,4.926061700960663,4.926061700960663,4.926061700960663,4.926061700960663,4.926061700960663,4.926061700960663,4.926061700960663,4.926061700960663,4.926061700960663,4.926061700960663,4.926061700960663,4.926061700960663,4.926061700960663,4.926061700960663,4.926061700960663,4.926061700960663,4.926061700960663,4.926061700960663,4.926061700960663,4.926061700960663,4.926061700960663,4.926061700960663,4.926061700960663,4.926061700960663,4.926061700960663,4.926061700960663,4.926061700960663,4.926061700960663,4.926061700960663,4.926061700960663,4.926061700960663,4.926061700960663,4.926061700960663,4.926061700960663,4.926061700960663,4.926061700960663,4.926061700960663,4.926061700960663,4.926061700960663,4.926061700960663,4.926061700960663,4.926061700960663,4.926061700960663,4.926061700960663,4.926061700960663,4.926061700960663,4.926061700960663,4.926061700960663,4.926061700960663,4.926061700960663,4.926061700960663,4.926061700960663,4.926061700960663,4.926061700960663,4.926061700960663,4.926061700960663,4.926061700960663,4.926061700960663,4.926061700960663,4.926061700960663,4.926061700960663,4.926061700960663,4.926061700960663,4.926061700960663,4.926061700960663,4.926061700960663,4.926061700960663,4.926061700960663,4.926061700960663,4.926061700960663,4.926061700960663,4.926061700960663,4.926061700960663,4.926061700960663,4.926061700960663,4.926061700960663,4.926061700960663,4.926061700960663,4.926061700960663,4.926061700960663,4.926061700960663,4.926061700960663,4.926061700960663,4.926061700960663,4.926061700960663,4.926061700960663,4.926061700960663,4.926061700960663,4.926061700960663,4.926061700960663,4.926061700960663,4.926061700960663,4.926061700960663,4.926061700960663,4.926061700960663,4.926061700960663,4.926061700960663,4.926061700960663,4.926061700960663,4.926061700960663,4.926061700960663,4.926061700960663,4.926061700960663,4.926061700960663,4.926061700960663,4.926061700960663,4.926061700960663,4.926061700960663,4.926061700960663,4.926061700960663,4.926061700960663,4.926061700960663,4.926061700960663,4.926061700960663,4.926061700960663,4.926061700960663,4.926061700960663,4.926061700960663,4.926061700960663,4.926061700960663,4.926061700960663,4.926061700960663,4.926061700960663,4.926061700960663,4.926061700960663,4.926061700960663,4.926061700960663,4.926061700960663,4.926061700960663,4.926061700960663,4.926061700960663,4.926061700960663,4.926061700960663,4.926061700960663,4.926061700960663,4.926061700960663,4.926061700960663,4.926061700960663,4.926061700960663,4.926061700960663,4.926061700960663,4.926061700960663,4.926061700960663,4.926061700960663,4.926061700960663,4.926061700960663,4.926061700960663,4.926061700960663,4.926061700960663,4.926061700960663,4.926061700960663,4.926061700960663,4.926061700960663,4.926061700960663,4.926061700960663,4.926061700960663,4.926061700960663,4.926061700960663,4.926061700960663,4.926061700960663,4.926061700960663,4.926061700960663,4.926061700960663,4.926061700960663,4.926061700960663,4.926061700960663,4.926061700960663,4.926061700960663,4.926061700960663,4.926061700960663,4.926061700960663,4.926061700960663,4.926061700960663,4.926061700960663,4.926061700960663,4.926061700960663,4.926061700960663,4.926061700960663,4.926061700960663,4.926061700960663,4.926061700960663,4.926061700960663,4.926061700960663,4.926061700960663,4.926061700960663,4.926061700960663,4.926061700960663,4.926061700960663,4.926061700960663,4.926061700960663,4.926061700960663,4.926061700960663,4.926061700960663,4.926061700960663,4.926061700960663,4.926061700960663,4.926061700960663,4.926061700960663,4.926061700960663,4.926061700960663,4.926061700960663,4.926061700960663,4.926061700960663,4.926061700960663,4.926061700960663,4.926061700960663,4.926061700960663,4.926061700960663,4.926061700960663,4.926061700960663,4.926061700960663,4.926061700960663,4.926061700960663,4.926061700960663,4.926061700960663,4.926061700960663,4.926061700960663,4.926061700960663,4.926061700960663,4.926061700960663,4.926061700960663,4.926061700960663,4.926061700960663,4.926061700960663,4.926061700960663,4.926061700960663,4.926061700960663,4.926061700960663,4.926061700960663,4.857681737171999,4.857681737171999,4.857681737171999,4.857681737171999,4.857681737171999,4.857681737171999,4.857681737171999,4.857681737171999,4.857681737171999,4.857681737171999,4.857681737171999,4.857681737171999,4.857681737171999,4.857681737171999,4.857681737171999,4.857681737171999,4.857681737171999,4.857681737171999,4.857681737171999,4.857681737171999,4.857681737171999,4.857681737171999,4.857681737171999,4.738918224467772,4.738918224467772,4.738918224467772,4.738918224467772,4.738918224467772,4.738918224467772,4.738918224467772,4.738918224467772,4.738918224467772,4.738918224467772,4.738918224467772,4.738918224467772,4.738918224467772,4.738918224467772,4.738918224467772,4.738918224467772,4.738918224467772,4.738918224467772,4.738918224467772,4.738918224467772,4.738918224467772,4.738918224467772,4.738918224467772,4.738918224467772,4.738918224467772,4.738918224467772,4.738918224467772,4.738918224467772,4.738918224467772,4.738918224467772,4.738918224467772,4.738918224467772,4.738918224467772,4.738918224467772,4.738918224467772,4.738918224467772,4.738918224467772,4.738918224467772,4.738918224467772,4.738918224467772,4.738918224467772,4.738918224467772,4.738918224467772,4.738918224467772,4.738918224467772,4.738918224467772,4.738918224467772,4.738918224467772,4.738918224467772,4.738918224467772,4.738918224467772,4.738918224467772,4.738918224467772,4.738918224467772,4.738918224467772,4.738918224467772,4.738918224467772,4.738918224467772,4.738918224467772,4.738918224467772,4.738918224467772,4.738918224467772,4.738918224467772,4.738918224467772,4.738918224467772,4.738918224467772,4.738918224467772,4.738918224467772,4.738918224467772,4.738918224467772,4.738918224467772,4.738918224467772,4.738918224467772,4.738918224467772,4.738918224467772,4.738918224467772,4.738918224467772,4.738918224467772,4.738918224467772,4.738918224467772,4.738918224467772,4.738918224467772,4.738918224467772,4.738918224467772,4.738918224467772,4.738918224467772,4.738918224467772,4.738918224467772,4.738918224467772,4.738918224467772,4.738918224467772,4.738918224467772,4.738918224467772,4.738918224467772,4.738918224467772,4.738918224467772,4.738918224467772,4.738918224467772,4.738918224467772,4.738918224467772,4.738918224467772,4.738918224467772,4.738918224467772,4.738918224467772,4.738918224467772,4.738918224467772,4.738918224467772,4.738918224467772,4.738918224467772,4.738918224467772,4.738918224467772,4.738918224467772,4.738918224467772,4.738918224467772,4.738918224467772,4.738918224467772,4.738918224467772,4.738918224467772,4.738918224467772,4.738918224467772,4.738918224467772,4.738918224467772,4.738918224467772,4.738918224467772,4.738918224467772,4.738918224467772,4.738918224467772,4.738918224467772,4.738918224467772,4.738918224467772,4.738918224467772,4.738918224467772,4.738918224467772,4.738918224467772,4.738918224467772,4.738918224467772,4.738918224467772,4.738918224467772,4.738918224467772,4.738918224467772,4.738918224467772,4.738918224467772,4.738918224467772,4.738918224467772,4.738918224467772,4.738918224467772,4.738918224467772,4.738918224467772,4.738918224467772,4.738918224467772,4.082360116816837,4.082360116816837,4.082360116816837,4.082360116816837,4.082360116816837,4.082360116816837,4.082360116816837,4.082360116816837,4.082360116816837,4.082360116816837,4.082360116816837,4.082360116816837,4.082360116816837,4.082360116816837,4.082360116816837,4.082360116816837,4.082360116816837,4.082360116816837,4.082360116816837,4.082360116816837,4.082360116816837,4.082360116816837,4.082360116816837,4.082360116816837,4.082360116816837,4.082360116816837,4.082360116816837,4.082360116816837,4.082360116816837,4.082360116816837,4.082360116816837,4.082360116816837,4.082360116816837,4.082360116816837,4.082360116816837,4.082360116816837,4.082360116816837,4.082360116816837,4.082360116816837,4.082360116816837,4.082360116816837,4.082360116816837,4.082360116816837,4.082360116816837,4.082360116816837,4.082360116816837,4.082360116816837,4.082360116816837,4.082360116816837,4.082360116816837,4.082360116816837,4.082360116816837,4.082360116816837,4.082360116816837,4.082360116816837,4.082360116816837,4.082360116816837,4.082360116816837,4.082360116816837,4.082360116816837,4.082360116816837,4.082360116816837,4.082360116816837,4.082360116816837,4.082360116816837,4.082360116816837,4.082360116816837,4.082360116816837,4.082360116816837,4.082360116816837,4.082360116816837,4.082360116816837,4.082360116816837,4.082360116816837,4.082360116816837,4.08232814952797,4.08232814952797,4.08232814952797,4.08232814952797,4.08232814952797,4.08232814952797,4.08232814952797,4.08232814952797,4.08232814952797,4.08232814952797,4.08232814952797,4.08232814952797,4.08232814952797,4.08232814952797,4.08232814952797,4.08232814952797,4.08232814952797,4.08232814952797,4.08232814952797,4.08232814952797,4.08232814952797,7.957465975842714,7.957465975842714,7.957465975842714,7.957465975842714,6.803712801038137,6.803712801038137,6.803712801038137,6.803712801038137,6.803712801038137,6.803712801038137,6.803712801038137,6.648837152327845,6.648837152327845,6.648837152327845,6.648837152327845,6.648837152327845,6.648837152327845,6.648837152327845,6.648837152327845,6.648837152327845,6.648837152327845,6.648837152327845,6.648837152327845,6.648837152327845,6.648837152327845,6.648837152327845,6.648837152327845,6.648837152327845,6.648837152327845,6.648837152327845,6.648837152327845,6.648837152327845,6.648837152327845,6.648837152327845,6.648837152327845,6.648837152327845,6.648837152327845,6.648837152327845,6.648837152327845,6.648837152327845,6.648837152327845,6.648837152327845,6.648837152327845,6.648837152327845,6.648837152327845,6.648837152327845,6.648837152327845,6.648837152327845,6.648837152327845,6.648837152327845,6.648837152327845,6.648837152327845,6.648837152327845,6.648837152327845,6.648837152327845,6.648837152327845,6.648837152327845,6.648837152327845,6.648837152327845,6.646817587552789,6.646817587552789,6.646817587552789,6.646817587552789,6.646817587552789,6.646817587552789,6.646817587552789,6.646817587552789,6.646817587552789,6.646817587552789,6.646817587552789,6.646817587552789,6.646817587552789,6.646817587552789,6.646817587552789,6.646817587552789,6.646817587552789,6.646817587552789,6.646817587552789,6.646817587552789,6.646817587552789,6.646817587552789,6.646817587552789,6.646817587552789,6.394858350324472,6.394858350324472,6.394858350324472,6.394858350324472,6.394858350324472,6.394858350324472,6.394858350324472,6.394858350324472,6.009454870841701,6.009454870841701,6.009454870841701,6.009454870841701,6.009454870841701,6.009454870841701,6.009454870841701,6.009454870841701,6.009454870841701,6.009454870841701,6.009454870841701,6.009454870841701,6.009454870841701,6.009454870841701,6.009454870841701,6.009454870841701,6.009454870841701,6.009454870841701,6.009454870841701,6.009454870841701,6.009454870841701,6.009454870841701,6.009454870841701,6.009454870841701,6.009454870841701,6.009454870841701,6.009454870841701,6.009454870841701,6.009454870841701,6.009454870841701,6.009454870841701,6.009454870841701,6.009454870841701,6.009454870841701,6.009454870841701,6.009454870841701,6.009454870841701,6.009454870841701,6.009454870841701,6.009454870841701,6.009454870841701,6.009454870841701,5.988757597418612,5.988757597418612,5.988757597418612,5.988757597418612,5.988757597418612,5.988757597418612,5.988757597418612,5.988757597418612,5.988757597418612,5.988757597418612,5.988757597418612,5.988757597418612,5.988757597418612,5.988757597418612,5.988757597418612,5.988757597418612,5.988757597418612,5.988757597418612,5.988757597418612,5.988757597418612,5.988757597418612,5.988757597418612,5.988757597418612,5.988757597418612,5.988757597418612,5.988757597418612,5.988757597418612,5.988757597418612,5.988757597418612,5.988757597418612,5.988757597418612,5.988757597418612,5.988757597418612,5.988757597418612,5.988757597418612,5.988757597418612,5.988757597418612,5.988757597418612,5.988757597418612,5.988757597418612,5.988757597418612,5.988757597418612,5.988757597418612,5.988757597418612,5.988757597418612,5.988757597418612,5.988757597418612,5.988757597418612,5.988757597418612,5.988757597418612,5.985621180903525,5.985621180903525,5.811513119730904,5.55434059009675,5.55434059009675,4.762912378248696,4.762912378248696,4.762912378248696,4.762912378248696,4.762912378248696,4.762912378248696,4.762912378248696,4.762912378248696,4.762912378248696,4.762912378248696,4.762912378248696,4.762912378248696,4.762912378248696,4.762912378248696,4.762912378248696,4.762912378248696,4.762912378248696,4.762912378248696,4.762912378248696,4.762912378248696,4.762912378248696,4.762912378248696,4.762912378248696,4.762912378248696,4.762912378248696,4.762912378248696,4.762912378248696,4.762912378248696,4.762912378248696,4.762912378248696,4.762912378248696,4.762912378248696,4.762912378248696,4.762912378248696,4.762912378248696,4.762912378248696,4.762912378248696,4.762912378248696,4.762912378248696,4.762912378248696,4.762912378248696,4.762912378248696,4.762912378248696,4.762912378248696,4.762912378248696,4.762912378248696,4.762912378248696,4.762912378248696,4.762912378248696,4.762912378248696,4.762912378248696,4.762912378248696,4.762912378248696,4.762912378248696,4.762912378248696,4.762912378248696,4.762912378248696,4.762912378248696,4.762912378248696,4.762912378248696,4.762912378248696,4.762912378248696,4.762912378248696,4.762912378248696,4.762912378248696,4.762912378248696,4.762912378248696,4.762912378248696,4.762912378248696,4.762912378248696,4.762912378248696,4.762912378248696,4.762912378248696,4.762912378248696,4.762912378248696,4.762912378248696,4.762912378248696,4.762912378248696,4.762912378248696,4.762912378248696,4.762912378248696,4.762912378248696,4.762912378248696,4.762912378248696,4.762912378248696,4.762912378248696,4.762912378248696,4.762912378248696,4.762912378248696,4.762912378248696,4.762912378248696,4.762912378248696,4.762912378248696,4.762912378248696,4.762912378248696,4.762912378248696,4.762912378248696,4.762912378248696,4.762912378248696,4.762912378248696,4.762912378248696,4.762912378248696,4.762912378248696,4.762912378248696,4.762912378248696,4.762912378248696,4.762912378248696,4.762912378248696,4.762912378248696,4.762912378248696,4.762912378248696,4.762912378248696,4.762912378248696,4.762912378248696,4.762912378248696,4.762912378248696,4.762912378248696,4.762912378248696,4.762912378248696,4.762912378248696,4.762912378248696,4.762912378248696,4.762912378248696,4.762912378248696,4.762912378248696,4.762912378248696,4.762912378248696,4.762912378248696,4.762912378248696,4.762912378248696,4.762912378248696,4.762912378248696,4.762912378248696,4.762912378248696,4.762912378248696,4.762912378248696,4.762912378248696,4.762912378248696,4.762912378248696,4.762912378248696,4.762912378248696,4.762912378248696,4.762912378248696,4.762912378248696,4.762912378248696,4.762912378248696,4.762912378248696,4.762912378248696,4.762912378248696,4.762912378248696,4.762912378248696,4.762912378248696,4.762912378248696,4.762912378248696,4.762912378248696,4.762912378248696,4.762912378248696,4.762912378248696,4.762912378248696,4.762912378248696,4.762912378248696,4.762912378248696,4.762912378248696,4.762912378248696,4.762912378248696,4.762912378248696,4.762912378248696,4.762912378248696,4.762912378248696,4.762912378248696,4.762912378248696,4.762912378248696,4.762912378248696,4.762912378248696,4.762912378248696,4.762912378248696,4.762912378248696,4.762912378248696,4.762912378248696,4.762912378248696,4.762912378248696,4.762912378248696,4.762912378248696,4.762912378248696,4.762912378248696,4.762912378248696,4.762912378248696,4.762912378248696,4.762912378248696,4.762912378248696,4.762912378248696,4.762912378248696,4.762912378248696,4.762912378248696,4.762912378248696,4.762912378248696,4.762912378248696,4.762912378248696,4.762912378248696,4.762912378248696,4.762912378248696,4.762912378248696,4.762912378248696,4.762912378248696,4.762912378248696,4.762912378248696,4.762912378248696,4.762912378248696,4.762912378248696,4.762912378248696,4.762912378248696,4.762912378248696,4.762912378248696,4.762912378248696,4.762912378248696,4.762912378248696,4.762912378248696,4.762912378248696,4.762912378248696,4.762912378248696,4.762912378248696,4.762912378248696,4.762912378248696,4.762912378248696,4.762912378248696,4.762912378248696,4.762912378248696,4.762912378248696,4.762912378248696,4.762912378248696,4.762912378248696,4.762912378248696,4.762912378248696,4.762912378248696,4.762912378248696,4.762912378248696,4.762912378248696,4.762912378248696,4.762912378248696,4.762912378248696,4.762912378248696,4.762912378248696,4.762912378248696,4.762912378248696,4.762912378248696,4.762912378248696,4.762912378248696,4.762912378248696,4.762912378248696,4.762912378248696,4.762912378248696,4.762912378248696,4.655741808855031,4.655741808855031,4.655741808855031,4.531427691481484,4.531427691481484,4.531427691481484,4.531427691481484,4.531427691481484,4.531427691481484,4.531427691481484,4.495018193953906,4.495018193953906,4.495018193953906,4.495018193953906,4.495018193953906,4.495018193953906,4.495018193953906,4.4481726073612435,4.4481726073612435,4.4481726073612435,4.4481726073612435,4.4481726073612435,4.4481726073612435,4.4481726073612435,4.4481726073612435,4.4481726073612435,4.4481726073612435,4.4481726073612435,4.4481726073612435,4.4481726073612435,4.4481726073612435,4.4481726073612435,4.4481726073612435,4.4481726073612435,4.4481726073612435,4.4481726073612435,4.4481726073612435,4.4481726073612435,4.4481726073612435,4.4481726073612435,4.4481726073612435,4.4481726073612435,4.4481726073612435,4.4481726073612435,4.4481726073612435,4.4481726073612435,4.4481726073612435,4.4481726073612435,4.4481726073612435,4.4481726073612435,4.4481726073612435,4.4481726073612435,4.4481726073612435,4.4481726073612435,4.4481726073612435,4.4481726073612435,4.4481726073612435,4.4481726073612435,4.4481726073612435,4.4481726073612435,4.4481726073612435,4.4481726073612435,4.4481726073612435,4.4481726073612435,4.4481726073612435,4.4481726073612435,4.4481726073612435,4.4481726073612435,4.4481726073612435,4.4481726073612435,4.4481726073612435,4.4481726073612435,4.4481726073612435,4.4481726073612435,4.4481726073612435,4.4481726073612435,4.4481726073612435,4.4481726073612435,4.4481726073612435,4.4481726073612435,4.4481726073612435,4.4481726073612435,4.4481726073612435,4.4481726073612435,4.4481726073612435,4.4481726073612435,4.4481726073612435,4.4481726073612435,4.4481726073612435,4.4481726073612435,4.4481726073612435,4.4481726073612435,4.4481726073612435,4.4481726073612435,4.4481726073612435,4.4481726073612435,4.4481726073612435,4.4481726073612435,4.4481726073612435,4.4481726073612435,4.4481726073612435,4.4481726073612435,4.4481726073612435,4.4481726073612435,4.4481726073612435,4.4481726073612435,4.4481726073612435,4.4481726073612435,4.4481726073612435,4.4481726073612435,4.4481726073612435,4.4481726073612435,4.4481726073612435,4.4481726073612435,4.4481726073612435,4.4481726073612435,4.4481726073612435,4.4481726073612435,4.4481726073612435,4.4481726073612435,4.4481726073612435,4.4481726073612435,4.4481726073612435,4.4481726073612435,4.4481726073612435,4.4481726073612435,4.4481726073612435,4.4481726073612435,4.4481726073612435,4.4481726073612435,4.4481726073612435,4.4481726073612435,4.4481726073612435,4.4481726073612435,4.4481726073612435,4.4481726073612435,4.4481726073612435,4.4481726073612435,4.4481726073612435,4.4481726073612435,4.4481726073612435,4.4481726073612435,4.4481726073612435,4.4481726073612435,4.4481726073612435,4.4481726073612435,4.4481726073612435,4.4481726073612435,4.4481726073612435,4.4481726073612435,4.4481726073612435,4.4481726073612435,4.4481726073612435,4.4481726073612435,4.4481726073612435,4.4481726073612435,4.4481726073612435,4.4481726073612435,4.4481726073612435,4.4481726073612435,4.4481726073612435,4.4481726073612435,4.4481726073612435,4.4481726073612435,4.4481726073612435,4.4481726073612435,4.4481726073612435,4.4481726073612435,4.4481726073612435,4.4481726073612435,4.4481726073612435,4.4481726073612435,4.4481726073612435,4.4481726073612435,4.4481726073612435,4.4481726073612435,4.4481726073612435,4.4481726073612435,4.4481726073612435,4.4481726073612435,4.4481726073612435,4.4481726073612435,4.4481726073612435,4.4481726073612435,4.4481726073612435,4.4481726073612435,4.4481726073612435,4.4481726073612435,4.4481726073612435,4.4481726073612435,4.4481726073612435,4.4481726073612435,4.4481726073612435,4.4481726073612435,4.4481726073612435,4.4481726073612435,4.4481726073612435,4.4481726073612435,4.4481726073612435,4.4481726073612435,4.4481726073612435,4.4481726073612435,4.4481726073612435,4.4481726073612435,4.4481726073612435,4.4481726073612435,4.4481726073612435,4.4481726073612435,4.4481726073612435,4.4481726073612435,4.4481726073612435,4.4481726073612435,4.4481726073612435,4.4481726073612435,4.4481726073612435,4.4481726073612435,4.4481726073612435,4.4481726073612435,4.4481726073612435,4.4481726073612435,4.4481726073612435,4.4481726073612435,4.4481726073612435,4.4481726073612435,4.4481726073612435,4.4481726073612435,4.4481726073612435,4.4481726073612435,4.4481726073612435,4.4481726073612435,4.4481726073612435,4.4481726073612435,4.4481726073612435,4.4481726073612435,4.4481726073612435,4.4481726073612435,4.4481726073612435,4.4481726073612435,4.4481726073612435,4.4481726073612435,4.4481726073612435,4.4481726073612435,4.4481726073612435,4.4481726073612435,4.4481726073612435,4.4481726073612435,4.4481726073612435,4.4481726073612435,4.4481726073612435,4.4481726073612435,4.4481726073612435,4.4481726073612435,4.4481726073612435,4.4481726073612435,4.4481726073612435,4.4481726073612435,4.4481726073612435,4.4481726073612435,4.4481726073612435,4.4481726073612435,4.4481726073612435,4.4481726073612435,4.4481726073612435,4.4481726073612435,4.4481726073612435,4.4481726073612435,4.4481726073612435,4.4481726073612435,4.4481726073612435,4.4481726073612435,4.4481726073612435,4.4481726073612435,4.4481726073612435,4.4481726073612435,4.4481726073612435,4.4481726073612435,4.4481726073612435,4.4481726073612435,4.4481726073612435,4.4481726073612435,4.4481726073612435,4.4481726073612435,4.4481726073612435,4.4481726073612435,4.4481726073612435,4.4481726073612435,4.4481726073612435,4.4481726073612435,4.4481726073612435,4.4481726073612435,4.4481726073612435,4.4481726073612435,4.4481726073612435,4.4481726073612435,4.4481726073612435,4.4481726073612435,4.4481726073612435,4.4481726073612435,4.4481726073612435,4.4481726073612435,4.4481726073612435,4.4481726073612435,4.4481726073612435,4.4481726073612435,4.4481726073612435,4.4481726073612435,4.4481726073612435,4.4481726073612435,4.4481726073612435,4.4481726073612435,4.4481726073612435,4.4481726073612435,4.4481726073612435,4.4481726073612435,4.4481726073612435,4.4481726073612435,4.4481726073612435,4.4481726073612435,4.4481726073612435,4.4481726073612435,4.4481726073612435,4.4481726073612435,4.4481726073612435,4.4481726073612435,4.4481726073612435,4.4481726073612435,4.4481726073612435,4.4481726073612435,4.4481726073612435,4.4481726073612435,4.4481726073612435,4.4481726073612435,4.4481726073612435,4.4481726073612435,4.4481726073612435,4.4481726073612435,4.4481726073612435,4.4481726073612435,4.4481726073612435,4.4481726073612435,4.4481726073612435,4.4481726073612435,4.4481726073612435,4.4481726073612435,4.4481726073612435,4.4481726073612435,4.4481726073612435,4.4481726073612435,4.4481726073612435,4.4481726073612435,4.4481726073612435,4.4481726073612435,4.4481726073612435,4.4481726073612435,4.4481726073612435,4.4481726073612435,4.4481726073612435,4.4481726073612435,4.4481726073612435,4.4481726073612435,4.4481726073612435,4.4481726073612435,4.4481726073612435,4.4481726073612435,4.4481726073612435,4.4481726073612435,4.4481726073612435,4.4481726073612435,4.4481726073612435,4.4481726073612435,4.4481726073612435,4.4481726073612435,4.4481726073612435,4.4481726073612435,4.4481726073612435,4.4481726073612435,4.4481726073612435,4.4481726073612435,4.4481726073612435,4.4481726073612435,4.4481726073612435,4.4481726073612435,4.4481726073612435,4.4481726073612435,4.4481726073612435,4.4481726073612435,4.4481726073612435,4.4481726073612435,4.4481726073612435,4.4481726073612435,4.4481726073612435,4.4481726073612435,4.4481726073612435,4.4481726073612435,4.4481726073612435,4.4481726073612435,4.4481726073612435,4.4481726073612435,4.4481726073612435,4.4481726073612435,4.4481726073612435,4.4481726073612435,4.4481726073612435,4.4481726073612435,4.4481726073612435,4.4481726073612435,4.4481726073612435,4.4481726073612435,4.4481726073612435,4.4481726073612435,4.4481726073612435,4.4481726073612435,4.4481726073612435,4.4481726073612435,4.4481726073612435,4.4481726073612435,4.4481726073612435,4.4481726073612435,4.4481726073612435,4.4481726073612435,4.4481726073612435,4.4481726073612435,4.4481726073612435,4.4481726073612435,4.4481726073612435,4.4481726073612435,4.4481726073612435,4.4481726073612435,4.4481726073612435,4.4481726073612435,4.4481726073612435,4.4481726073612435,4.4481726073612435,4.4481726073612435,4.4481726073612435,4.4481726073612435,4.4481726073612435,4.4481726073612435,4.4481726073612435,4.4481726073612435,4.4481726073612435,4.4481726073612435,4.4481726073612435,4.4481726073612435,4.4481726073612435,4.4481726073612435,4.4481726073612435,4.4481726073612435,4.4481726073612435,4.4481726073612435,4.4481726073612435,4.4481726073612435,4.4481726073612435,4.4481726073612435,4.4481726073612435,4.4481726073612435,4.4481726073612435,4.4481726073612435,4.4481726073612435,4.4481726073612435,4.4481726073612435,4.4481726073612435,4.4481726073612435,4.4481726073612435,4.4481726073612435,4.4481726073612435,4.4481726073612435,4.4481726073612435,4.4481726073612435,4.4481726073612435,4.4481726073612435,4.4481726073612435,4.4481726073612435,4.4481726073612435,4.4481726073612435,4.4481726073612435,4.4481726073612435,4.4481726073612435,4.4481726073612435,4.4481726073612435,4.4481726073612435,4.4481726073612435,4.4481726073612435,4.4481726073612435,4.4481726073612435,4.4481726073612435,4.4481726073612435,4.4481726073612435,4.4481726073612435,4.4481726073612435,4.4481726073612435,4.4481726073612435,4.4481726073612435,4.4481726073612435,4.4481726073612435,4.4481726073612435,4.4481726073612435,4.4481726073612435,4.4481726073612435,4.4481726073612435,4.4481726073612435,4.4481726073612435,4.4481726073612435,4.4481726073612435,4.4481726073612435,4.4481726073612435,4.4481726073612435,4.4481726073612435,4.4481726073612435,4.4481726073612435,4.4481726073612435,4.4481726073612435,4.4481726073612435,4.4481726073612435,4.4481726073612435,4.4481726073612435,4.4481726073612435,4.4481726073612435,4.4481726073612435,4.4481726073612435,4.4481726073612435,4.4481726073612435,4.4481726073612435,4.4481726073612435,4.4481726073612435,4.4481726073612435,4.4481726073612435,4.4481726073612435,4.4481726073612435,4.4481726073612435,4.4481726073612435,4.4481726073612435,4.4481726073612435,4.4481726073612435,4.4481726073612435,4.4481726073612435,4.4481726073612435,4.4481726073612435,4.4481726073612435,4.4481726073612435,4.4481726073612435,4.4481726073612435,4.4481726073612435,4.4481726073612435,4.4481726073612435,4.4481726073612435,4.4481726073612435,4.4481726073612435,4.4481726073612435,4.4481726073612435,4.4481726073612435,4.4481726073612435,4.4481726073612435,4.4481726073612435,4.4481726073612435,4.4481726073612435,4.4481726073612435,4.4481726073612435,4.4481726073612435,4.4481726073612435,8.705835092313052,8.705835092313052,7.860045647868848,7.860045647868848,7.537668407802289,7.480358015577163,7.480358015577163,7.480358015577163,7.038143770209039,7.038143770209039,7.038143770209039,7.038143770209039,7.038143770209039,7.038143770209039,7.038143770209039,7.038143770209039,7.038143770209039,7.038143770209039,7.038143770209039,7.038143770209039,7.038143770209039,7.038143770209039,7.038143770209039,7.038143770209039,7.038143770209039,7.038143770209039,6.839979848496175,6.839979848496175,6.839979848496175,6.839979848496175,6.839979848496175,6.839979848496175,6.839979848496175,6.839979848496175,6.839979848496175,6.839979848496175,6.839979848496175,6.839979848496175,6.839979848496175,6.839979848496175,6.839979848496175,6.839979848496175,6.839979848496175,6.839979848496175,6.839979848496175,6.839979848496175,6.839979848496175,6.839979848496175,6.839979848496175,6.839979848496175,6.839979848496175,6.839979848496175,6.839979848496175,6.839979848496175,6.839979848496175,6.839979848496175,6.839979848496175,6.839979848496175,6.839979848496175,6.839979848496175,6.839979848496175,6.839979848496175,6.839979848496175,6.839979848496175,6.839979848496175,6.839979848496175,6.839979848496175,6.839979848496175,6.839979848496175,6.839979848496175,6.839979848496175,6.839979848496175,6.839979848496175,6.839979848496175,6.839979848496175,6.839979848496175,6.839979848496175,6.839979848496175,6.839979848496175,6.839979848496175,6.839979848496175,6.839979848496175,6.839979848496175,6.839979848496175,6.839979848496175,6.839979848496175,6.839979848496175,6.839979848496175,6.839979848496175,6.839979848496175,6.839979848496175,6.839979848496175,6.839979848496175,6.839979848496175,6.839979848496175,6.839979848496175,6.839979848496175,6.839979848496175,6.839979848496175,6.835203934662949,6.835203934662949,6.835203934662949,6.835203934662949,6.835203934662949,6.835203934662949,6.835203934662949,6.835203934662949,6.835203934662949,6.835203934662949,6.835203934662949,6.835203934662949,6.835203934662949,6.835203934662949,6.835203934662949,6.835203934662949,6.835203934662949,6.835203934662949,6.835203934662949,6.835203934662949,6.835203934662949,6.835203934662949,6.835203934662949,6.835203934662949,6.835203934662949,6.835203934662949,6.835203934662949,6.835203934662949,6.835203934662949,6.835203934662949,6.835203934662949,6.835203934662949,6.835203934662949,6.835203934662949,6.835203934662949,6.835203934662949,6.835203934662949,6.835203934662949,6.835203934662949,6.835203934662949,6.835203934662949,6.835203934662949,6.835203934662949,6.835203934662949,6.835203934662949,6.835203934662949,6.835203934662949,6.835203934662949,6.835203934662949,6.835203934662949,6.835203934662949,6.835203934662949,6.835203934662949,6.835203934662949,6.835203934662949,6.835203934662949,6.835203934662949,6.835203934662949,6.835203934662949,6.835203934662949,6.835203934662949,6.835203934662949,6.835203934662949,6.835203934662949,6.835203934662949,6.835203934662949,6.835203934662949,6.835203934662949,6.835203934662949,6.835203934662949,6.835203934662949,6.835203934662949,6.835203934662949,6.835203934662949,6.835203934662949,6.835203934662949,6.835203934662949,6.835203934662949,6.835203934662949,6.835203934662949,6.835203934662949,6.835203934662949,6.835203934662949,6.835203934662949,6.835203934662949,6.835203934662949,6.835203934662949,6.835203934662949,6.835203934662949,6.835203934662949,6.835203934662949,6.835203934662949,6.835203934662949,6.835203934662949,6.835203934662949,6.835203934662949,6.835203934662949,6.835203934662949,6.835203934662949,6.835203934662949,6.835203934662949,6.835203934662949,6.835203934662949,6.835203934662949,6.835203934662949,6.835203934662949,6.835203934662949,6.835203934662949,6.835203934662949,6.835203934662949,6.835203934662949,6.835203934662949,6.835203934662949,6.835203934662949,6.835203934662949,6.835203934662949,6.835203934662949,6.835203934662949,6.835203934662949,6.835203934662949,6.835203934662949,6.835203934662949,6.835203934662949,6.835203934662949,6.835203934662949,6.835203934662949,6.835203934662949,6.835203934662949,6.835203934662949,6.835203934662949,6.835203934662949,6.835203934662949,6.835203934662949,6.835203934662949,6.835203934662949,6.835203934662949,6.835203934662949,6.835203934662949,6.835203934662949,6.835203934662949,6.835203934662949,6.835203934662949,6.835203934662949,6.835203934662949,6.835203934662949,6.835203934662949,6.835203934662949,6.835203934662949,6.835203934662949,6.835203934662949,6.835203934662949,6.835203934662949,6.835203934662949,6.835203934662949,6.835203934662949,6.835203934662949,6.835203934662949,6.835203934662949,6.835203934662949,6.835203934662949,6.835203934662949,6.835203934662949,6.835203934662949,5.997197426782538,5.997197426782538,5.997197426782538,5.5567529224961385,5.5567529224961385,5.5567529224961385,5.5567529224961385,5.5567529224961385,5.5567529224961385,5.5567529224961385,5.5567529224961385,5.5567529224961385,5.5567529224961385,5.5567529224961385,5.5567529224961385,4.836759704933235,4.836759704933235,4.836759704933235,4.836759704933235,4.836759704933235,4.836759704933235,4.836759704933235,4.836759704933235,4.836759704933235,4.836759704933235,4.836759704933235,4.836759704933235,4.836759704933235,4.836759704933235,4.836759704933235,4.836759704933235,4.836759704933235,4.836759704933235,4.836759704933235,4.836759704933235,4.836759704933235,4.836759704933235,4.836759704933235,4.836759704933235,4.836759704933235,4.836759704933235,4.836759704933235,4.836759704933235,4.836759704933235,4.836759704933235,4.836759704933235,4.836759704933235,4.836759704933235,4.836759704933235,4.836759704933235,4.836759704933235,4.836759704933235,4.836759704933235,4.836759704933235,4.836759704933235,4.836759704933235,4.836759704933235,4.836759704933235,4.836759704933235,4.836759704933235,4.836759704933235,4.836759704933235,4.836759704933235,4.836759704933235,4.836759704933235,4.836759704933235,4.836759704933235,4.836759704933235,4.836759704933235,4.836759704933235,4.836759704933235,4.836759704933235,4.836759704933235,4.836759704933235,4.836759704933235,4.836759704933235,4.836759704933235,4.836759704933235,4.836759704933235,4.836759704933235,4.836759704933235,4.836759704933235,4.836759704933235,4.836759704933235,4.836759704933235,4.836759704933235,4.836759704933235,4.836759704933235,4.836759704933235,4.836759704933235,4.836759704933235,4.836759704933235,4.836759704933235,4.836759704933235,4.836759704933235,4.836759704933235,4.836759704933235,4.836759704933235,4.836759704933235,4.836759704933235,4.836759704933235,4.836759704933235,4.836759704933235,4.836759704933235,4.836759704933235,4.836759704933235,4.836759704933235,4.836759704933235,4.836759704933235,4.836759704933235,4.836759704933235,4.836759704933235,4.836759704933235,4.836759704933235,4.836759704933235,4.836759704933235,4.836759704933235,4.836759704933235,4.836759704933235,4.836759704933235,4.836759704933235,4.836759704933235,4.836759704933235,4.836759704933235,4.836759704933235,4.836759704933235,4.836759704933235,4.836759704933235,4.836759704933235,4.836759704933235,4.836759704933235,4.836759704933235,4.836759704933235,4.836759704933235,4.836759704933235,4.836759704933235,4.836759704933235,4.836759704933235,4.836759704933235,4.836759704933235,4.836759704933235,4.836759704933235,4.836759704933235,4.836759704933235,4.836759704933235,4.836759704933235,4.836759704933235,4.836759704933235,4.836759704933235,4.836759704933235,4.836759704933235,4.836759704933235,4.836759704933235,4.836759704933235,4.836759704933235,4.836759704933235,4.836759704933235,4.836759704933235,4.836759704933235,4.836759704933235,4.836759704933235,4.836759704933235,4.836759704933235,4.836759704933235,4.836759704933235,4.836759704933235,4.836759704933235,4.836759704933235,4.836759704933235,4.836759704933235,4.836759704933235,4.836759704933235,4.836759704933235,4.836759704933235,4.836759704933235,4.836759704933235,4.836759704933235,4.836759704933235,4.836759704933235,4.836759704933235,4.836759704933235,4.836759704933235,4.836759704933235,4.836759704933235,4.836759704933235,4.836759704933235,4.836759704933235,4.836759704933235,4.836759704933235,4.836759704933235,4.836759704933235,4.836759704933235,4.836759704933235,4.836759704933235,4.836759704933235,4.836759704933235,4.836759704933235,4.6010889974516225,4.6010889974516225,4.6010889974516225,4.6010889974516225,4.6010889974516225,4.6010889974516225,4.6010889974516225,4.6010889974516225,4.6010889974516225,4.6010889974516225,4.6010889974516225,4.6010889974516225,4.6010889974516225,4.6010889974516225,4.6010889974516225,4.6010889974516225,4.6010889974516225,4.6010889974516225,4.6010889974516225,4.6010889974516225,4.6010889974516225,4.6010889974516225,4.6010889974516225,4.6010889974516225,4.6010889974516225,4.6010889974516225,4.6010889974516225,4.6010889974516225,4.6010889974516225,4.6010889974516225,4.6010889974516225,4.6010889974516225,4.6010889974516225,4.6010889974516225,4.6010889974516225,4.6010889974516225,4.6010889974516225,4.6010889974516225,4.6010889974516225,4.6010889974516225,4.6010889974516225,4.6010889974516225,4.6010889974516225,4.6010889974516225,4.6010889974516225,4.6010889974516225,4.6010889974516225,4.6010889974516225,4.6010889974516225,4.6010889974516225,4.6010889974516225,4.6010889974516225,4.6010889974516225,4.6010889974516225,4.6010889974516225,4.6010889974516225,4.6010889974516225,4.6010889974516225,4.6010889974516225,4.6010889974516225,4.6010889974516225,4.6010889974516225,4.6010889974516225,4.6010889974516225,4.6010889974516225,4.6010889974516225,4.6010889974516225,4.6010889974516225,4.6010889974516225,4.6010889974516225,4.6010889974516225,4.6010889974516225,4.6010889974516225,4.6010889974516225,4.6010889974516225,4.6010889974516225,4.6010889974516225,4.6010889974516225,4.6010889974516225,4.6010889974516225,4.6010889974516225,4.6010889974516225,4.6010889974516225,4.6010889974516225,4.6010889974516225,4.6010889974516225,4.6010889974516225,4.6010889974516225,4.6010889974516225,4.6010889974516225,4.6010889974516225,4.6010889974516225,4.6010889974516225,4.6010889974516225,4.6010889974516225,4.6010889974516225,4.6010889974516225,4.6010889974516225,4.6010889974516225,4.6010889974516225,4.6010889974516225,4.6010889974516225,4.6010889974516225,4.6010889974516225,4.6010889974516225,4.6010889974516225,4.6010889974516225,4.6010889974516225,4.6010889974516225,4.6010889974516225,4.6010889974516225,4.6010889974516225,4.6010889974516225,4.6010889974516225,4.6010889974516225,4.6010889974516225,4.6010889974516225,4.6010889974516225,4.6010889974516225,4.6010889974516225,4.6010889974516225,4.6010889974516225,4.6010889974516225,4.6010889974516225,4.6010889974516225,4.6010889974516225,4.6010889974516225,4.6010889974516225,4.6010889974516225,4.6010889974516225,4.6010889974516225,4.6010889974516225,4.6010889974516225,4.6010889974516225,4.6010889974516225,4.6010889974516225,4.6010889974516225,4.6010889974516225,4.6010889974516225,4.6010889974516225,4.6010889974516225,4.6010889974516225,4.6010889974516225,4.6010889974516225,4.6010889974516225,4.6010889974516225,4.6010889974516225,4.6010889974516225,4.6010889974516225,4.6010889974516225,4.6010889974516225,4.6010889974516225,4.6010889974516225,4.6010889974516225,4.6010889974516225,4.6010889974516225,4.6010889974516225,4.6010889974516225,4.6010889974516225,4.6010889974516225,4.6010889974516225,4.6010889974516225,4.6010889974516225,4.6010889974516225,4.6010889974516225,4.6010889974516225,4.6010889974516225,4.6010889974516225,4.6010889974516225,4.6010889974516225,4.6010889974516225,4.6010889974516225,4.6010889974516225,4.6010889974516225,4.6010889974516225,4.6010889974516225,4.6010889974516225,4.6010889974516225,4.6010889974516225,4.6010889974516225,4.6010889974516225,4.6010889974516225,4.6010889974516225,4.6010889974516225,4.6010889974516225,4.6010889974516225,4.6010889974516225,4.6010889974516225,4.6010889974516225,4.6010889974516225,4.6010889974516225,4.6010889974516225,4.6010889974516225,4.6010889974516225,4.6010889974516225,4.6010889974516225,4.6010889974516225,4.6010889974516225,4.6010889974516225,4.6010889974516225,4.6010889974516225,4.6010889974516225,4.6010889974516225,4.6010889974516225,4.6010889974516225,4.6010889974516225,4.6010889974516225,4.6010889974516225,4.6010889974516225,4.6010889974516225,4.6010889974516225,4.6010889974516225,4.6010889974516225,4.6010889974516225,4.6010889974516225,4.6010889974516225,4.489968061971254,4.489968061971254,4.489968061971254,4.489968061971254,4.489968061971254,4.489968061971254,4.489968061971254,4.489968061971254,4.489968061971254,4.489968061971254,4.489968061971254,4.489968061971254,4.489968061971254,4.489968061971254,4.489968061971254,4.489968061971254,4.489968061971254,4.489968061971254,4.489968061971254,4.489968061971254,4.489968061971254,4.489968061971254,4.489968061971254,4.489968061971254,4.489968061971254,4.489968061971254,4.489968061971254,4.489968061971254,4.489968061971254,4.489968061971254,4.489968061971254,4.489968061971254,4.489968061971254,4.489968061971254,4.489968061971254,4.489968061971254,4.489968061971254,4.489968061971254,4.489968061971254,4.489968061971254,4.489968061971254,4.489968061971254,4.489968061971254,4.489968061971254,4.489968061971254,4.489968061971254,4.489968061971254,4.489968061971254,4.489968061971254,4.489968061971254,4.489968061971254,4.489968061971254,4.489968061971254,4.489968061971254,4.489968061971254,4.489968061971254,4.489968061971254,4.489968061971254,4.489968061971254,4.489968061971254,4.489968061971254,4.489968061971254,4.489968061971254,4.489968061971254,4.489968061971254,4.489968061971254,4.489968061971254,4.489968061971254,4.489968061971254,4.489968061971254,4.489968061971254,4.489968061971254,4.489968061971254,4.489968061971254,4.489968061971254,4.489968061971254,4.489968061971254,4.489968061971254,4.489968061971254,4.489968061971254,4.489968061971254,4.489968061971254,4.489968061971254,4.489968061971254,4.489968061971254,4.489968061971254,4.489968061971254,4.489968061971254,4.489968061971254,4.489968061971254,4.489968061971254,4.489968061971254,4.489968061971254,4.489968061971254,4.489968061971254,4.489968061971254,4.489968061971254,4.489968061971254,4.489968061971254,4.489968061971254,4.489968061971254,4.489968061971254,4.489968061971254,4.489968061971254,4.489968061971254,4.489968061971254,4.489968061971254,4.489968061971254,4.489968061971254,4.489968061971254,4.489968061971254,4.489968061971254,4.489968061971254,4.489968061971254,4.489968061971254,4.489968061971254,4.489968061971254,4.489968061971254,4.489968061971254,4.489968061971254,4.489968061971254,4.489968061971254,4.489968061971254,4.489968061971254,4.489968061971254,4.489968061971254,4.489968061971254,4.489968061971254,4.489968061971254,4.489968061971254,4.489968061971254,4.489968061971254,4.489968061971254,4.489968061971254,4.489968061971254,4.489968061971254,4.489968061971254,4.489968061971254,4.489968061971254,4.489968061971254,4.489968061971254,4.489968061971254,4.489968061971254,4.489968061971254,4.489968061971254,4.489968061971254,4.489968061971254,4.489968061971254,4.489968061971254,4.489968061971254,4.489968061971254,4.489968061971254,4.489968061971254,4.489968061971254,4.489968061971254,4.489968061971254,4.489968061971254,4.489968061971254,4.489968061971254,4.489968061971254,4.489968061971254,4.489968061971254,4.489968061971254,4.489968061971254,4.489968061971254,4.489968061971254,4.489968061971254,4.489968061971254,4.489968061971254,4.489968061971254,4.489968061971254,4.489968061971254,4.489968061971254,4.489968061971254,4.489968061971254,4.489968061971254,4.489968061971254,4.489968061971254,4.489968061971254,4.489968061971254,4.489968061971254,4.489968061971254,4.489968061971254,4.489968061971254,4.489968061971254,4.489968061971254,4.489968061971254,4.489968061971254,4.489968061971254,4.489968061971254,4.489968061971254,4.489968061971254,4.489968061971254,4.489968061971254,4.489968061971254,4.489968061971254,4.489968061971254,4.489968061971254,4.489968061971254,4.489968061971254,4.489968061971254,4.489968061971254,4.489968061971254,4.489968061971254,4.489968061971254,4.489968061971254,4.489968061971254,4.489968061971254,4.489968061971254,4.489968061971254,4.489968061971254,4.489968061971254,4.489968061971254,4.489968061971254,4.489968061971254,4.489968061971254,4.489968061971254,4.489968061971254,4.489968061971254,4.489968061971254,4.489968061971254,4.489968061971254,4.489968061971254,4.489968061971254,4.489968061971254,4.489968061971254,4.489968061971254,4.489968061971254,4.489968061971254,4.489968061971254,4.489968061971254,4.489968061971254,4.489968061971254,4.489968061971254,4.489968061971254,4.489968061971254,4.489968061971254,4.489968061971254,4.489968061971254,4.489968061971254,4.489968061971254,4.489968061971254,4.489968061971254,4.489968061971254,4.489968061971254,4.489968061971254,4.489968061971254,4.489968061971254,4.489968061971254,4.489968061971254,4.489968061971254,4.489968061971254,4.489968061971254,4.489968061971254,4.489968061971254,4.489968061971254,4.489968061971254,4.489968061971254,4.489968061971254,4.489968061971254,4.489968061971254,4.489968061971254,4.489968061971254,4.489968061971254,4.489968061971254,4.489968061971254,4.489968061971254,4.489968061971254,4.489968061971254,4.489968061971254,4.489968061971254,4.489968061971254,4.489968061971254,4.489968061971254,4.489968061971254,4.489968061971254,4.489968061971254,4.489968061971254,4.489968061971254,4.489968061971254,4.489968061971254,4.489968061971254,4.489968061971254,4.489968061971254,4.489968061971254,4.489968061971254,4.489968061971254,4.489968061971254,4.489968061971254,4.489968061971254,4.489968061971254,4.489968061971254,4.489968061971254,4.489968061971254,4.489968061971254,4.489968061971254,4.489968061971254,4.489968061971254,4.489968061971254,4.489968061971254,4.489968061971254,4.489968061971254,4.489968061971254,4.489968061971254,4.489968061971254,4.489968061971254,4.489968061971254,4.489968061971254,4.489968061971254,4.489968061971254,4.489968061971254,4.489968061971254,4.489968061971254,4.489968061971254,4.489968061971254,4.489968061971254,4.489968061971254,4.489968061971254,4.489968061971254,4.489968061971254,4.489968061971254,2.4181489967649363,2.4181489967649363,2.4181489967649363,2.4181489967649363,9.942912311047806,8.568892632262491,8.133497583734908,8.133497583734908,8.133497583734908,8.133497583734908,8.133497583734908,8.133497583734908,8.133497583734908,8.133497583734908,8.133497583734908,8.133497583734908,8.133497583734908,8.133497583734908,8.133497583734908,7.806534494338294,7.806534494338294,7.806534494338294,7.806534494338294,7.806534494338294,7.806534494338294,7.806534494338294,7.806534494338294,7.806534494338294,7.806534494338294,7.806534494338294,7.806534494338294,7.806534494338294,7.806534494338294,7.806534494338294,7.806534494338294,7.806534494338294,7.806534494338294,7.806534494338294,7.806534494338294,7.806534494338294,7.806534494338294,7.806534494338294,7.806534494338294,7.806534494338294,7.806534494338294,7.806534494338294,7.806534494338294,7.806534494338294,7.806534494338294,7.806534494338294,7.806534494338294,7.806534494338294,7.806534494338294,7.806534494338294,7.806534494338294,7.806534494338294,7.806534494338294,7.806534494338294,7.806534494338294,7.806534494338294,7.806534494338294,7.806534494338294,7.806534494338294,7.806534494338294,7.806534494338294,7.806534494338294,7.806534494338294,7.806534494338294,7.806534494338294,7.806534494338294,7.806534494338294,7.806534494338294,7.806534494338294,7.806534494338294,7.806534494338294,7.806534494338294,7.806534494338294,7.806534494338294,7.806534494338294,7.806534494338294,7.806534494338294,7.806534494338294,7.806534494338294,7.806534494338294,7.806534494338294,7.806534494338294,7.806534494338294,7.806534494338294,7.806534494338294,7.806534494338294,7.806534494338294,7.806534494338294,7.806534494338294,7.08141102145513,6.5677678325317,6.5677678325317,6.5677678325317,6.4046105663282775,6.4046105663282775,6.4046105663282775,6.4046105663282775,6.4046105663282775,5.909086551955964,5.909086551955964,5.909086551955964,5.909086551955964,5.909086551955964,5.892432740193046,5.892432740193046,5.336736264360353,5.336736264360353,5.336736264360353,5.336736264360353,5.336736264360353,5.336736264360353,5.336736264360353,5.336736264360353,5.336736264360353,5.336736264360353,5.336736264360353,5.336736264360353,5.336736264360353,5.336736264360353,5.336736264360353,5.336736264360353,5.336736264360353,5.336736264360353,5.336736264360353,5.336736264360353,5.336736264360353,5.336736264360353,5.336736264360353,5.336736264360353,5.336736264360353,5.336736264360353,5.336736264360353,5.336736264360353,5.336736264360353,5.336736264360353,5.336736264360353,5.336736264360353,5.336736264360353,5.336736264360353,5.336736264360353,5.336736264360353,5.336736264360353,5.336736264360353,5.336736264360353,5.336736264360353,5.336736264360353,5.336736264360353,5.336736264360353,5.336736264360353,5.336736264360353,5.336736264360353,5.336736264360353,5.336736264360353,5.336736264360353,5.336736264360353,5.336736264360353,5.336736264360353,5.336736264360353,5.336736264360353,5.336736264360353,5.336736264360353,5.336736264360353,5.336736264360353,5.336736264360353,5.336736264360353,5.336736264360353,5.336736264360353,5.336736264360353,5.336736264360353,5.336736264360353,5.336736264360353,5.336736264360353,5.336736264360353,5.336736264360353,5.336736264360353,5.336736264360353,5.336736264360353,5.336736264360352,5.336736264360352,5.336736264360352,5.336736264360352,5.336736264360352,5.336736264360352,5.336736264360352,5.336736264360352,5.336736264360352,5.336736264360352,5.336736264360352,5.336736264360352,5.336736264360352,5.336736264360352,5.336736264360352,5.336736264360352,5.336736264360352,5.336736264360352,5.336736264360352,5.336736264360352,5.336736264360352,5.336736264360352,5.336736264360352,5.336736264360352,5.336736264360352,5.336736264360352,5.336736264360352,5.336736264360352,5.336736264360352,5.336736264360352,5.336736264360352,5.336736264360352,5.336736264360352,5.336736264360352,5.336736264360352,5.336736264360352,5.336736264360352,5.336736264360352,5.336736264360352,5.336736264360352,5.336736264360352,5.336736264360352,5.336736264360352,5.336736264360352,5.336736264360352,5.336736264360352,5.336736264360352,5.336736264360352,5.336736264360352,5.336736264360352,5.336736264360352,5.336736264360352,5.336736264360352,5.336736264360352,5.336736264360352,5.336736264360352,5.336736264360352,5.336736264360352,5.336736264360352,5.336736264360352,5.336736264360352,5.336736264360352,5.336736264360352,5.336736264360352,5.336736264360352,5.336736264360352,5.336736264360352,5.336736264360352,5.336736264360352,5.336736264360352,5.336736264360352,5.336736264360352,5.336736264360352,5.336736264360352,5.336736264360352,5.336736264360352,5.336736264360352,5.336736264360352,5.336736264360352,5.336736264360352,5.336736264360352,5.336736264360352,5.336736264360352,5.336736264360352,5.336736264360352,5.336736264360352,5.336736264360352,5.336736264360352,5.336736264360352,5.336736264360352,5.336736264360352,5.336736264360352,5.336736264360352,5.336736264360352,5.336736264360352,5.336736264360352,5.336736264360352,5.336736264360352,5.336736264360352,5.336736264360352,5.336736264360352,5.336736264360352,5.336736264360352,5.336736264360352,5.336736264360352,5.336736264360352,5.336736264360352,5.336736264360352,5.336736264360352,5.336736264360352,5.336736264360352,5.336736264360352,5.336736264360352,5.336736264360352,5.336736264360352,5.336736264360352,5.336736264360352,5.336736264360352,5.336736264360352,5.336736264360352,5.336736264360352,5.336736264360352,5.336736264360352,5.336736264360352,5.336736264360352,5.336736264360352,5.336736264360352,5.336736264360352,5.336736264360352,5.336736264360352,5.336736264360352,5.336736264360352,5.336736264360352,5.336736264360352,5.336736264360352,5.336736264360352,5.336736264360352,5.336736264360352,5.336736264360352,5.336736264360352,5.336736264360352,5.336736264360352,5.336736264360352,5.336736264360352,5.336736264360352,5.336736264360352,5.336736264360352,5.336736264360352,5.336736264360352,5.336736264360352,5.336736264360352,5.336736264360352,5.336736264360352,5.336736264360352,5.336736264360352,5.336736264360352,5.336736264360352,5.336736264360352,5.336736264360352,5.336736264360352,5.336736264360352,5.336736264360352,5.336736264360352,5.336736264360352,5.336736264360352,5.336736264360352,5.336736264360352,5.336736264360352,5.336736264360352,5.336736264360352,5.336736264360352,5.336736264360352,5.336736264360352,5.336736264360352,5.336736264360352,5.336736264360352,5.336736264360352,5.336736264360352,5.336736264360352,5.336736264360352,5.336736264360352,5.336736264360352,5.336736264360352,5.336736264360352,5.336736264360352,5.336736264360352,5.336736264360352,5.336736264360352,5.336736264360352,5.336736264360352,5.336736264360352,5.336736264360352,5.336736264360352,5.336736264360352,5.336736264360352,5.336736264360352,5.336736264360352,5.336736264360352,5.336736264360352,5.336736264360352,5.336736264360352,5.336736264360352,5.336736264360352,5.336736264360352,5.336736264360352,5.336736264360352,5.336736264360352,5.336736264360352,5.336736264360352,5.336736264360352,5.336736264360352,5.336736264360352,5.336736264360352,5.336736264360352,5.336736264360352,5.336736264360352,5.336736264360352,5.336736264360352,5.336736264360352,5.336736264360352,5.336736264360352,5.336736264360352,5.336736264360352,5.336736264360352,5.336736264360352,5.336736264360352,5.336736264360352,5.336736264360352,5.336736264360352,5.336736264360352,5.336736264360352,5.336736264360352,5.336736264360352,5.336736264360352,5.336736264360352,5.336736264360352,5.336736264360352,5.336736264360352,5.336736264360352,5.336736264360352,5.336736264360352,5.336736264360352,5.336736264360352,5.336736264360352,5.336736264360352,5.336736264360352,5.336736264360352,5.336736264360352,5.336736264360352,5.336736264360352,5.336736264360352,5.336736264360352,5.336736264360352,5.336736264360352,5.336736264360352,5.336736264360352,5.336736264360352,5.336736264360352,5.336736264360352,5.336736264360352,5.336736264360352,5.336736264360352,5.336736264360352,5.336736264360352,5.336736264360352,5.336736264360352,5.336736264360352,5.336736264360352,5.336736264360352,5.336736264360352,5.336736264360352,5.336736264360352,5.336736264360352,5.336736264360352,5.336736264360352,5.336736264360352,5.336736264360352,5.336736264360352,5.336736264360352,5.336736264360352,5.336736264360352,5.336736264360352,5.336736264360352,5.336736264360352,5.336736264360352,5.336736264360352,5.336736264360352,5.336736264360352,5.336736264360352,5.336736264360352,5.336736264360352,5.336736264360352,5.336736264360352,5.336736264360352,5.336736264360352,5.336736264360352,5.336736264360352,5.336736264360352,5.336736264360352,5.336736264360352,5.336736264360352,5.336736264360352,5.336736264360352,5.336736264360352,5.336736264360352,5.336736264360352,5.336736264360352,5.336736264360352,5.336736264360352,5.336736264360352,5.336736264360352,5.336736264360352,5.336736264360352,5.336736264360352,5.336736264360352,5.336736264360352,5.336736264360352,5.336736264360352,5.336736264360352,5.336736264360352,5.336736264360352,5.336736264360352,5.336736264360352,5.336736264360352,5.336736264360352,5.336736264360352,5.336736264360352,5.336736264360352,5.336736264360352,5.336736264360352,5.336736264360352,5.336736264360352,5.336736264360352,5.336736264360352,5.336736264360352,5.336736264360352,5.336736264360352,5.336736264360352,5.336736264360352,5.336736264360352,5.336736264360352,5.336736264360352,5.336736264360352,5.336736264360352,5.336736264360352,5.336736264360352,5.336736264360352,5.336736264360352,5.336736264360352,5.336736264360352,5.336736264360352,5.336736264360352,5.336736264360352,5.336736264360352,5.336736264360352,5.336736264360352,5.336736264360352,5.336736264360352,5.336736264360352,5.336736264360352,5.336736264360352,5.336736264360352,5.336736264360352,5.336736264360352,5.336736264360352,5.336736264360352,5.336736264360352,5.336736264360352,5.336736264360352,5.336736264360352,5.336736264360352,5.336736264360352,5.336736264360352,5.336736264360352,5.336736264360352,5.336736264360352,5.336736264360352,5.336736264360352,5.336736264360352,5.336736264360352,5.336736264360352,5.336736264360352,5.336736264360352,5.336736264360352,5.336736264360352,5.336736264360352,5.336736264360352,5.336736264360352,5.336736264360352,5.336736264360352,5.336736264360352,5.336736264360352,5.336736264360352,5.336736264360352,5.336736264360352,5.336736264360352,5.336736264360352,5.336736264360352,5.336736264360352,5.336736264360352,5.336736264360352,5.336736264360352,5.336736264360352,5.336736264360352,5.336736264360352,5.336736264360352,5.336736264360352,5.336736264360352,5.336736264360352,5.336736264360352,5.336736264360352,5.336736264360352,5.336736264360352,5.336736264360352,5.336736264360352,5.336736264360352,5.336736264360352,5.336736264360352,5.336736264360352,5.336736264360352,5.336736264360352,5.336736264360352,5.336736264360352,5.336736264360352,5.336736264360352,5.336736264360352,5.336736264360352,5.336736264360352,5.336736264360352,5.336736264360352,5.336736264360352,5.336736264360352,5.336736264360352,5.336736264360352,5.336736264360352,5.336736264360352,5.336736264360352,5.336736264360352,5.336736264360352,5.336736264360352,5.336736264360352,5.336736264360352,5.336736264360352,5.336736264360352,5.336736264360352,5.336736264360352,5.336736264360352,5.336736264360352,5.336736264360352,5.336736264360352,5.336736264360352,5.336736264360352,5.336736264360352,5.336736264360352,5.336736264360352,5.336736264360352,5.336736264360352,5.336736264360352,5.336736264360352,5.336736264360352,5.336736264360352,5.336736264360352,5.336736264360352,5.336736264360352,5.336736264360352,5.336736264360352,5.336736264360352,5.336736264360352,5.336736264360352,5.336736264360352,5.336736264360352,5.336736264360352,5.336736264360352,5.336736264360352,5.336736264360352,5.336736264360352,5.336736264360352,5.336736264360352,5.336736264360352,5.336736264360352,5.336736264360352,5.336736264360352,5.336736264360352,5.336736264360352,5.336736264360352,5.336736264360352,5.336736264360352,5.336736264360352,5.336736264360352,5.336736264360352,5.336736264360352,5.336736264360352,5.336736264360352,5.336736264360352,5.336736264360352,5.336736264360352,5.336736264360352,5.336736264360352,5.336736264360352,5.336736264360352,5.336736264360352,5.336736264360352,5.336736264360352,5.336736264360352,5.336736264360352,5.336736264360352,5.336736264360352,5.336736264360352,5.336736264360352,5.336736264360352,5.336736264360352,5.336736264360352,5.336736264360352,5.336736264360352,5.336736264360352,5.336736264360352,5.336736264360352,5.336736264360352,5.336736264360352,5.336736264360352,5.336736264360352,5.336736264360352,5.336736264360352,5.336736264360352,5.336736264360352,5.336736264360352,5.336736264360352,5.336736264360352,5.336736264360352,5.336736264360352,5.336736264360352,5.336736264360352,5.336736264360352,5.336736264360352,5.336736264360352,5.336736264360352,5.336736264360352,5.336736264360352,5.336736264360352,5.336736264360352,5.336736264360352,5.336736264360352,5.336736264360352,5.336736264360352,5.336736264360352,5.336736264360352,5.336736264360352,5.336736264360352,5.336736264360352,5.336736264360352,5.336736264360352,5.336736264360352,5.336736264360352,5.336736264360352,5.336736264360352,5.336736264360352,5.336736264360352,5.336736264360352,5.336736264360352,5.336736264360352,5.336736264360352,5.336736264360352,5.336736264360352,5.336736264360352,5.336736264360352,5.336736264360352,5.336736264360352,5.336736264360352,5.336736264360352,5.336736264360352,5.336736264360352,5.336736264360352,5.336736264360352,5.336736264360352,5.336736264360352,5.336736264360352,5.336736264360352,5.336736264360352,5.336736264360352,5.336736264360352,5.336736264360352,5.336736264360352,5.336736264360352,5.336736264360352,5.336736264360352,5.336736264360352,5.336736264360352,5.336736264360352,5.336736264360352,5.336736264360352,5.336736264360352,5.336736264360352,5.336736264360352,5.336736264360352,5.336736264360352,5.336736264360352,5.336736264360352,5.336736264360352,5.336736264360352,5.336736264360352,5.336736264360352,5.336736264360352,5.336736264360352,5.336736264360352,5.336736264360352,5.336736264360352,5.336736264360352,5.336736264360352,5.336736264360352,5.336736264360352,5.336736264360352,5.336736264360352,5.336736264360352,5.336736264360352,5.336736264360352,5.336736264360352,5.336736264360352,5.336736264360352,5.336736264360352,5.336736264360352,5.336736264360352,5.336736264360352,5.336736264360352,5.336736264360352,5.336736264360352,5.336736264360352,5.336736264360352,5.336736264360352,5.336736264360352,5.336736264360352,5.336736264360352,5.336736264360352,5.336736264360352,5.336736264360352,5.336736264360352,5.336736264360352,5.336736264360352,5.336736264360352,5.336736264360352,5.336736264360352,5.336736264360352,5.336736264360352,5.336736264360352,5.336736264360352,5.336736264360352,5.336736264360352,5.336736264360352,5.336736264360352,5.336736264360352,5.336736264360352,5.336736264360352,5.336736264360352,5.336736264360352,5.336736264360352,5.336736264360352,5.336736264360352,5.336736264360352,5.336736264360352,5.336736264360352,5.336736264360352,5.336736264360352,5.336736264360352,5.336736264360352,5.336736264360352,5.336736264360352,5.336736264360352,5.336736264360352,5.336736264360352,5.336736264360352,5.336736264360352,5.336736264360352,5.336736264360352,5.336736264360352,5.336736264360352,5.336736264360352,5.336736264360352,5.336736264360352,5.336736264360352,5.336736264360352,5.336736264360352,5.336736264360352,5.336736264360352,5.336736264360352,5.336736264360352,5.336736264360352,5.336736264360352,5.336736264360352,5.336736264360352,5.336736264360352,5.336736264360352,5.336736264360352,5.336736264360352,5.336736264360352,5.336736264360352,5.336736264360352,5.336736264360352,5.336736264360352,5.336736264360352,5.336736264360352,5.336736264360352,5.336736264360352,5.336736264360352,5.336736264360352,5.336736264360352,5.336736264360352,5.336736264360352,5.336736264360352,5.336736264360352,5.336736264360352,5.336736264360352,5.336736264360352,5.336736264360352,5.336736264360352,5.336736264360352,5.336736264360352,5.336736264360352,5.336736264360352,5.336736264360352,5.336736264360352,5.336736264360352,5.336736264360352,5.336736264360352,5.336736264360352,5.336736264360352,5.336736264360352,5.336736264360352,5.336736264360352,5.336736264360352,5.336736264360352,5.336736264360352,5.336736264360352,5.336736264360352,5.336736264360352,5.336736264360352,5.336736264360352,5.336736264360352,5.336736264360352,5.336736264360352,5.336736264360352,5.336736264360352,5.336736264360352,5.336736264360352,5.336736264360352,5.336736264360352,5.336736264360352,5.336736264360352,5.336736264360352,5.336736264360352,5.336736264360352,5.336736264360352,5.336736264360352,5.336736264360352,5.336736264360352,5.336736264360352,5.336736264360352,5.336736264360352,5.336736264360352,5.336736264360352,5.336736264360352,5.336736264360352,5.336736264360352,5.336736264360352,5.336736264360352,5.336736264360352,5.336736264360352,5.336736264360352,5.336736264360352,5.336736264360352,5.336736264360352,5.336736264360352,5.336736264360352,5.336736264360352,5.336736264360352,5.336736264360352,5.336736264360352,5.336736264360352,5.336736264360352,5.336736264360352,5.336736264360352,5.336736264360352,5.336736264360352,5.336736264360352,5.336736264360352,5.336736264360352,5.336736264360352,5.336736264360352,5.336736264360352,5.336736264360352,5.336736264360352,5.336736264360352,5.336736264360352,5.336736264360352,5.336736264360352,5.336736264360352,5.336736264360352,5.336736264360352,5.336736264360352,5.336736264360352,5.336736264360352,5.336736264360352,5.336736264360352,5.336736264360352,5.336736264360352,5.336736264360352,5.336736264360352,5.336736264360352,5.336736264360352,5.336736264360352,5.336736264360352,5.336736264360352,5.336736264360352,5.336736264360352,5.336736264360352,5.336736264360352,5.336736264360352,5.336736264360352,5.336736264360352,5.336736264360352,5.336736264360352,5.336736264360352,5.336736264360352,5.336736264360352,5.336736264360352,8.57121225745995,7.540535211314244,7.540535211314244,7.540535211314244,7.540535211314244,7.220490248227793,7.220490248227793,7.220490248227793,7.220490248227793,7.219106459783031,7.219106459783031,7.219106459783031,7.0379317963619865,7.0379317963619865,7.0379317963619865,7.0379317963619865,7.0379317963619865,7.0379317963619865,7.0379317963619865,7.0379317963619865,7.0379317963619865,6.922975587095918,6.922975587095918,6.922975587095918,6.922975587095918,6.922975587095918,6.922975587095918,6.922975587095918,6.922975587095918,6.922975587095918,6.922975587095918,6.922975587095918,6.884734274884635,6.884734274884635,6.884734274884635,6.884734274884635,6.884734274884635,6.884734274884635,6.884734274884635,6.884734274884635,6.884734274884635,6.756304757194726,6.756304757194726,6.756304757194726,6.756304757194726,6.756304757194726,6.756304757194726,6.756304757194726,6.756304757194726,6.756304757194726,6.756304757194726,6.756304757194726,6.254799802106971,6.254799802106971,6.254799802106971,6.254799802106971,6.254799802106971,6.254799802106971,6.254799802106971,6.254799802106971,6.131731028332952,6.131731028332952,6.046097335135322,6.046097335135322,6.046097335135322,5.837827952977628,5.837827952977628,5.837827952977628,5.084176491604177,5.067490161839227,5.067490161839227,5.067490161839227,5.067490161839227,5.067490161839227,5.067490161839227,5.067490161839227,5.067490161839227,5.067490161839227,5.067490161839227,5.067490161839227,5.067490161839227,5.067490161839227,5.067490161839227,5.067490161839227,5.067490161839227,5.067490161839227,5.067490161839227,5.067490161839227,5.067490161839227,5.067490161839227,5.067490161839227,5.067490161839227,5.067490161839227,5.067490161839227,5.067490161839227,5.067490161839227,5.067490161839227,5.067490161839227,5.067490161839227,5.067490161839227,5.067490161839227,5.067490161839227,5.067490161839227,5.067490161839227,5.067490161839227,5.067490161839227,5.067490161839227,5.067490161839227,5.067490161839227,5.067490161839227,5.067490161839227,5.067490161839227,5.067490161839227,5.067490161839227,5.067490161839227,5.067490161839227,5.067490161839227,5.067490161839227,5.067490161839227,5.067490161839227,5.067490161839227,5.067490161839227,5.067490161839227,5.067490161839227,5.067490161839227,5.067490161839227,5.067490161839227,5.067490161839227,5.067490161839227,5.067490161839227,5.067490161839227,5.067490161839227,5.067490161839227,5.067490161839227,5.067490161839227,5.067490161839227,5.067490161839227,5.067490161839227,5.067490161839227,5.067490161839227,5.067490161839227,5.067490161839227,5.067490161839227,5.067490161839227,5.067490161839227,5.067490161839227,5.067490161839227,5.067490161839227,5.067490161839227,5.067490161839227,5.067490161839227,5.067490161839227,5.067490161839227,5.067490161839227,5.067490161839227,5.067490161839227,5.067490161839227,5.067490161839227,5.067490161839227,5.067490161839227,5.067490161839227,5.067490161839227,5.067490161839227,5.067490161839227,5.067490161839227,5.067490161839227,5.067490161839227,5.067490161839227,5.067490161839227,5.067490161839227,5.067490161839227,5.067490161839227,5.067490161839227,5.067490161839227,5.067490161839227,5.067490161839227,5.067490161839227,5.067490161839227,5.067490161839227,4.95337243901329,4.95337243901329,4.95337243901329,4.95337243901329,4.95337243901329,4.95337243901329,4.95337243901329,4.95337243901329,4.95337243901329,4.95337243901329,4.95337243901329,4.95337243901329,4.95337243901329,4.95337243901329,4.95337243901329,4.95337243901329,4.95337243901329,4.95337243901329,4.95337243901329,4.95337243901329,4.95337243901329,4.95337243901329,4.95337243901329,4.95337243901329,4.95337243901329,4.95337243901329,4.95337243901329,4.95337243901329,4.95337243901329,4.95337243901329,4.95337243901329,4.95337243901329,4.95337243901329,4.95337243901329,4.95337243901329,4.95337243901329,4.95337243901329,4.95337243901329,4.95337243901329,4.95337243901329,4.95337243901329,4.95337243901329,4.95337243901329,4.95337243901329,4.95337243901329,4.95337243901329,4.95337243901329,4.95337243901329,4.95337243901329,4.95337243901329,4.95337243901329,4.95337243901329,4.95337243901329,4.95337243901329,4.95337243901329,4.95337243901329,4.95337243901329,4.95337243901329,4.95337243901329,4.95337243901329,4.95337243901329,4.95337243901329,4.95337243901329,4.95337243901329,4.95337243901329,4.95337243901329,4.95337243901329,4.95337243901329,4.95337243901329,4.95337243901329,4.95337243901329,4.95337243901329,4.95337243901329,4.95337243901329,4.95337243901329,4.95337243901329,4.95337243901329,4.95337243901329,4.95337243901329,4.95337243901329,4.95337243901329,4.95337243901329,4.95337243901329,4.95337243901329,4.95337243901329,4.95337243901329,4.95337243901329,4.95337243901329,4.95337243901329,4.95337243901329,4.95337243901329,4.95337243901329,4.95337243901329,4.95337243901329,4.95337243901329,4.95337243901329,4.95337243901329,4.95337243901329,4.95337243901329,4.95337243901329,4.95337243901329,4.95337243901329,4.95337243901329,4.95337243901329,4.95337243901329,4.95337243901329,4.95337243901329,4.95337243901329,4.95337243901329,4.95337243901329,4.95337243901329,4.95337243901329,4.95337243901329,4.95337243901329,4.95337243901329,4.95337243901329,4.95337243901329,4.95337243901329,4.95337243901329,4.95337243901329,4.95337243901329,4.95337243901329,4.95337243901329,4.95337243901329,4.95337243901329,4.95337243901329,4.95337243901329,4.95337243901329,4.95337243901329,4.95337243901329,4.95337243901329,4.95337243901329,4.95337243901329,4.95337243901329,4.95337243901329,4.95337243901329,4.95337243901329,4.95337243901329,4.95337243901329,4.95337243901329,4.95337243901329,4.95337243901329,4.95337243901329,4.95337243901329,4.95337243901329,4.95337243901329,4.95337243901329,4.95337243901329,4.95337243901329,4.95337243901329,4.95337243901329,4.95337243901329,4.95337243901329,4.95337243901329,4.95337243901329,4.95337243901329,4.95337243901329,4.95337243901329,4.95337243901329,4.95337243901329,4.95337243901329,4.95337243901329,4.95337243901329,4.95337243901329,4.95337243901329,4.95337243901329,4.95337243901329,4.95337243901329,4.95337243901329,4.95337243901329,4.95337243901329,4.95337243901329,4.95337243901329,4.95337243901329,4.95337243901329,4.95337243901329,4.95337243901329,4.95337243901329,4.95337243901329,4.95337243901329,4.95337243901329,4.95337243901329,4.95337243901329,4.95337243901329,4.95337243901329,4.95337243901329,4.95337243901329,4.95337243901329,4.95337243901329,4.95337243901329,4.95337243901329,4.95337243901329,4.95337243901329,4.95337243901329,4.95337243901329,4.95337243901329,4.95337243901329,4.95337243901329,4.95337243901329,4.95337243901329,4.95337243901329,4.95337243901329,4.95337243901329,4.95337243901329,4.95337243901329,4.95337243901329,4.95337243901329,4.95337243901329,4.95337243901329,4.95337243901329,4.95337243901329,4.95337243901329,4.95337243901329,4.95337243901329,4.95337243901329,4.95337243901329,4.95337243901329,4.95337243901329,4.95337243901329,4.95337243901329,4.95337243901329,4.95337243901329,4.95337243901329,4.95337243901329,4.95337243901329,4.95337243901329,4.95337243901329,4.95337243901329,4.95337243901329,4.95337243901329,4.95337243901329,4.95337243901329,4.95337243901329,4.95337243901329,4.95337243901329,4.95337243901329,4.95337243901329,4.95337243901329,4.95337243901329,4.95337243901329,4.95337243901329,4.95337243901329,4.95337243901329,4.95337243901329,4.95337243901329,4.95337243901329,4.95337243901329,4.95337243901329,4.95337243901329,4.95337243901329,4.95337243901329,4.95337243901329,4.95337243901329,4.95337243901329,4.95337243901329,4.95337243901329,4.95337243901329,4.95337243901329,4.95337243901329,4.95337243901329,4.95337243901329,4.461682532482838,4.461682532482838,4.461682532482838,4.461682532482838,4.461682532482838,4.289577683065558,4.289577683065558,4.289577683065558,4.289577683065558,4.289577683065558,4.289577683065558,4.289577683065558,4.289577683065558,4.289577683065558,4.289577683065558,4.289577683065558,4.289577683065558,4.289577683065558,4.289577683065558,4.289577683065558,4.289577683065558,4.289577683065558,4.289577683065558,4.289577683065558,4.289577683065558,4.289577683065558,4.289577683065558,4.289577683065558,4.289577683065558,4.289577683065558,4.289577683065558,4.289577683065558,4.289577683065558,4.289577683065558,4.289577683065558,4.289577683065558,4.289577683065558,4.289577683065558,4.289577683065558,4.289577683065558,4.289577683065558,4.289577683065558,4.289577683065558,4.289577683065558,4.289577683065558,4.289577683065558,4.289577683065558,4.289577683065558,4.289577683065558,4.289577683065558,4.289577683065558,4.289577683065558,4.289577683065558,4.289577683065558,4.289577683065558,4.289577683065558,4.289577683065558,4.289577683065558,4.289577683065558,4.289577683065558,4.289577683065558,4.289577683065558,4.289577683065558,4.289577683065558,4.289577683065558,4.289577683065558,4.289577683065558,4.289577683065558,4.289577683065558,4.289577683065558,4.289577683065558,4.289577683065558,4.289577683065558,4.289577683065558,4.289577683065558,4.289577683065558,4.289577683065558,4.289577683065558,4.289577683065558,4.289577683065558,4.289577683065558,4.289577683065558,4.289577683065558,4.289577683065558,4.289577683065558,4.289577683065558,4.289577683065558,4.289577683065558,4.289577683065558,4.289577683065558,4.289577683065558,4.289577683065558,4.289577683065558,4.289577683065558,4.289577683065558,4.289577683065558,4.289577683065558,4.289577683065558,4.289577683065558,4.289577683065558,4.289577683065558,4.289577683065558,4.289577683065558,4.289577683065558,4.289577683065558,4.289577683065558,4.289577683065558,4.289577683065558,4.289577683065558,4.289577683065558,4.289577683065558,4.289577683065558,4.289577683065558,4.289577683065558,4.289577683065558,4.289577683065558,4.289577683065558,4.289577683065558,4.289577683065558,4.289577683065558,4.289577683065558,4.289577683065558,4.289577683065558,4.289577683065558,4.289577683065558,4.289577683065558,4.289577683065558,4.289577683065558,4.289577683065558,4.289577683065558,4.289577683065558,4.289577683065558,4.289577683065558,4.289577683065558,4.289577683065558,4.289577683065558,4.289577683065558,4.289577683065558,4.289577683065558,4.289577683065558,4.289577683065558,4.289577683065558,4.289577683065558,4.289577683065558,4.289577683065558,4.289577683065558,4.289577683065558,4.289577683065558,4.289577683065558,4.289577683065558,4.289577683065558,4.289577683065558,4.289577683065558,4.289577683065558,4.289577683065558,4.289577683065558,4.289577683065558,4.289577683065558,4.289577683065558,4.289577683065558,4.289577683065558,4.289577683065558,4.289577683065558,4.289577683065558,4.289577683065558,4.289577683065558,4.289577683065558,4.289577683065558,4.289577683065558,4.289577683065558,4.289577683065558,4.289577683065558,4.289577683065558,4.289577683065558,4.289577683065558,4.289577683065558,4.289577683065558,4.289577683065558,4.289577683065558,4.289577683065558,4.289577683065558,4.289577683065558,4.289577683065558,4.289577683065558,4.289577683065558,4.289577683065558,4.289577683065558,4.289577683065558,4.289577683065558,4.289577683065558,4.289577683065558,4.289577683065558,4.289577683065558,4.289577683065558,4.289577683065558,4.289577683065558,4.289577683065558,4.289577683065558,4.289577683065558,4.289577683065558,4.289577683065558,4.289577683065558,4.289577683065558,4.289577683065558,4.289577683065558,4.289577683065558,4.289577683065558,4.289577683065558,4.289577683065558,4.289577683065558,4.289577683065558,4.289577683065558,4.289577683065558,4.289577683065558,4.289577683065558,4.289577683065558,4.289577683065558,4.289577683065558,4.289577683065558,4.289577683065558,4.289577683065558,4.289577683065558,4.289577683065558,4.289577683065558,4.289577683065558,4.289577683065558,4.289577683065558,4.289577683065558,4.289577683065558,4.289577683065558,4.289577683065558,4.289577683065558,4.289577683065558,4.289577683065558,4.289577683065558,4.289577683065558,4.289577683065558,4.289577683065558,4.289577683065558,4.289577683065558,4.289577683065558,4.289577683065558,4.289577683065558,4.289577683065558,4.289577683065558,4.289577683065558,4.289577683065558,4.289577683065558,4.289577683065558,4.289577683065558,4.289577683065558,4.289577683065558,4.289577683065558,4.289577683065558,4.289577683065558,4.289577683065558,4.289577683065558,4.289577683065558,4.289577683065558,4.289577683065558,4.289577683065558,4.289577683065558,4.289577683065558,4.289577683065558,4.289577683065558,4.289577683065558,4.289577683065558,4.289577683065558,4.289577683065558,4.289577683065558,4.289577683065558,4.289577683065558,4.289577683065558,4.289577683065558,4.289577683065558,4.289577683065558,4.289577683065558,4.289577683065558,4.289577683065558,4.289577683065558,4.289577683065558,4.289577683065558,4.289577683065558,4.289577683065558,4.289577683065558,4.289577683065558,4.289577683065558,4.289577683065558,4.289577683065558,4.289577683065558,4.289577683065558,4.289577683065558,4.289577683065558,4.289577683065558,4.289577683065558,4.289577683065558,4.289577683065558,4.289577683065558,4.289577683065558,4.289577683065558,4.289577683065558,4.289577683065558,4.289577683065558,4.289577683065558,4.289577683065558,4.289577683065558,4.289577683065558,4.289577683065558,4.289577683065558,4.289577683065558,4.289577683065558,4.289577683065558,4.289577683065558,4.289577683065558,4.289577683065558,4.289577683065558,4.289577683065558,4.289577683065558,4.289577683065558,4.289577683065558,4.289577683065558,4.289577683065558,4.289577683065558,4.289577683065558,4.289577683065558,4.289577683065558,4.289577683065558,4.289577683065558,4.289577683065558,4.289577683065558,4.289577683065558,4.289577683065558,4.289577683065558,4.289577683065558,4.289577683065558,4.289577683065558,4.289577683065558,4.289577683065558,4.289577683065558,4.289577683065558,4.289577683065558,4.289577683065558,4.289577683065558,4.289577683065558,4.289577683065558,4.289577683065558,4.289577683065558,4.289577683065558,4.289577683065558,4.289577683065558,4.289577683065558,4.289577683065558,4.289577683065558,4.289577683065558,4.289577683065558,4.289577683065558,4.289577683065558,4.289577683065558,4.289577683065558,4.289577683065558,4.289577683065558,4.289577683065558,4.289577683065558,4.289577683065558,4.289577683065558,4.289577683065558,4.289577683065558,4.289577683065558,4.289577683065558,4.289577683065558,4.289577683065558,4.289577683065558,4.289577683065558,4.289577683065558,4.289577683065558,4.289577683065558,4.289577683065558,4.289577683065558,4.289577683065558,4.289577683065558,4.289577683065558,4.289577683065558,4.289577683065558,4.289577683065558,4.289577683065558,4.289577683065558,4.289577683065558,4.289577683065558,4.289577683065558,4.289577683065558,4.289577683065558,4.289577683065558,4.289577683065558,4.289577683065558,4.289577683065558,4.289577683065558,4.289577683065558,4.289577683065558,4.289577683065558,4.289577683065558,4.289577683065558,4.289577683065558,4.289577683065558,4.289577683065558,4.289577683065558,4.289577683065558,4.289577683065558,4.289577683065558,4.289577683065558,4.289577683065558,4.289577683065558,4.289577683065558,4.289577683065558,4.289577683065558,4.289577683065558,4.289577683065558,4.289577683065558,4.289577683065558,4.289577683065558,4.289577683065558,4.289577683065558,4.289577683065558,4.289577683065558,4.289577683065558,4.289577683065558,4.289577683065558,4.289577683065558,4.289577683065558,4.289577683065558,4.289577683065558,4.289577683065558,4.289577683065558,4.289577683065558,4.289577683065558,4.289577683065558,4.289577683065558,4.289577683065558,4.289577683065558,4.289577683065558,4.289577683065558,4.289577683065558,4.289577683065558,4.289577683065558,4.289577683065558,4.289577683065558,4.289577683065558,4.289577683065558,4.289577683065558,4.289577683065558,4.289577683065558,4.289577683065558,4.289577683065558,4.289577683065558,4.289577683065558,4.289577683065558,4.289577683065558,4.289577683065558,4.289577683065558,4.289577683065558,4.289577683065558,4.289577683065558,4.289577683065558,4.289577683065558,4.289577683065558,4.289577683065558,4.289577683065558,4.289577683065558,4.289577683065558,4.289577683065558,4.289577683065558,4.289577683065558,4.289577683065558,4.289577683065558,4.289577683065558,4.289577683065558,4.289577683065558,4.289577683065558,4.289577683065558,4.289577683065558,4.289577683065558,4.289577683065558,4.289577683065558,4.289577683065558,4.289577683065558,4.289577683065558,4.289577683065558,4.289577683065558,4.289577683065558,4.289577683065558,4.289577683065558,4.289577683065558,4.289577683065558,4.289577683065558,4.289577683065558,4.289577683065558,4.289577683065558,4.289577683065558,4.289577683065558,4.289577683065558,4.289577683065558,4.289577683065558,4.289577683065558,4.289577683065558,4.289577683065558,4.289577683065558,4.289577683065558,4.289577683065558,4.289577683065558,4.289577683065558,4.289577683065558,4.289577683065558,4.289577683065558,4.289577683065558,4.289577683065558,4.289577683065558,4.289577683065558,4.289577683065558,4.289577683065558,4.289577683065558,4.289577683065558,4.289577683065558,4.289577683065558,4.289577683065558,4.289577683065558,4.289577683065558,4.289577683065558,4.289577683065558,4.289577683065558,4.289577683065558,4.289577683065558,4.289577683065558,4.289577683065558,4.289577683065558,4.289577683065558,4.289577683065558,4.289577683065558,4.289577683065558,4.289577683065558,4.289577683065558,4.289577683065558,4.289577683065558,4.289577683065558,4.289577683065558,4.289577683065558,4.289577683065558,4.289577683065558,4.289577683065558,4.289577683065558,4.289577683065558,4.289577683065558,4.289577683065558,4.289577683065558,4.289577683065558,4.289577683065558,4.289577683065558,4.289577683065558,4.289577683065558,4.289577683065558,4.289577683065558,4.289577683065558,6.34950999184883,6.34950999184883,6.34950999184883,6.34950999184883,6.34950999184883,6.34950999184883,6.34950999184883,6.34950999184883,6.34950999184883,6.34950999184883,6.34950999184883,6.34950999184883,6.34950999184883,6.34950999184883,6.34950999184883,6.34950999184883,6.34950999184883,6.34950999184883,6.34950999184883,6.34950999184883,6.34950999184883,6.34950999184883,6.34950999184883,6.34950999184883,6.34950999184883,6.34950999184883,6.34950999184883,6.34950999184883,6.34950999184883,6.34950999184883,6.34950999184883,6.34950999184883,6.34950999184883,5.862454253764589,5.862454253764589,5.862454253764589,5.862454253764589,5.862454253764589,5.862454253764589,5.862454253764589,5.862454253764589,5.645426670883899,5.645426670883899,5.547824467823405,4.8733343028521325,4.8733343028521325,4.8733343028521325,4.8733343028521325,4.8733343028521325,4.8733343028521325,4.872472848221409,4.872472848221409,4.872472848221409,4.872472848221409,4.872472848221409,4.867585387431401,4.867585387431401,4.867585387431401,4.867585387431401,4.867585387431401,4.8527075193066604,4.8527075193066604,4.43096197391653,4.43096197391653,4.43096197391653,4.43096197391653,4.43096197391653,4.43096197391653,4.43096197391653,4.43096197391653,4.43096197391653,4.43096197391653,4.43096197391653,4.43096197391653,4.43096197391653,4.43096197391653,4.43096197391653,4.43096197391653,4.43096197391653,4.43096197391653,4.43096197391653,4.43096197391653,4.43096197391653,4.43096197391653,4.43096197391653,4.43096197391653,4.43096197391653,4.43096197391653,4.43096197391653,4.43096197391653,4.43096197391653,4.43096197391653,4.43096197391653,4.43096197391653,4.43096197391653,4.43096197391653,4.43096197391653,4.43096197391653,4.43096197391653,4.43096197391653,4.43096197391653,4.43096197391653,4.43096197391653,4.43096197391653,4.43096197391653,4.43096197391653,4.43096197391653,4.43096197391653,4.43096197391653,4.43096197391653,4.43096197391653,4.43096197391653,4.43096197391653,4.43096197391653,4.43096197391653,4.43096197391653,4.43096197391653,4.43096197391653,4.409462318217364,4.409462318217364,4.409462318217364,4.409462318217364,4.409462318217364,4.409462318217364,4.409462318217364,4.409462318217364,4.409462318217364,4.409462318217364,4.409462318217364,4.409462318217364,4.409462318217364,4.409462318217364,4.409462318217364,4.409462318217364,4.409462318217364,4.409462318217364,4.409462318217364,4.409462318217364,4.409462318217364,4.409462318217364,4.409462318217364,4.409462318217364,4.409462318217364,4.409462318217364,4.409462318217364,4.409462318217364,4.409462318217364,4.409462318217364,4.409462318217364,4.409462318217364,4.409462318217364,4.409462318217364,4.409462318217364,4.409462318217364,4.409462318217364,4.409462318217364,4.409462318217364,4.409462318217364,4.409462318217364,4.409462318217364,4.409462318217364,4.409462318217364,4.409462318217364,4.409462318217364,4.409462318217364,4.409462318217364,4.409462318217364,4.409462318217364,4.409462318217364,4.409462318217364,4.409462318217364,4.409462318217364,4.409462318217364,4.409462318217364,4.409462318217364,4.409462318217364,4.409462318217364,4.409462318217364,4.409462318217364,4.409462318217364,4.409462318217364,4.409462318217364,4.409462318217364,4.409462318217364,4.409462318217364,4.409462318217364,4.409462318217364,4.409462318217364,4.409462318217364,4.409462318217364,4.409462318217364,4.409462318217364,4.409462318217364,4.409462318217364,4.409462318217364,4.409462318217364,4.409462318217364,4.409462318217364,4.409462318217364,4.409462318217364,4.409462318217364,4.409462318217364,4.409462318217364,4.409462318217364,4.409462318217364,4.409462318217364,4.409462318217364,4.409462318217364,4.409462318217364,4.409462318217364,4.409462318217364,4.409462318217364,4.409462318217364,4.409462318217364,4.409462318217364,4.409462318217364,4.409462318217364,4.409462318217364,4.409462318217364,4.409462318217364,4.409462318217364,4.409462318217364,4.409462318217364,4.409462318217364,4.409462318217364,4.409462318217364,4.409462318217364,4.409462318217364,4.409462318217364,4.409462318217364,4.409462318217364,4.409462318217364,4.409462318217364,4.409462318217364,4.409462318217364,4.409462318217364,4.409462318217364,4.409462318217364,4.409462318217364,4.409462318217364,4.409462318217364,4.409462318217364,4.409462318217364,4.409462318217364,4.409462318217364,4.409462318217364,4.409462318217364,4.409462318217364,4.409462318217364,4.409462318217364,4.409462318217364,4.409462318217364,4.409462318217364,4.409462318217364,4.409462318217364,4.409462318217364,4.409462318217364,4.409462318217364,4.409462318217364,4.409462318217364,4.409462318217364,4.409462318217364,4.409462318217364,4.409462318217364,4.409462318217364,4.409462318217364,4.409462318217364,4.409462318217364,4.409462318217364,4.409462318217364,4.409462318217364,4.409462318217364,4.409462318217364,4.409462318217364,4.409462318217364,4.409462318217364,4.409462318217364,4.409462318217364,4.409462318217364,4.409462318217364,4.409462318217364,4.409462318217364,4.409462318217364,4.409462318217364,4.409462318217364,4.409462318217364,4.409462318217364,4.409462318217364,4.409462318217364,4.409462318217364,4.409462318217364,4.409462318217364,4.409462318217364,4.409462318217364,4.409462318217364,4.409462318217364,4.409462318217364,4.409462318217364,4.409462318217364,4.409462318217364,4.409462318217364,4.409462318217364,4.409462318217364,4.409462318217364,4.409462318217364,4.409462318217364,4.409462318217364,4.409462318217364,4.409462318217364,4.409462318217364,4.409462318217364,4.409462318217364,4.409462318217364,4.409462318217364,4.409462318217364,4.409462318217364,4.409462318217364,4.409462318217364,4.409462318217364,4.409462318217364,4.409462318217364,4.409462318217364,4.409462318217364,4.409462318217364,4.409462318217364,4.409462318217364,4.409462318217364,4.409462318217364,4.409462318217364,4.409462318217364,4.409462318217364,4.409462318217364,4.409462318217364,4.409462318217364,4.409462318217364,4.409462318217364,4.409462318217364,4.409462318217364,4.409462318217364,4.409462318217364,4.409462318217364,4.409462318217364,4.409462318217364,4.409462318217364,4.409462318217364,4.409462318217364,4.409462318217364,4.409462318217364,4.409462318217364,4.409462318217364,4.409462318217364,4.409462318217364,4.409462318217364,4.409462318217364,4.409462318217364,4.409462318217364,4.409462318217364,4.409462318217364,4.409462318217364,4.409462318217364,4.409462318217364,4.409462318217364,4.409462318217364,4.409462318217364,4.409462318217364,4.409462318217364,4.409462318217364,4.409462318217364,4.409462318217364,4.409462318217364,4.409462318217364,4.409462318217364,4.409462318217364,4.409462318217364,4.409462318217364,4.409462318217364,4.409462318217364,4.409462318217364,4.409462318217364,4.409462318217364,4.409462318217364,4.409462318217364,4.409462318217364,4.409462318217364,4.409462318217364,4.409462318217364,4.409462318217364,4.409462318217364,4.409462318217364,4.409462318217364,4.409462318217364,4.409462318217364,4.409462318217364,4.409462318217364,4.409462318217364,4.409462318217364,4.409462318217364,4.409462318217364,4.409462318217364,4.409462318217364,4.409462318217364,4.409462318217364,4.409462318217364,4.409462318217364,4.409462318217364,4.409462318217364,4.409462318217364,4.409462318217364,4.409462318217364,4.409462318217364,4.409462318217364,4.409462318217364,4.409462318217364,4.409462318217364,4.409462318217364,4.409462318217364,4.409462318217364,4.409462318217364,4.409462318217364,4.409462318217364,4.409462318217364,4.409462318217364,4.409462318217364,4.409462318217364,4.409462318217364,4.409462318217364,4.409462318217364,4.409462318217364,4.409462318217364,4.409462318217364,4.409462318217364,4.409462318217364,4.409462318217364,4.409462318217364,4.409462318217364,4.409462318217364,4.409462318217364,4.409462318217364,4.409462318217364,4.409462318217364,4.409462318217364,4.409462318217364,4.409462318217364,4.409462318217364,4.409462318217364,4.409462318217364,4.409462318217364,4.409462318217364,4.409462318217364,4.409462318217364,4.409462318217364,4.409462318217364,4.409462318217364,4.409462318217364,4.409462318217364,4.409462318217364,4.409462318217364,4.409462318217364,4.409462318217364,4.409462318217364,4.409462318217364,4.409462318217364,4.409462318217364,4.409462318217364,4.409462318217364,4.409462318217364,4.409462318217364,4.409462318217364,4.409462318217364,4.409462318217364,4.409462318217364,4.409462318217364,4.409462318217364,4.409462318217364,4.409462318217364,4.409462318217364,4.409462318217364,4.409462318217364,4.409462318217364,4.409462318217364,4.409462318217364,4.409462318217364,4.409462318217364,4.409462318217364,4.409462318217364,4.409462318217364,4.409462318217364,4.409462318217364,4.409462318217364,4.409462318217364,4.409462318217364,4.409462318217364,4.409462318217364,4.409462318217364,4.409462318217364,4.409462318217364,4.409462318217364,4.409462318217364,4.409462318217364,4.409462318217364,4.409462318217364,4.409462318217364,4.409462318217364,4.409462318217364,4.409462318217364,4.409462318217364,4.409462318217364,4.409462318217364,4.409462318217364,4.409462318217364,4.409462318217364,4.409462318217364,4.409462318217364,4.409462318217364,4.409462318217364,4.409462318217364,4.409462318217364,4.409462318217364,4.409462318217364,4.409462318217364,4.409462318217364,4.409462318217364,4.409462318217364,4.409462318217364,4.409462318217364,4.409462318217364,4.409462318217364,4.409462318217364,4.409462318217364,4.409462318217364,4.409462318217364,4.409462318217364,4.409462318217364,4.409462318217364,4.409462318217364,4.409462318217364,4.409462318217364,4.409462318217364,4.409462318217364,4.409462318217364,4.409462318217364,4.409462318217364,4.409462318217364,4.409462318217364,4.409462318217364,4.409462318217364,4.409462318217364,4.409462318217364,4.409462318217364,4.409462318217364,4.409462318217364,4.409462318217364,4.409462318217364,4.409462318217364,4.409462318217364,4.409462318217364,4.409462318217364,4.409462318217364,4.409462318217364,4.409462318217364,4.409462318217364,4.409462318217364,4.409462318217364,4.409462318217364,4.409462318217364,4.409462318217364,4.409462318217364,4.409462318217364,4.409462318217364,4.409462318217364,4.409462318217364,4.409462318217364,4.409462318217364,4.409462318217364,4.409462318217364,4.409462318217364,4.409462318217364,4.409462318217364,4.409462318217364,4.409462318217364,4.409462318217364,4.409462318217364,4.409462318217364,4.409462318217364,4.409462318217364,4.409462318217364,4.409462318217364,4.409462318217364,4.409462318217364,4.409462318217364,4.409462318217364,4.409462318217364,4.409462318217364,4.409462318217364,4.409462318217364,4.409462318217364,4.409462318217364,4.409462318217364,4.409462318217364,4.409462318217364,4.409462318217364,4.409462318217364,4.409462318217364,4.409462318217364,4.409462318217364,4.409462318217364,4.409462318217364,4.409462318217364,4.409462318217364,4.409462318217364,4.409462318217364,4.409462318217364,4.409462318217364,4.409462318217364,4.409462318217364,4.409462318217364,4.409462318217364,4.409462318217364,4.409462318217364,4.409462318217364,4.409462318217364,4.409462318217364,4.409462318217364,4.409462318217364,4.409462318217364,4.409462318217364,4.409462318217364,4.409462318217364,4.409462318217364,4.409462318217364,4.409462318217364,4.409462318217364,4.409462318217364,4.409462318217364,4.409462318217364,4.409462318217364,4.409462318217364,4.409462318217364,4.409462318217364,4.409462318217364,4.409462318217364,4.409462318217364,4.409462318217364,4.409462318217364,4.409462318217364,4.409462318217364,4.409462318217364,4.409462318217364,4.409462318217364,4.409462318217364,4.409462318217364,4.409462318217364,4.409462318217364,4.409462318217364,4.409462318217364,4.409462318217364,4.409462318217364,4.409462318217364,4.409462318217364,4.409462318217364,4.409462318217364,4.409462318217364,4.409462318217364,4.409462318217364,4.409462318217364,4.409462318217364,4.409462318217364,4.409462318217364,4.409462318217364,4.409462318217364,4.409462318217364,4.409462318217364,4.409462318217364,4.409462318217364,4.409462318217364,4.409462318217364,4.409462318217364,4.409462318217364,4.409462318217364,4.409462318217364,4.409462318217364,4.409462318217364,4.409462318217364,4.409462318217364,4.409462318217364,4.409462318217364,4.409462318217364,4.409462318217364,4.409462318217364,4.409462318217364,4.409462318217364,4.409462318217364,4.409462318217364,4.409462318217364,4.409462318217364,4.409462318217364,4.409462318217364,4.409462318217364,4.409462318217364,4.409462318217364,4.409462318217364,4.409462318217364,4.409462318217364,4.409462318217364,4.409462318217364,4.409462318217364,4.409462318217364,4.409462318217364,4.409462318217364,4.409462318217364,4.409462318217364,4.409462318217364,4.409462318217364,4.409462318217364,4.409462318217364,4.409462318217364,4.409462318217364,4.409462318217364,4.409462318217364,4.409462318217364,4.409462318217364,4.409462318217364,4.409462318217364,4.409462318217364,4.409462318217364,4.409462318217364,4.409462318217364,4.409462318217364,4.409462318217364,4.409462318217364,4.409462318217364,4.409462318217364,4.409462318217364,4.409462318217364,4.409462318217364,4.409462318217364,4.409462318217364,4.409462318217364,4.409462318217364,4.409462318217364,4.409462318217364,4.409462318217364,4.409462318217364,4.409462318217364,4.409462318217364,4.409462318217364,4.409462318217364,4.409462318217364,4.409462318217364,4.409462318217364,4.409462318217364,4.409462318217364,4.409462318217364,4.409462318217364,4.409462318217364,4.409462318217364,4.409462318217364,4.409462318217364,4.409462318217364,4.409462318217364,4.409462318217364,4.409462318217364,4.409462318217364,4.409462318217364,4.409462318217364,4.409462318217364,4.409462318217364,4.409462318217364,4.409462318217364,4.409462318217364,4.409462318217364,4.409462318217364,4.409462318217364,4.409462318217364,4.409462318217364,4.409462318217364,4.409462318217364,4.409462318217364,4.409462318217364,4.409462318217364,4.409462318217364,4.409462318217364,4.409462318217364,4.409462318217364,4.409462318217364,4.409462318217364,4.409462318217364,4.409462318217364,4.409462318217364,4.203384118012563,4.203384118012563,4.203384118012563,4.203384118012563,4.203384118012563,4.203384118012563,4.203384118012563,4.203384118012563,4.203384118012563,4.203384118012563,4.203384118012563,4.203384118012563,4.203384118012563,4.203384118012563,4.203384118012563,4.203384118012563,4.203384118012563,4.203384118012563,4.203384118012563,4.203384118012563,4.203384118012563,4.203384118012563,4.203384118012563,4.203384118012563,4.203384118012563,4.203384118012563,4.203384118012563,4.203384118012563,4.203384118012563,4.203384118012563,4.203384118012563,4.203384118012563,4.203384118012563,4.203384118012563,4.203384118012563,4.203384118012563,4.203384118012563,4.203384118012563,4.203384118012563,4.203384118012563,4.203384118012563,4.203384118012563,4.203384118012563,4.203384118012563,4.203384118012563,4.203384118012563,4.203384118012563,4.203384118012563,4.203384118012563,4.203384118012563,4.203384118012563,4.203384118012563,4.203384118012563,4.203384118012563,4.203384118012563,4.203384118012563,4.203384118012563,4.203384118012563,4.203384118012563,4.203384118012563,4.203384118012563,4.203384118012563,4.203384118012563,4.203384118012563,4.203384118012563,4.203384118012563,4.203384118012563,4.203384118012563,4.203384118012563,4.203384118012563,4.203384118012563,4.203384118012563,4.203384118012563,4.203384118012563,4.203384118012563,4.203384118012563,4.203384118012563,4.203384118012563,4.203384118012563,4.203384118012563,4.203384118012563,4.203384118012563,4.203384118012563,4.203384118012563,4.203384118012563,4.203384118012563,4.203384118012563,4.203384118012563,4.203384118012563,4.203384118012563,4.203384118012563,4.203384118012563,4.203384118012563,4.203384118012563,4.203384118012563,4.203384118012563,4.203384118012563,4.203384118012563,4.203384118012563,4.203384118012563,4.203384118012563,4.203384118012563,4.203384118012563,4.203384118012563,4.203384118012563,4.203384118012563,4.203384118012563,4.203384118012563,4.203384118012563,4.203384118012563,4.203384118012563,4.203384118012563,4.203384118012563,4.203384118012563,4.203384118012563,4.203384118012563,4.203384118012563,4.203384118012563,4.203384118012563,4.203384118012563,4.203384118012563,4.203384118012563,4.203384118012563,4.203384118012563,4.203384118012563,4.203384118012563,4.203384118012563,4.203384118012563,4.203384118012563,4.203384118012563,3.8716041516827744,3.8716041516827744,3.8716041516827744,3.8716041516827744,3.8716041516827744,3.8716041516827744,3.8716041516827744,3.8716041516827744,3.8716041516827744,3.8716041516827744,3.8716041516827744,3.8716041516827744,3.8716041516827744,3.8716041516827744,3.8716041516827744,3.8716041516827744,3.8716041516827744,3.8716041516827744,3.8716041516827744,3.8716041516827744,3.8716041516827744,3.8716041516827744,3.8716041516827744,3.8716041516827744,3.8716041516827744,3.8716041516827744,3.8716041516827744,3.8716041516827744,3.8716041516827744,3.8716041516827744,3.8716041516827744,3.8716041516827744,3.8716041516827744,3.8716041516827744,3.8716041516827744,3.8716041516827744,3.8716041516827744,3.8716041516827744,3.8716041516827744,3.8716041516827744,3.8716041516827744,3.8716041516827744,3.8716041516827744,3.8716041516827744,3.8716041516827744,3.8716041516827744,3.8716041516827744,3.8716041516827744,3.8716041516827744,3.8716041516827744,3.8716041516827744,3.8716041516827744,3.8716041516827744,3.8716041516827744,3.8716041516827744,3.8716041516827744,3.8716041516827744,3.8716041516827744,3.8716041516827744,3.8716041516827744,3.8716041516827744,3.8716041516827744,3.8716041516827744,3.8716041516827744,3.8716041516827744,3.8716041516827744,3.8716041516827744,3.8716041516827744,3.8716041516827744,3.8716041516827744,3.8716041516827744,3.8716041516827744,3.8716041516827744,3.8716041516827744,3.8716041516827744,3.8716041516827744,3.8716041516827744,3.8716041516827744,3.8716041516827744,3.8716041516827744,3.8716041516827744,7.259293196545685,7.083908662207803,6.664945058105422,6.03858235020819,6.03858235020819,6.03858235020819,6.03858235020819,6.03858235020819,6.03858235020819,5.859703286089,5.859703286089,5.859703286089,5.859703286089,5.697133430147754,5.697133430147754,5.697133430147754,5.697133430147754,5.697133430147754,5.697133430147754,5.682698386364354,5.682698386364354,5.682698386364354,5.682698386364354,5.682698386364354,5.682698386364354,5.682698386364354,5.682698386364354,5.682698386364354,5.682698386364354,5.682698386364354,5.682698386364354,5.682698386364354,5.682698386364354,5.682698386364354,5.682698386364354,5.682698386364354,5.682698386364354,5.682698386364354,5.682698386364354,5.682698386364354,5.682698386364354,5.682698386364354,5.682698386364354,5.682698386364354,5.682698386364354,5.682698386364354,5.682698386364354,5.682698386364354,5.682698386364354,5.682698386364354,4.6433226959657325,4.6433226959657325,4.6433226959657325,4.6433226959657325,4.6433226959657325,4.6433226959657325,4.6433226959657325,4.6433226959657325,4.6433226959657325,4.6433226959657325,4.6433226959657325,4.6433226959657325,4.6433226959657325,4.6433226959657325,4.6433226959657325,4.6433226959657325,4.6433226959657325,4.6433226959657325,4.6433226959657325,4.6433226959657325,4.6433226959657325,4.6433226959657325,4.6433226959657325,4.6433226959657325,4.6433226959657325,4.6433226959657325,4.6433226959657325,4.6433226959657325,4.6433226959657325,4.6433226959657325,4.6433226959657325,4.6433226959657325,4.6433226959657325,4.6433226959657325,4.6433226959657325,4.6433226959657325,4.6433226959657325,4.6433226959657325,4.6433226959657325,4.6433226959657325,4.6433226959657325,4.6433226959657325,4.6433226959657325,4.6433226959657325,4.6433226959657325,4.6433226959657325,4.6433226959657325,4.6433226959657325,4.6433226959657325,4.6433226959657325,4.6433226959657325,4.6433226959657325,4.6433226959657325,4.6433226959657325,4.6433226959657325,4.6433226959657325,4.6433226959657325,4.6433226959657325,4.6433226959657325,4.6433226959657325,4.6433226959657325,4.6433226959657325,4.6433226959657325,4.6433226959657325,4.6433226959657325,4.6433226959657325,4.6433226959657325,4.6433226959657325,4.6433226959657325,4.6433226959657325,4.6433226959657325,4.6433226959657325,4.6433226959657325,4.6433226959657325,4.6433226959657325,4.6433226959657325,4.6433226959657325,4.6433226959657325,4.6433226959657325,4.6433226959657325,4.6433226959657325,4.6433226959657325,4.6433226959657325,4.6433226959657325,4.6433226959657325,4.6433226959657325,4.6433226959657325,4.6433226959657325,4.6433226959657325,4.6433226959657325,4.6433226959657325,4.6433226959657325,4.6433226959657325,4.6433226959657325,4.6433226959657325,4.6433226959657325,4.6433226959657325,4.6433226959657325,4.6433226959657325,4.6433226959657325,4.6433226959657325,4.6433226959657325,4.6433226959657325,4.6433226959657325,4.6433226959657325,4.6433226959657325,4.6433226959657325,4.6433226959657325,4.6433226959657325,4.6433226959657325,4.6433226959657325,4.6433226959657325,4.6433226959657325,4.6433226959657325,4.6433226959657325,4.6433226959657325,4.6433226959657325,4.6433226959657325,4.6433226959657325,4.6433226959657325,4.6433226959657325,4.6433226959657325,4.6433226959657325,4.6433226959657325,4.6433226959657325,4.6433226959657325,4.6433226959657325,4.6433226959657325,4.6433226959657325,4.6433226959657325,4.6433226959657325,4.6433226959657325,4.6433226959657325,4.6433226959657325,4.6433226959657325,4.6433226959657325,4.6433226959657325,4.6433226959657325,4.6433226959657325,4.6433226959657325,4.6433226959657325,4.6433226959657325,4.6433226959657325,4.6433226959657325,4.6433226959657325,4.6433226959657325,4.6433226959657325,4.6433226959657325,4.6433226959657325,4.6433226959657325,4.6433226959657325,4.6433226959657325,4.6433226959657325,4.6433226959657325,4.6433226959657325,4.6433226959657325,4.6433226959657325,4.6433226959657325,4.6433226959657325,4.6433226959657325,4.6433226959657325,4.6433226959657325,4.6433226959657325,3.9654595859886013,3.9654595859886013,3.9654595859886013,3.9654595859886013,3.9654595859886013,3.9654595859886013,3.9654595859886013,3.9654595859886013,3.9654595859886013,3.9654595859886013,3.9654595859886013,3.9654595859886013,3.9654595859886013,3.9654595859886013,3.9654595859886013,3.9654595859886013,3.9654595859886013,3.9654595859886013,3.9654595859886013,3.9654595859886013,3.9654595859886013,3.9654595859886013,3.9654595859886013,3.9654595859886013,3.9654595859886013,3.9654595859886013,3.9654595859886013,3.9654595859886013,3.9654595859886013,3.9654595859886013,3.9654595859886013,3.9654595859886013,3.9654595859886013,3.9654595859886013,3.9654595859886013,3.9654595859886013,3.9654595859886013,3.9654595859886013,3.9654595859886013,3.9654595859886013,3.9654595859886013,3.9654595859886013,3.9654595859886013,3.9654595859886013,3.9654595859886013,3.9654595859886013,3.9654595859886013,3.9654595859886013,3.9654595859886013,3.9654595859886013,3.9654595859886013,3.9654595859886013,3.9654595859886013,3.9654595859886013,3.9654595859886013,3.9654595859886013,3.9654595859886013,3.9654595859886013,3.9654595859886013,3.9654595859886013,3.9654595859886013,3.9654595859886013,3.9654595859886013,3.9654595859886013,3.9654595859886013,3.9654595859886013,3.9654595859886013,3.9654595859886013,3.9654595859886013,3.9654595859886013,3.9654595859886013,3.9654595859886013,3.9654595859886013,3.9654595859886013,3.9654595859886013,3.9654595859886013,3.9654595859886013,3.9654595859886013,3.9654595859886013,3.9654595859886013,3.9654595859886013,3.9654595859886013,3.9654595859886013,3.9654595859886013,3.9654595859886013,3.9654595859886013,3.9654595859886013,3.9654595859886013,3.9654595859886013,3.9654595859886013,3.9654595859886013,3.9654595859886013,3.9654595859886013,3.9654595859886013,3.9654595859886013,3.9654595859886013,3.9654595859886013,3.9654595859886013,3.9158624386872853,3.9158624386872853,3.9158624386872853,3.9158624386872853,3.9158624386872853,3.9158624386872853,3.9158624386872853,3.9158624386872853,3.9158624386872853,3.9158624386872853,3.9158624386872853,3.9158624386872853,3.9158624386872853,3.9158624386872853,3.9158624386872853,3.9158624386872853,3.9158624386872853,3.9158624386872853,3.9158624386872853,3.9158624386872853,3.9158624386872853,3.9158624386872853,3.9158624386872853,3.9158624386872853,3.9158624386872853,3.9158624386872853,3.9158624386872853,3.9158624386872853,3.9158624386872853,3.9158624386872853,3.9158624386872853,3.9158624386872853,3.9158624386872853,3.9158624386872853,3.9158624386872853,3.9158624386872853,3.9158624386872853,3.9158624386872853,3.9158624386872853,3.9158624386872853,3.9158624386872853,3.9158624386872853,3.9158624386872853,3.9158624386872853,3.9158624386872853,3.9158624386872853,3.9158624386872853,3.9158624386872853,3.9158624386872853,3.9158624386872853,3.9158624386872853,3.9158624386872853,3.9158624386872853,3.9158624386872853,3.9158624386872853,3.9158624386872853,3.9158624386872853,3.9158624386872853,3.9158624386872853,3.9158624386872853,3.9158624386872853,3.9158624386872853,3.9158624386872853,3.9158624386872853,3.9158624386872853,3.9158624386872853,3.9158624386872853,3.9158624386872853,3.9158624386872853,3.9158624386872853,3.9158624386872853,3.9158624386872853,3.9158624386872853,3.9158624386872853,3.9158624386872853,3.9158624386872853,3.9158624386872853,3.9158624386872853,3.9158624386872853,3.9158624386872853,3.9158624386872853,3.9158624386872853,3.9158624386872853,3.9158624386872853,3.9158624386872853,3.9158624386872853,3.9158624386872853,3.9158624386872853,3.9158624386872853,3.9158624386872853,3.9158624386872853,3.9158624386872853,3.9158624386872853,3.9158624386872853,3.9158624386872853,3.9158624386872853,3.9158624386872853,3.9158624386872853,3.9158624386872853,3.9158624386872853,3.9158624386872853,3.9158624386872853,3.9158624386872853,3.9158624386872853,3.9158624386872853,3.9158624386872853,3.9158624386872853,3.9158624386872853,3.9158624386872853,3.9158624386872853,3.9158624386872853,3.9158624386872853,3.9158624386872853,3.9158624386872853,3.9158624386872853,3.9158624386872853,3.9158624386872853,3.9158624386872853,3.9158624386872853,3.9158624386872853,3.9158624386872853,3.9158624386872853,3.9158624386872853,3.9158624386872853,3.9158624386872853,3.9158624386872853,3.9158624386872853,3.9158624386872853,3.9158624386872853,3.9158624386872853,3.9158624386872853,3.9158624386872853,3.9158624386872853,3.9158624386872853,3.9158624386872853,3.9158624386872853,3.9158624386872853,3.9158624386872853,3.9158624386872853,3.9158624386872853,3.9158624386872853,3.9158624386872853,3.9158624386872853,3.9158624386872853,3.9158624386872853,3.9158624386872853,3.9158624386872853,3.9158624386872853,3.9158624386872853,3.9158624386872853,3.9158624386872853,3.9158624386872853,3.9158624386872853,3.9158624386872853,3.9158624386872853,3.9158624386872853,3.9158624386872853,3.9158624386872853,3.9158624386872853,3.9158624386872853,3.9158624386872853,3.9158624386872853,3.9158624386872853,3.9158624386872853,3.9158624386872853,3.9158624386872853,3.9158624386872853,3.9158624386872853,3.9158624386872853,3.9158624386872853,3.9158624386872853,3.9158624386872853,3.9158624386872853,3.9158624386872853,3.9158624386872853,3.9158624386872853,3.9158624386872853,3.9158624386872853,3.9158624386872853,3.9158624386872853,3.9158624386872853,3.9158624386872853,3.9158624386872853,3.9158624386872853,3.9158624386872853,3.9158624386872853,3.9158624386872853,3.9158624386872853,3.9158624386872853,3.9158624386872853,3.9158624386872853,3.9158624386872853,3.9158624386872853,3.9158624386872853,3.9158624386872853,3.9158624386872853,3.9158624386872853,3.9158624386872853,3.9158624386872853,3.9158624386872853,3.9158624386872853,3.9158624386872853,3.9158624386872853,3.9158624386872853,3.9158624386872853,3.9158624386872853,3.9158624386872853,3.9158624386872853,3.9158624386872853,3.9158624386872853,3.9158624386872853,3.9158624386872853,3.9158624386872853,3.9158624386872853,3.9158624386872853,3.9158624386872853,3.9158624386872853,3.9158624386872853,3.9158624386872853,3.9158624386872853,3.9158624386872853,3.9158624386872853,3.9158624386872853,3.9158624386872853,3.9158624386872853,3.9158624386872853,3.9158624386872853,3.9158624386872853,3.9158624386872853,3.9158624386872853,3.9158624386872853,3.9158624386872853,3.9158624386872853,3.9158624386872853,3.9158624386872853,3.9158624386872853,3.9158624386872853,3.9158624386872853,3.9158624386872853,3.9158624386872853,3.9158624386872853,3.9158624386872853,3.9158624386872853,3.9158624386872853,3.9158624386872853,3.9158624386872853,3.9158624386872853,3.9158624386872853,3.9158624386872853,3.9158624386872853,3.9158624386872853,3.9158624386872853,3.9158624386872853,3.9158624386872853,3.9158624386872853,3.9158624386872853,3.9158624386872853,3.9158624386872853,3.9158624386872853,3.9158624386872853,3.9158624386872853,3.9158624386872853,3.9158624386872853,3.9158624386872853,3.9158624386872853,3.9158624386872853,3.9158624386872853,3.9158624386872853,3.9158624386872853,3.9158624386872853,3.9158624386872853,3.9158624386872853,3.9158624386872853,3.9158624386872853,3.9158624386872853,3.9158624386872853,3.9158624386872853,3.9158624386872853,3.9158624386872853,3.9158624386872853,3.9158624386872853,3.9158624386872853,3.9158624386872853,3.9158624386872853,3.9158624386872853,3.9158624386872853,3.9158624386872853,3.9158624386872853,3.9158624386872853,3.9158624386872853,3.9158624386872853,3.9158624386872853,3.9158624386872853,3.9158624386872853,3.9158624386872853,3.9158624386872853,3.9158624386872853,3.9158624386872853,3.9158624386872853,3.9158624386872853,3.9158624386872853,3.9158624386872853,3.9158624386872853,3.9158624386872853,3.9158624386872853,3.9158624386872853,3.9158624386872853,3.9158624386872853,3.9158624386872853,3.9158624386872853,3.9158624386872853,3.9158624386872853,3.9158624386872853,3.9158624386872853,3.9158624386872853,3.9158624386872853,3.9158624386872853,3.9158624386872853,3.9158624386872853,3.9158624386872853,3.9158624386872853,3.9158624386872853,3.9158624386872853,3.9158624386872853,3.9158624386872853,3.9158624386872853,3.9158624386872853,3.9158624386872853,3.9158624386872853,3.9158624386872853,3.9158624386872853,3.9158624386872853,3.9158624386872853,3.9158624386872853,3.9158624386872853,3.9158624386872853,3.9158624386872853,3.9158624386872853,3.9158624386872853,3.9158624386872853,3.9158624386872853,3.9158624386872853,3.9158624386872853,3.9158624386872853,3.9158624386872853,3.9158624386872853,3.9158624386872853,3.9158624386872853,3.9158624386872853,3.9158624386872853,3.9158624386872853,3.9158624386872853,3.9158624386872853,3.9158624386872853,3.9158624386872853,3.9158624386872853,3.9158624386872853,3.9158624386872853,3.9158624386872853,3.9158624386872853,3.9158624386872853,3.9158624386872853,3.9158624386872853,3.9158624386872853,3.9158624386872853,3.9158624386872853,3.9158624386872853,3.9158624386872853,3.9158624386872853,3.9158624386872853,3.9158624386872853,3.9158624386872853,3.9158624386872853,3.9158624386872853,3.9158624386872853,3.9158624386872853,3.9158624386872853,3.9158624386872853,3.9158624386872853,3.9158624386872853,3.9158624386872853,3.9158624386872853,3.9158624386872853,3.9158624386872853,3.9158624386872853,3.9158624386872853,3.9158624386872853,3.9158624386872853,3.9158624386872853,3.9158624386872853,3.9158624386872853,3.9158624386872853,3.9158624386872853,3.9158624386872853,3.9158624386872853,3.9158624386872853,3.9158624386872853,3.9158624386872853,3.9158624386872853,3.9158624386872853,3.9158624386872853,3.9158624386872853,3.9158624386872853,3.9158624386872853,3.9158624386872853,3.9158624386872853,3.9158624386872853,3.9158624386872853,3.9158624386872853,3.9158624386872853,3.9158624386872853,3.9158624386872853,3.9158624386872853,3.9158624386872853,3.9158624386872853,3.9158624386872853,3.9158624386872853,3.9158624386872853,3.9158624386872853,3.9158624386872853,3.9158624386872853,3.9158624386872853,3.9158624386872853,3.9158624386872853,3.9158624386872853,3.9158624386872853,3.9158624386872853,3.9158624386872853,3.9158624386872853,3.9158624386872853,3.9158624386872853,3.9158624386872853,3.9158624386872853,3.9158624386872853,3.9158624386872853,3.9158624386872853,3.9158624386872853,3.9158624386872853,3.9158624386872853,3.9158624386872853,3.9158624386872853,3.9158624386872853,3.9158624386872853,3.9158624386872853,3.9158624386872853,3.9158624386872853,3.9158624386872853,3.9158624386872853,3.9158624386872853,3.9158624386872853,3.9158624386872853,3.9158624386872853,3.9158624386872853,3.9158624386872853,3.9158624386872853,3.9158624386872853,3.9158624386872853,3.9158624386872853,3.9158624386872853,3.9158624386872853,3.9158624386872853,3.9158624386872853,3.9158624386872853,3.9158624386872853,3.9158624386872853,3.9158624386872853,3.9158624386872853,3.9158624386872853,3.9158624386872853,3.9158624386872853,3.9158624386872853,3.9158624386872853,3.9158624386872853,3.9158624386872853,3.9158624386872853,3.9158624386872853,3.9158624386872853,3.9158624386872853,3.9158624386872853,3.9158624386872853,3.9158624386872853,3.9158624386872853,3.9158624386872853,3.9158624386872853,3.8030784686749635,3.8030784686749635,3.8030784686749635,3.8030784686749635,3.8030784686749635,3.8030784686749635,3.8030784686749635,3.8030784686749635,3.7893617533492647,3.540282059269463,3.540282059269463,3.540282059269463,3.540282059269463,3.540282059269463,3.540282059269463,3.540282059269463,3.540282059269463,3.540282059269463,3.540282059269463,3.540282059269463,3.540282059269463,3.540282059269463,3.540282059269463,3.540282059269463,3.540282059269463,3.540282059269463,3.540282059269463,3.540282059269463,3.540282059269463,3.540282059269463,3.540282059269463,3.540282059269463,3.540282059269463,3.540282059269463,3.540282059269463,3.540282059269463,3.540282059269463,3.540282059269463,3.540282059269463,3.540282059269463,3.540282059269463,3.540282059269463,3.540282059269463,3.540282059269463,3.540282059269463,3.540282059269463,3.540282059269463,3.540282059269463,3.540282059269463,3.540282059269463,3.540282059269463,3.540282059269463,3.540282059269463,3.540282059269463,3.540282059269463,3.540282059269463,3.540282059269463,3.540282059269463,3.540282059269463,3.540282059269463,3.540282059269463,3.540282059269463,3.540282059269463,3.540282059269463,3.540282059269463,3.540282059269463,3.540282059269463,3.540282059269463,3.540282059269463,3.540282059269463,3.540282059269463,3.540282059269463,3.540282059269463,3.540282059269463,3.540282059269463,3.540282059269463,3.540282059269463,3.540282059269463,3.540282059269463,3.540282059269463,3.540282059269463,3.540282059269463,3.540282059269463,3.540282059269463,3.540282059269463,3.540282059269463,3.540282059269463,3.540282059269463,3.540282059269463,3.540282059269463,3.540282059269463,3.540282059269463,3.540282059269463,3.540282059269463,3.540282059269463,3.540282059269463,3.540282059269463,3.540282059269463,3.540282059269463,3.540282059269463,3.540282059269463,3.540282059269463,3.540282059269463,3.540282059269463,3.540282059269463,3.540282059269463,3.540282059269463,3.540282059269463,3.540282059269463,3.540282059269463,3.540282059269463,3.540282059269463,3.540282059269463,3.540282059269463,3.540282059269463,3.540282059269463,3.540282059269463,3.540282059269463,3.540282059269463,3.540282059269463,3.540282059269463,3.540282059269463,3.540282059269463,3.540282059269463,3.540282059269463,3.540282059269463,3.540282059269463,3.540282059269463,3.540282059269463,3.540282059269463,3.540282059269463,3.540282059269463,3.540282059269463,3.540282059269463,3.540282059269463,3.540282059269463,3.540282059269463,3.540282059269463,3.540282059269463,3.540282059269463,3.540282059269463,3.540282059269463,3.540282059269463,3.540282059269463,3.540282059269463,3.540282059269463,3.540282059269463,3.540282059269463,3.540282059269463,3.540282059269463,3.540282059269463,3.540282059269463,3.540282059269463,3.540282059269463,3.540282059269463,3.540282059269463,3.540282059269463,3.540282059269463,3.540282059269463,3.540282059269463,3.3313219711196127,3.3313219711196127,3.3313219711196127,3.3313219711196127,3.3313219711196127,3.3313219711196127,3.3313219711196127,3.3313219711196127,3.3313219711196127,3.3313219711196127,3.3313219711196127,3.3313219711196127,3.3313219711196127,3.3313219711196127,3.3313219711196127,3.3313219711196127,3.3313219711196127,3.3313219711196127,3.3313219711196127,3.3313219711196127,3.3313219711196127,3.3313219711196127,3.3313219711196127,3.3313219711196127,3.3313219711196127,3.3313219711196127,3.3313219711196127,3.3313219711196127,3.324977501867327,3.324977501867327,3.324977501867327,3.324977501867327,3.324977501867327,3.324977501867327,3.324977501867327,3.324977501867327,3.324977501867327,3.324977501867327,3.324977501867327,3.324977501867327,3.324977501867327,3.324977501867327,3.324977501867327,3.324977501867327,3.324977501867327,7.929004679446452,7.929004679446452,7.58835628433282,7.58835628433282,7.584438341681903,5.805896048298629,5.805896048298629,5.805896048298629,5.805896048298629,5.805896048298629,5.805896048298629,5.805896048298629,5.805896048298629,5.805896048298629,5.805896048298629,5.805896048298629,5.805896048298629,5.805896048298629,5.805896048298629,5.805896048298629,5.805896048298629,5.805896048298629,5.353085666831898,5.353085666831898,5.353085666831898,5.353085666831898,5.353085666831898,5.353085666831898,5.353085666831898,5.353085666831898,5.353085666831898,5.353085666831898,5.353085666831898,5.353085666831898,5.353085666831898,5.353085666831898,5.353085666831898,5.353085666831898,5.353085666831898,5.353085666831898,5.353085666831898,5.353085666831898,5.353085666831898,5.353085666831898,5.353085666831898,5.353085666831898,5.353085666831898,5.353085666831898,5.353085666831898,5.353085666831898,5.353085666831898,5.353085666831898,5.353085666831898,5.353085666831898,5.353085666831898,5.353085666831898,5.353085666831898,5.353085666831898,5.353085666831898,5.353085666831898,5.353085666831898,5.353085666831898,5.353085666831898,5.353085666831898,5.353085666831898,5.353085666831898,5.353085666831898,5.353085666831898,5.353085666831898,5.353085666831898,5.353085666831898,5.353085666831898,5.353085666831898,5.353085666831898,5.353085666831898,5.353085666831898,5.353085666831898,5.353085666831898,5.353085666831898,5.353085666831898,5.353085666831898,5.353085666831898,5.353085666831898,5.353085666831898,5.353085666831898,5.353085666831898,5.353085666831898,5.353085666831898,5.353085666831898,5.353085666831898,5.353085666831898,5.353085666831898,5.353085666831898,5.353085666831898,5.353085666831898,5.353085666831898,5.353085666831898,5.353085666831898,5.353085666831898,5.353085666831898,5.353085666831898,5.353085666831898,5.353085666831898,5.353085666831898,5.353085666831898,5.353085666831898,5.353085666831898,5.353085666831898,5.353085666831898,5.353085666831898,5.353085666831898,5.353085666831898,5.353085666831898,5.353085666831898,5.353085666831898,5.353085666831898,5.353085666831898,5.353085666831898,5.353085666831898,5.353085666831898,5.353085666831898,5.353085666831898,5.353085666831898,5.353085666831898,5.353085666831898,5.353085666831898,5.353085666831898,5.353085666831898,5.353085666831898,5.353085666831898,5.353085666831898,5.353085666831898,5.0051432622021235,5.0051432622021235,5.0051432622021235,5.0051432622021235,4.354478438808628,4.098287802402189,4.098287802402189,4.098287802402189,4.098287802402189,4.098287802402189,4.098287802402189,4.098287802402189,4.098287802402189,4.098287802402189,4.098287802402189,4.098287802402189,4.098287802402189,4.098287802402189,4.098287802402189,4.098287802402189,4.098287802402189,4.098287802402189,4.098287802402189,4.098287802402189,4.098287802402189,4.098287802402189,4.098287802402189,4.098287802402189,4.098287802402189,4.098287802402189,4.098287802402189,4.098287802402189,4.098287802402189,4.098287802402189,4.098287802402189,4.098287802402189,4.098287802402189,4.098287802402189,4.098287802402189,4.098287802402189,4.098287802402189,4.098287802402189,4.098287802402189,4.098287802402189,4.098287802402189,4.098287802402189,4.098287802402189,4.098287802402189,4.098287802402189,4.098287802402189,4.098287802402189,4.098287802402189,4.098287802402189,4.098287802402189,4.098287802402189,4.098287802402189,4.098287802402189,4.098287802402189,4.098287802402189,4.098287802402189,4.098287802402189,4.098287802402189,4.098287802402189,4.098287802402189,4.098287802402189,4.098287802402189,4.098287802402189,4.098287802402189,4.098287802402189,4.098287802402189,4.098287802402189,4.098287802402189,4.098287802402189,4.098287802402189,4.098287802402189,4.098287802402189,4.098287802402189,4.098287802402189,4.098287802402189,4.098287802402189,4.098287802402189,4.098287802402189,4.098287802402189,4.098287802402189,4.098287802402189,4.098287802402189,4.098287802402189,4.098287802402189,4.098287802402189,4.098287802402189,4.098287802402189,4.098287802402189,4.098287802402189,4.098287802402189,4.098287802402189,4.098287802402189,4.098287802402189,4.098287802402189,4.098287802402189,4.098287802402189,4.098287802402189,4.098287802402189,4.098287802402189,4.098287802402189,4.098287802402189,4.098287802402189,4.098287802402189,4.098287802402189,4.098287802402189,4.098287802402189,4.098287802402189,4.098287802402189,4.098287802402189,4.098287802402189,4.098287802402189,4.098287802402189,4.098287802402189,4.098287802402189,4.098287802402189,4.098287802402189,4.098287802402189,4.098287802402189,4.098287802402189,4.098287802402189,4.098287802402189,4.098287802402189,4.098287802402189,4.098287802402189,4.098287802402189,4.098287802402189,4.098287802402189,4.098287802402189,4.098287802402189,4.098287802402189,4.098287802402189,4.098287802402189,4.098287802402189,4.098287802402189,4.098287802402189,4.098287802402189,4.098287802402189,4.098287802402189,4.098287802402189,4.098287802402189,4.098287802402189,4.098287802402189,4.098287802402189,4.098287802402189,4.098287802402189,4.098287802402189,4.098287802402189,4.098287802402189,4.098287802402189,4.098287802402189,4.098287802402189,4.098287802402189,4.098287802402189,4.098287802402189,4.098287802402189,4.098287802402189,4.098287802402189,4.098287802402189,4.098287802402189,4.098287802402189,4.098287802402189,4.098287802402189,4.06724009333198,4.06724009333198,4.06724009333198,4.06724009333198,4.06724009333198,4.06724009333198,4.06724009333198,4.06724009333198,4.06724009333198,4.06724009333198,4.06724009333198,4.06724009333198,4.06724009333198,3.904693474274384,3.904693474274384,3.904693474274384,3.904693474274384,3.904693474274384,3.904693474274384,3.904693474274384,3.904693474274384,3.904693474274384,3.904693474274384,3.904693474274384,3.904693474274384,3.904693474274384,3.904693474274384,3.904693474274384,3.904693474274384,3.904693474274384,3.904693474274384,3.904693474274384,3.904693474274384,3.904693474274384,3.904693474274384,3.904693474274384,3.904693474274384,3.904693474274384,3.904693474274384,3.904693474274384,3.904693474274384,3.904693474274384,3.904693474274384,3.904693474274384,3.904693474274384,3.904693474274384,3.904693474274384,3.904693474274384,3.904693474274384,3.904693474274384,3.904693474274384,3.904693474274384,3.904693474274384,3.904693474274384,3.904693474274384,3.904693474274384,3.904693474274384,3.904693474274384,3.904693474274384,3.904693474274384,3.904693474274384,3.904693474274384,3.904693474274384,3.904693474274384,3.904693474274384,3.904693474274384,3.904693474274384,3.904693474274384,3.904693474274384,3.904693474274384,3.904693474274384,3.904693474274384,3.904693474274384,3.904693474274384,3.904693474274384,3.904693474274384,3.904693474274384,3.904693474274384,3.904693474274384,3.904693474274384,3.904693474274384,3.904693474274384,3.904693474274384,3.904693474274384,3.904693474274384,3.904693474274384,3.904693474274384,3.904693474274384,3.904693474274384,3.904693474274384,3.904693474274384,3.904693474274384,3.904693474274384,3.904693474274384,3.904693474274384,3.904693474274384,3.904693474274384,3.904693474274384,3.904693474274384,3.904693474274384,3.904693474274384,3.904693474274384,3.904693474274384,3.904693474274384,3.904693474274384,3.904693474274384,3.904693474274384,3.904693474274384,3.904693474274384,3.7257883855973493,3.7257883855973493,3.7257883855973493,3.7257883855973493,3.7257883855973493,3.7257883855973493,3.7257883855973493,3.7257883855973493,3.7257883855973493,3.7257883855973493,3.7257883855973493,3.7257883855973493,3.7257883855973493,3.7257883855973493,3.7257883855973493,3.7257883855973493,3.7257883855973493,3.7257883855973493,3.7257883855973493,3.7257883855973493,3.7257883855973493,3.7257883855973493,3.7257883855973493,3.7257883855973493,3.7257883855973493,3.7257883855973493,3.7257883855973493,3.7257883855973493,3.7257883855973493,3.7257883855973493,3.7257883855973493,3.7257883855973493,3.7257883855973493,3.7257883855973493,3.7257883855973493,3.7257883855973493,3.4318185823625553,3.4318185823625553,3.4318185823625553,3.4318185823625553,3.4318185823625553,3.4318185823625553,3.4318185823625553,3.4318185823625553,3.4318185823625553,3.4318185823625553,3.4318185823625553,3.4318185823625553,3.4318185823625553,3.4318185823625553,3.4318185823625553,3.4318185823625553,3.4318185823625553,3.4318185823625553,3.4318185823625553,3.4318185823625553,3.4318185823625553,3.4318185823625553,3.4318185823625553,3.4318185823625553,3.4318185823625553,3.4318185823625553,3.4318185823625553,3.4318185823625553,3.4318185823625553,3.4318185823625553,3.4318185823625553,3.4318185823625553,3.4318185823625553,3.4318185823625553,3.4318185823625553,3.4318185823625553,3.4318185823625553,3.4318185823625553,3.4318185823625553,3.4318185823625553,3.4318185823625553,3.4318185823625553,3.4318185823625553,3.4318185823625553,3.4318185823625553,3.4318185823625553,3.4318185823625553,3.4318185823625553,3.4318185823625553,3.4318185823625553,3.4318185823625553,3.4318185823625553,3.4318185823625553,3.4318185823625553,3.4318185823625553,3.4318185823625553,3.4318185823625553,3.4318185823625553,3.4318185823625553,3.4318185823625553,3.4318185823625553,3.4318185823625553,3.4318185823625553,3.4318185823625553,3.4318185823625553,3.4318185823625553,3.4318185823625553,3.4318185823625553,3.4318185823625553,3.4318185823625553,3.4318185823625553,3.4318185823625553,3.4318185823625553,3.4318185823625553,3.4318185823625553,3.4318185823625553,3.4318185823625553,3.4318185823625553,3.4318185823625553,3.4318185823625553,3.4318185823625553,3.4318185823625553,3.4318185823625553,3.4318185823625553,3.4318185823625553,3.4318185823625553,3.4318185823625553,3.4318185823625553,3.4318185823625553,3.4318185823625553,3.4318185823625553,3.4318185823625553,3.4318185823625553,3.4318185823625553,3.4318185823625553,3.4318185823625553,3.4318185823625553,3.4318185823625553,3.4318185823625553,3.4318185823625553,3.4318185823625553,3.4318185823625553,3.4318185823625553,3.4318185823625553,3.4318185823625553,3.4318185823625553,3.4318185823625553,3.4318185823625553,3.4318185823625553,3.4318185823625553,3.4318185823625553,3.4318185823625553,3.4318185823625553,3.4318185823625553,3.4318185823625553,3.4318185823625553,3.4318185823625553,3.4318185823625553,3.4318185823625553,3.4318185823625553,3.4318185823625553,3.4318185823625553,3.4318185823625553,3.4318185823625553,3.4318185823625553,3.4318185823625553,3.4318185823625553,3.4318185823625553,3.4318185823625553,3.4318185823625553,3.4318185823625553,3.4318185823625553,3.4318185823625553,3.4318185823625553,3.4318185823625553,3.4318185823625553,3.4318185823625553,3.4318185823625553,3.4318185823625553,3.4318185823625553,3.4318185823625553,3.4318185823625553,3.4318185823625553,3.4318185823625553,3.4318185823625553,3.4318185823625553,3.4318185823625553,3.4318185823625553,3.4318185823625553,3.4318185823625553,3.4318185823625553,3.4318185823625553,3.4318185823625553,3.4318185823625553,3.4318185823625553,3.4318185823625553,3.4318185823625553,3.4318185823625553,3.4318185823625553,3.4318185823625553,3.4318185823625553,3.4318185823625553,3.4318185823625553,3.4318185823625553,3.4318185823625553,3.4318185823625553,3.4318185823625553,3.4318185823625553,3.4318185823625553,3.4318185823625553,3.4318185823625553,3.4318185823625553,3.4318185823625553,3.4318185823625553,3.4318185823625553,3.4318185823625553,3.4318185823625553,3.4318185823625553,3.4318185823625553,3.4318185823625553,3.4318185823625553,3.4318185823625553,3.4318185823625553,3.4318185823625553,3.4318185823625553,3.4318185823625553,3.4318185823625553,3.4318185823625553,3.4318185823625553,3.4318185823625553,3.4318185823625553,3.4318185823625553,3.4318185823625553,3.4318185823625553,3.4318185823625553,3.4318185823625553,3.4318185823625553,3.4318185823625553,3.4318185823625553,3.4318185823625553,3.4318185823625553,3.4318185823625553,3.4318185823625553,3.4318185823625553,3.4318185823625553,3.4318185823625553,3.4318185823625553,3.4318185823625553,3.4318185823625553,3.4318185823625553,3.4318185823625553,3.4318185823625553,3.4318185823625553,3.4318185823625553,3.4318185823625553,3.4318185823625553,3.4318185823625553,3.4318185823625553,3.4318185823625553,3.4318185823625553,3.4318185823625553,3.4318185823625553,3.4318185823625553,3.4318185823625553,3.4318185823625553,3.4318185823625553,3.4318185823625553,3.4318185823625553,3.4318185823625553,3.4318185823625553,3.4318185823625553,3.4318185823625553,3.4318185823625553,3.4318185823625553,3.4318185823625553,3.4318185823625553,3.4318185823625553,3.4318185823625553,3.4318185823625553,3.4318185823625553,3.4318185823625553,3.4318185823625553,3.4318185823625553,3.4318185823625553,3.4318185823625553,3.4318185823625553,3.4318185823625553,3.4318185823625553,3.4318185823625553,3.4318185823625553,3.4318185823625553,3.4318185823625553,3.4318185823625553,3.4318185823625553,3.4318185823625553,3.4318185823625553,3.4318185823625553,3.4318185823625553,3.4318185823625553,3.4318185823625553,3.4318185823625553,3.4318185823625553,3.4318185823625553,3.4318185823625553,3.4318185823625553,3.4318185823625553,3.4318185823625553,3.4318185823625553,3.4318185823625553,3.4318185823625553,3.4318185823625553,3.4318185823625553,3.4318185823625553,3.4318185823625553,3.4318185823625553,3.4318185823625553,3.4318185823625553,3.4318185823625553,3.4318185823625553,3.4318185823625553,3.4318185823625553,3.4318185823625553,3.4318185823625553,3.4318185823625553,3.4318185823625553,3.4318185823625553,3.4318185823625553,3.4318185823625553,3.4318185823625553,3.4318185823625553,3.4318185823625553,3.4318185823625553,3.4318185823625553,3.4318185823625553,3.4318185823625553,3.4318185823625553,3.4318185823625553,3.4318185823625553,3.4318185823625553,3.4318185823625553,3.4318185823625553,3.4318185823625553,3.4318185823625553,3.4318185823625553,3.4318185823625553,3.4318185823625553,3.4318185823625553,3.4318185823625553,3.4318185823625553,3.4318185823625553,3.4318185823625553,3.4318185823625553,3.4318185823625553,3.4318185823625553,3.4318185823625553,3.4318185823625553,3.4318185823625553,3.4318185823625553,3.4318185823625553,3.4318185823625553,3.4318185823625553,3.4318185823625553,3.4318185823625553,3.4318185823625553,3.4318185823625553,3.4318185823625553,3.4318185823625553,3.4318185823625553,3.4318185823625553,3.4318185823625553,3.4318185823625553,3.4318185823625553,3.4318185823625553,3.4318185823625553,3.4318185823625553,3.4318185823625553,3.4318185823625553,3.4318185823625553,3.4318185823625553,3.4318185823625553,3.4318185823625553,3.4318185823625553,3.4318185823625553,3.4318185823625553,3.4318185823625553,3.4318185823625553,3.4318185823625553,3.4318185823625553,3.4318185823625553,3.4318185823625553,3.4318185823625553,3.4318185823625553,3.4318185823625553,3.4318185823625553,3.4318185823625553,3.4318185823625553,3.4318185823625553,3.4318185823625553,3.4318185823625553,3.4318185823625553,3.4318185823625553,3.4318185823625553,3.4318185823625553,3.4318185823625553,3.4318185823625553,3.4318185823625553,3.4318185823625553,3.4318185823625553,3.4318185823625553,3.4318185823625553,3.4318185823625553,3.4318185823625553,3.4318185823625553,3.4318185823625553,3.4318185823625553,3.4318185823625553,3.4318185823625553,3.4318185823625553,3.4318185823625553,3.4318185823625553,3.4318185823625553,3.4318185823625553,3.4318185823625553,3.4318185823625553,3.4318185823625553,3.4318185823625553,3.4318185823625553,3.4318185823625553,3.4318185823625553,3.4318185823625553,3.4318185823625553,3.4318185823625553,3.4318185823625553,3.4318185823625553,3.4318185823625553,3.4318185823625553,3.4318185823625553,3.4318185823625553,3.4318185823625553,3.4318185823625553,3.4318185823625553,3.4318185823625553,3.4318185823625553,3.4318185823625553,3.4318185823625553,3.4318185823625553,3.4318185823625553,3.4318185823625553,3.4318185823625553,3.4318185823625553,3.4318185823625553,3.4318185823625553,3.4318185823625553,3.4318185823625553,3.4318185823625553,3.4318185823625553,3.4318185823625553,3.4318185823625553,3.4318185823625553,3.4318185823625553,3.4318185823625553,3.4318185823625553,3.4318185823625553,3.4318185823625553,3.4318185823625553,3.4318185823625553,3.4318185823625553,3.4318185823625553,3.4318185823625553,3.4318185823625553,3.4318185823625553,3.4318185823625553,3.4318185823625553,3.4318185823625553,3.4318185823625553,3.4318185823625553,3.4318185823625553,3.4318185823625553,3.4318185823625553,3.4318185823625553,3.4318185823625553,3.4318185823625553,3.4318185823625553,3.4318185823625553,3.4318185823625553,3.4318185823625553,3.4318185823625553,3.4318185823625553,3.4318185823625553,3.4318185823625553,3.4318185823625553,3.4318185823625553,3.4318185823625553,3.4318185823625553,3.4318185823625553,3.4318185823625553,3.4318185823625553,3.4318185823625553,3.4318185823625553,3.4318185823625553,3.4318185823625553,3.4318185823625553,3.4318185823625553,3.4318185823625553,3.4318185823625553,3.4318185823625553,3.4318185823625553,3.4318185823625553,3.4318185823625553,3.4318185823625553,3.4318185823625553,3.4318185823625553,3.4318185823625553,3.4318185823625553,3.4318185823625553,3.4318185823625553,3.4318185823625553,3.4318185823625553,3.4318185823625553,3.4318185823625553,3.4318185823625553,3.4318185823625553,3.4318185823625553,3.4318185823625553,3.4318185823625553,3.4318185823625553,3.4318185823625553,3.4318185823625553,3.4318185823625553,3.4318185823625553,3.4318185823625553,3.4318185823625553,3.4318185823625553,3.4318185823625553,3.4318185823625553,3.4318185823625553,3.4318185823625553,3.4318185823625553,3.4318185823625553,3.4318185823625553,3.4318185823625553,3.4318185823625553,3.4318185823625553,3.4318185823625553,3.4318185823625553,3.4318185823625553,3.4318185823625553,3.4318185823625553,3.4318185823625553,3.4318185823625553,3.4318185823625553,3.4318185823625553,3.4318185823625553,3.4318185823625553,3.4318185823625553,3.4318185823625553,3.4318185823625553,3.4318185823625553,3.4318185823625553,3.4318185823625553,3.4318185823625553,3.4318185823625553,3.4318185823625553,3.4318185823625553,3.4318185823625553,3.4318185823625553,3.4318185823625553,3.4318185823625553,3.4318185823625553,3.4318185823625553,3.4318185823625553,3.4318185823625553,3.4318185823625553,3.4318185823625553,3.4318185823625553,3.4318185823625553,3.4318185823625553,3.4318185823625553,3.4318185823625553,3.4318185823625553,3.4318185823625553,3.4318185823625553,3.4318185823625553,3.4318185823625553,3.4318185823625553,3.4318185823625553,3.4318185823625553,3.4318185823625553,3.4318185823625553,3.4318185823625553,3.4318185823625553,3.4318185823625553,3.4318185823625553,3.4318185823625553,3.4318185823625553,3.4318185823625553,3.4318185823625553,9.498498431078207,9.410829143709163,9.410829143709163,8.521309219963571,8.34401994514433,8.34401994514433,8.34401994514433,8.34401994514433,8.34401994514433,8.34401994514433,8.34401994514433,8.34401994514433,7.9584451774189,7.9584451774189,7.907526479622413,7.053880434031547,7.053880434031547,7.053880434031547,7.053880434031547,7.053880434031547,7.053880434031547,7.053880434031547,7.053880434031547,7.053880434031547,7.053880434031547,7.053880434031547,7.053880434031547,7.053880434031547,7.053880434031547,7.053880434031547,7.053880434031547,7.053880434031547,7.053880434031547,6.830753965434752,6.82964858028619,6.74394388371308,6.74394388371308,6.74394388371308,6.74394388371308,6.74394388371308,6.74394388371308,6.74394388371308,6.74394388371308,6.74394388371308,6.74394388371308,6.74394388371308,6.74394388371308,6.74394388371308,6.74394388371308,6.74394388371308,6.74394388371308,6.74394388371308,6.74394388371308,6.74394388371308,6.74394388371308,6.74394388371308,6.74394388371308,6.74394388371308,6.74394388371308,6.74394388371308,6.74394388371308,6.74394388371308,6.74394388371308,6.74394388371308,6.74394388371308,6.74394388371308,6.74394388371308,6.74394388371308,6.74394388371308,6.74394388371308,6.74394388371308,6.74394388371308,6.74394388371308,6.74394388371308,6.74394388371308,6.74394388371308,6.74394388371308,6.74394388371308,6.74394388371308,6.74394388371308,6.74394388371308,6.74394388371308,6.74394388371308,6.74394388371308,6.74394388371308,6.74394388371308,6.74394388371308,6.74394388371308,6.74394388371308,6.74394388371308,6.74394388371308,6.74394388371308,6.74394388371308,6.74394388371308,6.74394388371308,6.74394388371308,6.74394388371308,6.74394388371308,6.74394388371308,6.74394388371308,6.74394388371308,6.74394388371308,6.74394388371308,6.74394388371308,6.74394388371308,6.74394388371308,6.74394388371308,6.74394388371308,6.74394388371308,6.74394388371308,6.74394388371308,6.74394388371308,6.74394388371308,6.74394388371308,6.74394388371308,6.74394388371308,6.74394388371308,6.74394388371308,6.74394388371308,6.74394388371308,6.74394388371308,6.74394388371308,6.74394388371308,6.74394388371308,6.74394388371308,6.74394388371308,6.74394388371308,6.74394388371308,6.74394388371308,6.74394388371308,6.74394388371308,6.74394388371308,6.74394388371308,6.74394388371308,6.74394388371308,6.74394388371308,6.74394388371308,6.74394388371308,6.74394388371308,6.74394388371308,6.74394388371308,6.74394388371308,6.74394388371308,6.74394388371308,6.74394388371308,6.74394388371308,6.74394388371308,6.74394388371308,6.74394388371308,6.74394388371308,6.74394388371308,6.74394388371308,6.74394388371308,6.74394388371308,6.74394388371308,6.74394388371308,6.74394388371308,6.74394388371308,6.74394388371308,6.74394388371308,6.74394388371308,6.74394388371308,6.74394388371308,6.74394388371308,6.74394388371308,6.74394388371308,6.74394388371308,6.74394388371308,6.74394388371308,6.74394388371308,6.74394388371308,6.74394388371308,6.74394388371308,6.74394388371308,6.74394388371308,6.74394388371308,6.74394388371308,6.74394388371308,6.74394388371308,6.74394388371308,6.74394388371308,6.74394388371308,6.74394388371308,6.74394388371308,6.74394388371308,6.74394388371308,6.74394388371308,6.74394388371308,6.74394388371308,6.74394388371308,6.74394388371308,6.74394388371308,6.74394388371308,6.74394388371308,6.74394388371308,6.74394388371308,6.74394388371308,6.74394388371308,6.74394388371308,6.74394388371308,6.74394388371308,6.74394388371308,6.74394388371308,6.74394388371308,6.74394388371308,6.74394388371308,6.74394388371308,6.74394388371308,6.74394388371308,6.74394388371308,6.74394388371308,6.74394388371308,6.74394388371308,6.74394388371308,6.74394388371308,6.74394388371308,6.74394388371308,6.74394388371308,6.74394388371308,6.74394388371308,6.74394388371308,6.74394388371308,6.74394388371308,6.74394388371308,6.74394388371308,6.74394388371308,6.74394388371308,6.74394388371308,6.74394388371308,6.74394388371308,6.74394388371308,6.74394388371308,6.74394388371308,6.74394388371308,6.74394388371308,6.74394388371308,6.74394388371308,6.74394388371308,6.74394388371308,6.74394388371308,6.74394388371308,6.74394388371308,6.74394388371308,6.74394388371308,6.74394388371308,6.74394388371308,6.74394388371308,6.74394388371308,6.74394388371308,6.74394388371308,6.74394388371308,6.74394388371308,6.74394388371308,6.74394388371308,6.74394388371308,6.74394388371308,6.74394388371308,6.74394388371308,6.74394388371308,6.74394388371308,6.74394388371308,6.74394388371308,6.74394388371308,6.74394388371308,6.74394388371308,6.74394388371308,6.74394388371308,6.74394388371308,6.74394388371308,6.74394388371308,6.74394388371308,6.74394388371308,6.74394388371308,6.74394388371308,6.74394388371308,6.74394388371308,6.74394388371308,6.74394388371308,6.74394388371308,6.74394388371308,6.74394388371308,6.74394388371308,6.74394388371308,6.74394388371308,6.74394388371308,6.74394388371308,6.74394388371308,6.74394388371308,6.74394388371308,6.74394388371308,6.74394388371308,6.74394388371308,6.74394388371308,6.74394388371308,6.74394388371308,6.74394388371308,6.74394388371308,6.74394388371308,6.74394388371308,6.74394388371308,6.74394388371308,6.74394388371308,6.74394388371308,6.74394388371308,6.74394388371308,6.74394388371308,6.74394388371308,6.74394388371308,6.74394388371308,6.74394388371308,6.74394388371308,6.74394388371308,6.74394388371308,6.74394388371308,6.74394388371308,6.74394388371308,6.74394388371308,6.74394388371308,6.74394388371308,6.74394388371308,6.74394388371308,6.74394388371308,6.74394388371308,6.74394388371308,6.74394388371308,6.74394388371308,6.74394388371308,6.74394388371308,6.74394388371308,6.74394388371308,6.74394388371308,6.313944286564914,6.313944286564914,6.313944286564914,5.999710652668852,5.999710652668852,5.999710652668852,5.999710652668852,5.999710652668852,5.999710652668852,5.999710652668852,5.999710652668852,5.999710652668852,5.999710652668852,5.999710652668852,5.999710652668852,5.999710652668852,5.999710652668852,5.999710652668852,5.999710652668852,5.999710652668852,5.999710652668852,5.999710652668852,5.999710652668852,5.999710652668852,5.999710652668852,5.999710652668852,5.999710652668852,5.999710652668852,5.999710652668852,5.999710652668852,5.999710652668852,5.999710652668852,5.999710652668852,5.999710652668852,5.999710652668852,5.999710652668852,5.999710652668852,5.999710652668852,5.999710652668852,5.999710652668852,5.999710652668852,5.999710652668852,5.999710652668852,5.999710652668852,5.999710652668852,5.999710652668852,5.999710652668852,5.999710652668852,5.999710652668852,5.999710652668852,5.999710652668852,5.999710652668852,5.999710652668852,5.999710652668852,5.999710652668852,5.999710652668852,5.999710652668852,5.999710652668852,5.999710652668852,5.999710652668852,5.999710652668852,5.999710652668852,5.999710652668852,5.999710652668852,5.999710652668852,5.999710652668852,5.999710652668852,5.999710652668852,5.999710652668852,5.999710652668852,5.999710652668852,5.999710652668852,5.999710652668852,5.999710652668852,5.999710652668852,5.999710652668852,5.999710652668852,5.999710652668852,5.999710652668852,5.999710652668852,5.999710652668852,5.999710652668852,5.999710652668852,5.999710652668852,5.999710652668852,5.999710652668852,5.999710652668852,5.999710652668852,5.999710652668852,5.999710652668852,5.999710652668852,5.999710652668852,5.999710652668852,5.999710652668852,5.999710652668852,5.999710652668852,5.999710652668852,5.999710652668852,5.999710652668852,5.999710652668852,5.999710652668852,5.999710652668852,5.999710652668852,5.999710652668852,5.999710652668852,5.999710652668852,5.999710652668852,5.999710652668852,5.999710652668852,5.999710652668852,5.999710652668852,5.999710652668852,5.999710652668852,5.999710652668852,5.999710652668852,5.999710652668852,5.999710652668852,5.999710652668852,5.999710652668852,5.999710652668852,5.999710652668852,5.999710652668852,5.999710652668852,5.999710652668852,5.999710652668852,5.999710652668852,5.999710652668852,5.999710652668852,5.999710652668852,5.999710652668852,5.999710652668852,5.999710652668852,5.999710652668852,5.999710652668852,5.999710652668852,5.999710652668852,5.999710652668852,5.999710652668852,5.999710652668852,5.999710652668852,5.999710652668852,5.999710652668852,5.999710652668852,5.999710652668852,5.999710652668852,5.999710652668852,5.999710652668852,5.999710652668852,5.999710652668852,5.999710652668852,5.999710652668852,5.999710652668852,5.999710652668852,5.999710652668852,5.999710652668852,5.999710652668852,5.999710652668852,5.999710652668852,5.999710652668852,5.999710652668852,5.999710652668852,5.999710652668852,5.999710652668852,5.999710652668852,5.999710652668852,5.999710652668852,5.999710652668852,5.999710652668852,5.999710652668852,5.999710652668852,5.999710652668852,5.999710652668852,5.999710652668852,5.999710652668852,5.999710652668852,5.999710652668852,5.999710652668852,5.999710652668852,5.999710652668852,5.999710652668852,5.999710652668852,5.999710652668852,5.999710652668852,5.999710652668852,5.999710652668852,5.999710652668852,5.999710652668852,5.999710652668852,5.999710652668852,5.999710652668852,5.999710652668852,5.999710652668852,5.999710652668852,5.999710652668852,5.999710652668852,5.999710652668852,5.999710652668852,5.999710652668852,5.999710652668852,5.999710652668852,5.999710652668852,5.999710652668852,5.999710652668852,5.999710652668852,5.999710652668852,5.999710652668852,5.999710652668852,5.999710652668852,5.999710652668852,5.999710652668852,5.999710652668852,5.999710652668852,5.999710652668852,5.999710652668852,5.999710652668852,5.999710652668852,5.999710652668852,5.999710652668852,5.999710652668852,5.999710652668852,5.999710652668852,5.999710652668852,5.999710652668852,5.999710652668852,5.999710652668852,5.999710652668852,5.999710652668852,5.999710652668852,5.999710652668852,5.999710652668852,5.999710652668852,5.999710652668852,5.999710652668852,5.999710652668852,5.999710652668852,5.999710652668852,5.999710652668852,5.999710652668852,5.999710652668852,5.999710652668852,5.999710652668852,5.999710652668852,5.999710652668852,5.999710652668852,5.999710652668852,5.999710652668852,5.999710652668852,5.999710652668852,5.999710652668852,5.999710652668852,5.999710652668852,5.999710652668852,5.999710652668852,5.999710652668852,5.999710652668852,5.999710652668852,5.999710652668852,5.999710652668852,5.999710652668852,5.999710652668852,5.999710652668852,5.999710652668852,5.999710652668852,5.999710652668852,5.999710652668852,5.999710652668852,5.999710652668852,5.999710652668852,5.999710652668852,5.999710652668852,5.999710652668852,5.999710652668852,5.999710652668852,5.999710652668852,5.999710652668852,5.999710652668852,5.999710652668852,5.999710652668852,5.999710652668852,5.999710652668852,5.999710652668852,5.999710652668852,5.999710652668852,5.999710652668852,5.999710652668852,5.999710652668852,5.999710652668852,5.999710652668852,5.999710652668852,5.999710652668852,5.999710652668852,5.999710652668852,5.999710652668852,5.999710652668852,5.999710652668852,5.999710652668852,5.999710652668852,5.999710652668852,5.999710652668852,5.999710652668852,5.999710652668852,5.999710652668852,5.999710652668852,5.999710652668852,5.999710652668852,5.999710652668852,5.999710652668852,5.999710652668852,5.999710652668852,5.999710652668852,5.999710652668852,5.999710652668852,5.999710652668852,5.999710652668852,5.999710652668852,5.999710652668852,5.999710652668852,5.999710652668852,5.999710652668852,5.999710652668852,5.999710652668852,5.999710652668852,5.999710652668852,5.999710652668852,5.999710652668852,5.999710652668852,5.999710652668852,5.999710652668852,5.999710652668852,5.999710652668852,5.999710652668852,5.999710652668852,5.999710652668852,5.999710652668852,5.999710652668852,5.999710652668852,5.999710652668852,5.999710652668852,5.999710652668852,5.999710652668852,5.999710652668852,5.999710652668852,5.999710652668852,5.999710652668852,5.999710652668852,5.999710652668852,5.999710652668852,5.999710652668852,5.999710652668852,5.999710652668852,5.999710652668852,5.999710652668852,5.999710652668852,5.999710652668852,5.999710652668852,5.999710652668852,5.999710652668852,5.999710652668852,5.999710652668852,5.999710652668852,5.999710652668852,5.999710652668852,5.999710652668852,5.999710652668852,5.999710652668852,5.999710652668852,5.999710652668852,5.999710652668852,5.999710652668852,5.999710652668852,5.999710652668852,5.999710652668852,5.999710652668852,5.999710652668852,5.999710652668852,5.999710652668852,5.999710652668852,5.999710652668852,5.999710652668852,5.999710652668852,5.999710652668852,5.999710652668852,5.999710652668852,5.999710652668852,5.999710652668852,5.999710652668852,5.999710652668852,5.999710652668852,5.999710652668852,5.999710652668852,5.999710652668852,5.999710652668852,5.999710652668852,5.999710652668852,5.999710652668852,5.999710652668852,5.999710652668852,5.999710652668852,5.999710652668852,5.999710652668852,5.999710652668852,5.999710652668852,5.999710652668852,5.999710652668852,5.999710652668852,5.999710652668852,5.999710652668852,5.999710652668852,5.999710652668852,5.999710652668852,5.999710652668852,5.999710652668852,5.999710652668852,5.999710652668852,5.999710652668852,5.999710652668852,5.999710652668852,5.999710652668852,5.999710652668852,5.999710652668852,5.999710652668852,5.999710652668852,5.999710652668852,5.999710652668852,5.999710652668852,5.999710652668852,5.999710652668852,5.999710652668852,5.999710652668852,5.999710652668852,5.93384793100776,5.93384793100776,5.93384793100776,5.93384793100776,5.93384793100776,5.93384793100776,5.93384793100776,5.93384793100776,5.93384793100776,5.93384793100776,5.93384793100776,5.339304757629654,5.339304757629654,5.339304757629654,5.339304757629654,5.339304757629654,5.339304757629654,5.339304757629654,5.339304757629654,5.339304757629654,5.339304757629654,5.339304757629654,5.339304757629654,5.339304757629654,5.339304757629654,5.339304757629654,5.339304757629654,5.339304757629654,5.339304757629654,5.339304757629654,5.339304757629654,5.339304757629654,5.339304757629654,5.339304757629654,5.339304757629654,5.339304757629654,5.339304757629654,5.339304757629654,5.339304757629654,5.339304757629654,5.339304757629654,5.339304757629654,5.339304757629654,5.339304757629654,5.339304757629654,5.339304757629654,5.339304757629654,5.339304757629654,5.339304757629654,5.339304757629654,5.339304757629654,5.339304757629654,5.339304757629654,5.339304757629654,5.339304757629654,5.339304757629654,5.339304757629654,5.339304757629654,5.339304757629654,5.339304757629654,5.339304757629654,5.339304757629654,5.339304757629654,5.339304757629654,5.339304757629654,5.339304757629654,5.339304757629654,5.339304757629654,5.339304757629654,5.339304757629654,5.339304757629654,5.339304757629654,5.339304757629654,5.339304757629654,5.339304757629654,5.339304757629654,5.339304757629654,5.339304757629654,5.339304757629654,5.339304757629654,5.339304757629654,5.339304757629654,5.339304757629654,5.339304757629654,5.339304757629654,5.339304757629654,5.339304757629654,5.339304757629654,5.339304757629654,5.339304757629654,5.339304757629654,5.339304757629654,5.339304757629654,5.339304757629654,5.339304757629654,5.339304757629654,5.339304757629654,5.339304757629654,5.339304757629654,5.339304757629654,5.339304757629654,5.339304757629654,5.339304757629654,5.339304757629654,5.339304757629654,5.339304757629654,5.339304757629654,5.339304757629654,5.339304757629654,5.339304757629654,5.339304757629654,5.339304757629654,5.339304757629654,5.339304757629654,5.339304757629654,5.339304757629654,5.339304757629654,5.339304757629654,5.339304757629654,5.339304757629654,5.339304757629654,5.339304757629654,5.339304757629654,5.339304757629654,5.339304757629654,5.339304757629654,5.339304757629654,5.339304757629654,5.339304757629654,5.339304757629654,5.339304757629654,5.339304757629654,5.339304757629654,5.339304757629654,5.339304757629654,5.339304757629654,5.339304757629654,5.339304757629654,5.339304757629654,5.339304757629654,5.339304757629654,5.339304757629654,5.339304757629654,5.339304757629654,5.339304757629654,5.339304757629654,5.339304757629654,5.339304757629654,5.339304757629654,5.339304757629654,5.339304757629654,5.339304757629654,5.339304757629654,5.339304757629654,5.339304757629654,5.339304757629654,5.339304757629654,5.339304757629654,5.339304757629654,5.339304757629654,5.339304757629654,5.339304757629654,5.339304757629654,5.339304757629654,5.339304757629654,5.339304757629654,5.339304757629654,5.339304757629654,5.339304757629654,5.339304757629654,5.339304757629654,5.339304757629654,5.339304757629654,5.339304757629654,5.339304757629654,5.339304757629654,5.339304757629654,5.339304757629654,5.339304757629654,5.339304757629654,5.339304757629654,5.339304757629654,5.339304757629654,5.339304757629654,5.339304757629654,5.339304757629654,5.339304757629654,5.339304757629654,5.339304757629654,5.339304757629654,5.339304757629654,5.339304757629654,5.339304757629654,5.339304757629654,5.339304757629654,5.339304757629654,5.339304757629654,5.339304757629654,5.339304757629654,5.339304757629654,5.339304757629654,5.339304757629654,5.339304757629654,5.339304757629654,5.339304757629654,5.339304757629654,5.339304757629654,5.339304757629654,5.339304757629654,5.339304757629654,5.339304757629654,5.339304757629654,5.339304757629654,5.339304757629654,5.339304757629654,5.339304757629654,5.339304757629654,5.339304757629654,5.339304757629654,5.339304757629654,5.339304757629654,5.339304757629654,5.339304757629654,5.339304757629654,5.339304757629654,5.339304757629654,5.339304757629654,5.339304757629654,5.339304757629654,5.339304757629654,5.339304757629654,5.339304757629654,5.339304757629654,5.339304757629654,5.339304757629654,5.339304757629654,5.339304757629654,5.339304757629654,5.339304757629654,8.653679783945751,8.653679783945751,8.653679783945751,8.653679783945751,8.065157127383143,8.065157127383143,8.040615351468198,8.040615351468198,8.040615351468198,8.040615351468198,8.040615351468198,8.040615351468198,8.040615351468198,8.040615351468198,8.040615351468198,8.040615351468198,8.040615351468198,8.040615351468198,8.040615351468198,8.040615351468198,8.040615351468198,8.040615351468198,8.040615351468198,8.040615351468198,8.040615351468198,8.040615351468198,8.040615351468198,8.040615351468198,8.040615351468198,8.040615351468198,8.040615351468198,8.040615351468198,8.040615351468198,8.040615351468198,8.040615351468198,8.040615351468198,8.040615351468198,8.040615351468198,8.040615351468198,8.040615351468198,8.040615351468198,8.040615351468198,8.040615351468198,8.040615351468198,8.040615351468198,8.040615351468198,8.040615351468198,8.040615351468198,8.040615351468198,7.850757049299905,7.850757049299905,7.850757049299905,7.850757049299905,7.850757049299905,7.850757049299905,7.850757049299905,7.850757049299905,7.850757049299905,7.850757049299905,7.850757049299905,7.850757049299905,7.850757049299905,7.850757049299905,7.850757049299905,7.850757049299905,7.850757049299905,7.850757049299905,7.850757049299905,7.850757049299905,7.850757049299905,7.850757049299905,7.850757049299905,7.850757049299905,7.850757049299905,7.850757049299905,7.850757049299905,7.850757049299905,7.850757049299905,7.850757049299905,7.850757049299905,7.850757049299905,7.850757049299905,7.850757049299905,7.850757049299905,7.850757049299905,7.850757049299905,7.850757049299905,7.850757049299905,7.850757049299905,7.850757049299905,7.850757049299905,7.850757049299905,7.850757049299905,7.850757049299905,7.850757049299905,7.850757049299905,7.850757049299905,7.850757049299905,7.850757049299905,7.850757049299905,7.253599098946539,7.253599098946539,7.022226622791621,7.022226622791621,7.003208244991268,7.003208244991268,7.003208244991268,7.003208244991268,6.695504243991507,6.695504243991507,6.695504243991507,6.695504243991507,6.695504243991507,6.695504243991507,6.695504243991507,6.695504243991507,6.695504243991507,6.695504243991507,6.695504243991507,6.695504243991507,6.695504243991507,6.695504243991507,6.695504243991507,6.695504243991507,6.695504243991507,6.695504243991507,6.695504243991507,6.695504243991507,6.695504243991507,6.695504243991507,6.695504243991507,6.695504243991507,6.695504243991507,6.695504243991507,6.695504243991507,6.695504243991507,6.695504243991507,6.695504243991507,6.695504243991507,6.695504243991507,6.695504243991507,6.695504243991507,6.695504243991507,6.695504243991507,6.695504243991507,6.695504243991507,6.695504243991507,6.695504243991507,6.695504243991507,6.695504243991507,6.695504243991507,6.695504243991507,6.695504243991507,6.695504243991507,6.695504243991507,6.695504243991507,6.695504243991507,6.695504243991507,6.695504243991507,6.695504243991507,6.695504243991507,6.695504243991507,6.695504243991507,6.695504243991507,6.695504243991507,6.695504243991507,6.695504243991507,6.695504243991507,6.695504243991507,6.695504243991507,6.695504243991507,6.695504243991507,6.695504243991507,6.695504243991507,6.695504243991507,6.695504243991507,6.695504243991507,6.695504243991507,6.695504243991507,6.695504243991507,6.695504243991507,6.582007349132881,6.582007349132881,6.582007349132881,6.582007349132881,6.582007349132881,6.582007349132881,6.582007349132881,6.582007349132881,6.582007349132881,6.582007349132881,6.582007349132881,6.582007349132881,6.582007349132881,6.582007349132881,6.582007349132881,6.582007349132881,6.582007349132881,6.582007349132881,6.582007349132881,6.582007349132881,6.582007349132881,6.582007349132881,6.582007349132881,6.582007349132881,6.582007349132881,6.582007349132881,6.582007349132881,6.582007349132881,6.582007349132881,6.582007349132881,6.582007349132881,6.582007349132881,6.582007349132881,6.582007349132881,6.582007349132881,6.582007349132881,6.582007349132881,6.582007349132881,6.582007349132881,6.582007349132881,6.582007349132881,6.582007349132881,6.582007349132881,6.582007349132881,6.582007349132881,6.582007349132881,6.582007349132881,6.582007349132881,6.582007349132881,6.582007349132881,6.582007349132881,6.582007349132881,6.582007349132881,6.582007349132881,6.582007349132881,6.582007349132881,6.582007349132881,6.582007349132881,6.582007349132881,6.582007349132881,6.582007349132881,6.582007349132881,6.582007349132881,6.582007349132881,6.582007349132881,6.582007349132881,6.582007349132881,6.582007349132881,6.582007349132881,6.582007349132881,6.582007349132881,6.582007349132881,6.582007349132881,6.582007349132881,6.582007349132881,6.582007349132881,6.582007349132881,6.582007349132881,6.582007349132881,6.582007349132881,6.582007349132881,6.582007349132881,6.582007349132881,6.582007349132881,6.582007349132881,6.582007349132881,6.582007349132881,6.582007349132881,6.582007349132881,6.582007349132881,6.582007349132881,6.582007349132881,6.582007349132881,6.582007349132881,6.582007349132881,6.582007349132881,6.582007349132881,6.582007349132881,6.582007349132881,6.582007349132881,6.582007349132881,6.582007349132881,6.582007349132881,6.582007349132881,6.582007349132881,6.582007349132881,6.582007349132881,6.582007349132881,6.582007349132881,6.582007349132881,6.582007349132881,6.582007349132881,6.582007349132881,6.582007349132881,6.582007349132881,6.582007349132881,6.582007349132881,6.582007349132881,6.582007349132881,6.582007349132881,6.582007349132881,6.582007349132881,6.582007349132881,6.582007349132881,6.582007349132881,6.582007349132881,6.582007349132881,6.582007349132881,6.582007349132881,6.582007349132881,6.582007349132881,6.582007349132881,6.582007349132881,6.582007349132881,6.582007349132881,6.582007349132881,6.161135348185676,6.123509106377058,6.123509106377058,6.122121927544136,5.8881623592303,5.8881623592303,5.8881623592303,5.8881623592303,5.8881623592303,5.8881623592303,5.8881623592303,5.8881623592303,5.8881623592303,5.8881623592303,5.8881623592303,5.8881623592303,5.8881623592303,5.8881623592303,5.8881623592303,5.8881623592303,5.8881623592303,5.8881623592303,5.8881623592303,5.8881623592303,5.8881623592303,5.8881623592303,5.8881623592303,5.8881623592303,5.8881623592303,5.8881623592303,5.8881623592303,5.8881623592303,5.8881623592303,5.8881623592303,5.8881623592303,5.8881623592303,5.8881623592303,5.8881623592303,5.8881623592303,5.8881623592303,5.8881623592303,5.8881623592303,5.8881623592303,5.8881623592303,5.8881623592303,5.8881623592303,5.8881623592303,5.8881623592303,5.8881623592303,5.8881623592303,5.8881623592303,5.8881623592303,5.8881623592303,5.8881623592303,5.8881623592303,5.8881623592303,5.8881623592303,5.8881623592303,5.8881623592303,5.8881623592303,5.8881623592303,5.8881623592303,5.8881623592303,5.8881623592303,5.8881623592303,5.8881623592303,5.8881623592303,5.8881623592303,5.8881623592303,5.8881623592303,5.8881623592303,5.8881623592303,5.8881623592303,5.8881623592303,5.8881623592303,5.8881623592303,5.8881623592303,5.8881623592303,5.8881623592303,5.8881623592303,5.8881623592303,5.8881623592303,5.8881623592303,5.8881623592303,5.8881623592303,5.8881623592303,5.8881623592303,5.8881623592303,5.8881623592303,5.8881623592303,5.8881623592303,5.8881623592303,5.8881623592303,5.8881623592303,5.8881623592303,5.8881623592303,5.8881623592303,5.8881623592303,5.8881623592303,5.8881623592303,5.8881623592303,5.8881623592303,5.8881623592303,5.8881623592303,5.8881623592303,5.8881623592303,5.8881623592303,5.8881623592303,5.8881623592303,5.8881623592303,5.8881623592303,5.8881623592303,5.8881623592303,5.8881623592303,5.8881623592303,5.8881623592303,5.8881623592303,5.8881623592303,5.8881623592303,5.8881623592303,5.8881623592303,5.8881623592303,5.8881623592303,5.8881623592303,5.8881623592303,5.8881623592303,5.8881623592303,5.8881623592303,5.8881623592303,5.8881623592303,5.8881623592303,5.8881623592303,5.8881623592303,5.8881623592303,5.8881623592303,5.8881623592303,5.8881623592303,5.8881623592303,5.8881623592303,5.8881623592303,5.8881623592303,5.8881623592303,5.8881623592303,5.8881623592303,5.8881623592303,5.8881623592303,5.8881623592303,5.8881623592303,5.8881623592303,5.8881623592303,5.8881623592303,5.8881623592303,5.8881623592303,5.8881623592303,5.8881623592303,5.8881623592303,5.8881623592303,5.8881623592303,5.8881623592303,5.8881623592303,5.8881623592303,5.8881623592303,5.8881623592303,5.8881623592303,5.8881623592303,5.8881623592303,5.8881623592303,5.8881623592303,5.8881623592303,5.8881623592303,5.8881623592303,5.8881623592303,5.8881623592303,5.8881623592303,5.8881623592303,5.8881623592303,5.8881623592303,5.8881623592303,5.8881623592303,5.8881623592303,5.8881623592303,5.8881623592303,5.8881623592303,5.8881623592303,5.8881623592303,5.8881623592303,5.8881623592303,5.8881623592303,5.8881623592303,5.8881623592303,5.8881623592303,5.8881623592303,5.8881623592303,5.8881623592303,5.8881623592303,5.8881623592303,5.8881623592303,5.8881623592303,5.8881623592303,5.8881623592303,5.8881623592303,5.8881623592303,5.8881623592303,5.8881623592303,5.8881623592303,5.8881623592303,5.8881623592303,5.8881623592303,5.8881623592303,5.8881623592303,5.8881623592303,5.8881623592303,5.8881623592303,5.8881623592303,5.8881623592303,5.8881623592303,5.8881623592303,5.8881623592303,5.8881623592303,5.8881623592303,5.8881623592303,5.8881623592303,5.8881623592303,5.8881623592303,5.8881623592303,5.8881623592303,5.8881623592303,5.8881623592303,5.8881623592303,5.8881623592303,5.8881623592303,5.8881623592303,5.8881623592303,5.8881623592303,5.8881623592303,5.8881623592303,5.8881623592303,5.8881623592303,5.8881623592303,5.8881623592303,5.8881623592303,5.8881623592303,5.8881623592303,5.8881623592303,5.8881623592303,5.8881623592303,5.8881623592303,5.8881623592303,5.8881623592303,5.8881623592303,5.8881623592303,5.8881623592303,5.8881623592303,5.8881623592303,5.8881623592303,5.8881623592303,5.8881623592303,5.8881623592303,5.8881623592303,5.8881623592303,5.8881623592303,5.8881623592303,5.8881623592303,5.8881623592303,5.8881623592303,5.8881623592303,5.8881623592303,5.8881623592303,5.8881623592303,5.8881623592303,5.8881623592303,5.8881623592303,5.8881623592303,5.8881623592303,5.8881623592303,5.8881623592303,5.8881623592303,5.8881623592303,5.8881623592303,5.8881623592303,5.8881623592303,5.8881623592303,5.8881623592303,5.8881623592303,5.8881623592303,5.8881623592303,5.8881623592303,5.8881623592303,5.8881623592303,5.8881623592303,5.8881623592303,5.8881623592303,5.8881623592303,5.8881623592303,5.8881623592303,5.8881623592303,5.8881623592303,5.8881623592303,5.8881623592303,5.8881623592303,5.8881623592303,5.8881623592303,5.8881623592303,5.8881623592303,5.8881623592303,5.8881623592303,5.8881623592303,5.8881623592303,5.8881623592303,5.8881623592303,5.8881623592303,5.8881623592303,5.8881623592303,5.8881623592303,5.8881623592303,5.8881623592303,5.8881623592303,5.8881623592303,5.8881623592303,5.8881623592303,5.8881623592303,5.8881623592303,5.8881623592303,5.8881623592303,5.8881623592303,5.8881623592303,5.8881623592303,5.8881623592303,5.8881623592303,5.8881623592303,5.8881623592303,5.8881623592303,5.8881623592303,5.8881623592303,5.8881623592303,5.8881623592303,5.8881623592303,5.8881623592303,5.8881623592303,5.8881623592303,5.8881623592303,5.8881623592303,5.8881623592303,5.8881623592303,5.8881623592303,5.8881623592303,5.8881623592303,5.8881623592303,5.8881623592303,5.8881623592303,5.8881623592303,5.8881623592303,5.8881623592303,5.8881623592303,5.8881623592303,5.8881623592303,5.8881623592303,5.8881623592303,5.8881623592303,5.8881623592303,5.8881623592303,5.8881623592303,5.8881623592303,5.8881623592303,5.8881623592303,5.8881623592303,5.8881623592303,5.8881623592303,5.8881623592303,5.8881623592303,5.8881623592303,5.8881623592303,5.8881623592303,5.8881623592303,5.8881623592303,5.8881623592303,5.8881623592303,5.8881623592303,5.8881623592303,5.8881623592303,5.8881623592303,5.8881623592303,5.8881623592303,5.8881623592303,5.8881623592303,5.8881623592303,5.8881623592303,5.8881623592303,5.8881623592303,5.8881623592303,5.8881623592303,5.8881623592303,5.8881623592303,5.8881623592303,5.8881623592303,5.8881623592303,5.8881623592303,5.8881623592303,5.8881623592303,5.8881623592303,5.8881623592303,5.8881623592303,5.8881623592303,5.8881623592303,5.8881623592303,5.8881623592303,5.8881623592303,5.8881623592303,5.8881623592303,5.8881623592303,5.8881623592303,5.8881623592303,5.8881623592303,5.8881623592303,5.8881623592303,5.8881623592303,5.8881623592303,5.8881623592303,5.8881623592303,5.8881623592303,5.8881623592303,5.8881623592303,5.8881623592303,5.8881623592303,5.8881623592303,5.8881623592303,5.8881623592303,5.8881623592303,5.8881623592303,5.8881623592303,5.8881623592303,5.8881623592303,5.8881623592303,5.8881623592303,5.8881623592303,5.8881623592303,5.8881623592303,5.8881623592303,5.8881623592303,5.8881623592303,5.8881623592303,5.8881623592303,5.8881623592303,5.8881623592303,5.8881623592303,5.8881623592303,5.8881623592303,5.8881623592303,5.8881623592303,5.8881623592303,5.8881623592303,5.8881623592303,5.8881623592303,5.8881623592303,5.8881623592303,5.8881623592303,5.8881623592303,5.8881623592303,5.8881623592303,5.8881623592303,5.8881623592303,5.8881623592303,5.8881623592303,5.8881623592303,5.8881623592303,5.8881623592303,5.8881623592303,5.8881623592303,5.8881623592303,5.8881623592303,5.8881623592303,5.8881623592303,5.8881623592303,5.8881623592303,5.8881623592303,5.8881623592303,5.8881623592303,5.8881623592303,5.8881623592303,5.8881623592303,5.8881623592303,5.8881623592303,5.8881623592303,5.8881623592303,5.8881623592303,5.8881623592303,5.8881623592303,5.8881623592303,5.8881623592303,5.8881623592303,5.8881623592303,5.8881623592303,5.8881623592303,5.8881623592303,5.8881623592303,5.8881623592303,5.8881623592303,5.8881623592303,5.8881623592303,5.8881623592303,5.8881623592303,5.8881623592303,5.8881623592303,5.8881623592303,5.8881623592303,5.8881623592303,5.8881623592303,5.8881623592303,5.8881623592303,5.8881623592303,5.8881623592303,5.8881623592303,5.8881623592303,5.8881623592303,5.8881623592303,5.8881623592303,5.8881623592303,5.8881623592303,5.8881623592303,5.8881623592303,5.8881623592303,5.8881623592303,5.8881623592303,5.8881623592303,5.8881623592303,5.8881623592303,5.8881623592303,5.8881623592303,5.8881623592303,5.8881623592303,5.8881623592303,5.8881623592303,5.8881623592303,5.8881623592303,5.8881623592303,5.8881623592303,5.8881623592303,5.8881623592303,5.8881623592303,5.8881623592303,5.8881623592303,5.8881623592303,5.8881623592303,5.8881623592303,5.8881623592303,5.8881623592303,5.8881623592303,5.8881623592303,5.8881623592303,5.8881623592303,5.8881623592303,5.8881623592303,5.8881623592303,5.8881623592303,5.8881623592303,5.8881623592303,5.8881623592303,5.8881623592303,5.8881623592303,5.8881623592303,5.8881623592303,5.8881623592303,5.8881623592303,5.8881623592303,5.8881623592303,5.8881623592303,5.8881623592303,5.8881623592303,5.8881623592303,5.8881623592303,5.8881623592303,5.8881623592303,5.8881623592303,5.8881623592303,5.8881623592303,5.8881623592303,5.8881623592303,5.8881623592303,5.8881623592303,5.8881623592303,5.8881623592303,5.8881623592303,5.8881623592303,5.8881623592303,5.8881623592303,5.8881623592303,5.8881623592303,5.8881623592303,5.8881623592303,5.8881623592303,5.8881623592303,5.8881623592303,5.8881623592303,5.8881623592303,5.8881623592303,5.8881623592303,5.8881623592303,5.8881623592303,5.8881623592303,5.8881623592303,5.8881623592303,5.8881623592303,5.8881623592303,5.8881623592303,5.8881623592303,5.8881623592303,5.8881623592303,5.8881623592303,5.8881623592303,5.8881623592303,5.8881623592303,5.8881623592303,5.8881623592303,5.8881623592303,5.8881623592303,5.8881623592303,5.8881623592303,5.8881623592303,5.8881623592303,5.8881623592303,5.8881623592303,5.8881623592303,5.8881623592303,5.8881623592303,5.8881623592303,5.8881623592303,5.8881623592303,5.8881623592303,5.8881623592303,5.8881623592303,5.8881623592303,5.8881623592303,5.8881623592303,5.8881623592303,5.8881623592303,5.8881623592303,5.8881623592303,5.8881623592303,5.8881623592303,5.8881623592303,5.8881623592303,5.8881623592303,5.8881623592303,5.8881623592303,5.8881623592303,5.8881623592303,5.8881623592303,5.8881623592303,5.8881623592303,5.8881623592303,5.8881623592303,5.8881623592303,5.8881623592303,5.8881623592303,5.8881623592303,5.8881623592303,5.8881623592303,5.8881623592303,5.8881623592303,5.8881623592303,5.8881623592303,5.8881623592303,5.8881623592303,5.8881623592303,5.8881623592303,5.8881623592303,5.8881623592303,5.8881623592303,5.8881623592303,5.8881623592303,5.8881623592303,5.8881623592303,5.8881623592303,5.8881623592303,5.8881623592303,5.8881623592303,5.8881623592303,5.8881623592303,5.8881623592303,5.8881623592303,5.8881623592303,5.8881623592303,5.8881623592303,8.731255768346045,8.693028505715139,8.693028505715139,8.693028505715139,8.693028505715139,8.693028505715139,8.693028505715139,8.590526621876453,8.590526621876453,7.996153922618396,7.996153922618396,7.996153922618396,7.996153922618396,7.996153922618396,7.837050076486677,7.837050076486677,7.837050076486677,7.837050076486677,7.837050076486677,7.837050076486677,7.837050076486677,7.837050076486677,7.837050076486677,7.837050076486677,7.837050076486677,7.837050076486677,7.620646884402624,7.602622166664223,7.602622166664223,7.602622166664223,7.602622166664223,7.602622166664223,7.602622166664223,7.602622166664223,7.602622166664223,7.602622166664223,7.602622166664223,7.602622166664223,7.602622166664223,7.602622166664223,7.602622166664223,7.602622166664223,7.602622166664223,7.347113416114305,7.347113416114305,7.347113416114305,7.331124647317408,7.331124647317408,7.331124647317408,7.331124647317408,7.331124647317408,7.331124647317408,7.331124647317408,7.331124647317408,7.331124647317408,7.331124647317408,7.331124647317408,7.331124647317408,7.331124647317408,7.331124647317408,7.331124647317408,7.331124647317408,7.331124647317408,7.331124647317408,7.331124647317408,7.331124647317408,7.331124647317408,7.331124647317408,7.331124647317408,7.331124647317408,7.331124647317408,7.331124647317408,7.331124647317408,7.331124647317408,7.189794194724563,7.189794194724563,7.189794194724563,7.189794194724563,7.189794194724563,7.189794194724563,7.189794194724563,7.189794194724563,7.189794194724563,7.189794194724563,7.189794194724563,7.189794194724563,7.189794194724563,7.189794194724563,7.189794194724563,7.189794194724563,7.189794194724563,7.189794194724563,7.189794194724563,7.189794194724563,7.189794194724563,7.189794194724563,7.189794194724563,7.189794194724563,7.189794194724563,7.189794194724563,7.189794194724563,7.189794194724563,7.189794194724563,7.189794194724563,7.189794194724563,7.189794194724563,7.189794194724563,7.189794194724563,7.189794194724563,7.189794194724563,7.189794194724563,7.189794194724563,7.189794194724563,7.189794194724563,7.189794194724563,7.189794194724563,7.189794194724563,7.189794194724563,7.189794194724563,7.189794194724563,7.189794194724563,7.189794194724563,7.189794194724563,7.189794194724563,7.189794194724563,7.189794194724563,7.189794194724563,7.189794194724563,7.189794194724563,7.189794194724563,7.189794194724563,7.189794194724563,7.189794194724563,7.189794194724563,7.189794194724563,7.189794194724563,7.189794194724563,7.189794194724563,7.189794194724563,7.189794194724563,7.189794194724563,7.189794194724563,7.189794194724563,7.189794194724563,7.189794194724563,7.189794194724563,7.189794194724563,7.189794194724563,7.189794194724563,7.189794194724563,7.189794194724563,7.189794194724563,7.189794194724563,7.189794194724563,7.189794194724563,7.189794194724563,7.189794194724563,7.189794194724563,7.189794194724563,7.189794194724563,7.189794194724563,7.189794194724563,7.189794194724563,7.189794194724563,7.189794194724563,7.189794194724563,7.189794194724563,7.189794194724563,7.189794194724563,7.189794194724563,7.189794194724563,7.189794194724563,7.189794194724563,7.189794194724563,4.371149336990269,4.371149336990269,4.371149336990269,4.371149336990269,4.371149336990269,4.371149336990269,4.371149336990269,4.371149336990269,4.371149336990269,4.371149336990269,4.371149336990269,4.371149336990269,4.371149336990269,4.371149336990269,4.371149336990269,4.371149336990269,4.371149336990269,4.371149336990269,4.371149336990269,4.371149336990269,4.371149336990269,4.371149336990269,4.371149336990269,4.371149336990269,4.371149336990269,4.371149336990269,4.371149336990269,4.371149336990269,4.371149336990269,4.371149336990269,4.371149336990269,4.371149336990269,4.371149336990269,4.371149336990269,4.371149336990269,4.371149336990269,4.371149336990269,4.371149336990269,4.371149336990269,4.371149336990269,4.371149336990269,4.371149336990269,4.371149336990269,4.371149336990269,4.371149336990269,4.371149336990269,4.371149336990269,4.371149336990269,4.371149336990269,4.371149336990269,4.371149336990269,4.371149336990269,4.371149336990269,4.371149336990269,4.371149336990269,4.371149336990269,4.371149336990269,4.371149336990269,4.371149336990269,4.371149336990269,4.371149336990269,4.371149336990269,4.371149336990269,4.371149336990269,4.371149336990269,4.371149336990269,4.371149336990269,4.371149336990269,4.371149336990269,4.371149336990269,4.371149336990269,4.371149336990269,4.371149336990269,4.371149336990269,4.371149336990269,4.371149336990269,4.371149336990269,4.371149336990269,4.371149336990269,4.371149336990269,4.371149336990269,4.371149336990269,4.371149336990269,4.371149336990269,4.371149336990269,4.371149336990269,4.371149336990269,4.371149336990269,4.371149336990269,4.371149336990269,4.371149336990269,4.371149336990269,4.371149336990269,4.371149336990269,4.371149336990269,4.371149336990269,4.371149336990269,4.371149336990269,4.371149336990269,4.371149336990269,4.371149336990269,4.371149336990269,4.371149336990269,4.371149336990269,4.371149336990269,4.371149336990269,4.371149336990269,4.371149336990269,4.371149336990269,4.371149336990269,4.371149336990269,4.371149336990269,4.371149336990269,4.371149336990269,4.371149336990269,4.371149336990269,4.371149336990269,4.371149336990269,4.371149336990269,4.371149336990269,4.371149336990269,4.371149336990269,4.371149336990269,4.371149336990269,4.371149336990269,4.371149336990269,4.371149336990269,4.371149336990269,4.371149336990269,4.371149336990269,4.371149336990269,4.371149336990269,4.371149336990269,4.371149336990269,4.371149336990269,4.371149336990269,4.371149336990269,4.371149336990269,4.371149336990269,4.371149336990269,4.371149336990269,4.371149336990269,4.371149336990269,4.371149336990269,4.371149336990269,4.371149336990269,4.371149336990269,4.371149336990269,4.371149336990269,4.371149336990269,4.371149336990269,4.371149336990269,4.371149336990269,4.371149336990269,4.371149336990269,4.371149336990269,4.371149336990269,4.371149336990269,4.371149336990269,4.371149336990269,4.371149336990269,4.371149336990269,4.371149336990269,4.371149336990269,4.371149336990269,4.371149336990269,4.371149336990269,4.371149336990269,4.371149336990269,4.371149336990269,4.371149336990269,4.371149336990269,4.371149336990269,4.371149336990269,4.371149336990269,4.371149336990269,4.371149336990269,4.371149336990269,4.371149336990269,4.371149336990269,4.371149336990269,4.371149336990269,4.371149336990269,4.371149336990269,4.371149336990269,4.371149336990269,4.371149336990269,4.371149336990269,4.371149336990269,4.371149336990269,4.371149336990269,4.371149336990269,4.371149336990269,4.371149336990269,4.371149336990269,4.371149336990269,4.371149336990269,4.371149336990269,4.371149336990269,4.371149336990269,4.371149336990269,4.371149336990269,4.371149336990269,4.371149336990269,4.371149336990269,4.371149336990269,4.371149336990269,4.371149336990269,4.371149336990269,4.371149336990269,4.371149336990269,4.371149336990269,4.371149336990269,4.371149336990269,4.371149336990269,4.371149336990269,4.371149336990269,4.371149336990269,4.371149336990269,4.371149336990269,4.371149336990269,4.371149336990269,4.371149336990269,4.371149336990269,4.371149336990269,4.371149336990269,4.371149336990269,4.371149336990269,4.371149336990269,4.371149336990269,4.371149336990269,4.371149336990269,4.371149336990269,4.371149336990269,4.371149336990269,4.371149336990269,4.371149336990269,4.371149336990269,4.371149336990269,4.371149336990269,4.371149336990269,4.371149336990269,4.371149336990269,4.371149336990269,4.371149336990269,4.371149336990269,4.371149336990269,4.371149336990269,4.371149336990269,4.371149336990269,4.371149336990269,4.371149336990269,4.371149336990269,4.371149336990269,4.371149336990269,4.371149336990269,4.371149336990269,4.371149336990269,4.371149336990269,4.371149336990269,4.371149336990269,4.371149336990269,4.371149336990269,4.371149336990269,4.371149336990269,4.371149336990269,4.371149336990269,4.371149336990269,4.371149336990269,4.371149336990269,4.371149336990269,4.371149336990269,4.371149336990269,4.371149336990269,4.371149336990269,4.371149336990269,4.371149336990269,4.371149336990269,4.371149336990269,4.371149336990269,4.371149336990269,4.371149336990269,4.371149336990269,4.371149336990269,4.371149336990269,4.371149336990269,4.371149336990269,4.371149336990269,4.371149336990269,4.371149336990269,4.371149336990269,4.371149336990269,4.371149336990269,4.371149336990269,4.371149336990269,4.371149336990269,4.371149336990269,4.371149336990269,4.371149336990269,4.371149336990269,4.371149336990269,4.371149336990269,4.371149336990269,4.371149336990269,4.371149336990269,4.371149336990269,4.371149336990269,4.371149336990269,4.371149336990269,4.371149336990269,4.371149336990269,4.371149336990269,4.371149336990269,4.371149336990269,4.371149336990269,4.371149336990269,4.371149336990269,4.371149336990269,4.371149336990269,4.371149336990269,4.371149336990269,4.371149336990269,4.371149336990269,4.371149336990269,4.371149336990269,4.371149336990269,4.371149336990269,4.371149336990269,4.371149336990269,4.371149336990269,4.371149336990269,4.371149336990269,4.371149336990269,4.371149336990269,4.371149336990269,4.371149336990269,4.371149336990269,4.371149336990269,4.371149336990269,4.371149336990269,4.371149336990269,4.371149336990269,4.371149336990269,4.371149336990269,4.371149336990269,4.371149336990269,4.371149336990269,4.371149336990269,4.371149336990269,4.371149336990269,4.371149336990269,4.371149336990269,4.371149336990269,4.371149336990269,4.371149336990269,4.371149336990269,4.371149336990269,4.371149336990269,4.371149336990269,4.371149336990269,4.371149336990269,4.371149336990269,4.371149336990269,4.371149336990269,4.371149336990269,4.371149336990269,4.371149336990269,4.371149336990269,4.371149336990269,4.371149336990269,4.371149336990269,4.371149336990269,4.371149336990269,4.371149336990269,4.371149336990269,4.371149336990269,4.371149336990269,4.371149336990269,4.371149336990269,4.371149336990269,4.371149336990269,4.371149336990269,4.371149336990269,4.371149336990269,4.371149336990269,4.371149336990269,4.371149336990269,4.371149336990269,4.371149336990269,4.371149336990269,4.371149336990269,4.371149336990269,4.371149336990269,4.371149336990269,4.371149336990269,4.371149336990269,4.371149336990269,4.371149336990269,4.371149336990269,4.371149336990269,4.371149336990269,4.371149336990269,4.371149336990269,4.371149336990269,4.371149336990269,4.371149336990269,4.371149336990269,4.371149336990269,4.371149336990269,4.371149336990269,4.371149336990269,4.371149336990269,4.371149336990269,4.371149336990269,4.371149336990269,4.371149336990269,4.371149336990269,4.371149336990269,4.371149336990269,4.371149336990269,4.371149336990269,4.371149336990269,4.371149336990269,4.371149336990269,4.371149336990269,4.371149336990269,4.371149336990269,4.371149336990269,4.371149336990269,4.371149336990269,4.371149336990269,4.371149336990269,4.371149336990269,4.371149336990269,4.371149336990269,4.371149336990269,4.371149336990269,4.371149336990269,4.371149336990269,4.371149336990269,4.371149336990269,4.371149336990269,4.371149336990269,4.371149336990269,4.371149336990269,4.371149336990269,4.371149336990269,4.371149336990269,4.371149336990269,4.371149336990269,4.371149336990269,4.371149336990269,4.371149336990269,4.371149336990269,4.371149336990269,4.371149336990269,4.371149336990269,4.371149336990269,4.371149336990269,4.371149336990269,4.371149336990269,4.371149336990269,4.371149336990269,4.371149336990269,4.371149336990269,4.371149336990269,4.371149336990269,4.371149336990269,4.371149336990269,4.371149336990269,4.371149336990269,4.371149336990269,4.371149336990269,4.371149336990269,4.371149336990269,4.371149336990269,4.371149336990269,4.371149336990269,4.371149336990269,4.371149336990269,4.371149336990269,4.371149336990269,4.371149336990269,4.371149336990269,4.371149336990269,4.371149336990269,4.371149336990269,4.371149336990269,4.371149336990269,4.371149336990269,4.371149336990269,4.371149336990269,4.371149336990269,4.371149336990269,4.371149336990269,4.371149336990269,4.371149336990269,4.371149336990269,4.371149336990269,4.371149336990269,4.371149336990269,4.371149336990269,4.371149336990269,4.371149336990269,4.371149336990269,4.371149336990269,4.371149336990269,4.371149336990269,4.371149336990269,4.371149336990269,4.371149336990269,4.371149336990269,4.371149336990269,4.371149336990269,4.371149336990269,4.371149336990269,4.371149336990269,4.371149336990269,4.371149336990269,4.371149336990269,4.371149336990269,4.371149336990269,4.371149336990269,4.371149336990269,4.371149336990269,4.371149336990269,4.371149336990269,4.371149336990269,4.371149336990269,4.371149336990269,4.371149336990269,4.371149336990269,4.371149336990269,4.371149336990269,4.371149336990269,4.371149336990269,4.371149336990269,4.371149336990269,4.371149336990269,4.371149336990269,4.371149336990269,4.371149336990269,4.371149336990269,4.371149336990269,4.371149336990269,4.371149336990269,4.371149336990269,4.371149336990269,4.371149336990269,4.371149336990269,4.371149336990269,4.371149336990269,4.371149336990269,4.371149336990269,4.371149336990269,4.371149336990269,4.371149336990269,4.371149336990269,4.371149336990269,4.371149336990269,4.371149336990269,4.371149336990269,4.371149336990269,4.371149336990269,4.371149336990269,4.371149336990269,4.371149336990269,4.371149336990269,4.371149336990269,4.371149336990269,4.371149336990269,4.371149336990269,4.371149336990269,4.371149336990269,4.371149336990269,4.371149336990269,4.371149336990269,4.371149336990269,4.371149336990269,4.371149336990269,4.371149336990269,4.371149336990269,4.371149336990269,4.371149336990269,4.371149336990269,4.371149336990269,4.371149336990269,4.371149336990269,4.371149336990269,4.371149336990269,4.371149336990269,4.371149336990269,4.371149336990269,4.371149336990269,4.371149336990269,4.371149336990269,4.371149336990269,4.371149336990269,4.371149336990269,4.371149336990269,4.371149336990269,4.371149336990269,4.371149336990269,4.371149336990269,4.371149336990269,4.371149336990269,4.371149336990269,4.371149336990269,4.371149336990269,4.371149336990269,4.371149336990269,4.371149336990269,4.371149336990269,4.371149336990269,4.371149336990269,4.371149336990269,4.371149336990269,4.371149336990269,4.371149336990269,4.371149336990269,4.371149336990269,4.371149336990269,4.371149336990269,4.371149336990269,4.371149336990269,4.371149336990269,4.371149336990269,4.371149336990269,4.371149336990269,4.371149336990269,4.371149336990269,4.371149336990269,4.371149336990269,4.371149336990269,4.371149336990269,4.371149336990269,4.371149336990269,4.371149336990269,4.371149336990269,4.371149336990269,4.371149336990269,4.371149336990269,4.371149336990269,4.371149336990269,4.371149336990269,4.371149336990269,4.371149336990269,4.371149336990269,4.371149336990269,4.371149336990269,4.371149336990269,4.371149336990269,4.371149336990269,4.371149336990269,4.371149336990269,4.371149336990269,4.371149336990269,4.371149336990269,4.371149336990269,4.371149336990269,4.371149336990269,4.371149336990269,4.371149336990269,4.371149336990269,4.371149336990269,4.371149336990269,4.371149336990269,4.371149336990269,4.371149336990269,4.371149336990269,4.371149336990269,4.371149336990269,4.371149336990269,4.371149336990269,4.371149336990269,4.371149336990269,4.371149336990269,4.371149336990269,4.371149336990269,4.371149336990269,4.371149336990269,4.371149336990269,4.371149336990269,4.371149336990269,4.371149336990269,4.371149336990269,4.371149336990269,4.371149336990269,4.371149336990269,4.371149336990269,4.371149336990269,4.371149336990269,4.371149336990269,4.371149336990269,4.371149336990269,4.371149336990269,4.371149336990269,4.371149336990269,4.371149336990269,4.371149336990269,4.371149336990269,4.371149336990269,4.371149336990269,4.371149336990269,4.371149336990269,4.371149336990269,4.371149336990269,4.371149336990269,4.371149336990269,4.371149336990269,4.371149336990269,4.371149336990269,4.371149336990269,4.371149336990269,4.371149336990269,4.371149336990269,4.371149336990269,4.371149336990269,4.371149336990269,4.371149336990269,4.371149336990269,4.371149336990269,4.371149336990269,4.371149336990269,4.371149336990269,4.371149336990269,4.371149336990269,4.371149336990269,4.371149336990269,4.371149336990269,4.371149336990269,4.371149336990269,4.371149336990269,4.371149336990269,4.371149336990269,4.371149336990269,4.371149336990269,4.371149336990269,4.371149336990269,4.371149336990269,4.371149336990269,4.371149336990269,4.371149336990269,4.371149336990269,4.371149336990269,4.371149336990269,4.371149336990269,4.371149336990269,4.371149336990269,4.371149336990269,4.371149336990269,4.371149336990269,4.371149336990269,4.371149336990269,4.371149336990269,4.371149336990269,4.371149336990269,4.371149336990269,4.371149336990269,4.371149336990269,4.371149336990269,4.371149336990269,4.371149336990269,4.371149336990269,4.371149336990269,4.371149336990269,4.371149336990269,4.371149336990269,4.371149336990269,4.371149336990269,4.371149336990269,4.371149336990269,4.371149336990269,4.371149336990269,4.371149336990269,4.371149336990269,4.371149336990269,4.371149336990269,4.371149336990269,4.371149336990269,4.371149336990269,4.371149336990269,4.371149336990269,4.371149336990269,4.371149336990269,4.371149336990269,4.371149336990269,4.371149336990269,4.371149336990269,4.371149336990269,4.371149336990269,4.371149336990269,4.371149336990269,4.371149336990269,4.371149336990269,4.371149336990269,4.371149336990269,4.371149336990269,4.371149336990269,4.371149336990269,4.371149336990269,4.371149336990269,4.371149336990269,4.371149336990269,4.371149336990269,4.371149336990269,4.371149336990269,4.371149336990269,4.371149336990269,4.371149336990269,4.371149336990269,4.371149336990269,4.371149336990269,4.371149336990269,4.371149336990269,4.371149336990269,4.371149336990269,4.371149336990269,4.371149336990269,4.371149336990269,4.371149336990269,4.371149336990269,4.371149336990269,4.371149336990269,4.371149336990269,4.371149336990269,6.5233091194851385,6.163786624016676,6.163786624016676,6.163786624016676,6.163786624016676,6.163786624016676,6.163786624016676,6.163786624016676,6.163786624016676,6.163786624016676,6.163786624016676,6.163786624016676,6.163786624016676,6.163786624016676,6.163786624016676,6.163786624016676,6.163786624016676,6.163786624016676,6.163786624016676,6.163786624016676,6.163786624016676,6.163786624016676,6.163786624016676,6.163786624016676,6.162471337756026,6.162471337756026,6.162471337756026,6.162471337756026,6.162471337756026,6.162471337756026,6.162471337756026,6.162471337756026,6.162471337756026,6.162471337756026,6.162471337756026,6.162471337756026,6.162471337756026,6.162471337756026,6.162471337756026,6.162471337756026,6.162471337756026,6.162471337756026,6.162471337756026,6.162471337756026,6.162471337756026,6.162471337756026,6.162471337756026,6.162471337756026,6.162471337756026,6.162471337756026,6.162471337756026,6.162471337756026,6.162471337756026,6.162471337756026,6.162471337756026,6.162471337756026,6.162471337756026,6.162471337756026,5.733775340260485,5.733775340260485,5.733775340260485,5.733775340260485,5.733775340260485,5.733775340260485,5.733775340260485,5.733775340260485,5.733775340260485,5.733775340260485,5.733775340260485,5.733775340260485,5.733775340260485,5.733775340260485,5.733775340260485,5.733775340260485,5.733775340260485,5.733775340260485,5.733775340260485,5.733775340260485,5.733775340260485,5.733775340260485,5.733775340260485,5.733775340260485,5.733775340260485,5.733775340260485,5.733775340260485,5.733775340260485,5.733775340260485,5.733775340260485,5.733775340260485,5.733775340260485,5.733775340260485,5.733775340260485,5.733775340260485,5.733775340260485,5.733775340260485,5.733775340260485,5.733775340260485,5.733775340260485,5.733775340260485,5.733775340260485,5.733775340260485,5.733775340260485,5.733775340260485,5.733775340260485,5.733775340260485,5.733775340260485,5.733775340260485,5.733775340260485,5.733775340260485,5.733775340260485,5.733775340260485,5.733775340260485,5.733775340260485,5.733775340260485,5.46387587130612,5.046488451239145,5.046488451239145,5.046488451239145,4.841458793947892,4.841458793947892,4.841458793947892,4.841458793947892,4.841458793947892,4.834363638040149,4.834363638040149,4.834363638040149,4.834363638040149,4.834363638040149,4.834363638040149,4.834363638040149,4.834363638040149,4.834363638040149,4.834363638040149,4.834363638040149,4.834363638040149,4.834363638040149,4.834363638040149,4.834363638040149,4.834363638040149,4.834363638040149,4.834363638040149,4.834363638040149,4.834363638040149,4.834363638040149,4.834363638040149,4.834363638040149,4.834363638040149,4.834363638040149,4.834363638040149,4.834363638040149,4.834363638040149,4.834363638040149,4.834363638040149,4.834363638040149,4.834363638040149,4.834363638040149,4.834363638040149,4.834363638040149,4.834363638040149,4.834363638040149,4.834363638040149,4.834363638040149,4.834363638040149,4.834363638040149,4.834363638040149,4.834363638040149,4.834363638040149,4.834363638040149,4.834363638040149,4.834363638040149,4.834363638040149,4.834363638040149,4.834363638040149,4.834363638040149,4.834363638040149,4.834363638040149,4.834363638040149,4.834363638040149,4.834363638040149,4.834363638040149,4.834363638040149,4.834363638040149,4.834363638040149,4.834363638040149,4.834363638040149,4.834363638040149,4.834363638040149,4.834363638040149,4.834363638040149,4.834363638040149,4.834363638040149,4.834363638040149,4.834363638040149,4.834363638040149,4.834363638040149,4.834363638040149,4.834363638040149,4.834363638040149,4.834363638040149,4.834363638040149,4.834363638040149,4.834363638040149,4.834363638040149,4.834363638040149,4.834363638040149,4.834363638040149,4.834363638040149,4.834363638040149,4.834363638040149,4.834363638040149,4.834363638040149,4.834363638040149,4.834363638040149,4.834363638040149,4.834363638040149,4.834363638040149,4.834363638040149,4.834363638040149,4.834363638040149,4.834363638040149,4.834363638040149,4.834363638040149,4.834363638040149,4.834363638040149,4.834363638040149,4.834363638040149,4.834363638040149,4.834363638040149,4.834363638040149,4.834363638040149,4.834363638040149,4.834363638040149,4.834363638040149,4.834363638040149,4.834363638040149,4.834363638040149,4.834363638040149,4.834363638040149,4.834363638040149,4.834363638040149,4.834363638040149,4.834363638040149,4.834363638040149,4.834363638040149,4.834363638040149,4.834363638040149,4.834363638040149,4.834363638040149,4.834363638040149,4.834363638040149,4.834363638040149,4.834363638040149,4.834363638040149,4.834363638040149,4.834363638040149,4.834363638040149,4.834363638040149,4.834363638040149,4.834363638040149,4.834363638040149,4.834363638040149,4.834363638040149,4.834363638040149,4.834363638040149,4.834363638040149,4.834363638040149,4.834363638040149,4.834363638040149,4.834363638040149,4.834363638040149,4.834363638040149,4.834363638040149,4.834363638040149,4.834363638040149,4.834363638040149,4.834363638040149,4.834363638040149,4.834363638040149,4.834363638040149,4.834363638040149,4.834363638040149,4.834363638040149,4.834363638040149,4.834363638040149,4.834363638040149,4.834363638040149,4.834363638040149,4.834363638040149,4.834363638040149,4.834363638040149,4.834363638040149,4.834363638040149,4.834363638040149,4.834363638040149,4.834363638040149,4.834363638040149,4.834363638040149,4.834363638040149,4.834363638040149,4.834363638040149,4.834363638040149,4.834363638040149,4.834363638040149,4.834363638040149,4.834363638040149,4.834363638040149,4.720698861149351,4.720698861149351,4.720698861149351,4.720698861149351,4.720698861149351,4.720698861149351,4.720698861149351,4.720698861149351,4.720698861149351,4.720698861149351,4.720698861149351,4.720698861149351,4.720698861149351,4.720698861149351,4.720698861149351,4.720698861149351,4.720698861149351,4.720698861149351,4.720698861149351,4.720698861149351,4.629702154106872,4.629702154106872,4.629702154106872,4.629702154106872,4.629702154106872,4.629702154106872,4.629702154106872,4.629702154106872,4.629702154106872,4.629702154106872,4.625847155539557,4.625847155539557,4.625847155539557,4.625847155539557,4.625847155539557,4.625847155539557,4.625847155539557,4.625847155539557,4.625847155539557,4.625847155539557,4.625847155539557,4.625847155539557,4.625847155539557,4.625847155539557,4.625847155539557,4.552842224083745,4.552842224083745,4.552842224083745,4.552842224083745,4.552842224083745,4.552842224083745,4.552842224083745,4.552842224083745,4.552842224083745,4.552842224083745,4.552842224083745,4.552842224083745,4.552842224083745,4.552842224083745,4.552842224083745,4.552842224083745,4.552842224083745,4.552842224083745,4.552842224083745,4.552842224083745,4.385934958197047,4.385934958197047,4.385934958197047,4.385934958197047,4.385934958197047,4.385934958197047,4.385934958197047,4.385934958197047,4.385934958197047,4.385934958197047,4.385934958197047,4.385934958197047,4.385934958197047,4.385934958197047,4.385934958197047,4.385934958197047,4.385934958197047,4.385934958197047,4.385934958197047,4.385934958197047,4.385934958197047,4.385934958197047,4.385934958197047,4.385934958197047,4.385934958197047,4.385934958197047,4.385934958197047,4.385934958197047,4.385934958197047,4.385934958197047,4.385934958197047,4.385934958197047,4.385934958197047,4.385934958197047,4.385934958197047,4.385934958197047,4.385934958197047,4.385934958197047,4.385934958197047,4.385934958197047,4.385934958197047,4.385934958197047,4.385934958197047,4.385934958197047,4.385934958197047,4.385934958197047,4.385934958197047,4.385934958197047,4.385934958197047,4.385934958197047,4.385934958197047,4.385934958197047,4.385934958197047,4.385934958197047,4.385934958197047,4.385934958197047,4.385934958197047,4.385934958197047,4.385934958197047,4.385934958197047,4.385934958197047,4.385934958197047,4.385934958197047,4.385934958197047,4.385934958197047,4.385934958197047,4.385934958197047,4.385934958197047,4.385934958197047,4.385934958197047,4.385934958197047,4.385934958197047,4.385934958197047,4.385934958197047,4.385934958197047,4.385934958197047,4.385934958197047,4.385934958197047,4.385934958197047,4.385934958197047,4.385934958197047,4.385934958197047,4.385934958197047,4.385934958197047,4.385934958197047,4.385934958197047,4.385934958197047,4.385934958197047,4.385934958197047,4.385934958197047,4.385934958197047,4.385934958197047,4.385934958197047,4.385934958197047,4.385934958197047,4.385934958197047,4.352758551073636,4.352758551073636,4.352758551073636,4.352758551073636,4.352758551073636,4.352758551073636,4.352758551073636,4.352758551073636,4.352758551073636,4.352758551073636,4.352758551073636,4.352758551073636,4.352758551073636,4.352758551073636,4.352758551073636,4.352758551073636,4.352758551073636,4.352758551073636,4.352758551073636,4.352758551073636,4.352758551073636,4.352758551073636,4.352758551073636,4.352758551073636,4.352758551073636,4.352758551073636,4.352758551073636,4.352758551073636,4.352758551073636,4.352758551073636,4.352758551073636,4.352758551073636,4.352758551073636,4.352758551073636,4.352758551073636,4.352758551073636,4.352758551073636,4.352758551073636,4.352758551073636,4.352758551073636,4.352758551073636,4.352758551073636,4.352758551073636,4.352758551073636,4.352758551073636,4.352758551073636,4.352758551073636,4.352758551073636,4.352758551073636,4.352758551073636,4.352758551073636,4.352758551073636,4.352758551073636,4.352758551073636,4.352758551073636,4.352758551073636,4.352758551073636,4.352758551073636,4.352758551073636,4.352758551073636,4.352758551073636,4.352758551073636,4.352758551073636,4.352758551073636,4.352758551073636,4.352758551073636,4.352758551073636,4.352758551073636,4.352758551073636,4.352758551073636,4.352758551073636,4.352758551073636,4.352758551073636,4.352758551073636,4.352758551073636,4.352758551073636,4.352758551073636,4.352758551073636,4.352758551073636,4.352758551073636,4.352758551073636,4.352758551073636,4.352758551073636,4.352758551073636,4.352758551073636,4.352758551073636,4.352758551073636,4.352758551073636,4.352758551073636,4.352758551073636,4.352758551073636,4.352758551073636,4.352758551073636,4.352758551073636,4.352758551073636,4.352758551073636,4.352758551073636,4.352758551073636,4.352758551073636,4.352758551073636,4.352758551073636,4.352758551073636,4.352758551073636,4.352758551073636,4.352758551073636,4.352758551073636,4.352758551073636,4.352758551073636,4.352758551073636,4.352758551073636,4.352758551073636,4.352758551073636,4.352758551073636,4.352758551073636,4.352758551073636,4.352758551073636,4.352758551073636,4.352758551073636,4.352758551073636,4.352758551073636,4.352758551073636,4.352758551073636,4.352758551073636,4.352758551073636,4.352758551073636,3.7801748269202218,3.3096434777811248,3.3096434777811248,3.3096434777811248,3.3096434777811248,3.3096434777811248,3.3096434777811248,3.3096434777811248,3.3096434777811248,3.3096434777811248,3.3096434777811248,3.3096434777811248,3.3096434777811248,3.3096434777811248,3.3096434777811248,3.3096434777811248,3.3096434777811248,3.3096434777811248,3.3096434777811248,3.3096434777811248,3.3096434777811248,3.3096434777811248,3.3096434777811248,3.3096434777811248,3.3096434777811248,3.3096434777811248,3.3096434777811248,3.3096434777811248,3.3096434777811248,3.3096434777811248,3.3096434777811248,3.3096434777811248,3.3096434777811248,3.3096434777811248,3.3096434777811248,3.3096434777811248,3.3096434777811248,3.3096434777811248,3.3096434777811248,3.3096434777811248,3.3096434777811248,3.3096434777811248,3.3096434777811248,3.3096434777811248,3.3096434777811248,3.3096434777811248,3.3096434777811248,3.3096434777811248,3.3096434777811248,3.3096434777811248,3.3096434777811248,3.3096434777811248,3.3096434777811248,3.3096434777811248,3.3096434777811248,3.3096434777811248,3.3096434777811248,3.3096434777811248,3.3096434777811248,3.3096434777811248,3.3096434777811248,3.3096434777811248,3.3096434777811248,3.3096434777811248,3.3096434777811248,3.3096434777811248,3.3096434777811248,3.3096434777811248,3.3096434777811248,3.3096434777811248,3.3096434777811248,3.3096434777811248,3.3096434777811248,3.3096434777811248,3.3096434777811248,3.3096434777811248,3.3096434777811248,3.289828955784795,3.289828955784795,3.289828955784795,3.289828955784795,3.289828955784795,3.289828955784795,3.289828955784795,3.289828955784795,3.289828955784795,3.289828955784795,3.289828955784795,3.289828955784795,3.289828955784795,3.289828955784795,3.289828955784795,3.289828955784795,3.289828955784795,3.289828955784795,3.289828955784795,3.289828955784795,3.2898289557847944,3.2898289557847944,3.2898289557847944,3.2898289557847944,3.2898289557847944,3.2898289557847944,3.2898289557847944,3.2898289557847944,3.2898289557847944,3.2898289557847944,3.2898289557847944,3.2898289557847944,3.2898289557847944,3.2898289557847944,3.2898289557847944,3.2898289557847944,3.2898289557847944,3.2898289557847944,3.2898289557847944,3.2898289557847944,3.2898289557847944,3.2898289557847944,3.2898289557847944,3.2898289557847944,3.2898289557847944,3.2898289557847944,3.2898289557847944,3.2898289557847944,3.2898289557847944,3.2898289557847944,3.2898289557847944,3.2898289557847944,3.2898289557847944,3.2898289557847944,3.2898289557847944,3.2898289557847944,3.2898289557847944,3.2898289557847944,3.2898289557847944,3.2898289557847944,3.2898289557847944,3.2898289557847944,3.2898289557847944,3.2898289557847944,3.2898289557847944,3.2898289557847944,3.2898289557847944,3.2898289557847944,3.2898289557847944,3.2898289557847944,3.2898289557847944,3.2898289557847944,3.2898289557847944,3.2898289557847944,3.2898289557847944,3.2898289557847944,3.2898289557847944,3.2898289557847944,3.2898289557847944,3.2898289557847944,3.2898289557847944,3.2898289557847944,3.2898289557847944,3.2898289557847944,3.2898289557847944,3.2898289557847944,3.2898289557847944,3.2898289557847944,3.2898289557847944,3.2898289557847944,3.2898289557847944,3.2898289557847944,3.2898289557847944,3.2898289557847944,3.2898289557847944,3.2898289557847944,3.2898289557847944,3.2898289557847944,3.2898289557847944,3.2898289557847944,3.2898289557847944,3.2898289557847944,3.2898289557847944,3.2898289557847944,3.2898289557847944,3.2898289557847944,3.2898289557847944,3.2898289557847944,3.2898289557847944,3.2898289557847944,3.2898289557847944,3.2898289557847944,3.2898289557847944,3.2898289557847944,3.2898289557847944,3.2898289557847944,3.2898289557847944,3.2898289557847944,3.2898289557847944,3.2898289557847944,3.2898289557847944,3.2898289557847944,3.2898289557847944,3.2898289557847944,3.2898289557847944,3.2898289557847944,3.2898289557847944,3.2898289557847944,3.2898289557847944,3.2898289557847944,3.2898289557847944,3.2898289557847944,3.2898289557847944,3.2898289557847944,3.2898289557847944,3.2898289557847944,3.2898289557847944,3.2898289557847944,3.2898289557847944,3.2898289557847944,3.2898289557847944,3.2898289557847944,3.2898289557847944,3.2898289557847944,3.2898289557847944,3.2898289557847944,3.2898289557847944,3.2898289557847944,3.2898289557847944,3.2898289557847944,3.2898289557847944,3.2898289557847944,3.2898289557847944,3.2898289557847944,3.2898289557847944,3.2898289557847944,3.2898289557847944,3.2898289557847944,3.2898289557847944,3.2898289557847944,3.2898289557847944,3.2898289557847944,3.2898289557847944,3.2898289557847944,3.2898289557847944,3.2898289557847944,3.2898289557847944,3.2898289557847944,3.2898289557847944,3.2898289557847944,3.2898289557847944,3.2898289557847944,3.2898289557847944,3.2898289557847944,3.2898289557847944,3.2898289557847944,3.2898289557847944,3.2898289557847944,3.2898289557847944,3.2898289557847944,3.2898289557847944,3.2898289557847944,3.2898289557847944,3.2898289557847944,3.2898289557847944,3.2898289557847944,3.2898289557847944,3.2898289557847944,3.2898289557847944,3.2898289557847944,3.2898289557847944,3.2898289557847944,3.2898289557847944,3.2898289557847944,3.2898289557847944,3.2898289557847944,3.2898289557847944,3.2898289557847944,3.2898289557847944,3.2898289557847944,3.2898289557847944,3.2898289557847944,3.2898289557847944,3.2898289557847944,3.2898289557847944,3.2898289557847944,3.2898289557847944,3.2898289557847944,3.2898289557847944,3.2898289557847944,3.2898289557847944,3.2898289557847944,3.2898289557847944,3.2898289557847944,3.2898289557847944,3.2898289557847944,3.2898289557847944,3.2898289557847944,3.2898289557847944,3.2898289557847944,3.2898289557847944,3.2898289557847944,3.2898289557847944,3.2898289557847944,3.2898289557847944,3.2898289557847944,3.2898289557847944,3.2898289557847944,3.2898289557847944,3.2898289557847944,3.2898289557847944,3.2898289557847944,3.2898289557847944,3.2898289557847944,3.2898289557847944,3.2898289557847944,3.2898289557847944,3.2898289557847944,3.2898289557847944,3.2898289557847944,3.2898289557847944,3.2898289557847944,3.2898289557847944,3.2898289557847944,3.2898289557847944,3.2898289557847944,3.2898289557847944,3.2898289557847944,3.2898289557847944,3.2898289557847944,3.2898289557847944,3.2898289557847944,3.2898289557847944,3.2898289557847944,3.2898289557847944,3.2898289557847944,3.2898289557847944,3.2898289557847944,3.2898289557847944,3.2898289557847944,3.2898289557847944,3.2898289557847944,3.2898289557847944,3.2898289557847944,3.2898289557847944,3.2898289557847944,3.2898289557847944,3.2898289557847944,3.2898289557847944,3.2898289557847944,3.2898289557847944,3.2898289557847944,3.2898289557847944,3.2898289557847944,3.2898289557847944,3.2898289557847944,3.2898289557847944,3.2898289557847944,3.2898289557847944,3.2898289557847944,3.2898289557847944,3.2898289557847944,3.2898289557847944,3.2898289557847944,3.2898289557847944,3.2898289557847944,3.2898289557847944,3.2898289557847944,3.2898289557847944,3.2898289557847944,3.2898289557847944,3.2898289557847944,3.2898289557847944,3.2898289557847944,3.2898289557847944,3.2898289557847944,3.2898289557847944,3.2898289557847944,3.2898289557847944,3.2898289557847944,3.2898289557847944,3.2898289557847944,3.2898289557847944,3.2898289557847944,3.2898289557847944,3.2898289557847944,3.2898289557847944,3.2898289557847944,3.2898289557847944,3.2898289557847944,3.2898289557847944,3.2898289557847944,3.2898289557847944,3.2898289557847944,3.2898289557847944,3.2898289557847944,3.2898289557847944,3.2898289557847944,3.2898289557847944,3.2898289557847944,3.2898289557847944,3.2898289557847944,3.2898289557847944,3.2898289557847944,3.2898289557847944,3.2898289557847944,3.2898289557847944,3.2898289557847944,3.2898289557847944,3.2898289557847944,3.2898289557847944,9.449650027912101,8.937378324208657,8.937378324208657,8.312780793139849,8.064766007399182,8.064766007399182,7.791598599857296,7.791598599857296,7.633084559861507,7.265938224962669,7.265938224962669,7.265938224962669,7.265938224962669,7.265938224962669,7.265938224962669,7.265938224962669,7.265938224962669,7.265938224962669,7.265938224962669,6.977628233650298,6.977628233650298,6.977628233650298,6.977628233650298,6.977628233650298,6.977628233650298,6.7992924189755275,6.7992924189755275,6.7992924189755275,6.7992924189755275,6.7992924189755275,6.7992924189755275,6.7992924189755275,6.7992924189755275,6.7992924189755275,6.7992924189755275,6.7992924189755275,6.7992924189755275,6.7992924189755275,6.7992924189755275,6.7992924189755275,6.7992924189755275,6.7992924189755275,6.7992924189755275,6.7992924189755275,6.7992924189755275,6.7992924189755275,6.7992924189755275,6.7992924189755275,6.7992924189755275,6.7992924189755275,6.7992924189755275,6.7992924189755275,6.7992924189755275,6.7992924189755275,6.7992924189755275,6.7992924189755275,6.7992924189755275,6.7992924189755275,6.7992924189755275,6.7992924189755275,6.7992924189755275,6.7992924189755275,6.7992924189755275,6.7992924189755275,6.7992924189755275,6.7992924189755275,6.7992924189755275,6.7992924189755275,6.7992924189755275,6.7992924189755275,6.7992924189755275,6.7992924189755275,6.7992924189755275,6.7992924189755275,6.7992924189755275,6.7992924189755275,6.7992924189755275,6.7992924189755275,6.7992924189755275,6.7992924189755275,6.7992924189755275,6.7992924189755275,6.7992924189755275,6.7992924189755275,6.7992924189755275,6.7992924189755275,6.7992924189755275,6.7992924189755275,6.7992924189755275,6.7992924189755275,6.7992924189755275,6.7992924189755275,6.7992924189755275,6.7992924189755275,6.7992924189755275,6.7992924189755275,6.7992924189755275,6.7992924189755275,6.7992924189755275,6.7992924189755275,6.7992924189755275,6.7992924189755275,6.7992924189755275,6.7992924189755275,6.7992924189755275,6.7992924189755275,6.7992924189755275,6.7992924189755275,6.7992924189755275,6.7992924189755275,6.7992924189755275,6.7992924189755275,6.7992924189755275,6.598703847812993,6.225872331428294,6.225872331428294,6.086312130422659,6.086312130422659,6.086312130422659,6.086312130422659,6.086312130422659,6.086312130422659,6.086312130422659,6.086312130422659,6.033786735716742,6.033786735716742,6.033786735716742,6.033786735716742,5.7093922675233655,5.7093922675233655,5.4251037475721215,5.4251037475721215,5.4251037475721215,5.4251037475721215,5.4251037475721215,5.4251037475721215,5.4251037475721215,5.4251037475721215,5.4251037475721215,5.4251037475721215,5.4251037475721215,5.355989463084356,5.355989463084356,5.355989463084356,5.355989463084356,5.355989463084356,5.355989463084356,5.355989463084356,5.355989463084356,5.355989463084356,5.355989463084356,5.355989463084356,5.355989463084356,5.355989463084356,5.355989463084356,5.355989463084356,5.355989463084356,5.355989463084356,5.355989463084356,5.355989463084356,5.355989463084356,5.355989463084356,5.355989463084356,5.355989463084356,5.355989463084356,5.355989463084356,5.355989463084356,5.355989463084356,5.355989463084356,5.355989463084356,5.355989463084356,5.355989463084356,5.355989463084356,5.355989463084356,5.355989463084356,5.355989463084356,5.355989463084356,5.355989463084356,5.355989463084356,5.355989463084356,5.355989463084356,5.355989463084356,5.355989463084356,5.355989463084356,5.355989463084356,5.355989463084356,5.355989463084356,5.355989463084356,5.355989463084356,5.355989463084356,5.355989463084356,5.355989463084356,5.355989463084356,5.355989463084356,5.355989463084356,5.355989463084356,5.355989463084356,5.355989463084356,5.355989463084356,5.355989463084356,5.355989463084356,5.355989463084356,5.355989463084356,5.355989463084356,5.355989463084356,5.355989463084356,5.355989463084356,5.355989463084356,5.355989463084356,5.355989463084356,5.355989463084356,5.355989463084356,5.355989463084356,5.355989463084356,5.355989463084356,5.355989463084356,5.355989463084356,5.355989463084356,5.355989463084356,5.355989463084356,5.355989463084356,5.355989463084356,5.355989463084356,5.355989463084356,5.355989463084356,5.355989463084356,5.355989463084356,5.355989463084356,5.355989463084356,5.355989463084356,5.355989463084356,5.355989463084356,5.355989463084356,5.355989463084356,5.355989463084356,5.355989463084356,5.355989463084356,5.355989463084356,5.355989463084356,5.355989463084356,5.355989463084356,5.355989463084356,5.355989463084356,5.355989463084356,5.355989463084356,5.355989463084356,5.355989463084356,5.355989463084356,5.355989463084356,5.355989463084356,5.355989463084356,5.355989463084356,5.355989463084356,5.355989463084356,5.355989463084356,5.355989463084356,5.355989463084356,5.355989463084356,5.355989463084356,5.355989463084356,5.355989463084356,5.355989463084356,5.355989463084356,5.355989463084356,5.355989463084356,5.355989463084356,5.355989463084356,5.355989463084356,5.355989463084356,5.355989463084356,5.355989463084356,5.355989463084356,5.355989463084356,5.355989463084356,5.355989463084356,5.355989463084356,5.355989463084356,5.355989463084356,5.355989463084356,5.355989463084356,5.355989463084356,5.355989463084356,5.355989463084356,5.355989463084356,5.355989463084356,5.355989463084356,5.355989463084356,5.355989463084356,5.355989463084356,5.355989463084356,5.355989463084356,5.355989463084356,5.355989463084356,5.355989463084356,5.355989463084356,5.355989463084356,5.355989463084356,5.355989463084356,5.355989463084356,5.355989463084356,5.355989463084356,5.355989463084356,5.355989463084356,5.355989463084356,5.355989463084356,5.355989463084356,5.355989463084356,5.355989463084356,5.355989463084356,5.355989463084356,5.355989463084356,5.355989463084356,5.355989463084356,5.355989463084356,5.355989463084356,5.355989463084356,5.355989463084356,5.355989463084356,5.355989463084356,5.355989463084356,5.355989463084356,5.355989463084356,5.355989463084356,5.355989463084356,5.355989463084356,5.355989463084356,5.355989463084356,5.355989463084356,5.355989463084356,5.355989463084356,5.355989463084356,5.355989463084356,5.355989463084356,5.355989463084356,5.355989463084356,5.355989463084356,5.355989463084356,5.355989463084356,5.355989463084356,5.355989463084356,5.355989463084356,5.355989463084356,5.355989463084356,5.355989463084356,5.355989463084356,5.355989463084356,5.355989463084356,5.355989463084356,5.355989463084356,5.355989463084356,5.355989463084356,5.355989463084356,5.355989463084356,5.355989463084356,5.355989463084356,5.355989463084356,5.355989463084356,5.355989463084356,5.355989463084356,5.355989463084356,5.355989463084356,5.355989463084356,5.355989463084356,5.355989463084356,5.355989463084356,5.355989463084356,5.355989463084356,5.355989463084356,5.355989463084356,5.355989463084356,5.355989463084356,5.355989463084356,5.355989463084356,5.355989463084356,5.355989463084356,5.355989463084356,5.355989463084356,5.355989463084356,5.355989463084356,5.355989463084356,5.355989463084356,5.355989463084356,5.355989463084356,5.355989463084356,5.355989463084356,5.355989463084356,5.355989463084356,5.355989463084356,5.355989463084356,5.355989463084356,5.355989463084356,5.355989463084356,5.355989463084356,5.355989463084356,5.217791339455705,5.217791339455705,5.217791339455705,5.217791339455705,5.217791339455705,5.217791339455705,5.217791339455705,5.217791339455705,5.217791339455705,5.217791339455705,5.217791339455705,5.217791339455705,5.217791339455705,5.217791339455705,5.217791339455705,5.217791339455705,5.217791339455705,5.217791339455705,5.217791339455705,5.217791339455705,5.217791339455705,5.217791339455705,5.217791339455705,5.217791339455705,5.217791339455705,5.217791339455705,5.217791339455705,5.217791339455705,5.217791339455705,5.217791339455705,5.217791339455705,5.217791339455705,5.217791339455705,5.217791339455705,5.217791339455705,5.217791339455705,5.217791339455705,5.217791339455705,5.217791339455705,5.217791339455705,5.217791339455705,5.217791339455705,5.217791339455705,5.217791339455705,5.217791339455705,5.217791339455705,5.217791339455705,5.217791339455705,5.217791339455705,5.217791339455705,5.217791339455705,5.20167988216133,5.20167988216133,5.066508038736583,5.066508038736583,5.066508038736583,5.066508038736583,5.066508038736583,5.066508038736583,5.066508038736583,5.066508038736583,5.066508038736583,5.066508038736583,5.066508038736583,5.066508038736583,5.066508038736583,5.066508038736583,5.066508038736583,5.066508038736583,5.066508038736583,5.066508038736583,5.066508038736583,5.066508038736583,5.066508038736583,5.066508038736583,5.066508038736583,5.066508038736583,5.066508038736583,5.066508038736583,5.066508038736583,5.066508038736583,5.066508038736583,5.066508038736583,5.066508038736583,5.066508038736583,5.066508038736583,5.066508038736583,5.066508038736583,5.066508038736583,5.066508038736583,5.066508038736583,5.066508038736583,5.066508038736583,5.066508038736583,5.066508038736583,5.066508038736583,5.066508038736583,5.066508038736583,5.066508038736583,5.066508038736583,5.066508038736583,5.066508038736583,5.066508038736583,5.066508038736583,5.066508038736583,5.066508038736583,5.066508038736583,5.066508038736583,5.066508038736583,5.066508038736583,5.066508038736583,5.066508038736583,5.066508038736583,5.066508038736583,5.066508038736583,5.066508038736583,5.066508038736583,5.066508038736583,5.066508038736583,5.066508038736583,5.066508038736583,5.066508038736583,5.066508038736583,5.066508038736583,5.066508038736583,5.066508038736583,5.066508038736583,5.066508038736583,5.066508038736583,5.066508038736583,5.066508038736583,5.066508038736583,5.066508038736583,5.066508038736583,5.066508038736583,5.066508038736583,5.066508038736583,5.066508038736583,5.066508038736583,5.066508038736583,5.066508038736583,5.066508038736583,5.066508038736583,5.066508038736583,5.066508038736583,5.066508038736583,5.066508038736583,5.066508038736583,5.066508038736583,5.066508038736583,5.066508038736583,5.066508038736583,5.066508038736583,5.066508038736583,5.066508038736583,5.066508038736583,5.066508038736583,5.066508038736583,5.066508038736583,5.066508038736583,5.066508038736583,5.066508038736583,5.066508038736583,5.066508038736583,5.066508038736583,5.066508038736583,5.066508038736583,5.066508038736583,5.066508038736583,5.066508038736583,5.066508038736583,5.066508038736583,5.066508038736583,5.066508038736583,5.066508038736583,5.066508038736583,5.066508038736583,5.066508038736583,5.066508038736583,5.066508038736583,5.066508038736583,5.066508038736583,5.066508038736583,5.066508038736583,5.066508038736583,5.066508038736583,5.066508038736583,5.066508038736583,5.066508038736583,5.066508038736583,5.066508038736583,5.066508038736583,5.066508038736583,5.066508038736583,5.066508038736583,5.066508038736583,5.066508038736583,5.066508038736583,5.066508038736583,5.066508038736583,5.066508038736583,5.066508038736583,5.066508038736583,5.066508038736583,5.066508038736583,5.066508038736583,5.066508038736583,5.066508038736583,5.066508038736583,5.066508038736583,5.066508038736583,5.066508038736583,5.066508038736583,5.066508038736583,5.066508038736583,5.066508038736583,5.066508038736583,5.066508038736583,5.066508038736583,5.066508038736583,5.066508038736583,5.066508038736583,5.066508038736583,5.066508038736583,5.066508038736583,5.066508038736583,5.066508038736583,5.066508038736583,5.066508038736583,5.066508038736583,5.066508038736583,5.066508038736583,5.066508038736583,5.066508038736583,5.066508038736583,5.066508038736583,5.066508038736583,5.066508038736583,5.066508038736583,5.066508038736583,5.066508038736583,5.066508038736583,5.066508038736583,5.066508038736583,5.066508038736583,5.066508038736583,5.066508038736583,5.066508038736583,5.066508038736583,5.066508038736583,5.066508038736583,5.066508038736583,5.066508038736583,5.066508038736583,5.066508038736583,5.066508038736583,5.066508038736583,5.066508038736583,5.066508038736583,5.066508038736583,5.066508038736583,5.066508038736583,5.066508038736583,5.066508038736583,5.066508038736583,5.066508038736583,5.066508038736583,5.066508038736583,5.066508038736583,5.066508038736583,5.066508038736583,5.066508038736583,5.066508038736583,5.066508038736583,5.066508038736583,5.066508038736583,5.066508038736583,5.066508038736583,5.066508038736583,5.066508038736583,5.066508038736583,5.066508038736583,5.026359663152521,5.026359663152521,5.026359663152521,5.026359663152521,5.026359663152521,5.026359663152521,5.026359663152521,5.026359663152521,5.026359663152521,5.026359663152521,5.026359663152521,5.026359663152521,5.026359663152521,5.026359663152521,5.026359663152521,5.026359663152521,5.026359663152521,5.026359663152521,5.026359663152521,5.026359663152521,5.026359663152521,5.026359663152521,5.026359663152521,5.026359663152521,4.902067449909113,4.902067449909113,4.902067449909113,4.902067449909113,4.902067449909113,4.902067449909113,4.902067449909113,4.902067449909113,4.902067449909113,4.902067449909113,4.902067449909113,4.902067449909113,4.902067449909113,4.902067449909113,4.902067449909113,4.902067449909113,4.902067449909113,4.902067449909113,4.902067449909113,4.902067449909113,4.902067449909113,4.902067449909113,4.902067449909113,4.902067449909113,4.902067449909113,4.902067449909113,4.902067449909113,4.902067449909113,4.902067449909113,4.902067449909113,4.902067449909113,4.902067449909113,4.902067449909113,4.902067449909113,4.902067449909113,4.902067449909113,4.902067449909113,4.902067449909113,4.902067449909113,4.902067449909113,4.902067449909113,4.902067449909113,4.902067449909113,4.902067449909113,4.902067449909113,4.902067449909113,4.902067449909113,4.902067449909113,4.902067449909113,4.902067449909113,4.902067449909113,4.902067449909113,4.902067449909113,4.902067449909113,4.902067449909113,4.902067449909113,4.902067449909113,4.902067449909113,4.902067449909113,4.902067449909113,4.902067449909113,4.902067449909113,4.902067449909113,4.902067449909113,4.902067449909113,4.902067449909113,4.902067449909113,4.902067449909113,4.902067449909113,4.902067449909113,4.902067449909113,4.902067449909113,4.902067449909113,4.902067449909113,4.902067449909113,4.902067449909113,4.902067449909113,4.902067449909113,4.902067449909113,4.902067449909113,4.902067449909113,4.902067449909113,4.902067449909113,4.902067449909113,4.902067449909113,4.902067449909113,4.902067449909113,4.902067449909113,4.902067449909113,4.902067449909113,4.902067449909113,4.902067449909113,4.902067449909113,4.902067449909113,4.902067449909113,4.902067449909113,4.902067449909113,4.902067449909113,4.902067449909113,4.902067449909113,4.902067449909113,4.902067449909113,4.902067449909113,4.902067449909113,4.902067449909113,4.902067449909113,4.902067449909113,4.902067449909113,4.902067449909113,4.902067449909113,4.902067449909113,4.902067449909113,4.902067449909113,4.902067449909113,4.902067449909113,4.902067449909113,4.902067449909113,4.902067449909113,4.902067449909113,4.902067449909113,4.902067449909113,4.902067449909113,4.902067449909113,4.902067449909113,4.902067449909113,4.902067449909113,4.902067449909113,4.902067449909113,4.902067449909113,4.902067449909113,4.902067449909113,4.902067449909113,4.902067449909113,4.902067449909113,4.902067449909113,4.902067449909113,4.902067449909113,4.902067449909113,4.902067449909113,4.902067449909113,4.902067449909113,4.902067449909113,4.902067449909113,4.902067449909113,4.902067449909113,4.902067449909113,4.902067449909113,4.902067449909113,4.902067449909113,4.902067449909113,4.902067449909113,4.902067449909113,4.902067449909113,4.902067449909113,4.902067449909113,4.902067449909113,4.902067449909113,4.902067449909113,4.902067449909113,4.902067449909113,4.902067449909113,4.902067449909113,4.902067449909113,4.902067449909113,4.902067449909113,4.902067449909113,4.902067449909113,4.902067449909113,4.902067449909113,4.902067449909113,4.902067449909113,4.902067449909113,4.902067449909113,4.902067449909113,4.902067449909113,4.902067449909113,4.902067449909113,4.902067449909113,4.902067449909113,4.902067449909113,4.902067449909113,4.902067449909113,4.902067449909113,4.902067449909113,4.902067449909113,4.902067449909113,4.902067449909113,4.902067449909113,4.902067449909113,4.902067449909113,4.902067449909113,4.902067449909113,4.902067449909113,4.902067449909113,4.902067449909113,4.902067449909113,4.902067449909113,4.902067449909113,4.902067449909113,4.902067449909113,4.902067449909113,4.902067449909113,4.902067449909113,4.902067449909113,4.902067449909113,4.902067449909113,4.902067449909113,4.902067449909113,4.902067449909113,4.902067449909113,4.902067449909113,4.902067449909113,4.902067449909113,4.902067449909113,4.902067449909113,4.902067449909113,4.902067449909113,4.902067449909113,4.902067449909113,4.902067449909113,4.902067449909113,4.902067449909113,4.902067449909113,4.902067449909113,4.902067449909113,4.902067449909113,4.902067449909113,4.902067449909113,4.902067449909113,4.902067449909113,4.902067449909113,4.902067449909113,4.902067449909113,4.902067449909113,4.902067449909113,4.902067449909113,4.902067449909113,4.902067449909113,4.902067449909113,4.902067449909113,4.902067449909113,4.902067449909113,4.902067449909113,4.902067449909113,4.902067449909113,4.902067449909113,4.902067449909113,4.902067449909113,4.902067449909113,4.902067449909113,4.902067449909113,4.902067449909113,4.902067449909113,4.902067449909113,4.902067449909113,4.902067449909113,4.902067449909113,4.902067449909113,4.902067449909113,4.902067449909113,4.902067449909113,4.902067449909113,4.902067449909113,4.902067449909113,4.902067449909113,4.902067449909113,4.902067449909113,4.902067449909113,4.902067449909113,4.902067449909113,4.902067449909113,4.902067449909113,4.902067449909113,4.902067449909113,4.902067449909113,4.902067449909113,4.902067449909113,4.902067449909113,4.902067449909113,4.902067449909113,4.902067449909113,4.902067449909113,4.902067449909113,4.902067449909113,4.902067449909113,4.902067449909113,4.902067449909113,4.902067449909113,4.902067449909113,4.902067449909113,4.902067449909113,4.902067449909113,4.902067449909113,4.902067449909113,4.902067449909113,4.902067449909113,4.902067449909113,4.902067449909113,4.902067449909113,4.902067449909113,7.321261306534656,6.570367579005231,6.570367579005231,6.570367579005231,6.570367579005231,6.570367579005231,6.570367579005231,6.570367579005231,6.570367579005231,6.570367579005231,6.570367579005231,6.570367579005231,6.570367579005231,6.570367579005231,6.570367579005231,6.570367579005231,6.570367579005231,6.570367579005231,6.570367579005231,6.570367579005231,6.570367579005231,6.570367579005231,6.570367579005231,6.570367579005231,6.570367579005231,6.570367579005231,6.570367579005231,6.570367579005231,6.570367579005231,6.570367579005231,6.570367579005231,6.570367579005231,6.570367579005231,6.570367579005231,6.570367579005231,6.570367579005231,6.570367579005231,6.570367579005231,6.570367579005231,6.570367579005231,6.570367579005231,6.570367579005231,6.570367579005231,6.570367579005231,6.570367579005231,6.570367579005231,6.570367579005231,6.570367579005231,6.570367579005231,6.570367579005231,6.570367579005231,6.570367579005231,6.347080390378237,6.347080390378237,6.347080390378237,6.347080390378237,6.347080390378237,6.347080390378237,6.347080390378237,6.347080390378237,6.347080390378237,6.347080390378237,6.347080390378237,6.347080390378237,6.347080390378237,6.347080390378237,6.347080390378237,6.347080390378237,6.347080390378237,6.347080390378237,6.347080390378237,6.347080390378237,6.347080390378237,6.347080390378237,6.347080390378237,6.347080390378237,6.347080390378237,6.347080390378237,6.347080390378237,6.347080390378237,6.347080390378237,6.347080390378237,6.347080390378237,6.347080390378237,6.347080390378237,6.048766349688626,5.416557853089962,5.416557853089962,5.061782963522036,5.061782963522036,5.061782963522036,5.061782963522036,5.061782963522036,4.965129468606795,4.965129468606795,4.965129468606795,4.965129468606795,4.965129468606795,4.965129468606795,4.965129468606795,4.965129468606795,4.965129468606795,4.965129468606795,4.965129468606795,4.965129468606795,4.965129468606795,4.965129468606795,4.889911760385747,4.879870387363691,4.879870387363691,4.879870387363691,4.879870387363691,4.879870387363691,4.879870387363691,4.879870387363691,4.879870387363691,4.879870387363691,4.879870387363691,4.879870387363691,4.879870387363691,4.879870387363691,4.879870387363691,4.879870387363691,4.879870387363691,4.879870387363691,4.879870387363691,4.879870387363691,4.879870387363691,4.879870387363691,4.879870387363691,4.879870387363691,4.879870387363691,4.879870387363691,4.879870387363691,4.879870387363691,4.879870387363691,4.879870387363691,4.879870387363691,4.879870387363691,4.879870387363691,4.879870387363691,4.879870387363691,4.879870387363691,4.879870387363691,4.879870387363691,4.879870387363691,4.879870387363691,4.879870387363691,4.879870387363691,4.879870387363691,4.879870387363691,4.879870387363691,4.879870387363691,4.879870387363691,4.879870387363691,4.879870387363691,4.721121404627037,4.721121404627037,4.721121404627037,4.721121404627037,4.721121404627037,4.721121404627037,4.721121404627037,4.702156451400001,4.702156451400001,4.702156451400001,4.440486840660893,4.440486840660893,4.440486840660893,4.440486840660893,4.440486840660893,4.440486840660893,4.440486840660893,4.440486840660893,4.440486840660893,4.440486840660893,4.440486840660893,4.440486840660893,4.440486840660893,4.440486840660893,4.440486840660893,4.440486840660893,4.440486840660893,4.440486840660893,4.440486840660893,4.440486840660893,4.440486840660893,4.440486840660893,4.440486840660893,4.440486840660893,4.440486840660893,4.440486840660893,4.440486840660893,4.440486840660893,4.440486840660893,4.440486840660893,4.440486840660893,4.440486840660893,4.440486840660893,4.440486840660893,4.440486840660893,4.440486840660893,4.440486840660893,4.440486840660893,4.440486840660893,4.440486840660893,4.440486840660893,4.440486840660893,4.440486840660893,4.440486840660893,4.440486840660893,4.440486840660893,4.440486840660893,4.440486840660893,4.440486840660893,4.440486840660893,4.440486840660893,4.440486840660893,4.440486840660893,4.440486840660893,4.440486840660893,4.440486840660893,4.440486840660893,4.440486840660893,4.440486840660893,4.440486840660893,4.440486840660893,4.440486840660893,4.440486840660893,4.440486840660893,4.440486840660893,4.440486840660893,4.440486840660893,4.440486840660893,4.440486840660893,4.440486840660893,4.440486840660893,4.440486840660893,4.440486840660893,4.440486840660893,4.440486840660893,4.440486840660893,4.440486840660893,4.440486840660893,4.29217784870984,4.29217784870984,4.29217784870984,4.29217784870984,4.29217784870984,4.29217784870984,4.29217784870984,4.29217784870984,4.29217784870984,4.29217784870984,4.29217784870984,4.29217784870984,4.29217784870984,4.29217784870984,4.29217784870984,4.29217784870984,4.29217784870984,4.29217784870984,4.29217784870984,4.29217784870984,4.29217784870984,4.29217784870984,4.29217784870984,4.29217784870984,4.29217784870984,4.29217784870984,4.29217784870984,4.29217784870984,4.29217784870984,4.29217784870984,4.29217784870984,4.29217784870984,4.29217784870984,4.29217784870984,4.29217784870984,4.29217784870984,4.29217784870984,4.29217784870984,4.29217784870984,4.29217784870984,4.29217784870984,4.29217784870984,4.29217784870984,4.29217784870984,4.29217784870984,4.29217784870984,4.29217784870984,4.29217784870984,4.29217784870984,4.29217784870984,4.29217784870984,4.29217784870984,4.29217784870984,4.29217784870984,4.29217784870984,4.29217784870984,4.29217784870984,4.29217784870984,4.29217784870984,4.29217784870984,4.29217784870984,4.29217784870984,4.29217784870984,4.29217784870984,4.29217784870984,4.29217784870984,4.29217784870984,4.29217784870984,4.29217784870984,4.29217784870984,4.29217784870984,4.29217784870984,4.29217784870984,4.29217784870984,4.29217784870984,4.29217784870984,4.29217784870984,4.29217784870984,4.29217784870984,4.29217784870984,4.29217784870984,4.29217784870984,4.29217784870984,4.29217784870984,4.29217784870984,4.29217784870984,4.29217784870984,4.29217784870984,4.29217784870984,4.29217784870984,4.29217784870984,4.29217784870984,4.29217784870984,4.29217784870984,4.29217784870984,4.29217784870984,4.29217784870984,4.29217784870984,4.29217784870984,4.29217784870984,4.29217784870984,4.29217784870984,4.29217784870984,4.29217784870984,4.29217784870984,4.29217784870984,4.29217784870984,4.29217784870984,4.29217784870984,4.29217784870984,4.29217784870984,4.29217784870984,4.29217784870984,4.29217784870984,4.29217784870984,4.29217784870984,4.29217784870984,4.29217784870984,4.29217784870984,4.29217784870984,4.29217784870984,4.29217784870984,4.29217784870984,4.29217784870984,4.29217784870984,4.29217784870984,4.29217784870984,4.29217784870984,4.29217784870984,4.29217784870984,4.29217784870984,4.29217784870984,4.29217784870984,4.29217784870984,4.29217784870984,4.29217784870984,4.29217784870984,4.29217784870984,4.29217784870984,4.29217784870984,4.29217784870984,4.29217784870984,4.29217784870984,4.29217784870984,4.29217784870984,4.29217784870984,4.29217784870984,4.29217784870984,4.29217784870984,4.29217784870984,4.29217784870984,4.29217784870984,4.29217784870984,4.29217784870984,4.29217784870984,4.29217784870984,4.29217784870984,4.29217784870984,4.29217784870984,4.29217784870984,4.29217784870984,4.29217784870984,4.29217784870984,4.29217784870984,4.29217784870984,4.29217784870984,4.29217784870984,4.29217784870984,4.29217784870984,4.29217784870984,4.29217784870984,4.29217784870984,4.29217784870984,4.29217784870984,4.29217784870984,4.29217784870984,4.29217784870984,4.29217784870984,4.29217784870984,4.29217784870984,4.29217784870984,4.29217784870984,4.29217784870984,4.29217784870984,4.29217784870984,4.29217784870984,4.29217784870984,4.29217784870984,4.29217784870984,4.29217784870984,4.29217784870984,4.29217784870984,4.29217784870984,4.29217784870984,4.29217784870984,4.29217784870984,4.29217784870984,4.29217784870984,4.29217784870984,4.29217784870984,4.29217784870984,4.29217784870984,4.29217784870984,4.29217784870984,4.29217784870984,4.29217784870984,4.29217784870984,4.29217784870984,4.29217784870984,4.29217784870984,4.29217784870984,4.29217784870984,4.29217784870984,4.29217784870984,4.29217784870984,4.29217784870984,4.29217784870984,4.29217784870984,4.29217784870984,4.29217784870984,4.29217784870984,4.29217784870984,4.29217784870984,4.29217784870984,4.29217784870984,4.29217784870984,4.29217784870984,4.29217784870984,4.29217784870984,4.29217784870984,4.29217784870984,4.29217784870984,4.29217784870984,4.29217784870984,4.29217784870984,4.29217784870984,4.29217784870984,4.29217784870984,4.29217784870984,4.29217784870984,4.29217784870984,4.29217784870984,4.29217784870984,4.29217784870984,4.29217784870984,4.29217784870984,4.29217784870984,4.29217784870984,4.29217784870984,4.29217784870984,4.29217784870984,4.29217784870984,4.29217784870984,4.29217784870984,4.29217784870984,4.29217784870984,4.29217784870984,4.29217784870984,4.29217784870984,4.29217784870984,4.29217784870984,4.29217784870984,4.29217784870984,4.29217784870984,4.29217784870984,4.29217784870984,4.29217784870984,4.29217784870984,4.29217784870984,4.29217784870984,4.29217784870984,4.29217784870984,4.29217784870984,4.29217784870984,4.29217784870984,4.29217784870984,4.29217784870984,4.29217784870984,4.29217784870984,4.29217784870984,4.29217784870984,4.29217784870984,4.29217784870984,4.29217784870984,4.29217784870984,4.29217784870984,4.29217784870984,4.29217784870984,4.29217784870984,4.29217784870984,4.29217784870984,4.29217784870984,4.29217784870984,4.29217784870984,4.29217784870984,4.29217784870984,4.29217784870984,4.29217784870984,4.29217784870984,4.29217784870984,4.29217784870984,4.29217784870984,4.29217784870984,4.29217784870984,4.29217784870984,4.29217784870984,4.29217784870984,4.29217784870984,4.29217784870984,4.29217784870984,4.29217784870984,4.29217784870984,4.29217784870984,4.29217784870984,4.29217784870984,4.29217784870984,4.29217784870984,4.29217784870984,4.29217784870984,4.29217784870984,4.29217784870984,4.29217784870984,4.29217784870984,4.29217784870984,4.29217784870984,4.29217784870984,4.29217784870984,4.29217784870984,4.29217784870984,4.29217784870984,4.29217784870984,4.29217784870984,4.29217784870984,4.29217784870984,4.29217784870984,4.29217784870984,4.29217784870984,4.29217784870984,4.29217784870984,4.29217784870984,4.29217784870984,4.29217784870984,4.29217784870984,4.29217784870984,4.29217784870984,4.29217784870984,4.29217784870984,4.29217784870984,4.29217784870984,4.29217784870984,4.29217784870984,4.29217784870984,4.29217784870984,4.29217784870984,4.29217784870984,4.29217784870984,4.29217784870984,4.29217784870984,4.29217784870984,4.29217784870984,4.29217784870984,4.29217784870984,4.29217784870984,4.29217784870984,4.29217784870984,4.29217784870984,4.29217784870984,4.29217784870984,4.29217784870984,4.29217784870984,4.29217784870984,4.29217784870984,4.29217784870984,4.29217784870984,4.29217784870984,4.29217784870984,4.29217784870984,4.29217784870984,4.29217784870984,4.29217784870984,4.29217784870984,4.29217784870984,4.29217784870984,4.29217784870984,4.29217784870984,4.29217784870984,4.29217784870984,4.29217784870984,4.29217784870984,4.29217784870984,4.29217784870984,4.29217784870984,4.29217784870984,4.29217784870984,4.29217784870984,4.29217784870984,4.29217784870984,4.29217784870984,4.29217784870984,4.29217784870984,4.29217784870984,4.29217784870984,4.29217784870984,4.29217784870984,4.29217784870984,4.29217784870984,4.29217784870984,4.29217784870984,4.29217784870984,4.29217784870984,4.29217784870984,4.29217784870984,4.29217784870984,4.29217784870984,4.29217784870984,4.29217784870984,4.29217784870984,4.29217784870984,4.29217784870984,4.29217784870984,4.29217784870984,4.29217784870984,4.29217784870984,4.29217784870984,4.29217784870984,4.29217784870984,4.29217784870984,4.29217784870984,4.29217784870984,4.29217784870984,4.29217784870984,4.29217784870984,4.29217784870984,4.29217784870984,4.29217784870984,4.29217784870984,4.29217784870984,4.29217784870984,4.29217784870984,4.29217784870984,4.29217784870984,4.29217784870984,4.29217784870984,4.29217784870984,4.29217784870984,4.29217784870984,4.29217784870984,4.29217784870984,4.29217784870984,4.29217784870984,4.29217784870984,4.29217784870984,4.29217784870984,4.29217784870984,4.29217784870984,4.29217784870984,4.29217784870984,4.29217784870984,4.29217784870984,4.29217784870984,4.29217784870984,4.29217784870984,4.29217784870984,4.29217784870984,4.29217784870984,4.29217784870984,4.29217784870984,4.29217784870984,4.29217784870984,4.29217784870984,4.29217784870984,4.29217784870984,4.29217784870984,4.29217784870984,4.29217784870984,4.29217784870984,4.29217784870984,4.29217784870984,4.29217784870984,4.29217784870984,4.29217784870984,4.29217784870984,4.29217784870984,4.29217784870984,4.29217784870984,4.29217784870984,4.29217784870984,4.29217784870984,4.29217784870984,4.29217784870984,4.29217784870984,4.29217784870984,4.29217784870984,4.29217784870984,4.29217784870984,4.29217784870984,4.29217784870984,4.29217784870984,4.29217784870984,4.29217784870984,4.29217784870984,4.29217784870984,4.29217784870984,4.29217784870984,4.29217784870984,4.29217784870984,4.29217784870984,4.29217784870984,4.29217784870984,4.29217784870984,4.29217784870984,4.29217784870984,4.29217784870984,4.29217784870984,4.29217784870984,4.29217784870984,4.29217784870984,4.29217784870984,4.29217784870984,4.29217784870984,4.29217784870984,4.29217784870984,4.29217784870984,4.29217784870984,4.29217784870984,4.29217784870984,4.29217784870984,4.29217784870984,4.190860293259788,4.190860293259788,4.190860293259788,4.190860293259788,4.149554377832451,4.149554377832451,4.149554377832451,4.149554377832451,4.149554377832451,4.149554377832451,4.149554377832451,4.149554377832451,4.149554377832451,4.149554377832451,4.149554377832451,4.149554377832451,4.149554377832451,4.149554377832451,4.149554377832451,4.149554377832451,4.149554377832451,4.149554377832451,4.149554377832451,4.149554377832451,4.149554377832451,4.149554377832451,4.149554377832451,4.149554377832451,4.149554377832451,4.149554377832451,4.149554377832451,4.149554377832451,4.149554377832451,4.149554377832451,4.149554377832451,4.149554377832451,4.149554377832451,4.149554377832451,4.149554377832451,4.149554377832451,4.149554377832451,4.149554377832451,4.149554377832451,4.149554377832451,4.149554377832451,4.149554377832451,4.149554377832451,4.149554377832451,4.149554377832451,4.149554377832451,4.149554377832451,4.149554377832451,4.149554377832451,4.149554377832451,4.149554377832451,4.149554377832451,4.149554377832451,4.149554377832451,4.149554377832451,4.149554377832451,4.149554377832451,4.149554377832451,4.149554377832451,4.149554377832451,4.149554377832451,4.149554377832451,4.149554377832451,4.149554377832451,4.149554377832451,4.149554377832451,4.149554377832451,4.149554377832451,4.149554377832451,4.149554377832451,4.149554377832451,4.149554377832451,4.149554377832451,4.149554377832451,4.149554377832451,4.149554377832451,4.149554377832451,4.149554377832451,4.149554377832451,4.149554377832451,4.149554377832451,4.149554377832451,4.149554377832451,4.149554377832451,4.149554377832451,4.149554377832451,4.149554377832451,4.149554377832451,4.149554377832451,4.149554377832451,4.149554377832451,4.149554377832451,4.149554377832451,4.149554377832451,4.149554377832451,4.149554377832451,4.149554377832451,4.149554377832451,4.149554377832451,4.149554377832451,4.149554377832451,4.149554377832451,4.149554377832451,4.149554377832451,4.149554377832451,4.149554377832451,4.149554377832451,4.149554377832451,4.149554377832451,4.149554377832451,4.149554377832451,4.149554377832451,4.149554377832451,4.149554377832451,4.149554377832451,4.149554377832451,4.149554377832451,4.149554377832451,4.149554377832451,4.149554377832451,4.149554377832451,4.149554377832451,4.149554377832451,4.149554377832451,4.149554377832451,4.149554377832451,4.149554377832451,4.149554377832451,4.149554377832451,4.149554377832451,4.149554377832451,4.149554377832451,4.149554377832451,4.149554377832451,4.149554377832451,4.149554377832451,4.149554377832451,4.149554377832451,4.149554377832451,4.149554377832451,4.149554377832451,4.149554377832451,4.149554377832451,4.149554377832451,4.149554377832451,4.149554377832451,4.149554377832451,4.149554377832451,4.149554377832451,4.149554377832451,4.149554377832451,4.149554377832451,4.149554377832451,4.149554377832451,4.149554377832451,4.149554377832451,4.149554377832451,4.149554377832451,4.149554377832451,4.149554377832451,4.149554377832451,4.149554377832451,4.149554377832451,4.149554377832451,4.149554377832451,4.149554377832451,4.149554377832451,4.149554377832451,4.149554377832451,4.149554377832451,4.149554377832451,4.149554377832451,4.149554377832451,4.149554377832451,4.149554377832451,4.149554377832451,4.149554377832451,4.149554377832451,4.149554377832451,4.149554377832451,4.149554377832451,4.149554377832451,4.149554377832451,4.149554377832451,4.149554377832451,4.149554377832451,4.149554377832451,4.149554377832451,4.149554377832451,4.149554377832451,4.149554377832451,4.149554377832451,4.149554377832451,4.149554377832451,4.149554377832451,4.149554377832451,4.149554377832451,4.149554377832451,4.149554377832451,4.149554377832451,4.149554377832451,4.149554377832451,4.149554377832451,4.149554377832451,4.149554377832451,4.149554377832451,4.149554377832451,4.149554377832451,4.149554377832451,4.149554377832451,4.149554377832451,4.149554377832451,4.149554377832451,4.149554377832451,4.149554377832451,4.149554377832451,4.149554377832451,4.149554377832451,4.149554377832451,4.149554377832451,4.149554377832451,4.149554377832451,4.149554377832451,4.149554377832451,6.356182277330778,5.891753745121032,5.891753745121032,5.891753745121032,5.891753745121032,5.891753745121032,5.891753745121032,5.891753745121032,5.891753745121032,5.891753745121032,5.891753745121032,5.891753745121032,5.891753745121032,5.891753745121032,5.891753745121032,5.891753745121032,5.891753745121032,5.772277952819092,5.772277952819092,5.772277952819092,5.772277952819092,5.772277952819092,5.772277952819092,5.772277952819092,5.772277952819092,5.772277952819092,5.772277952819092,5.772277952819092,5.772277952819092,5.772277952819092,5.772277952819092,5.772277952819092,5.772277952819092,5.772277952819092,5.772277952819092,5.772277952819092,5.772277952819092,5.772277952819092,5.752967217953293,5.752967217953293,5.752967217953293,5.752967217953293,5.752967217953293,5.752967217953293,5.744521795632659,5.744521795632659,5.744521795632659,5.744521795632659,5.744521795632659,5.744521795632659,5.744521795632659,5.744521795632659,5.744521795632659,5.744521795632659,5.744521795632659,5.744521795632659,5.744521795632659,5.744521795632659,5.744521795632659,5.744521795632659,5.744521795632659,5.744521795632659,5.744521795632659,5.744521795632659,5.744521795632659,5.744521795632659,5.744521795632659,5.744521795632659,5.744521795632659,5.744521795632659,5.744521795632659,5.744521795632659,5.744521795632659,5.744521795632659,5.744521795632659,5.744521795632659,5.744521795632659,5.744521795632659,5.744521795632659,5.744521795632659,5.744521795632659,5.744521795632659,5.744521795632659,5.744521795632659,5.744521795632659,5.744521795632659,5.744521795632659,5.744521795632659,5.744521795632659,5.744521795632659,5.744521795632659,5.744521795632659,5.744521795632659,5.744521795632659,5.744521795632659,5.744521795632659,5.744521795632659,5.744521795632659,5.744521795632659,5.744521795632659,5.744521795632659,5.744521795632659,5.744521795632659,5.744521795632659,5.744521795632659,5.744521795632659,5.744521795632659,5.744521795632659,5.744521795632659,5.744521795632659,5.744521795632659,5.43955000524865,4.811348491937702,4.765936577397564,4.366644082296111,4.366644082296111,4.334914717819366,4.146142975550534,4.146142975550534,4.146142975550534,4.146142975550534,4.146142975550534,4.146142975550534,4.146142975550534,4.146142975550534,4.146142975550534,4.14161709391767,4.14161709391767,4.14161709391767,4.14161709391767,4.14161709391767,4.14161709391767,4.14161709391767,4.14161709391767,4.14161709391767,4.14161709391767,4.14161709391767,4.14161709391767,4.14161709391767,4.14161709391767,4.14161709391767,4.14161709391767,4.14161709391767,4.14161709391767,4.14161709391767,4.14161709391767,4.14161709391767,4.14161709391767,4.14161709391767,4.14161709391767,4.14161709391767,4.14161709391767,4.14161709391767,4.14161709391767,4.14161709391767,4.14161709391767,4.14161709391767,4.14161709391767,4.14161709391767,4.14161709391767,4.14161709391767,4.14161709391767,4.14161709391767,4.14161709391767,4.14161709391767,4.14161709391767,4.14161709391767,4.14161709391767,4.14161709391767,4.14161709391767,4.14161709391767,4.14161709391767,4.14161709391767,4.14161709391767,4.14161709391767,4.14161709391767,4.14161709391767,4.14161709391767,4.14161709391767,4.14161709391767,4.14161709391767,4.14161709391767,4.14161709391767,4.14161709391767,4.14161709391767,4.14161709391767,4.14161709391767,4.14161709391767,4.14161709391767,4.14161709391767,4.14161709391767,4.14161709391767,4.14161709391767,4.14161709391767,4.14161709391767,4.14161709391767,4.14161709391767,4.14161709391767,4.14161709391767,4.14161709391767,4.14161709391767,4.14161709391767,4.14161709391767,4.14161709391767,4.14161709391767,4.14161709391767,4.14161709391767,4.14161709391767,4.14161709391767,4.14161709391767,4.14161709391767,4.14161709391767,4.14161709391767,4.14161709391767,4.14161709391767,4.14161709391767,4.14161709391767,4.14161709391767,4.14161709391767,4.14161709391767,4.14161709391767,4.14161709391767,4.14161709391767,4.14161709391767,4.14161709391767,4.14161709391767,4.14161709391767,4.14161709391767,4.14161709391767,4.14161709391767,4.14161709391767,4.14161709391767,4.14161709391767,4.14161709391767,4.14161709391767,4.14161709391767,4.14161709391767,4.14161709391767,4.14161709391767,4.14161709391767,4.14161709391767,4.14161709391767,4.14161709391767,4.14161709391767,4.14161709391767,4.14161709391767,4.14161709391767,4.14161709391767,4.14161709391767,4.14161709391767,4.14161709391767,4.14161709391767,4.14161709391767,4.14161709391767,4.14161709391767,4.14161709391767,4.14161709391767,4.14161709391767,4.14161709391767,4.14161709391767,4.14161709391767,4.14161709391767,4.14161709391767,4.14161709391767,4.14161709391767,4.14161709391767,4.14161709391767,4.14161709391767,4.14161709391767,4.14161709391767,4.14161709391767,4.14161709391767,4.14161709391767,4.14161709391767,4.14161709391767,4.14161709391767,4.14161709391767,4.14161709391767,4.14161709391767,4.14161709391767,4.14161709391767,4.14161709391767,4.14161709391767,4.14161709391767,4.14161709391767,4.14161709391767,4.14161709391767,4.14161709391767,4.14161709391767,4.14161709391767,4.14161709391767,4.14161709391767,4.14161709391767,4.14161709391767,4.14161709391767,4.14161709391767,4.14161709391767,4.14161709391767,4.14161709391767,4.14161709391767,4.14161709391767,4.14161709391767,4.14161709391767,4.14161709391767,4.14161709391767,4.14161709391767,4.14161709391767,4.14161709391767,4.14161709391767,4.14161709391767,4.14161709391767,4.14161709391767,4.14161709391767,4.14161709391767,4.14161709391767,4.14161709391767,4.14161709391767,4.14161709391767,4.14161709391767,4.14161709391767,4.14161709391767,4.14161709391767,4.14161709391767,4.14161709391767,4.14161709391767,4.14161709391767,4.14161709391767,4.14161709391767,4.14161709391767,4.14161709391767,4.14161709391767,4.14161709391767,4.14161709391767,4.14161709391767,4.14161709391767,4.14161709391767,4.14161709391767,4.14161709391767,4.14161709391767,4.14161709391767,4.14161709391767,4.14161709391767,4.14161709391767,4.14161709391767,4.14161709391767,4.14161709391767,4.14161709391767,4.14161709391767,4.14161709391767,4.14161709391767,4.14161709391767,4.14161709391767,4.14161709391767,4.14161709391767,4.14161709391767,4.14161709391767,4.14161709391767,4.14161709391767,4.14161709391767,4.14161709391767,4.14161709391767,4.14161709391767,4.14161709391767,4.14161709391767,4.14161709391767,4.14161709391767,4.14161709391767,4.14161709391767,4.14161709391767,4.14161709391767,4.14161709391767,4.14161709391767,4.14161709391767,4.14161709391767,4.14161709391767,4.14161709391767,4.14161709391767,4.14161709391767,4.14161709391767,4.14161709391767,4.14161709391767,4.14161709391767,4.14161709391767,4.14161709391767,4.14161709391767,4.14161709391767,4.14161709391767,4.14161709391767,4.14161709391767,4.14161709391767,4.14161709391767,4.14161709391767,4.14161709391767,4.14161709391767,4.14161709391767,4.14161709391767,4.14161709391767,4.14161709391767,4.14161709391767,4.14161709391767,4.14161709391767,4.14161709391767,4.14161709391767,4.14161709391767,4.14161709391767,4.14161709391767,4.14161709391767,4.14161709391767,4.14161709391767,4.14161709391767,4.14161709391767,4.14161709391767,4.14161709391767,4.14161709391767,4.14161709391767,4.14161709391767,4.14161709391767,4.14161709391767,4.14161709391767,4.14161709391767,4.14161709391767,4.14161709391767,4.14161709391767,4.14161709391767,4.14161709391767,4.14161709391767,4.14161709391767,4.14161709391767,4.14161709391767,4.14161709391767,4.14161709391767,4.14161709391767,4.14161709391767,4.14161709391767,4.14161709391767,4.14161709391767,4.14161709391767,4.14161709391767,4.14161709391767,4.14161709391767,4.14161709391767,4.14161709391767,4.14161709391767,4.14161709391767,4.14161709391767,4.14161709391767,4.14161709391767,4.14161709391767,4.14161709391767,4.14161709391767,4.14161709391767,4.14161709391767,4.14161709391767,4.14161709391767,4.14161709391767,4.14161709391767,4.14161709391767,4.14161709391767,4.14161709391767,4.14161709391767,4.14161709391767,4.14161709391767,4.14161709391767,4.14161709391767,4.14161709391767,4.14161709391767,4.14161709391767,4.14161709391767,4.14161709391767,4.14161709391767,4.14161709391767,4.14161709391767,4.14161709391767,4.14161709391767,4.14161709391767,4.14161709391767,4.14161709391767,4.14161709391767,4.14161709391767,4.14161709391767,4.14161709391767,4.14161709391767,4.14161709391767,4.14161709391767,4.14161709391767,4.14161709391767,4.14161709391767,4.14161709391767,4.14161709391767,4.14161709391767,4.14161709391767,4.14161709391767,4.14161709391767,4.14161709391767,4.14161709391767,4.14161709391767,4.14161709391767,4.14161709391767,4.14161709391767,4.14161709391767,4.14161709391767,4.14161709391767,4.14161709391767,4.14161709391767,4.14161709391767,4.14161709391767,4.14161709391767,4.14161709391767,4.14161709391767,4.14161709391767,4.14161709391767,4.14161709391767,4.14161709391767,4.14161709391767,4.14161709391767,4.14161709391767,4.14161709391767,4.14161709391767,4.14161709391767,4.14161709391767,4.14161709391767,4.14161709391767,4.14161709391767,4.14161709391767,4.14161709391767,4.14161709391767,4.14161709391767,4.14161709391767,4.14161709391767,4.14161709391767,4.14161709391767,4.14161709391767,4.14161709391767,4.14161709391767,4.14161709391767,4.14161709391767,4.14161709391767,4.14161709391767,4.14161709391767,4.14161709391767,4.14161709391767,4.14161709391767,4.14161709391767,4.14161709391767,4.14161709391767,4.14161709391767,4.14161709391767,4.14161709391767,4.14161709391767,4.14161709391767,4.14161709391767,4.14161709391767,4.14161709391767,4.14161709391767,4.14161709391767,4.14161709391767,4.14161709391767,4.14161709391767,4.14161709391767,4.14161709391767,4.14161709391767,4.14161709391767,4.14161709391767,4.14161709391767,4.14161709391767,4.14161709391767,4.14161709391767,4.14161709391767,4.14161709391767,4.14161709391767,4.14161709391767,4.14161709391767,4.14161709391767,4.14161709391767,4.14161709391767,4.14161709391767,4.14161709391767,4.14161709391767,4.14161709391767,4.14161709391767,4.14161709391767,4.14161709391767,4.14161709391767,4.14161709391767,4.14161709391767,4.14161709391767,4.14161709391767,4.14161709391767,4.14161709391767,4.14161709391767,4.14161709391767,4.14161709391767,4.14161709391767,4.14161709391767,4.14161709391767,4.14161709391767,4.14161709391767,4.14161709391767,4.14161709391767,4.14161709391767,4.14161709391767,4.14161709391767,4.14161709391767,4.14161709391767,4.14161709391767,4.14161709391767,4.14161709391767,4.14161709391767,4.14161709391767,4.14161709391767,4.14161709391767,4.14161709391767,4.14161709391767,4.14161709391767,4.14161709391767,4.14161709391767,4.14161709391767,4.14161709391767,4.14161709391767,4.14161709391767,4.14161709391767,4.14161709391767,4.14161709391767,4.14161709391767,4.14161709391767,4.14161709391767,4.14161709391767,4.14161709391767,4.14161709391767,4.14161709391767,4.14161709391767,4.14161709391767,4.14161709391767,4.14161709391767,4.14161709391767,4.14161709391767,4.14161709391767,4.14161709391767,4.14161709391767,4.14161709391767,4.14161709391767,4.14161709391767,4.14161709391767,4.14161709391767,4.14161709391767,4.14161709391767,4.14161709391767,4.14161709391767,4.14161709391767,4.14161709391767,4.14161709391767,4.14161709391767,4.14161709391767,4.14161709391767,4.14161709391767,4.14161709391767,4.14161709391767,4.14161709391767,4.14161709391767,4.14161709391767,4.14161709391767,4.14161709391767,4.14161709391767,4.14161709391767,4.14161709391767,4.14161709391767,4.14161709391767,4.14161709391767,4.14161709391767,4.14161709391767,4.14161709391767,4.14161709391767,4.14161709391767,4.14161709391767,4.14161709391767,4.14161709391767,4.14161709391767,4.14161709391767,4.14161709391767,4.14161709391767,4.14161709391767,4.14161709391767,4.14161709391767,4.14161709391767,4.14161709391767,4.14161709391767,4.14161709391767,4.14161709391767,4.14161709391767,4.14161709391767,4.14161709391767,4.14161709391767,4.14161709391767,4.14161709391767,4.14161709391767,4.14161709391767,4.14161709391767,4.14161709391767,4.14161709391767,4.14161709391767,4.14161709391767,4.14161709391767,4.14161709391767,4.14161709391767,4.14161709391767,4.14161709391767,4.14161709391767,4.14161709391767,4.14161709391767,4.14161709391767,4.14161709391767,4.14161709391767,4.14161709391767,4.14161709391767,4.14161709391767,4.14161709391767,4.14161709391767,4.14161709391767,4.14161709391767,4.14161709391767,4.14161709391767,4.14161709391767,4.14161709391767,4.14161709391767,4.14161709391767,4.14161709391767,4.14161709391767,4.14161709391767,4.14161709391767,4.14161709391767,4.14161709391767,4.14161709391767,4.14161709391767,4.14161709391767,4.14161709391767,4.14161709391767,4.14161709391767,4.14161709391767,4.14161709391767,4.14161709391767,4.14161709391767,4.14161709391767,4.14161709391767,4.14161709391767,4.14161709391767,4.14161709391767,4.14161709391767,4.14161709391767,4.14161709391767,4.14161709391767,4.14161709391767,4.14161709391767,4.14161709391767,4.14161709391767,4.14161709391767,4.14161709391767,4.14161709391767,4.14161709391767,4.14161709391767,4.14161709391767,4.14161709391767,4.14161709391767,4.14161709391767,4.14161709391767,4.14161709391767,4.14161709391767,4.14161709391767,4.14161709391767,4.14161709391767,4.14161709391767,4.14161709391767,4.14161709391767,4.14161709391767,4.14161709391767,4.14161709391767,4.14161709391767,4.14161709391767,4.14161709391767,4.14161709391767,4.14161709391767,4.14161709391767,4.14161709391767,4.14161709391767,4.14161709391767,4.14161709391767,4.14161709391767,4.14161709391767,4.14161709391767,4.14161709391767,4.14161709391767,4.14161709391767,4.14161709391767,4.14161709391767,4.14161709391767,4.14161709391767,4.14161709391767,4.14161709391767,4.14161709391767,4.14161709391767,4.14161709391767,4.14161709391767,4.14161709391767,4.14161709391767,4.14161709391767,4.14161709391767,4.14161709391767,4.14161709391767,4.14161709391767,4.14161709391767,4.14161709391767,4.14161709391767,4.14161709391767,4.14161709391767,4.14161709391767,4.14161709391767,4.14161709391767,4.14161709391767,4.14161709391767,4.14161709391767,4.14161709391767,4.14161709391767,4.14161709391767,4.14161709391767,4.14161709391767,4.14161709391767,4.14161709391767,4.14161709391767,4.14161709391767,4.14161709391767,4.14161709391767,4.14161709391767,4.14161709391767,4.14161709391767,4.14161709391767,4.14161709391767,4.14161709391767,4.14161709391767,4.14161709391767,4.14161709391767,4.14161709391767,4.14161709391767,4.14161709391767,4.14161709391767,4.14161709391767,4.14161709391767,4.14161709391767,4.14161709391767,4.14161709391767,4.14161709391767,4.14161709391767,4.14161709391767,4.14161709391767,4.14161709391767,4.14161709391767,4.14161709391767,4.14161709391767,4.14161709391767,4.14161709391767,4.14161709391767,4.14161709391767,4.14161709391767,4.14161709391767,4.14161709391767,4.14161709391767,4.14161709391767,4.14161709391767,4.14161709391767,4.14161709391767,4.14161709391767,4.14161709391767,4.14161709391767,4.14161709391767,4.14161709391767,4.14161709391767,4.14161709391767,4.14161709391767,4.14161709391767,4.14161709391767,4.14161709391767,4.14161709391767,4.14161709391767,4.14161709391767,4.14161709391767,4.14161709391767,4.14161709391767,4.14161709391767,4.14161709391767,4.14161709391767,4.14161709391767,4.14161709391767,4.14161709391767,4.14161709391767,4.14161709391767,4.14161709391767,4.14161709391767,4.14161709391767,4.14161709391767,4.14161709391767,4.14161709391767,4.14161709391767,4.14161709391767,4.14161709391767,4.14161709391767,4.14161709391767,4.14161709391767,4.14161709391767,4.14161709391767,4.14161709391767,4.14161709391767,4.14161709391767,4.14161709391767,4.14161709391767,4.14161709391767,4.14161709391767,4.14161709391767,4.14161709391767,4.14161709391767,4.14161709391767,4.14161709391767,4.14161709391767,4.14161709391767,4.14161709391767,4.14161709391767,4.14161709391767,4.14161709391767,4.14161709391767,4.14161709391767,4.14161709391767,4.14161709391767,4.14161709391767,4.14161709391767,4.14161709391767,4.14161709391767,4.14161709391767,4.14161709391767,4.14161709391767,4.14161709391767,4.14161709391767,4.14161709391767,4.14161709391767,4.14161709391767,4.14161709391767,4.14161709391767,4.14161709391767,4.14161709391767,4.14161709391767,4.14161709391767,4.14161709391767,4.14161709391767,4.14161709391767,4.14161709391767,4.14161709391767,4.14161709391767,4.14161709391767,4.14161709391767,4.14161709391767,4.14161709391767,4.14161709391767,4.14161709391767,4.14161709391767,4.14161709391767,4.14161709391767,4.14161709391767,4.14161709391767,4.14161709391767,4.14161709391767,4.14161709391767,4.14161709391767,4.14161709391767,4.14161709391767,4.14161709391767,4.14161709391767,4.14161709391767,4.14161709391767,4.14161709391767,4.14161709391767,4.14161709391767,4.14161709391767,4.14161709391767,4.14161709391767,4.14161709391767,4.14161709391767,4.14161709391767,4.14161709391767,4.14161709391767,4.14161709391767,4.14161709391767,4.14161709391767,4.14161709391767,4.14161709391767,4.14161709391767,4.14161709391767,4.14161709391767,4.14161709391767,4.14161709391767,4.14161709391767,4.14161709391767,4.14161709391767,4.14161709391767,4.14161709391767,7.94055475020724,7.059608310723298,7.059608310723298,6.508067159721439,6.379707993372346,5.983660082038856,5.983660082038856,5.983660082038856,5.983660082038856,5.983660082038856,5.983660082038856,5.983660082038856,5.983660082038856,5.983660082038856,5.983660082038856,5.983660082038856,5.983660082038856,5.983660082038856,5.983660082038856,5.974023216146222,5.974023216146222,5.974023216146222,5.974023216146222,5.974023216146222,5.974023216146222,5.974023216146222,5.974023216146222,5.974023216146222,5.974023216146222,5.974023216146222,5.974023216146222,5.974023216146222,5.974023216146222,5.974023216146222,5.974023216146222,5.974023216146222,5.974023216146222,5.974023216146222,5.974023216146222,5.974023216146222,5.974023216146222,5.974023216146222,5.974023216146222,5.974023216146222,5.974023216146222,5.974023216146222,5.974023216146222,5.974023216146222,5.974023216146222,5.974023216146222,5.974023216146222,5.974023216146222,5.974023216146222,5.974023216146222,5.974023216146222,5.974023216146222,5.974023216146222,5.974023216146222,5.974023216146222,5.974023216146222,5.974023216146222,5.974023216146222,5.974023216146222,5.974023216146222,5.974023216146222,5.974023216146222,5.974023216146222,5.974023216146222,5.974023216146222,5.974023216146222,5.974023216146222,5.974023216146222,5.974023216146222,5.974023216146222,5.974023216146222,5.974023216146222,5.974023216146222,5.974023216146222,5.974023216146222,5.974023216146222,5.974023216146222,5.974023216146222,5.974023216146222,5.974023216146222,5.974023216146222,5.974023216146222,5.698446270705258,5.698446270705258,5.698446270705258,5.698446270705258,5.698446270705258,5.698446270705258,5.698446270705258,5.698446270705258,5.698446270705258,5.698446270705258,5.698446270705258,5.698446270705258,5.698446270705258,5.698446270705258,5.698446270705258,5.698446270705258,5.698446270705258,5.698446270705258,5.698446270705258,5.698446270705258,5.698446270705258,5.698446270705258,5.698446270705258,5.698446270705258,5.698446270705258,5.698446270705258,5.698446270705258,5.698446270705258,5.698446270705258,5.698446270705258,5.698446270705258,5.698446270705258,5.698446270705258,5.698446270705258,5.698446270705258,5.698446270705258,5.698446270705258,5.698446270705258,5.698446270705258,5.698446270705258,5.698446270705258,5.698446270705258,5.698446270705258,5.698446270705258,5.698446270705258,5.698446270705258,5.698446270705258,5.698446270705258,5.698446270705258,5.698446270705258,5.698446270705258,5.698446270705258,5.698446270705258,5.698446270705258,5.698446270705258,5.698446270705258,5.698446270705258,5.698446270705258,5.698446270705258,5.698446270705258,5.698446270705258,5.206072010156803,4.626015257750789,4.626015257750789,4.626015257750789,4.364010961069513,4.364010961069513,4.259662826172045,4.259662826172045,4.259662826172045,4.259662826172045,4.259662826172045,4.259662826172045,4.259662826172045,4.259662826172045,4.259662826172045,4.259662826172045,4.221193831560339,4.221193831560339,4.110168279926548,4.110168279926548,4.110168279926548,4.110168279926548,4.110168279926548,4.110168279926548,4.110168279926548,4.110168279926548,4.110168279926548,4.110168279926548,4.110168279926548,4.110168279926548,4.110168279926548,4.110168279926548,4.110168279926548,4.110168279926548,4.110168279926548,4.110168279926548,4.110168279926548,4.110168279926548,4.110168279926548,4.110168279926548,4.110168279926548,4.110168279926548,4.110168279926548,4.110168279926548,3.9771883744615044,3.9771883744615044,3.9771883744615044,3.9771883744615044,3.9771883744615044,3.9771883744615044,3.9771883744615044,3.9771883744615044,3.9771883744615044,3.9771883744615044,3.9771883744615044,3.9771883744615044,3.9771883744615044,3.9771883744615044,3.9771883744615044,3.9771883744615044,3.9771883744615044,3.9771883744615044,3.9771883744615044,3.9771883744615044,3.9771883744615044,3.9771883744615044,3.9771883744615044,3.9771883744615044,3.9771883744615044,3.9771883744615044,3.9771883744615044,3.9771883744615044,3.9771883744615044,3.9771883744615044,3.9771883744615044,3.9771883744615044,3.9771883744615044,3.9771883744615044,3.9771883744615044,3.9771883744615044,3.9771883744615044,3.9771883744615044,3.9771883744615044,3.9771883744615044,3.9771883744615044,3.9771883744615044,3.9771883744615044,3.9771883744615044,3.9771883744615044,3.9771883744615044,3.9771883744615044,3.9771883744615044,3.9771883744615044,3.9771883744615044,3.9771883744615044,3.9771883744615044,3.9771883744615044,3.9771883744615044,3.9771883744615044,3.9771883744615044,3.9771883744615044,3.9771883744615044,3.9771883744615044,3.9771883744615044,3.9771883744615044,3.9771883744615044,3.9771883744615044,3.9771883744615044,3.9771883744615044,3.9771883744615044,3.9771883744615044,3.9771883744615044,3.9771883744615044,3.9771883744615044,3.9771883744615044,3.9771883744615044,3.9771883744615044,3.9771883744615044,3.9771883744615044,3.9771883744615044,3.9771883744615044,3.9771883744615044,3.9771883744615044,3.9771883744615044,3.9771883744615044,3.9771883744615044,3.9771883744615044,3.9771883744615044,3.9771883744615044,3.9771883744615044,3.9771883744615044,3.9771883744615044,3.9771883744615044,3.9771883744615044,3.9771883744615044,3.9771883744615044,3.9771883744615044,3.9771883744615044,3.9771883744615044,3.9771883744615044,3.9771883744615044,3.9771883744615044,3.9771883744615044,3.9771883744615044,3.9771883744615044,3.9771883744615044,3.9771883744615044,3.9771883744615044,3.9771883744615044,3.9771883744615044,3.9771883744615044,3.9771883744615044,3.9771883744615044,3.9771883744615044,3.9771883744615044,3.9771883744615044,3.9771883744615044,3.9771883744615044,3.9771883744615044,3.9771883744615044,3.9771883744615044,3.9771883744615044,3.9771883744615044,3.9771883744615044,3.9771883744615044,3.9771883744615044,3.9771883744615044,3.9771883744615044,3.9771883744615044,3.9771883744615044,3.9771883744615044,3.9771883744615044,3.9771883744615044,3.9771883744615044,3.9771883744615044,3.9771883744615044,3.9771883744615044,3.9771883744615044,3.9771883744615044,3.9771883744615044,3.9771883744615044,3.9771883744615044,3.9771883744615044,3.9771883744615044,3.9771883744615044,3.9771883744615044,3.9771883744615044,3.9771883744615044,3.9771883744615044,3.9771883744615044,3.9771883744615044,3.9771883744615044,3.9771883744615044,3.9771883744615044,3.9771883744615044,3.9771883744615044,3.9771883744615044,3.9771883744615044,3.9771883744615044,3.9771883744615044,3.9771883744615044,3.9771883744615044,3.9771883744615044,3.9771883744615044,3.9771883744615044,3.9771883744615044,3.9771883744615044,3.9771883744615044,3.9771883744615044,3.9771883744615044,3.9771883744615044,3.9771883744615044,3.9771883744615044,3.9771883744615044,3.9771883744615044,3.9771883744615044,3.9771883744615044,3.9771883744615044,3.9771883744615044,3.9771883744615044,3.9771883744615044,3.9771883744615044,3.9771883744615044,3.9771883744615044,3.9771883744615044,3.9771883744615044,3.9771883744615044,3.9771883744615044,3.9771883744615044,3.9771883744615044,3.9771883744615044,3.9771883744615044,3.9771883744615044,3.9771883744615044,3.9771883744615044,3.9771883744615044,3.9771883744615044,3.9771883744615044,3.9771883744615044,3.9771883744615044,3.9771883744615044,3.9771883744615044,3.9771883744615044,3.9771883744615044,3.9771883744615044,3.9771883744615044,3.9771883744615044,3.9771883744615044,3.9771883744615044,3.9771883744615044,3.9771883744615044,3.9771883744615044,3.9771883744615044,3.9771883744615044,3.9771883744615044,3.9771883744615044,3.9771883744615044,3.9771883744615044,3.9771883744615044,3.9771883744615044,3.9771883744615044,3.9771883744615044,3.9771883744615044,3.9771883744615044,3.9771883744615044,3.9771883744615044,3.9771883744615044,3.9771883744615044,3.9771883744615044,3.9771883744615044,3.9771883744615044,3.9771883744615044,3.9771883744615044,3.9771883744615044,3.9771883744615044,3.9771883744615044,3.9771883744615044,3.9771883744615044,3.9771883744615044,3.9771883744615044,3.9771883744615044,3.9771883744615044,3.9771883744615044,3.9771883744615044,3.9771883744615044,3.9771883744615044,3.9771883744615044,3.9771883744615044,3.9771883744615044,3.9771883744615044,3.9771883744615044,3.9771883744615044,3.9771883744615044,3.9771883744615044,3.9771883744615044,3.9771883744615044,3.9771883744615044,3.9771883744615044,3.9771883744615044,3.9771883744615044,3.9771883744615044,3.9771883744615044,3.9771883744615044,3.9771883744615044,3.9771883744615044,3.9771883744615044,3.9771883744615044,3.9771883744615044,3.9771883744615044,3.9771883744615044,3.9771883744615044,3.9771883744615044,3.9771883744615044,3.9771883744615044,3.9771883744615044,3.9771883744615044,3.9771883744615044,3.9771883744615044,3.9771883744615044,3.9771883744615044,3.9771883744615044,3.9771883744615044,3.9771883744615044,3.9771883744615044,3.9771883744615044,3.9771883744615044,3.9771883744615044,3.9771883744615044,3.9771883744615044,3.9771883744615044,3.9771883744615044,3.9771883744615044,3.9771883744615044,3.9771883744615044,3.9771883744615044,3.9771883744615044,3.9771883744615044,3.9771883744615044,3.9771883744615044,3.9771883744615044,3.9771883744615044,3.9771883744615044,3.9771883744615044,3.9771883744615044,3.9771883744615044,3.9771883744615044,3.9771883744615044,3.9771883744615044,3.9771883744615044,3.9771883744615044,3.9771883744615044,3.9771883744615044,3.9771883744615044,3.9771883744615044,3.9771883744615044,3.9771883744615044,3.9771883744615044,3.9771883744615044,3.9771883744615044,3.9771883744615044,3.9771883744615044,3.9771883744615044,3.9771883744615044,3.9771883744615044,3.9771883744615044,3.9771883744615044,3.9771883744615044,3.9771883744615044,3.9771883744615044,3.9771883744615044,3.9771883744615044,3.9771883744615044,3.9771883744615044,3.9771883744615044,3.9771883744615044,3.9771883744615044,3.9771883744615044,3.9771883744615044,3.9771883744615044,3.9771883744615044,3.9771883744615044,3.9771883744615044,3.9771883744615044,3.9771883744615044,3.9771883744615044,3.9771883744615044,3.9771883744615044,3.9771883744615044,3.9771883744615044,3.9771883744615044,3.9771883744615044,3.9771883744615044,3.9771883744615044,3.9771883744615044,3.9771883744615044,3.9771883744615044,3.9771883744615044,3.9771883744615044,3.9771883744615044,3.9771883744615044,3.9771883744615044,3.9771883744615044,3.9771883744615044,3.9771883744615044,3.9771883744615044,3.9771883744615044,3.9771883744615044,3.9771883744615044,3.9771883744615044,3.9771883744615044,3.9771883744615044,3.9771883744615044,3.9771883744615044,3.9771883744615044,3.9771883744615044,3.9771883744615044,3.9771883744615044,3.9771883744615044,3.9771883744615044,3.9771883744615044,3.9771883744615044,3.9771883744615044,3.9771883744615044,3.9771883744615044,3.9771883744615044,3.9771883744615044,3.9771883744615044,3.9771883744615044,3.9771883744615044,3.9771883744615044,3.9771883744615044,3.9771883744615044,3.9771883744615044,3.9771883744615044,3.9771883744615044,3.9771883744615044,3.9771883744615044,3.9771883744615044,3.9771883744615044,3.9771883744615044,3.9771883744615044,3.9771883744615044,3.9771883744615044,3.9771883744615044,3.9771883744615044,3.9771883744615044,3.9771883744615044,3.9771883744615044,3.9771883744615044,3.9771883744615044,3.9771883744615044,3.9771883744615044,3.9771883744615044,3.9771883744615044,3.9771883744615044,3.9771883744615044,3.9771883744615044,3.9771883744615044,3.9771883744615044,3.9771883744615044,3.9771883744615044,3.9771883744615044,3.9771883744615044,3.9771883744615044,3.9771883744615044,3.9771883744615044,3.9771883744615044,3.9771883744615044,3.9771883744615044,3.9771883744615044,3.9771883744615044,3.9771883744615044,3.9771883744615044,3.9771883744615044,3.9771883744615044,3.9771883744615044,3.9771883744615044,3.9771883744615044,3.9771883744615044,3.9771883744615044,3.9771883744615044,3.9771883744615044,3.9771883744615044,3.9771883744615044,3.9771883744615044,3.9771883744615044,3.9771883744615044,3.9771883744615044,3.9771883744615044,3.9771883744615044,3.9771883744615044,3.9771883744615044,3.9771883744615044,3.9771883744615044,3.9771883744615044,3.9771883744615044,3.9771883744615044,3.9771883744615044,3.9771883744615044,3.9771883744615044,3.9771883744615044,3.9771883744615044,3.9771883744615044,3.9771883744615044,3.9771883744615044,3.9771883744615044,3.9771883744615044,3.9771883744615044,3.9771883744615044,3.9771883744615044,3.9771883744615044,3.9771883744615044,3.9771883744615044,3.9771883744615044,3.9771883744615044,3.9771883744615044,3.9771883744615044,3.9771883744615044,3.9771883744615044,3.9771883744615044,3.9771883744615044,3.9771883744615044,3.9771883744615044,3.9771883744615044,3.9771883744615044,3.9771883744615044,3.9771883744615044,3.9771883744615044,3.9771883744615044,3.9771883744615044,3.9771883744615044,3.9771883744615044,3.9771883744615044,3.9771883744615044,3.9771883744615044,3.9771883744615044,3.9771883744615044,3.9771883744615044,3.9771883744615044,3.9771883744615044,3.9771883744615044,3.9771883744615044,3.9771883744615044,3.9771883744615044,3.9771883744615044,3.9771883744615044,3.9771883744615044,3.9771883744615044,3.9771883744615044,3.9771883744615044,3.9771883744615044,3.9771883744615044,3.9771883744615044,3.9771883744615044,3.9771883744615044,3.9771883744615044,3.9771883744615044,3.9771883744615044,3.9771883744615044,3.9771883744615044,3.9771883744615044,3.9771883744615044,3.9771883744615044,3.9771883744615044,3.9771883744615044,3.9771883744615044,3.9771883744615044,3.9771883744615044,3.9771883744615044,3.9771883744615044,3.9771883744615044,3.9771883744615044,3.9771883744615044,3.9771883744615044,3.9771883744615044,3.9771883744615044,3.9771883744615044,3.9771883744615044,3.9771883744615044,3.9771883744615044,3.9771883744615044,3.9771883744615044,3.9771883744615044,3.9771883744615044,3.9771883744615044,3.9771883744615044,3.9771883744615044,3.9771883744615044,3.9771883744615044,3.9771883744615044,3.9771883744615044,3.9771883744615044,3.9771883744615044,3.9771883744615044,3.9771883744615044,3.9771883744615044,3.9771883744615044,3.9771883744615044,3.9771883744615044,3.9771883744615044,3.9771883744615044,3.9771883744615044,3.9771883744615044,3.9771883744615044,3.9771883744615044,3.9771883744615044,3.9771883744615044,3.9771883744615044,3.9771883744615044,3.9771883744615044,3.9771883744615044,3.9771883744615044,3.9771883744615044,3.9771883744615044,3.9771883744615044,3.9771883744615044,3.9771883744615044,3.9771883744615044,3.9771883744615044,3.9771883744615044,3.9771883744615044,3.9771883744615044,3.9771883744615044,3.9771883744615044,3.9771883744615044,3.9771883744615044,3.9771883744615044,3.9771883744615044,3.9771883744615044,3.9771883744615044,3.9771883744615044,3.9771883744615044,3.9771883744615044,3.9771883744615044,3.9771883744615044,3.9771883744615044,3.9771883744615044,3.9771883744615044,3.9771883744615044,3.9771883744615044,3.9771883744615044,3.9771883744615044,3.9771883744615044,3.9771883744615044,3.9771883744615044,3.9771883744615044,3.9771883744615044,3.9771883744615044,3.9771883744615044,3.9771883744615044,3.9771883744615044,3.9771883744615044,3.9771883744615044,3.9771883744615044,3.9771883744615044,3.9771883744615044,3.9771883744615044,3.9771883744615044,3.9771883744615044,3.9771883744615044,3.9771883744615044,3.9771883744615044,3.9771883744615044,3.9771883744615044,3.9771883744615044,3.9771883744615044,3.9771883744615044,3.9771883744615044,3.9771883744615044,3.9771883744615044,3.9771883744615044,3.9771883744615044,3.9771883744615044,3.9771883744615044,3.9771883744615044,3.9771883744615044,3.9771883744615044,3.9771883744615044,3.9771883744615044,3.9771883744615044,3.9771883744615044,3.9771883744615044,3.9771883744615044,3.9771883744615044,3.9771883744615044,3.9771883744615044,3.9771883744615044,3.9771883744615044,3.9771883744615044,3.9771883744615044,3.9771883744615044,3.9771883744615044,3.9771883744615044,3.9771883744615044,3.9771883744615044,3.9771883744615044,3.9771883744615044,3.9771883744615044,3.9771883744615044,3.9771883744615044,3.9771883744615044,3.9771883744615044,3.9771883744615044,3.9771883744615044,3.9771883744615044,3.9771883744615044,3.9771883744615044,3.9771883744615044,3.9771883744615044,3.9771883744615044,3.9771883744615044,3.9771883744615044,3.9771883744615044,3.9771883744615044,3.9771883744615044,3.9771883744615044,3.9771883744615044,3.9771883744615044,3.9771883744615044,3.9771883744615044,3.9771883744615044,3.9771883744615044,3.9771883744615044,3.9771883744615044,3.9771883744615044,3.9771883744615044,3.9771883744615044,3.9771883744615044,3.9771883744615044,3.9771883744615044,3.9771883744615044,3.9771883744615044,3.9771883744615044,3.9771883744615044,3.9771883744615044,3.9771883744615044,3.9771883744615044,3.9771883744615044,3.9771883744615044,3.9771883744615044,3.9771883744615044,3.9771883744615044,3.9771883744615044,3.9771883744615044,3.9771883744615044,3.9771883744615044,3.9771883744615044,3.9771883744615044,3.9771883744615044,3.9771883744615044,3.9771883744615044,3.9771883744615044,3.9771883744615044,3.9771883744615044,3.9771883744615044,3.9771883744615044,3.9771883744615044,3.9771883744615044,3.9771883744615044,3.9771883744615044,3.9771883744615044,3.9771883744615044,3.9771883744615044,3.9771883744615044,3.9771883744615044,3.9771883744615044,3.9771883744615044,3.9771883744615044,3.9771883744615044,3.9771883744615044,3.9771883744615044,3.9771883744615044,3.9771883744615044,3.9771883744615044,3.9771883744615044,3.9771883744615044,3.9771883744615044,3.9771883744615044,3.9771883744615044,3.9771883744615044,3.9771883744615044,3.9771883744615044,3.9771883744615044,3.9771883744615044,3.9771883744615044,3.9771883744615044,3.9771883744615044,3.9771883744615044,3.9771883744615044,3.9771883744615044,3.9771883744615044,3.9771883744615044,3.9771883744615044,3.9771883744615044,3.9771883744615044,3.9771883744615044,3.9771883744615044,3.9771883744615044,3.9771883744615044,3.9771883744615044,3.9771883744615044,3.9771883744615044,3.9771883744615044,3.9771883744615044,3.9771883744615044,3.9771883744615044,3.9771883744615044,3.9771883744615044,3.9771883744615044,3.9771883744615044,3.9771883744615044,3.9771883744615044,3.9771883744615044,3.9771883744615044,3.9771883744615044,3.9771883744615044,3.9771883744615044,3.9771883744615044,3.9771883744615044,3.9771883744615044,3.9771883744615044,3.9771883744615044,3.9771883744615044,3.9771883744615044,3.9771883744615044,3.9771883744615044,3.9771883744615044,3.9771883744615044,3.9771883744615044,3.9771883744615044,3.9771883744615044,3.9771883744615044,3.9771883744615044,3.9771883744615044,3.9771883744615044,3.9771883744615044,3.9771883744615044,3.9771883744615044,3.9771883744615044,3.9771883744615044,3.9771883744615044,3.9771883744615044,3.9771883744615044,3.9771883744615044,3.9771883744615044,3.9771883744615044,3.9771883744615044,3.9771883744615044,3.9771883744615044,3.9771883744615044,3.9771883744615044,3.9771883744615044,3.9771883744615044,6.430438507977232,6.430438507977232,6.430438507977232,6.430438507977232,6.430438507977232,6.151141412169624,6.151141412169624,6.151141412169624,5.639729759857023,5.639729759857023,5.639729759857023,5.639729759857023,5.639729759857023,5.461225023400075,5.461225023400075,5.461225023400075,5.461225023400075,5.461225023400075,5.461225023400075,5.461225023400075,5.461225023400075,5.461225023400075,5.461225023400075,5.461225023400075,5.461225023400075,5.461225023400075,5.461225023400075,5.461225023400075,5.461225023400075,5.461225023400075,5.461225023400075,5.461225023400075,5.461225023400075,5.461225023400075,5.461225023400075,5.461225023400075,5.461225023400075,5.461225023400075,5.461225023400075,5.461225023400075,5.461225023400075,5.461225023400075,5.461225023400075,5.461225023400075,5.461225023400075,5.461225023400075,5.461225023400075,5.461225023400075,5.461225023400075,5.461225023400075,5.461225023400075,5.461225023400075,5.461225023400075,5.461225023400075,5.461225023400075,5.461225023400075,5.461225023400075,5.461225023400075,5.461225023400075,5.461225023400075,5.461225023400075,5.461225023400075,5.461225023400075,5.461225023400075,5.461225023400075,5.461225023400075,5.461225023400075,5.461225023400075,5.461225023400075,5.461225023400075,5.461225023400075,5.461225023400075,5.461225023400075,5.461225023400075,5.461225023400075,5.461225023400075,5.461225023400075,5.461225023400075,5.461225023400075,5.461225023400075,5.461225023400075,5.461225023400075,5.461225023400075,5.461225023400075,5.461225023400075,5.461225023400075,5.461225023400075,5.461225023400075,5.461225023400075,5.461225023400075,5.461225023400075,5.461225023400075,5.461225023400075,5.461225023400075,5.461225023400075,5.461225023400075,5.461225023400075,5.461225023400075,5.461225023400075,5.461225023400075,5.461225023400075,5.461225023400075,5.461225023400075,5.461225023400075,5.461225023400075,5.461225023400075,5.461225023400075,5.461225023400075,5.461225023400075,5.461225023400075,5.461225023400075,5.461225023400075,5.461225023400075,5.461225023400075,5.461225023400075,5.461225023400075,4.995655264344533,4.995655264344533,4.1794561938311485,4.1794561938311485,4.1794561938311485,4.1794561938311485,3.8639186184090883,3.8639186184090883,3.8639186184090883,3.8639186184090883,3.8639186184090883,3.8639186184090883,3.8639186184090883,3.8639186184090883,3.8639186184090883,3.8639186184090883,3.8639186184090883,3.8639186184090883,3.8639186184090883,3.8639186184090883,3.8639186184090883,3.8639186184090883,3.8639186184090883,3.8639186184090883,3.8639186184090883,3.8639186184090883,3.8639186184090883,3.8639186184090883,3.8639186184090883,3.8639186184090883,3.8639186184090883,3.8639186184090883,3.8639186184090883,3.8639186184090883,3.8639186184090883,3.8639186184090883,3.8639186184090883,3.8639186184090883,3.8639186184090883,3.8639186184090883,3.8639186184090883,3.8639186184090883,3.8639186184090883,3.8639186184090883,3.8639186184090883,3.8639186184090883,3.8639186184090883,3.8639186184090883,3.8639186184090883,3.8639186184090883,3.8639186184090883,3.8639186184090883,3.8639186184090883,3.8639186184090883,3.8639186184090883,3.8639186184090883,3.8639186184090883,3.8639186184090883,3.8639186184090883,3.8639186184090883,3.8639186184090883,3.8639186184090883,3.8639186184090883,3.8639186184090883,3.8639186184090883,3.8639186184090883,3.8639186184090883,3.8639186184090883,3.8639186184090883,3.8639186184090883,3.8639186184090883,3.8639186184090883,3.8639186184090883,3.8639186184090883,3.8639186184090883,3.8639186184090883,3.8639186184090883,3.8639186184090883,3.8639186184090883,3.8639186184090883,3.8639186184090883,3.8639186184090883,3.8639186184090883,3.8639186184090883,3.8639186184090883,3.8639186184090883,3.8639186184090883,3.8639186184090883,3.8639186184090883,3.8639186184090883,3.8639186184090883,3.8639186184090883,3.8639186184090883,3.8639186184090883,3.8639186184090883,3.8639186184090883,3.8639186184090883,3.8639186184090883,3.8639186184090883,3.8639186184090883,3.8639186184090883,3.8639186184090883,3.8639186184090883,3.8639186184090883,3.8639186184090883,3.8639186184090883,3.8639186184090883,3.8639186184090883,3.8639186184090883,3.8639186184090883,3.8639186184090883,3.8639186184090883,3.8639186184090883,3.8639186184090883,3.8639186184090883,3.8639186184090883,3.8639186184090883,3.8639186184090883,3.8639186184090883,3.8639186184090883,3.8639186184090883,3.8639186184090883,3.8639186184090883,3.8639186184090883,3.8639186184090883,3.8639186184090883,3.8639186184090883,3.8639186184090883,3.8639186184090883,3.8639186184090883,3.8639186184090883,3.8639186184090883,3.8639186184090883,3.8639186184090883,3.8639186184090883,3.8639186184090883,3.8639186184090883,3.8639186184090883,3.8639186184090883,3.8639186184090883,3.8639186184090883,3.8639186184090883,3.8639186184090883,3.8639186184090883,3.8639186184090883,3.8639186184090883,3.8639186184090883,3.8639186184090883,3.8639186184090883,3.8639186184090883,3.8639186184090883,3.8639186184090883,3.8639186184090883,3.8639186184090883,3.8639186184090883,3.8639186184090883,3.8639186184090883,3.8639186184090883,3.8639186184090883,3.8639186184090883,3.8639186184090883,3.8639186184090883,3.8639186184090883,3.8639186184090883,3.8639186184090883,3.8639186184090883,3.8639186184090883,3.8639186184090883,3.8639186184090883,3.8639186184090883,3.8639186184090883,3.8639186184090883,3.8639186184090883,3.8639186184090883,3.8639186184090883,3.8639186184090883,3.8639186184090883,3.8639186184090883,3.8639186184090883,3.8639186184090883,3.8639186184090883,3.8639186184090883,3.8639186184090883,3.8639186184090883,3.8639186184090883,3.8639186184090883,3.8639186184090883,3.8639186184090883,3.8639186184090883,3.8639186184090883,3.8639186184090883,3.8639186184090883,3.8639186184090883,3.8639186184090883,3.8639186184090883,3.8639186184090883,3.8639186184090883,3.8639186184090883,3.8639186184090883,3.8639186184090883,3.8639186184090883,3.8639186184090883,3.8639186184090883,3.8639186184090883,3.8639186184090883,3.8639186184090883,3.8639186184090883,3.8639186184090883,3.8639186184090883,3.8639186184090883,3.8639186184090883,3.8639186184090883,3.8639186184090883,3.8639186184090883,3.8639186184090883,3.8639186184090883,3.8639186184090883,3.8639186184090883,3.8639186184090883,3.8639186184090883,3.8639186184090883,3.8639186184090883,3.8639186184090883,3.8639186184090883,3.8639186184090883,3.8639186184090883,3.8639186184090883,3.8639186184090883,3.8639186184090883,3.8639186184090883,3.8639186184090883,3.8639186184090883,3.8639186184090883,3.8639186184090883,3.8639186184090883,3.8639186184090883,3.8639186184090883,3.8639186184090883,3.8639186184090883,3.8639186184090883,3.8639186184090883,3.8639186184090883,3.8639186184090883,3.8639186184090883,3.8639186184090883,3.8639186184090883,3.8639186184090883,3.8639186184090883,3.8639186184090883,3.8639186184090883,3.8639186184090883,3.8639186184090883,3.8639186184090883,3.8639186184090883,3.8639186184090883,3.8639186184090883,3.8639186184090883,3.8639186184090883,3.8639186184090883,3.8639186184090883,3.8639186184090883,3.8639186184090883,3.8639186184090883,3.8639186184090883,3.8639186184090883,3.8639186184090883,3.8639186184090883,3.8639186184090883,3.8639186184090883,3.8639186184090883,3.8639186184090883,3.8639186184090883,3.8639186184090883,3.8639186184090883,3.8639186184090883,3.8639186184090883,3.8639186184090883,3.8639186184090883,3.8639186184090883,3.8639186184090883,3.8639186184090883,3.8639186184090883,3.8639186184090883,3.8639186184090883,3.8639186184090883,3.8639186184090883,3.8639186184090883,3.8639186184090883,3.8639186184090883,3.8639186184090883,3.8639186184090883,3.8639186184090883,3.8639186184090883,3.8639186184090883,3.8639186184090883,3.8639186184090883,3.8639186184090883,3.8639186184090883,3.8639186184090883,3.8639186184090883,3.8639186184090883,3.8639186184090883,3.8639186184090883,3.8639186184090883,3.8639186184090883,3.8639186184090883,3.8639186184090883,3.8639186184090883,3.8639186184090883,3.8639186184090883,3.8639186184090883,3.8639186184090883,3.8639186184090883,3.8639186184090883,3.8639186184090883,3.8639186184090883,3.8639186184090883,3.8639186184090883,3.8639186184090883,3.8639186184090883,3.8639186184090883,3.8639186184090883,3.8639186184090883,3.8639186184090883,3.8639186184090883,3.8639186184090883,3.8639186184090883,3.8639186184090883,3.8639186184090883,3.8639186184090883,3.8639186184090883,3.8639186184090883,3.8639186184090883,3.8639186184090883,3.8639186184090883,3.8639186184090883,3.8639186184090883,3.8639186184090883,3.8639186184090883,3.8639186184090883,3.8639186184090883,3.8639186184090883,3.8639186184090883,3.8639186184090883,3.8639186184090883,3.8639186184090883,3.8639186184090883,3.8639186184090883,3.8639186184090883,3.8639186184090883,3.8639186184090883,3.8639186184090883,3.8639186184090883,3.8639186184090883,3.8639186184090883,3.8639186184090883,3.8639186184090883,3.8639186184090883,3.8639186184090883,3.8639186184090883,3.8639186184090883,3.8639186184090883,3.8639186184090883,3.8639186184090883,3.8639186184090883,3.8639186184090883,3.8639186184090883,3.8639186184090883,3.8639186184090883,3.8639186184090883,3.8639186184090883,3.8639186184090883,3.8639186184090883,3.8639186184090883,3.8639186184090883,3.8639186184090883,3.8639186184090883,3.8639186184090883,3.8639186184090883,3.8639186184090883,3.8639186184090883,3.8639186184090883,3.8639186184090883,3.8639186184090883,3.8639186184090883,3.8639186184090883,3.8639186184090883,3.8639186184090883,3.8639186184090883,3.8639186184090883,3.8639186184090883,3.8639186184090883,3.8639186184090883,3.8639186184090883,3.8639186184090883,3.8639186184090883,3.8639186184090883,3.8639186184090883,3.8639186184090883,3.8639186184090883,3.8639186184090883,3.8639186184090883,3.8639186184090883,3.8639186184090883,3.8639186184090883,3.8639186184090883,3.8639186184090883,3.8639186184090883,3.8639186184090883,3.8639186184090883,3.8639186184090883,3.8639186184090883,3.8639186184090883,3.8639186184090883,3.8639186184090883,3.8639186184090883,3.8639186184090883,3.8639186184090883,3.8639186184090883,3.8639186184090883,3.8639186184090883,3.8639186184090883,3.8639186184090883,3.8639186184090883,3.8639186184090883,3.8639186184090883,3.8639186184090883,3.8639186184090883,3.8639186184090883,3.8639186184090883,3.8639186184090883,3.8639186184090883,3.8639186184090883,3.8639186184090883,3.8639186184090883,3.8639186184090883,3.8639186184090883,3.8639186184090883,3.8639186184090883,3.8639186184090883,3.8639186184090883,3.8639186184090883,3.8639186184090883,3.8639186184090883,3.8639186184090883,3.8639186184090883,3.8639186184090883,3.8639186184090883,3.8639186184090883,3.8639186184090883,3.8639186184090883,3.8639186184090883,3.8639186184090883,3.8639186184090883,3.8639186184090883,3.8639186184090883,3.8639186184090883,3.8639186184090883,3.8639186184090883,3.8639186184090883,3.8639186184090883,3.8639186184090883,3.8639186184090883,3.8639186184090883,3.8639186184090883,3.8639186184090883,3.8639186184090883,3.8639186184090883,3.8639186184090883,3.8639186184090883,3.8639186184090883,3.8639186184090883,3.8639186184090883,3.8639186184090883,3.8639186184090883,3.8639186184090883,3.8639186184090883,3.8639186184090883,3.8639186184090883,3.8639186184090883,3.8639186184090883,3.8639186184090883,3.8639186184090883,3.8639186184090883,3.8639186184090883,3.8639186184090883,3.8639186184090883,3.8639186184090883,3.8639186184090883,3.8639186184090883,3.8639186184090883,3.8639186184090883,3.8639186184090883,3.8639186184090883,3.8639186184090883,3.8639186184090883,3.8639186184090883,3.8639186184090883,3.8639186184090883,3.8639186184090883,3.8639186184090883,3.8639186184090883,3.8639186184090883,3.8639186184090883,3.8639186184090883,3.8639186184090883,3.8639186184090883,3.8639186184090883,3.8639186184090883,3.8639186184090883,3.8639186184090883,3.8639186184090883,3.8639186184090883,3.8639186184090883,3.8639186184090883,3.8639186184090883,3.8639186184090883,3.8639186184090883,3.8639186184090883,3.8639186184090883,3.8639186184090883,3.8639186184090883,3.8639186184090883,3.8639186184090883,3.8639186184090883,3.8639186184090883,3.8639186184090883,3.8639186184090883,3.8639186184090883,3.8639186184090883,3.8639186184090883,3.8639186184090883,3.8639186184090883,3.8639186184090883,3.8639186184090883,3.8639186184090883,3.8639186184090883,3.8639186184090883,3.8639186184090883,3.8639186184090883,3.8639186184090883,3.8639186184090883,3.8639186184090883,3.8639186184090883,3.8639186184090883,3.8639186184090883,3.8639186184090883,3.8639186184090883,3.8639186184090883,3.8639186184090883,3.8639186184090883,3.8639186184090883,3.8639186184090883,3.8639186184090883,3.8639186184090883,3.8639186184090883,3.8639186184090883,3.8639186184090883,3.8639186184090883,3.8639186184090883,3.8639186184090883,3.8639186184090883,3.8639186184090883,3.8639186184090883,3.8639186184090883,3.8639186184090883,3.8639186184090883,3.8639186184090883,3.8639186184090883,3.8639186184090883,3.8639186184090883,3.8639186184090883,3.8639186184090883,3.8639186184090883,3.8639186184090883,3.8639186184090883,3.8639186184090883,3.8639186184090883,3.8639186184090883,3.8639186184090883,3.8639186184090883,3.8639186184090883,3.8639186184090883,3.8639186184090883,3.8639186184090883,3.8639186184090883,3.8639186184090883,3.8639186184090883,3.8639186184090883,3.8639186184090883,3.8639186184090883,3.8639186184090883,3.8639186184090883,3.8639186184090883,3.8639186184090883,3.8639186184090883,3.8639186184090883,3.8639186184090883,3.8639186184090883,3.8639186184090883,3.8639186184090883,3.8639186184090883,3.8639186184090883,3.8639186184090883,3.8639186184090883,3.8639186184090883,3.8639186184090883,3.8639186184090883,3.8639186184090883,3.8639186184090883,3.8639186184090883,3.8639186184090883,3.8639186184090883,3.8639186184090883,3.8639186184090883,3.8639186184090883,3.8639186184090883,3.8639186184090883,3.8639186184090883,3.8639186184090883,3.8639186184090883,3.8639186184090883,3.8639186184090883,3.8639186184090883,3.8639186184090883,3.8639186184090883,3.8639186184090883,3.8639186184090883,3.8639186184090883,3.8639186184090883,3.8639186184090883,3.8639186184090883,3.8639186184090883,3.8639186184090883,3.8639186184090883,3.8639186184090883,3.8639186184090883,3.8639186184090883,3.8639186184090883,3.8639186184090883,3.8639186184090883,3.8639186184090883,3.8639186184090883,3.8639186184090883,3.8639186184090883,3.8639186184090883,3.8639186184090883,3.8639186184090883,3.8639186184090883,3.8639186184090883,3.8639186184090883,3.8639186184090883,3.8639186184090883,3.8639186184090883,3.8639186184090883,3.8639186184090883,3.8639186184090883,3.8639186184090883,3.8639186184090883,3.8639186184090883,3.8639186184090883,3.8639186184090883,3.8639186184090883,3.8639186184090883,3.8639186184090883,3.8639186184090883,3.8639186184090883,3.8639186184090883,3.8639186184090883,3.8639186184090883,3.8639186184090883,3.8639186184090883,3.8639186184090883,3.8639186184090883,3.8639186184090883,3.8639186184090883,3.8639186184090883,3.8639186184090883,3.8639186184090883,3.8639186184090883,3.8639186184090883,3.8639186184090883,3.8639186184090883,3.8639186184090883,3.8639186184090883,3.8639186184090883,3.8639186184090883,3.8639186184090883,3.8639186184090883,3.8639186184090883,3.8639186184090883,3.8639186184090883,3.8639186184090883,3.8639186184090883,3.8639186184090883,3.8639186184090883,3.8639186184090883,3.8639186184090883,3.8639186184090883,3.8639186184090883,3.8639186184090883,3.8639186184090883,3.8639186184090883,3.8639186184090883,3.8639186184090883,3.8639186184090883,3.8639186184090883,3.8639186184090883,3.8639186184090883,3.8639186184090883,3.8639186184090883,3.8639186184090883,3.8639186184090883,3.8639186184090883,3.8639186184090883,3.8639186184090883,3.8639186184090883,3.8639186184090883,3.8639186184090883,3.8639186184090883,3.8639186184090883,3.8639186184090883,3.8639186184090883,3.8639186184090883,3.8639186184090883,3.8639186184090883,3.8639186184090883,3.8639186184090883,3.8639186184090883,3.8639186184090883,3.8639186184090883,3.8639186184090883,3.8639186184090883,3.8639186184090883,3.8639186184090883,3.8639186184090883,3.8639186184090883,3.8639186184090883,3.8639186184090883,3.8639186184090883,3.8639186184090883,3.8639186184090883,3.8639186184090883,3.8639186184090883,3.8639186184090883,3.8639186184090883,3.8639186184090883,3.8639186184090883,3.8639186184090883,3.8639186184090883,3.8639186184090883,3.8639186184090883,3.8639186184090883,3.8639186184090883,3.8639186184090883,3.8639186184090883,3.8639186184090883,3.8639186184090883,3.8639186184090883,3.8639186184090883,3.8639186184090883,3.8639186184090883,3.8639186184090883,3.8639186184090883,3.8639186184090883,3.8639186184090883,3.8639186184090883,3.8639186184090883,3.8639186184090883,3.8639186184090883,3.8639186184090883,3.8639186184090883,3.8639186184090883,3.8639186184090883,3.8639186184090883,3.8639186184090883,3.8639186184090883,3.8639186184090883,3.8639186184090883,3.8639186184090883,3.8639186184090883,3.8639186184090883,3.8639186184090883,3.8639186184090883,3.8639186184090883,3.8639186184090883,3.8639186184090883,3.8639186184090883,3.8639186184090883,3.8639186184090883,3.8639186184090883,3.8639186184090883,3.8639186184090883,3.8639186184090883,3.8639186184090883,3.8639186184090883,3.8639186184090883,3.8639186184090883,3.8639186184090883,3.8639186184090883,3.8639186184090883,3.8639186184090883,3.8639186184090883,3.8639186184090883,3.8639186184090883,3.8639186184090883,3.8639186184090883,3.8639186184090883,3.8639186184090883,3.8639186184090883,3.8639186184090883,3.8639186184090883,3.8639186184090883,3.8639186184090883,3.8639186184090883,3.8639186184090883,3.8639186184090883,3.8639186184090883,3.8639186184090883,3.8639186184090883,3.8639186184090883,3.8639186184090883,3.8639186184090883,3.8639186184090883,3.8639186184090883,3.8639186184090883,3.8639186184090883,3.8639186184090883,3.8639186184090883,3.8639186184090883,3.8639186184090883,3.8639186184090883,3.8639186184090883,3.8639186184090883,3.8639186184090883,3.8639186184090883,3.8639186184090883,3.8639186184090883,3.8639186184090883,3.8639186184090883,3.8639186184090883,3.8639186184090883,3.8639186184090883,3.8639186184090883,3.8639186184090883,3.8639186184090883,3.8639186184090883,3.8639186184090883,3.8639186184090883,3.8639186184090883,3.8639186184090883,3.8639186184090883,3.8639186184090883,3.8639186184090883,3.8639186184090883,3.8639186184090883,3.8639186184090883,3.8639186184090883,3.8639186184090883,3.8639186184090883,3.8639186184090883,3.8639186184090883,3.8639186184090883,3.8639186184090883,3.8639186184090883,3.8639186184090883,3.8639186184090883,3.8639186184090883,3.8639186184090883,3.8639186184090883,3.8639186184090883,3.8639186184090883,3.8639186184090883,3.8639186184090883,3.8639186184090883,3.8639186184090883,3.8639186184090883,3.8639186184090883,3.8639186184090883,3.8639186184090883,3.8639186184090883,3.8639186184090883,3.8639186184090883,3.8639186184090883,6.978980907329429,6.978980907329429,6.978980907329429,6.978980907329429,6.978980907329429,6.978980907329429,6.224602759074369,6.224602759074369,6.224602759074369,6.224602759074369,6.224602759074369,6.224602759074369,6.224602759074369,6.224602759074369,6.224602759074369,6.224602759074369,6.224602759074369,6.224602759074369,6.224602759074369,6.224602759074369,6.224602759074369,6.224602759074369,6.224602759074369,6.224602759074369,6.224602759074369,6.224602759074369,6.224602759074369,6.224602759074369,6.224602759074369,5.67338590137685,5.67338590137685,5.67338590137685,5.67338590137685,5.67338590137685,5.67338590137685,5.67338590137685,5.67338590137685,5.67338590137685,5.666103412000143,5.666103412000143,5.666103412000143,5.43795092379128,4.907300030333079,4.907300030333079,4.907300030333079,4.907300030333079,4.907300030333079,4.907300030333079,4.907300030333079,4.907300030333079,4.907300030333079,4.907300030333079,4.907300030333079,4.907300030333079,4.907300030333079,4.907300030333079,4.907300030333079,4.907300030333079,4.907300030333079,4.907300030333079,4.907300030333079,4.704677734701081,4.704677734701081,4.676667364523584,4.676667364523584,4.676667364523584,4.676667364523584,4.676667364523584,4.676667364523584,4.676667364523584,4.676667364523584,4.676667364523584,4.676667364523584,4.676667364523584,4.676667364523584,4.676667364523584,4.676667364523584,4.676667364523584,4.572892450028704,4.572892450028704,4.572892450028704,4.572892450028704,4.572892450028704,4.572892450028704,4.572892450028704,4.572892450028704,4.572892450028704,4.572892450028704,4.572892450028704,4.572892450028704,4.572892450028704,4.572892450028704,4.572892450028704,4.572892450028704,4.572892450028704,4.572892450028704,4.572892450028704,4.572892450028704,4.572892450028704,4.572892450028704,4.572892450028704,4.572892450028704,4.572892450028704,4.572892450028704,4.572892450028704,4.572892450028704,4.572892450028703,4.572892450028703,4.572892450028703,4.572892450028703,4.572892450028703,4.572892450028703,4.572892450028703,4.572892450028703,4.572892450028703,4.572892450028703,4.572892450028703,4.572892450028703,4.572892450028703,4.572892450028703,4.572892450028703,4.572892450028703,4.572892450028703,4.572892450028703,4.572892450028703,4.572892450028703,4.572892450028703,4.572892450028703,4.572892450028703,4.572892450028703,4.572892450028703,4.572892450028703,4.572892450028703,4.572892450028703,4.572892450028703,4.572892450028703,4.572892450028703,4.572892450028703,4.572892450028703,4.572892450028703,4.572892450028703,4.572892450028703,4.572892450028703,4.572892450028703,4.572892450028703,4.572892450028703,4.572892450028703,4.572892450028703,4.572892450028703,4.572892450028703,4.572892450028703,4.572892450028703,4.572892450028703,4.572892450028703,4.572892450028703,4.572892450028703,4.572892450028703,4.572892450028703,4.572892450028703,4.572892450028703,4.572892450028703,4.572892450028703,4.572892450028703,4.572892450028703,4.572892450028703,4.572892450028703,4.572892450028703,4.572892450028703,4.572892450028703,4.572892450028703,4.572892450028703,4.572892450028703,4.572892450028703,4.572892450028703,4.572892450028703,4.572892450028703,4.572892450028703,4.572892450028703,4.572892450028703,4.572892450028703,4.572892450028703,4.572892450028703,4.572892450028703,4.572892450028703,4.572892450028703,4.572892450028703,4.572892450028703,4.572892450028703,4.572892450028703,4.572892450028703,4.572892450028703,4.572892450028703,4.572892450028703,4.572892450028703,4.572892450028703,4.572892450028703,4.572892450028703,4.572892450028703,4.572892450028703,4.572892450028703,4.572892450028703,4.572892450028703,4.572892450028703,4.572892450028703,4.572892450028703,4.572892450028703,4.572892450028703,4.572892450028703,4.572892450028703,4.572892450028703,4.572892450028703,4.572892450028703,4.572892450028703,4.572892450028703,4.572892450028703,4.572892450028703,4.572892450028703,4.572892450028703,4.572892450028703,4.572892450028703,4.572892450028703,4.572892450028703,4.572892450028703,4.572892450028703,4.572892450028703,4.572892450028703,4.572892450028703,4.572892450028703,4.572892450028703,4.572892450028703,4.572892450028703,4.572892450028703,4.572892450028703,4.572892450028703,4.572892450028703,4.572892450028703,4.572892450028703,4.572892450028703,4.572892450028703,4.572892450028703,4.572892450028703,4.572892450028703,4.572892450028703,4.572892450028703,4.572892450028703,4.572892450028703,4.572892450028703,4.572892450028703,4.572892450028703,4.572892450028703,4.572892450028703,4.572892450028703,4.572892450028703,4.572892450028703,4.572892450028703,4.572892450028703,4.572892450028703,4.572892450028703,4.572892450028703,4.572892450028703,4.572892450028703,4.572892450028703,4.572892450028703,4.572892450028703,4.572892450028703,4.572892450028703,4.572892450028703,4.572892450028703,4.572892450028703,4.572892450028703,4.572892450028703,4.572892450028703,4.572892450028703,4.572892450028703,4.572892450028703,4.572892450028703,4.572892450028703,4.572892450028703,4.572892450028703,4.572892450028703,4.572892450028703,4.572892450028703,4.572892450028703,4.572892450028703,4.572892450028703,4.572892450028703,4.572892450028703,4.572892450028703,4.572892450028703,4.572892450028703,4.572892450028703,4.572892450028703,4.572892450028703,4.572892450028703,4.572892450028703,4.572892450028703,4.572892450028703,4.572892450028703,4.572892450028703,4.572892450028703,4.572892450028703,4.572892450028703,4.572892450028703,4.572892450028703,4.572892450028703,4.572892450028703,4.572892450028703,4.572892450028703,4.572892450028703,4.572892450028703,4.572892450028703,4.572892450028703,4.572892450028703,4.572892450028703,4.572892450028703,4.572892450028703,4.572892450028703,4.572892450028703,4.572892450028703,4.572892450028703,4.572892450028703,4.572892450028703,4.572892450028703,4.572892450028703,4.572892450028703,4.572892450028703,4.572892450028703,4.572892450028703,4.572892450028703,4.572892450028703,4.572892450028703,4.572892450028703,4.572892450028703,4.572892450028703,4.572892450028703,4.572892450028703,4.572892450028703,4.572892450028703,4.572892450028703,4.572892450028703,4.572892450028703,4.572892450028703,4.572892450028703,4.572892450028703,4.572892450028703,4.572892450028703,4.572892450028703,4.572892450028703,4.572892450028703,4.572892450028703,4.572892450028703,4.572892450028703,4.572892450028703,4.572892450028703,4.572892450028703,4.572892450028703,4.572892450028703,4.572892450028703,4.572892450028703,4.572892450028703,4.572892450028703,4.572892450028703,4.572892450028703,4.572892450028703,4.572892450028703,4.572892450028703,4.572892450028703,4.572892450028703,4.572892450028703,4.572892450028703,4.572892450028703,4.572892450028703,4.572892450028703,4.572892450028703,4.572892450028703,4.572892450028703,4.572892450028703,4.572892450028703,4.572892450028703,4.572892450028703,4.572892450028703,4.572892450028703,4.572892450028703,4.572892450028703,4.572892450028703,4.572892450028703,4.572892450028703,4.572892450028703,4.572892450028703,4.572892450028703,4.572892450028703,4.572892450028703,4.572892450028703,4.572892450028703,4.572892450028703,4.572892450028703,4.572892450028703,4.572892450028703,4.572892450028703,4.572892450028703,4.572892450028703,4.572892450028703,4.572892450028703,4.572892450028703,4.572892450028703,4.572892450028703,4.572892450028703,4.572892450028703,4.572892450028703,4.572892450028703,4.572892450028703,4.572892450028703,4.572892450028703,4.572892450028703,4.572892450028703,4.572892450028703,4.572892450028703,4.572892450028703,4.572892450028703,4.572892450028703,4.572892450028703,4.572892450028703,4.572892450028703,4.572892450028703,4.572892450028703,4.572892450028703,4.572892450028703,4.572892450028703,4.572892450028703,4.572892450028703,4.572892450028703,4.572892450028703,4.572892450028703,4.572892450028703,4.572892450028703,4.572892450028703,4.572892450028703,4.572892450028703,4.572892450028703,4.572892450028703,4.572892450028703,4.572892450028703,4.572892450028703,4.572892450028703,4.572892450028703,4.572892450028703,4.572892450028703,4.572892450028703,4.572892450028703,4.572892450028703,4.572892450028703,4.572892450028703,4.572892450028703,4.572892450028703,4.572892450028703,4.572892450028703,4.572892450028703,4.572892450028703,4.572892450028703,4.572892450028703,4.572892450028703,4.572892450028703,4.572892450028703,4.572892450028703,4.572892450028703,4.572892450028703,4.572892450028703,4.572892450028703,4.572892450028703,4.572892450028703,4.572892450028703,4.572892450028703,4.572892450028703,4.572892450028703,4.572892450028703,4.572892450028703,4.572892450028703,4.572892450028703,4.572892450028703,4.572892450028703,4.572892450028703,4.572892450028703,4.572892450028703,4.572892450028703,4.572892450028703,4.572892450028703,4.572892450028703,4.572892450028703,4.572892450028703,4.572892450028703,4.572892450028703,4.572892450028703,4.572892450028703,4.572892450028703,4.572892450028703,4.572892450028703,4.572892450028703,4.572892450028703,4.572892450028703,4.572892450028703,4.572892450028703,4.572892450028703,4.572892450028703,4.572892450028703,4.572892450028703,4.572892450028703,4.572892450028703,4.572892450028703,4.572892450028703,4.572892450028703,4.572892450028703,4.572892450028703,4.572892450028703,4.572892450028703,4.572892450028703,4.572892450028703,4.572892450028703,4.572892450028703,4.572892450028703,4.572892450028703,4.572892450028703,4.572892450028703,4.572892450028703,4.572892450028703,4.572892450028703,4.572892450028703,4.572892450028703,4.572892450028703,4.572892450028703,4.572892450028703,4.572892450028703,4.572892450028703,4.572892450028703,4.572892450028703,4.572892450028703,4.572892450028703,4.572892450028703,4.572892450028703,4.572892450028703,4.572892450028703,4.572892450028703,4.572892450028703,4.572892450028703,4.572892450028703,4.572892450028703,4.572892450028703,4.572892450028703,4.572892450028703,4.572892450028703,4.572892450028703,4.572892450028703,4.572892450028703,4.572892450028703,4.572892450028703,4.572892450028703,4.572892450028703,4.572892450028703,4.572892450028703,4.572892450028703,4.572892450028703,4.572892450028703,4.572892450028703,4.572892450028703,4.572892450028703,4.572892450028703,4.572892450028703,4.572892450028703,4.572892450028703,4.572892450028703,4.572892450028703,4.572892450028703,4.572892450028703,4.572892450028703,4.572892450028703,4.572892450028703,4.572892450028703,4.572892450028703,4.572892450028703,4.572892450028703,4.572892450028703,4.572892450028703,4.572892450028703,4.572892450028703,4.572892450028703,4.572892450028703,4.572892450028703,4.572892450028703,4.572892450028703,4.572892450028703,4.572892450028703,4.572892450028703,4.572892450028703,4.572892450028703,4.572892450028703,4.572892450028703,4.572892450028703,4.572892450028703,4.572892450028703,4.572892450028703,4.572892450028703,4.572892450028703,4.572892450028703,4.572892450028703,4.572892450028703,4.572892450028703,4.572892450028703,4.572892450028703,4.572892450028703,4.572892450028703,4.572892450028703,4.572892450028703,4.572892450028703,4.572892450028703,4.572892450028703,4.572892450028703,4.572892450028703,4.572892450028703,4.572892450028703,4.572892450028703,4.572892450028703,4.572892450028703,4.572892450028703,4.572892450028703,4.572892450028703,4.572892450028703,4.572892450028703,4.572892450028703,4.572892450028703,4.572892450028703,4.572892450028703,4.572892450028703,4.572892450028703,4.572892450028703,4.572892450028703,4.572892450028703,4.572892450028703,4.572892450028703,4.572892450028703,4.572892450028703,4.572892450028703,4.572892450028703,4.572892450028703,4.572892450028703,4.572892450028703,4.572892450028703,4.572892450028703,4.572892450028703,4.572892450028703,4.572892450028703,4.572892450028703,4.572892450028703,4.572892450028703,4.572892450028703,4.572892450028703,4.572892450028703,4.572892450028703,4.572892450028703,4.572892450028703,4.572892450028703,4.572892450028703,4.572892450028703,4.572892450028703,4.572892450028703,4.572892450028703,4.572892450028703,4.572892450028703,4.572892450028703,4.572892450028703,4.572892450028703,4.572892450028703,4.572892450028703,4.572892450028703,4.572892450028703,4.572892450028703,4.572892450028703,4.572892450028703,4.572892450028703,4.572892450028703,4.572892450028703,4.572892450028703,4.572892450028703,4.572892450028703,4.572892450028703,4.572892450028703,4.572892450028703,4.572892450028703,4.572892450028703,4.572892450028703,4.572892450028703,4.572892450028703,4.572892450028703,4.572892450028703,4.572892450028703,4.572892450028703,4.572892450028703,4.572892450028703,4.572892450028703,4.572892450028703,4.572892450028703,4.572892450028703,4.572892450028703,4.572892450028703,4.572892450028703,4.572892450028703,4.572892450028703,4.572892450028703,4.572892450028703,4.572892450028703,4.572892450028703,4.572892450028703,4.572892450028703,4.572892450028703,4.572892450028703,4.572892450028703,4.572892450028703,4.572892450028703,4.572892450028703,4.572892450028703,4.572892450028703,4.572892450028703,4.572892450028703,4.572892450028703,4.572892450028703,4.572892450028703,4.572892450028703,4.572892450028703,4.572892450028703,4.572892450028703,4.572892450028703,4.572892450028703,4.572892450028703,4.572892450028703,4.572892450028703,4.572892450028703,4.572892450028703,4.572892450028703,4.572892450028703,4.572892450028703,4.572892450028703,4.572892450028703,4.572892450028703,4.572892450028703,4.572892450028703,4.572892450028703,4.572892450028703,4.572892450028703,4.572892450028703,4.572892450028703,4.572892450028703,4.572892450028703,4.572892450028703,4.572892450028703,4.572892450028703,4.572892450028703,4.572892450028703,4.572892450028703,4.572892450028703,4.572892450028703,4.572892450028703,4.572892450028703,4.572892450028703,4.572892450028703,4.572892450028703,4.572892450028703,4.572892450028703,4.572892450028703,4.572892450028703,4.572892450028703,4.572892450028703,4.572892450028703,4.572892450028703,4.572892450028703,4.572892450028703,4.572892450028703,4.572892450028703,4.572892450028703,4.572892450028703,4.572892450028703,4.572892450028703,4.572892450028703,4.572892450028703,4.572892450028703,4.572892450028703,4.572892450028703,4.572892450028703,4.572892450028703,4.572892450028703,4.572892450028703,4.572892450028703,4.572892450028703,4.572892450028703,4.572892450028703,4.572892450028703,4.572892450028703,4.572892450028703,4.572892450028703,4.572892450028703,4.572892450028703,4.572892450028703,4.572892450028703,4.572892450028703,4.572892450028703,4.572892450028703,4.572892450028703,4.572892450028703,4.572892450028703,4.572892450028703,4.572892450028703,4.572892450028703,4.572892450028703,4.572892450028703,4.572892450028703,4.572892450028703,4.572892450028703,4.572892450028703,4.572892450028703,4.572892450028703,4.572892450028703,4.572892450028703,4.572892450028703,4.572892450028703,4.572892450028703,4.572892450028703,4.572892450028703,4.572892450028703,4.572892450028703,4.572892450028703,4.572892450028703,4.572892450028703,4.572892450028703,4.572892450028703,4.572892450028703,4.572892450028703,4.572892450028703,4.572892450028703,4.572892450028703,4.572892450028703,4.572892450028703,4.572892450028703,4.572892450028703,4.572892450028703,4.572892450028703,4.572892450028703,4.572892450028703,4.572892450028703,4.572892450028703,4.572892450028703,4.572892450028703,4.572892450028703,4.572892450028703,4.572892450028703,4.572892450028703,4.572892450028703,4.572892450028703,4.572892450028703,4.572892450028703,4.572892450028703,4.572892450028703,4.572892450028703,4.572892450028703,4.572892450028703,4.572892450028703,4.572892450028703,4.572892450028703,4.572892450028703,4.572892450028703,4.572892450028703,4.572892450028703,4.572892450028703,4.572892450028703,4.572892450028703,4.572892450028703,4.572892450028703,4.572892450028703,4.572892450028703,4.572892450028703,4.572892450028703,4.572892450028703,4.572892450028703,4.572892450028703,4.572892450028703,4.572892450028703,4.572892450028703,4.572892450028703,4.572892450028703,4.572892450028703,4.572892450028703,4.572892450028703,4.572892450028703,4.572892450028703,4.572892450028703,4.572892450028703,4.572892450028703,4.572892450028703,4.572892450028703,4.572892450028703,4.572892450028703,4.572892450028703,4.572892450028703,4.572892450028703,4.572892450028703,4.572892450028703,4.572892450028703,4.572892450028703,4.572892450028703,4.572892450028703,4.572892450028703,4.572892450028703,4.572892450028703,4.572892450028703,4.572892450028703,4.572892450028703,4.572892450028703,4.572892450028703,4.572892450028703,4.572892450028703,4.572892450028703,4.572892450028703,4.572892450028703,4.572892450028703,4.572892450028703,4.572892450028703,4.572892450028703,4.572892450028703,4.572892450028703,4.572892450028703,4.572892450028703,4.572892450028703,4.572892450028703,4.572892450028703,4.572892450028703,4.572892450028703,4.572892450028703,4.572892450028703,4.572892450028703,4.572892450028703,4.572892450028703,4.572892450028703,4.572892450028703,4.572892450028703,4.572892450028703,4.572892450028703,4.572892450028703,4.572892450028703,4.572892450028703,4.572892450028703,4.572892450028703,4.572892450028703,4.572892450028703,4.572892450028703,4.572892450028703,4.572892450028703,4.572892450028703,4.572892450028703,4.572892450028703,4.572892450028703,4.572892450028703,4.572892450028703,4.572892450028703,4.572892450028703,4.572892450028703,4.572892450028703,4.572892450028703,4.572892450028703,4.572892450028703,4.572892450028703,4.572892450028703,4.572892450028703,4.572892450028703,4.572892450028703,4.572892450028703,4.572892450028703,4.572892450028703,4.572892450028703,4.572892450028703,4.572892450028703,4.572892450028703,4.572892450028703,4.572892450028703,4.572892450028703,4.572892450028703,4.572892450028703,4.572892450028703,4.572892450028703,4.572892450028703,4.572892450028703,4.572892450028703,4.572892450028703,4.572892450028703,4.572892450028703,4.572892450028703,4.572892450028703,4.572892450028703,4.572892450028703,4.572892450028703,4.572892450028703,4.572892450028703,4.572892450028703,4.572892450028703,4.572892450028703,6.326833579949623,6.181817112803093,6.181817112803093,6.181817112803093,6.181817112803093,6.181817112803093,6.181817112803093,6.181817112803093,6.181817112803093,6.181817112803093,6.181817112803093,6.181817112803093,6.181817112803093,6.181817112803093,6.181817112803093,6.181817112803093,6.181817112803093,6.181817112803093,6.181817112803093,6.181817112803093,6.181817112803093,6.181817112803093,6.181817112803093,6.181817112803093,6.181817112803093,6.181817112803093,6.181817112803093,6.181817112803093,6.181817112803093,6.181817112803093,6.181817112803093,6.181817112803093,6.181817112803093,6.181817112803093,6.181817112803093,6.181817112803093,6.181817112803093,6.181817112803093,6.181817112803093,6.181817112803093,6.181817112803093,6.181817112803093,6.181817112803093,6.181817112803093,6.181817112803093,6.181817112803093,6.181817112803093,6.181817112803093,6.181817112803093,5.9760396954944595,5.692314876279045,5.14560147425349,4.979780274785166,4.88988734225928,4.88988734225928,4.88988734225928,4.88988734225928,4.88988734225928,4.88988734225928,4.88988734225928,4.88988734225928,4.88988734225928,4.88988734225928,4.7526214163904035,4.7526214163904035,4.7526214163904035,4.7526214163904035,4.7526214163904035,4.7526214163904035,4.7526214163904035,4.7526214163904035,4.7526214163904035,4.7526214163904035,4.7526214163904035,4.7526214163904035,4.7526214163904035,4.7526214163904035,4.7526214163904035,4.7526214163904035,4.7526214163904035,4.7526214163904035,4.7526214163904035,4.7526214163904035,4.7526214163904035,4.7526214163904035,4.7526214163904035,4.744315153404847,4.744315153404847,4.744315153404847,4.744315153404847,4.744315153404847,4.744315153404847,4.744315153404847,4.744315153404847,4.744315153404847,4.744315153404847,4.744315153404847,4.744315153404847,4.744315153404847,4.744315153404847,4.744315153404847,4.744315153404847,4.744315153404847,4.744315153404847,4.744315153404847,4.744315153404847,4.744315153404847,4.744315153404847,4.744315153404847,4.744315153404847,4.744315153404847,4.744315153404847,4.744315153404847,4.744315153404847,4.744315153404847,4.744315153404847,4.744315153404847,4.744315153404847,4.744315153404847,4.744315153404847,4.744315153404847,4.744315153404847,4.744315153404847,4.744315153404847,4.744315153404847,4.744315153404847,4.744315153404847,4.744315153404847,4.744315153404847,4.744315153404847,4.744315153404847,4.744315153404847,4.744315153404847,4.744315153404847,4.744315153404847,4.744315153404847,4.744315153404847,4.744315153404847,4.744315153404847,4.744315153404847,4.744315153404847,4.744315153404847,4.744315153404847,4.744315153404847,4.744315153404847,4.744315153404847,4.744315153404847,4.744315153404847,4.744315153404847,4.744315153404847,4.744315153404847,4.744315153404847,4.744315153404847,4.744315153404847,4.744315153404847,4.744315153404847,4.744315153404847,4.744315153404847,4.744315153404847,4.744315153404847,4.744315153404847,4.744315153404847,4.744315153404847,4.744315153404847,4.744315153404847,4.744315153404847,4.14898472033615,4.14898472033615,4.14898472033615,4.14898472033615,4.14898472033615,4.14898472033615,4.14898472033615,4.14898472033615,4.14898472033615,4.14898472033615,4.14898472033615,4.14898472033615,4.14898472033615,4.14898472033615,4.14898472033615,4.14898472033615,4.14898472033615,4.14898472033615,4.14898472033615,4.14898472033615,4.14898472033615,4.14898472033615,4.14898472033615,4.14898472033615,4.14898472033615,4.14898472033615,4.14898472033615,4.14898472033615,4.14898472033615,4.14898472033615,4.14898472033615,4.14898472033615,4.14898472033615,4.14898472033615,4.14898472033615,4.14898472033615,4.14898472033615,4.14898472033615,4.14898472033615,4.14898472033615,4.14898472033615,4.14898472033615,4.14898472033615,4.14898472033615,4.14898472033615,4.14898472033615,4.14898472033615,4.14898472033615,4.14898472033615,4.14898472033615,4.14898472033615,4.14898472033615,4.14898472033615,4.14898472033615,4.14898472033615,4.14898472033615,4.14898472033615,4.14898472033615,4.14898472033615,4.14898472033615,4.14898472033615,4.14898472033615,4.14898472033615,4.14898472033615,4.14898472033615,4.14898472033615,4.14898472033615,4.14898472033615,4.14898472033615,4.14898472033615,4.14898472033615,4.14898472033615,4.14898472033615,4.14898472033615,4.14898472033615,4.14898472033615,4.14898472033615,4.14898472033615,4.14898472033615,4.14898472033615,4.14898472033615,4.14898472033615,4.14898472033615,4.14898472033615,4.14898472033615,4.14898472033615,4.14898472033615,4.14898472033615,4.14898472033615,4.14898472033615,4.14898472033615,4.14898472033615,4.14898472033615,4.14898472033615,4.14898472033615,4.14898472033615,4.14898472033615,4.14898472033615,4.14898472033615,4.14898472033615,4.14898472033615,4.14898472033615,4.14898472033615,4.14898472033615,4.14898472033615,4.14898472033615,4.14898472033615,4.14898472033615,4.14898472033615,4.14898472033615,4.14898472033615,4.14898472033615,4.14898472033615,4.14898472033615,4.14898472033615,4.14898472033615,4.14898472033615,4.14898472033615,4.14898472033615,4.14898472033615,4.14898472033615,4.14898472033615,4.14898472033615,4.14898472033615,4.14898472033615,4.14898472033615,4.14898472033615,4.14898472033615,4.14898472033615,4.14898472033615,4.14898472033615,4.14898472033615,4.14898472033615,4.14898472033615,4.14898472033615,4.14898472033615,4.14898472033615,4.14898472033615,4.14898472033615,4.14898472033615,4.14898472033615,4.14898472033615,4.14898472033615,4.14898472033615,4.14898472033615,4.14898472033615,4.14898472033615,4.14898472033615,4.14898472033615,4.14898472033615,4.14898472033615,4.14898472033615,4.14898472033615,4.14898472033615,4.14898472033615,4.14898472033615,4.14898472033615,4.14898472033615,4.14898472033615,4.14898472033615,4.14898472033615,4.14898472033615,4.14898472033615,4.14898472033615,4.14898472033615,4.14898472033615,4.14898472033615,4.14898472033615,4.14898472033615,4.14898472033615,4.14898472033615,4.14898472033615,4.14898472033615,4.14898472033615,4.14898472033615,4.14898472033615,4.14898472033615,4.14898472033615,4.14898472033615,4.14898472033615,4.14898472033615,4.14898472033615,4.14898472033615,4.14898472033615,4.14898472033615,4.14898472033615,4.14898472033615,4.14898472033615,4.14898472033615,4.14898472033615,4.14898472033615,4.14898472033615,4.14898472033615,4.14898472033615,4.14898472033615,4.14898472033615,4.14898472033615,4.14898472033615,4.14898472033615,4.14898472033615,4.14898472033615,4.14898472033615,4.14898472033615,4.14898472033615,4.14898472033615,4.14898472033615,4.14898472033615,4.14898472033615,4.14898472033615,4.14898472033615,4.14898472033615,4.14898472033615,4.14898472033615,4.14898472033615,4.14898472033615,4.14898472033615,4.14898472033615,4.14898472033615,4.14898472033615,4.14898472033615,4.14898472033615,4.14898472033615,4.14898472033615,4.14898472033615,4.14898472033615,4.14898472033615,4.14898472033615,4.14898472033615,4.14898472033615,4.14898472033615,4.14898472033615,4.14898472033615,4.14898472033615,4.14898472033615,4.14898472033615,4.14898472033615,4.14898472033615,4.14898472033615,4.14898472033615,4.14898472033615,4.14898472033615,4.14898472033615,4.14898472033615,4.14898472033615,4.14898472033615,4.14898472033615,4.14898472033615,4.14898472033615,4.14898472033615,4.14898472033615,4.14898472033615,4.14898472033615,4.14898472033615,4.14898472033615,4.14898472033615,4.14898472033615,4.14898472033615,4.14898472033615,4.14898472033615,4.14898472033615,4.14898472033615,4.14898472033615,4.14898472033615,4.14898472033615,4.14898472033615,4.14898472033615,4.14898472033615,4.14898472033615,4.14898472033615,4.14898472033615,4.14898472033615,4.14898472033615,4.14898472033615,4.14898472033615,4.14898472033615,4.14898472033615,4.14898472033615,4.14898472033615,4.14898472033615,4.14898472033615,4.14898472033615,4.14898472033615,4.14898472033615,4.14898472033615,4.14898472033615,4.14898472033615,4.14898472033615,4.14898472033615,4.14898472033615,4.14898472033615,4.14898472033615,4.14898472033615,4.14898472033615,4.14898472033615,4.14898472033615,4.14898472033615,4.14898472033615,4.14898472033615,4.14898472033615,4.14898472033615,4.14898472033615,4.14898472033615,4.14898472033615,4.14898472033615,4.14898472033615,4.14898472033615,4.14898472033615,4.14898472033615,4.14898472033615,4.14898472033615,4.14898472033615,4.14898472033615,4.14898472033615,4.14898472033615,4.14898472033615,4.14898472033615,4.14898472033615,4.14898472033615,4.14898472033615,4.14898472033615,4.14898472033615,4.14898472033615,4.14898472033615,4.14898472033615,4.14898472033615,4.14898472033615,4.14898472033615,4.14898472033615,4.14898472033615,4.14898472033615,4.14898472033615,4.14898472033615,4.14898472033615,4.14898472033615,4.14898472033615,4.14898472033615,4.14898472033615,4.14898472033615,4.14898472033615,4.14898472033615,4.14898472033615,4.14898472033615,4.14898472033615,4.14898472033615,4.14898472033615,4.14898472033615,4.14898472033615,4.14898472033615,4.14898472033615,4.14898472033615,4.14898472033615,4.14898472033615,4.14898472033615,4.14898472033615,4.14898472033615,4.14898472033615,4.14898472033615,4.14898472033615,4.14898472033615,4.14898472033615,4.14898472033615,4.14898472033615,4.14898472033615,4.14898472033615,4.14898472033615,4.14898472033615,4.14898472033615,4.14898472033615,4.14898472033615,4.14898472033615,4.14898472033615,4.14898472033615,4.14898472033615,4.14898472033615,4.14898472033615,4.14898472033615,4.14898472033615,4.14898472033615,4.14898472033615,4.14898472033615,4.14898472033615,4.14898472033615,4.14898472033615,4.14898472033615,4.14898472033615,4.14898472033615,4.14898472033615,4.14898472033615,4.14898472033615,4.14898472033615,4.14898472033615,4.14898472033615,4.14898472033615,4.14898472033615,4.14898472033615,4.14898472033615,4.14898472033615,4.14898472033615,4.14898472033615,4.14898472033615,4.14898472033615,4.14898472033615,4.14898472033615,4.14898472033615,4.14898472033615,4.14898472033615,4.14898472033615,4.14898472033615,4.14898472033615,4.14898472033615,4.14898472033615,4.14898472033615,4.14898472033615,4.14898472033615,4.14898472033615,4.14898472033615,4.14898472033615,4.14898472033615,4.14898472033615,4.14898472033615,4.14898472033615,4.14898472033615,4.14898472033615,4.14898472033615,4.14898472033615,4.14898472033615,4.14898472033615,4.14898472033615,4.14898472033615,4.14898472033615,4.14898472033615,4.14898472033615,4.14898472033615,4.14898472033615,4.14898472033615,4.14898472033615,4.14898472033615,4.14898472033615,4.14898472033615,4.14898472033615,4.14898472033615,4.14898472033615,4.14898472033615,4.14898472033615,4.14898472033615,4.14898472033615,4.14898472033615,3.95807774611549,3.95807774611549,3.95807774611549,3.95807774611549,3.95807774611549,3.95807774611549,3.95807774611549,3.95807774611549,3.95807774611549,3.95807774611549,3.95807774611549,3.95807774611549,3.95807774611549,3.95807774611549,3.95807774611549,3.95807774611549,3.95807774611549,3.95807774611549,3.95807774611549,3.95807774611549,3.95807774611549,3.95807774611549,3.95807774611549,3.95807774611549,3.95807774611549,3.95807774611549,3.95807774611549,3.95807774611549,3.95807774611549,3.95807774611549,3.95807774611549,3.95807774611549,3.95807774611549,3.95807774611549,3.95807774611549,3.95807774611549,3.95807774611549,3.95807774611549,3.95807774611549,3.95807774611549,3.95807774611549,3.95807774611549,3.95807774611549,3.95807774611549,3.95807774611549,3.95807774611549,3.95807774611549,3.95807774611549,3.95807774611549,3.95807774611549,3.95807774611549,3.95807774611549,3.95807774611549,3.95807774611549,3.95807774611549,3.95807774611549,3.95807774611549,3.95807774611549,3.95807774611549,3.95807774611549,3.95807774611549,3.95807774611549,3.95807774611549,3.95807774611549,3.95807774611549,3.95807774611549,3.95807774611549,3.95807774611549,3.95807774611549,3.95807774611549,3.95807774611549,3.95807774611549,3.95807774611549,3.95807774611549,3.95807774611549,3.95807774611549,3.95807774611549,3.95807774611549,3.95807774611549,3.95807774611549,3.95807774611549,3.95807774611549,3.95807774611549,3.95807774611549,3.95807774611549,3.95807774611549,3.95807774611549,3.95807774611549,3.95807774611549,3.95807774611549,3.95807774611549,3.95807774611549,3.95807774611549,3.95807774611549,3.95807774611549,3.95807774611549,3.95807774611549,3.95807774611549,3.95807774611549,3.95807774611549,3.95807774611549,3.95807774611549,3.95807774611549,3.95807774611549,3.95807774611549,3.95807774611549,3.95807774611549,3.95807774611549,3.95807774611549,3.95807774611549,3.95807774611549,3.95807774611549,3.95807774611549,3.95807774611549,3.95807774611549,3.95807774611549,3.95807774611549,3.95807774611549,3.95807774611549,3.95807774611549,3.95807774611549,3.95807774611549,3.95807774611549,3.95807774611549,3.95807774611549,3.95807774611549,3.95807774611549,3.95807774611549,3.95807774611549,3.95807774611549,3.95807774611549,3.95807774611549,3.95807774611549,3.95807774611549,3.95807774611549,3.95807774611549,3.95807774611549,3.95807774611549,3.95807774611549,3.95807774611549,3.95807774611549,3.95807774611549,3.95807774611549,3.95807774611549,3.95807774611549,3.95807774611549,3.95807774611549,3.95807774611549,3.95807774611549,3.95807774611549,3.95807774611549,3.95807774611549,3.95807774611549,3.95807774611549,3.95807774611549,3.95807774611549,3.95807774611549,3.95807774611549,3.95807774611549,3.95807774611549,3.95807774611549,3.95807774611549,3.95807774611549,3.95807774611549,3.95807774611549,3.95807774611549,3.95807774611549,3.95807774611549,3.95807774611549,3.95807774611549,3.95807774611549,3.95807774611549,3.95807774611549,3.95807774611549,3.95807774611549,3.95807774611549,3.95807774611549,3.95807774611549,3.95807774611549,3.95807774611549,3.95807774611549,3.95807774611549,3.95807774611549,3.95807774611549,3.95807774611549,3.95807774611549,3.95807774611549,3.95807774611549,3.95807774611549,3.95807774611549,3.95807774611549,3.95807774611549,3.95807774611549,3.95807774611549,3.95807774611549,3.95807774611549,3.95807774611549,3.95807774611549,3.95807774611549,3.95807774611549,3.95807774611549,3.95807774611549,3.95807774611549,3.95807774611549,3.95807774611549,3.95807774611549,3.95807774611549,3.95807774611549,3.95807774611549,3.95807774611549,3.95807774611549,3.95807774611549,3.95807774611549,3.95807774611549,3.95807774611549,3.95807774611549,3.95807774611549,3.95807774611549,3.95807774611549,3.95807774611549,3.95807774611549,3.95807774611549,3.95807774611549,3.95807774611549,3.95807774611549,3.95807774611549,3.95807774611549,3.95807774611549,3.95807774611549,3.95807774611549,3.95807774611549,3.95807774611549,3.95807774611549,3.95807774611549,3.95807774611549,3.95807774611549,3.95807774611549,3.95807774611549,3.95807774611549,3.95807774611549,3.95807774611549,3.95807774611549,3.95807774611549,3.95807774611549,3.95807774611549,3.95807774611549,3.95807774611549,3.95807774611549,3.95807774611549,3.95807774611549,3.95807774611549,3.95807774611549,3.95807774611549,3.95807774611549,3.95807774611549,3.95807774611549,3.95807774611549,3.95807774611549,3.95807774611549,3.95807774611549,3.95807774611549,3.95807774611549,3.95807774611549,3.95807774611549,3.95807774611549,3.95807774611549,3.95807774611549,3.95807774611549,3.95807774611549,3.95807774611549,3.95807774611549,3.95807774611549,3.95807774611549,3.95807774611549,3.95807774611549,3.95807774611549,3.95807774611549,3.95807774611549,3.95807774611549,3.95807774611549,3.95807774611549,3.95807774611549,3.95807774611549,3.95807774611549,3.95807774611549,3.95807774611549,3.95807774611549,3.95807774611549,3.95807774611549,3.95807774611549,3.95807774611549,3.95807774611549,3.95807774611549,3.95807774611549,3.95807774611549,3.95807774611549,3.95807774611549,3.95807774611549,3.95807774611549,3.95807774611549,3.95807774611549,3.95807774611549,3.95807774611549,3.95807774611549,3.95807774611549,3.95807774611549,3.95807774611549,3.95807774611549,3.95807774611549,3.95807774611549,3.95807774611549,3.95807774611549,3.95807774611549,3.95807774611549,3.95807774611549,3.95807774611549,3.95807774611549,3.95807774611549,3.95807774611549,3.95807774611549,3.95807774611549,3.95807774611549,3.95807774611549,3.95807774611549,3.95807774611549,3.95807774611549,3.95807774611549,3.95807774611549,3.95807774611549,3.95807774611549,3.95807774611549,3.95807774611549,3.95807774611549,3.95807774611549,3.95807774611549,3.95807774611549,3.95807774611549,3.95807774611549,3.95807774611549,3.95807774611549,3.95807774611549,3.95807774611549,3.95807774611549,3.95807774611549,3.95807774611549,3.95807774611549,3.95807774611549,3.95807774611549,3.95807774611549,3.95807774611549,3.95807774611549,3.95807774611549,3.95807774611549,3.95807774611549,3.95807774611549,3.95807774611549,3.95807774611549,3.95807774611549,3.95807774611549,3.95807774611549,3.95807774611549,3.95807774611549,3.95807774611549,3.95807774611549,3.95807774611549,3.95807774611549,3.95807774611549,3.95807774611549,3.95807774611549,3.95807774611549,3.95807774611549,3.95807774611549,3.95807774611549,3.95807774611549,3.95807774611549,3.95807774611549,3.95807774611549,3.95807774611549,3.95807774611549,3.95807774611549,3.95807774611549,3.95807774611549,3.95807774611549,3.95807774611549,3.95807774611549,3.95807774611549,3.95807774611549,6.593068847474764,6.593068847474764,5.927189500427331,5.927189500427331,5.927189500427331,5.927189500427331,5.927189500427331,5.927189500427331,5.927189500427331,5.918005487008738,5.918005487008738,5.918005487008738,5.918005487008738,5.918005487008738,5.918005487008738,5.918005487008738,5.829589640352955,5.829589640352955,5.829589640352955,5.829589640352955,5.829589640352955,5.829589640352955,5.829589640352955,5.829589640352955,5.829589640352955,5.829589640352955,5.829589640352955,5.829589640352955,5.829589640352955,5.829589640352955,5.829589640352955,5.829589640352955,5.829589640352955,5.829589640352955,5.829589640352955,5.829589640352955,5.829589640352955,5.829589640352955,5.740550798114918,5.625641864526875,5.625641864526875,5.625641864526875,5.625641864526875,5.625641864526875,5.625641864526875,5.625641864526875,5.625641864526875,5.625641864526875,5.625641864526875,5.625641864526875,5.625641864526875,5.625641864526875,5.625641864526875,5.625641864526875,5.625641864526875,5.625641864526875,5.625641864526875,5.625641864526875,5.625641864526875,5.625641864526875,5.625641864526875,5.625641864526875,5.625641864526875,5.625641864526875,5.625641864526875,5.625641864526875,5.625641864526875,5.625641864526875,5.625641864526875,5.625641864526875,5.625641864526875,5.625641864526875,5.625641864526875,5.625641864526875,5.625641864526875,5.625641864526875,5.625641864526875,5.625641864526875,5.625641864526875,5.625641864526875,5.625641864526875,5.625641864526875,5.625641864526875,5.625641864526875,5.625641864526875,5.625641864526875,5.625641864526875,5.625641864526875,5.625641864526875,5.342706049711575,5.342706049711575,5.342706049711575,5.342706049711575,5.342706049711575,5.342706049711575,5.342706049711575,5.342706049711575,5.342706049711575,5.342706049711575,5.342706049711575,5.342706049711575,5.342706049711575,5.342706049711575,5.342706049711575,5.342706049711575,5.342706049711575,5.342706049711575,5.342706049711575,5.342706049711575,5.342706049711575,5.342706049711575,5.342706049711575,5.342706049711575,5.342706049711575,5.342706049711575,5.342706049711575,5.342706049711575,5.342706049711575,5.342706049711575,5.342706049711575,5.342706049711575,5.342706049711575,5.342706049711575,5.342706049711575,5.342706049711575,5.342706049711575,5.342706049711575,5.342706049711575,5.342706049711575,5.342706049711575,5.342706049711575,5.342706049711575,5.342706049711575,5.342706049711575,5.342706049711575,5.342706049711575,5.342706049711575,5.342706049711575,5.342706049711575,5.342706049711575,5.342706049711575,5.342706049711575,5.342706049711575,5.342706049711575,5.342706049711575,5.342706049711575,5.342706049711575,5.342706049711575,5.342706049711575,5.342706049711575,5.342706049711575,5.342706049711575,5.342706049711575,5.342706049711575,5.342706049711575,5.342706049711575,5.071550742899968,5.071550742899968,5.071550742899968,5.071550742899968,5.071550742899968,5.071550742899968,5.071550742899968,5.071550742899968,5.071550742899968,5.071550742899968,5.071550742899968,5.071550742899968,5.071550742899968,5.071550742899968,5.071550742899968,5.071550742899968,5.071550742899968,5.071550742899968,4.999769496030518,4.999769496030518,4.999769496030518,4.999769496030518,4.999769496030518,4.999769496030518,4.999769496030518,4.999769496030518,4.999769496030518,4.999769496030518,4.999769496030518,4.999769496030518,4.999769496030518,4.999769496030518,4.999769496030518,4.999769496030518,4.999769496030518,4.999769496030518,4.999769496030518,4.999769496030518,4.999769496030518,4.999769496030518,4.999769496030518,4.999769496030518,4.999769496030518,4.999769496030518,4.966514384771068,4.966514384771068,4.966514384771068,4.966514384771068,4.966514384771068,4.966514384771068,4.966514384771068,4.966514384771068,4.966514384771068,4.966514384771068,4.966514384771068,4.966514384771068,4.966514384771068,4.966514384771068,4.966514384771068,4.966514384771068,4.966514384771068,4.966514384771068,4.966514384771068,4.966514384771068,4.966514384771068,4.966514384771068,4.966514384771068,4.966514384771068,4.966514384771068,4.966514384771068,4.966514384771068,4.966514384771068,4.966514384771068,4.966514384771068,4.966514384771068,4.966514384771068,4.966514384771068,4.966514384771068,4.966514384771068,4.966514384771068,4.966514384771068,4.966514384771068,4.966514384771068,4.966514384771068,4.966514384771068,4.966514384771068,4.966514384771068,4.966514384771068,4.966514384771068,4.966514384771068,4.966514384771068,4.966514384771068,4.966514384771068,4.966514384771068,4.966514384771068,4.966514384771068,4.966514384771068,4.966514384771068,4.966514384771068,4.966514384771068,4.966514384771068,4.966514384771068,4.966514384771068,4.966514384771068,4.966514384771068,4.966514384771068,4.966514384771068,4.966514384771068,4.966514384771068,4.966514384771068,4.966514384771068,4.966514384771068,4.966514384771068,4.966514384771068,4.966514384771068,4.966514384771068,4.966514384771068,4.966514384771068,4.966514384771068,4.966514384771068,4.966514384771068,4.966514384771068,4.966514384771068,4.966514384771068,4.966514384771068,4.966514384771068,4.966514384771068,4.966514384771068,4.966514384771068,4.966514384771068,4.966514384771068,4.966514384771068,4.966514384771068,4.966514384771068,4.966514384771068,4.966514384771068,4.966514384771068,4.966514384771068,4.966514384771068,4.966514384771068,4.966514384771068,4.966514384771068,4.966514384771068,4.966514384771068,4.966514384771068,4.966514384771068,4.966514384771068,4.966514384771068,4.966514384771068,4.966514384771068,4.966514384771068,4.966514384771068,4.914867861528176,4.914867861528176,4.914867861528176,4.914867861528176,4.914867861528176,4.914867861528176,4.914867861528176,4.914867861528176,4.914867861528176,4.914867861528176,4.914867861528176,4.914867861528176,4.914867861528176,4.914867861528176,4.914867861528176,4.914867861528176,4.914867861528176,4.914867861528176,4.914867861528176,4.914867861528176,4.914867861528176,4.914867861528176,4.914867861528176,4.914867861528176,4.914867861528176,4.914867861528176,4.914867861528176,4.914867861528176,4.914867861528176,4.914867861528176,4.914867861528176,4.914867861528176,4.914867861528176,4.914867861528176,4.914867861528176,4.914867861528176,4.914867861528176,4.914867861528176,4.914867861528176,4.914867861528176,4.914867861528176,4.914867861528176,4.914867861528176,4.914867861528176,4.914867861528176,4.914867861528176,4.914867861528176,4.914867861528176,4.914867861528176,4.914867861528176,4.914867861528176,4.914867861528176,4.914867861528176,4.914867861528176,4.914867861528176,4.914867861528176,4.914867861528176,4.914867861528176,4.914867861528176,4.427384221605158,4.427384221605158,4.427384221605158,4.427384221605158,4.427384221605158,4.427384221605158,4.427384221605158,4.427384221605158,4.427384221605158,4.421333621595872,4.421333621595872,4.421333621595872,4.421333621595872,4.421333621595872,4.421333621595872,4.421333621595872,4.421333621595872,4.421333621595872,4.421333621595872,4.421333621595872,4.421333621595872,4.421333621595872,4.421333621595872,4.421333621595872,4.421333621595872,4.421333621595872,4.421333621595872,4.421333621595872,4.421333621595872,4.421333621595872,4.421333621595872,4.421333621595872,4.421333621595872,4.421333621595872,4.421333621595872,4.421333621595872,4.421333621595872,4.421333621595872,4.421333621595872,4.421333621595872,4.421333621595872,4.421333621595872,4.421333621595872,4.421333621595872,4.421333621595872,4.421333621595872,4.421333621595872,4.421333621595872,4.421333621595872,4.421333621595872,4.421333621595872,4.421333621595872,4.421333621595872,4.421333621595872,4.421333621595872,4.421333621595872,4.421333621595872,4.421333621595872,4.421333621595872,4.123841496886157,4.123841496886157,4.123841496886157,4.123841496886157,4.123841496886157,4.123841496886157,4.058666471447872,4.058666471447872,4.058666471447872,4.058666471447872,4.058666471447872,4.058666471447872,4.058666471447872,4.058666471447872,4.058666471447872,4.058666471447872,4.058666471447872,4.058666471447872,4.058666471447872,4.058666471447872,4.058666471447872,4.058666471447872,4.058666471447872,4.058666471447872,4.058666471447872,4.058666471447872,4.058666471447872,4.058666471447872,4.058666471447872,4.058666471447872,4.058666471447872,4.058666471447872,4.058666471447872,4.058666471447872,4.058666471447872,4.058666471447872,4.058666471447872,4.058666471447872,4.058666471447872,4.058666471447872,4.058666471447872,4.058666471447872,4.058666471447872,4.058666471447872,4.058666471447872,4.058666471447872,4.058666471447872,4.058666471447872,4.058666471447872,4.058666471447872,4.058666471447872,3.9347841205231546,3.9347841205231546,3.9347841205231546,3.9347841205231546,3.9347841205231546,3.9347841205231546,3.9347841205231546,3.9347841205231546,3.9347841205231546,3.9347841205231546,3.9347841205231546,3.9347841205231546,3.9347841205231546,3.9347841205231546,3.9347841205231546,3.9347841205231546,3.9347841205231546,3.9347841205231546,3.9347841205231546,3.9347841205231546,3.9347841205231546,3.9347841205231546,3.9347841205231546,3.9347841205231546,3.9347841205231546,3.9347841205231546,3.9347841205231546,3.9347841205231546,3.9347841205231546,3.9347841205231546,3.9347841205231546,3.9347841205231546,3.9347841205231546,3.9347841205231546,3.9347841205231546,3.9347841205231546,3.9347841205231546,3.9347841205231546,3.9347841205231546,3.9347841205231546,3.9347841205231546,3.9347841205231546,3.9347841205231546,3.9347841205231546,3.9347841205231546,3.9347841205231546,3.9347841205231546,3.9347841205231546,3.9347841205231546,3.9347841205231546,3.9347841205231546,3.9347841205231546,3.9347841205231546,3.9347841205231546,3.9347841205231546,3.9347841205231546,3.9347841205231546,3.9347841205231546,3.9347841205231546,3.9347841205231546,3.9347841205231546,3.9347841205231546,3.9347841205231546,3.9347841205231546,3.9347841205231546,3.9347841205231546,3.9347841205231546,3.9347841205231546,3.9347841205231546,3.9347841205231546,3.9347841205231546,3.9347841205231546,3.9347841205231546,3.9347841205231546,3.9347841205231546,3.9347841205231546,3.9347841205231546,3.9347841205231546,3.9347841205231546,3.9347841205231546,3.9347841205231546,3.9347841205231546,3.9347841205231546,3.9347841205231546,3.9347841205231546,3.9347841205231546,3.9347841205231546,3.9347841205231546,3.9347841205231546,3.9347841205231546,3.9347841205231546,3.9347841205231546,3.9347841205231546,3.9347841205231546,3.9347841205231546,3.9347841205231546,3.9347841205231546,3.9347841205231546,3.9347841205231546,3.9347841205231546,3.9347841205231546,3.9347841205231546,3.9347841205231546,3.9347841205231546,3.9347841205231546,3.9347841205231546,3.9347841205231546,3.9347841205231546,3.9347841205231546,3.9347841205231546,3.9347841205231546,3.9347841205231546,3.9347841205231546,3.9347841205231546,3.9347841205231546,3.9347841205231546,3.9347841205231546,3.9347841205231546,3.9347841205231546,3.9347841205231546,3.9347841205231546,3.9347841205231546,3.9347841205231546,3.9347841205231546,3.9347841205231546,3.9347841205231546,3.9347841205231546,3.9347841205231546,3.9347841205231546,3.9347841205231546,3.9347841205231546,3.9347841205231546,3.9347841205231546,3.9347841205231546,3.9347841205231546,3.9347841205231546,3.9347841205231546,3.9347841205231546,3.9347841205231546,3.9347841205231546,3.9347841205231546,3.9347841205231546,3.9347841205231546,3.9347841205231546,3.9347841205231546,3.9347841205231546,3.9347841205231546,3.9347841205231546,3.9347841205231546,3.9347841205231546,3.9347841205231546,3.9347841205231546,3.901255726902607,3.901255726902607,3.901255726902607,3.901255726902607,3.7713872023965713,3.7713872023965713,3.7713872023965713,3.7713872023965713,3.7713872023965713,3.7531100192109457,3.7531100192109457,3.6430311820645556,3.6430311820645556,3.6430311820645556,3.6430311820645556,3.6430311820645556,3.6430311820645556,3.5511470411980213,3.5511470411980213,3.5511470411980213,3.5511470411980213,3.5511470411980213,3.5511470411980213,3.5511470411980213,3.5511470411980213,3.5511470411980213,3.5511470411980213,3.5511470411980213,3.5511470411980213,3.5511470411980213,3.5511470411980213,3.5511470411980213,3.5511470411980213,3.5511470411980213,3.5511470411980213,3.5511470411980213,3.5511470411980213,3.5511470411980213,3.5511470411980213,3.5511470411980213,3.5511470411980213,3.5511470411980213,3.5511470411980213,3.5511470411980213,3.5511470411980213,3.5511470411980213,3.5511470411980213,3.5511470411980213,3.5511470411980213,3.5511470411980213,3.5511470411980213,3.5511470411980213,3.5511470411980213,3.5511470411980213,3.5511470411980213,3.5511470411980213,3.5511470411980213,3.5511470411980213,3.5511470411980213,3.5511470411980213,3.5511470411980213,3.5511470411980213,3.464932934042219,3.464932934042219,3.464932934042219,3.464932934042219,3.417608220148975,3.417608220148975,3.417608220148975,3.417608220148975,3.410825289956395,3.410825289956395,3.2785090677561444,3.2785090677561444,3.2785090677561444,3.2785090677561444,3.2785090677561444,3.2785090677561444,3.2785090677561444,3.2785090677561444,3.2785090677561444,3.2785090677561444,3.2785090677561444,3.2785090677561444,3.2785090677561444,3.2785090677561444,3.2785090677561444,3.2785090677561444,3.2785090677561444,3.2785090677561444,3.2785090677561444,3.2785090677561444,3.2785090677561444,3.2785090677561444,3.2785090677561444,3.2785090677561444,3.2785090677561444,3.2785090677561444,3.2785090677561444,3.2785090677561444,3.2785090677561444,3.2785090677561444,3.2785090677561444,3.2785090677561444,3.2785090677561444,3.2785090677561444,3.2785090677561444,3.2785090677561444,3.2785090677561444,3.2785090677561444,3.2785090677561444,3.2785090677561444,3.2785090677561444,3.2785090677561444,3.2785090677561444,3.2785090677561444,3.2785090677561444,3.2785090677561444,3.1708434717162524,3.1708434717162524,3.1708434717162524,3.1708434717162524,3.1278266605471017,3.1278266605471017,3.1278266605471017,3.1278266605471017,3.1278266605471017,3.1278266605471017,3.1278266605471017,3.1278266605471017,3.117421255586287,3.117421255586287,3.117421255586287,3.117421255586287,3.117421255586287,3.117421255586287,3.117421255586287,3.117421255586287,3.117421255586287,3.117421255586287,3.117421255586287,3.117421255586287,3.117421255586287,3.117421255586287,3.117421255586287,3.117421255586287,3.117421255586287,3.117421255586287,3.117421255586287,3.117421255586287,3.117421255586287,3.117421255586287,3.117421255586287,3.117421255586287,3.117421255586287,3.117421255586287,3.117421255586287,3.117421255586287,3.117421255586287,3.117421255586287,3.117421255586287,3.117421255586287,3.117421255586287,3.117421255586287,3.117421255586287,3.117421255586287,3.117421255586287,3.117421255586287,3.117421255586287,3.117421255586287,3.117421255586287,3.117421255586287,3.117421255586287,3.117421255586287,3.117421255586287,3.117421255586287,3.117421255586287,3.117421255586287,3.117421255586287,3.117421255586287,3.117421255586287,3.117421255586287,3.117421255586287,3.117421255586287,3.117421255586287,3.117421255586287,3.117421255586287,3.117421255586287,3.117421255586287,3.117421255586287,3.117421255586287,3.117421255586287,3.117421255586287,3.117421255586287,3.117421255586287,3.117421255586287,3.117421255586287,3.117421255586287,3.117421255586287,3.117421255586287,3.117421255586287,3.117421255586287,3.117421255586287,3.117421255586287,3.117421255586287,3.117421255586287,3.117421255586287,3.117421255586287,3.117421255586287,3.117421255586287,3.117421255586287,3.117421255586287,3.117421255586287,3.117421255586287,3.117421255586287,3.117421255586287,3.117421255586287,3.117421255586287,3.117421255586287,3.117421255586287,3.117421255586287,3.117421255586287,3.117421255586287,3.117421255586287,3.117421255586287,3.117421255586287,3.117421255586287,3.117421255586287,3.117421255586287,3.117421255586287,3.117421255586287,3.117421255586287,3.117421255586287,3.117421255586287,3.117421255586287,3.117421255586287,3.117421255586287,3.117421255586287,3.117421255586287,3.117421255586287,3.117421255586287,3.117421255586287,3.117421255586287,3.117421255586287,3.117421255586287,3.117421255586287,3.117421255586287,3.117421255586287,3.117421255586287,3.117421255586287,3.117421255586287,3.117421255586287,3.117421255586287,3.117421255586287,3.117421255586287,3.117421255586287,3.117421255586287,3.117421255586287,3.117421255586287,3.117421255586287,3.117421255586287,3.117421255586287,3.117421255586287,3.117421255586287,3.117421255586287,3.117421255586287,3.117421255586287,3.117421255586287,3.117421255586287,3.117421255586287,3.117421255586287,3.117421255586287,3.117421255586287,3.117421255586287,3.117421255586287,3.117421255586287,3.117421255586287,3.117421255586287,3.117421255586287,3.117421255586287,3.117421255586287,3.117421255586287,3.117421255586287,3.117421255586287,3.117421255586287,3.117421255586287,3.117421255586287,3.117421255586287,3.117421255586287,3.117421255586287,3.117421255586287,3.117421255586287,3.117421255586287,3.117421255586287,3.117421255586287,3.117421255586287,3.117421255586287,3.117421255586287,3.117421255586287,3.117421255586287,3.117421255586287,3.117421255586287,3.117421255586287,3.117421255586287,3.117421255586287,3.117421255586287,3.117421255586287,3.117421255586287,3.117421255586287,3.117421255586287,3.117421255586287,3.117421255586287,3.117421255586287,3.117421255586287,3.117421255586287,3.117421255586287,3.117421255586287,3.117421255586287,3.117421255586287,3.117421255586287,3.117421255586287,3.117421255586287,3.117421255586287,3.117421255586287,3.117421255586287,3.117421255586287,3.117421255586287,3.117421255586287,3.117421255586287,3.117421255586287,3.117421255586287,3.117421255586287,3.117421255586287,3.117421255586287,3.117421255586287,3.117421255586287,3.117421255586287,3.117421255586287,3.117421255586287,3.117421255586287,3.117421255586287,3.117421255586287,3.117421255586287,3.117421255586287,3.117421255586287,3.117421255586287,3.117421255586287,3.117421255586287,3.117421255586287,3.117421255586287,3.117421255586287,3.117421255586287,3.117421255586287,3.117421255586287,3.117421255586287,3.117421255586287,3.117421255586287,3.117421255586287,3.117421255586287,3.117421255586287,3.117421255586287,3.117421255586287,3.117421255586287,3.117421255586287,3.117421255586287,3.117421255586287,3.117421255586287,3.117421255586287,3.117421255586287,3.117421255586287,3.117421255586287,9.310589763199557,9.03695517778943,8.295374383558523,8.295374383558523,8.295374383558523,8.295374383558523,8.07758331074097,8.07758331074097,8.07758331074097,8.07758331074097,8.07758331074097,8.07758331074097,8.07758331074097,8.07758331074097,8.07758331074097,8.07758331074097,8.07758331074097,8.07758331074097,8.07758331074097,8.07758331074097,8.07758331074097,8.07758331074097,8.07758331074097,8.07758331074097,8.07758331074097,8.07758331074097,8.07758331074097,8.07758331074097,8.07758331074097,8.07758331074097,8.07758331074097,7.907605782385928,7.839313822464949,7.839313822464949,7.82351383581792,7.82351383581792,7.82351383581792,7.82351383581792,7.82351383581792,7.82351383581792,7.82351383581792,7.82351383581792,7.82351383581792,7.82351383581792,7.82351383581792,7.6841246204303,7.6841246204303,7.6841246204303,7.6841246204303,7.6841246204303,7.6841246204303,7.6841246204303,7.6841246204303,7.6841246204303,7.6841246204303,7.6841246204303,7.6841246204303,7.4010175045570525,7.4010175045570525,7.193749222129891,7.193749222129891,7.193749222129891,7.193749222129891,7.193749222129891,7.193749222129891,7.193749222129891,7.193749222129891,7.193749222129891,7.193749222129891,7.193749222129891,7.193749222129891,7.193749222129891,7.193749222129891,7.193749222129891,7.193749222129891,7.193749222129891,7.193749222129891,7.193749222129891,7.193749222129891,7.193749222129891,7.193749222129891,7.193749222129891,7.193749222129891,7.193749222129891,7.193749222129891,7.193749222129891,7.193749222129891,7.193749222129891,7.193749222129891,7.193749222129891,7.193749222129891,7.193749222129891,7.193749222129891,7.193749222129891,7.193749222129891,7.193749222129891,7.193749222129891,7.193749222129891,7.193749222129891,7.193749222129891,7.193749222129891,7.193749222129891,7.193749222129891,7.193749222129891,7.193749222129891,7.193749222129891,7.193749222129891,7.193749222129891,7.193749222129891,7.193749222129891,7.193749222129891,7.193749222129891,6.380255755186786,6.380255755186786,6.380255755186786,6.132727452010834,6.132727452010834,6.132727452010834,6.132727452010834,6.132727452010834,6.132727452010834,6.132727452010834,6.132727452010834,6.080919343691425,6.080919343691425,6.080919343691425,6.080919343691425,6.080919343691425,6.080919343691425,6.080919343691425,6.080919343691425,6.080919343691425,6.080919343691425,6.080919343691425,6.080919343691425,5.887257977365783,5.887257977365783,5.887257977365783,5.887257977365783,5.887257977365783,5.887257977365783,5.787734456016239,5.787734456016239,5.787734456016239,5.787734456016239,5.787734456016239,5.668300291497985,5.668300291497985,5.668300291497985,5.668300291497985,5.668300291497985,5.668300291497985,5.668300291497985,5.668300291497985,5.668300291497985,5.668300291497985,5.668300291497985,5.668300291497985,5.668300291497985,5.668300291497985,5.668300291497985,5.668300291497985,5.668300291497985,5.668300291497985,5.668300291497985,5.668300291497985,5.668300291497985,5.668300291497985,5.668300291497985,5.668300291497985,5.668300291497985,5.668300291497985,5.668300291497985,5.668300291497985,5.668300291497985,5.668300291497985,5.668300291497985,5.668300291497985,5.668300291497985,5.668300291497985,5.668300291497985,5.668300291497985,5.668300291497985,5.668300291497985,5.668300291497985,5.668300291497985,5.668300291497985,5.668300291497985,5.624434991805716,5.624434991805716,5.624434991805716,5.624434991805716,5.624434991805716,5.624434991805716,5.624434991805716,5.624434991805716,5.624434991805716,5.624434991805716,5.624434991805716,5.624434991805716,5.624434991805716,5.624434991805716,5.624434991805716,5.624434991805716,5.624434991805716,5.624434991805716,5.624434991805716,5.624434991805716,5.624434991805716,5.624434991805716,5.624434991805716,5.624434991805716,5.624434991805716,5.624434991805716,5.624434991805716,5.624434991805716,5.624434991805716,5.624434991805716,5.624434991805716,5.624434991805716,5.624434991805716,5.624434991805716,5.624434991805716,5.624434991805716,5.624434991805716,5.624434991805716,5.624434991805716,5.624434991805716,5.624434991805716,5.624434991805716,5.624434991805716,5.624434991805716,5.624434991805716,5.624434991805716,5.624434991805716,5.624434991805716,5.624434991805716,5.624434991805716,5.624434991805716,5.624434991805716,5.624434991805716,5.624434991805716,5.624434991805716,5.624434991805716,5.624434991805716,5.624434991805716,5.624434991805716,5.624434991805716,5.624434991805716,5.624434991805716,5.624434991805716,5.624434991805716,5.624434991805716,5.624434991805716,5.624434991805716,5.624434991805716,5.624434991805716,5.624434991805716,5.624434991805716,5.624434991805716,5.624434991805716,5.624434991805716,5.624434991805716,5.624434991805716,5.624434991805716,5.624434991805716,5.624434991805716,5.624434991805716,5.624434991805716,5.624434991805716,5.624434991805716,5.624434991805716,5.624434991805716,5.624434991805716,5.624434991805716,5.624434991805716,5.624434991805716,5.624434991805716,5.624434991805716,5.624434991805716,5.624434991805716,5.624434991805716,5.624434991805716,5.624434991805716,5.624434991805716,5.624434991805716,5.624434991805716,5.624434991805716,5.624434991805716,5.624434991805716,5.624434991805716,5.624434991805716,5.624434991805716,5.624434991805716,5.624434991805716,5.624434991805716,5.624434991805716,5.624434991805716,5.624434991805716,5.624434991805716,5.624434991805716,5.624434991805716,5.624434991805716,5.624434991805716,5.624434991805716,5.624434991805716,5.624434991805716,5.624434991805716,5.624434991805716,5.624434991805716,5.624434991805716,5.624434991805716,5.624434991805716,5.624434991805716,5.624434991805716,5.624434991805716,5.624434991805716,5.624434991805716,5.624434991805716,5.624434991805716,5.5360179518834105,5.5360179518834105,5.5360179518834105,5.5360179518834105,5.5360179518834105,5.5360179518834105,5.5360179518834105,5.5360179518834105,5.5360179518834105,5.5360179518834105,5.5360179518834105,5.5360179518834105,5.5360179518834105,5.5360179518834105,5.5360179518834105,5.5360179518834105,5.5360179518834105,5.5360179518834105,5.5360179518834105,5.5360179518834105,5.5360179518834105,5.5285774820596085,5.5285774820596085,5.5285774820596085,5.5285774820596085,5.5285774820596085,5.5285774820596085,5.5285774820596085,5.5285774820596085,5.5285774820596085,5.5285774820596085,5.5285774820596085,5.5285774820596085,5.5285774820596085,5.5285774820596085,5.5285774820596085,5.5285774820596085,5.5285774820596085,5.5285774820596085,5.5285774820596085,5.5285774820596085,5.5285774820596085,5.5285774820596085,5.5285774820596085,5.5285774820596085,5.5285774820596085,5.5285774820596085,5.5285774820596085,5.5285774820596085,5.5285774820596085,5.5285774820596085,5.5285774820596085,5.5285774820596085,5.5285774820596085,5.5285774820596085,5.5285774820596085,5.5285774820596085,5.5285774820596085,5.5285774820596085,5.5285774820596085,5.5285774820596085,5.5285774820596085,5.5285774820596085,5.5285774820596085,5.5285774820596085,5.5285774820596085,5.5285774820596085,5.5285774820596085,5.5285774820596085,5.5285774820596085,5.5285774820596085,5.5285774820596085,5.5285774820596085,5.5285774820596085,5.5285774820596085,5.5285774820596085,5.5285774820596085,5.5285774820596085,5.5285774820596085,5.5285774820596085,5.5285774820596085,5.5285774820596085,5.5285774820596085,5.5285774820596085,5.5285774820596085,5.5285774820596085,5.5285774820596085,5.5285774820596085,5.5285774820596085,5.5285774820596085,5.5285774820596085,5.5285774820596085,5.5285774820596085,5.5285774820596085,5.5285774820596085,5.5285774820596085,5.5285774820596085,5.5285774820596085,5.5285774820596085,5.5285774820596085,5.5285774820596085,5.5285774820596085,5.5285774820596085,5.5285774820596085,5.5285774820596085,5.5285774820596085,5.5285774820596085,5.5285774820596085,5.5285774820596085,5.5285774820596085,5.5285774820596085,5.5285774820596085,5.5285774820596085,5.5285774820596085,5.5285774820596085,5.5285774820596085,5.5285774820596085,5.5285774820596085,5.5285774820596085,5.5285774820596085,5.5285774820596085,5.5285774820596085,5.5285774820596085,5.5285774820596085,5.5285774820596085,5.5285774820596085,5.5285774820596085,5.5285774820596085,5.5285774820596085,5.5285774820596085,5.5285774820596085,5.5285774820596085,5.5285774820596085,5.5285774820596085,5.5285774820596085,5.5285774820596085,5.5285774820596085,5.5285774820596085,5.5285774820596085,5.5285774820596085,5.5285774820596085,5.5285774820596085,5.5285774820596085,5.5285774820596085,5.5285774820596085,5.5285774820596085,5.5285774820596085,5.5285774820596085,5.5285774820596085,5.5285774820596085,5.5285774820596085,5.5285774820596085,5.5285774820596085,5.5285774820596085,5.5285774820596085,5.5285774820596085,5.5285774820596085,5.5285774820596085,5.5285774820596085,5.5285774820596085,5.5285774820596085,5.5285774820596085,5.5285774820596085,5.5285774820596085,5.5285774820596085,5.5285774820596085,5.5285774820596085,5.5285774820596085,5.5285774820596085,5.5285774820596085,5.5285774820596085,5.5285774820596085,5.5285774820596085,5.5285774820596085,5.5285774820596085,5.5285774820596085,5.5285774820596085,5.5285774820596085,5.5285774820596085,5.5285774820596085,5.5285774820596085,5.5285774820596085,5.5285774820596085,5.5285774820596085,5.5285774820596085,5.5285774820596085,5.5285774820596085,5.5285774820596085,5.5285774820596085,5.5285774820596085,5.5285774820596085,5.5285774820596085,5.5285774820596085,5.5285774820596085,5.5285774820596085,5.5285774820596085,5.5285774820596085,5.5285774820596085,5.5285774820596085,5.5285774820596085,5.5285774820596085,5.5285774820596085,5.5285774820596085,5.5285774820596085,5.5285774820596085,5.5285774820596085,5.5285774820596085,5.5285774820596085,5.5285774820596085,5.5285774820596085,5.5285774820596085,5.5285774820596085,5.5285774820596085,5.5285774820596085,5.5285774820596085,5.5285774820596085,5.5285774820596085,5.5285774820596085,5.5285774820596085,5.5285774820596085,5.5285774820596085,5.5285774820596085,5.5285774820596085,5.5285774820596085,5.5285774820596085,5.5285774820596085,5.5285774820596085,5.5285774820596085,5.5285774820596085,5.5285774820596085,5.5285774820596085,5.5285774820596085,5.5285774820596085,5.5285774820596085,5.5285774820596085,5.5285774820596085,5.5285774820596085,5.5285774820596085,5.5285774820596085,5.5285774820596085,5.5285774820596085,5.5285774820596085,5.5285774820596085,5.5285774820596085,5.5285774820596085,5.5285774820596085,5.5285774820596085,5.5285774820596085,5.5285774820596085,5.5285774820596085,5.5285774820596085,5.5285774820596085,5.5285774820596085,5.5285774820596085,5.5285774820596085,5.5285774820596085,5.5285774820596085,5.5285774820596085,5.5285774820596085,5.5285774820596085,5.5285774820596085,5.5285774820596085,5.5285774820596085,5.5285774820596085,5.5285774820596085,5.5285774820596085,5.5285774820596085,5.5285774820596085,5.5285774820596085,5.5285774820596085,5.5285774820596085,5.5285774820596085,5.5285774820596085,5.5285774820596085,5.5285774820596085,5.5285774820596085,5.5285774820596085,5.5285774820596085,5.5285774820596085,5.5285774820596085,5.5285774820596085,5.5285774820596085,5.5285774820596085,5.5285774820596085,5.5285774820596085,5.5285774820596085,5.5285774820596085,5.5285774820596085,5.5285774820596085,5.5285774820596085,5.5285774820596085,5.5285774820596085,5.5285774820596085,5.5285774820596085,5.5285774820596085,5.158442848229685,5.0154919481621905,5.0154919481621905,5.0154919481621905,5.0154919481621905,5.0154919481621905,5.0154919481621905,5.0154919481621905,4.927750912940388,4.923969073705508,4.923969073705508,4.923969073705508,4.923969073705508,4.923969073705508,4.923969073705508,4.798168073495878,4.798168073495878,4.418275123137631,4.418275123137631,4.418275123137631,4.418275123137631,4.418275123137631,4.418275123137631,4.418275123137631,4.418275123137631,4.418275123137631,4.418275123137631,4.418275123137631,4.418275123137631,4.418275123137631,4.418275123137631,4.418275123137631,4.418275123137631,4.418275123137631,4.418275123137631,4.418275123137631,4.418275123137631,4.418275123137631,4.418275123137631,4.418275123137631,4.418275123137631,4.418275123137631,4.418275123137631,4.418275123137631,4.418275123137631,4.418275123137631,4.418275123137631,4.418275123137631,4.418275123137631,4.418275123137631,4.418275123137631,4.418275123137631,4.418275123137631,4.418275123137631,4.418275123137631,4.418275123137631,4.418275123137631,4.418275123137631,4.418275123137631,4.418275123137631,4.418275123137631,4.418275123137631,4.418275123137631,4.418275123137631,4.418275123137631,4.418275123137631,4.418275123137631,4.418275123137631,4.418275123137631,4.418275123137631,4.418275123137631,4.418275123137631,4.418275123137631,4.418275123137631,4.418275123137631,4.418275123137631,4.418275123137631,4.418275123137631,4.418275123137631,4.418275123137631,4.418275123137631,4.418275123137631,4.418275123137631,4.418275123137631,4.418275123137631,4.418275123137631,4.418275123137631,4.418275123137631,4.418275123137631,4.418275123137631,4.418275123137631,4.418275123137631,4.418275123137631,4.418275123137631,4.418275123137631,4.418275123137631,4.418275123137631,4.418275123137631,4.418275123137631,4.418275123137631,4.418275123137631,4.418275123137631,4.418275123137631,4.418275123137631,4.418275123137631,4.418275123137631,4.418275123137631,4.418275123137631,4.418275123137631,4.418275123137631,4.418275123137631,4.418275123137631,4.418275123137631,4.418275123137631,4.418275123137631,4.418275123137631,4.418275123137631,4.418275123137631,4.418275123137631,4.418275123137631,4.418275123137631,4.418275123137631,4.418275123137631,4.418275123137631,4.418275123137631,4.418275123137631,4.418275123137631,4.418275123137631,4.418275123137631,4.418275123137631,4.418275123137631,4.418275123137631,4.418275123137631,4.418275123137631,4.418275123137631,4.418275123137631,4.418275123137631,4.418275123137631,4.418275123137631,4.418275123137631,4.418275123137631,4.418275123137631,4.418275123137631,4.418275123137631,4.418275123137631,4.418275123137631,4.418275123137631,4.418275123137631,4.418275123137631,4.418275123137631,4.418275123137631,4.418275123137631,4.418275123137631,4.418275123137631,4.418275123137631,4.418275123137631,4.418275123137631,4.418275123137631,4.418275123137631,4.418275123137631,4.418275123137631,4.418275123137631,4.418275123137631,4.418275123137631,4.418275123137631,4.418275123137631,4.418275123137631,4.418275123137631,4.418275123137631,4.418275123137631,4.418275123137631,4.418275123137631,4.418275123137631,4.418275123137631,4.418275123137631,4.418275123137631,4.418275123137631,4.418275123137631,4.418275123137631,4.418275123137631,4.418275123137631,4.418275123137631,4.418275123137631,4.418275123137631,4.418275123137631,4.418275123137631,4.418275123137631,4.418275123137631,4.418275123137631,4.418275123137631,4.418275123137631,4.418275123137631,4.418275123137631,4.418275123137631,4.418275123137631,4.418275123137631,4.418275123137631,4.418275123137631,4.418275123137631,4.418275123137631,4.418275123137631,4.418275123137631,4.418275123137631,4.418275123137631,4.418275123137631,4.418275123137631,4.418275123137631,4.418275123137631,4.418275123137631,4.418275123137631,4.418275123137631,4.418275123137631,4.418275123137631,4.418275123137631,4.418275123137631,4.418275123137631,4.418275123137631,4.418275123137631,4.418275123137631,4.418275123137631,4.418275123137631,4.418275123137631,4.418275123137631,4.418275123137631,4.418275123137631,4.418275123137631,4.418275123137631,4.418275123137631,4.418275123137631,4.418275123137631,4.418275123137631,4.418275123137631,4.418275123137631,4.418275123137631,4.418275123137631,4.418275123137631,4.418275123137631,4.418275123137631,4.418275123137631,4.418275123137631,4.418275123137631,4.418275123137631,4.418275123137631,4.418275123137631,4.418275123137631,4.418275123137631,4.418275123137631,4.418275123137631,4.418275123137631,4.418275123137631,4.418275123137631,4.418275123137631,4.418275123137631,4.418275123137631,4.418275123137631,4.418275123137631,4.418275123137631,4.418275123137631,4.418275123137631,4.418275123137631,4.418275123137631,4.418275123137631,4.418275123137631,4.418275123137631,4.418275123137631,4.418275123137631,4.418275123137631,4.418275123137631,4.418275123137631,4.418275123137631,4.418275123137631,4.418275123137631,4.418275123137631,4.418275123137631,4.418275123137631,4.418275123137631,4.418275123137631,4.418275123137631,4.418275123137631,4.418275123137631,4.418275123137631,4.418275123137631,4.418275123137631,4.418275123137631,4.418275123137631,4.418275123137631,4.418275123137631,4.418275123137631,4.418275123137631,4.418275123137631,4.418275123137631,4.418275123137631,4.418275123137631,4.418275123137631,4.418275123137631,4.418275123137631,4.418275123137631,4.418275123137631,4.418275123137631,4.418275123137631,4.418275123137631,4.418275123137631,4.418275123137631,4.418275123137631,4.418275123137631,4.418275123137631,4.418275123137631,4.418275123137631,4.418275123137631,4.418275123137631,4.418275123137631,4.418275123137631,4.418275123137631,4.418275123137631,4.418275123137631,4.418275123137631,4.418275123137631,4.418275123137631,4.418275123137631,4.418275123137631,4.418275123137631,4.418275123137631,4.418275123137631,4.418275123137631,4.418275123137631,4.418275123137631,4.418275123137631,4.418275123137631,4.418275123137631,4.418275123137631,4.418275123137631,4.418275123137631,4.418275123137631,4.418275123137631,4.418275123137631,4.418275123137631,4.418275123137631,4.418275123137631,4.418275123137631,4.418275123137631,4.418275123137631,4.418275123137631,4.418275123137631,4.418275123137631,4.418275123137631,4.418275123137631,4.418275123137631,4.418275123137631,4.418275123137631,4.418275123137631,4.418275123137631,4.418275123137631,4.418275123137631,4.418275123137631,4.418275123137631,4.418275123137631,4.418275123137631,4.418275123137631,4.418275123137631,4.418275123137631,4.418275123137631,4.418275123137631,4.418275123137631,4.418275123137631,4.418275123137631,4.418275123137631,4.418275123137631,4.418275123137631,4.418275123137631,4.418275123137631,4.418275123137631,4.418275123137631,4.418275123137631,4.418275123137631,4.418275123137631,4.418275123137631,4.418275123137631,4.418275123137631,4.418275123137631,4.418275123137631,4.418275123137631,4.418275123137631,4.418275123137631,4.418275123137631,4.418275123137631,6.348354880154462,6.348354880154462,6.076995104857446,6.076995104857446,6.076995104857446,6.076995104857446,6.0332577335981705,6.0332577335981705,6.0332577335981705,6.0332577335981705,6.0332577335981705,6.0332577335981705,6.0332577335981705,6.0332577335981705,5.890679709059947,5.890679709059947,5.890679709059947,5.890679709059947,5.890679709059947,5.890679709059947,5.890679709059947,5.890679709059947,5.890679709059947,5.890679709059947,5.890679709059947,5.890679709059947,5.890679709059947,5.890679709059947,5.890679709059947,5.890679709059947,5.890679709059947,5.890679709059947,5.890679709059947,5.890679709059947,5.890679709059947,5.890679709059947,5.890679709059947,5.890679709059947,5.890679709059947,5.890679709059947,5.890679709059947,5.890679709059947,5.890679709059947,5.890679709059947,5.890679709059947,5.890679709059947,5.890679709059947,5.890679709059947,5.890679709059947,5.890679709059947,5.890679709059947,5.890679709059947,5.890679709059947,5.890679709059947,5.890679709059947,5.890679709059947,5.890679709059947,5.890679709059947,5.890679709059947,5.890679709059947,5.890679709059947,5.890679709059947,5.890679709059947,5.890679709059947,5.890679709059947,5.890679709059947,5.890679709059947,5.890679709059947,5.890679709059947,5.890679709059947,5.890679709059947,5.890679709059947,4.802174388844252,4.802174388844252,4.802174388844252,4.802174388844252,4.598986630694304,4.357518892640025,4.357518892640025,4.357518892640025,4.357518892640025,4.357518892640025,4.357518892640025,4.357518892640025,4.357518892640025,4.357518892640025,4.357518892640025,4.357518892640025,4.357518892640025,4.357518892640025,4.357518892640025,4.357518892640025,4.357518892640025,4.357518892640025,4.357518892640025,4.357518892640025,4.357518892640025,4.357518892640025,4.357518892640025,4.357518892640025,4.357518892640025,4.357518892640025,4.357518892640025,4.357518892640025,4.3449159371106925,4.341621343400023,4.341621343400023,4.341621343400023,4.341621343400023,4.341621343400023,4.341621343400023,4.341621343400023,4.341621343400023,4.341621343400023,4.341621343400023,4.341621343400023,4.341621343400023,4.341621343400023,4.341621343400023,4.341621343400023,4.341621343400023,4.341621343400023,4.341621343400023,4.341621343400023,4.341621343400023,4.341621343400023,4.341621343400023,4.322379302494074,4.322379302494074,4.322379302494074,4.322379302494074,4.322379302494074,4.322379302494074,4.322379302494074,4.322379302494074,4.322379302494074,4.322379302494074,4.322379302494074,4.322379302494074,4.322379302494074,4.322379302494074,4.322379302494074,4.322379302494074,4.322379302494074,4.322379302494074,4.304107563344276,4.304107563344276,4.304107563344276,4.304107563344276,4.304107563344276,4.304107563344276,4.304107563344276,4.304107563344276,4.304107563344276,4.304107563344276,4.304107563344276,4.304107563344276,4.304107563344276,4.304107563344276,4.304107563344276,4.304107563344276,4.304107563344276,4.304107563344276,4.304107563344276,4.304107563344276,4.304107563344276,4.304107563344276,4.304107563344276,4.304107563344276,4.304107563344276,4.304107563344276,4.304107563344276,4.304107563344276,4.304107563344276,4.304107563344276,4.304107563344276,4.304107563344276,4.304107563344276,4.304107563344276,4.304107563344276,4.304107563344276,4.304107563344276,4.304107563344276,4.304107563344276,4.304107563344276,4.304107563344276,4.304107563344276,4.304107563344276,4.304107563344276,4.304107563344276,4.304107563344276,4.304107563344276,4.304107563344276,4.304107563344276,4.304107563344276,4.304107563344276,4.304107563344276,4.304107563344276,4.304107563344276,4.304107563344276,4.304107563344276,4.304107563344276,4.304107563344276,4.304107563344276,4.304107563344276,4.304107563344276,4.304107563344276,4.304107563344276,4.304107563344276,4.304107563344276,4.304107563344276,4.304107563344276,4.304107563344276,4.304107563344276,4.304107563344276,4.304107563344276,4.304107563344276,4.304107563344276,4.304107563344276,4.304107563344276,4.304107563344276,4.304107563344276,4.304107563344276,4.304107563344276,4.304107563344276,4.304107563344276,4.304107563344276,4.304107563344276,4.304107563344276,4.304107563344276,4.304107563344276,4.304107563344276,4.304107563344276,4.304107563344276,4.304107563344276,4.304107563344276,4.304107563344276,4.304107563344276,4.304107563344276,4.304107563344276,4.304107563344276,4.304107563344276,4.304107563344276,4.304107563344276,4.304107563344276,4.304107563344276,4.304107563344276,4.304107563344276,4.304107563344276,4.304107563344276,4.304107563344276,4.304107563344276,4.304107563344276,4.304107563344276,4.304107563344276,4.304107563344276,4.304107563344276,4.304107563344276,4.304107563344276,4.304107563344276,4.304107563344276,4.304107563344276,4.304107563344276,4.304107563344276,4.304107563344276,4.304107563344276,4.304107563344276,4.304107563344276,4.304107563344276,4.304107563344276,4.304107563344276,4.304107563344276,4.304107563344276,4.304107563344276,4.304107563344276,4.304107563344276,4.304107563344276,4.304107563344276,4.304107563344276,4.304107563344276,4.304107563344276,4.304107563344276,4.304107563344276,4.304107563344276,4.304107563344276,4.171232285170587,4.171232285170587,4.171232285170587,4.171232285170587,4.171232285170587,4.171232285170587,4.171232285170587,4.171232285170587,4.171232285170587,4.171232285170587,4.171232285170587,4.171232285170587,4.171232285170587,4.171232285170587,4.171232285170587,4.171232285170587,4.171232285170587,4.171232285170587,4.171232285170587,4.171232285170587,4.171232285170587,4.171232285170587,4.171232285170587,4.171232285170587,4.171232285170587,4.171232285170587,4.171232285170587,4.171232285170587,4.171232285170587,4.171232285170587,4.171232285170587,4.171232285170587,4.171232285170587,4.171232285170587,4.171232285170587,4.171232285170587,4.171232285170587,4.171232285170587,4.171232285170587,4.171232285170587,4.171232285170587,4.171232285170587,4.171232285170587,4.171232285170587,4.171232285170587,4.171232285170587,4.171232285170587,4.171232285170587,4.171232285170587,4.171232285170587,4.171232285170587,4.171232285170587,4.171232285170587,4.171232285170587,4.171232285170587,4.171232285170587,4.171232285170587,4.171232285170587,4.171232285170587,4.171232285170587,4.171232285170587,4.171232285170587,4.171232285170587,4.171232285170587,4.171232285170587,4.171232285170587,4.171232285170587,4.171232285170587,4.171232285170587,4.171232285170587,4.171232285170587,4.171232285170587,4.171232285170587,4.171232285170587,4.171232285170587,4.171232285170587,4.171232285170587,4.171232285170587,4.171232285170587,4.171232285170587,4.171232285170587,4.171232285170587,4.171232285170587,4.171232285170587,4.171232285170587,4.171232285170587,4.171232285170587,4.171232285170587,4.171232285170587,4.171232285170587,4.171232285170587,4.171232285170587,4.171232285170587,4.171232285170587,4.171232285170587,4.171232285170587,4.171232285170587,4.171232285170587,4.171232285170587,4.171232285170587,4.171232285170587,4.171232285170587,4.171232285170587,4.171232285170587,4.171232285170587,4.171232285170587,4.171232285170587,4.171232285170587,4.171232285170587,4.171232285170587,4.171232285170587,4.171232285170587,4.1373312659089505,4.009475382847462,4.009475382847462,4.009475382847462,4.009475382847462,4.009475382847462,3.965799081386087,3.965799081386087,3.965799081386087,3.965799081386087,3.965799081386087,3.965799081386087,3.965799081386087,3.965799081386087,3.965799081386087,3.965799081386087,3.965799081386087,3.965799081386087,3.965799081386087,3.965799081386087,3.965799081386087,3.965799081386087,3.965799081386087,3.965799081386087,3.965799081386087,3.965799081386087,3.965799081386087,3.965799081386087,3.965799081386087,3.965799081386087,3.965799081386087,3.965799081386087,3.965799081386087,3.965799081386087,3.965799081386087,3.965799081386087,3.965799081386087,3.965799081386087,3.965799081386087,3.965799081386087,3.965799081386087,3.965799081386087,3.965799081386087,3.965799081386087,3.965799081386087,3.965799081386087,3.965799081386087,3.965799081386087,3.965799081386087,3.965799081386087,3.965799081386087,3.965799081386087,3.965799081386087,3.965799081386087,3.965799081386087,3.965799081386087,3.965799081386087,3.965799081386087,3.965799081386087,3.965799081386087,3.965799081386087,3.965799081386087,3.965799081386087,3.965799081386087,3.965799081386087,3.965799081386087,3.965799081386087,3.965799081386087,3.965799081386087,3.826787265039397,3.826787265039397,3.826787265039397,3.826787265039397,3.826787265039397,3.826787265039397,3.826787265039397,3.826787265039397,3.826787265039397,3.826787265039397,3.826787265039397,3.826787265039397,3.826787265039397,3.826787265039397,3.826787265039397,3.826787265039397,3.826787265039397,3.826787265039397,3.826787265039397,3.826787265039397,3.826787265039397,3.826787265039397,3.826787265039397,3.826787265039397,3.826787265039397,3.826787265039397,3.826787265039397,3.826787265039397,3.826787265039397,3.826787265039397,3.826787265039397,3.826787265039397,3.826787265039397,3.826787265039397,3.826787265039397,3.826787265039397,3.826787265039397,3.826787265039397,3.826787265039397,3.826787265039397,3.826787265039397,3.826787265039397,3.826787265039397,3.826787265039397,3.826787265039397,3.826787265039397,3.826787265039397,3.826787265039397,3.826787265039397,3.826787265039397,3.826787265039397,3.826787265039397,3.826787265039397,3.826787265039397,3.826787265039397,3.826787265039397,3.826787265039397,3.826787265039397,3.826787265039397,3.826787265039397,3.826787265039397,3.826787265039397,3.826787265039397,3.826787265039397,3.826787265039397,3.826787265039397,3.826787265039397,3.826787265039397,3.826787265039397,3.826787265039397,3.826787265039397,3.826787265039397,3.826787265039397,3.826787265039397,3.826787265039397,3.826787265039397,3.826787265039397,3.826787265039397,3.826787265039397,3.826787265039397,3.826787265039397,3.826787265039397,3.826787265039397,3.826787265039397,3.826787265039397,3.826787265039397,3.826787265039397,3.826787265039397,3.826787265039397,3.826787265039397,3.826787265039397,3.826787265039397,3.826787265039397,3.826787265039397,3.826787265039397,3.826787265039397,3.826787265039397,3.826787265039397,3.826787265039397,3.826787265039397,3.826787265039397,3.826787265039397,3.826787265039397,3.826787265039397,3.826787265039397,3.826787265039397,3.826787265039397,3.826787265039397,3.826787265039397,3.826787265039397,3.826787265039397,3.826787265039397,3.826787265039397,3.826787265039397,3.826787265039397,3.826787265039397,3.826787265039397,3.826787265039397,3.826787265039397,3.826787265039397,3.826787265039397,3.826787265039397,3.826787265039397,3.826787265039397,3.826787265039397,3.826787265039397,3.826787265039397,3.826787265039397,3.826787265039397,3.826787265039397,3.826787265039397,3.826787265039397,3.826787265039397,3.826787265039397,3.826787265039397,3.826787265039397,3.826787265039397,3.826787265039397,3.826787265039397,3.826787265039397,3.826787265039397,3.826787265039397,3.826787265039397,3.826787265039397,3.826787265039397,3.826787265039397,3.826787265039397,3.826787265039397,3.826787265039397,3.826787265039397,3.826787265039397,3.826787265039397,3.826787265039397,3.826787265039397,3.826787265039397,3.826787265039397,3.826787265039397,3.826787265039397,3.826787265039397,3.826787265039397,3.826787265039397,3.826787265039397,3.826787265039397,3.826787265039397,3.826787265039397,3.826787265039397,3.826787265039397,3.826787265039397,3.826787265039397,3.826787265039397,3.826787265039397,3.826787265039397,3.826787265039397,3.826787265039397,3.826787265039397,3.826787265039397,3.826787265039397,3.826787265039397,3.826787265039397,3.826787265039397,3.826787265039397,3.826787265039397,3.826787265039397,3.826787265039397,3.826787265039397,3.826787265039397,3.826787265039397,3.826787265039397,3.826787265039397,3.826787265039397,3.826787265039397,3.826787265039397,3.826787265039397,3.826787265039397,3.826787265039397,3.826787265039397,3.826787265039397,3.826787265039397,3.826787265039397,3.826787265039397,3.826787265039397,3.826787265039397,3.826787265039397,3.826787265039397,3.826787265039397,3.826787265039397,3.826787265039397,3.826787265039397,3.826787265039397,3.826787265039397,3.826787265039397,3.826787265039397,3.826787265039397,3.826787265039397,3.826787265039397,3.826787265039397,3.826787265039397,3.826787265039397,3.826787265039397,3.826787265039397,3.826787265039397,3.826787265039397,3.826787265039397,3.826787265039397,3.826787265039397,3.826787265039397,3.826787265039397,3.826787265039397,3.826787265039397,3.826787265039397,3.826787265039397,3.826787265039397,3.826787265039397,3.826787265039397,3.826787265039397,3.826787265039397,3.826787265039397,3.826787265039397,3.826787265039397,3.826787265039397,3.826787265039397,3.826787265039397,3.826787265039397,3.826787265039397,3.826787265039397,3.826787265039397,3.826787265039397,3.826787265039397,3.826787265039397,3.826787265039397,3.826787265039397,3.826787265039397,3.826787265039397,3.826787265039397,3.826787265039397,3.826787265039397,3.826787265039397,3.826787265039397,3.826787265039397,3.826787265039397,3.826787265039397,3.826787265039397,3.826787265039397,3.826787265039397,3.826787265039397,3.826787265039397,3.826787265039397,3.826787265039397,3.826787265039397,3.826787265039397,3.826787265039397,3.826787265039397,3.826787265039397,3.826787265039397,3.826787265039397,3.826787265039397,3.826787265039397,3.826787265039397,3.826787265039397,3.826787265039397,3.826787265039397,3.826787265039397,3.826787265039397,3.826787265039397,3.826787265039397,3.826787265039397,3.826787265039397,3.826787265039397,3.826787265039397,3.826787265039397,3.826787265039397,3.826787265039397,3.826787265039397,3.826787265039397,3.826787265039397,3.826787265039397,3.826787265039397,3.826787265039397,3.826787265039397,3.826787265039397,3.826787265039397,3.826787265039397,3.826787265039397,3.826787265039397,3.826787265039397,3.826787265039397,3.826787265039397,3.826787265039397,3.826787265039397,3.826787265039397,3.826787265039397,3.826787265039397,3.826787265039397,3.826787265039397,3.826787265039397,3.826787265039397,3.826787265039397,3.826787265039397,3.826787265039397,3.826787265039397,3.826787265039397,3.826787265039397,3.826787265039397,3.826787265039397,3.826787265039397,3.826787265039397,3.826787265039397,3.826787265039397,3.826787265039397,3.826787265039397,3.826787265039397,3.826787265039397,3.826787265039397,3.826787265039397,3.826787265039397,3.826787265039397,3.826787265039397,3.826787265039397,3.826787265039397,3.826787265039397,3.826787265039397,3.826787265039397,3.826787265039397,3.826787265039397,3.826787265039397,3.826787265039397,3.826787265039397,3.826787265039397,3.826787265039397,3.826787265039397,3.826787265039397,3.826787265039397,3.826787265039397,3.826787265039397,3.826787265039397,3.826787265039397,3.826787265039397,3.826787265039397,3.826787265039397,3.826787265039397,3.826787265039397,3.826787265039397,3.826787265039397,3.826787265039397,3.826787265039397,3.826787265039397,3.826787265039397,3.826787265039397,3.826787265039397,3.826787265039397,3.826787265039397,3.826787265039397,3.826787265039397,3.826787265039397,3.826787265039397,3.826787265039397,3.826787265039397,3.826787265039397,3.826787265039397,3.826787265039397,3.826787265039397,3.826787265039397,3.826787265039397,3.826787265039397,3.826787265039397,3.826787265039397,3.826787265039397,3.826787265039397,3.826787265039397,3.826787265039397,3.826787265039397,3.826787265039397,3.826787265039397,3.826787265039397,3.826787265039397,3.826787265039397,3.826787265039397,3.826787265039397,3.826787265039397,3.826787265039397,3.826787265039397,3.826787265039397,3.826787265039397,3.826787265039397,3.826787265039397,3.826787265039397,3.826787265039397,3.826787265039397,3.826787265039397,3.826787265039397,3.826787265039397,3.826787265039397,3.826787265039397,3.826787265039397,3.826787265039397,3.826787265039397,3.826787265039397,3.826787265039397,3.826787265039397,3.826787265039397,3.826787265039397,3.826787265039397,3.826787265039397,3.826787265039397,3.826787265039397,3.826787265039397,3.826787265039397,3.826787265039397,3.826787265039397,3.826787265039397,3.826787265039397,3.826787265039397,3.826787265039397,3.826787265039397,3.826787265039397,3.826787265039397,3.826787265039397,3.826787265039397,3.826787265039397,3.826787265039397,3.826787265039397,3.826787265039397,3.826787265039397,3.826787265039397,3.826787265039397,3.826787265039397,3.826787265039397,3.826787265039397,3.826787265039397,3.826787265039397,3.826787265039397,3.826787265039397,3.826787265039397,3.826787265039397,3.826787265039397,3.826787265039397,3.826787265039397,3.826787265039397,3.826787265039397,3.826787265039397,3.826787265039397,3.826787265039397,3.826787265039397,3.826787265039397,3.826787265039397,3.826787265039397,3.826787265039397,3.826787265039397,3.826787265039397,3.826787265039397,3.826787265039397,3.826787265039397,3.826787265039397,3.826787265039397,3.826787265039397,3.826787265039397,3.826787265039397,3.826787265039397,3.826787265039397,3.826787265039397,3.826787265039397,3.826787265039397,3.826787265039397,3.826787265039397,3.826787265039397,3.826787265039397,3.826787265039397,3.826787265039397,3.826787265039397,3.826787265039397,3.826787265039397,3.826787265039397,3.826787265039397,3.826787265039397,3.826787265039397,3.826787265039397,3.826787265039397,3.826787265039397,3.826787265039397,3.826787265039397,3.826787265039397,3.826787265039397,3.826787265039397,3.826787265039397,3.826787265039397,3.826787265039397,3.826787265039397,3.826787265039397,3.826787265039397,3.826787265039397,3.826787265039397,3.826787265039397,3.826787265039397,3.826787265039397,3.826787265039397,3.826787265039397,3.826787265039397,3.826787265039397,3.826787265039397,3.826787265039397,3.826787265039397,3.826787265039397,3.826787265039397,3.826787265039397,3.826787265039397,3.826787265039397,3.826787265039397,3.826787265039397,3.826787265039397,3.826787265039397,3.826787265039397,3.826787265039397,3.826787265039397,3.826787265039397,7.133364428900021,7.133364428900021,7.133364428900021,7.133364428900021,6.855302665059939,6.855302665059939,6.837737252763777,6.837737252763777,6.790311123349362,6.790311123349362,6.441292337931526,6.4063108091025,6.4063108091025,6.291672414891843,6.291672414891843,6.291672414891843,6.291672414891843,6.2740228782175445,6.2740228782175445,6.192592546592698,6.192592546592698,6.192592546592698,6.192592546592698,6.192592546592698,6.192592546592698,6.192592546592698,6.192592546592698,6.192592546592698,6.192592546592698,6.192592546592698,6.192592546592698,6.169577597087406,6.169577597087406,6.169577597087406,6.169577597087406,6.1105050442850875,6.1105050442850875,6.1105050442850875,6.1105050442850875,6.1105050442850875,6.1105050442850875,6.1105050442850875,6.1105050442850875,6.1105050442850875,6.1105050442850875,6.1105050442850875,6.1105050442850875,6.1105050442850875,6.1105050442850875,6.1105050442850875,6.1105050442850875,6.1105050442850875,6.1105050442850875,6.1105050442850875,6.1105050442850875,6.1105050442850875,6.1105050442850875,6.1105050442850875,6.1105050442850875,6.1105050442850875,6.1105050442850875,6.1090376340622035,6.094229924527317,6.094229924527317,6.094229924527317,6.094229924527317,6.094229924527317,6.094229924527317,6.094229924527317,6.094229924527317,6.094229924527317,6.094229924527317,6.094229924527317,6.094229924527317,6.024304806622279,6.024304806622279,6.024304806622279,6.024304806622279,6.024304806622279,6.024304806622279,6.024304806622279,6.024304806622279,6.024304806622279,6.024304806622279,6.024304806622279,6.024304806622279,6.024304806622279,6.024304806622279,6.024304806622279,6.024304806622279,6.024304806622279,6.024304806622279,6.024304806622279,6.024304806622279,6.024304806622279,6.024304806622279,6.024304806622279,6.024304806622279,6.024304806622279,6.024304806622279,6.024304806622279,6.024304806622279,6.024304806622279,6.024304806622279,6.024304806622279,6.024304806622279,6.024304806622279,6.024304806622279,6.024304806622279,6.024304806622279,6.024304806622279,6.024304806622279,6.024304806622279,6.024304806622279,6.024304806622279,6.024304806622279,6.024304806622279,6.024304806622279,6.024304806622279,6.024304806622279,6.024304806622279,6.024304806622279,6.024304806622279,6.024304806622279,6.024304806622279,6.024304806622279,6.024304806622279,6.024304806622279,6.024304806622279,6.024304806622279,6.024304806622279,6.024304806622279,6.024304806622279,6.024304806622279,6.024304806622279,6.024304806622279,6.024304806622279,6.024304806622279,6.024304806622279,6.024304806622279,6.024304806622279,6.024304806622279,6.024304806622279,6.024304806622279,6.024304806622279,6.024304806622279,6.024304806622279,6.024304806622279,6.024304806622279,6.024304806622279,6.024304806622279,6.024304806622279,6.024304806622279,6.024304806622279,6.024304806622279,6.024304806622279,6.024304806622279,6.024304806622279,6.024304806622279,6.024304806622279,6.024304806622279,6.024304806622279,6.024304806622279,6.024304806622279,6.024304806622279,6.024304806622279,6.024304806622279,6.024304806622279,6.024304806622279,6.024304806622279,6.024304806622279,6.024304806622279,6.024304806622279,6.024304806622279,6.024304806622279,6.024304806622279,6.024304806622279,6.024304806622279,6.024304806622279,6.024304806622279,6.024304806622279,6.024304806622279,6.024304806622279,6.024304806622279,6.024304806622279,6.024304806622279,6.024304806622279,6.024304806622279,6.024304806622279,6.024304806622279,6.024304806622279,6.024304806622279,6.024304806622279,6.024304806622279,5.970334483874031,5.512853851080126,5.512853851080126,5.512853851080126,5.512853851080126,5.353905820861501,5.353905820861501,5.353905820861501,5.353905820861501,5.353905820861501,5.353905820861501,5.353905820861501,5.353905820861501,5.353905820861501,4.918613604949549,4.918613604949549,4.918613604949549,4.918613604949549,4.918613604949549,4.918613604949549,4.918613604949549,4.918613604949549,4.918613604949549,4.918613604949549,4.918613604949549,4.918613604949549,4.918613604949549,4.918613604949549,4.918613604949549,4.918613604949549,4.918613604949549,4.84170262356451,4.84170262356451,4.84170262356451,4.84170262356451,4.84170262356451,4.84170262356451,4.84170262356451,4.84170262356451,4.38685263844104,4.38685263844104,4.38685263844104,4.38685263844104,4.38685263844104,4.38685263844104,4.38685263844104,4.38685263844104,4.38685263844104,4.38685263844104,4.38685263844104,4.38685263844104,4.38685263844104,4.38685263844104,4.38685263844104,4.38685263844104,4.38685263844104,4.38685263844104,4.38685263844104,4.38685263844104,4.38685263844104,4.38685263844104,4.38685263844104,4.38685263844104,4.38685263844104,4.38685263844104,4.38685263844104,4.38685263844104,4.38685263844104,4.38685263844104,4.38685263844104,4.38685263844104,4.38685263844104,4.38685263844104,4.38685263844104,4.38685263844104,4.38685263844104,4.38685263844104,4.38685263844104,4.38685263844104,4.38685263844104,4.38685263844104,4.38685263844104,4.38685263844104,4.38685263844104,4.38685263844104,4.38685263844104,4.38685263844104,4.38685263844104,4.38685263844104,4.38685263844104,4.38685263844104,4.38685263844104,4.38685263844104,4.38685263844104,4.38685263844104,4.38685263844104,4.38685263844104,4.38685263844104,4.38685263844104,4.38685263844104,4.38685263844104,4.38685263844104,4.38685263844104,4.38685263844104,4.353085261873575,4.353085261873575,4.353085261873575,4.353085261873575,4.353085261873575,4.353085261873575,4.353085261873575,4.353085261873575,4.353085261873575,4.353085261873575,4.353085261873575,4.353085261873575,4.353085261873575,4.353085261873575,4.327979452124432,4.327979452124432,4.327979452124432,4.327979452124432,4.327979452124432,4.327979452124432,4.327979452124431,4.327979452124431,4.327979452124431,4.327979452124431,4.327979452124431,4.327979452124431,4.327979452124431,4.327979452124431,4.327979452124431,4.327979452124431,4.325944068930799,4.325944068930799,4.325944068930799,4.325944068930799,4.325944068930799,4.325944068930799,4.325944068930799,4.325944068930799,4.325944068930799,4.325944068930799,4.325944068930799,4.325944068930799,4.325944068930799,4.325944068930799,4.325944068930799,4.325944068930799,4.325944068930799,4.325944068930799,4.325944068930799,4.325944068930799,4.325944068930799,4.325944068930799,4.325944068930799,4.325944068930799,4.325944068930799,4.325944068930799,4.325944068930799,4.325944068930799,4.325944068930799,4.325944068930799,4.325944068930799,4.325944068930799,4.325944068930799,4.325944068930799,4.325944068930799,4.325944068930799,4.325944068930799,4.325944068930799,4.325944068930799,4.325944068930799,4.325944068930799,4.325944068930799,4.325944068930799,4.325944068930799,4.325944068930799,4.325944068930799,4.325944068930799,4.325944068930799,4.325944068930799,4.325944068930799,4.325944068930799,4.325944068930799,4.325944068930799,4.325944068930799,4.325944068930799,4.325944068930799,4.325944068930799,4.325944068930799,4.325944068930799,4.325944068930799,4.325944068930799,4.325944068930799,4.325944068930799,4.325944068930799,4.325944068930799,4.325944068930799,4.325944068930799,4.325944068930799,4.325944068930799,4.325944068930799,4.325944068930799,4.325944068930799,4.325944068930799,4.325944068930799,4.325944068930799,4.325944068930799,4.325944068930799,4.325944068930799,4.325944068930799,4.325944068930799,4.325944068930799,4.325944068930799,4.325944068930799,4.325944068930799,4.325944068930799,4.325944068930799,4.325944068930799,4.325944068930799,4.325944068930799,4.325944068930799,4.325944068930799,4.325944068930799,4.325944068930799,4.325944068930799,4.325944068930799,4.325944068930799,4.325944068930799,4.325944068930799,4.325944068930799,4.325944068930799,4.325944068930799,4.325944068930799,4.325944068930799,4.325944068930799,4.325944068930799,4.325944068930799,4.325944068930799,4.325944068930799,4.325944068930799,4.325944068930799,4.325944068930799,4.325944068930799,4.325944068930799,4.325944068930799,4.325944068930799,4.325944068930799,4.325944068930799,4.325944068930799,4.325944068930799,4.325944068930799,4.325944068930799,4.325944068930799,4.325944068930799,4.325944068930799,4.325944068930799,4.325944068930799,4.325944068930799,4.325944068930799,4.325944068930799,4.325944068930799,4.325944068930799,4.325944068930799,4.325944068930799,4.325944068930799,4.325944068930799,4.325944068930799,4.325944068930799,4.325944068930799,4.325944068930799,4.325944068930799,4.325944068930799,4.325944068930799,4.325944068930799,4.325944068930799,4.325944068930799,4.325944068930799,4.325944068930799,4.325944068930799,4.325944068930799,4.325944068930799,4.325944068930799,4.325944068930799,4.325944068930799,4.325944068930799,4.325944068930799,4.325944068930799,4.325944068930799,4.325944068930799,4.325944068930799,4.325944068930799,4.325944068930799,4.325944068930799,4.325944068930799,4.325944068930799,4.325944068930799,4.325944068930799,4.325944068930799,4.325944068930799,4.325944068930799,4.325944068930799,4.325944068930799,4.325944068930799,4.325944068930799,4.325944068930799,4.325944068930799,4.325944068930799,4.325944068930799,4.325944068930799,4.325944068930799,4.325944068930799,4.325944068930799,4.325944068930799,4.325944068930799,4.325944068930799,4.325944068930799,4.325944068930799,4.325944068930799,4.325944068930799,4.325944068930799,4.325944068930799,4.325944068930799,4.325944068930799,4.325944068930799,4.325944068930799,4.325944068930799,4.325944068930799,4.325944068930799,4.325944068930799,4.325944068930799,4.325944068930799,4.325944068930799,4.325944068930799,4.325944068930799,4.325944068930799,4.325944068930799,4.325944068930799,4.325944068930799,4.325944068930799,4.325944068930799,4.325944068930799,4.325944068930799,4.325944068930799,4.325944068930799,4.325944068930799,4.325944068930799,4.325944068930799,4.325944068930799,4.325944068930799,4.325944068930799,4.325944068930799,4.325944068930799,4.325944068930799,4.325944068930799,4.325944068930799,4.325944068930799,4.325944068930799,4.325944068930799,4.325944068930799,4.325944068930799,4.325944068930799,4.325944068930799,4.325944068930799,4.325944068930799,4.325944068930799,4.325944068930799,4.325944068930799,4.325944068930799,4.325944068930799,4.325944068930799,4.325944068930799,4.325944068930799,4.325944068930799,4.325944068930799,4.325944068930799,4.325944068930799,4.325944068930799,4.325944068930799,4.325944068930799,4.325944068930799,3.669711326491377,3.669711326491377,3.669711326491377,3.437461350102847,3.3983474563073406,3.3983474563073406,3.3983474563073406,3.3983474563073406,3.3983474563073406,3.3983474563073406,3.3983474563073406,3.3983474563073406,3.3983474563073406,3.3983474563073406,3.3983474563073406,3.3983474563073406,3.3983474563073406,3.3983474563073406,3.3983474563073406,3.3983474563073406,3.3983474563073406,3.3983474563073406,3.3983474563073406,3.3983474563073406,3.3983474563073406,3.3983474563073406,3.3983474563073406,3.3983474563073406,3.3983474563073406,3.3983474563073406,3.3983474563073406,3.3983474563073406,3.3983474563073406,3.3983474563073406,3.3983474563073406,3.3983474563073406,3.3983474563073406,3.3983474563073406,3.3983474563073406,3.3983474563073406,3.3983474563073406,3.3983474563073406,3.3983474563073406,3.3983474563073406,3.3983474563073406,3.3983474563073406,3.3983474563073406,3.3983474563073406,3.3983474563073406,3.3983474563073406,3.3983474563073406,3.3983474563073406,3.3983474563073406,3.3983474563073406,3.3983474563073406,3.3983474563073406,3.3983474563073406,3.3983474563073406,3.3983474563073406,3.3983474563073406,3.3983474563073406,3.3983474563073406,3.3983474563073406,3.3983474563073406,3.3983474563073406,3.3983474563073406,3.3983474563073406,3.3983474563073406,3.3983474563073406,3.3983474563073406,3.3983474563073406,3.3983474563073406,3.3983474563073406,3.3983474563073406,3.3983474563073406,3.3983474563073406,3.3983474563073406,3.3983474563073406,3.3983474563073406,3.3983474563073406,3.3983474563073406,3.3983474563073406,3.3983474563073406,3.3983474563073406,3.3983474563073406,3.3983474563073406,3.3983474563073406,3.3983474563073406,3.3983474563073406,3.3983474563073406,3.3983474563073406,3.3983474563073406,3.3983474563073406,3.3983474563073406,3.3983474563073406,3.3983474563073406,3.3983474563073406,3.3983474563073406,3.3983474563073406,3.3983474563073406,3.3983474563073406,3.3983474563073406,3.3983474563073406,3.3983474563073406,3.3983474563073406,3.3983474563073406,3.3983474563073406,3.3983474563073406,3.3983474563073406,3.3983474563073406,3.3983474563073406,3.3983474563073406,3.3983474563073406,3.3983474563073406,3.3983474563073406,3.3983474563073406,3.3983474563073406,3.3983474563073406,3.3983474563073406,3.3983474563073406,3.3983474563073406,3.3983474563073406,3.3983474563073406,3.3983474563073406,3.3983474563073406,3.3983474563073406,3.3983474563073406,3.3983474563073406,3.3983474563073406,3.3983474563073406,3.3983474563073406,3.3983474563073406,3.3983474563073406,3.3983474563073406,3.3983474563073406,3.3983474563073406,3.3983474563073406,3.3983474563073406,3.3983474563073406,3.3983474563073406,3.3983474563073406,3.3983474563073406,3.3983474563073406,3.3983474563073406,3.3983474563073406,3.3983474563073406,3.3983474563073406,3.3983474563073406,3.3983474563073406,3.3983474563073406,3.3983474563073406,3.3983474563073406,3.3983474563073406,3.3983474563073406,3.3983474563073406,3.3983474563073406,3.3983474563073406,3.3983474563073406,3.3983474563073406,3.3983474563073406,3.3983474563073406,3.3983474563073406,3.3983474563073406,3.3983474563073406,3.3983474563073406,3.3983474563073406,3.3983474563073406,3.3983474563073406,3.3983474563073406,3.3983474563073406,3.3983474563073406,3.3983474563073406,3.3983474563073406,3.3983474563073406,3.3983474563073406,3.3983474563073406,3.3983474563073406,3.3983474563073406,3.3983474563073406,3.3983474563073406,3.3983474563073406,3.3983474563073406,3.3983474563073406,3.3983474563073406,3.3983474563073406,3.3983474563073406,3.3983474563073406,3.3983474563073406,3.3983474563073406,3.3983474563073406,3.3983474563073406,3.3983474563073406,3.3983474563073406,3.3983474563073406,3.3983474563073406,3.3983474563073406,3.3983474563073406,3.3983474563073406,3.3983474563073406,3.3983474563073406,3.3983474563073406,3.3983474563073406,3.3983474563073406,3.3983474563073406,3.320809357637591,3.320809357637591,3.3032651490266787,3.3032651490266787,3.3032651490266787,3.3032651490266787,3.3032651490266787,3.3032651490266787,3.3032651490266787,3.3032651490266787,3.3032651490266787,3.3032651490266787,3.3032651490266787,3.3032651490266787,3.3032651490266787,3.3032651490266787,3.3032651490266787,3.3032651490266787,3.3032651490266787,3.3032651490266787,3.3032651490266787,3.3032651490266787,3.3032651490266787,3.3032651490266787,3.3032651490266787,3.3032651490266787,3.3032651490266787,3.3032651490266787,3.3032651490266787,3.3032651490266787,3.3032651490266787,3.3032651490266787,3.3032651490266787,3.3032651490266787,3.3032651490266787,3.3032651490266787,3.3032651490266787,3.3032651490266787,3.3032651490266787,3.3032651490266787,3.3032651490266787,3.3032651490266787,3.3032651490266787,3.3032651490266787,3.3032651490266787,3.3032651490266787,3.3032651490266787,3.3032651490266787,3.3032651490266787,3.3032651490266787,3.3032651490266787,3.3032651490266787,3.3032651490266787,3.3032651490266787,3.3032651490266787,3.3032651490266787,3.3032651490266787,3.3032651490266787,3.3032651490266787,3.3032651490266787,3.3032651490266787,3.3032651490266787,3.3032651490266787,3.3032651490266787,3.3032651490266787,3.3032651490266787,3.3032651490266787,3.3032651490266787,3.3032651490266787,3.3032651490266787,3.3032651490266787,3.3032651490266787,3.3032651490266787,3.3032651490266787,3.3032651490266787,3.3032651490266787,3.3032651490266787,3.3032651490266787,3.3032651490266787,3.3032651490266787,3.3032651490266787,3.3032651490266787,3.3032651490266787,3.3032651490266787,3.3032651490266787,3.3032651490266787,3.3032651490266787,3.3032651490266787,3.3032651490266787,3.3032651490266787,3.3032651490266787,3.3032651490266787,3.3032651490266787,3.3032651490266787,3.3032651490266787,3.3032651490266787,3.3032651490266787,3.3032651490266787,3.3032651490266787,3.3032651490266787,3.3032651490266787,3.3032651490266787,3.3032651490266787,3.3032651490266787,3.3032651490266787,3.3032651490266787,3.3032651490266787,3.3032651490266787,3.3032651490266787,3.3032651490266787,3.3032651490266787,3.3032651490266787,3.3032651490266787,3.3032651490266787,3.3032651490266787,3.3032651490266787,3.3032651490266787,3.3032651490266787,3.3032651490266787,3.3032651490266787,3.3032651490266787,3.3032651490266787,3.3032651490266787,3.3032651490266787,3.3032651490266787,3.3032651490266787,3.3032651490266787,3.3032651490266787,3.3032651490266787,3.3032651490266787,3.3032651490266787,3.3032651490266787,3.3032651490266787,3.3032651490266787,3.3032651490266787,3.3032651490266787,3.3032651490266787,3.3032651490266787,3.3032651490266787,3.3032651490266787,3.3032651490266787,3.3032651490266787,1.3600323780512833,1.3600323780512833,1.3600323780512833,1.3600323780512833,1.3600323780512833,1.3600323780512833,1.3600323780512833,1.3600323780512833,1.3600323780512833,1.3600323780512833,1.3600323780512833,1.3600323780512833,1.3600323780512833,1.3600323780512833,1.3600323780512833,1.3600323780512833,1.3600323780512833,1.3600323780512833,1.3600323780512833,1.3600323780512833,1.3600323780512833,1.3600323780512833,1.3600323780512833,1.3600323780512833,1.3600323780512833,1.3600323780512833,1.3600323780512833,1.3600323780512833,1.3600323780512833,1.3600323780512833,1.3600323780512833,1.3600323780512833,1.3600323780512833,1.3600323780512833,1.3600323780512833,1.3600323780512833,1.3600323780512833,1.3600323780512833,1.3600323780512833,1.3600323780512833,1.3600323780512833,1.3600323780512833,1.3600323780512833,1.3600323780512833,1.3600323780512833,1.3600323780512833,1.3600323780512833,1.3600323780512833,1.3600323780512833,1.3600323780512833,1.3600323780512833,1.3600323780512833,1.3600323780512833,1.3600323780512833,1.3600323780512833,1.3600323780512833,1.3600323780512833,1.3600323780512833,1.3600323780512833,1.3600323780512833,1.3600323780512833,1.3600323780512833,1.3600323780512833,1.3600323780512833,1.3600323780512833,1.3600323780512833,1.3600323780512833,1.3600323780512833,1.3600323780512833,1.3600323780512833,1.3600323780512833,1.3600323780512833,1.3600323780512833,1.3600323780512833,1.3600323780512833,1.3600323780512833,1.3600323780512833,9.088348147906814,9.065322344347484,8.88937220532448,8.888063446561159,8.285255229594034,8.285255229594034,8.285255229594034,7.278377833884737,7.278377833884737,7.278377833884737,7.278377833884737,7.278377833884737,7.278377833884737,7.278377833884737,6.950605610555203,6.950605610555203,6.950605610555203,6.950605610555203,6.950605610555203,6.950605610555203,6.950605610555203,6.950605610555203,6.950605610555203,6.950605610555203,6.950605610555203,6.950605610555203,6.950605610555203,6.950605610555203,6.950605610555203,6.950605610555203,6.950605610555203,6.032561444201897,4.703063884164723,4.703063884164723,4.652576950212051,4.652576950212051,4.652576950212051,4.652576950212051,4.652576950212051,4.652576950212051,4.652576950212051,4.652576950212051,4.652576950212051,4.652576950212051,4.652576950212051,4.652576950212051,4.652576950212051,4.652576950212051,4.652576950212051,4.652576950212051,4.652576950212051,4.652576950212051,4.652576950212051,4.652576950212051,4.652576950212051,4.652576950212051,4.652576950212051,4.652576950212051,4.652576950212051,4.652576950212051,4.652576950212051,4.652576950212051,4.652576950212051,4.652576950212051,4.652576950212051,4.652576950212051,4.652576950212051,4.652576950212051,4.652576950212051,4.652576950212051,4.652576950212051,4.652576950212051,4.652576950212051,4.652576950212051,4.652576950212051,4.652576950212051,4.652576950212051,4.652576950212051,4.652576950212051,4.652576950212051,4.652576950212051,4.652576950212051,4.652576950212051,4.652576950212051,4.652576950212051,4.652576950212051,4.652576950212051,4.652576950212051,4.652576950212051,4.652576950212051,4.652576950212051,4.652576950212051,4.652576950212051,4.652576950212051,4.652576950212051,4.652576950212051,4.652576950212051,4.652576950212051,4.652576950212051,4.652576950212051,4.652576950212051,4.652576950212051,4.652576950212051,4.652576950212051,4.652576950212051,4.652576950212051,4.652576950212051,4.652576950212051,4.652576950212051,4.652576950212051,4.652576950212051,4.652576950212051,4.652576950212051,4.652576950212051,4.652576950212051,4.652576950212051,4.652576950212051,4.652576950212051,4.652576950212051,4.652576950212051,4.652576950212051,4.652576950212051,4.652576950212051,4.652576950212051,4.652576950212051,4.652576950212051,4.652576950212051,4.652576950212051,4.652576950212051,4.652576950212051,4.652576950212051,4.652576950212051,4.652576950212051,4.652576950212051,4.652576950212051,4.652576950212051,4.652576950212051,4.652576950212051,4.652576950212051,4.652576950212051,4.652576950212051,4.652576950212051,4.652576950212051,4.652576950212051,4.625033576295025,4.625033576295025,4.625033576295025,4.625033576295025,4.625033576295025,4.625033576295025,4.473792302706854,4.473792302706854,4.473792302706854,4.473792302706854,4.473792302706854,4.473792302706854,4.473792302706854,4.473792302706854,4.473792302706854,4.473792302706854,4.473792302706854,4.473792302706854,4.473792302706854,4.473792302706854,4.473792302706854,4.473792302706854,4.473792302706854,4.473792302706854,4.473792302706854,4.473792302706854,4.473792302706854,4.473792302706854,4.473792302706854,4.473792302706854,4.473792302706854,4.473792302706854,4.473792302706854,4.473792302706854,4.473792302706854,4.473792302706854,4.473792302706854,4.473792302706854,4.473792302706854,4.473792302706854,4.473792302706854,4.473792302706854,4.473792302706854,4.473792302706854,4.473792302706854,4.473792302706854,4.473792302706854,4.473792302706854,4.473792302706854,4.473792302706854,4.473792302706854,4.473792302706854,4.473792302706854,4.473792302706854,4.473792302706854,4.473792302706854,4.473792302706854,4.473792302706854,4.473792302706854,4.473792302706854,4.473792302706854,4.473792302706854,4.473792302706854,4.473792302706854,4.473792302706854,4.473792302706854,4.473792302706854,4.473792302706854,4.473792302706854,4.473792302706854,4.473792302706854,4.473792302706854,4.473792302706854,4.473792302706854,4.473792302706854,4.473792302706854,4.473792302706854,4.473792302706854,4.473792302706854,4.473792302706854,4.473792302706854,4.473792302706854,4.473792302706854,4.473792302706854,4.473792302706854,4.473792302706854,4.473792302706854,4.473792302706854,4.473792302706854,4.473792302706854,4.473792302706854,4.473792302706854,4.473792302706854,4.473792302706854,4.473792302706854,4.473792302706854,4.473792302706854,4.473792302706854,4.473792302706854,4.473792302706854,4.473792302706854,4.473792302706854,4.473792302706854,4.473792302706854,4.473792302706854,4.473792302706854,4.473792302706854,4.473792302706854,4.473792302706854,4.473792302706854,4.473792302706854,4.473792302706854,4.473792302706854,4.473792302706854,4.473792302706854,4.473792302706854,4.473792302706854,4.473792302706854,4.473792302706854,4.473792302706854,3.3770490716898744,3.3770490716898744,3.3770490716898744,3.3770490716898744,3.3770490716898744,3.3770490716898744,3.3770490716898744,3.3770490716898744,3.3770490716898744,3.3770490716898744,3.3770490716898744,3.3770490716898744,3.3770490716898744,3.3770490716898744,3.3770490716898744,3.3770490716898744,3.3770490716898744,3.3770490716898744,3.3770490716898744,3.3770490716898744,3.3770490716898744,3.3770490716898744,3.3770490716898744,3.3770490716898744,3.3770490716898744,3.3770490716898744,3.3770490716898744,3.3770490716898744,3.3770490716898744,3.3770490716898744,3.3770490716898744,3.3770490716898744,3.3770490716898744,3.3770490716898744,3.3770490716898744,3.3770490716898744,3.3770490716898744,3.3770490716898744,3.3770490716898744,3.3770490716898744,3.3770490716898744,3.3770490716898744,3.3770490716898744,3.3770490716898744,3.3770490716898744,3.3770490716898744,3.3770490716898744,3.3770490716898744,3.3770490716898744,3.3770490716898744,3.3770490716898744,3.3770490716898744,3.3770490716898744,3.3770490716898744,3.3770490716898744,3.3770490716898744,3.3770490716898744,3.3770490716898744,3.3770490716898744,3.3770490716898744,3.3770490716898744,3.3770490716898744,3.3770490716898744,3.3770490716898744,3.3770490716898744,3.3770490716898744,3.3770490716898744,3.3770490716898744,3.3770490716898744,3.3770490716898744,3.3770490716898744,3.3770490716898744,3.3770490716898744,3.3770490716898744,3.3770490716898744,3.3770490716898744,3.3770490716898744,3.3770490716898744,3.3770490716898744,3.3770490716898744,3.3770490716898744,3.3770490716898744,3.3770490716898744,3.3770490716898744,3.3770490716898744,3.3770490716898744,3.3770490716898744,3.3770490716898744,3.3770490716898744,3.3770490716898744,3.3770490716898744,3.3770490716898744,3.3770490716898744,3.3770490716898744,3.3770490716898744,3.3770490716898744,3.3770490716898744,3.3770490716898744,3.3770490716898744,3.3770490716898744,3.3770490716898744,3.3770490716898744,3.3770490716898744,3.3770490716898744,3.3770490716898744,3.3770490716898744,3.3770490716898744,3.3770490716898744,3.3770490716898744,3.3770490716898744,3.3770490716898744,3.3770490716898744,3.3770490716898744,3.3770490716898744,3.3770490716898744,3.3770490716898744,3.3770490716898744,3.3770490716898744,3.3770490716898744,3.3770490716898744,3.3770490716898744,3.3770490716898744,3.3770490716898744,3.3770490716898744,3.3770490716898744,3.3770490716898744,3.3770490716898744,3.3770490716898744,3.3770490716898744,3.3770490716898744,3.3770490716898744,3.3770490716898744,3.3770490716898744,3.3770490716898744,3.3770490716898744,3.3770490716898744,3.3770490716898744,3.3770490716898744,3.3770490716898744,3.3770490716898744,3.3770490716898744,3.3770490716898744,3.3770490716898744,3.3770490716898744,3.1561005168160166,3.1561005168160166,3.1561005168160166,3.1561005168160166,3.1561005168160166,3.1561005168160166,3.1561005168160166,3.1561005168160166,3.1561005168160166,3.1561005168160166,3.1561005168160166,3.1561005168160166,3.1561005168160166,3.1561005168160166,3.1561005168160166,3.1561005168160166,3.1561005168160166,3.1561005168160166,3.1561005168160166,3.1561005168160166,3.1561005168160166,3.1561005168160166,3.1561005168160166,3.1561005168160166,3.1561005168160166,3.1561005168160166,3.1561005168160166,3.1561005168160166,3.1561005168160166,3.1561005168160166,3.1561005168160166,3.1561005168160166,3.1561005168160166,3.1561005168160166,3.1561005168160166,3.1561005168160166,3.1561005168160166,3.1561005168160166,3.1561005168160166,3.1561005168160166,3.1561005168160166,3.1561005168160166,3.1561005168160166,3.1561005168160166,3.1561005168160166,3.1561005168160166,3.1561005168160166,3.1561005168160166,3.1561005168160166,3.1561005168160166,3.1561005168160166,3.1561005168160166,3.1561005168160166,3.1561005168160166,3.1561005168160166,3.1561005168160166,3.1561005168160166,3.1561005168160166,3.1561005168160166,3.1561005168160166,3.1561005168160166,3.1561005168160166,3.1561005168160166,3.1561005168160166,3.1561005168160166,3.1561005168160166,3.1561005168160166,3.1561005168160166,3.1561005168160166,3.1561005168160166,3.1561005168160166,3.1561005168160166,3.1561005168160166,3.1561005168160166,3.1561005168160166,3.1561005168160166,3.1561005168160166,3.1561005168160166,3.1561005168160166,3.1561005168160166,3.1561005168160166,3.1561005168160166,3.1561005168160166,3.1561005168160166,3.1561005168160166,3.1561005168160166,3.1561005168160166,3.1561005168160166,3.1561005168160166,3.1561005168160166,3.1561005168160166,3.1561005168160166,3.1561005168160166,3.1561005168160166,3.1561005168160166,3.1561005168160166,3.1561005168160166,3.1561005168160166,3.1561005168160166,3.1561005168160166,3.1561005168160166,3.1561005168160166,3.1561005168160166,3.1561005168160166,3.1561005168160166,3.1561005168160166,3.1561005168160166,3.1561005168160166,3.1561005168160166,3.1561005168160166,3.1561005168160166,3.1561005168160166,3.1561005168160166,3.1561005168160166,3.1561005168160166,3.1561005168160166,3.1561005168160166,3.1561005168160166,3.1561005168160166,3.1561005168160166,3.1561005168160166,3.1561005168160166,3.1561005168160166,3.1561005168160166,3.1561005168160166,3.1561005168160166,3.1561005168160166,3.1561005168160166,3.1561005168160166,3.1561005168160166,2.010903715736863,2.010903715736863,2.010903715736863,2.010903715736863,2.010903715736863,2.010903715736863,2.010903715736863,2.010903715736863,2.010903715736863,2.010903715736863,2.010903715736863,2.010903715736863,2.010903715736863,2.010903715736863,2.010903715736863,2.010903715736863,2.010903715736863,2.010903715736863,2.010903715736863,2.010903715736863,2.010903715736863,2.010903715736863,2.010903715736863,2.010903715736863,2.010903715736863,2.010903715736863,2.010903715736863,2.010903715736863,2.010903715736863,2.010903715736863,2.010903715736863,2.010903715736863,2.010903715736863,2.010903715736863,2.010903715736863,2.010903715736863,2.010903715736863,2.010903715736863,2.010903715736863,2.010903715736863,2.010903715736863,2.010903715736863,2.010903715736863,2.010903715736863,2.010903715736863,2.010903715736863,2.010903715736863,2.010903715736863,2.010903715736863,2.010903715736863,2.010903715736863,2.010903715736863,2.010903715736863,2.010903715736863,2.010903715736863,2.010903715736863,2.010903715736863,2.010903715736863,2.010903715736863,2.010903715736863,2.010903715736863,2.010903715736863,2.010903715736863,2.010903715736863,2.010903715736863,2.010903715736863,2.010903715736863,2.010903715736863,2.010903715736863,2.010903715736863,2.010903715736863,2.010903715736863,2.010903715736863,2.010903715736863,2.010903715736863,2.010903715736863,2.010903715736863,2.010903715736863,2.010903715736863,2.010903715736863,2.010903715736863,2.010903715736863,2.010903715736863,2.010903715736863,2.010903715736863,2.010903715736863,2.010903715736863,2.010903715736863,2.010903715736863,2.010903715736863,2.010903715736863,2.010903715736863,2.010903715736863,2.010903715736863,2.010903715736863,2.010903715736863,2.010903715736863,2.010903715736863,2.010903715736863,2.010903715736863,2.010903715736863,2.010903715736863,2.010903715736863,2.010903715736863,2.010903715736863,2.010903715736863,2.010903715736863,2.010903715736863,2.010903715736863,2.010903715736863,2.010903715736863,2.010903715736863,2.010903715736863,2.010903715736863,2.010903715736863,2.010903715736863,2.010903715736863,2.010903715736863,2.010903715736863,2.010903715736863,2.010903715736863,2.010903715736863,2.010903715736863,2.010903715736863,2.010903715736863,2.010903715736863,2.010903715736863,2.010903715736863,2.010903715736863,2.010903715736863,2.010903715736863,2.010903715736863,2.010903715736863,2.010903715736863,2.010903715736863,2.010903715736863,2.010903715736863,2.010903715736863,2.010903715736863,2.010903715736863,2.010903715736863,2.010903715736863,2.010903715736863,2.010903715736863,2.010903715736863,2.010903715736863,2.010903715736863,2.010903715736863,2.010903715736863,2.010903715736863,2.010903715736863,2.010903715736863,2.010903715736863,2.010903715736863,2.010903715736863,2.010903715736863,2.010903715736863,2.010903715736863,2.010903715736863,2.010903715736863,2.010903715736863,2.010903715736863,2.010903715736863,2.010903715736863,2.010903715736863,2.010903715736863,2.010903715736863,2.010903715736863,2.010903715736863,2.010903715736863,2.010903715736863,2.010903715736863,2.010903715736863,2.010903715736863,2.010903715736863,2.010903715736863,2.010903715736863,2.010903715736863,2.010903715736863,2.010903715736863,2.010903715736863,2.010903715736863,2.010903715736863,2.010903715736863,2.010903715736863,2.010903715736863,2.010903715736863,2.010903715736863,2.010903715736863,2.010903715736863,2.010903715736863,2.010903715736863,2.010903715736863,2.010903715736863,2.010903715736863,2.010903715736863,2.010903715736863,2.010903715736863,2.010903715736863,2.010903715736863,2.010903715736863,2.010903715736863,2.010903715736863,2.010903715736863,2.010903715736863,2.010903715736863,2.010903715736863,2.010903715736863,2.010903715736863,2.010903715736863,2.010903715736863,2.010903715736863,2.010903715736863,2.010903715736863,2.010903715736863,2.010903715736863,2.010903715736863,2.010903715736863,2.010903715736863,2.010903715736863,2.010903715736863,2.010903715736863,2.010903715736863,2.010903715736863,2.010903715736863,2.010903715736863,2.010903715736863,2.010903715736863,2.010903715736863,2.010903715736863,2.010903715736863,2.010903715736863,2.010903715736863,2.010903715736863,2.010903715736863,2.010903715736863,2.010903715736863,2.010903715736863,2.010903715736863,2.010903715736863,2.010903715736863,2.010903715736863,2.010903715736863,2.010903715736863,2.010903715736863,2.010903715736863,2.010903715736863,2.010903715736863,2.010903715736863,2.010903715736863,2.010903715736863,2.010903715736863,2.010903715736863,2.010903715736863,2.010903715736863,2.010903715736863,2.010903715736863,2.010903715736863,2.010903715736863,2.010903715736863,2.010903715736863,2.010903715736863,2.010903715736863,2.010903715736863,2.010903715736863,2.010903715736863,2.010903715736863,2.010903715736863,2.010903715736863,2.010903715736863,2.010903715736863,2.010903715736863,2.010903715736863,2.010903715736863,2.010903715736863,2.010903715736863,2.010903715736863,2.010903715736863,2.010903715736863,2.010903715736863,2.010903715736863,2.010903715736863,2.010903715736863,2.010903715736863,2.010903715736863,2.010903715736863,2.010903715736863,2.010903715736863,2.010903715736863,2.010903715736863,2.010903715736863,2.010903715736863,2.010903715736863,2.010903715736863,2.010903715736863,2.010903715736863,2.010903715736863,2.010903715736863,2.010903715736863,2.010903715736863,2.010903715736863,2.010903715736863,2.010903715736863,2.010903715736863,2.010903715736863,2.010903715736863,2.010903715736863,2.010903715736863,2.010903715736863,2.010903715736863,2.010903715736863,2.010903715736863,2.010903715736863,2.010903715736863,2.010903715736863,2.010903715736863,2.010903715736863,2.010903715736863,2.010903715736863,2.010903715736863,2.010903715736863,2.010903715736863,2.010903715736863,2.010903715736863,2.010903715736863,2.010903715736863,2.010903715736863,2.010903715736863,2.010903715736863,2.010903715736863,2.010903715736863,2.010903715736863,2.010903715736863,2.010903715736863,2.010903715736863,2.010903715736863,2.010903715736863,2.010903715736863,2.010903715736863,2.010903715736863,2.010903715736863,2.010903715736863,2.010903715736863,2.010903715736863,2.010903715736863,2.010903715736863,2.010903715736863,2.010903715736863,2.010903715736863,2.010903715736863,2.010903715736863,2.010903715736863,2.010903715736863,2.010903715736863,2.010903715736863,2.010903715736863,2.010903715736863,2.010903715736863,2.010903715736863,2.010903715736863,2.010903715736863,2.010903715736863,2.010903715736863,2.010903715736863,2.010903715736863,2.010903715736863,2.010903715736863,2.010903715736863,2.010903715736863,2.010903715736863,2.010903715736863,2.010903715736863,2.010903715736863,2.010903715736863,2.010903715736863,2.010903715736863,2.010903715736863,2.010903715736863,2.010903715736863,2.010903715736863,2.010903715736863,2.010903715736863,2.010903715736863,2.010903715736863,2.010903715736863,2.010903715736863,2.010903715736863,2.010903715736863,2.010903715736863,2.010903715736863,2.010903715736863,2.010903715736863,2.010903715736863,2.010903715736863,2.010903715736863,2.010903715736863,2.010903715736863,2.010903715736863,2.010903715736863,2.010903715736863,2.010903715736863,2.010903715736863,2.010903715736863,2.010903715736863,2.010903715736863,2.010903715736863,2.010903715736863,2.010903715736863,2.010903715736863,2.010903715736863,2.010903715736863,2.010903715736863,2.010903715736863,2.010903715736863,2.010903715736863,2.010903715736863,2.010903715736863,2.010903715736863,2.010903715736863,2.010903715736863,2.010903715736863,2.010903715736863,2.010903715736863,2.010903715736863,2.010903715736863,2.010903715736863,2.010903715736863,2.010903715736863,2.010903715736863,2.010903715736863,2.010903715736863,2.010903715736863,2.010903715736863,2.010903715736863,2.010903715736863,2.010903715736863,2.010903715736863,2.010903715736863,2.010903715736863,2.010903715736863,2.010903715736863,2.010903715736863,2.010903715736863,2.010903715736863,2.010903715736863,2.010903715736863,2.010903715736863,2.010903715736863,2.010903715736863,2.010903715736863,2.010903715736863,2.010903715736863,2.010903715736863,2.010903715736863,2.010903715736863,2.010903715736863,2.010903715736863,2.010903715736863,2.010903715736863,2.010903715736863,2.010903715736863,2.010903715736863,8.659049299477376,6.421363389173022,6.421363389173022,6.421363389173022,5.972273913039841,5.633978652915907,5.633978652915907,5.633978652915907,5.505226226201159,5.390226479842027,5.374968791090789,5.374968791090789,5.374968791090789,5.374968791090789,5.374968791090789,5.361850295299138,5.361850295299138,5.361850295299138,5.361850295299138,5.339528244649516,5.339528244649516,5.339528244649516,5.339528244649516,5.339528244649516,5.339528244649516,5.339528244649516,5.339528244649516,5.339528244649516,5.339528244649516,5.339528244649516,5.339528244649516,5.339528244649516,5.339528244649516,5.339528244649516,5.339528244649516,5.339528244649516,5.339528244649516,5.339528244649516,5.339528244649516,5.339528244649516,5.339528244649516,5.339528244649516,5.339528244649516,5.339528244649516,5.339528244649516,5.339528244649516,5.339528244649516,5.339528244649516,5.339528244649516,5.339528244649516,5.339528244649516,5.339528244649516,5.339528244649516,5.339528244649516,5.339528244649516,5.339528244649516,5.339528244649516,5.339528244649516,5.339528244649516,5.339528244649516,5.339528244649516,5.339528244649516,5.339528244649516,5.339528244649516,5.339528244649516,5.339528244649516,5.339528244649516,5.339528244649516,5.339528244649516,5.339528244649516,5.339528244649516,5.339528244649516,5.339528244649516,5.315551965048856,4.653009170978071,4.503590245515689,4.503590245515689,4.503590245515689,4.503590245515689,4.503590245515689,4.503590245515689,4.503590245515689,4.503590245515689,4.503590245515689,4.503590245515689,4.503590245515689,4.503590245515689,4.503590245515689,4.503590245515689,4.503590245515689,4.503590245515689,4.503590245515689,4.246210994941337,4.246210994941337,4.246210994941337,4.246210994941337,4.246210994941336,4.246210994941336,4.246210994941336,4.246210994941336,4.246210994941336,4.246210994941336,4.246210994941336,4.246210994941336,4.246210994941336,4.246210994941336,4.246210994941336,4.246210994941336,4.246210994941336,4.246210994941336,4.246210994941336,4.246210994941336,4.246210994941336,4.246210994941336,4.246210994941336,4.246210994941336,4.246210994941336,4.246210994941336,4.246210994941336,4.246210994941336,4.246210994941336,4.246210994941336,4.246210994941336,4.246210994941336,4.246210994941336,4.246210994941336,4.246210994941336,4.246210994941336,4.246210994941336,4.246210994941336,4.246210994941336,4.246210994941336,4.246210994941336,4.246210994941336,4.246210994941336,4.246210994941336,4.246210994941336,4.246210994941336,4.246210994941336,4.246210994941336,4.246210994941336,4.246210994941336,4.246210994941336,4.246210994941336,4.246210994941336,4.246210994941336,4.246210994941336,4.246210994941336,4.246210994941336,4.246210994941336,4.246210994941336,4.246210994941336,4.246210994941336,4.246210994941336,4.246210994941336,4.246210994941336,4.246210994941336,4.246210994941336,4.246210994941336,4.246210994941336,4.246210994941336,4.246210994941336,4.246210994941336,4.246210994941336,4.246210994941336,4.246210994941336,4.246210994941336,4.246210994941336,4.246210994941336,4.246210994941336,4.246210994941336,4.246210994941336,4.246210994941336,4.246210994941336,4.246210994941336,4.246210994941336,4.246210994941336,4.246210994941336,4.246210994941336,4.246210994941336,4.155412909738349,4.155412909738349,4.155412909738349,4.155412909738349,4.155412909738349,4.155412909738349,4.155412909738349,4.155412909738349,4.155412909738349,4.155412909738349,4.155412909738349,4.155412909738349,4.155412909738349,4.155412909738349,4.155412909738349,4.155412909738349,4.155412909738349,4.155412909738349,4.155412909738349,4.155412909738349,4.155412909738349,4.155412909738349,4.155412909738349,4.155412909738349,4.155412909738349,4.155412909738349,4.155412909738349,4.155412909738349,4.155412909738349,4.155412909738349,4.155412909738349,4.155412909738349,4.155412909738349,4.155412909738349,4.155412909738349,4.155412909738349,4.155412909738349,4.155412909738349,4.155412909738349,4.155412909738349,4.155412909738349,4.155412909738349,4.155412909738349,4.155412909738349,4.155412909738349,4.155412909738349,4.155412909738349,4.155412909738349,4.155412909738349,4.155412909738349,4.155412909738349,4.155412909738349,4.155412909738349,4.155412909738349,4.155412909738349,4.155412909738349,4.155412909738349,4.155412909738349,4.155412909738349,4.155412909738349,4.155412909738349,4.155412909738349,4.155412909738349,4.155412909738349,4.155412909738349,4.155412909738349,4.155412909738349,4.155412909738349,4.155412909738349,4.155412909738349,4.155412909738349,4.155412909738349,4.155412909738349,4.155412909738349,4.155412909738349,4.155412909738349,4.155412909738349,4.155412909738349,4.155412909738349,4.155412909738349,4.155412909738349,4.155412909738349,4.155412909738349,4.155412909738349,4.155412909738349,4.155412909738349,4.155412909738349,4.155412909738349,4.155412909738349,4.155412909738349,4.155412909738349,4.155412909738349,4.155412909738349,4.155412909738349,4.155412909738349,4.155412909738349,4.155412909738349,4.155412909738349,4.155412909738349,4.155412909738349,4.155412909738349,4.155412909738349,4.155412909738349,4.155412909738349,4.155412909738349,4.155412909738349,4.155412909738349,4.155412909738349,4.155412909738349,4.155412909738349,4.155412909738349,4.155412909738349,4.155412909738349,4.155412909738349,4.155412909738349,4.155412909738349,4.155412909738349,4.155412909738349,4.155412909738349,4.155412909738349,4.155412909738349,4.155412909738349,4.155412909738349,4.155412909738349,4.155412909738349,4.155412909738349,4.155412909738349,4.155412909738349,4.155412909738349,4.155412909738349,4.155412909738349,4.155412909738349,4.155412909738349,4.155412909738349,4.155412909738349,4.155412909738349,4.155412909738349,4.155412909738349,4.155412909738349,4.155412909738349,4.155412909738349,4.155412909738349,4.155412909738349,4.155412909738349,4.155412909738349,4.155412909738349,4.155412909738349,4.155412909738349,4.155412909738349,4.155412909738349,4.155412909738349,4.155412909738349,4.155412909738349,4.155412909738349,4.155412909738349,4.155412909738349,4.155412909738349,4.155412909738349,4.155412909738349,4.155412909738349,4.155412909738349,4.155412909738349,4.155412909738349,4.155412909738349,4.155412909738349,4.155412909738349,4.155412909738349,4.155412909738349,4.155412909738349,4.155412909738349,4.155412909738349,4.155412909738349,4.155412909738349,4.155412909738349,4.155412909738349,4.155412909738349,4.155412909738349,4.155412909738349,4.155412909738349,4.155412909738349,4.155412909738349,4.155412909738349,4.155412909738349,4.155412909738349,4.155412909738349,4.155412909738349,4.155412909738349,4.155412909738349,4.155412909738349,4.155412909738349,4.155412909738349,4.155412909738349,4.155412909738349,4.155412909738349,4.155412909738349,4.155412909738349,4.155412909738349,4.155412909738349,4.155412909738349,4.155412909738349,4.155412909738349,4.155412909738349,4.155412909738349,4.155412909738349,4.155412909738349,4.155412909738349,4.155412909738349,4.155412909738349,4.155412909738349,4.155412909738349,4.155412909738349,4.155412909738349,4.155412909738349,4.155412909738349,4.155412909738349,4.155412909738349,4.155412909738349,4.155412909738349,4.155412909738349,4.155412909738349,4.155412909738349,4.155412909738349,4.155412909738349,4.155412909738349,4.155412909738349,4.155412909738349,4.155412909738349,4.155412909738349,4.155412909738349,4.155412909738349,4.155412909738349,4.155412909738349,4.155412909738349,4.155412909738349,4.155412909738349,4.155412909738349,4.155412909738349,4.155412909738349,4.155412909738349,4.155412909738349,4.155412909738349,4.155412909738349,4.155412909738349,4.155412909738349,4.155412909738349,4.155412909738349,4.155412909738349,4.155412909738349,4.155412909738349,4.155412909738349,4.155412909738349,4.155412909738349,4.155412909738349,4.155412909738349,4.155412909738349,4.155412909738349,4.155412909738349,4.155412909738349,4.155412909738349,4.155412909738349,4.155412909738349,4.155412909738349,4.155412909738349,4.155412909738349,4.155412909738349,4.155412909738349,4.155412909738349,4.155412909738349,4.155412909738349,4.08999299350125,4.08999299350125,4.08999299350125,4.08999299350125,4.08999299350125,4.08999299350125,4.08999299350125,4.08999299350125,4.08999299350125,4.08999299350125,4.08999299350125,4.08999299350125,4.08999299350125,4.08999299350125,4.08999299350125,4.005982311356536,4.005982311356536,4.005982311356536,4.005982311356536,4.005982311356536,4.005982311356536,4.005982311356536,4.005982311356536,4.005982311356536,4.005982311356536,4.005982311356536,4.005982311356536,4.005982311356536,4.005982311356536,4.005982311356536,4.005982311356536,4.005982311356536,4.005982311356536,4.005982311356536,4.005982311356536,4.005982311356536,4.005982311356536,4.005982311356536,4.005982311356536,4.005982311356536,4.005982311356536,4.005982311356536,4.005982311356536,4.005982311356536,4.005982311356536,4.005982311356536,4.005982311356536,4.005982311356536,4.005982311356536,4.005982311356536,4.005982311356536,4.005982311356536,4.005982311356536,4.005982311356536,4.005982311356536,4.005982311356536,4.005982311356536,4.005982311356536,4.005982311356536,4.005982311356536,4.005982311356536,4.005982311356536,4.005982311356536,4.005982311356536,4.005982311356536,4.005982311356536,4.005982311356536,4.005982311356536,4.005982311356536,4.005982311356536,4.005982311356536,4.005982311356536,4.005982311356536,4.005982311356536,4.005982311356536,4.005982311356536,4.005982311356536,4.005982311356536,4.005982311356536,4.005982311356536,4.005982311356536,4.005982311356536,4.005982311356536,4.005982311356536,4.005982311356536,4.005982311356536,4.005982311356536,4.005982311356536,4.005982311356536,4.005982311356536,4.005982311356536,4.005982311356536,4.005982311356536,4.005982311356536,4.005982311356536,4.005982311356536,4.005982311356536,4.005982311356536,4.005982311356536,4.005982311356536,4.005982311356536,4.005982311356536,4.005982311356536,4.005982311356536,4.005982311356536,4.005982311356536,4.005982311356536,4.005982311356536,4.005982311356536,4.005982311356536,4.005982311356536,4.005982311356536,4.005982311356536,4.005982311356536,4.005982311356536,4.005982311356536,4.005982311356536,4.005982311356536,4.005982311356536,4.005982311356536,4.005982311356536,4.005982311356536,4.005982311356536,4.005982311356536,4.005982311356536,4.005982311356536,4.005982311356536,4.005982311356536,4.005982311356536,4.005982311356536,4.005982311356536,4.005982311356536,4.005982311356536,4.005982311356536,4.005982311356536,4.005982311356536,4.005982311356536,4.005982311356536,4.005982311356536,4.005982311356536,4.005982311356536,4.005982311356536,4.005982311356536,4.005982311356536,4.005982311356536,4.005982311356536,4.005982311356536,4.005982311356536,4.005982311356536,4.005982311356536,4.005982311356536,4.005982311356536,4.005982311356536,4.005982311356536,4.005982311356536,4.005982311356536,4.005982311356536,4.005982311356536,4.005982311356536,4.005982311356536,4.005982311356536,4.005982311356536,4.005982311356536,4.005982311356536,4.005982311356536,4.005982311356536,4.005982311356536,4.005982311356536,4.005982311356536,4.005982311356536,4.005982311356536,4.005982311356536,4.005982311356536,4.005982311356536,4.005982311356536,4.005982311356536,4.005982311356536,4.005982311356536,4.005982311356536,4.005982311356536,4.005982311356536,4.005982311356536,4.005982311356536,4.005982311356536,4.005982311356536,4.005982311356536,4.005982311356536,4.005982311356536,4.005982311356536,4.005982311356536,4.005982311356536,4.005982311356536,4.005982311356536,4.005982311356536,4.005982311356536,4.005982311356536,4.005982311356536,4.005982311356536,4.005982311356536,4.005982311356536,4.005982311356536,4.005982311356536,4.005982311356536,4.005982311356536,4.005982311356536,4.005982311356536,4.005982311356536,4.005982311356536,4.005982311356536,4.005982311356536,4.005982311356536,4.005982311356536,4.005982311356536,4.005982311356536,4.005982311356536,4.005982311356536,4.005982311356536,4.005982311356536,4.005982311356536,4.005982311356536,4.005982311356536,4.005982311356536,4.005982311356536,4.005982311356536,4.005982311356536,4.005982311356536,4.005982311356536,4.005982311356536,4.005982311356536,4.005982311356536,4.005982311356536,4.005982311356536,4.005982311356536,4.005982311356536,4.005982311356536,4.005982311356536,4.005982311356536,4.005982311356536,4.005982311356536,4.005982311356536,4.005982311356536,4.005982311356536,4.005982311356536,4.005982311356536,4.005982311356536,4.005982311356536,4.005982311356536,4.005982311356536,4.005982311356536,4.005982311356536,4.005982311356536,4.005982311356536,4.005982311356536,4.005982311356536,4.005982311356536,4.005982311356536,4.005982311356536,4.005982311356536,4.005982311356536,4.005982311356536,4.005982311356536,4.005982311356536,4.005982311356536,4.005982311356536,4.005982311356536,4.005982311356536,4.005982311356536,4.005982311356536,4.005982311356536,4.005982311356536,4.005982311356536,4.005982311356536,4.005982311356536,4.005982311356536,4.005982311356536,4.005982311356536,4.005982311356536,4.005982311356536,4.005982311356536,4.005982311356536,4.005982311356536,4.005982311356536,4.005982311356536,4.005982311356536,4.005982311356536,4.005982311356536,4.005982311356536,4.005982311356536,4.005982311356536,4.005982311356536,4.005982311356536,4.005982311356536,4.005982311356536,4.005982311356536,4.005982311356536,4.005982311356536,4.005982311356536,4.005982311356536,4.005982311356536,4.005982311356536,4.005982311356536,4.005982311356536,4.005982311356536,4.005982311356536,4.005982311356536,4.005982311356536,4.005982311356536,4.005982311356536,4.005982311356536,4.005982311356536,4.005982311356536,4.005982311356536,4.005982311356536,4.005982311356536,4.005982311356536,4.005982311356536,4.005982311356536,4.005982311356536,4.005982311356536,4.005982311356536,4.005982311356536,4.005982311356536,4.005982311356536,4.005982311356536,4.005982311356536,4.005982311356536,4.005982311356536,4.005982311356536,4.005982311356536,4.005982311356536,4.005982311356536,4.005982311356536,4.005982311356536,4.005982311356536,4.005982311356536,4.005982311356536,4.005982311356536,4.005982311356536,4.005982311356536,4.005982311356536,4.005982311356536,4.005982311356536,4.005982311356536,4.005982311356536,4.005982311356536,4.005982311356536,4.005982311356536,4.005982311356536,4.005982311356536,4.005982311356536,4.005982311356536,4.005982311356536,4.005982311356536,4.005982311356536,4.005982311356536,4.005982311356536,4.005982311356536,4.005982311356536,4.005982311356536,4.005982311356536,4.005982311356536,4.005982311356536,4.005982311356536,4.005982311356536,4.005982311356536,4.005982311356536,4.005982311356536,4.005982311356536,4.005982311356536,4.005982311356536,4.005982311356536,4.005982311356536,4.005982311356536,4.005982311356536,4.005982311356536,4.005982311356536,4.005982311356536,4.005982311356536,4.005982311356536,4.005982311356536,4.005982311356536,4.005982311356536,4.005982311356536,4.005982311356536,4.005982311356536,4.005982311356536,4.005982311356536,4.005982311356536,4.005982311356536,4.005982311356536,4.005982311356536,4.005982311356536,4.005982311356536,4.005982311356536,4.005982311356536,4.005982311356536,4.005982311356536,4.005982311356536,4.005982311356536,4.005982311356536,4.005982311356536,4.005982311356536,4.005982311356536,4.005982311356536,4.005982311356536,4.005982311356536,4.005982311356536,4.005982311356536,4.005982311356536,4.005982311356536,4.005982311356536,4.005982311356536,4.005982311356536,4.005982311356536,4.005982311356536,4.005982311356536,4.005982311356536,4.005982311356536,4.005982311356536,4.005982311356536,4.005982311356536,4.005982311356536,4.005982311356536,4.005982311356536,4.005982311356536,4.005982311356536,4.005982311356536,4.005982311356536,4.005982311356536,4.005982311356536,4.005982311356536,4.005982311356536,4.005982311356536,4.005982311356536,4.005982311356536,4.005982311356536,4.005982311356536,4.005982311356536,4.005982311356536,4.005982311356536,4.005982311356536,4.005982311356536,4.005982311356536,3.961880118646479,3.961880118646479,3.961880118646479,3.961880118646479,3.961880118646479,3.961880118646479,3.961880118646479,3.961880118646479,3.961880118646479,3.961880118646479,3.961880118646479,3.961880118646479,3.961880118646479,3.961880118646479,3.961880118646479,3.961880118646479,3.961880118646479,3.961880118646479,3.961880118646479,3.961880118646479,3.961880118646479,3.961880118646479,3.961880118646479,3.961880118646479,3.961880118646479,3.961880118646479,3.961880118646479,3.961880118646479,3.961880118646479,3.961880118646479,3.961880118646479,3.961880118646479,3.961880118646479,3.961880118646479,3.961880118646479,3.961880118646479,3.961880118646479,3.961880118646479,3.961880118646479,3.961880118646479,3.961880118646479,3.961880118646479,3.961880118646479,3.961880118646479,3.961880118646479,3.961880118646479,3.961880118646479,3.961880118646479,3.961880118646479,3.961880118646479,3.961880118646479,3.961880118646479,3.961880118646479,3.961880118646479,3.961880118646479,3.961880118646479,3.961880118646479,3.961880118646479,3.961880118646479,3.961880118646479,3.961880118646479,3.961880118646479,3.961880118646479,3.961880118646479,3.961880118646479,3.961880118646479,3.961880118646479,3.961880118646479,3.961880118646479,3.961880118646479,3.961880118646479,3.961880118646479,3.961880118646479,3.961880118646479,3.961880118646479,3.961880118646479,3.961880118646479,3.961880118646479,3.961880118646479,3.961880118646479,3.961880118646479,3.961880118646479,3.961880118646479,3.961880118646479,3.961880118646479,3.961880118646479,3.961880118646479,3.961880118646479,3.961880118646479,3.961880118646479,3.961880118646479,3.961880118646479,3.961880118646479,3.961880118646479,3.961880118646479,3.961880118646479,3.961880118646479,3.961880118646479,3.961880118646479,3.961880118646479,3.961880118646479,3.961880118646479,3.961880118646479,3.961880118646479,3.961880118646479,3.961880118646479,3.961880118646479,3.961880118646479,6.986860679223603,6.823345915802642,6.823345915802642,6.823345915802642,6.725239893854721,6.725239893854721,6.725239893854721,6.426883961752286,6.426883961752286,6.426883961752286,6.426883961752286,6.426883961752286,6.426883961752286,6.426883961752286,6.426883961752286,6.426883961752286,6.426883961752286,6.426883961752286,6.426883961752286,6.426883961752286,6.426883961752286,6.426883961752286,6.426883961752286,6.426883961752286,6.426883961752286,6.426883961752286,6.426883961752286,6.426883961752286,6.426883961752286,6.426883961752286,5.773187968750875,5.773187968750875,5.773187968750875,5.773187968750875,5.773187968750874,5.773187968750874,5.773187968750874,5.773187968750874,5.773187968750874,5.773187968750874,5.773187968750874,5.773187968750874,5.773187968750874,5.773187968750874,5.773187968750874,5.773187968750874,5.773187968750874,5.773187968750874,5.773187968750874,5.773187968750874,5.773187968750874,5.773187968750874,5.773187968750874,5.773187968750874,5.773187968750874,5.773187968750874,5.773187968750874,5.773187968750874,5.773187968750874,5.773187968750874,5.773187968750874,5.773187968750874,5.773187968750874,5.773187968750874,5.773187968750874,5.773187968750874,5.773187968750874,5.773187968750874,5.773187968750874,5.773187968750874,5.773187968750874,5.773187968750874,5.773187968750874,5.773187968750874,5.773187968750874,5.773187968750874,5.773187968750874,5.773187968750874,5.773187968750874,5.773187968750874,5.773187968750874,5.773187968750874,5.773187968750874,5.773187968750874,5.773187968750874,5.773187968750874,5.773187968750874,5.773187968750874,5.773187968750874,5.773187968750874,5.773187968750874,5.773187968750874,5.773187968750874,5.773187968750874,5.773187968750874,5.773187968750874,5.773187968750874,5.773187968750874,5.773187968750874,5.773187968750874,5.773187968750874,5.299528996753148,4.965758172143786,4.965758172143786,4.965758172143786,4.965758172143786,4.965758172143786,4.965758172143786,4.965758172143786,4.965758172143786,4.965758172143786,4.9342567840228275,4.9342567840228275,4.9342567840228275,4.8735519270947565,4.866003458666853,4.866003458666853,4.866003458666853,4.866003458666853,4.866003458666853,4.866003458666853,4.866003458666853,4.866003458666853,4.866003458666853,4.866003458666853,4.866003458666853,4.866003458666853,4.866003458666853,4.866003458666853,4.866003458666853,4.866003458666853,4.866003458666853,4.866003458666853,4.866003458666853,4.866003458666853,4.866003458666853,4.866003458666853,4.866003458666853,4.866003458666853,4.866003458666853,4.866003458666853,4.866003458666853,4.866003458666853,4.866003458666853,4.866003458666853,4.866003458666853,4.866003458666853,4.866003458666853,4.866003458666853,4.866003458666853,4.866003458666853,4.866003458666853,4.866003458666853,4.866003458666853,4.866003458666853,4.866003458666853,4.866003458666853,4.866003458666853,4.866003458666853,4.866003458666853,4.866003458666853,4.866003458666853,4.866003458666853,4.866003458666853,4.866003458666853,4.866003458666853,4.866003458666853,4.866003458666853,4.866003458666853,4.866003458666853,4.866003458666853,4.866003458666853,4.866003458666853,4.866003458666853,4.866003458666853,4.866003458666853,4.866003458666853,4.866003458666853,4.866003458666853,4.866003458666853,4.866003458666853,4.866003458666853,4.866003458666853,4.866003458666853,4.866003458666853,4.866003458666853,4.866003458666853,4.866003458666853,4.866003458666853,4.866003458666853,4.866003458666853,4.866003458666853,4.866003458666853,4.866003458666853,4.866003458666853,4.866003458666853,4.866003458666853,4.866003458666853,4.866003458666853,4.866003458666853,4.866003458666853,4.866003458666853,4.866003458666853,4.866003458666853,4.866003458666853,4.866003458666853,4.866003458666853,4.866003458666853,4.866003458666853,4.866003458666853,4.866003458666853,4.866003458666853,4.866003458666853,4.866003458666853,4.866003458666853,4.866003458666853,4.866003458666853,4.866003458666853,4.866003458666853,4.866003458666853,4.866003458666853,4.866003458666853,4.866003458666853,4.866003458666853,4.866003458666853,4.866003458666853,4.866003458666853,4.866003458666853,4.866003458666853,4.866003458666853,4.866003458666853,4.866003458666853,4.866003458666853,4.866003458666853,4.866003458666853,4.866003458666853,4.866003458666853,4.866003458666853,4.866003458666853,4.866003458666853,4.866003458666853,4.866003458666853,4.866003458666853,4.866003458666853,4.866003458666853,4.866003458666853,4.866003458666853,4.866003458666853,4.866003458666853,4.866003458666853,4.866003458666853,4.866003458666853,4.60817866475016,4.60817866475016,4.60817866475016,4.60817866475016,4.60817866475016,4.60817866475016,4.478078919119448,4.478078919119448,4.478078919119448,4.478078919119448,4.478078919119448,4.478078919119448,4.478078919119448,4.478078919119448,4.478078919119448,4.478078919119448,4.478078919119448,4.478078919119448,4.478078919119448,4.478078919119448,4.478078919119448,4.478078919119448,4.478078919119448,4.478078919119448,4.478078919119448,4.478078919119448,4.478078919119448,4.478078919119448,4.478078919119448,4.478078919119448,4.478078919119448,4.478078919119448,4.478078919119448,4.478078919119448,4.478078919119448,4.478078919119448,4.478078919119448,4.478078919119448,4.478078919119448,4.478078919119448,4.478078919119448,4.478078919119448,4.478078919119448,4.478078919119448,4.478078919119448,4.478078919119448,4.478078919119448,4.478078919119448,4.478078919119448,4.478078919119448,4.478078919119448,4.478078919119448,4.478078919119448,4.478078919119448,4.478078919119448,4.478078919119448,4.478078919119448,4.478078919119448,4.478078919119448,4.478078919119448,4.478078919119448,4.478078919119448,4.478078919119448,4.478078919119448,4.478078919119448,4.478078919119448,4.478078919119448,4.478078919119448,4.478078919119448,4.478078919119448,4.478078919119448,4.478078919119448,4.478078919119448,4.478078919119448,4.478078919119448,4.478078919119448,4.478078919119448,4.478078919119448,4.478078919119448,4.478078919119448,4.478078919119448,4.478078919119448,4.478078919119448,4.478078919119448,4.478078919119448,4.478078919119448,4.478078919119448,4.478078919119448,4.478078919119448,4.478078919119448,4.478078919119448,4.478078919119448,4.478078919119448,4.478078919119448,4.478078919119448,4.478078919119448,4.478078919119448,4.478078919119448,4.478078919119448,4.478078919119448,4.478078919119448,4.478078919119448,4.478078919119448,4.478078919119448,4.478078919119448,4.478078919119448,4.478078919119448,4.478078919119448,4.478078919119448,4.478078919119448,4.478078919119448,4.478078919119448,4.478078919119448,4.478078919119448,4.478078919119448,4.478078919119448,4.478078919119448,4.478078919119448,4.478078919119448,4.478078919119448,4.478078919119448,4.478078919119448,4.478078919119448,4.478078919119448,4.478078919119448,4.478078919119448,4.478078919119448,4.478078919119448,4.478078919119448,4.478078919119448,4.478078919119448,4.478078919119448,4.478078919119448,4.478078919119448,4.478078919119448,4.478078919119448,4.478078919119448,4.478078919119448,4.478078919119448,4.478078919119448,4.478078919119448,4.478078919119448,4.478078919119448,4.478078919119448,4.478078919119448,4.478078919119448,4.478078919119448,4.478078919119448,4.478078919119448,4.478078919119448,4.478078919119448,4.478078919119448,4.478078919119448,4.478078919119448,4.478078919119448,4.478078919119448,4.478078919119448,4.478078919119448,4.478078919119448,4.478078919119448,4.478078919119448,4.478078919119448,4.478078919119448,4.478078919119448,4.478078919119448,4.478078919119448,4.478078919119448,4.478078919119448,4.478078919119448,4.478078919119448,4.478078919119448,4.478078919119448,4.478078919119448,4.478078919119448,4.478078919119448,4.478078919119448,4.478078919119448,4.478078919119448,4.478078919119448,4.478078919119448,4.478078919119448,4.478078919119448,4.478078919119448,4.478078919119448,4.478078919119448,4.478078919119448,4.478078919119448,4.478078919119448,4.478078919119448,4.478078919119448,4.478078919119448,4.478078919119448,4.478078919119448,4.478078919119448,4.478078919119448,4.478078919119448,4.478078919119448,4.478078919119448,4.478078919119448,4.478078919119448,4.478078919119448,4.478078919119448,4.478078919119448,4.478078919119448,4.478078919119448,4.478078919119448,4.478078919119448,4.478078919119448,4.478078919119448,4.478078919119448,4.478078919119448,4.478078919119448,4.478078919119448,4.478078919119448,4.478078919119448,4.478078919119448,4.478078919119448,4.478078919119448,4.478078919119448,4.478078919119448,4.478078919119448,4.478078919119448,4.478078919119448,4.478078919119448,4.39458898999437,4.39458898999437,4.39458898999437,4.39458898999437,4.39458898999437,4.39458898999437,4.39458898999437,4.39458898999437,4.39458898999437,4.39458898999437,4.39458898999437,4.39458898999437,4.39458898999437,4.39458898999437,4.39458898999437,4.39458898999437,4.39458898999437,4.39458898999437,4.39458898999437,4.39458898999437,4.39458898999437,4.39458898999437,4.39458898999437,4.39458898999437,4.39458898999437,4.39458898999437,4.39458898999437,4.39458898999437,4.39458898999437,4.39458898999437,4.39458898999437,4.39458898999437,4.39458898999437,4.39458898999437,4.39458898999437,4.39458898999437,4.39458898999437,4.39458898999437,4.39458898999437,4.39458898999437,4.39458898999437,4.39458898999437,4.39458898999437,4.39458898999437,4.39458898999437,4.39458898999437,4.39458898999437,4.39458898999437,4.39458898999437,4.39458898999437,4.39458898999437,4.39458898999437,4.39458898999437,4.39458898999437,4.39458898999437,4.39458898999437,4.39458898999437,4.39458898999437,4.39458898999437,4.39458898999437,4.39458898999437,4.39458898999437,4.39458898999437,4.39458898999437,4.39458898999437,4.39458898999437,4.39458898999437,4.39458898999437,4.39458898999437,4.39458898999437,4.39458898999437,4.39458898999437,4.39458898999437,4.39458898999437,4.39458898999437,4.39458898999437,4.39458898999437,4.39458898999437,4.39458898999437,4.39458898999437,4.39458898999437,4.39458898999437,4.39458898999437,4.39458898999437,4.39458898999437,4.39458898999437,4.39458898999437,4.39458898999437,4.39458898999437,4.39458898999437,4.39458898999437,4.39458898999437,4.39458898999437,4.39458898999437,4.39458898999437,4.39458898999437,4.39458898999437,4.378638319716835,4.378638319716835,4.378638319716835,4.378638319716835,4.378638319716835,4.378638319716835,4.378638319716835,4.351330990466209,4.351330990466209,4.351330990466209,4.351330990466209,4.351330990466209,4.351330990466209,4.351330990466209,4.351330990466209,4.351330990466209,4.351330990466209,4.351330990466209,4.351330990466209,4.351330990466209,4.351330990466209,4.351330990466209,4.351330990466209,4.351330990466209,4.351330990466209,4.351330990466209,4.351330990466209,4.351330990466209,4.351330990466209,4.351330990466209,4.351330990466209,4.351330990466209,4.351330990466209,4.351330990466209,4.351330990466209,4.351330990466209,4.351330990466209,4.351330990466209,4.351330990466209,4.351330990466209,4.351330990466209,4.351330990466209,4.351330990466209,4.351330990466209,4.351330990466209,4.351330990466209,4.351330990466209,4.351330990466209,4.351330990466209,4.351330990466209,4.351330990466209,4.351330990466209,4.351330990466209,4.351330990466209,4.351330990466209,4.351330990466209,4.351330990466209,4.351330990466209,4.351330990466209,4.278770289976597,4.278770289976597,4.278770289976597,4.278770289976597,4.278770289976597,4.278770289976597,4.278770289976597,4.278770289976597,4.278770289976597,4.278770289976597,4.278770289976597,4.278770289976597,4.278770289976597,4.278770289976597,4.278770289976597,4.278770289976597,4.278770289976597,4.278770289976597,4.278770289976597,4.278770289976597,4.278770289976597,4.278770289976597,4.278770289976597,4.278770289976597,4.278770289976597,4.278770289976597,4.278770289976597,4.278770289976597,4.278770289976597,4.278770289976597,4.278770289976597,4.278770289976597,4.278770289976597,4.278770289976597,4.278770289976597,4.278770289976597,4.278770289976597,4.278770289976597,4.278770289976597,4.278770289976597,4.278770289976597,4.278770289976597,4.278770289976597,4.278770289976597,4.278770289976597,4.278770289976597,4.278770289976597,4.278770289976597,4.278770289976597,4.278770289976597,4.278770289976597,4.278770289976597,4.278770289976597,4.278770289976597,4.278770289976597,4.278770289976597,4.278770289976597,4.278770289976597,4.278770289976597,4.278770289976597,4.278770289976597,4.278770289976597,4.278770289976597,4.278770289976597,4.278770289976597,4.278770289976597,4.278770289976597,4.278770289976597,4.278770289976597,4.278770289976597,4.278770289976597,4.278770289976597,4.278770289976597,4.278770289976597,4.278770289976597,4.278770289976597,4.278770289976597,4.278770289976597,4.278770289976597,4.278770289976597,4.278770289976597,4.278770289976597,4.278770289976597,4.278770289976597,4.278770289976597,4.278770289976597,4.278770289976597,4.278770289976597,4.278770289976597,4.278770289976597,4.278770289976597,4.278770289976597,4.278770289976597,4.278770289976597,4.278770289976597,4.278770289976597,4.278770289976597,4.278770289976597,4.278770289976597,4.278770289976597,4.278770289976597,4.278770289976597,4.278770289976597,4.278770289976597,4.278770289976597,4.278770289976597,4.278770289976597,4.278770289976597,4.278770289976597,4.278770289976597,4.278770289976597,4.278770289976597,4.278770289976597,4.278770289976597,4.278770289976597,4.278770289976597,4.278770289976597,4.278770289976597,4.278770289976597,4.278770289976597,4.278770289976597,4.278770289976597,4.278770289976597,4.278770289976597,4.278770289976597,4.278770289976597,4.278770289976597,4.278770289976597,4.278770289976597,4.278770289976597,4.278770289976597,4.278770289976597,4.278770289976597,4.278770289976597,4.278770289976597,4.278770289976597,4.278770289976597,4.278770289976597,4.278770289976597,4.278770289976597,4.278770289976597,4.278770289976597,4.278770289976597,4.278770289976597,4.278770289976597,4.278770289976597,4.278770289976597,4.278770289976597,4.278770289976597,4.278770289976597,4.278770289976597,4.278770289976597,4.278770289976597,4.278770289976597,4.278770289976597,4.278770289976597,4.278770289976597,4.278770289976597,4.278770289976597,4.278770289976597,4.278770289976597,4.278770289976597,4.278770289976597,4.278770289976597,4.278770289976597,4.278770289976597,4.278770289976597,4.278770289976597,4.278770289976597,4.278770289976597,4.278770289976597,4.278770289976597,4.278770289976597,4.278770289976597,4.278770289976597,4.278770289976597,4.278770289976597,4.278770289976597,4.278770289976597,4.278770289976597,4.278770289976597,4.278770289976597,4.278770289976597,4.278770289976597,4.278770289976597,4.278770289976597,4.278770289976597,4.278770289976597,4.278770289976597,4.278770289976597,4.278770289976597,4.278770289976597,4.278770289976597,4.278770289976597,4.278770289976597,4.278770289976597,4.278770289976597,4.278770289976597,4.278770289976597,4.278770289976597,4.278770289976597,4.278770289976597,4.278770289976597,4.278770289976597,4.278770289976597,4.278770289976597,4.278770289976597,4.278770289976597,4.278770289976597,4.278770289976597,4.278770289976597,4.278770289976597,4.278770289976597,4.278770289976597,4.278770289976597,4.278770289976597,4.278770289976597,4.278770289976597,4.278770289976597,4.278770289976597,4.278770289976597,4.278770289976597,4.278770289976597,4.278770289976597,4.278770289976597,4.278770289976597,4.278770289976597,4.278770289976597,4.278770289976597,4.278770289976597,4.278770289976597,4.278770289976597,4.278770289976597,4.278770289976597,4.278770289976597,4.278770289976597,4.278770289976597,4.278770289976597,4.278770289976597,4.278770289976597,4.278770289976597,4.278770289976597,4.278770289976597,4.278770289976597,4.278770289976597,4.278770289976597,4.278770289976597,4.278770289976597,4.278770289976597,4.278770289976597,4.278770289976597,4.278770289976597,4.278770289976597,4.278770289976597,4.278770289976597,4.278770289976597,4.278770289976597,4.278770289976597,4.278770289976597,4.278770289976597,4.278770289976597,4.278770289976597,4.278770289976597,4.278770289976597,4.278770289976597,4.278770289976597,4.278770289976597,4.278770289976597,4.278770289976597,4.278770289976597,4.278770289976597,4.278770289976597,4.278770289976597,4.278770289976597,4.278770289976597,4.278770289976597,4.278770289976597,4.278770289976597,4.278770289976597,4.278770289976597,4.278770289976597,4.278770289976597,4.278770289976597,4.278770289976597,4.278770289976597,4.278770289976597,4.278770289976597,4.278770289976597,4.278770289976597,4.278770289976597,4.278770289976597,4.278770289976597,4.278770289976597,4.278770289976597,4.278770289976597,4.278770289976597,4.278770289976597,4.278770289976597,4.278770289976597,4.278770289976597,4.278770289976597,4.278770289976597,4.278770289976597,4.278770289976597,4.278770289976597,4.278770289976597,4.278770289976597,4.278770289976597,4.278770289976597,4.278770289976597,3.9432685197826793,3.9432685197826793,3.9432685197826793,3.9432685197826793,3.9432685197826793,3.9432685197826793,3.9432685197826793,3.9432685197826793,3.9256076486201787,3.9256076486201787,3.9256076486201787,3.9256076486201787,3.9256076486201787,3.9256076486201787,3.9256076486201787,3.9256076486201787,3.9256076486201787,3.9256076486201787,3.9256076486201787,3.9256076486201787,3.9256076486201787,3.9256076486201787,3.9256076486201787,3.9256076486201787,3.9256076486201787,3.9256076486201787,3.9256076486201787,3.9256076486201787,3.9256076486201787,3.9256076486201787,3.9256076486201787,3.9256076486201787,3.9256076486201787,3.9256076486201787,3.9256076486201787,3.9256076486201787,3.9256076486201787,3.9256076486201787,3.9256076486201787,3.9256076486201787,3.9256076486201787,3.9256076486201787,3.9256076486201787,3.9256076486201787,3.9256076486201787,3.9256076486201787,3.9256076486201787,3.9256076486201787,3.9256076486201787,3.9256076486201787,3.9256076486201787,3.9256076486201787,3.9256076486201787,3.9256076486201787,3.9256076486201787,3.9256076486201787,3.9256076486201787,3.9256076486201787,6.79465657801264,6.565404701511636,6.4313091454890134,6.4313091454890134,6.4313091454890134,6.401607118993722,6.401607118993722,6.032464005401668,6.032464005401668,6.032464005401668,6.032464005401668,6.032464005401668,6.032464005401668,6.032464005401668,6.032464005401668,6.032464005401668,6.032464005401668,6.032464005401668,6.032464005401668,6.032464005401668,6.032464005401668,6.032464005401668,6.032464005401668,6.032464005401668,6.032464005401668,6.032464005401668,6.032464005401668,6.032464005401668,6.032464005401668,5.933269562547438,5.849402968960134,5.849402968960134,5.849402968960134,5.849402968960134,5.849402968960134,5.849402968960134,5.849402968960134,5.842374236934301,5.842374236934301,5.842374236934301,5.842374236934301,5.842374236934301,5.842374236934301,5.842374236934301,5.842374236934301,5.842374236934301,5.842374236934301,5.842374236934301,5.842374236934301,5.842374236934301,5.842374236934301,5.842374236934301,5.842374236934301,5.842374236934301,5.842374236934301,5.842374236934301,5.842374236934301,5.842374236934301,5.842374236934301,5.842374236934301,5.842374236934301,5.842374236934301,5.842374236934301,5.842374236934301,5.842374236934301,5.842374236934301,5.842374236934301,5.842374236934301,5.842374236934301,5.842374236934301,5.842374236934301,5.842374236934301,5.842374236934301,5.842374236934301,5.842374236934301,5.842374236934301,5.842374236934301,5.842374236934301,5.842374236934301,5.842374236934301,5.842374236934301,5.842374236934301,5.842374236934301,5.842374236934301,5.842374236934301,5.842374236934301,5.842374236934301,5.842374236934301,5.842374236934301,5.842374236934301,5.842374236934301,5.842374236934301,5.842374236934301,5.842374236934301,5.842374236934301,5.842374236934301,5.842374236934301,5.842374236934301,5.842374236934301,5.842374236934301,5.842374236934301,5.842374236934301,5.842374236934301,5.842374236934301,5.842374236934301,5.842374236934301,5.842374236934301,5.842374236934301,5.842374236934301,5.842374236934301,5.842374236934301,5.842374236934301,5.842374236934301,5.842374236934301,5.842374236934301,5.842374236934301,5.842374236934301,5.842374236934301,5.842374236934301,5.842374236934301,5.842374236934301,5.842374236934301,5.842374236934301,5.842374236934301,5.842374236934301,5.842374236934301,5.842374236934301,5.842374236934301,5.842374236934301,5.842374236934301,5.842374236934301,5.842374236934301,5.842374236934301,5.842374236934301,5.842374236934301,5.842374236934301,5.842374236934301,5.842374236934301,5.842374236934301,5.842374236934301,5.842374236934301,5.842374236934301,5.842374236934301,5.842374236934301,5.842374236934301,5.842374236934301,5.842374236934301,5.842374236934301,5.842374236934301,5.842374236934301,5.842374236934301,5.842374236934301,5.842374236934301,5.842374236934301,5.842374236934301,5.842374236934301,5.842374236934301,5.842374236934301,5.842374236934301,5.842374236934301,5.842374236934301,5.842374236934301,5.842374236934301,5.842374236934301,5.842374236934301,5.842374236934301,5.842374236934301,5.842374236934301,5.842374236934301,5.842374236934301,5.842374236934301,5.842374236934301,5.842374236934301,5.842374236934301,5.842374236934301,5.842374236934301,5.842374236934301,5.842374236934301,5.842374236934301,5.842374236934301,5.842374236934301,5.842374236934301,5.842374236934301,5.842374236934301,5.842374236934301,5.842374236934301,5.842374236934301,5.842374236934301,5.842374236934301,5.842374236934301,5.842374236934301,5.842374236934301,5.842374236934301,5.842374236934301,5.842374236934301,5.842374236934301,5.842374236934301,5.842374236934301,5.3295325515475325,5.3295325515475325,5.3295325515475325,5.3295325515475325,5.3295325515475325,5.3295325515475325,5.3295325515475325,5.3295325515475325,5.3295325515475325,5.3295325515475325,5.3295325515475325,5.3295325515475325,5.3295325515475325,5.3295325515475325,5.3295325515475325,5.3295325515475325,5.3295325515475325,5.3295325515475325,5.3295325515475325,5.3295325515475325,5.3295325515475325,5.3295325515475325,5.3295325515475325,5.3295325515475325,5.3295325515475325,5.3295325515475325,5.3295325515475325,5.3295325515475325,5.3295325515475325,5.3295325515475325,5.3295325515475325,5.3295325515475325,5.3295325515475325,5.3295325515475325,5.3295325515475325,5.3295325515475325,5.3295325515475325,5.3295325515475325,5.3295325515475325,5.3295325515475325,5.3295325515475325,5.3295325515475325,5.3295325515475325,5.3295325515475325,5.3295325515475325,5.3295325515475325,5.3295325515475325,5.3295325515475325,5.3295325515475325,5.3295325515475325,5.3295325515475325,5.3295325515475325,5.3295325515475325,5.3295325515475325,5.3295325515475325,5.3295325515475325,5.3295325515475325,5.3295325515475325,5.3295325515475325,5.3295325515475325,5.3295325515475325,5.3295325515475325,5.3295325515475325,5.3295325515475325,5.3295325515475325,5.3295325515475325,5.3295325515475325,5.3295325515475325,5.3295325515475325,5.3295325515475325,5.3295325515475325,5.3295325515475325,5.3295325515475325,5.3295325515475325,5.3295325515475325,5.3295325515475325,5.3295325515475325,5.3295325515475325,5.3295325515475325,5.3295325515475325,5.3295325515475325,5.3295325515475325,5.3295325515475325,5.3295325515475325,5.3295325515475325,5.3295325515475325,5.3295325515475325,5.3295325515475325,5.3295325515475325,5.3295325515475325,5.3295325515475325,5.3295325515475325,5.3295325515475325,5.3295325515475325,5.3295325515475325,5.3295325515475325,5.3295325515475325,5.3295325515475325,5.3295325515475325,5.3295325515475325,5.3295325515475325,5.3295325515475325,5.3295325515475325,5.3295325515475325,5.3295325515475325,5.3295325515475325,5.3295325515475325,5.3295325515475325,5.3295325515475325,5.3295325515475325,5.3295325515475325,5.3295325515475325,5.3295325515475325,5.3295325515475325,5.3295325515475325,5.3295325515475325,5.3295325515475325,5.3295325515475325,5.3295325515475325,5.3295325515475325,5.3295325515475325,5.3295325515475325,5.3295325515475325,5.3295325515475325,5.3295325515475325,5.3295325515475325,5.3295325515475325,5.3295325515475325,5.3295325515475325,5.3295325515475325,5.3295325515475325,5.3295325515475325,5.3295325515475325,5.3295325515475325,5.3295325515475325,5.3295325515475325,5.3295325515475325,5.3295325515475325,5.3295325515475325,5.3295325515475325,5.3295325515475325,5.3295325515475325,5.3295325515475325,5.3295325515475325,5.276521153180559,5.276521153180559,5.276521153180559,5.276521153180559,5.276521153180559,5.276521153180559,5.276521153180559,5.276521153180559,5.276521153180559,5.276521153180559,5.276521153180559,5.276521153180559,5.276521153180559,5.276521153180559,5.276521153180559,5.276521153180559,4.922573773923292,4.922573773923292,4.922573773923292,4.922573773923292,4.922573773923292,4.922573773923292,4.922573773923292,4.922573773923292,4.922573773923292,4.922573773923292,4.922573773923292,4.922573773923292,4.922573773923292,4.922573773923292,4.922573773923292,4.922573773923292,4.922573773923292,4.922573773923292,4.922573773923292,4.922573773923292,4.922573773923292,4.922573773923292,4.922573773923292,4.922573773923292,4.922573773923292,4.922573773923292,4.922573773923292,4.922573773923292,4.922573773923292,4.922573773923292,4.922573773923292,4.922573773923292,4.922573773923292,4.922573773923292,4.922573773923292,4.922573773923292,4.922573773923292,4.922573773923292,4.922573773923292,4.922573773923292,4.922573773923292,4.922573773923292,4.922573773923292,4.922573773923292,4.922573773923292,4.922573773923292,4.922573773923292,4.922573773923292,4.922573773923292,4.922573773923292,4.922573773923292,4.922573773923292,4.922573773923292,4.922573773923292,4.922573773923292,4.922573773923292,4.922573773923292,4.922573773923292,4.922573773923292,4.922573773923292,4.922573773923292,4.922573773923292,4.922573773923292,4.922573773923292,4.922573773923292,4.922573773923292,4.922573773923292,4.922573773923292,4.922573773923292,4.922573773923292,4.922573773923292,4.922573773923292,4.922573773923292,4.922573773923292,4.922573773923292,4.922573773923292,4.922573773923292,4.922573773923292,4.922573773923292,4.922573773923292,4.922573773923292,4.922573773923292,4.922573773923292,4.922573773923292,4.922573773923292,4.922573773923292,4.922573773923292,4.922573773923292,4.922573773923292,4.922573773923292,4.922573773923292,4.922573773923292,4.922573773923292,4.922573773923292,4.922573773923292,4.922573773923292,4.922573773923292,4.922573773923292,4.922573773923292,4.922573773923292,4.922573773923292,4.922573773923292,4.922573773923292,4.922573773923292,4.922573773923292,4.922573773923292,4.922573773923292,4.922573773923292,4.922573773923292,4.922573773923292,4.922573773923292,4.922573773923292,4.922573773923292,4.922573773923292,4.922573773923292,4.922573773923292,4.922573773923292,4.922573773923292,4.922573773923292,4.922573773923292,4.922573773923292,4.922573773923292,4.922573773923292,4.922573773923292,4.922573773923292,4.922573773923292,4.922573773923292,4.922573773923292,4.922573773923292,4.922573773923292,4.922573773923292,4.922573773923292,4.922573773923292,4.922573773923292,4.922573773923292,4.922573773923292,4.922573773923292,4.922573773923292,4.922573773923292,4.922573773923292,4.922573773923292,4.922573773923292,4.922573773923292,4.922573773923292,4.922573773923292,4.922573773923292,4.833856074068407,4.833856074068407,4.833856074068407,4.833856074068407,4.833856074068407,4.833856074068407,4.833856074068407,4.833856074068407,4.833856074068407,4.833856074068407,4.833856074068407,4.833856074068407,4.833856074068407,4.833856074068407,4.833856074068407,4.833856074068407,4.833856074068407,4.833856074068407,4.833856074068407,4.833856074068407,4.833856074068407,4.833856074068407,4.833856074068407,4.833856074068407,4.833856074068407,4.833856074068407,4.833856074068407,4.833856074068407,4.833856074068407,4.833856074068407,4.833856074068407,4.833856074068407,4.833856074068407,4.833856074068407,4.833856074068407,4.833856074068407,4.833856074068407,4.833856074068407,4.833856074068407,4.833856074068407,4.833856074068407,4.833856074068407,4.833856074068407,4.833856074068407,4.833856074068407,4.833856074068407,4.833856074068407,4.833856074068407,4.833856074068407,4.833856074068407,4.833856074068407,4.833856074068407,4.833856074068407,4.833856074068407,4.833856074068407,4.833856074068407,4.833856074068407,4.833856074068407,4.833856074068407,4.833856074068407,4.833856074068407,4.833856074068407,4.833856074068407,4.833856074068407,4.833856074068407,4.833856074068407,4.833856074068407,4.833856074068407,4.833856074068407,4.833856074068407,4.833856074068407,4.833856074068407,4.833856074068407,4.833856074068407,4.833856074068407,4.833856074068407,4.833856074068407,4.833856074068407,4.833856074068407,4.833856074068407,4.833856074068407,4.833856074068407,4.833856074068407,4.833856074068407,4.833856074068407,4.833856074068407,4.833856074068407,4.833856074068407,4.833856074068407,4.833856074068407,4.833856074068407,4.833856074068407,4.833856074068407,4.833856074068407,4.833856074068407,4.833856074068407,4.833856074068407,4.833856074068407,4.833856074068407,4.833856074068407,4.833856074068407,4.833856074068407,4.833856074068407,4.833856074068407,4.833856074068407,4.833856074068407,4.833856074068407,4.833856074068407,4.833856074068407,4.833856074068407,4.833856074068407,4.833856074068407,4.833856074068407,4.833856074068407,4.833856074068407,4.833856074068407,4.833856074068407,4.833856074068407,4.833856074068407,4.833856074068407,4.833856074068407,4.833856074068407,4.833856074068407,4.833856074068407,4.833856074068407,4.833856074068407,4.833856074068407,4.833856074068407,4.833856074068407,4.833856074068407,4.833856074068407,4.833856074068407,4.833856074068407,4.833856074068407,4.833856074068407,4.833856074068407,4.833856074068407,4.833856074068407,4.833856074068407,4.833856074068407,4.833856074068407,4.833856074068407,4.833856074068407,4.833856074068407,4.833856074068407,4.833856074068407,4.833856074068407,4.26522587967922,4.26522587967922,4.26522587967922,4.26522587967922,4.224981436481011,4.224981436481011,4.224981436481011,4.224981436481011,4.224981436481011,4.224981436481011,4.224981436481011,4.224981436481011,4.224981436481011,4.224981436481011,4.224981436481011,4.224981436481011,4.224981436481011,4.224981436481011,4.224981436481011,4.224981436481011,4.224981436481011,4.224981436481011,4.224981436481011,4.224981436481011,4.224981436481011,4.224981436481011,4.224981436481011,4.224981436481011,4.224981436481011,4.224981436481011,4.224981436481011,4.224981436481011,4.224981436481011,4.224981436481011,4.224981436481011,4.224981436481011,4.224981436481011,4.224981436481011,4.224981436481011,4.224981436481011,4.224981436481011,4.224981436481011,4.224981436481011,4.224981436481011,4.224981436481011,4.224981436481011,4.224981436481011,4.224981436481011,4.224981436481011,4.224981436481011,4.224981436481011,4.224981436481011,4.224981436481011,4.224981436481011,4.224981436481011,4.224981436481011,4.224981436481011,4.224981436481011,4.224981436481011,4.224981436481011,4.224981436481011,4.224981436481011,4.224981436481011,4.224981436481011,4.224981436481011,4.224981436481011,4.224981436481011,4.224981436481011,4.224981436481011,4.224981436481011,4.224981436481011,4.224981436481011,4.224981436481011,4.224981436481011,4.224981436481011,4.224981436481011,4.224981436481011,4.224981436481011,4.224981436481011,4.224981436481011,4.224981436481011,4.224981436481011,4.224981436481011,4.224981436481011,4.224981436481011,4.224981436481011,4.224981436481011,4.224981436481011,4.224981436481011,4.224981436481011,4.224981436481011,4.224981436481011,4.224981436481011,4.224981436481011,4.224981436481011,4.224981436481011,4.224981436481011,4.224981436481011,4.224981436481011,4.224981436481011,4.224981436481011,4.224981436481011,4.224981436481011,4.224981436481011,4.224981436481011,4.224981436481011,4.224981436481011,4.224981436481011,4.224981436481011,4.224981436481011,4.224981436481011,4.224981436481011,4.224981436481011,4.224981436481011,4.224981436481011,4.224981436481011,4.224981436481011,4.224981436481011,4.224981436481011,4.224981436481011,4.224981436481011,4.224981436481011,4.224981436481011,4.224981436481011,4.224981436481011,4.224981436481011,4.224981436481011,4.224981436481011,4.224981436481011,4.224981436481011,4.224981436481011,4.224981436481011,4.224981436481011,4.224981436481011,4.224981436481011,4.224981436481011,4.224981436481011,4.224981436481011,4.224981436481011,4.224981436481011,4.224981436481011,4.224981436481011,4.224981436481011,4.224981436481011,4.224981436481011,4.224981436481011,4.224981436481011,4.224981436481011,4.224981436481011,4.224981436481011,4.224981436481011,4.224981436481011,4.224981436481011,4.224981436481011,4.224981436481011,4.224981436481011,4.224981436481011,4.224981436481011,4.224981436481011,4.224981436481011,4.224981436481011,4.224981436481011,4.224981436481011,4.224981436481011,4.224981436481011,4.224981436481011,4.224981436481011,4.224981436481011,4.224981436481011,4.224981436481011,4.224981436481011,4.224981436481011,4.224981436481011,4.224981436481011,4.224981436481011,4.224981436481011,4.224981436481011,4.224981436481011,4.224981436481011,4.224981436481011,4.224981436481011,4.224981436481011,4.224981436481011,4.224981436481011,4.224981436481011,4.224981436481011,4.224981436481011,4.224981436481011,4.224981436481011,4.224981436481011,4.224981436481011,4.224981436481011,4.224981436481011,4.224981436481011,4.224981436481011,4.224981436481011,4.224981436481011,4.224981436481011,4.224981436481011,4.224981436481011,4.224981436481011,4.224981436481011,4.224981436481011,4.224981436481011,4.224981436481011,4.224981436481011,4.224981436481011,4.224981436481011,4.224981436481011,4.224981436481011,4.224981436481011,4.224981436481011,4.224981436481011,4.224981436481011,4.224981436481011,4.224981436481011,4.224981436481011,4.224981436481011,4.224981436481011,4.224981436481011,4.224981436481011,4.224981436481011,4.224981436481011,4.224981436481011,4.224981436481011,4.224981436481011,4.224981436481011,4.224981436481011,4.224981436481011,4.224981436481011,4.224981436481011,4.224981436481011,4.224981436481011,4.224981436481011,4.224981436481011,4.224981436481011,4.224981436481011,4.224981436481011,4.224981436481011,4.224981436481011,4.224981436481011,4.224981436481011,4.224981436481011,4.224981436481011,4.224981436481011,4.224981436481011,4.224981436481011,4.224981436481011,4.224981436481011,4.224981436481011,4.224981436481011,4.224981436481011,4.224981436481011,4.224981436481011,4.224981436481011,4.224981436481011,4.224981436481011,4.224981436481011,4.224981436481011,4.224981436481011,4.224981436481011,4.224981436481011,4.224981436481011,4.224981436481011,4.224981436481011,4.224981436481011,4.224981436481011,4.224981436481011,4.224981436481011,4.224981436481011,4.224981436481011,4.224981436481011,4.224981436481011,4.224981436481011,4.224981436481011,4.224981436481011,4.224981436481011,4.224981436481011,4.224981436481011,4.224981436481011,4.224981436481011,4.224981436481011,4.224981436481011,4.224981436481011,4.224981436481011,4.224981436481011,4.224981436481011,4.224981436481011,4.224981436481011,4.224981436481011,4.224981436481011,4.224981436481011,4.224981436481011,4.224981436481011,4.224981436481011,4.224981436481011,4.224981436481011,4.224981436481011,4.224981436481011,4.224981436481011,4.224981436481011,4.224981436481011,4.224981436481011,4.224981436481011,4.224981436481011,4.224981436481011,4.224981436481011,4.224981436481011,4.224981436481011,4.224981436481011,4.224981436481011,4.224981436481011,4.224981436481011,4.224981436481011,4.224981436481011,4.224981436481011,4.224981436481011,4.224981436481011,4.224981436481011,4.224981436481011,4.224981436481011,4.224981436481011,4.224981436481011,4.224981436481011,4.224981436481011,4.224981436481011,4.224981436481011,4.224981436481011,4.224981436481011,4.224981436481011,4.224981436481011,4.224981436481011,4.224981436481011,4.224981436481011,4.224981436481011,4.224981436481011,4.224981436481011,4.058981592875604,4.058981592875604,4.058981592875604,3.8760309908028705,3.819024581352637,3.819024581352637,3.819024581352637,3.819024581352637,3.819024581352637,3.819024581352637,3.819024581352637,3.819024581352637,8.112280116972162,8.112280116972162,7.841741192898946,7.841741192898946,7.841741192898946,7.841741192898946,7.841741192898946,7.841741192898946,7.841741192898946,7.841741192898946,7.841741192898946,7.841741192898946,7.841741192898946,7.841741192898946,7.841741192898946,7.841741192898946,7.841741192898946,7.841741192898946,7.841741192898946,7.841741192898946,7.841741192898946,7.841741192898946,7.841741192898946,7.841741192898946,7.841741192898946,7.841741192898946,7.841741192898946,7.841741192898946,7.812937613739551,7.812937613739551,7.812937613739551,7.812937613739551,7.812937613739551,7.812937613739551,7.812937613739551,7.812937613739551,7.812937613739551,7.812937613739551,7.812937613739551,7.812937613739551,7.812937613739551,7.812937613739551,7.812937613739551,7.812937613739551,7.812937613739551,7.812937613739551,7.812937613739551,7.812937613739551,7.812937613739551,7.812937613739551,7.812937613739551,7.812937613739551,7.812937613739551,7.812937613739551,7.812937613739551,7.812937613739551,7.812937613739551,5.075985961787033,5.075985961787033,5.075985961787033,5.075985961787033,5.075985961787033,5.075985961787033,5.075985961787033,5.075985961787033,5.075985961787033,5.075985961787033,5.075985961787033,5.075985961787033,5.075985961787033,5.075985961787033,5.075985961787033,5.075985961787033,5.075985961787033,5.075985961787033,5.075985961787033,5.075985961787033,5.075985961787033,5.075985961787033,5.075985961787033,5.075985961787033,4.416712586205925,4.416712586205925,4.416712586205925,4.416712586205925,4.416712586205925,4.416712586205925,4.416712586205925,4.416712586205925,4.416712586205925,4.416712586205925,4.416712586205925,4.416712586205925,4.416712586205925,4.416712586205925,4.416712586205925,4.416712586205925,4.416712586205925,4.416712586205925,4.416712586205925,4.416712586205925,4.416712586205925,4.416712586205925,4.416712586205925,4.416712586205925,4.416712586205925,4.416712586205925,4.415627380165265,4.415627380165265,4.415627380165265,4.415627380165265,4.415627380165265,4.415627380165265,4.415627380165265,4.415627380165265,4.415627380165265,4.415627380165265,4.415627380165265,4.415627380165265,4.415627380165265,4.415627380165265,4.415627380165265,4.415627380165265,4.415627380165265,4.415627380165265,4.415627380165265,4.415627380165265,4.415627380165265,4.415627380165265,4.415627380165265,4.415627380165265,4.415627380165265,4.415627380165265,4.415627380165265,4.415627380165265,4.415627380165265,4.415627380165265,4.415627380165265,4.415627380165265,4.415627380165265,4.415627380165265,4.415627380165265,4.415627380165265,4.415627380165265,4.415627380165265,4.415627380165265,4.415627380165265,4.415627380165265,4.415627380165265,4.415627380165265,4.415627380165265,4.415627380165265,4.415627380165265,4.415627380165265,4.415627380165265,4.415627380165265,4.415627380165265,4.415627380165265,4.415627380165265,4.415627380165265,4.415627380165265,4.415627380165265,4.415627380165265,4.415627380165265,4.415627380165265,4.415627380165265,4.415627380165265,4.415627380165265,4.415627380165265,4.415627380165265,4.415627380165265,4.415627380165265,4.415627380165265,4.415627380165265,4.415627380165265,4.415627380165265,4.415627380165265,4.415627380165265,4.415627380165265,4.415627380165265,4.415627380165265,4.415627380165265,4.415627380165265,4.415627380165265,4.415627380165265,4.415627380165265,4.415627380165265,4.415627380165265,4.415627380165265,4.415627380165265,4.415627380165265,4.415627380165265,4.415627380165265,4.415627380165265,4.415627380165265,4.415627380165265,4.415627380165265,4.415627380165265,4.415627380165265,4.415627380165265,4.415627380165265,4.415627380165265,4.415627380165265,4.415627380165265,4.415627380165265,4.415627380165265,4.415627380165265,4.415627380165265,4.415627380165265,4.415627380165265,4.415627380165265,4.415627380165265,4.415627380165265,4.415627380165265,4.415627380165265,4.415627380165265,4.415627380165265,4.415627380165265,4.415627380165265,4.415627380165265,4.415627380165265,4.415627380165265,4.415627380165265,4.415627380165265,4.415627380165265,4.415627380165265,4.415627380165265,4.415627380165265,4.415627380165265,4.415627380165265,4.415627380165265,4.415627380165265,4.415627380165265,4.415627380165265,4.415627380165265,4.415627380165265,4.415627380165265,4.415627380165265,4.415627380165265,4.415627380165265,4.415627380165265,4.415627380165265,4.415627380165265,4.415627380165265,4.415627380165265,4.415627380165265,4.415627380165265,4.415627380165265,4.415627380165265,4.415627380165265,4.415627380165265,4.415627380165265,4.415627380165265,4.415627380165265,4.415627380165265,4.415627380165265,4.415627380165265,4.415627380165265,4.415627380165265,4.415627380165265,4.415627380165265,4.415627380165265,4.415627380165265,4.415627380165265,4.415627380165265,4.415627380165265,4.415627380165265,4.415627380165265,4.415627380165265,4.415627380165265,4.415627380165265,4.415627380165265,4.415627380165265,4.415627380165265,4.415627380165265,4.415627380165265,4.415627380165265,4.415627380165265,4.415627380165265,4.415627380165265,4.415627380165265,4.415627380165265,4.415627380165265,4.415627380165265,4.415627380165265,4.415627380165265,4.415627380165265,2.6994394811757703,2.6994394811757703,2.6994394811757703,2.6994394811757703,2.6994394811757703,2.6994394811757703,2.6994394811757703,2.6994394811757703,2.6994394811757703,2.6994394811757703,2.6994394811757703,2.6994394811757703,2.6994394811757703,2.6994394811757703,2.6994394811757703,2.6994394811757703,2.6994394811757703,2.6994394811757703,2.6994394811757703,2.6994394811757703,2.6994394811757703,2.6994394811757703,2.6994394811757703,2.6994394811757703,2.6994394811757703,2.6994394811757703,2.6994394811757703,2.6994394811757703,2.6994394811757703,2.6994394811757703,2.6994394811757703,2.6994394811757703,2.6994394811757703,2.6994394811757703,2.6994394811757703,2.6994394811757703,2.6994394811757703,2.6994394811757703,2.6994394811757703,2.6994394811757703,2.6994394811757703,2.6994394811757703,2.6994394811757703,2.6994394811757703,2.6994394811757703,2.6994394811757703,2.6994394811757703,2.6994394811757703,2.6994394811757703,2.6994394811757703,2.6994394811757703,2.6994394811757703,2.6994394811757703,2.6994394811757703,2.6994394811757703,2.6994394811757703,2.6994394811757703,2.6994394811757703,2.6994394811757703,2.6994394811757703,2.6994394811757703,2.6994394811757703,2.6994394811757703,2.6994394811757703,2.6994394811757703,2.6994394811757703,2.6994394811757703,2.6994394811757703,2.6994394811757703,2.6994394811757703,2.6994394811757703,2.6994394811757703,2.6994394811757703,2.6994394811757703,2.6994394811757703,2.6994394811757703,2.6994394811757703,2.6994394811757703,2.6994394811757703,2.6994394811757703,2.6994394811757703,2.6994394811757703,2.6994394811757703,2.6994394811757703,2.6994394811757703,2.6994394811757703,2.6994394811757703,2.6994394811757703,2.6994394811757703,2.6994394811757703,2.6994394811757703,2.6994394811757703,2.6994394811757703,2.6994394811757703,2.6994394811757703,2.6994394811757703,2.6994394811757703,2.6994394811757703,2.6994394811757703,2.6994394811757703,2.6994394811757703,2.6994394811757703,2.6994394811757703,2.6994394811757703,2.6994394811757703,2.6994394811757703,2.6994394811757703,2.6994394811757703,2.6994394811757703,2.6994394811757703,2.6994394811757703,2.6994394811757703,2.6994394811757703,2.6994394811757703,2.6994394811757703,2.6994394811757703,2.6994394811757703,2.6994394811757703,2.6994394811757703,2.6994394811757703,2.6994394811757703,2.6994394811757703,2.6994394811757703,2.6994394811757703,2.6994394811757703,2.6994394811757703,2.6994394811757703,2.6994394811757703,2.6994394811757703,2.6994394811757703,2.6994394811757703,2.6994394811757703,2.6994394811757703,2.6994394811757703,2.6994394811757703,2.6994394811757703,2.6994394811757703,2.6994394811757703,2.6994394811757703,2.6994394811757703,2.6994394811757703,2.6994394811757703,2.6994394811757703,2.6994394811757703,2.6994394811757703,2.6994394811757703,2.6994394811757703,2.6994394811757703,2.6994394811757703,2.6994394811757703,2.6994394811757703,2.6994394811757703,2.6994394811757703,2.6994394811757703,2.6994394811757703,2.6994394811757703,2.6994394811757703,2.6994394811757703,2.6994394811757703,2.6994394811757703,2.6994394811757703,2.6994394811757703,2.6994394811757703,2.6994394811757703,2.6994394811757703,2.6994394811757703,2.6994394811757703,2.6994394811757703,2.6994394811757703,2.6994394811757703,2.6994394811757703,2.6994394811757703,2.6994394811757703,2.6994394811757703,2.6994394811757703,2.6994394811757703,2.6994394811757703,2.6994394811757703,2.6994394811757703,2.6994394811757703,2.6994394811757703,2.6994394811757703,2.6994394811757703,2.6994394811757703,2.6994394811757703,2.6994394811757703,2.6994394811757703,2.6994394811757703,2.6994394811757703,2.6994394811757703,2.6994394811757703,2.6994394811757703,2.6994394811757703,2.6994394811757703,2.6994394811757703,2.6994394811757703,2.6994394811757703,2.6994394811757703,2.6994394811757703,2.6994394811757703,2.6994394811757703,2.6994394811757703,2.6994394811757703,2.6994394811757703,2.6994394811757703,2.6994394811757703,2.6994394811757703,2.6994394811757703,2.6994394811757703,2.6994394811757703,2.6994394811757703,2.6994394811757703,2.6994394811757703,2.6994394811757703,2.6994394811757703,2.6994394811757703,2.6994394811757703,2.6994394811757703,2.6994394811757703,2.6994394811757703,2.6994394811757703,2.6994394811757703,2.6994394811757703,2.6994394811757703,2.6994394811757703,2.6994394811757703,2.6994394811757703,2.6994394811757703,2.6994394811757703,2.6994394811757703,2.6994394811757703,2.6994394811757703,2.6994394811757703,2.6994394811757703,2.6994394811757703,2.6994394811757703,2.6994394811757703,2.6994394811757703,2.6994394811757703,2.6994394811757703,2.6994394811757703,2.6994394811757703,2.6994394811757703,2.6994394811757703,2.6994394811757703,2.6994394811757703,2.6994394811757703,2.6994394811757703,2.6994394811757703,2.6994394811757703,2.6994394811757703,2.6994394811757703,2.6994394811757703,2.6994394811757703,2.6994394811757703,2.6994394811757703,2.6994394811757703,2.6994394811757703,2.6994394811757703,2.6994394811757703,2.6994394811757703,2.6994394811757703,2.6994394811757703,2.6994394811757703,2.6994394811757703,2.6994394811757703,2.6994394811757703,2.6994394811757703,2.6994394811757703,2.6994394811757703,2.6994394811757703,2.6994394811757703,2.6994394811757703,2.6994394811757703,2.6994394811757703,2.6994394811757703,2.6994394811757703,2.6994394811757703,2.6994394811757703,2.6994394811757703,2.6994394811757703,2.6994394811757703,2.6994394811757703,2.6994394811757703,2.6994394811757703,2.6994394811757703,2.6994394811757703,2.6994394811757703,2.6994394811757703,2.6994394811757703,2.6994394811757703,2.6994394811757703,2.6994394811757703,2.6994394811757703,2.6994394811757703,2.6994394811757703,2.6994394811757703,2.6994394811757703,2.6994394811757703,2.6994394811757703,2.6994394811757703,2.6994394811757703,2.6994394811757703,2.6994394811757703,2.6994394811757703,2.6994394811757703,2.6994394811757703,2.6994394811757703,2.6994394811757703,2.6994394811757703,2.6994394811757703,2.6994394811757703,2.6994394811757703,2.6994394811757703,2.6994394811757703,2.6994394811757703,2.6994394811757703,2.6994394811757703,2.6994394811757703,2.6994394811757703,2.6994394811757703,2.6994394811757703,2.6994394811757703,2.6994394811757703,2.6994394811757703,2.6994394811757703,2.6994394811757703,2.6994394811757703,2.6994394811757703,2.6994394811757703,2.6994394811757703,2.6994394811757703,2.6994394811757703,2.6994394811757703,2.6994394811757703,2.6994394811757703,2.6994394811757703,2.6994394811757703,2.6994394811757703,2.6994394811757703,2.6994394811757703,2.6994394811757703,2.6994394811757703,2.6994394811757703,2.6994394811757703,2.6994394811757703,2.6994394811757703,2.6994394811757703,2.6994394811757703,2.6994394811757703,2.6994394811757703,2.6994394811757703,2.6994394811757703,2.6994394811757703,2.6994394811757703,2.6994394811757703,2.6994394811757703,2.6994394811757703,2.6994394811757703,2.6994394811757703,2.6994394811757703,2.6994394811757703,2.6994394811757703,2.6994394811757703,2.6994394811757703,2.6994394811757703,2.6994394811757703,2.6994394811757703,2.6994394811757703,2.6994394811757703,2.6994394811757703,2.6994394811757703,2.6994394811757703,2.6994394811757703,2.6994394811757703,2.6994394811757703,2.6994394811757703,2.6994394811757703,2.6994394811757703,2.6994394811757703,2.6994394811757703,2.6994394811757703,2.6994394811757703,2.6994394811757703,2.6994394811757703,2.6994394811757703,2.6994394811757703,2.6994394811757703,2.6994394811757703,2.6994394811757703,2.6994394811757703,2.6994394811757703,2.6994394811757703,2.6994394811757703,2.6994394811757703,2.6994394811757703,2.6994394811757703,2.6994394811757703,2.6994394811757703,2.6994394811757703,2.6994394811757703,2.6994394811757703,2.6994394811757703,2.6994394811757703,2.6994394811757703,2.6994394811757703,2.6994394811757703,2.6994394811757703,2.6994394811757703,2.6994394811757703,2.6994394811757703,2.6994394811757703,2.6994394811757703,2.6994394811757703,2.6994394811757703,2.6994394811757703,2.6994394811757703,2.6994394811757703,2.6994394811757703,2.6994394811757703,2.6994394811757703,2.6994394811757703,2.6994394811757703,2.6994394811757703,2.6994394811757703,2.6994394811757703,2.6994394811757703,2.6994394811757703,2.6994394811757703,2.6994394811757703,2.6994394811757703,2.6994394811757703,2.6994394811757703,2.6994394811757703,2.6994394811757703,2.6994394811757703,2.6994394811757703,2.6994394811757703,2.6994394811757703,2.6994394811757703,2.6994394811757703,2.6994394811757703,2.6994394811757703,2.6994394811757703,2.6994394811757703,2.6994394811757703,2.6994394811757703,2.6994394811757703,2.6994394811757703,2.6994394811757703,2.6994394811757703,2.6994394811757703,2.6994394811757703,2.6994394811757703,2.6994394811757703,2.6994394811757703,2.6994394811757703,2.6994394811757703,2.6994394811757703,2.6994394811757703,2.6994394811757703,2.6994394811757703,2.6994394811757703,2.6994394811757703,2.6994394811757703,2.6994394811757703,2.6994394811757703,2.6994394811757703,2.6994394811757703,2.6994394811757703,2.6994394811757703,2.6994394811757703,2.6994394811757703,2.6994394811757703,2.6994394811757703,2.6994394811757703,2.6994394811757703,2.6994394811757703,2.6994394811757703,2.6994394811757703,2.6994394811757703,2.6994394811757703,2.6994394811757703,2.6994394811757703,2.6994394811757703,2.6994394811757703,2.6994394811757703,2.6994394811757703,2.6994394811757703,2.6994394811757703,2.6994394811757703,2.6994394811757703,2.6994394811757703,2.6994394811757703,2.6994394811757703,2.6994394811757703,2.6994394811757703,2.6994394811757703,2.6994394811757703,2.6994394811757703,2.6994394811757703,2.6994394811757703,2.6994394811757703,2.6994394811757703,2.6994394811757703,2.6994394811757703,2.6994394811757703,2.6994394811757703,2.6994394811757703,2.6994394811757703,2.6994394811757703,2.6994394811757703,2.6994394811757703,2.6994394811757703,2.6994394811757703,2.6994394811757703,2.6994394811757703,2.6994394811757703,2.6994394811757703,2.6994394811757703,2.6994394811757703,2.6994394811757703,2.6994394811757703,2.6994394811757703,2.6994394811757703,2.6994394811757703,2.6994394811757703,2.6994394811757703,2.6994394811757703,2.6994394811757703,2.6994394811757703,2.6994394811757703,2.6994394811757703,2.6994394811757703,2.6994394811757703,2.6994394811757703,2.6994394811757703,2.6994394811757703,2.6994394811757703,2.6994394811757703,2.6994394811757703,2.6994394811757703,2.6994394811757703,2.6994394811757703,2.6994394811757703,2.6994394811757703,2.6994394811757703,2.6994394811757703,2.6994394811757703,2.6994394811757703,2.6994394811757703,2.6994394811757703,2.6994394811757703,2.6994394811757703,2.6994394811757703,2.6994394811757703,2.6994394811757703,2.6994394811757703,2.6994394811757703,2.6994394811757703,2.6994394811757703,2.6994394811757703,2.6994394811757703,2.6994394811757703,2.6994394811757703,2.6994394811757703,2.6994394811757703,2.6994394811757703,2.6994394811757703,2.6994394811757703,2.6994394811757703,2.6994394811757703,2.6994394811757703,2.6994394811757703,2.6994394811757703,2.6994394811757703,2.6994394811757703,2.6994394811757703,2.6994394811757703,2.6994394811757703,2.6994394811757703,2.6994394811757703,2.6994394811757703,2.6994394811757703,2.6994394811757703,2.6994394811757703,2.6994394811757703,2.6994394811757703,2.6994394811757703,2.6994394811757703,2.6994394811757703,2.6994394811757703,2.6994394811757703,2.6994394811757703,2.6994394811757703,2.6994394811757703,2.6994394811757703,2.6994394811757703,2.6994394811757703,2.6994394811757703,2.6994394811757703,2.6994394811757703,2.6994394811757703,2.6994394811757703,2.6994394811757703,2.6994394811757703,2.6994394811757703,2.6994394811757703,2.6994394811757703,2.6994394811757703,2.6994394811757703,2.6994394811757703,2.6994394811757703,2.6994394811757703,2.6994394811757703,2.6994394811757703,2.6994394811757703,2.6994394811757703,2.6994394811757703,2.6994394811757703,2.6994394811757703,2.6994394811757703,2.6994394811757703,2.6994394811757703,2.6994394811757703,2.6994394811757703,2.6994394811757703,2.6994394811757703,2.6994394811757703,2.6994394811757703,2.6994394811757703,2.6994394811757703,2.6994394811757703,2.6994394811757703,2.6994394811757703,2.6994394811757703,2.6994394811757703,2.6994394811757703,2.6994394811757703,2.6994394811757703,2.6994394811757703,2.6994394811757703,2.6994394811757703,2.6994394811757703,2.6994394811757703,2.6994394811757703,2.6994394811757703,2.6994394811757703,2.6994394811757703,2.6994394811757703,2.6994394811757703,2.6994394811757703,2.6994394811757703,2.6994394811757703,2.6994394811757703,2.6994394811757703,2.6994394811757703,2.6994394811757703,2.6994394811757703,2.6994394811757703,2.6994394811757703,2.6994394811757703,2.6994394811757703,2.6994394811757703,2.6994394811757703,2.6994394811757703,2.6994394811757703,2.6994394811757703,2.6994394811757703,2.6994394811757703,2.6994394811757703,2.6994394811757703,2.6994394811757703,2.6994394811757703,2.6994394811757703,2.6994394811757703,2.6994394811757703,2.6994394811757703,2.6994394811757703,2.6994394811757703,2.6994394811757703,2.6994394811757703,2.6994394811757703,2.6994394811757703,2.6994394811757703,2.6994394811757703,2.6994394811757703,2.6994394811757703,2.6994394811757703,2.6994394811757703,2.6994394811757703,2.6994394811757703,2.6994394811757703,2.6994394811757703,2.6994394811757703,2.6994394811757703,2.6994394811757703,2.6994394811757703,2.6994394811757703,2.6994394811757703,2.6994394811757703,2.6994394811757703,2.6994394811757703,2.6994394811757703,2.6994394811757703,2.6994394811757703,2.6994394811757703,2.6994394811757703,2.6994394811757703,2.6994394811757703,2.6994394811757703,2.6994394811757703,2.6994394811757703,10.35369554092405,10.033764988133974,10.033764988133974,9.408381644029276,9.408381644029276,9.408381644029276,9.408381644029276,9.290570171278155,9.290570171278155,9.290570171278155,9.004797628850731,9.004797628850731,9.004797628850731,9.004797628850731,9.004797628850731,9.004797628850731,9.004797628850731,9.004797628850731,9.004797628850731,9.004797628850731,9.004797628850731,9.004797628850731,9.004797628850731,9.004797628850731,9.004797628850731,9.004797628850731,9.004797628850731,8.664141219196127,8.664141219196127,8.664141219196127,8.664141219196127,8.664141219196127,8.664141219196127,8.664141219196127,8.664141219196127,8.664141219196127,8.664141219196127,8.664141219196127,8.664141219196127,8.664141219196127,8.664141219196127,8.664141219196127,8.54522534994368,8.54522534994368,8.54522534994368,8.54522534994368,8.54522534994368,8.54522534994368,8.54522534994368,8.54522534994368,8.54522534994368,8.54522534994368,8.54522534994368,8.54522534994368,8.54522534994368,8.54522534994368,8.54522534994368,8.54522534994368,8.54522534994368,8.54522534994368,8.54522534994368,8.54522534994368,8.54522534994368,8.54522534994368,8.54522534994368,8.54522534994368,8.54522534994368,8.54522534994368,8.54522534994368,8.54522534994368,8.54522534994368,8.54522534994368,8.54522534994368,8.54522534994368,8.54522534994368,8.54522534994368,8.54522534994368,8.54522534994368,8.54522534994368,8.54522534994368,8.54522534994368,8.54522534994368,8.54522534994368,8.54522534994368,8.54522534994368,8.54522534994368,8.54522534994368,8.54522534994368,8.54522534994368,8.54522534994368,8.54522534994368,8.54522534994368,8.54522534994368,8.54522534994368,7.03892136932944,7.03892136932944,6.911725336229208,6.454899785196731,6.454899785196731,6.454899785196731,6.454899785196731,6.112108576360967,6.112108576360967,6.112108576360967,6.112108576360967,6.112108576360967,6.112108576360967,6.112108576360967,6.112108576360967,6.112108576360967,6.112108576360967,6.112108576360967,6.112108576360967,6.112108576360967,6.112108576360967,6.112108576360967,6.112108576360967,6.112108576360967,6.112108576360967,6.112108576360967,6.112108576360967,6.112108576360967,6.112108576360967,6.112108576360967,6.112108576360967,6.112108576360967,6.112108576360967,6.112108576360967,6.112108576360967,6.112108576360967,6.112108576360967,6.112108576360967,6.112108576360967,6.112108576360967,6.112108576360967,6.112108576360967,6.112108576360967,6.112108576360967,6.112108576360967,6.112108576360967,6.112108576360967,6.112108576360967,6.112108576360967,6.112108576360967,6.112108576360967,6.112108576360967,6.112108576360967,6.112108576360967,6.112108576360967,6.112108576360967,6.112108576360967,6.112108576360967,6.112108576360967,6.112108576360967,6.112108576360967,6.112108576360967,6.112108576360967,6.112108576360967,6.112108576360967,6.112108576360967,6.112108576360967,6.112108576360967,6.112108576360967,6.112108576360967,6.112108576360967,6.112108576360967,6.112108576360967,6.112108576360967,6.112108576360967,6.112108576360967,6.112108576360967,6.112108576360967,6.112108576360967,6.112108576360967,6.112108576360967,6.112108576360967,6.112108576360967,6.112108576360967,6.112108576360967,6.112108576360967,6.112108576360967,6.112108576360967,6.112108576360967,6.112108576360967,6.112108576360967,6.112108576360967,6.112108576360967,6.112108576360967,6.112108576360967,6.112108576360967,6.112108576360967,6.112108576360967,6.112108576360967,6.112108576360967,6.112108576360967,6.112108576360967,6.112108576360967,6.112108576360967,6.112108576360967,6.112108576360967,6.112108576360967,6.112108576360967,6.112108576360967,6.112108576360967,6.112108576360967,6.112108576360967,6.112108576360967,6.112108576360967,6.112108576360967,6.112108576360967,6.112108576360967,6.112108576360967,6.112108576360967,6.112108576360967,6.112108576360967,6.112108576360967,6.112108576360967,6.112108576360967,6.112108576360967,6.112108576360967,6.112108576360967,6.112108576360967,6.112108576360967,6.112108576360967,6.112108576360967,6.112108576360967,6.112108576360967,6.112108576360967,6.112108576360967,6.112108576360967,6.112108576360967,6.112108576360967,6.112108576360967,6.112108576360967,6.112108576360967,6.112108576360967,6.112108576360967,6.112108576360967,6.112108576360967,6.112108576360967,6.112108576360967,6.112108576360967,6.112108576360967,6.112108576360967,6.112108576360967,6.112108576360967,6.112108576360967,6.112108576360967,6.112108576360967,6.112108576360967,6.112108576360967,6.112108576360967,6.112108576360967,6.112108576360967,6.112108576360967,6.112108576360967,6.112108576360967,6.112108576360967,6.112108576360967,6.112108576360967,6.112108576360967,6.112108576360967,6.112108576360967,6.112108576360967,6.112108576360967,6.112108576360967,6.112108576360967,6.112108576360967,6.112108576360967,6.112108576360967,6.112108576360967,6.112108576360967,6.112108576360967,6.112108576360967,6.112108576360967,6.112108576360967,6.112108576360967,6.112108576360967,6.112108576360967,6.112108576360967,6.112108576360967,6.112108576360967,6.112108576360967,6.112108576360967,6.112108576360967,6.112108576360967,6.112108576360967,6.112108576360967,6.112108576360967,6.112108576360967,6.112108576360967,6.112108576360967,6.112108576360967,6.112108576360967,6.112108576360967,6.112108576360967,6.112108576360967,6.112108576360967,6.112108576360967,6.112108576360967,6.112108576360967,6.112108576360967,6.112108576360967,6.112108576360967,6.112108576360967,6.112108576360967,6.112108576360967,6.112108576360967,6.112108576360967,6.112108576360967,6.112108576360967,6.112108576360967,6.112108576360967,6.112108576360967,6.112108576360967,6.112108576360967,6.112108576360967,6.112108576360967,6.112108576360967,6.112108576360967,6.112108576360967,6.112108576360967,6.112108576360967,6.112108576360967,6.112108576360967,6.112108576360967,6.112108576360967,6.112108576360967,6.112108576360967,6.112108576360967,6.112108576360967,6.112108576360967,6.112108576360967,6.112108576360967,6.112108576360967,6.112108576360967,6.112108576360967,6.112108576360967,6.112108576360967,6.112108576360967,6.112108576360967,6.112108576360967,6.112108576360967,6.112108576360967,6.112108576360967,6.112108576360967,6.112108576360967,6.112108576360967,6.112108576360967,6.112108576360967,6.112108576360967,6.112108576360967,6.112108576360967,6.112108576360967,6.112108576360967,6.112108576360967,6.112108576360967,6.112108576360967,6.112108576360967,6.112108576360967,6.112108576360967,6.112108576360967,6.112108576360967,6.112108576360967,6.112108576360967,6.112108576360967,6.112108576360967,6.112108576360967,6.112108576360967,6.112108576360967,6.112108576360967,6.112108576360967,6.112108576360967,6.112108576360967,6.112108576360967,6.112108576360967,6.112108576360967,6.112108576360967,6.112108576360967,6.112108576360967,6.112108576360967,6.112108576360967,6.112108576360967,6.112108576360967,6.112108576360967,6.112108576360967,6.112108576360967,6.112108576360967,6.112108576360967,6.112108576360967,6.112108576360967,6.112108576360967,6.112108576360967,6.112108576360967,6.112108576360967,6.112108576360967,6.112108576360967,6.112108576360967,6.112108576360967,6.112108576360967,6.112108576360967,6.112108576360967,6.112108576360967,6.112108576360967,6.112108576360967,6.112108576360967,6.112108576360967,6.112108576360967,6.112108576360967,6.112108576360967,6.112108576360967,6.112108576360967,6.112108576360967,6.112108576360967,6.112108576360967,6.112108576360967,6.112108576360967,6.112108576360967,6.112108576360967,6.112108576360967,6.112108576360967,6.112108576360967,6.112108576360967,6.112108576360967,6.112108576360967,6.112108576360967,6.112108576360967,6.112108576360967,6.112108576360967,6.112108576360967,6.112108576360967,6.112108576360967,6.112108576360967,6.112108576360967,6.112108576360967,6.112108576360967,6.112108576360967,6.112108576360967,6.112108576360967,6.112108576360967,6.112108576360967,6.112108576360967,6.112108576360967,6.112108576360967,6.112108576360967,6.112108576360967,6.112108576360967,6.112108576360967,6.112108576360967,6.112108576360967,6.112108576360967,6.112108576360967,6.112108576360967,6.112108576360967,6.112108576360967,6.112108576360967,6.112108576360967,6.112108576360967,6.112108576360967,6.112108576360967,6.112108576360967,6.112108576360967,6.112108576360967,6.112108576360967,6.112108576360967,6.112108576360967,6.112108576360967,6.112108576360967,6.0187495780727955,6.0187495780727955,6.0187495780727955,6.0187495780727955,6.0187495780727955,6.0187495780727955,6.0187495780727955,6.0187495780727955,6.0187495780727955,6.0187495780727955,6.008127583618046,6.008127583618046,6.008127583618046,5.988741428169916,5.988741428169916,5.988741428169916,5.988741428169916,5.988741428169916,5.988741428169916,5.988741428169916,5.988741428169916,5.988741428169916,5.988741428169916,5.988741428169916,5.988741428169916,5.988741428169916,5.988741428169916,5.988741428169916,5.988741428169916,5.988741428169916,5.988741428169916,5.988741428169916,5.988741428169916,5.988741428169916,5.988741428169916,5.988741428169916,5.988741428169916,5.988741428169916,5.988741428169916,5.988741428169916,5.988741428169916,5.988741428169916,5.988741428169916,5.988741428169916,5.988741428169916,5.988741428169916,5.988741428169916,5.988741428169916,5.988741428169916,5.988741428169916,5.988741428169916,5.988741428169916,5.988741428169916,5.988741428169916,5.988741428169916,5.988741428169916,5.988741428169916,5.988741428169916,5.988741428169916,5.988741428169916,5.988741428169916,5.988741428169916,5.988741428169916,5.988741428169916,5.988741428169916,5.988741428169916,5.988741428169916,5.988741428169916,5.988741428169916,5.988741428169916,5.988741428169916,5.988741428169916,5.988741428169916,5.988741428169916,5.988741428169916,5.988741428169916,5.988741428169916,5.988741428169916,5.988741428169916,5.988741428169916,5.988741428169916,5.988741428169916,5.988741428169916,5.988741428169916,5.988741428169916,5.988741428169916,5.988741428169916,5.988741428169916,5.988741428169916,5.988741428169916,5.988741428169916,5.988741428169916,5.988741428169916,5.988741428169916,5.988741428169916,5.988741428169916,5.988741428169916,5.988741428169916,5.988741428169916,5.988741428169916,5.988741428169916,5.988741428169916,5.988741428169916,5.988741428169916,5.988741428169916,5.988741428169916,5.988741428169916,5.988741428169916,5.988741428169916,5.988741428169916,5.988741428169916,5.988741428169916,5.988741428169916,5.988741428169916,5.988741428169916,5.988741428169916,5.988741428169916,5.988741428169916,5.988741428169916,5.988741428169916,5.988741428169916,5.988741428169916,5.988741428169916,5.988741428169916,5.988741428169916,5.988741428169916,5.988741428169916,5.988741428169916,5.988741428169916,5.988741428169916,5.988741428169916,5.988741428169916,5.988741428169916,5.988741428169916,5.988741428169916,5.988741428169916,5.988741428169916,5.988741428169916,5.988741428169916,5.988741428169916,5.988741428169916,5.988741428169916,5.988741428169916,5.988741428169916,5.988741428169916,5.988741428169916,5.988741428169916,5.988741428169916,5.988741428169916,5.988741428169916,5.988741428169916,5.988741428169916,5.988741428169916,5.988741428169916,5.988741428169916,5.988741428169916,5.988741428169916,5.988741428169916,5.988741428169916,5.887855174096098,5.887855174096098,5.887855174096098,5.887855174096098,5.887855174096098,5.887855174096098,5.887855174096098,5.887855174096098,5.887855174096098,5.887855174096098,5.887855174096098,5.887855174096098,5.887855174096098,5.887855174096098,5.887855174096098,5.887855174096098,5.887855174096098,5.887855174096098,5.887855174096098,5.887855174096098,5.887855174096098,5.887855174096098,5.887855174096098,5.887855174096098,5.887855174096098,5.887855174096098,5.887855174096098,5.887855174096098,5.887855174096098,5.887855174096098,5.887855174096098,5.887855174096098,5.887855174096098,5.887855174096098,5.887855174096098,5.887855174096098,5.887855174096098,5.887855174096098,5.887855174096098,5.887855174096098,5.887855174096098,5.887855174096098,5.887855174096098,5.887855174096098,5.887855174096098,5.887855174096098,5.887855174096098,5.887855174096098,5.887855174096098,5.887855174096098,5.887855174096098,5.887855174096098,5.887855174096098,5.887855174096098,5.887855174096098,5.887855174096098,5.887855174096098,5.887855174096098,5.887855174096098,5.887855174096098,5.887855174096098,5.887855174096098,5.887855174096098,5.887855174096098,5.887855174096098,5.887855174096098,5.887855174096098,5.887855174096098,5.887855174096098,5.887855174096098,5.887855174096098,5.887855174096098,5.887855174096098,5.887855174096098,5.887855174096098,5.887855174096098,5.887855174096098,5.887855174096098,5.887855174096098,5.887855174096098,5.887855174096098,5.887855174096098,5.887855174096098,5.887855174096098,5.887855174096098,5.887855174096098,5.887855174096098,5.887855174096098,5.887855174096098,5.887855174096098,5.887855174096098,5.887855174096098,5.887855174096098,5.887855174096098,5.887855174096098,5.887855174096098,5.887855174096098,5.887855174096098,5.887855174096098,5.887855174096098,5.887855174096098,5.887855174096098,5.887855174096098,5.887855174096098,5.887855174096098,5.887855174096098,5.887855174096098,5.887855174096098,5.887855174096098,5.887855174096098,5.887855174096098,5.887855174096098,5.887855174096098,5.887855174096098,5.887855174096098,5.887855174096098,5.887855174096098,5.887855174096098,5.887855174096098,5.887855174096098,5.887855174096098,5.887855174096098,5.887855174096098,5.887855174096098,5.887855174096098,5.887855174096098,5.887855174096098,5.887855174096098,5.887855174096098,5.887855174096098,5.887855174096098,5.887855174096098,5.887855174096098,5.887855174096098,5.887855174096098,5.887855174096098,5.887855174096098,5.887855174096098,5.887855174096098,5.887855174096098,5.887855174096098,5.887855174096098,5.887855174096098,5.887855174096098,5.887855174096098,5.887855174096098,5.887855174096098,5.887855174096098,5.887855174096098,5.887855174096098,5.887855174096098,5.887855174096098,5.887855174096098,5.887855174096098,5.887855174096098,5.887855174096098,5.815593933258894,5.815593933258894,5.815593933258894,5.815593933258894,5.815593933258894,5.815593933258894,5.815593933258894,5.815593933258894,5.815593933258894,5.815593933258894,5.815593933258894,5.815593933258894,5.815593933258894,5.815593933258894,5.815593933258894,5.815593933258894,5.815593933258894,5.815593933258894,5.815593933258894,5.815593933258894,5.815593933258894,5.815593933258894,5.815593933258894,5.815593933258894,5.815593933258894,5.815593933258894,5.815593933258894,5.815593933258894,5.815593933258894,5.815593933258894,5.815593933258894,5.815593933258894,5.815593933258894,5.815593933258894,5.815593933258894,5.815593933258894,5.815593933258894,5.815593933258894,5.815593933258894,5.815593933258894,5.815593933258894,5.815593933258894,5.815593933258894,5.815593933258894,5.815593933258894,5.815593933258894,5.815593933258894,5.815593933258894,5.815593933258894,5.815593933258894,5.815593933258894,5.815593933258894,5.815593933258894,5.815593933258894,5.815593933258894,5.815593933258894,5.815593933258894,5.815593933258894,5.815593933258894,5.815593933258894,5.815593933258894,5.815593933258894,5.815593933258894,5.815593933258894,5.815593933258894,5.815593933258894,5.815593933258894,5.815593933258894,5.815593933258894,5.815593933258894,5.815593933258894,5.815593933258894,5.815593933258894,5.815593933258894,5.815593933258894,5.815593933258894,5.815593933258894,5.815593933258894,5.815593933258894,5.815593933258894,5.815593933258894,5.815593933258894,5.815593933258894,5.815593933258894,5.815593933258894,5.815593933258894,5.815593933258894,5.815593933258894,5.815593933258894,5.815593933258894,5.815593933258894,5.815593933258894,5.815593933258894,5.815593933258894,5.815593933258894,5.815593933258894,5.815593933258894,5.815593933258894,5.815593933258894,5.815593933258894,5.815593933258894,5.815593933258894,5.815593933258894,5.815593933258894,5.815593933258894,5.815593933258894,5.815593933258894,4.708898243735727,4.630496717275714,4.5788923486965665,4.5788923486965665,4.5788923486965665,4.5788923486965665,4.5788923486965665,4.5788923486965665,4.5788923486965665,4.5788923486965665,4.5788923486965665,4.5788923486965665,4.5788923486965665,4.5788923486965665,4.5788923486965665,4.5788923486965665,4.5788923486965665,4.5788923486965665,4.5788923486965665,4.5788923486965665,4.5788923486965665,4.5788923486965665,4.5788923486965665,4.5788923486965665,4.5788923486965665,4.5788923486965665,4.5788923486965665,4.5788923486965665,4.5788923486965665,4.5788923486965665,4.5788923486965665,4.5788923486965665,4.5788923486965665,4.5788923486965665,4.5788923486965665,4.5788923486965665,4.5788923486965665,4.5788923486965665,4.5788923486965665,4.5788923486965665,4.5788923486965665,4.5788923486965665,4.5788923486965665,4.5788923486965665,4.5788923486965665,4.5788923486965665,4.5788923486965665,4.5788923486965665,4.5788923486965665,4.5788923486965665,4.5788923486965665,4.5788923486965665,4.5788923486965665,4.5788923486965665,4.5788923486965665,4.5788923486965665,4.5788923486965665,4.5788923486965665,4.5788923486965665,4.5788923486965665,4.5788923486965665,4.5788923486965665,4.5788923486965665,4.5788923486965665,4.5788923486965665,4.5788923486965665,4.5788923486965665,4.5788923486965665,4.5788923486965665,4.5788923486965665,4.5788923486965665,4.5788923486965665,4.5788923486965665,4.5788923486965665,4.5788923486965665,4.5788923486965665,4.5788923486965665,4.5788923486965665,4.5788923486965665,4.5788923486965665,4.5788923486965665,4.5788923486965665,4.5788923486965665,4.5788923486965665,4.5788923486965665,4.5788923486965665,4.5788923486965665,4.5788923486965665,4.5788923486965665,4.5788923486965665,4.5788923486965665,4.5788923486965665,4.5788923486965665,4.5788923486965665,4.5788923486965665,4.5788923486965665,4.5788923486965665,4.5788923486965665,4.5788923486965665,4.5788923486965665,4.5788923486965665,4.5788923486965665,4.5788923486965665,4.5788923486965665,4.5788923486965665,4.5788923486965665,4.5788923486965665,4.5788923486965665,4.5788923486965665,4.5788923486965665,6.475695373067672,6.475695373067672,6.475695373067672,6.095679794350158,6.095679794350158,6.095679794350158,5.953061554613541,5.953061554613541,5.776762147946066,5.776762147946066,5.776762147946066,5.776762147946066,5.776762147946066,5.776762147946066,5.776762147946066,5.776762147946066,5.776762147946066,5.776762147946066,5.776762147946066,5.776762147946066,5.776762147946066,5.776762147946066,5.776762147946066,5.776762147946066,5.776762147946066,5.776762147946066,5.776762147946066,5.776762147946066,5.776762147946066,5.776762147946066,5.776762147946066,5.776762147946066,5.776762147946066,5.776762147946066,5.776762147946066,5.776762147946066,5.776762147946066,5.776762147946066,5.776762147946066,5.776762147946066,5.776762147946066,5.776762147946066,5.776762147946066,5.776762147946066,5.069306197964902,4.352133934148186,4.352133934148186,3.9681841645215354,3.9681841645215354,3.9681841645215354,3.9681841645215354,3.9681841645215354,3.9681841645215354,3.956553366535955,3.956553366535955,3.956553366535955,3.956553366535955,3.956553366535955,3.956553366535955,3.956553366535955,3.956553366535955,3.956553366535955,3.956553366535955,3.956553366535955,3.956553366535955,3.956553366535955,3.956553366535955,3.956553366535955,3.956553366535955,3.956553366535955,3.956553366535955,3.956553366535955,3.956553366535955,3.956553366535955,3.956553366535955,3.956553366535955,3.956553366535955,3.956553366535955,3.956553366535955,3.956553366535955,3.956553366535955,3.9106515339477093,3.9106515339477093,3.9106515339477093,3.9106515339477093,3.9106515339477093,3.7283300294994115,3.7283300294994115,3.7283300294994115,3.7283300294994115,3.7283300294994115,3.7283300294994115,3.7283300294994115,3.7283300294994115,3.7283300294994115,3.716699231513831,3.716699231513831,3.716699231513831,3.716699231513831,3.716699231513831,3.716699231513831,3.716699231513831,3.716699231513831,3.716699231513831,3.716699231513831,3.716699231513831,3.716699231513831,3.716699231513831,3.5777984391206386,3.5777984391206386,3.5777984391206386,3.5777984391206386,3.5777984391206386,3.5777984391206386,3.5777984391206386,3.5777984391206386,3.5777984391206386,3.5777984391206386,3.5777984391206386,3.5777984391206386,3.5777984391206386,3.5777984391206386,3.5777984391206386,3.5777984391206386,3.5777984391206386,3.5777984391206386,3.5777984391206386,3.5777984391206386,3.5777984391206386,3.5777984391206386,3.5777984391206386,3.5777984391206386,3.5777984391206386,3.5777984391206386,3.5777984391206386,3.5777984391206386,3.5777984391206386,3.5777984391206386,3.5777984391206386,3.5777984391206386,3.5777984391206386,3.5777984391206386,3.5777984391206386,3.5777984391206386,3.5777984391206386,3.5777984391206386,3.5777984391206386,3.5777984391206386,3.5777984391206386,3.5777984391206386,3.5777984391206386,3.5777984391206386,3.5777984391206386,3.5777984391206386,3.5777984391206386,3.5777984391206386,3.5777984391206386,3.5777984391206386,3.5777984391206386,3.5777984391206386,3.5777984391206386,3.5777984391206386,3.5777984391206386,3.5777984391206386,3.5777984391206386,3.5777984391206386,3.5777984391206386,3.5777984391206386,3.5777984391206386,3.5777984391206386,3.5777984391206386,3.5777984391206386,3.5777984391206386,3.5777984391206386,3.5777984391206386,3.5777984391206386,3.5777984391206386,3.5777984391206386,3.5777984391206386,3.5777984391206386,3.5777984391206386,3.5777984391206386,3.5777984391206386,3.5777984391206386,3.5777984391206386,3.5777984391206386,3.5777984391206386,3.5777984391206386,3.5777984391206386,3.5777984391206386,3.5777984391206386,3.5777984391206386,3.5777984391206386,3.5777984391206386,3.5777984391206386,3.5777984391206386,3.5777984391206386,3.5777984391206386,3.5777984391206386,3.5777984391206386,3.5777984391206386,3.5777984391206386,3.5777984391206386,3.5777984391206386,3.5777984391206386,3.5777984391206386,3.5777984391206386,3.5777984391206386,3.5777984391206386,3.5777984391206386,3.5777984391206386,3.5777984391206386,3.5777984391206386,3.5777984391206386,3.5777984391206386,3.5777984391206386,3.5777984391206386,3.5777984391206386,3.5777984391206386,3.5777984391206386,3.5777984391206386,3.5777984391206386,3.5777984391206386,3.5777984391206386,3.5777984391206386,3.5777984391206386,3.5777984391206386,3.5777984391206386,3.5777984391206386,3.5777984391206386,3.5777984391206386,3.5777984391206386,3.5777984391206386,3.5777984391206386,3.5777984391206386,3.5777984391206386,3.5777984391206386,3.5777984391206386,3.5777984391206386,3.5777984391206386,3.5777984391206386,3.5777984391206386,3.5777984391206386,3.5777984391206386,3.5777984391206386,3.5777984391206386,3.5777984391206386,1.6644470175681279,1.6644470175681279,1.6644470175681279,1.6644470175681279,1.6644470175681279,1.6644470175681279,1.6644470175681279,1.6644470175681279,1.6644470175681279,1.6644470175681279,1.6644470175681279,1.6644470175681279,1.6644470175681279,1.6644470175681279,1.6644470175681279,1.6644470175681279,1.6644470175681279,1.6644470175681279,1.6644470175681279,1.6644470175681279,1.6644470175681279,1.6644470175681279,1.6644470175681279,1.6644470175681279,1.6644470175681279,1.6644470175681279,1.6644470175681279,1.6644470175681279,1.6644470175681279,1.6644470175681279,1.6644470175681279,1.6644470175681279,1.6644470175681279,1.6644470175681279,1.6644470175681279,1.6644470175681279,1.6644470175681279,1.6644470175681279,1.6644470175681279,1.6644470175681279,1.6644470175681279,1.6644470175681279,1.6644470175681279,1.6644470175681279,1.6644470175681279,1.6644470175681279,1.6644470175681279,1.6644470175681279,1.6644470175681279,1.6644470175681279,1.6644470175681279,1.6644470175681279,1.6644470175681279,1.6644470175681279,1.6644470175681279,1.6644470175681279,1.6644470175681279,1.6644470175681279,1.6644470175681279,1.6644470175681279,1.6644470175681279,1.6644470175681279,1.6644470175681279,1.6644470175681279,1.6644470175681279,1.6644470175681279,1.6644470175681279,1.6644470175681279,1.6644470175681279,1.6644470175681279,1.6644470175681279,1.6644470175681279,1.6644470175681279,1.6644470175681279,1.6644470175681279,1.6644470175681279,1.6644470175681279,1.6644470175681279,1.6644470175681279,1.6644470175681279,1.6644470175681279,1.6644470175681279,1.6644470175681279,1.6644470175681279,1.6644470175681279,1.6644470175681279,1.6644470175681279,1.6644470175681279,1.6644470175681279,1.6644470175681279,1.6644470175681279,1.6644470175681279,1.6644470175681279,1.6644470175681279,1.6644470175681279,1.6644470175681279,1.6644470175681279,1.6644470175681279,1.6644470175681279,1.6644470175681279,1.6644470175681279,1.6644470175681279,1.6644470175681279,1.6644470175681279,1.6644470175681279,1.6644470175681279,1.6644470175681279,1.6644470175681279,1.6644470175681279,1.6644470175681279,1.6644470175681279,1.6644470175681279,1.6644470175681279,1.6644470175681279,1.6644470175681279,1.6644470175681279,1.6644470175681279,1.6644470175681279,1.6644470175681279,1.6644470175681279,1.6644470175681279,1.6644470175681279,1.6644470175681279,1.6644470175681279,1.6644470175681279,1.6644470175681279,1.6644470175681279,1.6644470175681279,1.6644470175681279,1.6644470175681279,1.6644470175681279,1.6644470175681279,1.6644470175681279,1.6644470175681279,1.6644470175681279,1.6644470175681279,1.6644470175681279,1.6644470175681279,1.6644470175681279,1.6644470175681279,1.6644470175681279,1.6644470175681279,1.6644470175681279,1.6644470175681279,1.6644470175681279,1.6644470175681279,1.6644470175681279,1.6644470175681279,1.6644470175681279,1.6644470175681279,1.6644470175681279,1.6644470175681279,1.6644470175681279,1.6644470175681279,1.6644470175681279,1.6644470175681279,1.6644470175681279,1.6644470175681279,1.6644470175681279,1.6644470175681279,1.6644470175681279,1.6644470175681279,1.6644470175681279,1.6644470175681279,1.6644470175681279,1.6644470175681279,1.6644470175681279,1.6644470175681279,1.6644470175681279,1.6644470175681279,1.6644470175681279,1.6644470175681279,1.6644470175681279,1.6644470175681279,1.6644470175681279,1.6644470175681279,1.6644470175681279,1.6644470175681279,1.6644470175681279,1.6644470175681279,1.6644470175681279,1.6644470175681279,1.6644470175681279,1.6644470175681279,1.6644470175681279,1.6644470175681279,1.6644470175681279,1.6644470175681279,1.6644470175681279,1.6644470175681279,1.6644470175681279,1.6644470175681279,1.6644470175681279,1.6644470175681279,1.6644470175681279,1.6644470175681279,1.6644470175681279,1.6644470175681279,1.6644470175681279,1.6644470175681279,1.6644470175681279,1.6644470175681279,1.6644470175681279,1.6644470175681279,1.6644470175681279,1.6644470175681279,1.6644470175681279,1.6644470175681279,1.6644470175681279,1.6644470175681279,1.6644470175681279,1.6644470175681279,1.6644470175681279,1.6644470175681279,1.6644470175681279,1.6644470175681279,1.6644470175681279,1.6644470175681279,1.6644470175681279,1.6644470175681279,1.6644470175681279,1.6644470175681279,1.6644470175681279,1.6644470175681279,1.6644470175681279,1.6644470175681279,1.6644470175681279,1.6644470175681279,1.6644470175681279,1.6644470175681279,1.6644470175681279,1.6644470175681279,1.6644470175681279,1.6644470175681279,1.6644470175681279,1.6644470175681279,1.6644470175681279,1.6644470175681279,1.6644470175681279,1.6644470175681279,1.6644470175681279,1.6644470175681279,1.6644470175681279,1.6644470175681279,1.6644470175681279,1.6644470175681279,1.6644470175681279,1.6644470175681279,1.6644470175681279,1.6644470175681279,1.6644470175681279,1.6644470175681279,1.6644470175681279,1.6644470175681279,1.6644470175681279,1.6644470175681279,1.6644470175681279,1.6644470175681279,1.6644470175681279,1.6644470175681279,1.6644470175681279,1.6644470175681279,1.6644470175681279,1.6644470175681279,1.6644470175681279,1.6644470175681279,1.6644470175681279,1.6644470175681279,1.6644470175681279,1.6644470175681279,1.6644470175681279,1.6644470175681279,1.6644470175681279,1.6644470175681279,1.6644470175681279,1.6644470175681279,1.6644470175681279,1.6644470175681279,1.6644470175681279,1.6644470175681279,1.6644470175681279,1.6644470175681279,1.6644470175681279,1.6644470175681279,1.6644470175681279,1.6644470175681279,1.6644470175681279,1.6644470175681279,1.6644470175681279,1.6644470175681279,1.6644470175681279,1.6644470175681279,1.6644470175681279,1.6644470175681279,1.6644470175681279,1.6644470175681279,1.6644470175681279,1.6644470175681279,1.6644470175681279,1.6644470175681279,1.6644470175681279,1.6644470175681279,1.6644470175681279,1.6644470175681279,1.6644470175681279,1.6644470175681279,1.6644470175681279,1.6644470175681279,1.6644470175681279,1.6644470175681279,1.6644470175681279,1.6644470175681279,1.6644470175681279,1.6644470175681279,1.6644470175681279,1.6644470175681279,1.6644470175681279,1.6644470175681279,1.6644470175681279,1.6644470175681279,1.6644470175681279,1.6644470175681279,1.6644470175681279,1.6644470175681279,1.6644470175681279,1.6644470175681279,1.6644470175681279,1.6644470175681279,1.6644470175681279,1.6644470175681279,1.6644470175681279,1.6644470175681279,1.6644470175681279,1.6644470175681279,1.6644470175681279,1.6644470175681279,1.6644470175681279,1.6644470175681279,1.6644470175681279,1.6644470175681279,1.6644470175681279,1.6644470175681279,1.6644470175681279,1.6644470175681279,1.6644470175681279,1.6644470175681279,1.6644470175681279,1.6644470175681279,1.6644470175681279,1.6644470175681279,1.6644470175681279,1.6644470175681279,1.6644470175681279,1.6644470175681279,1.6644470175681279,1.6644470175681279,1.6644470175681279,1.6644470175681279,1.6644470175681279,1.6644470175681279,1.6644470175681279,1.6644470175681279,1.6644470175681279,1.6644470175681279,1.6644470175681279,1.6644470175681279,1.6644470175681279,1.6644470175681279,1.6644470175681279,1.6644470175681279,1.6644470175681279,1.6644470175681279,1.6644470175681279,1.6644470175681279,1.6644470175681279,1.6644470175681279,1.6644470175681279,1.6644470175681279,1.6644470175681279,1.6644470175681279,1.6644470175681279,1.6644470175681279,1.6644470175681279,1.6644470175681279,1.6644470175681279,1.6644470175681279,1.6644470175681279,1.6644470175681279,1.6644470175681279,1.6644470175681279,1.6644470175681279,1.6644470175681279,1.6644470175681279,1.6644470175681279,1.6644470175681279,1.6644470175681279,1.6644470175681279,1.6644470175681279,1.6644470175681279,1.6644470175681279,1.6644470175681279,1.6644470175681279,1.6644470175681279,1.6644470175681279,1.6644470175681279,1.6644470175681279,1.6644470175681279,1.6644470175681279,1.6644470175681279,1.6644470175681279,1.6644470175681279,1.6644470175681279,1.6644470175681279,1.6644470175681279,1.6644470175681279,1.6644470175681279,1.6644470175681279,1.6644470175681279,1.6644470175681279,1.6644470175681279,1.6644470175681279,1.6644470175681279,1.6644470175681279,1.6644470175681279,1.6644470175681279,1.6644470175681279,1.6644470175681279,1.6644470175681279,1.6644470175681279,1.6644470175681279,1.6644470175681279,1.6644470175681279,1.6644470175681279,1.6644470175681279,1.6644470175681279,1.6644470175681279,1.6644470175681279,1.6644470175681279,1.6644470175681279,1.6644470175681279,1.6644470175681279,1.6644470175681279,1.6644470175681279,1.6644470175681279,1.6644470175681279,1.6644470175681279,1.6644470175681279,1.6644470175681279,1.6644470175681279,1.6644470175681279,1.6644470175681279,1.6644470175681279,1.6644470175681279,1.6644470175681279,1.6644470175681279,1.6644470175681279,1.6644470175681279,1.6644470175681279,1.6644470175681279,1.6644470175681279,1.6644470175681279,1.6644470175681279,1.6644470175681279,1.6644470175681279,1.6644470175681279,1.6644470175681279,1.6644470175681279,1.6644470175681279,1.6644470175681279,1.6644470175681279,1.6644470175681279,1.6644470175681279,1.6644470175681279,1.6644470175681279,1.6644470175681279,1.6644470175681279,1.6644470175681279,1.6644470175681279,1.6644470175681279,1.6644470175681279,1.6644470175681279,1.6644470175681279,1.6644470175681279,1.6644470175681279,1.6644470175681279,1.6644470175681279,1.6644470175681279,1.6644470175681279,1.6644470175681279,1.6644470175681279,1.6644470175681279,1.6644470175681279,1.6644470175681279,1.6644470175681279,1.6644470175681279,1.6644470175681279,1.6644470175681279,1.6644470175681279,1.6644470175681279,1.6644470175681279,1.6644470175681279,1.6644470175681279,1.6644470175681279,1.6644470175681279,1.6644470175681279,1.6644470175681279,1.6644470175681279,1.6644470175681279,1.6644470175681279,1.6644470175681279,1.6644470175681279,1.6644470175681279,1.6644470175681279,1.6644470175681279,1.6644470175681279,1.6644470175681279,1.6644470175681279,1.6644470175681279,1.6644470175681279,1.6644470175681279,1.6644470175681279,1.6644470175681279,1.6644470175681279,1.6644470175681279,1.6644470175681279,1.6644470175681279,1.6644470175681279,1.6644470175681279,1.6644470175681279,1.6644470175681279,1.6644470175681279,1.6644470175681279,1.6644470175681279,1.6644470175681279,1.6644470175681279,1.6644470175681279,1.6644470175681279,1.6644470175681279,1.6644470175681279,1.6644470175681279,1.6644470175681279,1.6644470175681279,1.6644470175681279,1.6644470175681279,1.6644470175681279,1.6644470175681279,1.6644470175681279,1.6644470175681279,1.6644470175681279,1.6644470175681279,1.6644470175681279,1.6644470175681279,1.6644470175681279,1.6644470175681279,1.6644470175681279,1.6644470175681279,1.6644470175681279,1.6644470175681279,1.6644470175681279,1.6644470175681279,1.6644470175681279,1.6644470175681279,1.6644470175681279,1.6644470175681279,1.6644470175681279,1.6644470175681279,1.6644470175681279,1.6644470175681279,1.6644470175681279,1.6644470175681279,1.6644470175681279,1.6644470175681279,1.6644470175681279,1.6644470175681279,1.6644470175681279,1.6644470175681279,1.6644470175681279,1.6644470175681279,1.6644470175681279,1.6644470175681279,1.6644470175681279,1.6644470175681279,1.6644470175681279,1.6644470175681279,1.6644470175681279,1.6644470175681279,1.6644470175681279,1.6644470175681279,1.6644470175681279,1.6644470175681279,1.6644470175681279,1.6644470175681279,1.6644470175681279,1.6644470175681279,1.6644470175681279,1.6644470175681279,1.6644470175681279,1.6644470175681279,1.6644470175681279,1.6644470175681279,1.6644470175681279,1.6644470175681279,1.6644470175681279,1.6644470175681279,1.6644470175681279,1.6644470175681279,1.6644470175681279,1.6644470175681279,1.6644470175681279,1.6644470175681279,1.6644470175681279,1.6644470175681279,1.6644470175681279,1.6644470175681279,1.6644470175681279,1.6644470175681279,1.6644470175681279,1.6644470175681279,1.6644470175681279,1.6644470175681279,1.6644470175681279,1.6644470175681279,1.6644470175681279,1.6644470175681279,1.6644470175681279,1.6644470175681279,1.6644470175681279,1.6644470175681279,1.6644470175681279,1.6644470175681279,1.6644470175681279,1.6644470175681279,1.6644470175681279,1.6644470175681279,1.6644470175681279,1.6644470175681279,1.6644470175681279,1.6644470175681279,1.6644470175681279,1.6644470175681279,1.6644470175681279,1.6644470175681279,1.6644470175681279,1.6644470175681279,1.6644470175681279,1.6644470175681279,1.6644470175681279,1.6644470175681279,1.6644470175681279,1.6644470175681279,1.6644470175681279,1.6644470175681279,1.6644470175681279,1.6644470175681279,1.6644470175681279,1.6644470175681279,1.6644470175681279,1.6644470175681279,1.6644470175681279,1.6644470175681279,1.6644470175681279,1.6644470175681279,1.6644470175681279,1.6644470175681279,1.6644470175681279,1.6644470175681279,1.6644470175681279,1.6644470175681279,1.6644470175681279,1.6644470175681279,1.6644470175681279,1.6644470175681279,1.6644470175681279,1.6644470175681279,1.6644470175681279,1.6644470175681279,1.6644470175681279,1.6644470175681279,1.6644470175681279,1.6644470175681279,1.6644470175681279,1.6644470175681279,1.6644470175681279,1.6644470175681279,1.6644470175681279,1.6644470175681279,1.6644470175681279,1.6644470175681279,1.6644470175681279,1.6644470175681279,1.6644470175681279,1.6644470175681279,1.6644470175681279,1.6644470175681279,1.6644470175681279,1.6644470175681279,1.6644470175681279,1.6644470175681279,1.6644470175681279,1.6644470175681279,1.6644470175681279,1.6644470175681279,1.6644470175681279,1.6644470175681279,1.6644470175681279,1.6644470175681279,1.6644470175681279,1.6644470175681279,1.6644470175681279,1.6644470175681279,1.6644470175681279,1.6644470175681279,1.6644470175681279,1.6644470175681279,1.6644470175681279,1.6644470175681279,1.6644470175681279,1.6644470175681279,1.6644470175681279,1.6644470175681279,1.6644470175681279,1.6644470175681279,1.6644470175681279,1.6644470175681279,1.6644470175681279,1.6644470175681279,1.6644470175681279,1.6644470175681279,1.6644470175681279,1.6644470175681279,1.6644470175681279,1.6644470175681279,1.6644470175681279,1.6644470175681279,1.6644470175681279,1.6644470175681279,1.6644470175681279,1.6644470175681279,1.6644470175681279,1.6644470175681279,1.6644470175681279,1.6644470175681279,1.6644470175681279,1.6644470175681279,1.6644470175681279,1.6644470175681279,1.6644470175681279,1.6644470175681279,1.6644470175681279,1.6644470175681279,1.6644470175681279,1.6644470175681279,1.6644470175681279,7.842236799057365,6.956799160566502,6.956799160566502,6.956799160566502,6.956799160566502,6.956799160566502,6.956799160566502,6.956799160566502,6.956799160566502,6.43142744423637,6.43142744423637,6.43142744423637,6.43142744423637,6.43142744423637,6.43142744423637,6.424676306515686,6.379317759909471,6.379317759909471,6.379317759909471,6.379317759909471,6.379317759909471,6.379317759909471,6.379317759909471,6.379317759909471,6.379317759909471,6.379317759909471,6.379317759909471,6.379317759909471,6.379317759909471,6.379317759909471,6.379317759909471,6.379317759909471,6.379317759909471,6.379317759909471,6.379317759909471,6.379317759909471,6.379317759909471,6.379317759909471,6.379317759909471,6.379317759909471,6.379317759909471,6.379317759909471,6.379317759909471,6.31457709853971,6.31457709853971,6.31457709853971,6.31457709853971,6.31457709853971,6.31457709853971,6.31457709853971,6.31457709853971,6.31457709853971,6.31457709853971,6.31457709853971,6.31457709853971,6.31457709853971,6.31457709853971,6.31457709853971,6.31457709853971,6.31457709853971,6.31457709853971,6.31457709853971,6.31457709853971,6.31457709853971,6.31457709853971,6.31457709853971,6.31457709853971,6.31457709853971,6.31457709853971,6.31457709853971,6.31457709853971,6.31457709853971,6.31457709853971,6.31457709853971,6.31457709853971,6.31457709853971,6.31457709853971,6.31457709853971,6.31457709853971,6.31457709853971,6.31457709853971,6.31457709853971,6.31457709853971,6.31457709853971,6.31457709853971,6.31457709853971,6.31457709853971,6.31457709853971,6.31457709853971,6.31457709853971,6.31457709853971,6.31457709853971,6.31457709853971,6.31457709853971,6.31457709853971,6.31457709853971,6.31457709853971,6.31457709853971,6.31457709853971,6.31457709853971,6.31457709853971,6.31457709853971,6.31457709853971,6.31457709853971,6.31457709853971,6.31457709853971,6.31457709853971,6.31457709853971,6.31457709853971,6.31457709853971,6.31457709853971,6.31457709853971,6.31457709853971,6.31457709853971,6.31457709853971,6.31457709853971,6.31457709853971,6.31457709853971,6.31457709853971,6.31457709853971,6.31457709853971,6.31457709853971,6.31457709853971,6.31457709853971,6.31457709853971,6.31457709853971,6.31457709853971,6.31457709853971,6.31457709853971,6.31457709853971,6.31457709853971,6.31457709853971,5.922787416984409,5.830254368930852,5.830254368930852,5.830254368930852,5.830254368930852,5.830254368930852,5.830254368930852,5.830254368930852,5.830254368930852,5.830254368930852,5.830254368930852,5.830254368930852,5.830254368930852,5.830254368930852,5.830254368930852,5.830254368930852,5.830254368930852,5.605516288523028,5.605516288523028,5.605516288523028,5.595376910699918,5.595376910699918,5.595376910699918,5.595376910699918,5.568723827887909,5.568723827887909,5.568723827887909,5.568723827887909,5.568723827887909,5.568723827887909,5.568723827887909,5.568723827887909,5.568723827887909,5.568723827887909,5.568723827887909,5.568723827887909,5.568723827887909,5.568723827887909,5.568723827887909,5.568723827887909,5.568723827887909,5.568723827887909,5.568723827887909,5.568723827887909,5.568723827887909,5.568723827887909,5.568723827887909,5.568723827887909,5.568723827887909,5.568723827887909,5.568723827887909,5.568723827887909,5.568723827887909,5.568723827887909,5.568723827887909,5.568723827887909,5.568723827887909,5.568723827887909,5.568723827887909,5.568723827887909,5.568723827887909,5.568723827887909,5.568723827887909,5.568723827887909,5.568723827887909,5.568723827887909,5.568723827887909,5.568723827887909,5.568723827887909,5.568723827887909,5.568723827887909,5.568723827887909,5.568723827887909,5.568723827887909,5.568723827887909,5.568723827887909,5.568723827887909,5.568723827887909,5.568723827887909,5.568723827887909,5.568723827887909,5.568723827887909,5.568723827887909,5.568723827887909,5.568723827887909,5.568723827887909,5.568723827887909,5.568723827887909,5.568723827887909,5.568723827887909,5.568723827887909,5.568723827887909,5.568723827887909,5.568723827887909,5.568723827887909,5.568723827887909,5.568723827887909,5.568723827887909,5.568723827887909,5.568723827887909,5.568723827887909,5.568723827887909,5.568723827887909,5.568723827887909,5.568723827887909,5.568723827887909,5.568723827887909,5.568723827887909,5.568723827887909,5.568723827887909,5.568723827887909,5.568723827887909,5.568723827887909,5.568723827887909,5.568723827887909,5.568723827887909,5.568723827887909,5.568723827887909,5.568723827887909,5.568723827887909,5.568723827887909,5.568723827887909,5.568723827887909,5.568723827887909,5.568723827887909,5.568723827887909,5.568723827887909,5.568723827887909,5.568723827887909,5.568723827887909,5.568723827887909,5.568723827887909,5.568723827887909,5.568723827887909,5.568723827887909,5.568723827887909,5.568723827887909,5.568723827887909,5.568723827887909,5.568723827887909,5.568723827887909,5.568723827887909,5.568723827887909,5.568723827887909,5.568723827887909,5.568723827887909,5.568723827887909,5.568723827887909,5.568723827887909,5.568723827887909,5.568723827887909,5.568723827887909,5.568723827887909,5.568723827887909,5.568723827887909,5.568723827887909,5.568723827887909,5.568723827887909,5.568723827887909,5.568723827887909,5.568723827887909,5.568723827887909,5.568723827887909,5.568723827887909,5.568723827887909,5.568723827887909,5.568723827887909,5.568723827887909,5.568723827887909,5.568723827887909,5.568723827887909,5.568723827887909,5.568723827887909,5.568723827887909,5.568723827887909,5.568723827887909,5.568723827887909,5.568723827887909,5.568723827887909,5.568723827887909,5.568723827887909,5.568723827887909,5.568723827887909,5.568723827887909,5.568723827887909,5.568723827887909,5.568723827887909,5.568723827887909,5.568723827887909,5.568723827887909,5.568723827887909,5.568723827887909,5.568723827887909,5.568723827887909,5.568723827887909,5.568723827887909,5.568723827887909,5.568723827887909,5.568723827887909,5.568723827887909,5.568723827887909,5.568723827887909,5.568723827887909,5.568723827887909,5.568723827887909,5.568723827887909,5.568723827887909,5.568723827887909,5.568723827887909,5.568723827887909,5.568723827887909,5.568723827887909,5.568723827887909,5.568723827887909,5.568723827887909,5.568723827887909,5.568723827887909,5.568723827887909,5.568723827887909,5.568723827887909,5.568723827887909,5.568723827887909,5.568723827887909,5.568723827887909,5.568723827887909,5.568723827887909,5.568723827887909,5.568723827887909,5.568723827887909,5.568723827887909,5.568723827887909,5.568723827887909,5.568723827887909,5.568723827887909,5.568723827887909,5.568723827887909,5.568723827887909,5.568723827887909,5.568723827887909,5.568723827887909,5.568723827887909,5.568723827887909,5.568723827887909,5.568723827887909,5.568723827887909,5.568723827887909,5.568723827887909,5.568723827887909,5.568723827887909,5.568723827887909,5.568723827887909,5.568723827887909,5.568723827887909,5.568723827887909,5.568723827887909,5.568723827887909,5.568723827887909,5.568723827887909,5.568723827887909,5.568723827887909,5.568723827887909,5.568723827887909,5.568723827887909,5.568723827887909,5.568723827887909,5.568723827887909,5.568723827887909,5.568723827887909,5.568723827887909,5.568723827887909,5.568723827887909,5.568723827887909,5.568723827887909,5.568723827887909,5.568723827887909,5.568723827887909,5.568723827887909,5.568723827887909,5.568723827887909,5.568723827887909,5.568723827887909,5.568723827887909,5.568723827887909,5.568723827887909,5.568723827887909,5.568723827887909,5.568723827887909,5.568723827887909,5.568723827887909,5.568723827887909,5.568723827887909,5.568723827887909,5.568723827887909,5.568723827887909,5.568723827887909,5.568723827887909,5.0823702272717455,5.0823702272717455,5.0823702272717455,5.0823702272717455,4.81094374683613,4.583480430058491,4.583480430058491,4.583480430058491,4.583480430058491,4.583480430058491,4.583480430058491,4.583480430058491,4.583480430058491,4.583480430058491,4.583480430058491,4.583480430058491,4.583480430058491,4.583480430058491,4.583480430058491,4.583480430058491,4.583480430058491,4.583480430058491,4.583480430058491,4.583480430058491,4.583480430058491,4.583480430058491,4.583480430058491,4.583480430058491,4.583480430058491,4.583480430058491,4.583480430058491,4.583480430058491,4.583480430058491,4.583480430058491,4.583480430058491,4.583480430058491,4.583480430058491,4.583480430058491,4.583480430058491,4.583480430058491,4.583480430058491,4.583480430058491,4.583480430058491,4.583480430058491,4.583480430058491,4.583480430058491,4.583480430058491,4.583480430058491,4.583480430058491,4.583480430058491,4.583480430058491,4.583480430058491,4.583480430058491,4.583480430058491,4.583480430058491,4.583480430058491,4.583480430058491,4.583480430058491,4.583480430058491,4.583480430058491,4.583480430058491,4.583480430058491,4.583480430058491,4.583480430058491,4.583480430058491,4.583480430058491,4.583480430058491,4.583480430058491,4.583480430058491,4.583480430058491,4.583480430058491,4.583480430058491,4.583480430058491,4.583480430058491,4.583480430058491,4.583480430058491,4.583480430058491,4.583480430058491,4.583480430058491,4.583480430058491,4.583480430058491,4.583480430058491,4.583480430058491,4.583480430058491,4.583480430058491,4.583480430058491,4.583480430058491,4.583480430058491,4.583480430058491,4.583480430058491,4.583480430058491,4.583480430058491,4.583480430058491,4.583480430058491,4.583480430058491,4.583480430058491,4.583480430058491,4.583480430058491,4.583480430058491,4.583480430058491,4.583480430058491,4.583480430058491,4.583480430058491,4.583480430058491,4.583480430058491,4.583480430058491,4.583480430058491,4.583480430058491,4.583480430058491,4.583480430058491,4.583480430058491,4.583480430058491,4.583480430058491,4.583480430058491,4.583480430058491,4.583480430058491,4.583480430058491,4.583480430058491,4.583480430058491,4.583480430058491,4.583480430058491,4.583480430058491,4.583480430058491,4.583480430058491,4.583480430058491,4.583480430058491,4.583480430058491,4.583480430058491,4.583480430058491,4.583480430058491,4.583480430058491,4.583480430058491,4.583480430058491,4.583480430058491,4.583480430058491,4.583480430058491,4.583480430058491,4.583480430058491,4.583480430058491,4.583480430058491,4.583480430058491,4.583480430058491,4.583480430058491,4.583480430058491,4.583480430058491,4.583480430058491,4.583480430058491,4.583480430058491,4.583480430058491,4.583480430058491,4.583480430058491,4.583480430058491,4.583480430058491,4.583480430058491,4.583480430058491,4.583480430058491,4.583480430058491,4.583480430058491,4.583480430058491,4.583480430058491,4.583480430058491,4.583480430058491,4.583480430058491,4.583480430058491,4.583480430058491,4.583480430058491,4.583480430058491,4.583480430058491,4.583480430058491,4.583480430058491,4.583480430058491,4.583480430058491,4.583480430058491,4.583480430058491,4.583480430058491,4.583480430058491,4.583480430058491,4.583480430058491,4.583480430058491,4.583480430058491,4.583480430058491,4.583480430058491,4.583480430058491,4.583480430058491,4.583480430058491,4.583480430058491,4.583480430058491,4.583480430058491,4.583480430058491,4.583480430058491,4.583480430058491,4.583480430058491,4.583480430058491,4.583480430058491,4.583480430058491,4.583480430058491,4.583480430058491,4.583480430058491,4.583480430058491,4.583480430058491,4.583480430058491,4.583480430058491,4.583480430058491,4.583480430058491,4.583480430058491,4.583480430058491,4.583480430058491,4.583480430058491,4.583480430058491,4.583480430058491,4.583480430058491,4.583480430058491,4.583480430058491,4.583480430058491,4.583480430058491,4.583480430058491,4.583480430058491,4.583480430058491,4.583480430058491,4.583480430058491,4.583480430058491,4.583480430058491,4.583480430058491,4.583480430058491,4.583480430058491,4.583480430058491,4.583480430058491,4.583480430058491,4.583480430058491,4.583480430058491,4.583480430058491,4.583480430058491,4.583480430058491,4.583480430058491,4.583480430058491,4.583480430058491,4.583480430058491,4.583480430058491,4.583480430058491,4.583480430058491,4.583480430058491,4.583480430058491,4.583480430058491,4.583480430058491,4.583480430058491,4.583480430058491,4.583480430058491,4.583480430058491,4.583480430058491,4.583480430058491,4.583480430058491,4.583480430058491,4.583480430058491,4.583480430058491,4.583480430058491,4.583480430058491,4.583480430058491,4.583480430058491,4.4579882431697335,4.4579882431697335,4.2893568069714325,4.2893568069714325,4.2893568069714325,4.10397184812727,4.10397184812727,4.10397184812727,4.077712477833865,3.7175681579709354,3.621925943799351,3.621925943799351,3.621925943799351,3.621925943799351,3.621925943799351,3.621925943799351,3.621925943799351,3.621925943799351,3.621925943799351,3.621925943799351,3.621925943799351,3.621925943799351,3.621925943799351,3.621925943799351,3.621925943799351,3.621925943799351,3.621925943799351,3.621925943799351,3.621925943799351,3.621925943799351,3.621925943799351,3.621925943799351,3.621925943799351,3.621925943799351,3.621925943799351,3.621925943799351,3.621925943799351,3.621925943799351,3.621925943799351,3.621925943799351,3.621925943799351,3.621925943799351,3.621925943799351,3.621925943799351,3.621925943799351,3.621925943799351,3.621925943799351,3.621925943799351,3.621925943799351,3.621925943799351,3.621925943799351,3.621925943799351,3.621925943799351,3.621925943799351,3.621925943799351,3.621925943799351,3.621925943799351,3.621925943799351,3.621925943799351,3.621925943799351,3.621925943799351,3.621925943799351,3.621925943799351,3.621925943799351,3.621925943799351,3.621925943799351,3.621925943799351,3.621925943799351,3.621925943799351,3.621925943799351,3.621925943799351,3.621925943799351,3.621925943799351,3.621925943799351,3.621925943799351,3.621925943799351,3.621925943799351,3.621925943799351,3.621925943799351,3.621925943799351,3.621925943799351,3.621925943799351,3.621925943799351,3.621925943799351,3.621925943799351,3.621925943799351,3.621925943799351,3.621925943799351,3.621925943799351,3.621925943799351,3.621925943799351,3.621925943799351,3.621925943799351,3.621925943799351,3.621925943799351,3.621925943799351,3.621925943799351,3.621925943799351,3.621925943799351,3.621925943799351,3.621925943799351,3.621925943799351,3.621925943799351,3.621925943799351,3.621925943799351,3.621925943799351,3.621925943799351,3.621925943799351,3.621925943799351,3.621925943799351,3.621925943799351,3.621925943799351,3.621925943799351,3.621925943799351,3.621925943799351,3.621925943799351,3.621925943799351,3.621925943799351,3.621925943799351,3.621925943799351,3.621925943799351,3.621925943799351,3.621925943799351,3.621925943799351,3.621925943799351,3.621925943799351,3.621925943799351,3.621925943799351,3.621925943799351,3.621925943799351,3.621925943799351,3.621925943799351,3.621925943799351,3.621925943799351,3.621925943799351,3.621925943799351,3.621925943799351,3.621925943799351,3.621925943799351,3.621925943799351,3.621925943799351,3.621925943799351,3.621925943799351,3.621925943799351,3.621925943799351,3.621925943799351,3.621925943799351,3.621925943799351,3.621925943799351,3.621925943799351,3.621925943799351,3.621925943799351,3.621925943799351,3.621925943799351,3.621925943799351,3.621925943799351,3.621925943799351,3.621925943799351,3.621925943799351,3.621925943799351,3.621925943799351,3.621925943799351,3.621925943799351,3.621925943799351,3.621925943799351,3.621925943799351,3.621925943799351,3.621925943799351,3.621925943799351,3.621925943799351,3.621925943799351,3.621925943799351,3.621925943799351,3.621925943799351,3.621925943799351,3.621925943799351,3.621925943799351,3.621925943799351,3.621925943799351,3.621925943799351,3.621925943799351,3.621925943799351,3.621925943799351,3.621925943799351,3.621925943799351,3.621925943799351,3.621925943799351,3.621925943799351,3.621925943799351,3.621925943799351,3.621925943799351,3.621925943799351,3.621925943799351,3.621925943799351,3.621925943799351,3.621925943799351,3.621925943799351,3.621925943799351,3.621925943799351,3.621925943799351,3.621925943799351,3.621925943799351,3.621925943799351,3.621925943799351,3.621925943799351,3.621925943799351,3.621925943799351,3.621925943799351,3.621925943799351,3.621925943799351,3.621925943799351,3.621925943799351,3.621925943799351,3.621925943799351,3.621925943799351,3.621925943799351,3.621925943799351,3.621925943799351,3.621925943799351,3.621925943799351,3.621925943799351,3.621925943799351,3.621925943799351,3.621925943799351,3.621925943799351,3.621925943799351,3.621925943799351,3.621925943799351,3.621925943799351,3.621925943799351,3.621925943799351,3.621925943799351,3.621925943799351,3.621925943799351,3.621925943799351,3.621925943799351,3.621925943799351,3.621925943799351,3.621925943799351,3.621925943799351,3.621925943799351,3.621925943799351,3.621925943799351,3.621925943799351,3.621925943799351,3.621925943799351,3.621925943799351,3.621925943799351,3.621925943799351,3.621925943799351,3.621925943799351,3.621925943799351,3.621925943799351,3.621925943799351,3.621925943799351,3.621925943799351,3.621925943799351,3.621925943799351,3.621925943799351,3.621925943799351,3.621925943799351,3.621925943799351,3.621925943799351,3.621925943799351,3.621925943799351,3.621925943799351,3.621925943799351,3.621925943799351,3.621925943799351,3.621925943799351,3.621925943799351,3.621925943799351,3.621925943799351,3.621925943799351,3.621925943799351,3.621925943799351,3.621925943799351,3.621925943799351,3.621925943799351,3.621925943799351,3.621925943799351,3.621925943799351,3.621925943799351,3.621925943799351,3.621925943799351,3.621925943799351,3.621925943799351,3.621925943799351,3.621925943799351,3.621925943799351,3.621925943799351,3.621925943799351,3.621925943799351,3.621925943799351,3.621925943799351,3.621925943799351,3.621925943799351,3.621925943799351,3.621925943799351,3.621925943799351,3.621925943799351,3.621925943799351,3.621925943799351,3.621925943799351,3.621925943799351,3.621925943799351,3.621925943799351,3.621925943799351,3.621925943799351,3.621925943799351,3.621925943799351,3.621925943799351,3.621925943799351,3.621925943799351,8.764750756521833,8.764750756521833,7.089741666792689,7.089741666792689,7.089741666792689,6.934222257233264,6.934222257233264,6.278067651883072,6.278067651883071,6.278067651883071,6.278067651883071,6.278067651883071,6.278067651883071,6.278067651883071,6.278067651883071,6.278067651883071,6.278067651883071,6.278067651883071,6.171439127316255,6.171439127316255,6.171439127316255,5.905116288398878,5.905116288398878,5.905116288398878,5.905116288398878,5.905116288398878,5.905116288398878,5.905116288398878,5.905116288398878,5.905116288398878,5.905116288398878,5.905116288398878,5.905116288398878,5.905116288398878,5.905116288398878,5.905116288398878,5.905116288398878,5.905116288398878,5.905116288398878,5.905116288398878,5.905116288398878,5.905116288398878,5.905116288398878,5.905116288398878,5.905116288398878,5.905116288398878,5.905116288398878,5.905116288398878,5.905116288398878,5.905116288398878,5.905116288398878,5.905116288398878,5.905116288398878,5.905116288398878,5.905116288398878,5.905116288398878,5.905116288398878,5.905116288398878,5.905116288398878,5.905116288398878,5.905116288398878,5.905116288398878,5.905116288398878,5.905116288398878,5.905116288398878,5.905116288398878,5.065064113145592,5.065064113145592,5.065064113145592,5.065064113145592,5.065064113145592,5.065064113145592,5.065064113145592,5.065064113145592,5.065064113145592,5.065064113145592,5.065064113145592,5.065064113145592,5.065064113145592,5.065064113145592,5.065064113145592,5.065064113145592,5.065064113145592,5.065064113145592,5.065064113145592,4.621497749575276,4.621497749575276,4.621497749575276,4.621497749575276,4.621497749575276,4.621497749575276,4.621497749575276,4.621497749575276,4.621497749575276,4.621497749575276,4.621497749575276,4.621497749575276,4.621497749575276,4.621497749575276,4.621497749575276,4.621497749575276,4.621497749575276,4.621497749575276,4.621497749575276,4.621497749575276,4.621497749575276,4.621497749575276,4.621497749575276,4.621497749575276,4.621497749575276,4.621497749575276,4.621497749575276,4.621497749575276,4.621497749575276,4.621497749575276,4.621497749575276,4.621497749575276,4.621497749575276,4.621497749575276,4.621497749575276,4.621497749575276,4.621497749575276,4.621497749575276,4.621497749575276,4.621497749575276,4.621497749575276,4.621497749575276,4.621497749575276,4.621497749575276,4.621497749575276,4.621497749575276,4.621497749575276,4.621497749575276,4.621497749575276,4.621497749575276,4.621497749575276,4.621497749575276,4.621497749575276,4.621497749575276,4.621497749575276,4.621497749575276,4.621497749575276,4.621497749575276,4.621497749575276,4.621497749575276,4.621497749575276,4.621497749575276,4.621497749575276,4.621497749575276,4.621497749575276,4.621497749575276,4.621497749575276,4.621497749575276,4.621497749575276,4.621497749575276,4.621497749575276,4.621497749575276,4.621497749575276,4.621497749575276,4.621497749575276,4.621497749575276,4.621497749575276,4.621497749575276,4.621497749575276,4.621497749575276,4.621497749575276,4.621497749575276,4.621497749575276,4.621497749575276,4.621497749575276,4.621497749575276,4.621497749575276,4.621497749575276,4.621497749575276,4.621497749575276,4.621497749575276,4.621497749575276,4.621497749575276,4.621497749575276,4.621497749575276,4.621497749575276,4.621497749575276,4.621497749575276,4.621497749575276,4.621497749575276,4.621497749575276,4.621497749575276,4.621497749575276,4.621497749575276,4.621497749575276,4.621497749575276,4.621497749575276,4.621497749575276,4.621497749575276,4.621497749575276,4.621497749575276,4.621497749575276,4.621497749575276,4.621497749575276,4.621497749575276,4.621497749575276,4.621497749575276,4.621497749575276,4.621497749575276,4.621497749575276,4.621497749575276,4.621497749575276,4.621497749575276,4.621497749575276,4.621497749575276,4.621497749575276,3.7049813791604174,2.9516998866956734,2.9516998866956734,2.9516998866956734,2.9516998866956734,2.9516998866956734,2.9516998866956734,2.9516998866956734,2.9516998866956734,2.9516998866956734,2.9516998866956734,2.9516998866956734,2.9516998866956734,2.9516998866956734,2.9516998866956734,2.9516998866956734,2.9516998866956734,2.9516998866956734,2.9516998866956734,2.9516998866956734,2.9516998866956734,2.9516998866956734,2.9516998866956734,2.9516998866956734,2.9516998866956734,2.9516998866956734,2.9516998866956734,2.9516998866956734,2.9516998866956734,2.9516998866956734,2.9516998866956734,2.9516998866956734,2.9516998866956734,2.9516998866956734,2.9516998866956734,2.9326021557931443,2.9326021557931443,2.9326021557931443,2.9326021557931443,2.9326021557931443,2.9326021557931443,2.9326021557931443,2.9326021557931443,2.9326021557931443,2.9326021557931443,2.9326021557931443,2.9326021557931443,2.9326021557931443,2.9326021557931443,2.9326021557931443,2.9326021557931443,2.9326021557931443,2.9326021557931443,2.9326021557931443,2.9326021557931443,2.9326021557931443,2.9326021557931443,2.9326021557931443,2.9326021557931443,2.9326021557931443,2.9326021557931443,2.9326021557931443,2.9326021557931443,2.9326021557931443,2.9326021557931443,2.9326021557931443,2.9326021557931443,2.9326021557931443,2.9326021557931443,2.9326021557931443,2.9326021557931443,2.9326021557931443,2.9326021557931443,2.9326021557931443,2.9326021557931443,2.9326021557931443,2.9326021557931443,2.9326021557931443,2.9326021557931443,2.9326021557931443,2.9326021557931443,2.9326021557931443,2.9326021557931443,2.9326021557931443,2.9326021557931443,2.9326021557931443,2.9326021557931443,2.897353262279667,2.897353262279667,2.897353262279667,2.897353262279667,2.897353262279667,2.897353262279667,2.897353262279667,2.897353262279667,2.897353262279667,2.897353262279667,2.897353262279667,2.897353262279667,2.897353262279667,2.897353262279667,2.897353262279667,2.897353262279667,2.897353262279667,2.897353262279667,2.897353262279667,2.897353262279667,2.897353262279667,2.897353262279667,2.897353262279667,2.897353262279667,2.8344322540207925,2.8344322540207925,2.8344322540207925,2.8344322540207925,2.8344322540207925,2.8344322540207925,2.8344322540207925,2.8344322540207925,2.8344322540207925,2.8344322540207925,2.8344322540207925,2.8344322540207925,2.8344322540207925,2.8344322540207925,2.8344322540207925,2.8344322540207925,2.8344322540207925,2.8344322540207925,2.8344322540207925,2.8344322540207925,2.8344322540207925,2.8344322540207925,2.8344322540207925,2.8344322540207925,2.8344322540207925,2.8344322540207925,2.8344322540207925,2.8344322540207925,2.8344322540207925,2.8344322540207925,2.8344322540207925,2.8344322540207925,2.8344322540207925,2.8344322540207925,2.8344322540207925,2.8344322540207925,2.8344322540207925,2.8344322540207925,2.8344322540207925,2.8344322540207925,2.8344322540207925,2.8344322540207925,2.8344322540207925,2.8344322540207925,2.8344322540207925,2.8344322540207925,2.8344322540207925,2.8344322540207925,2.8344322540207925,2.8344322540207925,2.8344322540207925,2.8344322540207925,2.8344322540207925,2.8344322540207925,2.8344322540207925,2.8344322540207925,2.8344322540207925,2.8344322540207925,2.8344322540207925,2.8344322540207925,2.8344322540207925,2.8344322540207925,2.8344322540207925,2.8344322540207925,2.8344322540207925,2.8344322540207925,2.8344322540207925,2.8344322540207925,2.8344322540207925,2.8344322540207925,2.8344322540207925,2.8344322540207925,2.8344322540207925,2.8344322540207925,2.8344322540207925,2.8344322540207925,2.8344322540207925,2.8344322540207925,2.8344322540207925,2.8344322540207925,2.8344322540207925,2.8344322540207925,2.8344322540207925,2.8344322540207925,2.8344322540207925,2.8344322540207925,2.8344322540207925,2.8344322540207925,2.8344322540207925,2.8344322540207925,2.8344322540207925,2.8344322540207925,2.8344322540207925,2.8344322540207925,2.8344322540207925,2.8344322540207925,2.8344322540207925,2.8344322540207925,2.8344322540207925,2.8344322540207925,2.8344322540207925,2.8344322540207925,2.8344322540207925,2.8344322540207925,2.8344322540207925,2.8344322540207925,2.8344322540207925,2.8344322540207925,2.8344322540207925,2.8344322540207925,2.8344322540207925,2.8344322540207925,2.8344322540207925,2.8344322540207925,2.8344322540207925,2.8344322540207925,2.8344322540207925,2.8344322540207925,2.8344322540207925,2.8344322540207925,2.8344322540207925,2.8344322540207925,2.8344322540207925,2.8344322540207925,2.8344322540207925,2.8344322540207925,2.8344322540207925,2.8344322540207925,2.8344322540207925,2.8344322540207925,2.8344322540207925,2.8344322540207925,2.8344322540207925,2.8344322540207925,2.8344322540207925,2.8344322540207925,2.8344322540207925,2.8344322540207925,2.8344322540207925,2.8344322540207925,2.8344322540207925,2.8344322540207925,2.8344322540207925,2.8344322540207925,2.8344322540207925,2.8344322540207925,2.8344322540207925,2.8344322540207925,2.8344322540207925,2.8344322540207925,2.8344322540207925,2.8344322540207925,2.8344322540207925,2.8344322540207925,2.8344322540207925,2.8344322540207925,2.8344322540207925,2.8344322540207925,2.8344322540207925,2.8344322540207925,2.8344322540207925,2.8344322540207925,2.8344322540207925,2.8344322540207925,2.8344322540207925,2.8344322540207925,2.8344322540207925,2.8344322540207925,2.8344322540207925,2.8344322540207925,2.8344322540207925,2.8344322540207925,2.8344322540207925,2.8344322540207925,2.8344322540207925,2.8344322540207925,2.8344322540207925,2.8344322540207925,2.8344322540207925,2.8344322540207925,2.8344322540207925,2.8344322540207925,2.8344322540207925,2.8344322540207925,2.8344322540207925,2.8344322540207925,2.8344322540207925,2.8344322540207925,2.8344322540207925,2.8344322540207925,1.068826065597974,1.068826065597974,1.068826065597974,1.068826065597974,1.068826065597974,1.068826065597974,1.068826065597974,1.068826065597974,1.068826065597974,1.068826065597974,1.068826065597974,1.068826065597974,1.068826065597974,1.068826065597974,1.068826065597974,1.068826065597974,1.068826065597974,1.068826065597974,1.068826065597974,1.068826065597974,1.068826065597974,1.068826065597974,1.068826065597974,1.068826065597974,1.068826065597974,1.068826065597974,1.068826065597974,1.068826065597974,1.068826065597974,1.068826065597974,1.068826065597974,1.068826065597974,1.068826065597974,1.068826065597974,1.068826065597974,1.068826065597974,1.068826065597974,1.068826065597974,1.068826065597974,1.068826065597974,1.068826065597974,1.068826065597974,1.068826065597974,1.068826065597974,1.068826065597974,1.068826065597974,1.068826065597974,1.068826065597974,1.068826065597974,1.068826065597974,1.068826065597974,1.068826065597974,1.068826065597974,1.068826065597974,1.068826065597974,1.068826065597974,1.068826065597974,1.068826065597974,1.068826065597974,1.068826065597974,1.068826065597974,1.068826065597974,1.068826065597974,1.068826065597974,1.068826065597974,1.068826065597974,1.068826065597974,1.068826065597974,1.068826065597974,1.068826065597974,1.068826065597974,1.068826065597974,1.068826065597974,1.068826065597974,1.068826065597974,1.068826065597974,1.068826065597974,1.068826065597974,1.068826065597974,1.068826065597974,1.068826065597974,1.068826065597974,1.068826065597974,1.068826065597974,1.068826065597974,1.068826065597974,1.068826065597974,1.068826065597974,1.068826065597974,1.068826065597974,1.068826065597974,1.068826065597974,1.068826065597974,1.068826065597974,1.068826065597974,1.068826065597974,1.068826065597974,1.068826065597974,1.068826065597974,1.068826065597974,1.068826065597974,1.068826065597974,1.068826065597974,1.068826065597974,1.068826065597974,1.068826065597974,1.068826065597974,1.068826065597974,1.068826065597974,1.068826065597974,1.068826065597974,1.068826065597974,1.068826065597974,1.068826065597974,1.068826065597974,1.068826065597974,1.068826065597974,1.068826065597974,1.068826065597974,1.068826065597974,1.068826065597974,1.068826065597974,1.068826065597974,1.068826065597974,1.068826065597974,1.068826065597974,1.068826065597974,1.068826065597974,1.068826065597974,1.068826065597974,1.068826065597974,1.068826065597974,1.068826065597974,1.068826065597974,1.068826065597974,1.068826065597974,1.068826065597974,1.068826065597974,1.068826065597974,1.068826065597974,1.068826065597974,1.068826065597974,1.068826065597974,1.068826065597974,1.068826065597974,1.068826065597974,1.068826065597974,1.068826065597974,1.068826065597974,1.068826065597974,1.068826065597974,1.068826065597974,1.068826065597974,1.068826065597974,1.068826065597974,1.068826065597974,1.068826065597974,1.068826065597974,1.068826065597974,1.068826065597974,1.068826065597974,1.068826065597974,1.068826065597974,1.068826065597974,1.068826065597974,1.068826065597974,1.068826065597974,1.068826065597974,1.068826065597974,1.068826065597974,1.068826065597974,1.068826065597974,1.068826065597974,1.068826065597974,1.068826065597974,1.068826065597974,1.068826065597974,1.068826065597974,1.068826065597974,1.068826065597974,1.068826065597974,1.068826065597974,1.068826065597974,1.068826065597974,1.068826065597974,1.068826065597974,1.068826065597974,1.068826065597974,1.068826065597974,1.068826065597974,1.068826065597974,1.068826065597974,1.068826065597974,1.068826065597974,1.068826065597974,1.068826065597974,1.068826065597974,1.068826065597974,1.068826065597974,1.068826065597974,1.068826065597974,1.068826065597974,1.068826065597974,1.068826065597974,1.068826065597974,1.068826065597974,1.068826065597974,1.068826065597974,1.068826065597974,1.068826065597974,1.068826065597974,1.068826065597974,1.068826065597974,1.068826065597974,1.068826065597974,1.068826065597974,1.068826065597974,1.068826065597974,1.068826065597974,1.068826065597974,1.068826065597974,1.068826065597974,1.068826065597974,1.068826065597974,1.068826065597974,1.068826065597974,1.068826065597974,1.068826065597974,1.068826065597974,1.068826065597974,1.068826065597974,1.068826065597974,1.068826065597974,1.068826065597974,1.068826065597974,1.068826065597974,1.068826065597974,1.068826065597974,1.068826065597974,1.068826065597974,1.068826065597974,1.068826065597974,1.068826065597974,1.068826065597974,1.068826065597974,1.068826065597974,1.068826065597974,1.068826065597974,1.068826065597974,1.068826065597974,1.068826065597974,1.068826065597974,1.068826065597974,1.068826065597974,1.068826065597974,1.068826065597974,1.068826065597974,1.068826065597974,1.068826065597974,1.068826065597974,1.068826065597974,1.068826065597974,1.068826065597974,1.068826065597974,1.068826065597974,1.068826065597974,1.068826065597974,1.068826065597974,1.068826065597974,1.068826065597974,1.068826065597974,1.068826065597974,1.068826065597974,1.068826065597974,1.068826065597974,1.068826065597974,1.068826065597974,1.068826065597974,1.068826065597974,1.068826065597974,1.068826065597974,1.068826065597974,1.068826065597974,1.068826065597974,1.068826065597974,1.068826065597974,1.068826065597974,1.068826065597974,1.068826065597974,1.068826065597974,1.068826065597974,1.068826065597974,1.068826065597974,1.068826065597974,1.068826065597974,1.068826065597974,1.068826065597974,1.068826065597974,1.068826065597974,1.068826065597974,1.068826065597974,1.068826065597974,1.068826065597974,1.068826065597974,1.068826065597974,1.068826065597974,1.068826065597974,1.068826065597974,1.068826065597974,1.068826065597974,1.068826065597974,1.068826065597974,1.068826065597974,1.068826065597974,1.068826065597974,1.068826065597974,1.068826065597974,1.068826065597974,1.068826065597974,1.068826065597974,1.068826065597974,1.068826065597974,1.068826065597974,1.068826065597974,1.068826065597974,1.068826065597974,1.068826065597974,1.068826065597974,1.068826065597974,1.068826065597974,1.068826065597974,1.068826065597974,1.068826065597974,1.068826065597974,1.068826065597974,1.068826065597974,1.068826065597974,1.068826065597974,1.068826065597974,1.068826065597974,1.068826065597974,1.068826065597974,1.068826065597974,1.068826065597974,1.068826065597974,1.068826065597974,1.068826065597974,1.068826065597974,1.068826065597974,1.068826065597974,1.068826065597974,1.068826065597974,1.068826065597974,1.068826065597974,1.068826065597974,1.068826065597974,1.068826065597974,1.068826065597974,1.068826065597974,1.068826065597974,1.068826065597974,1.068826065597974,1.068826065597974,1.068826065597974,1.068826065597974,1.068826065597974,1.068826065597974,1.068826065597974,1.068826065597974,1.068826065597974,1.068826065597974,1.068826065597974,1.068826065597974,1.068826065597974,1.068826065597974,1.068826065597974,1.068826065597974,1.068826065597974,1.068826065597974,1.068826065597974,1.068826065597974,1.068826065597974,1.068826065597974,1.068826065597974,1.068826065597974,1.068826065597974,1.068826065597974,1.068826065597974,1.068826065597974,1.068826065597974,1.068826065597974,1.068826065597974,1.068826065597974,1.068826065597974,1.068826065597974,1.068826065597974,1.068826065597974,1.068826065597974,1.068826065597974,1.068826065597974,1.068826065597974,1.068826065597974,1.068826065597974,1.068826065597974,1.068826065597974,1.068826065597974,1.068826065597974,1.068826065597974,1.068826065597974,1.068826065597974,1.068826065597974,1.068826065597974,1.068826065597974,1.068826065597974,1.068826065597974,1.068826065597974,1.068826065597974,1.068826065597974,1.068826065597974,1.068826065597974,1.068826065597974,1.068826065597974,1.068826065597974,1.068826065597974,1.068826065597974,1.068826065597974,1.068826065597974,1.068826065597974,1.068826065597974,1.068826065597974,1.068826065597974,1.068826065597974,1.068826065597974,1.068826065597974,1.068826065597974,1.068826065597974,1.068826065597974,1.068826065597974,1.068826065597974,1.068826065597974,1.068826065597974,1.068826065597974,1.068826065597974,1.068826065597974,1.068826065597974,1.068826065597974,1.068826065597974,1.068826065597974,1.068826065597974,1.068826065597974,1.068826065597974,1.068826065597974,1.068826065597974,1.068826065597974,1.068826065597974,1.068826065597974,1.068826065597974,1.068826065597974,1.068826065597974,1.068826065597974,1.068826065597974,1.068826065597974,1.068826065597974,1.068826065597974,1.068826065597974,1.068826065597974,1.068826065597974,1.068826065597974,1.068826065597974,1.068826065597974,1.068826065597974,1.068826065597974,1.068826065597974,1.068826065597974,1.068826065597974,1.068826065597974,1.068826065597974,1.068826065597974,1.068826065597974,1.068826065597974,1.068826065597974,1.068826065597974,1.068826065597974,1.068826065597974,1.068826065597974,1.068826065597974,1.068826065597974,1.068826065597974,8.232591349277673,8.232591349277673,7.962924149497172,7.962924149497172,7.962924149497172,7.962924149497172,7.375486952495446,7.375486952495446,7.375486952495446,7.375486952495446,7.375486952495446,7.375486952495446,7.375486952495446,7.375486952495446,7.375486952495446,7.375486952495446,7.323999509620704,7.323999509620704,7.323999509620704,7.323999509620704,7.323999509620704,7.323999509620704,7.323999509620704,7.323999509620704,7.323999509620704,7.323999509620704,7.323999509620704,7.323999509620704,7.323999509620704,7.323999509620704,7.323999509620704,7.323999509620704,7.323999509620704,7.323999509620704,6.117503533125714,6.117503533125714,6.117503533125714,5.390275837012698,5.390275837012698,5.390275837012698,5.390275837012698,5.390275837012698,5.390275837012698,5.390275837012698,5.390275837012698,5.390275837012698,5.390275837012698,5.390275837012698,5.390275837012698,5.390275837012698,5.390275837012698,5.390275837012698,5.390275837012698,5.390275837012698,5.390275837012698,5.390275837012698,5.390275837012698,5.390275837012698,5.390275837012698,5.390275837012698,5.390275837012698,5.390275837012698,5.390275837012698,5.390275837012698,5.390275837012698,5.390275837012698,5.390275837012698,5.390275837012698,5.390275837012698,5.390275837012698,5.390275837012698,5.390275837012698,5.390275837012698,5.390275837012698,5.390275837012698,5.390275837012698,5.390275837012698,5.390275837012698,5.390275837012698,5.390275837012698,5.390275837012698,5.390275837012698,5.390275837012698,5.390275837012698,5.390275837012698,5.390275837012698,5.390275837012698,5.390275837012698,5.390275837012698,5.390275837012698,5.390275837012698,5.390275837012698,5.390275837012698,5.390275837012698,5.390275837012698,5.390275837012698,5.390275837012698,5.390275837012698,5.390275837012698,5.390275837012698,5.390275837012698,5.390275837012698,5.390275837012698,5.390275837012698,5.390275837012698,5.390275837012698,5.390275837012698,5.390275837012698,5.390275837012698,5.390275837012698,5.390275837012698,5.390275837012698,5.390275837012698,5.390275837012698,5.390275837012698,5.390275837012698,5.390275837012698,5.390275837012698,5.390275837012698,5.390275837012698,5.390275837012698,5.390275837012698,5.390275837012698,5.390275837012698,5.390275837012698,5.390275837012698,5.390275837012698,5.390275837012698,5.390275837012698,5.390275837012698,5.390275837012698,5.390275837012698,5.390275837012698,5.390275837012698,5.390275837012698,5.390275837012698,5.390275837012698,5.390275837012698,5.390275837012698,5.390275837012698,5.390275837012698,5.390275837012698,5.390275837012698,5.390275837012698,5.027274315578121,5.027274315578121,5.027274315578121,5.027274315578121,5.027274315578121,4.688701955430312,4.688701955430312,4.688701955430312,4.688701955430312,4.688701955430312,4.688701955430312,4.688701955430312,4.688701955430312,4.688701955430312,4.688701955430312,4.688701955430312,4.688701955430312,4.688701955430312,4.688701955430312,4.688701955430312,4.688701955430312,4.688701955430312,4.688701955430312,4.688701955430312,4.688701955430312,4.688701955430312,4.688701955430312,4.688701955430312,4.688701955430312,4.688701955430312,4.688701955430312,4.688701955430312,4.688701955430312,4.688701955430312,4.688701955430312,4.688701955430312,4.688701955430312,4.688701955430312,4.688701955430312,4.688701955430312,4.688701955430312,4.688701955430312,4.688701955430312,4.688701955430312,4.688701955430312,4.688701955430312,4.688701955430312,4.688701955430312,4.688701955430312,4.688701955430312,4.688701955430312,4.688701955430312,4.688701955430312,4.688701955430312,4.688701955430312,4.688701955430312,4.688701955430312,4.688701955430312,4.688701955430312,4.688701955430312,4.688701955430312,4.688701955430312,4.688701955430312,4.688701955430312,4.688701955430312,4.688701955430312,4.688701955430312,4.688701955430312,4.688701955430312,4.688701955430312,4.688701955430312,4.688701955430312,4.688701955430312,4.688701955430312,4.688701955430312,4.688701955430312,4.688701955430312,4.688701955430312,4.688701955430312,4.688701955430312,4.688701955430312,4.688701955430312,4.688701955430312,4.688701955430312,4.688701955430312,4.688701955430312,4.688701955430312,4.688701955430312,4.688701955430312,4.688701955430312,4.688701955430312,4.688701955430312,4.688701955430312,4.688701955430312,4.688701955430312,4.688701955430312,4.688701955430312,4.688701955430312,4.688701955430312,4.688701955430312,4.688701955430312,4.688701955430312,4.688701955430312,4.688701955430312,4.688701955430312,4.688701955430312,4.688701955430312,4.688701955430312,4.688701955430312,4.688701955430312,4.688701955430312,4.688701955430312,4.688701955430312,4.688701955430312,4.688701955430312,4.688701955430312,4.688701955430312,4.688701955430312,4.688701955430312,4.688701955430312,4.688701955430312,4.688701955430312,4.688701955430312,4.688701955430312,4.688701955430312,4.688701955430312,4.688701955430312,4.688701955430312,4.688701955430312,4.688701955430312,4.688701955430312,4.688701955430312,4.688701955430312,4.688701955430312,4.688701955430312,4.688701955430312,4.688701955430312,4.688701955430312,4.688701955430312,4.688701955430312,4.688701955430312,4.688701955430312,4.688701955430312,4.688701955430312,4.688701955430312,4.688701955430312,4.688701955430312,4.688701955430312,4.688701955430312,4.688701955430312,4.688701955430312,4.688701955430312,4.688701955430312,4.688701955430312,4.688701955430312,4.688701955430312,4.688701955430312,4.688701955430312,4.688701955430312,4.688701955430312,4.688701955430312,4.688701955430312,4.688701955430312,4.688701955430312,4.688701955430312,4.688701955430312,4.688701955430312,4.688701955430312,4.688701955430312,4.688701955430312,4.688701955430312,4.688701955430312,4.688701955430312,4.688701955430312,4.688701955430312,4.688701955430312,4.688701955430312,4.688701955430312,4.688701955430312,4.688701955430312,4.688701955430312,4.688701955430312,4.688701955430312,4.688701955430312,4.688701955430312,4.688701955430312,4.688701955430312,4.688701955430312,4.688701955430312,4.688701955430312,4.688701955430312,4.688701955430312,4.688701955430312,4.688701955430312,4.688701955430312,4.688701955430312,4.688701955430312,4.688701955430312,4.688701955430312,4.688701955430312,4.688701955430312,4.688701955430312,4.688701955430312,4.688701955430312,4.688701955430312,4.688701955430312,4.688701955430312,4.688701955430312,4.688701955430312,4.688701955430312,4.688701955430312,4.688701955430312,4.688701955430312,4.688701955430312,4.688701955430312,4.688701955430312,4.688701955430312,4.688701955430312,4.688701955430312,4.688701955430312,4.688701955430312,4.688701955430312,4.688701955430312,4.688701955430312,4.688701955430312,4.688701955430312,4.688701955430312,4.688701955430312,4.688701955430312,4.688701955430312,4.688701955430312,4.688701955430312,4.688701955430312,4.688701955430312,4.688701955430312,4.688701955430312,4.688701955430312,4.688701955430312,4.688701955430312,4.688701955430312,4.688701955430312,4.688701955430312,4.688701955430312,4.688701955430312,4.688701955430312,4.688701955430312,4.688701955430312,4.688701955430312,4.688701955430312,4.688701955430312,4.688701955430312,4.688701955430312,4.688701955430312,4.688701955430312,4.688701955430312,4.688701955430312,4.688701955430312,4.688701955430312,4.688701955430312,4.688701955430312,4.688701955430312,4.688701955430312,4.688701955430312,4.688701955430312,4.688701955430312,4.688701955430312,4.688701955430312,4.688701955430312,4.688701955430312,4.688701955430312,4.688701955430312,4.688701955430312,4.688701955430312,4.688701955430312,4.688701955430312,4.688701955430312,4.688701955430312,4.688701955430312,4.688701955430312,4.688701955430312,4.688701955430312,4.688701955430312,4.688701955430312,4.688701955430312,4.688701955430312,4.688701955430312,4.688701955430312,4.688701955430312,4.688701955430312,4.688701955430312,4.688701955430312,4.688701955430312,4.688701955430312,4.688701955430312,4.688701955430312,4.688701955430312,4.688701955430312,4.688701955430312,4.688701955430312,4.688701955430312,4.688701955430312,4.688701955430312,4.688701955430312,4.688701955430312,4.688701955430312,4.688701955430312,4.688701955430312,4.688701955430312,4.688701955430312,4.688701955430312,4.688701955430312,4.688701955430312,4.688701955430312,4.688701955430312,4.688701955430312,4.688701955430312,4.688701955430312,4.688701955430312,4.688701955430312,4.688701955430312,4.688701955430312,4.688701955430312,4.688701955430312,4.688701955430312,4.688701955430312,4.688701955430312,4.688701955430312,4.688701955430312,4.688701955430312,4.688701955430312,4.688701955430312,4.688701955430312,4.688701955430312,4.688701955430312,4.688701955430312,4.688701955430312,4.688701955430312,4.688701955430312,4.688701955430312,4.688701955430312,4.688701955430312,4.688701955430312,4.688701955430312,4.688701955430312,4.688701955430312,4.688701955430312,4.688701955430312,4.688701955430312,4.688701955430312,4.688701955430312,4.688701955430312,4.688701955430312,4.688701955430312,4.688701955430312,4.688701955430312,4.688701955430312,4.688701955430312,4.688701955430312,4.688701955430312,4.688701955430312,4.688701955430312,4.688701955430312,4.688701955430312,4.688701955430312,4.688701955430312,4.688701955430312,4.688701955430312,4.688701955430312,4.688701955430312,4.688701955430312,4.688701955430312,4.688701955430312,4.688701955430312,4.688701955430312,4.688701955430312,4.688701955430312,4.688701955430312,4.688701955430312,4.688701955430312,4.688701955430312,4.688701955430312,4.688701955430312,4.688701955430312,4.688701955430312,4.688701955430312,4.688701955430312,4.688701955430312,4.688701955430312,4.688701955430312,4.688701955430312,4.688701955430312,4.688701955430312,4.688701955430312,4.688701955430312,4.688701955430312,4.688701955430312,4.688701955430312,4.688701955430312,4.688701955430312,4.688701955430312,4.688701955430312,4.688701955430312,4.688701955430312,4.688701955430312,4.688701955430312,4.688701955430312,4.688701955430312,4.688701955430312,4.688701955430312,4.688701955430312,4.688701955430312,4.688701955430312,4.688701955430312,4.688701955430312,4.688701955430312,4.688701955430312,4.688701955430312,4.688701955430312,4.688701955430312,4.688701955430312,4.688701955430312,4.688701955430312,4.688701955430312,4.688701955430312,4.688701955430312,4.688701955430312,4.688701955430312,4.688701955430312,4.688701955430312,4.688701955430312,4.688701955430312,4.688701955430312,4.688701955430312,4.688701955430312,4.688701955430312,4.688701955430312,4.688701955430312,4.688701955430312,4.688701955430312,4.688701955430312,4.688701955430312,4.688701955430312,4.688701955430312,4.688701955430312,4.688701955430312,4.688701955430312,4.688701955430312,4.688701955430312,4.688701955430312,4.688701955430312,4.688701955430312,4.688701955430312,4.688701955430312,4.688701955430312,4.688701955430312,4.688701955430312,4.688701955430312,4.688701955430312,4.688701955430312,4.688701955430312,4.688701955430312,4.688701955430312,4.688701955430312,4.688701955430312,4.688701955430312,4.688701955430312,4.688701955430312,4.688701955430312,4.688701955430312,4.688701955430312,4.688701955430312,4.688701955430312,4.688701955430312,4.688701955430312,4.688701955430312,4.688701955430312,4.688701955430312,4.688701955430312,4.688701955430312,4.688701955430312,4.688701955430312,4.688701955430312,4.688701955430312,4.688701955430312,4.688701955430312,4.688701955430312,4.688701955430312,4.688701955430312,4.688701955430312,4.688701955430312,4.688701955430312,4.688701955430312,4.688701955430312,4.688701955430312,4.688701955430312,4.688701955430312,4.688701955430312,4.688701955430312,4.688701955430312,4.688701955430312,4.688701955430312,4.688701955430312,4.688701955430312,4.688701955430312,4.688701955430312,4.688701955430312,4.688701955430312,4.688701955430312,4.688701955430312,4.688701955430312,4.688701955430312,4.688701955430312,4.688701955430312,4.688701955430312,4.688701955430312,4.688701955430312,4.688701955430312,4.688701955430312,4.688701955430312,4.688701955430312,4.688701955430312,4.688701955430312,4.688701955430312,4.688701955430312,4.688701955430312,4.688701955430312,4.688701955430312,4.688701955430312,4.688701955430312,4.688701955430312,4.688701955430312,4.688701955430312,4.688701955430312,4.688701955430312,4.688701955430312,4.688701955430312,4.688701955430312,4.688701955430312,4.688701955430312,4.688701955430312,4.688701955430312,4.688701955430312,4.688701955430312,4.688701955430312,4.688701955430312,4.688701955430312,4.688701955430312,4.688701955430312,4.688701955430312,4.688701955430312,4.688701955430312,4.688701955430312,4.688701955430312,4.688701955430312,4.688701955430312,4.688701955430312,4.688701955430312,4.688701955430312,4.688701955430312,4.688701955430312,4.688701955430312,4.688701955430312,4.688701955430312,4.688701955430312,4.688701955430312,4.688701955430312,4.688701955430312,4.688701955430312,4.688701955430312,4.688701955430312,4.688701955430312,4.688701955430312,4.688701955430312,4.688701955430312,4.688701955430312,4.688701955430312,4.688701955430312,4.688701955430312,4.688701955430312,4.688701955430312,4.688701955430312,4.688701955430312,4.688701955430312,4.688701955430312,4.688701955430312,4.688701955430312,4.688701955430312,4.688701955430312,4.688701955430312,4.688701955430312,4.688701955430312,4.688701955430312,4.688701955430312,4.688701955430312,4.688701955430312,4.688701955430312,4.688701955430312,4.688701955430312,4.688701955430312,4.688701955430312,4.688701955430312,4.688701955430312,4.688701955430312,4.688701955430312,4.688701955430312,4.688701955430312,4.688701955430312,4.688701955430312,4.688701955430312,4.688701955430312,4.688701955430312,4.688701955430312,4.688701955430312,4.688701955430312,4.688701955430312,4.688701955430312,4.688701955430312,4.688701955430312,4.688701955430312,4.688701955430312,4.688701955430312,4.688701955430312,4.688701955430312,4.688701955430312,4.688701955430312,4.688701955430312,4.688701955430312,4.688701955430312,4.688701955430312,4.688701955430312,4.688701955430312,4.688701955430312,4.688701955430312,4.688701955430312,4.688701955430312,4.688701955430312,4.688701955430312,4.688701955430312,4.688701955430312,4.688701955430312,4.688701955430312,4.688701955430312,4.688701955430312,4.688701955430312,4.688701955430312,4.688701955430312,4.688701955430312,4.688701955430312,4.688701955430312,4.688701955430312,4.688701955430312,4.688701955430312,4.688701955430312,4.688701955430312,4.688701955430312,4.688701955430312,4.688701955430312,4.688701955430312,4.688701955430312,4.688701955430312,4.688701955430312,4.688701955430312,4.688701955430312,4.688701955430312,4.688701955430312,4.688701955430312,4.688701955430312,4.688701955430312,4.688701955430312,4.688701955430312,4.688701955430312,4.688701955430312,4.688701955430312,4.688701955430312,4.688701955430312,4.688701955430312,4.688701955430312,4.688701955430312,4.688701955430312,4.688701955430312,4.688701955430312,4.688701955430312,4.688701955430312,4.688701955430312,4.688701955430312,4.688701955430312,4.688701955430312,4.688701955430312,4.688701955430312,4.688701955430312,4.688701955430312,4.688701955430312,4.688701955430312,4.688701955430312,4.688701955430312,4.688701955430312,4.688701955430312,4.688701955430312,4.688701955430312,4.688701955430312,4.688701955430312,4.688701955430312,4.688701955430312,4.688701955430312,4.688701955430312,4.688701955430312,4.688701955430312,4.688701955430312,4.688701955430312,4.688701955430312,4.688701955430312,4.688701955430312,4.688701955430312,4.688701955430312,4.688701955430312,4.688701955430312,4.688701955430312,4.688701955430312,4.688701955430312,4.688701955430312,4.688701955430312,4.688701955430312,4.688701955430312,4.688701955430312,4.688701955430312,4.688701955430312,4.688701955430312,4.688701955430312,4.688701955430312,4.688701955430312,4.688701955430312,4.688701955430312,4.688701955430312,4.688701955430312,4.688701955430312,4.688701955430312,4.688701955430312,4.688701955430312,4.688701955430312,4.688701955430312,4.688701955430312,4.688701955430312,4.688701955430312,4.688701955430312,4.688701955430312,4.688701955430312,4.688701955430312,4.688701955430312,4.688701955430312,4.688701955430312,4.688701955430312,4.688701955430312,4.688701955430312,4.688701955430312,4.688701955430312,4.688701955430312,4.688701955430312,4.688701955430312,4.688701955430312,4.688701955430312,4.688701955430312,4.688701955430312,4.688701955430312,4.688701955430312,4.688701955430312,4.688701955430312,4.688701955430312,4.688701955430312,4.688701955430312,4.688701955430312,4.688701955430312,4.688701955430312,4.688701955430312,4.688701955430312,4.688701955430312,4.688701955430312,4.688701955430312,4.688701955430312,4.688701955430312,4.688701955430312,4.688701955430312,4.688701955430312,4.688701955430312,4.688701955430312,4.688701955430312,4.688701955430312,4.688701955430312,4.688701955430312,4.688701955430312,4.688701955430312,4.688701955430312,4.688701955430312,4.688701955430312,4.688701955430312,4.688701955430312,4.688701955430312,4.688701955430312,4.688701955430312,4.688701955430312,4.688701955430312,4.688701955430312,4.688701955430312,4.688701955430312,4.688701955430312,4.688701955430312,4.688701955430312,4.688701955430312,4.688701955430312,4.688701955430312,4.688701955430312,4.688701955430312,4.688701955430312,4.688701955430312,4.688701955430312,4.688701955430312,4.688701955430312,4.688701955430312,4.688701955430312,4.688701955430312,4.688701955430312,4.688701955430312,4.688701955430312,4.688701955430312,4.688701955430312,4.688701955430312,4.688701955430312,4.688701955430312,4.688701955430312,4.688701955430312,4.688701955430312,4.688701955430312,4.688701955430312,4.688701955430312,4.688701955430312,4.688701955430312,4.688701955430312,4.688701955430312,4.688701955430312,4.688701955430312,4.688701955430312,4.688701955430312,4.688701955430312,4.688701955430312,4.688701955430312,4.688701955430312,4.688701955430312,4.688701955430312,4.688701955430312,4.688701955430312,4.688701955430312,4.688701955430312,4.688701955430312,4.688701955430312,4.688701955430312,4.688701955430312,4.688701955430312,6.070626356632736,5.70124314991004,5.2807808728550185,4.979786309535225,4.979786309535225,4.979786309535225,4.979786309535225,4.979786309535225,4.979786309535225,4.979786309535225,4.979786309535225,4.979786309535225,4.979786309535225,4.979786309535225,4.979786309535225,4.979786309535225,4.979786309535225,4.979786309535225,4.905226919415769,4.812562019510076,4.812562019510076,4.812562019510076,4.812562019510076,4.812562019510076,4.812562019510076,4.812562019510076,4.812562019510076,4.812562019510076,4.551675868183036,4.551675868183036,4.551675868183036,4.551675868183036,4.551675868183036,4.551675868183036,4.551675868183036,4.551675868183036,4.551675868183036,4.551675868183036,4.551675868183036,4.551675868183036,4.551675868183036,4.551675868183036,4.551675868183036,4.551675868183036,4.551675868183036,4.551675868183036,4.551675868183036,4.551675868183036,4.551675868183036,4.551675868183036,4.551675868183036,4.551675868183036,4.551675868183036,4.541265897754403,4.541265897754403,4.541265897754403,4.541265897754403,4.541265897754403,4.541265897754403,4.541265897754403,4.541265897754403,4.541265897754403,4.541265897754403,4.541265897754403,4.541265897754403,4.541265897754403,4.541265897754403,4.541265897754403,4.541265897754403,4.541265897754403,4.541265897754403,4.541265897754403,4.541265897754403,4.541265897754403,4.541265897754403,4.541265897754403,4.541265897754403,4.541265897754403,4.541265897754403,4.541265897754403,4.541265897754403,4.541265897754403,4.541265897754403,4.541265897754403,4.541265897754403,3.783661040883084,3.6089112720506438,3.6089112720506438,3.6089112720506438,3.6089112720506438,3.6089112720506438,3.6089112720506438,3.6089112720506438,3.6089112720506438,3.6089112720506438,3.6089112720506438,3.6089112720506438,3.6089112720506438,3.6089112720506438,3.6089112720506438,3.6089112720506438,3.6089112720506438,3.6089112720506438,3.6089112720506438,3.6089112720506438,3.4602558887181067,3.4602558887181067,3.4602558887181067,3.4602558887181067,3.4602558887181067,3.4602558887181067,3.4602558887181067,3.4602558887181067,3.4602558887181067,3.4602558887181067,3.4602558887181067,3.0142776379997427,3.0142776379997427,3.0142776379997427,3.0142776379997427,3.0142776379997427,3.0142776379997427,3.0142776379997427,3.0142776379997427,3.0142776379997427,3.0142776379997427,3.0142776379997427,3.0142776379997427,3.0142776379997427,3.0142776379997427,3.0142776379997427,3.0142776379997427,3.0142776379997427,3.0142776379997427,3.0142776379997427,3.0142776379997427,3.0142776379997427,3.0142776379997427,3.0142776379997427,3.0142776379997427,3.0142776379997427,3.0142776379997427,3.0142776379997427,3.0142776379997427,3.0142776379997427,3.0142776379997427,3.0142776379997427,3.0142776379997427,3.0142776379997427,3.0142776379997427,3.0142776379997427,3.0142776379997427,3.0142776379997427,3.0142776379997427,3.0142776379997427,3.0142776379997427,3.0142776379997427,3.0142776379997427,3.0142776379997427,3.0142776379997427,3.0142776379997427,3.0142776379997427,3.0142776379997427,3.0142776379997427,3.0142776379997427,3.0142776379997427,3.0142776379997427,3.0142776379997427,3.0142776379997427,3.0142776379997427,3.0142776379997427,3.0142776379997427,3.0142776379997427,3.0142776379997427,3.0142776379997427,3.0142776379997427,3.0142776379997427,3.0142776379997427,3.0142776379997427,3.0142776379997427,3.0142776379997427,3.0142776379997427,3.0142776379997427,3.0142776379997427,3.0142776379997427,3.0142776379997427,3.0142776379997427,3.0142776379997427,3.0142776379997427,3.0142776379997427,3.0142776379997427,3.0142776379997427,3.0142776379997427,3.0142776379997427,3.0142776379997427,3.0142776379997427,3.0142776379997427,3.0142776379997427,3.0142776379997427,3.0142776379997427,3.0142776379997427,3.0142776379997427,3.0142776379997427,3.0142776379997427,3.0142776379997427,3.0142776379997427,3.0142776379997427,3.0142776379997427,3.0142776379997427,3.0142776379997427,3.0142776379997427,3.0142776379997427,3.0142776379997427,3.0142776379997427,3.0142776379997427,3.0142776379997427,3.0142776379997427,3.0142776379997427,3.0142776379997427,3.0142776379997427,3.0142776379997427,3.0142776379997427,3.0142776379997427,3.0142776379997427,3.0142776379997427,3.0142776379997427,3.0142776379997427,3.0142776379997427,3.0142776379997427,3.0142776379997427,3.0142776379997427,3.0142776379997427,3.0142776379997427,3.0142776379997427,3.0142776379997427,3.0142776379997427,3.0142776379997427,3.0142776379997427,3.0142776379997427,3.0142776379997427,3.0142776379997427,3.0142776379997427,3.0142776379997427,3.0142776379997427,3.0142776379997427,3.0142776379997427,3.0142776379997427,3.0142776379997427,3.0142776379997427,3.0142776379997427,3.0142776379997427,3.0142776379997427,3.0142776379997427,3.0142776379997427,3.0142776379997427,3.0142776379997427,3.0142776379997427,3.0142776379997427,3.0142776379997427,3.0142776379997427,3.0142776379997427,3.0142776379997427,3.0142776379997427,3.0142776379997427,3.0142776379997427,3.0142776379997427,3.0142776379997427,3.0142776379997427,3.0142776379997427,3.0142776379997427,3.0142776379997427,3.0142776379997427,3.0142776379997427,3.0142776379997427,3.0142776379997427,3.0142776379997427,3.0142776379997427,3.0142776379997427,3.0142776379997427,3.0142776379997427,3.0142776379997427,3.0142776379997427,3.0142776379997427,3.0142776379997427,3.0142776379997427,3.0142776379997427,3.0142776379997427,3.0142776379997427,3.0142776379997427,3.0142776379997427,3.0142776379997427,3.0142776379997427,3.0142776379997427,3.0142776379997427,3.0142776379997427,3.0142776379997427,3.0142776379997427,3.0142776379997427,3.0142776379997427,3.0142776379997427,3.0142776379997427,3.0142776379997427,3.0142776379997427,3.0142776379997427,3.0142776379997427,3.0142776379997427,3.0142776379997427,3.0142776379997427,3.0142776379997427,3.0142776379997427,3.0142776379997427,3.0142776379997427,3.0142776379997427,3.0142776379997427,3.0142776379997427,3.0142776379997427,3.0142776379997427,3.0142776379997427,3.0142776379997427,3.0142776379997427,3.0142776379997427,3.0142776379997427,3.0142776379997427,3.0142776379997427,3.0142776379997427,3.0142776379997427,3.0142776379997427,3.0142776379997427,3.0142776379997427,3.0142776379997427,3.0142776379997427,3.0142776379997427,3.0142776379997427,3.0142776379997427,3.0142776379997427,3.0142776379997427,3.0142776379997427,3.0142776379997427,3.0142776379997427,3.0142776379997427,3.0142776379997427,3.0142776379997427,3.0142776379997427,3.0142776379997427,3.0142776379997427,3.0142776379997427,3.0142776379997427,3.0142776379997427,3.0142776379997427,3.0142776379997427,3.0142776379997427,3.0142776379997427,3.0142776379997427,3.0142776379997427,3.0142776379997427,3.0142776379997427,3.0142776379997427,3.0142776379997427,3.0142776379997427,3.0142776379997427,3.0142776379997427,3.0142776379997427,3.0142776379997427,3.0142776379997427,3.0142776379997427,3.0142776379997427,3.0142776379997427,3.0142776379997427,3.0142776379997427,3.0142776379997427,3.0142776379997427,3.0142776379997427,3.0142776379997427,3.0142776379997427,3.0142776379997427,3.0142776379997427,3.0142776379997427,3.0142776379997427,3.0142776379997427,3.0142776379997427,3.0142776379997427,3.0142776379997427,3.0142776379997427,3.0142776379997427,3.0142776379997427,3.0142776379997427,3.0142776379997427,3.0142776379997427,3.0142776379997427,3.0142776379997427,3.0142776379997427,3.0142776379997427,3.0142776379997427,3.0142776379997427,3.0142776379997427,3.0142776379997427,3.0142776379997427,3.0142776379997427,3.0142776379997427,3.0142776379997427,3.0142776379997427,3.0142776379997427,3.0142776379997427,3.0142776379997427,3.0142776379997427,3.0142776379997427,3.0142776379997427,3.0142776379997427,3.0142776379997427,3.0142776379997427,3.0142776379997427,3.0142776379997427,3.0142776379997427,3.0142776379997427,3.0142776379997427,3.0142776379997427,3.0142776379997427,3.0142776379997427,3.0142776379997427,3.0142776379997427,3.0142776379997427,3.0142776379997427,3.0142776379997427,3.0142776379997427,3.0142776379997427,3.0142776379997427,3.0142776379997427,3.0142776379997427,3.0142776379997427,3.0142776379997427,3.0142776379997427,3.0142776379997427,3.0142776379997427,3.0142776379997427,3.0142776379997427,3.0142776379997427,3.0142776379997427,3.0142776379997427,3.0142776379997427,3.0142776379997427,3.0142776379997427,3.0142776379997427,3.0142776379997427,3.0142776379997427,3.0142776379997427,3.0142776379997427,3.0142776379997427,3.0142776379997427,3.0142776379997427,3.0142776379997427,3.0142776379997427,3.0142776379997427,3.0142776379997427,3.0142776379997427,3.0142776379997427,3.0142776379997427,3.0142776379997427,3.0142776379997427,3.0142776379997427,3.0142776379997427,3.0142776379997427,3.0142776379997427,3.0142776379997427,3.0142776379997427,3.0142776379997427,3.0142776379997427,3.0142776379997427,3.0142776379997427,3.0142776379997427,3.0142776379997427,3.0142776379997427,3.0142776379997427,3.0142776379997427,3.0142776379997427,3.0142776379997427,3.0142776379997427,3.0142776379997427,3.0142776379997427,3.0142776379997427,3.0142776379997427,3.0142776379997427,3.0142776379997427,3.0142776379997427,3.0142776379997427,3.0142776379997427,3.0142776379997427,3.0142776379997427,3.0142776379997427,3.0142776379997427,3.0142776379997427,3.0142776379997427,3.0142776379997427,3.0142776379997427,3.0142776379997427,3.0142776379997427,3.0142776379997427,3.0142776379997427,3.0142776379997427,3.0142776379997427,3.0142776379997427,3.0142776379997427,3.0142776379997427,3.0142776379997427,3.0142776379997427,3.0142776379997427,3.0142776379997427,3.0142776379997427,3.0142776379997427,3.0142776379997427,3.0142776379997427,3.0142776379997427,3.0142776379997427,3.0142776379997427,3.0142776379997427,3.0142776379997427,3.0142776379997427,3.0142776379997427,3.0142776379997427,3.0142776379997427,3.0142776379997427,3.0142776379997427,3.0142776379997427,3.0142776379997427,3.0142776379997427,3.0142776379997427,3.0142776379997427,3.0142776379997427,3.0142776379997427,3.0142776379997427,3.0142776379997427,3.0142776379997427,3.0142776379997427,3.0142776379997427,3.0142776379997427,3.0142776379997427,3.0142776379997427,3.0142776379997427,3.0142776379997427,3.0142776379997427,3.0142776379997427,3.0142776379997427,3.0142776379997427,3.0142776379997427,3.0142776379997427,3.0142776379997427,3.0142776379997427,3.0142776379997427,3.0142776379997427,3.0142776379997427,3.0142776379997427,3.0142776379997427,3.0142776379997427,3.0142776379997427,3.0142776379997427,3.0142776379997427,3.0142776379997427,3.0142776379997427,3.0142776379997427,3.0142776379997427,3.0142776379997427,3.0142776379997427,3.0142776379997427,3.0142776379997427,3.0142776379997427,3.0142776379997427,3.0142776379997427,3.0142776379997427,3.0142776379997427,3.0142776379997427,3.0142776379997427,3.0142776379997427,3.0142776379997427,3.0142776379997427,3.0142776379997427,3.0142776379997427,3.0142776379997427,3.0142776379997427,3.0142776379997427,3.0142776379997427,3.0142776379997427,3.0142776379997427,3.0142776379997427,3.0142776379997427,3.0142776379997427,3.0142776379997427,3.0142776379997427,3.0142776379997427,3.0142776379997427,3.0142776379997427,3.0142776379997427,3.0142776379997427,3.0142776379997427,3.0142776379997427,3.0142776379997427,3.0142776379997427,3.0142776379997427,3.0142776379997427,3.0142776379997427,3.0142776379997427,3.0142776379997427,3.0142776379997427,3.0142776379997427,3.0142776379997427,3.0142776379997427,3.0142776379997427,3.0142776379997427,3.0142776379997427,3.0142776379997427,3.0142776379997427,3.0142776379997427,3.0142776379997427,3.0142776379997427,3.0142776379997427,3.0142776379997427,3.0142776379997427,3.0142776379997427,3.0142776379997427,3.0142776379997427,3.0142776379997427,3.0142776379997427,3.0142776379997427,3.0142776379997427,3.0142776379997427,3.0142776379997427,3.0142776379997427,3.0142776379997427,3.0142776379997427,3.0142776379997427,3.0142776379997427,3.0142776379997427,3.0142776379997427,3.0142776379997427,3.0142776379997427,3.0142776379997427,3.0142776379997427,3.0142776379997427,3.0142776379997427,3.0142776379997427,3.0142776379997427,3.0142776379997427,3.0142776379997427,3.0142776379997427,3.0142776379997427,3.0142776379997427,3.0142776379997427,3.0142776379997427,3.0142776379997427,3.0142776379997427,3.0142776379997427,3.0142776379997427,3.0142776379997427,3.0142776379997427,3.0142776379997427,3.0142776379997427,3.0142776379997427,3.0142776379997427,3.0142776379997427,3.0142776379997427,3.0142776379997427,3.0142776379997427,3.0142776379997427,3.0142776379997427,3.0142776379997427,3.0142776379997427,3.0142776379997427,3.0142776379997427,3.0142776379997427,3.0142776379997427,3.0142776379997427,3.0142776379997427,3.0142776379997427,3.0142776379997427,3.0142776379997427,3.0142776379997427,3.0142776379997427,3.0142776379997427,3.0142776379997427,3.0142776379997427,3.0142776379997427,3.0142776379997427,3.0142776379997427,3.0142776379997427,3.0142776379997427,3.0142776379997427,3.0142776379997427,3.0142776379997427,3.0142776379997427,3.0142776379997427,3.0142776379997427,3.0142776379997427,3.0142776379997427,3.0142776379997427,3.0142776379997427,3.0142776379997427,3.0142776379997427,3.0142776379997427,3.0142776379997427,3.0142776379997427,3.0142776379997427,3.0142776379997427,3.0142776379997427,3.0142776379997427,3.0142776379997427,3.0142776379997427,3.0142776379997427,3.0142776379997427,3.0142776379997427,3.0142776379997427,3.0142776379997427,3.0142776379997427,3.0142776379997427,3.0142776379997427,3.0142776379997427,3.0142776379997427,3.0142776379997427,3.0142776379997427,3.0142776379997427,3.0142776379997427,3.0142776379997427,3.0142776379997427,3.0142776379997427,3.0142776379997427,3.0142776379997427,3.0142776379997427,3.0142776379997427,3.0142776379997427,3.0142776379997427,3.0142776379997427,3.0142776379997427,3.0142776379997427,3.0142776379997427,3.0142776379997427,3.0142776379997427,3.0142776379997427,3.0142776379997427,3.0142776379997427,3.0142776379997427,3.0142776379997427,3.0142776379997427,3.0142776379997427,3.0142776379997427,3.0142776379997427,3.0142776379997427,3.0142776379997427,3.0142776379997427,3.0142776379997427,3.0142776379997427,3.0142776379997427,3.0142776379997427,3.0142776379997427,3.0142776379997427,3.0142776379997427,3.0142776379997427,3.0142776379997427,3.0142776379997427,3.0142776379997427,3.0142776379997427,3.0142776379997427,3.0142776379997427,3.0142776379997427,3.0142776379997427,3.0142776379997427,3.0142776379997427,3.0142776379997427,3.0142776379997427,3.0142776379997427,3.0142776379997427,3.0142776379997427,3.0142776379997427,3.0142776379997427,3.0142776379997427,3.0142776379997427,3.0142776379997427,3.0142776379997427,3.0142776379997427,3.0142776379997427,3.0142776379997427,3.0142776379997427,3.0142776379997427,3.0142776379997427,3.0142776379997427,3.0142776379997427,3.0142776379997427,3.0142776379997427,3.0142776379997427,3.0142776379997427,3.0142776379997427,3.0142776379997427,3.0142776379997427,3.0142776379997427,3.0142776379997427,3.0142776379997427,3.0142776379997427,3.0142776379997427,3.0142776379997427,3.0142776379997427,3.0142776379997427,3.0142776379997427,3.0142776379997427,3.0142776379997427,3.0142776379997427,3.0142776379997427,3.0142776379997427,3.0142776379997427,3.0142776379997427,3.0142776379997427,3.0142776379997427,3.0142776379997427,3.0142776379997427,3.0142776379997427,3.0142776379997427,3.0142776379997427,3.0142776379997427,3.0142776379997427,3.0142776379997427,3.0142776379997427,3.0142776379997427,3.0142776379997427,3.0142776379997427,3.0142776379997427,3.0142776379997427,3.0142776379997427,3.0142776379997427,3.0142776379997427,3.0142776379997427,3.0142776379997427,3.0142776379997427,3.0142776379997427,3.0142776379997427,3.0142776379997427,3.0142776379997427,3.0142776379997427,3.0142776379997427,3.0142776379997427,3.0142776379997427,3.0142776379997427,3.0142776379997427,3.0142776379997427,3.0142776379997427,3.0142776379997427,3.0142776379997427,3.0142776379997427,3.0142776379997427,3.0142776379997427,3.0142776379997427,3.0142776379997427,3.0142776379997427,3.0142776379997427,3.0142776379997427,3.0142776379997427,3.0142776379997427,3.0142776379997427,3.0142776379997427,3.0142776379997427,3.0142776379997427,3.0142776379997427,3.0142776379997427,3.0142776379997427,3.0142776379997427,3.0142776379997427,3.0142776379997427,3.0142776379997427,3.0142776379997427,3.0142776379997427,3.0142776379997427,3.0142776379997427,3.0142776379997427,3.0142776379997427,3.0142776379997427,3.0142776379997427,3.0142776379997427,3.0142776379997427,3.0142776379997427,3.0142776379997427,3.0142776379997427,3.0142776379997427,3.0142776379997427,3.0142776379997427,3.0142776379997427,3.0142776379997427,3.0142776379997427,3.0142776379997427,3.0142776379997427,3.0142776379997427,3.0142776379997427,3.0142776379997427,3.0142776379997427,3.0142776379997427,3.0142776379997427,3.0142776379997427,3.0142776379997427,3.0142776379997427,3.0142776379997427,3.0142776379997427,3.0142776379997427,3.0142776379997427,3.0142776379997427,3.0142776379997427,3.0142776379997427,3.0142776379997427,3.0142776379997427,3.0142776379997427,3.0142776379997427,3.0142776379997427,3.0142776379997427,3.0142776379997427,3.0142776379997427,3.0142776379997427,3.0142776379997427,3.0142776379997427,3.0142776379997427,3.0142776379997427,3.0142776379997427,3.0142776379997427,3.0142776379997427,3.0142776379997427,3.0142776379997427,3.0142776379997427,3.0142776379997427,3.0142776379997427,3.0142776379997427,3.0142776379997427,3.0142776379997427,3.0142776379997427,3.0142776379997427,3.0142776379997427,3.0142776379997427,3.0142776379997427,3.0142776379997427,3.0142776379997427,3.0142776379997427,3.0142776379997427,3.0142776379997427,3.0142776379997427,3.0142776379997427,3.0142776379997427,3.0142776379997427,3.0142776379997427,3.0142776379997427,3.0142776379997427,3.0142776379997427,3.0142776379997427,3.0142776379997427,3.0142776379997427,3.0142776379997427,3.0142776379997427,3.0142776379997427,3.0142776379997427,3.0142776379997427,3.0142776379997427,3.0142776379997427,3.0142776379997427,3.0142776379997427,3.0142776379997427,3.0142776379997427,3.0142776379997427,3.0142776379997427,3.0142776379997427,3.0142776379997427,3.0142776379997427,3.0142776379997427,3.0142776379997427,3.0142776379997427,3.0142776379997427,3.0142776379997427,3.0142776379997427,3.0142776379997427,3.0142776379997427,3.0142776379997427,3.0142776379997427,3.0142776379997427,3.0142776379997427,3.0142776379997427,3.0142776379997427,3.0142776379997427,3.0142776379997427,3.0142776379997427,3.0142776379997427,3.0142776379997427,3.0142776379997427,3.0142776379997427,3.0142776379997427,3.0142776379997427,3.0142776379997427,3.0142776379997427,3.0142776379997427,3.0142776379997427,3.0142776379997427,3.0142776379997427,3.0142776379997427,3.0142776379997427,3.0142776379997427,3.0142776379997427,3.0142776379997427,3.0142776379997427,3.0142776379997427,3.0142776379997427,3.0142776379997427,3.0142776379997427,3.0142776379997427,7.63124291994832,7.497058581655777,7.497058581655777,7.497058581655777,7.497058581655777,7.497058581655777,6.979027814969846,6.979027814969846,6.979027814969846,6.979027814969846,6.979027814969846,6.979027814969846,6.979027814969846,6.979027814969846,6.979027814969844,6.818669429887948,6.630009618639277,6.630009618639277,6.630009618639277,6.630009618639277,6.630009618639277,6.630009618639277,6.630009618639277,6.630009618639277,6.630009618639277,6.630009618639277,6.630009618639277,6.630009618639277,6.630009618639277,6.630009618639277,6.630009618639277,6.630009618639277,6.630009618639277,6.630009618639277,6.630009618639277,6.630009618639277,6.630009618639277,6.630009618639277,6.630009618639277,6.630009618639277,6.630009618639277,6.630009618639277,6.630009618639277,6.630009618639277,6.630009618639277,6.630009618639277,6.630009618639277,6.630009618639277,6.630009618639277,6.630009618639277,6.630009618639277,6.630009618639277,6.630009618639277,6.630009618639277,6.630009618639277,6.630009618639277,6.630009618639277,6.630009618639277,6.630009618639277,6.630009618639277,6.630009618639277,6.630009618639277,6.630009618639277,6.630009618639277,6.630009618639277,6.630009618639277,6.630009618639277,6.630009618639277,6.630009618639277,6.630009618639277,6.630009618639277,6.630009618639277,6.630009618639277,6.630009618639277,6.630009618639277,6.630009618639277,6.630009618639277,6.630009618639277,6.630009618639277,6.630009618639277,6.630009618639277,6.630009618639277,6.630009618639277,6.630009618639277,6.630009618639277,6.630009618639277,6.630009618639277,6.630009618639277,6.630009618639277,6.630009618639277,6.630009618639277,6.630009618639277,5.552414599636358,5.552414599636358,5.470291026633009,5.05584768096154,4.660270892538792,4.660270892538792,4.660270892538792,4.660270892538792,4.653557186242896,4.653557186242896,4.653557186242896,4.653557186242896,4.653557186242896,4.653557186242896,4.653557186242896,4.653557186242896,4.653557186242896,4.653557186242896,4.653557186242896,4.653557186242896,4.653557186242896,4.653557186242896,4.653557186242896,4.653557186242896,4.653557186242896,4.653557186242896,4.653557186242896,4.653557186242896,4.653557186242896,4.653557186242896,4.653557186242896,4.653557186242896,4.653557186242896,4.653557186242896,4.653557186242896,4.653557186242896,4.653557186242896,4.653557186242896,4.653557186242896,4.653557186242896,4.653557186242896,4.653557186242896,4.653557186242896,4.653557186242896,4.653557186242896,4.653557186242896,4.653557186242896,4.653557186242896,4.653557186242896,4.653557186242896,4.653557186242896,4.653557186242896,4.653557186242896,4.653557186242896,4.653557186242896,4.653557186242896,4.653557186242896,4.653557186242896,4.653557186242896,4.653557186242896,4.653557186242896,4.653557186242896,4.653557186242896,4.653557186242896,4.653557186242896,4.653557186242896,4.653557186242896,4.653557186242896,4.653557186242896,4.653557186242896,4.653557186242896,4.653557186242896,4.653557186242896,4.653557186242896,4.653557186242896,4.653557186242896,4.653557186242896,4.653557186242896,4.653557186242896,4.653557186242896,4.653557186242896,4.653557186242896,4.653557186242896,4.653557186242896,4.653557186242896,4.653557186242896,4.653557186242896,4.653557186242896,4.653557186242896,4.653557186242896,4.653557186242896,4.653557186242896,4.653557186242896,4.653557186242896,4.653557186242896,4.653557186242896,4.653557186242896,4.653557186242896,4.653557186242896,4.653557186242896,4.653557186242896,4.653557186242896,4.653557186242896,4.653557186242896,4.653557186242896,4.653557186242896,4.653557186242896,4.653557186242896,4.653557186242896,4.653557186242896,4.653557186242896,4.653557186242896,4.653557186242896,4.653557186242896,4.653557186242896,4.653557186242896,4.653557186242896,4.653557186242896,4.653557186242896,4.653557186242896,4.653557186242896,4.653557186242896,4.653557186242896,4.653557186242896,4.653557186242896,4.653557186242896,4.653557186242896,4.653557186242896,4.653557186242896,4.653557186242896,4.653557186242896,4.653557186242896,4.653557186242896,4.653557186242896,4.653557186242896,4.653557186242896,4.653557186242896,4.653557186242896,4.653557186242896,4.653557186242896,4.653557186242896,4.653557186242896,4.653557186242896,4.653557186242896,4.653557186242896,4.653557186242896,4.653557186242896,4.653557186242896,4.653557186242896,4.653557186242896,4.653557186242896,4.653557186242896,4.653557186242896,4.653557186242896,4.653557186242896,4.653557186242896,4.653557186242896,4.653557186242896,4.653557186242896,4.653557186242896,4.653557186242896,4.653557186242896,4.653557186242896,4.653557186242896,4.653557186242896,4.653557186242896,4.653557186242896,4.653557186242896,4.653557186242896,4.653557186242896,4.653557186242896,4.653557186242896,4.653557186242896,4.653557186242896,4.653557186242896,4.653557186242896,4.653557186242896,4.653557186242896,4.653557186242896,4.653557186242896,4.653557186242896,4.653557186242896,4.653557186242896,4.653557186242896,4.653557186242896,4.653557186242896,4.653557186242896,4.653557186242896,4.653557186242896,4.653557186242896,4.653557186242896,4.653557186242896,4.653557186242896,4.653557186242896,4.653557186242896,4.653557186242896,4.653557186242896,4.653557186242896,4.653557186242896,4.653557186242896,4.653557186242896,4.653557186242896,4.653557186242896,4.653557186242896,4.653557186242896,4.653557186242896,4.653557186242896,4.653557186242896,4.653557186242896,4.653557186242896,4.653557186242896,4.653557186242896,4.653557186242896,4.653557186242896,4.653557186242896,4.653557186242896,4.653557186242896,4.653557186242896,4.653557186242896,4.653557186242896,4.653557186242896,4.653557186242896,4.653557186242896,4.653557186242896,4.653557186242896,4.653557186242896,4.653557186242896,4.653557186242896,4.653557186242896,4.653557186242896,4.653557186242896,4.653557186242896,4.653557186242896,4.653557186242896,4.653557186242896,4.653557186242896,4.653557186242896,4.653557186242896,4.653557186242896,4.653557186242896,4.653557186242896,4.653557186242896,4.653557186242896,4.653557186242896,4.653557186242896,4.653557186242896,4.653557186242896,4.653557186242896,4.653557186242896,4.653557186242896,4.653557186242896,4.653557186242896,4.653557186242896,4.653557186242896,4.653557186242896,4.653557186242896,4.653557186242896,4.653557186242896,4.653557186242896,4.653557186242896,4.653557186242896,4.653557186242896,4.653557186242896,4.653557186242896,4.653557186242896,4.653557186242896,4.653557186242896,4.653557186242896,4.653557186242896,4.653557186242896,4.653557186242896,4.653557186242896,4.653557186242896,4.653557186242896,4.653557186242896,4.653557186242896,4.653557186242896,4.653557186242896,4.653557186242896,4.653557186242896,4.653557186242896,4.653557186242896,4.653557186242896,4.653557186242896,4.653557186242896,4.653557186242896,4.653557186242896,4.653557186242896,4.653557186242896,4.653557186242896,4.653557186242896,4.653557186242896,4.653557186242896,4.653557186242896,4.653557186242896,4.653557186242896,4.653557186242896,4.653557186242896,4.653557186242896,4.653557186242896,4.653557186242896,4.653557186242896,4.653557186242896,4.653557186242896,4.653557186242896,4.653557186242896,4.653557186242896,4.653557186242896,4.653557186242896,4.653557186242896,4.653557186242896,4.653557186242896,4.653557186242896,4.653557186242896,4.653557186242896,4.653557186242896,4.653557186242896,4.653557186242896,4.653557186242896,4.653557186242896,4.653557186242896,4.653557186242896,4.653557186242896,4.653557186242896,4.653557186242896,4.653557186242896,4.653557186242896,4.653557186242896,4.653557186242896,4.653557186242896,4.653557186242896,4.653557186242896,4.653557186242896,4.653557186242896,4.653557186242896,4.653557186242896,4.653557186242896,4.653557186242896,4.653557186242896,4.653557186242896,4.653557186242896,4.653557186242896,4.653557186242896,4.653557186242896,4.653557186242896,4.653557186242896,4.653557186242896,4.653557186242896,4.653557186242896,4.653557186242896,4.653557186242896,4.653557186242896,4.653557186242896,4.653557186242896,4.653557186242896,4.653557186242896,4.653557186242896,4.653557186242896,4.653557186242896,4.653557186242896,4.653557186242896,4.653557186242896,4.653557186242896,4.653557186242896,4.653557186242896,4.653557186242896,4.653557186242896,4.653557186242896,4.653557186242896,4.653557186242896,4.653557186242896,4.653557186242896,4.653557186242896,4.653557186242896,4.653557186242896,4.653557186242896,4.653557186242896,4.653557186242896,4.653557186242896,4.653557186242896,4.653557186242896,4.653557186242896,4.653557186242896,4.653557186242896,4.653557186242896,4.653557186242896,4.653557186242896,4.653557186242896,4.653557186242896,4.653557186242896,4.653557186242896,4.653557186242896,4.653557186242896,4.653557186242896,4.653557186242896,4.653557186242896,4.653557186242896,4.653557186242896,4.653557186242896,4.653557186242896,4.653557186242896,4.653557186242896,4.653557186242896,4.653557186242896,4.653557186242896,4.653557186242896,4.653557186242896,4.653557186242896,4.653557186242896,4.653557186242896,4.653557186242896,4.653557186242896,4.653557186242896,4.653557186242896,4.653557186242896,4.653557186242896,4.653557186242896,4.653557186242896,4.653557186242896,4.653557186242896,4.653557186242896,4.653557186242896,4.653557186242896,4.653557186242896,4.653557186242896,4.653557186242896,4.653557186242896,4.653557186242896,4.653557186242896,4.653557186242896,4.653557186242896,4.653557186242896,4.653557186242896,4.653557186242896,4.653557186242896,4.653557186242896,4.653557186242896,4.653557186242896,4.653557186242896,4.653557186242896,4.653557186242896,4.653557186242896,4.653557186242896,4.653557186242896,4.653557186242896,4.653557186242896,4.653557186242896,4.653557186242896,4.653557186242896,4.653557186242896,4.653557186242896,4.653557186242896,4.653557186242896,4.653557186242896,4.653557186242896,4.653557186242896,4.653557186242896,4.653557186242896,4.653557186242896,4.653557186242896,4.653557186242896,4.653557186242896,4.653557186242896,4.653557186242896,4.653557186242896,4.653557186242896,4.653557186242896,4.653557186242896,4.653557186242896,4.653557186242896,4.653557186242896,4.653557186242896,4.653557186242896,4.653557186242896,4.653557186242896,4.653557186242896,4.653557186242896,4.653557186242896,4.653557186242896,4.653557186242896,4.653557186242896,4.653557186242896,4.653557186242896,4.653557186242896,4.653557186242896,4.653557186242896,4.653557186242896,4.653557186242896,4.653557186242896,4.653557186242896,4.653557186242896,4.653557186242896,4.653557186242896,4.653557186242896,4.653557186242896,4.653557186242896,4.653557186242896,4.653557186242896,4.653557186242896,4.653557186242896,4.653557186242896,4.653557186242896,4.653557186242896,4.653557186242896,4.653557186242896,4.653557186242896,4.653557186242896,4.653557186242896,4.653557186242896,4.653557186242896,4.653557186242896,4.653557186242896,4.653557186242896,4.653557186242896,4.653557186242896,4.653557186242896,4.653557186242896,4.653557186242896,4.653557186242896,4.653557186242896,4.653557186242896,4.653557186242896,4.653557186242896,4.653557186242896,4.653557186242896,4.653557186242896,4.653557186242896,4.653557186242896,4.653557186242896,4.653557186242896,4.653557186242896,4.653557186242896,4.653557186242896,4.653557186242896,4.653557186242896,4.653557186242896,4.653557186242896,4.653557186242896,4.653557186242896,4.653557186242896,4.653557186242896,4.653557186242896,4.653557186242896,4.653557186242896,4.653557186242896,4.614612537890035,4.614612537890035,4.614612537890035,4.614612537890035,4.614612537890035,4.614612537890035,4.614612537890035,4.614612537890035,4.614612537890035,4.614612537890035,4.614612537890035,4.614612537890035,4.614612537890035,4.614612537890035,4.614612537890035,4.614612537890035,4.614612537890035,4.614612537890035,4.614612537890035,4.614612537890035,4.614612537890035,4.614612537890035,4.614612537890035,4.614612537890035,4.614612537890035,4.614612537890035,4.614612537890035,4.614612537890035,4.614612537890035,4.614612537890035,4.614612537890035,4.614612537890035,4.614612537890035,4.614612537890035,4.614612537890035,4.614612537890035,4.614612537890035,4.614612537890035,4.614612537890035,4.614612537890035,4.614612537890035,4.614612537890035,4.614612537890035,4.614612537890035,4.614612537890035,4.614612537890035,4.614612537890035,4.614612537890035,4.614612537890035,4.614612537890035,4.614612537890035,4.614612537890035,4.614612537890035,4.614612537890035,4.614612537890035,4.614612537890035,4.614612537890035,4.614612537890035,4.614612537890035,4.614612537890035,4.614612537890035,4.614612537890035,4.614612537890035,4.614612537890035,4.614612537890035,4.614612537890035,4.614612537890035,4.614612537890035,4.614612537890035,4.614612537890035,4.614612537890035,4.614612537890035,4.614612537890035,4.614612537890035,4.614612537890035,4.614612537890035,4.614612537890035,4.614612537890035,4.614612537890035,4.614612537890035,4.614612537890035,4.614612537890035,4.614612537890035,4.614612537890035,4.614612537890035,4.614612537890035,4.614612537890035,4.614612537890035,4.614612537890035,4.614612537890035,4.614612537890035,4.614612537890035,4.614612537890035,4.614612537890035,4.614612537890035,4.614612537890035,4.614612537890035,4.614612537890035,4.614612537890035,4.614612537890035,4.614612537890035,4.614612537890035,4.614612537890035,4.614612537890035,4.614612537890035,4.614612537890035,4.614612537890035,4.614612537890035,4.614612537890035,4.614612537890035,4.614612537890035,4.614612537890035,4.614612537890035,4.614612537890035,4.614612537890035,4.614612537890035,4.614612537890035,4.614612537890035,4.614612537890035,4.614612537890035,4.614612537890035,4.614612537890035,4.614612537890035,4.614612537890035,4.303752416982593,3.632544099679495,3.632544099679495,3.574935669276951,3.574935669276951,3.574935669276951,3.574935669276951,3.541854400209167,3.541854400209167,3.541854400209167,3.541854400209167,3.5382499142059425,3.5382499142059425,3.5382499142059425,3.5382499142059425,3.5382499142059425,3.5382499142059425,3.5382499142059425,3.5382499142059425,3.5382499142059425,3.5382499142059425,3.5382499142059425,3.5382499142059425,3.5382499142059425,3.5382499142059425,3.5382499142059425,3.5382499142059425,3.5382499142059425,3.5382499142059425,3.5382499142059425,3.5382499142059425,3.5382499142059425,3.5382499142059425,3.5382499142059425,3.5382499142059425,3.5382499142059425,3.5382499142059425,3.5382499142059425,3.5382499142059425,3.5382499142059425,3.5382499142059425,3.5382499142059425,3.5382499142059425,3.5382499142059425,3.5382499142059425,3.5382499142059425,3.5382499142059425,3.5382499142059425,3.5382499142059425,3.5382499142059425,3.5382499142059425,3.5382499142059425,3.5382499142059425,3.5382499142059425,3.5382499142059425,3.5382499142059425,3.5382499142059425,3.5382499142059425,3.5382499142059425,3.5382499142059425,3.5382499142059425,3.5382499142059425,3.5382499142059425,3.5382499142059425,3.5382499142059425,3.5382499142059425,3.5382499142059425,3.5382499142059425,3.5382499142059425,3.5382499142059425,3.5382499142059425,3.5382499142059425,3.5382499142059425,3.5382499142059425,3.5382499142059425,3.5382499142059425,3.5382499142059425,3.5382499142059425,3.5382499142059425,3.5382499142059425,3.5382499142059425,3.5382499142059425,3.5382499142059425,3.5382499142059425,3.5382499142059425,3.5382499142059425,3.5382499142059425,3.5382499142059425,3.5382499142059425,3.5382499142059425,3.5382499142059425,3.5382499142059425,3.5382499142059425,3.5382499142059425,3.5382499142059425,3.5382499142059425,3.5382499142059425,3.5382499142059425,3.5382499142059425,3.5382499142059425,3.5382499142059425,3.5382499142059425,3.5382499142059425,3.5382499142059425,3.5382499142059425,3.5382499142059425,3.5382499142059425,3.5382499142059425,3.5382499142059425,3.5382499142059425,3.5382499142059425,3.5382499142059425,3.5382499142059425,3.5382499142059425,3.5382499142059425,3.5382499142059425,3.5382499142059425,3.5382499142059425,3.5382499142059425,3.5382499142059425,3.5382499142059425,3.5382499142059425,3.5382499142059425,3.5382499142059425,3.5382499142059425,3.5382499142059425,3.5382499142059425,3.5382499142059425,3.5382499142059425,3.5382499142059425,3.5382499142059425,3.5382499142059425,3.5382499142059425,3.5382499142059425,3.5382499142059425,3.5382499142059425,3.5382499142059425,3.5382499142059425,3.5382499142059425,3.5382499142059425,3.5382499142059425,3.5382499142059425,3.5382499142059425,3.5382499142059425,3.5382499142059425,3.5382499142059425,3.5382499142059425,3.5382499142059425,3.5382499142059425,3.5382499142059425,3.5382499142059425,3.5382499142059425,3.5382499142059425,3.5382499142059425,3.5382499142059425,3.5382499142059425,3.5382499142059425,3.5382499142059425,3.5382499142059425,3.5382499142059425,3.5382499142059425,3.5382499142059425,3.5382499142059425,3.5382499142059425,3.5382499142059425,3.5382499142059425,3.5382499142059425,3.5382499142059425,3.5382499142059425,3.5382499142059425,3.5382499142059425,3.5382499142059425,3.5382499142059425,3.5382499142059425,3.5382499142059425,3.5382499142059425,3.5382499142059425,3.5382499142059425,3.5382499142059425,3.5382499142059425,3.5382499142059425,3.5382499142059425,3.5382499142059425,3.5382499142059425,3.5382499142059425,3.5382499142059425,3.5382499142059425,3.5382499142059425,3.5382499142059425,3.5382499142059425,3.5382499142059425,3.5382499142059425,3.5382499142059425,3.5382499142059425,3.5382499142059425,3.5382499142059425,3.5382499142059425,3.5382499142059425,3.5382499142059425,3.5382499142059425,3.5382499142059425,3.5382499142059425,3.5382499142059425,3.5382499142059425,3.5382499142059425,3.5382499142059425,3.5382499142059425,3.5382499142059425,3.5382499142059425,3.5382499142059425,3.5382499142059425,3.5382499142059425,3.5382499142059425,3.5382499142059425,3.5382499142059425,3.5382499142059425,3.5382499142059425,3.5382499142059425,3.5382499142059425,3.5382499142059425,3.5382499142059425,3.5382499142059425,3.5382499142059425,3.5382499142059425,3.5382499142059425,3.5382499142059425,3.5382499142059425,3.5382499142059425,3.5382499142059425,3.5382499142059425,3.5382499142059425,3.5382499142059425,3.5382499142059425,3.5382499142059425,3.5382499142059425,3.5382499142059425,3.5382499142059425,3.5382499142059425,3.5382499142059425,8.337882744135781,8.337882744135781,8.172546418908365,7.853030816758782,7.853030816758782,7.853030816758782,7.853030816758782,7.853030816758782,7.853030816758782,7.838503033518659,7.838503033518659,7.838503033518659,7.838503033518659,7.838503033518659,7.838503033518659,7.838503033518659,7.838503033518659,7.838503033518659,7.838503033518659,7.838503033518659,7.838503033518659,7.838503033518659,7.838503033518659,7.838503033518659,7.838503033518659,7.838503033518659,7.838503033518659,7.838503033518659,7.838503033518659,7.838503033518659,7.493280866807688,7.493280866807688,7.4046488853810555,7.263146157348537,7.263146157348537,7.263146157348537,6.999821353007366,6.999821353007366,6.999821353007366,6.999821353007366,6.999821353007366,6.999821353007366,6.999821353007366,6.999821353007366,6.999821353007366,6.999821353007366,6.999821353007366,6.999821353007366,6.999821353007366,6.999821353007366,6.999821353007366,6.999821353007366,6.999821353007366,6.999821353007366,6.999821353007366,6.999821353007366,6.999821353007366,6.999821353007366,6.999821353007366,6.999821353007366,6.999821353007366,6.999821353007366,6.999821353007366,6.999821353007366,6.999821353007366,6.999821353007366,6.999821353007366,6.999821353007366,6.999821353007366,6.999821353007366,6.999821353007366,6.999821353007366,6.999821353007366,6.999821353007366,6.999821353007366,6.999821353007366,6.999821353007366,5.680454769949986,5.680454769949986,5.295571179056446,5.295571179056446,5.295571179056446,5.295571179056446,5.295571179056446,5.295571179056446,5.295571179056446,5.295571179056446,5.295571179056446,5.295571179056446,5.295571179056446,5.295571179056446,5.295571179056446,5.295571179056446,5.295571179056446,5.295571179056446,5.295571179056446,5.295571179056446,5.295571179056446,5.295571179056446,5.295571179056446,5.295571179056446,5.295571179056446,5.295571179056446,5.295571179056446,5.295571179056446,5.295571179056446,5.295571179056446,5.295571179056446,5.295571179056446,5.295571179056446,5.295571179056446,5.295571179056446,5.295571179056446,5.295571179056446,5.295571179056446,5.295571179056446,5.295571179056446,5.295571179056446,5.295571179056446,5.295571179056446,5.295571179056446,5.295571179056446,5.295571179056446,5.295571179056446,5.295571179056446,5.295571179056446,5.295571179056446,5.295571179056446,5.295571179056446,5.295571179056446,5.295571179056446,5.295571179056446,5.295571179056446,5.295571179056446,5.295571179056446,5.295571179056446,5.295571179056446,5.295571179056446,5.295571179056446,5.295571179056446,5.295571179056446,5.295571179056446,5.295571179056446,5.295571179056446,5.295571179056446,5.295571179056446,5.295571179056446,5.295571179056446,5.295571179056446,5.295571179056446,5.295571179056446,5.295571179056446,5.295571179056446,5.295571179056446,5.295571179056446,5.295571179056446,5.295571179056446,5.295571179056446,5.295571179056446,5.295571179056446,5.295571179056446,5.295571179056446,5.295571179056446,5.295571179056446,5.295571179056446,5.295571179056446,5.295571179056446,5.295571179056446,5.295571179056446,5.295571179056446,5.295571179056446,5.295571179056446,5.295571179056446,5.295571179056446,5.295571179056446,5.295571179056446,5.295571179056446,5.295571179056446,5.295571179056446,5.295571179056446,5.295571179056446,5.295571179056446,5.295571179056446,5.295571179056446,5.295571179056446,5.1278914446618815,5.1278914446618815,5.1278914446618815,5.1278914446618815,5.1231169713143965,5.1231169713143965,5.1231169713143965,5.1231169713143965,5.1231169713143965,5.118297245411815,5.118297245411815,5.118297245411815,5.118297245411815,5.118297245411815,5.118297245411815,5.118297245411815,5.118297245411815,5.118297245411815,5.118297245411815,5.118297245411815,4.876419910452743,4.876419910452743,4.876419910452743,4.876419910452743,4.876419910452743,4.876419910452743,4.876419910452743,4.876419910452743,4.876419910452743,4.876419910452743,4.876419910452743,4.876419910452743,4.876419910452743,4.876419910452743,4.876419910452743,4.876419910452743,4.876419910452743,4.876419910452743,4.876419910452743,4.876419910452743,4.876419910452743,4.876419910452743,4.876419910452743,4.876419910452743,4.876419910452743,4.876419910452743,4.876419910452743,4.876419910452743,4.876419910452743,4.876419910452743,4.876419910452743,4.876419910452743,4.876419910452743,4.876419910452743,4.876419910452743,4.876419910452743,4.876419910452743,4.876419910452743,4.876419910452743,4.876419910452743,4.876419910452743,4.876419910452743,4.876419910452743,4.876419910452743,4.876419910452743,4.876419910452743,4.876419910452743,4.876419910452743,4.876419910452743,4.876419910452743,4.876419910452743,4.876419910452743,4.876419910452743,4.876419910452743,4.876419910452743,4.876419910452743,4.876419910452743,4.876419910452743,4.876419910452743,4.876419910452743,4.876419910452743,4.876419910452743,4.876419910452743,4.876419910452743,4.876419910452743,4.876419910452743,4.876419910452743,4.876419910452743,4.876419910452743,4.876419910452743,4.876419910452743,4.876419910452743,4.876419910452743,4.876419910452743,4.876419910452743,4.876419910452743,4.876419910452743,4.876419910452743,4.876419910452743,4.876419910452743,4.876419910452743,4.876419910452743,4.876419910452743,4.876419910452743,4.876419910452743,4.876419910452743,4.876419910452743,4.876419910452743,4.876419910452743,4.876419910452743,4.876419910452743,4.876419910452743,4.876419910452743,4.876419910452743,4.876419910452743,4.876419910452743,4.876419910452743,4.876419910452743,4.876419910452743,4.876419910452743,4.876419910452743,4.876419910452743,4.876419910452743,4.876419910452743,4.876419910452743,4.876419910452743,4.876419910452743,4.876419910452743,4.876419910452743,4.876419910452743,4.876419910452743,4.876419910452743,4.876419910452743,4.876419910452743,4.876419910452743,4.876419910452743,4.876419910452743,4.876419910452743,4.876419910452743,4.876419910452743,4.876419910452743,4.876419910452743,4.876419910452743,4.876419910452743,4.876419910452743,4.876419910452743,4.876419910452743,4.876419910452743,4.876419910452743,4.876419910452743,4.876419910452743,4.876419910452743,4.876419910452743,4.876419910452743,4.876419910452743,4.876419910452743,4.876419910452743,4.876419910452743,4.876419910452743,4.876419910452743,4.876419910452743,4.876419910452743,4.876419910452743,4.876419910452743,4.876419910452743,4.876419910452743,4.876419910452743,4.876419910452743,4.876419910452743,4.876419910452743,4.876419910452743,4.876419910452743,4.876419910452743,4.876419910452743,4.876419910452743,4.876419910452743,4.876419910452743,4.876419910452743,4.813760398895245,4.813760398895245,4.813760398895245,4.813760398895245,4.813760398895245,4.813760398895245,4.813760398895245,4.813760398895245,4.813760398895245,4.813760398895245,4.813760398895245,4.813760398895245,4.813760398895245,4.813760398895245,4.813760398895245,4.813760398895245,4.813760398895245,4.813760398895245,4.813760398895245,4.813760398895245,4.813760398895245,4.813760398895245,4.813760398895245,4.813760398895245,4.813760398895245,4.813760398895245,4.813760398895245,4.813760398895245,4.813760398895245,4.813760398895245,4.813760398895245,4.813760398895245,4.813760398895245,4.813760398895245,4.813760398895245,4.813760398895245,4.813760398895245,4.813760398895245,4.813760398895245,4.813760398895245,4.813760398895245,4.813760398895245,4.813760398895245,4.813760398895245,4.813760398895245,4.813760398895245,4.813760398895245,4.813760398895245,4.813760398895245,4.813760398895245,4.813760398895245,4.813760398895245,4.813760398895245,4.813760398895245,4.813760398895245,4.813760398895245,4.813760398895245,4.813760398895245,4.813760398895245,4.813760398895245,4.813760398895245,4.813760398895245,4.813760398895245,4.813760398895245,4.813760398895245,4.813760398895245,4.813760398895245,4.813760398895245,4.813760398895245,4.813760398895245,4.813760398895245,4.813760398895245,4.813760398895245,4.813760398895245,4.813760398895245,4.813760398895245,4.813760398895245,4.813760398895245,4.813760398895245,4.813760398895245,4.813760398895245,4.813760398895245,4.813760398895245,4.813760398895245,4.813760398895245,4.813760398895245,4.813760398895245,4.813760398895245,4.813760398895245,4.813760398895245,4.813760398895245,4.813760398895245,4.813760398895245,4.813760398895245,4.813760398895245,4.813760398895245,4.813760398895245,4.813760398895245,4.813760398895245,4.813760398895245,4.813760398895245,4.813760398895245,4.813760398895245,4.813760398895245,4.813760398895245,4.813760398895245,4.813760398895245,4.813760398895245,4.813760398895245,4.813760398895245,4.813760398895245,4.813760398895245,4.813760398895245,4.813760398895245,4.813760398895245,4.813760398895245,4.813760398895245,4.813760398895245,4.813760398895245,4.813760398895245,4.813760398895245,4.813760398895245,4.813760398895245,4.813760398895245,4.813760398895245,4.813760398895245,4.813760398895245,4.813760398895245,4.813760398895245,4.813760398895245,4.813760398895245,4.813760398895245,4.813760398895245,4.813760398895245,4.813760398895245,4.813760398895245,4.813760398895245,4.813760398895245,4.813760398895245,4.813760398895245,4.813760398895245,4.813760398895245,4.813760398895245,4.813760398895245,4.813760398895245,4.813760398895245,4.813760398895245,4.813760398895245,4.813760398895245,4.813760398895245,4.813760398895245,4.813760398895245,4.813760398895245,4.813760398895245,4.813760398895245,4.813760398895245,4.813760398895245,4.813760398895245,4.813760398895245,4.813760398895245,4.813760398895245,4.813760398895245,4.813760398895245,4.813760398895245,4.813760398895245,4.813760398895245,4.813760398895245,4.813760398895245,4.813760398895245,4.813760398895245,4.813760398895245,4.813760398895245,4.813760398895245,4.813760398895245,4.813760398895245,4.813760398895245,4.813760398895245,4.813760398895245,4.813760398895245,4.813760398895245,4.813760398895245,4.813760398895245,4.813760398895245,4.813760398895245,4.813760398895245,4.813760398895245,4.813760398895245,4.813760398895245,4.813760398895245,4.813760398895245,4.813760398895245,4.813760398895245,4.813760398895245,4.813760398895245,4.813760398895245,4.813760398895245,4.813760398895245,4.813760398895245,4.813760398895245,4.813760398895245,4.813760398895245,4.813760398895245,4.813760398895245,4.813760398895245,4.813760398895245,4.813760398895245,4.813760398895245,4.813760398895245,4.813760398895245,4.813760398895245,4.813760398895245,4.813760398895245,4.813760398895245,4.813760398895245,4.813760398895245,4.813760398895245,4.813760398895245,4.813760398895245,4.813760398895245,4.813760398895245,4.813760398895245,4.813760398895245,4.813760398895245,4.813760398895245,4.813760398895245,4.813760398895245,4.813760398895245,4.813760398895245,4.813760398895245,4.813760398895245,4.813760398895245,4.813760398895245,4.813760398895245,4.813760398895245,4.813760398895245,4.813760398895245,4.813760398895245,4.813760398895245,4.813760398895245,4.813760398895245,4.813760398895245,4.813760398895245,4.813760398895245,4.813760398895245,4.813760398895245,4.813760398895245,4.813760398895245,4.813760398895245,4.813760398895245,4.813760398895245,4.813760398895245,4.813760398895245,4.813760398895245,4.813760398895245,4.813760398895245,4.813760398895245,4.813760398895245,4.813760398895245,4.813760398895245,4.813760398895245,4.813760398895245,4.813760398895245,4.813760398895245,4.813760398895245,4.813760398895245,4.813760398895245,4.813760398895245,4.813760398895245,4.813760398895245,4.813760398895245,4.813760398895245,4.813760398895245,4.813760398895245,4.813760398895245,4.813760398895245,4.813760398895245,4.813760398895245,4.813760398895245,4.813760398895245,4.813760398895245,4.813760398895245,4.813760398895245,4.813760398895245,4.813760398895245,4.813760398895245,4.813760398895245,4.813760398895245,4.813760398895245,4.813760398895245,4.813760398895245,4.813760398895245,4.813760398895245,4.813760398895245,4.813760398895245,4.813760398895245,4.813760398895245,4.813760398895245,4.813760398895245,4.813760398895245,4.813760398895245,4.813760398895245,4.813760398895245,4.813760398895245,4.813760398895245,4.813760398895245,4.813760398895245,4.813760398895245,4.813760398895245,4.813760398895245,4.813760398895245,4.813760398895245,4.813760398895245,4.813760398895245,4.813760398895245,4.813760398895245,4.813760398895245,4.813760398895245,4.813760398895245,4.813760398895245,4.813760398895245,4.813760398895245,4.813760398895245,4.813760398895245,4.813760398895245,4.813760398895245,4.813760398895245,4.813760398895245,4.813760398895245,4.813760398895245,4.813760398895245,4.813760398895245,4.813760398895245,4.813760398895245,4.813760398895245,4.813760398895245,4.813760398895245,4.813760398895245,4.813760398895245,4.813760398895245,4.813760398895245,4.813760398895245,4.813760398895245,4.813760398895245,4.813760398895245,4.813760398895245,4.813760398895245,4.813760398895245,4.813760398895245,4.813760398895245,4.813760398895245,4.813760398895245,4.813760398895245,4.813760398895245,4.813760398895245,4.813760398895245,4.813760398895245,4.813760398895245,4.813760398895245,4.813760398895245,4.813760398895245,4.813760398895245,4.489524314291436,4.489524314291436,4.489524314291436,4.489524314291436,4.489524314291436,4.489524314291436,4.489524314291436,4.489524314291436,4.489524314291436,4.489524314291436,4.489524314291436,4.489524314291436,4.489524314291436,4.489524314291436,4.489524314291436,4.489524314291436,4.489524314291436,4.489524314291436,4.489524314291436,4.489524314291436,4.489524314291436,4.489524314291436,4.489524314291436,4.489524314291436,4.489524314291436,4.489524314291436,4.489524314291436,4.489524314291436,4.489524314291436,4.489524314291436,4.489524314291436,4.489524314291436,4.489524314291436,4.489524314291436,4.489524314291436,4.489524314291436,4.489524314291436,4.489524314291436,4.489524314291436,4.489524314291436,4.489524314291436,4.489524314291436,4.489524314291436,4.489524314291436,4.489524314291436,4.489524314291436,4.489524314291436,4.489524314291436,4.489524314291436,4.489524314291436,4.489524314291436,4.489524314291436,4.489524314291436,4.489524314291436,4.489524314291436,4.489524314291436,4.037974010150131,4.037974010150131,4.037974010150131,4.037974010150131,4.037974010150131,4.037974010150131,4.037974010150131,4.037974010150131,4.037974010150131,4.037974010150131,4.037974010150131,4.037974010150131,4.037974010150131,4.037974010150131,4.037974010150131,4.037974010150131,4.037974010150131,4.037974010150131,4.037974010150131,4.037974010150131,4.037974010150131,4.037974010150131,4.037974010150131,4.037974010150131,4.037974010150131,4.037974010150131,4.037974010150131,4.037974010150131,4.037974010150131,4.037974010150131,4.037974010150131,4.037974010150131,4.037974010150131,4.037974010150131,4.037974010150131,4.037974010150131,4.037974010150131,4.037974010150131,4.037974010150131,4.037974010150131,4.037974010150131,4.037974010150131,4.037974010150131,4.037974010150131,4.037974010150131,4.037974010150131,4.037974010150131,4.037974010150131,4.037974010150131,4.037974010150131,4.037974010150131,4.037974010150131,4.037974010150131,4.037974010150131,4.037974010150131,4.037974010150131,4.037974010150131,4.037974010150131,4.037974010150131,4.037974010150131,4.037974010150131,4.037974010150131,4.037974010150131,4.037974010150131,4.037974010150131,4.037974010150131,4.037974010150131,4.037974010150131,4.037974010150131,4.037974010150131,4.037974010150131,4.037974010150131,4.037974010150131,4.037974010150131,4.037974010150131,4.037974010150131,4.037974010150131,4.037974010150131,4.037974010150131,4.037974010150131,4.037974010150131,4.037974010150131,4.037974010150131,4.037974010150131,4.037974010150131,4.037974010150131,4.037974010150131,4.037974010150131,4.037974010150131,4.037974010150131,4.037974010150131,4.037974010150131,4.037974010150131,4.037974010150131,4.037974010150131,4.037974010150131,4.037974010150131,4.037974010150131,4.037974010150131,4.037974010150131,4.037974010150131,4.037974010150131,4.037974010150131,4.037974010150131,4.037974010150131,4.037974010150131,4.037974010150131,4.037974010150131,4.037974010150131,4.037974010150131,4.037974010150131,4.037974010150131,4.037974010150131,4.037974010150131,4.037974010150131,4.037974010150131,4.037974010150131,4.037974010150131,4.037974010150131,4.037974010150131,4.037974010150131,4.037974010150131,4.037974010150131,4.037974010150131,4.037974010150131,4.037974010150131,4.037974010150131,4.037974010150131,4.037974010150131,4.037974010150131,4.037974010150131,4.037974010150131,4.037974010150131,4.037974010150131,4.037974010150131,4.037974010150131,4.037974010150131,4.037974010150131,4.037974010150131,4.037974010150131,4.037974010150131,4.037974010150131,4.037974010150131,4.037974010150131,4.037974010150131,4.037974010150131,4.037974010150131,4.037974010150131,4.037974010150131,4.037974010150131,4.037974010150131,4.037974010150131,4.037974010150131,4.037974010150131,4.037974010150131,4.037974010150131,4.037974010150131,4.037974010150131,4.037974010150131,4.037974010150131,4.037974010150131,4.037974010150131,4.037974010150131,4.037974010150131,4.037974010150131,4.037974010150131,4.037974010150131,4.037974010150131,4.037974010150131,4.037974010150131,4.037974010150131,4.037974010150131,4.037974010150131,4.037974010150131,4.037974010150131,4.037974010150131,4.037974010150131,4.037974010150131,4.037974010150131,4.037974010150131,4.037974010150131,4.037974010150131,4.037974010150131,4.037974010150131,4.037974010150131,4.037974010150131,4.037974010150131,4.037974010150131,4.037974010150131,4.037974010150131,4.037974010150131,4.037974010150131,4.037974010150131,4.037974010150131,4.037974010150131,4.037974010150131,4.037974010150131,4.037974010150131,4.037974010150131,4.037974010150131,4.037974010150131,4.037974010150131,4.037974010150131,4.037974010150131,4.037974010150131,4.037974010150131,4.037974010150131,4.037974010150131,4.037974010150131,4.037974010150131,4.037974010150131,4.037974010150131,4.037974010150131,4.037974010150131,4.037974010150131,4.037974010150131,4.037974010150131,4.037974010150131,4.037974010150131,4.037974010150131,7.378731714698719,7.151034848932388,7.151034848932388,7.112706700355756,7.0324457488520675,7.0324457488520675,6.569172080971703,6.569172080971703,6.207199978635685,6.207199978635685,6.207199978635685,6.207199978635685,6.207199978635685,6.141761388657491,6.141761388657491,6.141761388657491,6.141761388657491,6.141761388657491,6.141761388657491,6.141761388657491,6.141761388657491,6.141761388657491,6.141761388657491,6.141761388657491,6.141761388657491,5.7364568016115065,5.7364568016115065,5.7364568016115065,5.7364568016115065,5.7364568016115065,5.7364568016115065,5.7364568016115065,5.7364568016115065,5.7364568016115065,5.7364568016115065,5.7364568016115065,5.7364568016115065,5.7364568016115065,5.7364568016115065,5.7364568016115065,5.7364568016115065,5.680076301894028,5.680076301894028,5.680076301894028,5.680076301894028,5.680076301894028,5.680076301894028,5.680076301894028,5.680076301894028,5.680076301894028,5.680076301894028,5.680076301894028,5.680076301894028,5.680076301894028,5.680076301894028,5.680076301894028,5.680076301894028,5.680076301894028,5.680076301894028,5.680076301894028,5.680076301894028,5.6255067400879275,5.6255067400879275,5.6255067400879275,5.6255067400879275,5.6255067400879275,5.6255067400879275,5.6255067400879275,5.6255067400879275,5.6255067400879275,5.212073880332649,4.539215733705605,4.415556446496039,4.415556446496039,4.415556446496039,4.415556446496039,4.415556446496039,4.415556446496039,4.415556446496039,4.415556446496039,4.415556446496039,4.415556446496039,4.415556446496039,4.415556446496039,4.415556446496039,4.415556446496039,4.415556446496039,4.415556446496039,4.415556446496039,4.415556446496039,4.415556446496039,4.415556446496039,4.415556446496039,4.415556446496039,4.415556446496039,4.415556446496039,4.415556446496039,4.415556446496039,4.415556446496039,4.415556446496039,4.415556446496039,4.415556446496039,4.415556446496039,4.415556446496039,4.415556446496039,4.415556446496039,4.415556446496039,4.415556446496039,4.415556446496039,4.415556446496039,4.415556446496039,4.415556446496039,4.415556446496039,4.415556446496039,4.415556446496039,4.415556446496039,4.415556446496039,4.415556446496039,4.415556446496039,4.415556446496039,4.415556446496039,4.415556446496039,4.415556446496039,4.415556446496039,4.415556446496039,4.415556446496039,4.415556446496039,4.415556446496039,4.415556446496039,4.415556446496039,4.415556446496039,4.415556446496039,4.415556446496039,4.415556446496039,4.415556446496039,4.415556446496039,4.415556446496039,4.415556446496039,4.415556446496039,4.415556446496039,4.415556446496039,4.415556446496039,4.415556446496039,4.415556446496039,4.415556446496039,4.415556446496039,4.415556446496039,4.415556446496039,4.415556446496039,4.415556446496039,4.415556446496039,4.325018460998274,4.165187607795475,3.8167759726914303,3.8167759726914303,3.8167759726914303,3.8167759726914303,3.8167759726914303,3.8167759726914303,3.8167759726914303,3.8167759726914303,3.8167759726914303,3.8167759726914303,3.8167759726914303,3.8167759726914303,3.8167759726914303,3.8167759726914303,3.8167759726914303,3.8167759726914303,3.8167759726914303,3.8167759726914303,3.8167759726914303,3.8167759726914303,3.8167759726914303,3.8167759726914303,3.8167759726914303,3.8167759726914303,3.8167759726914303,3.8167759726914303,3.8167759726914303,3.8167759726914303,3.8167759726914303,3.8167759726914303,3.8167759726914303,3.8167759726914303,3.8167759726914303,3.8167759726914303,3.8167759726914303,3.8167759726914303,3.8167759726914303,3.8167759726914303,3.8167759726914303,3.8167759726914303,3.8167759726914303,3.8167759726914303,3.8167759726914303,3.8167759726914303,3.8167759726914303,3.8167759726914303,3.8167759726914303,3.8167759726914303,3.8167759726914303,3.8167759726914303,3.8167759726914303,3.8167759726914303,3.8167759726914303,3.8167759726914303,3.8167759726914303,3.8167759726914303,3.8167759726914303,3.8167759726914303,3.8167759726914303,3.8167759726914303,3.8167759726914303,3.8167759726914303,3.8167759726914303,3.8167759726914303,3.8167759726914303,3.8167759726914303,3.8167759726914303,3.8167759726914303,3.8167759726914303,3.8167759726914303,3.8167759726914303,3.8167759726914303,3.8167759726914303,3.8167759726914303,3.8167759726914303,3.8167759726914303,3.8167759726914303,3.8167759726914303,3.8167759726914303,3.8167759726914303,3.8167759726914303,3.8167759726914303,3.8167759726914303,3.8167759726914303,3.8167759726914303,3.8167759726914303,3.8167759726914303,3.8167759726914303,3.8167759726914303,3.8167759726914303,3.8167759726914303,3.8167759726914303,3.8167759726914303,3.8167759726914303,3.8167759726914303,3.8167759726914303,3.8167759726914303,3.8167759726914303,3.8167759726914303,3.8167759726914303,3.8167759726914303,3.8167759726914303,3.8167759726914303,3.8167759726914303,3.8167759726914303,3.8167759726914303,3.8167759726914303,3.8167759726914303,3.8167759726914303,3.8167759726914303,3.8167759726914303,3.8167759726914303,3.8167759726914303,3.8167759726914303,3.8167759726914303,3.8167759726914303,3.8167759726914303,3.8167759726914303,3.8167759726914303,3.8167759726914303,3.8167759726914303,3.8167759726914303,3.8167759726914303,3.8167759726914303,3.8167759726914303,3.8167759726914303,3.8167759726914303,3.8167759726914303,3.8167759726914303,3.8167759726914303,3.8167759726914303,3.8167759726914303,1.8871672657008922,1.8871672657008922,1.8871672657008922,1.8871672657008922,1.8871672657008922,1.8871672657008922,1.8871672657008922,1.8871672657008922,1.8871672657008922,1.8871672657008922,1.8871672657008922,1.8871672657008922,1.8871672657008922,1.8871672657008922,1.8871672657008922,1.8871672657008922,1.8871672657008922,1.8871672657008922,1.8871672657008922,1.8871672657008922,1.8871672657008922,1.8871672657008922,1.8871672657008922,1.8871672657008922,1.8871672657008922,1.8871672657008922,1.8871672657008922,1.8871672657008922,1.8871672657008922,1.8871672657008922,1.8871672657008922,1.8871672657008922,1.8871672657008922,1.8871672657008922,1.8871672657008922,1.8871672657008922,1.8871672657008922,1.8871672657008922,1.8871672657008922,1.8871672657008922,1.8871672657008922,1.8871672657008922,1.8871672657008922,1.8871672657008922,1.8871672657008922,1.8871672657008922,1.8871672657008922,1.8871672657008922,1.8871672657008922,1.8871672657008922,1.8871672657008922,1.8871672657008922,1.8871672657008922,1.8871672657008922,1.8871672657008922,1.8871672657008922,1.8871672657008922,1.8871672657008922,1.8871672657008922,1.8871672657008922,1.8871672657008922,1.8871672657008922,1.8871672657008922,1.8871672657008922,1.8871672657008922,1.8871672657008922,1.8871672657008922,1.8871672657008922,1.8871672657008922,1.8871672657008922,1.8871672657008922,1.8871672657008922,1.8871672657008922,1.8871672657008922,1.8871672657008922,1.8871672657008922,1.8871672657008922,1.8871672657008922,1.8871672657008922,1.8871672657008922,1.8871672657008922,1.8871672657008922,1.8871672657008922,1.8871672657008922,1.8871672657008922,1.8871672657008922,1.8871672657008922,1.8871672657008922,1.8871672657008922,1.8871672657008922,1.8871672657008922,1.8871672657008922,1.8871672657008922,1.8871672657008922,1.8871672657008922,1.8871672657008922,1.8871672657008922,1.8871672657008922,1.8871672657008922,1.8871672657008922,1.8871672657008922,1.8871672657008922,1.8871672657008922,1.8871672657008922,1.8871672657008922,1.8871672657008922,1.8871672657008922,1.8871672657008922,1.8871672657008922,1.8871672657008922,1.8871672657008922,1.8871672657008922,1.8871672657008922,1.8871672657008922,1.8871672657008922,1.8871672657008922,1.8871672657008922,1.8871672657008922,1.8871672657008922,1.8871672657008922,1.8871672657008922,1.8871672657008922,1.8871672657008922,1.8871672657008922,1.8871672657008922,1.8871672657008922,1.8871672657008922,1.8871672657008922,1.8871672657008922,1.8871672657008922,1.8871672657008922,1.8871672657008922,1.8871672657008922,1.8871672657008922,1.8871672657008922,1.8871672657008922,1.8871672657008922,1.8871672657008922,1.8871672657008922,1.8871672657008922,1.8871672657008922,1.8871672657008922,1.8871672657008922,1.8871672657008922,1.8871672657008922,1.8871672657008922,1.8871672657008922,1.8871672657008922,1.8871672657008922,1.8871672657008922,1.8871672657008922,1.8871672657008922,1.8871672657008922,1.8871672657008922,1.8871672657008922,1.8871672657008922,1.8871672657008922,1.8871672657008922,1.8871672657008922,1.8871672657008922,1.8871672657008922,1.8871672657008922,1.8871672657008922,1.8871672657008922,1.8871672657008922,1.8871672657008922,1.8871672657008922,1.8871672657008922,1.8871672657008922,1.8871672657008922,1.8871672657008922,1.8871672657008922,1.8871672657008922,1.8871672657008922,1.8871672657008922,1.8871672657008922,1.8871672657008922,1.8871672657008922,1.8871672657008922,1.8871672657008922,1.8871672657008922,1.8871672657008922,1.8871672657008922,1.8871672657008922,1.8871672657008922,1.8871672657008922,1.8871672657008922,1.8871672657008922,1.8871672657008922,1.8871672657008922,1.8871672657008922,1.8871672657008922,1.8871672657008922,1.8871672657008922,1.8871672657008922,1.8871672657008922,1.8871672657008922,1.8871672657008922,1.8871672657008922,1.8871672657008922,1.8871672657008922,1.8871672657008922,1.8871672657008922,1.8871672657008922,1.8871672657008922,1.8871672657008922,1.8871672657008922,1.8871672657008922,1.8871672657008922,1.8871672657008922,1.8871672657008922,1.8871672657008922,1.8871672657008922,1.8871672657008922,1.8871672657008922,1.8871672657008922,1.8871672657008922,1.8871672657008922,1.8871672657008922,1.8871672657008922,1.8871672657008922,1.8871672657008922,1.8871672657008922,1.8871672657008922,1.8871672657008922,1.8871672657008922,1.8871672657008922,1.8871672657008922,1.8871672657008922,1.8871672657008922,1.8871672657008922,1.8871672657008922,1.8871672657008922,1.8871672657008922,1.8871672657008922,1.8871672657008922,1.8871672657008922,1.8871672657008922,1.8871672657008922,1.8871672657008922,1.8871672657008922,1.8871672657008922,1.8871672657008922,1.8871672657008922,1.8871672657008922,1.8871672657008922,1.8871672657008922,1.8871672657008922,1.8871672657008922,1.8871672657008922,1.8871672657008922,1.8871672657008922,1.8871672657008922,1.8871672657008922,1.8871672657008922,1.8871672657008922,1.8871672657008922,1.8871672657008922,1.8871672657008922,1.8871672657008922,1.8871672657008922,1.8871672657008922,1.8871672657008922,1.8871672657008922,1.8871672657008922,1.8871672657008922,1.8871672657008922,1.8871672657008922,1.8871672657008922,1.8871672657008922,1.8871672657008922,1.8871672657008922,1.8871672657008922,1.8871672657008922,1.8871672657008922,1.8871672657008922,1.8871672657008922,1.8871672657008922,1.8871672657008922,1.8871672657008922,1.8871672657008922,1.8871672657008922,1.8871672657008922,1.8871672657008922,1.8871672657008922,1.8871672657008922,1.8871672657008922,1.8871672657008922,1.8871672657008922,1.8871672657008922,1.8871672657008922,0.4917598554162152,0.4917598554162152,0.4917598554162152,0.4917598554162152,0.4917598554162152,0.4917598554162152,0.4917598554162152,0.4917598554162152,0.4917598554162152,0.4917598554162152,0.4917598554162152,0.4917598554162152,0.4917598554162152,0.4917598554162152,0.4917598554162152,0.4917598554162152,0.4917598554162152,0.4917598554162152,0.4917598554162152,0.4917598554162152,0.4917598554162152,0.4917598554162152,0.4917598554162152,0.4917598554162152,0.4917598554162152,0.4917598554162152,0.4917598554162152,0.4917598554162152,0.4917598554162152,0.4917598554162152,0.4917598554162152,0.4917598554162152,0.4917598554162152,0.4917598554162152,0.4917598554162152,0.4917598554162152,0.4917598554162152,0.4917598554162152,0.4917598554162152,0.4917598554162152,0.4917598554162152,0.4917598554162152,0.4917598554162152,0.4917598554162152,0.4917598554162152,0.4917598554162152,0.4917598554162152,0.4917598554162152,0.4917598554162152,0.4917598554162152,0.4917598554162152,0.4917598554162152,0.4917598554162152,0.4917598554162152,0.4917598554162152,0.4917598554162152,0.4917598554162152,0.4917598554162152,0.4917598554162152,0.4917598554162152,0.4917598554162152,0.4917598554162152,0.4917598554162152,0.4917598554162152,0.4917598554162152,0.4917598554162152,0.4917598554162152,0.4917598554162152,0.4917598554162152,0.4917598554162152,0.4917598554162152,0.4917598554162152,0.4917598554162152,0.4917598554162152,0.4917598554162152,0.4917598554162152,0.4917598554162152,0.4917598554162152,0.4917598554162152,0.4917598554162152,0.4917598554162152,0.4917598554162152,0.4917598554162152,0.4917598554162152,0.4917598554162152,0.4917598554162152,0.4917598554162152,0.4917598554162152,0.4917598554162152,0.4917598554162152,0.4917598554162152,0.4917598554162152,0.4917598554162152,0.4917598554162152,0.4917598554162152,0.4917598554162152,0.4917598554162152,0.4917598554162152,0.4917598554162152,0.4917598554162152,0.4917598554162152,0.4917598554162152,0.4917598554162152,0.4917598554162152,0.4917598554162152,0.4917598554162152,0.4917598554162152,0.4917598554162152,0.4917598554162152,0.4917598554162152,0.4917598554162152,0.4917598554162152,0.4917598554162152,0.4917598554162152,0.4917598554162152,0.4917598554162152,0.4917598554162152,0.4917598554162152,0.4917598554162152,0.4917598554162152,0.4917598554162152,0.4917598554162152,0.4917598554162152,0.4917598554162152,0.4917598554162152,0.4917598554162152,0.4917598554162152,0.4917598554162152,0.4917598554162152,0.4917598554162152,0.4917598554162152,0.4917598554162152,0.4917598554162152,0.4917598554162152,0.4917598554162152,0.4917598554162152,0.4917598554162152,0.4917598554162152,0.4917598554162152,0.4917598554162152,0.4917598554162152,0.4917598554162152,0.4917598554162152,0.4917598554162152,0.4917598554162152,0.4917598554162152,0.4917598554162152,0.4917598554162152,0.4917598554162152,0.4917598554162152,0.4917598554162152,0.4917598554162152,0.4917598554162152,0.4917598554162152,0.4917598554162152,0.4917598554162152,0.4917598554162152,0.4917598554162152,0.4917598554162152,0.4917598554162152,0.4917598554162152,0.4917598554162152,0.4917598554162152,0.4917598554162152,0.4917598554162152,0.4917598554162152,0.4917598554162152,0.4917598554162152,0.4917598554162152,0.4917598554162152,0.4917598554162152,0.4917598554162152,0.4917598554162152,0.4917598554162152,0.4917598554162152,0.4917598554162152,0.4917598554162152,0.4917598554162152,0.4917598554162152,0.4917598554162152,0.4917598554162152,0.4917598554162152,0.4917598554162152,0.4917598554162152,0.4917598554162152,0.4917598554162152,0.4917598554162152,0.4917598554162152,0.4917598554162152,0.4917598554162152,0.4917598554162152,0.4917598554162152,0.4917598554162152,0.4917598554162152,0.4917598554162152,0.4917598554162152,0.4917598554162152,0.4917598554162152,0.4917598554162152,0.4917598554162152,0.4917598554162152,0.4917598554162152,0.4917598554162152,0.4917598554162152,0.4917598554162152,0.4917598554162152,0.4917598554162152,0.4917598554162152,0.4917598554162152,0.4917598554162152,0.4917598554162152,0.4917598554162152,0.4917598554162152,0.4917598554162152,0.4917598554162152,0.4917598554162152,0.4917598554162152,0.4917598554162152,0.4917598554162152,0.4917598554162152,0.4917598554162152,0.4917598554162152,0.4917598554162152,0.4917598554162152,0.4917598554162152,0.4917598554162152,0.4917598554162152,0.4917598554162152,0.4917598554162152,0.4917598554162152,0.4917598554162152,0.4917598554162152,0.4917598554162152,0.4917598554162152,0.4917598554162152,0.4917598554162152,0.4917598554162152,0.4917598554162152,0.4917598554162152,0.4917598554162152,0.4917598554162152,0.4917598554162152,0.4917598554162152,0.4917598554162152,0.4917598554162152,0.4917598554162152,0.4917598554162152,0.4917598554162152,0.4917598554162152,0.4917598554162152,0.4917598554162152,0.4917598554162152,0.4917598554162152,0.4917598554162152,0.4917598554162152,0.4917598554162152,0.4917598554162152,0.4917598554162152,0.4917598554162152,0.4917598554162152,0.4917598554162152,0.4917598554162152,0.4917598554162152,0.4917598554162152,0.4917598554162152,0.4917598554162152,0.4917598554162152,0.4917598554162152,0.4917598554162152,0.4917598554162152,0.4917598554162152,0.4917598554162152,0.4917598554162152,0.4917598554162152,0.4917598554162152,0.4917598554162152,0.4917598554162152,0.4917598554162152,0.4917598554162152,0.4917598554162152,0.4917598554162152,0.4917598554162152,0.4917598554162152,0.4917598554162152,0.4917598554162152,0.4917598554162152,0.4917598554162152,0.4917598554162152,0.4917598554162152,0.4917598554162152,0.4917598554162152,0.4917598554162152,0.4917598554162152,0.4917598554162152,0.4917598554162152,0.4917598554162152,0.4917598554162152,0.4917598554162152,0.4917598554162152,0.4917598554162152,0.4917598554162152,0.4917598554162152,0.4917598554162152,0.4917598554162152,0.4917598554162152,0.4917598554162152,0.4917598554162152,0.4917598554162152,0.4917598554162152,0.4917598554162152,0.4917598554162152,0.4917598554162152,0.4917598554162152,0.4917598554162152,0.4917598554162152,0.4917598554162152,0.4917598554162152,0.4917598554162152,0.4917598554162152,0.4917598554162152,0.4917598554162152,0.4917598554162152,0.4917598554162152,0.4917598554162152,0.4917598554162152,0.4917598554162152,0.4917598554162152,0.4917598554162152,0.4917598554162152,0.4917598554162152,0.4917598554162152,0.4917598554162152,0.4917598554162152,0.4917598554162152,0.4917598554162152,0.4917598554162152,0.4917598554162152,0.4917598554162152,0.4917598554162152,0.4917598554162152,0.4917598554162152,0.4917598554162152,0.4917598554162152,0.4917598554162152,0.4917598554162152,0.4917598554162152,0.4917598554162152,0.4917598554162152,0.4917598554162152,0.4917598554162152,0.4917598554162152,0.4917598554162152,0.4917598554162152,0.4917598554162152,0.4917598554162152,0.4917598554162152,0.4917598554162152,0.4917598554162152,0.4917598554162152,0.4917598554162152,0.4917598554162152,0.4917598554162152,0.4917598554162152,0.4917598554162152,0.4917598554162152,0.4917598554162152,0.4917598554162152,0.4917598554162152,0.4917598554162152,0.4917598554162152,0.4917598554162152,0.4917598554162152,0.4917598554162152,0.4917598554162152,0.4917598554162152,0.4917598554162152,0.4917598554162152,0.4917598554162152,0.4917598554162152,0.4917598554162152,0.4917598554162152,0.4917598554162152,0.4917598554162152,0.4917598554162152,0.4917598554162152,0.4917598554162152,0.4917598554162152,0.4917598554162152,0.4917598554162152,0.4917598554162152,0.4917598554162152,0.4917598554162152,0.4917598554162152,0.4917598554162152,0.4917598554162152,0.4917598554162152,0.4917598554162152,0.4917598554162152,0.4917598554162152,0.4917598554162152,0.4917598554162152,0.4917598554162152,0.4917598554162152,0.4917598554162152,0.4917598554162152,0.4917598554162152,0.4917598554162152,0.4917598554162152,0.4917598554162152,0.4917598554162152,0.4917598554162152,0.4917598554162152,0.4917598554162152,0.4917598554162152,0.4917598554162152,0.4917598554162152,0.4917598554162152,0.4917598554162152,0.4917598554162152,0.4917598554162152,0.4917598554162152,0.4917598554162152,0.4917598554162152,0.4917598554162152,7.053530113099513,7.053530113099513,7.053530113099513,6.64813155907162,6.630269208754874,6.622577533407178,6.507995003908901,6.185693957807008,5.629368760021139,5.629368760021139,5.629368760021139,5.629368760021139,5.629368760021139,5.629368760021139,5.629368760021139,5.629368760021139,5.629368760021139,5.629368760021139,5.629368760021139,5.629368760021139,5.629368760021139,5.629368760021139,5.629368760021139,5.629368760021139,5.629368760021139,5.629368760021139,5.629368760021139,5.629368760021139,5.629368760021139,5.629368760021139,5.629368760021139,5.629368760021139,5.629368760021139,5.629368760021139,5.629368760021139,5.629368760021139,5.629368760021139,5.629368760021139,5.629368760021139,5.629368760021139,5.629368760021139,5.629368760021139,5.629368760021139,5.629368760021139,5.629368760021139,5.629368760021139,5.629368760021139,5.629368760021139,5.629368760021139,5.629368760021139,5.629368760021139,5.629368760021139,5.629368760021139,5.629368760021139,5.629368760021139,5.629368760021139,5.629368760021139,5.629368760021139,5.629368760021139,5.629368760021139,5.629368760021139,5.629368760021139,5.629368760021139,5.629368760021139,5.629368760021139,5.629368760021139,5.629368760021139,5.629368760021139,5.629368760021139,5.629368760021139,5.629368760021139,5.629368760021139,5.629368760021139,5.629368760021139,5.629368760021139,5.629368760021139,5.629368760021139,5.629368760021139,5.629368760021139,5.629368760021139,5.629368760021139,5.629368760021139,5.629368760021139,5.629368760021139,5.629368760021139,5.629368760021139,5.629368760021139,5.629368760021139,5.629368760021139,5.629368760021139,5.629368760021139,5.560601413148811,5.342038280934201,5.100418899525676,5.034867862214424,5.034867862214424,5.034867862214424,5.034867862214424,5.034867862214424,5.034867862214424,5.034867862214424,4.830461857116873,4.757996614611745,4.757996614611745,4.757996614611745,4.298112035362078,4.298112035362078,4.298112035362078,4.298112035362078,4.298112035362078,4.298112035362078,4.298112035362078,4.298112035362078,4.298112035362078,4.298112035362078,4.298112035362078,4.298112035362078,4.298112035362078,4.298112035362078,4.298112035362078,4.298112035362078,4.298112035362078,4.298112035362078,4.298112035362078,4.298112035362078,4.298112035362078,4.298112035362078,4.298112035362078,4.298112035362078,4.298112035362078,4.298112035362078,4.298112035362078,4.298112035362078,4.298112035362078,4.298112035362078,4.298112035362078,4.298112035362078,4.298112035362078,4.298112035362078,4.298112035362078,4.298112035362078,4.298112035362078,4.298112035362078,4.298112035362078,4.298112035362078,4.298112035362078,4.298112035362078,4.298112035362078,4.298112035362078,4.298112035362078,4.298112035362078,4.298112035362078,4.298112035362078,4.298112035362078,4.298112035362078,4.298112035362078,4.298112035362078,4.298112035362078,4.298112035362078,4.298112035362078,4.298112035362078,4.298112035362078,4.298112035362078,4.298112035362078,4.298112035362078,4.298112035362078,4.298112035362078,4.298112035362078,4.298112035362078,4.298112035362078,4.298112035362078,4.298112035362078,4.298112035362078,4.298112035362078,4.298112035362078,4.298112035362078,4.298112035362078,4.298112035362078,4.298112035362078,4.298112035362078,4.298112035362078,4.298112035362078,4.298112035362078,4.298112035362078,4.298112035362078,4.298112035362078,4.298112035362078,4.298112035362078,4.298112035362078,4.298112035362078,4.298112035362078,4.298112035362078,4.298112035362078,4.298112035362078,4.298112035362078,4.298112035362078,4.298112035362078,4.298112035362078,4.298112035362078,4.298112035362078,4.298112035362078,4.298112035362078,4.298112035362078,4.298112035362078,4.298112035362078,4.298112035362078,4.298112035362078,4.298112035362078,4.298112035362078,4.298112035362078,4.298112035362078,4.298112035362078,4.298112035362078,4.298112035362078,4.298112035362078,4.298112035362078,4.298112035362078,4.298112035362078,4.298112035362078,4.298112035362078,4.298112035362078,4.298112035362078,4.298112035362078,4.298112035362078,4.298112035362078,4.298112035362078,4.298112035362078,4.298112035362078,4.298112035362078,4.298112035362078,4.298112035362078,4.298112035362078,4.298112035362078,4.298112035362078,4.298112035362078,4.298112035362078,4.298112035362078,4.298112035362078,4.298112035362078,4.298112035362078,4.298112035362078,4.298112035362078,4.298112035362078,4.298112035362078,4.298112035362078,4.298112035362078,4.298112035362078,4.298112035362078,4.298112035362078,4.298112035362078,4.298112035362078,4.298112035362078,4.298112035362078,4.298112035362078,4.298112035362078,4.298112035362078,4.298112035362078,4.298112035362078,4.298112035362078,4.298112035362078,4.298112035362078,4.298112035362078,4.298112035362078,4.298112035362078,4.298112035362078,4.298112035362078,4.298112035362078,4.298112035362078,4.298112035362078,4.298112035362078,4.298112035362078,4.298112035362078,4.298112035362078,4.298112035362078,4.298112035362078,4.298112035362078,4.298112035362078,4.298112035362078,4.298112035362078,4.298112035362078,4.298112035362078,4.298112035362078,4.298112035362078,4.298112035362078,4.298112035362078,4.298112035362078,4.298112035362078,4.298112035362078,4.298112035362078,4.298112035362078,4.298112035362078,4.298112035362078,4.298112035362078,4.298112035362078,4.298112035362078,4.298112035362078,4.298112035362078,4.298112035362078,4.298112035362078,4.298112035362078,4.298112035362078,4.298112035362078,4.298112035362078,4.298112035362078,4.298112035362078,4.298112035362078,4.298112035362078,4.298112035362078,4.298112035362078,4.298112035362078,4.298112035362078,4.298112035362078,4.298112035362078,4.298112035362078,4.298112035362078,4.298112035362078,4.298112035362078,4.298112035362078,4.298112035362078,4.298112035362078,4.298112035362078,4.298112035362078,4.298112035362078,4.298112035362078,4.298112035362078,4.298112035362078,4.298112035362078,4.298112035362078,4.298112035362078,4.298112035362078,4.298112035362078,4.298112035362078,4.298112035362078,4.298112035362078,4.298112035362078,4.298112035362078,4.298112035362078,4.298112035362078,4.298112035362078,4.298112035362078,4.298112035362078,4.298112035362078,4.298112035362078,4.298112035362078,4.298112035362078,4.298112035362078,4.298112035362078,4.298112035362078,4.298112035362078,4.298112035362078,4.298112035362078,4.298112035362078,4.298112035362078,4.298112035362078,4.298112035362078,4.298112035362078,4.298112035362078,4.298112035362078,4.298112035362078,4.298112035362078,4.298112035362078,4.298112035362078,4.298112035362078,4.298112035362078,4.298112035362078,4.298112035362078,4.298112035362078,4.298112035362078,4.298112035362078,4.298112035362078,4.298112035362078,4.298112035362078,4.298112035362078,4.298112035362078,4.298112035362078,4.298112035362078,4.298112035362078,4.298112035362078,4.298112035362078,4.298112035362078,4.298112035362078,4.298112035362078,4.298112035362078,4.298112035362078,4.298112035362078,4.298112035362078,4.298112035362078,4.298112035362078,4.298112035362078,4.298112035362078,4.298112035362078,4.298112035362078,4.298112035362078,4.298112035362078,4.298112035362078,4.298112035362078,4.298112035362078,4.298112035362078,4.298112035362078,4.298112035362078,4.298112035362078,4.298112035362078,4.298112035362078,4.298112035362078,4.298112035362078,4.298112035362078,4.298112035362078,4.298112035362078,4.298112035362078,4.298112035362078,4.298112035362078,4.298112035362078,4.298112035362078,4.298112035362078,4.298112035362078,4.298112035362078,4.298112035362078,4.298112035362078,4.298112035362078,4.298112035362078,4.298112035362078,4.298112035362078,4.298112035362078,4.298112035362078,4.298112035362078,4.298112035362078,4.298112035362078,4.298112035362078,4.298112035362078,4.298112035362078,4.298112035362078,4.298112035362078,4.298112035362078,4.298112035362078,4.298112035362078,4.298112035362078,4.298112035362078,4.298112035362078,4.298112035362078,4.298112035362078,4.298112035362078,4.298112035362078,4.298112035362078,4.298112035362078,4.298112035362078,4.298112035362078,4.298112035362078,4.298112035362078,4.298112035362078,4.298112035362078,4.298112035362078,4.298112035362078,4.298112035362078,4.298112035362078,4.298112035362078,4.298112035362078,4.298112035362078,4.298112035362078,4.298112035362078,4.298112035362078,4.298112035362078,4.298112035362078,4.298112035362078,4.298112035362078,4.298112035362078,4.298112035362078,4.298112035362078,4.298112035362078,4.298112035362078,4.298112035362078,4.298112035362078,4.298112035362078,4.298112035362078,4.298112035362078,4.298112035362078,4.298112035362078,4.298112035362078,4.298112035362078,4.298112035362078,4.298112035362078,4.298112035362078,4.298112035362078,4.298112035362078,4.298112035362078,4.298112035362078,4.298112035362078,4.298112035362078,4.298112035362078,4.298112035362078,4.298112035362078,4.298112035362078,4.298112035362078,4.298112035362078,4.298112035362078,4.298112035362078,4.298112035362078,4.298112035362078,4.298112035362078,4.298112035362078,4.298112035362078,4.298112035362078,4.298112035362078,4.298112035362078,4.298112035362078,4.298112035362078,4.298112035362078,4.298112035362078,4.298112035362078,4.298112035362078,4.298112035362078,4.298112035362078,4.298112035362078,4.298112035362078,4.298112035362078,4.298112035362078,4.298112035362078,4.298112035362078,4.298112035362078,4.298112035362078,4.298112035362078,4.298112035362078,4.298112035362078,4.298112035362078,4.298112035362078,4.298112035362078,4.298112035362078,4.298112035362078,4.298112035362078,4.298112035362078,4.298112035362078,4.298112035362078,4.298112035362078,4.298112035362078,4.298112035362078,4.298112035362078,4.298112035362078,4.298112035362078,4.298112035362078,4.298112035362078,4.298112035362078,4.298112035362078,4.298112035362078,4.298112035362078,4.298112035362078,4.298112035362078,4.298112035362078,4.298112035362078,4.298112035362078,4.298112035362078,4.298112035362078,4.298112035362078,4.298112035362078,4.298112035362078,4.298112035362078,4.298112035362078,4.298112035362078,4.298112035362078,4.298112035362078,4.298112035362078,4.298112035362078,4.298112035362078,4.298112035362078,4.298112035362078,4.298112035362078,4.298112035362078,4.298112035362078,4.298112035362078,4.298112035362078,4.298112035362078,4.298112035362078,4.298112035362078,4.298112035362078,4.298112035362078,4.298112035362078,4.298112035362078,4.298112035362078,4.298112035362078,4.298112035362078,4.298112035362078,4.298112035362078,4.298112035362078,4.298112035362078,4.298112035362078,4.298112035362078,4.298112035362078,4.298112035362078,4.298112035362078,4.298112035362078,4.298112035362078,4.298112035362078,4.298112035362078,4.298112035362078,4.298112035362078,4.298112035362078,4.298112035362078,4.298112035362078,4.298112035362078,4.298112035362078,4.298112035362078,4.298112035362078,4.298112035362078,4.298112035362078,4.298112035362078,4.298112035362078,4.298112035362078,4.298112035362078,4.298112035362078,4.298112035362078,4.298112035362078,4.298112035362078,4.298112035362078,4.298112035362078,4.298112035362078,4.298112035362078,4.298112035362078,4.298112035362078,4.298112035362078,4.298112035362078,4.298112035362078,4.298112035362078,4.298112035362078,4.298112035362078,4.298112035362078,4.298112035362078,4.298112035362078,4.298112035362078,4.298112035362078,4.298112035362078,4.298112035362078,4.298112035362078,4.298112035362078,4.298112035362078,4.298112035362078,4.298112035362078,4.298112035362078,4.298112035362078,4.298112035362078,4.298112035362078,4.298112035362078,4.298112035362078,4.298112035362078,4.298112035362078,4.298112035362078,4.298112035362078,4.298112035362078,4.298112035362078,4.298112035362078,4.298112035362078,4.298112035362078,4.298112035362078,4.298112035362078,4.298112035362078,4.298112035362078,4.298112035362078,4.298112035362078,4.298112035362078,4.298112035362078,4.298112035362078,4.298112035362078,4.298112035362078,4.298112035362078,4.298112035362078,4.298112035362078,4.298112035362078,4.298112035362078,4.298112035362078,4.298112035362078,4.298112035362078,4.298112035362078,4.298112035362078,4.298112035362078,4.298112035362078,4.298112035362078,4.298112035362078,4.298112035362078,4.298112035362078,4.298112035362078,4.298112035362078,4.298112035362078,4.298112035362078,4.298112035362078,4.298112035362078,4.298112035362078,4.298112035362078,4.298112035362078,4.298112035362078,4.298112035362078,4.298112035362078,4.298112035362078,4.298112035362078,4.298112035362078,4.298112035362078,4.298112035362078,4.298112035362078,4.298112035362078,4.298112035362078,4.298112035362078,4.298112035362078,4.298112035362078,4.298112035362078,4.298112035362078,4.298112035362078,4.298112035362078,4.298112035362078,4.298112035362078,4.298112035362078,4.298112035362078,4.298112035362078,4.298112035362078,4.298112035362078,4.298112035362078,4.298112035362078,4.298112035362078,4.298112035362078,4.298112035362078,4.298112035362078,4.298112035362078,4.298112035362078,4.298112035362078,4.298112035362078,4.298112035362078,4.298112035362078,4.298112035362078,4.298112035362078,4.298112035362078,4.298112035362078,4.298112035362078,4.298112035362078,4.298112035362078,4.298112035362078,4.298112035362078,4.298112035362078,4.298112035362078,4.298112035362078,4.298112035362078,4.298112035362078,4.298112035362078,4.298112035362078,4.298112035362078,4.298112035362078,4.298112035362078,4.298112035362078,4.298112035362078,4.298112035362078,4.298112035362078,4.298112035362078,4.298112035362078,4.298112035362078,4.298112035362078,4.298112035362078,4.298112035362078,4.298112035362078,4.298112035362078,4.298112035362078,4.298112035362078,4.298112035362078,4.298112035362078,4.298112035362078,4.298112035362078,4.298112035362078,4.298112035362078,4.298112035362078,4.298112035362078,4.298112035362078,4.298112035362078,4.298112035362078,4.298112035362078,4.298112035362078,4.298112035362078,4.298112035362078,4.298112035362078,4.298112035362078,4.298112035362078,4.298112035362078,4.298112035362078,4.298112035362078,4.298112035362078,4.298112035362078,4.298112035362078,4.298112035362078,4.298112035362078,4.298112035362078,4.298112035362078,4.298112035362078,4.298112035362078,4.298112035362078,4.298112035362078,4.298112035362078,4.298112035362078,4.298112035362078,4.298112035362078,4.298112035362078,4.298112035362078,4.298112035362078,4.298112035362078,4.298112035362078,4.298112035362078,4.298112035362078,4.298112035362078,4.298112035362078,4.298112035362078,4.298112035362078,4.298112035362078,4.298112035362078,4.298112035362078,4.298112035362078,4.298112035362078,4.298112035362078,4.298112035362078,4.298112035362078,4.298112035362078,4.298112035362078,4.298112035362078,4.298112035362078,4.298112035362078,4.298112035362078,4.298112035362078,4.298112035362078,4.298112035362078,4.298112035362078,4.298112035362078,4.298112035362078,4.298112035362078,4.298112035362078,4.298112035362078,4.298112035362078,4.298112035362078,4.298112035362078,4.298112035362078,4.298112035362078,4.298112035362078,4.298112035362078,4.298112035362078,4.298112035362078,4.298112035362078,4.298112035362078,4.298112035362078,4.298112035362078,4.298112035362078,4.298112035362078,4.298112035362078,4.298112035362078,4.298112035362078,4.298112035362078,4.298112035362078,4.298112035362078,4.298112035362078,4.298112035362078,4.298112035362078,4.298112035362078,4.298112035362078,4.298112035362078,4.298112035362078,4.298112035362078,4.298112035362078,4.298112035362078,4.298112035362078,4.298112035362078,4.298112035362078,4.298112035362078,4.298112035362078,4.298112035362078,4.298112035362078,4.298112035362078,4.298112035362078,4.298112035362078,4.298112035362078,4.298112035362078,4.298112035362078,4.298112035362078,4.298112035362078,4.298112035362078,4.298112035362078,4.298112035362078,4.298112035362078,4.298112035362078,4.298112035362078,4.298112035362078,4.298112035362078,4.298112035362078,4.298112035362078,4.298112035362078,4.298112035362078,4.298112035362078,4.298112035362078,4.298112035362078,4.298112035362078,4.298112035362078,4.298112035362078,4.298112035362078,4.298112035362078,4.298112035362078,4.298112035362078,4.298112035362078,4.298112035362078,4.298112035362078,4.298112035362078,4.298112035362078,4.298112035362078,4.298112035362078,4.298112035362078,4.298112035362078,4.298112035362078,4.298112035362078,4.298112035362078,4.298112035362078,4.298112035362078,4.298112035362078,4.298112035362078,4.298112035362078,4.298112035362078,4.298112035362078,4.298112035362078,4.298112035362078,4.298112035362078,4.298112035362078,4.298112035362078,4.298112035362078,4.298112035362078,4.298112035362078,4.298112035362078,4.298112035362078,4.298112035362078,4.298112035362078,4.298112035362078,4.298112035362078,4.298112035362078,4.298112035362078,4.298112035362078,4.298112035362078,4.298112035362078,4.298112035362078,4.298112035362078,4.298112035362078,4.298112035362078,4.298112035362078,4.298112035362078,4.298112035362078,4.298112035362078,4.298112035362078,4.298112035362078,4.298112035362078,4.298112035362078,4.298112035362078,4.298112035362078,4.298112035362078,4.298112035362078,4.298112035362078,4.298112035362078,4.298112035362078,4.298112035362078,4.298112035362078,4.298112035362078,4.298112035362078,4.298112035362078,4.298112035362078,4.298112035362078,4.298112035362078,4.298112035362078,4.298112035362078,4.298112035362078,4.298112035362078,4.298112035362078,4.298112035362078,4.298112035362078,4.298112035362078,4.298112035362078,4.298112035362078,4.298112035362078,4.298112035362078,4.298112035362078,4.298112035362078,4.298112035362078,4.298112035362078,4.298112035362078,4.298112035362078,4.298112035362078,4.298112035362078,4.298112035362078,4.298112035362078,4.298112035362078,4.298112035362078,4.298112035362078,4.298112035362078,4.298112035362078,4.298112035362078,4.298112035362078,4.298112035362078,4.298112035362078,4.298112035362078,4.298112035362078,4.298112035362078,4.298112035362078,4.298112035362078,4.298112035362078,4.298112035362078,4.298112035362078,4.298112035362078,4.298112035362078,4.298112035362078,9.021786972511405,9.021786972511405,8.919608218104266,8.108430414513611,8.108430414513611,8.108430414513611,8.108430414513611,8.024578754778034,8.024578754778034,8.024578754778034,8.024578754778034,8.024578754778034,8.024578754778034,8.024578754778034,8.024578754778034,8.024578754778034,8.024578754778034,8.024578754778034,8.024578754778034,8.024578754778034,8.024578754778034,8.024578754778034,8.024578754778034,8.024578754778034,8.024578754778034,8.024578754778034,8.024578754778034,8.024578754778034,8.024578754778034,8.024578754778034,8.024578754778034,8.024578754778034,8.024578754778034,8.024578754778034,8.024578754778034,8.024578754778034,8.024578754778034,8.024578754778034,8.024578754778034,8.024578754778034,8.024578754778034,8.024578754778034,8.024578754778034,8.024578754778034,8.024578754778034,8.024578754778034,7.9634169094057645,7.9634169094057645,7.9634169094057645,7.9634169094057645,7.9634169094057645,7.9634169094057645,7.9634169094057645,7.9634169094057645,7.9634169094057645,7.9634169094057645,7.9634169094057645,7.9634169094057645,7.9634169094057645,7.9634169094057645,7.9634169094057645,7.9634169094057645,7.9634169094057645,7.9634169094057645,7.9634169094057645,7.9634169094057645,7.9634169094057645,7.9634169094057645,7.9634169094057645,7.9634169094057645,7.9634169094057645,7.9634169094057645,7.9634169094057645,7.351006441243663,5.727711831276723,5.727711831276723,5.727711831276723,5.727711831276723,5.727711831276723,5.727711831276723,5.727711831276723,5.727711831276723,5.727711831276723,5.727711831276723,5.727711831276723,5.727711831276723,5.727711831276723,5.727711831276723,5.727711831276723,5.727711831276723,5.727711831276723,5.727711831276723,5.727711831276723,5.727711831276723,5.563700120194782,5.563700120194782,5.563700120194782,5.548794389111674,5.548794389111674,5.548794389111674,5.548794389111674,5.548794389111674,5.548794389111674,5.548794389111674,5.548794389111674,4.672159473577661,4.672159473577661,4.672159473577661,4.672159473577661,4.672159473577661,4.672159473577661,4.672159473577661,4.672159473577661,4.672159473577661,4.672159473577661,4.672159473577661,4.672159473577661,4.672159473577661,4.672159473577661,4.672159473577661,4.672159473577661,4.672159473577661,4.657942125347615,4.657942125347615,4.657942125347615,4.657942125347615,4.657942125347615,4.657942125347615,4.657942125347615,4.657942125347615,4.657942125347615,4.657942125347615,4.657942125347615,4.657942125347615,4.657942125347615,4.657942125347615,4.657942125347615,4.657942125347615,4.657942125347615,4.657942125347615,4.657942125347615,4.657942125347615,4.657942125347615,4.657942125347615,4.657942125347615,4.657942125347615,4.657942125347615,4.657942125347615,4.657942125347615,4.657942125347615,4.657942125347615,4.657942125347615,4.657942125347615,4.657942125347615,4.657942125347615,4.657942125347615,4.657942125347615,4.657942125347615,4.657942125347615,4.657942125347615,4.657942125347615,4.657942125347615,4.657942125347615,4.657942125347615,4.657942125347615,4.657942125347615,4.657942125347615,4.657942125347615,4.657942125347615,4.657942125347615,4.657942125347615,4.657942125347615,4.657942125347615,4.657942125347615,4.657942125347615,4.657942125347615,4.657942125347615,4.657942125347615,4.657942125347615,4.657942125347615,4.657942125347615,4.657942125347615,4.657942125347615,4.657942125347615,4.657942125347615,4.657942125347615,4.649402157541076,4.649402157541076,4.649402157541076,4.649402157541076,4.649402157541076,4.649402157541076,4.649402157541076,4.649402157541076,4.649402157541076,4.649402157541076,4.649402157541076,4.649402157541076,4.649402157541076,4.649402157541076,4.649402157541076,4.649402157541076,4.649402157541076,4.649402157541076,4.649402157541076,4.649402157541076,4.649402157541076,4.649402157541076,4.649402157541076,4.649402157541076,4.649402157541076,4.649402157541076,4.649402157541076,4.649402157541076,4.649402157541076,4.649402157541076,4.649402157541076,4.649402157541076,4.649402157541076,4.649402157541076,4.649402157541076,4.649402157541076,4.649402157541076,4.649402157541076,4.649402157541076,4.649402157541076,4.649402157541076,4.649402157541076,4.649402157541076,4.649402157541076,4.649402157541076,4.649402157541076,4.649402157541076,4.649402157541076,4.649402157541076,4.649402157541076,4.649402157541076,4.649402157541076,4.649402157541076,4.649402157541076,4.649402157541076,4.649402157541076,4.649402157541076,4.649402157541076,4.649402157541076,4.649402157541076,4.649402157541076,4.649402157541076,4.649402157541076,4.649402157541076,4.649402157541076,4.649402157541076,4.649402157541076,4.649402157541076,4.649402157541076,4.649402157541076,4.649402157541076,4.649402157541076,4.649402157541076,4.649402157541076,4.649402157541076,4.649402157541076,4.649402157541076,4.649402157541076,4.649402157541076,4.649402157541076,4.649402157541076,4.649402157541076,4.649402157541076,4.649402157541076,4.649402157541076,4.649402157541076,4.649402157541076,4.649402157541076,4.649402157541076,4.649402157541076,4.649402157541076,4.649402157541076,4.649402157541076,4.649402157541076,4.649402157541076,4.649402157541076,4.649402157541076,4.649402157541076,4.649402157541076,4.649402157541076,4.649402157541076,4.649402157541076,4.649402157541076,4.649402157541076,4.649402157541076,4.649402157541076,4.649402157541076,4.649402157541076,4.649402157541076,4.649402157541076,4.649402157541076,4.649402157541076,4.649402157541076,4.649402157541076,4.649402157541076,4.649402157541076,4.649402157541076,4.649402157541076,4.649402157541076,4.649402157541076,4.649402157541076,4.649402157541076,4.649402157541076,4.649402157541076,4.649402157541076,4.649402157541076,4.649402157541076,4.649402157541076,4.649402157541076,4.649402157541076,4.649402157541076,4.649402157541076,4.649402157541076,4.649402157541076,4.649402157541076,4.649402157541076,4.649402157541076,4.649402157541076,4.649402157541076,4.649402157541076,4.649402157541076,4.649402157541076,4.649402157541076,4.649402157541076,4.649402157541076,4.649402157541076,4.649402157541076,4.649402157541076,4.649402157541076,4.649402157541076,4.649402157541076,4.649402157541076,4.649402157541076,4.649402157541076,4.649402157541076,4.649402157541076,4.649402157541076,4.649402157541076,4.649402157541076,4.649402157541076,4.649402157541076,4.649402157541076,4.649402157541076,4.649402157541076,4.649402157541076,4.649402157541076,4.649402157541076,4.649402157541076,4.649402157541076,4.649402157541076,4.649402157541076,4.649402157541076,4.649402157541076,4.649402157541076,4.649402157541076,4.649402157541076,4.649402157541076,4.649402157541076,4.649402157541076,4.649402157541076,4.649402157541076,4.649402157541076,4.649402157541076,4.649402157541076,4.649402157541076,4.649402157541076,4.649402157541076,4.649402157541076,4.649402157541076,4.649402157541076,4.649402157541076,4.649402157541076,4.649402157541076,4.649402157541076,4.649402157541076,4.649402157541076,4.649402157541076,4.649402157541076,4.649402157541076,4.649402157541076,4.649402157541076,4.649402157541076,4.649402157541076,4.649402157541076,4.649402157541076,4.649402157541076,4.649402157541076,4.649402157541076,4.649402157541076,4.649402157541076,4.649402157541076,4.649402157541076,4.649402157541076,4.649402157541076,4.649402157541076,4.649402157541076,4.649402157541076,4.649402157541076,4.649402157541076,4.649402157541076,4.649402157541076,4.649402157541076,4.649402157541076,4.649402157541076,4.649402157541076,4.649402157541076,4.649402157541076,4.649402157541076,4.649402157541076,4.649402157541076,4.649402157541076,4.649402157541076,4.649402157541076,4.649402157541076,4.649402157541076,4.649402157541076,4.649402157541076,4.649402157541076,4.649402157541076,4.649402157541076,4.649402157541076,4.649402157541076,4.649402157541076,4.649402157541076,4.649402157541076,4.649402157541076,4.649402157541076,4.649402157541076,4.649402157541076,4.649402157541076,4.649402157541076,4.649402157541076,4.649402157541076,4.649402157541076,4.649402157541076,4.649402157541076,4.649402157541076,4.649402157541076,4.649402157541076,4.649402157541076,4.649402157541076,4.649402157541076,4.649402157541076,4.649402157541076,4.649402157541076,4.649402157541076,4.649402157541076,4.649402157541076,4.649402157541076,4.649402157541076,4.649402157541076,4.649402157541076,4.649402157541076,4.649402157541076,4.649402157541076,4.649402157541076,4.649402157541076,4.649402157541076,4.649402157541076,4.649402157541076,4.649402157541076,4.649402157541076,4.649402157541076,4.649402157541076,4.649402157541076,4.649402157541076,4.649402157541076,4.649402157541076,4.649402157541076,4.649402157541076,4.649402157541076,4.649402157541076,4.649402157541076,4.649402157541076,4.649402157541076,4.649402157541076,4.649402157541076,4.649402157541076,4.649402157541076,4.649402157541076,4.649402157541076,4.649402157541076,4.649402157541076,4.649402157541076,4.649402157541076,4.649402157541076,4.649402157541076,4.649402157541076,4.649402157541076,4.649402157541076,4.649402157541076,4.649402157541076,4.649402157541076,4.649402157541076,4.649402157541076,4.649402157541076,4.649402157541076,4.649402157541076,4.649402157541076,4.649402157541076,4.649402157541076,4.649402157541076,4.649402157541076,4.649402157541076,4.649402157541076,4.649402157541076,4.649402157541076,4.649402157541076,4.649402157541076,4.649402157541076,4.649402157541076,4.649402157541076,4.649402157541076,4.649402157541076,4.649402157541076,4.649402157541076,4.649402157541076,4.649402157541076,4.649402157541076,4.649402157541076,4.649402157541076,4.649402157541076,4.649402157541076,4.649402157541076,4.649402157541076,4.649402157541076,4.649402157541076,4.649402157541076,4.649402157541076,4.649402157541076,4.649402157541076,4.649402157541076,4.649402157541076,4.649402157541076,4.649402157541076,4.649402157541076,4.649402157541076,4.649402157541076,4.649402157541076,4.649402157541076,4.649402157541076,4.649402157541076,4.649402157541076,4.649402157541076,4.649402157541076,4.649402157541076,4.649402157541076,4.649402157541076,4.649402157541076,4.649402157541076,4.649402157541076,4.649402157541076,4.649402157541076,4.649402157541076,4.649402157541076,4.649402157541076,4.649402157541076,4.649402157541076,4.649402157541076,4.649402157541076,4.649402157541076,4.649402157541076,4.649402157541076,4.649402157541076,4.649402157541076,4.649402157541076,4.649402157541076,4.649402157541076,4.649402157541076,4.649402157541076,4.649402157541076,4.649402157541076,4.649402157541076,4.649402157541076,4.649402157541076,4.649402157541076,4.649402157541076,4.649402157541076,4.649402157541076,4.649402157541076,4.649402157541076,4.649402157541076,4.649402157541076,4.649402157541076,4.649402157541076,4.649402157541076,4.649402157541076,4.649402157541076,4.649402157541076,4.649402157541076,4.649402157541076,4.649402157541076,4.649402157541076,4.649402157541076,4.649402157541076,4.649402157541076,4.649402157541076,4.649402157541076,4.649402157541076,4.649402157541076,4.649402157541076,4.649402157541076,4.649402157541076,4.649402157541076,4.649402157541076,4.649402157541076,4.649402157541076,4.649402157541076,4.649402157541076,4.649402157541076,4.649402157541076,4.649402157541076,4.649402157541076,4.649402157541076,4.649402157541076,4.649402157541076,4.649402157541076,4.649402157541076,4.649402157541076,4.649402157541076,4.649402157541076,4.649402157541076,4.649402157541076,4.649402157541076,4.649402157541076,4.649402157541076,4.649402157541076,4.649402157541076,4.649402157541076,4.649402157541076,4.649402157541076,4.649402157541076,4.649402157541076,4.649402157541076,4.649402157541076,4.649402157541076,4.649402157541076,4.649402157541076,4.649402157541076,4.649402157541076,4.649402157541076,4.649402157541076,4.649402157541076,4.649402157541076,4.649402157541076,4.649402157541076,4.649402157541076,4.649402157541076,4.649402157541076,4.649402157541076,4.649402157541076,4.649402157541076,4.649402157541076,4.649402157541076,4.649402157541076,4.649402157541076,4.649402157541076,4.649402157541076,4.649402157541076,4.649402157541076,4.649402157541076,4.649402157541076,4.649402157541076,4.649402157541076,4.649402157541076,4.649402157541076,4.649402157541076,4.649402157541076,4.649402157541076,4.649402157541076,4.649402157541076,4.649402157541076,4.649402157541076,4.649402157541076,4.649402157541076,4.649402157541076,4.649402157541076,4.649402157541076,4.649402157541076,4.649402157541076,4.649402157541076,4.649402157541076,4.649402157541076,4.649402157541076,4.649402157541076,4.649402157541076,4.649402157541076,4.649402157541076,4.649402157541076,4.649402157541076,4.649402157541076,4.649402157541076,4.649402157541076,4.649402157541076,4.649402157541076,4.649402157541076,4.649402157541076,4.649402157541076,4.649402157541076,4.649402157541076,4.649402157541076,4.649402157541076,4.649402157541076,4.649402157541076,4.649402157541076,4.649402157541076,4.649402157541076,4.649402157541076,4.649402157541076,4.649402157541076,4.649402157541076,4.649402157541076,4.649402157541076,4.649402157541076,4.649402157541076,4.649402157541076,4.649402157541076,4.649402157541076,4.649402157541076,4.649402157541076,4.649402157541076,4.633168073657986,4.633168073657986,4.633168073657986,4.500160513951113,4.479726777914617,4.479726777914617,4.479726777914617,4.479726777914617,4.479726777914617,4.479726777914617,4.479726777914617,4.479726777914617,4.479726777914617,4.479726777914617,4.479726777914617,4.479726777914617,4.479726777914617,4.479726777914617,4.479726777914617,4.479726777914617,4.479726777914617,4.479726777914617,4.479726777914617,4.479726777914617,4.479726777914617,4.479726777914617,4.479726777914617,4.479726777914617,4.479726777914617,4.479726777914617,4.479726777914617,4.479726777914617,4.479726777914617,4.479726777914617,4.479726777914617,4.479726777914617,4.479726777914617,4.479726777914617,4.479726777914617,4.479726777914617,4.479726777914617,4.479726777914617,4.479726777914617,4.479726777914617,4.479726777914617,4.479726777914617,4.479726777914617,4.479726777914617,4.479726777914617,4.479726777914617,4.479726777914617,4.479726777914617,4.479726777914617,4.479726777914617,4.479726777914617,4.479726777914617,4.479726777914617,4.479726777914617,4.479726777914617,4.479726777914617,4.479726777914617,4.479726777914617,4.479726777914617,4.479726777914617,4.479726777914617,4.479726777914617,4.479726777914617,4.479726777914617,4.479726777914617,4.479726777914617,4.479726777914617,4.479726777914617,4.479726777914617,4.479726777914617,4.479726777914617,4.479726777914617,4.479726777914617,4.479726777914617,4.479726777914617,4.479726777914617,4.479726777914617,4.479726777914617,4.479726777914617,4.479726777914617,4.479726777914617,4.479726777914617,4.479726777914617,4.479726777914617,4.479726777914617,4.479726777914617,4.479726777914617,4.479726777914617,4.479726777914617,4.479726777914617,4.479726777914617,4.479726777914617,4.479726777914617,4.479726777914617,4.479726777914617,4.479726777914617,4.479726777914617,4.479726777914617,4.479726777914617,4.479726777914617,4.479726777914617,4.479726777914617,4.479726777914617,4.479726777914617,4.479726777914617,4.479726777914617,4.479726777914617,4.479726777914617,4.479726777914617,4.479726777914617,4.479726777914617,4.479726777914617,4.479726777914617,4.479726777914617,4.479726777914617,4.479726777914617,4.479726777914617,4.479726777914617,4.479726777914617,4.479726777914617,4.479726777914617,4.479726777914617,4.479726777914617,4.479726777914617,4.479726777914617,4.479726777914617,4.479726777914617,4.479726777914617,4.479726777914617,4.479726777914617,4.479726777914617,4.479726777914617,4.479726777914617,4.479726777914617,4.479726777914617,4.479726777914617,4.479726777914617,4.479726777914617,4.479726777914617,4.479726777914617,4.479726777914617,4.479726777914617,4.479726777914617,4.479726777914617,4.479726777914617,4.479726777914617,4.479726777914617,4.479726777914617,4.479726777914617,4.479726777914617,4.479726777914617,4.479726777914617,4.479726777914617,4.479726777914617,4.479726777914617,4.479726777914617,4.479726777914617,4.479726777914617,4.479726777914617,4.479726777914617,4.479726777914617,4.479726777914617,4.479726777914617,4.479726777914617,4.479726777914617,4.479726777914617,4.479726777914617,4.479726777914617,4.479726777914617,4.479726777914617,4.479726777914617,4.479726777914617,4.479726777914617,4.479726777914617,4.479726777914617,4.479726777914617,4.479726777914617,4.479726777914617,4.479726777914617,4.479726777914617,4.479726777914617,4.479726777914617,4.479726777914617,4.479726777914617,4.479726777914617,4.479726777914617,4.479726777914617,4.479726777914617,4.479726777914617,4.479726777914617,4.479726777914617,4.479726777914617,4.479726777914617,4.479726777914617,4.479726777914617,4.479726777914617,4.479726777914617,4.479726777914617,4.479726777914617,4.479726777914617,4.479726777914617,4.479726777914617,4.479726777914617,4.479726777914617,4.479726777914617,4.479726777914617,4.479726777914617,4.479726777914617,4.479726777914617,4.479726777914617,4.479726777914617,4.479726777914617,4.479726777914617,4.479726777914617,4.479726777914617,4.479726777914617,4.479726777914617,4.479726777914617,4.479726777914617,4.479726777914617,4.479726777914617,4.479726777914617,4.479726777914617,4.479726777914617,4.479726777914617,4.479726777914617,4.479726777914617,4.479726777914617,4.479726777914617,4.479726777914617,4.479726777914617,4.479726777914617,4.479726777914617,4.479726777914617,4.479726777914617,4.479726777914617,4.479726777914617,4.479726777914617,4.479726777914617,4.479726777914617,4.479726777914617,4.479726777914617,4.479726777914617,4.479726777914617,4.479726777914617,4.479726777914617,4.479726777914617,4.479726777914617,4.479726777914617,4.479726777914617,4.479726777914617,4.479726777914617,4.479726777914617,4.479726777914617,4.479726777914617,4.479726777914617,4.479726777914617,4.479726777914617,4.479726777914617,4.479726777914617,4.479726777914617,4.479726777914617,4.479726777914617,4.479726777914617,4.479726777914617,4.479726777914617,4.479726777914617,4.479726777914617,4.479726777914617,9.527446526258242,8.695445914599873,8.559914866626064,8.559914866626064,7.605763532506536,7.605763532506536,7.418830630605256,7.418830630605256,7.019962113665749,7.019962113665749,6.996411357884883,6.8973150808462975,6.8973150808462975,6.8973150808462975,6.8973150808462975,6.8973150808462975,6.8973150808462975,6.8973150808462975,6.8973150808462975,6.8973150808462975,6.8973150808462975,6.8973150808462975,6.8973150808462975,6.8973150808462975,6.8973150808462975,6.8973150808462975,6.8973150808462975,6.8973150808462975,6.8973150808462975,6.8973150808462975,6.8973150808462975,6.8973150808462975,6.8973150808462975,6.8973150808462975,6.8973150808462975,6.8973150808462975,6.8973150808462975,6.8973150808462975,6.825128728980971,6.605978583024778,6.27598443086576,6.27598443086576,6.27598443086576,6.012547568134529,6.012547568134529,6.012547568134529,6.012547568134529,6.012547568134529,6.012547568134529,6.012547568134529,6.012547568134529,6.012547568134529,5.945191230519139,5.928345449423244,5.928345449423244,5.928345449423244,5.910342497642125,5.910342497642125,5.910342497642125,5.904239222082717,5.904239222082717,5.904239222082717,5.904239222082717,5.904239222082717,5.904239222082717,5.904239222082717,5.904239222082717,5.904239222082717,5.904239222082717,5.904239222082717,5.904239222082717,5.904239222082717,5.904239222082717,5.904239222082717,5.904239222082717,5.904239222082717,5.904239222082717,5.904239222082717,5.904239222082717,5.904239222082717,5.904239222082717,5.904239222082717,5.904239222082717,5.904239222082717,5.904239222082717,5.904239222082717,5.904239222082717,5.904239222082717,5.904239222082717,5.904239222082717,5.904239222082717,5.904239222082717,5.904239222082717,5.904239222082717,5.904239222082717,5.904239222082717,5.904239222082717,5.904239222082717,5.904239222082717,5.904239222082717,5.904239222082717,5.904239222082717,5.904239222082717,5.904239222082717,5.904239222082717,5.904239222082717,5.904239222082717,5.904239222082717,5.904239222082717,5.904239222082717,5.904239222082717,5.904239222082717,5.904239222082717,5.904239222082717,5.904239222082717,5.904239222082717,5.904239222082717,5.904239222082717,5.904239222082717,5.904239222082717,5.904239222082717,5.904239222082717,5.904239222082717,5.904239222082717,5.904239222082717,5.904239222082717,5.904239222082717,5.904239222082717,5.904239222082717,5.904239222082717,5.904239222082717,5.904239222082717,5.904239222082717,5.904239222082717,5.904239222082717,5.904239222082717,5.904239222082717,5.904239222082717,5.904239222082717,5.904239222082717,5.904239222082717,5.904239222082717,5.904239222082717,5.904239222082717,5.904239222082717,5.904239222082717,5.904239222082717,5.904239222082717,5.904239222082717,5.904239222082717,5.904239222082717,5.904239222082717,5.904239222082717,5.904239222082717,5.904239222082717,5.904239222082717,5.904239222082717,5.904239222082717,5.904239222082717,5.904239222082717,5.904239222082717,5.904239222082717,5.904239222082717,5.904239222082717,5.904239222082717,5.904239222082717,5.904239222082717,5.904239222082717,5.904239222082717,5.904239222082717,5.904239222082717,5.904239222082717,5.904239222082717,5.904239222082717,5.904239222082717,5.904239222082717,5.904239222082717,5.904239222082717,5.904239222082717,5.904239222082717,5.904239222082717,5.904239222082717,5.904239222082717,5.904239222082717,5.904239222082717,5.904239222082717,5.904239222082717,5.904239222082717,5.904239222082717,5.904239222082717,5.904239222082717,5.904239222082717,5.904239222082717,5.904239222082717,5.904239222082717,5.904239222082717,5.904239222082717,5.904239222082717,5.904239222082717,5.904239222082717,5.904239222082717,5.904239222082717,5.904239222082717,5.904239222082717,5.904239222082717,5.904239222082717,5.904239222082717,5.904239222082717,5.904239222082717,5.904239222082717,5.904239222082717,5.904239222082717,5.904239222082717,5.904239222082717,5.904239222082717,5.904239222082717,5.904239222082717,5.904239222082717,5.904239222082717,5.904239222082717,5.904239222082717,5.904239222082717,5.904239222082717,5.904239222082717,5.904239222082717,5.904239222082717,5.904239222082717,5.904239222082717,5.904239222082717,5.904239222082717,5.904239222082717,5.904239222082717,5.904239222082717,5.904239222082717,5.904239222082717,5.904239222082717,5.904239222082717,5.904239222082717,5.904239222082717,5.904239222082717,5.904239222082717,5.904239222082717,5.904239222082717,5.904239222082717,5.904239222082717,5.904239222082717,5.904239222082717,5.904239222082717,5.904239222082717,5.904239222082717,5.904239222082717,5.904239222082717,5.904239222082717,5.904239222082717,5.904239222082717,5.904239222082717,5.904239222082717,5.904239222082717,5.904239222082717,5.904239222082717,5.904239222082717,5.904239222082717,5.904239222082717,5.904239222082717,5.904239222082717,5.904239222082717,5.904239222082717,5.904239222082717,5.904239222082717,5.904239222082717,5.904239222082717,5.904239222082717,5.904239222082717,5.904239222082717,5.904239222082717,5.904239222082717,5.904239222082717,5.904239222082717,5.904239222082717,5.904239222082717,5.726424857623065,5.726424857623065,5.530628803644015,5.530628803644015,5.530628803644015,5.530628803644015,5.530628803644015,5.530628803644015,5.530628803644015,5.530628803644015,5.530628803644015,5.530628803644015,5.530628803644015,5.530628803644015,5.530628803644015,5.530628803644015,5.530628803644015,5.530628803644015,5.530628803644015,5.530628803644015,5.530628803644015,5.530628803644015,5.530628803644015,5.530628803644015,5.530628803644015,5.530628803644015,5.530628803644015,5.530628803644015,5.530628803644015,5.530628803644015,5.530628803644015,5.530628803644015,5.530628803644015,5.530628803644015,5.530628803644015,5.530628803644015,5.530628803644015,5.530628803644015,5.360892719832474,5.3166542413605455,5.3166542413605455,5.3166542413605455,5.284138572331226,5.284138572331226,5.284138572331226,5.284138572331226,5.284138572331226,5.284138572331226,5.284138572331226,5.284138572331226,5.284138572331226,5.284138572331226,5.284138572331226,5.007239048145231,5.007239048145231,5.007239048145231,5.007239048145231,5.007239048145231,5.007239048145231,5.007239048145231,5.007239048145231,5.007239048145231,5.007239048145231,5.007239048145231,5.007239048145231,5.007239048145231,5.007239048145231,5.007239048145231,5.007239048145231,5.007239048145231,5.007239048145231,5.007239048145231,5.007239048145231,5.007239048145231,5.007239048145231,5.007239048145231,5.007239048145231,5.007239048145231,5.007239048145231,5.007239048145231,5.007239048145231,5.007239048145231,5.007239048145231,5.007239048145231,5.007239048145231,5.007239048145231,5.007239048145231,5.007239048145231,5.007239048145231,5.007239048145231,5.007239048145231,5.007239048145231,5.007239048145231,5.007239048145231,5.007239048145231,5.007239048145231,5.007239048145231,5.007239048145231,5.007239048145231,5.007239048145231,5.007239048145231,5.007239048145231,5.007239048145231,5.007239048145231,5.007239048145231,5.007239048145231,5.007239048145231,5.007239048145231,5.007239048145231,5.007239048145231,5.007239048145231,5.007239048145231,5.007239048145231,5.007239048145231,5.007239048145231,5.007239048145231,5.007239048145231,5.007239048145231,5.007239048145231,5.007239048145231,5.007239048145231,5.007239048145231,5.007239048145231,5.007239048145231,5.007239048145231,5.007239048145231,5.007239048145231,5.007239048145231,5.007239048145231,5.007239048145231,5.007239048145231,5.007239048145231,5.007239048145231,5.007239048145231,5.007239048145231,5.007239048145231,5.007239048145231,5.007239048145231,5.007239048145231,5.007239048145231,5.007239048145231,5.007239048145231,5.007239048145231,5.007239048145231,5.007239048145231,5.007239048145231,5.007239048145231,5.007239048145231,5.007239048145231,5.007239048145231,5.007239048145231,5.007239048145231,5.007239048145231,5.007239048145231,5.007239048145231,5.007239048145231,5.007239048145231,5.007239048145231,5.007239048145231,5.007239048145231,5.007239048145231,5.007239048145231,5.007239048145231,5.007239048145231,5.007239048145231,5.007239048145231,5.007239048145231,5.007239048145231,5.007239048145231,2.153441500256816,2.153441500256816,2.153441500256816,2.153441500256816,2.153441500256816,2.153441500256816,2.153441500256816,2.153441500256816,2.153441500256816,2.153441500256816,2.153441500256816,2.153441500256816,2.153441500256816,2.153441500256816,2.153441500256816,2.153441500256816,2.153441500256816,2.153441500256816,2.153441500256816,2.153441500256816,2.153441500256816,2.153441500256816,2.153441500256816,2.153441500256816,2.153441500256816,2.153441500256816,2.153441500256816,2.153441500256816,2.153441500256816,2.153441500256816,2.153441500256816,2.153441500256816,2.153441500256816,2.153441500256816,2.153441500256816,2.153441500256816,2.153441500256816,2.153441500256816,2.153441500256816,2.153441500256816,2.153441500256816,2.153441500256816,2.153441500256816,2.153441500256816,2.153441500256816,2.153441500256816,2.153441500256816,2.153441500256816,2.153441500256816,2.153441500256816,2.153441500256816,2.153441500256816,2.153441500256816,2.153441500256816,2.153441500256816,2.153441500256816,2.153441500256816,2.153441500256816,2.153441500256816,2.153441500256816,2.153441500256816,2.153441500256816,2.153441500256816,2.153441500256816,2.153441500256816,2.153441500256816,2.153441500256816,2.153441500256816,2.153441500256816,2.153441500256816,2.153441500256816,2.153441500256816,2.153441500256816,2.153441500256816,2.153441500256816,2.153441500256816,2.153441500256816,2.153441500256816,2.153441500256816,2.153441500256816,2.153441500256816,2.153441500256816,2.153441500256816,2.153441500256816,2.153441500256816,2.153441500256816,2.153441500256816,2.153441500256816,2.153441500256816,2.153441500256816,2.153441500256816,2.153441500256816,2.153441500256816,2.153441500256816,2.153441500256816,2.153441500256816,2.153441500256816,2.153441500256816,2.153441500256816,2.153441500256816,2.153441500256816,2.153441500256816,2.153441500256816,2.153441500256816,2.153441500256816,2.153441500256816,2.153441500256816,2.153441500256816,2.153441500256816,2.153441500256816,2.153441500256816,2.153441500256816,2.153441500256816,2.153441500256816,2.153441500256816,2.153441500256816,2.153441500256816,2.153441500256816,2.153441500256816,2.153441500256816,2.153441500256816,2.153441500256816,2.153441500256816,2.153441500256816,2.153441500256816,2.153441500256816,2.153441500256816,2.153441500256816,2.153441500256816,2.153441500256816,2.153441500256816,2.153441500256816,2.153441500256816,2.153441500256816,2.153441500256816,2.153441500256816,2.153441500256816,2.153441500256816,2.153441500256816,2.153441500256816,2.153441500256816,2.153441500256816,2.153441500256816,2.153441500256816,2.153441500256816,2.153441500256816,2.153441500256816,2.153441500256816,2.153441500256816,2.153441500256816,2.153441500256816,2.153441500256816,2.153441500256816,2.153441500256816,2.153441500256816,2.153441500256816,2.153441500256816,2.153441500256816,2.153441500256816,2.153441500256816,2.153441500256816,2.153441500256816,2.153441500256816,2.153441500256816,2.153441500256816,2.153441500256816,2.153441500256816,2.153441500256816,2.153441500256816,2.153441500256816,2.153441500256816,2.153441500256816,2.153441500256816,2.153441500256816,2.153441500256816,2.153441500256816,2.153441500256816,2.153441500256816,2.153441500256816,2.153441500256816,2.153441500256816,2.153441500256816,2.153441500256816,2.153441500256816,2.153441500256816,2.153441500256816,2.153441500256816,2.153441500256816,2.153441500256816,2.153441500256816,2.153441500256816,2.153441500256816,2.153441500256816,2.153441500256816,2.153441500256816,2.153441500256816,2.153441500256816,2.153441500256816,2.153441500256816,2.153441500256816,2.153441500256816,2.153441500256816,2.153441500256816,2.153441500256816,2.153441500256816,2.153441500256816,2.153441500256816,2.153441500256816,2.153441500256816,2.153441500256816,2.153441500256816,2.153441500256816,2.153441500256816,2.153441500256816,2.153441500256816,2.153441500256816,2.153441500256816,2.153441500256816,2.153441500256816,2.153441500256816,2.153441500256816,2.153441500256816,2.153441500256816,2.153441500256816,2.153441500256816,2.153441500256816,2.153441500256816,2.153441500256816,2.153441500256816,2.153441500256816,2.153441500256816,2.153441500256816,2.153441500256816,2.153441500256816,2.153441500256816,2.153441500256816,2.153441500256816,2.153441500256816,2.153441500256816,2.153441500256816,2.153441500256816,2.153441500256816,2.153441500256816,2.153441500256816,2.153441500256816,2.153441500256816,2.153441500256816,2.153441500256816,2.153441500256816,2.153441500256816,2.153441500256816,2.153441500256816,2.153441500256816,2.153441500256816,2.153441500256816,2.153441500256816,2.153441500256816,2.153441500256816,2.153441500256816,2.153441500256816,2.153441500256816,2.153441500256816,2.153441500256816,2.153441500256816,2.153441500256816,2.153441500256816,2.153441500256816,2.153441500256816,2.153441500256816,2.153441500256816,2.153441500256816,2.153441500256816,2.153441500256816,2.153441500256816,2.153441500256816,2.153441500256816,2.153441500256816,2.153441500256816,2.153441500256816,2.153441500256816,2.153441500256816,2.153441500256816,2.153441500256816,2.153441500256816,2.153441500256816,2.153441500256816,2.153441500256816,2.153441500256816,2.153441500256816,2.153441500256816,2.153441500256816,2.153441500256816,2.153441500256816,2.153441500256816,2.153441500256816,2.153441500256816,2.153441500256816,2.153441500256816,2.153441500256816,2.153441500256816,2.153441500256816,2.153441500256816,2.153441500256816,2.153441500256816,2.153441500256816,2.153441500256816,2.153441500256816,2.153441500256816,2.153441500256816,2.153441500256816,2.153441500256816,2.153441500256816,2.153441500256816,2.153441500256816,2.153441500256816,2.153441500256816,2.153441500256816,2.153441500256816,2.153441500256816,2.153441500256816,2.153441500256816,2.153441500256816,2.153441500256816,2.153441500256816,2.153441500256816,2.153441500256816,2.153441500256816,2.153441500256816,2.153441500256816,2.153441500256816,2.153441500256816,2.153441500256816,2.153441500256816,2.153441500256816,2.153441500256816,2.153441500256816,2.153441500256816,2.153441500256816,2.153441500256816,2.153441500256816,2.153441500256816,2.153441500256816,2.153441500256816,2.153441500256816,2.153441500256816,2.153441500256816,2.153441500256816,2.153441500256816,2.153441500256816,2.153441500256816,2.153441500256816,2.153441500256816,2.153441500256816,2.153441500256816,2.153441500256816,2.153441500256816,2.153441500256816,2.153441500256816,2.153441500256816,2.153441500256816,2.153441500256816,2.153441500256816,2.153441500256816,2.153441500256816,2.153441500256816,2.153441500256816,2.153441500256816,2.153441500256816,2.153441500256816,2.153441500256816,2.153441500256816,2.153441500256816,2.153441500256816,2.153441500256816,2.153441500256816,2.153441500256816,2.153441500256816,2.153441500256816,2.153441500256816,2.153441500256816,2.153441500256816,2.153441500256816,2.153441500256816,2.153441500256816,2.153441500256816,2.153441500256816,2.153441500256816,2.153441500256816,2.153441500256816,2.153441500256816,2.153441500256816,2.153441500256816,2.153441500256816,2.153441500256816,2.153441500256816,2.153441500256816,2.153441500256816,2.153441500256816,2.153441500256816,2.153441500256816,2.153441500256816,2.153441500256816,2.153441500256816,2.153441500256816,2.153441500256816,2.153441500256816,2.153441500256816,2.153441500256816,2.153441500256816,2.153441500256816,2.153441500256816,2.153441500256816,2.153441500256816,2.153441500256816,2.153441500256816,2.153441500256816,2.153441500256816,2.153441500256816,2.153441500256816,2.153441500256816,2.153441500256816,2.153441500256816,2.153441500256816,2.153441500256816,2.153441500256816,2.153441500256816,2.153441500256816,2.153441500256816,2.153441500256816,2.153441500256816,2.153441500256816,2.153441500256816,2.153441500256816,2.153441500256816,2.153441500256816,2.153441500256816,2.153441500256816,2.153441500256816,2.153441500256816,2.153441500256816,2.153441500256816,2.153441500256816,2.153441500256816,2.153441500256816,2.153441500256816,2.153441500256816,2.153441500256816,2.153441500256816,2.153441500256816,2.153441500256816,2.153441500256816,2.153441500256816,2.153441500256816,2.153441500256816,2.153441500256816,2.153441500256816,2.153441500256816,2.153441500256816,2.153441500256816,2.153441500256816,2.153441500256816,2.153441500256816,2.153441500256816,2.153441500256816,2.153441500256816,2.153441500256816,2.153441500256816,2.153441500256816,2.153441500256816,2.153441500256816,2.153441500256816,2.153441500256816,2.153441500256816,2.153441500256816,2.153441500256816,2.153441500256816,2.153441500256816,2.153441500256816,2.153441500256816,2.153441500256816,2.153441500256816,2.153441500256816,2.153441500256816,2.153441500256816,2.153441500256816,2.153441500256816,2.153441500256816,2.153441500256816,2.153441500256816,2.153441500256816,2.153441500256816,2.153441500256816,2.153441500256816,2.153441500256816,2.153441500256816,2.153441500256816,2.153441500256816,2.153441500256816,2.153441500256816,2.153441500256816,2.153441500256816,2.153441500256816,2.153441500256816,2.153441500256816,2.153441500256816,2.153441500256816,2.153441500256816,2.153441500256816,2.153441500256816,2.153441500256816,2.153441500256816,2.153441500256816,2.153441500256816,2.153441500256816,2.153441500256816,2.153441500256816,2.153441500256816,2.153441500256816,2.153441500256816,2.153441500256816,2.153441500256816,2.153441500256816,2.153441500256816,2.153441500256816,2.153441500256816,2.153441500256816,2.153441500256816,2.153441500256816,2.153441500256816,2.153441500256816,2.153441500256816,2.153441500256816,2.153441500256816,2.153441500256816,2.153441500256816,2.153441500256816,2.153441500256816,2.153441500256816,2.153441500256816,2.153441500256816,2.153441500256816,2.153441500256816,2.153441500256816,2.153441500256816,2.153441500256816,2.153441500256816,2.153441500256816,2.153441500256816,2.153441500256816,2.153441500256816,2.153441500256816,7.74329292517048,7.74329292517048,7.74329292517048,7.162794537080401,7.146242420853488,7.146242420853488,7.146242420853488,7.146242420853488,7.146242420853488,7.146242420853488,7.146242420853488,7.146242420853488,7.146242420853488,6.6629977211832205,6.6629977211832205,6.6629977211832205,6.6629977211832205,6.6629977211832205,6.6629977211832205,6.6629977211832205,6.6629977211832205,6.6629977211832205,6.6629977211832205,6.6629977211832205,6.6629977211832205,6.6629977211832205,6.6629977211832205,6.603438404444132,6.603438404444132,6.603438404444132,6.603438404444132,6.603438404444132,6.603438404444132,6.603438404444132,6.603438404444132,6.603438404444132,6.603438404444132,6.603438404444132,6.603438404444132,6.603438404444132,6.603438404444132,6.603438404444132,6.603438404444132,6.603438404444132,6.603438404444132,6.603438404444132,6.603438404444132,6.603438404444132,6.603438404444132,6.603438404444132,6.603438404444132,6.603438404444132,6.603438404444132,6.603438404444132,6.603438404444132,6.603438404444132,6.603438404444132,6.603438404444132,6.603438404444132,6.603438404444132,6.603438404444132,5.1943766209504245,5.1943766209504245,5.1943766209504245,5.1943766209504245,5.1943766209504245,5.1943766209504245,5.1943766209504245,5.144271758707684,5.144271758707684,5.144271758707684,4.876533440449441,4.876533440449441,4.876533440449441,4.876533440449441,4.876533440449441,4.876533440449441,4.876533440449441,4.876533440449441,4.876533440449441,4.876533440449441,4.876533440449441,4.876533440449441,4.876533440449441,4.876533440449441,4.876533440449441,4.876533440449441,4.876533440449441,4.876533440449441,4.876533440449441,4.876533440449441,4.876533440449441,4.876533440449441,4.876533440449441,4.876533440449441,4.876533440449441,4.876533440449441,4.876533440449441,4.0124014578315546,4.0124014578315546,4.0124014578315546,4.0124014578315546,4.0124014578315546,4.0124014578315546,4.0124014578315546,4.0124014578315546,4.0124014578315546,4.0124014578315546,4.0124014578315546,4.0124014578315546,4.0124014578315546,4.0124014578315546,4.0124014578315546,4.0124014578315546,4.0124014578315546,4.0124014578315546,4.0124014578315546,4.0124014578315546,4.0124014578315546,4.0124014578315546,4.0124014578315546,4.0124014578315546,4.0124014578315546,4.0124014578315546,4.0124014578315546,4.0124014578315546,4.0124014578315546,4.0124014578315546,4.0124014578315546,3.623400111125633,3.576442069425314,3.576442069425314,3.576442069425314,3.576442069425314,3.576442069425314,3.576442069425314,3.576442069425314,3.576442069425314,3.576442069425314,3.576442069425314,3.576442069425314,3.576442069425314,3.576442069425314,3.576442069425314,3.576442069425314,3.576442069425314,3.576442069425314,3.576442069425314,3.576442069425314,3.576442069425314,3.576442069425314,3.5764420694253136,3.5764420694253136,3.5764420694253136,3.5764420694253136,3.5764420694253136,3.5764420694253136,3.5764420694253136,3.5764420694253136,3.5764420694253136,3.5764420694253136,3.5764420694253136,3.5764420694253136,3.5764420694253136,3.5764420694253136,3.5764420694253136,3.5764420694253136,3.5764420694253136,3.5764420694253136,3.5764420694253136,3.5764420694253136,3.5764420694253136,3.5764420694253136,3.5764420694253136,3.5764420694253136,3.5764420694253136,3.5764420694253136,3.5764420694253136,3.5764420694253136,3.5764420694253136,3.5764420694253136,3.5764420694253136,3.5764420694253136,3.5764420694253136,3.5764420694253136,3.5764420694253136,3.5764420694253136,3.5764420694253136,3.5764420694253136,3.5764420694253136,3.5764420694253136,3.5764420694253136,3.5764420694253136,3.5764420694253136,3.5764420694253136,3.5764420694253136,3.5764420694253136,3.5764420694253136,3.5764420694253136,3.5764420694253136,3.5764420694253136,3.5764420694253136,3.5764420694253136,3.5764420694253136,3.5764420694253136,3.5764420694253136,3.5764420694253136,3.5764420694253136,3.168248553920046,3.125696364320244,3.125696364320244,3.125696364320244,3.125696364320244,3.125696364320244,3.125696364320244,3.125696364320244,3.125696364320244,3.125696364320244,3.125696364320244,3.125696364320244,3.125696364320244,2.8945109489324405,2.8945109489324405,2.8945109489324405,2.8945109489324405,2.8945109489324405,2.8945109489324405,2.8945109489324405,2.8945109489324405,2.8945109489324405,2.8945109489324405,2.8945109489324405,2.8945109489324405,2.8945109489324405,2.8945109489324405,2.8945109489324405,2.8945109489324405,2.8945109489324405,2.8945109489324405,2.8945109489324405,2.8945109489324405,2.8945109489324405,2.8945109489324405,2.8945109489324405,2.8945109489324405,2.8945109489324405,2.8945109489324405,2.8945109489324405,2.8945109489324405,2.8945109489324405,2.8945109489324405,2.8945109489324405,2.8945109489324405,2.8945109489324405,2.8945109489324405,2.8945109489324405,2.8945109489324405,2.8945109489324405,2.8945109489324405,2.8945109489324405,2.8945109489324405,2.8945109489324405,2.8945109489324405,2.8945109489324405,2.8945109489324405,2.8945109489324405,2.8945109489324405,2.8945109489324405,2.8945109489324405,2.8945109489324405,2.8945109489324405,2.8945109489324405,2.8945109489324405,2.8945109489324405,2.8945109489324405,2.8945109489324405,2.8945109489324405,2.8945109489324405,2.8945109489324405,2.8945109489324405,2.8945109489324405,2.8945109489324405,2.8945109489324405,2.8945109489324405,2.8945109489324405,2.8945109489324405,2.8945109489324405,2.8945109489324405,2.8945109489324405,2.8945109489324405,2.8945109489324405,2.8945109489324405,2.8945109489324405,2.8945109489324405,2.8945109489324405,2.8945109489324405,2.8945109489324405,2.8945109489324405,2.8945109489324405,2.8945109489324405,2.8945109489324405,2.8945109489324405,2.8945109489324405,2.8945109489324405,2.8945109489324405,2.8945109489324405,2.8945109489324405,2.8945109489324405,2.8945109489324405,2.8945109489324405,2.8945109489324405,2.8945109489324405,2.8945109489324405,2.8945109489324405,2.8945109489324405,2.8945109489324405,2.8945109489324405,2.8945109489324405,2.8945109489324405,2.8945109489324405,2.8945109489324405,2.8945109489324405,2.8945109489324405,2.8945109489324405,2.8945109489324405,2.8945109489324405,2.8945109489324405,2.8945109489324405,2.8945109489324405,2.8945109489324405,2.8945109489324405,2.8945109489324405,2.8945109489324405,2.8945109489324405,2.8945109489324405,2.8945109489324405,2.8945109489324405,2.8945109489324405,2.8945109489324405,2.8945109489324405,2.8945109489324405,2.8945109489324405,2.8945109489324405,2.8945109489324405,2.8945109489324405,2.8945109489324405,2.8945109489324405,2.8945109489324405,2.8945109489324405,2.8945109489324405,2.8945109489324405,2.8945109489324405,2.8945109489324405,2.8945109489324405,2.8945109489324405,2.8945109489324405,2.8945109489324405,2.8945109489324405,2.8945109489324405,2.8945109489324405,2.8945109489324405,2.8945109489324405,2.8945109489324405,2.8945109489324405,2.8945109489324405,2.8945109489324405,2.8945109489324405,2.8945109489324405,2.8945109489324405,2.8945109489324405,2.8945109489324405,2.8945109489324405,2.8945109489324405,2.8945109489324405,2.8945109489324405,2.8945109489324405,2.8945109489324405,2.8945109489324405,2.8945109489324405,2.8945109489324405,2.8945109489324405,2.8945109489324405,2.8945109489324405,2.8945109489324405,2.8945109489324405,2.8945109489324405,2.8945109489324405,2.8945109489324405,2.8945109489324405,2.8945109489324405,2.8945109489324405,2.8945109489324405,2.8945109489324405,2.8945109489324405,2.8945109489324405,2.8945109489324405,2.8945109489324405,2.8945109489324405,2.8945109489324405,2.8945109489324405,2.8945109489324405,2.8945109489324405,2.8945109489324405,2.8945109489324405,2.8945109489324405,2.8945109489324405,2.8945109489324405,2.8945109489324405,2.8945109489324405,2.8945109489324405,2.8945109489324405,2.8945109489324405,2.8945109489324405,2.8945109489324405,2.8945109489324405,2.8945109489324405,2.8945109489324405,2.8945109489324405,2.8945109489324405,2.8945109489324405,2.8945109489324405,2.8945109489324405,2.8945109489324405,2.8945109489324405,2.8945109489324405,2.8945109489324405,2.8945109489324405,2.8945109489324405,2.8945109489324405,2.8945109489324405,2.8945109489324405,2.8945109489324405,2.8945109489324405,2.8945109489324405,2.8945109489324405,2.8945109489324405,2.8945109489324405,2.8945109489324405,2.8945109489324405,2.8945109489324405,2.8945109489324405,2.8945109489324405,2.8945109489324405,2.8945109489324405,2.8945109489324405,2.8945109489324405,2.8945109489324405,2.8945109489324405,2.8945109489324405,2.8945109489324405,2.8945109489324405,2.8945109489324405,2.8945109489324405,2.8945109489324405,2.8945109489324405,2.8945109489324405,2.8945109489324405,2.8945109489324405,2.8945109489324405,2.8945109489324405,2.8945109489324405,2.8945109489324405,2.8945109489324405,2.8945109489324405,2.8945109489324405,2.8945109489324405,2.8945109489324405,2.8945109489324405,2.8945109489324405,2.8945109489324405,2.8945109489324405,2.8945109489324405,2.8945109489324405,2.8945109489324405,2.8945109489324405,2.8945109489324405,2.8945109489324405,2.8945109489324405,2.8945109489324405,2.8945109489324405,2.8945109489324405,2.8945109489324405,2.8945109489324405,2.8945109489324405,2.8945109489324405,2.8945109489324405,2.8945109489324405,2.8945109489324405,2.8945109489324405,2.8945109489324405,2.8945109489324405,2.8945109489324405,2.8945109489324405,2.8945109489324405,2.8945109489324405,2.8945109489324405,2.8945109489324405,2.8945109489324405,2.8945109489324405,2.8945109489324405,2.8945109489324405,2.8945109489324405,2.8945109489324405,2.8945109489324405,2.8945109489324405,2.8945109489324405,2.8945109489324405,2.8945109489324405,2.8945109489324405,2.8945109489324405,2.8945109489324405,2.8945109489324405,2.8945109489324405,2.8945109489324405,2.8945109489324405,2.8945109489324405,2.8945109489324405,2.8945109489324405,2.8945109489324405,2.8945109489324405,2.8945109489324405,2.8945109489324405,2.8945109489324405,2.8945109489324405,2.8945109489324405,2.8945109489324405,2.8945109489324405,2.8945109489324405,2.8945109489324405,2.8945109489324405,2.8945109489324405,2.8945109489324405,2.8945109489324405,2.8945109489324405,2.8945109489324405,2.8945109489324405,2.8945109489324405,2.8945109489324405,2.8945109489324405,2.8945109489324405,2.8945109489324405,2.8945109489324405,2.8945109489324405,2.8945109489324405,2.8945109489324405,2.8945109489324405,2.8945109489324405,2.8945109489324405,2.8945109489324405,2.8945109489324405,2.8945109489324405,2.8945109489324405,2.8945109489324405,2.8945109489324405,2.8945109489324405,2.8945109489324405,2.8945109489324405,2.8945109489324405,2.8945109489324405,2.8945109489324405,2.8945109489324405,2.8945109489324405,2.8945109489324405,2.8945109489324405,2.8945109489324405,2.8945109489324405,2.8945109489324405,2.8945109489324405,2.8945109489324405,2.8945109489324405,2.8945109489324405,2.8945109489324405,2.8945109489324405,2.8945109489324405,2.8945109489324405,2.8945109489324405,2.8945109489324405,2.8945109489324405,2.8945109489324405,2.8945109489324405,2.8945109489324405,2.8945109489324405,2.8945109489324405,2.8945109489324405,2.8945109489324405,2.8945109489324405,2.8945109489324405,2.8945109489324405,2.8945109489324405,2.8945109489324405,2.8945109489324405,2.8945109489324405,2.8945109489324405,2.8945109489324405,2.8945109489324405,2.8945109489324405,2.8945109489324405,2.8945109489324405,2.8945109489324405,2.8945109489324405,2.8945109489324405,2.8945109489324405,2.8945109489324405,2.8945109489324405,2.8945109489324405,2.8945109489324405,2.8945109489324405,2.8945109489324405,2.8945109489324405,2.8945109489324405,2.8945109489324405,2.8945109489324405,2.8945109489324405,2.8945109489324405,2.8945109489324405,2.8945109489324405,2.8945109489324405,2.8945109489324405,2.8945109489324405,2.8945109489324405,2.8945109489324405,2.8945109489324405,2.8945109489324405,2.8945109489324405,2.8945109489324405,2.8945109489324405,2.8945109489324405,2.8945109489324405,2.8945109489324405,2.8945109489324405,2.8945109489324405,2.8945109489324405,2.8945109489324405,2.8945109489324405,2.8945109489324405,2.8945109489324405,2.8945109489324405,2.8945109489324405,2.8945109489324405,2.8945109489324405,2.8945109489324405,2.8945109489324405,2.8945109489324405,2.8945109489324405,2.8945109489324405,2.8945109489324405,2.8945109489324405,2.8945109489324405,2.8945109489324405,2.8945109489324405,2.8945109489324405,2.8945109489324405,2.8945109489324405,2.8945109489324405,2.8945109489324405,2.8945109489324405,2.8945109489324405,2.8945109489324405,2.8945109489324405,2.8945109489324405,2.8945109489324405,2.8945109489324405,2.8945109489324405,2.8945109489324405,2.8945109489324405,2.8945109489324405,2.8945109489324405,2.8945109489324405,2.8945109489324405,2.8945109489324405,2.8945109489324405,2.8945109489324405,2.8945109489324405,2.8945109489324405,2.8945109489324405,2.8945109489324405,2.8945109489324405,2.8945109489324405,2.8945109489324405,2.8945109489324405,2.8945109489324405,2.8945109489324405,2.8945109489324405,2.8945109489324405,2.8945109489324405,2.8945109489324405,2.8945109489324405,2.8945109489324405,2.8945109489324405,2.8945109489324405,2.8945109489324405,2.8945109489324405,2.8945109489324405,2.8945109489324405,2.8945109489324405,2.8945109489324405,2.8945109489324405,2.8945109489324405,2.8945109489324405,2.8945109489324405,2.8945109489324405,2.8945109489324405,2.8945109489324405,2.8945109489324405,2.8945109489324405,2.8945109489324405,2.8945109489324405,2.8945109489324405,2.8945109489324405,2.8945109489324405,2.8945109489324405,2.8945109489324405,2.8945109489324405,2.8945109489324405,2.8945109489324405,2.8945109489324405,2.8945109489324405,2.8945109489324405,2.8945109489324405,2.8945109489324405,2.8945109489324405,2.8945109489324405,2.8945109489324405,2.8945109489324405,2.8945109489324405,2.8945109489324405,2.8945109489324405,2.8945109489324405,2.8945109489324405,2.8945109489324405,2.8945109489324405,2.8945109489324405,2.8945109489324405,2.8945109489324405,2.8945109489324405,2.8945109489324405,2.8945109489324405,2.8945109489324405,2.8945109489324405,2.8945109489324405,2.8945109489324405,2.8945109489324405,2.8945109489324405,2.8945109489324405,2.8945109489324405,2.8945109489324405,2.8945109489324405,2.8945109489324405,2.8945109489324405,2.8945109489324405,2.8945109489324405,2.8945109489324405,2.8945109489324405,2.8945109489324405,2.8945109489324405,2.8945109489324405,2.8945109489324405,2.8945109489324405,2.8945109489324405,2.8945109489324405,2.8945109489324405,2.8945109489324405,2.8945109489324405,2.8945109489324405,2.8945109489324405,2.8945109489324405,2.8945109489324405,2.8945109489324405,2.8945109489324405,2.8945109489324405,2.8945109489324405,2.8945109489324405,2.8945109489324405,2.8945109489324405,2.8945109489324405,2.8945109489324405,2.8945109489324405,2.8945109489324405,2.8945109489324405,2.8945109489324405,2.8945109489324405,2.8945109489324405,2.8945109489324405,2.8945109489324405,2.8945109489324405,2.8945109489324405,2.8945109489324405,2.8945109489324405,2.8945109489324405,2.8945109489324405,2.8945109489324405,2.8945109489324405,2.8945109489324405,2.8945109489324405,2.8945109489324405,2.8945109489324405,2.8945109489324405,2.8945109489324405,2.8945109489324405,2.8945109489324405,2.8945109489324405,2.8945109489324405,2.8945109489324405,2.8945109489324405,2.8945109489324405,2.8945109489324405,2.8945109489324405,2.8945109489324405,2.8945109489324405,2.8945109489324405,2.8945109489324405,2.8945109489324405,2.8945109489324405,2.8945109489324405,2.8945109489324405,2.8945109489324405,2.8945109489324405,2.8945109489324405,2.8945109489324405,2.8945109489324405,2.8945109489324405,2.8945109489324405,2.8945109489324405,2.8945109489324405,2.8945109489324405,2.8945109489324405,2.8945109489324405,2.8945109489324405,2.8945109489324405,2.8945109489324405,2.8945109489324405,2.8945109489324405,2.8945109489324405,2.8945109489324405,2.8945109489324405,2.8945109489324405,2.8945109489324405,2.8945109489324405,2.8945109489324405,2.8945109489324405,2.8945109489324405,2.8945109489324405,2.8945109489324405,2.8945109489324405,2.8945109489324405,2.8945109489324405,2.8945109489324405,2.8945109489324405,2.8945109489324405,2.8945109489324405,2.8945109489324405,2.8945109489324405,2.8945109489324405,2.8945109489324405,2.8945109489324405,2.8945109489324405,2.8945109489324405,2.8945109489324405,2.8945109489324405,2.8945109489324405,2.8945109489324405,2.8945109489324405,2.8945109489324405,2.8945109489324405,2.8945109489324405,2.8945109489324405,2.8945109489324405,2.8945109489324405,2.8945109489324405,2.8945109489324405,2.8945109489324405,2.8945109489324405,2.8945109489324405,2.8945109489324405,2.8945109489324405,2.8945109489324405,2.8945109489324405,2.8945109489324405,2.8945109489324405,2.8945109489324405,2.8945109489324405,2.8945109489324405,2.8945109489324405,2.8945109489324405,2.8945109489324405,2.8945109489324405,2.8945109489324405,2.8945109489324405,2.8945109489324405,2.8945109489324405,2.8945109489324405,2.8945109489324405,2.8945109489324405,2.8945109489324405,2.8945109489324405,2.8945109489324405,2.8945109489324405,2.8945109489324405,2.8945109489324405,2.8945109489324405,2.8945109489324405,2.8945109489324405,2.8945109489324405,2.8945109489324405,2.8945109489324405,2.8945109489324405,2.8945109489324405,2.8945109489324405,2.8945109489324405,2.8945109489324405,2.8945109489324405,2.8945109489324405,2.8945109489324405,2.8945109489324405,2.8945109489324405,2.8945109489324405,2.8945109489324405,2.8945109489324405,2.8945109489324405,2.8945109489324405,2.8945109489324405,2.8945109489324405,2.8945109489324405,2.8945109489324405,2.8945109489324405,2.8945109489324405,2.8945109489324405,2.8945109489324405,2.8945109489324405,2.8945109489324405,2.8945109489324405,2.8945109489324405,2.8945109489324405,2.8945109489324405,2.8945109489324405,2.8945109489324405,2.8945109489324405,2.8945109489324405,2.8945109489324405,2.8945109489324405,2.8945109489324405,2.8945109489324405,2.8945109489324405,2.8945109489324405,2.8945109489324405,2.8945109489324405,2.8945109489324405,2.8945109489324405,2.8945109489324405,2.8945109489324405,2.8945109489324405,2.8945109489324405,2.8945109489324405,2.8945109489324405,2.8945109489324405,2.8945109489324405,2.8945109489324405,2.8945109489324405,2.8945109489324405,2.8945109489324405,2.8945109489324405,2.8945109489324405,2.8945109489324405,2.8945109489324405,2.8945109489324405,2.8945109489324405,2.8945109489324405,2.8945109489324405,2.8945109489324405,2.8945109489324405,2.8945109489324405,2.8945109489324405,2.8945109489324405,2.8945109489324405,2.8945109489324405,2.8945109489324405,2.8945109489324405,2.8945109489324405,2.8945109489324405,2.8945109489324405,2.8945109489324405,2.8945109489324405,2.8945109489324405,2.8945109489324405,2.8945109489324405,2.8945109489324405,2.8945109489324405,2.8945109489324405,2.8945109489324405,2.8945109489324405,2.8945109489324405,2.8945109489324405,2.8945109489324405,2.8945109489324405,2.8945109489324405,2.8945109489324405,2.8945109489324405,2.8945109489324405,2.8945109489324405,2.8945109489324405,7.928778301715133,7.010437507607421,6.187992630435567,6.187992630435567,6.187992630435567,6.187992630435567,6.187992630435567,6.187992630435567,6.187992630435567,6.187992630435567,6.187992630435567,6.187992630435567,6.187992630435567,6.187992630435567,6.187992630435567,6.187992630435567,6.187992630435567,6.187992630435567,6.187992630435567,6.187992630435567,6.187992630435567,6.187992630435567,6.187992630435567,6.187992630435567,6.187992630435567,6.187992630435567,6.187992630435567,6.187992630435567,6.187992630435567,6.187992630435567,6.172294092786442,6.172294092786442,6.172294092786442,6.172294092786442,6.172294092786442,6.172294092786442,6.172294092786442,6.172294092786442,6.172294092786442,6.172294092786442,6.172294092786442,6.172294092786442,6.172294092786442,6.172294092786442,6.172294092786442,6.172294092786442,6.172294092786442,6.172294092786442,6.108349530408008,6.108349530408008,6.108349530408008,6.108349530408008,6.108349530408008,6.108349530408008,6.108349530408008,6.108349530408008,6.108349530408008,6.108349530408008,5.930631586321542,5.930631586321542,5.930631586321542,5.930631586321542,5.930631586321542,5.930631586321542,5.930631586321542,5.930631586321542,5.930631586321542,5.930631586321542,5.930631586321542,5.930631586321542,5.930631586321542,5.930631586321542,5.930631586321542,5.930631586321542,5.930631586321542,5.930631586321542,5.930631586321542,5.930631586321542,5.930631586321542,5.930631586321542,5.930631586321542,5.930631586321542,5.930631586321542,5.930631586321542,5.930631586321542,5.930631586321542,5.930631586321542,5.930631586321542,5.930631586321542,5.930631586321542,5.930631586321542,5.930631586321542,5.930631586321542,5.930631586321542,5.930631586321542,5.930631586321542,5.930631586321542,5.930631586321542,5.930631586321542,5.930631586321542,5.930631586321542,5.930631586321542,5.930631586321542,5.930631586321542,5.930631586321542,5.930631586321542,5.930631586321542,5.930631586321542,5.636051902096559,5.636051902096559,5.636051902096559,5.213312593303676,5.213312593303676,4.838452755205999,4.838452755205999,4.838452755205999,4.838452755205999,4.838452755205999,4.838452755205999,4.838452755205999,4.838452755205999,4.838452755205999,4.838452755205999,4.838452755205999,4.677671150555055,4.677671150555055,4.677671150555055,4.677671150555055,4.677671150555055,4.640789684189777,4.640789684189777,4.640789684189777,4.640789684189777,4.640789684189777,4.640789684189777,4.640789684189777,4.640789684189777,4.640789684189777,4.640789684189777,4.640789684189777,4.640789684189777,4.640789684189777,4.640789684189777,4.640789684189777,4.640789684189777,4.640789684189777,4.640789684189777,4.640789684189777,4.640789684189777,4.640789684189777,4.640789684189777,4.640789684189777,4.640789684189777,4.640789684189777,4.640789684189777,4.640789684189777,4.640789684189777,4.640789684189777,4.640789684189777,4.640789684189777,4.640789684189777,4.640789684189777,4.640789684189777,4.640789684189777,4.640789684189777,4.640789684189777,4.640789684189777,4.640789684189777,4.623615973525764,4.623615973525764,4.623615973525764,4.623615973525764,4.623615973525764,4.553164880708934,4.553164880708934,4.553164880708934,4.553164880708934,4.553164880708934,4.553164880708934,4.553164880708934,4.553164880708934,4.553164880708934,4.553164880708934,4.553164880708934,4.553164880708934,4.553164880708934,4.553164880708934,4.553164880708934,4.553164880708934,4.553164880708934,4.553164880708934,4.553164880708934,4.553164880708934,4.553164880708934,4.553164880708934,4.553164880708934,4.553164880708934,4.553164880708934,4.553164880708934,4.553164880708934,4.553164880708934,4.553164880708934,4.553164880708934,4.553164880708934,4.553164880708934,4.553164880708934,4.553164880708934,4.553164880708934,4.553164880708934,4.553164880708934,4.553164880708934,4.553164880708934,4.553164880708934,4.553164880708934,4.553164880708934,4.553164880708934,4.553164880708934,4.553164880708934,4.553164880708934,4.553164880708934,4.553164880708934,4.553164880708934,4.553164880708934,4.553164880708934,4.553164880708934,4.553164880708934,4.553164880708934,4.553164880708934,4.553164880708934,4.553164880708934,4.553164880708934,4.553164880708934,4.553164880708934,4.553164880708934,4.553164880708934,4.553164880708934,4.553164880708934,4.553164880708934,4.553164880708934,4.553164880708934,4.553164880708934,4.553164880708934,4.553164880708934,4.553164880708934,4.553164880708934,4.553164880708934,4.553164880708934,4.553164880708934,4.553164880708934,4.553164880708934,4.553164880708934,4.553164880708934,4.553164880708934,4.553164880708934,4.553164880708934,4.553164880708934,4.553164880708934,4.553164880708934,4.553164880708934,4.553164880708934,4.553164880708934,4.553164880708934,4.553164880708934,4.553164880708934,4.553164880708934,4.553164880708934,4.553164880708934,4.553164880708934,4.553164880708934,4.553164880708934,4.553164880708934,4.553164880708934,4.553164880708934,4.553164880708934,4.553164880708934,4.553164880708934,4.553164880708934,4.553164880708934,4.553164880708934,4.553164880708934,4.553164880708934,4.553164880708934,4.553164880708934,4.553164880708934,4.553164880708934,4.553164880708934,4.553164880708934,4.553164880708934,4.553164880708934,4.553164880708934,4.553164880708934,4.553164880708934,4.553164880708934,4.553164880708934,4.553164880708934,4.553164880708934,4.553164880708934,4.553164880708934,4.553164880708934,4.553164880708934,4.553164880708934,4.553164880708934,4.553164880708934,4.553164880708934,4.553164880708934,4.553164880708934,4.553164880708934,4.553164880708934,4.553164880708934,4.553164880708934,4.553164880708934,4.553164880708934,4.553164880708934,4.553164880708934,4.553164880708934,4.553164880708934,4.553164880708934,4.553164880708934,4.553164880708934,4.553164880708934,4.553164880708934,4.553164880708934,4.553164880708934,4.393895927699308,4.393895927699308,4.393895927699308,4.393895927699308,4.393895927699308,4.393895927699308,4.393895927699308,4.393895927699308,4.393895927699308,4.393895927699308,4.393895927699308,4.393895927699308,4.393895927699308,4.393895927699308,4.393895927699308,4.393895927699308,4.393895927699308,4.393895927699308,4.393895927699308,4.393895927699308,4.393895927699308,4.393895927699308,4.393895927699308,4.393895927699308,4.393895927699308,4.393895927699308,4.393895927699308,4.393895927699308,4.393895927699308,4.393895927699308,4.393895927699308,4.393895927699308,4.393895927699308,4.393895927699308,4.393895927699308,4.393895927699308,4.393895927699308,4.393895927699308,4.393895927699308,4.393895927699308,4.393895927699308,4.393895927699308,4.393895927699308,4.393895927699308,4.393895927699308,4.393895927699308,4.393895927699308,4.393895927699308,4.393895927699308,4.393895927699308,4.393895927699308,4.393895927699308,4.393895927699308,4.393895927699308,4.393895927699308,4.393895927699308,4.393895927699308,4.393895927699308,4.393895927699308,4.393895927699308,4.393895927699308,4.393895927699308,4.393895927699308,4.393895927699308,4.393895927699308,4.393895927699308,4.393895927699308,4.393895927699308,4.393895927699308,4.393895927699308,4.393895927699308,4.393895927699308,4.393895927699308,4.393895927699308,4.393895927699308,4.393895927699308,4.393895927699308,4.393895927699308,4.393895927699308,4.393895927699308,4.393895927699308,4.393895927699308,4.393895927699308,4.393895927699308,4.393895927699308,4.393895927699308,4.393895927699308,4.393895927699308,4.393895927699308,4.393895927699308,4.393895927699308,4.393895927699308,4.393895927699308,4.393895927699308,4.393895927699308,4.393895927699308,4.393895927699308,4.393895927699308,4.393895927699308,4.393895927699308,4.393895927699308,4.393895927699308,4.393895927699308,4.393895927699308,4.393895927699308,4.393895927699308,4.393895927699308,4.393895927699308,4.393895927699308,4.393895927699308,4.393895927699308,4.393895927699308,4.393895927699308,4.393895927699308,4.393895927699308,4.384166149741852,4.384166149741852,4.337627401653061,4.332422060399806,4.332422060399806,4.3100183097682345,4.3100183097682345,4.3100183097682345,4.3100183097682345,4.3100183097682345,4.3100183097682345,4.077875392565592,4.077875392565592,4.071124043437437,4.071124043437437,4.071124043437437,4.071124043437437,4.071124043437437,4.071124043437437,4.071124043437437,4.071124043437437,4.071124043437437,4.071124043437437,4.071124043437437,4.071124043437437,4.071124043437437,4.071124043437437,4.071124043437437,4.071124043437437,4.071124043437437,4.071124043437437,4.071124043437437,4.071124043437437,4.071124043437437,4.071124043437437,4.071124043437437,4.071124043437437,4.071124043437437,4.071124043437437,4.071124043437437,4.071124043437437,4.071124043437437,4.071124043437437,4.071124043437437,4.071124043437437,4.071124043437437,4.071124043437437,4.071124043437437,4.071124043437437,4.071124043437437,4.071124043437437,4.071124043437437,4.071124043437437,4.071124043437437,4.071124043437437,4.071124043437437,4.071124043437437,4.071124043437437,4.071124043437437,4.071124043437437,4.071124043437437,4.071124043437437,4.071124043437437,4.071124043437437,4.071124043437437,4.071124043437437,4.071124043437437,4.071124043437437,4.071124043437437,4.071124043437437,4.071124043437437,4.071124043437437,4.071124043437437,4.071124043437437,4.071124043437437,4.071124043437437,4.071124043437437,4.071124043437437,4.071124043437437,4.071124043437437,4.071124043437437,4.071124043437437,4.071124043437437,4.071124043437437,4.071124043437437,4.071124043437437,4.071124043437437,4.071124043437437,4.071124043437437,4.071124043437437,4.071124043437437,4.071124043437437,4.071124043437437,4.071124043437437,4.071124043437437,4.071124043437437,4.071124043437437,4.071124043437437,4.071124043437437,4.071124043437437,4.071124043437437,4.071124043437437,4.071124043437437,4.071124043437437,4.071124043437437,4.071124043437437,4.071124043437437,4.071124043437437,4.071124043437437,4.071124043437437,4.071124043437437,4.071124043437437,4.071124043437437,4.071124043437437,4.071124043437437,4.071124043437437,4.071124043437437,4.071124043437437,4.071124043437437,4.071124043437437,4.071124043437437,4.071124043437437,4.071124043437437,4.071124043437437,4.071124043437437,4.071124043437437,4.071124043437437,4.071124043437437,4.071124043437437,4.071124043437437,4.071124043437437,4.071124043437437,4.071124043437437,4.071124043437437,4.071124043437437,4.071124043437437,4.071124043437437,4.071124043437437,4.071124043437437,4.071124043437437,4.071124043437437,4.071124043437437,4.071124043437437,4.071124043437437,4.071124043437437,4.071124043437437,4.071124043437437,4.071124043437437,4.071124043437437,4.071124043437437,4.071124043437437,4.071124043437437,4.071124043437437,4.071124043437437,4.071124043437437,4.071124043437437,4.071124043437437,4.071124043437437,4.071124043437437,4.071124043437437,4.071124043437437,4.071124043437437,4.071124043437437,4.071124043437437,4.071124043437437,4.071124043437437,4.071124043437437,4.071124043437437,4.071124043437437,4.071124043437437,4.071124043437437,4.071124043437437,4.071124043437437,4.071124043437437,4.071124043437437,4.071124043437437,4.071124043437437,4.071124043437437,4.071124043437437,4.071124043437437,4.071124043437437,4.071124043437437,4.071124043437437,4.071124043437437,4.071124043437437,4.071124043437437,4.071124043437437,4.071124043437437,4.071124043437437,4.071124043437437,4.071124043437437,4.071124043437437,4.071124043437437,4.071124043437437,4.071124043437437,4.071124043437437,4.071124043437437,4.071124043437437,4.071124043437437,4.071124043437437,4.071124043437437,4.071124043437437,4.071124043437437,4.071124043437437,4.071124043437437,4.071124043437437,4.071124043437437,4.071124043437437,4.071124043437437,4.071124043437437,4.071124043437437,4.071124043437437,4.071124043437437,4.071124043437437,4.071124043437437,4.071124043437437,4.071124043437437,4.071124043437437,4.071124043437437,4.071124043437437,4.071124043437437,4.071124043437437,4.071124043437437,4.071124043437437,4.071124043437437,4.071124043437437,4.071124043437437,4.071124043437437,4.071124043437437,4.071124043437437,4.071124043437437,4.071124043437437,4.071124043437437,4.071124043437437,4.071124043437437,4.071124043437437,4.071124043437437,4.071124043437437,4.071124043437437,4.071124043437437,4.071124043437437,4.071124043437437,4.071124043437437,4.071124043437437,4.071124043437437,4.071124043437437,4.071124043437437,4.071124043437437,4.071124043437437,4.071124043437437,4.071124043437437,4.071124043437437,4.071124043437437,4.071124043437437,4.071124043437437,4.071124043437437,4.071124043437437,4.071124043437437,4.071124043437437,4.071124043437437,4.071124043437437,4.071124043437437,4.071124043437437,4.071124043437437,4.071124043437437,4.071124043437437,4.071124043437437,4.071124043437437,4.071124043437437,4.071124043437437,4.071124043437437,4.071124043437437,4.071124043437437,4.071124043437437,4.071124043437437,4.071124043437437,4.071124043437437,4.071124043437437,4.071124043437437,4.071124043437437,4.071124043437437,4.071124043437437,4.071124043437437,4.071124043437437,4.071124043437437,4.071124043437437,4.071124043437437,4.071124043437437,4.071124043437437,4.071124043437437,4.071124043437437,4.071124043437437,4.071124043437437,4.071124043437437,4.071124043437437,4.071124043437437,4.071124043437437,4.071124043437437,4.071124043437437,4.071124043437437,4.071124043437437,4.071124043437437,4.071124043437437,4.071124043437437,4.071124043437437,4.071124043437437,4.071124043437437,4.071124043437437,4.071124043437437,4.071124043437437,4.071124043437437,4.071124043437437,4.071124043437437,4.071124043437437,4.071124043437437,4.071124043437437,4.071124043437437,4.071124043437437,4.071124043437437,4.071124043437437,4.071124043437437,4.071124043437437,4.071124043437437,4.071124043437437,4.071124043437437,4.071124043437437,4.071124043437437,4.071124043437437,4.071124043437437,4.071124043437437,4.071124043437437,4.071124043437437,4.071124043437437,4.071124043437437,4.071124043437437,4.071124043437437,4.071124043437437,4.071124043437437,4.071124043437437,4.071124043437437,4.071124043437437,4.071124043437437,4.071124043437437,4.071124043437437,4.071124043437437,4.071124043437437,4.071124043437437,4.071124043437437,4.071124043437437,4.071124043437437,4.071124043437437,4.071124043437437,4.071124043437437,4.071124043437437,4.071124043437437,4.071124043437437,4.071124043437437,4.071124043437437,4.071124043437437,4.071124043437437,4.071124043437437,4.071124043437437,4.071124043437437,4.071124043437437,4.071124043437437,4.071124043437437,4.071124043437437,4.071124043437437,4.071124043437437,4.071124043437437,4.071124043437437,4.071124043437437,4.071124043437437,4.071124043437437,4.071124043437437,4.071124043437437,4.071124043437437,4.071124043437437,4.071124043437437,4.071124043437437,4.071124043437437,4.071124043437437,4.071124043437437,4.071124043437437,4.071124043437437,4.071124043437437,4.071124043437437,4.071124043437437,4.071124043437437,4.071124043437437,4.071124043437437,4.071124043437437,4.071124043437437,4.071124043437437,4.071124043437437,4.071124043437437,4.071124043437437,4.071124043437437,4.071124043437437,4.071124043437437,4.071124043437437,4.071124043437437,4.071124043437437,4.071124043437437,4.071124043437437,4.071124043437437,4.071124043437437,4.071124043437437,4.071124043437437,4.071124043437437,4.071124043437437,4.071124043437437,4.071124043437437,4.071124043437437,4.071124043437437,4.071124043437437,4.071124043437437,4.071124043437437,4.071124043437437,4.071124043437437,4.071124043437437,4.071124043437437,4.071124043437437,4.071124043437437,4.071124043437437,4.071124043437437,4.071124043437437,4.071124043437437,4.071124043437437,4.071124043437437,4.071124043437437,4.071124043437437,4.071124043437437,4.071124043437437,4.071124043437437,4.071124043437437,4.071124043437437,4.071124043437437,4.071124043437437,4.071124043437437,4.071124043437437,4.071124043437437,4.071124043437437,4.071124043437437,4.071124043437437,4.071124043437437,4.071124043437437,4.071124043437437,4.071124043437437,4.071124043437437,4.071124043437437,4.071124043437437,4.071124043437437,4.071124043437437,4.071124043437437,4.071124043437437,4.071124043437437,4.071124043437437,4.071124043437437,4.071124043437437,4.071124043437437,4.071124043437437,4.071124043437437,4.071124043437437,4.071124043437437,4.071124043437437,4.071124043437437,4.071124043437437,4.071124043437437,4.071124043437437,4.071124043437437,4.071124043437437,4.071124043437437,4.071124043437437,4.071124043437437,4.071124043437437,4.071124043437437,4.071124043437437,4.071124043437437,4.071124043437437,4.071124043437437,4.071124043437437,4.071124043437437,4.071124043437437,4.071124043437437,4.071124043437437,4.071124043437437,4.071124043437437,4.071124043437437,4.071124043437437,4.071124043437437,4.071124043437437,4.071124043437437,4.071124043437437,4.071124043437437,4.071124043437437,4.071124043437437,4.071124043437437,4.071124043437437,4.071124043437437,4.071124043437437,4.071124043437437,4.071124043437437,4.071124043437437,4.071124043437437,4.071124043437437,4.071124043437437,4.071124043437437,4.071124043437437,4.071124043437437,4.071124043437437,4.071124043437437,4.071124043437437,4.071124043437437,4.071124043437437,4.071124043437437,4.071124043437437,4.071124043437437,4.071124043437437,4.071124043437437,4.071124043437437,4.071124043437437,4.071124043437437,4.071124043437437,4.071124043437437,4.071124043437437,4.071124043437437,4.071124043437437,4.071124043437437,4.071124043437437,4.071124043437437,4.071124043437437,4.071124043437437,4.071124043437437,4.071124043437437,4.071124043437437,4.071124043437437,4.071124043437437,4.071124043437437,4.071124043437437,4.071124043437437,4.071124043437437,4.071124043437437,4.071124043437437,4.071124043437437,4.071124043437437,4.071124043437437,4.071124043437437,4.071124043437437,4.071124043437437,4.071124043437437,4.071124043437437,4.071124043437437,4.071124043437437,4.071124043437437,4.071124043437437,4.071124043437437,4.071124043437437,4.071124043437437,4.071124043437437,4.071124043437437,4.071124043437437,7.951358655063094,7.951358655063094,7.951358655063094,7.951358655063094,7.951358655063094,7.6984090375946685,7.6984090375946685,7.6984090375946685,7.6984090375946685,7.6984090375946685,7.6984090375946685,7.6984090375946685,7.6984090375946685,7.6984090375946685,7.6984090375946685,7.6984090375946685,7.658695389987532,7.658695389987532,7.658695389987532,7.658695389987532,7.658695389987532,7.658695389987532,7.658695389987532,7.658695389987532,7.658695389987532,7.658695389987532,7.658695389987532,7.640443501703022,7.640443501703022,7.640443501703022,7.640443501703022,7.640443501703022,7.640443501703022,7.640443501703022,7.640443501703022,7.640443501703022,7.640443501703022,7.640443501703022,7.640443501703022,7.640443501703022,7.640443501703022,7.640443501703022,7.640443501703022,7.640443501703022,7.640443501703022,7.640443501703022,7.59143499025436,7.59143499025436,7.59143499025436,7.59143499025436,7.59143499025436,7.59143499025436,7.59143499025436,7.59143499025436,7.59143499025436,7.59143499025436,7.59143499025436,7.59143499025436,7.59143499025436,7.59143499025436,7.59143499025436,7.59143499025436,7.59143499025436,7.59143499025436,7.59143499025436,7.59143499025436,7.59143499025436,7.59143499025436,7.59143499025436,7.59143499025436,7.59143499025436,7.59143499025436,7.59143499025436,6.449674525858233,6.449674525858233,6.449674525858233,6.449674525858233,6.449674525858233,6.139466519188339,6.139466519188339,6.139466519188339,5.735112524754728,5.735112524754728,5.735112524754728,5.735112524754728,5.735112524754728,5.735112524754728,5.735112524754728,5.735112524754728,5.735112524754728,5.735112524754728,5.735112524754728,5.735112524754728,5.735112524754728,5.735112524754728,5.735112524754728,5.735112524754728,5.735112524754728,5.735112524754728,5.735112524754728,5.735112524754728,5.735112524754728,5.735112524754728,5.735112524754728,5.735112524754728,5.735112524754728,5.735112524754728,5.735112524754728,5.735112524754728,5.735112524754728,5.735112524754728,5.735112524754728,5.735112524754728,5.735112524754728,5.735112524754728,5.735112524754728,5.735112524754728,5.735112524754728,5.735112524754728,5.735112524754728,5.735112524754728,5.735112524754728,5.735112524754728,5.735112524754728,5.735112524754728,5.735112524754728,5.735112524754728,5.735112524754728,5.735112524754728,5.735112524754728,5.735112524754728,5.735112524754728,5.735112524754728,5.735112524754728,5.735112524754728,5.735112524754728,5.735112524754728,5.735112524754728,5.735112524754728,5.735112524754728,5.735112524754728,5.735112524754728,5.735112524754728,5.735112524754728,5.735112524754728,5.735112524754728,5.735112524754728,5.735112524754728,5.735112524754728,5.735112524754728,5.735112524754728,5.735112524754728,5.735112524754728,5.735112524754728,5.735112524754728,5.735112524754728,5.735112524754728,5.735112524754728,5.735112524754728,5.735112524754728,5.735112524754728,5.735112524754728,5.727479753029078,5.727479753029078,5.727479753029078,5.727479753029078,5.727479753029078,5.727479753029078,5.727479753029078,5.727479753029078,5.727479753029078,5.727479753029078,5.727479753029078,5.727479753029078,5.727479753029078,5.727479753029078,5.727479753029078,5.727479753029078,5.727479753029078,5.727479753029078,5.727479753029078,5.727479753029078,5.727479753029078,5.727479753029078,5.727479753029078,5.727479753029078,5.727479753029078,5.727479753029078,5.727479753029078,5.727479753029078,5.727479753029078,5.727479753029078,5.727479753029078,5.727479753029078,5.727479753029078,5.727479753029078,5.727479753029078,5.727479753029078,5.727479753029078,5.727479753029078,5.727479753029078,5.727479753029078,5.727479753029078,5.727479753029078,5.727479753029078,5.727479753029078,5.727479753029078,5.727479753029078,5.727479753029078,5.727479753029078,5.727479753029078,5.727479753029078,5.727479753029078,5.727479753029078,5.727479753029078,5.727479753029078,5.727479753029078,5.727479753029078,5.727479753029078,5.727479753029078,5.727479753029078,5.727479753029078,5.727479753029078,5.727479753029078,5.727479753029078,5.727479753029078,5.727479753029078,5.727479753029078,5.727479753029078,5.727479753029078,5.727479753029078,5.727479753029078,5.727479753029078,5.727479753029078,5.727479753029078,5.727479753029078,5.727479753029078,5.727479753029078,5.727479753029078,5.727479753029078,5.727479753029078,5.727479753029078,5.727479753029078,5.727479753029078,5.727479753029078,5.727479753029078,5.727479753029078,5.727479753029078,5.727479753029078,5.727479753029078,5.727479753029078,5.727479753029078,5.727479753029078,5.727479753029078,5.727479753029078,5.727479753029078,5.727479753029078,5.727479753029078,5.727479753029078,5.727479753029078,5.727479753029078,5.727479753029078,5.727479753029078,5.727479753029078,5.727479753029078,5.727479753029078,5.727479753029078,5.727479753029078,5.727479753029078,5.727479753029078,5.727479753029078,5.727479753029078,5.727479753029078,5.727479753029078,5.727479753029078,5.727479753029078,5.727479753029078,5.727479753029078,5.727479753029078,5.727479753029078,5.727479753029078,5.727479753029078,5.727479753029078,5.727479753029078,5.727479753029078,5.727479753029078,5.727479753029078,5.727479753029078,5.727479753029078,5.727479753029078,5.727479753029078,5.727479753029078,5.727479753029078,5.727479753029078,5.727479753029078,5.727479753029078,5.727479753029078,5.727479753029078,5.727479753029078,5.727479753029078,5.727479753029078,5.727479753029078,5.727479753029078,5.727479753029078,5.727479753029078,5.727479753029078,5.727479753029078,5.727479753029078,5.727479753029078,5.727479753029078,5.727479753029078,5.727479753029078,5.727479753029078,5.727479753029078,5.727479753029078,5.727479753029078,5.727479753029078,5.727479753029078,5.727479753029078,5.727479753029078,5.727479753029078,5.727479753029078,5.727479753029078,5.727479753029078,5.727479753029078,5.727479753029078,5.727479753029078,5.727479753029078,5.727479753029078,5.727479753029078,5.727479753029078,5.727479753029078,5.727479753029078,5.727479753029078,5.727479753029078,5.727479753029078,5.727479753029078,5.727479753029078,5.727479753029078,5.727479753029078,5.727479753029078,5.727479753029078,5.727479753029078,5.727479753029078,5.727479753029078,5.727479753029078,5.727479753029078,5.727479753029078,5.727479753029078,5.727479753029078,5.727479753029078,5.727479753029078,5.727479753029078,5.727479753029078,5.727479753029078,5.727479753029078,5.727479753029078,5.727479753029078,5.727479753029078,5.727479753029078,5.727479753029078,5.727479753029078,5.727479753029078,5.727479753029078,5.727479753029078,5.727479753029078,5.727479753029078,5.727479753029078,5.727479753029078,5.727479753029078,5.727479753029078,5.727479753029078,5.727479753029078,5.727479753029078,5.727479753029078,5.727479753029078,5.727479753029078,5.727479753029078,5.727479753029078,5.727479753029078,5.727479753029078,5.727479753029078,5.727479753029078,5.727479753029078,5.727479753029078,5.727479753029078,5.727479753029078,5.727479753029078,5.727479753029078,5.727479753029078,5.727479753029078,5.727479753029078,5.727479753029078,5.727479753029078,5.727479753029078,5.727479753029078,5.727479753029078,5.727479753029078,5.727479753029078,5.727479753029078,5.727479753029078,5.727479753029078,5.727479753029078,5.727479753029078,5.727479753029078,5.727479753029078,5.727479753029078,5.727479753029078,5.727479753029078,5.727479753029078,5.727479753029078,5.727479753029078,5.727479753029078,5.727479753029078,5.727479753029078,5.727479753029078,5.727479753029078,5.727479753029078,5.727479753029078,5.727479753029078,5.727479753029078,5.727479753029078,5.727479753029078,5.727479753029078,5.727479753029078,5.727479753029078,5.727479753029078,5.727479753029078,5.727479753029078,5.727479753029078,5.727479753029078,5.727479753029078,5.727479753029078,5.727479753029078,5.727479753029078,5.727479753029078,5.727479753029078,5.727479753029078,5.727479753029078,5.727479753029078,5.727479753029078,5.727479753029078,5.727479753029078,5.727479753029078,5.727479753029078,5.727479753029078,5.727479753029078,5.727479753029078,5.727479753029078,5.727479753029078,5.727479753029078,5.727479753029078,5.727479753029078,5.727479753029078,5.727479753029078,5.727479753029078,5.727479753029078,5.727479753029078,5.727479753029078,5.727479753029078,5.727479753029078,5.727479753029078,5.727479753029078,5.727479753029078,5.727479753029078,5.727479753029078,5.727479753029078,5.727479753029078,5.727479753029078,5.727479753029078,5.727479753029078,5.727479753029078,5.727479753029078,5.727479753029078,5.727479753029078,5.727479753029078,5.727479753029078,5.727479753029078,5.727479753029078,5.727479753029078,5.727479753029078,5.727479753029078,5.727479753029078,5.727479753029078,5.727479753029078,5.727479753029078,5.727479753029078,5.727479753029078,5.727479753029078,5.727479753029078,5.727479753029078,5.727479753029078,5.727479753029078,5.727479753029078,5.727479753029078,5.727479753029078,5.727479753029078,5.727479753029078,5.727479753029078,5.727479753029078,5.727479753029078,5.727479753029078,5.727479753029078,5.727479753029078,5.727479753029078,5.727479753029078,5.727479753029078,5.727479753029078,5.727479753029078,5.727479753029078,5.727479753029078,5.727479753029078,5.727479753029078,5.727479753029078,5.727479753029078,5.727479753029078,5.727479753029078,5.727479753029078,5.727479753029078,5.727479753029078,5.727479753029078,5.727479753029078,5.727479753029078,5.727479753029078,5.727479753029078,5.727479753029078,5.727479753029078,5.727479753029078,5.727479753029078,5.727479753029078,5.727479753029078,5.727479753029078,5.727479753029078,5.727479753029078,5.727479753029078,5.727479753029078,5.727479753029078,5.727479753029078,5.727479753029078,5.727479753029078,5.727479753029078,5.727479753029078,5.727479753029078,5.727479753029078,5.727479753029078,5.727479753029078,5.727479753029078,5.727479753029078,5.727479753029078,5.727479753029078,5.727479753029078,5.727479753029078,5.727479753029078,5.727479753029078,5.727479753029078,5.727479753029078,5.727479753029078,5.727479753029078,5.727479753029078,5.727479753029078,5.727479753029078,5.727479753029078,5.727479753029078,5.727479753029078,5.727479753029078,5.727479753029078,5.727479753029078,5.727479753029078,5.727479753029078,5.727479753029078,5.727479753029078,5.727479753029078,5.727479753029078,5.727479753029078,5.727479753029078,5.727479753029078,5.727479753029078,5.727479753029078,5.727479753029078,5.727479753029078,5.727479753029078,5.727479753029078,5.727479753029078,5.727479753029078,5.727479753029078,5.727479753029078,5.727479753029078,5.727479753029078,5.727479753029078,5.727479753029078,5.727479753029078,5.727479753029078,5.727479753029078,5.727479753029078,5.727479753029078,5.727479753029078,5.727479753029078,5.727479753029078,5.727479753029078,5.727479753029078,5.727479753029078,5.727479753029078,5.727479753029078,5.727479753029078,5.727479753029078,5.727479753029078,5.727479753029078,5.727479753029078,5.727479753029078,5.727479753029078,5.727479753029078,5.727479753029078,5.727479753029078,5.727479753029078,5.727479753029078,5.727479753029078,5.727479753029078,5.727479753029078,5.727479753029078,5.727479753029078,5.727479753029078,5.727479753029078,5.727479753029078,5.727479753029078,5.727479753029078,5.727479753029078,5.727479753029078,5.727479753029078,5.727479753029078,5.727479753029078,5.727479753029078,5.727479753029078,5.727479753029078,5.727479753029078,5.727479753029078,5.727479753029078,5.727479753029078,5.727479753029078,5.727479753029078,5.727479753029078,5.727479753029078,5.727479753029078,5.727479753029078,5.727479753029078,5.727479753029078,5.727479753029078,5.727479753029078,5.727479753029078,5.727479753029078,5.727479753029078,5.727479753029078,5.727479753029078,5.727479753029078,5.727479753029078,5.727479753029078,5.727479753029078,5.727479753029078,5.727479753029078,5.727479753029078,5.727479753029078,5.727479753029078,5.727479753029078,5.727479753029078,5.727479753029078,5.727479753029078,5.727479753029078,5.727479753029078,5.727479753029078,5.727479753029078,5.727479753029078,5.727479753029078,5.727479753029078,5.727479753029078,5.727479753029078,5.727479753029078,5.727479753029078,5.727479753029078,5.727479753029078,5.727479753029078,5.727479753029078,5.727479753029078,5.727479753029078,5.727479753029078,5.727479753029078,5.727479753029078,5.727479753029078,5.727479753029078,5.727479753029078,5.727479753029078,5.727479753029078,5.727479753029078,5.727479753029078,5.727479753029078,5.727479753029078,5.727479753029078,5.727479753029078,5.727479753029078,5.727479753029078,5.727479753029078,5.727479753029078,5.727479753029078,5.727479753029078,5.727479753029078,5.727479753029078,5.727479753029078,5.727479753029078,5.727479753029078,5.727479753029078,5.727479753029078,5.727479753029078,5.727479753029078,5.727479753029078,5.727479753029078,5.727479753029078,5.727479753029078,5.727479753029078,5.727479753029078,5.727479753029078,5.727479753029078,5.727479753029078,5.727479753029078,5.727479753029078,5.727479753029078,5.727479753029078,5.727479753029078,5.727479753029078,5.727479753029078,5.727479753029078,5.727479753029078,5.727479753029078,5.727479753029078,5.727479753029078,5.727479753029078,5.727479753029078,5.727479753029078,5.727479753029078,5.727479753029078,5.727479753029078,5.727479753029078,5.727479753029078,5.727479753029078,5.727479753029078,5.727479753029078,5.727479753029078,5.727479753029078,5.727479753029078,5.727479753029078,5.727479753029078,5.727479753029078,5.727479753029078,5.727479753029078,5.727479753029078,5.727479753029078,5.727479753029078,5.727479753029078,5.727479753029078,5.727479753029078,5.727479753029078,5.727479753029078,5.727479753029078,5.727479753029078,5.727479753029078,5.727479753029078,5.727479753029078,5.727479753029078,5.578479961114459,5.578479961114459,5.578479961114459,5.578479961114459,5.578479961114459,5.578479961114459,5.578479961114459,5.578479961114459,5.578479961114459,5.578479961114459,5.578479961114459,5.578479961114459,5.578479961114459,5.578479961114459,5.578479961114459,5.578479961114459,5.578479961114459,5.578479961114459,5.578479961114459,5.578479961114459,5.578479961114459,5.578479961114459,5.578479961114459,5.578479961114459,5.578479961114459,5.578479961114459,5.578479961114459,5.578479961114459,5.578479961114459,5.578479961114459,5.578479961114459,5.578479961114459,5.578479961114459,5.578479961114459,5.578479961114459,5.578479961114459,5.578479961114459,5.578479961114459,5.578479961114459,5.578479961114459,4.42358583464892,4.3347695686878875,4.3347695686878875,4.3347695686878875,4.3347695686878875,4.3347695686878875,4.3347695686878875,4.3347695686878875,4.3347695686878875,4.3347695686878875,4.3347695686878875,4.3347695686878875,4.3347695686878875,4.3347695686878875,4.3347695686878875,4.3347695686878875,4.3347695686878875,4.3347695686878875,4.3347695686878875,4.3347695686878875,4.3347695686878875,4.3347695686878875,4.3347695686878875,4.3347695686878875,4.3347695686878875,4.3347695686878875,4.3347695686878875,4.3347695686878875,4.3347695686878875,4.3347695686878875,4.3347695686878875,4.3347695686878875,4.3347695686878875,4.3347695686878875,4.3347695686878875,4.3347695686878875,4.3347695686878875,4.3347695686878875,4.3347695686878875,4.3347695686878875,4.3347695686878875,4.3347695686878875,4.3347695686878875,4.3347695686878875,4.3347695686878875,4.3347695686878875,4.3347695686878875,4.3347695686878875,4.3347695686878875,4.3347695686878875,4.3347695686878875,4.3347695686878875,4.3347695686878875,4.3347695686878875,4.3347695686878875,4.3347695686878875,4.3347695686878875,4.3347695686878875,4.3347695686878875,4.3347695686878875,4.3347695686878875,4.3347695686878875,4.3347695686878875,4.3347695686878875,4.3347695686878875,4.3347695686878875,4.3347695686878875,4.3347695686878875,4.3347695686878875,4.3347695686878875,4.3347695686878875,4.3347695686878875,4.3347695686878875,4.3347695686878875,4.3347695686878875,4.3347695686878875,4.3347695686878875,4.3347695686878875,4.3347695686878875,4.3347695686878875,4.3347695686878875,4.3347695686878875,4.3347695686878875,4.3347695686878875,4.3347695686878875,4.3347695686878875,4.3347695686878875,4.3347695686878875,4.3347695686878875,4.3347695686878875,4.3347695686878875,4.3347695686878875,4.3347695686878875,4.3347695686878875,4.3347695686878875,4.3347695686878875,4.3347695686878875,4.3347695686878875,4.3347695686878875,4.3347695686878875,4.3347695686878875,4.3347695686878875,4.3347695686878875,4.3347695686878875,4.3347695686878875,4.3347695686878875,4.3347695686878875,4.3347695686878875,4.3347695686878875,4.3347695686878875,4.3347695686878875,4.3347695686878875,4.3347695686878875,4.3347695686878875,4.3347695686878875,4.3347695686878875,4.3347695686878875,4.3347695686878875,4.3347695686878875,4.3347695686878875,4.3347695686878875,4.3347695686878875,4.3347695686878875,4.3347695686878875,4.3347695686878875,4.3347695686878875,4.3347695686878875,4.3347695686878875,4.3347695686878875,4.3347695686878875,4.3347695686878875,4.3347695686878875,4.3347695686878875,4.3347695686878875,4.3347695686878875,4.3347695686878875,4.3347695686878875,4.3347695686878875,4.3347695686878875,4.3347695686878875,4.3347695686878875,4.3347695686878875,4.3347695686878875,4.3347695686878875,4.3347695686878875,4.3347695686878875,4.3347695686878875,4.3347695686878875,4.3347695686878875,4.3347695686878875,4.3347695686878875,4.3347695686878875,4.3347695686878875,4.3347695686878875,4.3347695686878875,4.3347695686878875,4.3347695686878875,4.3347695686878875,4.3347695686878875,4.3347695686878875,4.3347695686878875,4.3347695686878875,4.3347695686878875,4.3347695686878875,4.3347695686878875,4.3347695686878875,4.3347695686878875,4.3347695686878875,4.3347695686878875,4.3347695686878875,4.3347695686878875,4.3347695686878875,4.3347695686878875,4.3347695686878875,4.3347695686878875,4.3347695686878875,4.3347695686878875,4.3347695686878875,4.3347695686878875,4.3347695686878875,4.3347695686878875,4.3347695686878875,4.3347695686878875,4.3347695686878875,4.3347695686878875,4.3347695686878875,4.3347695686878875,4.3347695686878875,4.3347695686878875,4.3347695686878875,4.3347695686878875,4.3347695686878875,4.3347695686878875,4.3347695686878875,4.3347695686878875,7.7098727933943385,6.605562464496435,5.762624408918391,5.762624408918391,5.762624408918391,5.762624408918391,5.428880808655415,5.428880808655415,5.428880808655415,5.428880808655415,5.428880808655415,5.428880808655415,5.428880808655415,5.428880808655415,5.428880808655415,5.428880808655415,5.428880808655415,5.428880808655415,5.428880808655415,5.428880808655415,5.428880808655415,5.377819011587239,5.2789094438888124,5.2789094438888124,5.2789094438888124,5.2789094438888124,5.2789094438888124,5.2789094438888124,5.2789094438888124,5.2789094438888124,5.2789094438888124,5.2789094438888124,5.2789094438888124,5.2789094438888124,5.2789094438888124,5.2789094438888124,5.2789094438888124,5.2789094438888124,5.2789094438888124,5.2789094438888124,5.2789094438888124,5.2789094438888124,5.2789094438888124,5.2789094438888124,5.2789094438888124,5.2789094438888124,5.2789094438888124,5.2789094438888124,5.2789094438888124,5.2789094438888124,5.2789094438888124,5.2789094438888124,5.2789094438888124,5.2789094438888124,5.2789094438888124,5.2789094438888124,5.2789094438888124,5.2789094438888124,5.2789094438888124,5.2789094438888124,5.2789094438888124,5.2789094438888124,5.2789094438888124,5.2789094438888124,5.108849718522093,4.848963495395355,4.590190423138229,4.199134491992755,4.199134491992755,4.199134491992755,4.199134491992755,4.198580885093037,4.198580885093037,4.198580885093037,4.198580885093037,4.074500075529902,4.074500075529902,4.074500075529902,4.074500075529902,4.074500075529902,4.074500075529902,4.074500075529902,4.074500075529902,4.074500075529902,4.06230707793219,4.06230707793219,4.06230707793219,4.06230707793219,4.06230707793219,4.06230707793219,4.06230707793219,4.06230707793219,4.06230707793219,4.06230707793219,4.06230707793219,4.06230707793219,4.06230707793219,4.06230707793219,4.06230707793219,4.06230707793219,4.06230707793219,4.06230707793219,4.06230707793219,4.06230707793219,4.06230707793219,4.06230707793219,4.06230707793219,4.06230707793219,4.06230707793219,4.06230707793219,4.06230707793219,4.06230707793219,4.06230707793219,4.06230707793219,4.06230707793219,4.06230707793219,4.06230707793219,4.06230707793219,4.06230707793219,4.06230707793219,4.06230707793219,4.06230707793219,4.06230707793219,4.06230707793219,4.06230707793219,4.06230707793219,4.06230707793219,4.06230707793219,4.06230707793219,4.06230707793219,4.06230707793219,4.06230707793219,4.06230707793219,4.06230707793219,4.06230707793219,4.06230707793219,4.06230707793219,4.06230707793219,4.06230707793219,4.06230707793219,4.06230707793219,4.06230707793219,4.06230707793219,4.06230707793219,4.06230707793219,4.06230707793219,4.06230707793219,4.06230707793219,4.06230707793219,4.06230707793219,4.06230707793219,4.06230707793219,4.06230707793219,4.06230707793219,4.06230707793219,4.06230707793219,4.06230707793219,4.06230707793219,4.06230707793219,4.06230707793219,4.06230707793219,4.06230707793219,4.06230707793219,4.06230707793219,4.06230707793219,4.06230707793219,4.06230707793219,4.06230707793219,4.06230707793219,4.06230707793219,4.06230707793219,4.06230707793219,4.06230707793219,4.06230707793219,4.06230707793219,4.06230707793219,4.06230707793219,4.06230707793219,4.06230707793219,4.06230707793219,4.06230707793219,4.06230707793219,4.06230707793219,4.06230707793219,4.06230707793219,4.06230707793219,4.06230707793219,4.06230707793219,4.06230707793219,4.06230707793219,4.06230707793219,4.06230707793219,4.06230707793219,4.06230707793219,4.06230707793219,4.06230707793219,4.06230707793219,4.06230707793219,4.06230707793219,4.06230707793219,4.06230707793219,4.06230707793219,4.06230707793219,4.06230707793219,4.06230707793219,4.06230707793219,4.06230707793219,4.06230707793219,4.06230707793219,4.06230707793219,4.06230707793219,4.06230707793219,4.06230707793219,4.06230707793219,4.06230707793219,4.06230707793219,4.06230707793219,4.06230707793219,4.06230707793219,4.06230707793219,4.06230707793219,4.06230707793219,4.06230707793219,4.06230707793219,4.06230707793219,4.06230707793219,4.06230707793219,4.06230707793219,4.06230707793219,4.06230707793219,4.06230707793219,4.06230707793219,4.06230707793219,4.06230707793219,4.06230707793219,4.06230707793219,4.06230707793219,4.06230707793219,4.06230707793219,4.06230707793219,4.06230707793219,4.06230707793219,4.06230707793219,4.06230707793219,4.06230707793219,4.06230707793219,4.06230707793219,4.06230707793219,4.06230707793219,4.06230707793219,4.06230707793219,4.06230707793219,4.06230707793219,4.06230707793219,4.06230707793219,4.06230707793219,4.06230707793219,4.06230707793219,4.06230707793219,4.06230707793219,4.06230707793219,3.694172340994602,3.694172340994602,3.694172340994602,3.694172340994602,3.694172340994602,3.694172340994602,3.694172340994602,3.694172340994602,3.694172340994602,3.694172340994602,3.694172340994602,3.694172340994602,3.694172340994602,3.694172340994602,3.694172340994602,3.694172340994602,3.694172340994602,3.6941723409946015,3.6941723409946015,3.6941723409946015,3.6941723409946015,3.6941723409946015,3.6941723409946015,3.6941723409946015,3.6941723409946015,3.6913761263827123,3.6913761263827123,3.6913761263827123,3.6913761263827123,3.6913761263827123,3.6913761263827123,3.6913761263827123,3.6913761263827123,3.6913761263827123,3.6913761263827123,3.6913761263827123,3.6913761263827123,3.6913761263827123,3.6913761263827123,3.6913761263827123,3.6913761263827123,3.6913761263827123,3.6913761263827123,3.6913761263827123,3.6913761263827123,3.6913761263827123,3.6913761263827123,3.6913761263827123,3.6913761263827123,3.6913761263827123,3.6913761263827123,3.6913761263827123,3.6913761263827123,3.6913761263827123,3.6913761263827123,3.6913761263827123,3.6913761263827123,3.6913761263827123,3.6913761263827123,3.6913761263827123,3.6913761263827123,3.6913761263827123,3.6913761263827123,3.6913761263827123,3.6913761263827123,3.6913761263827123,3.6913761263827123,3.6913761263827123,3.6913761263827123,3.6913761263827123,3.6913761263827123,3.6913761263827123,3.6913761263827123,3.6913761263827123,3.6913761263827123,3.6913761263827123,3.6913761263827123,3.6913761263827123,3.6913761263827123,3.6913761263827123,3.6913761263827123,3.6913761263827123,3.6913761263827123,3.6913761263827123,3.6913761263827123,3.6913761263827123,3.6913761263827123,3.6913761263827123,3.6913761263827123,3.6913761263827123,3.6913761263827123,3.6913761263827123,3.6913761263827123,3.6913761263827123,3.6913761263827123,3.6913761263827123,3.6913761263827123,3.6913761263827123,3.6913761263827123,3.6913761263827123,3.6913761263827123,3.6913761263827123,3.6913761263827123,3.6913761263827123,3.6913761263827123,3.6913761263827123,3.6913761263827123,3.6913761263827123,3.6913761263827123,3.6913761263827123,3.6913761263827123,3.6913761263827123,3.6913761263827123,3.6913761263827123,3.6913761263827123,3.6913761263827123,3.6913761263827123,3.6913761263827123,3.6913761263827123,3.6913761263827123,3.6913761263827123,3.6913761263827123,3.6913761263827123,3.6913761263827123,3.6913761263827123,3.6913761263827123,3.6913761263827123,3.6913761263827123,3.6913761263827123,3.6913761263827123,3.6913761263827123,3.6913761263827123,3.6913761263827123,3.6913761263827123,3.6913761263827123,3.6913761263827123,3.6913761263827123,3.6913761263827123,3.6913761263827123,3.6913761263827123,3.6913761263827123,3.6913761263827123,3.6913761263827123,3.6913761263827123,3.6913761263827123,3.6913761263827123,3.6913761263827123,3.6913761263827123,3.6913761263827123,3.6913761263827123,3.6913761263827123,3.6913761263827123,3.6913761263827123,3.6913761263827123,3.6913761263827123,3.6913761263827123,3.6913761263827123,3.6913761263827123,3.6913761263827123,3.6913761263827123,3.6913761263827123,3.6913761263827123,3.6913761263827123,3.6913761263827123,3.6913761263827123,3.6913761263827123,3.6913761263827123,3.6913761263827123,3.6913761263827123,3.6913761263827123,3.6913761263827123,3.6913761263827123,3.6913761263827123,3.6913761263827123,3.6913761263827123,3.6913761263827123,3.6913761263827123,3.6913761263827123,3.6913761263827123,3.6913761263827123,3.6913761263827123,3.6913761263827123,3.6913761263827123,3.6913761263827123,3.6913761263827123,3.6913761263827123,3.6913761263827123,3.6913761263827123,3.6913761263827123,3.6913761263827123,3.6913761263827123,3.6913761263827123,3.6913761263827123,3.6913761263827123,3.6913761263827123,3.6913761263827123,3.6913761263827123,3.6913761263827123,3.6913761263827123,3.6913761263827123,3.6913761263827123,3.6913761263827123,3.6913761263827123,3.6913761263827123,3.6913761263827123,3.6913761263827123,3.6913761263827123,3.6913761263827123,3.6913761263827123,3.6913761263827123,3.6913761263827123,3.6913761263827123,3.6913761263827123,3.6913761263827123,3.6913761263827123,3.6913761263827123,3.6913761263827123,3.6913761263827123,3.6913761263827123,3.6913761263827123,3.6913761263827123,3.6913761263827123,3.6913761263827123,3.6913761263827123,3.6913761263827123,3.6913761263827123,3.6913761263827123,3.6913761263827123,3.6913761263827123,3.6913761263827123,3.6913761263827123,3.6913761263827123,3.6913761263827123,3.6913761263827123,3.6913761263827123,3.6913761263827123,3.6913761263827123,3.6913761263827123,3.6913761263827123,3.6913761263827123,3.6913761263827123,3.6913761263827123,3.6913761263827123,3.6913761263827123,3.6913761263827123,3.6913761263827123,3.6913761263827123,3.6913761263827123,3.6913761263827123,3.6913761263827123,3.6913761263827123,3.6913761263827123,3.6913761263827123,3.6913761263827123,3.6913761263827123,3.6913761263827123,3.6913761263827123,3.6913761263827123,3.6913761263827123,3.6913761263827123,3.6913761263827123,3.6913761263827123,3.6913761263827123,3.6913761263827123,3.6913761263827123,3.6913761263827123,3.6913761263827123,3.6913761263827123,3.6913761263827123,3.6913761263827123,3.6913761263827123,3.6913761263827123,3.6913761263827123,3.6913761263827123,3.6913761263827123,3.6913761263827123,3.6913761263827123,3.6913761263827123,3.6913761263827123,3.6913761263827123,3.6913761263827123,3.6913761263827123,3.6913761263827123,3.6913761263827123,3.6913761263827123,3.6913761263827123,3.6913761263827123,3.6913761263827123,3.6913761263827123,3.6913761263827123,3.6913761263827123,3.6913761263827123,3.6913761263827123,3.6913761263827123,3.6913761263827123,3.6913761263827123,3.6913761263827123,3.6913761263827123,3.6913761263827123,3.6913761263827123,3.6913761263827123,3.6913761263827123,3.6913761263827123,3.6913761263827123,3.6913761263827123,3.6913761263827123,3.6913761263827123,3.6913761263827123,3.6913761263827123,3.6913761263827123,3.6913761263827123,3.6913761263827123,3.6913761263827123,3.6913761263827123,3.6913761263827123,3.6913761263827123,3.6913761263827123,3.6913761263827123,3.6913761263827123,3.6913761263827123,3.6913761263827123,3.6913761263827123,3.6913761263827123,3.6913761263827123,3.6913761263827123,3.6913761263827123,3.6913761263827123,3.6913761263827123,3.6913761263827123,3.6913761263827123,3.6913761263827123,3.6913761263827123,3.6913761263827123,3.6913761263827123,3.6913761263827123,3.6913761263827123,3.6913761263827123,3.6913761263827123,3.6913761263827123,3.6913761263827123,3.6913761263827123,3.6913761263827123,3.6913761263827123,3.6913761263827123,3.6913761263827123,3.6913761263827123,3.6913761263827123,3.6913761263827123,3.6913761263827123,3.6913761263827123,3.6913761263827123,3.6913761263827123,3.6913761263827123,3.6913761263827123,3.6913761263827123,3.6913761263827123,3.6913761263827123,3.6913761263827123,3.6913761263827123,3.6913761263827123,3.6913761263827123,3.6913761263827123,3.6913761263827123,3.6913761263827123,3.6913761263827123,3.6913761263827123,3.6913761263827123,3.6913761263827123,3.6913761263827123,3.6913761263827123,3.6913761263827123,3.6913761263827123,3.6913761263827123,3.6913761263827123,3.6913761263827123,3.6913761263827123,3.6913761263827123,3.6913761263827123,3.6913761263827123,3.6913761263827123,3.6913761263827123,3.6913761263827123,3.6913761263827123,3.6913761263827123,3.6913761263827123,3.6913761263827123,3.6913761263827123,3.6913761263827123,3.6913761263827123,3.6913761263827123,3.6913761263827123,3.6913761263827123,3.6913761263827123,3.6913761263827123,3.6913761263827123,3.6913761263827123,3.6913761263827123,3.6913761263827123,3.6913761263827123,3.6913761263827123,3.6913761263827123,3.6913761263827123,3.6913761263827123,3.6913761263827123,3.6913761263827123,3.6913761263827123,3.6913761263827123,3.6913761263827123,3.6913761263827123,3.6913761263827123,3.6913761263827123,3.6913761263827123,3.6913761263827123,3.6913761263827123,3.6913761263827123,3.6913761263827123,3.6913761263827123,3.6913761263827123,3.6913761263827123,3.6913761263827123,3.6913761263827123,3.6913761263827123,3.6913761263827123,3.6913761263827123,3.6913761263827123,3.6913761263827123,3.6913761263827123,3.6913761263827123,3.6913761263827123,3.6913761263827123,3.6913761263827123,3.6913761263827123,3.6913761263827123,3.6913761263827123,3.6913761263827123,3.6913761263827123,3.6913761263827123,3.6913761263827123,3.6913761263827123,3.6913761263827123,3.6913761263827123,3.6913761263827123,3.6913761263827123,3.6913761263827123,3.6913761263827123,3.6913761263827123,3.6913761263827123,3.6913761263827123,3.6913761263827123,3.6913761263827123,3.6913761263827123,3.6913761263827123,3.6913761263827123,3.6913761263827123,3.6913761263827123,3.6913761263827123,3.6913761263827123,3.6913761263827123,3.6913761263827123,3.6913761263827123,3.6913761263827123,3.6913761263827123,3.6913761263827123,3.6913761263827123,3.6913761263827123,3.6913761263827123,3.6913761263827123,3.6913761263827123,3.6913761263827123,3.6913761263827123,3.6913761263827123,3.6913761263827123,3.6913761263827123,3.6913761263827123,3.6913761263827123,3.6913761263827123,3.6913761263827123,3.6913761263827123,3.6913761263827123,3.6913761263827123,3.6913761263827123,3.6913761263827123,3.6913761263827123,3.6913761263827123,3.6913761263827123,3.6913761263827123,3.6913761263827123,3.6913761263827123,3.6913761263827123,3.6913761263827123,3.6913761263827123,3.6913761263827123,3.6913761263827123,3.6913761263827123,3.6913761263827123,3.6913761263827123,3.6913761263827123,3.6913761263827123,3.6913761263827123,3.6913761263827123,3.6913761263827123,3.6913761263827123,3.6913761263827123,3.6913761263827123,3.6913761263827123,3.6913761263827123,3.6913761263827123,3.6913761263827123,3.6913761263827123,3.6913761263827123,3.6913761263827123,3.6913761263827123,3.6913761263827123,3.6913761263827123,3.6913761263827123,3.6913761263827123,3.6913761263827123,3.6913761263827123,3.6913761263827123,3.6913761263827123,3.6913761263827123,3.6913761263827123,3.6913761263827123,3.6913761263827123,3.6913761263827123,3.6913761263827123,3.6913761263827123,3.6913761263827123,3.6913761263827123,3.6913761263827123,3.6913761263827123,3.6913761263827123,3.6913761263827123,3.6913761263827123,3.6913761263827123,3.6913761263827123,3.6913761263827123,3.6913761263827123,3.6913761263827123,3.6913761263827123,3.6913761263827123,3.6913761263827123,3.6913761263827123,3.6913761263827123,3.6913761263827123,3.6913761263827123,3.6913761263827123,3.6913761263827123,3.6913761263827123,3.6913761263827123,3.6913761263827123,3.6913761263827123,3.6913761263827123,3.6913761263827123,3.6913761263827123,3.6913761263827123,3.6913761263827123,3.6913761263827123,3.6913761263827123,3.6913761263827123,3.6913761263827123,3.6913761263827123,3.6913761263827123,3.6913761263827123,3.6913761263827123,3.6913761263827123,3.6913761263827123,3.6913761263827123,3.6913761263827123,3.6913761263827123,3.6913761263827123,3.6913761263827123,3.6913761263827123,3.6913761263827123,3.6913761263827123,3.6913761263827123,3.6913761263827123,3.6913761263827123,3.6913761263827123,3.6913761263827123,3.6913761263827123,3.6913761263827123,3.6913761263827123,3.6913761263827123,3.6913761263827123,3.6913761263827123,3.6913761263827123,3.6913761263827123,3.6913761263827123,3.6913761263827123,3.6913761263827123,3.6913761263827123,3.6913761263827123,3.6913761263827123,3.6913761263827123,3.6913761263827123,3.6913761263827123,3.6913761263827123,3.6913761263827123,3.6913761263827123,3.6913761263827123,3.6913761263827123,3.6913761263827123,3.6913761263827123,3.6913761263827123,3.6913761263827123,3.6913761263827123,3.6913761263827123,3.6913761263827123,3.6913761263827123,3.6913761263827123,3.6913761263827123,3.6913761263827123,3.6913761263827123,3.6913761263827123,3.6913761263827123,3.6913761263827123,3.6913761263827123,3.6913761263827123,3.6913761263827123,3.6913761263827123,3.6913761263827123,3.6913761263827123,3.6913761263827123,3.6913761263827123,3.6913761263827123,3.6913761263827123,3.6913761263827123,3.6913761263827123,3.6913761263827123,3.6913761263827123,3.6913761263827123,3.6913761263827123,3.6913761263827123,3.6913761263827123,3.6913761263827123,3.6913761263827123,3.6913761263827123,3.6913761263827123,3.6913761263827123,3.6913761263827123,3.6913761263827123,3.6913761263827123,3.6913761263827123,3.6913761263827123,3.6913761263827123,3.6913761263827123,3.6913761263827123,3.6913761263827123,3.6913761263827123,3.6913761263827123,3.6913761263827123,3.6913761263827123,3.6913761263827123,3.6913761263827123,3.6913761263827123,3.6913761263827123,3.6913761263827123,3.6913761263827123,3.6913761263827123,3.6913761263827123,3.6913761263827123,3.6913761263827123,3.6913761263827123,3.6913761263827123,3.6913761263827123,3.6913761263827123,3.6913761263827123,3.6913761263827123,3.6913761263827123,3.6913761263827123,3.6913761263827123,3.6913761263827123,3.6913761263827123,3.6913761263827123,3.6913761263827123,3.6913761263827123,3.6913761263827123,3.6913761263827123,3.6913761263827123,3.6913761263827123,3.6913761263827123,3.6913761263827123,3.6913761263827123,3.6913761263827123,3.6913761263827123,3.6913761263827123,3.6913761263827123,3.6913761263827123,3.6913761263827123,3.6913761263827123,3.6913761263827123,3.6913761263827123,3.6913761263827123,3.6913761263827123,3.6913761263827123,3.6913761263827123,3.6913761263827123,3.6913761263827123,3.6913761263827123,3.6913761263827123,3.6913761263827123,3.6913761263827123,3.6913761263827123,3.6913761263827123,3.6913761263827123,3.6913761263827123,3.6913761263827123,3.6913761263827123,3.6913761263827123,3.6913761263827123,3.6913761263827123,3.6913761263827123,3.6913761263827123,3.6913761263827123,3.6913761263827123,3.6913761263827123,3.6913761263827123,3.6913761263827123,3.6913761263827123,3.6913761263827123,3.6913761263827123,3.6913761263827123,3.6913761263827123,3.6913761263827123,3.6913761263827123,3.6913761263827123,3.6913761263827123,3.6913761263827123,3.6913761263827123,3.6913761263827123,3.6913761263827123,3.6913761263827123,3.6913761263827123,3.6913761263827123,3.6913761263827123,3.6913761263827123,3.6913761263827123,3.6913761263827123,7.0907977975122165,6.926227895746461,6.926227895746461,6.926227895746461,6.926227895746461,6.926227895746461,6.438425014200741,6.438425014200741,6.438425014200741,6.438425014200741,6.438425014200741,6.438425014200741,6.438425014200741,6.438425014200741,6.438425014200741,6.438425014200741,6.438425014200741,6.438425014200741,6.438425014200741,6.438425014200741,6.438425014200741,6.438425014200741,6.438425014200741,6.438425014200741,6.438425014200741,6.438425014200741,6.438425014200741,6.438425014200741,6.438425014200741,6.438425014200741,6.438425014200741,6.438425014200741,6.438425014200741,6.438425014200741,6.438425014200741,6.438425014200741,6.438425014200741,6.438425014200741,6.438425014200741,6.438425014200741,6.438425014200741,6.438425014200741,6.438425014200741,6.438425014200741,6.438425014200741,6.438425014200741,6.438425014200741,6.438425014200741,6.438425014200741,6.438425014200741,6.438425014200741,6.438425014200741,6.438425014200741,6.438425014200741,6.438425014200741,6.438425014200741,6.438425014200741,6.438425014200741,6.438425014200741,6.438425014200741,6.438425014200741,6.438425014200741,6.438425014200741,6.438425014200741,6.438425014200741,6.438425014200741,6.438425014200741,6.438425014200741,6.438425014200741,6.438425014200741,6.438425014200741,6.438425014200741,6.438425014200741,6.438425014200741,6.438425014200741,6.438425014200741,6.438425014200741,6.438425014200741,6.438425014200741,6.438425014200741,6.438425014200741,6.438425014200741,5.275975644454395,4.890159106683664,4.890159106683664,4.890159106683664,4.890159106683664,4.890159106683664,4.890159106683664,4.890159106683664,4.890159106683664,4.890159106683664,4.890159106683664,4.890159106683664,4.890159106683664,4.890159106683664,4.890159106683664,4.890159106683664,4.890159106683664,4.890159106683664,4.890159106683664,4.890159106683664,4.890159106683664,4.890159106683664,4.890159106683664,4.890159106683664,4.890159106683664,4.890159106683664,4.890159106683664,4.890159106683664,4.890159106683664,4.890159106683664,4.890159106683664,4.890159106683664,4.890159106683664,4.890159106683664,4.890159106683664,4.890159106683664,4.890159106683664,4.890159106683664,4.890159106683664,4.890159106683664,4.890159106683664,4.890159106683664,4.890159106683664,4.890159106683664,4.890159106683664,4.890159106683664,4.890159106683664,4.890159106683664,4.890159106683664,4.890159106683664,4.890159106683664,4.890159106683664,4.890159106683664,4.890159106683664,4.890159106683664,4.890159106683664,4.890159106683664,4.890159106683664,4.890159106683664,4.890159106683664,4.890159106683664,4.890159106683664,4.890159106683664,4.890159106683664,4.890159106683664,4.890159106683664,4.890159106683664,4.890159106683664,4.890159106683664,4.890159106683664,4.890159106683664,4.890159106683664,4.890159106683664,4.890159106683664,4.890159106683664,4.890159106683664,4.890159106683664,4.890159106683664,4.890159106683664,4.890159106683664,4.890159106683664,4.890159106683664,4.890159106683664,4.890159106683664,4.890159106683664,4.890159106683664,4.890159106683664,4.890159106683664,4.890159106683664,4.890159106683664,4.890159106683664,4.890159106683664,4.890159106683664,4.890159106683664,4.890159106683664,4.890159106683664,4.890159106683664,4.890159106683664,4.890159106683664,4.890159106683664,4.890159106683664,4.890159106683664,4.890159106683664,4.890159106683664,4.890159106683664,4.890159106683664,4.890159106683664,4.890159106683664,4.890159106683664,4.890159106683664,4.890159106683664,4.890159106683664,4.890159106683664,4.890159106683664,4.890159106683664,4.890159106683664,4.890159106683664,4.890159106683664,4.890159106683664,4.890159106683664,4.890159106683664,4.890159106683664,4.890159106683664,4.890159106683664,4.890159106683664,4.890159106683664,4.890159106683664,4.890159106683664,4.890159106683664,4.890159106683664,4.890159106683664,4.890159106683664,4.890159106683664,4.890159106683664,4.890159106683664,4.890159106683664,4.890159106683664,4.890159106683664,4.890159106683664,4.890159106683664,4.890159106683664,4.890159106683664,4.890159106683664,4.890159106683664,4.890159106683664,4.890159106683664,4.890159106683664,4.890159106683664,4.890159106683664,4.890159106683664,4.890159106683664,4.890159106683664,4.890159106683664,4.833988927681077,4.7529187372832356,4.743179912404394,4.7254584337576535,4.7254584337576535,4.622589737507572,4.622589737507572,4.622589737507572,4.622589737507572,4.622589737507572,4.622589737507572,4.622589737507572,4.622589737507572,4.622589737507572,4.622589737507572,4.622589737507572,4.622589737507572,4.622589737507572,4.622589737507572,4.622589737507572,4.622589737507572,4.622589737507572,4.622589737507572,4.622589737507572,4.622589737507572,4.622589737507572,4.622589737507572,4.622589737507572,4.622589737507572,4.622589737507572,4.622589737507572,4.622589737507572,4.622589737507572,4.622589737507572,4.622589737507572,4.622589737507572,4.622589737507572,4.622589737507572,4.622589737507572,4.622589737507572,4.622589737507572,4.622589737507572,4.622589737507572,4.622589737507572,4.622589737507572,4.622589737507572,4.622589737507572,4.622589737507572,4.622589737507572,4.622589737507572,4.622589737507572,4.622589737507572,4.622589737507572,4.622589737507572,4.622589737507572,4.622589737507572,4.622589737507572,4.622589737507572,4.622589737507572,4.622589737507572,4.622589737507572,4.622589737507572,4.622589737507572,4.622589737507572,4.622589737507572,4.622589737507572,4.622589737507572,4.622589737507572,4.622589737507572,4.622589737507572,4.622589737507572,4.622589737507572,4.622589737507572,4.622589737507572,4.622589737507572,4.622589737507572,4.622589737507572,4.622589737507572,4.622589737507572,4.622589737507572,4.622589737507572,4.622589737507572,4.622589737507572,4.622589737507572,4.622589737507572,4.622589737507572,4.622589737507572,4.622589737507572,4.622589737507572,4.622589737507572,4.622589737507572,4.622589737507572,4.622589737507572,4.622589737507572,4.622589737507572,4.622589737507572,4.622589737507572,4.622589737507572,4.622589737507572,4.622589737507572,4.622589737507572,4.622589737507572,4.622589737507572,4.622589737507572,4.622589737507572,4.622589737507572,4.622589737507572,4.622589737507572,4.622589737507572,4.622589737507572,4.622589737507572,4.622589737507572,4.622589737507572,4.622589737507572,4.622589737507572,4.622589737507572,4.622589737507572,4.622589737507572,4.622589737507572,4.622589737507572,4.622589737507572,4.622589737507572,4.622589737507572,4.622589737507572,4.622589737507572,4.622589737507572,4.622589737507572,4.622589737507572,4.622589737507572,4.622589737507572,4.622589737507572,4.622589737507572,4.622589737507572,4.622589737507572,4.622589737507572,4.622589737507572,4.622589737507572,4.622589737507572,4.622589737507572,4.622589737507572,4.622589737507572,4.622589737507572,4.622589737507572,4.622589737507572,4.622589737507572,4.622589737507572,4.622589737507572,4.622589737507572,4.622589737507572,4.622589737507572,4.622589737507572,4.622589737507572,4.622589737507572,4.622589737507572,4.622589737507572,4.622589737507572,4.622589737507572,4.622589737507572,4.622589737507572,4.622589737507572,4.622589737507572,4.622589737507572,4.622589737507572,4.622589737507572,4.622589737507572,4.622589737507572,4.622589737507572,4.622589737507572,4.622589737507572,4.622589737507572,4.622589737507572,4.622589737507572,4.622589737507572,4.622589737507572,4.622589737507572,4.622589737507572,4.622589737507572,4.622589737507572,4.622589737507572,4.622589737507572,4.622589737507572,4.622589737507572,4.622589737507572,4.622589737507572,4.622589737507572,4.622589737507572,4.622589737507572,4.622589737507572,4.622589737507572,4.622589737507572,4.622589737507572,4.617009615683091,4.5717370318270225,4.521556893391051,4.521556893391051,4.521556893391051,4.521556893391051,4.521556893391051,4.521556893391051,4.521556893391051,4.39669929609215,4.39669929609215,4.39669929609215,4.39669929609215,4.39669929609215,4.39669929609215,4.39669929609215,4.39669929609215,4.39669929609215,4.39669929609215,4.39669929609215,4.39669929609215,4.39669929609215,4.39669929609215,4.39669929609215,4.39669929609215,4.39669929609215,4.39669929609215,4.39669929609215,4.39669929609215,4.39669929609215,4.39669929609215,4.39669929609215,4.39669929609215,4.39669929609215,4.39669929609215,4.39669929609215,4.39669929609215,4.39669929609215,4.39669929609215,4.39669929609215,4.39669929609215,4.39669929609215,4.39669929609215,4.39669929609215,4.39669929609215,4.39669929609215,4.39669929609215,4.39669929609215,4.39669929609215,4.39669929609215,4.39669929609215,4.39669929609215,4.39669929609215,4.39669929609215,4.39669929609215,4.39669929609215,4.39669929609215,4.39669929609215,4.39669929609215,4.39669929609215,4.39669929609215,4.39669929609215,4.39669929609215,4.39669929609215,4.39669929609215,4.39669929609215,4.39669929609215,4.39669929609215,4.39669929609215,4.39669929609215,4.39669929609215,4.39669929609215,4.39669929609215,4.39669929609215,4.39669929609215,4.39669929609215,4.39669929609215,4.39669929609215,4.39669929609215,4.39669929609215,4.39669929609215,4.39669929609215,4.39669929609215,4.39669929609215,4.39669929609215,4.39669929609215,4.39669929609215,4.39669929609215,4.39669929609215,4.39669929609215,4.39669929609215,4.39669929609215,4.39669929609215,4.39669929609215,4.39669929609215,4.39669929609215,4.39669929609215,4.39669929609215,4.39669929609215,4.39669929609215,4.39669929609215,4.39669929609215,4.39669929609215,4.39669929609215,4.39669929609215,4.39669929609215,4.39669929609215,4.39669929609215,4.39669929609215,4.39669929609215,4.39669929609215,4.39669929609215,4.39669929609215,4.39669929609215,4.39669929609215,4.39669929609215,4.39669929609215,4.39669929609215,4.39669929609215,4.39669929609215,4.39669929609215,4.39669929609215,4.39669929609215,4.39669929609215,4.39669929609215,4.39669929609215,4.39669929609215,4.39669929609215,4.39669929609215,4.39669929609215,4.39669929609215,4.39669929609215,4.39669929609215,4.39669929609215,4.39669929609215,4.39669929609215,4.39669929609215,4.39669929609215,4.39669929609215,4.39669929609215,4.39669929609215,4.39669929609215,4.39669929609215,4.39669929609215,4.39669929609215,4.39669929609215,4.39669929609215,4.39669929609215,4.39669929609215,4.39669929609215,4.39669929609215,4.39669929609215,4.39669929609215,4.39669929609215,4.39669929609215,4.39669929609215,4.39669929609215,4.39669929609215,4.39669929609215,4.39669929609215,4.39669929609215,4.39669929609215,4.39669929609215,4.39669929609215,4.39669929609215,4.39669929609215,4.39669929609215,4.39669929609215,4.39669929609215,4.39669929609215,4.39669929609215,4.39669929609215,4.39669929609215,4.39669929609215,4.39669929609215,4.39669929609215,4.39669929609215,4.39669929609215,4.39669929609215,4.39669929609215,4.39669929609215,4.39669929609215,4.39669929609215,4.39669929609215,4.39669929609215,4.39669929609215,4.39669929609215,4.39669929609215,4.39669929609215,4.39669929609215,4.39669929609215,4.39669929609215,4.39669929609215,4.39669929609215,4.39669929609215,4.39669929609215,4.39669929609215,4.39669929609215,4.39669929609215,4.39669929609215,4.39669929609215,4.39669929609215,4.39669929609215,4.39669929609215,4.39669929609215,4.39669929609215,4.39669929609215,4.39669929609215,4.39669929609215,4.39669929609215,4.39669929609215,4.39669929609215,4.39669929609215,4.39669929609215,4.39669929609215,4.39669929609215,4.39669929609215,4.39669929609215,4.39669929609215,4.39669929609215,4.39669929609215,4.39669929609215,4.39669929609215,4.39669929609215,4.39669929609215,4.39669929609215,4.39669929609215,4.39669929609215,4.39669929609215,4.39669929609215,4.39669929609215,4.39669929609215,4.39669929609215,4.39669929609215,4.39669929609215,4.39669929609215,4.39669929609215,4.39669929609215,4.39669929609215,4.39669929609215,4.39669929609215,4.39669929609215,4.39669929609215,4.39669929609215,4.39669929609215,4.39669929609215,4.39669929609215,4.39669929609215,4.39669929609215,4.39669929609215,4.39669929609215,4.39669929609215,4.39669929609215,4.39669929609215,4.39669929609215,4.39669929609215,4.39669929609215,4.39669929609215,4.39669929609215,4.39669929609215,4.39669929609215,4.39669929609215,4.39669929609215,4.39669929609215,4.39669929609215,4.39669929609215,4.39669929609215,4.39669929609215,4.39669929609215,4.39669929609215,4.39669929609215,4.39669929609215,4.39669929609215,4.39669929609215,4.39669929609215,4.39669929609215,4.39669929609215,4.39669929609215,4.39669929609215,4.39669929609215,4.39669929609215,4.39669929609215,4.39669929609215,4.39669929609215,4.39669929609215,4.39669929609215,4.39669929609215,4.39669929609215,4.39669929609215,4.39669929609215,4.39669929609215,4.39669929609215,4.39669929609215,4.39669929609215,4.39669929609215,4.39669929609215,4.39669929609215,4.39669929609215,4.39669929609215,4.39669929609215,4.39669929609215,4.39669929609215,4.39669929609215,4.39669929609215,4.39669929609215,4.39669929609215,4.39669929609215,4.39669929609215,4.39669929609215,4.39669929609215,4.39669929609215,4.39669929609215,4.39669929609215,4.39669929609215,4.39669929609215,4.39669929609215,4.39669929609215,4.39669929609215,4.39669929609215,4.39669929609215,4.39669929609215,4.39669929609215,4.39669929609215,4.39669929609215,4.39669929609215,4.39669929609215,4.39669929609215,4.39669929609215,4.39669929609215,4.39669929609215,4.39669929609215,4.39669929609215,4.39669929609215,4.39669929609215,4.39669929609215,4.39669929609215,4.39669929609215,4.39669929609215,4.39669929609215,4.39669929609215,4.39669929609215,4.39669929609215,4.39669929609215,4.39669929609215,4.39669929609215,4.39669929609215,4.39669929609215,4.39669929609215,4.39669929609215,4.39669929609215,4.39669929609215,4.39669929609215,4.39669929609215,4.39669929609215,4.39669929609215,4.39669929609215,4.39669929609215,4.39669929609215,4.39669929609215,4.39669929609215,4.39669929609215,4.39669929609215,4.39669929609215,4.39669929609215,4.39669929609215,4.39669929609215,4.39669929609215,4.39669929609215,4.39669929609215,4.39669929609215,4.39669929609215,4.39669929609215,4.39669929609215,4.39669929609215,4.39669929609215,4.39669929609215,4.39669929609215,4.39669929609215,4.39669929609215,4.39669929609215,4.39669929609215,4.39669929609215,4.39669929609215,4.154575270574204,4.154575270574204,4.154575270574204,4.154575270574204,4.154575270574204,4.154575270574204,4.154575270574204,4.154575270574204,4.154575270574204,4.154575270574204,4.154575270574204,4.150822304471824,4.150822304471824,4.150822304471824,4.150822304471824,4.150822304471824,4.150822304471824,4.150822304471824,4.150822304471824,4.150822304471824,4.150822304471824,4.150822304471824,4.150822304471824,4.150822304471824,4.150822304471824,4.150822304471824,4.150822304471824,4.150822304471824,4.150822304471824,4.150822304471824,4.150822304471824,4.150822304471824,4.150822304471824,4.150822304471824,4.150822304471824,4.150822304471824,4.150822304471824,4.150822304471824,4.150822304471824,4.150822304471824,4.150822304471824,4.150822304471824,4.150822304471824,4.150822304471824,4.150822304471824,4.150822304471824,4.150822304471824,4.150822304471824,4.150822304471824,4.150822304471824,4.150822304471824,4.150822304471824,4.150822304471824,4.150822304471824,4.150822304471824,4.150822304471824,4.150822304471824,4.150822304471824,4.150822304471824,4.150822304471824,4.150822304471824,4.150822304471824,4.150822304471824,4.150822304471824,4.150822304471824,4.150822304471824,4.150822304471824,4.150822304471824,4.150822304471824,4.150822304471824,4.150822304471824,4.150822304471824,4.150822304471824,4.150822304471824,4.150822304471824,4.150822304471824,4.150822304471824,4.150822304471824,4.150822304471824,4.150822304471824,4.150822304471824,4.150822304471824,4.150822304471824,4.150822304471824,4.150822304471824,4.150822304471824,4.150822304471824,4.150822304471824,4.150822304471824,4.150822304471824,4.150822304471824,4.150822304471824,4.150822304471824,4.150822304471824,4.150822304471824,4.150822304471824,4.150822304471824,4.150822304471824,4.150822304471824,4.150822304471824,4.150822304471824,4.150822304471824,4.150822304471824,4.150822304471824,4.150822304471824,4.150822304471824,4.150822304471824,4.150822304471824,4.150822304471824,4.150822304471824,4.150822304471824,4.150822304471824,4.150822304471824,4.150822304471824,4.150822304471824,4.150822304471824,4.150822304471824,4.150822304471824,4.150822304471824,4.150822304471824,4.150822304471824,4.150822304471824,4.150822304471824,4.150822304471824,4.150822304471824,4.150822304471824,4.150822304471824,4.150822304471824,4.150822304471824,4.150822304471824,4.150822304471824,4.150822304471824,4.150822304471824,4.150822304471824,4.150822304471824,4.150822304471824,4.150822304471824,4.150822304471824,4.150822304471824,4.150822304471824,4.150822304471824,4.150822304471824,4.150822304471824,4.150822304471824,4.150822304471824,4.150822304471824,4.150822304471824,4.150822304471824,4.150822304471824,4.150822304471824,4.150822304471824,4.150822304471824,4.150822304471824,4.150822304471824,4.150822304471824,4.150822304471824,4.150822304471824,4.150822304471824,4.150822304471824,4.150822304471824,4.150822304471824,4.150822304471824,4.150822304471824,4.150822304471824,4.150822304471824,4.150822304471824,4.150822304471824,4.150822304471824,4.150822304471824,4.150822304471824,4.150822304471824,4.150822304471824,4.150822304471824,4.150822304471824,4.150822304471824,4.150822304471824,4.150822304471824,4.150822304471824,4.150822304471824,4.150822304471824,4.150822304471824,4.150822304471824,4.150822304471824,4.150822304471824,4.150822304471824,4.150822304471824,4.150822304471824,4.150822304471824,4.150822304471824,4.150822304471824,4.150822304471824,7.943525211101753,6.552937764729943,6.39950314778663,6.075538189388759,6.075538189388759,6.075538189388759,6.075538189388759,6.075538189388759,6.075538189388759,6.075538189388759,6.075538189388759,6.075538189388759,6.075538189388759,6.075538189388759,6.075538189388759,5.807507412049217,5.807507412049217,5.807507412049217,5.807507412049217,5.807507412049217,5.807507412049217,5.807507412049217,5.807507412049217,5.807507412049217,5.807507412049217,5.807507412049217,5.807507412049217,5.807507412049217,5.807507412049217,5.807507412049217,5.807507412049217,5.807507412049217,5.807507412049217,5.807507412049217,5.807507412049217,5.807507412049217,5.807507412049217,5.807507412049217,5.807507412049217,5.807507412049217,5.807507412049217,5.807507412049217,5.807507412049217,5.807507412049217,5.807507412049217,5.807507412049217,5.807507412049217,5.807507412049217,5.807507412049217,5.807507412049217,5.807507412049217,5.807507412049217,5.807507412049217,5.807507412049217,5.807507412049217,5.807507412049217,5.807507412049217,4.285094652894044,4.285094652894044,4.285094652894044,4.285094652894044,4.285094652894044,4.285094652894044,4.285094652894044,4.284784900149688,4.284784900149688,4.284784900149688,4.284784900149688,4.194885139745007,4.194885139745007,4.194885139745007,4.194885139745007,4.194885139745007,4.194885139745007,4.194885139745007,4.194885139745007,4.18300824876386,4.18300824876386,4.1285025029738875,4.1285025029738875,4.059423388324208,4.059423388324208,4.059423388324208,4.059423388324208,4.059423388324208,3.9960116790504556,3.9960116790504556,3.9960116790504556,3.9960116790504556,3.9960116790504556,3.9960116790504556,3.9960116790504556,3.9960116790504556,3.9960116790504556,3.9960116790504556,3.9960116790504556,3.9960116790504556,3.9960116790504556,3.9960116790504556,3.9960116790504556,3.9960116790504556,3.9960116790504556,3.9960116790504556,3.9960116790504556,3.9960116790504556,3.9960116790504556,3.9960116790504556,3.9960116790504556,3.9960116790504556,3.9960116790504556,3.9960116790504556,3.9960116790504556,3.9960116790504556,3.9960116790504556,3.9960116790504556,3.9960116790504556,3.9960116790504556,3.9960116790504556,3.9960116790504556,3.9960116790504556,3.9960116790504556,3.9960116790504556,3.9960116790504556,3.9960116790504556,3.9960116790504556,3.9960116790504556,3.9960116790504556,3.9960116790504556,3.9960116790504556,3.9960116790504556,3.9960116790504556,3.9960116790504556,3.9960116790504556,3.9960116790504556,3.9960116790504556,3.9960116790504556,3.9960116790504556,3.9960116790504556,3.9960116790504556,3.9960116790504556,3.9960116790504556,3.9960116790504556,3.9960116790504556,3.9960116790504556,3.9960116790504556,3.9960116790504556,3.9960116790504556,3.9960116790504556,3.9960116790504556,3.9960116790504556,3.9960116790504556,3.9960116790504556,3.9960116790504556,3.9960116790504556,3.9960116790504556,3.9960116790504556,3.9960116790504556,3.9960116790504556,3.9960116790504556,3.9960116790504556,3.9960116790504556,3.9960116790504556,3.9960116790504556,3.9960116790504556,3.9960116790504556,3.9960116790504556,3.9960116790504556,3.9960116790504556,3.9960116790504556,3.9960116790504556,3.9960116790504556,3.9960116790504556,3.9960116790504556,3.9960116790504556,3.9960116790504556,3.9960116790504556,3.9960116790504556,3.9960116790504556,3.9960116790504556,3.9960116790504556,3.9960116790504556,3.9960116790504556,3.9960116790504556,3.9960116790504556,3.9960116790504556,3.9960116790504556,3.9960116790504556,3.9960116790504556,3.9960116790504556,3.9960116790504556,3.9960116790504556,3.9960116790504556,3.9960116790504556,3.9960116790504556,3.9960116790504556,3.9960116790504556,3.9960116790504556,3.9960116790504556,3.9960116790504556,3.9960116790504556,3.9960116790504556,3.9960116790504556,3.9960116790504556,3.9960116790504556,3.9960116790504556,3.9960116790504556,3.9960116790504556,3.9960116790504556,3.9960116790504556,3.9960116790504556,3.9960116790504556,3.9960116790504556,3.9960116790504556,3.9960116790504556,3.9960116790504556,3.9960116790504556,3.9960116790504556,3.9960116790504556,3.9960116790504556,3.9960116790504556,3.9960116790504556,3.9960116790504556,3.9960116790504556,3.9960116790504556,3.9960116790504556,3.9960116790504556,3.9960116790504556,3.9960116790504556,3.9960116790504556,3.9960116790504556,3.9960116790504556,3.9960116790504556,3.9960116790504556,3.9960116790504556,3.9960116790504556,3.9960116790504556,3.9960116790504556,3.9960116790504556,3.9960116790504556,3.9960116790504556,3.9960116790504556,3.9960116790504556,3.9960116790504556,3.9960116790504556,3.9960116790504556,3.9960116790504556,3.9960116790504556,3.9960116790504556,3.9960116790504556,3.9960116790504556,3.9960116790504556,3.9960116790504556,3.9960116790504556,3.9960116790504556,3.9960116790504556,3.9960116790504556,3.9960116790504556,3.9960116790504556,3.9960116790504556,3.9960116790504556,3.9960116790504556,3.9960116790504556,3.9960116790504556,3.9960116790504556,3.9960116790504556,3.9960116790504556,3.9960116790504556,3.9960116790504556,3.9960116790504556,3.9960116790504556,3.9960116790504556,3.9960116790504556,3.9960116790504556,3.9960116790504556,3.9960116790504556,3.9960116790504556,3.9960116790504556,3.9960116790504556,3.9960116790504556,3.9960116790504556,3.9960116790504556,3.9960116790504556,3.9960116790504556,3.9960116790504556,3.9960116790504556,3.9960116790504556,3.9960116790504556,3.9960116790504556,3.9960116790504556,3.9960116790504556,3.9960116790504556,3.9960116790504556,3.9960116790504556,3.9960116790504556,3.9960116790504556,3.9960116790504556,3.9960116790504556,3.9960116790504556,3.9960116790504556,3.9960116790504556,3.9960116790504556,3.9960116790504556,3.9960116790504556,3.9960116790504556,3.9960116790504556,3.9960116790504556,3.9960116790504556,3.9960116790504556,3.9960116790504556,3.9960116790504556,3.9960116790504556,3.9960116790504556,3.9960116790504556,3.9960116790504556,3.9960116790504556,3.9960116790504556,3.9960116790504556,3.9960116790504556,3.9960116790504556,3.9960116790504556,3.9960116790504556,3.9960116790504556,3.9960116790504556,3.9960116790504556,3.9960116790504556,3.9960116790504556,3.9960116790504556,3.9960116790504556,3.9960116790504556,3.9960116790504556,3.9960116790504556,3.9960116790504556,3.9960116790504556,3.9960116790504556,3.9960116790504556,3.9960116790504556,3.9960116790504556,3.9960116790504556,3.9960116790504556,3.9960116790504556,3.9960116790504556,3.9960116790504556,3.9960116790504556,3.9960116790504556,3.9960116790504556,3.9960116790504556,3.9960116790504556,3.9960116790504556,3.9960116790504556,3.9960116790504556,3.9960116790504556,3.9960116790504556,3.9960116790504556,3.9960116790504556,3.9960116790504556,3.9960116790504556,3.9960116790504556,3.9960116790504556,3.9960116790504556,3.9960116790504556,3.9960116790504556,3.9960116790504556,3.9960116790504556,3.9960116790504556,3.9960116790504556,3.9960116790504556,3.9960116790504556,3.9960116790504556,3.9960116790504556,3.9960116790504556,3.9960116790504556,3.9960116790504556,3.9960116790504556,3.9960116790504556,3.9960116790504556,3.9960116790504556,3.9960116790504556,3.9960116790504556,3.9960116790504556,3.9960116790504556,3.9960116790504556,3.9960116790504556,3.9960116790504556,3.9960116790504556,3.9960116790504556,3.9960116790504556,3.9960116790504556,3.9960116790504556,3.9960116790504556,3.9960116790504556,3.9960116790504556,3.9960116790504556,3.9960116790504556,3.9960116790504556,3.9960116790504556,3.9960116790504556,3.9960116790504556,3.9960116790504556,3.9960116790504556,3.9960116790504556,3.9960116790504556,3.9960116790504556,3.9960116790504556,3.9960116790504556,3.9960116790504556,3.9960116790504556,3.9960116790504556,3.9960116790504556,3.9960116790504556,3.9960116790504556,3.9960116790504556,3.9960116790504556,3.9960116790504556,3.9960116790504556,3.9960116790504556,3.9960116790504556,3.9960116790504556,3.9960116790504556,3.9960116790504556,3.9960116790504556,3.9960116790504556,3.9960116790504556,3.9960116790504556,3.9960116790504556,3.9960116790504556,3.9960116790504556,3.9960116790504556,3.9960116790504556,3.9960116790504556,3.9960116790504556,3.9960116790504556,3.9960116790504556,3.9960116790504556,3.9960116790504556,3.9960116790504556,3.9960116790504556,3.9960116790504556,3.9960116790504556,3.9960116790504556,3.9960116790504556,3.9960116790504556,3.9960116790504556,3.9960116790504556,3.9960116790504556,3.9960116790504556,3.9960116790504556,3.9960116790504556,3.9960116790504556,3.9960116790504556,3.9960116790504556,3.9960116790504556,3.9960116790504556,3.9960116790504556,3.9960116790504556,3.9960116790504556,3.9960116790504556,3.9960116790504556,3.9960116790504556,3.9960116790504556,3.9960116790504556,3.9960116790504556,3.9960116790504556,3.9960116790504556,3.9960116790504556,3.9960116790504556,3.9960116790504556,3.9960116790504556,3.9960116790504556,3.9960116790504556,3.9960116790504556,3.9960116790504556,3.9960116790504556,3.9960116790504556,3.9960116790504556,3.9960116790504556,3.9960116790504556,3.9960116790504556,3.9960116790504556,3.9960116790504556,3.9960116790504556,3.9960116790504556,3.9960116790504556,3.9960116790504556,3.9960116790504556,3.9960116790504556,3.9960116790504556,3.9960116790504556,3.9960116790504556,3.9960116790504556,3.9960116790504556,3.9960116790504556,3.9960116790504556,3.9960116790504556,3.9960116790504556,3.9960116790504556,3.9960116790504556,3.9960116790504556,3.9960116790504556,3.9960116790504556,3.9960116790504556,3.9960116790504556,3.9960116790504556,3.9960116790504556,3.9960116790504556,3.9960116790504556,3.9960116790504556,3.9960116790504556,3.9960116790504556,3.9960116790504556,3.9960116790504556,3.9960116790504556,3.9960116790504556,3.9960116790504556,3.9960116790504556,3.9960116790504556,3.9960116790504556,3.9960116790504556,3.9960116790504556,3.9960116790504556,3.9960116790504556,3.9960116790504556,3.9960116790504556,3.9960116790504556,3.9960116790504556,3.9960116790504556,3.9960116790504556,3.9960116790504556,3.9960116790504556,3.9960116790504556,3.9960116790504556,3.9960116790504556,3.9960116790504556,3.9960116790504556,3.9960116790504556,3.9960116790504556,3.9960116790504556,3.9960116790504556,3.9960116790504556,3.9960116790504556,3.9960116790504556,3.9960116790504556,3.9960116790504556,3.9960116790504556,3.9960116790504556,3.9960116790504556,3.9960116790504556,3.9960116790504556,3.9960116790504556,3.9960116790504556,3.9960116790504556,3.9960116790504556,3.9960116790504556,3.9960116790504556,3.9960116790504556,3.9960116790504556,3.9960116790504556,3.9960116790504556,3.9960116790504556,3.9960116790504556,3.9960116790504556,3.9960116790504556,3.9960116790504556,3.9960116790504556,3.9960116790504556,3.9960116790504556,3.9960116790504556,3.9960116790504556,3.9960116790504556,3.9960116790504556,3.9960116790504556,3.9960116790504556,3.9960116790504556,3.9960116790504556,3.9960116790504556,3.9960116790504556,3.9960116790504556,3.9960116790504556,3.9960116790504556,3.9960116790504556,3.9960116790504556,3.9960116790504556,3.9960116790504556,3.9960116790504556,3.9960116790504556,3.9960116790504556,3.9960116790504556,3.9960116790504556,3.9960116790504556,3.9960116790504556,3.9960116790504556,3.9960116790504556,3.9960116790504556,3.9960116790504556,3.9960116790504556,3.9960116790504556,3.9960116790504556,3.9960116790504556,3.9960116790504556,3.9960116790504556,3.9960116790504556,3.9960116790504556,3.9960116790504556,3.9960116790504556,3.9960116790504556,3.9960116790504556,3.9960116790504556,3.9960116790504556,3.9960116790504556,3.9960116790504556,3.9960116790504556,3.9960116790504556,3.9960116790504556,3.9960116790504556,3.9960116790504556,3.9960116790504556,3.9960116790504556,3.9960116790504556,3.9960116790504556,3.9960116790504556,3.9960116790504556,3.9960116790504556,3.9960116790504556,3.9960116790504556,3.9960116790504556,3.9960116790504556,3.9960116790504556,3.9960116790504556,3.9960116790504556,3.9960116790504556,3.9960116790504556,3.9960116790504556,3.9960116790504556,3.9960116790504556,3.9960116790504556,3.9960116790504556,3.9960116790504556,3.9960116790504556,3.9960116790504556,3.9960116790504556,3.9960116790504556,3.9960116790504556,3.9960116790504556,3.9960116790504556,3.9960116790504556,3.9960116790504556,3.9960116790504556,3.9960116790504556,3.9960116790504556,3.9960116790504556,3.9960116790504556,3.9960116790504556,3.9960116790504556,3.9960116790504556,3.9960116790504556,3.9960116790504556,3.9960116790504556,3.9960116790504556,3.9960116790504556,3.9960116790504556,3.9960116790504556,3.9960116790504556,3.9960116790504556,3.9960116790504556,3.9960116790504556,3.9960116790504556,3.9960116790504556,3.9960116790504556,3.9960116790504556,3.9960116790504556,3.9960116790504556,3.9960116790504556,3.9960116790504556,3.9960116790504556,3.9960116790504556,3.9960116790504556,3.9960116790504556,3.9960116790504556,3.9960116790504556,3.9960116790504556,3.9960116790504556,3.9960116790504556,3.9960116790504556,3.9960116790504556,3.9960116790504556,3.9960116790504556,3.9960116790504556,3.9960116790504556,3.9960116790504556,3.9960116790504556,3.9960116790504556,3.9960116790504556,3.9960116790504556,3.9960116790504556,3.9960116790504556,3.9960116790504556,3.9960116790504556,3.9960116790504556,3.9960116790504556,3.9960116790504556,3.9960116790504556,3.9960116790504556,3.9960116790504556,3.9960116790504556,3.9960116790504556,3.9960116790504556,3.9960116790504556,3.9960116790504556,3.9960116790504556,3.9960116790504556,3.9960116790504556,3.9960116790504556,3.9960116790504556,3.9960116790504556,3.9960116790504556,3.9960116790504556,3.9960116790504556,3.9960116790504556,3.9960116790504556,3.9960116790504556,3.9960116790504556,3.9960116790504556,3.9960116790504556,3.9960116790504556,3.9960116790504556,3.9960116790504556,3.9960116790504556,3.9960116790504556,3.9960116790504556,3.9960116790504556,3.9960116790504556,3.9960116790504556,3.9960116790504556,3.9960116790504556,3.9960116790504556,3.9960116790504556,3.9960116790504556,3.9960116790504556,3.9960116790504556,3.9960116790504556,3.9960116790504556,3.9960116790504556,3.9960116790504556,3.9960116790504556,3.9960116790504556,3.9960116790504556,3.9960116790504556,3.9960116790504556,3.9960116790504556,3.9960116790504556,3.9960116790504556,3.9960116790504556,3.9960116790504556,3.9960116790504556,3.9960116790504556,3.9960116790504556,3.9960116790504556,3.9960116790504556,3.9960116790504556,3.9960116790504556,3.9960116790504556,3.9960116790504556,3.9960116790504556,3.9960116790504556,3.9960116790504556,3.9960116790504556,3.9960116790504556,3.9960116790504556,3.9960116790504556,3.9960116790504556,3.9960116790504556,3.9960116790504556,3.9960116790504556,3.9960116790504556,3.9960116790504556,3.9960116790504556,3.9960116790504556,3.9960116790504556,3.9960116790504556,3.9960116790504556,3.9960116790504556,3.9960116790504556,3.9960116790504556,3.9960116790504556,3.9960116790504556,3.9960116790504556,3.9960116790504556,3.9960116790504556,3.9960116790504556,3.9960116790504556,3.9960116790504556,3.9960116790504556,3.9960116790504556,3.9960116790504556,3.9960116790504556,3.9960116790504556,3.9960116790504556,3.9960116790504556,3.9960116790504556,3.9960116790504556,3.9960116790504556,3.9960116790504556,3.9960116790504556,3.9960116790504556,3.9960116790504556,3.9960116790504556,3.9960116790504556,3.9960116790504556,3.9960116790504556,3.9960116790504556,3.9960116790504556,3.9960116790504556,3.9960116790504556,3.9960116790504556,3.9960116790504556,3.9960116790504556,3.9960116790504556,3.9960116790504556,3.9960116790504556,3.9960116790504556,3.9960116790504556,3.9960116790504556,3.9960116790504556,3.9960116790504556,3.9960116790504556,3.9960116790504556,3.9960116790504556,3.9960116790504556,3.9960116790504556,3.9960116790504556,3.9960116790504556,3.9960116790504556,3.9960116790504556,3.9960116790504556,3.9960116790504556,3.9960116790504556,3.9960116790504556,3.9960116790504556,3.9960116790504556,3.9960116790504556,3.9960116790504556,3.9960116790504556,3.9960116790504556,3.9960116790504556,3.9960116790504556,3.9960116790504556,3.9960116790504556,3.9960116790504556,3.9960116790504556,3.9960116790504556,3.9960116790504556,3.9960116790504556,3.9960116790504556,3.9960116790504556,3.9960116790504556,3.9960116790504556,3.9960116790504556,3.9960116790504556,3.9960116790504556,3.9960116790504556,3.9960116790504556,3.9960116790504556,3.9960116790504556,3.9960116790504556,3.9960116790504556,3.9960116790504556,3.9960116790504556,3.9960116790504556,3.9960116790504556,3.9960116790504556,3.9960116790504556,3.9960116790504556,3.9960116790504556,3.9960116790504556,3.9960116790504556,3.9960116790504556,3.9960116790504556,3.9960116790504556,3.9960116790504556,3.9960116790504556,3.9960116790504556,3.9960116790504556,3.9960116790504556,3.9960116790504556,3.9960116790504556,3.9960116790504556,3.9960116790504556,3.9960116790504556,3.9960116790504556,3.9960116790504556,3.9960116790504556,3.9960116790504556,3.9960116790504556,3.9960116790504556,3.9960116790504556,3.9960116790504556,3.9960116790504556,3.9960116790504556,3.9960116790504556,3.9960116790504556,3.9960116790504556,3.9960116790504556,3.9960116790504556,3.9960116790504556,3.9960116790504556,3.9960116790504556,3.9960116790504556,3.9960116790504556,3.9960116790504556,3.9960116790504556,3.9960116790504556,3.9960116790504556,3.9960116790504556,3.9960116790504556,3.9960116790504556,3.9960116790504556,3.9960116790504556,3.9960116790504556,3.9960116790504556,3.9960116790504556,3.9960116790504556,3.9960116790504556,3.9960116790504556,3.9960116790504556,3.9960116790504556,3.9960116790504556,3.9960116790504556,3.9960116790504556,3.9960116790504556,3.9960116790504556,3.9960116790504556,3.9960116790504556,3.9960116790504556,3.9960116790504556,3.9960116790504556,3.9960116790504556,3.9960116790504556,3.9960116790504556,3.9960116790504556,3.9960116790504556,3.9960116790504556,3.9960116790504556,3.9960116790504556,3.9960116790504556,3.9960116790504556,3.9960116790504556,3.9960116790504556,3.9960116790504556,3.9960116790504556,3.9960116790504556,3.9960116790504556,3.9960116790504556,3.9960116790504556,3.9960116790504556,3.9960116790504556,3.9960116790504556,3.9960116790504556,3.9960116790504556,3.9960116790504556,3.9960116790504556,3.9960116790504556,3.9960116790504556,3.9960116790504556,3.9960116790504556,3.9960116790504556,3.9960116790504556,3.9960116790504556,3.9960116790504556,3.9960116790504556,3.9960116790504556,3.9960116790504556,3.9960116790504556,3.9960116790504556,3.9960116790504556,3.9960116790504556,3.9960116790504556,3.9960116790504556,3.9960116790504556,3.9960116790504556,3.9960116790504556,3.9960116790504556,3.9960116790504556,3.9960116790504556,3.9960116790504556,3.9960116790504556,3.9960116790504556,3.9960116790504556,3.9960116790504556,3.9960116790504556,3.9960116790504556,3.9960116790504556,3.9960116790504556,3.9960116790504556,3.9960116790504556,3.9960116790504556,3.9960116790504556,3.9960116790504556,3.9960116790504556,3.9960116790504556,3.9960116790504556,3.9960116790504556,7.300937730494496,7.300937730494496,7.300937730494496,7.300937730494496,7.282563943922247,7.282563943922247,7.282563943922247,7.282563943922247,7.282563943922247,7.136239910661589,7.136239910661589,7.136239910661589,6.866418049921213,6.866418049921213,6.866418049921213,6.866418049921213,6.866418049921213,6.866418049921213,6.866418049921213,6.866418049921213,6.866418049921213,6.866418049921213,6.866418049921213,6.866418049921213,6.851274233235667,6.851274233235667,6.320157157874155,6.320157157874155,6.320157157874155,6.320157157874155,6.320157157874155,6.320157157874155,6.320157157874155,6.320157157874155,6.320157157874155,6.320157157874155,6.320157157874155,6.320157157874155,6.320157157874155,6.320157157874155,6.320157157874155,6.320157157874155,6.320157157874155,6.320157157874155,6.320157157874155,6.320157157874155,6.320157157874155,6.320157157874155,6.320157157874155,6.320157157874155,6.320157157874155,6.308391624224572,6.308391624224572,6.308391624224572,6.308391624224572,6.308391624224572,6.308391624224572,6.308391624224572,6.308391624224572,6.308391624224572,6.308391624224572,6.308391624224572,6.308391624224572,6.308391624224572,6.308391624224572,6.308391624224572,6.308391624224572,6.308391624224572,6.308391624224572,6.308391624224572,6.308391624224572,6.308391624224572,6.308391624224572,6.308391624224572,6.308391624224572,6.308391624224572,6.308391624224572,6.308391624224572,6.308391624224572,6.308391624224572,6.308391624224572,6.308391624224572,6.308391624224572,6.308391624224572,6.308391624224572,6.308391624224572,6.308391624224572,6.308391624224572,6.308391624224572,6.308391624224572,6.308391624224572,6.308391624224572,6.308391624224572,6.308391624224572,6.308391624224572,6.308391624224572,6.308391624224572,6.308391624224572,6.308391624224572,6.308391624224572,6.308391624224572,6.308391624224572,5.356599531880192,5.356599531880192,5.037789347696357,4.958473353592597,4.958473353592597,4.958473353592597,4.958473353592597,4.958473353592597,4.958473353592597,4.958473353592597,4.958473353592597,4.958473353592597,4.958473353592597,4.958473353592597,4.958473353592597,4.958473353592597,4.958473353592597,4.958473353592597,4.958473353592597,4.958473353592597,4.958473353592597,4.958473353592597,4.958473353592597,4.958473353592597,4.958473353592597,4.958473353592597,4.958473353592597,4.958473353592597,4.958473353592597,4.958473353592597,4.958473353592597,4.958473353592597,4.958473353592597,4.958473353592597,4.958473353592597,4.958473353592597,4.805917114972569,4.805917114972569,4.805917114972569,4.805917114972569,4.805917114972569,4.805917114972569,4.805917114972569,4.805917114972569,4.805917114972569,4.805917114972569,4.805917114972569,4.805917114972569,4.805917114972569,4.805917114972569,4.805917114972569,4.805917114972569,4.805917114972569,4.805917114972569,4.805917114972569,4.805917114972569,4.805917114972569,4.805917114972569,4.805917114972569,4.805917114972569,4.805917114972569,4.805917114972569,4.805917114972569,4.805917114972569,4.805917114972569,4.805917114972569,4.805917114972569,4.805917114972569,4.805917114972569,4.805917114972569,4.805917114972569,4.805917114972569,4.805917114972569,4.805917114972569,4.805917114972569,4.805917114972569,4.805917114972569,4.805917114972569,4.805917114972569,4.805917114972569,4.805917114972569,4.805917114972569,4.805917114972569,4.805917114972569,4.805917114972569,4.805917114972569,4.805917114972569,4.805917114972569,4.805917114972569,4.805917114972569,4.805917114972569,4.805917114972569,4.805917114972569,4.805917114972569,4.805917114972569,4.805917114972569,4.805917114972569,4.805917114972569,4.805917114972569,4.805917114972569,4.805917114972569,4.805917114972569,4.805917114972569,4.805917114972569,4.805917114972569,4.805917114972569,4.805917114972569,4.805917114972569,4.805917114972569,4.805917114972569,4.805917114972569,4.805917114972569,4.805917114972569,4.805917114972569,4.805917114972569,4.805917114972569,4.805917114972569,4.805917114972569,4.805917114972569,4.805917114972569,4.805917114972569,4.805917114972569,4.805917114972569,4.805917114972569,4.805917114972569,4.805917114972569,4.805917114972569,4.805917114972569,4.805917114972569,4.805917114972569,4.805917114972569,4.805917114972569,4.805917114972569,4.805917114972569,4.805917114972569,4.805917114972569,4.805917114972569,4.805917114972569,4.805917114972569,4.805917114972569,4.805917114972569,4.805917114972569,4.805917114972569,4.805917114972569,4.805917114972569,4.805917114972569,4.805917114972569,4.805917114972569,4.805917114972569,4.805917114972569,4.805917114972569,4.805917114972569,4.805917114972569,4.805917114972569,4.805917114972569,4.805917114972569,4.805917114972569,4.805917114972569,4.805917114972569,4.805917114972569,4.805917114972569,4.805917114972569,4.805917114972569,4.805917114972569,4.805917114972569,4.805917114972569,4.805917114972569,4.805917114972569,4.805917114972569,4.805917114972569,4.805917114972569,4.805917114972569,4.805917114972569,4.805917114972569,4.805917114972569,4.805917114972569,4.805917114972569,4.805917114972569,4.805917114972569,4.805917114972569,4.805917114972569,4.805917114972569,4.805917114972569,4.805917114972569,4.805917114972569,4.805917114972569,4.805917114972569,4.805917114972569,4.805917114972569,4.805917114972569,4.805917114972569,4.805917114972569,4.805917114972569,4.805917114972569,4.805917114972569,4.805917114972569,4.805917114972569,4.805917114972569,4.805917114972569,4.805917114972569,4.805917114972569,4.805917114972569,4.805917114972569,4.805917114972569,4.805917114972569,4.805917114972569,4.805917114972569,4.805917114972569,4.805917114972569,4.805917114972569,4.805917114972569,4.805917114972569,4.805917114972569,4.805917114972569,4.805917114972569,4.805917114972569,4.805917114972569,4.805917114972569,4.805917114972569,4.805917114972569,4.805917114972569,4.805917114972569,4.805917114972569,4.805917114972569,4.805917114972569,4.805917114972569,4.805917114972569,4.805917114972569,4.805917114972569,4.805917114972569,4.805917114972569,4.805917114972569,4.805917114972569,4.805917114972569,4.805917114972569,4.805917114972569,4.805917114972569,4.805917114972569,4.805917114972569,4.805917114972569,4.805917114972569,4.805917114972569,4.805917114972569,4.805917114972569,4.805917114972569,4.805917114972569,4.805917114972569,4.805917114972569,4.805917114972569,4.805917114972569,4.805917114972569,4.805917114972569,4.805917114972569,4.805917114972569,4.805917114972569,4.805917114972569,4.805917114972569,4.805917114972569,4.805917114972569,4.805917114972569,4.805917114972569,4.805917114972569,4.805917114972569,4.805917114972569,4.805917114972569,4.805917114972569,4.805917114972569,4.805917114972569,4.805917114972569,4.805917114972569,4.805917114972569,4.805917114972569,4.805917114972569,4.805917114972569,4.805917114972569,4.805917114972569,4.805917114972569,4.805917114972569,4.805917114972569,4.805917114972569,4.805917114972569,4.805917114972569,4.805917114972569,4.805917114972569,4.805917114972569,4.805917114972569,4.805917114972569,4.805917114972569,4.805917114972569,4.805917114972569,4.805917114972569,4.805917114972569,4.805917114972569,4.805917114972569,4.805917114972569,4.805917114972569,4.805917114972569,4.805917114972569,4.805917114972569,4.805917114972569,4.805917114972569,4.805917114972569,4.805917114972569,4.805917114972569,4.805917114972569,4.805917114972569,4.805917114972569,4.805917114972569,4.805917114972569,4.805917114972569,4.805917114972569,4.805917114972569,4.805917114972569,4.805917114972569,4.805917114972569,4.805917114972569,4.805917114972569,4.489193938857426,4.398119020438237,4.398119020438237,4.398119020438237,4.398119020438237,4.398119020438237,4.398119020438237,4.398119020438237,4.398119020438237,4.398119020438237,4.398119020438237,4.398119020438237,4.398119020438237,4.398119020438237,4.398119020438237,4.398119020438237,4.398119020438237,4.398119020438237,4.398119020438237,4.398119020438237,4.398119020438237,4.398119020438237,4.398119020438237,4.398119020438237,4.398119020438237,4.398119020438237,4.398119020438237,4.398119020438237,4.398119020438237,4.398119020438237,4.398119020438237,4.398119020438237,4.398119020438237,4.398119020438237,4.398119020438237,4.398119020438237,4.398119020438237,4.398119020438237,4.398119020438237,4.398119020438237,4.398119020438237,4.398119020438237,4.398119020438237,4.398119020438237,4.398119020438237,4.398119020438237,4.398119020438237,4.398119020438237,4.398119020438237,4.398119020438237,4.398119020438237,4.398119020438237,4.398119020438237,4.398119020438237,4.398119020438237,4.398119020438237,4.398119020438237,4.398119020438237,4.398119020438237,4.398119020438237,4.398119020438237,4.398119020438237,4.398119020438237,4.398119020438237,4.398119020438237,4.398119020438237,4.398119020438237,4.398119020438237,4.398119020438237,4.398119020438237,4.398119020438237,4.398119020438237,4.398119020438237,4.398119020438237,4.398119020438237,4.398119020438237,4.398119020438237,4.398119020438237,4.398119020438237,4.398119020438237,4.398119020438237,4.398119020438237,4.398119020438237,4.398119020438237,4.398119020438237,4.398119020438237,4.398119020438237,4.398119020438237,4.398119020438237,4.398119020438237,4.398119020438237,4.398119020438237,4.398119020438237,4.398119020438237,4.398119020438237,4.398119020438237,4.398119020438237,4.398119020438237,4.398119020438237,4.398119020438237,4.398119020438237,4.398119020438237,4.398119020438237,4.398119020438237,4.398119020438237,4.398119020438237,4.398119020438237,4.398119020438237,4.398119020438237,4.398119020438237,4.398119020438237,4.398119020438237,4.398119020438237,4.398119020438237,4.398119020438237,4.398119020438237,4.398119020438237,4.398119020438237,4.398119020438237,4.398119020438237,4.398119020438237,4.398119020438237,4.398119020438237,4.398119020438237,4.398119020438237,4.398119020438237,4.398119020438237,4.398119020438237,4.398119020438237,4.398119020438237,4.398119020438237,4.398119020438237,4.398119020438237,4.398119020438237,4.398119020438237,4.398119020438237,4.398119020438237,4.398119020438237,4.398119020438237,4.398119020438237,4.398119020438237,4.398119020438237,4.398119020438237,4.398119020438237,4.398119020438237,4.398119020438237,4.398119020438237,4.398119020438237,4.398119020438237,4.398119020438237,4.398119020438237,4.398119020438237,4.398119020438237,4.398119020438237,4.398119020438237,4.398119020438237,4.398119020438237,4.398119020438237,4.398119020438237,4.398119020438237,4.398119020438237,4.398119020438237,4.398119020438237,4.398119020438237,4.398119020438237,4.398119020438237,4.398119020438237,4.398119020438237,4.398119020438237,4.398119020438237,4.398119020438237,4.398119020438237,4.398119020438237,4.398119020438237,4.398119020438237,4.398119020438237,4.398119020438237,4.398119020438237,4.398119020438237,4.398119020438237,4.398119020438237,4.398119020438237,4.398119020438237,4.398119020438237,4.398119020438237,4.398119020438237,4.398119020438237,4.398119020438237,4.398119020438237,4.398119020438237,4.398119020438237,4.398119020438237,4.398119020438237,4.398119020438237,4.398119020438237,4.398119020438237,4.398119020438237,4.398119020438237,4.398119020438237,4.398119020438237,4.398119020438237,4.398119020438237,4.398119020438237,4.398119020438237,4.398119020438237,4.398119020438237,4.398119020438237,4.398119020438237,4.398119020438237,4.398119020438237,4.398119020438237,4.398119020438237,4.398119020438237,4.398119020438237,4.398119020438237,4.398119020438237,4.398119020438237,4.398119020438237,4.398119020438237,4.398119020438237,4.398119020438237,4.398119020438237,4.398119020438237,4.398119020438237,4.398119020438237,4.398119020438237,4.398119020438237,4.398119020438237,4.398119020438237,4.398119020438237,4.398119020438237,4.398119020438237,4.398119020438237,4.398119020438237,4.398119020438237,4.398119020438237,4.398119020438237,4.398119020438237,4.398119020438237,4.398119020438237,4.398119020438237,4.398119020438237,4.398119020438237,4.398119020438237,4.398119020438237,4.398119020438237,4.398119020438237,4.398119020438237,4.398119020438237,4.398119020438237,4.398119020438237,4.398119020438237,4.398119020438237,4.398119020438237,4.398119020438237,4.398119020438237,4.398119020438237,4.398119020438237,4.398119020438237,4.398119020438237,4.398119020438237,4.398119020438237,4.398119020438237,4.398119020438237,4.398119020438237,4.398119020438237,4.398119020438237,4.398119020438237,4.398119020438237,4.398119020438237,4.398119020438237,4.398119020438237,4.398119020438237,4.398119020438237,4.398119020438237,4.398119020438237,4.398119020438237,4.398119020438237,4.398119020438237,4.398119020438237,4.398119020438237,4.398119020438237,4.398119020438237,4.398119020438237,4.398119020438237,4.398119020438237,4.398119020438237,4.398119020438237,4.398119020438237,4.398119020438237,4.398119020438237,4.398119020438237,4.398119020438237,4.398119020438237,4.398119020438237,4.398119020438237,4.398119020438237,4.398119020438237,4.398119020438237,4.398119020438237,4.398119020438237,4.398119020438237,4.398119020438237,4.398119020438237,4.398119020438237,4.398119020438237,4.398119020438237,4.398119020438237,4.398119020438237,4.398119020438237,4.398119020438237,4.398119020438237,4.398119020438237,4.398119020438237,4.398119020438237,4.398119020438237,4.398119020438237,4.398119020438237,4.398119020438237,4.398119020438237,4.398119020438237,4.398119020438237,4.398119020438237,4.398119020438237,4.398119020438237,4.398119020438237,4.398119020438237,4.398119020438237,4.398119020438237,4.398119020438237,4.398119020438237,4.398119020438237,4.398119020438237,4.398119020438237,4.398119020438237,4.398119020438237,4.398119020438237,4.398119020438237,4.398119020438237,4.398119020438237,4.398119020438237,4.398119020438237,4.398119020438237,4.398119020438237,4.398119020438237,4.398119020438237,4.398119020438237,4.398119020438237,4.398119020438237,4.398119020438237,4.398119020438237,4.398119020438237,4.398119020438237,4.398119020438237,4.398119020438237,4.398119020438237,4.398119020438237,4.398119020438237,4.398119020438237,4.398119020438237,4.398119020438237,4.398119020438237,4.398119020438237,4.398119020438237,4.398119020438237,4.398119020438237,4.398119020438237,4.398119020438237,4.398119020438237,4.398119020438237,4.398119020438237,4.398119020438237,4.398119020438237,4.398119020438237,4.398119020438237,4.398119020438237,4.398119020438237,4.398119020438237,4.398119020438237,4.398119020438237,4.398119020438237,4.398119020438237,4.398119020438237,4.398119020438237,4.398119020438237,4.398119020438237,4.398119020438237,4.398119020438237,4.398119020438237,4.398119020438237,4.398119020438237,4.398119020438237,4.398119020438237,4.398119020438237,4.398119020438237,4.398119020438237,4.398119020438237,4.398119020438237,4.398119020438237,4.398119020438237,4.398119020438237,4.398119020438237,4.398119020438237,4.398119020438237,4.398119020438237,4.398119020438237,4.398119020438237,4.398119020438237,4.398119020438237,4.398119020438237,4.398119020438237,4.398119020438237,4.398119020438237,4.398119020438237,4.398119020438237,4.398119020438237,4.398119020438237,4.398119020438237,4.398119020438237,4.398119020438237,4.398119020438237,4.398119020438237,4.398119020438237,4.398119020438237,4.398119020438237,4.398119020438237,4.398119020438237,4.398119020438237,4.398119020438237,4.398119020438237,4.398119020438237,4.398119020438237,4.398119020438237,4.398119020438237,4.398119020438237,4.398119020438237,4.398119020438237,4.398119020438237,4.398119020438237,4.398119020438237,4.398119020438237,4.398119020438237,4.398119020438237,4.398119020438237,4.398119020438237,4.398119020438237,4.398119020438237,4.398119020438237,4.398119020438237,4.398119020438237,4.398119020438237,4.398119020438237,4.398119020438237,4.398119020438237,4.398119020438237,4.398119020438237,4.398119020438237,4.398119020438237,4.398119020438237,4.398119020438237,4.398119020438237,4.398119020438237,4.398119020438237,4.398119020438237,4.398119020438237,4.398119020438237,4.398119020438237,4.398119020438237,4.398119020438237,4.398119020438237,4.398119020438237,4.398119020438237,4.398119020438237,4.398119020438237,4.398119020438237,4.398119020438237,4.398119020438237,4.398119020438237,4.398119020438237,4.398119020438237,4.398119020438237,4.398119020438237,4.398119020438237,4.398119020438237,4.398119020438237,4.398119020438237,4.398119020438237,4.398119020438237,4.398119020438237,4.398119020438237,4.398119020438237,4.398119020438237,4.398119020438237,4.398119020438237,4.398119020438237,4.398119020438237,4.398119020438237,4.398119020438237,4.398119020438237,4.398119020438237,4.398119020438237,4.398119020438237,4.398119020438237,4.398119020438237,4.398119020438237,4.398119020438237,4.398119020438237,4.398119020438237,4.398119020438237,4.398119020438237,4.398119020438237,4.398119020438237,4.398119020438237,4.398119020438237,4.398119020438237,4.398119020438237,4.398119020438237,4.398119020438237,4.398119020438237,4.398119020438237,4.398119020438237,4.398119020438237,4.398119020438237,4.398119020438237,4.398119020438237,4.398119020438237,4.398119020438237,4.398119020438237,4.398119020438237,4.398119020438237,4.398119020438237,4.398119020438237,4.398119020438237,4.398119020438237,4.398119020438237,4.398119020438237,4.398119020438237,4.398119020438237,4.398119020438237,4.398119020438237,4.398119020438237,4.398119020438237,4.398119020438237,4.398119020438237,4.398119020438237,4.398119020438237,4.398119020438237,4.398119020438237,4.398119020438237,4.398119020438237,4.398119020438237,4.398119020438237,4.398119020438237,4.398119020438237,4.398119020438237,4.398119020438237,4.398119020438237,4.398119020438237,4.398119020438237,4.398119020438237,4.398119020438237,4.398119020438237,4.398119020438237,4.398119020438237,4.398119020438237,4.398119020438237,4.398119020438237,4.398119020438237,4.398119020438237,4.398119020438237,4.398119020438237,4.398119020438237,4.398119020438237,4.398119020438237,4.398119020438237,4.398119020438237,4.398119020438237,4.398119020438237,4.398119020438237,4.398119020438237,4.398119020438237,7.765713657414198,7.061465926760238,7.061465926760238,6.940120362336094,6.907838060654625,6.907838060654625,6.907838060654625,6.907838060654625,6.907838060654625,6.907838060654625,6.907838060654625,6.907838060654625,6.907838060654625,6.907838060654625,6.907838060654625,6.907838060654625,6.907838060654625,6.907838060654625,6.907838060654625,6.907838060654625,6.907838060654625,6.907838060654625,6.907838060654625,6.907838060654625,6.907838060654625,6.907838060654625,6.907838060654625,6.907838060654625,6.907838060654625,6.907838060654625,6.907838060654625,6.907838060654625,6.907838060654625,6.907838060654625,6.907838060654625,6.907838060654625,6.907838060654625,6.907838060654625,6.907838060654625,6.907838060654625,6.907838060654625,6.907838060654625,6.907838060654625,6.907838060654625,6.907838060654625,6.907838060654625,6.907838060654625,6.907838060654625,6.907838060654625,6.907838060654625,6.907838060654625,6.907838060654625,6.907838060654625,6.907838060654625,6.907838060654625,6.907838060654625,6.907838060654625,6.533350872696805,6.533350872696805,6.514722239826592,6.409847196615195,6.409847196615195,6.409847196615195,6.409847196615195,6.409847196615195,6.409847196615195,6.409847196615195,6.409847196615195,6.409847196615195,6.409847196615195,6.409847196615195,6.409847196615195,6.409847196615195,6.409847196615195,6.409847196615195,6.409847196615195,6.203577903607675,6.203577903607675,6.203577903607675,6.203577903607675,6.203577903607675,6.203577903607675,6.203577903607675,6.10759321296711,6.10759321296711,6.10759321296711,6.10759321296711,6.10759321296711,6.10759321296711,6.10759321296711,6.10759321296711,6.10759321296711,6.10759321296711,6.10759321296711,6.10759321296711,6.10759321296711,6.10759321296711,6.10759321296711,6.10759321296711,6.10759321296711,6.10759321296711,6.10759321296711,6.10759321296711,6.10759321296711,6.10759321296711,6.10759321296711,6.10759321296711,6.067122473112269,6.067122473112269,6.067122473112269,6.067122473112269,6.067122473112269,6.067122473112269,6.067122473112269,6.067122473112269,6.067122473112269,6.067122473112269,6.067122473112269,6.067122473112269,6.067122473112269,6.067122473112269,6.067122473112269,6.067122473112269,6.067122473112269,6.067122473112269,6.067122473112269,6.067122473112269,6.067122473112269,6.067122473112269,6.067122473112269,6.067122473112269,6.067122473112269,6.067122473112269,6.067122473112269,6.067122473112269,6.067122473112269,6.067122473112269,6.067122473112269,6.067122473112269,6.067122473112269,6.067122473112269,6.067122473112269,6.067122473112269,6.067122473112269,6.067122473112269,6.067122473112269,6.067122473112269,6.067122473112269,6.067122473112269,6.067122473112269,4.478577373980823,4.394953532949201,4.394953532949201,4.394953532949201,4.394953532949201,4.394953532949201,4.394953532949201,4.394953532949201,4.394953532949201,4.394953532949201,4.394953532949201,4.394953532949201,4.394953532949201,4.394953532949201,4.394953532949201,4.394953532949201,4.394953532949201,4.394953532949201,4.394953532949201,4.394953532949201,4.394953532949201,4.394953532949201,4.394953532949201,4.394953532949201,4.394953532949201,4.394953532949201,4.394953532949201,4.394953532949201,4.394953532949201,4.394953532949201,4.394953532949201,4.394953532949201,4.394953532949201,4.394953532949201,4.394953532949201,4.394953532949201,4.394953532949201,4.394953532949201,4.394953532949201,4.394953532949201,4.394953532949201,4.394953532949201,4.394953532949201,4.394953532949201,4.394953532949201,4.394953532949201,4.394953532949201,4.394953532949201,4.394953532949201,4.394953532949201,4.394953532949201,4.394953532949201,4.394953532949201,4.394953532949201,4.394953532949201,4.394953532949201,4.394953532949201,4.394953532949201,4.394953532949201,4.394953532949201,4.394953532949201,4.394953532949201,4.394953532949201,4.394953532949201,4.394953532949201,4.394953532949201,4.394953532949201,4.394953532949201,4.394953532949201,4.394953532949201,4.394953532949201,4.394953532949201,4.394953532949201,4.394953532949201,4.394953532949201,4.394953532949201,4.394953532949201,4.394953532949201,4.394953532949201,4.394953532949201,4.394953532949201,4.394953532949201,4.394953532949201,4.394953532949201,4.394953532949201,4.394953532949201,4.394953532949201,4.394953532949201,4.394953532949201,4.394953532949201,4.394953532949201,4.394953532949201,4.394953532949201,4.394953532949201,4.394953532949201,4.394953532949201,4.394953532949201,4.394953532949201,4.394953532949201,4.394953532949201,4.394953532949201,4.394953532949201,4.394953532949201,4.394953532949201,4.394953532949201,4.394953532949201,4.394953532949201,4.394953532949201,4.394953532949201,4.394953532949201,4.394953532949201,4.394953532949201,4.394953532949201,4.394953532949201,4.394953532949201,4.394953532949201,4.394953532949201,4.394953532949201,4.394953532949201,4.394953532949201,4.394953532949201,4.394953532949201,4.394953532949201,4.394953532949201,4.394953532949201,4.394953532949201,4.394953532949201,4.394953532949201,4.394953532949201,4.394953532949201,4.394953532949201,4.394953532949201,4.394953532949201,4.394953532949201,4.394953532949201,4.394953532949201,4.394953532949201,4.394953532949201,4.394953532949201,4.394953532949201,4.394953532949201,4.394953532949201,4.394953532949201,4.394953532949201,4.394953532949201,4.394953532949201,4.394953532949201,4.394953532949201,4.394953532949201,4.394953532949201,4.394953532949201,4.394953532949201,4.394953532949201,4.394953532949201,4.394953532949201,4.394953532949201,4.394953532949201,4.394953532949201,4.394953532949201,4.394953532949201,4.394953532949201,4.394953532949201,4.394953532949201,4.394953532949201,4.394953532949201,4.394953532949201,4.394953532949201,4.394953532949201,4.394953532949201,4.394953532949201,4.394953532949201,4.394953532949201,4.394953532949201,4.394953532949201,4.394953532949201,4.394953532949201,4.394953532949201,4.394953532949201,4.394953532949201,4.394953532949201,4.394953532949201,4.394953532949201,4.394953532949201,4.394953532949201,4.394953532949201,4.394953532949201,4.394953532949201,4.394953532949201,4.394953532949201,4.394953532949201,4.394953532949201,4.394953532949201,4.394953532949201,4.394953532949201,4.394953532949201,4.394953532949201,4.394953532949201,4.394953532949201,4.394953532949201,4.394953532949201,4.394953532949201,4.394953532949201,4.394953532949201,4.394953532949201,4.394953532949201,4.394953532949201,4.394953532949201,4.394953532949201,4.394953532949201,4.394953532949201,4.394953532949201,4.394953532949201,4.394953532949201,4.394953532949201,4.394953532949201,4.394953532949201,4.394953532949201,4.394953532949201,4.394953532949201,4.394953532949201,4.394953532949201,4.394953532949201,4.394953532949201,4.394953532949201,4.394953532949201,4.394953532949201,4.394953532949201,4.394953532949201,4.394953532949201,4.394953532949201,4.394953532949201,4.394953532949201,4.394953532949201,4.394953532949201,4.394953532949201,4.394953532949201,4.394953532949201,4.394953532949201,4.394953532949201,4.394953532949201,4.394953532949201,4.394953532949201,4.394953532949201,4.394953532949201,4.394953532949201,4.394953532949201,4.394953532949201,4.394953532949201,4.394953532949201,4.394953532949201,4.394953532949201,4.394953532949201,4.394953532949201,4.394953532949201,4.394953532949201,4.394953532949201,4.394953532949201,4.394953532949201,4.394953532949201,4.394953532949201,4.394953532949201,4.394953532949201,4.394953532949201,4.394953532949201,4.394953532949201,4.394953532949201,4.394953532949201,4.394953532949201,4.394953532949201,4.394953532949201,4.394953532949201,4.394953532949201,4.394953532949201,4.394953532949201,4.394953532949201,4.394953532949201,4.394953532949201,4.394953532949201,4.394953532949201,4.394953532949201,4.394953532949201,4.394953532949201,4.394953532949201,4.394953532949201,4.394953532949201,4.394953532949201,4.394953532949201,4.394953532949201,4.394953532949201,4.394953532949201,4.394953532949201,4.394953532949201,4.394953532949201,4.394953532949201,4.394953532949201,4.244927728911312,4.244927728911312,4.244927728911312,4.244927728911312,4.244927728911312,4.244927728911312,4.244927728911312,4.244927728911312,4.244927728911312,4.244927728911312,4.244927728911312,4.244927728911312,4.244927728911312,4.244927728911312,4.244927728911312,4.244927728911312,4.244927728911312,4.244927728911312,4.244927728911312,4.244927728911312,4.244927728911312,4.244927728911312,4.244927728911312,4.244927728911312,4.244927728911312,4.244927728911312,4.244927728911312,4.244927728911312,4.244927728911312,4.244927728911312,4.244927728911312,4.244927728911312,4.244927728911312,4.244927728911312,4.244927728911312,4.244927728911312,4.244927728911312,4.244927728911312,4.244927728911312,4.244927728911312,4.244927728911312,4.244927728911312,4.244927728911312,4.244927728911312,4.244927728911312,4.244927728911312,4.244927728911312,4.244927728911312,4.244927728911312,4.244927728911312,4.244927728911312,4.244927728911312,4.244927728911312,4.244927728911312,4.244927728911312,4.244927728911312,4.244927728911312,4.244927728911312,4.244927728911312,4.244927728911312,4.244927728911312,4.244927728911312,4.244927728911312,4.244927728911312,4.244927728911312,4.244927728911312,4.244927728911312,4.244927728911312,4.244927728911312,4.244927728911312,4.244927728911312,4.244927728911312,4.244927728911312,4.244927728911312,4.244927728911312,4.244927728911312,4.244927728911312,4.244927728911312,4.244927728911312,4.244927728911312,4.244927728911312,4.244927728911312,4.244927728911312,4.244927728911312,4.244927728911312,4.244927728911312,4.244927728911312,4.244927728911312,4.244927728911312,4.244927728911312,4.244927728911312,4.244927728911312,4.244927728911312,4.244927728911312,4.244927728911312,4.244927728911312,4.244927728911312,4.244927728911312,4.244927728911312,4.244927728911312,4.244927728911312,4.244927728911312,4.244927728911312,4.244927728911312,4.244927728911312,4.244927728911312,4.244927728911312,4.244927728911312,4.244927728911312,4.244927728911312,4.244927728911312,4.244927728911312,4.244927728911312,4.244927728911312,4.244927728911312,4.244927728911312,4.244927728911312,4.244927728911312,4.244927728911312,4.244927728911312,4.244927728911312,4.244927728911312,4.244927728911312,4.244927728911312,4.244927728911312,4.244927728911312,4.244927728911312,4.244927728911312,4.244927728911312,4.244927728911312,4.244927728911312,4.244927728911312,4.244927728911312,4.244927728911312,4.244927728911312,4.244927728911312,4.244927728911312,4.244927728911312,4.244927728911312,4.244927728911312,4.244927728911312,4.244927728911312,4.244927728911312,4.244927728911312,4.244927728911312,4.244927728911312,4.244927728911312,4.244927728911312,4.244927728911312,4.244927728911312,4.244927728911312,4.244927728911312,4.244927728911312,4.244927728911312,4.244927728911312,4.244927728911312,4.244927728911312,4.244927728911312,4.244927728911312,4.244927728911312,4.244927728911312,4.244927728911312,4.244927728911312,4.244927728911312,4.244927728911312,4.244927728911312,4.244927728911312,4.244927728911312,4.244927728911312,4.244927728911312,4.244927728911312,4.244927728911312,4.244927728911312,4.244927728911312,4.244927728911312,4.244927728911312,4.244927728911312,4.244927728911312,4.244927728911312,4.244927728911312,4.244927728911312,4.244927728911312,4.244927728911312,4.244927728911312,4.244927728911312,4.244927728911312,4.244927728911312,4.244927728911312,4.244927728911312,4.244927728911312,4.244927728911312,4.244927728911312,4.244927728911312,4.244927728911312,4.244927728911312,4.244927728911312,4.244927728911312,4.244927728911312,4.244927728911312,4.244927728911312,4.244927728911312,4.244927728911312,4.244927728911312,4.244927728911312,4.244927728911312,4.244927728911312,4.244927728911312,4.244927728911312,4.244927728911312,4.244927728911312,4.244927728911312,4.244927728911312,4.244927728911312,4.244927728911312,4.244927728911312,4.244927728911312,4.244927728911312,4.244927728911312,4.244927728911312,4.244927728911312,4.244927728911312,4.244927728911312,4.244927728911312,4.244927728911312,4.244927728911312,4.244927728911312,4.244927728911312,4.244927728911312,4.244927728911312,4.244927728911312,4.244927728911312,4.244927728911312,4.244927728911312,4.244927728911312,4.244927728911312,4.244927728911312,4.244927728911312,4.244927728911312,4.244927728911312,4.244927728911312,4.244927728911312,4.244927728911312,4.244927728911312,4.244927728911312,4.244927728911312,4.244927728911312,4.244927728911312,4.244927728911312,4.244927728911312,4.244927728911312,4.244927728911312,4.244927728911312,4.244927728911312,4.244927728911312,4.244927728911312,4.244927728911312,4.244927728911312,4.244927728911312,4.244927728911312,4.244927728911312,4.244927728911312,4.244927728911312,4.244927728911312,4.244927728911312,4.244927728911312,4.244927728911312,4.244927728911312,4.244927728911312,4.244927728911312,4.244927728911312,4.244927728911312,4.244927728911312,4.244927728911312,4.244927728911312,4.244927728911312,4.244927728911312,4.244927728911312,4.244927728911312,4.244927728911312,4.244927728911312,4.244927728911312,4.244927728911312,4.244927728911312,4.244927728911312,4.244927728911312,4.244927728911312,4.244927728911312,4.244927728911312,4.244927728911312,4.244927728911312,4.244927728911312,4.244927728911312,4.244927728911312,4.244927728911312,4.244927728911312,4.244927728911312,4.244927728911312,4.244927728911312,4.244927728911312,4.244927728911312,4.244927728911312,4.244927728911312,4.244927728911312,4.244927728911312,4.244927728911312,4.244927728911312,4.244927728911312,4.244927728911312,4.244927728911312,4.244927728911312,4.244927728911312,4.244927728911312,4.244927728911312,4.244927728911312,4.244927728911312,4.244927728911312,4.244927728911312,4.244927728911312,4.244927728911312,4.244927728911312,4.244927728911312,4.244927728911312,4.244927728911312,4.244927728911312,4.244927728911312,4.244927728911312,4.244927728911312,4.244927728911312,4.244927728911312,4.244927728911312,4.244927728911312,4.244927728911312,4.244927728911312,4.244927728911312,4.244927728911312,4.244927728911312,4.244927728911312,4.244927728911312,4.244927728911312,4.244927728911312,4.244927728911312,4.244927728911312,4.244927728911312,4.244927728911312,4.244927728911312,4.244927728911312,4.244927728911312,4.244927728911312,4.244927728911312,4.244927728911312,4.244927728911312,4.244927728911312,4.244927728911312,4.244927728911312,4.244927728911312,4.244927728911312,4.244927728911312,4.244927728911312,4.244927728911312,4.244927728911312,4.244927728911312,4.244927728911312,4.244927728911312,4.244927728911312,4.244927728911312,4.244927728911312,4.244927728911312,4.244927728911312,4.244927728911312,4.244927728911312,4.244927728911312,4.244927728911312,4.244927728911312,4.244927728911312,4.244927728911312,4.244927728911312,4.244927728911312,4.244927728911312,4.244927728911312,4.244927728911312,4.244927728911312,4.244927728911312,4.244927728911312,4.244927728911312,4.244927728911312,4.244927728911312,4.244927728911312,4.244927728911312,4.244927728911312,4.244927728911312,4.244927728911312,4.244927728911312,4.244927728911312,4.244927728911312,4.244927728911312,4.244927728911312,4.244927728911312,4.244927728911312,4.244927728911312,4.244927728911312,4.244927728911312,4.244927728911312,4.244927728911312,4.244927728911312,4.244927728911312,4.244927728911312,4.244927728911312,4.244927728911312,4.244927728911312,4.244927728911312,4.244927728911312,4.244927728911312,4.244927728911312,4.244927728911312,4.244927728911312,4.244927728911312,4.244927728911312,4.244927728911312,4.244927728911312,4.244927728911312,4.244927728911312,4.244927728911312,4.244927728911312,4.244927728911312,4.244927728911312,4.244927728911312,4.244927728911312,4.244927728911312,4.244927728911312,4.244927728911312,4.244927728911312,4.244927728911312,4.244927728911312,4.244927728911312,4.244927728911312,4.244927728911312,4.244927728911312,4.244927728911312,4.244927728911312,4.244927728911312,4.244927728911312,4.244927728911312,4.244927728911312,4.244927728911312,4.244927728911312,4.244927728911312,4.244927728911312,4.244927728911312,4.244927728911312,4.244927728911312,4.244927728911312,4.244927728911312,4.244927728911312,4.244927728911312,4.244927728911312,4.244927728911312,4.244927728911312,4.244927728911312,4.244927728911312,4.244927728911312,4.244927728911312,4.244927728911312,4.244927728911312,4.244927728911312,4.244927728911312,4.244927728911312,4.244927728911312,4.244927728911312,4.244927728911312,4.244927728911312,4.244927728911312,4.244927728911312,4.244927728911312,4.244927728911312,4.244927728911312,4.244927728911312,4.244927728911312,4.244927728911312,4.244927728911312,4.244927728911312,4.244927728911312,4.244927728911312,4.244927728911312,4.244927728911312,4.244927728911312,4.244927728911312,4.244927728911312,4.244927728911312,4.244927728911312,4.244927728911312,4.244927728911312,4.244927728911312,4.244927728911312,4.244927728911312,4.244927728911312,4.244927728911312,4.244927728911312,4.244927728911312,4.244927728911312,4.244927728911312,4.244927728911312,4.244927728911312,4.244927728911312,4.244927728911312,4.244927728911312,4.244927728911312,4.244927728911312,4.244927728911312,4.244927728911312,4.244927728911312,4.244927728911312,4.244927728911312,4.244927728911312,4.244927728911312,4.244927728911312,4.244927728911312,4.244927728911312,4.244927728911312,4.244927728911312,4.244927728911312,4.244927728911312,4.244927728911312,4.244927728911312,4.244927728911312,4.244927728911312,4.244927728911312,4.244927728911312,4.244927728911312,4.244927728911312,4.244927728911312,4.244927728911312,4.244927728911312,4.244927728911312,4.244927728911312,4.244927728911312,4.244927728911312,4.244927728911312,4.244927728911312,4.244927728911312,4.244927728911312,4.244927728911312,4.244927728911312,4.244927728911312,4.244927728911312,4.244927728911312,4.244927728911312,4.244927728911312,4.244927728911312,4.244927728911312,4.244927728911312,4.244927728911312,4.244927728911312,4.244927728911312,4.244927728911312,4.244927728911312,6.270672490757704,6.270672490757704,6.270672490757704,6.270672490757704,6.270672490757704,6.270672490757704,6.270672490757704,6.270672490757704,6.270672490757704,6.270672490757704,6.270672490757704,6.270672490757704,6.270672490757704,6.270672490757704,6.270672490757704,6.270672490757704,6.270672490757704,6.270672490757704,6.270672490757704,6.270672490757704,6.270672490757704,6.270672490757704,6.270672490757704,6.270672490757704,6.270672490757704,5.893751533104419,5.893751533104419,5.893751533104419,5.893751533104419,5.893751533104419,5.893751533104419,5.893751533104419,5.893751533104419,5.893751533104419,5.893751533104419,5.893751533104419,5.893751533104419,5.893751533104419,5.893751533104419,5.893751533104419,5.893751533104419,5.893751533104419,5.893751533104419,5.893751533104419,5.893751533104419,5.758496129000871,5.758496129000871,5.758496129000871,5.758496129000871,5.758496129000871,5.758496129000871,5.758496129000871,5.758496129000871,5.758496129000871,5.758496129000871,5.758496129000871,5.758496129000871,5.758496129000871,5.758496129000871,5.758496129000871,5.758496129000871,5.758496129000871,5.758496129000871,5.758496129000871,5.758496129000871,5.758496129000871,5.758496129000871,5.758496129000871,5.758496129000871,5.758496129000871,5.758496129000871,5.758496129000871,5.758496129000871,5.758496129000871,5.7384909075683534,5.7384909075683534,5.7384909075683534,5.7384909075683534,5.7384909075683534,5.7384909075683534,5.7384909075683534,5.7384909075683534,5.7384909075683534,5.7384909075683534,5.7384909075683534,5.7384909075683534,5.7384909075683534,5.7384909075683534,5.7384909075683534,5.7384909075683534,5.7384909075683534,5.7384909075683534,5.7384909075683534,5.7384909075683534,5.7384909075683534,5.7384909075683534,5.7384909075683534,5.7384909075683534,5.7384909075683534,5.7384909075683534,5.7384909075683534,5.7384909075683534,5.7384909075683534,5.7384909075683534,5.7384909075683534,5.7384909075683534,5.7384909075683534,5.7384909075683534,5.7384909075683534,5.7384909075683534,4.601436542255082,4.601436542255082,4.601436542255082,4.1821833519920455,4.11301494188001,4.11301494188001,4.11301494188001,4.11301494188001,4.11301494188001,4.11301494188001,4.11301494188001,4.11301494188001,4.11301494188001,4.11301494188001,4.11301494188001,4.096245971815261,4.096245971815261,4.096245971815261,4.096245971815261,4.096245971815261,4.096245971815261,4.096245971815261,4.096245971815261,4.096245971815261,4.096245971815261,4.096245971815261,4.096245971815261,4.096245971815261,4.096245971815261,4.096245971815261,4.096245971815261,4.096245971815261,4.096245971815261,4.096245971815261,4.096245971815261,4.096245971815261,4.096245971815261,4.096245971815261,4.096245971815261,4.096245971815261,4.096245971815261,4.096245971815261,4.096245971815261,4.096245971815261,4.096245971815261,4.096245971815261,4.096245971815261,4.096245971815261,4.096245971815261,4.096245971815261,4.096245971815261,4.096245971815261,4.096245971815261,4.096245971815261,4.096245971815261,4.096245971815261,4.096245971815261,4.096245971815261,4.096245971815261,4.096245971815261,4.096245971815261,4.096245971815261,4.096245971815261,4.096245971815261,4.096245971815261,4.096245971815261,4.096245971815261,4.096245971815261,4.096245971815261,4.096245971815261,4.096245971815261,4.096245971815261,4.096245971815261,4.096245971815261,4.096245971815261,4.096245971815261,4.096245971815261,4.096245971815261,4.096245971815261,4.096245971815261,4.096245971815261,4.096245971815261,4.096245971815261,4.096245971815261,4.096245971815261,4.096245971815261,4.096245971815261,4.096245971815261,4.096245971815261,4.096245971815261,4.096245971815261,4.096245971815261,4.096245971815261,4.096245971815261,4.096245971815261,4.096245971815261,4.096245971815261,4.096245971815261,4.096245971815261,4.096245971815261,4.096245971815261,4.096245971815261,4.096245971815261,4.096245971815261,4.096245971815261,4.096245971815261,4.096245971815261,4.096245971815261,4.096245971815261,4.096245971815261,4.096245971815261,4.096245971815261,4.096245971815261,4.096245971815261,4.096245971815261,4.096245971815261,4.096245971815261,4.096245971815261,4.096245971815261,4.096245971815261,4.096245971815261,4.096245971815261,4.096245971815261,4.096245971815261,4.096245971815261,4.096245971815261,4.096245971815261,4.096245971815261,4.083156924903466,4.083156924903466,4.083156924903466,4.083156924903466,4.083156924903466,4.064923662842091,4.064923662842091,4.064923662842091,4.064923662842091,4.064923662842091,4.064923662842091,4.064923662842091,4.064923662842091,4.064923662842091,4.064923662842091,4.064923662842091,4.064923662842091,4.064923662842091,4.064923662842091,4.064923662842091,4.064923662842091,4.064923662842091,4.064923662842091,4.064923662842091,4.064923662842091,4.064923662842091,4.064923662842091,4.064923662842091,4.064923662842091,4.064923662842091,4.064923662842091,4.064923662842091,4.064923662842091,4.064923662842091,4.064923662842091,4.064923662842091,4.064923662842091,4.064923662842091,4.064923662842091,4.064923662842091,4.064923662842091,4.064923662842091,4.064923662842091,4.064923662842091,4.064923662842091,4.064923662842091,4.064923662842091,4.064923662842091,4.064923662842091,4.064923662842091,4.064923662842091,4.064923662842091,4.064923662842091,4.064923662842091,4.064923662842091,4.064923662842091,4.064923662842091,4.064923662842091,4.064923662842091,4.064923662842091,4.064923662842091,4.064923662842091,4.064923662842091,4.064923662842091,4.064923662842091,4.064923662842091,4.064923662842091,4.064923662842091,4.064923662842091,4.064923662842091,4.064923662842091,4.064923662842091,4.064923662842091,4.064923662842091,4.064923662842091,4.064923662842091,4.064923662842091,4.064923662842091,4.064923662842091,4.064923662842091,4.064923662842091,4.064923662842091,4.064923662842091,4.064923662842091,4.064923662842091,4.064923662842091,4.064923662842091,4.064923662842091,4.064923662842091,4.064923662842091,4.064923662842091,4.064923662842091,4.064923662842091,4.064923662842091,4.064923662842091,4.064923662842091,4.064923662842091,4.064923662842091,4.064923662842091,4.064923662842091,4.064923662842091,4.064923662842091,4.064923662842091,4.064923662842091,4.064923662842091,4.064923662842091,4.064923662842091,4.064923662842091,4.064923662842091,4.064923662842091,4.064923662842091,3.9662844339050984,3.9564123630870434,3.9564123630870434,3.9564123630870434,3.9564123630870434,3.9564123630870434,3.9564123630870434,3.9564123630870434,3.9564123630870434,3.93699701516881,3.77463633760153,3.40414699362704,3.40414699362704,3.40414699362704,3.40414699362704,3.40414699362704,3.40414699362704,3.40414699362704,3.40414699362704,3.40414699362704,3.40414699362704,3.40414699362704,3.40414699362704,3.40414699362704,3.40414699362704,3.40414699362704,3.40414699362704,3.40414699362704,3.40414699362704,3.40414699362704,3.40414699362704,3.40414699362704,3.40414699362704,3.40414699362704,3.40414699362704,3.40414699362704,3.40414699362704,3.40414699362704,3.40414699362704,3.40414699362704,3.40414699362704,3.40414699362704,3.40414699362704,3.40414699362704,3.40414699362704,3.40414699362704,3.40414699362704,3.40414699362704,3.40414699362704,3.40414699362704,3.40414699362704,3.40414699362704,3.40414699362704,3.40414699362704,3.40414699362704,3.40414699362704,3.40414699362704,3.40414699362704,3.40414699362704,3.40414699362704,3.40414699362704,3.40414699362704,3.40414699362704,3.40414699362704,3.40414699362704,3.40414699362704,3.40414699362704,3.40414699362704,3.40414699362704,3.40414699362704,3.40414699362704,3.40414699362704,3.40414699362704,3.40414699362704,3.40414699362704,3.40414699362704,3.40414699362704,3.40414699362704,3.40414699362704,3.40414699362704,3.40414699362704,3.40414699362704,3.40414699362704,3.40414699362704,3.40414699362704,3.40414699362704,3.40414699362704,3.40414699362704,3.40414699362704,3.40414699362704,3.40414699362704,3.40414699362704,3.40414699362704,3.40414699362704,3.40414699362704,3.40414699362704,3.40414699362704,3.40414699362704,3.40414699362704,3.40414699362704,3.40414699362704,3.40414699362704,3.40414699362704,3.40414699362704,3.40414699362704,3.40414699362704,3.40414699362704,3.40414699362704,3.40414699362704,3.40414699362704,3.40414699362704,3.40414699362704,3.40414699362704,3.40414699362704,3.40414699362704,3.40414699362704,3.40414699362704,3.40414699362704,3.40414699362704,3.40414699362704,3.40414699362704,3.40414699362704,3.40414699362704,3.40414699362704,3.40414699362704,3.40414699362704,3.40414699362704,3.40414699362704,3.40414699362704,3.40414699362704,3.40414699362704,3.40414699362704,3.40414699362704,3.40414699362704,3.40414699362704,3.40414699362704,3.40414699362704,3.40414699362704,3.40414699362704,3.40414699362704,3.40414699362704,3.40414699362704,3.40414699362704,3.40414699362704,3.40414699362704,3.40414699362704,3.40414699362704,3.40414699362704,3.40414699362704,3.40414699362704,3.40414699362704,3.40414699362704,3.40414699362704,3.40414699362704,3.40414699362704,3.40414699362704,3.40414699362704,3.40414699362704,3.40414699362704,3.40414699362704,3.40414699362704,3.40414699362704,3.40414699362704,3.40414699362704,3.40414699362704,3.40414699362704,3.40414699362704,3.40414699362704,3.40414699362704,3.40414699362704,3.40414699362704,2.4650349646128085,2.4650349646128085,2.4650349646128085,2.4650349646128085,2.4650349646128085,2.4650349646128085,2.4650349646128085,2.4650349646128085,2.4650349646128085,2.4650349646128085,2.4650349646128085,2.4650349646128085,2.4650349646128085,2.4650349646128085,2.4650349646128085,2.4650349646128085,2.4650349646128085,2.4650349646128085,2.4650349646128085,2.4650349646128085,2.4650349646128085,2.4650349646128085,2.4650349646128085,2.4650349646128085,2.4650349646128085,2.4650349646128085,2.4650349646128085,2.4650349646128085,2.4650349646128085,2.4650349646128085,2.4650349646128085,2.4650349646128085,2.4650349646128085,2.4650349646128085,2.4650349646128085,2.4650349646128085,2.4650349646128085,2.4650349646128085,2.4650349646128085,2.4650349646128085,2.4650349646128085,2.4650349646128085,2.4650349646128085,2.4650349646128085,2.4650349646128085,2.4650349646128085,2.4650349646128085,2.4650349646128085,2.4650349646128085,2.4650349646128085,2.4650349646128085,2.4650349646128085,2.4650349646128085,2.4650349646128085,2.4650349646128085,2.4650349646128085,2.4650349646128085,2.4650349646128085,2.4650349646128085,2.4650349646128085,2.4650349646128085,2.4650349646128085,2.4650349646128085,2.4650349646128085,2.4650349646128085,2.4650349646128085,2.4650349646128085,2.4650349646128085,2.4650349646128085,2.4650349646128085,2.4650349646128085,2.4650349646128085,2.4650349646128085,2.4650349646128085,2.4650349646128085,2.4650349646128085,2.4650349646128085,2.4650349646128085,2.4650349646128085,2.4650349646128085,2.4650349646128085,2.4650349646128085,2.4650349646128085,2.4650349646128085,2.4650349646128085,2.4650349646128085,2.4650349646128085,2.4650349646128085,2.4650349646128085,2.4650349646128085,2.4650349646128085,2.4650349646128085,2.4650349646128085,2.4650349646128085,2.4650349646128085,2.4650349646128085,2.4650349646128085,2.4650349646128085,2.4650349646128085,2.4650349646128085,2.4650349646128085,2.4650349646128085,2.4650349646128085,2.4650349646128085,2.4650349646128085,2.4650349646128085,2.4650349646128085,2.4650349646128085,2.4650349646128085,2.4650349646128085,2.4650349646128085,2.4650349646128085,2.4650349646128085,2.4650349646128085,2.4650349646128085,2.4650349646128085,2.4650349646128085,2.4650349646128085,2.4650349646128085,2.4650349646128085,2.4650349646128085,2.4650349646128085,2.4650349646128085,2.4650349646128085,2.4650349646128085,2.4650349646128085,2.4650349646128085,2.4650349646128085,2.4650349646128085,2.4650349646128085,2.4650349646128085,2.4650349646128085,2.4650349646128085,0.4714651904077026,0.4714651904077026,0.4714651904077026,0.4714651904077026,0.4714651904077026,0.4714651904077026,0.4714651904077026,0.4714651904077026,0.4714651904077026,0.4714651904077026,0.4714651904077026,0.4714651904077026,0.4714651904077026,0.4714651904077026,0.4714651904077026,0.4714651904077026,0.4714651904077026,0.4714651904077026,0.4714651904077026,0.4714651904077026,0.4714651904077026,0.4714651904077026,0.4714651904077026,0.4714651904077026,0.4714651904077026,0.4714651904077026,0.4714651904077026,0.4714651904077026,0.4714651904077026,0.4714651904077026,0.4714651904077026,0.4714651904077026,0.4714651904077026,0.4714651904077026,0.4714651904077026,0.4714651904077026,0.4714651904077026,0.4714651904077026,0.4714651904077026,0.4714651904077026,0.4714651904077026,0.4714651904077026,0.4714651904077026,0.4714651904077026,0.4714651904077026,0.4714651904077026,0.4714651904077026,0.4714651904077026,0.4714651904077026,0.4714651904077026,0.4714651904077026,0.4714651904077026,0.4714651904077026,0.4714651904077026,0.4714651904077026,0.4714651904077026,0.4714651904077026,0.4714651904077026,0.4714651904077026,0.4714651904077026,0.4714651904077026,0.4714651904077026,0.4714651904077026,0.4714651904077026,0.4714651904077026,0.4714651904077026,0.4714651904077026,0.4714651904077026,0.4714651904077026,0.4714651904077026,0.4714651904077026,0.4714651904077026,0.4714651904077026,0.4714651904077026,0.4714651904077026,0.4714651904077026,0.4714651904077026,0.4714651904077026,0.4714651904077026,0.4714651904077026,0.4714651904077026,0.4714651904077026,0.4714651904077026,0.4714651904077026,0.4714651904077026,0.4714651904077026,0.4714651904077026,0.4714651904077026,0.4714651904077026,0.4714651904077026,0.4714651904077026,0.4714651904077026,0.4714651904077026,0.4714651904077026,0.4714651904077026,0.4714651904077026,0.4714651904077026,0.4714651904077026,0.4714651904077026,0.4714651904077026,0.4714651904077026,0.4714651904077026,0.4714651904077026,0.4714651904077026,0.4714651904077026,0.4714651904077026,0.4714651904077026,0.4714651904077026,0.4714651904077026,0.4714651904077026,0.4714651904077026,0.4714651904077026,0.4714651904077026,0.4714651904077026,0.4714651904077026,0.4714651904077026,0.4714651904077026,0.4714651904077026,0.4714651904077026,0.4714651904077026,0.4714651904077026,0.4714651904077026,0.4714651904077026,0.4714651904077026,0.4714651904077026,0.4714651904077026,0.4714651904077026,0.4714651904077026,0.4714651904077026,0.4714651904077026,0.4714651904077026,0.4714651904077026,0.4714651904077026,0.4714651904077026,0.4714651904077026,0.4714651904077026,0.4714651904077026,0.4714651904077026,0.4714651904077026,0.4714651904077026,0.4714651904077026,0.4714651904077026,0.4714651904077026,0.4714651904077026,0.4714651904077026,0.4714651904077026,0.4714651904077026,0.4714651904077026,0.4714651904077026,0.4714651904077026,0.4714651904077026,0.4714651904077026,0.4714651904077026,0.4714651904077026,0.4714651904077026,0.4714651904077026,0.4714651904077026,0.4714651904077026,0.4714651904077026,0.4714651904077026,0.4714651904077026,0.4714651904077026,0.4714651904077026,0.4714651904077026,0.4714651904077026,0.4714651904077026,0.4714651904077026,0.4714651904077026,0.4714651904077026,0.4714651904077026,0.4714651904077026,0.4714651904077026,0.4714651904077026,0.4714651904077026,0.4714651904077026,0.4714651904077026,0.4714651904077026,0.4714651904077026,0.4714651904077026,0.4714651904077026,0.4714651904077026,0.4714651904077026,0.4714651904077026,0.4714651904077026,0.4714651904077026,0.4714651904077026,0.4714651904077026,0.4714651904077026,0.4714651904077026,0.4714651904077026,0.4714651904077026,0.4714651904077026,0.4714651904077026,0.4714651904077026,0.4714651904077026,0.4714651904077026,0.4714651904077026,0.4714651904077026,0.4714651904077026,0.4714651904077026,0.4714651904077026,0.4714651904077026,0.4714651904077026,0.4714651904077026,0.4714651904077026,0.4714651904077026,0.4714651904077026,0.4714651904077026,0.4714651904077026,0.4714651904077026,0.4714651904077026,0.4714651904077026,0.4714651904077026,0.4714651904077026,0.4714651904077026,0.4714651904077026,0.4714651904077026,0.4714651904077026,0.4714651904077026,0.4714651904077026,0.4714651904077026,0.4714651904077026,0.4714651904077026,0.4714651904077026,0.4714651904077026,0.4714651904077026,0.4714651904077026,0.4714651904077026,0.4714651904077026,0.4714651904077026,0.4714651904077026,0.4714651904077026,0.4714651904077026,0.4714651904077026,0.4714651904077026,0.4714651904077026,0.4714651904077026,0.4714651904077026,0.4714651904077026,0.4714651904077026,0.4714651904077026,0.4714651904077026,0.4714651904077026,0.4714651904077026,0.4714651904077026,0.4714651904077026,0.4714651904077026,0.4714651904077026,0.4714651904077026,0.4714651904077026,0.4714651904077026,0.4714651904077026,0.4714651904077026,0.4714651904077026,0.4714651904077026,0.4714651904077026,0.4714651904077026,0.4714651904077026,0.4714651904077026,0.4714651904077026,0.4714651904077026,0.4714651904077026,0.4714651904077026,0.4714651904077026,0.4714651904077026,0.4714651904077026,0.4714651904077026,0.4714651904077026,0.4714651904077026,0.4714651904077026,0.4714651904077026,0.4714651904077026,0.4714651904077026,0.4714651904077026,0.4714651904077026,0.4714651904077026,0.4714651904077026,0.4714651904077026,0.4714651904077026,0.4714651904077026,0.4714651904077026,0.4714651904077026,0.4714651904077026,0.4714651904077026,0.4714651904077026,0.4714651904077026,0.4714651904077026,0.4714651904077026,0.4714651904077026,0.4714651904077026,0.4714651904077026,0.4714651904077026,0.4714651904077026,0.4714651904077026,0.4714651904077026,0.4714651904077026,0.4714651904077026,0.4714651904077026,0.4714651904077026,0.4714651904077026,0.4714651904077026,0.4714651904077026,0.4714651904077026,0.4714651904077026,0.4714651904077026,0.4714651904077026,0.4714651904077026,0.4714651904077026,0.4714651904077026,0.4714651904077026,0.4714651904077026,0.4714651904077026,0.4714651904077026,0.4714651904077026,0.4714651904077026,0.4714651904077026,0.4714651904077026,0.4714651904077026,0.4714651904077026,0.4714651904077026,0.4714651904077026,0.4714651904077026,0.4714651904077026,0.4714651904077026,0.4714651904077026,0.4714651904077026,0.4714651904077026,0.4714651904077026,0.4714651904077026,0.4714651904077026,0.4714651904077026,0.4714651904077026,0.4714651904077026,0.4714651904077026,0.4714651904077026,0.4714651904077026,0.4714651904077026,0.4714651904077026,0.4714651904077026,0.4714651904077026,0.4714651904077026,0.4714651904077026,0.4714651904077026,0.4714651904077026,0.4714651904077026,0.4714651904077026,0.4714651904077026,8.525186715180473,8.525186715180473,8.525186715180473,8.525186715180473,8.091450356803536,8.091450356803536,8.091450356803536,7.750437043061269,7.513663981506538,7.513663981506538,7.513663981506538,7.513663981506538,7.513663981506538,7.4722781486763,7.4722781486763,7.4722781486763,7.4722781486763,7.4722781486763,7.4722781486763,7.4722781486763,7.4722781486763,7.4722781486763,7.4722781486763,7.4722781486763,7.4722781486763,7.4722781486763,7.4722781486763,7.4722781486763,7.4722781486763,7.4722781486763,7.4722781486763,7.4722781486763,7.4722781486763,7.4722781486763,7.4722781486763,7.4722781486763,7.4722781486763,7.4722781486763,7.4722781486763,7.4722781486763,7.4722781486763,6.072599469673937,6.072599469673937,6.072599469673937,6.072599469673937,6.072599469673937,6.072599469673937,6.072599469673937,5.988745776641883,5.988745776641883,5.988745776641883,5.988745776641883,5.988745776641883,5.824610601033281,5.824610601033281,5.824610601033281,5.185480206872114,5.185480206872114,5.185480206872114,5.011281555431818,5.011281555431818,5.011281555431818,5.011281555431818,5.011281555431818,5.011281555431818,5.011281555431818,5.011281555431818,5.011281555431818,5.011281555431818,5.011281555431818,5.011281555431818,5.011281555431818,5.011281555431818,5.011281555431818,5.011281555431818,5.011281555431818,5.011281555431818,5.011281555431818,5.011281555431818,5.011281555431818,5.011281555431818,5.011281555431818,5.011281555431818,5.011281555431818,5.011281555431818,5.011281555431818,5.011281555431818,5.011281555431818,5.011281555431818,5.011281555431818,5.011281555431818,5.011281555431818,5.011281555431818,5.011281555431818,5.011281555431818,5.011281555431818,5.011281555431818,5.011281555431818,5.011281555431818,5.011281555431818,5.011281555431818,5.011281555431818,5.011281555431818,5.011281555431818,5.011281555431818,5.011281555431818,5.011281555431818,5.011281555431818,5.011281555431818,5.011281555431818,5.011281555431818,5.011281555431818,5.011281555431818,5.011281555431818,5.011281555431818,5.011281555431818,5.011281555431818,5.011281555431818,5.011281555431818,5.011281555431818,5.011281555431818,5.011281555431818,5.011281555431818,5.011281555431818,5.011281555431818,5.011281555431818,5.011281555431818,4.839252826787253,4.839252826787253,4.839252826787253,4.839252826787253,4.839252826787253,4.839252826787253,4.839252826787253,4.836557936139072,4.739220978538557,4.739220978538557,4.739220978538557,4.739220978538557,4.739220978538557,4.739220978538557,4.739220978538557,4.739220978538557,4.739220978538557,4.739220978538557,4.739220978538557,4.739220978538557,4.739220978538557,4.739220978538557,4.739220978538557,4.739220978538557,4.739220978538557,4.739220978538557,4.739220978538557,4.739220978538557,4.739220978538557,4.739220978538557,4.739220978538557,4.739220978538557,4.739220978538557,4.739220978538557,4.739220978538557,4.739220978538557,4.739220978538557,4.739220978538557,4.739220978538557,4.739220978538557,4.739220978538557,4.739220978538557,4.739220978538557,4.739220978538557,4.739220978538557,4.739220978538557,4.739220978538557,4.739220978538557,4.739220978538557,4.739220978538557,4.739220978538557,4.739220978538557,4.739220978538557,4.739220978538557,4.739220978538557,4.739220978538557,4.739220978538557,4.739220978538557,4.739220978538557,4.739220978538557,4.739220978538557,4.739220978538557,4.739220978538557,4.739220978538557,4.739220978538557,4.739220978538557,4.739220978538557,4.739220978538557,4.739220978538557,4.739220978538557,4.739220978538557,4.739220978538557,4.739220978538557,4.739220978538557,4.739220978538557,4.739220978538557,4.739220978538557,4.739220978538557,4.739220978538557,4.739220978538557,4.739220978538557,4.739220978538557,4.739220978538557,4.739220978538557,4.739220978538557,4.739220978538557,4.739220978538557,4.739220978538557,4.739220978538557,4.739220978538557,4.739220978538557,4.739220978538557,4.739220978538557,4.739220978538557,4.739220978538557,4.739220978538557,4.739220978538557,4.739220978538557,4.739220978538557,4.739220978538557,4.739220978538557,4.739220978538557,4.739220978538557,4.739220978538557,4.739220978538557,4.739220978538557,4.739220978538557,4.739220978538557,4.739220978538557,4.739220978538557,4.739220978538557,4.739220978538557,4.739220978538557,4.739220978538557,4.739220978538557,4.739220978538557,4.739220978538557,4.739220978538557,4.739220978538557,4.739220978538557,4.739220978538557,4.739220978538557,4.739220978538557,4.739220978538557,4.739220978538557,4.739220978538557,4.739220978538557,4.739220978538557,4.739220978538557,4.739220978538557,4.739220978538557,4.739220978538557,4.739220978538557,4.739220978538557,4.739220978538557,4.739220978538557,4.739220978538557,4.739220978538557,4.739220978538557,4.739220978538557,4.739220978538557,4.739220978538557,4.739220978538557,4.739220978538557,4.739220978538557,4.739220978538557,4.739220978538557,4.739220978538557,4.739220978538557,4.739220978538557,4.739220978538557,4.739220978538557,4.739220978538557,4.739220978538557,4.739220978538557,4.739220978538557,4.739220978538557,4.739220978538557,4.739220978538557,4.739220978538557,4.739220978538557,4.739220978538557,4.739220978538557,4.739220978538557,4.739220978538557,4.739220978538557,4.739220978538557,4.739220978538557,4.739220978538557,4.739220978538557,4.739220978538557,4.739220978538557,4.739220978538557,4.739220978538557,4.739220978538557,4.739220978538557,4.739220978538557,4.739220978538557,4.739220978538557,4.739220978538557,4.739220978538557,4.739220978538557,4.739220978538557,4.739220978538557,4.739220978538557,4.739220978538557,4.739220978538557,4.739220978538557,4.739220978538557,4.739220978538557,4.739220978538557,4.739220978538557,4.739220978538557,4.739220978538557,4.739220978538557,4.739220978538557,4.739220978538557,4.739220978538557,4.739220978538557,4.739220978538557,4.739220978538557,4.739220978538557,4.739220978538557,4.739220978538557,4.739220978538557,4.739220978538557,4.739220978538557,4.739220978538557,4.739220978538557,4.739220978538557,4.739220978538557,4.739220978538557,4.739220978538557,4.739220978538557,4.739220978538557,4.739220978538557,4.739220978538557,4.739220978538557,4.739220978538557,4.739220978538557,4.739220978538557,4.739220978538557,4.739220978538557,4.739220978538557,4.739220978538557,4.739220978538557,4.739220978538557,4.739220978538557,4.739220978538557,4.739220978538557,4.739220978538557,4.739220978538557,4.739220978538557,4.739220978538557,4.739220978538557,4.739220978538557,4.739220978538557,4.739220978538557,4.739220978538557,4.739220978538557,4.739220978538557,4.739220978538557,4.739220978538557,4.739220978538557,4.739220978538557,4.739220978538557,4.739220978538557,4.739220978538557,4.739220978538557,4.739220978538557,4.739220978538557,4.739220978538557,4.739220978538557,4.739220978538557,4.739220978538557,4.739220978538557,4.739220978538557,4.739220978538557,4.739220978538557,4.739220978538557,4.739220978538557,4.739220978538557,4.739220978538557,4.739220978538557,4.739220978538557,4.739220978538557,4.739220978538557,4.739220978538557,4.739220978538557,4.739220978538557,4.739220978538557,4.739220978538557,4.739220978538557,4.739220978538557,4.739220978538557,4.739220978538557,4.739220978538557,4.739220978538557,4.739220978538557,4.739220978538557,4.739220978538557,4.739220978538557,4.739220978538557,4.739220978538557,4.739220978538557,4.739220978538557,4.739220978538557,4.739220978538557,4.739220978538557,4.739220978538557,4.739220978538557,4.739220978538557,4.739220978538557,4.739220978538557,4.739220978538557,4.739220978538557,4.739220978538557,4.585403619549919,4.585403619549919,4.585403619549919,4.585403619549919,4.585403619549919,4.585403619549919,4.585403619549919,4.585403619549919,4.585403619549919,4.585403619549919,4.585403619549919,4.585403619549919,4.585403619549919,4.585403619549919,4.585403619549919,4.585403619549919,4.585403619549919,4.585403619549919,4.585403619549919,4.585403619549919,4.585403619549919,4.585403619549919,4.585403619549919,4.585403619549919,4.585403619549919,4.585403619549919,4.585403619549919,4.585403619549919,4.585403619549919,4.585403619549919,4.585403619549919,4.585403619549919,4.585403619549919,4.585403619549919,4.585403619549919,4.585403619549919,4.585403619549919,4.585403619549919,4.585403619549919,4.585403619549919,4.585403619549919,4.585403619549919,4.585403619549919,4.585403619549919,4.585403619549919,4.585403619549919,4.585403619549919,4.585403619549919,4.585403619549919,4.585403619549919,4.585403619549919,4.585403619549919,4.585403619549919,4.585403619549919,4.585403619549919,4.585403619549919,4.585403619549919,4.585403619549919,4.585403619549919,4.585403619549919,4.585403619549919,4.585403619549919,4.585403619549919,4.585403619549919,4.585403619549919,4.585403619549919,4.585403619549919,4.585403619549919,4.585403619549919,4.585403619549919,4.585403619549919,4.585403619549919,4.585403619549919,4.585403619549919,4.585403619549919,4.585403619549919,4.585403619549919,4.585403619549919,4.585403619549919,4.585403619549919,4.585403619549919,4.585403619549919,4.585403619549919,4.585403619549919,4.585403619549919,4.585403619549919,4.585403619549919,4.585403619549919,4.585403619549919,4.585403619549919,4.585403619549919,4.585403619549919,4.585403619549919,4.585403619549919,4.585403619549919,4.585403619549919,4.585403619549919,4.585403619549919,4.585403619549919,4.585403619549919,4.585403619549919,4.585403619549919,4.585403619549919,4.585403619549919,4.585403619549919,4.585403619549919,4.585403619549919,4.585403619549919,4.585403619549919,4.585403619549919,4.585403619549919,4.585403619549919,4.585403619549919,4.585403619549919,4.585403619549919,4.585403619549919,4.585403619549919,4.585403619549919,4.585403619549919,4.585403619549919,4.585403619549919,4.585403619549919,4.585403619549919,4.585403619549919,4.585403619549919,4.585403619549919,4.585403619549919,4.585403619549919,4.585403619549919,4.585403619549919,4.585403619549919,4.585403619549919,4.585403619549919,4.585403619549919,4.585403619549919,4.585403619549919,4.585403619549919,4.585403619549919,4.585403619549919,4.585403619549919,4.585403619549919,4.585403619549919,4.585403619549919,4.585403619549919,4.585403619549919,4.585403619549919,4.585403619549919,4.585403619549919,4.585403619549919,4.585403619549919,4.585403619549919,4.585403619549919,4.585403619549919,4.585403619549919,4.585403619549919,4.585403619549919,4.585403619549919,4.585403619549919,4.585403619549919,4.585403619549919,4.585403619549919,4.585403619549919,4.585403619549919,4.585403619549919,4.585403619549919,4.585403619549919,4.585403619549919,4.585403619549919,4.585403619549919,4.585403619549919,4.585403619549919,4.585403619549919,4.585403619549919,4.585403619549919,4.585403619549919,4.585403619549919,4.585403619549919,4.585403619549919,3.657696177290638,3.657696177290638,3.657696177290638,3.657696177290638,3.657696177290638,3.657696177290638,3.657696177290638,3.657696177290638,3.657696177290638,3.657696177290638,3.657696177290638,3.657696177290638,3.657696177290638,3.657696177290638,3.657696177290638,3.657696177290638,3.657696177290638,3.657696177290638,3.657696177290638,3.657696177290638,3.657696177290638,3.657696177290638,3.657696177290638,3.657696177290638,3.657696177290638,3.657696177290638,3.657696177290638,3.657696177290638,3.657696177290638,3.657696177290638,3.657696177290638,3.657696177290638,3.657696177290638,3.657696177290638,3.657696177290638,3.657696177290638,3.657696177290638,3.657696177290638,3.657696177290638,3.657696177290638,3.657696177290638,3.657696177290638,3.657696177290638,3.657696177290638,3.657696177290638,3.657696177290638,3.657696177290638,3.657696177290638,3.657696177290638,3.657696177290638,3.657696177290638,3.657696177290638,3.657696177290638,3.657696177290638,3.657696177290638,3.657696177290638,3.657696177290638,3.657696177290638,3.657696177290638,3.657696177290638,3.657696177290638,3.657696177290638,3.657696177290638,3.657696177290638,3.657696177290638,3.657696177290638,3.657696177290638,3.657696177290638,3.657696177290638,3.657696177290638,3.657696177290638,3.657696177290638,3.657696177290638,3.657696177290638,3.657696177290638,3.657696177290638,3.657696177290638,3.657696177290638,3.657696177290638,3.657696177290638,3.657696177290638,3.657696177290638,3.657696177290638,3.657696177290638,3.657696177290638,3.657696177290638,3.657696177290638,3.657696177290638,3.657696177290638,3.657696177290638,3.657696177290638,3.657696177290638,3.657696177290638,3.657696177290638,3.657696177290638,3.657696177290638,3.657696177290638,3.657696177290638,3.657696177290638,3.657696177290638,3.657696177290638,3.657696177290638,3.657696177290638,3.657696177290638,3.657696177290638,3.657696177290638,3.657696177290638,3.657696177290638,3.657696177290638,3.657696177290638,3.657696177290638,3.657696177290638,3.657696177290638,3.657696177290638,3.657696177290638,3.657696177290638,3.657696177290638,3.657696177290638,3.657696177290638,3.657696177290638,3.657696177290638,3.657696177290638,3.657696177290638,3.657696177290638,3.657696177290638,3.657696177290638,3.657696177290638,3.657696177290638,3.657696177290638,3.657696177290638,3.657696177290638,3.657696177290638,3.657696177290638,3.657696177290638,3.657696177290638,3.657696177290638,3.657696177290638,3.657696177290638,3.657696177290638,3.657696177290638,3.657696177290638,3.657696177290638,3.657696177290638,3.657696177290638,3.657696177290638,3.657696177290638,3.657696177290638,3.657696177290638,3.657696177290638,3.657696177290638,3.657696177290638,3.657696177290638,3.657696177290638,3.657696177290638,3.657696177290638,3.657696177290638,3.657696177290638,1.6928295256745653,1.6928295256745653,1.6928295256745653,1.6928295256745653,1.6928295256745653,1.6928295256745653,1.6928295256745653,1.6928295256745653,1.6928295256745653,1.6928295256745653,1.6928295256745653,1.6928295256745653,1.6928295256745653,1.6928295256745653,1.6928295256745653,1.6928295256745653,1.6928295256745653,1.6928295256745653,1.6928295256745653,1.6928295256745653,1.6928295256745653,1.6928295256745653,1.6928295256745653,1.6928295256745653,1.6928295256745653,1.6928295256745653,1.6928295256745653,1.6928295256745653,1.6928295256745653,1.6928295256745653,1.6928295256745653,1.6928295256745653,1.6928295256745653,1.6928295256745653,1.6928295256745653,1.6928295256745653,1.6928295256745653,1.6928295256745653,1.6928295256745653,1.6928295256745653,1.6928295256745653,1.6928295256745653,1.6928295256745653,1.6928295256745653,1.6928295256745653,1.6928295256745653,1.6928295256745653,1.6928295256745653,1.6928295256745653,1.6928295256745653,1.6928295256745653,1.6928295256745653,1.6928295256745653,1.6928295256745653,1.6928295256745653,1.6928295256745653,1.6928295256745653,1.6928295256745653,1.6928295256745653,1.6928295256745653,1.6928295256745653,1.6928295256745653,1.6928295256745653,1.6928295256745653,1.6928295256745653,1.6928295256745653,1.6928295256745653,1.6928295256745653,1.6928295256745653,1.6928295256745653,1.6928295256745653,1.6928295256745653,1.6928295256745653,1.6928295256745653,1.6928295256745653,1.6928295256745653,1.6928295256745653,1.6928295256745653,1.6928295256745653,1.6928295256745653,1.6928295256745653,1.6928295256745653,1.6928295256745653,1.6928295256745653,1.6928295256745653,1.6928295256745653,1.6928295256745653,1.6928295256745653,1.6928295256745653,1.6928295256745653,1.6928295256745653,1.6928295256745653,1.6928295256745653,1.6928295256745653,1.6928295256745653,1.6928295256745653,1.6928295256745653,1.6928295256745653,1.6928295256745653,1.6928295256745653,1.6928295256745653,1.6928295256745653,1.6928295256745653,1.6928295256745653,1.6928295256745653,1.6928295256745653,1.6928295256745653,1.6928295256745653,1.6928295256745653,1.6928295256745653,1.6928295256745653,1.6928295256745653,1.6928295256745653,1.6928295256745653,1.6928295256745653,1.6928295256745653,1.6928295256745653,1.6928295256745653,1.6928295256745653,1.6928295256745653,1.6928295256745653,1.6928295256745653,1.6928295256745653,1.6928295256745653,1.6928295256745653,1.6928295256745653,1.6928295256745653,1.6928295256745653,1.6928295256745653,1.6928295256745653,1.6928295256745653,1.6928295256745653,1.6928295256745653,1.6928295256745653,1.6928295256745653,1.6928295256745653,1.6928295256745653,1.6928295256745653,1.6928295256745653,1.6928295256745653,1.6928295256745653,1.6928295256745653,1.6928295256745653,1.6928295256745653,1.6928295256745653,1.6928295256745653,1.6928295256745653,1.6928295256745653,1.6928295256745653,1.6928295256745653,1.6928295256745653,1.6928295256745653,1.6928295256745653,1.6928295256745653,1.6928295256745653,1.6928295256745653,1.6928295256745653,1.6928295256745653,1.6928295256745653,1.6928295256745653,1.6928295256745653,1.6928295256745653,1.6928295256745653,1.6928295256745653,1.6928295256745653,1.6928295256745653,1.6928295256745653,1.6928295256745653,1.6928295256745653,1.6928295256745653,1.6928295256745653,1.6928295256745653,1.6928295256745653,1.6928295256745653,1.6928295256745653,1.6928295256745653,1.6928295256745653,1.6928295256745653,1.6928295256745653,1.6928295256745653,1.6928295256745653,1.6928295256745653,1.6928295256745653,1.6928295256745653,1.6928295256745653,1.6928295256745653,1.6928295256745653,1.6928295256745653,1.6928295256745653,1.6928295256745653,1.6928295256745653,1.6928295256745653,1.6928295256745653,1.6928295256745653,1.6928295256745653,1.6928295256745653,1.6928295256745653,1.6928295256745653,1.6928295256745653,1.6928295256745653,1.6928295256745653,1.6928295256745653,1.6928295256745653,1.6928295256745653,1.6928295256745653,1.6928295256745653,1.6928295256745653,1.6928295256745653,1.6928295256745653,1.6928295256745653,1.6928295256745653,1.6928295256745653,1.6928295256745653,1.6928295256745653,1.6928295256745653,1.6928295256745653,1.6928295256745653,1.6928295256745653,1.6928295256745653,1.6928295256745653,1.6928295256745653,1.6928295256745653,1.6928295256745653,1.6928295256745653,1.6928295256745653,1.6928295256745653,1.6928295256745653,1.6928295256745653,1.6928295256745653,1.6928295256745653,1.6928295256745653,1.6928295256745653,1.6928295256745653,1.6928295256745653,1.6928295256745653,1.6928295256745653,1.6928295256745653,1.6928295256745653,1.6928295256745653,1.6928295256745653,1.6928295256745653,8.182907658757294,8.182907658757294,8.173560672010815,8.173560672010815,8.173560672010815,8.171346284904372,8.171346284904372,8.171346284904372,8.018623591666717,7.585394340340253,7.585394340340253,7.585394340340253,7.585394340340253,7.585394340340253,7.585394340340253,7.585394340340253,7.585394340340253,7.585394340340253,7.535942003642248,7.535942003642248,7.535942003642248,7.535942003642248,7.535942003642248,7.535942003642248,7.535942003642248,7.535942003642248,7.535942003642248,7.535942003642248,7.535942003642248,7.535942003642248,7.535942003642248,7.535942003642248,7.535942003642248,7.223982867360722,7.223982867360722,7.223982867360722,7.223982867360722,7.223982867360722,7.223982867360722,7.223982867360722,7.223982867360722,7.223982867360722,7.223982867360722,7.223982867360722,7.223982867360722,7.223982867360722,7.223982867360722,7.223982867360722,7.223982867360722,7.223982867360722,7.223982867360722,7.223982867360722,7.223982867360722,7.223982867360722,7.223982867360722,7.223982867360722,7.223982867360722,7.223982867360722,7.223982867360722,7.223982867360722,7.223982867360722,7.223982867360722,7.223982867360722,7.223982867360722,7.223982867360722,7.223982867360722,7.223982867360722,7.223982867360722,7.223982867360722,7.223982867360722,7.223982867360722,7.223982867360722,7.223982867360722,7.223982867360722,7.223982867360722,7.223982867360722,7.223982867360722,7.223982867360722,7.223982867360722,7.223982867360722,6.311012810221234,6.311012810221234,6.311012810221234,5.374105990722812,5.374105990722812,5.374105990722812,5.374105990722812,5.374105990722812,5.374105990722812,5.374105990722812,5.374105990722812,5.374105990722812,5.374105990722812,5.374105990722812,5.374105990722812,5.374105990722812,5.374105990722812,5.374105990722812,5.374105990722812,5.374105990722812,5.374105990722812,5.374105990722812,5.374105990722812,5.374105990722812,5.374105990722812,5.374105990722812,5.374105990722812,5.374105990722812,5.374105990722812,5.374105990722812,5.374105990722812,5.374105990722812,5.374105990722812,5.374105990722812,5.374105990722812,5.374105990722812,5.374105990722812,5.374105990722812,5.374105990722812,5.374105990722812,5.374105990722812,5.374105990722812,5.374105990722812,5.374105990722812,5.374105990722812,5.374105990722812,5.374105990722812,5.374105990722812,5.374105990722812,5.374105990722812,5.374105990722812,5.374105990722812,5.374105990722812,5.374105990722812,5.374105990722812,5.374105990722812,5.374105990722812,5.374105990722812,5.374105990722812,5.374105990722812,5.374105990722812,5.374105990722812,5.374105990722812,5.374105990722812,5.374105990722812,5.374105990722812,5.374105990722812,5.374105990722812,5.374105990722812,5.374105990722812,5.374105990722812,5.374105990722812,5.374105990722812,5.374105990722812,5.374105990722812,5.374105990722812,5.374105990722812,5.374105990722812,5.374105990722812,5.374105990722812,5.374105990722812,5.374105990722812,5.374105990722812,5.374105990722812,5.374105990722812,5.374105990722812,5.374105990722812,5.374105990722812,5.374105990722812,5.374105990722812,5.374105990722812,5.374105990722812,5.374105990722812,5.374105990722812,5.374105990722812,5.374105990722812,5.374105990722812,5.374105990722812,5.374105990722812,5.374105990722812,5.374105990722812,5.249457466551993,5.2279665764116805,5.2279665764116805,5.2279665764116805,5.2279665764116805,5.2279665764116805,5.2279665764116805,5.2279665764116805,5.2279665764116805,5.2279665764116805,5.2279665764116805,5.2279665764116805,5.2279665764116805,5.2279665764116805,5.2279665764116805,5.2279665764116805,5.2279665764116805,5.2279665764116805,5.2279665764116805,5.2279665764116805,5.2279665764116805,5.2279665764116805,5.2279665764116805,5.2279665764116805,5.2279665764116805,5.2279665764116805,5.2279665764116805,5.2279665764116805,5.2279665764116805,5.2279665764116805,5.2279665764116805,5.2279665764116805,5.2279665764116805,5.2279665764116805,5.2279665764116805,5.2279665764116805,5.2279665764116805,5.2279665764116805,5.2279665764116805,5.2279665764116805,5.2279665764116805,5.2279665764116805,5.2279665764116805,5.2279665764116805,5.2279665764116805,5.2279665764116805,5.2279665764116805,5.2279665764116805,5.2279665764116805,5.2279665764116805,5.2279665764116805,5.2279665764116805,5.2279665764116805,5.2279665764116805,5.2279665764116805,5.2279665764116805,5.2279665764116805,5.2279665764116805,5.2279665764116805,5.2279665764116805,5.2279665764116805,5.2279665764116805,5.2279665764116805,5.2279665764116805,5.2279665764116805,5.2279665764116805,5.2279665764116805,5.2279665764116805,5.2279665764116805,5.2279665764116805,5.2279665764116805,5.2279665764116805,5.2279665764116805,5.2279665764116805,5.2279665764116805,5.2279665764116805,5.2279665764116805,5.2279665764116805,5.2279665764116805,5.2279665764116805,5.2279665764116805,5.2279665764116805,5.2279665764116805,5.2279665764116805,5.2279665764116805,5.2279665764116805,5.2279665764116805,5.2279665764116805,5.2279665764116805,5.2279665764116805,5.2279665764116805,5.2279665764116805,5.2279665764116805,5.2279665764116805,5.2279665764116805,5.2279665764116805,5.2279665764116805,5.2279665764116805,5.2279665764116805,5.2279665764116805,5.2279665764116805,5.2279665764116805,5.2279665764116805,5.2279665764116805,5.2279665764116805,5.2279665764116805,5.2279665764116805,5.2279665764116805,5.2279665764116805,5.2279665764116805,5.2279665764116805,5.2279665764116805,5.2279665764116805,5.2279665764116805,5.2279665764116805,5.2279665764116805,5.2279665764116805,5.2279665764116805,5.2279665764116805,5.2279665764116805,5.2279665764116805,5.2279665764116805,5.2279665764116805,5.2279665764116805,5.2279665764116805,5.2279665764116805,5.2279665764116805,5.2279665764116805,5.2279665764116805,5.2279665764116805,5.2279665764116805,5.2279665764116805,5.2279665764116805,5.2279665764116805,5.2279665764116805,5.2279665764116805,5.2279665764116805,5.2279665764116805,5.2279665764116805,5.2279665764116805,5.2279665764116805,5.2279665764116805,5.2279665764116805,5.2279665764116805,5.2279665764116805,5.2279665764116805,5.2279665764116805,5.2279665764116805,5.2279665764116805,5.2279665764116805,5.2279665764116805,5.2279665764116805,5.2279665764116805,5.2279665764116805,5.2279665764116805,5.2279665764116805,5.2279665764116805,5.2279665764116805,5.2279665764116805,5.2279665764116805,5.2279665764116805,5.2279665764116805,5.2279665764116805,5.2279665764116805,5.2279665764116805,5.2279665764116805,5.2279665764116805,5.2279665764116805,5.2279665764116805,5.2279665764116805,5.2279665764116805,5.2279665764116805,5.2279665764116805,5.2279665764116805,5.2279665764116805,5.2279665764116805,5.2279665764116805,5.2279665764116805,5.2279665764116805,5.2279665764116805,5.2279665764116805,5.2279665764116805,5.2279665764116805,5.2279665764116805,5.2279665764116805,5.2279665764116805,5.2279665764116805,5.2279665764116805,5.2279665764116805,5.2279665764116805,5.2279665764116805,5.2279665764116805,5.2279665764116805,5.2279665764116805,5.2279665764116805,5.2279665764116805,5.2279665764116805,5.2279665764116805,5.2279665764116805,5.2279665764116805,5.2279665764116805,5.2279665764116805,5.2279665764116805,5.2279665764116805,5.2279665764116805,5.2279665764116805,5.2279665764116805,5.2279665764116805,5.2279665764116805,5.2279665764116805,5.2279665764116805,5.2279665764116805,5.2279665764116805,5.2279665764116805,5.2279665764116805,5.2279665764116805,5.2279665764116805,5.2279665764116805,5.2279665764116805,5.2279665764116805,5.2279665764116805,5.2279665764116805,5.2279665764116805,5.2279665764116805,5.2279665764116805,5.2279665764116805,5.2279665764116805,5.2279665764116805,5.2279665764116805,5.2279665764116805,5.2279665764116805,5.2279665764116805,5.2279665764116805,5.2279665764116805,5.2279665764116805,5.2279665764116805,5.2279665764116805,5.2279665764116805,5.2279665764116805,5.2279665764116805,5.2279665764116805,5.2279665764116805,5.2279665764116805,5.2279665764116805,5.2279665764116805,5.2279665764116805,5.2279665764116805,5.2279665764116805,5.2279665764116805,5.2279665764116805,5.2279665764116805,5.2279665764116805,5.2279665764116805,5.2279665764116805,5.2279665764116805,5.2279665764116805,5.2279665764116805,5.2279665764116805,5.2279665764116805,5.2279665764116805,5.2279665764116805,5.2279665764116805,5.2279665764116805,5.2279665764116805,5.2279665764116805,5.2279665764116805,5.2279665764116805,5.2279665764116805,5.2279665764116805,5.2279665764116805,5.2279665764116805,5.2279665764116805,5.2279665764116805,5.2279665764116805,5.2279665764116805,5.2279665764116805,5.2279665764116805,5.2279665764116805,5.2279665764116805,5.2279665764116805,5.2279665764116805,5.2279665764116805,5.2279665764116805,5.2279665764116805,5.2279665764116805,5.2279665764116805,5.2279665764116805,5.2279665764116805,5.2279665764116805,5.2279665764116805,5.2279665764116805,5.2279665764116805,5.2279665764116805,5.2279665764116805,5.2279665764116805,5.2279665764116805,5.2279665764116805,5.2279665764116805,5.2279665764116805,5.2279665764116805,5.2279665764116805,5.2279665764116805,5.2279665764116805,5.2279665764116805,5.2279665764116805,5.2279665764116805,5.2279665764116805,5.2279665764116805,5.2279665764116805,5.2279665764116805,5.2279665764116805,5.2279665764116805,5.2279665764116805,5.2279665764116805,5.2279665764116805,5.2279665764116805,5.2279665764116805,5.2279665764116805,5.2279665764116805,5.2279665764116805,5.2279665764116805,5.2279665764116805,5.2279665764116805,5.2279665764116805,5.2279665764116805,5.2279665764116805,5.2279665764116805,5.2279665764116805,5.2279665764116805,5.2279665764116805,5.2279665764116805,5.2279665764116805,5.2279665764116805,5.2279665764116805,5.2279665764116805,5.2279665764116805,5.2279665764116805,5.2279665764116805,5.2279665764116805,5.2279665764116805,5.2279665764116805,5.2279665764116805,5.2279665764116805,5.2279665764116805,5.2279665764116805,5.2279665764116805,5.2279665764116805,5.2279665764116805,5.2279665764116805,5.2279665764116805,5.2279665764116805,5.2279665764116805,5.2279665764116805,5.2279665764116805,5.2279665764116805,5.2279665764116805,5.2279665764116805,5.2279665764116805,5.2279665764116805,5.2279665764116805,5.2279665764116805,5.2279665764116805,5.04135999216426,5.04135999216426,5.04135999216426,5.04135999216426,5.04135999216426,5.04135999216426,5.04135999216426,5.04135999216426,5.04135999216426,5.04135999216426,5.04135999216426,5.04135999216426,5.04135999216426,5.04135999216426,5.04135999216426,5.04135999216426,5.04135999216426,5.04135999216426,5.04135999216426,5.04135999216426,5.04135999216426,5.04135999216426,5.04135999216426,5.04135999216426,5.04135999216426,5.04135999216426,5.04135999216426,5.04135999216426,5.04135999216426,5.04135999216426,5.04135999216426,5.04135999216426,5.04135999216426,5.04135999216426,5.04135999216426,5.04135999216426,5.04135999216426,5.04135999216426,5.04135999216426,5.04135999216426,5.04135999216426,5.04135999216426,5.04135999216426,5.04135999216426,5.04135999216426,5.04135999216426,5.04135999216426,5.04135999216426,5.04135999216426,5.04135999216426,5.04135999216426,5.04135999216426,5.04135999216426,5.04135999216426,5.04135999216426,5.04135999216426,5.04135999216426,5.04135999216426,5.04135999216426,5.04135999216426,5.04135999216426,5.04135999216426,5.04135999216426,5.04135999216426,5.04135999216426,5.04135999216426,5.04135999216426,5.04135999216426,5.04135999216426,5.04135999216426,5.04135999216426,5.04135999216426,5.04135999216426,5.04135999216426,5.04135999216426,5.04135999216426,5.04135999216426,5.04135999216426,5.04135999216426,5.04135999216426,5.04135999216426,5.04135999216426,5.04135999216426,5.04135999216426,5.04135999216426,5.04135999216426,5.04135999216426,5.04135999216426,5.04135999216426,5.04135999216426,5.04135999216426,5.04135999216426,5.04135999216426,5.04135999216426,5.04135999216426,5.04135999216426,5.04135999216426,5.04135999216426,5.04135999216426,5.04135999216426,5.04135999216426,5.04135999216426,5.04135999216426,5.04135999216426,5.04135999216426,5.04135999216426,5.04135999216426,5.04135999216426,5.04135999216426,5.04135999216426,5.04135999216426,5.04135999216426,5.04135999216426,5.04135999216426,5.04135999216426,5.04135999216426,5.04135999216426,5.04135999216426,5.04135999216426,5.04135999216426,5.04135999216426,5.04135999216426,5.04135999216426,5.04135999216426,5.04135999216426,5.04135999216426,5.04135999216426,5.04135999216426,5.04135999216426,5.04135999216426,5.04135999216426,5.04135999216426,5.04135999216426,5.04135999216426,5.04135999216426,5.04135999216426,5.04135999216426,5.04135999216426,5.04135999216426,5.04135999216426,5.04135999216426,5.04135999216426,5.04135999216426,5.04135999216426,5.04135999216426,5.04135999216426,5.04135999216426,5.04135999216426,5.04135999216426,5.04135999216426,5.04135999216426,5.04135999216426,5.04135999216426,5.04135999216426,5.04135999216426,5.04135999216426,5.04135999216426,5.04135999216426,5.04135999216426,5.04135999216426,5.04135999216426,5.04135999216426,5.04135999216426,5.04135999216426,5.04135999216426,5.04135999216426,5.04135999216426,5.04135999216426,5.04135999216426,5.04135999216426,5.04135999216426,5.04135999216426,5.04135999216426,5.04135999216426,5.04135999216426,5.04135999216426,5.04135999216426,5.04135999216426,5.04135999216426,5.04135999216426,5.04135999216426,5.04135999216426,5.04135999216426,5.04135999216426,5.04135999216426,5.04135999216426,5.04135999216426,5.04135999216426,5.04135999216426,5.04135999216426,5.04135999216426,5.04135999216426,5.04135999216426,5.04135999216426,5.04135999216426,5.04135999216426,5.04135999216426,5.04135999216426,5.04135999216426,5.04135999216426,5.04135999216426,5.04135999216426,5.04135999216426,5.04135999216426,5.04135999216426,5.04135999216426,5.04135999216426,5.04135999216426,5.04135999216426,5.04135999216426,5.04135999216426,5.04135999216426,5.04135999216426,5.04135999216426,5.04135999216426,5.04135999216426,5.04135999216426,5.04135999216426,5.04135999216426,5.04135999216426,5.04135999216426,5.04135999216426,5.04135999216426,5.04135999216426,5.04135999216426,5.04135999216426,5.04135999216426,5.04135999216426,5.04135999216426,5.04135999216426,5.04135999216426,5.04135999216426,5.04135999216426,5.04135999216426,5.04135999216426,5.04135999216426,5.04135999216426,5.04135999216426,5.04135999216426,5.04135999216426,5.04135999216426,5.04135999216426,5.04135999216426,5.04135999216426,5.04135999216426,5.04135999216426,5.04135999216426,5.04135999216426,5.04135999216426,5.04135999216426,5.04135999216426,5.04135999216426,5.04135999216426,5.04135999216426,5.04135999216426,5.04135999216426,5.04135999216426,5.04135999216426,5.04135999216426,5.04135999216426,5.04135999216426,5.04135999216426,5.04135999216426,5.04135999216426,5.04135999216426,5.04135999216426,5.04135999216426,5.04135999216426,5.04135999216426,5.04135999216426,5.04135999216426,5.04135999216426,5.04135999216426,5.04135999216426,5.04135999216426,5.04135999216426,5.04135999216426,5.04135999216426,5.04135999216426,5.04135999216426,5.04135999216426,5.04135999216426,5.04135999216426,5.04135999216426,5.04135999216426,5.04135999216426,5.04135999216426,5.04135999216426,5.04135999216426,5.04135999216426,5.04135999216426,5.04135999216426,5.04135999216426,5.04135999216426,5.04135999216426,5.04135999216426,5.04135999216426,5.04135999216426,5.04135999216426,5.04135999216426,5.04135999216426,5.04135999216426,5.04135999216426,5.04135999216426,5.04135999216426,5.04135999216426,5.04135999216426,5.04135999216426,5.04135999216426,5.04135999216426,5.04135999216426,5.04135999216426,5.04135999216426,5.04135999216426,5.04135999216426,5.04135999216426,5.04135999216426,5.04135999216426,5.04135999216426,5.04135999216426,5.04135999216426,5.04135999216426,5.04135999216426,5.04135999216426,5.04135999216426,5.04135999216426,5.04135999216426,5.04135999216426,5.04135999216426,5.04135999216426,5.04135999216426,5.04135999216426,5.04135999216426,5.04135999216426,5.04135999216426,5.04135999216426,5.04135999216426,5.04135999216426,5.04135999216426,5.04135999216426,5.04135999216426,5.04135999216426,5.04135999216426,5.04135999216426,5.04135999216426,5.04135999216426,5.04135999216426,5.04135999216426,4.930600785362661,4.930600785362661,4.930600785362661,4.930600785362661,4.930600785362661,4.930600785362661,4.930600785362661,4.930600785362661,4.930600785362661,4.930600785362661,4.930600785362661,4.930600785362661,4.930600785362661,4.930600785362661,4.930600785362661,4.930600785362661,4.930600785362661,4.930600785362661,4.930600785362661,4.930600785362661,4.930600785362661,4.930600785362661,4.930600785362661,4.930600785362661,4.930600785362661,4.930600785362661,4.930600785362661,4.930600785362661,4.930600785362661,4.930600785362661,4.930600785362661,4.930600785362661,4.930600785362661,4.930600785362661,4.930600785362661,4.930600785362661,4.930600785362661,4.930600785362661,4.930600785362661,4.930600785362661,4.930600785362661,4.930600785362661,4.930600785362661,4.930600785362661,4.930600785362661,4.930600785362661,4.930600785362661,4.930600785362661,4.930600785362661,4.930600785362661,4.930600785362661,4.930600785362661,4.930600785362661,4.930600785362661,4.930600785362661,4.930600785362661,4.930600785362661,4.930600785362661,4.930600785362661,4.930600785362661,4.930600785362661,4.930600785362661,4.930600785362661,4.930600785362661,4.930600785362661,4.930600785362661,4.930600785362661,4.930600785362661,4.930600785362661,4.930600785362661,4.930600785362661,4.930600785362661,4.930600785362661,4.930600785362661,4.930600785362661,4.930600785362661,4.930600785362661,4.930600785362661,4.930600785362661,4.930600785362661,4.930600785362661,4.930600785362661,4.930600785362661,4.930600785362661,4.930600785362661,4.930600785362661,4.930600785362661,4.930600785362661,4.930600785362661,4.930600785362661,4.930600785362661,4.930600785362661,4.930600785362661,4.930600785362661,4.930600785362661,4.930600785362661,4.930600785362661,4.930600785362661,4.930600785362661,4.930600785362661,4.930600785362661,4.930600785362661,4.930600785362661,4.930600785362661,4.930600785362661,4.930600785362661,4.930600785362661,4.930600785362661,4.930600785362661,5.858087690092073,5.784775836498036,5.784775836498036,5.784775836498036,5.784775836498036,5.784775836498036,5.784775836498036,5.784775836498036,5.784775836498036,5.784775836498036,5.784775836498036,5.784775836498036,5.784775836498036,5.784775836498036,5.784775836498036,5.784775836498036,5.765774870463212,5.765774870463212,5.765774870463212,5.765774870463212,5.765774870463212,5.765774870463212,5.765774870463212,5.765774870463212,5.765774870463212,5.765774870463212,5.614083810860547,5.614083810860547,5.598492284540266,5.598492284540266,5.598492284540266,5.595082844825725,5.595082844825725,5.595082844825725,5.595082844825725,5.595082844825725,5.595082844825725,5.595082844825725,5.595082844825725,5.595082844825725,5.595082844825725,5.595082844825725,5.595082844825725,5.595082844825725,5.595082844825725,5.595082844825725,5.595082844825725,5.595082844825725,5.595082844825725,5.595082844825725,5.595082844825725,5.595082844825725,5.595082844825725,5.595082844825725,5.595082844825725,5.595082844825725,5.595082844825725,5.595082844825725,5.595082844825725,5.595082844825725,5.595082844825725,5.595082844825725,5.595082844825725,5.595082844825725,5.595082844825725,5.595082844825725,5.595082844825725,5.595082844825725,5.595082844825725,5.595082844825725,5.595082844825725,5.595082844825725,5.595082844825725,5.595082844825725,5.595082844825725,5.595082844825725,5.595082844825725,5.595082844825725,5.595082844825725,5.595082844825725,5.595082844825725,5.595082844825725,5.595082844825725,5.595082844825725,5.595082844825725,5.595082844825725,5.595082844825725,5.595082844825725,5.595082844825725,5.595082844825725,5.595082844825725,5.595082844825725,5.595082844825725,5.595082844825725,5.595082844825725,5.441452465772341,5.441452465772341,5.408394459346053,5.408394459346053,5.408394459346053,5.408394459346053,5.069779058602815,5.069779058602815,5.069779058602815,5.069779058602815,4.898868426132179,4.898868426132179,4.841364116579345,4.841364116579345,4.841364116579345,4.841364116579345,4.841364116579345,4.569883278728959,4.569883278728959,4.556968053008836,4.556968053008836,4.556968053008836,4.556968053008836,4.556968053008836,4.556968053008836,4.556968053008836,4.556968053008836,4.556968053008836,4.556968053008836,4.556968053008836,4.556968053008836,4.556968053008836,4.556968053008836,4.556968053008836,4.556968053008836,4.556968053008836,4.556968053008836,4.556968053008836,4.556968053008836,4.556968053008836,4.556968053008836,4.556968053008836,4.556968053008836,4.556968053008836,4.556968053008836,4.556968053008836,4.556968053008836,4.556968053008836,4.556968053008836,4.556968053008836,4.556968053008836,4.556968053008836,4.556968053008836,4.556968053008836,4.556968053008836,4.556968053008836,4.556968053008836,4.556968053008836,4.556968053008836,4.556968053008836,4.556968053008836,4.556968053008836,4.556968053008836,4.556968053008836,4.556968053008836,4.556968053008836,4.556968053008836,4.556968053008836,4.556968053008836,4.556968053008836,4.556968053008836,4.556968053008836,4.556968053008836,4.556968053008836,4.556968053008836,4.556968053008836,4.556968053008836,4.556968053008836,4.556968053008836,4.556968053008836,4.556968053008836,4.556968053008836,4.556968053008836,4.556968053008836,4.556968053008836,4.556968053008836,4.556968053008836,4.556968053008836,4.556968053008836,4.556968053008836,4.556968053008836,4.556968053008836,4.556968053008836,4.556968053008836,4.556968053008836,4.556968053008836,4.556968053008836,4.556968053008836,4.556968053008836,4.556968053008836,4.556968053008836,4.556968053008836,4.556968053008836,4.556968053008836,4.556968053008836,4.556968053008836,4.556968053008836,4.556968053008836,4.556968053008836,4.556968053008836,4.556968053008836,4.556968053008836,4.556968053008836,4.556968053008836,4.515368436973341,4.515368436973341,4.515368436973341,4.515368436973341,4.515368436973341,4.515368436973341,4.515368436973341,4.515368436973341,4.515368436973341,4.515368436973341,4.515368436973341,4.515368436973341,4.515368436973341,4.515368436973341,4.515368436973341,4.515368436973341,4.515368436973341,4.515368436973341,4.515368436973341,4.515368436973341,4.515368436973341,4.515368436973341,4.515368436973341,4.515368436973341,4.515368436973341,4.515368436973341,4.515368436973341,4.515368436973341,4.515368436973341,4.515368436973341,4.515368436973341,4.515368436973341,4.515368436973341,4.515368436973341,4.515368436973341,4.515368436973341,4.515368436973341,4.515368436973341,4.515368436973341,4.515368436973341,4.515368436973341,4.515368436973341,4.515368436973341,4.515368436973341,4.515368436973341,4.515368436973341,4.515368436973341,4.515368436973341,4.515368436973341,4.515368436973341,4.515368436973341,4.515368436973341,4.0589586090610785,4.0589586090610785,4.0589586090610785,4.0589586090610785,4.0589586090610785,4.0589586090610785,4.0589586090610785,4.0589586090610785,4.0589586090610785,4.0589586090610785,4.0589586090610785,4.0589586090610785,4.0589586090610785,4.0589586090610785,4.0589586090610785,4.0589586090610785,4.0589586090610785,4.0589586090610785,4.0589586090610785,4.0589586090610785,4.0589586090610785,4.0589586090610785,4.0589586090610785,3.7806005195385364,3.7806005195385364,3.76588675183754,3.76588675183754,3.76588675183754,3.76588675183754,3.76588675183754,3.76588675183754,3.76588675183754,3.76588675183754,3.76588675183754,3.76588675183754,3.76588675183754,3.76588675183754,3.76588675183754,3.76588675183754,3.76588675183754,3.76588675183754,3.76588675183754,3.76588675183754,3.76588675183754,3.76588675183754,3.76588675183754,3.76588675183754,3.76588675183754,3.76588675183754,3.76588675183754,3.76588675183754,3.76588675183754,3.76588675183754,3.76588675183754,3.76588675183754,3.76588675183754,3.76588675183754,3.76588675183754,3.76588675183754,3.76588675183754,3.76588675183754,3.76588675183754,3.76588675183754,3.76588675183754,3.76588675183754,3.76588675183754,3.76588675183754,3.76588675183754,3.76588675183754,3.76588675183754,3.76588675183754,3.76588675183754,3.76588675183754,3.76588675183754,3.76588675183754,3.76588675183754,3.76588675183754,3.76588675183754,3.76588675183754,3.76588675183754,3.76588675183754,3.76588675183754,3.76588675183754,3.76588675183754,3.76588675183754,3.76588675183754,3.76588675183754,3.76588675183754,3.76588675183754,3.76588675183754,3.76588675183754,3.76588675183754,3.76588675183754,3.76588675183754,3.76588675183754,3.76588675183754,3.76588675183754,3.76588675183754,3.76588675183754,3.76588675183754,3.76588675183754,3.76588675183754,3.76588675183754,3.76588675183754,3.76588675183754,3.76588675183754,3.76588675183754,3.76588675183754,3.76588675183754,3.76588675183754,3.76588675183754,3.76588675183754,3.76588675183754,3.76588675183754,3.76588675183754,3.76588675183754,3.76588675183754,3.76588675183754,3.76588675183754,3.76588675183754,3.76588675183754,3.76588675183754,3.76588675183754,3.76588675183754,3.76588675183754,3.76588675183754,3.76588675183754,3.76588675183754,3.76588675183754,3.76588675183754,3.76588675183754,3.76588675183754,3.76588675183754,3.76588675183754,3.76588675183754,3.76588675183754,3.76588675183754,3.76588675183754,3.76588675183754,3.76588675183754,3.76588675183754,3.76588675183754,3.76588675183754,3.76588675183754,3.76588675183754,3.76588675183754,3.76588675183754,3.76588675183754,3.76588675183754,3.76588675183754,3.76588675183754,3.76588675183754,3.76588675183754,3.76588675183754,3.76588675183754,3.76588675183754,3.76588675183754,3.76588675183754,3.76588675183754,3.76588675183754,3.76588675183754,3.76588675183754,3.76588675183754,3.76588675183754,3.76588675183754,3.76588675183754,3.76588675183754,3.76588675183754,3.76588675183754,3.76588675183754,3.76588675183754,3.76588675183754,3.76588675183754,3.76588675183754,3.76588675183754,3.76588675183754,3.76588675183754,3.76588675183754,3.76588675183754,3.76588675183754,3.76588675183754,3.76588675183754,3.76588675183754,3.76588675183754,3.76588675183754,3.76588675183754,3.76588675183754,3.76588675183754,3.76588675183754,3.76588675183754,3.76588675183754,3.76588675183754,3.76588675183754,3.76588675183754,3.76588675183754,3.76588675183754,3.76588675183754,3.76588675183754,3.76588675183754,3.76588675183754,3.76588675183754,3.76588675183754,3.76588675183754,3.76588675183754,3.76588675183754,3.76588675183754,3.76588675183754,3.76588675183754,3.76588675183754,3.76588675183754,3.76588675183754,3.76588675183754,3.76588675183754,3.76588675183754,3.76588675183754,3.76588675183754,3.76588675183754,3.76588675183754,3.76588675183754,3.76588675183754,3.76588675183754,3.76588675183754,3.76588675183754,3.76588675183754,3.76588675183754,3.76588675183754,3.76588675183754,3.76588675183754,3.76588675183754,3.76588675183754,3.76588675183754,3.76588675183754,3.76588675183754,3.76588675183754,3.76588675183754,3.76588675183754,3.76588675183754,3.76588675183754,3.76588675183754,3.76588675183754,3.76588675183754,3.76588675183754,3.76588675183754,3.76588675183754,3.76588675183754,3.76588675183754,3.76588675183754,3.76588675183754,3.76588675183754,3.76588675183754,3.76588675183754,3.76588675183754,3.76588675183754,3.76588675183754,3.76588675183754,3.76588675183754,3.76588675183754,3.76588675183754,3.76588675183754,3.76588675183754,3.76588675183754,3.76588675183754,3.76588675183754,3.76588675183754,3.76588675183754,3.76588675183754,3.76588675183754,3.76588675183754,3.76588675183754,3.76588675183754,3.76588675183754,3.76588675183754,3.76588675183754,3.76588675183754,3.76588675183754,3.76588675183754,3.76588675183754,3.76588675183754,3.76588675183754,3.76588675183754,3.76588675183754,3.76588675183754,3.76588675183754,3.76588675183754,3.76588675183754,3.76588675183754,3.76588675183754,3.76588675183754,3.76588675183754,3.76588675183754,3.76588675183754,3.76588675183754,3.76588675183754,3.76588675183754,3.76588675183754,3.76588675183754,3.76588675183754,3.76588675183754,3.76588675183754,3.76588675183754,3.76588675183754,3.76588675183754,3.76588675183754,3.76588675183754,3.76588675183754,3.76588675183754,3.76588675183754,3.76588675183754,3.76588675183754,3.76588675183754,3.76588675183754,3.76588675183754,3.76588675183754,3.76588675183754,3.76588675183754,3.76588675183754,3.76588675183754,3.76588675183754,3.76588675183754,3.76588675183754,3.76588675183754,3.76588675183754,3.76588675183754,3.76588675183754,3.76588675183754,3.76588675183754,3.76588675183754,3.76588675183754,3.76588675183754,3.76588675183754,3.76588675183754,3.76588675183754,3.76588675183754,3.76588675183754,3.76588675183754,3.76588675183754,3.76588675183754,3.76588675183754,3.76588675183754,3.76588675183754,3.76588675183754,3.76588675183754,3.76588675183754,3.76588675183754,3.76588675183754,3.76588675183754,3.76588675183754,3.76588675183754,3.76588675183754,3.76588675183754,3.76588675183754,3.76588675183754,3.76588675183754,3.76588675183754,3.76588675183754,3.76588675183754,3.76588675183754,3.76588675183754,3.76588675183754,3.76588675183754,3.76588675183754,3.76588675183754,3.76588675183754,3.76588675183754,3.76588675183754,3.76588675183754,3.76588675183754,3.76588675183754,3.76588675183754,3.76588675183754,3.76588675183754,3.76588675183754,3.76588675183754,3.76588675183754,3.76588675183754,3.76588675183754,3.76588675183754,3.76588675183754,3.76588675183754,3.76588675183754,3.76588675183754,3.76588675183754,3.76588675183754,3.76588675183754,3.76588675183754,3.76588675183754,3.76588675183754,3.76588675183754,3.76588675183754,3.76588675183754,3.76588675183754,3.76588675183754,3.76588675183754,3.76588675183754,3.76588675183754,3.76588675183754,3.76588675183754,3.76588675183754,3.76588675183754,3.76588675183754,3.76588675183754,3.76588675183754,3.76588675183754,3.76588675183754,3.76588675183754,3.76588675183754,3.76588675183754,3.76588675183754,3.76588675183754,3.76588675183754,3.76588675183754,3.76588675183754,3.76588675183754,3.76588675183754,3.76588675183754,3.76588675183754,3.76588675183754,3.76588675183754,3.76588675183754,3.76588675183754,3.76588675183754,3.76588675183754,3.76588675183754,3.76588675183754,3.76588675183754,3.76588675183754,3.76588675183754,3.76588675183754,3.76588675183754,3.76588675183754,3.76588675183754,3.76588675183754,3.76588675183754,3.76588675183754,3.76588675183754,3.76588675183754,3.76588675183754,3.76588675183754,3.76588675183754,3.76588675183754,3.76588675183754,3.76588675183754,3.76588675183754,3.76588675183754,3.76588675183754,3.76588675183754,3.76588675183754,3.76588675183754,3.76588675183754,3.76588675183754,3.76588675183754,3.76588675183754,3.76588675183754,3.76588675183754,3.76588675183754,3.76588675183754,3.76588675183754,3.76588675183754,3.76588675183754,3.76588675183754,3.76588675183754,3.76588675183754,3.76588675183754,3.76588675183754,3.76588675183754,3.76588675183754,3.76588675183754,3.76588675183754,3.76588675183754,3.76588675183754,3.76588675183754,3.76588675183754,3.76588675183754,3.76588675183754,3.76588675183754,3.76588675183754,3.76588675183754,3.76588675183754,3.76588675183754,3.76588675183754,3.76588675183754,3.76588675183754,3.76588675183754,3.76588675183754,3.76588675183754,3.76588675183754,3.76588675183754,3.76588675183754,3.76588675183754,3.76588675183754,3.76588675183754,3.76588675183754,3.76588675183754,3.76588675183754,3.76588675183754,3.76588675183754,3.76588675183754,3.76588675183754,3.76588675183754,3.76588675183754,3.76588675183754,3.76588675183754,3.76588675183754,3.76588675183754,3.76588675183754,3.76588675183754,3.76588675183754,3.76588675183754,3.76588675183754,3.76588675183754,3.76588675183754,3.76588675183754,3.76588675183754,3.76588675183754,3.76588675183754,3.76588675183754,3.76588675183754,3.76588675183754,3.76588675183754,3.76588675183754,3.76588675183754,3.76588675183754,3.76588675183754,3.76588675183754,3.76588675183754,3.76588675183754,3.76588675183754,3.76588675183754,3.76588675183754,3.76588675183754,3.76588675183754,3.76588675183754,3.76588675183754,3.76588675183754,3.76588675183754,3.76588675183754,3.76588675183754,3.76588675183754,3.76588675183754,3.76588675183754,3.76588675183754,3.76588675183754,3.76588675183754,3.76588675183754,3.76588675183754,3.76588675183754,3.76588675183754,3.76588675183754,3.76588675183754,3.76588675183754,3.76588675183754,3.76588675183754,3.76588675183754,3.76588675183754,3.76588675183754,3.76588675183754,3.76588675183754,3.76588675183754,3.76588675183754,3.76588675183754,3.76588675183754,3.76588675183754,3.76588675183754,3.76588675183754,3.76588675183754,3.76588675183754,3.76588675183754,3.76588675183754,3.76588675183754,3.76588675183754,3.76588675183754,3.76588675183754,3.76588675183754,3.76588675183754,3.76588675183754,3.76588675183754,3.76588675183754,3.76588675183754,3.76588675183754,3.76588675183754,3.76588675183754,3.76588675183754,3.76588675183754,3.76588675183754,3.76588675183754,3.76588675183754,3.76588675183754,3.76588675183754,3.76588675183754,3.76588675183754,3.76588675183754,3.76588675183754,3.76588675183754,3.76588675183754,3.76588675183754,3.76588675183754,3.76588675183754,3.76588675183754,3.76588675183754,3.76588675183754,3.76588675183754,3.76588675183754,3.76588675183754,3.76588675183754,3.76588675183754,3.76588675183754,3.76588675183754,3.76588675183754,3.76588675183754,3.76588675183754,3.76588675183754,3.76588675183754,3.76588675183754,3.76588675183754,3.76588675183754,3.76588675183754,3.76588675183754,3.76588675183754,3.76588675183754,3.76588675183754,3.76588675183754,3.76588675183754,3.76588675183754,3.76588675183754,3.76588675183754,3.76588675183754,3.76588675183754,3.76588675183754,3.76588675183754,3.76588675183754,3.76588675183754,3.76588675183754,3.76588675183754,3.76588675183754,3.76588675183754,3.76588675183754,3.76588675183754,3.76588675183754,3.76588675183754,3.76588675183754,3.76588675183754,3.76588675183754,3.76588675183754,3.76588675183754,3.76588675183754,3.76588675183754,3.76588675183754,3.76588675183754,3.76588675183754,3.76588675183754,3.76588675183754,3.76588675183754,3.76588675183754,3.76588675183754,3.76588675183754,3.76588675183754,3.76588675183754,3.76588675183754,3.76588675183754,3.76588675183754,3.76588675183754,3.76588675183754,3.76588675183754,3.76588675183754,3.76588675183754,3.76588675183754,3.76588675183754,3.76588675183754,3.76588675183754,3.76588675183754,3.76588675183754,3.76588675183754,3.76588675183754,3.76588675183754,3.76588675183754,3.76588675183754,3.76588675183754,3.76588675183754,3.76588675183754,3.76588675183754,3.76588675183754,3.76588675183754,3.76588675183754,3.76588675183754,3.76588675183754,3.76588675183754,3.76588675183754,3.76588675183754,3.76588675183754,3.76588675183754,3.76588675183754,3.76588675183754,3.76588675183754,3.76588675183754,3.76588675183754,3.76588675183754,3.76588675183754,3.76588675183754,3.76588675183754,3.76588675183754,3.76588675183754,3.76588675183754,3.76588675183754,3.76588675183754,3.76588675183754,3.76588675183754,3.76588675183754,3.76588675183754,3.76588675183754,3.76588675183754,3.76588675183754,3.76588675183754,3.76588675183754,3.76588675183754,3.76588675183754,3.76588675183754,3.76588675183754,3.76588675183754,3.76588675183754,3.76588675183754,3.76588675183754,3.76588675183754,3.76588675183754,3.76588675183754,3.76588675183754,3.76588675183754,3.76588675183754,3.76588675183754,3.76588675183754,3.76588675183754,3.76588675183754,3.76588675183754,3.76588675183754,3.76588675183754,3.76588675183754,3.76588675183754,3.76588675183754,3.76588675183754,3.76588675183754,6.762175630925388,6.762175630925388,6.762175630925388,6.762175630925388,6.762175630925388,6.762175630925388,6.1876711241616,6.1876711241616,6.1876711241616,6.1876711241616,6.1876711241616,6.1876711241616,6.1876711241616,6.1876711241616,6.1876711241616,6.1876711241616,6.1876711241616,6.1876711241616,6.1876711241616,6.1876711241616,6.1876711241616,6.1876711241616,6.1876711241616,6.1876711241616,6.1876711241616,6.1876711241616,6.1876711241616,6.1876711241616,6.1876711241616,6.1876711241616,6.1876711241616,6.1876711241616,6.1876711241616,6.1876711241616,6.1876711241616,6.1876711241616,6.1876711241616,6.1876711241616,6.1876711241616,6.1876711241616,6.1876711241616,6.1876711241616,6.1876711241616,6.1876711241616,6.1876711241616,6.1876711241616,6.1876711241616,6.1876711241616,6.1876711241616,6.1876711241616,6.1876711241616,6.1876711241616,6.1876711241616,6.1876711241616,6.1876711241616,6.1876711241616,6.1876711241616,6.1876711241616,6.1876711241616,6.1876711241616,6.1876711241616,6.1876711241616,6.1876711241616,6.1876711241616,6.1876711241616,6.1876711241616,6.1876711241616,6.1876711241616,6.1876711241616,6.1876711241616,5.068460120772258,4.752496326308393,4.752496326308393,4.708322491170856,4.708322491170856,4.708322491170856,4.708322491170856,4.708322491170856,4.708322491170856,4.708322491170856,4.708322491170856,4.708322491170856,4.708322491170856,4.708322491170856,4.708322491170856,4.708322491170856,4.708322491170856,4.708322491170856,4.708322491170856,4.708322491170856,4.708322491170856,4.708322491170856,4.708322491170856,4.708322491170856,4.708322491170856,4.708322491170856,4.708322491170856,4.708322491170856,4.708322491170856,4.708322491170856,4.708322491170856,4.708322491170856,4.708322491170856,4.708322491170856,4.708322491170856,4.708322491170856,4.708322491170856,4.708322491170856,4.708322491170856,4.708322491170856,4.708322491170856,4.708322491170856,4.708322491170856,4.708322491170856,4.708322491170856,4.708322491170856,4.708322491170856,4.708322491170856,4.708322491170856,4.708322491170856,4.708322491170856,4.708322491170856,4.708322491170856,4.708322491170856,4.708322491170856,4.708322491170856,4.708322491170856,4.708322491170856,4.708322491170856,4.708322491170856,4.708322491170856,4.708322491170856,4.708322491170856,4.708322491170856,4.708322491170856,4.708322491170856,4.708322491170856,4.708322491170856,4.708322491170856,4.708322491170856,4.708322491170856,4.708322491170856,4.708322491170856,4.708322491170856,4.708322491170856,4.708322491170856,4.708322491170856,4.708322491170856,4.708322491170856,4.708322491170856,4.708322491170856,4.708322491170856,4.708322491170856,4.708322491170856,4.708322491170856,4.708322491170856,4.708322491170856,4.708322491170856,4.708322491170856,4.708322491170856,4.708322491170856,4.708322491170856,4.708322491170856,4.708322491170856,4.708322491170856,4.708322491170856,4.708322491170856,4.708322491170856,4.708322491170856,4.708322491170856,4.708322491170856,4.708322491170856,4.708322491170856,4.708322491170856,4.708322491170856,4.708322491170856,4.708322491170856,4.708322491170856,4.708322491170856,4.708322491170856,4.708322491170856,4.708322491170856,4.708322491170856,4.708322491170856,4.708322491170856,4.708322491170856,4.708322491170856,4.708322491170856,4.708322491170856,4.708322491170856,4.708322491170856,4.708322491170856,4.708322491170856,4.708322491170856,4.708322491170856,4.708322491170856,4.708322491170856,4.708322491170856,4.584623412558662,4.584623412558662,4.584623412558662,4.584623412558662,4.584623412558662,4.584623412558662,4.584623412558662,4.584623412558662,4.584623412558662,4.584623412558662,4.584623412558662,4.584623412558662,4.584623412558662,4.584623412558662,4.584623412558662,4.584623412558662,4.584623412558662,4.584623412558662,4.584623412558662,4.584623412558662,4.584623412558662,4.584623412558662,4.584623412558662,4.584623412558662,4.584623412558662,4.584623412558662,4.584623412558662,4.584623412558662,4.584623412558662,4.584623412558662,4.584623412558662,4.584623412558662,4.584623412558662,4.584623412558662,4.584623412558662,4.584623412558662,4.584623412558662,4.584623412558662,4.584623412558662,4.584623412558662,4.584623412558662,4.584623412558662,4.584623412558662,4.584623412558662,4.584623412558662,4.584623412558662,4.584623412558662,4.584623412558662,4.584623412558662,4.584623412558662,4.584623412558662,4.584623412558662,4.584623412558662,4.584623412558662,4.584623412558662,4.584623412558662,4.584623412558662,4.584623412558662,4.584623412558662,4.584623412558662,4.584623412558662,4.584623412558662,4.584623412558662,4.584623412558662,4.584623412558662,4.584623412558662,4.584623412558662,4.584623412558662,4.584623412558662,4.584623412558662,4.584623412558662,4.584623412558662,4.584623412558662,4.584623412558662,4.584623412558662,4.584623412558662,4.584623412558662,4.584623412558662,4.584623412558662,4.584623412558662,4.584623412558662,4.584623412558662,4.584623412558662,4.584623412558662,4.584623412558662,4.584623412558662,4.584623412558662,4.584623412558662,4.584623412558662,4.584623412558662,4.584623412558662,4.584623412558662,4.584623412558662,4.584623412558662,4.584623412558662,4.584623412558662,4.584623412558662,4.584623412558662,4.584623412558662,4.584623412558662,4.584623412558662,4.584623412558662,4.584623412558662,4.584623412558662,4.584623412558662,4.584623412558662,4.584623412558662,4.584623412558662,4.584623412558662,4.584623412558662,4.584623412558662,4.584623412558662,4.584623412558662,4.584623412558662,4.584623412558662,4.584623412558662,4.584623412558662,4.584623412558662,4.584623412558662,4.584623412558662,4.584623412558662,4.584623412558662,4.584623412558662,4.584623412558662,4.584623412558662,4.584623412558662,4.584623412558662,4.584623412558662,4.584623412558662,4.584623412558662,4.584623412558662,4.584623412558662,4.584623412558662,4.584623412558662,4.584623412558662,4.584623412558662,4.584623412558662,4.584623412558662,4.584623412558662,4.584623412558662,4.584623412558662,4.584623412558662,4.584623412558662,4.584623412558662,4.584623412558662,4.584623412558662,4.584623412558662,4.584623412558662,4.584623412558662,4.584623412558662,4.584623412558662,4.584623412558662,4.584623412558662,4.584623412558662,4.584623412558662,4.584623412558662,4.584623412558662,4.584623412558662,4.584623412558662,4.584623412558662,4.584623412558662,4.584623412558662,4.584623412558662,4.584623412558662,4.584623412558662,4.584623412558662,4.584623412558662,4.584623412558662,4.584623412558662,4.584623412558662,4.584623412558662,2.4128578086586296,2.4128578086586296,2.4128578086586296,2.4128578086586296,2.4128578086586296,2.4128578086586296,2.4128578086586296,2.4128578086586296,2.4128578086586296,2.4128578086586296,2.4128578086586296,2.4128578086586296,2.4128578086586296,2.4128578086586296,2.4128578086586296,2.4128578086586296,2.4128578086586296,2.4128578086586296,2.4128578086586296,2.4128578086586296,2.4128578086586296,2.4128578086586296,2.4128578086586296,2.4128578086586296,2.4128578086586296,2.4128578086586296,2.4128578086586296,2.4128578086586296,2.4128578086586296,2.4128578086586296,2.4128578086586296,2.4128578086586296,2.4128578086586296,2.4128578086586296,2.4128578086586296,2.4128578086586296,2.4128578086586296,2.4128578086586296,2.4128578086586296,2.4128578086586296,2.4128578086586296,2.4128578086586296,2.4128578086586296,2.4128578086586296,2.4128578086586296,2.4128578086586296,2.4128578086586296,2.4128578086586296,2.4128578086586296,2.4128578086586296,2.4128578086586296,2.4128578086586296,2.4128578086586296,2.4128578086586296,2.4128578086586296,2.4128578086586296,2.4128578086586296,2.4128578086586296,2.4128578086586296,2.4128578086586296,2.4128578086586296,2.4128578086586296,2.4128578086586296,2.4128578086586296,2.4128578086586296,2.4128578086586296,2.4128578086586296,2.4128578086586296,2.4128578086586296,2.4128578086586296,2.4128578086586296,2.4128578086586296,2.4128578086586296,2.4128578086586296,2.4128578086586296,2.4128578086586296,2.4128578086586296,2.4128578086586296,2.4128578086586296,2.4128578086586296,2.4128578086586296,2.4128578086586296,2.4128578086586296,2.4128578086586296,2.4128578086586296,2.4128578086586296,2.4128578086586296,2.4128578086586296,2.4128578086586296,2.4128578086586296,2.4128578086586296,2.4128578086586296,2.4128578086586296,2.4128578086586296,2.4128578086586296,2.4128578086586296,2.4128578086586296,2.4128578086586296,2.4128578086586296,2.4128578086586296,2.4128578086586296,2.4128578086586296,2.4128578086586296,2.4128578086586296,2.4128578086586296,2.4128578086586296,2.4128578086586296,2.4128578086586296,2.4128578086586296,2.4128578086586296,2.4128578086586296,2.4128578086586296,2.4128578086586296,2.4128578086586296,2.4128578086586296,2.4128578086586296,2.4128578086586296,2.4128578086586296,2.4128578086586296,2.4128578086586296,2.4128578086586296,2.4128578086586296,2.4128578086586296,2.4128578086586296,2.4128578086586296,2.4128578086586296,2.4128578086586296,2.4128578086586296,2.4128578086586296,2.4128578086586296,2.4128578086586296,2.4128578086586296,2.4128578086586296,2.4128578086586296,2.4128578086586296,2.4128578086586296,2.4128578086586296,2.4128578086586296,2.4128578086586296,2.4128578086586296,2.4128578086586296,2.4128578086586296,2.4128578086586296,2.4128578086586296,2.4128578086586296,2.4128578086586296,2.4128578086586296,2.4128578086586296,2.4128578086586296,2.4128578086586296,2.4128578086586296,2.4128578086586296,2.4128578086586296,2.4128578086586296,2.4128578086586296,2.4128578086586296,2.4128578086586296,2.4128578086586296,2.4128578086586296,2.4128578086586296,2.4128578086586296,2.4128578086586296,2.4128578086586296,2.4128578086586296,2.4128578086586296,2.4128578086586296,2.4128578086586296,2.4128578086586296,2.4128578086586296,2.4128578086586296,2.4128578086586296,2.4128578086586296,2.4128578086586296,2.4128578086586296,2.4128578086586296,2.4128578086586296,2.4128578086586296,2.4128578086586296,2.4128578086586296,2.4128578086586296,2.4128578086586296,2.4128578086586296,2.4128578086586296,2.4128578086586296,2.4128578086586296,2.4128578086586296,2.4128578086586296,2.4128578086586296,2.4128578086586296,2.4128578086586296,2.4128578086586296,2.4128578086586296,2.4128578086586296,2.4128578086586296,2.4128578086586296,2.4128578086586296,2.4128578086586296,2.4128578086586296,2.4128578086586296,2.4128578086586296,2.4128578086586296,2.4128578086586296,2.4128578086586296,2.4128578086586296,2.4128578086586296,2.4128578086586296,2.4128578086586296,2.4128578086586296,2.4128578086586296,2.4128578086586296,2.4128578086586296,2.4128578086586296,2.4128578086586296,2.4128578086586296,2.4128578086586296,2.4128578086586296,2.4128578086586296,2.4128578086586296,2.4128578086586296,2.4128578086586296,2.4128578086586296,2.4128578086586296,2.4128578086586296,2.4128578086586296,2.4128578086586296,2.4128578086586296,2.4128578086586296,2.4128578086586296,2.4128578086586296,2.4128578086586296,2.4128578086586296,2.4128578086586296,2.4128578086586296,2.4128578086586296,2.4128578086586296,2.4128578086586296,2.4128578086586296,2.4128578086586296,2.4128578086586296,2.4128578086586296,2.4128578086586296,2.4128578086586296,2.4128578086586296,2.4128578086586296,2.4128578086586296,2.4128578086586296,2.4128578086586296,2.4128578086586296,2.4128578086586296,2.4128578086586296,2.4128578086586296,2.4128578086586296,2.4128578086586296,2.4128578086586296,2.4128578086586296,2.4128578086586296,2.4128578086586296,2.4128578086586296,2.4128578086586296,2.4128578086586296,2.4128578086586296,2.4128578086586296,2.4128578086586296,2.4128578086586296,2.4128578086586296,2.4128578086586296,2.4128578086586296,2.4128578086586296,2.4128578086586296,2.4128578086586296,2.4128578086586296,2.4128578086586296,2.4128578086586296,2.4128578086586296,2.4128578086586296,2.4128578086586296,2.4128578086586296,2.4128578086586296,2.4128578086586296,2.4128578086586296,2.4128578086586296,2.4128578086586296,2.4128578086586296,2.4128578086586296,2.4128578086586296,2.4128578086586296,2.4128578086586296,2.4128578086586296,2.4128578086586296,2.4128578086586296,2.4128578086586296,2.4128578086586296,2.4128578086586296,2.4128578086586296,2.4128578086586296,2.4128578086586296,2.4128578086586296,2.4128578086586296,2.4128578086586296,2.4128578086586296,2.4128578086586296,2.4128578086586296,2.4128578086586296,2.4128578086586296,2.4128578086586296,2.4128578086586296,2.4128578086586296,2.4128578086586296,2.4128578086586296,2.4128578086586296,2.4128578086586296,2.4128578086586296,2.4128578086586296,2.4128578086586296,2.4128578086586296,2.4128578086586296,2.4128578086586296,2.4128578086586296,2.4128578086586296,2.4128578086586296,2.4128578086586296,2.4128578086586296,2.4128578086586296,2.4128578086586296,2.4128578086586296,2.4128578086586296,2.4128578086586296,2.4128578086586296,2.4128578086586296,2.4128578086586296,2.4128578086586296,2.4128578086586296,2.4128578086586296,2.4128578086586296,2.4128578086586296,2.4128578086586296,2.4128578086586296,2.4128578086586296,2.4128578086586296,2.4128578086586296,2.4128578086586296,2.4128578086586296,2.4128578086586296,2.4128578086586296,2.4128578086586296,2.4128578086586296,2.4128578086586296,2.4128578086586296,2.4128578086586296,2.4128578086586296,2.4128578086586296,2.4128578086586296,2.4128578086586296,2.4128578086586296,2.4128578086586296,2.4128578086586296,2.4128578086586296,2.4128578086586296,2.4128578086586296,2.4128578086586296,2.4128578086586296,2.4128578086586296,2.4128578086586296,2.4128578086586296,2.4128578086586296,2.4128578086586296,2.4128578086586296,2.4128578086586296,2.4128578086586296,2.4128578086586296,2.4128578086586296,2.4128578086586296,2.4128578086586296,2.4128578086586296,2.4128578086586296,2.4128578086586296,2.4128578086586296,2.4128578086586296,2.4128578086586296,2.4128578086586296,2.4128578086586296,2.4128578086586296,2.4128578086586296,2.4128578086586296,2.4128578086586296,2.4128578086586296,2.4128578086586296,2.4128578086586296,2.4128578086586296,2.4128578086586296,2.4128578086586296,2.4128578086586296,2.4128578086586296,2.4128578086586296,2.4128578086586296,2.4128578086586296,2.4128578086586296,2.4128578086586296,2.4128578086586296,2.4128578086586296,2.4128578086586296,2.4128578086586296,2.4128578086586296,2.4128578086586296,2.4128578086586296,2.4128578086586296,2.4128578086586296,2.4128578086586296,2.4128578086586296,2.4128578086586296,2.4128578086586296,2.4128578086586296,2.4128578086586296,2.4128578086586296,2.4128578086586296,2.4128578086586296,2.4128578086586296,2.4128578086586296,2.4128578086586296,2.4128578086586296,2.4128578086586296,2.4128578086586296,2.4128578086586296,2.4128578086586296,2.4128578086586296,2.4128578086586296,2.4128578086586296,2.4128578086586296,2.4128578086586296,2.4128578086586296,2.4128578086586296,2.4128578086586296,2.4128578086586296,2.4128578086586296,2.4128578086586296,2.4128578086586296,2.4128578086586296,2.4128578086586296,2.4128578086586296,2.4128578086586296,2.4128578086586296,2.4128578086586296,2.4128578086586296,2.4128578086586296,2.4128578086586296,2.4128578086586296,2.4128578086586296,2.4128578086586296,2.4128578086586296,2.4128578086586296,2.4128578086586296,2.4128578086586296,2.4128578086586296,2.4128578086586296,2.4128578086586296,2.4128578086586296,2.4128578086586296,2.4128578086586296,2.4128578086586296,2.4128578086586296,2.4128578086586296,2.4128578086586296,2.4128578086586296,2.4128578086586296,2.4128578086586296,2.4128578086586296,2.4128578086586296,2.4128578086586296,2.4128578086586296,2.4128578086586296,2.4128578086586296,2.4128578086586296,2.4128578086586296,2.4128578086586296,2.4128578086586296,2.4128578086586296,2.4128578086586296,2.4128578086586296,2.4128578086586296,2.4128578086586296,2.4128578086586296,2.4128578086586296,2.4128578086586296,2.4128578086586296,2.4128578086586296,2.4128578086586296,2.4128578086586296,2.4128578086586296,2.4128578086586296,2.4128578086586296,2.4128578086586296,2.4128578086586296,2.4128578086586296,2.4128578086586296,2.4128578086586296,2.4128578086586296,2.4128578086586296,2.4128578086586296,2.4128578086586296,2.4128578086586296,2.4128578086586296,2.4128578086586296,2.4128578086586296,2.4128578086586296,2.4128578086586296,2.4128578086586296,2.4128578086586296,2.4128578086586296,2.4128578086586296,2.4128578086586296,2.4128578086586296,2.4128578086586296,2.4128578086586296,2.4128578086586296,2.4128578086586296,2.4128578086586296,2.4128578086586296,2.4128578086586296,2.4128578086586296,2.4128578086586296,2.4128578086586296,2.4128578086586296,2.4128578086586296,2.4128578086586296,2.4128578086586296,2.4128578086586296,2.4128578086586296,2.4128578086586296,2.4128578086586296,2.4128578086586296,2.4128578086586296,2.4128578086586296,2.4128578086586296,2.4128578086586296,2.4128578086586296,2.4128578086586296,2.4128578086586296,2.4128578086586296,2.4128578086586296,2.4128578086586296,2.4128578086586296,2.4128578086586296,2.4128578086586296,2.4128578086586296,2.4128578086586296,2.4128578086586296,2.4128578086586296,2.4128578086586296,2.4128578086586296,2.4128578086586296,2.4128578086586296,2.4128578086586296,2.4128578086586296,2.4128578086586296,2.4128578086586296,2.4128578086586296,2.4128578086586296,2.4128578086586296,2.4128578086586296,2.4128578086586296,2.4128578086586296,2.4128578086586296,2.4128578086586296,2.4128578086586296,2.4128578086586296,2.4128578086586296,2.4128578086586296,2.4128578086586296,2.4128578086586296,2.4128578086586296,2.4128578086586296,2.4128578086586296,2.4128578086586296,2.4128578086586296,2.4128578086586296,2.4128578086586296,2.4128578086586296,2.4128578086586296,2.4128578086586296,2.4128578086586296,2.4128578086586296,2.4128578086586296,2.4128578086586296,2.4128578086586296,2.4128578086586296,2.4128578086586296,2.4128578086586296,2.4128578086586296,2.4128578086586296,2.4128578086586296,2.4128578086586296,2.4128578086586296,2.4128578086586296,2.4128578086586296,2.4128578086586296,2.4128578086586296,2.4128578086586296,2.4128578086586296,2.4128578086586296,2.4128578086586296,2.4128578086586296,2.4128578086586296,2.4128578086586296,2.4128578086586296,2.4128578086586296,2.4128578086586296,2.4128578086586296,2.4128578086586296,2.4128578086586296,2.4128578086586296,2.4128578086586296,2.4128578086586296,2.4128578086586296,2.4128578086586296,2.4128578086586296,2.4128578086586296,2.4128578086586296,2.4128578086586296,2.4128578086586296,2.4128578086586296,2.4128578086586296,2.4128578086586296,2.4128578086586296,2.4128578086586296,2.4128578086586296,2.4128578086586296,2.4128578086586296,2.4128578086586296,2.4128578086586296,2.4128578086586296,2.4128578086586296,11.11587665262156,10.355977625470667,10.355912583919244,10.355912583919244,10.062285854937851,9.96775334912772,9.240759614466779,8.609858368345373,8.609858368345373,8.609858368345373,8.609858368345373,8.609858368345373,8.606872044166387,8.606872044166387,8.606872044166387,8.606872044166387,8.606872044166387,8.606872044166387,8.606872044166387,8.606872044166387,8.606872044166387,8.606872044166387,8.606872044166387,8.606872044166387,8.606872044166387,8.606872044166387,8.606872044166387,8.606872044166387,8.606872044166387,8.606872044166387,8.606872044166387,8.606872044166387,8.606872044166387,8.606872044166387,8.606872044166387,8.606872044166387,8.606872044166387,8.606872044166387,8.606872044166387,8.606872044166387,8.606872044166387,8.606872044166387,8.606872044166387,8.606872044166387,8.606872044166387,8.606872044166387,8.606872044166387,8.606872044166387,8.606872044166387,8.606872044166387,8.606872044166387,8.606872044166387,8.160016902948481,8.071757646705757,6.16707541657111,6.16707541657111,6.16707541657111,6.16707541657111,6.16707541657111,6.16707541657111,6.16707541657111,6.16707541657111,6.16707541657111,6.16707541657111,6.16707541657111,6.16707541657111,6.16707541657111,6.16707541657111,6.16707541657111,6.16707541657111,6.16707541657111,6.16707541657111,6.16707541657111,6.16707541657111,6.16707541657111,6.16707541657111,6.16707541657111,6.16707541657111,6.16707541657111,6.16707541657111,6.16707541657111,6.16707541657111,6.16707541657111,6.16707541657111,6.16707541657111,6.16707541657111,6.16707541657111,6.16707541657111,6.16707541657111,6.16707541657111,6.16707541657111,6.16707541657111,6.16707541657111,6.16707541657111,6.16707541657111,6.16707541657111,6.16707541657111,6.16707541657111,6.16707541657111,6.16707541657111,6.16707541657111,6.16707541657111,6.16707541657111,6.16707541657111,6.16707541657111,6.16707541657111,6.16707541657111,6.16707541657111,6.16707541657111,6.16707541657111,6.16707541657111,6.16707541657111,6.16707541657111,6.16707541657111,6.16707541657111,6.16707541657111,6.16707541657111,6.16707541657111,6.16707541657111,6.16707541657111,6.16707541657111,6.16707541657111,6.16707541657111,6.16707541657111,6.16707541657111,6.16707541657111,6.16707541657111,6.16707541657111,6.16707541657111,6.16707541657111,6.16707541657111,6.16707541657111,6.16707541657111,6.16707541657111,6.16707541657111,6.16707541657111,6.16707541657111,6.16707541657111,6.16707541657111,6.16707541657111,6.16707541657111,6.16707541657111,6.16707541657111,6.16707541657111,6.16707541657111,6.16707541657111,6.16707541657111,6.16707541657111,6.16707541657111,6.16707541657111,6.16707541657111,6.16707541657111,6.16707541657111,6.16707541657111,6.16707541657111,6.16707541657111,6.16707541657111,6.16707541657111,6.16707541657111,6.16707541657111,6.16707541657111,6.16707541657111,6.16707541657111,6.16707541657111,6.16707541657111,6.16707541657111,6.16707541657111,6.16707541657111,6.16707541657111,6.16707541657111,6.16707541657111,6.16707541657111,6.16707541657111,6.16707541657111,6.16707541657111,6.16707541657111,6.16707541657111,6.16707541657111,6.16707541657111,6.16707541657111,6.16707541657111,6.16707541657111,6.16707541657111,6.16707541657111,6.16707541657111,6.16707541657111,6.16707541657111,6.16707541657111,6.16707541657111,3.2341062371259413,3.2341062371259413,3.2341062371259413,3.2341062371259413,3.2341062371259413,3.2341062371259413,3.2341062371259413,3.2341062371259413,3.2341062371259413,3.2341062371259413,3.2341062371259413,3.2341062371259413,3.2341062371259413,3.2341062371259413,3.2341062371259413,3.2341062371259413,3.2341062371259413,3.2341062371259413,3.2341062371259413,3.2341062371259413,3.2341062371259413,3.2341062371259413,3.2341062371259413,3.2341062371259413,3.2341062371259413,3.2341062371259413,3.2341062371259413,3.2341062371259413,3.2341062371259413,3.2341062371259413,3.2341062371259413,3.2341062371259413,3.2341062371259413,3.2341062371259413,3.2341062371259413,3.2341062371259413,3.2341062371259413,3.2341062371259413,3.2341062371259413,3.2341062371259413,3.2341062371259413,3.2341062371259413,3.2341062371259413,3.2341062371259413,3.2341062371259413,3.2341062371259413,3.2341062371259413,3.2341062371259413,3.2341062371259413,3.2341062371259413,3.2341062371259413,3.2341062371259413,3.2341062371259413,3.2341062371259413,3.2341062371259413,3.2341062371259413,3.2341062371259413,3.2341062371259413,3.2341062371259413,3.2341062371259413,3.2341062371259413,3.2341062371259413,3.2341062371259413,3.2341062371259413,3.2341062371259413,3.2341062371259413,3.2341062371259413,3.2341062371259413,3.2341062371259413,3.2341062371259413,3.2341062371259413,3.2341062371259413,3.2341062371259413,3.2341062371259413,3.2341062371259413,3.2341062371259413,3.2341062371259413,3.2341062371259413,3.2341062371259413,3.2341062371259413,3.2341062371259413,3.2341062371259413,3.2341062371259413,3.2341062371259413,3.2341062371259413,3.2341062371259413,3.2341062371259413,3.2341062371259413,3.2341062371259413,3.2341062371259413,3.2341062371259413,3.2341062371259413,3.2341062371259413,3.2341062371259413,3.2341062371259413,3.2341062371259413,3.2341062371259413,3.2341062371259413,3.2341062371259413,3.2341062371259413,3.2341062371259413,3.2341062371259413,3.2341062371259413,3.2341062371259413,3.2341062371259413,3.2341062371259413,3.2341062371259413,3.2341062371259413,3.2341062371259413,3.2341062371259413,3.2341062371259413,3.2341062371259413,3.2341062371259413,3.2341062371259413,3.2341062371259413,3.2341062371259413,3.2341062371259413,3.2341062371259413,3.2341062371259413,3.2341062371259413,3.2341062371259413,3.2341062371259413,3.2341062371259413,3.2341062371259413,3.2341062371259413,3.2341062371259413,3.2341062371259413,3.2341062371259413,3.2341062371259413,3.2341062371259413,3.2341062371259413,3.2341062371259413,3.2341062371259413,3.2341062371259413,3.2341062371259413,3.2341062371259413,3.2341062371259413,3.2341062371259413,3.2341062371259413,3.2341062371259413,3.2341062371259413,3.2341062371259413,3.2341062371259413,3.2341062371259413,3.2341062371259413,3.2341062371259413,3.2341062371259413,2.2087757094086378,2.2087757094086378,2.2087757094086378,2.2087757094086378,2.2087757094086378,2.2087757094086378,2.2087757094086378,2.2087757094086378,2.2087757094086378,2.2087757094086378,2.2087757094086378,2.2087757094086378,2.2087757094086378,2.2087757094086378,2.2087757094086378,2.2087757094086378,2.2087757094086378,2.2087757094086378,2.2087757094086378,2.2087757094086378,2.2087757094086378,2.2087757094086378,2.2087757094086378,2.2087757094086378,2.2087757094086378,2.2087757094086378,2.2087757094086378,2.2087757094086378,2.2087757094086378,2.2087757094086378,2.2087757094086378,2.2087757094086378,2.2087757094086378,2.2087757094086378,2.2087757094086378,2.2087757094086378,2.2087757094086378,2.2087757094086378,2.2087757094086378,2.2087757094086378,2.2087757094086378,2.2087757094086378,2.2087757094086378,2.2087757094086378,2.2087757094086378,2.2087757094086378,2.2087757094086378,2.2087757094086378,2.2087757094086378,2.2087757094086378,2.2087757094086378,2.2087757094086378,2.2087757094086378,2.2087757094086378,2.2087757094086378,2.2087757094086378,2.2087757094086378,2.2087757094086378,2.2087757094086378,2.2087757094086378,2.2087757094086378,2.2087757094086378,2.2087757094086378,2.2087757094086378,2.2087757094086378,2.2087757094086378,2.2087757094086378,2.2087757094086378,2.2087757094086378,2.2087757094086378,2.2087757094086378,2.2087757094086378,2.2087757094086378,2.2087757094086378,2.2087757094086378,2.2087757094086378,2.2087757094086378,2.2087757094086378,2.2087757094086378,2.2087757094086378,2.2087757094086378,2.2087757094086378,2.2087757094086378,2.2087757094086378,2.2087757094086378,2.2087757094086378,2.2087757094086378,2.2087757094086378,2.2087757094086378,2.2087757094086378,2.2087757094086378,2.2087757094086378,2.2087757094086378,2.2087757094086378,2.2087757094086378,2.2087757094086378,2.2087757094086378,2.2087757094086378,2.2087757094086378,2.2087757094086378,2.2087757094086378,2.2087757094086378,2.2087757094086378,2.2087757094086378,2.2087757094086378,2.2087757094086378,2.2087757094086378,2.2087757094086378,2.2087757094086378,2.2087757094086378,2.2087757094086378,2.2087757094086378,2.2087757094086378,2.2087757094086378,2.2087757094086378,2.2087757094086378,2.2087757094086378,2.2087757094086378,2.2087757094086378,2.2087757094086378,2.2087757094086378,2.2087757094086378,2.2087757094086378,2.2087757094086378,2.2087757094086378,2.2087757094086378,2.2087757094086378,2.2087757094086378,2.2087757094086378,2.2087757094086378,2.2087757094086378,2.2087757094086378,2.2087757094086378,2.2087757094086378,2.2087757094086378,2.2087757094086378,2.2087757094086378,2.2087757094086378,2.2087757094086378,2.2087757094086378,2.2087757094086378,2.2087757094086378,2.2087757094086378,2.2087757094086378,2.2087757094086378,2.2087757094086378,2.2087757094086378,2.2087757094086378,2.2087757094086378,2.2087757094086378,2.2087757094086378,2.2087757094086378,2.2087757094086378,2.2087757094086378,2.2087757094086378,2.2087757094086378,2.2087757094086378,2.2087757094086378,2.2087757094086378,2.2087757094086378,2.2087757094086378,2.2087757094086378,2.2087757094086378,2.2087757094086378,2.2087757094086378,2.2087757094086378,2.2087757094086378,2.2087757094086378,2.2087757094086378,2.2087757094086378,2.2087757094086378,2.2087757094086378,2.2087757094086378,2.2087757094086378,2.2087757094086378,2.2087757094086378,2.2087757094086378,2.2087757094086378,2.2087757094086378,2.2087757094086378,2.2087757094086378,2.2087757094086378,2.2087757094086378,2.2087757094086378,2.2087757094086378,2.2087757094086378,2.2087757094086378,2.2087757094086378,2.2087757094086378,2.2087757094086378,2.2087757094086378,2.2087757094086378,2.2087757094086378,2.2087757094086378,2.2087757094086378,2.2087757094086378,2.2087757094086378,2.2087757094086378,2.2087757094086378,2.2087757094086378,2.2087757094086378,2.2087757094086378,2.2087757094086378,2.2087757094086378,2.2087757094086378,2.2087757094086378,2.2087757094086378,2.2087757094086378,2.2087757094086378,2.2087757094086378,2.2087757094086378,2.2087757094086378,2.2087757094086378,2.2087757094086378,2.2087757094086378,2.2087757094086378,2.2087757094086378,2.2087757094086378,2.2087757094086378,2.2087757094086378,2.2087757094086378,2.2087757094086378,2.2087757094086378,2.2087757094086378,2.2087757094086378,2.2087757094086378,2.2087757094086378,2.2087757094086378,2.2087757094086378,2.2087757094086378,2.2087757094086378,2.2087757094086378,2.2087757094086378,2.2087757094086378,2.2087757094086378,2.2087757094086378,2.2087757094086378,2.2087757094086378,2.2087757094086378,2.2087757094086378,2.2087757094086378,2.2087757094086378,2.2087757094086378,2.2087757094086378,2.2087757094086378,2.2087757094086378,2.2087757094086378,2.2087757094086378,2.2087757094086378,2.2087757094086378,2.2087757094086378,2.2087757094086378,2.2087757094086378,2.2087757094086378,2.2087757094086378,2.2087757094086378,2.2087757094086378,2.2087757094086378,2.2087757094086378,2.2087757094086378,2.2087757094086378,2.2087757094086378,2.2087757094086378,2.2087757094086378,2.2087757094086378,2.2087757094086378,2.2087757094086378,2.2087757094086378,2.2087757094086378,2.2087757094086378,2.2087757094086378,2.2087757094086378,2.2087757094086378,2.2087757094086378,2.2087757094086378,2.2087757094086378,2.2087757094086378,2.2087757094086378,2.2087757094086378,2.2087757094086378,2.2087757094086378,2.2087757094086378,2.2087757094086378,2.2087757094086378,2.2087757094086378,2.2087757094086378,2.2087757094086378,2.2087757094086378,2.2087757094086378,2.2087757094086378,2.2087757094086378,2.2087757094086378,2.2087757094086378,2.2087757094086378,2.2087757094086378,2.2087757094086378,2.2087757094086378,2.2087757094086378,2.2087757094086378,2.2087757094086378,2.2087757094086378,2.2087757094086378,2.2087757094086378,2.2087757094086378,2.2087757094086378,2.2087757094086378,2.2087757094086378,2.2087757094086378,2.2087757094086378,2.2087757094086378,2.2087757094086378,2.2087757094086378,2.2087757094086378,2.2087757094086378,2.2087757094086378,2.2087757094086378,2.2087757094086378,2.2087757094086378,2.2087757094086378,2.2087757094086378,2.2087757094086378,2.2087757094086378,2.2087757094086378,2.2087757094086378,2.2087757094086378,2.2087757094086378,2.2087757094086378,2.2087757094086378,2.2087757094086378,2.2087757094086378,2.2087757094086378,2.2087757094086378,2.2087757094086378,2.2087757094086378,2.2087757094086378,2.2087757094086378,2.2087757094086378,2.2087757094086378,2.2087757094086378,2.2087757094086378,2.2087757094086378,2.2087757094086378,2.2087757094086378,2.2087757094086378,2.2087757094086378,2.2087757094086378,2.2087757094086378,2.2087757094086378,2.2087757094086378,2.2087757094086378,2.2087757094086378,2.2087757094086378,2.2087757094086378,2.2087757094086378,2.2087757094086378,2.2087757094086378,2.2087757094086378,2.2087757094086378,2.2087757094086378,2.2087757094086378,2.2087757094086378,2.2087757094086378,2.2087757094086378,2.2087757094086378,2.2087757094086378,2.2087757094086378,2.2087757094086378,2.2087757094086378,2.2087757094086378,2.2087757094086378,2.2087757094086378,2.2087757094086378,2.2087757094086378,2.2087757094086378,2.2087757094086378,2.2087757094086378,2.2087757094086378,2.2087757094086378,2.2087757094086378,2.2087757094086378,2.2087757094086378,2.2087757094086378,2.2087757094086378,2.2087757094086378,2.2087757094086378,2.2087757094086378,2.2087757094086378,2.2087757094086378,2.2087757094086378,2.2087757094086378,2.2087757094086378,2.2087757094086378,2.2087757094086378,2.2087757094086378,2.2087757094086378,2.2087757094086378,2.2087757094086378,2.2087757094086378,2.2087757094086378,2.2087757094086378,2.2087757094086378,2.2087757094086378,2.2087757094086378,2.2087757094086378,2.2087757094086378,2.2087757094086378,2.2087757094086378,2.2087757094086378,2.2087757094086378,2.2087757094086378,2.2087757094086378,2.2087757094086378,2.2087757094086378,2.2087757094086378,2.2087757094086378,2.2087757094086378,2.2087757094086378,2.2087757094086378,2.2087757094086378,2.2087757094086378,2.2087757094086378,2.2087757094086378,2.2087757094086378,2.2087757094086378,2.2087757094086378,2.2087757094086378,2.2087757094086378,2.2087757094086378,2.2087757094086378,2.2087757094086378,2.2087757094086378,2.2087757094086378,2.2087757094086378,2.2087757094086378,2.2087757094086378,2.2087757094086378,2.2087757094086378,2.2087757094086378,2.2087757094086378,2.2087757094086378,2.2087757094086378,2.2087757094086378,2.2087757094086378,2.2087757094086378,2.2087757094086378,2.2087757094086378,2.2087757094086378,2.2087757094086378,2.2087757094086378,2.2087757094086378,2.2087757094086378,2.2087757094086378,2.2087757094086378,2.2087757094086378,2.2087757094086378,2.2087757094086378,2.2087757094086378,2.2087757094086378,2.2087757094086378,2.2087757094086378,2.2087757094086378,2.2087757094086378,2.2087757094086378,2.2087757094086378,2.2087757094086378,2.2087757094086378,2.2087757094086378,2.2087757094086378,2.2087757094086378,2.2087757094086378,2.2087757094086378,2.2087757094086378,2.2087757094086378,2.2087757094086378,2.2087757094086378,2.2087757094086378,2.2087757094086378,2.2087757094086378,2.2087757094086378,2.2087757094086378,2.2087757094086378,2.2087757094086378,1.8891943248833463,1.8891943248833463,1.8891943248833463,1.8891943248833463,1.8891943248833463,1.8891943248833463,1.8891943248833463,1.8891943248833463,1.8891943248833463,1.8891943248833463,1.8891943248833463,1.8891943248833463,1.8891943248833463,1.8891943248833463,1.8891943248833463,1.8891943248833463,1.8891943248833463,1.8891943248833463,1.8891943248833463,1.8891943248833463,1.8891943248833463,1.8891943248833463,1.8891943248833463,1.8891943248833463,1.8891943248833463,1.8891943248833463,1.8891943248833463,1.8891943248833463,1.8891943248833463,1.8891943248833463,1.8891943248833463,1.8891943248833463,1.8891943248833463,1.8891943248833463,1.8891943248833463,1.8891943248833463,1.8891943248833463,1.8891943248833463,1.8891943248833463,1.8891943248833463,1.8891943248833463,1.8891943248833463,1.8891943248833463,1.8891943248833463,1.8891943248833463,1.8891943248833463,1.8891943248833463,1.8891943248833463,1.8891943248833463,1.8891943248833463,1.8891943248833463,1.8891943248833463,1.8891943248833463,1.8891943248833463,1.8891943248833463,1.8891943248833463,1.8891943248833463,1.8891943248833463,1.8891943248833463,1.8891943248833463,1.8891943248833463,1.8891943248833463,1.8891943248833463,1.8891943248833463,1.8891943248833463,1.8891943248833463,1.8891943248833463,1.8891943248833463,1.8891943248833463,1.8891943248833463,1.8891943248833463,1.8891943248833463,1.8891943248833463,1.8891943248833463,1.8891943248833463,1.8891943248833463,1.8891943248833463,1.8891943248833463,1.8891943248833463,1.8891943248833463,1.8891943248833463,1.8891943248833463,1.8891943248833463,1.8891943248833463,1.8891943248833463,1.8891943248833463,1.8891943248833463,1.8891943248833463,1.8891943248833463,1.8891943248833463,1.8891943248833463,1.8891943248833463,1.8891943248833463,1.8891943248833463,1.8891943248833463,1.8891943248833463,1.8891943248833463,1.8891943248833463,1.8891943248833463,1.8891943248833463,1.8891943248833463,1.8891943248833463,1.8891943248833463,1.8891943248833463,1.8891943248833463,1.8891943248833463,1.8891943248833463,1.8891943248833463,1.8891943248833463,1.8891943248833463,1.8891943248833463,1.8891943248833463,1.8891943248833463,1.8891943248833463,1.8891943248833463,1.8891943248833463,1.8891943248833463,1.8891943248833463,1.8891943248833463,1.8891943248833463,1.8891943248833463,1.8891943248833463,1.8891943248833463,1.8891943248833463,1.8891943248833463,1.8891943248833463,1.8891943248833463,1.8891943248833463,1.8891943248833463,1.8891943248833463,1.8891943248833463,1.8891943248833463,1.8891943248833463,1.8891943248833463,1.8891943248833463,1.8891943248833463,1.8891943248833463,1.8891943248833463,1.8891943248833463,1.8891943248833463,1.8891943248833463,1.8891943248833463,1.8891943248833463,1.8891943248833463,1.8891943248833463,1.8891943248833463,1.8891943248833463,1.8891943248833463,1.8891943248833463,1.8891943248833463,1.8891943248833463,1.8891943248833463,1.8891943248833463,1.8891943248833463,1.8891943248833463,1.8891943248833463,1.8891943248833463,1.8891943248833463,1.8891943248833463,1.8891943248833463,1.8891943248833463,1.8891943248833463,1.8891943248833463,1.8891943248833463,1.8891943248833463,1.8891943248833463,1.8891943248833463,1.8891943248833463,1.8891943248833463,1.8891943248833463,1.8891943248833463,1.8891943248833463,1.8891943248833463,1.8891943248833463,1.8891943248833463,1.8891943248833463,1.8891943248833463,1.8891943248833463,1.8891943248833463,1.8891943248833463,1.8891943248833463,1.8891943248833463,7.330185103855055,7.330185103855055,7.330185103855055,7.330185103855055,7.330185103855055,7.330185103855055,7.330185103855055,7.330185103855055,7.330185103855055,7.330185103855055,7.330185103855055,7.330185103855055,7.330185103855055,7.330185103855055,7.330185103855055,7.330185103855055,7.330185103855055,7.330185103855055,7.330185103855055,7.330185103855055,7.330185103855055,7.330185103855055,7.330185103855055,7.330185103855055,7.330185103855055,7.330185103855055,7.330185103855055,7.330185103855055,7.330185103855055,7.330185103855055,7.330185103855055,7.330185103855055,7.330185103855055,7.330185103855055,7.330185103855055,7.330185103855055,7.330185103855055,7.330185103855055,7.330185103855055,7.330185103855055,7.330185103855055,7.330185103855055,7.330185103855055,7.330185103855055,7.330185103855055,7.330185103855055,7.330185103855055,7.330185103855055,7.330185103855055,7.330185103855055,7.330185103855055,7.330185103855055,7.330185103855055,7.330185103855055,7.330185103855055,7.330185103855055,7.330185103855055,7.330185103855055,7.330185103855055,7.330185103855055,7.330185103855055,7.330185103855055,7.330185103855055,7.330185103855055,7.330185103855055,7.330185103855055,7.330185103855055,7.330185103855055,7.330185103855055,7.330185103855055,7.330185103855055,7.330185103855055,7.330185103855055,7.330185103855055,7.330185103855055,7.330185103855055,7.330185103855055,7.330185103855055,7.330185103855055,7.330185103855055,7.330185103855055,7.330185103855055,7.330185103855055,7.330185103855055,7.330185103855055,7.330185103855055,7.330185103855055,7.330185103855055,7.330185103855055,7.330185103855055,7.330185103855055,7.330185103855055,7.330185103855055,7.330185103855055,7.330185103855055,7.330185103855055,7.330185103855055,7.330185103855055,7.330185103855055,7.330185103855055,7.330185103855055,7.330185103855055,7.330185103855055,7.330185103855055,7.330185103855055,7.330185103855055,7.330185103855055,7.330185103855055,7.330185103855055,7.330185103855055,7.330185103855055,7.330185103855055,7.330185103855055,7.330185103855055,7.330185103855055,7.330185103855055,7.330185103855055,7.330185103855055,7.330185103855055,7.330185103855055,7.330185103855055,7.330185103855055,7.330185103855055,7.330185103855055,7.330185103855055,7.330185103855055,7.330185103855055,7.330185103855055,7.330185103855055,7.330185103855055,7.330185103855055,7.330185103855055,7.330185103855055,7.330185103855055,7.330185103855055,7.330185103855055,7.330185103855055,7.330185103855055,7.330185103855055,7.330185103855055,7.330185103855055,7.330185103855055,7.330185103855055,7.330185103855055,7.330185103855055,7.330185103855055,7.330185103855055,7.330185103855055,7.330185103855055,7.330185103855055,7.330185103855055,7.330185103855055,7.330185103855055,7.330185103855055,7.330185103855055,7.330185103855055,7.330185103855055,7.330185103855055,7.330185103855055,7.330185103855055,7.330185103855055,7.330185103855055,7.330185103855055,7.330185103855055,7.330185103855055,7.330185103855055,7.330185103855055,7.330185103855055,7.330185103855055,7.330185103855055,6.362993897790651,6.3450128009083535,6.3450128009083535,6.3450128009083535,6.109047270874841,6.109047270874841,5.990763914762148,5.990763914762148,5.519086125053334,5.519086125053334,5.519086125053334,5.519086125053334,5.519086125053334,5.519086125053334,5.479429465192013,5.479429465192013,5.479429465192013,5.479429465192013,5.479429465192013,5.479429465192013,5.479429465192013,5.479429465192013,5.479429465192013,5.479429465192013,5.479429465192013,5.479429465192013,5.479429465192013,5.479429465192013,5.479429465192013,5.479429465192013,5.479429465192013,5.479429465192013,5.479429465192013,5.479429465192013,5.479429465192013,5.479429465192013,5.479429465192013,5.479429465192013,5.479429465192013,5.479429465192013,5.479429465192013,5.479429465192013,5.479429465192013,5.479429465192013,5.479429465192013,5.479429465192013,5.479429465192013,5.479429465192013,5.479429465192013,5.479429465192013,5.479429465192013,5.479429465192012,5.479429465192012,5.479429465192012,5.479429465192012,5.479429465192012,5.479429465192012,5.479429465192012,5.479429465192012,5.479429465192012,5.479429465192012,5.479429465192012,5.479429465192012,5.1947003324049295,5.1947003324049295,5.1947003324049295,5.1947003324049295,5.1947003324049295,5.1947003324049295,5.1947003324049295,5.1947003324049295,5.1947003324049295,5.1947003324049295,5.1947003324049295,5.1947003324049295,5.1947003324049295,5.1947003324049295,5.1947003324049295,5.1947003324049295,5.1947003324049295,5.1947003324049295,5.1947003324049295,5.1947003324049295,5.1947003324049295,5.1947003324049295,5.1947003324049295,5.1947003324049295,5.1947003324049295,5.1947003324049295,5.1947003324049295,5.1947003324049295,5.1947003324049295,5.1947003324049295,5.1947003324049295,5.1947003324049295,5.1947003324049295,5.1947003324049295,5.1947003324049295,5.1947003324049295,5.1947003324049295,5.1947003324049295,5.1947003324049295,5.1947003324049295,5.1947003324049295,5.1947003324049295,5.1947003324049295,5.1947003324049295,5.1947003324049295,5.1947003324049295,5.1947003324049295,5.1947003324049295,5.1947003324049295,5.1947003324049295,5.1947003324049295,5.1947003324049295,5.1947003324049295,5.1947003324049295,5.1947003324049295,5.1947003324049295,5.1947003324049295,5.1947003324049295,5.1947003324049295,5.1947003324049295,5.1947003324049295,5.1947003324049295,5.1947003324049295,5.1947003324049295,5.1947003324049295,5.1947003324049295,5.1947003324049295,5.1947003324049295,5.1947003324049295,5.1947003324049295,5.1947003324049295,5.1947003324049295,5.1947003324049295,5.1947003324049295,5.1947003324049295,5.1947003324049295,5.1947003324049295,5.1947003324049295,5.1947003324049295,5.1947003324049295,5.1947003324049295,5.1947003324049295,5.1947003324049295,5.1947003324049295,5.1947003324049295,5.1947003324049295,5.1947003324049295,5.1947003324049295,5.1947003324049295,5.1947003324049295,5.1947003324049295,5.1947003324049295,5.1947003324049295,5.1947003324049295,5.1947003324049295,5.1947003324049295,5.1947003324049295,5.1947003324049295,5.1947003324049295,5.1947003324049295,5.1947003324049295,5.1947003324049295,5.1947003324049295,5.1947003324049295,5.1947003324049295,5.1947003324049295,5.1947003324049295,5.1947003324049295,5.1947003324049295,5.1947003324049295,5.1947003324049295,5.1947003324049295,5.1947003324049295,5.1947003324049295,5.1947003324049295,5.1947003324049295,5.1947003324049295,5.1947003324049295,5.1947003324049295,5.1947003324049295,5.1947003324049295,5.1947003324049295,5.1947003324049295,5.1947003324049295,5.1947003324049295,5.1947003324049295,5.1947003324049295,5.1947003324049295,5.1947003324049295,5.1947003324049295,5.1947003324049295,5.1947003324049295,5.1947003324049295,5.1947003324049295,5.1947003324049295,5.1947003324049295,5.1947003324049295,5.1947003324049295,5.1947003324049295,5.1947003324049295,5.1947003324049295,5.1947003324049295,5.1947003324049295,5.1947003324049295,5.1947003324049295,5.1947003324049295,5.1947003324049295,5.1947003324049295,5.1947003324049295,5.1947003324049295,5.1947003324049295,5.1947003324049295,5.1947003324049295,5.1947003324049295,5.1947003324049295,5.1947003324049295,5.1947003324049295,5.1947003324049295,5.1947003324049295,5.1947003324049295,5.1947003324049295,5.1947003324049295,5.1947003324049295,4.097518996339712,4.097518996339712,4.097518996339712,4.097518996339712,4.097518996339712,4.097518996339712,4.097518996339712,4.097518996339712,4.097518996339712,4.097518996339712,4.097518996339712,4.097518996339712,4.097518996339712,4.097518996339712,4.097518996339712,4.097518996339712,4.097518996339712,4.097518996339712,4.097518996339712,4.097518996339712,4.097518996339712,4.097518996339712,4.097518996339712,4.097518996339712,4.097518996339712,4.097518996339712,4.097518996339712,4.097518996339712,4.097518996339712,4.097518996339712,4.097518996339712,4.097518996339712,4.097518996339712,4.097518996339712,4.097518996339712,4.097518996339712,4.097518996339712,4.097518996339712,4.097518996339712,4.097518996339712,4.097518996339712,4.097518996339712,4.097518996339712,4.097518996339712,4.097518996339712,4.097518996339712,4.097518996339712,4.097518996339712,4.097518996339712,4.097518996339712,4.097518996339712,4.097518996339712,4.097518996339712,4.097518996339712,4.097518996339712,4.097518996339712,4.097518996339712,4.097518996339712,4.097518996339712,4.097518996339712,4.097518996339712,4.097518996339712,4.097518996339712,4.097518996339712,4.097518996339712,4.097518996339712,4.097518996339712,4.097518996339712,4.097518996339712,4.097518996339712,4.097518996339712,4.097518996339712,4.097518996339712,4.097518996339712,4.097518996339712,4.097518996339712,4.097518996339712,4.097518996339712,4.097518996339712,4.097518996339712,4.097518996339712,4.097518996339712,4.097518996339712,4.097518996339712,4.097518996339712,4.097518996339712,4.097518996339712,4.097518996339712,4.097518996339712,4.097518996339712,4.097518996339712,4.097518996339712,4.097518996339712,4.097518996339712,4.097518996339712,4.097518996339712,4.097518996339712,4.097518996339712,4.097518996339712,4.097518996339712,4.097518996339712,4.097518996339712,4.097518996339712,4.097518996339712,4.097518996339712,4.097518996339712,4.097518996339712,4.097518996339712,4.097518996339712,4.097518996339712,4.097518996339712,4.097518996339712,4.097518996339712,4.097518996339712,4.097518996339712,4.097518996339712,4.097518996339712,4.097518996339712,4.097518996339712,4.097518996339712,4.097518996339712,4.097518996339712,4.097518996339712,4.097518996339712,4.097518996339712,4.097518996339712,4.097518996339712,4.097518996339712,4.097518996339712,4.097518996339712,4.097518996339712,4.097518996339712,4.097518996339712,4.097518996339712,4.097518996339712,4.097518996339712,4.097518996339712,4.097518996339712,4.097518996339712,4.097518996339712,4.097518996339712,4.097518996339712,4.097518996339712,4.097518996339712,4.097518996339712,4.097518996339712,4.097518996339712,4.097518996339712,4.097518996339712,4.097518996339712,4.097518996339712,4.097518996339712,4.097518996339712,4.097518996339712,4.097518996339712,4.097518996339712,4.097518996339712,4.097518996339712,4.097518996339712,4.097518996339712,4.097518996339712,4.097518996339712,4.097518996339712,4.097518996339712,4.097518996339712,4.097518996339712,4.097518996339712,4.097518996339712,4.097518996339712,4.097518996339712,4.097518996339712,4.097518996339712,4.097518996339712,4.097518996339712,4.097518996339712,4.097518996339712,4.097518996339712,4.097518996339712,4.097518996339712,4.097518996339712,4.097518996339712,4.097518996339712,4.097518996339712,4.097518996339712,4.097518996339712,4.097518996339712,4.097518996339712,4.097518996339712,4.097518996339712,4.097518996339712,4.097518996339712,4.097518996339712,4.097518996339712,4.097518996339712,4.097518996339712,4.097518996339712,4.097518996339712,4.097518996339712,4.097518996339712,4.097518996339712,4.097518996339712,4.097518996339712,4.097518996339712,4.097518996339712,4.097518996339712,4.097518996339712,4.097518996339712,4.097518996339712,4.097518996339712,4.097518996339712,4.097518996339712,4.097518996339712,4.097518996339712,4.097518996339712,4.097518996339712,4.097518996339712,4.097518996339712,4.097518996339712,4.097518996339712,4.097518996339712,4.097518996339712,4.097518996339712,4.097518996339712,4.097518996339712,4.097518996339712,4.097518996339712,4.097518996339712,4.097518996339712,4.097518996339712,4.097518996339712,4.097518996339712,4.097518996339712,4.097518996339712,4.097518996339712,4.097518996339712,4.097518996339712,4.097518996339712,4.097518996339712,4.097518996339712,4.097518996339712,4.097518996339712,4.097518996339712,4.097518996339712,4.097518996339712,4.097518996339712,4.097518996339712,4.097518996339712,4.097518996339712,4.097518996339712,4.097518996339712,4.097518996339712,4.097518996339712,4.097518996339712,4.097518996339712,4.097518996339712,4.097518996339712,4.097518996339712,4.097518996339712,4.097518996339712,4.097518996339712,4.097518996339712,4.097518996339712,4.097518996339712,4.097518996339712,4.097518996339712,4.097518996339712,4.097518996339712,4.097518996339712,4.097518996339712,4.097518996339712,4.097518996339712,4.097518996339712,4.097518996339712,4.097518996339712,4.097518996339712,4.097518996339712,4.097518996339712,4.097518996339712,4.097518996339712,4.097518996339712,4.097518996339712,4.097518996339712,4.097518996339712,4.097518996339712,4.097518996339712,4.097518996339712,4.097518996339712,4.097518996339712,4.097518996339712,4.097518996339712,4.097518996339712,4.097518996339712,4.097518996339712,4.097518996339712,4.097518996339712,4.097518996339712,4.097518996339712,4.097518996339712,4.097518996339712,4.097518996339712,4.097518996339712,4.097518996339712,4.097518996339712,4.097518996339712,4.097518996339712,4.097518996339712,4.097518996339712,4.097518996339712,4.097518996339712,4.097518996339712,4.097518996339712,4.097518996339712,4.097518996339712,4.097518996339712,4.097518996339712,4.097518996339712,4.097518996339712,4.097518996339712,4.097518996339712,4.097518996339712,4.097518996339712,4.097518996339712,4.097518996339712,4.097518996339712,4.097518996339712,4.097518996339712,4.097518996339712,4.097518996339712,4.097518996339712,4.097518996339712,4.097518996339712,4.097518996339712,4.097518996339712,4.097518996339712,4.097518996339712,4.097518996339712,4.097518996339712,4.097518996339712,4.097518996339712,4.097518996339712,4.097518996339712,4.097518996339712,4.097518996339712,4.097518996339712,4.097518996339712,4.097518996339712,4.097518996339712,4.097518996339712,4.097518996339712,4.097518996339712,4.097518996339712,4.097518996339712,4.097518996339712,4.097518996339712,4.097518996339712,4.097518996339712,4.097518996339712,4.097518996339712,4.097518996339712,4.097518996339712,4.097518996339712,4.097518996339712,4.097518996339712,4.097518996339712,4.097518996339712,4.097518996339712,4.097518996339712,4.097518996339712,4.097518996339712,4.097518996339712,4.097518996339712,4.097518996339712,4.097518996339712,4.097518996339712,4.097518996339712,4.097518996339712,4.097518996339712,4.097518996339712,4.097518996339712,4.097518996339712,4.097518996339712,4.097518996339712,4.097518996339712,4.097518996339712,4.097518996339712,4.097518996339712,4.097518996339712,4.097518996339712,4.097518996339712,4.097518996339712,4.097518996339712,4.097518996339712,4.097518996339712,4.097518996339712,4.097518996339712,4.097518996339712,4.097518996339712,4.097518996339712,4.097518996339712,4.097518996339712,4.097518996339712,4.097518996339712,4.097518996339712,4.097518996339712,4.097518996339712,4.097518996339712,4.097518996339712,4.097518996339712,4.097518996339712,4.097518996339712,4.097518996339712,4.097518996339712,4.097518996339712,4.097518996339712,4.097518996339712,4.097518996339712,4.097518996339712,4.097518996339712,4.097518996339712,4.097518996339712,4.097518996339712,4.097518996339712,4.097518996339712,4.097518996339712,4.097518996339712,4.097518996339712,4.097518996339712,4.097518996339712,4.097518996339712,4.097518996339712,4.097518996339712,4.097518996339712,4.097518996339712,4.097518996339712,4.097518996339712,4.097518996339712,4.097518996339712,4.097518996339712,4.097518996339712,4.097518996339712,4.097518996339712,4.097518996339712,4.097518996339712,4.097518996339712,4.097518996339712,4.097518996339712,4.097518996339712,4.097518996339712,4.097518996339712,4.097518996339712,4.097518996339712,4.097518996339712,4.097518996339712,4.097518996339712,4.097518996339712,4.097518996339712,4.097518996339712,4.097518996339712,4.097518996339712,4.097518996339712,4.097518996339712,4.097518996339712,4.097518996339712,4.097518996339712,4.097518996339712,4.097518996339712,4.097518996339712,4.097518996339712,4.097518996339712,4.097518996339712,4.097518996339712,4.097518996339712,4.097518996339712,4.097518996339712,4.097518996339712,4.097518996339712,4.097518996339712,4.097518996339712,4.097518996339712,4.097518996339712,4.097518996339712,4.097518996339712,4.097518996339712,4.097518996339712,4.097518996339712,4.097518996339712,4.097518996339712,4.097518996339712,4.097518996339712,4.097518996339712,4.097518996339712,4.097518996339712,4.097518996339712,4.097518996339712,4.097518996339712,4.097518996339712,4.097518996339712,4.097518996339712,4.097518996339712,4.097518996339712,4.097518996339712,4.097518996339712,4.097518996339712,4.097518996339712,4.097518996339712,4.097518996339712,4.097518996339712,4.097518996339712,4.097518996339712,4.097518996339712,4.097518996339712,4.097518996339712,4.097518996339712,4.097518996339712,4.097518996339712,4.097518996339712,4.097518996339712,4.097518996339712,4.097518996339712,4.097518996339712,4.097518996339712,4.097518996339712,4.097518996339712,4.097518996339712,4.097518996339712,4.097518996339712,4.097518996339712,4.097518996339712,4.097518996339712,4.097518996339712,4.097518996339712,4.097518996339712,4.097518996339712,4.097518996339712,4.097518996339712,4.097518996339712,4.097518996339712,4.097518996339712,4.097518996339712,4.097518996339712,4.097518996339712,4.097518996339712,4.097518996339712,4.097518996339712,4.097518996339712,4.097518996339712,4.097518996339712,4.097518996339712,4.097518996339712,4.097518996339712,4.097518996339712,4.097518996339712,4.097518996339712,4.097518996339712,4.097518996339712,4.097518996339712,4.097518996339712,4.097518996339712,4.097518996339712,4.097518996339712,4.097518996339712,4.097518996339712,4.097518996339712,4.097518996339712,4.097518996339712,4.097518996339712,4.097518996339712,4.097518996339712,4.097518996339712,4.097518996339712,4.097518996339712,4.097518996339712,4.097518996339712,4.097518996339712,4.097518996339712,4.097518996339712,4.097518996339712,4.097518996339712,4.097518996339712,4.097518996339712,4.097518996339712,4.097518996339712,4.097518996339712,4.097518996339712,4.097518996339712,4.097518996339712,4.097518996339712,4.097518996339712,4.097518996339712,4.097518996339712,4.097518996339712,4.097518996339712,4.097518996339712,4.097518996339712,4.097518996339712,4.097518996339712,4.097518996339712,4.097518996339712,4.097518996339712,4.097518996339712,4.097518996339712,4.097518996339712,4.097518996339712,4.097518996339712,6.578101792750461,6.578101792750461,6.578101792750461,6.158138855739089,5.736180876708665,5.736180876708665,5.736180876708665,5.736180876708665,5.736180876708665,5.736180876708665,5.736180876708665,5.736180876708665,5.736180876708665,5.736180876708665,5.736180876708665,5.736180876708665,5.695956424373546,5.695956424373546,5.695956424373546,5.695956424373546,5.695956424373546,5.695956424373546,5.695956424373546,5.695956424373546,5.695956424373546,5.695956424373546,5.695956424373546,5.695956424373546,5.695956424373546,5.695956424373546,5.695956424373546,5.695956424373546,5.695956424373546,5.695956424373546,5.695956424373546,5.695956424373546,5.695956424373546,5.695956424373546,5.695956424373546,5.695956424373546,5.695956424373546,5.695956424373546,5.695956424373546,5.695956424373546,5.695956424373546,5.695956424373546,5.695956424373546,5.695956424373546,5.695956424373546,5.695956424373546,5.695956424373546,5.695956424373546,5.695956424373546,5.695956424373546,5.695956424373546,5.695956424373546,5.695956424373546,5.695956424373546,5.695956424373546,5.695956424373546,5.695956424373546,5.695956424373546,5.695956424373546,4.384301082464406,4.20661293213179,4.20661293213179,3.8731775397142822,3.8731775397142822,3.8731775397142822,3.8731775397142822,3.8731775397142822,3.8731775397142822,3.8731775397142822,3.8731775397142822,3.8731775397142822,3.8731775397142822,3.8731775397142822,3.8731775397142822,3.8731775397142822,3.8731775397142822,3.8731775397142822,3.8731775397142822,3.8731775397142822,3.8731775397142822,3.8731775397142822,3.8731775397142822,3.8731775397142822,3.8731775397142822,3.8731775397142822,3.8731775397142822,3.8731775397142822,3.8731775397142822,3.8731775397142822,3.8731775397142822,3.8731775397142822,3.8731775397142822,3.8731775397142822,3.687881963535815,3.687881963535815,3.687881963535815,3.687881963535815,3.687881963535815,3.687881963535815,3.687881963535815,3.687881963535815,3.687881963535815,3.687881963535815,3.687881963535815,3.687881963535815,3.5221189995450324,3.5221189995450324,3.5221189995450324,3.5221189995450324,3.5221189995450324,3.5221189995450324,3.347283904240662,3.347283904240662,3.347283904240662,3.347283904240662,3.347283904240662,3.347283904240662,3.347283904240662,3.347283904240662,3.347283904240662,3.347283904240662,3.347283904240662,3.347283904240662,3.347283904240662,3.347283904240662,3.347283904240662,3.347283904240662,3.347283904240662,3.347283904240662,3.347283904240662,3.347283904240662,3.347283904240662,3.347283904240662,3.347283904240662,3.347283904240662,3.347283904240662,3.347283904240662,3.347283904240662,3.347283904240662,3.347283904240662,3.347283904240662,3.347283904240662,3.347283904240662,3.347283904240662,3.347283904240662,3.347283904240662,3.347283904240662,3.347283904240662,3.347283904240662,3.347283904240662,3.347283904240662,3.347283904240662,3.347283904240662,3.347283904240662,3.347283904240662,3.347283904240662,3.347283904240662,3.347283904240662,3.347283904240662,3.347283904240662,3.347283904240662,3.347283904240662,3.347283904240662,3.347283904240662,3.347283904240662,3.347283904240662,3.347283904240662,3.347283904240662,3.347283904240662,3.347283904240662,3.347283904240662,3.347283904240662,3.347283904240662,3.347283904240662,3.347283904240662,3.347283904240662,3.347283904240662,3.347283904240662,3.347283904240662,3.347283904240662,3.347283904240662,3.347283904240662,3.347283904240662,3.347283904240662,3.347283904240662,3.347283904240662,3.347283904240662,3.347283904240662,3.347283904240662,3.347283904240662,3.347283904240662,3.347283904240662,3.347283904240662,3.347283904240662,3.347283904240662,3.347283904240662,3.347283904240662,3.347283904240662,3.347283904240662,3.347283904240662,3.347283904240662,3.347283904240662,3.347283904240662,3.347283904240662,3.347283904240662,3.347283904240662,3.347283904240662,3.347283904240662,3.347283904240662,3.347283904240662,3.347283904240662,3.347283904240662,3.347283904240662,3.347283904240662,3.347283904240662,3.347283904240662,3.347283904240662,3.347283904240662,3.347283904240662,3.347283904240662,3.347283904240662,3.347283904240662,3.347283904240662,3.347283904240662,3.347283904240662,3.347283904240662,3.347283904240662,3.347283904240662,3.347283904240662,3.347283904240662,3.347283904240662,3.347283904240662,3.347283904240662,3.347283904240662,3.347283904240662,3.347283904240662,3.347283904240662,3.347283904240662,3.347283904240662,3.347283904240662,3.347283904240662,3.347283904240662,3.347283904240662,3.347283904240662,3.347283904240662,3.347283904240662,3.347283904240662,3.347283904240662,3.347283904240662,3.347283904240662,3.347283904240662,3.347283904240662,3.347283904240662,3.347283904240662,3.347283904240662,3.347283904240662,3.347283904240662,3.347283904240662,3.347283904240662,3.347283904240662,3.347283904240662,3.347283904240662,3.347283904240662,3.347283904240662,3.347283904240662,3.347283904240662,3.347283904240662,3.347283904240662,3.347283904240662,3.347283904240662,3.347283904240662,3.347283904240662,3.347283904240662,3.347283904240662,3.347283904240662,3.347283904240662,3.347283904240662,3.347283904240662,3.347283904240662,3.347283904240662,3.347283904240662,3.347283904240662,3.347283904240662,3.347283904240662,3.347283904240662,2.9631659351250836,2.9631659351250836,2.9631659351250836,2.9631659351250836,2.9631659351250836,2.9631659351250836,2.9631659351250836,2.9631659351250836,2.9631659351250836,2.9631659351250836,2.9631659351250836,2.9631659351250836,2.9631659351250836,2.9631659351250836,2.9631659351250836,2.9631659351250836,2.9631659351250836,2.9631659351250836,2.9631659351250836,2.9631659351250836,2.9631659351250836,2.9631659351250836,2.9631659351250836,2.9631659351250836,2.9631659351250836,2.9631659351250836,2.9631659351250836,2.9631659351250836,2.9631659351250836,2.9631659351250836,2.9631659351250836,2.9631659351250836,2.9631659351250836,2.9631659351250836,2.9631659351250836,2.9631659351250836,2.9631659351250836,2.9631659351250836,2.9631659351250836,2.9631659351250836,2.9631659351250836,2.9631659351250836,2.9631659351250836,2.9631659351250836,2.9631659351250836,2.9631659351250836,2.9631659351250836,2.9631659351250836,2.9631659351250836,2.9631659351250836,2.9631659351250836,2.9631659351250836,2.9631659351250836,2.9631659351250836,2.9631659351250836,2.9631659351250836,2.9631659351250836,2.9631659351250836,2.9631659351250836,2.9631659351250836,2.9631659351250836,2.9631659351250836,2.9631659351250836,2.9631659351250836,2.9631659351250836,2.9631659351250836,2.9631659351250836,2.9631659351250836,2.9631659351250836,2.9631659351250836,2.9631659351250836,2.9631659351250836,2.9631659351250836,2.9631659351250836,2.9631659351250836,2.9631659351250836,2.9631659351250836,2.9631659351250836,2.9631659351250836,2.9631659351250836,2.9631659351250836,2.9631659351250836,2.9631659351250836,2.9631659351250836,2.9631659351250836,2.9631659351250836,2.9631659351250836,2.9631659351250836,2.9631659351250836,2.9631659351250836,2.9631659351250836,2.9631659351250836,2.9631659351250836,2.9631659351250836,2.9631659351250836,2.9631659351250836,2.9631659351250836,2.9631659351250836,2.9631659351250836,2.9631659351250836,2.9631659351250836,2.9631659351250836,2.9631659351250836,2.9631659351250836,2.9631659351250836,2.9631659351250836,2.9631659351250836,2.9631659351250836,2.9631659351250836,2.9631659351250836,2.9631659351250836,2.9631659351250836,2.9631659351250836,2.9631659351250836,2.9631659351250836,2.9631659351250836,2.9631659351250836,2.9631659351250836,2.9631659351250836,2.9631659351250836,2.9631659351250836,2.9631659351250836,2.9631659351250836,2.9631659351250836,2.9631659351250836,2.9631659351250836,2.9631659351250836,2.9631659351250836,2.9631659351250836,2.9631659351250836,2.9631659351250836,2.9631659351250836,2.9631659351250836,2.9631659351250836,2.9631659351250836,2.9631659351250836,2.9631659351250836,2.9631659351250836,2.9631659351250836,2.9631659351250836,2.9631659351250836,2.9631659351250836,2.9631659351250836,2.9631659351250836,2.9631659351250836,2.9631659351250836,2.9631659351250836,2.9631659351250836,2.9631659351250836,2.9631659351250836,0.4147664682566139,0.4147664682566139,0.4147664682566139,0.4147664682566139,0.4147664682566139,0.4147664682566139,0.4147664682566139,0.4147664682566139,0.4147664682566139,0.4147664682566139,0.4147664682566139,0.4147664682566139,0.4147664682566139,0.4147664682566139,0.4147664682566139,0.4147664682566139,0.4147664682566139,0.4147664682566139,0.4147664682566139,0.4147664682566139,0.4147664682566139,0.4147664682566139,0.4147664682566139,0.4147664682566139,0.4147664682566139,0.4147664682566139,0.4147664682566139,0.4147664682566139,0.4147664682566139,0.4147664682566139,0.4147664682566139,0.4147664682566139,0.4147664682566139,0.4147664682566139,0.4147664682566139,0.4147664682566139,0.4147664682566139,0.4147664682566139,0.4147664682566139,0.4147664682566139,0.4147664682566139,0.4147664682566139,0.4147664682566139,0.4147664682566139,0.4147664682566139,0.4147664682566139,0.4147664682566139,0.4147664682566139,0.4147664682566139,0.4147664682566139,0.4147664682566139,0.4147664682566139,0.4147664682566139,0.4147664682566139,0.4147664682566139,0.4147664682566139,0.4147664682566139,0.4147664682566139,0.4147664682566139,0.4147664682566139,0.4147664682566139,0.4147664682566139,0.4147664682566139,0.4147664682566139,0.4147664682566139,0.4147664682566139,0.4147664682566139,0.4147664682566139,0.4147664682566139,0.4147664682566139,0.4147664682566139,0.4147664682566139,0.4147664682566139,0.4147664682566139,0.4147664682566139,0.4147664682566139,0.4147664682566139,0.4147664682566139,0.4147664682566139,0.4147664682566139,0.4147664682566139,0.4147664682566139,0.4147664682566139,0.4147664682566139,0.4147664682566139,0.4147664682566139,0.4147664682566139,0.4147664682566139,0.4147664682566139,0.4147664682566139,0.4147664682566139,0.4147664682566139,0.4147664682566139,0.4147664682566139,0.4147664682566139,0.4147664682566139,0.4147664682566139,0.4147664682566139,0.4147664682566139,0.4147664682566139,0.4147664682566139,0.4147664682566139,0.4147664682566139,0.4147664682566139,0.4147664682566139,0.4147664682566139,0.4147664682566139,0.4147664682566139,0.4147664682566139,0.4147664682566139,0.4147664682566139,0.4147664682566139,0.4147664682566139,0.4147664682566139,0.4147664682566139,0.4147664682566139,0.4147664682566139,0.4147664682566139,0.4147664682566139,0.4147664682566139,0.4147664682566139,0.4147664682566139,0.4147664682566139,0.4147664682566139,0.4147664682566139,0.4147664682566139,0.4147664682566139,0.4147664682566139,0.4147664682566139,0.4147664682566139,0.4147664682566139,0.4147664682566139,0.4147664682566139,0.4147664682566139,0.4147664682566139,0.4147664682566139,0.4147664682566139,0.4147664682566139,0.4147664682566139,0.4147664682566139,0.4147664682566139,0.4147664682566139,0.4147664682566139,0.4147664682566139,0.4147664682566139,0.4147664682566139,0.4147664682566139,0.4147664682566139,0.4147664682566139,0.4147664682566139,0.4147664682566139,0.4147664682566139,0.4147664682566139,0.4147664682566139,0.4147664682566139,0.4147664682566139,0.4147664682566139,0.4147664682566139,0.4147664682566139,0.4147664682566139,0.4147664682566139,0.4147664682566139,0.4147664682566139,0.4147664682566139,0.4147664682566139,0.4147664682566139,0.4147664682566139,0.4147664682566139,0.4147664682566139,0.4147664682566139,0.4147664682566139,0.4147664682566139,0.4147664682566139,0.4147664682566139,0.4147664682566139,0.4147664682566139,0.4147664682566139,0.4147664682566139,0.4147664682566139,0.4147664682566139,0.4147664682566139,0.4147664682566139,0.4147664682566139,0.4147664682566139,0.4147664682566139,0.4147664682566139,0.4147664682566139,0.4147664682566139,0.4147664682566139,0.4147664682566139,0.4147664682566139,0.4147664682566139,0.4147664682566139,0.4147664682566139,0.4147664682566139,0.4147664682566139,0.4147664682566139,0.4147664682566139,0.4147664682566139,0.4147664682566139,0.4147664682566139,0.4147664682566139,0.4147664682566139,0.4147664682566139,0.4147664682566139,0.4147664682566139,0.4147664682566139,0.4147664682566139,0.4147664682566139,0.4147664682566139,0.4147664682566139,0.4147664682566139,0.4147664682566139,0.4147664682566139,0.4147664682566139,0.4147664682566139,0.4147664682566139,0.4147664682566139,0.4147664682566139,0.4147664682566139,0.4147664682566139,0.4147664682566139,0.4147664682566139,0.4147664682566139,0.4147664682566139,0.4147664682566139,0.4147664682566139,0.4147664682566139,0.4147664682566139,0.4147664682566139,0.4147664682566139,0.4147664682566139,0.4147664682566139,0.4147664682566139,0.4147664682566139,0.4147664682566139,0.4147664682566139,0.4147664682566139,0.4147664682566139,0.4147664682566139,0.4147664682566139,0.4147664682566139,0.4147664682566139,0.4147664682566139,0.4147664682566139,0.4147664682566139,0.4147664682566139,0.4147664682566139,0.4147664682566139,0.4147664682566139,0.4147664682566139,0.4147664682566139,0.4147664682566139,0.4147664682566139,0.4147664682566139,0.4147664682566139,0.4147664682566139,0.4147664682566139,0.4147664682566139,0.4147664682566139,0.4147664682566139,0.4147664682566139,0.4147664682566139,0.4147664682566139,0.4147664682566139,0.4147664682566139,0.4147664682566139,0.4147664682566139,0.4147664682566139,0.4147664682566139,0.4147664682566139,0.4147664682566139,0.4147664682566139,0.4147664682566139,0.4147664682566139,0.4147664682566139,0.4147664682566139,0.4147664682566139,0.4147664682566139,0.4147664682566139,0.4147664682566139,0.4147664682566139,0.4147664682566139,0.4147664682566139,0.4147664682566139,0.4147664682566139,0.4147664682566139,0.4147664682566139,0.4147664682566139,0.4147664682566139,0.4147664682566139,0.4147664682566139,0.4147664682566139,0.4147664682566139,0.4147664682566139,0.4147664682566139,0.4147664682566139,0.4147664682566139,0.4147664682566139,0.4147664682566139,0.4147664682566139,0.4147664682566139,0.4147664682566139,0.4147664682566139,0.4147664682566139,0.4147664682566139,0.4147664682566139,0.4147664682566139,0.4147664682566139,0.4147664682566139,0.4147664682566139,0.4147664682566139,0.4147664682566139,0.4147664682566139,0.4147664682566139,0.4147664682566139,0.4147664682566139,0.4147664682566139,0.4147664682566139,0.4147664682566139,0.4147664682566139,0.4147664682566139,0.4147664682566139,0.4147664682566139,0.4147664682566139,0.4147664682566139,0.4147664682566139,0.4147664682566139,0.4147664682566139,0.4147664682566139,0.4147664682566139,0.4147664682566139,0.4147664682566139,0.4147664682566139,0.4147664682566139,0.4147664682566139,0.4147664682566139,0.4147664682566139,0.4147664682566139,0.4147664682566139,0.4147664682566139,0.4147664682566139,0.4147664682566139,0.4147664682566139,0.4147664682566139,0.4147664682566139,0.4147664682566139,0.4147664682566139,0.4147664682566139,0.4147664682566139,0.4147664682566139,0.4147664682566139,0.4147664682566139,0.4147664682566139,0.4147664682566139,0.4147664682566139,0.4147664682566139,0.4147664682566139,0.4147664682566139,0.4147664682566139,0.4147664682566139,0.4147664682566139,0.4147664682566139,0.4147664682566139,0.4147664682566139,0.4147664682566139,0.4147664682566139,0.4147664682566139,0.4147664682566139,0.4147664682566139,0.4147664682566139,0.4147664682566139,0.4147664682566139,0.4147664682566139,0.4147664682566139,0.4147664682566139,0.4147664682566139,0.4147664682566139,0.4147664682566139,0.4147664682566139,0.4147664682566139,0.4147664682566139,0.4147664682566139,0.4147664682566139,0.4147664682566139,0.4147664682566139,0.4147664682566139,0.4147664682566139,0.4147664682566139,0.4147664682566139,0.4147664682566139,0.4147664682566139,0.4147664682566139,0.4147664682566139,0.4147664682566139,0.4147664682566139,0.4147664682566139,0.4147664682566139,0.4147664682566139,0.4147664682566139,0.4147664682566139,0.4147664682566139,0.4147664682566139,0.4147664682566139,0.4147664682566139,0.4147664682566139,0.4147664682566139,0.4147664682566139,0.4147664682566139,0.4147664682566139,0.4147664682566139,0.4147664682566139,0.4147664682566139,0.4147664682566139,0.4147664682566139,0.4147664682566139,0.4147664682566139,0.4147664682566139,0.4147664682566139,0.4147664682566139,0.4147664682566139,0.4147664682566139,0.4147664682566139,0.4147664682566139,0.4147664682566139,0.4147664682566139,0.4147664682566139,0.4147664682566139,0.4147664682566139,0.4147664682566139,0.4147664682566139,0.4147664682566139,0.4147664682566139,0.4147664682566139,0.4147664682566139,0.4147664682566139,0.4147664682566139,0.4147664682566139,0.4147664682566139,0.4147664682566139,0.4147664682566139,0.4147664682566139,0.4147664682566139,0.4147664682566139,0.4147664682566139,0.4147664682566139,0.4147664682566139,0.4147664682566139,0.4147664682566139,0.4147664682566139,0.4147664682566139,0.4147664682566139,0.4147664682566139,0.4147664682566139,0.4147664682566139,0.4147664682566139,0.4147664682566139,0.4147664682566139,0.4147664682566139,0.4147664682566139,0.4147664682566139,0.4147664682566139,0.4147664682566139,0.4147664682566139,0.4147664682566139,0.4147664682566139,0.4147664682566139,0.4147664682566139,0.4147664682566139,0.4147664682566139,0.4147664682566139,0.4147664682566139,0.4147664682566139,0.4147664682566139,0.4147664682566139,0.4147664682566139,0.4147664682566139,0.4147664682566139,0.4147664682566139,0.4147664682566139,0.4147664682566139,0.4147664682566139,0.4147664682566139,0.4147664682566139,0.4147664682566139,0.4147664682566139,0.4147664682566139,0.4147664682566139,0.4147664682566139,0.4147664682566139,0.4147664682566139,0.4147664682566139,0.4147664682566139,0.4147664682566139,0.4147664682566139,0.4147664682566139,0.4147664682566139,0.4147664682566139,0.4147664682566139,0.4147664682566139,0.4147664682566139,0.4147664682566139,0.4147664682566139,0.4147664682566139,0.4147664682566139,0.4147664682566139,0.4147664682566139,0.4147664682566139,0.4147664682566139,0.4147664682566139,0.4147664682566139,0.4147664682566139,0.4147664682566139,0.4147664682566139,0.4147664682566139,0.4147664682566139,0.4147664682566139,0.4147664682566139,0.4147664682566139,0.4147664682566139,0.4147664682566139,0.4147664682566139,0.4147664682566139,0.4147664682566139,0.4147664682566139,0.4147664682566139,0.4147664682566139,0.4147664682566139,0.4147664682566139,0.4147664682566139,0.4147664682566139,0.4147664682566139,0.4147664682566139,0.4147664682566139,0.4147664682566139,0.4147664682566139,0.4147664682566139,0.4147664682566139,0.4147664682566139,0.4147664682566139,0.4147664682566139,0.4147664682566139,0.4147664682566139,0.4147664682566139,0.4147664682566139,0.4147664682566139,0.4147664682566139,0.4147664682566139,0.4147664682566139,0.4147664682566139,0.4147664682566139,0.4147664682566139,0.4147664682566139,0.4147664682566139,0.4147664682566139,0.4147664682566139,0.4147664682566139,0.4147664682566139,0.4147664682566139,0.4147664682566139,0.4147664682566139,8.810430031955207,7.334478221961339,7.334478221961339,7.334478221961339,7.334478221961339,7.334478221961339,7.334478221961339,7.334478221961339,7.334478221961339,7.334478221961339,7.334478221961339,7.334478221961339,7.334478221961339,7.334478221961339,7.334478221961339,7.334478221961339,7.334478221961339,7.334478221961339,7.334478221961339,7.334478221961339,7.334478221961339,7.334478221961339,7.334478221961339,7.334478221961339,7.334478221961339,7.334478221961339,7.334478221961339,7.334478221961339,7.334478221961339,7.334478221961339,7.334478221961339,7.334478221961339,7.334478221961339,7.334478221961339,7.334478221961339,7.334478221961339,7.334478221961339,7.334478221961339,7.334478221961339,7.334478221961339,7.334478221961339,7.334478221961339,7.334478221961339,7.334478221961339,7.334478221961339,7.334478221961339,7.334478221961339,7.334478221961339,7.334478221961339,7.334478221961339,7.334478221961339,6.800274305211359,6.800274305211359,6.60993418320927,6.60993418320927,6.462080861412803,6.462080861412803,6.462080861412803,6.462080861412803,6.462080861412803,6.462080861412803,6.462080861412803,6.462080861412803,6.462080861412803,6.462080861412803,6.462080861412803,6.462080861412803,6.462080861412803,6.462080861412803,6.462080861412803,6.462080861412803,6.462080861412803,6.462080861412803,6.462080861412803,6.462080861412803,6.462080861412803,6.462080861412803,6.462080861412803,6.462080861412803,6.462080861412803,6.462080861412803,6.462080861412803,6.462080861412803,6.462080861412803,6.462080861412803,6.462080861412803,6.065254983722514,6.065254983722514,6.065254983722514,6.065254983722514,6.028709885034049,6.028709885034049,5.707850518620395,5.707850518620395,5.707850518620395,5.707850518620395,5.707850518620395,5.707850518620395,5.707850518620395,5.707850518620395,5.707850518620395,5.707850518620395,5.707850518620395,5.707850518620395,5.707850518620395,5.707850518620395,5.707850518620395,5.707850518620395,5.707850518620395,5.707850518620395,5.707850518620395,5.707850518620395,5.707850518620395,5.707850518620395,5.707850518620395,5.707850518620395,5.707850518620395,5.707850518620395,5.707850518620395,5.707850518620395,5.707850518620395,5.707850518620395,5.707850518620395,5.707850518620395,5.707850518620395,5.707850518620395,5.707850518620395,5.707850518620395,5.707850518620395,5.707850518620395,5.707850518620395,5.707850518620395,5.707850518620395,5.707850518620395,5.707850518620395,5.707850518620395,5.707850518620395,5.707850518620395,5.707850518620395,5.707850518620395,5.707850518620395,5.707850518620395,5.707850518620395,5.707850518620395,5.707850518620395,5.707850518620395,5.707850518620395,5.707850518620395,5.707850518620395,5.707850518620395,5.707850518620395,5.707850518620395,5.707850518620395,5.707850518620395,5.707850518620395,5.707850518620395,5.707850518620395,5.707850518620395,5.707850518620395,5.707850518620395,5.707850518620395,5.707850518620395,5.707850518620395,5.707850518620395,5.707850518620395,5.707850518620395,5.707850518620395,5.707850518620395,5.707850518620395,5.707850518620395,5.707850518620395,5.707850518620395,5.707850518620395,5.707850518620395,5.707850518620395,5.707850518620395,5.707850518620395,5.707850518620395,5.707850518620395,5.707850518620395,5.707850518620395,5.707850518620395,5.707850518620395,5.707850518620395,5.707850518620395,5.707850518620395,5.707850518620395,5.707850518620395,5.707850518620395,5.707850518620395,5.707850518620395,5.707850518620395,5.707850518620395,5.707850518620395,5.707850518620395,5.707850518620395,5.707850518620395,5.707850518620395,5.707850518620395,5.707850518620395,5.707850518620395,5.707850518620395,5.707850518620395,5.707850518620395,5.707850518620395,5.707850518620395,5.707850518620395,5.707850518620395,5.707850518620395,5.707850518620395,5.707850518620395,5.707850518620395,5.707850518620395,5.707850518620395,5.707850518620395,5.707850518620395,5.707850518620395,5.707850518620395,5.707850518620395,5.707850518620395,5.707850518620395,5.707850518620395,5.707850518620395,5.707850518620395,5.707850518620395,5.707850518620395,5.707850518620395,5.707850518620395,5.707850518620395,5.707850518620395,5.707850518620395,5.707850518620395,5.707850518620395,5.707850518620395,5.707850518620395,5.707850518620395,5.707850518620395,5.707850518620395,5.707850518620395,5.707850518620395,5.707850518620395,5.707850518620395,5.707850518620395,5.707850518620395,5.707850518620395,5.707850518620395,5.707850518620395,5.707850518620395,5.707850518620395,5.707850518620395,5.707850518620395,5.707850518620395,5.707850518620395,5.707850518620395,5.707850518620395,5.707850518620395,5.707850518620395,5.707850518620395,5.707850518620395,5.707850518620395,5.707850518620395,5.707850518620395,5.707850518620395,5.707850518620395,5.707850518620395,5.707850518620395,5.707850518620395,5.707850518620395,5.707850518620395,5.707850518620395,5.707850518620395,5.707850518620395,5.707850518620395,5.707850518620395,5.707850518620395,5.707850518620395,5.707850518620395,5.707850518620395,5.707850518620395,5.707850518620395,5.707850518620395,5.707850518620395,5.707850518620395,5.707850518620395,5.707850518620395,5.707850518620395,5.707850518620395,5.707850518620395,5.707850518620395,5.707850518620395,5.707850518620395,5.707850518620395,5.707850518620395,5.707850518620395,5.707850518620395,5.707850518620395,5.707850518620395,5.707850518620395,5.707850518620395,5.707850518620395,5.707850518620395,5.707850518620395,5.707850518620395,5.707850518620395,5.707850518620395,5.707850518620395,5.707850518620395,5.707850518620395,5.707850518620395,5.707850518620395,5.707850518620395,5.707850518620395,5.707850518620395,5.707850518620395,5.707850518620395,5.707850518620395,5.707850518620395,5.707850518620395,5.707850518620395,5.707850518620395,5.707850518620395,5.707850518620395,5.707850518620395,5.707850518620395,5.707850518620395,5.707850518620395,5.707850518620395,5.707850518620395,5.707850518620395,5.707850518620395,5.707850518620395,5.707850518620395,5.707850518620395,5.707850518620395,5.707850518620395,5.707850518620395,5.707850518620395,5.707850518620395,5.707850518620395,5.707850518620395,5.707850518620395,5.707850518620395,5.707850518620395,5.707850518620395,5.707850518620395,5.707850518620395,5.707850518620395,5.707850518620395,5.707850518620395,5.707850518620395,5.707850518620395,5.707850518620395,5.707850518620395,5.707850518620395,5.707850518620395,5.707850518620395,5.707850518620395,5.707850518620395,5.707850518620395,5.707850518620395,5.707850518620395,5.707850518620395,5.707850518620395,5.707850518620395,5.707850518620395,5.707850518620395,5.707850518620395,5.707850518620395,5.707850518620395,5.707850518620395,5.707850518620395,5.707850518620395,5.707850518620395,5.707850518620395,5.707850518620395,5.707850518620395,5.707850518620395,5.707850518620395,5.707850518620395,5.707850518620395,5.707850518620395,5.707850518620395,5.707850518620395,5.707850518620395,5.707850518620395,5.707850518620395,5.707850518620395,5.707850518620395,5.707850518620395,5.707850518620395,5.707850518620395,5.707850518620395,5.707850518620395,5.707850518620395,5.707850518620395,5.707850518620395,5.707850518620395,5.707850518620395,5.707850518620395,5.707850518620395,5.707850518620395,5.707850518620395,5.707850518620395,5.707850518620395,5.707850518620395,5.707850518620395,5.707850518620395,5.707850518620395,5.707850518620395,5.707850518620395,5.707850518620395,5.707850518620395,5.707850518620395,5.707850518620395,5.707850518620395,5.707850518620395,5.707850518620395,5.707850518620395,5.707850518620395,5.707850518620395,5.707850518620395,5.707850518620395,5.707850518620395,5.707850518620395,5.707850518620395,5.707850518620395,5.707850518620395,5.707850518620395,5.707850518620395,5.707850518620395,5.707850518620395,5.707850518620395,5.707850518620395,5.707850518620395,5.707850518620395,5.707850518620395,5.707850518620395,5.707850518620395,5.707850518620395,5.707850518620395,5.707850518620395,5.707850518620395,5.707850518620395,5.707850518620395,5.707850518620395,5.707850518620395,5.707850518620395,5.707850518620395,5.707850518620395,5.707850518620395,5.707850518620395,5.707850518620395,5.707850518620395,5.707850518620395,5.707850518620395,5.707850518620395,5.707850518620395,5.707850518620395,5.707850518620395,5.707850518620395,5.707850518620395,5.707850518620395,5.707850518620395,5.707850518620395,5.707850518620395,5.707850518620395,5.707850518620395,5.707850518620395,5.707850518620395,5.707850518620395,5.707850518620395,5.707850518620395,5.707850518620395,5.707850518620395,5.707850518620395,5.707850518620395,5.707850518620395,5.707850518620395,5.707850518620395,5.707850518620395,5.707850518620395,5.707850518620395,5.707850518620395,5.707850518620395,5.707850518620395,5.707850518620395,5.707850518620395,5.707850518620395,5.707850518620395,5.707850518620395,5.707850518620395,5.707850518620395,5.707850518620395,5.707850518620395,5.707850518620395,5.707850518620395,5.707850518620395,5.707850518620395,5.707850518620395,5.707850518620395,5.707850518620395,5.707850518620395,5.707850518620395,5.707850518620395,5.707850518620395,5.707850518620395,5.707850518620395,5.707850518620395,5.707850518620395,5.707850518620395,5.707850518620395,5.707850518620395,5.707850518620395,5.707850518620395,5.707850518620395,5.707850518620395,5.707850518620395,5.707850518620395,5.707850518620395,5.707850518620395,5.707850518620395,5.707850518620395,5.707850518620395,5.707850518620395,5.707850518620395,5.707850518620395,5.707850518620395,5.707850518620395,5.707850518620395,5.707850518620395,5.707850518620395,5.707850518620395,5.707850518620395,5.707850518620395,5.707850518620395,5.707850518620395,5.707850518620395,5.707850518620395,5.707850518620395,5.707850518620395,5.707850518620395,5.707850518620395,5.707850518620395,5.707850518620395,5.707850518620395,5.707850518620395,5.707850518620395,5.707850518620395,5.707850518620395,5.707850518620395,5.707850518620395,5.707850518620395,5.707850518620395,5.707850518620395,5.707850518620395,5.707850518620395,5.707850518620395,5.707850518620395,5.707850518620395,5.707850518620395,5.707850518620395,5.707850518620395,5.707850518620395,5.707850518620395,5.707850518620395,5.707850518620395,5.707850518620395,5.707850518620395,5.707850518620395,5.707850518620395,5.707850518620395,5.707850518620395,5.707850518620395,5.707850518620395,5.707850518620395,5.707850518620395,5.707850518620395,5.707850518620395,5.707850518620395,5.707850518620395,5.707850518620395,5.707850518620395,5.707850518620395,5.707850518620395,5.707850518620395,5.707850518620395,5.707850518620395,5.707850518620395,5.707850518620395,5.707850518620395,5.707850518620395,5.707850518620395,5.707850518620395,5.707850518620395,5.707850518620395,5.707850518620395,5.707850518620395,5.707850518620395,5.707850518620395,5.707850518620395,5.707850518620395,5.707850518620395,5.707850518620395,5.707850518620395,5.707850518620395,5.707850518620395,5.707850518620395,5.707850518620395,5.707850518620395,5.707850518620395,5.707850518620395,5.707850518620395,5.707850518620395,5.707850518620395,5.707850518620395,5.707850518620395,5.707850518620395,5.707850518620395,5.707850518620395,5.707850518620395,5.707850518620395,5.707850518620395,5.707850518620395,5.707850518620395,5.707850518620395,5.707850518620395,5.707850518620395,5.707850518620395,5.707850518620395,5.707850518620395,5.707850518620395,5.707850518620395,5.707850518620395,5.707850518620395,5.707850518620395,5.707850518620395,5.707850518620395,5.707850518620395,5.707850518620395,5.707850518620395,5.707850518620395,5.707850518620395,5.707850518620395,5.707850518620395,5.707850518620395,5.707850518620395,5.707850518620395,5.707850518620395,5.707850518620395,5.707850518620395,5.707850518620395,5.707850518620395,5.707850518620395,5.707850518620395,5.707850518620395,5.707850518620395,5.707850518620395,5.707850518620395,5.707850518620395,5.707850518620395,5.707850518620395,5.707850518620395,5.707850518620395,5.707850518620395,5.707850518620395,5.707850518620395,5.707850518620395,5.707850518620395,5.707850518620395,5.707850518620395,5.707850518620395,5.707850518620395,5.707850518620395,5.707850518620395,5.707850518620395,5.707850518620395,5.707850518620395,5.707850518620395,5.707850518620395,5.707850518620395,5.707850518620395,5.707850518620395,5.707850518620395,5.707850518620395,5.707850518620395,5.707850518620395,5.707850518620395,5.707850518620395,5.707850518620395,5.707850518620395,5.707850518620395,5.707850518620395,5.707850518620395,5.707850518620395,5.707850518620395,5.707850518620395,5.707850518620395,5.707850518620395,5.707850518620395,5.707850518620395,5.707850518620395,5.707850518620395,5.707850518620395,5.707850518620395,5.707850518620395,5.707850518620395,5.707850518620395,5.707850518620395,5.707850518620395,5.707850518620395,5.707850518620395,5.707850518620395,5.707850518620395,5.707850518620395,5.707850518620395,5.707850518620395,5.707850518620395,5.707850518620395,5.707850518620395,5.707850518620395,5.707850518620395,5.707850518620395,5.707850518620395,5.707850518620395,5.707850518620395,5.707850518620395,5.707850518620395,5.707850518620395,5.707850518620395,5.707850518620395,5.707850518620395,5.707850518620395,5.707850518620395,5.707850518620395,5.707850518620395,5.707850518620395,5.707850518620395,5.707850518620395,5.707850518620395,5.707850518620395,5.707850518620395,5.707850518620395,5.707850518620395,5.707850518620395,5.707850518620395,5.707850518620395,5.707850518620395,5.707850518620395,5.707850518620395,5.707850518620395,5.707850518620395,5.707850518620395,5.707850518620395,5.707850518620395,5.707850518620395,5.707850518620395,5.707850518620395,5.707850518620395,5.707850518620395,5.707850518620395,5.707850518620395,5.707850518620395,5.707850518620395,5.707850518620395,5.707850518620395,5.707850518620395,5.707850518620395,5.707850518620395,5.707850518620395,5.707850518620395,5.707850518620395,5.707850518620395,5.707850518620395,5.707850518620395,5.707850518620395,5.707850518620395,5.707850518620395,5.707850518620395,5.707850518620395,5.707850518620395,5.707850518620395,5.707850518620395,5.707850518620395,5.707850518620395,5.707850518620395,5.707850518620395,5.707850518620395,5.707850518620395,5.707850518620395,5.707850518620395,5.707850518620395,5.707850518620395,5.707850518620395,5.707850518620395,5.707850518620395,5.707850518620395,5.707850518620395,5.707850518620395,5.707850518620395,5.707850518620395,5.707850518620395,5.707850518620395,5.707850518620395,5.707850518620395,5.707850518620395,5.707850518620395,5.707850518620395,5.707850518620395,5.707850518620395,5.707850518620395,5.707850518620395,5.707850518620395,5.707850518620395,5.707850518620395,5.707850518620395,5.707850518620395,5.707850518620395,5.707850518620395,5.707850518620395,5.707850518620395,5.707850518620395,5.707850518620395,5.707850518620395,5.707850518620395,5.707850518620395,5.707850518620395,5.707850518620395,5.707850518620395,5.707850518620395,5.707850518620395,5.707850518620395,5.707850518620395,5.707850518620395,5.707850518620395,5.707850518620395,5.707850518620395,5.707850518620395,5.707850518620395,5.707850518620395,5.707850518620395,5.707850518620395,5.707850518620395,5.707850518620395,5.707850518620395,5.707850518620395,5.707850518620395,5.707850518620395,5.707850518620395,5.707850518620395,5.707850518620395,5.707850518620395,5.707850518620395,5.707850518620395,5.707850518620395,5.707850518620395,5.707850518620395,5.707850518620395,5.707850518620395,5.707850518620395,5.707850518620395,5.707850518620395,5.707850518620395,5.707850518620395,5.707850518620395,5.707850518620395,5.707850518620395,5.707850518620395,5.707850518620395,5.707850518620395,5.707850518620395,5.707850518620395,5.707850518620395,5.707850518620395,5.707850518620395,5.707850518620395,5.707850518620395,5.707850518620395,5.707850518620395,5.707850518620395,5.707850518620395,5.707850518620395,5.707850518620395,5.707850518620395,5.707850518620395,5.707850518620395,5.707850518620395,5.707850518620395,5.707850518620395,5.707850518620395,5.707850518620395,5.707850518620395,5.707850518620395,5.707850518620395,5.707850518620395,5.707850518620395,5.707850518620395,5.707850518620395,5.707850518620395,5.707850518620395,5.707850518620395,5.707850518620395,5.707850518620395,5.707850518620395,5.707850518620395,5.707850518620395,5.707850518620395,5.707850518620395,5.707850518620395,5.707850518620395,5.707850518620395,5.707850518620395,5.707850518620395,5.707850518620395,5.707850518620395,5.707850518620395,5.707850518620395,5.707850518620395,5.707850518620395,5.707850518620395,5.707850518620395,5.707850518620395,5.707850518620395,5.707850518620395,5.707850518620395,5.707850518620395,5.707850518620395,5.707850518620395,5.707850518620395,5.707850518620395,5.707850518620395,5.707850518620395,5.707850518620395,5.707850518620395,5.707850518620395,5.707850518620395,5.707850518620395,5.707850518620395,5.707850518620395,5.707850518620395,5.707850518620395,5.707850518620395,5.707850518620395,5.707850518620395,5.707850518620395,5.707850518620395,5.707850518620395,5.707850518620395,5.707850518620395,5.707850518620395,5.707850518620395,5.707850518620395,5.707850518620395,5.707850518620395,5.707850518620395,5.707850518620395,5.707850518620395,5.707850518620395,5.707850518620395,5.707850518620395,5.707850518620395,5.707850518620395,5.707850518620395,5.707850518620395,5.707850518620395,5.707850518620395,5.707850518620395,5.707850518620395,5.707850518620395,5.707850518620395,5.707850518620395,5.707850518620395,5.707850518620395,5.707850518620395,5.707850518620395,5.707850518620395,5.707850518620395,5.707850518620395,5.707850518620395,5.707850518620395,5.707850518620395,5.707850518620395,5.707850518620395,5.707850518620395,5.707850518620395,5.707850518620395,5.707850518620395,5.707850518620395,5.707850518620395,5.707850518620395,5.707850518620395,5.707850518620395,5.707850518620395,5.707850518620395,5.707850518620395,5.707850518620395,5.707850518620395,5.707850518620395,5.707850518620395,5.707850518620395,5.707850518620395,7.705605928780227,7.698334841536009,7.698334841536009,7.698334841536009,7.698334841536009,7.698334841536009,7.698334841536009,7.698334841536009,7.698334841536009,7.698334841536009,7.698334841536009,7.698334841536009,7.698334841536009,7.698334841536009,7.698334841536009,7.698334841536009,7.698334841536009,7.698334841536009,7.698334841536009,7.698334841536009,7.698334841536009,7.698334841536009,7.698334841536009,7.698334841536009,7.698334841536009,7.698334841536009,7.698334841536009,7.698334841536009,7.698334841536009,7.698334841536009,7.698334841536009,7.698334841536009,7.698334841536009,7.698334841536009,7.698334841536009,7.698334841536009,7.698334841536009,7.698334841536009,7.698334841536009,7.698334841536009,7.698334841536009,7.698334841536009,7.698334841536009,7.698334841536009,7.698334841536009,7.698334841536009,7.698334841536009,7.698334841536009,7.698334841536009,7.698334841536009,7.698334841536009,7.698334841536009,7.698334841536009,7.698334841536009,7.698334841536009,7.698334841536009,7.698334841536009,7.698334841536009,7.698334841536009,7.698334841536009,7.476021794331363,6.286799074979369,6.087564058161144,5.67152355769021,5.67152355769021,5.67152355769021,5.67152355769021,5.67152355769021,5.67152355769021,5.67152355769021,5.67152355769021,5.67152355769021,5.67152355769021,5.67152355769021,5.67152355769021,5.67152355769021,5.67152355769021,5.67152355769021,5.67152355769021,5.67152355769021,5.67152355769021,5.67152355769021,5.67152355769021,5.67152355769021,5.67152355769021,5.67152355769021,5.67152355769021,5.67152355769021,5.67152355769021,5.67152355769021,5.67152355769021,5.67152355769021,5.67152355769021,5.67152355769021,5.67152355769021,5.67152355769021,5.67152355769021,5.67152355769021,5.67152355769021,5.67152355769021,5.67152355769021,5.67152355769021,5.67152355769021,5.67152355769021,5.67152355769021,5.67152355769021,5.67152355769021,5.67152355769021,5.67152355769021,5.67152355769021,5.67152355769021,5.67152355769021,5.67152355769021,5.67152355769021,5.67152355769021,5.67152355769021,5.67152355769021,5.67152355769021,5.67152355769021,5.67152355769021,5.67152355769021,5.67152355769021,5.67152355769021,5.67152355769021,5.67152355769021,5.67152355769021,5.67152355769021,5.67152355769021,5.67152355769021,5.67152355769021,5.67152355769021,5.67152355769021,5.67152355769021,5.67152355769021,5.67152355769021,5.67152355769021,5.67152355769021,5.67152355769021,5.67152355769021,5.67152355769021,5.67152355769021,5.67152355769021,5.67152355769021,5.67152355769021,5.67152355769021,5.67152355769021,5.67152355769021,5.67152355769021,5.67152355769021,5.67152355769021,5.67152355769021,5.67152355769021,5.67152355769021,5.67152355769021,5.67152355769021,5.67152355769021,5.67152355769021,5.67152355769021,5.67152355769021,5.67152355769021,5.67152355769021,5.67152355769021,5.67152355769021,5.67152355769021,5.67152355769021,5.67152355769021,5.67152355769021,5.67152355769021,5.67152355769021,5.67152355769021,5.67152355769021,5.67152355769021,5.67152355769021,5.67152355769021,5.67152355769021,5.67152355769021,5.67152355769021,5.67152355769021,5.43679952910525,5.368279558718477,5.151638037954008,5.151638037954008,5.151638037954008,5.151638037954008,5.151638037954008,5.151638037954008,5.151638037954008,5.151638037954008,5.151638037954008,5.151638037954008,5.151638037954008,4.43940768399577,4.43940768399577,4.43940768399577,4.43940768399577,4.43940768399577,4.43940768399577,4.43940768399577,4.43940768399577,4.43940768399577,4.43940768399577,4.43940768399577,4.43940768399577,4.43940768399577,4.43940768399577,4.43940768399577,4.43940768399577,4.43940768399577,4.43940768399577,4.43940768399577,4.43940768399577,4.43940768399577,4.43940768399577,4.43940768399577,4.43940768399577,4.43940768399577,4.43940768399577,4.43940768399577,4.43940768399577,4.43940768399577,4.43940768399577,4.43940768399577,4.43940768399577,4.43940768399577,4.43940768399577,4.43940768399577,4.43940768399577,4.43940768399577,4.43940768399577,4.43940768399577,4.43940768399577,4.43940768399577,4.43940768399577,4.43940768399577,4.43940768399577,4.43940768399577,4.43940768399577,4.43940768399577,4.43940768399577,4.43940768399577,4.43940768399577,4.43940768399577,4.43940768399577,4.43940768399577,4.43940768399577,4.43940768399577,4.43940768399577,4.43940768399577,4.43940768399577,4.43940768399577,4.43940768399577,4.43940768399577,4.43940768399577,4.43940768399577,4.43940768399577,4.43940768399577,4.43940768399577,4.43940768399577,4.43940768399577,4.43940768399577,4.43940768399577,4.43940768399577,4.43940768399577,4.43940768399577,4.43940768399577,4.43940768399577,4.43940768399577,4.43940768399577,4.43940768399577,4.43940768399577,4.43940768399577,4.43940768399577,4.43940768399577,4.43940768399577,4.43940768399577,4.43940768399577,4.43940768399577,4.43940768399577,4.43940768399577,4.43940768399577,4.43940768399577,4.43940768399577,4.43940768399577,4.43940768399577,4.43940768399577,4.43940768399577,4.43940768399577,4.43940768399577,4.43940768399577,4.43940768399577,4.43940768399577,4.43940768399577,4.43940768399577,4.43940768399577,4.43940768399577,4.43940768399577,4.43940768399577,4.43940768399577,4.43940768399577,4.43940768399577,4.43940768399577,4.43940768399577,4.43940768399577,4.43940768399577,4.43940768399577,4.43940768399577,4.43940768399577,4.43940768399577,4.43940768399577,4.43940768399577,4.43940768399577,4.43940768399577,4.43940768399577,4.43940768399577,4.43940768399577,4.43940768399577,3.8898326857920535,3.8898326857920535,3.8898326857920535,3.8898326857920535,3.8898326857920535,3.8898326857920535,3.8898326857920535,3.8898326857920535,3.8898326857920535,3.8898326857920535,3.8898326857920535,3.8898326857920535,3.8898326857920535,3.8898326857920535,3.8898326857920535,3.8898326857920535,3.8898326857920535,3.8898326857920535,3.8898326857920535,3.8898326857920535,3.8898326857920535,3.8898326857920535,3.8898326857920535,3.8898326857920535,3.8898326857920535,3.8898326857920535,3.8898326857920535,3.8898326857920535,3.8898326857920535,3.8898326857920535,3.8898326857920535,3.8898326857920535,3.8898326857920535,3.8898326857920535,3.8898326857920535,3.8898326857920535,3.8898326857920535,3.8898326857920535,3.8898326857920535,3.8898326857920535,3.8898326857920535,3.8898326857920535,3.8898326857920535,3.8898326857920535,3.8898326857920535,3.8898326857920535,3.8898326857920535,3.8898326857920535,3.8898326857920535,3.8898326857920535,3.8898326857920535,3.8898326857920535,3.8898326857920535,3.8898326857920535,3.8898326857920535,3.8898326857920535,3.8898326857920535,3.8898326857920535,3.8898326857920535,3.8898326857920535,3.8898326857920535,3.8898326857920535,3.8898326857920535,3.8898326857920535,3.8898326857920535,3.8898326857920535,3.8898326857920535,3.8898326857920535,3.8898326857920535,3.8898326857920535,3.8898326857920535,3.8898326857920535,3.8898326857920535,3.8898326857920535,3.8898326857920535,3.8898326857920535,3.8898326857920535,3.8898326857920535,3.8898326857920535,3.8898326857920535,3.8898326857920535,3.8898326857920535,3.8898326857920535,3.8898326857920535,3.8898326857920535,3.8898326857920535,3.8898326857920535,3.8898326857920535,3.8898326857920535,3.8898326857920535,3.8898326857920535,3.8898326857920535,3.8898326857920535,3.8898326857920535,3.8898326857920535,3.8898326857920535,3.8898326857920535,3.8898326857920535,3.8898326857920535,3.8898326857920535,3.8898326857920535,3.8898326857920535,3.8898326857920535,3.8898326857920535,3.8898326857920535,3.8898326857920535,3.8898326857920535,3.8898326857920535,3.8898326857920535,3.8898326857920535,3.8898326857920535,3.8898326857920535,3.8898326857920535,3.8898326857920535,3.8898326857920535,3.8898326857920535,3.8898326857920535,3.8898326857920535,3.8898326857920535,3.8898326857920535,3.8898326857920535,3.8898326857920535,3.8898326857920535,3.8898326857920535,3.8898326857920535,3.8898326857920535,2.20315324526368,2.20315324526368,2.20315324526368,2.20315324526368,2.20315324526368,2.20315324526368,2.20315324526368,2.20315324526368,2.20315324526368,2.20315324526368,2.20315324526368,2.20315324526368,2.20315324526368,2.20315324526368,2.20315324526368,2.20315324526368,2.20315324526368,2.20315324526368,2.20315324526368,2.20315324526368,2.20315324526368,2.20315324526368,2.20315324526368,2.20315324526368,2.20315324526368,2.20315324526368,2.20315324526368,2.20315324526368,2.20315324526368,2.20315324526368,2.20315324526368,2.20315324526368,2.20315324526368,2.20315324526368,2.20315324526368,2.20315324526368,2.20315324526368,2.20315324526368,2.20315324526368,2.20315324526368,2.20315324526368,2.20315324526368,2.20315324526368,2.20315324526368,2.20315324526368,2.20315324526368,2.20315324526368,2.20315324526368,2.20315324526368,2.20315324526368,2.20315324526368,2.20315324526368,2.20315324526368,2.20315324526368,2.20315324526368,2.20315324526368,2.20315324526368,2.20315324526368,2.20315324526368,2.20315324526368,2.20315324526368,2.20315324526368,2.20315324526368,2.20315324526368,2.20315324526368,2.20315324526368,2.20315324526368,2.20315324526368,2.20315324526368,2.20315324526368,2.20315324526368,2.20315324526368,2.20315324526368,2.20315324526368,2.20315324526368,2.20315324526368,2.20315324526368,2.20315324526368,2.20315324526368,2.20315324526368,2.20315324526368,2.20315324526368,2.20315324526368,2.20315324526368,2.20315324526368,2.20315324526368,2.20315324526368,2.20315324526368,2.20315324526368,2.20315324526368,2.20315324526368,2.20315324526368,2.20315324526368,2.20315324526368,2.20315324526368,2.20315324526368,2.20315324526368,2.20315324526368,2.20315324526368,2.20315324526368,2.20315324526368,2.20315324526368,2.20315324526368,2.20315324526368,2.20315324526368,2.20315324526368,2.20315324526368,2.20315324526368,2.20315324526368,2.20315324526368,2.20315324526368,2.20315324526368,2.20315324526368,2.20315324526368,2.20315324526368,2.20315324526368,2.20315324526368,2.20315324526368,2.20315324526368,2.20315324526368,2.20315324526368,2.20315324526368,2.20315324526368,2.20315324526368,2.20315324526368,2.20315324526368,2.20315324526368,2.20315324526368,2.20315324526368,2.20315324526368,2.20315324526368,2.20315324526368,2.20315324526368,2.20315324526368,2.20315324526368,2.20315324526368,2.20315324526368,2.20315324526368,2.20315324526368,2.20315324526368,2.20315324526368,2.20315324526368,2.20315324526368,2.20315324526368,2.20315324526368,2.20315324526368,2.20315324526368,2.20315324526368,2.20315324526368,2.20315324526368,2.20315324526368,2.20315324526368,2.20315324526368,2.20315324526368,2.20315324526368,2.20315324526368,2.20315324526368,2.20315324526368,2.20315324526368,2.20315324526368,2.20315324526368,2.20315324526368,2.20315324526368,2.20315324526368,2.20315324526368,2.20315324526368,2.20315324526368,2.20315324526368,2.20315324526368,2.20315324526368,2.20315324526368,2.20315324526368,2.20315324526368,2.20315324526368,2.20315324526368,2.20315324526368,2.20315324526368,2.20315324526368,2.20315324526368,2.20315324526368,2.20315324526368,2.20315324526368,2.20315324526368,2.20315324526368,2.20315324526368,2.20315324526368,2.20315324526368,2.20315324526368,2.20315324526368,2.20315324526368,2.20315324526368,2.20315324526368,2.20315324526368,2.20315324526368,2.20315324526368,2.20315324526368,2.20315324526368,2.20315324526368,2.20315324526368,2.20315324526368,2.20315324526368,2.20315324526368,2.20315324526368,2.20315324526368,2.20315324526368,2.20315324526368,2.20315324526368,2.20315324526368,2.20315324526368,2.20315324526368,2.20315324526368,2.20315324526368,2.20315324526368,2.20315324526368,2.20315324526368,2.20315324526368,2.20315324526368,2.20315324526368,2.20315324526368,2.20315324526368,2.20315324526368,2.20315324526368,2.20315324526368,2.20315324526368,2.20315324526368,2.20315324526368,2.20315324526368,2.20315324526368,2.20315324526368,2.20315324526368,2.20315324526368,2.20315324526368,2.20315324526368,2.20315324526368,2.20315324526368,2.20315324526368,2.20315324526368,2.20315324526368,2.20315324526368,2.20315324526368,2.20315324526368,2.20315324526368,2.20315324526368,2.20315324526368,2.20315324526368,2.20315324526368,2.20315324526368,2.20315324526368,2.20315324526368,2.20315324526368,2.20315324526368,2.20315324526368,2.20315324526368,2.20315324526368,2.20315324526368,2.20315324526368,2.20315324526368,2.20315324526368,2.20315324526368,2.20315324526368,2.20315324526368,2.20315324526368,2.20315324526368,2.20315324526368,2.052371618517423,2.052371618517423,2.052371618517423,2.052371618517423,2.052371618517423,2.052371618517423,2.052371618517423,2.052371618517423,2.052371618517423,2.052371618517423,2.052371618517423,2.052371618517423,2.052371618517423,2.052371618517423,2.052371618517423,2.052371618517423,2.052371618517423,2.052371618517423,2.052371618517423,2.052371618517423,2.052371618517423,2.052371618517423,2.052371618517423,2.052371618517423,2.052371618517423,2.052371618517423,2.052371618517423,2.052371618517423,2.052371618517423,2.052371618517423,2.052371618517423,2.052371618517423,2.052371618517423,2.052371618517423,2.052371618517423,2.052371618517423,2.052371618517423,2.052371618517423,2.052371618517423,2.052371618517423,2.052371618517423,2.052371618517423,2.052371618517423,2.052371618517423,2.052371618517423,2.052371618517423,2.052371618517423,2.052371618517423,2.052371618517423,2.052371618517423,2.052371618517423,2.052371618517423,2.052371618517423,2.052371618517423,2.052371618517423,2.052371618517423,2.052371618517423,2.052371618517423,2.052371618517423,2.052371618517423,2.052371618517423,2.052371618517423,2.052371618517423,2.052371618517423,2.052371618517423,2.052371618517423,2.052371618517423,2.052371618517423,2.052371618517423,2.052371618517423,2.052371618517423,2.052371618517423,2.052371618517423,2.052371618517423,2.052371618517423,2.052371618517423,2.052371618517423,2.052371618517423,2.052371618517423,2.052371618517423,2.052371618517423,2.052371618517423,2.052371618517423,2.052371618517423,2.052371618517423,2.052371618517423,2.052371618517423,2.052371618517423,2.052371618517423,2.052371618517423,2.052371618517423,2.052371618517423,2.052371618517423,2.052371618517423,2.052371618517423,2.052371618517423,2.052371618517423,2.052371618517423,2.052371618517423,2.052371618517423,2.052371618517423,2.052371618517423,2.052371618517423,2.052371618517423,2.052371618517423,2.052371618517423,2.052371618517423,2.052371618517423,2.052371618517423,2.052371618517423,2.052371618517423,2.052371618517423,2.052371618517423,2.052371618517423,2.052371618517423,2.052371618517423,2.052371618517423,2.052371618517423,2.052371618517423,2.052371618517423,2.052371618517423,2.052371618517423,2.052371618517423,2.052371618517423,2.052371618517423,2.052371618517423,2.052371618517423,2.052371618517423,2.052371618517423,2.052371618517423,2.052371618517423,2.052371618517423,2.052371618517423,2.052371618517423,2.052371618517423,2.052371618517423,2.052371618517423,2.052371618517423,2.052371618517423,2.052371618517423,2.052371618517423,2.052371618517423,2.052371618517423,2.052371618517423,2.052371618517423,2.052371618517423,2.052371618517423,2.052371618517423,2.052371618517423,2.052371618517423,2.052371618517423,2.052371618517423,2.052371618517423,2.052371618517423,2.052371618517423,2.052371618517423,2.052371618517423,2.052371618517423,2.052371618517423,2.052371618517423,2.052371618517423,2.052371618517423,2.052371618517423,2.052371618517423,2.052371618517423,2.052371618517423,2.052371618517423,2.052371618517423,2.052371618517423,2.052371618517423,2.052371618517423,2.052371618517423,2.052371618517423,2.052371618517423,2.052371618517423,2.052371618517423,2.052371618517423,2.052371618517423,2.052371618517423,2.052371618517423,2.052371618517423,2.052371618517423,2.052371618517423,2.052371618517423,2.052371618517423,2.052371618517423,2.052371618517423,2.052371618517423,2.052371618517423,2.052371618517423,2.052371618517423,2.052371618517423,2.052371618517423,2.052371618517423,2.052371618517423,2.052371618517423,2.052371618517423,2.052371618517423,2.052371618517423,2.052371618517423,2.052371618517423,2.052371618517423,2.052371618517423,2.052371618517423,2.052371618517423,2.052371618517423,2.052371618517423,2.052371618517423,2.052371618517423,2.052371618517423,2.052371618517423,2.052371618517423,2.052371618517423,2.052371618517423,2.052371618517423,2.052371618517423,2.052371618517423,2.052371618517423,2.052371618517423,2.052371618517423,2.052371618517423,2.052371618517423,2.052371618517423,2.052371618517423,2.052371618517423,2.052371618517423,2.052371618517423,2.052371618517423,2.052371618517423,2.052371618517423,2.052371618517423,2.052371618517423,2.052371618517423,2.052371618517423,2.052371618517423,2.052371618517423,2.052371618517423,2.052371618517423,2.052371618517423,2.052371618517423,2.052371618517423,2.052371618517423,2.052371618517423,2.052371618517423,2.052371618517423,2.052371618517423,2.052371618517423,2.052371618517423,2.052371618517423,2.052371618517423,2.052371618517423,2.052371618517423,2.052371618517423,2.052371618517423,2.052371618517423,2.052371618517423,2.052371618517423,2.052371618517423,2.052371618517423,2.052371618517423,2.052371618517423,2.052371618517423,2.052371618517423,2.052371618517423,2.052371618517423,2.052371618517423,2.052371618517423,2.052371618517423,2.052371618517423,2.052371618517423,2.052371618517423,2.052371618517423,2.052371618517423,2.052371618517423,2.052371618517423,2.052371618517423,2.052371618517423,2.052371618517423,2.052371618517423,2.052371618517423,2.052371618517423,2.052371618517423,2.052371618517423,2.052371618517423,2.052371618517423,2.052371618517423,2.052371618517423,2.052371618517423,2.052371618517423,2.052371618517423,2.052371618517423,2.052371618517423,2.052371618517423,2.052371618517423,7.700701106935895,7.700701106935895,6.943235889518688,6.943235889518688,6.799386829247126,6.799386829247126,6.799386829247126,6.797987524143706,6.797987524143706,6.797987524143706,6.797987524143706,6.797987524143706,6.797987524143706,6.797987524143706,6.797987524143706,6.797987524143706,6.564215352396679,6.564215352396679,6.564215352396679,6.564215352396679,6.4982865415165145,6.4982865415165145,6.4982865415165145,6.4982865415165145,6.4982865415165145,6.4982865415165145,6.412912883422254,6.412912883422254,6.412912883422254,6.412912883422254,6.412912883422254,6.412912883422254,6.412912883422254,6.412912883422254,6.412912883422254,6.412912883422254,6.412912883422254,6.412912883422254,6.339996309509445,6.339996309509445,6.339996309509445,6.339996309509445,6.339996309509445,6.339996309509445,6.339996309509445,6.339996309509445,6.0141930336065705,6.0141930336065705,6.0141930336065705,6.0141930336065705,6.0141930336065705,6.0141930336065705,6.0141930336065705,6.0141930336065705,6.0141930336065705,6.0141930336065705,6.0141930336065705,6.0141930336065705,6.0141930336065705,6.0141930336065705,6.0141930336065705,6.0141930336065705,6.0141930336065705,6.0141930336065705,6.0141930336065705,6.0141930336065705,6.0141930336065705,6.0141930336065705,6.0141930336065705,6.0141930336065705,6.0141930336065705,6.0141930336065705,6.0141930336065705,6.0141930336065705,6.0141930336065705,6.0141930336065705,6.0141930336065705,6.0141930336065705,6.0141930336065705,6.0141930336065705,6.0141930336065705,6.0141930336065705,6.0141930336065705,6.0141930336065705,6.0141930336065705,6.0141930336065705,6.0141930336065705,6.0141930336065705,6.0141930336065705,6.0141930336065705,6.0141930336065705,6.0141930336065705,6.0141930336065705,6.0141930336065705,6.0141930336065705,6.0141930336065705,6.0141930336065705,6.0141930336065705,6.0141930336065705,6.0141930336065705,6.0141930336065705,6.0141930336065705,6.0141930336065705,6.0141930336065705,6.0141930336065705,6.0141930336065705,6.0141930336065705,6.0141930336065705,6.0141930336065705,6.0141930336065705,6.0141930336065705,6.0141930336065705,6.0141930336065705,6.0141930336065705,6.0141930336065705,6.0141930336065705,6.0141930336065705,6.0141930336065705,6.0141930336065705,6.0141930336065705,6.0141930336065705,6.0141930336065705,6.0141930336065705,6.0141930336065705,6.0141930336065705,6.0141930336065705,6.0141930336065705,6.0141930336065705,6.0141930336065705,6.0141930336065705,6.0141930336065705,6.0141930336065705,6.0141930336065705,6.0141930336065705,6.0141930336065705,6.0141930336065705,6.0141930336065705,6.0141930336065705,6.0141930336065705,6.0141930336065705,6.0141930336065705,6.0141930336065705,6.0141930336065705,6.0141930336065705,6.0141930336065705,6.0141930336065705,6.0141930336065705,6.0141930336065705,6.0141930336065705,6.0141930336065705,6.0141930336065705,6.0141930336065705,5.160439699582483,4.059659385892033,4.059659385892033,4.059659385892033,4.059659385892033,4.059659385892033,4.059659385892033,4.059659385892033,4.059659385892033,4.059659385892033,4.059659385892033,4.059659385892033,4.059659385892033,4.059659385892033,4.059659385892033,4.059659385892033,4.059659385892033,4.059659385892033,4.059659385892033,4.059659385892033,4.059659385892033,4.059659385892033,4.059659385892033,4.059659385892033,4.059659385892033,4.059659385892033,4.059659385892033,4.059659385892033,4.059659385892033,4.059659385892033,4.059659385892033,4.059659385892033,4.059659385892033,4.059659385892033,4.059659385892033,4.059659385892033,4.059659385892033,4.059659385892033,4.059659385892033,4.059659385892033,4.059659385892033,4.059659385892033,4.059659385892033,4.059659385892033,4.059659385892033,4.059659385892033,4.059659385892033,4.059659385892033,4.059659385892033,4.059659385892033,4.059659385892033,4.059659385892033,4.059659385892033,4.059659385892033,4.059659385892033,4.059659385892033,4.059659385892033,4.059659385892033,4.059659385892033,4.059659385892033,4.059659385892033,4.059659385892033,4.059659385892033,4.059659385892033,4.059659385892033,4.059659385892033,4.059659385892033,4.059659385892033,4.059659385892033,4.059659385892033,4.059659385892033,4.059659385892033,4.059659385892033,4.059659385892033,4.059659385892033,4.059659385892033,4.059659385892033,4.059659385892033,4.059659385892033,4.059659385892033,4.059659385892033,4.059659385892033,4.059659385892033,4.059659385892033,4.059659385892033,4.059659385892033,4.059659385892033,4.059659385892033,4.059659385892033,4.059659385892033,4.059659385892033,4.059659385892033,4.059659385892033,4.059659385892033,4.059659385892033,4.059659385892033,4.059659385892033,4.059659385892033,4.059659385892033,4.059659385892033,4.059659385892033,4.059659385892033,4.059659385892033,4.059659385892033,4.059659385892033,4.059659385892033,4.059659385892033,4.059659385892033,4.059659385892033,4.059659385892033,4.059659385892033,4.059659385892033,4.059659385892033,4.059659385892033,4.059659385892033,4.059659385892033,4.059659385892033,4.059659385892033,4.059659385892033,4.059659385892033,4.059659385892033,4.059659385892033,4.059659385892033,4.059659385892033,4.059659385892033,4.059659385892033,4.059659385892033,4.059659385892033,4.059659385892033,4.059659385892033,4.059659385892033,4.059659385892033,4.059659385892033,4.059659385892033,4.059659385892033,4.059659385892033,4.059659385892033,4.059659385892033,4.059659385892033,4.059659385892033,4.059659385892033,4.059659385892033,4.059659385892033,4.059659385892033,4.059659385892033,4.059659385892033,4.059659385892033,4.059659385892033,4.059659385892033,4.059659385892033,4.059659385892033,4.059659385892033,4.059659385892033,4.059659385892033,4.059659385892033,4.059659385892033,4.059659385892033,4.059659385892033,4.059659385892033,4.059659385892033,4.059659385892033,4.059659385892033,4.059659385892033,4.059659385892033,4.059659385892033,4.059659385892033,4.059659385892033,4.059659385892033,4.059659385892033,4.059659385892033,4.059659385892033,4.059659385892033,4.059659385892033,4.059659385892033,4.059659385892033,4.059659385892033,4.059659385892033,4.059659385892033,4.059659385892033,4.059659385892033,4.059659385892033,4.059659385892033,4.059659385892033,4.059659385892033,4.059659385892033,4.059659385892033,4.059659385892033,4.059659385892033,4.059659385892033,4.059659385892033,4.059659385892033,4.059659385892033,4.059659385892033,4.059659385892033,4.059659385892033,4.059659385892033,4.059659385892033,4.059659385892033,4.059659385892033,4.059659385892033,4.059659385892033,4.059659385892033,4.059659385892033,4.059659385892033,4.059659385892033,4.059659385892033,4.059659385892033,4.059659385892033,4.059659385892033,4.059659385892033,4.059659385892033,4.059659385892033,4.059659385892033,4.059659385892033,4.059659385892033,4.059659385892033,4.059659385892033,4.059659385892033,4.059659385892033,4.059659385892033,4.059659385892033,4.059659385892033,4.059659385892033,4.059659385892033,4.059659385892033,4.059659385892033,4.059659385892033,4.059659385892033,4.059659385892033,4.059659385892033,4.059659385892033,4.059659385892033,4.059659385892033,4.059659385892033,4.059659385892033,4.059659385892033,4.059659385892033,4.059659385892033,4.059659385892033,4.059659385892033,4.059659385892033,4.059659385892033,4.059659385892033,4.059659385892033,4.059659385892033,4.059659385892033,4.059659385892033,4.059659385892033,4.059659385892033,4.059659385892033,4.059659385892033,4.059659385892033,4.059659385892033,4.059659385892033,4.059659385892033,4.059659385892033,4.059659385892033,4.059659385892033,4.059659385892033,4.059659385892033,4.059659385892033,4.059659385892033,4.059659385892033,4.059659385892033,4.059659385892033,4.059659385892033,4.059659385892033,4.059659385892033,4.059659385892033,4.059659385892033,4.059659385892033,4.059659385892033,4.059659385892033,4.059659385892033,4.059659385892033,4.059659385892033,4.059659385892033,4.059659385892033,4.059659385892033,4.059659385892033,4.059659385892033,4.059659385892033,4.059659385892033,4.059659385892033,4.059659385892033,4.059659385892033,4.059659385892033,4.059659385892033,4.059659385892033,4.059659385892033,4.059659385892033,4.059659385892033,4.059659385892033,4.059659385892033,4.059659385892033,4.059659385892033,4.059659385892033,4.059659385892033,4.059659385892033,4.059659385892033,4.059659385892033,4.059659385892033,4.059659385892033,4.059659385892033,4.059659385892033,4.059659385892033,4.059659385892033,4.059659385892033,4.059659385892033,4.059659385892033,4.059659385892033,4.059659385892033,4.059659385892033,4.059659385892033,4.059659385892033,4.059659385892033,4.059659385892033,4.059659385892033,4.059659385892033,4.059659385892033,4.059659385892033,4.059659385892033,4.059659385892033,4.059659385892033,4.059659385892033,4.059659385892033,4.059659385892033,4.059659385892033,4.059659385892033,4.059659385892033,4.059659385892033,4.059659385892033,4.059659385892033,4.059659385892033,4.059659385892033,4.059659385892033,4.059659385892033,4.059659385892033,4.059659385892033,4.059659385892033,4.059659385892033,4.059659385892033,4.059659385892033,4.059659385892033,4.059659385892033,4.059659385892033,4.059659385892033,4.059659385892033,4.059659385892033,4.059659385892033,4.059659385892033,4.059659385892033,4.059659385892033,4.059659385892033,4.059659385892033,4.059659385892033,4.059659385892033,4.059659385892033,4.059659385892033,4.059659385892033,4.059659385892033,4.059659385892033,4.059659385892033,4.059659385892033,4.059659385892033,4.059659385892033,4.059659385892033,4.059659385892033,4.059659385892033,4.059659385892033,4.059659385892033,4.059659385892033,4.059659385892033,4.059659385892033,4.059659385892033,4.059659385892033,4.059659385892033,4.059659385892033,4.059659385892033,4.059659385892033,4.059659385892033,4.059659385892033,4.059659385892033,4.059659385892033,4.059659385892033,4.059659385892033,4.059659385892033,4.059659385892033,4.059659385892033,4.059659385892033,4.059659385892033,4.059659385892033,4.059659385892033,4.059659385892033,4.059659385892033,4.059659385892033,4.059659385892033,4.059659385892033,4.059659385892033,4.059659385892033,4.059659385892033,4.059659385892033,4.059659385892033,4.059659385892033,4.059659385892033,4.059659385892033,4.059659385892033,4.059659385892033,4.059659385892033,4.059659385892033,4.059659385892033,4.059659385892033,4.059659385892033,4.059659385892033,4.059659385892033,4.059659385892033,4.059659385892033,4.059659385892033,4.059659385892033,4.059659385892033,4.059659385892033,4.059659385892033,4.059659385892033,4.059659385892033,4.059659385892033,4.059659385892033,4.059659385892033,4.059659385892033,4.059659385892033,4.059659385892033,4.059659385892033,4.059659385892033,4.059659385892033,4.059659385892033,4.059659385892033,4.059659385892033,4.059659385892033,4.059659385892033,4.059659385892033,4.059659385892033,4.059659385892033,4.059659385892033,4.059659385892033,4.059659385892033,4.059659385892033,4.059659385892033,4.059659385892033,4.059659385892033,4.059659385892033,4.059659385892033,4.059659385892033,4.059659385892033,4.059659385892033,4.059659385892033,4.059659385892033,4.059659385892033,4.059659385892033,4.059659385892033,4.059659385892033,4.059659385892033,4.059659385892033,4.059659385892033,4.059659385892033,4.059659385892033,4.059659385892033,4.059659385892033,4.059659385892033,4.059659385892033,4.059659385892033,4.059659385892033,4.059659385892033,4.059659385892033,4.059659385892033,4.059659385892033,4.059659385892033,4.059659385892033,4.059659385892033,4.059659385892033,4.059659385892033,4.059659385892033,4.059659385892033,4.059659385892033,4.059659385892033,4.059659385892033,4.059659385892033,4.059659385892033,4.059659385892033,4.059659385892033,4.059659385892033,4.059659385892033,4.059659385892033,4.059659385892033,4.059659385892033,4.059659385892033,4.059659385892033,4.059659385892033,4.059659385892033,4.059659385892033,4.059659385892033,4.059659385892033,4.059659385892033,4.059659385892033,4.059659385892033,4.059659385892033,4.059659385892033,4.059659385892033,4.059659385892033,4.059659385892033,4.059659385892033,4.059659385892033,4.059659385892033,4.059659385892033,4.059659385892033,4.059659385892033,4.059659385892033,4.059659385892033,4.059659385892033,4.059659385892033,4.059659385892033,4.059659385892033,4.059659385892033,4.059659385892033,4.059659385892033,4.059659385892033,4.059659385892033,4.059659385892033,4.059659385892033,4.059659385892033,4.059659385892033,4.059659385892033,4.059659385892033,4.059659385892033,4.059659385892033,4.059659385892033,4.059659385892033,4.059659385892033,4.059659385892033,4.059659385892033,4.059659385892033,4.059659385892033,4.059659385892033,4.059659385892033,4.059659385892033,4.059659385892033,4.059659385892033,4.059659385892033,4.059659385892033,4.059659385892033,4.059659385892033,4.059659385892033,4.059659385892033,4.059659385892033,4.059659385892033,4.059659385892033,4.059659385892033,4.059659385892033,4.059659385892033,4.059659385892033,4.059659385892033,4.059659385892033,4.059659385892033,4.059659385892033,4.059659385892033,4.059659385892033,4.059659385892033,4.059659385892033,4.059659385892033,4.059659385892033,4.059659385892033,4.059659385892033,4.059659385892033,4.059659385892033,4.059659385892033,4.059659385892033,4.059659385892033,4.059659385892033,4.059659385892033,4.059659385892033,4.059659385892033,4.059659385892033,4.059659385892033,4.059659385892033,4.059659385892033,4.059659385892033,4.059659385892033,4.059659385892033,4.059659385892033,4.059659385892033,4.059659385892033,4.059659385892033,4.059659385892033,4.059659385892033,4.059659385892033,4.059659385892033,4.059659385892033,4.059659385892033,4.059659385892033,4.059659385892033,4.059659385892033,4.059659385892033,4.059659385892033,4.059659385892033,4.059659385892033,4.059659385892033,4.059659385892033,4.059659385892033,4.059659385892033,4.059659385892033,4.059659385892033,4.059659385892033,4.059659385892033,4.059659385892033,4.059659385892033,4.059659385892033,4.059659385892033,4.059659385892033,4.059659385892033,4.059659385892033,4.059659385892033,4.059659385892033,4.059659385892033,4.059659385892033,4.059659385892033,4.059659385892033,4.059659385892033,4.059659385892033,4.059659385892033,4.059659385892033,4.059659385892033,4.059659385892033,4.059659385892033,4.059659385892033,4.059659385892033,4.059659385892033,4.059659385892033,4.059659385892033,4.059659385892033,4.059659385892033,4.059659385892033,4.059659385892033,4.059659385892033,4.059659385892033,4.059659385892033,4.059659385892033,4.059659385892033,4.059659385892033,4.059659385892033,4.059659385892033,4.059659385892033,4.059659385892033,4.059659385892033,4.059659385892033,4.059659385892033,4.059659385892033,4.059659385892033,4.059659385892033,4.059659385892033,4.059659385892033,4.059659385892033,4.059659385892033,4.059659385892033,4.059659385892033,4.059659385892033,4.059659385892033,4.059659385892033,4.059659385892033,4.059659385892033,4.059659385892033,4.059659385892033,4.059659385892033,4.059659385892033,4.059659385892033,4.059659385892033,4.059659385892033,4.059659385892033,4.059659385892033,4.059659385892033,4.059659385892033,4.059659385892033,4.059659385892033,4.059659385892033,4.059659385892033,4.059659385892033,4.059659385892033,4.059659385892033,4.059659385892033,4.059659385892033,4.059659385892033,4.059659385892033,4.059659385892033,4.059659385892033,4.059659385892033,4.059659385892033,4.059659385892033,4.059659385892033,4.059659385892033,4.059659385892033,4.059659385892033,4.059659385892033,4.059659385892033,4.059659385892033,4.059659385892033,4.059659385892033,4.059659385892033,4.059659385892033,4.059659385892033,4.059659385892033,4.059659385892033,4.059659385892033,4.059659385892033,4.059659385892033,4.059659385892033,4.059659385892033,4.059659385892033,4.059659385892033,4.059659385892033,4.059659385892033,4.059659385892033,4.059659385892033,4.059659385892033,4.059659385892033,4.059659385892033,4.059659385892033,4.059659385892033,4.059659385892033,4.059659385892033,4.059659385892033,4.059659385892033,4.059659385892033,4.059659385892033,4.059659385892033,4.059659385892033,4.059659385892033,4.059659385892033,4.059659385892033,4.059659385892033,4.059659385892033,4.059659385892033,4.059659385892033,4.059659385892033,4.059659385892033,4.059659385892033,4.059659385892033,4.059659385892033,4.059659385892033,4.059659385892033,4.059659385892033,4.059659385892033,4.059659385892033,4.059659385892033,4.059659385892033,4.059659385892033,4.059659385892033,4.059659385892033,4.059659385892033,4.059659385892033,4.059659385892033,4.059659385892033,4.059659385892033,4.059659385892033,4.059659385892033,4.059659385892033,4.059659385892033,4.059659385892033,4.059659385892033,4.059659385892033,4.059659385892033,4.059659385892033,4.059659385892033,4.059659385892033,4.059659385892033,4.059659385892033,4.059659385892033,4.059659385892033,4.059659385892033,4.059659385892033,4.059659385892033,4.059659385892033,4.059659385892033,4.059659385892033,4.059659385892033,4.059659385892033,4.059659385892033,4.059659385892033,4.059659385892033,4.059659385892033,4.059659385892033,4.059659385892033,4.059659385892033,4.059659385892033,4.059659385892033,4.059659385892033,4.059659385892033,4.059659385892033,4.059659385892033,4.059659385892033,4.059659385892033,4.059659385892033,4.059659385892033,4.059659385892033,4.059659385892033,4.059659385892033,4.059659385892033,4.059659385892033,4.059659385892033,4.059659385892033,4.059659385892033,4.059659385892033,4.059659385892033,4.059659385892033,4.059659385892033,4.059659385892033,4.059659385892033,4.059659385892033,4.059659385892033,4.059659385892033,4.059659385892033,4.059659385892033,4.059659385892033,4.059659385892033,4.059659385892033,4.059659385892033,4.059659385892033,4.059659385892033,4.059659385892033,4.059659385892033,4.059659385892033,4.059659385892033,4.059659385892033,4.059659385892033,4.059659385892033,4.059659385892033,4.059659385892033,4.059659385892033,4.059659385892033,4.059659385892033,4.059659385892033,4.059659385892033,4.059659385892033,4.059659385892033,4.059659385892033,4.059659385892033,4.059659385892033,4.059659385892033,4.059659385892033,4.059659385892033,4.059659385892033,4.059659385892033,5.779047802589436,5.779047802589436,5.779047802589436,5.779047802589436,5.515082500768411,5.515082500768411,5.515082500768411,5.515082500768411,5.515082500768411,5.515082500768411,5.515082500768411,5.515082500768411,4.934182592636289,4.88157699264797,4.88157699264797,4.570478880377262,4.570478880377262,4.570478880377262,4.570478880377262,4.570478880377262,4.559512544326346,4.559512544326346,4.559512544326346,4.559512544326346,4.559512544326346,4.559512544326346,4.559512544326346,4.559512544326346,4.559512544326346,4.559512544326346,4.559512544326346,4.559512544326346,4.559512544326346,4.559512544326346,4.559512544326346,4.559512544326346,4.559512544326346,4.559512544326346,4.472978577667927,4.3823067112819505,4.3823067112819505,4.3823067112819505,4.3823067112819505,4.3823067112819505,4.3823067112819505,4.3823067112819505,4.3823067112819505,4.3823067112819505,4.3823067112819505,4.3823067112819505,4.3823067112819505,4.3823067112819505,4.3823067112819505,4.3823067112819505,4.3823067112819505,4.3823067112819505,4.3823067112819505,4.3823067112819505,4.3823067112819505,4.3823067112819505,4.3823067112819505,4.3823067112819505,4.3823067112819505,4.3823067112819505,4.3823067112819505,4.3823067112819505,4.3823067112819505,4.3823067112819505,4.3823067112819505,4.3823067112819505,4.3823067112819505,4.3823067112819505,4.3823067112819505,4.3823067112819505,4.3823067112819505,4.3823067112819505,4.3823067112819505,4.3823067112819505,4.3823067112819505,4.3823067112819505,4.3823067112819505,4.3823067112819505,4.3823067112819505,4.3823067112819505,3.98215571680556,3.7969230319983542,3.7969230319983542,3.7969230319983542,3.7969230319983542,3.7969230319983542,3.7969230319983542,3.7144581167714614,3.7144581167714614,3.7144581167714614,3.7144581167714614,3.7144581167714614,3.7144581167714614,3.7144581167714614,3.7144581167714614,3.7144581167714614,3.7144581167714614,3.7144581167714614,3.7144581167714614,3.7144581167714614,3.7144581167714614,3.7144581167714614,3.7144581167714614,3.7144581167714614,3.7144581167714614,3.7144581167714614,3.7144581167714614,3.7144581167714614,3.7144581167714614,3.7144581167714614,3.7144581167714614,3.7144581167714614,3.7144581167714614,3.7144581167714614,3.7144581167714614,3.7144581167714614,3.7144581167714614,3.7144581167714614,3.7144581167714614,3.7144581167714614,3.7144581167714614,3.7144581167714614,3.7144581167714614,3.7144581167714614,3.7144581167714614,3.7144581167714614,3.7144581167714614,3.7144581167714614,3.7144581167714614,3.7144581167714614,3.7144581167714614,3.7144581167714614,3.7144581167714614,3.7144581167714614,3.7144581167714614,3.7144581167714614,3.7144581167714614,3.7144581167714614,3.7144581167714614,3.7144581167714614,3.7144581167714614,3.7144581167714614,3.7144581167714614,3.7144581167714614,3.7144581167714614,3.7144581167714614,3.7144581167714614,3.7144581167714614,3.7144581167714614,3.7144581167714614,3.7144581167714614,3.7144581167714614,3.7144581167714614,3.7144581167714614,3.7144581167714614,3.7144581167714614,3.7144581167714614,3.7144581167714614,3.7144581167714614,3.7144581167714614,3.7144581167714614,3.7144581167714614,3.7144581167714614,3.7144581167714614,3.7144581167714614,3.7144581167714614,3.7144581167714614,3.7144581167714614,3.7144581167714614,3.7144581167714614,3.7144581167714614,3.7144581167714614,3.7144581167714614,3.7144581167714614,3.7144581167714614,3.7144581167714614,3.7144581167714614,3.7144581167714614,3.7144581167714614,3.7144581167714614,3.7144581167714614,3.7144581167714614,3.7144581167714614,3.7144581167714614,3.7144581167714614,3.7144581167714614,3.7144581167714614,3.7144581167714614,3.7144581167714614,3.7144581167714614,3.7144581167714614,3.658454004447267,3.658454004447267,3.658454004447267,3.658454004447267,3.658454004447267,3.658454004447267,3.658454004447267,3.658454004447267,3.658454004447267,3.658454004447267,3.658454004447267,3.658454004447267,3.658454004447267,3.658454004447267,3.658454004447267,3.658454004447267,3.658454004447267,3.658454004447267,3.658454004447267,3.658454004447267,3.658454004447267,3.658454004447267,3.658454004447267,3.658454004447267,3.658454004447267,3.658454004447267,3.658454004447267,3.658454004447267,3.658454004447267,3.658454004447267,3.658454004447267,3.658454004447267,3.658454004447267,3.658454004447267,3.658454004447267,3.658454004447267,3.658454004447267,3.658454004447267,3.658454004447267,3.658454004447267,3.658454004447267,3.658454004447267,3.658454004447267,3.658454004447267,3.658454004447267,3.658454004447267,3.658454004447267,3.658454004447267,3.658454004447267,3.658454004447267,3.658454004447267,3.658454004447267,3.658454004447267,3.658454004447267,3.658454004447267,3.658454004447267,3.658454004447267,3.658454004447267,3.658454004447267,3.658454004447267,3.658454004447267,3.658454004447267,3.658454004447267,3.658454004447267,3.658454004447267,3.658454004447267,3.658454004447267,3.658454004447267,3.658454004447267,3.658454004447267,3.658454004447267,3.658454004447267,3.658454004447267,3.658454004447267,3.658454004447267,3.658454004447267,3.658454004447267,3.658454004447267,3.658454004447267,3.658454004447267,3.658454004447267,3.658454004447267,3.658454004447267,3.658454004447267,3.658454004447267,3.658454004447267,3.658454004447267,3.658454004447267,3.658454004447267,3.658454004447267,3.658454004447267,3.658454004447267,3.658454004447267,3.658454004447267,3.658454004447267,3.658454004447267,3.658454004447267,3.658454004447267,3.658454004447267,3.658454004447267,3.658454004447267,3.658454004447267,3.658454004447267,3.658454004447267,3.658454004447267,3.658454004447267,3.658454004447267,3.658454004447267,3.658454004447267,3.658454004447267,3.658454004447267,3.658454004447267,3.658454004447267,3.658454004447267,3.658454004447267,3.658454004447267,3.658454004447267,3.658454004447267,3.658454004447267,3.658454004447267,3.658454004447267,3.658454004447267,3.658454004447267,3.658454004447267,3.658454004447267,3.658454004447267,3.658454004447267,3.658454004447267,3.658454004447267,3.658454004447267,3.658454004447267,3.658454004447267,3.658454004447267,3.658454004447267,3.658454004447267,3.658454004447267,3.658454004447267,3.658454004447267,3.658454004447267,3.658454004447267,3.658454004447267,3.658454004447267,3.658454004447267,3.658454004447267,3.658454004447267,3.658454004447267,3.658454004447267,3.658454004447267,3.658454004447267,3.658454004447267,3.658454004447267,3.658454004447267,3.658454004447267,3.658454004447267,3.658454004447267,3.658454004447267,3.658454004447267,3.658454004447267,3.658454004447267,3.658454004447267,3.658454004447267,3.658454004447267,3.658454004447267,3.658454004447267,3.658454004447267,3.658454004447267,3.658454004447267,3.658454004447267,3.658454004447267,3.658454004447267,3.658454004447267,3.658454004447267,3.658454004447267,3.658454004447267,3.658454004447267,3.658454004447267,3.658454004447267,3.658454004447267,3.658454004447267,3.658454004447267,3.658454004447267,3.658454004447267,3.658454004447267,3.658454004447267,3.658454004447267,3.658454004447267,3.658454004447267,3.658454004447267,3.658454004447267,3.658454004447267,3.658454004447267,3.658454004447267,3.658454004447267,3.658454004447267,3.658454004447267,3.658454004447267,3.658454004447267,3.658454004447267,3.658454004447267,3.658454004447267,3.658454004447267,3.658454004447267,3.658454004447267,3.658454004447267,3.658454004447267,3.658454004447267,3.658454004447267,3.658454004447267,3.658454004447267,3.658454004447267,3.658454004447267,3.658454004447267,3.658454004447267,3.658454004447267,3.658454004447267,3.658454004447267,3.658454004447267,3.658454004447267,3.658454004447267,3.658454004447267,3.658454004447267,3.658454004447267,3.658454004447267,3.658454004447267,3.658454004447267,3.658454004447267,3.658454004447267,3.658454004447267,3.658454004447267,3.658454004447267,3.658454004447267,3.658454004447267,3.658454004447267,3.658454004447267,3.658454004447267,3.658454004447267,3.658454004447267,3.658454004447267,3.658454004447267,3.658454004447267,3.658454004447267,3.658454004447267,3.658454004447267,3.658454004447267,3.658454004447267,3.658454004447267,3.658454004447267,3.658454004447267,3.658454004447267,3.658454004447267,3.658454004447267,3.658454004447267,3.6410450055398225,3.6410450055398225,3.6410450055398225,3.6410450055398225,3.6410450055398225,3.6410450055398225,3.6410450055398225,3.6410450055398225,3.6410450055398225,3.6410450055398225,3.6410450055398225,3.6410450055398225,3.6410450055398225,3.6410450055398225,3.6410450055398225,3.6410450055398225,3.6410450055398225,3.6410450055398225,3.6410450055398225,3.6410450055398225,3.6410450055398225,3.6410450055398225,3.6410450055398225,3.6410450055398225,3.6410450055398225,3.6410450055398225,3.6410450055398225,3.6410450055398225,3.6410450055398225,3.6410450055398225,3.6410450055398225,3.6410450055398225,3.6410450055398225,3.6410450055398225,3.6410450055398225,3.6410450055398225,3.6410450055398225,3.6410450055398225,3.6410450055398225,3.6410450055398225,3.6410450055398225,3.6410450055398225,3.6410450055398225,3.6410450055398225,3.6410450055398225,3.6410450055398225,3.6410450055398225,3.6410450055398225,3.6410450055398225,3.6410450055398225,3.6410450055398225,3.6410450055398225,3.6410450055398225,3.6410450055398225,3.6410450055398225,3.6410450055398225,3.6410450055398225,3.6410450055398225,3.6410450055398225,3.6410450055398225,3.6410450055398225,3.6410450055398225,3.6410450055398225,3.6410450055398225,3.6410450055398225,3.6410450055398225,3.6410450055398225,3.6410450055398225,3.6410450055398225,3.6410450055398225,3.6410450055398225,3.6410450055398225,3.6410450055398225,3.6410450055398225,3.6410450055398225,3.6410450055398225,3.6410450055398225,3.6410450055398225,3.6410450055398225,3.6410450055398225,3.6410450055398225,3.6410450055398225,3.6410450055398225,3.6410450055398225,3.6410450055398225,3.6410450055398225,3.6410450055398225,3.6410450055398225,3.6410450055398225,3.6410450055398225,3.6410450055398225,3.6410450055398225,3.6410450055398225,3.6410450055398225,3.6410450055398225,3.6410450055398225,3.6410450055398225,3.6410450055398225,3.6410450055398225,3.6410450055398225,3.6410450055398225,3.6410450055398225,3.6410450055398225,3.6410450055398225,3.6410450055398225,3.6410450055398225,3.6410450055398225,3.6410450055398225,3.6410450055398225,3.6410450055398225,3.6410450055398225,3.6410450055398225,3.6410450055398225,3.6410450055398225,3.6410450055398225,2.0754003956697233,2.0754003956697233,2.0754003956697233,2.0754003956697233,2.0754003956697233,2.0754003956697233,2.0754003956697233,2.0754003956697233,2.0754003956697233,2.0754003956697233,2.0754003956697233,2.0754003956697233,2.0754003956697233,2.0754003956697233,2.0754003956697233,2.0754003956697233,2.0754003956697233,2.0754003956697233,2.0754003956697233,2.0754003956697233,2.0754003956697233,2.0754003956697233,2.0754003956697233,2.0754003956697233,2.0754003956697233,2.0754003956697233,2.0754003956697233,2.0754003956697233,2.0754003956697233,2.0754003956697233,2.0754003956697233,2.0754003956697233,2.0754003956697233,2.0754003956697233,2.0754003956697233,2.0754003956697233,2.0754003956697233,2.0754003956697233,2.0754003956697233,2.0754003956697233,2.0754003956697233,2.0754003956697233,2.0754003956697233,2.0754003956697233,2.0754003956697233,2.0754003956697233,2.0754003956697233,2.0754003956697233,2.0754003956697233,2.0754003956697233,2.0754003956697233,2.0754003956697233,2.0754003956697233,2.0754003956697233,2.0754003956697233,2.0754003956697233,2.0754003956697233,2.0754003956697233,2.0754003956697233,2.0754003956697233,2.0754003956697233,2.0754003956697233,2.0754003956697233,2.0754003956697233,2.0754003956697233,2.0754003956697233,2.0754003956697233,2.0754003956697233,2.0754003956697233,2.0754003956697233,2.0754003956697233,2.0754003956697233,2.0754003956697233,2.0754003956697233,2.0754003956697233,2.0754003956697233,2.0754003956697233,2.0754003956697233,2.0754003956697233,2.0754003956697233,2.0754003956697233,2.0754003956697233,2.0754003956697233,2.0754003956697233,2.0754003956697233,2.0754003956697233,2.0754003956697233,2.0754003956697233,2.0754003956697233,2.0754003956697233,2.0754003956697233,2.0754003956697233,2.0754003956697233,2.0754003956697233,2.0754003956697233,2.0754003956697233,2.0754003956697233,2.0754003956697233,2.0754003956697233,2.0754003956697233,2.0754003956697233,2.0754003956697233,2.0754003956697233,2.0754003956697233,2.0754003956697233,2.0754003956697233,2.0754003956697233,2.0754003956697233,2.0754003956697233,2.0754003956697233,2.0754003956697233,2.0754003956697233,2.0754003956697233,2.0754003956697233,2.0754003956697233,2.0754003956697233,2.0754003956697233,2.0754003956697233,2.0754003956697233,2.0754003956697233,2.0754003956697233,2.0754003956697233,2.0754003956697233,2.0754003956697233,2.0754003956697233,2.0754003956697233,2.0754003956697233,2.0754003956697233,2.0754003956697233,2.0754003956697233,2.0754003956697233,2.0754003956697233,2.0754003956697233,2.0754003956697233,2.0754003956697233,2.0754003956697233,2.0754003956697233,2.0754003956697233,2.0754003956697233,2.0754003956697233,2.0754003956697233,2.0754003956697233,2.0754003956697233,2.0754003956697233,2.0754003956697233,2.0754003956697233,2.0754003956697233,2.0754003956697233,2.0754003956697233,2.0754003956697233,2.0754003956697233,2.0754003956697233,2.0754003956697233,2.0754003956697233,2.0754003956697233,2.0754003956697233,2.0754003956697233,2.0754003956697233,2.0754003956697233,2.0754003956697233,2.0754003956697233,2.0754003956697233,2.0754003956697233,2.0754003956697233,2.0754003956697233,2.0754003956697233,2.0754003956697233,2.0754003956697233,2.0754003956697233,2.0754003956697233,2.0754003956697233,2.0754003956697233,2.0754003956697233,2.0754003956697233,2.0754003956697233,2.0754003956697233,2.0754003956697233,2.0754003956697233,2.0754003956697233,2.0754003956697233,2.0754003956697233,2.0754003956697233,2.0754003956697233,2.0754003956697233,2.0754003956697233,2.0754003956697233,2.0754003956697233,2.0754003956697233,2.0754003956697233,2.0754003956697233,2.0754003956697233,2.0754003956697233,2.0754003956697233,2.0754003956697233,2.0754003956697233,2.0754003956697233,2.0754003956697233,2.0754003956697233,2.0754003956697233,2.0754003956697233,2.0754003956697233,2.0754003956697233,2.0754003956697233,2.0754003956697233,2.0754003956697233,2.0754003956697233,2.0754003956697233,2.0754003956697233,2.0754003956697233,2.0754003956697233,2.0754003956697233,2.0754003956697233,2.0754003956697233,2.0754003956697233,2.0754003956697233,2.0754003956697233,2.0754003956697233,2.0754003956697233,2.0754003956697233,2.0754003956697233,2.0754003956697233,2.0754003956697233,2.0754003956697233,2.0754003956697233,2.0754003956697233,2.0754003956697233,2.0754003956697233,2.0754003956697233,2.0754003956697233,2.0754003956697233,2.0754003956697233,2.0754003956697233,2.0754003956697233,2.0754003956697233,2.0754003956697233,2.0754003956697233,2.0754003956697233,2.0754003956697233,2.0754003956697233,2.0754003956697233,2.0754003956697233,2.0754003956697233,2.0754003956697233,2.0754003956697233,2.0754003956697233,2.0754003956697233,2.0754003956697233,2.0754003956697233,2.0754003956697233,2.0754003956697233,2.0754003956697233,2.0754003956697233,2.0754003956697233,2.0754003956697233,2.0754003956697233,2.0754003956697233,2.0754003956697233,2.0754003956697233,2.0754003956697233,2.0754003956697233,2.0754003956697233,2.0754003956697233,2.0754003956697233,2.0754003956697233,2.0754003956697233,2.0754003956697233,2.0754003956697233,2.0754003956697233,2.0754003956697233,2.0754003956697233,2.0754003956697233,2.0754003956697233,2.0754003956697233,2.0754003956697233,2.0754003956697233,2.0754003956697233,2.0754003956697233,2.0754003956697233,2.0754003956697233,2.0754003956697233,2.0754003956697233,2.0754003956697233,2.0754003956697233,2.0754003956697233,2.0754003956697233,2.0754003956697233,2.0754003956697233,2.0754003956697233,2.0754003956697233,2.0754003956697233,2.0754003956697233,2.0754003956697233,2.0754003956697233,2.0754003956697233,2.0754003956697233,2.0754003956697233,2.0754003956697233,2.0754003956697233,2.0754003956697233,2.0754003956697233,2.0754003956697233,2.0754003956697233,2.0754003956697233,2.0754003956697233,2.0754003956697233,2.0754003956697233,2.0754003956697233,2.0754003956697233,2.0754003956697233,2.0754003956697233,2.0754003956697233,2.0754003956697233,2.0754003956697233,2.0754003956697233,2.0754003956697233,2.0754003956697233,2.0754003956697233,2.0754003956697233,2.0754003956697233,2.0754003956697233,2.0754003956697233,2.0754003956697233,2.0754003956697233,2.0754003956697233,2.0754003956697233,2.0754003956697233,2.0754003956697233,2.0754003956697233,2.0754003956697233,2.0754003956697233,2.0754003956697233,2.0754003956697233,2.0754003956697233,2.0754003956697233,2.0754003956697233,2.0754003956697233,2.0754003956697233,2.0754003956697233,2.0754003956697233,2.0754003956697233,2.0754003956697233,2.0754003956697233,2.0754003956697233,2.0754003956697233,2.0754003956697233,2.0754003956697233,2.0754003956697233,2.0754003956697233,2.0754003956697233,2.0754003956697233,2.0754003956697233,2.0754003956697233,2.0754003956697233,2.0754003956697233,2.0754003956697233,2.0754003956697233,2.0754003956697233,2.0754003956697233,2.0754003956697233,2.0754003956697233,2.0754003956697233,2.0754003956697233,2.0754003956697233,2.0754003956697233,2.0754003956697233,2.0754003956697233,2.0754003956697233,2.0754003956697233,2.0754003956697233,2.0754003956697233,2.0754003956697233,2.0754003956697233,2.0754003956697233,2.0754003956697233,2.0754003956697233,2.0754003956697233,2.0754003956697233,2.0754003956697233,2.0754003956697233,2.0754003956697233,2.0754003956697233,2.0754003956697233,2.0754003956697233,2.0754003956697233,2.0754003956697233,2.0754003956697233,2.0754003956697233,2.0754003956697233,2.0754003956697233,2.0754003956697233,2.0754003956697233,2.0754003956697233,2.0754003956697233,2.0754003956697233,2.0754003956697233,2.0754003956697233,2.0754003956697233,2.0754003956697233,2.0754003956697233,2.0754003956697233,2.0754003956697233,2.0754003956697233,2.0754003956697233,2.0754003956697233,2.0754003956697233,2.0754003956697233,2.0754003956697233,2.0754003956697233,2.0754003956697233,2.0754003956697233,2.0754003956697233,2.0754003956697233,2.0754003956697233,2.0754003956697233,2.0754003956697233,2.0754003956697233,2.0754003956697233,2.0754003956697233,2.0754003956697233,2.0754003956697233,2.0754003956697233,2.0754003956697233,2.0754003956697233,2.0754003956697233,2.0754003956697233,2.0754003956697233,2.0754003956697233,2.0754003956697233,2.0754003956697233,2.0754003956697233,2.0754003956697233,2.0754003956697233,2.0754003956697233,2.0754003956697233,2.0754003956697233,2.0754003956697233,2.0754003956697233,2.0754003956697233,6.864908547439705,6.864908547439705,6.5464463860210556,6.488449643356952,6.488449643356952,6.488449643356952,6.488449643356952,6.488449643356952,6.488449643356952,6.488449643356952,6.488449643356952,6.488449643356952,6.488449643356952,6.488449643356952,6.488449643356952,6.488449643356952,6.184859160110091,6.179778181671453,6.179778181671453,6.075764676686856,6.075764676686856,6.075764676686856,6.075764676686856,6.075764676686856,6.075764676686856,6.075764676686856,6.075764676686856,6.02601775348807,6.02601775348807,6.02601775348807,6.02601775348807,6.02601775348807,6.02601775348807,6.02601775348807,6.02601775348807,6.02601775348807,6.02601775348807,6.02601775348807,6.02601775348807,6.02601775348807,6.02601775348807,6.02601775348807,6.02601775348807,6.02601775348807,6.02601775348807,6.02601775348807,6.02601775348807,6.02601775348807,6.02601775348807,6.02601775348807,6.02601775348807,6.02601775348807,6.02601775348807,6.02601775348807,6.02601775348807,6.02601775348807,6.02601775348807,6.02601775348807,6.02601775348807,6.02601775348807,4.8821127800367785,4.8821127800367785,4.619882135528405,4.619882135528405,4.619882135528405,4.619882135528405,4.619882135528405,4.619882135528405,4.619882135528405,4.619882135528405,4.619882135528405,4.619882135528405,4.619882135528405,4.619882135528405,4.619882135528405,4.619882135528405,4.619882135528405,4.619882135528405,4.619882135528405,4.619882135528405,4.619882135528405,4.619882135528405,4.619882135528405,4.619882135528405,4.619882135528405,4.619882135528405,4.619882135528405,4.619882135528405,4.619882135528405,4.619882135528405,4.619882135528405,4.619882135528405,4.619882135528405,4.619882135528405,4.619882135528405,4.619882135528405,4.619882135528405,4.619882135528405,4.619882135528405,4.619882135528405,4.619882135528405,4.619882135528405,4.619882135528405,4.619882135528405,4.619882135528405,4.619882135528405,4.619882135528405,4.619882135528405,4.619882135528405,4.619882135528405,4.619882135528405,4.619882135528405,4.619882135528405,4.619882135528405,4.619882135528405,4.619882135528405,4.619882135528405,4.619882135528405,4.619882135528405,4.619882135528405,4.619882135528405,4.619882135528405,4.619882135528405,4.619882135528405,4.619882135528405,4.619882135528405,4.619882135528405,4.619882135528405,4.619882135528405,4.619882135528405,4.619882135528405,4.619882135528405,4.619882135528405,4.619882135528405,4.619882135528405,4.619882135528405,4.619882135528405,4.619882135528405,4.619882135528405,4.619882135528405,4.619882135528405,4.619882135528405,4.619882135528405,4.619882135528405,4.619882135528405,4.619882135528405,4.619882135528405,4.619882135528405,4.619882135528405,4.619882135528405,4.619882135528405,4.619882135528405,4.619882135528405,4.619882135528405,4.619882135528405,4.619882135528405,4.619882135528405,4.619882135528405,4.619882135528405,4.619882135528405,4.619882135528405,4.619882135528405,4.619882135528405,4.619882135528405,4.619882135528405,4.619882135528405,4.619882135528405,4.619882135528405,4.619882135528405,4.619882135528405,4.619882135528405,4.619882135528405,4.619882135528405,4.619882135528405,4.619882135528405,4.619882135528405,4.619882135528405,4.619882135528405,4.619882135528405,4.619882135528405,4.619882135528405,4.619882135528405,4.619882135528405,4.619882135528405,4.619882135528405,4.619882135528405,4.619882135528405,4.619882135528405,4.619882135528405,4.619882135528405,4.619882135528405,4.619882135528405,4.619882135528405,4.619882135528405,4.619882135528405,4.619882135528405,4.619882135528405,4.619882135528405,4.619882135528405,4.619882135528405,4.619882135528405,4.619882135528405,4.619882135528405,4.619882135528405,4.619882135528405,4.619882135528405,4.619882135528405,4.619882135528405,4.619882135528405,4.619882135528405,4.619882135528405,4.619882135528405,4.619882135528405,4.619882135528405,4.619882135528405,4.619882135528405,4.619882135528405,4.619882135528405,4.619882135528405,4.619882135528405,4.619882135528405,4.619882135528405,4.619882135528405,4.619882135528405,4.619882135528405,4.619882135528405,4.619882135528405,4.619882135528405,4.619882135528405,4.619882135528405,4.619882135528405,4.619882135528405,4.619882135528405,4.619882135528405,4.619882135528405,4.619882135528405,4.619882135528405,4.619882135528405,4.619882135528405,4.619882135528405,4.619882135528405,4.619882135528405,4.619882135528405,4.619882135528405,4.619882135528405,4.619882135528405,4.619882135528405,4.619882135528405,4.619882135528405,4.619882135528405,4.619882135528405,4.619882135528405,4.619882135528405,4.619882135528405,4.619882135528405,4.619882135528405,4.619882135528405,4.619882135528405,4.619882135528405,4.619882135528405,4.619882135528405,4.619882135528405,4.619882135528405,4.619882135528405,4.619882135528405,4.619882135528405,4.619882135528405,4.619882135528405,4.619882135528405,4.619882135528405,4.619882135528405,4.619882135528405,4.619882135528405,4.619882135528405,4.619882135528405,4.619882135528405,4.619882135528405,4.619882135528405,4.619882135528405,4.619882135528405,4.619882135528405,4.619882135528405,4.619882135528405,4.619882135528405,4.619882135528405,4.619882135528405,4.619882135528405,4.619882135528405,4.619882135528405,4.619882135528405,4.619882135528405,4.619882135528405,4.619882135528405,4.619882135528405,4.619882135528405,4.619882135528405,4.619882135528405,4.619882135528405,4.619882135528405,4.619882135528405,4.619882135528405,4.619882135528405,4.619882135528405,4.619882135528405,4.619882135528405,4.619882135528405,4.619882135528405,4.619882135528405,4.619882135528405,4.619882135528405,4.619882135528405,4.619882135528405,4.619882135528405,4.619882135528405,4.619882135528405,4.619882135528405,4.619882135528405,4.619882135528405,4.619882135528405,4.619882135528405,4.619882135528405,4.619882135528405,4.619882135528405,4.619882135528405,4.619882135528405,4.619882135528405,4.619882135528405,4.619882135528405,4.619882135528405,4.619882135528405,4.619882135528405,4.619882135528405,4.619882135528405,4.619882135528405,4.619882135528405,4.619882135528405,4.619882135528405,4.619882135528405,4.619882135528405,4.619882135528405,4.619882135528405,4.619882135528405,4.619882135528405,4.619882135528405,4.619882135528405,4.619882135528405,4.619882135528405,4.619882135528405,4.619882135528405,4.619882135528405,4.619882135528405,4.619882135528405,4.619882135528405,4.619882135528405,4.619882135528405,4.619882135528405,4.619882135528405,4.619882135528405,4.619882135528405,4.619882135528405,4.619882135528405,4.619882135528405,4.619882135528405,4.619882135528405,4.619882135528405,4.619882135528405,4.619882135528405,4.619882135528405,4.619882135528405,4.619882135528405,4.619882135528405,4.619882135528405,4.619882135528405,4.619882135528405,4.619882135528405,4.619882135528405,4.619882135528405,4.619882135528405,4.619882135528405,4.619882135528405,4.619882135528405,4.619882135528405,4.619882135528405,4.619882135528405,4.619882135528405,4.619882135528405,4.619882135528405,4.619882135528405,4.619882135528405,4.619882135528405,4.619882135528405,4.619882135528405,4.619882135528405,4.619882135528405,4.619882135528405,4.619882135528405,4.619882135528405,4.619882135528405,4.619882135528405,4.619882135528405,4.619882135528405,4.619882135528405,4.619882135528405,4.619882135528405,4.619882135528405,4.619882135528405,4.619882135528405,4.619882135528405,4.619882135528405,4.619882135528405,4.619882135528405,4.619882135528405,4.619882135528405,4.619882135528405,4.619882135528405,4.619882135528405,4.619882135528405,4.619882135528405,4.619882135528405,4.619882135528405,4.619882135528405,4.619882135528405,4.619882135528405,4.619882135528405,4.619882135528405,4.619882135528405,4.619882135528405,4.619882135528405,4.619882135528405,4.619882135528405,4.619882135528405,4.619882135528405,4.619882135528405,4.619882135528405,4.619882135528405,4.619882135528405,4.619882135528405,4.619882135528405,4.619882135528405,4.619882135528405,4.619882135528405,4.619882135528405,4.619882135528405,4.619882135528405,4.619882135528405,4.619882135528405,4.619882135528405,4.619882135528405,4.619882135528405,4.619882135528405,4.619882135528405,4.619882135528405,4.619882135528405,4.619882135528405,4.619882135528405,4.619882135528405,4.619882135528405,4.619882135528405,4.619882135528405,4.619882135528405,4.619882135528405,4.619882135528405,4.619882135528405,4.619882135528405,4.619882135528405,4.619882135528405,4.619882135528405,4.619882135528405,4.619882135528405,4.619882135528405,4.619882135528405,4.619882135528405,4.619882135528405,4.619882135528405,4.619882135528405,4.619882135528405,4.619882135528405,4.619882135528405,4.619882135528405,4.619882135528405,4.619882135528405,4.619882135528405,4.619882135528405,4.619882135528405,4.619882135528405,4.619882135528405,4.619882135528405,4.619882135528405,4.619882135528405,4.619882135528405,4.619882135528405,4.619882135528405,4.619882135528405,4.619882135528405,4.619882135528405,4.619882135528405,4.619882135528405,4.619882135528405,4.619882135528405,4.619882135528405,4.619882135528405,4.619882135528405,4.619882135528405,4.619882135528405,4.619882135528405,4.619882135528405,4.619882135528405,4.619882135528405,4.619882135528405,4.619882135528405,4.619882135528405,4.619882135528405,4.619882135528405,4.619882135528405,4.619882135528405,4.619882135528405,4.619882135528405,4.619882135528405,4.619882135528405,4.619882135528405,4.619882135528405,4.619882135528405,4.619882135528405,4.619882135528405,4.619882135528405,4.619882135528405,4.619882135528405,4.619882135528405,4.619882135528405,4.619882135528405,4.619882135528405,4.619882135528405,4.619882135528405,4.619882135528405,4.619882135528405,4.619882135528405,4.619882135528405,4.619882135528405,4.619882135528405,4.619882135528405,4.619882135528405,4.619882135528405,4.619882135528405,4.619882135528405,4.619882135528405,4.619882135528405,4.619882135528405,4.619882135528405,4.619882135528405,4.619882135528405,4.619882135528405,4.619882135528405,4.619882135528405,4.619882135528405,4.619882135528405,4.619882135528405,4.619882135528405,4.619882135528405,4.619882135528405,4.619882135528405,4.619882135528405,4.601037552622842,4.601037552622842,4.551996723400321,4.551996723400321,4.493726556792635,4.493726556792635,4.493726556792635,4.493726556792635,4.493726556792635,4.493726556792635,4.493726556792635,4.493726556792635,4.493726556792635,4.493726556792635,4.493726556792635,4.493726556792635,4.493726556792635,4.493726556792635,4.493726556792635,4.493726556792635,4.493726556792635,4.493726556792635,4.493726556792635,4.493726556792635,4.493726556792635,4.493726556792635,4.493726556792635,4.493726556792635,4.493726556792635,4.493726556792635,4.493726556792635,4.493726556792635,4.493726556792635,4.493726556792635,4.493726556792635,4.493726556792635,4.493726556792635,4.493726556792635,4.493726556792635,4.493726556792635,4.493726556792635,4.493726556792635,4.493726556792635,4.493726556792635,4.493726556792635,4.493726556792635,4.493726556792635,4.493726556792635,4.493726556792635,4.493726556792635,4.493726556792635,4.493726556792635,4.493726556792635,4.493726556792635,4.493726556792635,4.493726556792635,4.493726556792635,4.493726556792635,4.493726556792635,4.493726556792635,4.493726556792635,4.493726556792635,4.493726556792635,4.493726556792635,4.493726556792635,4.493726556792635,4.493726556792635,4.493726556792635,4.493726556792635,4.493726556792635,4.493726556792635,4.493726556792635,4.493726556792635,4.493726556792635,4.493726556792635,4.493726556792635,4.493726556792635,4.493726556792635,4.493726556792635,4.493726556792635,4.493726556792635,4.493726556792635,4.493726556792635,4.493726556792635,4.493726556792635,4.493726556792635,4.493726556792635,4.493726556792635,4.493726556792635,4.493726556792635,4.493726556792635,4.493726556792635,4.493726556792635,4.493726556792635,4.493726556792635,4.493726556792635,4.493726556792635,4.493726556792635,4.493726556792635,4.493726556792635,4.493726556792635,4.493726556792635,4.493726556792635,4.493726556792635,4.493726556792635,4.493726556792635,4.493726556792635,4.493726556792635,4.493726556792635,4.493726556792635,4.493726556792635,4.493726556792635,4.493726556792635,4.493726556792635,4.493726556792635,4.493726556792635,4.493726556792635,4.493726556792635,4.493726556792635,4.493726556792635,4.493726556792635,4.493726556792635,4.493726556792635,4.493726556792635,3.47461421389706,3.27158261868046,3.27158261868046,3.27158261868046,3.27158261868046,3.27158261868046,3.27158261868046,3.27158261868046,3.27158261868046,3.27158261868046,3.27158261868046,3.27158261868046,3.27158261868046,3.27158261868046,3.27158261868046,3.27158261868046,3.27158261868046,3.27158261868046,3.27158261868046,3.27158261868046,3.27158261868046,3.27158261868046,3.27158261868046,3.27158261868046,3.27158261868046,3.27158261868046,3.27158261868046,3.27158261868046,3.27158261868046,3.27158261868046,3.27158261868046,3.27158261868046,3.27158261868046,3.27158261868046,3.27158261868046,3.27158261868046,3.27158261868046,3.27158261868046,3.27158261868046,3.27158261868046,3.27158261868046,3.27158261868046,3.27158261868046,3.27158261868046,3.27158261868046,3.27158261868046,3.27158261868046,3.27158261868046,3.27158261868046,3.27158261868046,3.27158261868046,3.27158261868046,3.27158261868046,3.27158261868046,3.27158261868046,3.27158261868046,3.27158261868046,3.27158261868046,3.27158261868046,3.27158261868046,3.27158261868046,3.27158261868046,3.27158261868046,3.27158261868046,3.27158261868046,3.27158261868046,3.27158261868046,3.27158261868046,3.27158261868046,3.27158261868046,3.27158261868046,3.27158261868046,3.27158261868046,3.27158261868046,3.27158261868046,3.27158261868046,3.27158261868046,3.27158261868046,3.27158261868046,3.27158261868046,3.27158261868046,3.27158261868046,3.27158261868046,3.27158261868046,3.27158261868046,3.27158261868046,3.27158261868046,3.27158261868046,3.27158261868046,3.27158261868046,3.27158261868046,3.27158261868046,3.27158261868046,3.27158261868046,3.27158261868046,3.27158261868046,3.27158261868046,3.27158261868046,3.27158261868046,3.27158261868046,3.27158261868046,3.27158261868046,3.27158261868046,3.27158261868046,3.27158261868046,3.27158261868046,3.27158261868046,3.27158261868046,3.27158261868046,3.27158261868046,3.27158261868046,3.27158261868046,3.27158261868046,3.27158261868046,3.27158261868046,3.27158261868046,3.27158261868046,3.27158261868046,3.27158261868046,3.27158261868046,3.27158261868046,3.27158261868046,3.27158261868046,3.27158261868046,3.27158261868046,3.27158261868046,3.27158261868046,3.27158261868046,3.27158261868046,3.27158261868046,3.27158261868046,3.27158261868046,3.27158261868046,3.27158261868046,3.27158261868046,3.27158261868046,3.27158261868046,3.27158261868046,3.27158261868046,3.27158261868046,3.27158261868046,3.27158261868046,3.27158261868046,3.27158261868046,3.27158261868046,3.27158261868046,3.27158261868046,3.27158261868046,3.27158261868046,3.27158261868046,3.27158261868046,3.27158261868046,3.27158261868046,3.27158261868046,3.27158261868046,3.27158261868046,3.27158261868046,3.27158261868046,3.27158261868046,3.27158261868046,3.27158261868046,3.27158261868046,3.27158261868046,3.27158261868046,3.27158261868046,3.27158261868046,3.27158261868046,3.27158261868046,3.27158261868046,3.27158261868046,3.27158261868046,3.27158261868046,3.27158261868046,3.27158261868046,3.27158261868046,3.27158261868046,3.27158261868046,3.27158261868046,3.27158261868046,3.27158261868046,3.27158261868046,3.27158261868046,3.27158261868046,3.27158261868046,3.27158261868046,3.27158261868046,3.27158261868046,3.27158261868046,3.27158261868046,3.27158261868046,3.27158261868046,3.27158261868046,3.27158261868046,3.27158261868046,3.27158261868046,3.27158261868046,3.27158261868046,3.27158261868046,3.27158261868046,3.27158261868046,3.27158261868046,3.27158261868046,3.27158261868046,3.27158261868046,3.27158261868046,3.27158261868046,3.27158261868046,3.27158261868046,3.27158261868046,3.27158261868046,3.27158261868046,3.27158261868046,3.27158261868046,3.27158261868046,3.27158261868046,3.27158261868046,3.27158261868046,3.27158261868046,3.27158261868046,3.27158261868046,3.27158261868046,3.27158261868046,3.27158261868046,3.27158261868046,3.27158261868046,3.27158261868046,3.27158261868046,3.27158261868046,3.27158261868046,3.27158261868046,3.27158261868046,3.27158261868046,3.27158261868046,3.27158261868046,3.27158261868046,3.27158261868046,3.27158261868046,3.27158261868046,3.27158261868046,3.27158261868046,3.27158261868046,3.27158261868046,3.27158261868046,3.27158261868046,3.27158261868046,3.27158261868046,3.27158261868046,3.27158261868046,3.27158261868046,3.27158261868046,3.27158261868046,3.27158261868046,3.27158261868046,3.27158261868046,3.27158261868046,3.27158261868046,3.27158261868046,3.27158261868046,3.27158261868046,3.27158261868046,3.27158261868046,3.27158261868046,3.27158261868046,3.27158261868046,3.27158261868046,3.27158261868046,3.27158261868046,3.27158261868046,3.27158261868046,3.27158261868046,3.27158261868046,3.27158261868046,3.27158261868046,3.27158261868046,3.27158261868046,3.27158261868046,3.27158261868046,3.27158261868046,3.27158261868046,3.27158261868046,3.27158261868046,3.27158261868046,3.27158261868046,3.27158261868046,3.27158261868046,3.27158261868046,3.27158261868046,3.27158261868046,3.27158261868046,3.27158261868046,3.27158261868046,3.27158261868046,3.27158261868046,3.27158261868046,3.27158261868046,3.27158261868046,3.27158261868046,3.27158261868046,3.27158261868046,3.27158261868046,3.27158261868046,3.27158261868046,3.27158261868046,3.27158261868046,3.27158261868046,3.27158261868046,3.27158261868046,3.27158261868046,3.27158261868046,3.27158261868046,3.27158261868046,3.27158261868046,3.27158261868046,3.27158261868046,3.27158261868046,6.628701648646978,6.136454345638189,6.136454345638189,6.136454345638189,6.136454345638189,6.033080126080446,6.033080126080446,6.033080126080446,6.033080126080446,5.5496860773000565,5.5496860773000565,5.5496860773000565,5.5496860773000565,5.5496860773000565,5.5496860773000565,5.5496860773000565,5.5496860773000565,5.5496860773000565,5.5496860773000565,5.5496860773000565,5.467872736638069,5.467872736638069,5.467872736638069,5.467872736638069,5.467872736638069,5.467872736638069,5.467872736638069,5.467872736638069,5.467872736638069,5.467872736638069,5.467872736638069,5.467872736638069,5.467872736638069,5.467872736638069,5.467872736638069,5.467872736638069,5.467872736638069,5.467872736638069,5.467872736638069,5.467872736638069,5.467872736638069,5.467872736638069,5.467872736638069,5.467872736638069,5.467872736638069,5.467872736638069,5.467872736638069,5.467872736638069,5.467872736638069,5.05124138718814,5.05124138718814,5.05124138718814,5.05124138718814,5.05124138718814,5.05124138718814,5.05124138718814,5.05124138718814,4.629303667886402,4.629303667886402,4.629303667886402,4.629303667886402,4.629303667886402,4.629303667886402,4.629303667886402,4.629303667886402,4.629303667886402,4.629303667886402,4.629303667886402,4.629303667886402,4.629303667886402,4.629303667886402,4.629303667886402,4.629303667886402,4.629303667886402,4.629303667886402,4.629303667886402,4.629303667886402,4.629303667886402,4.629303667886402,4.629303667886402,4.629303667886402,4.629303667886402,4.629303667886402,4.629303667886402,4.629303667886402,4.629303667886402,4.629303667886402,4.629303667886402,4.629303667886402,4.629303667886402,4.629303667886402,4.629303667886402,4.629303667886402,4.629303667886402,4.629303667886402,4.629303667886402,4.629303667886402,4.629303667886402,4.629303667886402,4.629303667886402,4.629303667886402,4.629303667886402,4.629303667886402,4.629303667886402,4.629303667886402,4.629303667886402,4.629303667886402,4.629303667886402,4.629303667886402,4.629303667886402,4.629303667886402,4.367734872654604,4.367734872654604,4.367734872654604,4.367734872654604,4.367734872654604,4.367734872654604,4.367734872654604,4.367734872654604,4.367734872654604,4.367734872654604,4.367734872654604,4.367734872654604,4.367734872654604,4.367734872654604,4.367734872654604,4.367734872654604,4.367734872654604,4.367734872654604,4.367734872654604,4.367734872654604,4.367734872654604,4.367734872654604,4.367734872654604,4.367734872654604,4.367734872654604,4.367734872654604,4.367734872654604,4.367734872654604,4.367734872654604,4.367734872654604,4.367734872654604,4.367734872654604,4.367734872654604,4.367734872654604,4.367734872654604,4.367734872654604,4.367734872654604,4.367734872654604,4.367734872654604,4.367734872654604,4.367734872654604,4.367734872654604,4.367734872654604,4.367734872654604,4.367734872654604,4.367734872654604,4.367734872654604,4.367734872654604,4.367734872654604,4.367734872654604,4.367734872654604,4.367734872654604,4.367734872654604,4.367734872654604,4.367734872654604,4.367734872654604,4.367734872654604,4.367734872654604,4.367734872654604,4.367734872654604,4.367734872654604,4.367734872654604,4.367734872654604,3.7830962433909225,3.7830962433909225,3.7830962433909225,3.7830962433909225,3.7830962433909225,3.7830962433909225,3.7830962433909225,3.7830962433909225,3.640603541630477,3.640603541630477,3.640603541630477,3.640603541630477,3.640603541630477,3.640603541630477,3.640603541630477,3.640603541630477,3.640603541630477,3.640603541630477,3.640603541630477,3.640603541630477,3.640603541630477,3.640603541630477,3.640603541630477,3.640603541630477,3.640603541630477,3.640603541630477,3.640603541630477,3.640603541630477,3.640603541630477,3.640603541630477,3.640603541630477,3.640603541630477,3.640603541630477,3.640603541630477,3.640603541630477,3.640603541630477,3.640603541630477,3.640603541630477,3.640603541630477,3.640603541630477,3.640603541630477,3.640603541630477,3.640603541630477,3.640603541630477,3.640603541630477,3.640603541630477,3.640603541630477,3.640603541630477,3.640603541630477,3.640603541630477,3.640603541630477,3.640603541630477,3.640603541630477,3.640603541630477,3.640603541630477,3.640603541630477,3.640603541630477,3.640603541630477,3.640603541630477,3.640603541630477,3.640603541630477,3.640603541630477,3.640603541630477,3.640603541630477,3.640603541630477,3.640603541630477,3.640603541630477,3.640603541630477,3.640603541630477,3.640603541630477,3.640603541630477,3.640603541630477,3.640603541630477,3.640603541630477,3.640603541630477,3.640603541630477,3.640603541630477,3.640603541630477,3.640603541630477,3.640603541630477,3.640603541630477,3.640603541630477,3.640603541630477,3.640603541630477,3.640603541630477,3.640603541630477,3.640603541630477,3.640603541630477,3.640603541630477,3.640603541630477,3.640603541630477,3.640603541630477,3.640603541630477,3.640603541630477,3.640603541630477,3.640603541630477,3.640603541630477,3.640603541630477,3.640603541630477,3.640603541630477,3.640603541630477,3.640603541630477,3.640603541630477,3.640603541630477,3.640603541630477,3.640603541630477,3.640603541630477,3.640603541630477,3.640603541630477,3.640603541630477,3.640603541630477,3.640603541630477,3.640603541630477,3.640603541630477,3.640603541630477,3.640603541630477,3.640603541630477,3.640603541630477,3.640603541630477,3.640603541630477,3.640603541630477,3.640603541630477,3.640603541630477,3.640603541630477,3.640603541630477,3.640603541630477,3.640603541630477,3.640603541630477,3.640603541630477,3.640603541630477,3.640603541630477,3.640603541630477,3.640603541630477,3.640603541630477,3.640603541630477,3.640603541630477,3.640603541630477,3.640603541630477,3.640603541630477,3.640603541630477,3.640603541630477,3.640603541630477,3.640603541630477,3.640603541630477,3.640603541630477,3.640603541630477,3.640603541630477,3.640603541630477,3.640603541630477,3.640603541630477,3.640603541630477,3.640603541630477,3.640603541630477,3.640603541630477,3.640603541630477,3.640603541630477,3.640603541630477,3.640603541630477,3.640603541630477,3.640603541630477,3.640603541630477,3.640603541630477,3.640603541630477,3.640603541630477,3.640603541630477,3.640603541630477,3.640603541630477,3.640603541630477,3.640603541630477,3.640603541630477,3.640603541630477,3.640603541630477,3.640603541630477,3.640603541630477,3.640603541630477,3.640603541630477,3.640603541630477,3.640603541630477,3.640603541630477,3.640603541630477,3.640603541630477,3.640603541630477,3.640603541630477,3.640603541630477,3.640603541630477,3.640603541630477,3.640603541630477,3.640603541630477,3.640603541630477,3.640603541630477,3.640603541630477,3.640603541630477,3.640603541630477,3.640603541630477,3.640603541630477,3.640603541630477,3.640603541630477,3.640603541630477,3.640603541630477,3.640603541630477,3.640603541630477,3.640603541630477,3.640603541630477,3.640603541630477,3.640603541630477,3.640603541630477,3.640603541630477,3.640603541630477,3.640603541630477,3.640603541630477,3.640603541630477,3.640603541630477,3.640603541630477,3.640603541630477,3.640603541630477,3.640603541630477,3.640603541630477,3.640603541630477,3.640603541630477,3.640603541630477,3.640603541630477,3.640603541630477,3.640603541630477,3.640603541630477,3.640603541630477,3.640603541630477,3.640603541630477,3.640603541630477,3.640603541630477,3.640603541630477,3.640603541630477,3.640603541630477,3.640603541630477,3.640603541630477,3.640603541630477,3.640603541630477,3.640603541630477,3.640603541630477,3.640603541630477,3.640603541630477,3.640603541630477,3.640603541630477,3.640603541630477,3.640603541630477,3.640603541630477,3.640603541630477,3.640603541630477,3.640603541630477,3.640603541630477,3.640603541630477,3.640603541630477,3.640603541630477,3.640603541630477,3.640603541630477,3.640603541630477,3.640603541630477,3.640603541630477,3.640603541630477,3.640603541630477,3.640603541630477,3.640603541630477,3.640603541630477,3.640603541630477,3.640603541630477,3.640603541630477,3.640603541630477,3.640603541630477,3.640603541630477,3.640603541630477,3.640603541630477,3.640603541630477,3.640603541630477,3.640603541630477,3.640603541630477,3.640603541630477,3.640603541630477,3.640603541630477,3.640603541630477,3.640603541630477,3.640603541630477,3.640603541630477,3.640603541630477,3.640603541630477,3.640603541630477,3.640603541630477,3.640603541630477,3.640603541630477,3.640603541630477,3.640603541630477,3.640603541630477,3.640603541630477,3.640603541630477,3.640603541630477,3.640603541630477,3.640603541630477,3.640603541630477,3.640603541630477,3.640603541630477,3.640603541630477,3.640603541630477,3.640603541630477,3.640603541630477,3.640603541630477,3.640603541630477,3.640603541630477,3.640603541630477,3.640603541630477,3.640603541630477,3.640603541630477,3.640603541630477,3.640603541630477,3.640603541630477,3.640603541630477,3.640603541630477,3.640603541630477,3.640603541630477,3.640603541630477,3.640603541630477,3.640603541630477,3.640603541630477,3.640603541630477,3.640603541630477,3.640603541630477,3.640603541630477,3.640603541630477,3.640603541630477,3.640603541630477,3.640603541630477,3.640603541630477,3.640603541630477,3.640603541630477,3.640603541630477,3.640603541630477,3.640603541630477,3.640603541630477,3.640603541630477,3.640603541630477,3.640603541630477,3.640603541630477,3.640603541630477,3.640603541630477,3.640603541630477,3.640603541630477,3.640603541630477,3.640603541630477,3.640603541630477,3.640603541630477,3.640603541630477,3.640603541630477,3.640603541630477,3.640603541630477,3.640603541630477,3.640603541630477,3.640603541630477,3.640603541630477,3.640603541630477,3.640603541630477,3.640603541630477,3.640603541630477,3.640603541630477,3.640603541630477,3.640603541630477,3.640603541630477,3.640603541630477,3.640603541630477,3.640603541630477,3.640603541630477,3.640603541630477,3.640603541630477,3.640603541630477,3.640603541630477,3.640603541630477,3.640603541630477,3.640603541630477,3.640603541630477,3.640603541630477,3.640603541630477,3.640603541630477,3.640603541630477,3.640603541630477,3.640603541630477,3.640603541630477,3.640603541630477,3.640603541630477,3.640603541630477,3.640603541630477,3.640603541630477,3.640603541630477,3.640603541630477,3.640603541630477,3.640603541630477,3.640603541630477,3.640603541630477,3.640603541630477,3.640603541630477,3.640603541630477,3.640603541630477,3.640603541630477,3.640603541630477,3.640603541630477,3.640603541630477,3.640603541630477,3.640603541630477,3.640603541630477,3.640603541630477,3.640603541630477,3.640603541630477,3.640603541630477,3.640603541630477,3.640603541630477,3.640603541630477,3.640603541630477,3.640603541630477,3.640603541630477,3.640603541630477,3.640603541630477,3.640603541630477,3.640603541630477,3.640603541630477,3.640603541630477,3.640603541630477,3.640603541630477,3.640603541630477,3.640603541630477,3.640603541630477,3.640603541630477,3.640603541630477,3.640603541630477,3.640603541630477,3.640603541630477,3.640603541630477,3.640603541630477,3.640603541630477,3.640603541630477,3.640603541630477,3.640603541630477,3.640603541630477,3.640603541630477,3.640603541630477,3.640603541630477,3.640603541630477,3.640603541630477,3.640603541630477,3.640603541630477,3.640603541630477,3.640603541630477,3.640603541630477,3.640603541630477,3.640603541630477,3.640603541630477,3.640603541630477,3.640603541630477,3.640603541630477,3.640603541630477,3.640603541630477,3.640603541630477,3.640603541630477,3.640603541630477,3.640603541630477,3.640603541630477,3.640603541630477,3.640603541630477,3.640603541630477,3.640603541630477,3.640603541630477,3.640603541630477,3.640603541630477,3.640603541630477,3.640603541630477,3.640603541630477,3.640603541630477,3.640603541630477,3.640603541630477,3.640603541630477,3.640603541630477,3.640603541630477,3.640603541630477,3.640603541630477,3.640603541630477,3.640603541630477,3.640603541630477,3.640603541630477,3.640603541630477,3.640603541630477,3.640603541630477,3.640603541630477,3.640603541630477,3.640603541630477,3.640603541630477,3.640603541630477,3.640603541630477,3.640603541630477,3.640603541630477,3.640603541630477,3.640603541630477,3.640603541630477,3.640603541630477,3.640603541630477,3.640603541630477,3.640603541630477,3.640603541630477,3.640603541630477,3.640603541630477,3.640603541630477,3.640603541630477,3.640603541630477,3.640603541630477,3.640603541630477,3.640603541630477,3.640603541630477,3.640603541630477,3.640603541630477,3.640603541630477,3.640603541630477,3.640603541630477,3.640603541630477,3.640603541630477,3.640603541630477,3.640603541630477,3.640603541630477,3.640603541630477,3.640603541630477,3.640603541630477,3.640603541630477,3.640603541630477,3.640603541630477,3.640603541630477,3.640603541630477,3.640603541630477,3.640603541630477,3.640603541630477,3.640603541630477,3.640603541630477,3.640603541630477,3.640603541630477,3.640603541630477,3.640603541630477,3.640603541630477,3.640603541630477,3.640603541630477,3.640603541630477,3.640603541630477,3.640603541630477,3.640603541630477,3.640603541630477,3.640603541630477,3.640603541630477,3.640603541630477,3.640603541630477,3.640603541630477,3.640603541630477,3.640603541630477,3.640603541630477,3.640603541630477,3.640603541630477,3.640603541630477,3.640603541630477,3.640603541630477,3.640603541630477,3.640603541630477,3.640603541630477,3.640603541630477,3.640603541630477,3.640603541630477,3.640603541630477,3.640603541630477,3.640603541630477,3.640603541630477,3.640603541630477,3.640603541630477,3.640603541630477,3.640603541630477,3.640603541630477,3.640603541630477,3.640603541630477,3.640603541630477,3.640603541630477,3.640603541630477,3.640603541630477,3.640603541630477,3.640603541630477,3.640603541630477,3.640603541630477,3.640603541630477,3.640603541630477,3.640603541630477,3.640603541630477,3.640603541630477,3.640603541630477,3.640603541630477,3.640603541630477,3.640603541630477,3.640603541630477,3.640603541630477,3.640603541630477,3.640603541630477,3.640603541630477,3.640603541630477,3.640603541630477,3.640603541630477,3.640603541630477,3.640603541630477,3.640603541630477,3.640603541630477,3.640603541630477,3.640603541630477,3.640603541630477,3.640603541630477,3.640603541630477,3.640603541630477,3.640603541630477,3.640603541630477,3.640603541630477,3.640603541630477,3.640603541630477,3.640603541630477,3.640603541630477,3.640603541630477,3.640603541630477,3.640603541630477,3.640603541630477,3.640603541630477,3.640603541630477,3.640603541630477,3.640603541630477,3.640603541630477,3.640603541630477,3.640603541630477,3.640603541630477,3.640603541630477,3.640603541630477,3.640603541630477,3.640603541630477,3.640603541630477,3.640603541630477,3.640603541630477,3.640603541630477,3.640603541630477,3.640603541630477,3.640603541630477,3.250901262173998,3.1510253703435587,3.1510253703435587,3.1510253703435587,3.1510253703435587,3.1510253703435587,3.1510253703435587,3.1510253703435587,2.7981166895664407,2.7981166895664407,2.7981166895664407,2.7981166895664407,2.7981166895664407,2.7981166895664407,2.7981166895664407,2.7981166895664407,2.7981166895664407,2.7981166895664407,2.7981166895664407,2.7981166895664407,2.7981166895664407,2.7981166895664407,2.7981166895664407,2.7981166895664407,2.7981166895664407,2.7981166895664407,2.7981166895664407,2.7981166895664407,2.7981166895664407,2.7981166895664407,2.7981166895664407,2.7981166895664407,2.7981166895664407,2.7981166895664407,2.7981166895664407,2.7981166895664407,2.7981166895664407,2.7981166895664407,2.7981166895664407,2.7981166895664407,2.7981166895664407,2.7981166895664407,2.7981166895664407,2.7981166895664407,2.7981166895664407,2.7981166895664407,2.7981166895664407,2.7981166895664407,2.7981166895664407,2.7981166895664407,2.7981166895664407,2.7981166895664407,2.7981166895664407,2.7981166895664407,2.7981166895664407,2.7981166895664407,2.7981166895664407,2.7981166895664407,2.7981166895664407,2.7981166895664407,2.7981166895664407,2.7981166895664407,2.7981166895664407,2.7981166895664407,2.7981166895664407,2.7981166895664407,2.7981166895664407,2.7981166895664407,2.7981166895664407,2.7981166895664407,2.7981166895664407,2.7981166895664407,2.7981166895664407,2.7981166895664407,2.7981166895664407,2.7981166895664407,2.7981166895664407,2.7981166895664407,2.7981166895664407,2.7981166895664407,2.7981166895664407,2.7981166895664407,2.7981166895664407,2.7981166895664407,2.7981166895664407,2.7981166895664407,2.7981166895664407,2.7981166895664407,2.7981166895664407,2.7981166895664407,2.7981166895664407,2.7981166895664407,2.7981166895664407,2.7981166895664407,2.7981166895664407,2.7981166895664407,2.7981166895664407,2.7981166895664407,2.7981166895664407,2.7981166895664407,2.7981166895664407,2.7981166895664407,2.7981166895664407,2.7981166895664407,2.7981166895664407,2.7981166895664407,2.7981166895664407,2.7981166895664407,2.7981166895664407,2.7981166895664407,2.7981166895664407,2.7981166895664407,2.7981166895664407,2.7981166895664407,2.7981166895664407,2.7981166895664407,2.7981166895664407,2.7981166895664407,2.7981166895664407,2.7981166895664407,2.7981166895664407,2.7981166895664407,2.7981166895664407,2.7981166895664407,2.7981166895664407,2.7981166895664407,2.7981166895664407,2.7981166895664407,2.7981166895664407,2.7981166895664407,2.7981166895664407,2.7981166895664407,2.7981166895664407,2.7981166895664407,2.7981166895664407,2.7981166895664407,2.7981166895664407,2.7981166895664407,2.7981166895664407,2.7981166895664407,2.7981166895664407,2.7981166895664407,2.7981166895664407,2.7981166895664407,2.7981166895664407,2.7981166895664407,2.7981166895664407,2.7981166895664407,2.7981166895664407,2.7981166895664407,2.7981166895664407,2.7981166895664407,2.7981166895664407,2.7981166895664407,2.7981166895664407,2.7981166895664407,2.7981166895664407,2.7981166895664407,2.7981166895664407,2.2389268487658605,2.2389268487658605,2.2389268487658605,2.2389268487658605,2.2389268487658605,2.2389268487658605,2.2389268487658605,2.2389268487658605,2.2389268487658605,2.2389268487658605,2.2389268487658605,2.2389268487658605,2.2389268487658605,2.2389268487658605,2.2389268487658605,2.2389268487658605,2.2389268487658605,2.2389268487658605,2.2389268487658605,2.2389268487658605,2.2389268487658605,2.2389268487658605,2.2389268487658605,2.2389268487658605,2.2389268487658605,2.2389268487658605,2.2389268487658605,7.385108255876356,7.385108255876356,7.385108255876356,7.385108255876356,7.385108255876356,7.385108255876356,7.385108255876356,7.385108255876356,7.385108255876356,7.385108255876356,7.385108255876356,7.385108255876356,7.385108255876356,7.385108255876356,7.385108255876356,7.385108255876356,7.385108255876356,7.385108255876356,7.385108255876356,7.385108255876356,7.385108255876356,7.385108255876356,7.385108255876356,7.015446563878455,7.015446563878455,7.015446563878455,7.015446563878455,7.015446563878455,7.015446563878455,7.015446563878455,7.015446563878455,7.015446563878455,6.70872804566193,6.70872804566193,6.70872804566193,6.70872804566193,6.70872804566193,6.70872804566193,6.70872804566193,6.70872804566193,6.70872804566193,6.70872804566193,6.70872804566193,6.70872804566193,6.70872804566193,6.70872804566193,6.550501258744094,6.550501258744094,6.537260724767819,6.537260724767819,6.47837982634681,6.47837982634681,6.47837982634681,6.47837982634681,6.47837982634681,6.47837982634681,6.47837982634681,6.47837982634681,6.47837982634681,6.47837982634681,6.47837982634681,6.47837982634681,6.47837982634681,6.47837982634681,6.47837982634681,6.47837982634681,6.47837982634681,6.47837982634681,6.47837982634681,6.47837982634681,6.47837982634681,6.47837982634681,6.47837982634681,6.47837982634681,6.47837982634681,6.47837982634681,6.47837982634681,6.47837982634681,6.47837982634681,6.47837982634681,6.47837982634681,6.47837982634681,6.47837982634681,6.47837982634681,6.47837982634681,6.47837982634681,6.47837982634681,6.47837982634681,6.47837982634681,6.47837982634681,6.47837982634681,6.47837982634681,6.47837982634681,6.47837982634681,5.975679822438565,5.931175003810096,5.931175003810096,5.931175003810096,4.8910885005008025,4.8910885005008025,4.8910885005008025,4.8910885005008025,4.8910885005008025,4.8910885005008025,4.8910885005008025,4.8910885005008025,4.8910885005008025,4.8910885005008025,4.8910885005008025,4.8910885005008025,4.749087376926434,4.749087376926434,4.749087376926434,4.749087376926434,4.749087376926434,4.749087376926434,4.749087376926434,4.749087376926434,4.749087376926434,4.749087376926434,4.749087376926434,4.749087376926434,4.749087376926434,4.749087376926434,4.749087376926434,4.749087376926434,4.749087376926434,4.749087376926434,4.749087376926434,4.749087376926434,4.749087376926434,4.749087376926434,4.749087376926434,4.749087376926434,4.749087376926434,4.749087376926434,4.749087376926434,4.749087376926434,4.749087376926434,4.749087376926434,4.749087376926434,4.749087376926434,4.749087376926434,4.749087376926434,4.749087376926434,4.749087376926434,4.749087376926434,4.749087376926434,4.749087376926434,4.749087376926434,4.749087376926434,4.749087376926434,4.749087376926434,4.749087376926434,4.749087376926434,4.749087376926434,4.749087376926434,4.749087376926434,4.749087376926434,4.749087376926434,4.749087376926434,4.749087376926434,4.749087376926434,4.749087376926434,4.749087376926434,4.749087376926434,4.749087376926434,4.749087376926434,4.749087376926434,4.749087376926434,4.749087376926434,4.749087376926434,4.749087376926434,4.749087376926434,4.749087376926434,4.749087376926434,4.749087376926434,4.749087376926434,4.749087376926434,4.749087376926434,4.749087376926434,4.749087376926434,4.749087376926434,4.749087376926434,4.749087376926434,4.749087376926434,4.749087376926434,4.749087376926434,4.749087376926434,4.749087376926434,4.749087376926434,4.749087376926434,4.749087376926434,4.749087376926434,4.749087376926434,4.749087376926434,4.749087376926434,4.749087376926434,4.749087376926434,4.749087376926434,4.749087376926434,4.749087376926434,4.749087376926434,4.749087376926434,4.749087376926434,4.749087376926434,4.749087376926434,4.749087376926434,4.749087376926434,4.749087376926434,4.749087376926434,4.749087376926434,4.749087376926434,4.749087376926434,4.749087376926434,4.749087376926434,4.749087376926434,4.749087376926434,4.749087376926434,4.749087376926434,4.749087376926434,4.749087376926434,4.749087376926434,4.749087376926434,4.749087376926434,4.749087376926434,4.749087376926434,4.749087376926434,4.749087376926434,4.749087376926434,4.749087376926434,4.749087376926434,4.749087376926434,4.749087376926434,4.749087376926434,4.749087376926434,4.749087376926434,4.749087376926434,4.749087376926434,4.749087376926434,4.749087376926434,4.749087376926434,4.749087376926434,4.749087376926434,4.749087376926434,4.749087376926434,4.749087376926434,4.749087376926434,4.749087376926434,4.749087376926434,4.749087376926434,4.749087376926434,4.749087376926434,4.749087376926434,4.749087376926434,4.749087376926434,4.749087376926434,4.749087376926434,4.749087376926434,4.749087376926434,4.749087376926434,3.6528810105500553,3.6528810105500553,3.6528810105500553,3.6528810105500553,3.6528810105500553,3.6528810105500553,3.6528810105500553,3.6528810105500553,3.6528810105500553,3.6528810105500553,3.6528810105500553,3.6528810105500553,3.6528810105500553,3.6528810105500553,3.6528810105500553,3.6528810105500553,3.6528810105500553,3.6528810105500553,3.6528810105500553,3.6528810105500553,3.6528810105500553,3.6528810105500553,3.6528810105500553,3.6528810105500553,3.6528810105500553,3.6528810105500553,3.6528810105500553,3.6528810105500553,3.6528810105500553,3.6528810105500553,3.6528810105500553,3.6528810105500553,3.6528810105500553,3.6528810105500553,3.6528810105500553,3.6528810105500553,3.6528810105500553,3.6528810105500553,3.6002625618984276,3.4592728396154935,3.4592728396154935,3.4592728396154935,3.4592728396154935,3.4592728396154935,3.4592728396154935,3.4592728396154935,3.4592728396154935,3.4592728396154935,3.4592728396154935,3.4592728396154935,3.4592728396154935,3.4592728396154935,3.4592728396154935,3.4592728396154935,3.4592728396154935,3.4592728396154935,3.4592728396154935,3.4592728396154935,3.4592728396154935,3.4592728396154935,3.4592728396154935,3.4592728396154935,3.4592728396154935,3.4592728396154935,3.4592728396154935,3.4592728396154935,3.4592728396154935,3.4592728396154935,3.4592728396154935,3.4592728396154935,3.4592728396154935,3.4592728396154935,3.4592728396154935,3.4592728396154935,3.4592728396154935,3.4592728396154935,3.4592728396154935,3.4592728396154935,3.4592728396154935,3.4592728396154935,3.4592728396154935,3.4592728396154935,3.4592728396154935,3.4592728396154935,3.4592728396154935,3.4592728396154935,3.4592728396154935,3.4592728396154935,3.4592728396154935,3.4592728396154935,3.4592728396154935,3.4592728396154935,3.4592728396154935,3.4592728396154935,3.4592728396154935,3.4592728396154935,3.4592728396154935,3.4592728396154935,3.4592728396154935,3.4592728396154935,3.4592728396154935,3.4592728396154935,3.4592728396154935,3.4592728396154935,3.4592728396154935,3.4592728396154935,3.4592728396154935,3.4592728396154935,3.4592728396154935,3.4592728396154935,3.4592728396154935,3.4592728396154935,3.4592728396154935,3.4592728396154935,3.4592728396154935,3.4592728396154935,3.4592728396154935,3.4592728396154935,3.4592728396154935,3.4592728396154935,3.4592728396154935,3.4592728396154935,3.4592728396154935,3.4592728396154935,3.4592728396154935,3.4592728396154935,3.4592728396154935,1.707093182383808,1.707093182383808,1.707093182383808,1.707093182383808,1.707093182383808,1.707093182383808,1.707093182383808,1.707093182383808,1.707093182383808,1.707093182383808,1.707093182383808,1.707093182383808,1.707093182383808,1.707093182383808,1.707093182383808,1.707093182383808,1.707093182383808,1.707093182383808,1.707093182383808,1.707093182383808,1.707093182383808,1.707093182383808,1.707093182383808,1.707093182383808,1.707093182383808,1.707093182383808,1.707093182383808,1.707093182383808,1.707093182383808,1.707093182383808,1.707093182383808,1.707093182383808,1.707093182383808,1.707093182383808,1.707093182383808,1.707093182383808,1.707093182383808,1.707093182383808,1.707093182383808,1.707093182383808,1.707093182383808,1.707093182383808,1.707093182383808,1.707093182383808,1.707093182383808,1.707093182383808,1.707093182383808,1.707093182383808,1.707093182383808,1.707093182383808,1.707093182383808,1.707093182383808,1.707093182383808,1.707093182383808,1.707093182383808,1.707093182383808,1.707093182383808,1.707093182383808,1.707093182383808,1.707093182383808,1.707093182383808,1.707093182383808,1.707093182383808,1.707093182383808,1.707093182383808,1.707093182383808,1.707093182383808,1.707093182383808,1.707093182383808,1.707093182383808,1.707093182383808,1.707093182383808,1.707093182383808,1.707093182383808,1.707093182383808,1.707093182383808,1.707093182383808,1.707093182383808,1.707093182383808,1.707093182383808,1.707093182383808,1.707093182383808,1.707093182383808,1.707093182383808,1.707093182383808,1.707093182383808,1.707093182383808,1.707093182383808,1.707093182383808,1.707093182383808,1.707093182383808,1.707093182383808,1.707093182383808,1.707093182383808,1.707093182383808,1.707093182383808,1.707093182383808,1.707093182383808,1.707093182383808,1.707093182383808,1.707093182383808,1.707093182383808,1.707093182383808,1.707093182383808,1.707093182383808,1.707093182383808,1.707093182383808,1.707093182383808,1.707093182383808,1.707093182383808,1.707093182383808,1.707093182383808,1.707093182383808,1.707093182383808,1.707093182383808,1.707093182383808,1.707093182383808,1.707093182383808,1.707093182383808,1.707093182383808,1.707093182383808,1.707093182383808,1.707093182383808,1.707093182383808,1.707093182383808,1.707093182383808,1.707093182383808,1.707093182383808,1.707093182383808,1.707093182383808,1.707093182383808,1.707093182383808,1.707093182383808,1.707093182383808,1.707093182383808,1.707093182383808,1.707093182383808,1.707093182383808,1.707093182383808,1.707093182383808,1.707093182383808,1.707093182383808,1.707093182383808,1.707093182383808,1.707093182383808,1.707093182383808,1.707093182383808,1.707093182383808,1.707093182383808,1.707093182383808,1.707093182383808,1.707093182383808,1.707093182383808,1.707093182383808,1.707093182383808,1.707093182383808,1.707093182383808,1.707093182383808,1.707093182383808,1.707093182383808,1.707093182383808,1.707093182383808,1.707093182383808,1.707093182383808,1.707093182383808,1.707093182383808,1.707093182383808,1.707093182383808,1.707093182383808,1.707093182383808,1.707093182383808,1.707093182383808,1.707093182383808,1.707093182383808,1.707093182383808,1.707093182383808,1.707093182383808,1.707093182383808,1.707093182383808,1.707093182383808,1.707093182383808,1.707093182383808,1.707093182383808,1.707093182383808,1.707093182383808,1.707093182383808,1.707093182383808,1.707093182383808,1.707093182383808,1.707093182383808,1.707093182383808,1.707093182383808,1.707093182383808,1.707093182383808,1.707093182383808,1.707093182383808,1.707093182383808,1.707093182383808,1.707093182383808,1.707093182383808,1.707093182383808,1.707093182383808,1.707093182383808,1.707093182383808,1.707093182383808,1.707093182383808,1.707093182383808,1.707093182383808,1.707093182383808,1.707093182383808,1.707093182383808,1.707093182383808,1.707093182383808,1.707093182383808,1.707093182383808,1.707093182383808,1.707093182383808,1.707093182383808,1.707093182383808,1.707093182383808,1.707093182383808,1.707093182383808,1.707093182383808,1.707093182383808,1.707093182383808,1.707093182383808,1.707093182383808,1.707093182383808,1.707093182383808,1.707093182383808,1.707093182383808,1.707093182383808,1.707093182383808,1.707093182383808,1.707093182383808,1.707093182383808,1.707093182383808,1.707093182383808,1.707093182383808,1.707093182383808,1.707093182383808,1.707093182383808,1.707093182383808,1.707093182383808,1.707093182383808,1.707093182383808,1.707093182383808,1.707093182383808,1.707093182383808,1.707093182383808,1.707093182383808,1.707093182383808,1.707093182383808,1.707093182383808,1.707093182383808,1.707093182383808,1.707093182383808,1.707093182383808,1.707093182383808,1.707093182383808,1.707093182383808,1.707093182383808,1.707093182383808,1.707093182383808,1.707093182383808,1.707093182383808,1.707093182383808,1.707093182383808,1.707093182383808,1.707093182383808,1.707093182383808,1.707093182383808,1.707093182383808,1.707093182383808,1.707093182383808,1.707093182383808,1.707093182383808,1.707093182383808,1.707093182383808,1.707093182383808,1.707093182383808,1.707093182383808,1.707093182383808,1.707093182383808,1.707093182383808,1.707093182383808,1.707093182383808,1.707093182383808,1.707093182383808,1.707093182383808,1.707093182383808,1.707093182383808,1.707093182383808,1.707093182383808,1.707093182383808,1.707093182383808,1.707093182383808,1.707093182383808,1.707093182383808,1.707093182383808,1.707093182383808,1.707093182383808,1.707093182383808,1.707093182383808,1.707093182383808,1.707093182383808,1.707093182383808,1.707093182383808,1.707093182383808,1.707093182383808,1.707093182383808,1.707093182383808,1.707093182383808,1.707093182383808,1.707093182383808,1.707093182383808,1.707093182383808,1.707093182383808,1.707093182383808,1.707093182383808,1.707093182383808,1.707093182383808,1.707093182383808,1.707093182383808,1.707093182383808,1.707093182383808,1.707093182383808,1.707093182383808,1.707093182383808,1.707093182383808,1.707093182383808,1.707093182383808,1.707093182383808,1.707093182383808,1.707093182383808,1.707093182383808,1.707093182383808,1.707093182383808,1.707093182383808,1.707093182383808,1.707093182383808,1.707093182383808,1.707093182383808,1.707093182383808,1.707093182383808,1.707093182383808,1.707093182383808,1.707093182383808,1.707093182383808,1.707093182383808,1.707093182383808,1.707093182383808,1.707093182383808,1.707093182383808,1.707093182383808,1.707093182383808,1.707093182383808,1.707093182383808,1.707093182383808,1.707093182383808,1.707093182383808,1.707093182383808,1.707093182383808,1.707093182383808,1.707093182383808,1.707093182383808,1.707093182383808,1.707093182383808,1.707093182383808,1.707093182383808,1.707093182383808,1.707093182383808,1.707093182383808,1.707093182383808,1.707093182383808,1.707093182383808,1.707093182383808,1.707093182383808,1.707093182383808,1.707093182383808,1.707093182383808,1.707093182383808,1.707093182383808,1.707093182383808,1.707093182383808,1.707093182383808,1.707093182383808,1.707093182383808,1.707093182383808,1.707093182383808,1.707093182383808,1.707093182383808,1.707093182383808,1.707093182383808,1.707093182383808,1.707093182383808,1.707093182383808,1.707093182383808,1.707093182383808,1.707093182383808,1.707093182383808,1.707093182383808,1.707093182383808,1.707093182383808,1.707093182383808,1.707093182383808,1.707093182383808,1.707093182383808,1.707093182383808,1.707093182383808,1.707093182383808,1.707093182383808,1.707093182383808,1.707093182383808,1.707093182383808,1.707093182383808,1.707093182383808,1.707093182383808,1.707093182383808,1.707093182383808,1.707093182383808,1.707093182383808,1.707093182383808,1.707093182383808,1.707093182383808,1.707093182383808,1.707093182383808,1.707093182383808,1.707093182383808,1.707093182383808,1.707093182383808,1.707093182383808,1.707093182383808,1.707093182383808,1.707093182383808,1.707093182383808,1.707093182383808,1.707093182383808,1.707093182383808,1.707093182383808,1.707093182383808,1.707093182383808,1.707093182383808,1.707093182383808,1.707093182383808,1.707093182383808,1.707093182383808,1.707093182383808,1.707093182383808,1.707093182383808,1.707093182383808,1.707093182383808,1.707093182383808,1.707093182383808,1.707093182383808,1.707093182383808,1.707093182383808,1.707093182383808,1.707093182383808,1.707093182383808,1.707093182383808,1.707093182383808,1.707093182383808,1.707093182383808,1.707093182383808,1.707093182383808,1.707093182383808,1.707093182383808,1.707093182383808,1.707093182383808,1.707093182383808,1.707093182383808,1.707093182383808,1.707093182383808,1.707093182383808,1.707093182383808,1.707093182383808,1.707093182383808,1.707093182383808,1.707093182383808,1.707093182383808,1.707093182383808,1.707093182383808,1.707093182383808,1.707093182383808,1.707093182383808,1.707093182383808,1.707093182383808,1.707093182383808,1.707093182383808,1.707093182383808,1.707093182383808,1.707093182383808,1.707093182383808,1.707093182383808,1.707093182383808,1.707093182383808,1.707093182383808,1.707093182383808,1.707093182383808,1.707093182383808,1.707093182383808,1.707093182383808,1.707093182383808,1.707093182383808,1.707093182383808,1.707093182383808,1.707093182383808,1.707093182383808,1.707093182383808,1.707093182383808,1.707093182383808,1.707093182383808,1.707093182383808,1.707093182383808,1.707093182383808,1.707093182383808,1.707093182383808,1.707093182383808,1.707093182383808,1.707093182383808,1.707093182383808,1.707093182383808,1.707093182383808,1.707093182383808,1.707093182383808,1.707093182383808,1.707093182383808,1.707093182383808,1.707093182383808,1.707093182383808,1.707093182383808,1.707093182383808,1.707093182383808,1.707093182383808,1.707093182383808,1.707093182383808,1.707093182383808,1.707093182383808,1.707093182383808,1.707093182383808,1.707093182383808,1.707093182383808,1.707093182383808,1.707093182383808,1.707093182383808,1.707093182383808,1.707093182383808,1.707093182383808,1.707093182383808,1.707093182383808,1.707093182383808,1.707093182383808,1.707093182383808,1.707093182383808,1.707093182383808,1.707093182383808,1.707093182383808,1.707093182383808,1.707093182383808,1.707093182383808,1.707093182383808,1.707093182383808,1.707093182383808,1.707093182383808,1.707093182383808,1.707093182383808,1.707093182383808,1.707093182383808,1.707093182383808,1.707093182383808,1.707093182383808,1.707093182383808,1.707093182383808,1.707093182383808,1.707093182383808,1.707093182383808,1.707093182383808,1.707093182383808,1.707093182383808,1.707093182383808,1.707093182383808,1.707093182383808,1.707093182383808,1.707093182383808,1.707093182383808,1.707093182383808,1.707093182383808,1.707093182383808,1.707093182383808,1.707093182383808,1.707093182383808,1.707093182383808,1.707093182383808,1.707093182383808,1.707093182383808,1.707093182383808,1.707093182383808,1.707093182383808,1.707093182383808,1.707093182383808,1.707093182383808,1.707093182383808,1.707093182383808,1.707093182383808,1.707093182383808,1.707093182383808,1.707093182383808,1.707093182383808,1.707093182383808,1.707093182383808,1.707093182383808,7.484175910026983,7.056447044668381,6.487284820405537,5.900878229097037,5.900878229097037,5.900878229097037,5.900878229097037,5.900878229097037,5.900878229097037,5.900878229097037,5.900878229097037,5.900878229097037,5.900878229097037,5.900878229097037,5.900878229097037,5.900878229097037,5.900878229097037,5.900878229097037,5.900878229097037,5.900878229097037,5.900878229097037,5.900878229097037,5.900878229097037,5.900878229097037,5.900878229097037,5.900878229097037,5.900878229097037,5.900878229097037,5.900878229097037,5.900878229097037,5.900878229097037,5.900878229097037,5.900878229097037,5.900878229097037,5.900878229097037,5.900878229097037,5.900878229097037,5.900878229097037,5.900878229097037,5.900878229097037,5.900878229097037,5.900878229097037,5.900878229097037,5.900878229097037,5.900878229097037,5.900878229097037,5.900878229097037,5.900878229097037,5.900878229097037,5.900878229097037,5.900878229097037,5.900878229097037,5.900878229097037,5.900878229097037,5.900878229097037,5.900878229097037,5.900878229097037,5.900878229097037,5.900878229097037,5.900878229097037,5.900878229097037,5.900878229097037,5.900878229097037,5.900878229097037,5.900878229097037,5.900878229097037,5.900878229097037,5.900878229097037,5.900878229097037,5.900878229097037,5.900878229097037,5.900878229097037,5.900878229097037,5.900878229097037,5.900878229097037,5.900878229097037,5.900878229097037,5.900878229097037,5.900878229097037,5.900878229097037,5.900878229097037,5.900878229097037,5.900878229097037,5.900878229097037,5.900878229097037,5.900878229097037,5.900878229097037,5.7125581393402465,5.7125581393402465,5.7125581393402465,5.7125581393402465,5.7125581393402465,5.511779143049262,5.511779143049262,5.511779143049262,5.511779143049262,5.511779143049262,5.511779143049262,5.511779143049262,5.511779143049262,5.511779143049262,5.511779143049262,5.511779143049262,5.511779143049262,5.511779143049262,5.511779143049262,5.511779143049262,5.511779143049262,5.296498698122718,4.789045088746057,4.789045088746057,4.608428155537558,3.9903385732591428,3.8214339392273393,3.8214339392273393,3.8214339392273393,3.8214339392273393,3.8214339392273393,3.8214339392273393,3.8214339392273393,3.8214339392273393,3.8214339392273393,3.8214339392273393,3.8214339392273393,3.8214339392273393,3.8214339392273393,3.8214339392273393,3.8214339392273393,3.8214339392273393,3.8214339392273393,3.8214339392273393,3.8214339392273393,3.8214339392273393,3.8214339392273393,3.8214339392273393,3.8214339392273393,3.8214339392273393,3.8214339392273393,3.8214339392273393,3.8214339392273393,3.8214339392273393,3.8214339392273393,3.8214339392273393,3.8214339392273393,3.8214339392273393,3.8214339392273393,3.8214339392273393,3.8214339392273393,3.8214339392273393,3.8214339392273393,3.8214339392273393,3.8214339392273393,3.8214339392273393,3.8214339392273393,3.8214339392273393,3.8214339392273393,3.8214339392273393,3.8214339392273393,3.8214339392273393,3.8214339392273393,3.8214339392273393,3.8214339392273393,3.8214339392273393,3.8214339392273393,3.8214339392273393,3.8214339392273393,3.8214339392273393,3.8214339392273393,3.8214339392273393,3.8214339392273393,3.8214339392273393,3.8214339392273393,3.8214339392273393,3.8214339392273393,3.8214339392273393,3.8214339392273393,3.808792179183302,3.808792179183302,3.808792179183302,3.808792179183302,3.808792179183302,3.808792179183302,3.808792179183302,3.808792179183302,3.808792179183302,3.808792179183302,3.808792179183302,3.808792179183302,3.808792179183302,3.808792179183302,3.808792179183302,3.808792179183302,3.808792179183302,3.808792179183302,3.808792179183302,3.808792179183302,3.808792179183302,3.808792179183302,3.808792179183302,3.808792179183302,3.808792179183302,3.808792179183302,3.808792179183302,3.808792179183302,3.808792179183302,3.808792179183302,3.808792179183302,3.808792179183302,3.808792179183302,3.808792179183302,3.808792179183302,3.808792179183302,3.808792179183302,3.808792179183302,3.808792179183302,3.808792179183302,3.808792179183302,3.808792179183302,3.808792179183302,3.808792179183302,3.808792179183302,3.808792179183302,3.808792179183302,3.808792179183302,3.808792179183302,3.808792179183302,3.808792179183302,3.808792179183302,3.808792179183302,3.808792179183302,3.808792179183302,3.808792179183302,3.808792179183302,3.808792179183302,3.808792179183302,3.808792179183302,3.808792179183302,3.808792179183302,3.808792179183302,3.808792179183302,3.808792179183302,3.808792179183302,3.808792179183302,3.808792179183302,3.808792179183302,3.808792179183302,3.808792179183302,3.808792179183302,3.808792179183302,3.808792179183302,3.808792179183302,3.808792179183302,3.808792179183302,3.808792179183302,3.808792179183302,3.808792179183302,3.808792179183302,3.808792179183302,3.808792179183302,3.808792179183302,3.808792179183302,3.808792179183302,3.808792179183302,3.808792179183302,3.808792179183302,3.808792179183302,3.808792179183302,3.808792179183302,3.808792179183302,3.808792179183302,3.808792179183302,3.808792179183302,3.808792179183302,3.808792179183302,3.808792179183302,3.808792179183302,3.808792179183302,3.808792179183302,3.808792179183302,3.808792179183302,3.808792179183302,3.808792179183302,3.808792179183302,3.808792179183302,3.808792179183302,3.808792179183302,3.808792179183302,3.808792179183302,3.808792179183302,3.808792179183302,3.808792179183302,2.0888587025806125,2.0888587025806125,2.0888587025806125,2.0888587025806125,2.0888587025806125,2.0888587025806125,2.0888587025806125,2.0888587025806125,2.0888587025806125,2.0888587025806125,2.0888587025806125,2.0888587025806125,2.0888587025806125,2.0888587025806125,2.0888587025806125,2.0888587025806125,2.0888587025806125,2.0888587025806125,2.0888587025806125,2.0888587025806125,2.0888587025806125,2.0888587025806125,2.0888587025806125,2.0888587025806125,2.0888587025806125,2.0888587025806125,2.0888587025806125,2.0888587025806125,2.0888587025806125,2.0888587025806125,2.0888587025806125,2.0888587025806125,2.0888587025806125,2.0888587025806125,2.0888587025806125,2.0888587025806125,2.0888587025806125,2.0888587025806125,2.0888587025806125,2.0888587025806125,2.0888587025806125,2.0888587025806125,2.0888587025806125,2.0888587025806125,2.0888587025806125,2.0888587025806125,2.0888587025806125,2.0888587025806125,2.0888587025806125,2.0888587025806125,2.0888587025806125,2.0888587025806125,2.0888587025806125,2.0888587025806125,2.0888587025806125,2.0888587025806125,2.0888587025806125,2.0888587025806125,2.0888587025806125,2.0888587025806125,2.0888587025806125,2.0888587025806125,2.0888587025806125,2.0888587025806125,2.0888587025806125,2.0888587025806125,2.0888587025806125,2.0888587025806125,2.0888587025806125,2.0888587025806125,2.0888587025806125,2.0888587025806125,2.0888587025806125,2.0888587025806125,2.0888587025806125,2.0888587025806125,2.0888587025806125,2.0888587025806125,2.0888587025806125,2.0888587025806125,2.0888587025806125,2.0888587025806125,2.0888587025806125,2.0888587025806125,2.0888587025806125,2.0888587025806125,2.0888587025806125,2.0888587025806125,2.0888587025806125,2.0888587025806125,2.0888587025806125,2.0888587025806125,2.0888587025806125,2.0888587025806125,2.0888587025806125,2.0888587025806125,2.0888587025806125,2.0888587025806125,2.0888587025806125,2.0888587025806125,2.0888587025806125,2.0888587025806125,2.0888587025806125,2.0888587025806125,2.0888587025806125,2.0888587025806125,2.0888587025806125,2.0888587025806125,2.0888587025806125,2.0888587025806125,2.0888587025806125,2.0888587025806125,2.0888587025806125,2.0888587025806125,2.0888587025806125,2.0888587025806125,2.0888587025806125,2.0888587025806125,2.0888587025806125,2.0888587025806125,2.0888587025806125,2.0888587025806125,2.0888587025806125,2.0888587025806125,2.0888587025806125,2.0888587025806125,2.0888587025806125,2.0888587025806125,2.0888587025806125,2.0888587025806125,2.0888587025806125,2.0888587025806125,2.0888587025806125,2.0888587025806125,2.0888587025806125,2.0888587025806125,2.0888587025806125,2.0888587025806125,2.0888587025806125,2.0888587025806125,2.0888587025806125,2.0888587025806125,2.0888587025806125,2.0888587025806125,2.0888587025806125,2.0888587025806125,2.0888587025806125,2.0888587025806125,2.0888587025806125,2.0888587025806125,2.0888587025806125,2.0888587025806125,2.0888587025806125,2.0888587025806125,2.0888587025806125,2.0888587025806125,2.0888587025806125,2.0888587025806125,2.0888587025806125,2.0888587025806125,2.0888587025806125,2.0888587025806125,2.0888587025806125,2.0888587025806125,2.0888587025806125,2.0888587025806125,2.0888587025806125,2.0888587025806125,2.0888587025806125,2.0888587025806125,2.0888587025806125,2.0888587025806125,2.0888587025806125,2.0888587025806125,2.0888587025806125,2.0888587025806125,2.0888587025806125,2.0888587025806125,2.0888587025806125,2.0888587025806125,2.0888587025806125,2.0888587025806125,2.0888587025806125,2.0888587025806125,2.0888587025806125,2.0888587025806125,2.0888587025806125,2.0888587025806125,2.0888587025806125,2.0888587025806125,2.0888587025806125,2.0888587025806125,2.0888587025806125,2.0888587025806125,2.0888587025806125,2.0888587025806125,2.0888587025806125,2.0888587025806125,2.0888587025806125,2.0888587025806125,2.0888587025806125,2.0888587025806125,2.0888587025806125,2.0888587025806125,2.0888587025806125,2.0888587025806125,2.0888587025806125,2.0888587025806125,2.0888587025806125,2.0888587025806125,2.0888587025806125,2.0888587025806125,2.0888587025806125,2.0888587025806125,2.0888587025806125,2.0888587025806125,2.0888587025806125,2.0888587025806125,2.0888587025806125,2.0888587025806125,2.0888587025806125,2.0888587025806125,2.0888587025806125,2.0888587025806125,2.0888587025806125,2.0888587025806125,2.0888587025806125,2.0888587025806125,2.0888587025806125,2.0888587025806125,2.0888587025806125,2.0888587025806125,2.0888587025806125,2.0888587025806125,2.0888587025806125,2.0888587025806125,2.0888587025806125,2.0888587025806125,2.0888587025806125,2.0888587025806125,2.0888587025806125,2.0888587025806125,2.0888587025806125,2.0888587025806125,2.0888587025806125,2.0888587025806125,2.0888587025806125,2.0888587025806125,2.0888587025806125,2.0888587025806125,2.0888587025806125,2.0888587025806125,2.0888587025806125,2.0888587025806125,2.0888587025806125,2.0888587025806125,2.0888587025806125,2.0888587025806125,2.0888587025806125,2.0888587025806125,2.0888587025806125,2.0888587025806125,2.0888587025806125,2.0888587025806125,2.0888587025806125,2.0888587025806125,2.0888587025806125,2.0888587025806125,2.0888587025806125,2.0888587025806125,2.0888587025806125,2.0888587025806125,2.0888587025806125,2.0888587025806125,2.0888587025806125,2.0888587025806125,2.0888587025806125,2.0888587025806125,2.0888587025806125,2.0888587025806125,2.0888587025806125,2.0888587025806125,2.0888587025806125,2.0888587025806125,2.0888587025806125,2.0888587025806125,2.0888587025806125,2.0888587025806125,2.0888587025806125,2.0888587025806125,2.0888587025806125,2.0888587025806125,2.0888587025806125,2.0888587025806125,2.0888587025806125,2.0888587025806125,2.0888587025806125,2.0888587025806125,2.0888587025806125,2.0888587025806125,2.0888587025806125,2.0888587025806125,2.0888587025806125,2.0888587025806125,2.0888587025806125,2.0888587025806125,2.0888587025806125,2.0888587025806125,2.0888587025806125,2.0888587025806125,2.0888587025806125,2.0888587025806125,2.0888587025806125,2.0888587025806125,2.0888587025806125,2.0888587025806125,2.0888587025806125,2.0888587025806125,2.0888587025806125,2.0888587025806125,2.0888587025806125,2.0888587025806125,2.0888587025806125,2.0888587025806125,2.0888587025806125,2.0888587025806125,2.0888587025806125,2.0888587025806125,2.0888587025806125,2.0888587025806125,2.0888587025806125,2.0888587025806125,2.0888587025806125,2.0888587025806125,2.0888587025806125,2.0888587025806125,2.0888587025806125,2.0888587025806125,2.0888587025806125,2.0888587025806125,2.0888587025806125,2.0888587025806125,2.0888587025806125,2.0888587025806125,2.0888587025806125,2.0888587025806125,2.0888587025806125,2.0888587025806125,2.0888587025806125,2.0888587025806125,2.0888587025806125,2.0888587025806125,2.0888587025806125,2.0888587025806125,2.0888587025806125,2.0888587025806125,2.0888587025806125,2.0888587025806125,2.0888587025806125,2.0888587025806125,2.0888587025806125,2.0888587025806125,2.0888587025806125,2.0888587025806125,2.0888587025806125,2.0888587025806125,2.0888587025806125,2.0888587025806125,2.0888587025806125,2.0888587025806125,2.0888587025806125,2.0888587025806125,2.0888587025806125,2.0888587025806125,2.0888587025806125,2.0888587025806125,2.0888587025806125,2.0888587025806125,2.0888587025806125,2.0888587025806125,2.0888587025806125,2.0888587025806125,2.0888587025806125,2.0888587025806125,2.0888587025806125,2.0888587025806125,2.0888587025806125,2.0888587025806125,2.0888587025806125,2.0888587025806125,2.0888587025806125,2.0888587025806125,2.0888587025806125,2.0888587025806125,2.0888587025806125,2.0888587025806125,2.0888587025806125,2.0888587025806125,2.0888587025806125,2.0888587025806125,2.0888587025806125,2.0888587025806125,2.0888587025806125,2.0888587025806125,2.0888587025806125,2.0888587025806125,2.0888587025806125,2.0888587025806125,2.0888587025806125,2.0888587025806125,2.0888587025806125,2.0888587025806125,2.0888587025806125,2.0888587025806125,2.0888587025806125,2.0888587025806125,2.0888587025806125,2.0888587025806125,2.0888587025806125,2.0888587025806125,2.0888587025806125,2.0888587025806125,2.0888587025806125,2.0888587025806125,2.0888587025806125,2.0888587025806125,2.0888587025806125,2.0888587025806125,2.0888587025806125,2.0888587025806125,2.0888587025806125,2.0888587025806125,2.0888587025806125,2.0888587025806125,2.0888587025806125,2.0888587025806125,2.0888587025806125,2.0888587025806125,2.0888587025806125,2.0888587025806125,2.0888587025806125,2.0888587025806125,2.0888587025806125,2.0888587025806125,2.0888587025806125,2.0888587025806125,2.0888587025806125,2.0888587025806125,2.0888587025806125,2.0888587025806125,2.0888587025806125,2.0888587025806125,2.0888587025806125,2.0888587025806125,2.0888587025806125,2.0888587025806125,2.0888587025806125,2.0888587025806125,2.0888587025806125,2.0888587025806125,2.0888587025806125,2.0888587025806125,2.0888587025806125,2.0888587025806125,2.0888587025806125,2.0888587025806125,2.0888587025806125,2.0888587025806125,2.0888587025806125,2.0888587025806125,2.0888587025806125,2.0888587025806125,2.0888587025806125,2.0888587025806125,2.0888587025806125,2.0888587025806125,2.0888587025806125,2.0888587025806125,2.0888587025806125,2.0888587025806125,2.0888587025806125,2.0888587025806125,2.0888587025806125,2.0888587025806125,2.0888587025806125,2.0888587025806125,2.0888587025806125,2.0888587025806125,2.0888587025806125,2.0888587025806125,2.0888587025806125,2.0888587025806125,2.0888587025806125,2.0888587025806125,2.0888587025806125,2.0888587025806125,2.0888587025806125,2.0888587025806125,2.0888587025806125,2.0888587025806125,2.0888587025806125,2.0888587025806125,2.0888587025806125,2.0888587025806125,2.0888587025806125,2.0888587025806125,2.0888587025806125,2.0888587025806125,2.0888587025806125,2.0888587025806125,2.0888587025806125,2.0888587025806125,2.0888587025806125,2.0888587025806125,2.0888587025806125,2.0888587025806125,2.0888587025806125,2.0888587025806125,2.0888587025806125,2.0888587025806125,2.0888587025806125,2.0888587025806125,2.0888587025806125,2.0888587025806125,2.0888587025806125,2.0888587025806125,2.0888587025806125,2.0888587025806125,2.0888587025806125,2.0888587025806125,2.0888587025806125,2.0888587025806125,2.0888587025806125,2.0888587025806125,2.0888587025806125,2.0888587025806125,2.0888587025806125,2.0888587025806125,2.0888587025806125,2.0888587025806125,2.0888587025806125,2.0888587025806125,2.0888587025806125,2.0888587025806125,2.0888587025806125,2.0888587025806125,2.0888587025806125,2.0888587025806125,2.0888587025806125,2.0888587025806125,2.0888587025806125,2.0888587025806125,2.0888587025806125,2.0888587025806125,2.0888587025806125,2.0888587025806125,2.0888587025806125,2.0888587025806125,2.0888587025806125,2.0888587025806125,2.0888587025806125,2.0888587025806125,2.0888587025806125,2.0888587025806125,2.0888587025806125,2.0888587025806125,2.0888587025806125,2.0888587025806125,2.0888587025806125,2.0888587025806125,2.0888587025806125,2.0888587025806125,2.0888587025806125,2.0888587025806125,2.0888587025806125,2.0888587025806125,2.0888587025806125,2.0888587025806125,2.0888587025806125,2.0888587025806125,2.0888587025806125,2.0888587025806125,2.0888587025806125,2.0888587025806125,2.0888587025806125,2.0888587025806125,2.0888587025806125,2.0888587025806125,2.0888587025806125,2.0888587025806125,2.0888587025806125,2.0888587025806125,2.0888587025806125,2.0888587025806125,2.0888587025806125,2.0888587025806125,2.0888587025806125,2.0888587025806125,2.0888587025806125,2.0888587025806125,2.0888587025806125,2.0888587025806125,2.0888587025806125,2.0888587025806125,2.0888587025806125,2.0888587025806125,2.0888587025806125,2.0888587025806125,2.0888587025806125,2.0888587025806125,2.0888587025806125,2.0888587025806125,2.0888587025806125,2.0888587025806125,2.0888587025806125,2.0888587025806125,2.0888587025806125,2.0888587025806125,2.0888587025806125,2.0888587025806125,2.0888587025806125,2.0888587025806125,2.0888587025806125,2.0888587025806125,2.0888587025806125,2.0888587025806125,2.0888587025806125,2.0888587025806125,2.0888587025806125,2.0888587025806125,2.0888587025806125,2.0888587025806125,2.0888587025806125,2.0888587025806125,2.0888587025806125,2.0888587025806125,2.0888587025806125,2.0888587025806125,2.0888587025806125,2.0888587025806125,2.0888587025806125,2.0888587025806125,2.0888587025806125,2.0888587025806125,2.0888587025806125,2.0888587025806125,2.0888587025806125,2.0888587025806125,2.0888587025806125,2.0888587025806125,2.0888587025806125,2.0888587025806125,2.0888587025806125,2.0888587025806125,2.0888587025806125,2.0888587025806125,2.0888587025806125,2.0888587025806125,2.0888587025806125,2.0888587025806125,2.0888587025806125,2.0888587025806125,2.0888587025806125,2.0888587025806125,2.0888587025806125,2.0888587025806125,2.0888587025806125,2.0888587025806125,2.0888587025806125,2.0888587025806125,2.0888587025806125,2.0888587025806125,2.0888587025806125,2.0888587025806125,2.0888587025806125,2.0888587025806125,2.0888587025806125,2.0888587025806125,2.0888587025806125,2.0888587025806125,2.0888587025806125,2.0888587025806125,2.0888587025806125,2.0888587025806125,2.0888587025806125,2.0888587025806125,2.0888587025806125,2.0888587025806125,2.0888587025806125,2.0888587025806125,2.0888587025806125,2.0888587025806125,2.0888587025806125,2.0888587025806125,2.0888587025806125,2.0888587025806125,2.0888587025806125,2.0888587025806125,2.0888587025806125,2.0888587025806125,2.0888587025806125,2.0888587025806125,2.0888587025806125,2.0888587025806125,2.0888587025806125,2.0888587025806125,2.0888587025806125,2.0888587025806125,2.0888587025806125,8.447590660010725,8.447590660010725,8.233939829643882,8.233939829643882,8.233939829643882,8.013038857922298,7.485386231685425,7.063110913600198,6.7810721524719515,6.263909560180911,6.263909560180911,6.127815845049778,6.127815845049778,6.127815845049778,6.011694895580188,6.011694895580188,6.011694895580188,6.011694895580188,6.011694895580188,6.011694895580188,6.011694895580188,6.011694895580188,6.011694895580188,6.011694895580188,6.011694895580188,6.011694895580188,6.011694895580188,6.011694895580188,6.011694895580188,6.011694895580188,6.011694895580188,6.011694895580188,6.011694895580188,6.011694895580188,6.011694895580188,6.011694895580188,6.011694895580188,6.011694895580188,6.011694895580188,6.011694895580188,6.011694895580188,6.011694895580188,6.011694895580188,6.011694895580188,6.011694895580188,6.011694895580188,4.343303101213797,3.998808867490806,3.998808867490806,3.964681627393334,3.964681627393334,3.964681627393334,3.964681627393334,3.964681627393334,3.964681627393334,3.964681627393334,3.964681627393334,3.964681627393334,3.964681627393334,3.964681627393334,3.964681627393334,3.964681627393334,3.8367722042924894,3.8367722042924894,3.8367722042924894,3.8367722042924894,3.8367722042924894,3.8367722042924894,3.8367722042924894,3.8367722042924894,3.8367722042924894,3.8367722042924894,3.8367722042924894,3.8367722042924894,3.8367722042924894,3.8367722042924894,3.8367722042924894,3.8367722042924894,3.8367722042924894,3.8367722042924894,3.589912345548276,3.589912345548276,3.589912345548276,3.589912345548276,3.589912345548276,3.589912345548276,3.589912345548276,3.589912345548276,3.589912345548276,3.589912345548276,3.589912345548276,3.589912345548276,3.589912345548276,3.57745544721407,3.57745544721407,3.57745544721407,3.57745544721407,3.57745544721407,3.57745544721407,3.57745544721407,3.57745544721407,3.57745544721407,3.57745544721407,3.57745544721407,3.57745544721407,3.57745544721407,3.57745544721407,3.57745544721407,3.57745544721407,3.57745544721407,3.57745544721407,3.57745544721407,3.57745544721407,3.57745544721407,3.57745544721407,3.57745544721407,3.57745544721407,3.57745544721407,3.57745544721407,3.57745544721407,3.57745544721407,3.57745544721407,3.57745544721407,3.57745544721407,3.57745544721407,3.57745544721407,3.57745544721407,3.57745544721407,3.57745544721407,3.57745544721407,3.57745544721407,3.57745544721407,3.57745544721407,3.57745544721407,3.57745544721407,3.57745544721407,3.57745544721407,3.57745544721407,3.57745544721407,3.57745544721407,3.57745544721407,3.57745544721407,3.57745544721407,3.57745544721407,3.57745544721407,3.57745544721407,3.57745544721407,3.57745544721407,3.57745544721407,3.57745544721407,3.57745544721407,3.57745544721407,3.57745544721407,3.57745544721407,3.57745544721407,3.57745544721407,3.57745544721407,3.57745544721407,3.57745544721407,3.57745544721407,3.57745544721407,3.57745544721407,3.57745544721407,3.57745544721407,3.57745544721407,3.57745544721407,3.57745544721407,3.57745544721407,3.57745544721407,3.57745544721407,3.57745544721407,3.57745544721407,3.57745544721407,3.57745544721407,3.57745544721407,3.57745544721407,3.57745544721407,3.57745544721407,3.57745544721407,3.57745544721407,3.57745544721407,3.57745544721407,3.57745544721407,3.57745544721407,3.57745544721407,3.57745544721407,3.57745544721407,3.57745544721407,3.57745544721407,3.57745544721407,3.57745544721407,3.57745544721407,3.57745544721407,3.57745544721407,3.57745544721407,3.57745544721407,3.57745544721407,3.57745544721407,3.57745544721407,3.57745544721407,3.57745544721407,3.57745544721407,3.57745544721407,3.57745544721407,3.57745544721407,3.57745544721407,3.57745544721407,3.57745544721407,3.57745544721407,3.57745544721407,3.57745544721407,3.57745544721407,3.57745544721407,3.57745544721407,3.57745544721407,3.57745544721407,3.57745544721407,3.57745544721407,3.57745544721407,3.57745544721407,3.57745544721407,3.57745544721407,3.57745544721407,3.57745544721407,3.57745544721407,3.57745544721407,3.57745544721407,3.57745544721407,3.57745544721407,3.57745544721407,3.57745544721407,3.57745544721407,3.57745544721407,3.57745544721407,3.57745544721407,3.57745544721407,3.57745544721407,3.57745544721407,3.57745544721407,3.57745544721407,3.57745544721407,3.57745544721407,3.57745544721407,3.57745544721407,3.57745544721407,3.57745544721407,3.57745544721407,3.57745544721407,3.57745544721407,3.57745544721407,3.57745544721407,3.57745544721407,3.57745544721407,3.57745544721407,3.57745544721407,3.57745544721407,3.57745544721407,3.57745544721407,3.57745544721407,3.57745544721407,3.57745544721407,3.57745544721407,3.57745544721407,3.57745544721407,3.57745544721407,3.57745544721407,3.57745544721407,3.57745544721407,3.57745544721407,3.57745544721407,3.57745544721407,3.57745544721407,3.57745544721407,3.57745544721407,3.57745544721407,3.57745544721407,3.57745544721407,3.57745544721407,3.57745544721407,3.57745544721407,3.57745544721407,3.57745544721407,3.57745544721407,3.57745544721407,3.57745544721407,3.57745544721407,3.57745544721407,3.57745544721407,3.57745544721407,3.57745544721407,3.57745544721407,3.57745544721407,3.57745544721407,3.57745544721407,3.57745544721407,3.57745544721407,3.57745544721407,3.57745544721407,3.57745544721407,3.57745544721407,3.57745544721407,3.57745544721407,3.57745544721407,3.57745544721407,3.57745544721407,3.57745544721407,3.57745544721407,3.57745544721407,3.57745544721407,3.57745544721407,3.57745544721407,3.57745544721407,3.57745544721407,3.57745544721407,3.57745544721407,3.57745544721407,3.57745544721407,3.57745544721407,3.57745544721407,3.57745544721407,3.57745544721407,3.57745544721407,3.57745544721407,3.57745544721407,3.57745544721407,3.57745544721407,3.57745544721407,3.57745544721407,3.57745544721407,3.57745544721407,3.57745544721407,3.57745544721407,3.57745544721407,3.57745544721407,3.57745544721407,3.57745544721407,3.57745544721407,3.57745544721407,3.57745544721407,3.57745544721407,3.57745544721407,3.57745544721407,3.57745544721407,3.57745544721407,3.57745544721407,3.57745544721407,3.57745544721407,3.57745544721407,3.57745544721407,3.57745544721407,3.57745544721407,3.57745544721407,3.57745544721407,3.57745544721407,3.57745544721407,3.57745544721407,3.57745544721407,3.57745544721407,3.57745544721407,3.57745544721407,3.57745544721407,3.57745544721407,3.57745544721407,3.57745544721407,3.57745544721407,3.57745544721407,3.57745544721407,3.57745544721407,3.57745544721407,3.57745544721407,3.57745544721407,3.57745544721407,3.57745544721407,3.57745544721407,3.57745544721407,3.57745544721407,3.57745544721407,3.57745544721407,3.57745544721407,3.57745544721407,3.57745544721407,3.57745544721407,3.57745544721407,3.57745544721407,3.57745544721407,3.57745544721407,3.57745544721407,3.57745544721407,3.57745544721407,3.57745544721407,3.57745544721407,3.57745544721407,3.57745544721407,3.57745544721407,3.57745544721407,3.57745544721407,3.57745544721407,3.57745544721407,3.57745544721407,3.57745544721407,3.57745544721407,3.57745544721407,3.57745544721407,3.57745544721407,3.57745544721407,3.57745544721407,3.57745544721407,3.57745544721407,3.57745544721407,3.57745544721407,3.57745544721407,3.57745544721407,3.57745544721407,3.57745544721407,3.57745544721407,3.57745544721407,3.57745544721407,3.57745544721407,3.57745544721407,3.57745544721407,3.57745544721407,3.57745544721407,3.57745544721407,3.57745544721407,3.57745544721407,3.57745544721407,3.57745544721407,3.57745544721407,3.57745544721407,3.57745544721407,3.57745544721407,3.57745544721407,3.57745544721407,3.57745544721407,3.57745544721407,3.57745544721407,3.57745544721407,3.57745544721407,3.57745544721407,3.57745544721407,3.57745544721407,3.57745544721407,3.57745544721407,3.57745544721407,3.57745544721407,3.57745544721407,3.57745544721407,3.57745544721407,3.57745544721407,3.57745544721407,3.57745544721407,3.57745544721407,3.57745544721407,3.57745544721407,3.57745544721407,3.57745544721407,3.57745544721407,3.57745544721407,3.57745544721407,3.57745544721407,3.57745544721407,3.57745544721407,3.57745544721407,3.57745544721407,3.57745544721407,3.57745544721407,3.57745544721407,3.57745544721407,3.57745544721407,3.57745544721407,3.57745544721407,3.57745544721407,3.57745544721407,3.57745544721407,3.57745544721407,3.57745544721407,3.57745544721407,3.57745544721407,3.57745544721407,3.57745544721407,3.57745544721407,3.57745544721407,3.57745544721407,3.57745544721407,3.57745544721407,3.57745544721407,3.57745544721407,3.57745544721407,3.57745544721407,3.57745544721407,3.57745544721407,3.57745544721407,3.57745544721407,3.57745544721407,3.57745544721407,3.57745544721407,3.57745544721407,3.57745544721407,3.57745544721407,3.57745544721407,3.57745544721407,3.57745544721407,3.57745544721407,3.57745544721407,3.57745544721407,3.57745544721407,3.57745544721407,3.57745544721407,3.57745544721407,3.57745544721407,3.57745544721407,3.57745544721407,3.57745544721407,3.57745544721407,3.57745544721407,3.57745544721407,3.57745544721407,3.57745544721407,3.57745544721407,3.57745544721407,3.57745544721407,3.57745544721407,3.57745544721407,3.57745544721407,3.57745544721407,3.57745544721407,3.57745544721407,3.57745544721407,3.57745544721407,3.57745544721407,3.57745544721407,3.57745544721407,3.57745544721407,3.57745544721407,3.57745544721407,3.57745544721407,3.57745544721407,3.57745544721407,3.57745544721407,3.57745544721407,3.57745544721407,3.57745544721407,3.57745544721407,3.57745544721407,3.57745544721407,3.57745544721407,3.57745544721407,3.57745544721407,3.57745544721407,3.57745544721407,3.57745544721407,3.57745544721407,3.57745544721407,3.57745544721407,3.57745544721407,3.57745544721407,3.57745544721407,3.57745544721407,3.57745544721407,3.57745544721407,3.57745544721407,3.57745544721407,3.57745544721407,3.57745544721407,3.57745544721407,3.57745544721407,3.57745544721407,3.57745544721407,3.57745544721407,3.57745544721407,3.57745544721407,3.57745544721407,3.57745544721407,3.57745544721407,3.57745544721407,3.57745544721407,3.57745544721407,3.57745544721407,3.57745544721407,3.57745544721407,3.57745544721407,3.57745544721407,3.57745544721407,3.57745544721407,3.57745544721407,3.57745544721407,3.57745544721407,3.57745544721407,3.57745544721407,3.57745544721407,3.57745544721407,3.57745544721407,3.57745544721407,3.57745544721407,3.57745544721407,3.57745544721407,3.57745544721407,3.57745544721407,3.57745544721407,3.57745544721407,3.57745544721407,3.57745544721407,3.57745544721407,3.57745544721407,3.57745544721407,3.57745544721407,3.57745544721407,3.57745544721407,3.57745544721407,3.57745544721407,3.57745544721407,3.57745544721407,3.57745544721407,3.57745544721407,3.57745544721407,3.57745544721407,3.57745544721407,3.57745544721407,3.57745544721407,3.57745544721407,3.57745544721407,3.57745544721407,3.57745544721407,3.57745544721407,3.57745544721407,3.57745544721407,3.57745544721407,3.57745544721407,3.57745544721407,3.57745544721407,3.57745544721407,3.57745544721407,3.57745544721407,3.57745544721407,3.57745544721407,3.57745544721407,3.57745544721407,3.57745544721407,3.57745544721407,3.57745544721407,3.57745544721407,3.57745544721407,3.57745544721407,3.57745544721407,3.57745544721407,3.57745544721407,3.57745544721407,3.57745544721407,3.57745544721407,3.57745544721407,3.57745544721407,3.57745544721407,3.57745544721407,3.57745544721407,3.57745544721407,3.57745544721407,3.57745544721407,3.57745544721407,3.57745544721407,3.57745544721407,3.57745544721407,3.57745544721407,3.57745544721407,3.57745544721407,3.57745544721407,3.57745544721407,3.57745544721407,3.57745544721407,3.57745544721407,3.57745544721407,3.57745544721407,3.57745544721407,3.57745544721407,3.57745544721407,3.57745544721407,3.57745544721407,3.57745544721407,3.57745544721407,3.57745544721407,3.57745544721407,3.57745544721407,3.57745544721407,3.57745544721407,3.57745544721407,3.57745544721407,3.57745544721407,3.57745544721407,3.57745544721407,3.57745544721407,3.57745544721407,3.57745544721407,3.57745544721407,3.57745544721407,3.57745544721407,3.57745544721407,3.57745544721407,3.57745544721407,3.57745544721407,3.57745544721407,3.57745544721407,3.57745544721407,3.57745544721407,3.57745544721407,3.57745544721407,3.57745544721407,3.57745544721407,3.57745544721407,3.57745544721407,3.57745544721407,3.57745544721407,3.57745544721407,3.57745544721407,3.57745544721407,3.57745544721407,3.57745544721407,3.57745544721407,3.57745544721407,3.57745544721407,3.57745544721407,3.57745544721407,3.57745544721407,3.57745544721407,3.57745544721407,3.57745544721407,3.57745544721407,3.57745544721407,3.57745544721407,3.57745544721407,3.57745544721407,3.57745544721407,3.57745544721407,3.57745544721407,3.57745544721407,3.57745544721407,3.57745544721407,3.57745544721407,3.57745544721407,3.57745544721407,3.57745544721407,3.57745544721407,3.57745544721407,3.57745544721407,3.57745544721407,3.57745544721407,3.57745544721407,3.57745544721407,3.57745544721407,3.57745544721407,3.57745544721407,3.57745544721407,3.57745544721407,3.57745544721407,3.57745544721407,3.57745544721407,3.57745544721407,3.57745544721407,3.57745544721407,3.57745544721407,3.57745544721407,3.57745544721407,3.57745544721407,3.57745544721407,3.57745544721407,3.57745544721407,3.57745544721407,3.57745544721407,3.57745544721407,3.57745544721407,3.57745544721407,3.57745544721407,3.57745544721407,3.57745544721407,3.57745544721407,3.57745544721407,3.57745544721407,3.57745544721407,3.57745544721407,3.57745544721407,3.57745544721407,3.57745544721407,3.57745544721407,3.57745544721407,3.57745544721407,3.57745544721407,3.57745544721407,3.57745544721407,3.57745544721407,3.57745544721407,3.57745544721407,3.57745544721407,3.57745544721407,3.57745544721407,3.57745544721407,3.57745544721407,3.57745544721407,3.57745544721407,3.57745544721407,3.57745544721407,3.57745544721407,3.57745544721407,3.57745544721407,3.57745544721407,3.57745544721407,3.57745544721407,3.57745544721407,3.57745544721407,3.57745544721407,3.57745544721407,3.57745544721407,3.57745544721407,3.57745544721407,3.57745544721407,3.57745544721407,3.57745544721407,3.57745544721407,3.57745544721407,3.57745544721407,3.57745544721407,3.57745544721407,3.57745544721407,3.57745544721407,3.57745544721407,3.57745544721407,3.57745544721407,3.57745544721407,3.57745544721407,3.57745544721407,3.57745544721407,3.57745544721407,3.57745544721407,3.57745544721407,3.57745544721407,3.57745544721407,3.57745544721407,3.57745544721407,3.57745544721407,3.57745544721407,3.57745544721407,3.57745544721407,3.57745544721407,3.57745544721407,3.57745544721407,3.57745544721407,3.57745544721407,3.57745544721407,3.57745544721407,3.57745544721407,3.57745544721407,3.57745544721407,3.57745544721407,3.57745544721407,3.57745544721407,3.57745544721407,3.57745544721407,3.57745544721407,3.57745544721407,3.57745544721407,3.57745544721407,3.57745544721407,3.57745544721407,3.57745544721407,3.57745544721407,3.57745544721407,3.57745544721407,3.57745544721407,3.57745544721407,3.57745544721407,3.57745544721407,3.57745544721407,3.57745544721407,3.57745544721407,3.57745544721407,3.57745544721407,3.57745544721407,3.57745544721407,3.57745544721407,3.57745544721407,3.57745544721407,3.57745544721407,3.57745544721407,3.57745544721407,3.57745544721407,3.57745544721407,3.57745544721407,3.57745544721407,3.57745544721407,3.57745544721407,3.57745544721407,3.57745544721407,3.57745544721407,3.57745544721407,3.57745544721407,3.57745544721407,3.57745544721407,3.57745544721407,3.57745544721407,3.57745544721407,3.57745544721407,3.57745544721407,3.57745544721407,3.57745544721407,3.57745544721407,3.57745544721407,3.57745544721407,3.57745544721407,3.57745544721407,3.57745544721407,3.57745544721407,3.57745544721407,3.57745544721407,3.57745544721407,3.57745544721407,3.57745544721407,3.57745544721407,3.57745544721407,3.57745544721407,3.57745544721407,3.57745544721407,3.57745544721407,3.57745544721407,3.57745544721407,3.57745544721407,3.57745544721407,3.57745544721407,3.57745544721407,3.57745544721407,3.57745544721407,3.57745544721407,3.57745544721407,3.57745544721407,3.57745544721407,3.57745544721407,3.57745544721407,3.57745544721407,3.57745544721407,3.57745544721407,3.57745544721407,3.57745544721407,3.57745544721407,3.57745544721407,3.57745544721407,3.57745544721407,3.57745544721407,3.57745544721407,3.57745544721407,3.57745544721407,3.57745544721407,3.57745544721407,3.57745544721407,3.57745544721407,3.57745544721407,3.57745544721407,3.57745544721407,3.57745544721407,3.57745544721407,3.57745544721407,3.57745544721407,3.57745544721407,3.57745544721407,3.57745544721407,3.57745544721407,3.57745544721407,3.57745544721407,3.57745544721407,3.57745544721407,3.57745544721407,3.57745544721407,3.57745544721407,3.57745544721407,3.57745544721407,3.57745544721407,3.57745544721407,3.57745544721407,3.57745544721407,3.57745544721407,3.57745544721407,3.57745544721407,3.57745544721407,3.57745544721407,3.57745544721407,3.57745544721407,3.57745544721407,3.57745544721407,3.57745544721407,3.57745544721407,3.57745544721407,3.57745544721407,3.57745544721407,3.57745544721407,3.57745544721407,3.57745544721407,3.57745544721407,3.57745544721407,3.57745544721407,3.57745544721407,3.57745544721407,3.57745544721407,3.57745544721407,3.57745544721407,3.57745544721407,7.529561733601896,7.529561733601896,7.529561733601896,7.529561733601896,7.529561733601896,7.529561733601896,7.3101721724719955,7.3101721724719955,7.3101721724719955,7.3101721724719955,7.3101721724719955,7.3101721724719955,7.3101721724719955,7.3101721724719955,7.3101721724719955,7.3101721724719955,7.3101721724719955,7.3101721724719955,7.3101721724719955,7.3101721724719955,7.3101721724719955,7.3101721724719955,7.3101721724719955,7.3101721724719955,7.3101721724719955,7.3101721724719955,7.184580678039899,7.184580678039899,7.184580678039899,7.184580678039899,7.184580678039899,7.184580678039899,7.184580678039899,7.184580678039899,7.184580678039899,7.02242474415372,7.02242474415372,7.02242474415372,7.02242474415372,7.02242474415372,7.02242474415372,7.02242474415372,7.02242474415372,7.02242474415372,7.02242474415372,7.02242474415372,7.02242474415372,7.02242474415372,7.02242474415372,7.02242474415372,7.02242474415372,7.02242474415372,6.548032423755221,5.6188291938034824,5.6188291938034824,5.6188291938034824,5.6188291938034824,5.6188291938034824,5.6188291938034824,5.6188291938034824,5.6188291938034824,5.6188291938034824,5.6188291938034824,5.6188291938034824,5.6188291938034824,5.6188291938034824,5.6188291938034824,5.6188291938034824,5.6188291938034824,5.6188291938034824,5.6188291938034824,5.6188291938034824,5.6188291938034824,5.6188291938034824,5.6188291938034824,5.6188291938034824,5.6188291938034824,5.6188291938034824,5.6188291938034824,5.6188291938034824,5.6188291938034824,5.6188291938034824,5.6188291938034824,5.6188291938034824,5.6188291938034824,5.6188291938034824,5.6188291938034824,5.6188291938034824,5.6188291938034824,5.6188291938034824,5.6188291938034824,5.6188291938034824,5.6188291938034824,5.6188291938034824,5.6188291938034824,5.6188291938034824,5.6188291938034824,5.6188291938034824,5.6188291938034824,5.6188291938034824,5.6188291938034824,5.6188291938034824,5.6188291938034824,5.6188291938034824,5.6188291938034824,5.6188291938034824,5.6188291938034824,5.6188291938034824,5.6188291938034824,5.6188291938034824,5.6188291938034824,5.6188291938034824,5.6188291938034824,5.6188291938034824,5.6188291938034824,5.6188291938034824,5.6188291938034824,5.6188291938034824,5.6188291938034824,5.6188291938034824,5.6188291938034824,5.6188291938034824,5.6188291938034824,5.6188291938034824,5.6188291938034824,5.6188291938034824,5.6188291938034824,5.6188291938034824,5.6188291938034824,5.6188291938034824,5.6188291938034824,5.6188291938034824,5.6188291938034824,5.6188291938034824,5.6188291938034824,5.6188291938034824,5.6188291938034824,5.6188291938034824,5.6188291938034824,5.6188291938034824,5.6188291938034824,5.6188291938034824,5.6188291938034824,5.6188291938034824,5.6188291938034824,5.6188291938034824,5.6188291938034824,5.6188291938034824,5.6188291938034824,5.6188291938034824,5.6188291938034824,5.6188291938034824,5.6188291938034824,5.6188291938034824,5.6188291938034824,5.6188291938034824,5.6188291938034824,5.6188291938034824,5.6188291938034824,5.6188291938034824,5.6188291938034824,5.6188291938034824,5.6188291938034824,5.6188291938034824,5.6188291938034824,5.6188291938034824,5.6188291938034824,5.6188291938034824,5.6188291938034824,5.6188291938034824,5.6188291938034824,5.6188291938034824,5.6188291938034824,5.6188291938034824,5.6188291938034824,5.6188291938034824,5.6188291938034824,5.6188291938034824,5.6188291938034824,5.6188291938034824,5.6188291938034824,5.6188291938034824,5.6188291938034824,5.6188291938034824,5.6188291938034824,5.6188291938034824,5.6188291938034824,5.6188291938034824,5.6188291938034824,5.6188291938034824,5.6188291938034824,5.6188291938034824,5.6188291938034824,5.6188291938034824,5.6188291938034824,5.6188291938034824,5.6188291938034824,5.6188291938034824,5.6188291938034824,5.6188291938034824,5.6188291938034824,5.6188291938034824,5.6188291938034824,5.6188291938034824,5.6188291938034824,5.6188291938034824,5.6188291938034824,5.6188291938034824,5.6188291938034824,5.6188291938034824,5.6188291938034824,5.6188291938034824,5.6188291938034824,5.6188291938034824,5.6188291938034824,5.6188291938034824,5.6188291938034824,5.6188291938034824,5.6188291938034824,5.6188291938034824,5.6188291938034824,5.6188291938034824,5.6188291938034824,5.6188291938034824,5.6188291938034824,5.6188291938034824,5.6188291938034824,5.6188291938034824,5.6188291938034824,5.6188291938034824,5.6188291938034824,5.6188291938034824,5.6188291938034824,5.6188291938034824,5.6188291938034824,5.6188291938034824,5.6188291938034824,5.6188291938034824,5.6188291938034824,5.6188291938034824,5.6188291938034824,5.6188291938034824,5.6188291938034824,5.6188291938034824,5.6188291938034824,5.6188291938034824,5.6188291938034824,5.6188291938034824,5.6188291938034824,5.6188291938034824,5.6188291938034824,5.6188291938034824,5.6188291938034824,5.6188291938034824,5.6188291938034824,5.6188291938034824,5.6188291938034824,5.6188291938034824,5.6188291938034824,5.6188291938034824,5.6188291938034824,5.6188291938034824,5.6188291938034824,5.6188291938034824,5.6188291938034824,5.6188291938034824,5.6188291938034824,5.6188291938034824,5.6188291938034824,5.6188291938034824,5.6188291938034824,5.6188291938034824,5.6188291938034824,5.6188291938034824,5.6188291938034824,5.6188291938034824,5.6188291938034824,5.6188291938034824,5.6188291938034824,5.6188291938034824,5.6188291938034824,5.6188291938034824,5.6188291938034824,5.6188291938034824,5.6188291938034824,5.6188291938034824,5.6188291938034824,5.6188291938034824,5.6188291938034824,5.6188291938034824,5.6188291938034824,5.6188291938034824,5.6188291938034824,5.6188291938034824,5.6188291938034824,5.6188291938034824,5.6188291938034824,5.6188291938034824,5.6188291938034824,5.6188291938034824,5.243998032860427,5.243998032860427,5.243998032860427,5.243998032860427,5.243998032860427,5.243998032860427,5.243998032860427,5.243998032860427,5.243998032860427,5.243998032860427,5.243998032860427,5.243998032860427,5.243998032860427,5.243998032860427,5.243998032860427,5.243998032860427,5.243998032860427,5.243998032860427,5.243998032860427,5.243998032860427,5.243998032860427,5.243998032860427,5.243998032860427,5.243998032860427,5.243998032860427,5.243998032860427,5.243998032860427,5.243998032860427,5.243998032860427,5.243998032860427,5.243998032860427,5.243998032860427,5.243998032860427,5.243998032860427,5.243998032860427,5.243998032860427,5.243998032860427,5.243998032860427,5.243998032860427,5.243998032860427,5.243998032860427,5.243998032860427,5.243998032860427,5.243998032860427,5.243998032860427,5.243998032860427,5.243998032860427,5.243998032860427,5.243998032860427,5.243998032860427,5.243998032860427,5.243998032860427,5.243998032860427,5.243998032860427,5.243998032860427,5.243998032860427,5.243998032860427,5.243998032860427,5.243998032860427,5.243998032860427,5.243998032860427,5.243998032860427,5.243998032860427,5.243998032860427,5.243998032860427,5.243998032860427,5.243998032860427,5.243998032860427,5.243998032860427,5.243998032860427,5.243998032860427,5.243998032860427,5.243998032860427,5.243998032860427,5.243998032860427,5.243998032860427,5.243998032860427,5.243998032860427,5.243998032860427,5.243998032860427,5.243998032860427,5.243998032860427,5.243998032860427,5.243998032860427,5.243998032860427,5.243998032860427,5.243998032860427,5.243998032860427,5.243998032860427,5.243998032860427,5.243998032860427,5.243998032860427,5.243998032860427,5.243998032860427,5.243998032860427,5.243998032860427,5.243998032860427,5.243998032860427,5.243998032860427,5.243998032860427,5.243998032860427,5.243998032860427,5.243998032860427,5.243998032860427,5.243998032860427,5.243998032860427,5.243998032860427,5.243998032860427,5.243998032860427,5.243998032860427,5.243998032860427,5.243998032860427,5.243998032860427,5.243998032860427,5.243998032860427,5.243998032860427,5.243998032860427,5.243998032860427,5.243998032860427,5.243998032860427,5.243998032860427,5.243998032860427,5.243998032860427,5.243998032860427,5.243998032860427,5.243998032860427,5.243998032860427,5.243998032860427,5.243998032860427,5.243998032860427,5.243998032860427,5.243998032860427,5.243998032860427,5.243998032860427,5.243998032860427,5.243998032860427,5.243998032860427,5.243998032860427,5.243998032860427,5.243998032860427,5.243998032860427,5.243998032860427,5.243998032860427,5.243998032860427,5.243998032860427,5.243998032860427,5.243998032860427,5.243998032860427,5.243998032860427,5.243998032860427,5.243998032860427,5.243998032860427,5.243998032860427,5.243998032860427,5.243998032860427,5.243998032860427,5.243998032860427,5.243998032860427,5.243998032860427,5.243998032860427,5.243998032860427,5.243998032860427,5.243998032860427,5.243998032860427,5.243998032860427,5.243998032860427,5.243998032860427,5.243998032860427,5.243998032860427,5.243998032860427,5.243998032860427,5.243998032860427,5.243998032860427,5.243998032860427,5.243998032860427,5.243998032860427,5.243998032860427,5.243998032860427,5.243998032860427,5.243998032860427,5.243998032860427,5.243998032860427,5.243998032860427,5.243998032860427,5.243998032860427,5.243998032860427,5.243998032860427,5.243998032860427,5.243998032860427,5.243998032860427,5.243998032860427,5.243998032860427,5.243998032860427,5.243998032860427,5.243998032860427,5.243998032860427,5.243998032860427,5.243998032860427,5.243998032860427,5.243998032860427,5.243998032860427,5.243998032860427,5.243998032860427,5.243998032860427,5.243998032860427,5.243998032860427,5.243998032860427,5.0924581303923,5.0924581303923,4.649280529237699,4.649280529237699,4.649280529237699,4.649280529237699,4.649280529237699,4.649280529237699,4.649280529237699,4.649280529237699,4.649280529237699,4.649280529237699,4.649280529237699,4.649280529237699,4.649280529237699,4.649280529237699,4.649280529237699,4.649280529237699,4.649280529237699,4.649280529237699,4.649280529237699,4.649280529237699,4.649280529237699,4.649280529237699,4.649280529237699,4.649280529237699,4.649280529237699,4.649280529237699,4.649280529237699,4.649280529237699,4.649280529237699,4.649280529237699,4.649280529237699,4.649280529237699,4.649280529237699,4.649280529237699,4.649280529237699,4.649280529237699,4.649280529237699,4.649280529237699,4.649280529237699,4.649280529237699,4.649280529237699,4.649280529237699,4.649280529237699,4.649280529237699,4.649280529237699,4.649280529237699,4.649280529237699,4.649280529237699,4.649280529237699,4.649280529237699,4.649280529237699,4.649280529237699,4.649280529237699,4.649280529237699,4.649280529237699,4.649280529237699,4.649280529237699,4.649280529237699,4.649280529237699,4.649280529237699,4.649280529237699,4.649280529237699,4.649280529237699,4.649280529237699,4.649280529237699,4.649280529237699,4.649280529237699,4.649280529237699,4.649280529237699,4.649280529237699,4.649280529237699,4.649280529237699,4.649280529237699,4.649280529237699,4.649280529237699,4.649280529237699,4.649280529237699,4.649280529237699,4.649280529237699,4.649280529237699,4.649280529237699,4.649280529237699,4.649280529237699,4.649280529237699,4.649280529237699,4.649280529237699,4.649280529237699,4.649280529237699,4.649280529237699,4.649280529237699,4.649280529237699,4.649280529237699,4.649280529237699,4.649280529237699,4.649280529237699,4.649280529237699,4.649280529237699,4.649280529237699,4.649280529237699,4.649280529237699,4.649280529237699,4.649280529237699,4.649280529237699,4.649280529237699,4.649280529237699,4.649280529237699,4.649280529237699,4.649280529237699,4.649280529237699,4.649280529237699,4.649280529237699,4.649280529237699,4.649280529237699,4.649280529237699,4.649280529237699,4.649280529237699,4.649280529237699,4.649280529237699,4.649280529237699,4.649280529237699,4.649280529237699,4.649280529237699,4.649280529237699,4.649280529237699,4.649280529237699,4.649280529237699,4.649280529237699,4.649280529237699,4.649280529237699,4.649280529237699,4.649280529237699,4.649280529237699,4.649280529237699,4.649280529237699,4.649280529237699,4.649280529237699,4.649280529237699,4.649280529237699,4.649280529237699,4.649280529237699,4.649280529237699,4.649280529237699,4.649280529237699,4.649280529237699,4.649280529237699,4.649280529237699,4.649280529237699,4.649280529237699,4.649280529237699,4.649280529237699,4.649280529237699,4.649280529237699,4.649280529237699,4.649280529237699,4.649280529237699,4.649280529237699,4.649280529237699,4.649280529237699,4.649280529237699,4.649280529237699,4.649280529237699,4.649280529237699,4.649280529237699,4.649280529237699,4.649280529237699,4.649280529237699,4.649280529237699,4.649280529237699,4.649280529237699,4.649280529237699,4.649280529237699,4.649280529237699,4.649280529237699,4.649280529237699,4.649280529237699,4.649280529237699,4.649280529237699,4.649280529237699,4.649280529237699,4.649280529237699,4.649280529237699,4.649280529237699,4.649280529237699,4.649280529237699,4.649280529237699,4.649280529237699,4.649280529237699,4.649280529237699,4.649280529237699,4.649280529237699,4.649280529237699,4.649280529237699,4.649280529237699,4.649280529237699,4.649280529237699,4.649280529237699,4.649280529237699,4.649280529237699,4.649280529237699,4.649280529237699,4.649280529237699,4.649280529237699,4.649280529237699,4.649280529237699,4.649280529237699,4.649280529237699,4.649280529237699,4.649280529237699,4.649280529237699,4.649280529237699,4.649280529237699,4.649280529237699,4.649280529237699,4.649280529237699,4.649280529237699,4.649280529237699,4.649280529237699,4.649280529237699,4.649280529237699,4.649280529237699,4.649280529237699,4.649280529237699,4.649280529237699,4.649280529237699,4.649280529237699,4.649280529237699,4.649280529237699,4.649280529237699,4.649280529237699,4.649280529237699,4.649280529237699,4.649280529237699,4.649280529237699,4.649280529237699,4.649280529237699,4.649280529237699,4.649280529237699,4.649280529237699,4.649280529237699,4.649280529237699,4.649280529237699,4.649280529237699,4.649280529237699,4.649280529237699,4.649280529237699,4.649280529237699,4.649280529237699,4.649280529237699,4.649280529237699,4.649280529237699,4.649280529237699,4.649280529237699,4.649280529237699,4.649280529237699,4.649280529237699,4.649280529237699,4.649280529237699,4.649280529237699,4.649280529237699,4.649280529237699,4.649280529237699,4.649280529237699,4.649280529237699,4.649280529237699,4.649280529237699,4.649280529237699,4.649280529237699,4.649280529237699,4.649280529237699,4.649280529237699,4.649280529237699,4.649280529237699,4.649280529237699,4.649280529237699,4.649280529237699,4.649280529237699,4.649280529237699,4.649280529237699,4.649280529237699,4.649280529237699,4.649280529237699,4.649280529237699,4.649280529237699,4.649280529237699,4.649280529237699,4.649280529237699,4.649280529237699,4.649280529237699,4.649280529237699,4.649280529237699,4.649280529237699,4.649280529237699,4.649280529237699,4.649280529237699,4.649280529237699,4.649280529237699,4.649280529237699,4.649280529237699,4.649280529237699,4.649280529237699,4.649280529237699,4.649280529237699,4.649280529237699,4.649280529237699,4.649280529237699,4.649280529237699,4.649280529237699,4.649280529237699,4.649280529237699,4.649280529237699,4.649280529237699,4.649280529237699,4.649280529237699,4.649280529237699,4.649280529237699,4.649280529237699,4.649280529237699,4.649280529237699,4.649280529237699,4.649280529237699,4.649280529237699,4.649280529237699,4.649280529237699,4.649280529237699,4.649280529237699,4.649280529237699,4.649280529237699,4.649280529237699,4.649280529237699,4.649280529237699,4.649280529237699,4.649280529237699,4.649280529237699,4.649280529237699,4.649280529237699,4.649280529237699,4.649280529237699,4.649280529237699,4.649280529237699,4.649280529237699,4.649280529237699,4.649280529237699,4.649280529237699,4.649280529237699,4.649280529237699,4.649280529237699,4.649280529237699,4.649280529237699,4.649280529237699,4.649280529237699,4.649280529237699,4.649280529237699,4.649280529237699,4.649280529237699,4.649280529237699,4.649280529237699,4.649280529237699,4.649280529237699,4.649280529237699,4.649280529237699,4.649280529237699,4.649280529237699,4.649280529237699,4.649280529237699,4.649280529237699,4.649280529237699,4.649280529237699,4.649280529237699,4.649280529237699,4.649280529237699,4.649280529237699,4.649280529237699,4.649280529237699,4.649280529237699,4.649280529237699,4.649280529237699,4.649280529237699,4.649280529237699,4.649280529237699,4.649280529237699,4.649280529237699,4.649280529237699,4.649280529237699,4.649280529237699,4.649280529237699,4.649280529237699,4.649280529237699,4.649280529237699,4.649280529237699,4.649280529237699,4.649280529237699,4.649280529237699,4.649280529237699,4.649280529237699,4.649280529237699,4.649280529237699,4.649280529237699,4.649280529237699,4.649280529237699,4.649280529237699,4.649280529237699,4.649280529237699,4.649280529237699,4.649280529237699,4.649280529237699,4.649280529237699,4.649280529237699,4.649280529237699,4.649280529237699,4.649280529237699,4.649280529237699,4.649280529237699,4.649280529237699,4.649280529237699,4.649280529237699,4.649280529237699,4.649280529237699,4.649280529237699,4.649280529237699,4.649280529237699,4.649280529237699,4.649280529237699,4.649280529237699,4.649280529237699,4.649280529237699,4.649280529237699,4.649280529237699,4.649280529237699,4.649280529237699,4.649280529237699,4.649280529237699,4.649280529237699,4.649280529237699,4.649280529237699,4.649280529237699,4.649280529237699,4.649280529237699,4.649280529237699,4.649280529237699,4.649280529237699,4.649280529237699,4.649280529237699,4.649280529237699,4.649280529237699,4.649280529237699,4.649280529237699,4.649280529237699,4.649280529237699,4.649280529237699,4.649280529237699,4.649280529237699,4.649280529237699,4.649280529237699,4.649280529237699,4.649280529237699,4.649280529237699,4.649280529237699,4.649280529237699,4.649280529237699,4.649280529237699,4.649280529237699,4.649280529237699,4.649280529237699,4.649280529237699,4.649280529237699,4.649280529237699,4.649280529237699,4.649280529237699,4.649280529237699,4.649280529237699,4.649280529237699,4.649280529237699,4.649280529237699,4.649280529237699,4.649280529237699,4.649280529237699,4.649280529237699,4.649280529237699,4.649280529237699,4.649280529237699,4.649280529237699,4.649280529237699,4.649280529237699,4.649280529237699,4.649280529237699,4.649280529237699,4.649280529237699,4.649280529237699,4.649280529237699,4.649280529237699,4.649280529237699,8.431894666886041,7.582232061855154,7.582232061855154,6.942966294195531,6.942966294195531,6.942966294195531,6.942966294195531,6.942966294195531,6.942966294195531,6.942966294195531,6.942966294195531,6.942966294195531,6.942966294195531,6.824390839411456,6.824390839411456,6.824390839411456,6.824390839411456,6.824390839411456,6.824390839411456,6.824390839411456,6.824390839411456,6.824390839411456,6.824390839411456,6.824390839411456,6.824390839411456,6.718615960742066,6.718615960742066,6.718615960742066,6.718615960742066,6.718615960742066,6.718615960742066,6.718615960742066,6.718615960742066,6.718615960742066,6.718615960742066,6.718615960742066,6.718615960742066,6.718615960742066,6.718615960742066,6.718615960742066,6.718615960742066,6.718615960742066,6.718615960742066,6.658438723701698,6.20294911730472,5.707737095929159,5.707737095929159,5.5662222215548764,5.5662222215548764,5.5662222215548764,5.5662222215548764,5.367089374305795,5.367089374305795,5.367089374305795,5.367089374305795,5.367089374305795,5.367089374305795,5.367089374305795,5.367089374305795,5.367089374305795,5.367089374305795,5.367089374305795,5.367089374305795,5.367089374305795,5.367089374305795,5.367089374305795,5.367089374305795,5.367089374305795,5.367089374305795,5.367089374305795,5.367089374305795,5.367089374305795,5.367089374305795,5.367089374305795,5.367089374305795,5.291040015078619,5.291040015078619,5.291040015078619,5.198904752996197,5.198904752996197,5.198904752996197,5.198904752996197,5.198904752996197,5.198904752996197,5.198904752996197,5.198904752996197,5.198904752996197,5.198904752996197,5.198904752996197,5.198904752996197,5.198904752996197,5.198904752996197,5.198904752996197,5.198904752996197,5.198904752996197,5.198904752996197,5.198904752996197,5.198904752996197,5.198904752996197,5.198904752996197,5.198904752996197,5.198904752996197,5.198904752996197,5.198904752996197,5.198904752996197,5.198904752996197,5.198904752996197,5.198904752996197,5.198904752996197,5.198904752996197,5.198904752996197,5.198904752996197,5.198904752996197,5.198904752996197,5.198904752996197,5.198904752996197,5.198904752996197,5.198904752996197,5.198904752996197,5.198904752996197,5.198904752996197,5.198904752996197,5.198904752996197,5.198904752996197,5.198904752996197,5.198904752996197,5.198904752996197,5.198904752996197,5.198904752996197,5.198904752996197,5.198904752996197,5.198904752996197,5.198904752996197,5.198904752996197,5.198904752996197,5.198904752996197,5.198904752996197,5.198904752996197,5.198904752996197,5.198904752996197,5.198904752996197,5.198904752996197,5.198904752996197,5.198904752996197,5.198904752996197,5.198904752996197,5.198904752996197,5.198904752996197,5.198904752996197,5.198904752996197,5.198904752996197,5.198904752996197,5.198904752996197,5.198904752996197,5.198904752996197,5.198904752996197,5.198904752996197,5.198904752996197,5.198904752996197,5.198904752996197,5.198904752996197,5.198904752996197,5.198904752996197,5.198904752996197,5.198904752996197,5.198904752996197,5.198904752996197,5.198904752996197,5.198904752996197,5.198904752996197,5.198904752996197,5.198904752996197,5.198904752996197,5.198904752996197,5.198904752996197,5.198904752996197,5.198904752996197,5.198904752996197,5.198904752996197,5.198904752996197,5.198904752996197,5.198904752996197,5.198904752996197,5.198904752996197,5.198904752996197,5.198904752996197,5.198904752996197,5.198904752996197,5.198904752996197,5.198904752996197,5.198904752996197,5.198904752996197,5.198904752996197,5.198904752996197,5.198904752996197,5.198904752996197,5.198904752996197,5.198904752996197,5.198904752996197,5.198904752996197,5.198904752996197,5.198904752996197,5.198904752996197,5.002302970212452,5.002302970212452,5.002302970212452,5.002302970212452,5.002302970212452,5.002302970212452,5.002302970212452,5.002302970212452,5.002302970212452,5.002302970212452,5.002302970212452,5.002302970212452,5.002302970212452,5.002302970212452,5.002302970212452,5.002302970212452,5.002302970212452,5.002302970212452,5.002302970212452,5.002302970212452,5.002302970212452,5.002302970212452,5.002302970212452,5.002302970212452,5.002302970212452,5.002302970212452,5.002302970212452,5.002302970212452,5.002302970212452,5.002302970212452,5.002302970212452,5.002302970212452,5.002302970212452,5.002302970212452,5.002302970212452,5.002302970212452,5.002302970212452,5.002302970212452,5.002302970212452,5.002302970212452,5.002302970212452,5.002302970212452,5.002302970212452,5.002302970212452,5.002302970212452,5.002302970212452,5.002302970212452,5.002302970212452,5.002302970212452,5.002302970212452,5.002302970212452,5.002302970212452,5.002302970212452,5.002302970212452,5.002302970212452,5.002302970212452,5.002302970212452,5.002302970212452,5.002302970212452,5.002302970212452,5.002302970212452,5.002302970212452,5.002302970212452,5.002302970212452,5.002302970212452,5.002302970212452,5.002302970212452,5.002302970212452,5.002302970212452,5.002302970212452,5.002302970212452,5.002302970212452,5.002302970212452,5.002302970212452,5.002302970212452,5.002302970212452,5.002302970212452,5.002302970212452,5.002302970212452,5.002302970212452,5.002302970212452,5.002302970212452,5.002302970212452,5.002302970212452,5.002302970212452,5.002302970212452,5.002302970212452,5.002302970212452,5.002302970212452,5.002302970212452,5.002302970212452,5.002302970212452,5.002302970212452,5.002302970212452,5.002302970212452,5.002302970212452,5.002302970212452,5.002302970212452,5.002302970212452,5.002302970212452,5.002302970212452,5.002302970212452,5.002302970212452,5.002302970212452,5.002302970212452,5.002302970212452,5.002302970212452,5.002302970212452,5.002302970212452,5.002302970212452,5.002302970212452,5.002302970212452,5.002302970212452,5.002302970212452,5.002302970212452,5.002302970212452,5.002302970212452,5.002302970212452,5.002302970212452,5.002302970212452,5.002302970212452,5.002302970212452,5.002302970212452,5.002302970212452,5.002302970212452,5.002302970212452,5.002302970212452,5.002302970212452,5.002302970212452,5.002302970212452,5.002302970212452,5.002302970212452,5.002302970212452,5.002302970212452,5.002302970212452,5.002302970212452,5.002302970212452,5.002302970212452,5.002302970212452,5.002302970212452,5.002302970212452,5.002302970212452,5.002302970212452,5.002302970212452,5.002302970212452,5.002302970212452,5.002302970212452,5.002302970212452,5.002302970212452,5.002302970212452,5.002302970212452,5.002302970212452,5.002302970212452,5.002302970212452,5.002302970212452,5.002302970212452,5.002302970212452,5.002302970212452,5.002302970212452,5.002302970212452,5.002302970212452,5.002302970212452,5.002302970212452,5.002302970212452,5.002302970212452,5.002302970212452,5.002302970212452,5.002302970212452,5.002302970212452,5.002302970212452,5.002302970212452,5.002302970212452,5.002302970212452,5.002302970212452,5.002302970212452,5.002302970212452,5.002302970212452,5.002302970212452,5.002302970212452,5.002302970212452,5.002302970212452,5.002302970212452,5.002302970212452,5.002302970212452,5.002302970212452,5.002302970212452,5.002302970212452,5.002302970212452,5.002302970212452,5.002302970212452,5.002302970212452,5.002302970212452,5.002302970212452,5.002302970212452,5.002302970212452,5.002302970212452,5.002302970212452,5.002302970212452,5.002302970212452,5.002302970212452,5.002302970212452,5.002302970212452,5.002302970212452,5.002302970212452,5.002302970212452,5.002302970212452,5.002302970212452,5.002302970212452,5.002302970212452,5.002302970212452,5.002302970212452,5.002302970212452,5.002302970212452,5.002302970212452,5.002302970212452,5.002302970212452,5.002302970212452,5.002302970212452,5.002302970212452,5.002302970212452,5.002302970212452,5.002302970212452,5.002302970212452,5.002302970212452,5.002302970212452,5.002302970212452,5.002302970212452,5.001776118248351,5.001776118248351,5.001776118248351,5.001776118248351,5.001776118248351,5.001776118248351,5.001776118248351,5.001776118248351,5.001776118248351,5.001776118248351,5.001776118248351,5.001776118248351,5.001776118248351,5.001776118248351,5.001776118248351,5.001776118248351,5.001776118248351,4.882735939106441,4.882735939106441,4.882735939106441,4.882735939106441,4.882735939106441,4.882735939106441,4.882735939106441,4.882735939106441,4.882735939106441,4.882735939106441,4.882735939106441,4.882735939106441,4.882735939106441,4.882735939106441,4.882735939106441,4.882735939106441,4.882735939106441,4.882735939106441,4.882735939106441,4.882735939106441,4.882735939106441,4.882735939106441,4.882735939106441,4.882735939106441,4.882735939106441,4.882735939106441,4.882735939106441,4.882735939106441,4.882735939106441,4.882735939106441,4.882735939106441,4.882735939106441,4.882735939106441,4.363470072080387,4.363470072080387,4.363470072080387,4.363470072080387,4.363470072080387,4.363470072080387,4.363470072080387,4.363470072080387,4.363470072080387,4.363470072080387,4.363470072080387,4.363470072080387,4.363470072080387,4.363470072080387,4.363470072080387,4.363470072080387,4.363470072080387,4.363470072080387,4.363470072080387,4.363470072080387,4.363470072080387,4.363470072080387,4.363470072080387,4.363470072080387,4.363470072080387,4.363470072080387,4.363470072080387,4.363470072080387,4.363470072080387,4.363470072080387,4.363470072080387,4.363470072080387,4.363470072080387,4.363470072080387,4.363470072080387,4.363470072080387,4.363470072080387,4.363470072080387,4.363470072080387,4.363470072080387,4.363470072080387,4.363470072080387,4.363470072080387,4.363470072080387,4.363470072080387,4.363470072080387,4.363470072080387,4.363470072080387,4.363470072080387,4.363470072080387,4.363470072080387,4.363470072080387,4.363470072080387,4.363470072080387,4.363470072080387,4.363470072080387,4.363470072080387,4.363470072080387,4.363470072080387,4.363470072080387,4.363470072080387,4.363470072080387,4.363470072080387,4.363470072080387,4.363470072080387,4.363470072080387,4.363470072080387,4.363470072080387,4.363470072080387,4.363470072080387,4.363470072080387,4.363470072080387,4.363470072080387,4.363470072080387,4.363470072080387,4.363470072080387,4.363470072080387,4.363470072080387,4.363470072080387,4.363470072080387,4.363470072080387,4.363470072080387,4.363470072080387,4.363470072080387,4.363470072080387,4.363470072080387,4.363470072080387,4.363470072080387,4.363470072080387,4.363470072080387,4.363470072080387,4.363470072080387,4.363470072080387,4.363470072080387,4.363470072080387,4.363470072080387,4.363470072080387,4.363470072080387,4.363470072080387,4.363470072080387,4.363470072080387,4.363470072080387,4.363470072080387,4.363470072080387,4.363470072080387,4.363470072080387,4.363470072080387,4.363470072080387,4.363470072080387,4.363470072080387,4.363470072080387,4.363470072080387,4.363470072080387,4.363470072080387,4.363470072080387,4.363470072080387,4.363470072080387,4.363470072080387,4.363470072080387,4.363470072080387,4.363470072080387,4.363470072080387,4.363470072080387,4.363470072080387,4.363470072080387,4.363470072080387,4.363470072080387,4.363470072080387,4.363470072080387,4.363470072080387,4.363470072080387,4.363470072080387,4.363470072080387,4.363470072080387,4.363470072080387,4.363470072080387,4.363470072080387,4.363470072080387,4.363470072080387,4.363470072080387,4.363470072080387,4.363470072080387,4.363470072080387,4.363470072080387,4.363470072080387,4.363470072080387,4.363470072080387,4.363470072080387,4.363470072080387,4.363470072080387,4.363470072080387,4.363470072080387,4.363470072080387,4.363470072080387,4.363470072080387,4.363470072080387,4.363470072080387,4.363470072080387,4.363470072080387,4.363470072080387,4.363470072080387,4.363470072080387,4.363470072080387,4.363470072080387,4.363470072080387,4.363470072080387,2.7879012992288406,2.7879012992288406,2.7879012992288406,2.7879012992288406,2.7879012992288406,2.7879012992288406,2.7879012992288406,2.7879012992288406,2.7879012992288406,2.7879012992288406,2.7879012992288406,2.7879012992288406,2.7879012992288406,2.7879012992288406,2.7879012992288406,2.7879012992288406,2.7879012992288406,2.7879012992288406,2.7879012992288406,2.7879012992288406,2.7879012992288406,2.7879012992288406,2.7879012992288406,2.7879012992288406,2.7879012992288406,2.7879012992288406,2.7879012992288406,2.7879012992288406,2.7879012992288406,2.7879012992288406,2.7879012992288406,2.7879012992288406,2.7879012992288406,2.7879012992288406,2.7879012992288406,2.7879012992288406,2.7879012992288406,2.7879012992288406,2.7879012992288406,2.7879012992288406,2.7879012992288406,2.7879012992288406,2.7879012992288406,2.7879012992288406,2.7879012992288406,2.7879012992288406,2.7879012992288406,2.7879012992288406,2.7879012992288406,2.7879012992288406,2.7879012992288406,2.7879012992288406,2.7879012992288406,2.7879012992288406,2.7879012992288406,2.7879012992288406,2.7879012992288406,2.7879012992288406,2.7879012992288406,2.7879012992288406,2.7879012992288406,2.7879012992288406,2.7879012992288406,2.7879012992288406,2.7879012992288406,2.7879012992288406,2.7879012992288406,2.7879012992288406,2.7879012992288406,2.7879012992288406,2.7879012992288406,2.7879012992288406,2.7879012992288406,2.7879012992288406,2.7879012992288406,2.7879012992288406,2.7879012992288406,2.7879012992288406,2.7879012992288406,2.7879012992288406,2.7879012992288406,2.7879012992288406,2.7879012992288406,2.7879012992288406,2.7879012992288406,2.7879012992288406,2.7879012992288406,2.7879012992288406,2.7879012992288406,2.7879012992288406,2.7879012992288406,2.7879012992288406,2.7879012992288406,2.7879012992288406,2.7879012992288406,2.7879012992288406,2.7879012992288406,2.7879012992288406,2.7879012992288406,2.7879012992288406,2.7879012992288406,2.7879012992288406,2.7879012992288406,2.7879012992288406,2.7879012992288406,2.7879012992288406,2.7879012992288406,2.7879012992288406,2.7879012992288406,2.7879012992288406,2.7879012992288406,2.7879012992288406,2.7879012992288406,2.7879012992288406,2.7879012992288406,2.7879012992288406,2.7879012992288406,2.7879012992288406,2.7879012992288406,2.7879012992288406,2.7879012992288406,2.7879012992288406,2.7879012992288406,2.7879012992288406,2.7879012992288406,2.7879012992288406,2.7879012992288406,2.7879012992288406,2.7879012992288406,2.7879012992288406,2.7879012992288406,2.7879012992288406,2.7879012992288406,2.7879012992288406,2.7879012992288406,2.7879012992288406,2.7879012992288406,2.7879012992288406,2.7879012992288406,2.7879012992288406,2.7879012992288406,2.7879012992288406,2.7879012992288406,2.7879012992288406,2.7879012992288406,2.7879012992288406,2.7879012992288406,2.7879012992288406,2.7879012992288406,2.7879012992288406,2.7879012992288406,2.7879012992288406,2.7879012992288406,2.7879012992288406,2.7879012992288406,2.7879012992288406,2.7879012992288406,2.7879012992288406,2.7879012992288406,2.7879012992288406,2.7879012992288406,2.7879012992288406,2.7879012992288406,2.7879012992288406,2.7879012992288406,2.7879012992288406,2.7879012992288406,2.7879012992288406,2.7879012992288406,2.7879012992288406,2.7879012992288406,2.7879012992288406,2.7879012992288406,2.7879012992288406,2.7879012992288406,2.7879012992288406,2.7879012992288406,2.7879012992288406,2.7879012992288406,2.7879012992288406,2.7879012992288406,2.7879012992288406,2.7879012992288406,2.7879012992288406,2.7879012992288406,2.7879012992288406,2.7879012992288406,2.7879012992288406,2.7879012992288406,2.7879012992288406,2.7879012992288406,2.7879012992288406,2.7879012992288406,2.7879012992288406,2.7879012992288406,2.7879012992288406,2.7879012992288406,2.7879012992288406,2.7879012992288406,2.7879012992288406,2.7879012992288406,2.7879012992288406,2.7879012992288406,2.7879012992288406,2.7879012992288406,2.7879012992288406,2.7879012992288406,2.7879012992288406,2.5831739836747074,2.5831739836747074,2.5831739836747074,2.5831739836747074,2.5831739836747074,2.5831739836747074,2.5831739836747074,2.5831739836747074,2.5831739836747074,2.5831739836747074,2.5831739836747074,2.5831739836747074,2.5831739836747074,2.5831739836747074,2.5831739836747074,2.5831739836747074,2.5831739836747074,2.5831739836747074,2.5831739836747074,2.5831739836747074,2.5831739836747074,2.5831739836747074,2.5831739836747074,2.5831739836747074,2.5831739836747074,2.5831739836747074,2.5831739836747074,2.5831739836747074,2.5831739836747074,2.5831739836747074,2.5831739836747074,2.5831739836747074,2.5831739836747074,2.5831739836747074,2.5831739836747074,2.5831739836747074,2.5831739836747074,2.5831739836747074,2.5831739836747074,2.5831739836747074,2.5831739836747074,2.5831739836747074,2.5831739836747074,2.5831739836747074,2.5831739836747074,2.5831739836747074,2.5831739836747074,2.5831739836747074,2.5831739836747074,2.5831739836747074,2.5831739836747074,2.5831739836747074,2.5831739836747074,2.5831739836747074,2.5831739836747074,2.5831739836747074,2.5831739836747074,2.5831739836747074,2.5831739836747074,2.5831739836747074,2.5831739836747074,2.5831739836747074,2.5831739836747074,2.5831739836747074,2.5831739836747074,2.5831739836747074,2.5831739836747074,2.5831739836747074,2.5831739836747074,2.5831739836747074,2.5831739836747074,2.5831739836747074,2.5831739836747074,2.5831739836747074,2.5831739836747074,2.5831739836747074,2.5831739836747074,2.5831739836747074,2.5831739836747074,2.5831739836747074,2.5831739836747074,2.5831739836747074,2.5831739836747074,2.5831739836747074,2.5831739836747074,2.5831739836747074,2.5831739836747074,2.5831739836747074,2.5831739836747074,2.5831739836747074,2.5831739836747074,2.5831739836747074,2.5831739836747074,2.5831739836747074,2.5831739836747074,2.5831739836747074,2.5831739836747074,2.5831739836747074,2.5831739836747074,2.5831739836747074,2.5831739836747074,2.5831739836747074,2.5831739836747074,2.5831739836747074,2.5831739836747074,2.5831739836747074,2.5831739836747074,2.5831739836747074,2.5831739836747074,2.5831739836747074,2.5831739836747074,2.5831739836747074,2.5831739836747074,2.5831739836747074,2.5831739836747074,2.5831739836747074,2.5831739836747074,2.5831739836747074,2.5831739836747074,2.5831739836747074,2.5831739836747074,2.5831739836747074,2.5831739836747074,2.5831739836747074,2.5831739836747074,2.5831739836747074,2.5831739836747074,2.5831739836747074,2.5831739836747074,2.5831739836747074,2.5831739836747074,2.5831739836747074,2.5831739836747074,2.5831739836747074,2.5831739836747074,2.5831739836747074,2.5831739836747074,2.5831739836747074,2.5831739836747074,2.5831739836747074,2.5831739836747074,2.5831739836747074,2.5831739836747074,2.5831739836747074,2.5831739836747074,2.5831739836747074,7.510419687474359,7.510419687474359,7.510419687474359,7.510419687474359,7.510419687474359,7.510419687474359,7.510419687474359,7.176949435004717,7.176949435004717,7.176949435004717,7.176949435004717,7.176949435004717,6.983957963151084,6.983957963151084,6.983957963151084,6.983957963151084,6.983957963151084,6.983957963151084,6.983957963151084,6.983957963151084,6.983957963151084,6.78909509134838,6.78909509134838,6.78909509134838,6.78909509134838,6.78909509134838,6.78909509134838,6.78909509134838,6.78909509134838,6.78909509134838,6.78909509134838,6.78909509134838,6.78909509134838,6.78909509134838,6.78909509134838,6.78909509134838,6.78909509134838,6.78909509134838,6.78909509134838,6.78909509134838,6.78909509134838,6.7199300614952735,6.684515337078936,6.684515337078936,6.684515337078936,6.684515337078936,6.684515337078936,6.684515337078936,6.684515337078936,6.684515337078936,6.684515337078936,6.684515337078936,6.684515337078936,6.684515337078936,6.684515337078936,6.684515337078936,6.684515337078936,6.684515337078936,6.684515337078936,6.684515337078936,6.684515337078936,6.684515337078936,6.684515337078936,6.684515337078936,6.684515337078936,6.684515337078936,6.684515337078936,6.684515337078936,6.684515337078936,6.684515337078936,6.684515337078936,6.684515337078936,6.4137922051106075,6.4137922051106075,6.4137922051106075,6.4137922051106075,6.4137922051106075,6.4137922051106075,6.4137922051106075,6.394795551600727,6.394795551600727,6.394795551600727,6.394795551600727,6.394795551600727,6.309613602798591,6.309613602798591,6.309613602798591,6.309613602798591,6.309613602798591,6.309613602798591,6.309613602798591,6.309613602798591,6.309613602798591,6.1974876936760275,6.122056162289468,6.122056162289468,6.122056162289468,6.122056162289468,6.122056162289468,6.122056162289468,6.122056162289468,6.122056162289468,6.122056162289468,6.122056162289468,6.122056162289468,5.8688268283636225,5.8688268283636225,5.8688268283636225,5.8688268283636225,5.8688268283636225,5.8688268283636225,5.8688268283636225,5.8688268283636225,5.8688268283636225,5.713818774338944,5.713818774338944,5.713818774338944,5.713818774338944,5.713818774338944,5.713818774338944,5.713818774338944,5.713818774338944,5.713818774338944,5.713818774338944,5.713818774338944,5.713818774338944,5.713818774338944,5.713818774338944,5.713818774338944,5.713818774338944,5.713818774338944,5.713818774338944,5.713818774338944,5.713818774338944,5.713818774338944,5.713818774338944,5.713818774338944,5.713818774338944,5.713818774338944,5.713818774338944,5.713818774338944,5.713818774338944,5.713818774338944,5.713818774338944,5.713818774338944,5.713818774338944,5.713818774338944,5.713818774338944,5.713818774338944,5.713818774338944,5.713818774338944,5.713818774338944,5.713818774338944,5.713818774338944,5.713818774338944,5.713818774338944,5.713818774338944,5.713818774338944,5.713818774338944,5.713818774338944,5.713818774338944,5.713818774338944,5.713818774338944,5.713818774338944,5.713818774338944,5.713818774338944,5.713818774338944,5.713818774338944,5.713818774338944,5.713818774338944,5.713818774338944,5.713818774338944,5.713818774338944,5.713818774338944,5.637860601748962,5.637860601748962,5.637860601748962,5.637860601748962,5.637860601748962,5.637860601748962,5.637860601748962,5.637860601748962,5.637860601748962,5.637860601748962,5.1411593270970375,5.1411593270970375,5.1411593270970375,5.1411593270970375,5.1411593270970375,5.1411593270970375,4.941973036543737,4.941973036543737,4.941973036543737,4.941973036543737,4.941973036543737,4.941973036543737,4.941973036543737,4.941973036543737,4.941973036543737,4.941973036543737,4.941973036543737,4.941973036543737,4.941973036543737,4.941973036543737,4.941973036543737,4.941973036543737,4.941973036543737,4.941973036543737,4.941973036543737,4.941973036543737,4.941973036543737,4.941973036543737,4.941973036543737,4.941973036543737,4.941973036543737,4.941973036543737,4.941973036543737,4.941973036543737,4.941973036543737,4.941973036543737,4.941973036543737,4.941973036543737,4.941973036543737,4.941973036543737,4.941973036543737,4.941973036543737,4.941973036543737,4.941973036543737,4.941973036543737,4.941973036543737,4.941973036543737,4.941973036543737,4.941973036543737,4.941973036543737,4.941973036543737,4.941973036543737,4.941973036543737,4.941973036543737,4.941973036543737,4.941973036543737,4.941973036543737,4.941973036543737,4.941973036543737,4.941973036543737,4.941973036543737,4.941973036543737,4.941973036543737,4.941973036543737,4.941973036543737,4.941973036543737,4.941973036543737,4.941973036543737,4.941973036543737,4.941973036543737,4.941973036543737,4.941973036543737,4.941973036543737,4.941973036543737,4.941973036543737,4.941973036543737,4.941973036543737,4.941973036543737,4.941973036543737,4.941973036543737,4.941973036543737,4.941973036543737,4.941973036543737,4.941973036543737,4.941973036543737,4.941973036543737,4.941973036543737,4.941973036543737,4.941973036543737,4.941973036543737,4.941973036543737,4.941973036543737,4.941973036543737,4.941973036543737,4.941973036543737,4.941973036543737,4.941973036543737,4.941973036543737,4.941973036543737,4.941973036543737,4.941973036543737,4.941973036543737,4.941973036543737,4.941973036543737,4.941973036543737,4.941973036543737,4.941973036543737,4.941973036543737,4.941973036543737,4.941973036543737,4.941973036543737,4.941973036543737,4.941973036543737,4.941973036543737,4.941973036543737,4.941973036543737,4.941973036543737,4.941973036543737,4.941973036543737,4.941973036543737,4.941973036543737,4.941973036543737,4.941973036543737,4.941973036543737,4.941973036543737,4.941973036543737,4.941973036543737,4.941973036543737,4.941973036543737,4.941973036543737,4.941973036543737,4.941973036543737,4.941973036543737,4.941973036543737,4.941973036543737,4.941973036543737,4.941973036543737,4.941973036543737,4.941973036543737,4.941973036543737,4.941973036543737,4.941973036543737,4.941973036543737,4.941973036543737,4.941973036543737,4.941973036543737,4.941973036543737,4.941973036543737,4.941973036543737,4.941973036543737,4.941973036543737,4.941973036543737,4.941973036543737,4.941973036543737,4.941973036543737,4.941973036543737,4.941973036543737,4.941973036543737,4.941973036543737,4.941973036543737,4.941973036543737,4.941973036543737,4.941973036543737,4.941973036543737,4.941973036543737,4.941973036543737,4.941973036543737,4.941973036543737,4.941973036543737,4.941973036543737,4.941973036543737,4.941973036543737,4.941973036543737,4.941973036543737,4.941973036543737,4.941973036543737,4.941973036543737,4.941973036543737,4.941973036543737,4.941973036543737,4.941973036543737,4.941973036543737,4.287583064489982,4.287583064489982,4.287583064489982,4.287583064489982,4.287583064489982,4.287583064489982,4.287583064489982,4.287583064489982,4.287583064489982,4.287583064489982,4.287583064489982,4.287583064489982,4.287583064489982,4.287583064489982,4.287583064489982,4.287583064489982,4.287583064489982,4.287583064489982,4.287583064489982,4.287583064489982,4.287583064489982,4.287583064489982,4.287583064489982,4.287583064489982,4.287583064489982,4.287583064489982,4.287583064489982,4.287583064489982,4.287583064489982,4.287583064489982,4.287583064489982,4.287583064489982,4.287583064489982,4.287583064489982,4.287583064489982,4.287583064489982,4.287583064489982,4.287583064489982,4.287583064489982,4.287583064489982,4.287583064489982,4.287583064489982,4.268752437429873,4.268752437429873,4.268752437429873,4.268752437429873,4.268752437429873,4.268752437429873,4.268752437429873,4.268752437429873,4.268752437429873,4.268752437429873,4.268752437429873,4.268752437429873,4.268752437429873,4.268752437429873,4.268752437429873,4.268752437429873,4.268752437429873,4.268752437429873,4.268752437429873,4.268752437429873,4.268752437429873,4.268752437429873,4.268752437429873,4.268752437429873,4.268752437429873,4.268752437429873,4.268752437429873,4.268752437429873,4.268752437429873,4.268752437429873,4.268752437429873,4.268752437429873,4.268752437429873,4.268752437429873,4.261801171066138,4.261801171066138,4.261801171066138,4.261801171066138,4.261801171066138,4.261801171066138,4.261801171066138,4.261801171066138,4.261801171066138,4.261801171066138,4.261801171066138,4.261801171066138,4.261801171066138,4.261801171066138,4.261801171066138,4.261801171066138,4.261801171066138,4.261801171066138,4.261801171066138,4.261801171066138,4.261801171066138,4.261801171066138,4.261801171066138,4.261801171066138,4.261801171066138,4.261801171066138,4.261801171066138,4.261801171066138,4.261801171066138,4.261801171066138,4.261801171066138,4.261801171066138,4.261801171066138,4.261801171066138,4.261801171066138,4.261801171066138,4.261801171066138,4.261801171066138,4.261801171066138,4.261801171066138,4.261801171066138,4.261801171066138,4.261801171066138,4.261801171066138,4.261801171066138,4.261801171066138,4.261801171066138,4.261801171066138,4.261801171066138,4.261801171066138,4.261801171066138,4.261801171066138,4.261801171066138,4.261801171066138,4.261801171066138,4.261801171066138,4.261801171066138,4.261801171066138,4.261801171066138,4.261801171066138,4.261801171066138,4.261801171066138,4.261801171066138,4.261801171066138,4.261801171066138,4.261801171066138,4.261801171066138,4.261801171066138,4.261801171066138,4.261801171066138,4.261801171066138,4.261801171066138,4.261801171066138,4.261801171066138,4.261801171066138,4.261801171066138,4.261801171066138,4.261801171066138,4.261801171066138,4.261801171066138,4.261801171066138,4.261801171066138,4.261801171066138,4.261801171066138,4.261801171066138,4.261801171066138,4.261801171066138,4.261801171066138,4.261801171066138,4.261801171066138,4.261801171066138,4.261801171066138,4.261801171066138,4.261801171066138,4.261801171066138,4.261801171066138,4.261801171066138,4.261801171066138,4.261801171066138,4.261801171066138,4.261801171066138,4.261801171066138,4.261801171066138,4.261801171066138,4.261801171066138,4.261801171066138,4.261801171066138,4.261801171066138,4.261801171066138,4.261801171066138,4.261801171066138,4.261801171066138,4.261801171066138,4.261801171066138,4.261801171066138,4.261801171066138,4.261801171066138,4.261801171066138,4.247509549883847,4.247509549883847,4.244373684991621,4.244373684991621,4.244373684991621,4.244373684991621,4.244373684991621,4.244373684991621,4.244373684991621,4.244373684991621,4.244373684991621,4.244373684991621,4.244373684991621,4.244373684991621,4.244373684991621,4.244373684991621,4.244373684991621,4.244373684991621,4.244373684991621,4.244373684991621,4.244373684991621,4.244373684991621,4.244373684991621,4.244373684991621,4.244373684991621,4.244373684991621,4.244373684991621,4.244373684991621,4.244373684991621,4.244373684991621,4.244373684991621,4.244373684991621,4.244373684991621,4.244373684991621,4.244373684991621,4.244373684991621,4.244373684991621,4.244373684991621,4.244373684991621,4.244373684991621,4.244373684991621,4.244373684991621,4.244373684991621,4.244373684991621,4.244373684991621,4.244373684991621,4.244373684991621,4.244373684991621,4.244373684991621,4.244373684991621,4.244373684991621,4.244373684991621,4.244373684991621,4.244373684991621,4.244373684991621,4.244373684991621,4.244373684991621,4.244373684991621,4.244373684991621,4.244373684991621,4.244373684991621,4.244373684991621,4.244373684991621,4.244373684991621,4.244373684991621,4.244373684991621,4.244373684991621,4.244373684991621,4.244373684991621,4.244373684991621,4.244373684991621,4.244373684991621,4.244373684991621,4.244373684991621,4.244373684991621,4.244373684991621,4.244373684991621,4.244373684991621,4.244373684991621,4.244373684991621,4.244373684991621,4.244373684991621,4.244373684991621,4.244373684991621,4.244373684991621,4.244373684991621,4.244373684991621,4.244373684991621,4.244373684991621,4.244373684991621,4.244373684991621,4.244373684991621,4.244373684991621,4.244373684991621,4.244373684991621,4.244373684991621,4.244373684991621,4.244373684991621,4.244373684991621,4.244373684991621,4.244373684991621,4.244373684991621,4.244373684991621,4.244373684991621,4.244373684991621,4.244373684991621,4.244373684991621,4.244373684991621,4.244373684991621,4.244373684991621,4.244373684991621,4.244373684991621,4.244373684991621,4.244373684991621,4.244373684991621,4.244373684991621,4.244373684991621,4.244373684991621,4.244373684991621,4.244373684991621,4.244373684991621,4.244373684991621,4.244373684991621,4.244373684991621,4.244373684991621,4.244373684991621,4.244373684991621,4.244373684991621,4.244373684991621,4.244373684991621,4.244373684991621,4.244373684991621,4.244373684991621,4.244373684991621,4.244373684991621,4.244373684991621,4.244373684991621,4.244373684991621,4.244373684991621,4.244373684991621,4.244373684991621,4.244373684991621,4.244373684991621,4.244373684991621,4.244373684991621,4.244373684991621,4.244373684991621,4.244373684991621,4.244373684991621,4.244373684991621,4.244373684991621,4.244373684991621,4.244373684991621,4.244373684991621,4.244373684991621,4.244373684991621,4.244373684991621,4.244373684991621,4.244373684991621,4.244373684991621,4.244373684991621,4.244373684991621,4.244373684991621,4.244373684991621,4.244373684991621,4.244373684991621,4.244373684991621,4.244373684991621,1.7421143633287746,1.7421143633287746,1.7421143633287746,1.7421143633287746,1.7421143633287746,1.7421143633287746,1.7421143633287746,1.7421143633287746,1.7421143633287746,1.7421143633287746,1.7421143633287746,1.7421143633287746,1.7421143633287746,1.7421143633287746,1.7421143633287746,1.7421143633287746,1.7421143633287746,1.7421143633287746,1.7421143633287746,1.7421143633287746,1.7421143633287746,1.7421143633287746,1.7421143633287746,1.7421143633287746,1.7421143633287746,1.7421143633287746,1.7421143633287746,1.7421143633287746,1.7421143633287746,1.7421143633287746,1.7421143633287746,1.7421143633287746,1.7421143633287746,1.7421143633287746,1.7421143633287746,1.7421143633287746,1.7421143633287746,1.7421143633287746,1.7421143633287746,1.7421143633287746,1.7421143633287746,1.7421143633287746,1.7421143633287746,1.7421143633287746,1.7421143633287746,1.7421143633287746,1.7421143633287746,1.7421143633287746,1.7421143633287746,1.7421143633287746,1.7421143633287746,1.7421143633287746,1.7421143633287746,1.7421143633287746,1.7421143633287746,1.7421143633287746,1.7421143633287746,1.7421143633287746,1.7421143633287746,1.7421143633287746,1.7421143633287746,1.7421143633287746,1.7421143633287746,1.7421143633287746,1.7421143633287746,1.7421143633287746,1.7421143633287746,1.7421143633287746,1.7421143633287746,1.7421143633287746,1.7421143633287746,1.7421143633287746,1.7421143633287746,1.7421143633287746,1.7421143633287746,1.7421143633287746,1.7421143633287746,1.7421143633287746,1.7421143633287746,1.7421143633287746,1.7421143633287746,1.7421143633287746,1.7421143633287746,1.7421143633287746,1.7421143633287746,1.7421143633287746,1.7421143633287746,1.7421143633287746,1.7421143633287746,1.7421143633287746,1.7421143633287746,1.7421143633287746,1.7421143633287746,1.7421143633287746,1.7421143633287746,1.7421143633287746,1.7421143633287746,1.7421143633287746,1.7421143633287746,1.7421143633287746,1.7421143633287746,1.7421143633287746,1.7421143633287746,1.7421143633287746,1.7421143633287746,1.7421143633287746,1.7421143633287746,1.7421143633287746,1.7421143633287746,1.7421143633287746,1.7421143633287746,1.7421143633287746,1.7421143633287746,1.7421143633287746,1.7421143633287746,1.7421143633287746,1.7421143633287746,1.7421143633287746,1.7421143633287746,1.7421143633287746,1.7421143633287746,1.7421143633287746,1.7421143633287746,1.7421143633287746,1.7421143633287746,1.7421143633287746,1.7421143633287746,1.7421143633287746,1.7421143633287746,1.7421143633287746,1.7421143633287746,1.7421143633287746,1.7421143633287746,1.7421143633287746,1.7421143633287746,1.7421143633287746,1.7421143633287746,1.7421143633287746,1.7421143633287746,1.7421143633287746,1.7421143633287746,1.7421143633287746,1.7421143633287746,1.7421143633287746,1.7421143633287746,1.7421143633287746,1.7421143633287746,1.7421143633287746,1.7421143633287746,1.7421143633287746,1.7421143633287746,1.7421143633287746,1.7421143633287746,1.7421143633287746,1.7421143633287746,1.7421143633287746,1.7421143633287746,1.7421143633287746,1.7421143633287746,1.7421143633287746,1.7421143633287746,1.7421143633287746,1.7421143633287746,1.7421143633287746,1.7421143633287746,1.7421143633287746,1.7421143633287746,1.7421143633287746,1.7421143633287746,1.7421143633287746,1.7421143633287746,1.7421143633287746,1.7421143633287746,1.7421143633287746,1.7421143633287746,1.7421143633287746,1.7421143633287746,1.7421143633287746,1.7421143633287746,1.7421143633287746,1.7421143633287746,1.7421143633287746,1.7421143633287746,1.7421143633287746,1.7421143633287746,1.7421143633287746,1.7421143633287746,1.7421143633287746,1.7421143633287746,1.7421143633287746,1.7421143633287746,1.7421143633287746,1.7421143633287746,1.7421143633287746,1.7421143633287746,1.7421143633287746,1.7421143633287746,1.7421143633287746,1.7421143633287746,1.7421143633287746,1.7421143633287746,1.7421143633287746,1.7421143633287746,1.7421143633287746,1.7421143633287746,1.7421143633287746,1.7421143633287746,1.7421143633287746,1.7421143633287746,1.7421143633287746,1.7421143633287746,1.7421143633287746,1.7421143633287746,1.7421143633287746,1.7421143633287746,1.7421143633287746,1.7421143633287746,1.7421143633287746,1.7421143633287746,1.7421143633287746,1.7421143633287746,1.7421143633287746,1.7421143633287746,1.7421143633287746,1.7421143633287746,1.7421143633287746,1.7421143633287746,1.7421143633287746,1.7421143633287746,1.7421143633287746,1.7421143633287746,1.7421143633287746,1.7421143633287746,1.7421143633287746,1.7421143633287746,1.7421143633287746,1.7421143633287746,1.7421143633287746,1.7421143633287746,1.7421143633287746,1.7421143633287746,1.7421143633287746,1.7421143633287746,1.7421143633287746,1.7421143633287746,1.7421143633287746,1.7421143633287746,1.7421143633287746,1.7421143633287746,1.7421143633287746,1.7421143633287746,1.7421143633287746,1.7421143633287746,1.7421143633287746,1.7421143633287746,1.7421143633287746,1.7421143633287746,1.7421143633287746,1.7421143633287746,1.7421143633287746,1.7421143633287746,1.7421143633287746,1.7421143633287746,1.7421143633287746,1.7421143633287746,1.7421143633287746,1.7421143633287746,1.7421143633287746,1.7421143633287746,1.7421143633287746,1.7421143633287746,1.7421143633287746,8.87077853117522,8.87077853117522,8.87077853117522,8.87077853117522,8.87077853117522,8.87077853117522,8.87077853117522,8.87077853117522,8.87077853117522,8.796801169610069,8.796801169610069,8.796801169610069,8.796801169610069,8.796801169610069,8.796801169610069,8.796801169610069,8.796801169610069,8.796801169610069,8.796801169610069,8.796801169610069,8.796801169610069,8.796801169610069,8.796801169610069,8.514176627341522,8.41183746783533,7.938623719286327,7.749961794745692,7.749961794745692,7.749961794745692,7.749961794745692,7.749961794745692,7.749961794745692,7.749961794745692,7.749961794745692,7.322281831546382,7.322281831546382,7.322281831546382,7.322281831546382,7.322281831546382,7.322281831546382,7.322281831546382,7.322281831546382,7.322281831546382,7.322281831546382,7.322281831546382,7.322281831546382,7.322281831546382,7.322281831546382,7.322281831546382,7.322281831546382,7.322281831546382,7.322281831546382,7.322281831546382,7.322281831546382,7.322281831546382,7.322281831546382,7.322281831546382,7.322281831546382,7.322281831546382,7.322281831546382,7.322281831546382,7.322281831546382,7.322281831546382,7.322281831546382,7.322281831546382,7.322281831546382,7.322281831546382,7.322281831546382,7.322281831546382,7.322281831546382,7.322281831546382,7.322281831546382,7.322281831546382,7.322281831546382,7.322281831546382,7.322281831546382,7.041159629153765,6.842378748829296,6.842378748829296,6.842378748829296,6.842378748829296,6.339674599663857,6.339674599663857,6.339674599663857,6.339674599663857,6.339674599663857,6.339674599663857,6.339674599663857,6.339674599663857,6.339674599663857,6.339674599663857,6.339674599663857,6.339674599663857,6.339674599663857,6.339674599663857,6.339674599663857,6.339674599663857,6.339674599663857,6.339674599663857,6.339674599663857,6.339674599663857,6.339674599663857,6.339674599663857,6.339674599663857,6.339674599663857,6.339674599663857,6.339674599663857,6.339674599663857,6.339674599663857,6.339674599663857,6.339674599663857,6.339674599663857,6.339674599663857,6.339674599663857,6.339674599663857,6.339674599663857,6.339674599663857,6.339674599663857,6.339674599663857,6.339674599663857,6.339674599663857,6.339674599663857,6.339674599663857,6.339674599663857,6.339674599663857,6.339674599663857,6.339674599663857,6.339674599663857,6.339674599663857,6.339674599663857,6.339674599663857,6.339674599663857,6.339674599663857,6.339674599663857,6.339674599663857,6.339674599663857,6.166290385651946,6.125776784373608,6.125776784373608,6.125776784373608,6.125776784373608,6.125776784373608,6.125776784373608,6.125776784373608,6.125776784373608,6.125776784373608,6.125776784373608,6.125776784373608,6.125776784373608,6.125776784373608,6.125776784373608,6.125776784373608,5.984464024789312,5.984464024789312,5.984464024789312,5.984464024789312,5.984464024789312,5.984464024789312,5.984464024789312,5.984464024789312,5.984464024789312,5.984464024789312,5.984464024789312,5.984464024789312,5.984464024789312,5.984464024789312,5.984464024789312,5.984464024789312,5.984464024789312,5.984464024789312,5.984464024789312,5.984464024789312,5.984464024789312,5.984464024789312,5.984464024789312,5.984464024789312,5.984464024789312,5.984464024789312,5.984464024789312,5.984464024789312,5.984464024789312,5.984464024789312,5.984464024789312,5.984464024789312,5.984464024789312,5.984464024789312,5.984464024789312,5.984464024789312,5.984464024789312,5.984464024789312,5.984464024789312,5.984464024789312,5.984464024789312,5.984464024789312,5.984464024789312,5.984464024789312,5.984464024789312,5.984464024789312,5.984464024789312,5.984464024789312,5.984464024789312,5.984464024789312,5.984464024789312,5.984464024789312,5.984464024789312,5.984464024789312,5.984464024789312,5.984464024789312,5.984464024789312,5.984464024789312,5.984464024789312,5.984464024789312,5.984464024789312,5.984464024789312,5.984464024789312,5.984464024789312,5.984464024789312,5.984464024789312,5.984464024789312,5.984464024789312,5.984464024789312,5.984464024789312,5.984464024789312,5.984464024789312,5.984464024789312,5.984464024789312,5.984464024789312,5.984464024789312,5.984464024789312,5.984464024789312,5.984464024789312,5.984464024789312,5.984464024789312,5.984464024789312,5.984464024789312,5.984464024789312,5.984464024789312,5.984464024789312,5.984464024789312,5.984464024789312,5.984464024789312,5.984464024789312,5.984464024789312,5.984464024789312,5.984464024789312,5.984464024789312,5.984464024789312,5.984464024789312,5.984464024789312,5.984464024789312,5.984464024789312,5.984464024789312,5.984464024789312,5.984464024789312,5.984464024789312,5.984464024789312,5.984464024789312,5.984464024789312,5.984464024789312,5.984464024789312,5.984464024789312,5.984464024789312,5.984464024789312,5.984464024789312,5.984464024789312,5.984464024789312,5.984464024789312,5.984464024789312,5.984464024789312,5.984464024789312,5.984464024789312,5.984464024789312,5.984464024789312,5.984464024789312,5.984464024789312,5.984464024789312,5.984464024789312,5.984464024789312,5.984464024789312,5.984464024789312,5.984464024789312,5.984464024789312,5.984464024789312,5.984464024789312,5.984464024789312,5.984464024789312,5.984464024789312,5.984464024789312,5.984464024789312,5.984464024789312,5.984464024789312,5.984464024789312,5.984464024789312,5.984464024789312,5.984464024789312,5.984464024789312,5.984464024789312,5.984464024789312,5.984464024789312,5.984464024789312,5.984464024789312,5.984464024789312,5.984464024789312,5.984464024789312,5.984464024789312,5.984464024789312,5.984464024789312,5.984464024789312,5.984464024789312,5.984464024789312,5.984464024789312,5.984464024789312,5.984464024789312,5.984464024789312,5.984464024789312,5.984464024789312,5.984464024789312,5.984464024789312,5.984464024789312,5.984464024789312,5.984464024789312,5.984464024789312,5.984464024789312,5.984464024789312,5.984464024789312,5.984464024789312,5.984464024789312,5.984464024789312,5.984464024789312,5.984464024789312,5.984464024789312,5.984464024789312,5.984464024789312,5.984464024789312,5.984464024789312,5.984464024789312,5.984464024789312,5.984464024789312,5.984464024789312,5.984464024789312,5.984464024789312,5.984464024789312,5.984464024789312,5.984464024789312,5.984464024789312,5.984464024789312,5.984464024789312,5.984464024789312,5.984464024789312,5.984464024789312,5.984464024789312,5.984464024789312,5.984464024789312,5.984464024789312,5.984464024789312,5.984464024789312,5.984464024789312,5.984464024789312,5.984464024789312,5.984464024789312,5.984464024789312,5.984464024789312,5.984464024789312,5.984464024789312,5.984464024789312,5.984464024789312,5.984464024789312,5.984464024789312,5.984464024789312,5.984464024789312,5.984464024789312,5.984464024789312,5.984464024789312,5.984464024789312,5.984464024789312,5.984464024789312,5.984464024789312,5.984464024789312,5.984464024789312,5.984464024789312,5.984464024789312,5.984464024789312,5.984464024789312,5.984464024789312,5.984464024789312,5.984464024789312,5.984464024789312,5.984464024789312,5.984464024789312,5.984464024789312,5.984464024789312,5.984464024789312,5.984464024789312,5.984464024789312,5.984464024789312,5.984464024789312,5.984464024789312,5.984464024789312,5.984464024789312,5.984464024789312,5.984464024789312,5.984464024789312,5.984464024789312,5.984464024789312,5.984464024789312,5.984464024789312,5.984464024789312,5.984464024789312,5.348968582911189,4.676336435998609,4.676336435998609,4.676336435998609,4.676336435998609,4.676336435998609,4.676336435998608,4.676336435998608,4.676336435998608,4.676336435998608,4.676336435998608,4.676336435998608,4.676336435998608,4.676336435998608,4.676336435998608,4.676336435998608,4.676336435998608,4.676336435998608,4.676336435998608,4.676336435998608,4.676336435998608,4.676336435998608,4.676336435998608,4.676336435998608,4.676336435998608,4.676336435998608,4.676336435998608,4.676336435998608,4.676336435998608,4.676336435998608,4.676336435998608,4.676336435998608,4.676336435998608,4.676336435998608,4.676336435998608,4.676336435998608,4.676336435998608,4.676336435998608,4.676336435998608,4.676336435998608,4.676336435998608,4.676336435998608,4.676336435998608,4.676336435998608,4.676336435998608,4.676336435998608,4.676336435998608,4.676336435998608,4.676336435998608,4.103118085113355,4.103118085113355,4.103118085113355,4.103118085113355,4.103118085113355,4.103118085113355,4.103118085113355,4.103118085113355,4.103118085113355,4.103118085113355,4.103118085113355,4.103118085113355,4.103118085113355,4.103118085113355,4.103118085113355,4.103118085113355,4.103118085113355,4.103118085113355,4.103118085113355,4.103118085113355,4.103118085113355,4.103118085113355,4.103118085113355,4.103118085113355,4.103118085113355,4.103118085113355,4.103118085113355,4.103118085113355,4.103118085113355,4.103118085113355,4.103118085113355,4.103118085113355,4.103118085113355,4.103118085113355,4.103118085113355,4.103118085113355,4.103118085113355,4.103118085113355,4.103118085113355,4.103118085113355,4.103118085113355,4.103118085113355,4.103118085113355,4.103118085113355,4.103118085113355,4.103118085113355,4.103118085113355,4.103118085113355,4.103118085113355,4.103118085113355,4.103118085113355,4.103118085113355,4.103118085113355,4.103118085113355,4.103118085113355,4.103118085113355,4.103118085113355,4.103118085113355,4.103118085113355,4.103118085113355,4.103118085113355,4.103118085113355,4.103118085113355,4.103118085113355,4.103118085113355,4.103118085113355,4.103118085113355,4.103118085113355,4.103118085113355,4.103118085113355,4.103118085113355,4.103118085113355,4.103118085113355,4.103118085113355,4.103118085113355,4.103118085113355,4.103118085113355,4.103118085113355,4.103118085113355,4.103118085113355,4.103118085113355,4.103118085113355,4.103118085113355,4.103118085113355,4.103118085113355,4.103118085113355,4.103118085113355,4.103118085113355,4.103118085113355,4.103118085113355,4.103118085113355,4.103118085113355,4.103118085113355,4.103118085113355,4.103118085113355,4.103118085113355,4.103118085113355,4.103118085113355,4.103118085113355,4.103118085113355,4.103118085113355,4.103118085113355,4.103118085113355,4.103118085113355,4.103118085113355,4.103118085113355,4.103118085113355,4.103118085113355,4.103118085113355,4.103118085113355,4.103118085113355,4.103118085113355,4.103118085113355,4.103118085113355,4.103118085113355,4.103118085113355,4.103118085113355,4.103118085113355,4.103118085113355,4.103118085113355,4.103118085113355,4.103118085113355,4.103118085113355,4.103118085113355,4.103118085113355,4.103118085113355,4.103118085113355,4.103118085113355,4.103118085113355,4.103118085113355,4.103118085113355,4.103118085113355,4.103118085113355,4.103118085113355,4.103118085113355,4.103118085113355,4.103118085113355,4.103118085113355,4.103118085113355,4.103118085113355,4.103118085113355,4.103118085113355,4.103118085113355,4.103118085113355,4.103118085113355,4.103118085113355,4.103118085113355,4.103118085113355,4.103118085113355,2.386417349346536,2.386417349346536,2.386417349346536,2.386417349346536,2.386417349346536,2.386417349346536,2.386417349346536,2.386417349346536,2.386417349346536,2.386417349346536,2.386417349346536,2.386417349346536,2.386417349346536,2.386417349346536,2.386417349346536,2.386417349346536,2.386417349346536,2.386417349346536,2.386417349346536,2.386417349346536,2.386417349346536,2.386417349346536,2.386417349346536,2.386417349346536,2.386417349346536,2.386417349346536,2.386417349346536,2.386417349346536,2.386417349346536,2.386417349346536,2.386417349346536,2.386417349346536,2.386417349346536,2.386417349346536,2.386417349346536,2.386417349346536,2.386417349346536,2.386417349346536,2.386417349346536,2.386417349346536,2.386417349346536,2.386417349346536,2.386417349346536,2.386417349346536,2.386417349346536,2.386417349346536,2.386417349346536,2.386417349346536,2.386417349346536,2.386417349346536,2.386417349346536,2.386417349346536,2.386417349346536,2.386417349346536,2.386417349346536,2.386417349346536,2.386417349346536,2.386417349346536,2.386417349346536,2.386417349346536,2.386417349346536,2.386417349346536,2.386417349346536,2.386417349346536,2.386417349346536,2.386417349346536,2.386417349346536,2.386417349346536,2.386417349346536,2.386417349346536,2.386417349346536,2.386417349346536,2.386417349346536,2.386417349346536,2.386417349346536,2.386417349346536,2.386417349346536,2.386417349346536,2.386417349346536,2.386417349346536,2.386417349346536,2.386417349346536,2.386417349346536,2.386417349346536,2.386417349346536,2.386417349346536,2.386417349346536,2.386417349346536,2.386417349346536,2.386417349346536,2.386417349346536,2.386417349346536,2.386417349346536,2.386417349346536,2.386417349346536,2.386417349346536,2.386417349346536,2.386417349346536,2.386417349346536,2.386417349346536,2.386417349346536,2.386417349346536,2.386417349346536,2.386417349346536,2.386417349346536,2.386417349346536,2.386417349346536,2.386417349346536,2.386417349346536,2.386417349346536,2.386417349346536,2.386417349346536,2.386417349346536,2.386417349346536,2.386417349346536,2.386417349346536,2.386417349346536,2.386417349346536,2.386417349346536,2.386417349346536,2.386417349346536,2.386417349346536,2.386417349346536,2.386417349346536,2.386417349346536,2.386417349346536,2.386417349346536,2.386417349346536,2.386417349346536,2.386417349346536,2.386417349346536,2.386417349346536,2.386417349346536,2.386417349346536,2.386417349346536,2.386417349346536,2.386417349346536,2.386417349346536,2.386417349346536,2.386417349346536,2.386417349346536,2.386417349346536,2.386417349346536,2.386417349346536,2.386417349346536,2.386417349346536,2.386417349346536,2.386417349346536,2.386417349346536,2.386417349346536,2.386417349346536,2.386417349346536,2.386417349346536,2.386417349346536,2.386417349346536,2.386417349346536,2.386417349346536,2.386417349346536,2.386417349346536,2.386417349346536,2.386417349346536,2.386417349346536,2.386417349346536,2.386417349346536,2.386417349346536,2.386417349346536,2.386417349346536,2.386417349346536,2.386417349346536,2.386417349346536,2.386417349346536,2.386417349346536,2.386417349346536,2.386417349346536,2.386417349346536,2.386417349346536,2.386417349346536,2.386417349346536,2.386417349346536,2.386417349346536,2.386417349346536,2.386417349346536,2.386417349346536,2.386417349346536,2.386417349346536,2.386417349346536,2.386417349346536,2.386417349346536,2.386417349346536,2.386417349346536,2.386417349346536,2.386417349346536,2.386417349346536,2.386417349346536,2.386417349346536,2.386417349346536,2.386417349346536,2.386417349346536,2.386417349346536,2.386417349346536,2.386417349346536,2.386417349346536,2.386417349346536,2.386417349346536,2.386417349346536,2.386417349346536,2.386417349346536,2.386417349346536,2.386417349346536,2.386417349346536,2.386417349346536,2.386417349346536,2.386417349346536,2.386417349346536,2.386417349346536,2.386417349346536,2.386417349346536,2.386417349346536,2.386417349346536,2.386417349346536,2.386417349346536,2.386417349346536,2.386417349346536,2.386417349346536,2.386417349346536,2.386417349346536,2.386417349346536,2.386417349346536,2.386417349346536,2.386417349346536,2.386417349346536,2.386417349346536,2.386417349346536,2.386417349346536,2.386417349346536,2.386417349346536,2.386417349346536,2.386417349346536,2.386417349346536,2.386417349346536,2.386417349346536,2.386417349346536,2.386417349346536,2.386417349346536,2.386417349346536,2.386417349346536,2.386417349346536,2.386417349346536,2.386417349346536,2.386417349346536,2.386417349346536,2.386417349346536,2.386417349346536,2.386417349346536,2.386417349346536,2.386417349346536,2.386417349346536,2.386417349346536,2.386417349346536,2.386417349346536,2.386417349346536,2.386417349346536,2.386417349346536,2.386417349346536,2.386417349346536,2.386417349346536,2.386417349346536,2.386417349346536,2.386417349346536,2.386417349346536,2.386417349346536,2.386417349346536,2.386417349346536,2.386417349346536,2.386417349346536,2.386417349346536,2.386417349346536,2.386417349346536,2.386417349346536,2.386417349346536,2.386417349346536,2.386417349346536,2.386417349346536,2.386417349346536,2.386417349346536,2.386417349346536,2.386417349346536,2.386417349346536,2.386417349346536,2.386417349346536,2.386417349346536,2.386417349346536,2.386417349346536,2.386417349346536,2.386417349346536,2.386417349346536,2.386417349346536,2.386417349346536,2.386417349346536,2.386417349346536,2.386417349346536,2.386417349346536,2.386417349346536,2.386417349346536,2.386417349346536,2.386417349346536,2.386417349346536,2.386417349346536,2.386417349346536,2.386417349346536,2.386417349346536,2.386417349346536,2.386417349346536,2.386417349346536,2.386417349346536,2.386417349346536,2.386417349346536,2.386417349346536,2.386417349346536,2.386417349346536,2.386417349346536,2.386417349346536,2.386417349346536,2.386417349346536,2.386417349346536,2.386417349346536,2.386417349346536,2.386417349346536,2.386417349346536,2.386417349346536,2.386417349346536,2.386417349346536,2.386417349346536,2.386417349346536,2.386417349346536,2.386417349346536,2.386417349346536,2.386417349346536,2.386417349346536,2.386417349346536,2.386417349346536,2.386417349346536,2.386417349346536,2.386417349346536,2.386417349346536,2.386417349346536,2.386417349346536,2.386417349346536,2.386417349346536,2.386417349346536,2.386417349346536,2.386417349346536,2.386417349346536,2.386417349346536,2.386417349346536,2.386417349346536,2.386417349346536,2.386417349346536,2.386417349346536,2.386417349346536,2.386417349346536,2.386417349346536,2.386417349346536,2.386417349346536,2.386417349346536,2.386417349346536,2.386417349346536,2.386417349346536,2.386417349346536,2.386417349346536,2.386417349346536,2.386417349346536,2.386417349346536,2.386417349346536,2.386417349346536,2.386417349346536,2.386417349346536,2.386417349346536,2.386417349346536,2.386417349346536,2.386417349346536,2.386417349346536,2.386417349346536,2.386417349346536,2.386417349346536,2.386417349346536,2.386417349346536,2.386417349346536,2.386417349346536,2.386417349346536,2.386417349346536,2.386417349346536,2.386417349346536,2.386417349346536,8.708260819425297,8.333411420420886,8.333411420420886,8.333411420420886,8.333411420420886,8.333411420420886,8.333411420420886,8.333411420420886,8.26058555429211,8.26058555429211,8.26058555429211,8.26058555429211,8.26058555429211,8.26058555429211,8.26058555429211,8.26058555429211,8.115265090239255,8.115265090239255,8.115265090239255,8.115265090239255,8.115265090239255,8.115265090239255,8.115265090239255,8.115265090239255,7.649429877277292,7.649429877277292,7.649429877277292,7.649429877277292,7.649429877277292,7.649429877277292,7.649429877277292,7.649429877277292,7.634758085803332,7.634758085803332,7.634758085803332,7.634758085803332,7.634758085803332,7.634758085803332,7.634758085803332,7.634758085803332,7.634758085803332,7.634758085803332,7.634758085803332,7.634758085803332,7.634758085803332,7.634758085803332,7.634758085803332,7.634758085803332,7.634758085803332,7.634758085803332,7.634758085803332,7.634758085803332,7.634758085803332,7.634758085803332,7.634758085803332,7.634758085803332,7.634758085803332,7.634758085803332,7.634758085803332,7.634758085803332,7.634758085803332,7.634758085803332,7.634758085803332,7.634758085803332,7.634758085803332,7.634758085803332,7.634758085803332,7.634758085803332,7.634758085803332,7.634758085803332,7.634758085803332,7.634758085803332,7.634758085803332,7.634758085803332,7.634758085803332,7.634758085803332,7.634758085803332,7.634758085803332,7.634758085803332,7.634758085803332,7.634758085803332,7.634758085803332,7.634758085803332,7.634758085803332,7.634758085803332,7.634758085803332,7.634758085803332,7.634758085803332,7.634758085803332,7.634758085803332,7.634758085803332,7.634758085803332,7.634758085803332,7.634758085803332,7.634758085803332,7.634758085803332,7.634758085803332,7.634758085803332,7.634758085803332,7.634758085803332,7.634758085803332,7.634758085803332,7.634758085803332,7.634758085803332,7.634758085803332,7.634758085803332,7.634758085803332,7.634758085803332,7.634758085803332,7.634758085803332,7.634758085803332,7.634758085803332,7.634758085803332,7.634758085803332,7.634758085803332,7.634758085803332,7.634758085803332,7.634758085803332,7.634758085803332,7.634758085803332,7.634758085803332,7.634758085803332,7.634758085803332,7.634758085803332,7.634758085803332,7.634758085803332,7.634758085803332,7.634758085803332,7.634758085803332,7.634758085803332,7.634758085803332,7.634758085803332,7.634758085803332,7.634758085803332,7.634758085803332,7.634758085803332,7.634758085803332,7.634758085803332,7.634758085803332,7.634758085803332,7.634758085803332,7.634758085803332,7.634758085803332,7.634758085803332,7.634758085803332,7.634758085803332,7.634758085803332,7.634758085803332,7.634758085803332,7.634758085803332,7.634758085803332,7.634758085803332,7.634758085803332,7.634758085803332,7.634758085803332,7.634758085803332,7.634758085803332,7.634758085803332,7.634758085803332,7.634758085803332,7.634758085803332,7.634758085803332,7.634758085803332,7.634758085803332,7.634758085803332,7.634758085803332,7.634758085803332,7.634758085803332,7.634758085803332,7.634758085803332,7.634758085803332,7.634758085803332,7.634758085803332,7.634758085803332,7.634758085803332,7.634758085803332,7.634758085803332,7.634758085803332,7.634758085803332,7.634758085803332,7.634758085803332,7.634758085803332,7.634758085803332,7.634758085803332,7.634758085803332,7.634758085803332,7.634758085803332,7.501353587150812,7.501353587150812,7.501353587150812,7.501353587150812,7.501353587150812,7.501353587150812,7.501353587150812,7.501353587150812,7.501353587150812,7.501353587150812,7.501353587150812,7.501353587150812,7.501353587150812,7.501353587150812,7.501353587150812,7.501353587150812,7.501353587150812,7.3746886906030324,7.3746886906030324,7.3746886906030324,7.3746886906030324,7.3746886906030324,7.3746886906030324,7.055769462540048,7.055769462540048,6.754696244774493,6.754696244774493,6.754696244774493,6.754696244774493,6.754696244774493,6.754696244774493,6.754696244774493,6.754696244774493,6.754696244774493,6.754696244774493,6.754696244774493,6.669627675142353,6.669627675142353,6.669627675142353,6.669627675142353,6.669627675142353,6.669627675142353,6.669627675142353,6.669627675142353,6.669627675142353,6.669627675142353,6.669627675142353,6.669627675142353,6.669627675142353,6.669627675142353,6.669627675142353,6.301177449526733,6.301177449526733,6.301177449526733,6.301177449526733,6.301177449526733,6.301177449526733,6.301177449526733,6.301177449526733,6.301177449526733,6.301177449526733,6.301177449526733,6.301177449526733,6.301177449526733,6.301177449526733,6.301177449526733,6.301177449526733,6.301177449526733,6.301177449526733,6.301177449526733,6.301177449526733,6.301177449526733,6.301177449526733,6.301177449526733,6.301177449526733,6.301177449526733,6.301177449526733,6.301177449526733,6.301177449526733,6.301177449526733,6.301177449526733,6.301177449526733,6.301177449526733,6.301177449526733,6.301177449526733,6.301177449526733,6.301177449526733,6.301177449526733,6.301177449526733,6.301177449526733,6.301177449526733,6.301177449526733,6.301177449526733,6.301177449526733,6.301177449526733,6.301177449526733,6.301177449526733,6.301177449526733,6.301177449526733,6.301177449526733,6.301177449526733,6.301177449526733,6.301177449526733,6.301177449526733,6.301177449526733,6.301177449526733,6.301177449526733,6.301177449526733,6.301177449526733,6.301177449526733,6.301177449526733,6.301177449526733,6.301177449526733,6.301177449526733,6.301177449526733,6.301177449526733,6.301177449526733,6.301177449526733,6.301177449526733,6.301177449526733,6.301177449526733,6.301177449526733,6.301177449526733,6.301177449526733,6.1928065018453395,6.1928065018453395,6.1928065018453395,6.1928065018453395,6.1928065018453395,6.1928065018453395,6.1928065018453395,6.120382014189646,6.120382014189646,6.120382014189646,6.120382014189646,6.120382014189646,6.120382014189646,6.120382014189646,6.120382014189646,6.120382014189646,6.120382014189646,6.120382014189646,6.120382014189646,5.661244466833598,5.661244466833598,5.661244466833598,5.661244466833598,5.661244466833598,5.661244466833598,5.661244466833598,5.661244466833598,5.661244466833598,5.661244466833598,5.661244466833598,5.661244466833598,5.661244466833598,5.661244466833598,5.661244466833598,5.661244466833598,5.661244466833598,5.661244466833598,5.661244466833598,5.661244466833598,5.661244466833598,5.661244466833598,5.661244466833598,5.661244466833598,5.661244466833598,5.661244466833598,5.661244466833598,5.661244466833598,5.661244466833598,5.661244466833598,5.661244466833598,5.661244466833598,5.661244466833598,5.661244466833598,5.661244466833598,5.661244466833598,5.661244466833598,5.661244466833598,5.661244466833598,5.661244466833598,5.661244466833598,5.661244466833598,5.661244466833598,5.661244466833598,5.661244466833598,5.661244466833598,5.661244466833598,5.661244466833598,5.661244466833598,5.661244466833598,5.661244466833598,5.661244466833598,5.661244466833598,5.661244466833598,5.661244466833598,5.661244466833598,5.661244466833598,5.661244466833598,5.661244466833598,5.661244466833598,5.661244466833598,5.661244466833598,5.661244466833598,5.661244466833598,5.661244466833598,5.661244466833598,5.661244466833598,5.661244466833598,5.661244466833598,5.661244466833598,5.661244466833598,5.661244466833598,5.661244466833598,5.661244466833598,5.661244466833598,5.661244466833598,5.661244466833598,5.661244466833598,5.661244466833598,5.661244466833598,5.661244466833598,5.661244466833598,5.661244466833598,5.661244466833598,5.661244466833598,5.661244466833598,5.661244466833598,5.661244466833598,5.661244466833598,5.661244466833598,5.661244466833598,5.661244466833598,5.082206727908868,5.082206727908868,5.082206727908868,5.082206727908868,5.082206727908868,5.082206727908868,5.082206727908868,5.082206727908868,5.082206727908868,5.082206727908868,5.082206727908868,5.082206727908868,5.082206727908868,5.082206727908868,5.082206727908868,5.082206727908868,5.082206727908868,5.082206727908868,5.082206727908868,5.082206727908868,5.082206727908868,5.082206727908868,5.082206727908868,5.082206727908868,5.082206727908868,5.082206727908868,5.082206727908868,5.082206727908868,5.082206727908868,5.082206727908868,5.082206727908868,5.082206727908868,5.082206727908868,5.082206727908868,5.082206727908868,5.082206727908868,5.082206727908868,5.082206727908868,5.082206727908868,5.082206727908868,5.082206727908868,5.082206727908868,5.082206727908868,5.082206727908868,5.082206727908868,5.082206727908868,5.082206727908868,5.082206727908868,5.082206727908868,5.082206727908868,5.082206727908868,5.082206727908868,5.082206727908868,5.082206727908868,5.082206727908868,5.082206727908868,5.082206727908868,5.082206727908868,5.082206727908868,5.082206727908868,5.082206727908868,5.082206727908868,5.082206727908868,5.082206727908868,5.082206727908868,5.082206727908868,5.082206727908868,5.082206727908868,5.082206727908868,5.082206727908868,5.082206727908868,5.082206727908868,5.082206727908868,5.082206727908868,5.082206727908868,5.082206727908868,5.082206727908868,5.082206727908868,5.082206727908868,5.082206727908868,5.082206727908868,5.082206727908868,5.082206727908868,5.082206727908868,5.082206727908868,5.082206727908868,5.082206727908868,5.082206727908868,5.082206727908868,5.082206727908868,5.082206727908868,5.082206727908868,5.082206727908868,5.082206727908868,5.082206727908868,5.082206727908868,5.082206727908868,5.082206727908868,5.082206727908868,5.082206727908868,5.082206727908868,5.082206727908868,5.082206727908868,5.082206727908868,5.082206727908868,5.082206727908868,5.082206727908868,5.082206727908868,5.082206727908868,5.082206727908868,5.082206727908868,5.082206727908868,5.082206727908868,5.082206727908868,5.082206727908868,5.082206727908868,5.082206727908868,5.082206727908868,5.082206727908868,5.082206727908868,5.082206727908868,5.082206727908868,5.082206727908868,5.082206727908868,5.082206727908868,5.082206727908868,5.082206727908868,5.082206727908868,5.082206727908868,5.082206727908868,5.082206727908868,5.082206727908868,5.082206727908868,5.082206727908868,5.082206727908868,5.082206727908868,5.082206727908868,5.082206727908868,5.082206727908868,5.082206727908868,5.082206727908868,5.082206727908868,5.082206727908868,5.082206727908868,5.082206727908868,5.082206727908868,5.082206727908868,5.082206727908868,5.082206727908868,5.082206727908868,4.083255126758915,3.983586521643562,3.983586521643562,3.983586521643562,3.983586521643562,3.957530661505113,3.957530661505113,3.957530661505113,3.957530661505113,3.957530661505113,3.957530661505113,3.957530661505113,3.957530661505113,3.957530661505113,3.957530661505113,3.957530661505113,3.957530661505113,3.957530661505113,3.957530661505113,3.957530661505113,3.957530661505113,3.957530661505113,3.957530661505113,3.957530661505113,3.957530661505113,3.957530661505113,3.957530661505113,3.957530661505113,3.957530661505113,3.957530661505113,3.957530661505113,3.957530661505113,3.957530661505113,3.957530661505113,3.957530661505113,3.957530661505113,3.957530661505113,3.957530661505113,3.957530661505113,3.957530661505113,3.957530661505113,3.957530661505113,3.957530661505113,3.957530661505113,3.957530661505113,3.957530661505113,3.957530661505113,3.957530661505113,3.957530661505113,3.957530661505113,3.957530661505113,3.957530661505113,3.957530661505113,3.957530661505113,3.957530661505113,3.957530661505113,3.957530661505113,3.957530661505113,3.957530661505113,3.957530661505113,3.957530661505113,3.957530661505113,3.957530661505113,3.957530661505113,3.957530661505113,3.957530661505113,3.957530661505113,3.957530661505113,3.957530661505113,3.957530661505113,3.957530661505113,3.957530661505113,3.957530661505113,3.957530661505113,3.957530661505113,3.957530661505113,3.957530661505113,3.957530661505113,3.957530661505113,3.957530661505113,3.957530661505113,3.957530661505113,3.957530661505113,3.957530661505113,3.957530661505113,3.957530661505113,3.957530661505113,3.957530661505113,3.957530661505113,3.957530661505113,3.957530661505113,3.957530661505113,3.957530661505113,3.957530661505113,3.957530661505113,3.957530661505113,3.957530661505113,3.957530661505113,3.957530661505113,3.957530661505113,3.957530661505113,3.957530661505113,3.957530661505113,3.957530661505113,3.957530661505113,3.957530661505113,3.957530661505113,3.957530661505113,3.957530661505113,3.957530661505113,3.957530661505113,3.957530661505113,3.957530661505113,3.957530661505113,3.957530661505113,3.957530661505113,3.957530661505113,3.957530661505113,3.957530661505113,3.957530661505113,3.957530661505113,3.957530661505113,3.957530661505113,3.957530661505113,3.957530661505113,3.957530661505113,3.957530661505113,3.957530661505113,3.957530661505113,3.957530661505113,3.957530661505113,3.957530661505113,3.957530661505113,3.957530661505113,3.957530661505113,3.957530661505113,3.957530661505113,3.957530661505113,3.957530661505113,3.957530661505113,3.957530661505113,3.957530661505113,3.957530661505113,3.957530661505113,3.957530661505113,3.957530661505113,3.957530661505113,3.957530661505113,3.957530661505113,3.957530661505113,3.957530661505113,3.957530661505113,3.957530661505113,3.957530661505113,3.957530661505113,3.957530661505113,3.957530661505113,3.957530661505113,3.957530661505113,3.957530661505113,3.957530661505113,3.957530661505113,3.957530661505113,1.6224323999184485,1.6224323999184485,1.6224323999184485,1.6224323999184485,1.6224323999184485,1.6224323999184485,1.6224323999184485,1.6224323999184485,1.6224323999184485,1.6224323999184485,1.6224323999184485,1.6224323999184485,1.6224323999184485,1.6224323999184485,1.6224323999184485,1.6224323999184485,1.6224323999184485,1.6224323999184485,1.6224323999184485,1.6224323999184485,1.6224323999184485,1.6224323999184485,1.6224323999184485,1.6224323999184485,1.6224323999184485,1.6224323999184485,1.6224323999184485,1.6224323999184485,1.6224323999184485,1.6224323999184485,1.6224323999184485,1.6224323999184485,1.6224323999184485,1.6224323999184485,1.6224323999184485,1.6224323999184485,1.6224323999184485,1.6224323999184485,1.6224323999184485,1.6224323999184485,1.6224323999184485,1.6224323999184485,1.6224323999184485,1.6224323999184485,1.6224323999184485,1.6224323999184485,1.6224323999184485,1.6224323999184485,1.6224323999184485,1.6224323999184485,1.6224323999184485,1.6224323999184485,1.6224323999184485,1.6224323999184485,1.6224323999184485,1.6224323999184485,1.6224323999184485,1.6224323999184485,1.6224323999184485,1.6224323999184485,1.6224323999184485,1.6224323999184485,1.6224323999184485,1.6224323999184485,1.6224323999184485,1.6224323999184485,1.6224323999184485,1.6224323999184485,1.6224323999184485,1.6224323999184485,1.6224323999184485,1.6224323999184485,1.6224323999184485,1.6224323999184485,1.6224323999184485,1.6224323999184485,1.6224323999184485,1.6224323999184485,1.6224323999184485,1.6224323999184485,1.6224323999184485,1.6224323999184485,1.6224323999184485,1.6224323999184485,1.6224323999184485,1.6224323999184485,1.6224323999184485,1.6224323999184485,1.6224323999184485,1.6224323999184485,1.6224323999184485,1.6224323999184485,1.6224323999184485,1.6224323999184485,1.6224323999184485,1.6224323999184485,1.6224323999184485,1.6224323999184485,1.6224323999184485,1.6224323999184485,1.6224323999184485,1.6224323999184485,1.6224323999184485,1.6224323999184485,1.6224323999184485,1.6224323999184485,1.6224323999184485,1.6224323999184485,1.6224323999184485,1.6224323999184485,1.6224323999184485,1.6224323999184485,1.6224323999184485,1.6224323999184485,1.6224323999184485,1.6224323999184485,1.6224323999184485,1.6224323999184485,1.6224323999184485,1.6224323999184485,1.6224323999184485,1.6224323999184485,1.6224323999184485,1.6224323999184485,1.6224323999184485,1.6224323999184485,1.6224323999184485,1.6224323999184485,1.6224323999184485,1.6224323999184485,1.6224323999184485,1.6224323999184485,1.6224323999184485,1.6224323999184485,1.6224323999184485,1.6224323999184485,1.6224323999184485,1.6224323999184485,1.6224323999184485,1.6224323999184485,1.6224323999184485,1.6224323999184485,1.6224323999184485,1.6224323999184485,1.6224323999184485,1.6224323999184485,1.6224323999184485,1.6224323999184485,1.6224323999184485,1.6224323999184485,1.6224323999184485,1.6224323999184485,1.6224323999184485,1.6224323999184485,1.6224323999184485,1.6224323999184485,1.6224323999184485,1.6224323999184485,1.6224323999184485,1.6224323999184485,1.6224323999184485,1.6224323999184485,1.6224323999184485,1.6224323999184485,1.6224323999184485,1.6224323999184485,1.6224323999184485,1.6224323999184485,1.6224323999184485,1.6224323999184485,1.6224323999184485,1.6224323999184485,1.6224323999184485,1.6224323999184485,1.6224323999184485,1.6224323999184485,1.6224323999184485,1.6224323999184485,1.6224323999184485,1.6224323999184485,1.6224323999184485,1.6224323999184485,1.6224323999184485,1.6224323999184485,1.6224323999184485,1.6224323999184485,1.6224323999184485,1.6224323999184485,1.6224323999184485,1.6224323999184485,1.6224323999184485,1.6224323999184485,1.6224323999184485,1.6224323999184485,1.6224323999184485,1.6224323999184485,1.6224323999184485,1.6224323999184485,1.6224323999184485,1.6224323999184485,1.6224323999184485,1.6224323999184485,1.6224323999184485,1.6224323999184485,1.6224323999184485,1.6224323999184485,1.6224323999184485,1.6224323999184485,1.6224323999184485,1.6224323999184485,1.6224323999184485,1.6224323999184485,1.6224323999184485,1.6224323999184485,1.6224323999184485,1.6224323999184485,1.6224323999184485,1.6224323999184485,1.6224323999184485,1.6224323999184485,1.6224323999184485,1.6224323999184485,1.6224323999184485,1.6224323999184485,1.6224323999184485,1.6224323999184485,1.6224323999184485,1.6224323999184485,1.6224323999184485,1.6224323999184485,1.6224323999184485,1.6224323999184485,1.6224323999184485,1.6224323999184485,1.6224323999184485,1.6224323999184485,1.6224323999184485,1.6224323999184485,1.6224323999184485,1.6224323999184485,1.6224323999184485,1.6224323999184485,1.6224323999184485,1.6224323999184485,1.6224323999184485,1.6224323999184485,1.6224323999184485,1.6224323999184485,1.6224323999184485,1.6224323999184485,1.6224323999184485,1.6224323999184485,1.6224323999184485,1.6224323999184485,1.6224323999184485,1.6224323999184485,1.6224323999184485,1.6224323999184485,1.6224323999184485,1.6224323999184485,1.6224323999184485,1.6224323999184485,1.6224323999184485,1.6224323999184485,1.6224323999184485,7.750053568554787,5.872137954055662,5.872137954055662,5.872137954055662,5.872137954055662,5.872137954055662,5.872137954055662,5.872137954055662,5.872137954055662,5.872137954055662,5.872137954055662,5.872137954055662,5.872137954055662,5.872137954055662,5.872137954055662,5.872137954055662,5.872137954055662,5.872137954055662,5.872137954055662,5.872137954055662,5.872137954055662,5.872137954055662,5.872137954055662,5.872137954055662,5.872137954055662,5.872137954055662,5.872137954055662,5.872137954055662,5.872137954055662,5.872137954055662,5.872137954055662,5.872137954055662,5.872137954055662,5.872137954055662,5.872137954055662,5.872137954055662,5.872137954055662,5.872137954055662,5.872137954055662,5.872137954055662,5.872137954055662,5.872137954055662,5.872137954055662,5.872137954055662,5.872137954055662,5.872137954055662,5.872137954055662,5.872137954055662,5.872137954055662,5.872137954055662,5.872137954055662,5.872137954055662,5.872137954055662,5.872137954055662,5.872137954055662,5.872137954055662,5.872137954055662,5.872137954055662,5.872137954055662,5.872137954055662,5.872137954055662,5.872137954055662,5.872137954055662,5.872137954055662,5.872137954055662,5.872137954055662,5.872137954055662,5.872137954055662,5.872137954055662,5.872137954055662,5.872137954055662,5.872137954055662,5.872137954055662,5.872137954055662,5.872137954055662,5.872137954055662,5.872137954055662,5.872137954055662,5.872137954055662,5.872137954055662,5.872137954055662,5.872137954055662,5.872137954055662,5.872137954055662,5.872137954055662,5.872137954055662,5.872137954055662,5.872137954055662,5.872137954055662,5.872137954055662,5.872137954055662,5.872137954055662,5.872137954055662,5.872137954055662,5.872137954055662,5.872137954055662,5.872137954055662,5.872137954055662,5.872137954055662,5.872137954055662,5.872137954055662,5.872137954055662,5.872137954055662,5.872137954055662,5.872137954055662,5.872137954055662,5.872137954055662,5.872137954055662,5.872137954055662,5.872137954055662,5.872137954055662,5.872137954055662,5.872137954055662,5.872137954055662,5.872137954055662,5.872137954055662,5.872137954055662,5.872137954055662,5.872137954055662,5.872137954055662,5.872137954055662,5.872137954055662,5.872137954055662,5.872137954055662,5.872137954055662,5.872137954055662,5.872137954055662,5.872137954055662,5.872137954055662,5.872137954055662,5.872137954055662,5.872137954055662,5.872137954055662,5.872137954055662,5.872137954055662,5.872137954055662,5.872137954055662,5.872137954055662,5.872137954055662,5.872137954055662,5.872137954055662,5.872137954055662,5.872137954055662,5.872137954055662,5.872137954055662,5.872137954055662,5.872137954055662,5.872137954055662,5.872137954055662,5.872137954055662,5.872137954055662,5.872137954055662,5.872137954055662,5.872137954055662,5.872137954055662,5.872137954055662,5.872137954055662,5.872137954055662,5.872137954055662,5.872137954055662,5.872137954055662,5.872137954055662,5.872137954055662,5.872137954055662,5.872137954055662,5.872137954055662,5.872137954055662,5.872137954055662,5.872137954055662,5.872137954055662,5.872137954055662,5.872137954055662,5.872137954055662,5.872137954055662,5.872137954055662,5.872137954055662,5.872137954055662,5.872137954055662,5.872137954055662,5.872137954055662,5.872137954055662,5.872137954055662,5.872137954055662,5.872137954055662,5.872137954055662,5.872137954055662,5.872137954055662,5.872137954055662,5.872137954055662,5.872137954055662,5.872137954055662,5.872137954055662,5.872137954055662,5.872137954055662,5.872137954055662,5.872137954055662,5.872137954055662,5.872137954055662,5.872137954055662,5.872137954055662,5.872137954055662,5.872137954055662,5.872137954055662,5.872137954055662,5.872137954055662,5.872137954055662,5.872137954055662,5.872137954055662,5.872137954055662,5.833005506396843,5.833005506396843,5.833005506396843,5.833005506396843,5.833005506396843,5.833005506396843,5.833005506396843,5.833005506396843,5.833005506396843,5.833005506396843,5.833005506396843,5.833005506396843,5.826176651970922,5.826176651970922,5.826176651970922,5.826176651970922,5.826176651970922,5.826176651970922,5.826176651970922,5.826176651970922,5.826176651970922,5.826176651970922,5.826176651970922,5.826176651970922,5.826176651970922,5.826176651970922,5.826176651970922,5.826176651970922,5.826176651970922,5.826176651970922,5.826176651970922,5.826176651970922,5.826176651970922,5.826176651970922,5.826176651970922,5.826176651970922,5.826176651970922,5.826176651970922,5.826176651970922,5.826176651970922,5.826176651970922,5.826176651970922,5.826176651970922,5.826176651970922,5.160791153689849,5.160791153689849,5.160791153689849,5.160791153689849,5.160791153689849,4.985196988052419,4.985196988052419,4.985196988052419,4.985196988052419,4.985196988052419,4.985196988052419,4.8976058430143175,4.8976058430143175,4.8976058430143175,4.8976058430143175,4.8976058430143175,4.8976058430143175,4.8976058430143175,4.8976058430143175,4.8976058430143175,4.8976058430143175,4.8976058430143175,4.8976058430143175,4.8976058430143175,4.8976058430143175,4.8976058430143175,4.8976058430143175,4.8976058430143175,4.8976058430143175,4.8976058430143175,4.8976058430143175,4.8976058430143175,4.8976058430143175,4.8976058430143175,4.8976058430143175,4.8976058430143175,4.8976058430143175,4.8976058430143175,4.8976058430143175,4.8976058430143175,4.8976058430143175,4.8976058430143175,4.8976058430143175,4.8976058430143175,4.8976058430143175,4.8976058430143175,4.8976058430143175,4.8976058430143175,4.8976058430143175,4.8976058430143175,4.8976058430143175,4.8976058430143175,4.8976058430143175,4.8976058430143175,4.8976058430143175,4.8976058430143175,4.8976058430143175,4.8976058430143175,4.8976058430143175,4.8976058430143175,4.8976058430143175,4.8976058430143175,4.8976058430143175,4.8976058430143175,4.8976058430143175,4.8976058430143175,4.8976058430143175,4.8976058430143175,4.8976058430143175,4.8976058430143175,4.8976058430143175,4.8976058430143175,4.8976058430143175,4.8976058430143175,4.8976058430143175,4.8976058430143175,4.8976058430143175,4.8976058430143175,4.8976058430143175,4.8976058430143175,4.8976058430143175,4.8976058430143175,4.8976058430143175,4.8976058430143175,4.814925514651793,4.814925514651793,4.814925514651793,4.814925514651793,4.814925514651793,4.814925514651793,4.814925514651793,4.814925514651793,4.814925514651793,4.814925514651793,4.814925514651793,4.814925514651793,4.814925514651793,4.814925514651793,4.814925514651793,4.814925514651793,4.814925514651793,4.814925514651793,4.814925514651793,4.814925514651793,4.814925514651793,4.814925514651793,4.814925514651793,4.814925514651793,4.814925514651793,4.814925514651793,4.814925514651793,4.814925514651793,4.814925514651793,4.814925514651793,4.814925514651793,4.814925514651793,4.814925514651793,4.814925514651793,4.814925514651793,4.814925514651793,4.814925514651793,4.814925514651793,4.814925514651793,4.814925514651793,4.814925514651793,4.814925514651793,4.814925514651793,4.814925514651793,4.814925514651793,4.814925514651793,4.814925514651793,4.814925514651793,4.814925514651793,4.814925514651793,4.814925514651793,4.814925514651793,4.814925514651793,4.814925514651793,4.814925514651793,4.814925514651793,4.814925514651793,4.814925514651793,4.814925514651793,4.814925514651793,4.814925514651793,4.814925514651793,4.814925514651793,4.814925514651793,4.814925514651793,4.814925514651793,4.814925514651793,4.814925514651793,4.814925514651793,4.814925514651793,4.814925514651793,4.814925514651793,4.814925514651793,4.814925514651793,4.814925514651793,4.814925514651793,4.814925514651793,4.814925514651793,4.814925514651793,4.814925514651793,4.814925514651793,4.814925514651793,4.814925514651793,4.814925514651793,4.814925514651793,4.814925514651793,4.814925514651793,4.814925514651793,4.814925514651793,4.814925514651793,4.814925514651793,4.814925514651793,4.814925514651793,4.814925514651793,4.814925514651793,4.814925514651793,4.814925514651793,4.814925514651793,4.814925514651793,4.814925514651793,4.814925514651793,4.814925514651793,4.814925514651793,4.814925514651793,4.814925514651793,4.814925514651793,4.814925514651793,4.814925514651793,4.814925514651793,4.814925514651793,4.814925514651793,4.814925514651793,4.814925514651793,4.814925514651793,4.814925514651793,4.814925514651793,4.814925514651793,4.814925514651793,4.814925514651793,4.814925514651793,4.814925514651793,4.814925514651793,4.814925514651793,4.814925514651793,4.814925514651793,4.814925514651793,4.814925514651793,4.6369803390885895,4.6369803390885895,4.6369803390885895,4.6369803390885895,4.6369803390885895,4.6369803390885895,4.6369803390885895,4.6369803390885895,4.6369803390885895,4.6369803390885895,4.6369803390885895,4.6369803390885895,4.6369803390885895,4.6369803390885895,4.6369803390885895,4.6369803390885895,4.6369803390885895,4.6369803390885895,4.6369803390885895,4.6369803390885895,4.6369803390885895,4.6369803390885895,4.6369803390885895,4.6369803390885895,4.6369803390885895,4.6369803390885895,4.6369803390885895,4.6369803390885895,4.6369803390885895,4.6369803390885895,4.6369803390885895,4.6369803390885895,4.6369803390885895,4.6369803390885895,4.6369803390885895,4.6369803390885895,4.6369803390885895,4.6369803390885895,4.6369803390885895,4.6369803390885895,4.6369803390885895,4.6369803390885895,4.6369803390885895,4.6369803390885895,4.6369803390885895,4.6369803390885895,4.6369803390885895,4.6369803390885895,4.6369803390885895,4.6369803390885895,4.6369803390885895,4.6369803390885895,4.6369803390885895,4.6369803390885895,4.6369803390885895,4.6369803390885895,4.6369803390885895,4.6369803390885895,4.6369803390885895,4.6369803390885895,4.6369803390885895,4.6369803390885895,4.6369803390885895,4.6369803390885895,4.6369803390885895,4.6369803390885895,4.6369803390885895,4.6369803390885895,4.270472528254968,4.270472528254968,4.270472528254968,4.270472528254968,4.270472528254968,4.270472528254968,4.270472528254968,4.270472528254968,4.270472528254968,4.270472528254968,4.270472528254968,4.270472528254968,4.270472528254968,4.270472528254968,4.270472528254968,4.270472528254968,4.270472528254968,4.270472528254968,4.270472528254968,4.270472528254968,4.270472528254968,4.270472528254968,4.270472528254968,4.270472528254968,4.270472528254968,4.270472528254968,4.270472528254968,4.270472528254968,4.270472528254968,4.270472528254968,4.270472528254968,4.270472528254968,4.270472528254968,4.270472528254968,4.270472528254968,4.270472528254968,4.270472528254968,4.270472528254968,4.270472528254968,4.270472528254968,4.270472528254968,4.270472528254968,4.270472528254968,4.270472528254968,4.270472528254968,4.270472528254968,4.270472528254968,4.270472528254968,4.270472528254968,4.270472528254968,4.270472528254968,4.270472528254968,4.270472528254968,4.270472528254968,4.270472528254968,4.270472528254968,4.270472528254968,4.270472528254968,4.270472528254968,4.270472528254968,4.270472528254968,4.270472528254968,4.270472528254968,4.270472528254968,4.270472528254968,4.270472528254968,4.270472528254968,4.270472528254968,4.270472528254968,4.270472528254968,4.270472528254968,4.270472528254968,4.270472528254968,4.270472528254968,4.270472528254968,4.270472528254968,4.270472528254968,4.270472528254968,4.270472528254968,4.270472528254968,4.270472528254968,4.270472528254968,4.270472528254968,4.270472528254968,4.270472528254968,4.270472528254968,4.270472528254968,4.270472528254968,4.270472528254968,4.270472528254968,4.270472528254968,4.270472528254968,4.270472528254968,4.270472528254968,4.270472528254968,4.270472528254968,4.270472528254968,4.270472528254968,4.270472528254968,4.270472528254968,4.270472528254968,4.270472528254968,4.270472528254968,4.270472528254968,4.270472528254968,4.270472528254968,4.270472528254968,4.270472528254968,4.270472528254968,4.270472528254968,4.270472528254968,4.270472528254968,4.270472528254968,4.270472528254968,4.270472528254968,4.270472528254968,4.270472528254968,4.270472528254968,4.270472528254968,4.270472528254968,4.270472528254968,4.270472528254968,4.270472528254968,4.270472528254968,4.270472528254968,4.270472528254968,4.270472528254968,4.270472528254968,4.270472528254968,4.270472528254968,4.270472528254968,4.270472528254968,4.270472528254968,4.270472528254968,4.270472528254968,4.270472528254968,4.270472528254968,4.270472528254968,4.270472528254968,4.270472528254968,4.270472528254968,4.270472528254968,4.270472528254968,4.270472528254968,4.270472528254968,4.270472528254968,4.270472528254968,3.480381844093816,3.480381844093816,3.480381844093816,3.480381844093816,3.480381844093816,3.480381844093816,3.480381844093816,3.480381844093816,3.480381844093816,3.4662532573393996,3.4662532573393996,3.4662532573393996,3.4662532573393996,3.4662532573393996,3.4662532573393996,3.4662532573393996,3.4662532573393996,3.4662532573393996,3.4662532573393996,3.4662532573393996,3.4662532573393996,3.4662532573393996,3.4662532573393996,3.4662532573393996,3.4662532573393996,3.4662532573393996,3.4662532573393996,3.4662532573393996,3.4662532573393996,3.4662532573393996,3.4662532573393996,3.4662532573393996,3.4662532573393996,3.4662532573393996,3.4662532573393996,3.4662532573393996,3.4662532573393996,3.4662532573393996,3.4662532573393996,3.4662532573393996,3.4662532573393996,3.4662532573393996,3.4662532573393996,3.4662532573393996,3.4662532573393996,3.4662532573393996,3.4662532573393996,3.4662532573393996,3.4662532573393996,3.4662532573393996,3.4662532573393996,3.4662532573393996,3.4662532573393996,3.4662532573393996,3.4662532573393996,3.4662532573393996,3.4662532573393996,3.4662532573393996,3.4662532573393996,3.4662532573393996,3.4662532573393996,3.4662532573393996,3.4662532573393996,3.4662532573393996,3.4662532573393996,3.4662532573393996,3.4662532573393996,3.4662532573393996,3.4662532573393996,3.4662532573393996,3.4662532573393996,3.4662532573393996,3.4662532573393996,3.4662532573393996,3.4662532573393996,3.4662532573393996,3.4662532573393996,3.4662532573393996,3.4662532573393996,3.4662532573393996,3.4662532573393996,3.4662532573393996,3.4662532573393996,3.4662532573393996,3.4662532573393996,3.4662532573393996,3.4662532573393996,3.4662532573393996,3.4662532573393996,3.4662532573393996,3.4662532573393996,3.4662532573393996,3.4662532573393996,3.4662532573393996,3.4662532573393996,3.4662532573393996,3.4662532573393996,3.4662532573393996,3.4662532573393996,3.4662532573393996,3.4662532573393996,3.4662532573393996,3.4662532573393996,3.4662532573393996,3.4662532573393996,3.4662532573393996,3.4662532573393996,3.4662532573393996,3.4662532573393996,3.4662532573393996,3.4662532573393996,3.4662532573393996,3.4662532573393996,3.4662532573393996,3.4662532573393996,3.4662532573393996,3.4662532573393996,3.4662532573393996,3.4662532573393996,3.4662532573393996,3.4662532573393996,3.4662532573393996,3.4662532573393996,3.4662532573393996,3.4662532573393996,3.4662532573393996,3.4662532573393996,3.4662532573393996,3.4662532573393996,3.4662532573393996,3.4662532573393996,3.4662532573393996,3.4662532573393996,3.4662532573393996,3.4662532573393996,3.4662532573393996,3.4662532573393996,3.4662532573393996,3.4662532573393996,3.4662532573393996,3.4662532573393996,3.4662532573393996,3.4662532573393996,3.4662532573393996,3.4662532573393996,3.4662532573393996,3.4662532573393996,3.4662532573393996,3.4662532573393996,3.4662532573393996,3.4662532573393996,3.4662532573393996,3.4662532573393996,3.4662532573393996,3.4662532573393996,3.4662532573393996,3.4662532573393996,3.4662532573393996,3.4662532573393996,3.4662532573393996,3.4662532573393996,3.4662532573393996,3.4662532573393996,3.4662532573393996,3.4662532573393996,3.4662532573393996,3.4662532573393996,3.4662532573393996,3.4662532573393996,3.4662532573393996,3.4662532573393996,3.4662532573393996,3.4662532573393996,3.4662532573393996,3.4662532573393996,3.4662532573393996,3.4662532573393996,3.4662532573393996,3.4662532573393996,3.4662532573393996,3.4662532573393996,3.4662532573393996,3.4662532573393996,3.4662532573393996,3.4662532573393996,3.4662532573393996,3.4662532573393996,3.4662532573393996,3.4662532573393996,3.4662532573393996,3.4662532573393996,3.4662532573393996,3.4662532573393996,3.4662532573393996,3.4662532573393996,3.4662532573393996,3.4662532573393996,3.4662532573393996,3.4662532573393996,3.4662532573393996,3.4662532573393996,3.4662532573393996,3.4662532573393996,3.4662532573393996,3.4662532573393996,3.4662532573393996,3.4662532573393996,3.4662532573393996,3.4662532573393996,3.4662532573393996,3.4662532573393996,3.4662532573393996,3.4662532573393996,3.4662532573393996,3.4662532573393996,3.4662532573393996,3.4662532573393996,3.4662532573393996,3.4662532573393996,3.4662532573393996,3.4662532573393996,3.4662532573393996,3.4662532573393996,3.4662532573393996,3.4662532573393996,3.4662532573393996,3.4662532573393996,3.4662532573393996,3.4662532573393996,3.4662532573393996,3.4662532573393996,3.4662532573393996,3.4662532573393996,3.4662532573393996,3.4662532573393996,3.4662532573393996,3.4662532573393996,3.4662532573393996,3.4662532573393996,3.4662532573393996,3.4662532573393996,3.4662532573393996,3.4662532573393996,3.4662532573393996,3.4662532573393996,3.4662532573393996,3.4662532573393996,3.4662532573393996,3.4662532573393996,3.4662532573393996,3.4662532573393996,3.4662532573393996,3.4662532573393996,3.4662532573393996,3.4662532573393996,3.4662532573393996,3.4662532573393996,3.4662532573393996,3.4662532573393996,3.4662532573393996,3.4662532573393996,3.4662532573393996,3.4662532573393996,3.4662532573393996,3.4662532573393996,3.4662532573393996,3.4662532573393996,3.4662532573393996,3.4662532573393996,3.4662532573393996,3.4662532573393996,3.4662532573393996,3.4662532573393996,3.4662532573393996,3.4662532573393996,3.4662532573393996,3.4662532573393996,3.4662532573393996,3.4662532573393996,3.4662532573393996,3.4662532573393996,3.4662532573393996,3.4662532573393996,3.4662532573393996,3.4662532573393996,3.4662532573393996,3.4662532573393996,3.4662532573393996,3.4662532573393996,3.4662532573393996,3.4662532573393996,3.4662532573393996,3.4662532573393996,3.4662532573393996,3.4662532573393996,3.4662532573393996,3.4662532573393996,3.4662532573393996,3.4662532573393996,3.4662532573393996,3.4662532573393996,3.4662532573393996,3.4662532573393996,3.4662532573393996,3.4662532573393996,3.4662532573393996,3.4662532573393996,3.4662532573393996,3.4662532573393996,3.4662532573393996,3.4662532573393996,3.4662532573393996,3.4662532573393996,3.4662532573393996,3.4662532573393996,3.4662532573393996,3.4662532573393996,3.4662532573393996,3.4662532573393996,3.4662532573393996,3.4662532573393996,6.637424950082368,6.637424950082368,6.505854098221324,6.505854098221324,6.505854098221324,6.17077644642033,6.17077644642033,6.17077644642033,6.17077644642033,6.17077644642033,6.17077644642033,6.17077644642033,6.17077644642033,6.17077644642033,6.17077644642033,6.17077644642033,6.17077644642033,6.17077644642033,6.17077644642033,5.286724535900256,5.286724535900256,5.286724535900256,5.286724535900256,5.286724535900256,5.286724535900256,4.98728174364922,4.98728174364922,4.858714479247224,4.858714479247224,4.858714479247224,4.5259009838298265,4.5259009838298265,4.5259009838298265,4.5259009838298265,4.5259009838298265,4.5259009838298265,4.5259009838298265,4.5259009838298265,4.5259009838298265,4.5259009838298265,4.5259009838298265,4.5259009838298265,4.5259009838298265,4.5259009838298265,4.5259009838298265,4.5259009838298265,4.5259009838298265,4.5259009838298265,4.5259009838298265,4.5259009838298265,4.5259009838298265,4.5259009838298265,4.5259009838298265,4.5259009838298265,4.5259009838298265,4.5259009838298265,4.5259009838298265,4.5259009838298265,4.5259009838298265,4.5259009838298265,4.5259009838298265,4.5259009838298265,4.5259009838298265,4.5259009838298265,4.5259009838298265,4.5259009838298265,4.5259009838298265,4.5259009838298265,4.5259009838298265,4.5259009838298265,4.5259009838298265,4.5259009838298265,4.5259009838298265,4.5259009838298265,4.5259009838298265,4.5259009838298265,4.5259009838298265,4.5259009838298265,4.5259009838298265,4.5259009838298265,4.5259009838298265,4.5259009838298265,4.5259009838298265,4.5259009838298265,4.5259009838298265,4.5259009838298265,4.5259009838298265,4.5259009838298265,4.5259009838298265,4.5259009838298265,4.5259009838298265,4.5259009838298265,4.5259009838298265,4.5259009838298265,4.5259009838298265,4.5259009838298265,4.5259009838298265,4.5259009838298265,4.5259009838298265,4.5259009838298265,4.5259009838298265,4.5259009838298265,4.5259009838298265,4.5259009838298265,4.5259009838298265,4.5259009838298265,4.5259009838298265,4.5259009838298265,4.5259009838298265,4.5259009838298265,4.5259009838298265,4.5259009838298265,4.5259009838298265,4.5259009838298265,4.5259009838298265,4.5259009838298265,4.5259009838298265,4.5259009838298265,4.5259009838298265,4.5259009838298265,4.5259009838298265,4.5259009838298265,4.5259009838298265,4.5259009838298265,4.5259009838298265,4.5259009838298265,4.5259009838298265,4.5259009838298265,4.5259009838298265,4.5259009838298265,4.5259009838298265,4.5259009838298265,4.5259009838298265,4.5259009838298265,4.5259009838298265,4.5259009838298265,4.5259009838298265,4.5259009838298265,4.5259009838298265,4.5259009838298265,4.5259009838298265,4.5259009838298265,4.5259009838298265,4.5259009838298265,4.5259009838298265,4.5259009838298265,4.5259009838298265,4.5259009838298265,4.5259009838298265,4.5259009838298265,4.5259009838298265,4.5259009838298265,4.5259009838298265,4.5259009838298265,4.5259009838298265,4.5259009838298265,4.5259009838298265,4.5259009838298265,4.5259009838298265,4.5259009838298265,4.5259009838298265,4.5259009838298265,4.5259009838298265,4.5259009838298265,4.5259009838298265,4.5259009838298265,4.5259009838298265,4.5259009838298265,4.5259009838298265,4.5259009838298265,4.5259009838298265,4.5259009838298265,4.5259009838298265,4.5259009838298265,4.5259009838298265,4.5259009838298265,4.5259009838298265,4.5259009838298265,4.5259009838298265,4.5259009838298265,4.5259009838298265,4.5259009838298265,4.5259009838298265,4.5259009838298265,4.5259009838298265,4.5259009838298265,4.5259009838298265,4.5259009838298265,4.5259009838298265,4.5259009838298265,4.5259009838298265,4.092673216107686,3.8815611956845637,3.8815611956845637,3.8815611956845637,3.8815611956845637,3.8815611956845637,3.8815611956845637,3.8815611956845637,3.8815611956845637,3.8815611956845637,3.8815611956845637,3.8815611956845637,3.8815611956845637,3.8815611956845637,3.8815611956845637,3.8815611956845637,3.8815611956845637,3.8815611956845637,3.8815611956845637,3.8815611956845637,3.8815611956845637,3.8815611956845637,3.8815611956845637,3.8815611956845637,3.8815611956845637,3.8815611956845637,3.8815611956845637,3.8815611956845637,3.8815611956845637,3.8815611956845637,3.8815611956845637,3.8815611956845637,3.8815611956845637,3.8815611956845637,3.8815611956845637,3.8815611956845637,3.8815611956845637,3.8815611956845637,3.8815611956845637,3.8815611956845637,3.8815611956845637,3.8815611956845637,3.8815611956845637,3.8815611956845637,3.8815611956845637,3.8815611956845637,3.8815611956845637,3.8815611956845637,3.8815611956845637,3.8815611956845637,3.8815611956845637,3.8815611956845637,3.8815611956845637,3.8815611956845637,3.8815611956845637,3.8815611956845637,3.8815611956845637,3.8815611956845637,3.8815611956845637,3.8815611956845637,3.8815611956845637,3.8815611956845637,3.8815611956845637,3.8815611956845637,3.8815611956845637,3.8815611956845637,3.8815611956845637,3.8815611956845637,3.8815611956845637,3.8815611956845637,3.8815611956845637,3.8815611956845637,3.8815611956845637,3.8815611956845637,3.8815611956845637,3.8815611956845637,3.8815611956845637,3.8815611956845637,3.8815611956845637,3.8815611956845637,3.8815611956845637,3.8815611956845637,3.8815611956845637,3.8815611956845637,3.8815611956845637,3.8815611956845637,3.8815611956845637,3.8815611956845637,3.8815611956845637,3.8815611956845637,3.8815611956845637,3.8815611956845637,3.8815611956845637,3.8815611956845637,3.8815611956845637,3.8815611956845637,3.8815611956845637,3.8815611956845637,3.8815611956845637,3.8815611956845637,3.8815611956845637,3.8815611956845637,3.8815611956845637,3.8815611956845637,3.8815611956845637,3.8815611956845637,3.8815611956845637,3.8815611956845637,3.8815611956845637,3.8815611956845637,3.8815611956845637,3.8815611956845637,3.8815611956845637,3.8815611956845637,3.8815611956845637,3.8815611956845637,3.8815611956845637,3.8815611956845637,3.8815611956845637,3.8815611956845637,3.8815611956845637,3.8815611956845637,3.8815611956845637,3.8815611956845637,3.8815611956845637,3.8815611956845637,3.8815611956845637,3.8815611956845637,3.8815611956845637,3.8815611956845637,3.8815611956845637,3.8815611956845637,3.8815611956845637,3.8815611956845637,3.8815611956845637,3.8815611956845637,3.8815611956845637,3.8815611956845637,3.8815611956845637,3.8815611956845637,3.8815611956845637,3.8815611956845637,3.8815611956845637,3.2235990062646467,3.2235990062646467,3.2235990062646467,3.2235990062646467,3.2235990062646467,3.2235990062646467,3.2235990062646467,3.2235990062646467,3.2235990062646467,3.2235990062646467,3.2235990062646467,3.2235990062646467,3.2235990062646467,3.2235990062646467,3.2235990062646467,3.2235990062646467,3.2235990062646467,3.2235990062646467,3.2235990062646467,3.2235990062646467,3.2235990062646467,3.2235990062646467,3.2235990062646467,3.2235990062646467,3.2235990062646467,3.2235990062646467,3.2235990062646467,3.2235990062646467,3.2235990062646467,3.2235990062646467,3.2235990062646467,3.2235990062646467,3.2235990062646467,3.2235990062646467,3.2235990062646467,3.2235990062646467,3.2235990062646467,3.2235990062646467,3.2235990062646467,3.2235990062646467,3.2235990062646467,3.2235990062646467,3.2235990062646467,3.2235990062646467,3.2235990062646467,3.2235990062646467,3.2235990062646467,3.2235990062646467,3.2235990062646467,3.2235990062646467,3.2235990062646467,3.2235990062646467,3.2235990062646467,3.2235990062646467,3.2235990062646467,3.2235990062646467,3.2235990062646467,3.2235990062646467,3.2235990062646467,3.2235990062646467,3.2235990062646467,3.2235990062646467,3.2235990062646467,3.2235990062646467,3.2235990062646467,3.2235990062646467,3.2235990062646467,3.2235990062646467,3.2235990062646467,3.2235990062646467,3.2235990062646467,3.2235990062646467,3.2235990062646467,3.2235990062646467,3.2235990062646467,3.2235990062646467,3.2235990062646467,3.2235990062646467,3.2235990062646467,3.2235990062646467,3.2235990062646467,3.2235990062646467,3.2235990062646467,3.2235990062646467,3.2235990062646467,3.2235990062646467,3.2235990062646467,3.2235990062646467,3.2235990062646467,3.2235990062646467,3.2235990062646467,3.2235990062646467,3.2235990062646467,3.2235990062646467,3.2235990062646467,3.2235990062646467,3.2235990062646467,3.2235990062646467,3.2235990062646467,3.2235990062646467,3.2235990062646467,3.2235990062646467,3.2235990062646467,3.2235990062646467,3.2235990062646467,3.2235990062646467,3.2235990062646467,3.2235990062646467,3.2235990062646467,3.2235990062646467,3.2235990062646467,3.2235990062646467,3.2235990062646467,3.2235990062646467,3.2235990062646467,3.2235990062646467,3.2235990062646467,3.2235990062646467,3.2235990062646467,3.2235990062646467,3.2235990062646467,3.2235990062646467,3.2235990062646467,3.2235990062646467,3.2235990062646467,3.2235990062646467,3.2235990062646467,3.2235990062646467,3.2235990062646467,3.2235990062646467,3.2235990062646467,3.2235990062646467,3.2235990062646467,3.2235990062646467,3.2235990062646467,3.2235990062646467,3.2235990062646467,3.2235990062646467,3.2235990062646467,3.2235990062646467,3.2235990062646467,3.2235990062646467,3.2235990062646467,3.2235990062646467,3.2235990062646467,3.2235990062646467,3.2235990062646467,3.2235990062646467,3.2235990062646467,3.2235990062646467,3.2235990062646467,3.2235990062646467,3.2235990062646467,3.2235990062646467,3.2235990062646467,3.2235990062646467,3.2235990062646467,3.2235990062646467,3.2235990062646467,3.2235990062646467,3.2235990062646467,3.2235990062646467,3.2235990062646467,3.2235990062646467,3.2235990062646467,3.2235990062646467,3.2235990062646467,3.2235990062646467,3.2235990062646467,3.2235990062646467,3.2235990062646467,3.2235990062646467,3.2235990062646467,3.2235990062646467,3.2235990062646467,3.2235990062646467,3.2235990062646467,3.2235990062646467,3.2235990062646467,3.2235990062646467,3.2235990062646467,3.2235990062646467,3.2235990062646467,3.2235990062646467,3.2235990062646467,3.2235990062646467,3.2235990062646467,3.2235990062646467,3.2235990062646467,3.2235990062646467,3.2235990062646467,3.2235990062646467,3.2235990062646467,3.2235990062646467,3.2235990062646467,3.2235990062646467,3.2235990062646467,3.2235990062646467,3.2235990062646467,3.2235990062646467,3.2235990062646467,3.2235990062646467,3.2235990062646467,3.2235990062646467,3.2235990062646467,3.2235990062646467,3.2235990062646467,3.2235990062646467,3.2235990062646467,3.2235990062646467,3.2235990062646467,3.2235990062646467,3.2235990062646467,3.2235990062646467,3.2235990062646467,3.2235990062646467,3.2235990062646467,3.2235990062646467,3.2235990062646467,3.2235990062646467,3.2235990062646467,3.2235990062646467,3.2235990062646467,3.2235990062646467,3.2235990062646467,3.2235990062646467,3.2235990062646467,3.2235990062646467,3.2235990062646467,3.2235990062646467,3.2235990062646467,3.2235990062646467,3.2235990062646467,3.2235990062646467,3.2235990062646467,3.2235990062646467,3.2235990062646467,3.2235990062646467,3.2235990062646467,3.2235990062646467,3.2235990062646467,3.2235990062646467,3.2235990062646467,3.2235990062646467,3.2235990062646467,3.2235990062646467,3.2235990062646467,3.2235990062646467,3.2235990062646467,3.2235990062646467,3.2235990062646467,3.2235990062646467,3.2235990062646467,3.2235990062646467,3.2235990062646467,3.2235990062646467,3.2235990062646467,3.2235990062646467,3.2235990062646467,3.2235990062646467,3.2235990062646467,3.2235990062646467,3.2235990062646467,3.2235990062646467,3.2235990062646467,3.2235990062646467,3.2235990062646467,3.2235990062646467,3.2235990062646467,3.2235990062646467,3.2235990062646467,3.2235990062646467,3.2235990062646467,3.2235990062646467,3.2235990062646467,3.2235990062646467,3.2235990062646467,3.2235990062646467,3.2235990062646467,3.2235990062646467,3.2235990062646467,3.2235990062646467,3.2235990062646467,3.2235990062646467,3.2235990062646467,3.2235990062646467,3.2235990062646467,3.2235990062646467,3.2235990062646467,3.2235990062646467,3.2235990062646467,3.2235990062646467,3.2235990062646467,3.2235990062646467,3.2235990062646467,3.2235990062646467,3.2235990062646467,3.2235990062646467,3.2235990062646467,3.2235990062646467,3.2235990062646467,3.2235990062646467,3.2235990062646467,3.2235990062646467,3.2235990062646467,3.2235990062646467,3.2235990062646467,3.2235990062646467,3.2235990062646467,3.2235990062646467,3.2235990062646467,3.2235990062646467,3.2235990062646467,3.2235990062646467,3.2235990062646467,3.2235990062646467,3.2235990062646467,3.2235990062646467,3.2235990062646467,3.2235990062646467,3.2235990062646467,3.2235990062646467,3.2235990062646467,3.2235990062646467,3.2235990062646467,3.2235990062646467,3.2235990062646467,3.2235990062646467,3.2235990062646467,3.2235990062646467,3.2235990062646467,3.2235990062646467,3.2235990062646467,3.2235990062646467,3.2235990062646467,3.2235990062646467,3.2235990062646467,3.2235990062646467,3.2235990062646467,3.2235990062646467,3.2235990062646467,3.2235990062646467,3.2235990062646467,3.2235990062646467,3.2235990062646467,3.2235990062646467,3.2235990062646467,3.2235990062646467,3.2235990062646467,3.2235990062646467,3.2235990062646467,3.2235990062646467,3.2235990062646467,3.2235990062646467,3.2235990062646467,3.2235990062646467,3.2235990062646467,3.2235990062646467,3.2235990062646467,3.2235990062646467,3.2235990062646467,3.2235990062646467,3.2235990062646467,3.2235990062646467,3.2235990062646467,3.2235990062646467,3.2235990062646467,3.2235990062646467,3.2235990062646467,3.2235990062646467,3.2235990062646467,3.2235990062646467,3.2235990062646467,3.2235990062646467,3.2235990062646467,3.2235990062646467,3.2235990062646467,3.2235990062646467,3.2235990062646467,3.2235990062646467,3.2235990062646467,3.2235990062646467,3.2235990062646467,3.2235990062646467,3.2235990062646467,3.2235990062646467,3.2235990062646467,3.2235990062646467,3.2235990062646467,3.2235990062646467,3.2235990062646467,3.2235990062646467,3.2235990062646467,3.2235990062646467,3.2235990062646467,3.2235990062646467,3.2235990062646467,3.2235990062646467,3.2235990062646467,3.2235990062646467,3.2235990062646467,3.2235990062646467,3.2235990062646467,3.2235990062646467,3.2235990062646467,3.2235990062646467,3.2235990062646467,3.2235990062646467,3.2235990062646467,3.2235990062646467,3.2235990062646467,3.2235990062646467,3.2235990062646467,3.2235990062646467,3.2235990062646467,3.2235990062646467,3.2235990062646467,3.2235990062646467,3.2235990062646467,3.2235990062646467,3.2235990062646467,3.2235990062646467,3.2235990062646467,3.2235990062646467,3.2235990062646467,3.2235990062646467,3.2235990062646467,3.2235990062646467,3.2235990062646467,3.2235990062646467,3.2235990062646467,3.2235990062646467,3.2235990062646467,3.2235990062646467,3.2235990062646467,3.2235990062646467,3.2235990062646467,3.2235990062646467,3.2235990062646467,3.2235990062646467,3.2235990062646467,3.2235990062646467,3.2235990062646467,3.2235990062646467,3.2235990062646467,3.2235990062646467,3.2235990062646467,3.2235990062646467,3.2235990062646467,3.2235990062646467,3.2235990062646467,3.2235990062646467,3.2235990062646467,3.2235990062646467,3.2235990062646467,3.2235990062646467,3.2235990062646467,3.2235990062646467,3.2235990062646467,3.2235990062646467,3.2235990062646467,3.2235990062646467,3.2235990062646467,3.2235990062646467,3.2235990062646467,3.2235990062646467,3.2235990062646467,3.2235990062646467,3.2235990062646467,3.2235990062646467,3.2235990062646467,3.2235990062646467,3.2235990062646467,3.2235990062646467,3.2235990062646467,3.2235990062646467,3.2235990062646467,3.2235990062646467,3.2235990062646467,3.2235990062646467,3.2235990062646467,3.2235990062646467,3.2235990062646467,3.2235990062646467,3.2235990062646467,3.2235990062646467,3.2235990062646467,3.2235990062646467,3.2235990062646467,3.2235990062646467,3.2235990062646467,3.2235990062646467,3.2235990062646467,3.2235990062646467,3.2235990062646467,3.2235990062646467,3.2235990062646467,3.2235990062646467,3.2235990062646467,3.2235990062646467,3.2235990062646467,3.2235990062646467,3.2235990062646467,3.2235990062646467,3.2235990062646467,3.2235990062646467,3.2235990062646467,3.2235990062646467,3.2235990062646467,3.2235990062646467,3.2235990062646467,3.2235990062646467,3.2235990062646467,3.2235990062646467,3.2235990062646467,3.2235990062646467,3.2235990062646467,3.2235990062646467,3.2235990062646467,3.2235990062646467,3.2235990062646467,3.2235990062646467,3.2235990062646467,3.2235990062646467,3.2235990062646467,3.2235990062646467,3.2235990062646467,3.2235990062646467,3.2235990062646467,3.2235990062646467,3.2235990062646467,3.2235990062646467,3.2235990062646467,3.2235990062646467,3.2235990062646467,3.2235990062646467,3.2235990062646467,3.2235990062646467,3.2235990062646467,3.2235990062646467,3.2235990062646467,3.2235990062646467,3.2235990062646467,3.2235990062646467,3.2235990062646467,3.2235990062646467,3.2235990062646467,3.2235990062646467,3.2235990062646467,3.2235990062646467,3.2235990062646467,3.2235990062646467,3.2235990062646467,3.2235990062646467,3.2235990062646467,3.2235990062646467,3.2235990062646467,3.2235990062646467,3.2235990062646467,3.2235990062646467,3.2235990062646467,3.2235990062646467,3.2235990062646467,3.2235990062646467,3.2235990062646467,3.2235990062646467,3.2235990062646467,3.2235990062646467,3.2235990062646467,3.2235990062646467,3.2235990062646467,3.2235990062646467,3.2235990062646467,3.2235990062646467,3.2235990062646467,3.2235990062646467,3.2235990062646467,3.2235990062646467,3.2235990062646467,3.2235990062646467,3.2235990062646467,3.2235990062646467,3.2235990062646467,3.2235990062646467,3.2235990062646467,3.2235990062646467,3.2235990062646467,3.2235990062646467,3.2235990062646467,3.2235990062646467,3.2235990062646467,3.2235990062646467,3.2235990062646467,3.2235990062646467,3.2235990062646467,3.2235990062646467,3.2235990062646467,3.2235990062646467,3.2235990062646467,3.2235990062646467,3.2235990062646467,3.2235990062646467,3.2235990062646467,3.2235990062646467,3.2235990062646467,3.2235990062646467,3.2235990062646467,3.2235990062646467,3.2235990062646467,3.2235990062646467,3.2235990062646467,3.2235990062646467,3.2235990062646467,3.2235990062646467,3.2235990062646467,3.2235990062646467,3.2235990062646467,3.2235990062646467,3.2235990062646467,3.2235990062646467,3.2235990062646467,3.2235990062646467,3.2235990062646467,3.2235990062646467,3.2235990062646467,3.2235990062646467,3.2235990062646467,3.2235990062646467,3.2235990062646467,3.2235990062646467,3.2235990062646467,3.2235990062646467,3.2235990062646467,3.2235990062646467,3.2235990062646467,3.2235990062646467,3.2235990062646467,3.2235990062646467,3.2235990062646467,3.2235990062646467,3.2235990062646467,3.2235990062646467,3.2235990062646467,3.2235990062646467,3.2235990062646467,3.2235990062646467,3.2235990062646467,3.2235990062646467,3.2235990062646467,3.2235990062646467,3.2235990062646467,3.2235990062646467,3.2235990062646467,3.2235990062646467,3.2235990062646467,3.2235990062646467,3.2235990062646467,3.2235990062646467,3.2235990062646467,3.2235990062646467,3.2235990062646467,3.2235990062646467,3.2235990062646467,3.2235990062646467,3.2235990062646467,3.2235990062646467,6.1568072627231825,5.867006267382269,5.806157847430428,5.806157847430428,5.806157847430428,5.806157847430428,5.806157847430428,5.701379545396274,5.701379545396274,5.701379545396274,5.701379545396274,5.701379545396274,5.701379545396274,5.701379545396274,5.701379545396274,5.701379545396274,5.701379545396274,5.701379545396274,5.701379545396274,5.701379545396274,5.701379545396274,5.701379545396274,5.701379545396274,5.701379545396274,5.701379545396274,5.701379545396274,5.701379545396274,5.701379545396274,5.701379545396274,5.701379545396274,5.701379545396274,5.701379545396274,5.701379545396274,5.701379545396274,5.701379545396274,5.701379545396274,5.701379545396274,5.701379545396274,5.701379545396274,5.701379545396274,5.701379545396274,5.701379545396274,5.701379545396274,5.701379545396274,5.701379545396274,5.701379545396274,5.701379545396274,5.701379545396274,5.701379545396274,5.701379545396274,5.701379545396274,5.701379545396274,5.701379545396274,5.701379545396274,5.701379545396274,5.701379545396274,5.701379545396274,5.701379545396274,5.701379545396274,5.701379545396274,5.701379545396274,5.701379545396274,5.701379545396274,5.701379545396274,5.4428118153884535,5.403741830871801,5.112156765690576,5.112156765690576,5.112156765690576,4.743847013593811,4.743847013593811,4.743847013593811,4.672779860670606,4.672779860670606,4.672779860670606,4.672779860670606,4.672779860670606,4.672779860670606,4.672779860670606,4.672779860670606,4.672779860670606,4.672779860670606,4.672779860670606,4.672779860670606,4.672779860670606,4.672779860670606,4.672779860670606,4.672779860670606,4.672779860670606,4.672779860670606,4.672779860670606,4.672779860670606,4.027961199793005,4.027961199793005,4.027961199793005,4.027961199793005,4.027961199793005,4.027961199793005,4.027961199793005,4.027961199793005,4.027961199793005,4.027961199793005,4.027961199793005,4.027961199793005,4.027961199793005,4.027961199793005,4.027961199793005,4.027961199793005,4.027961199793005,4.027961199793005,4.027961199793005,4.027961199793005,4.027961199793005,4.027961199793005,4.027961199793005,4.027961199793005,4.027961199793005,4.027961199793005,4.027961199793005,4.027961199793005,4.027961199793005,4.027961199793005,4.027961199793005,4.027961199793005,4.027961199793005,4.027961199793005,4.027961199793005,4.027961199793005,4.027961199793005,4.027961199793005,4.027961199793005,4.027961199793005,4.027961199793005,4.027961199793005,4.027961199793005,4.027961199793005,4.027961199793005,4.027961199793005,4.027961199793005,4.027961199793005,4.027961199793005,4.027961199793005,4.027961199793005,4.027961199793005,4.027961199793005,4.027961199793005,4.027961199793005,4.027961199793005,4.027961199793005,4.027961199793005,4.027961199793005,4.027961199793005,4.027961199793005,4.027961199793005,4.027961199793005,4.027961199793005,4.027961199793005,4.027961199793005,4.027961199793005,4.027961199793005,4.027961199793005,4.027961199793005,4.027961199793005,4.027961199793005,4.027961199793005,4.027961199793005,4.027961199793005,4.027961199793005,4.027961199793005,4.027961199793005,4.027961199793005,4.027961199793005,4.027961199793005,4.027961199793005,4.027961199793005,4.027961199793005,4.027961199793005,4.027961199793005,4.027961199793005,4.027961199793005,4.027961199793005,4.027961199793005,4.027961199793005,4.027961199793005,4.027961199793005,4.027961199793005,4.027961199793005,4.027961199793005,4.027961199793005,4.027961199793005,4.027961199793005,4.027961199793005,4.027961199793005,4.027961199793005,4.027961199793005,4.027961199793005,4.027961199793005,4.027961199793005,4.027961199793005,4.027961199793005,4.027961199793005,4.027961199793005,4.027961199793005,4.027961199793005,4.027961199793005,4.027961199793005,4.027961199793005,4.027961199793005,4.027961199793005,4.027961199793005,3.985887230693282,3.985887230693282,3.985887230693282,3.985887230693282,3.985887230693282,3.985887230693282,3.985887230693282,3.985887230693282,3.985887230693282,3.985887230693282,3.985887230693282,3.985887230693282,3.985887230693282,3.985887230693282,3.985887230693282,3.985887230693282,3.985887230693282,3.985887230693282,3.985887230693282,3.985887230693282,3.985887230693282,3.985887230693282,3.985887230693282,3.985887230693282,3.985887230693282,3.985887230693282,3.985887230693282,3.985887230693282,3.985887230693282,3.985887230693282,3.985887230693282,3.985887230693282,3.985887230693282,3.985887230693282,3.985887230693282,3.985887230693282,3.985887230693282,3.985887230693282,3.985887230693282,3.985887230693282,3.985887230693282,3.985887230693282,3.985887230693282,3.985887230693282,3.985887230693282,3.985887230693282,3.985887230693282,3.985887230693282,3.985887230693282,3.985887230693282,3.985887230693282,3.985887230693282,3.985887230693282,3.985887230693282,3.985887230693282,3.985887230693282,3.985887230693282,3.985887230693282,3.985887230693282,3.985887230693282,3.985887230693282,3.985887230693282,3.985887230693282,3.985887230693282,3.985887230693282,3.985887230693282,3.985887230693282,3.985887230693282,3.985887230693282,3.985887230693282,3.985887230693282,3.985887230693282,3.985887230693282,3.985887230693282,3.985887230693282,3.985887230693282,3.985887230693282,3.985887230693282,3.985887230693282,3.985887230693282,3.985887230693282,3.985887230693282,3.985887230693282,3.985887230693282,3.985887230693282,3.985887230693282,3.985887230693282,3.985887230693282,3.985887230693282,3.985887230693282,3.985887230693282,3.985887230693282,3.985887230693282,3.985887230693282,3.985887230693282,3.985887230693282,3.985887230693282,3.985887230693282,3.985887230693282,3.985887230693282,3.985887230693282,3.985887230693282,3.985887230693282,3.985887230693282,3.985887230693282,3.985887230693282,3.985887230693282,3.985887230693282,3.985887230693282,3.985887230693282,3.985887230693282,3.985887230693282,3.985887230693282,3.985887230693282,3.985887230693282,3.985887230693282,3.985887230693282,3.985887230693282,3.985887230693282,3.985887230693282,3.985887230693282,3.985887230693282,3.985887230693282,3.985887230693282,3.985887230693282,3.985887230693282,3.985887230693282,3.985887230693282,3.985887230693282,3.985887230693282,3.985887230693282,3.985887230693282,3.985887230693282,3.985887230693282,3.985887230693282,3.985887230693282,3.985887230693282,3.985887230693282,3.985887230693282,3.985887230693282,3.985887230693282,3.985887230693282,3.985887230693282,3.985887230693282,3.985887230693282,3.985887230693282,3.985887230693282,3.985887230693282,3.985887230693282,3.985887230693282,3.985887230693282,3.985887230693282,3.985887230693282,3.985887230693282,3.985887230693282,3.985887230693282,3.985887230693282,3.985887230693282,3.985887230693282,3.985887230693282,3.985887230693282,3.985887230693282,3.985887230693282,3.985887230693282,3.985887230693282,3.985887230693282,3.985887230693282,3.985887230693282,3.985887230693282,3.985887230693282,3.985887230693282,3.985887230693282,3.985887230693282,3.985887230693282,3.985887230693282,3.985887230693282,3.985887230693282,3.985887230693282,3.985887230693282,3.985887230693282,3.985887230693282,3.985887230693282,3.985887230693282,3.985887230693282,3.985887230693282,3.985887230693282,3.985887230693282,3.985887230693282,3.985887230693282,3.985887230693282,3.985887230693282,3.985887230693282,3.985887230693282,3.985887230693282,3.985887230693282,3.985887230693282,3.985887230693282,3.985887230693282,3.985887230693282,3.985887230693282,3.985887230693282,3.985887230693282,3.985887230693282,3.985887230693282,3.985887230693282,3.985887230693282,3.985887230693282,3.985887230693282,3.985887230693282,3.985887230693282,3.985887230693282,3.985887230693282,3.985887230693282,3.985887230693282,3.985887230693282,3.985887230693282,3.985887230693282,3.985887230693282,3.985887230693282,3.985887230693282,3.985887230693282,3.985887230693282,3.985887230693282,3.985887230693282,3.985887230693282,3.985887230693282,3.985887230693282,3.985887230693282,3.985887230693282,3.985887230693282,3.985887230693282,3.985887230693282,3.985887230693282,3.985887230693282,3.985887230693282,3.985887230693282,3.985887230693282,3.985887230693282,3.985887230693282,3.985887230693282,3.985887230693282,3.985887230693282,3.985887230693282,3.985887230693282,3.985887230693282,3.985887230693282,3.985887230693282,3.985887230693282,3.985887230693282,3.985887230693282,3.985887230693282,3.985887230693282,3.985887230693282,3.985887230693282,3.985887230693282,3.985887230693282,3.985887230693282,3.985887230693282,3.985887230693282,3.985887230693282,3.985887230693282,3.985887230693282,3.985887230693282,3.985887230693282,3.985887230693282,3.985887230693282,3.985887230693282,3.985887230693282,3.985887230693282,3.985887230693282,3.985887230693282,3.985887230693282,3.985887230693282,3.985887230693282,3.985887230693282,3.985887230693282,3.985887230693282,3.985887230693282,3.985887230693282,3.985887230693282,3.985887230693282,3.985887230693282,3.985887230693282,3.985887230693282,3.985887230693282,3.985887230693282,3.985887230693282,3.985887230693282,3.985887230693282,3.985887230693282,3.985887230693282,3.985887230693282,3.985887230693282,3.985887230693282,3.985887230693282,3.985887230693282,3.985887230693282,3.985887230693282,3.985887230693282,3.985887230693282,3.985887230693282,3.985887230693282,3.985887230693282,3.985887230693282,3.985887230693282,3.985887230693282,3.985887230693282,3.985887230693282,3.985887230693282,3.985887230693282,3.985887230693282,3.985887230693282,3.985887230693282,3.985887230693282,3.985887230693282,3.985887230693282,3.985887230693282,3.985887230693282,3.985887230693282,3.985887230693282,3.985887230693282,3.985887230693282,3.985887230693282,3.985887230693282,3.985887230693282,3.985887230693282,3.985887230693282,3.985887230693282,3.985887230693282,3.985887230693282,3.985887230693282,3.985887230693282,3.985887230693282,3.985887230693282,3.985887230693282,3.985887230693282,3.985887230693282,3.985887230693282,3.985887230693282,3.985887230693282,3.985887230693282,3.985887230693282,3.985887230693282,3.985887230693282,3.985887230693282,3.985887230693282,3.985887230693282,3.985887230693282,3.985887230693282,3.985887230693282,3.985887230693282,3.9229396994221526,3.9229396994221526,3.9229396994221526,3.9229396994221526,3.9229396994221526,3.9229396994221526,3.9229396994221526,3.9229396994221526,3.9229396994221526,3.9229396994221526,3.9229396994221526,3.9229396994221526,3.9229396994221526,3.9229396994221526,3.9229396994221526,3.9229396994221526,3.9229396994221526,3.9229396994221526,3.9229396994221526,3.9229396994221526,3.9229396994221526,3.9229396994221526,3.9229396994221526,3.9229396994221526,3.9229396994221526,3.9229396994221526,3.9229396994221526,3.9229396994221526,3.9229396994221526,3.9229396994221526,3.9229396994221526,3.9229396994221526,3.9229396994221526,3.9229396994221526,3.9229396994221526,3.9229396994221526,3.9229396994221526,3.9229396994221526,3.9229396994221526,3.9229396994221526,3.9229396994221526,3.9229396994221526,3.9229396994221526,3.9229396994221526,3.9229396994221526,3.9229396994221526,3.9229396994221526,3.9229396994221526,3.9229396994221526,3.9229396994221526,3.9229396994221526,3.9229396994221526,3.9229396994221526,3.9229396994221526,3.9229396994221526,3.9229396994221526,3.9229396994221526,3.9229396994221526,3.9229396994221526,3.9229396994221526,3.9229396994221526,3.9229396994221526,3.9229396994221526,3.9229396994221526,3.9229396994221526,3.9229396994221526,3.9229396994221526,3.9229396994221526,3.9229396994221526,3.9229396994221526,3.9229396994221526,3.9229396994221526,3.9229396994221526,3.9229396994221526,3.9229396994221526,3.9229396994221526,3.9229396994221526,3.9229396994221526,3.9229396994221526,3.9229396994221526,3.9229396994221526,3.9229396994221526,3.9229396994221526,3.9229396994221526,3.9229396994221526,3.9229396994221526,3.9229396994221526,3.9229396994221526,3.9229396994221526,3.9229396994221526,3.9229396994221526,3.9229396994221526,3.9229396994221526,3.9229396994221526,3.9229396994221526,3.9229396994221526,3.9229396994221526,3.9229396994221526,3.9229396994221526,3.9229396994221526,3.9229396994221526,3.9229396994221526,3.9229396994221526,3.9229396994221526,3.9229396994221526,3.9229396994221526,3.9229396994221526,3.9229396994221526,3.9229396994221526,3.9229396994221526,3.9229396994221526,3.9229396994221526,3.9229396994221526,3.9229396994221526,3.9229396994221526,3.9229396994221526,3.9229396994221526,3.9229396994221526,3.9229396994221526,3.9229396994221526,3.9229396994221526,3.9229396994221526,3.9229396994221526,3.9229396994221526,3.9229396994221526,3.9229396994221526,3.9229396994221526,3.9229396994221526,3.9229396994221526,3.9229396994221526,3.9229396994221526,3.9229396994221526,3.9229396994221526,3.9229396994221526,3.9229396994221526,3.9229396994221526,3.9229396994221526,3.9229396994221526,3.9229396994221526,3.9229396994221526,3.9229396994221526,3.9229396994221526,3.9229396994221526,3.9229396994221526,3.9229396994221526,3.9229396994221526,3.9229396994221526,3.9229396994221526,3.9229396994221526,3.9229396994221526,3.9229396994221526,3.9229396994221526,3.9229396994221526,3.9229396994221526,3.9229396994221526,3.9229396994221526,3.9229396994221526,3.9229396994221526,3.9229396994221526,3.9229396994221526,3.9229396994221526,3.9229396994221526,3.9229396994221526,3.9229396994221526,3.9229396994221526,3.9229396994221526,3.9229396994221526,3.9229396994221526,3.9229396994221526,3.9229396994221526,3.9229396994221526,3.9229396994221526,3.9229396994221526,3.9229396994221526,3.9229396994221526,3.9229396994221526,3.9229396994221526,3.9229396994221526,3.9229396994221526,3.9229396994221526,3.9229396994221526,3.9229396994221526,3.9229396994221526,3.9229396994221526,3.9229396994221526,3.9229396994221526,3.9229396994221526,3.9229396994221526,3.9229396994221526,3.9229396994221526,3.9229396994221526,3.9229396994221526,3.9229396994221526,3.9229396994221526,3.9229396994221526,3.9229396994221526,3.9229396994221526,3.9229396994221526,3.9229396994221526,3.9229396994221526,3.9229396994221526,3.9229396994221526,3.9229396994221526,3.9229396994221526,3.9229396994221526,3.9229396994221526,3.9229396994221526,3.9229396994221526,3.9229396994221526,3.9229396994221526,3.9229396994221526,3.9229396994221526,3.9229396994221526,3.9229396994221526,3.9229396994221526,3.9229396994221526,3.9229396994221526,3.9229396994221526,3.9229396994221526,3.9229396994221526,3.9229396994221526,3.9229396994221526,3.9229396994221526,3.9229396994221526,3.9229396994221526,3.9229396994221526,3.9229396994221526,3.9229396994221526,3.9229396994221526,3.9229396994221526,3.9229396994221526,3.9229396994221526,3.9229396994221526,3.9229396994221526,3.9229396994221526,3.9229396994221526,3.9229396994221526,3.9229396994221526,3.9229396994221526,3.9229396994221526,3.9229396994221526,3.9229396994221526,3.9229396994221526,3.9229396994221526,3.9229396994221526,3.9229396994221526,3.9229396994221526,3.9229396994221526,3.9229396994221526,3.9229396994221526,3.9229396994221526,3.9229396994221526,3.9229396994221526,3.9229396994221526,3.9229396994221526,3.9229396994221526,3.9229396994221526,3.9229396994221526,3.9229396994221526,3.9229396994221526,3.9229396994221526,3.9229396994221526,3.9229396994221526,3.9229396994221526,3.9229396994221526,3.9229396994221526,3.9229396994221526,3.9229396994221526,3.9229396994221526,3.9229396994221526,3.9229396994221526,3.9229396994221526,3.9229396994221526,3.9229396994221526,3.9229396994221526,3.9229396994221526,3.9229396994221526,3.9229396994221526,3.9229396994221526,3.9229396994221526,3.9229396994221526,3.9229396994221526,3.9229396994221526,3.9229396994221526,3.9229396994221526,3.9229396994221526,3.9229396994221526,3.9229396994221526,3.9229396994221526,3.9229396994221526,3.9229396994221526,3.9229396994221526,3.9229396994221526,3.9229396994221526,3.9229396994221526,3.9229396994221526,3.9229396994221526,3.9229396994221526,3.9229396994221526,3.9229396994221526,3.9229396994221526,3.9229396994221526,3.9229396994221526,3.9229396994221526,3.9229396994221526,3.9229396994221526,3.9229396994221526,3.9229396994221526,3.9229396994221526,3.9229396994221526,3.9229396994221526,3.9229396994221526,3.9229396994221526,3.9229396994221526,3.9229396994221526,3.9229396994221526,3.9229396994221526,3.9229396994221526,3.9229396994221526,3.9229396994221526,3.9229396994221526,3.9229396994221526,3.9229396994221526,3.9229396994221526,3.9229396994221526,3.9229396994221526,3.9229396994221526,3.9229396994221526,3.9229396994221526,3.9229396994221526,3.9229396994221526,3.9229396994221526,3.9229396994221526,3.9229396994221526,3.9229396994221526,3.9229396994221526,3.9229396994221526,3.9229396994221526,3.9229396994221526,3.9229396994221526,3.9229396994221526,3.9229396994221526,3.9229396994221526,3.9229396994221526,3.9229396994221526,3.9229396994221526,3.9229396994221526,3.9229396994221526,3.9229396994221526,3.9229396994221526,3.9229396994221526,3.9229396994221526,3.9229396994221526,3.9229396994221526,3.9229396994221526,3.9229396994221526,3.9229396994221526,3.9229396994221526,3.9229396994221526,3.9229396994221526,3.9229396994221526,3.9229396994221526,3.9229396994221526,3.9229396994221526,3.9229396994221526,3.9229396994221526,3.9229396994221526,3.9229396994221526,3.9229396994221526,3.9229396994221526,3.9229396994221526,3.9229396994221526,3.9229396994221526,3.9229396994221526,3.9229396994221526,3.9229396994221526,3.9229396994221526,3.9229396994221526,3.9229396994221526,3.9229396994221526,3.9229396994221526,3.9229396994221526,3.9229396994221526,3.9229396994221526,3.9229396994221526,3.9229396994221526,3.9229396994221526,3.9229396994221526,3.9229396994221526,3.9229396994221526,3.9229396994221526,3.9229396994221526,3.9229396994221526,3.9229396994221526,3.9229396994221526,3.9229396994221526,3.9229396994221526,3.9229396994221526,3.9229396994221526,3.9229396994221526,3.9229396994221526,3.9229396994221526,3.9229396994221526,3.9229396994221526,3.9229396994221526,3.9229396994221526,3.9229396994221526,3.9229396994221526,3.9229396994221526,3.9229396994221526,3.9229396994221526,3.9229396994221526,3.9229396994221526,3.9229396994221526,3.9229396994221526,3.9229396994221526,3.9229396994221526,3.9229396994221526,3.9229396994221526,3.9229396994221526,3.9229396994221526,3.9229396994221526,3.9229396994221526,3.9229396994221526,3.9229396994221526,3.9229396994221526,3.9229396994221526,3.9229396994221526,3.9229396994221526,3.9229396994221526,3.9229396994221526,3.9229396994221526,3.9229396994221526,3.9229396994221526,3.9229396994221526,3.9229396994221526,3.9229396994221526,3.9229396994221526,3.9229396994221526,7.665741129785827,7.665741129785827,7.665741129785827,7.665741129785827,7.355508696320427,7.355508696320427,7.355508696320427,7.1852279107233805,7.1852279107233805,7.1852279107233805,7.17652686900451,7.17652686900451,7.17652686900451,7.17652686900451,6.780328099962662,6.780328099962662,6.780328099962662,6.780328099962662,6.780328099962662,6.780328099962662,6.780328099962662,6.780328099962662,6.780328099962662,6.589255056383782,6.589255056383782,6.589255056383782,6.589255056383782,6.589255056383782,6.589255056383782,6.589255056383782,6.589255056383782,6.589255056383782,6.589255056383782,6.589255056383782,6.589255056383782,6.589255056383782,6.589255056383782,6.589255056383782,6.589255056383782,6.589255056383782,6.589255056383782,6.589255056383782,6.589255056383782,6.589255056383782,6.589255056383782,6.589255056383782,6.589255056383782,6.589255056383782,6.589255056383782,6.589255056383782,6.589255056383782,6.589255056383782,6.589255056383782,6.589255056383782,6.589255056383782,6.589255056383782,6.589255056383782,6.589255056383782,6.589255056383782,6.589255056383782,6.589255056383782,6.589255056383782,6.589255056383782,6.589255056383782,6.589255056383782,6.589255056383782,6.589255056383782,6.589255056383782,6.589255056383782,6.589255056383782,6.589255056383782,6.589255056383782,6.589255056383782,6.589255056383782,6.589255056383782,6.589255056383782,6.589255056383782,6.589255056383782,6.589255056383782,6.589255056383782,6.589255056383782,6.589255056383782,6.589255056383782,6.589255056383782,5.746873348151279,5.746873348151279,5.746873348151279,5.746873348151279,5.746873348151279,5.746873348151279,5.746873348151279,5.746873348151279,5.746873348151279,5.746873348151279,5.746873348151279,5.746873348151279,5.746873348151279,5.746873348151279,5.746873348151279,5.746873348151279,5.746873348151279,5.746873348151279,5.746873348151279,5.746873348151279,5.746873348151279,5.746873348151279,5.746873348151279,5.746873348151279,5.577460859910297,5.577460859910297,5.577460859910297,5.577460859910297,5.577460859910297,5.577460859910297,5.577460859910297,5.577460859910297,5.577460859910297,5.577460859910297,5.577460859910297,5.577460859910297,5.577460859910297,5.577460859910297,5.577460859910297,5.577460859910297,5.577460859910297,5.577460859910297,5.577460859910297,5.577460859910297,5.577460859910297,5.577460859910297,5.577460859910297,5.577460859910297,5.577460859910297,5.577460859910297,5.577460859910297,5.577460859910297,5.577460859910297,5.577460859910297,5.577460859910297,5.577460859910297,5.577460859910297,5.577460859910297,5.577460859910297,5.577460859910297,5.577460859910297,5.577460859910297,5.577460859910297,5.577460859910297,5.577460859910297,5.577460859910297,5.577460859910297,5.577460859910297,5.577460859910297,5.577460859910297,5.577460859910297,5.577460859910297,5.577460859910297,5.577460859910297,5.577460859910297,5.577460859910297,5.577460859910297,5.577460859910297,5.577460859910297,5.577460859910297,5.577460859910297,5.577460859910297,5.577460859910297,5.577460859910297,5.577460859910297,5.577460859910297,5.577460859910297,5.577460859910297,5.577460859910297,5.577460859910297,5.577460859910297,5.577460859910297,5.577460859910297,5.577460859910297,5.577460859910297,5.577460859910297,5.577460859910297,5.577460859910297,5.577460859910297,5.577460859910297,5.577460859910297,5.577460859910297,5.577460859910297,5.577460859910297,5.577460859910297,5.577460859910297,5.577460859910297,5.577460859910297,5.577460859910297,5.577460859910297,5.577460859910297,5.577460859910297,5.577460859910297,5.577460859910297,5.577460859910297,5.577460859910297,5.577460859910297,5.577460859910297,5.577460859910297,5.577460859910297,5.577460859910297,5.577460859910297,5.577460859910297,5.577460859910297,5.577460859910297,5.577460859910297,5.577460859910297,5.577460859910297,5.075304066380707,4.937547306636484,4.937547306636484,4.048812640146749,4.048812640146749,4.005427177958114,4.005427177958114,3.984352554185627,3.984352554185627,3.984352554185627,3.984352554185627,3.984352554185627,3.984352554185627,3.984352554185627,3.984352554185627,3.984352554185627,3.984352554185627,3.984352554185627,3.984352554185627,3.984352554185627,3.984352554185627,3.984352554185627,3.984352554185627,3.984352554185627,3.984352554185627,3.984352554185627,3.984352554185627,3.984352554185627,3.984352554185627,3.984352554185627,3.984352554185627,3.984352554185627,3.984352554185627,3.984352554185627,3.984352554185627,3.984352554185627,3.984352554185627,3.984352554185627,3.984352554185627,3.984352554185627,3.984352554185627,3.984352554185627,3.984352554185627,3.984352554185627,3.984352554185627,3.984352554185627,3.984352554185627,3.984352554185627,3.984352554185627,3.984352554185627,3.984352554185627,3.984352554185627,3.984352554185627,3.984352554185627,3.984352554185627,3.984352554185627,3.984352554185627,3.984352554185627,3.984352554185627,3.984352554185627,3.984352554185627,3.984352554185627,3.984352554185627,3.984352554185627,3.984352554185627,3.984352554185627,3.984352554185627,3.984352554185627,3.984352554185627,3.984352554185627,3.984352554185627,3.984352554185627,3.984352554185627,3.984352554185627,3.984352554185627,3.984352554185627,3.984352554185627,3.984352554185627,3.984352554185627,3.984352554185627,3.984352554185627,3.984352554185627,3.984352554185627,3.984352554185627,3.984352554185627,3.984352554185627,3.984352554185627,3.984352554185627,3.984352554185627,3.984352554185627,3.984352554185627,3.984352554185627,3.984352554185627,3.984352554185627,3.984352554185627,3.984352554185627,3.984352554185627,3.984352554185627,3.984352554185627,3.984352554185627,3.984352554185627,3.984352554185627,3.984352554185627,3.984352554185627,3.984352554185627,3.984352554185627,3.984352554185627,3.984352554185627,3.984352554185627,3.984352554185627,3.984352554185627,3.984352554185627,3.984352554185627,3.984352554185627,3.984352554185627,3.984352554185627,3.984352554185627,3.984352554185627,3.984352554185627,3.984352554185627,3.984352554185627,3.984352554185627,3.984352554185627,3.984352554185627,3.984352554185627,3.984352554185627,3.984352554185627,3.984352554185627,3.984352554185627,3.984352554185627,3.984352554185627,3.984352554185627,3.984352554185627,3.984352554185627,3.984352554185627,3.984352554185627,3.984352554185627,3.984352554185627,3.984352554185627,3.984352554185627,3.984352554185627,3.984352554185627,3.984352554185627,3.984352554185627,3.984352554185627,3.984352554185627,3.984352554185627,3.984352554185627,3.984352554185627,3.984352554185627,3.984352554185627,3.984352554185627,3.984352554185627,3.984352554185627,3.984352554185627,3.984352554185627,3.984352554185627,3.984352554185627,3.984352554185627,3.984352554185627,3.984352554185627,3.984352554185627,3.984352554185627,3.984352554185627,3.984352554185627,3.984352554185627,3.984352554185627,3.984352554185627,3.984352554185627,3.984352554185627,3.984352554185627,3.984352554185627,3.984352554185627,3.984352554185627,3.984352554185627,3.984352554185627,3.984352554185627,3.984352554185627,3.984352554185627,3.984352554185627,3.984352554185627,3.984352554185627,3.984352554185627,3.984352554185627,3.984352554185627,3.984352554185627,3.984352554185627,3.984352554185627,3.984352554185627,3.984352554185627,3.984352554185627,3.984352554185627,3.984352554185627,3.984352554185627,3.984352554185627,3.984352554185627,3.984352554185627,3.984352554185627,3.984352554185627,3.984352554185627,3.984352554185627,3.984352554185627,3.984352554185627,3.984352554185627,3.984352554185627,3.984352554185627,3.984352554185627,3.984352554185627,3.984352554185627,3.984352554185627,3.984352554185627,3.984352554185627,3.984352554185627,3.984352554185627,3.984352554185627,3.984352554185627,3.984352554185627,3.984352554185627,2.71250643054533,2.71250643054533,2.71250643054533,2.71250643054533,2.71250643054533,2.71250643054533,2.71250643054533,2.71250643054533,2.71250643054533,2.71250643054533,2.71250643054533,2.71250643054533,2.71250643054533,2.71250643054533,2.71250643054533,2.71250643054533,2.71250643054533,2.71250643054533,2.71250643054533,2.71250643054533,2.71250643054533,2.71250643054533,2.71250643054533,2.71250643054533,2.71250643054533,2.71250643054533,2.71250643054533,2.71250643054533,2.71250643054533,2.71250643054533,2.71250643054533,2.71250643054533,2.71250643054533,2.71250643054533,2.71250643054533,2.71250643054533,2.71250643054533,2.71250643054533,2.71250643054533,2.71250643054533,2.71250643054533,2.71250643054533,2.71250643054533,2.71250643054533,2.71250643054533,2.71250643054533,2.71250643054533,2.71250643054533,2.71250643054533,2.71250643054533,2.71250643054533,2.71250643054533,2.71250643054533,2.71250643054533,2.71250643054533,2.71250643054533,2.71250643054533,2.71250643054533,2.71250643054533,2.71250643054533,2.71250643054533,2.71250643054533,2.71250643054533,2.71250643054533,2.71250643054533,2.71250643054533,2.71250643054533,2.71250643054533,2.71250643054533,2.71250643054533,2.71250643054533,2.71250643054533,2.71250643054533,2.71250643054533,2.71250643054533,2.71250643054533,2.71250643054533,2.71250643054533,2.71250643054533,2.71250643054533,2.71250643054533,2.71250643054533,2.71250643054533,2.71250643054533,2.71250643054533,2.71250643054533,2.71250643054533,2.71250643054533,2.71250643054533,2.71250643054533,2.71250643054533,2.71250643054533,2.71250643054533,2.71250643054533,2.71250643054533,2.71250643054533,2.71250643054533,2.71250643054533,2.71250643054533,2.71250643054533,2.71250643054533,2.71250643054533,2.71250643054533,2.71250643054533,2.71250643054533,2.71250643054533,2.71250643054533,2.71250643054533,2.71250643054533,2.71250643054533,2.71250643054533,2.71250643054533,2.71250643054533,2.71250643054533,2.71250643054533,2.71250643054533,2.71250643054533,2.71250643054533,2.71250643054533,2.71250643054533,2.71250643054533,2.71250643054533,2.71250643054533,2.71250643054533,2.71250643054533,2.71250643054533,2.71250643054533,2.71250643054533,2.71250643054533,2.71250643054533,2.71250643054533,2.71250643054533,2.71250643054533,2.71250643054533,2.71250643054533,2.71250643054533,2.71250643054533,2.71250643054533,2.71250643054533,2.71250643054533,2.71250643054533,2.71250643054533,2.71250643054533,2.71250643054533,2.71250643054533,2.71250643054533,2.71250643054533,2.71250643054533,2.71250643054533,2.71250643054533,2.71250643054533,2.71250643054533,2.71250643054533,2.71250643054533,2.71250643054533,2.71250643054533,2.71250643054533,2.71250643054533,2.71250643054533,2.71250643054533,2.71250643054533,2.71250643054533,2.71250643054533,2.71250643054533,2.71250643054533,2.71250643054533,2.71250643054533,2.71250643054533,2.71250643054533,2.71250643054533,2.71250643054533,2.71250643054533,2.71250643054533,2.71250643054533,2.71250643054533,2.71250643054533,2.71250643054533,2.71250643054533,2.71250643054533,2.71250643054533,2.71250643054533,2.71250643054533,2.71250643054533,2.71250643054533,2.71250643054533,2.71250643054533,2.71250643054533,2.71250643054533,2.71250643054533,2.71250643054533,2.71250643054533,2.71250643054533,2.71250643054533,2.71250643054533,2.71250643054533,2.71250643054533,2.71250643054533,2.71250643054533,2.71250643054533,2.71250643054533,2.71250643054533,2.71250643054533,2.71250643054533,2.71250643054533,2.71250643054533,2.71250643054533,2.71250643054533,2.71250643054533,2.71250643054533,2.71250643054533,2.71250643054533,2.71250643054533,2.71250643054533,2.71250643054533,2.71250643054533,2.71250643054533,2.71250643054533,2.71250643054533,2.71250643054533,2.71250643054533,2.71250643054533,2.71250643054533,2.71250643054533,2.71250643054533,2.71250643054533,2.71250643054533,2.71250643054533,2.71250643054533,2.71250643054533,2.71250643054533,2.71250643054533,2.71250643054533,2.71250643054533,2.71250643054533,2.71250643054533,2.71250643054533,2.71250643054533,2.71250643054533,2.71250643054533,2.71250643054533,2.71250643054533,2.71250643054533,2.71250643054533,2.71250643054533,2.71250643054533,2.71250643054533,2.71250643054533,2.71250643054533,2.71250643054533,2.71250643054533,2.71250643054533,2.71250643054533,2.71250643054533,2.71250643054533,2.71250643054533,2.71250643054533,2.71250643054533,2.71250643054533,2.71250643054533,2.71250643054533,2.71250643054533,2.71250643054533,2.71250643054533,2.71250643054533,2.71250643054533,2.71250643054533,2.71250643054533,2.71250643054533,2.71250643054533,2.71250643054533,2.71250643054533,2.71250643054533,2.71250643054533,2.71250643054533,2.71250643054533,2.71250643054533,2.71250643054533,2.71250643054533,2.71250643054533,2.71250643054533,2.71250643054533,2.71250643054533,2.71250643054533,2.71250643054533,2.71250643054533,2.71250643054533,2.71250643054533,2.71250643054533,2.71250643054533,2.71250643054533,2.71250643054533,2.71250643054533,2.71250643054533,2.71250643054533,2.71250643054533,2.71250643054533,2.71250643054533,2.71250643054533,2.71250643054533,2.71250643054533,2.71250643054533,2.71250643054533,2.71250643054533,2.71250643054533,2.71250643054533,2.71250643054533,2.71250643054533,2.71250643054533,2.71250643054533,2.71250643054533,2.71250643054533,2.71250643054533,2.71250643054533,2.71250643054533,2.71250643054533,2.71250643054533,2.71250643054533,2.71250643054533,2.71250643054533,2.71250643054533,2.71250643054533,2.71250643054533,2.71250643054533,2.71250643054533,2.71250643054533,2.71250643054533,2.71250643054533,2.71250643054533,2.71250643054533,2.71250643054533,2.71250643054533,2.71250643054533,2.71250643054533,2.71250643054533,2.71250643054533,2.71250643054533,2.71250643054533,2.71250643054533,2.71250643054533,2.71250643054533,2.71250643054533,2.71250643054533,2.71250643054533,2.71250643054533,2.71250643054533,2.71250643054533,2.71250643054533,2.71250643054533,2.71250643054533,2.71250643054533,2.71250643054533,2.71250643054533,2.71250643054533,2.71250643054533,2.71250643054533,2.71250643054533,2.71250643054533,2.71250643054533,2.71250643054533,2.71250643054533,2.71250643054533,2.71250643054533,2.71250643054533,2.71250643054533,2.71250643054533,2.71250643054533,2.71250643054533,2.71250643054533,2.71250643054533,2.71250643054533,2.71250643054533,2.71250643054533,2.71250643054533,2.71250643054533,2.71250643054533,2.71250643054533,2.71250643054533,2.71250643054533,2.71250643054533,2.71250643054533,2.71250643054533,2.71250643054533,2.71250643054533,2.71250643054533,2.71250643054533,2.71250643054533,2.71250643054533,2.71250643054533,2.71250643054533,2.71250643054533,2.71250643054533,2.71250643054533,2.71250643054533,2.71250643054533,2.71250643054533,2.71250643054533,2.71250643054533,2.71250643054533,2.71250643054533,2.71250643054533,2.71250643054533,2.71250643054533,2.71250643054533,2.71250643054533,2.71250643054533,2.71250643054533,2.71250643054533,2.71250643054533,2.71250643054533,2.71250643054533,2.71250643054533,2.71250643054533,2.71250643054533,2.71250643054533,2.71250643054533,2.71250643054533,2.71250643054533,2.71250643054533,2.71250643054533,2.71250643054533,2.71250643054533,2.71250643054533,2.71250643054533,2.71250643054533,2.71250643054533,2.71250643054533,2.71250643054533,2.71250643054533,2.71250643054533,2.71250643054533,2.71250643054533,2.71250643054533,2.71250643054533,2.71250643054533,2.71250643054533,2.71250643054533,2.71250643054533,2.71250643054533,2.71250643054533,2.71250643054533,2.71250643054533,2.71250643054533,2.71250643054533,2.71250643054533,2.71250643054533,2.71250643054533,2.71250643054533,2.71250643054533,2.71250643054533,2.71250643054533,2.71250643054533,2.71250643054533,2.71250643054533,2.71250643054533,2.71250643054533,2.71250643054533,2.71250643054533,2.71250643054533,2.71250643054533,2.71250643054533,2.71250643054533,2.71250643054533,2.71250643054533,2.71250643054533,2.71250643054533,2.71250643054533,2.71250643054533,2.71250643054533,2.71250643054533,2.71250643054533,2.71250643054533,2.71250643054533,2.71250643054533,2.71250643054533,2.71250643054533,2.71250643054533,2.71250643054533,2.71250643054533,2.71250643054533,2.71250643054533,2.71250643054533,2.71250643054533,2.71250643054533,2.71250643054533,2.71250643054533,2.71250643054533,2.71250643054533,2.71250643054533,2.71250643054533,2.71250643054533,2.71250643054533,2.71250643054533,2.71250643054533,2.71250643054533,2.71250643054533,2.71250643054533,2.71250643054533,2.71250643054533,2.71250643054533,2.71250643054533,2.71250643054533,2.71250643054533,2.71250643054533,2.71250643054533,2.71250643054533,2.71250643054533,2.71250643054533,2.71250643054533,2.71250643054533,2.71250643054533,2.71250643054533,2.71250643054533,2.71250643054533,2.71250643054533,2.71250643054533,2.71250643054533,2.71250643054533,2.71250643054533,2.71250643054533,2.71250643054533,2.71250643054533,2.71250643054533,2.71250643054533,2.71250643054533,2.71250643054533,2.71250643054533,2.71250643054533,2.71250643054533,2.71250643054533,2.71250643054533,2.71250643054533,2.71250643054533,2.71250643054533,2.71250643054533,2.71250643054533,2.71250643054533,2.71250643054533,2.71250643054533,2.71250643054533,2.71250643054533,2.71250643054533,2.71250643054533,2.71250643054533,2.71250643054533,2.71250643054533,2.71250643054533,2.71250643054533,2.71250643054533,2.71250643054533,2.71250643054533,2.71250643054533,2.71250643054533,2.71250643054533,2.71250643054533,2.71250643054533,2.71250643054533,2.71250643054533,2.71250643054533,2.71250643054533,2.71250643054533,2.71250643054533,2.71250643054533,2.71250643054533,2.71250643054533,2.71250643054533,2.71250643054533,2.71250643054533,2.71250643054533,2.71250643054533,2.71250643054533,6.717472093344083,6.717472093344083,6.429540751736626,6.429540751736626,6.429540751736626,6.2034562725247655,6.2034562725247655,6.2034562725247655,6.2034562725247655,6.2034562725247655,6.2034562725247655,6.2034562725247655,6.2034562725247655,6.2034562725247655,6.2034562725247655,6.2034562725247655,6.2034562725247655,6.2034562725247655,6.2034562725247655,6.2034562725247655,6.2034562725247655,6.166621132138569,6.166621132138569,6.166621132138569,6.166621132138569,6.166621132138569,6.166621132138569,6.166621132138569,6.166621132138569,6.166621132138569,6.166621132138569,6.166621132138569,6.166621132138569,6.166621132138569,6.166621132138569,5.1205690380069955,5.035232816567778,5.035232816567778,5.035232816567778,5.035232816567778,5.035232816567778,5.035232816567778,5.035232816567778,5.035232816567778,5.035232816567778,5.035232816567778,5.035232816567778,5.035232816567778,5.035232816567778,5.035232816567778,5.035232816567778,5.035232816567778,5.035232816567778,5.035232816567778,5.035232816567778,5.035232816567778,5.035232816567778,5.035232816567778,5.035232816567778,5.035232816567778,5.035232816567778,5.035232816567778,5.035232816567778,5.035232816567778,5.035232816567778,5.035232816567778,5.035232816567778,5.035232816567778,5.035232816567778,5.035232816567778,5.035232816567778,5.035232816567778,5.035232816567778,5.035232816567778,5.035232816567778,5.035232816567778,5.035232816567778,5.035232816567778,4.713459075671429,4.713459075671429,4.713459075671429,4.713459075671429,4.713459075671429,4.713459075671429,4.713459075671429,4.713459075671429,4.713459075671429,4.713459075671429,4.713459075671429,4.713459075671429,4.713459075671429,4.713459075671429,4.713459075671429,4.713459075671429,4.713459075671429,4.713459075671429,4.713459075671429,4.713459075671429,4.713459075671429,4.713459075671429,4.713459075671429,4.713459075671429,4.713459075671429,4.713459075671429,4.713459075671429,4.713459075671429,4.713459075671429,4.713459075671429,4.713459075671429,4.713459075671429,4.713459075671429,4.713459075671429,4.713459075671429,4.713459075671429,4.713459075671429,4.713459075671429,4.713459075671429,4.713459075671429,4.713459075671429,4.713459075671429,4.713459075671429,4.713459075671429,4.713459075671429,4.713459075671429,4.713459075671429,4.713459075671429,4.713459075671429,4.713459075671429,4.713459075671429,4.713459075671429,4.713459075671429,4.713459075671429,4.713459075671429,4.713459075671429,4.713459075671429,4.713459075671429,4.713459075671429,4.713459075671429,4.713459075671429,4.713459075671429,4.713459075671429,4.713459075671429,4.713459075671429,4.713459075671429,4.713459075671429,4.713459075671429,4.713459075671429,4.713459075671429,4.713459075671429,4.713459075671429,4.713459075671429,4.713459075671429,4.713459075671429,4.713459075671429,4.713459075671429,4.713459075671429,4.713459075671429,4.713459075671429,4.713459075671429,4.713459075671429,4.713459075671429,4.713459075671429,4.713459075671429,4.713459075671429,4.713459075671429,4.713459075671429,4.713459075671429,4.713459075671429,4.713459075671429,4.713459075671429,4.713459075671429,4.713459075671429,4.713459075671429,4.713459075671429,4.713459075671429,4.713459075671429,4.713459075671429,4.713459075671429,4.713459075671429,4.681401244805231,4.681401244805231,4.681401244805231,4.681401244805231,4.681401244805231,4.589397505968738,4.589397505968738,4.589397505968738,4.589397505968738,4.589397505968738,4.589397505968738,4.589397505968738,4.589397505968738,4.589397505968738,4.589397505968738,4.589397505968738,4.589397505968738,4.589397505968738,4.589397505968738,4.589397505968738,4.589397505968738,4.589397505968738,4.589397505968738,4.589397505968738,4.589397505968738,4.589397505968738,4.589397505968738,4.589397505968738,4.589397505968738,4.589397505968738,4.589397505968738,4.589397505968738,4.589397505968738,4.589397505968738,4.589397505968738,4.589397505968738,4.589397505968738,4.589397505968738,4.589397505968738,4.589397505968738,4.589397505968738,4.589397505968738,4.589397505968738,4.589397505968738,4.589397505968738,4.589397505968738,4.589397505968738,4.589397505968738,4.589397505968738,4.589397505968738,4.589397505968738,4.589397505968738,4.589397505968738,4.589397505968738,4.589397505968738,4.589397505968738,4.589397505968738,4.589397505968738,4.589397505968738,4.589397505968738,4.589397505968738,4.589397505968738,4.589397505968738,4.589397505968738,4.589397505968738,4.589397505968738,4.589397505968738,4.589397505968738,4.589397505968738,4.589397505968738,4.589397505968738,4.589397505968738,4.589397505968738,4.589397505968738,4.589397505968738,4.589397505968738,4.589397505968738,4.589397505968738,4.589397505968738,4.589397505968738,4.589397505968738,4.589397505968738,4.589397505968738,4.589397505968738,4.589397505968738,4.589397505968738,4.589397505968738,4.589397505968738,4.589397505968738,4.589397505968738,4.589397505968738,4.589397505968738,4.589397505968738,4.589397505968738,4.589397505968738,4.589397505968738,4.589397505968738,4.589397505968738,4.589397505968738,4.589397505968738,4.589397505968738,4.589397505968738,4.589397505968738,4.589397505968738,4.589397505968738,4.589397505968738,4.589397505968738,4.589397505968738,4.589397505968738,4.589397505968738,4.589397505968738,4.589397505968738,4.589397505968738,4.589397505968738,4.589397505968738,4.589397505968738,4.589397505968738,4.589397505968738,4.589397505968738,4.589397505968738,4.589397505968738,4.589397505968738,4.589397505968738,4.589397505968738,4.589397505968738,4.589397505968738,4.589397505968738,4.589397505968738,4.589397505968738,4.589397505968738,4.589397505968738,4.589397505968738,4.589397505968738,4.589397505968738,4.589397505968738,4.589397505968738,4.589397505968738,4.589397505968738,4.589397505968738,4.589397505968738,4.589397505968738,4.589397505968738,4.589397505968738,4.589397505968738,4.589397505968738,4.589397505968738,4.589397505968738,4.589397505968738,4.589397505968738,4.589397505968738,4.589397505968738,4.589397505968738,4.589397505968738,4.589397505968738,4.589397505968738,4.589397505968738,4.589397505968738,4.589397505968738,4.589397505968738,4.589397505968738,4.589397505968738,4.589397505968738,4.589397505968738,4.589397505968738,4.589397505968738,4.589397505968738,4.589397505968738,4.589397505968738,4.589397505968738,4.589397505968738,4.442652860084004,4.418219009652775,4.418219009652775,4.418219009652775,4.418219009652775,4.418219009652775,4.418219009652775,3.9826564393744497,3.9826564393744497,3.9826564393744497,3.9826564393744497,3.9826564393744497,3.9826564393744497,3.9826564393744497,3.9826564393744497,3.9826564393744497,3.9826564393744497,3.9826564393744497,3.9826564393744497,3.9826564393744497,3.9826564393744497,3.9826564393744497,3.9091244684624034,3.9091244684624034,3.907840723724224,3.907840723724224,3.907840723724224,3.907840723724224,3.907840723724224,3.907840723724224,3.907840723724224,3.907840723724224,3.907840723724224,3.907840723724224,3.907840723724224,3.907840723724224,3.907840723724224,3.907840723724224,3.907840723724224,3.907840723724224,3.907840723724224,3.907840723724224,3.907840723724224,3.907840723724224,3.907840723724224,3.907840723724224,3.907840723724224,3.907840723724224,3.907840723724224,3.907840723724224,3.907840723724224,3.907840723724224,3.907840723724224,3.907840723724224,3.907840723724224,3.907840723724224,3.907840723724224,3.907840723724224,3.907840723724224,3.907840723724224,3.907840723724224,3.907840723724224,3.907840723724224,3.907840723724224,3.907840723724224,3.907840723724224,3.907840723724224,3.907840723724224,3.907840723724224,3.907840723724224,3.907840723724224,3.907840723724224,3.907840723724224,3.907840723724224,3.907840723724224,3.907840723724224,3.907840723724224,3.907840723724224,3.907840723724224,3.907840723724224,3.907840723724224,3.907840723724224,3.907840723724224,3.907840723724224,3.907840723724224,3.907840723724224,3.907840723724224,3.907840723724224,3.907840723724224,3.907840723724224,3.907840723724224,3.907840723724224,3.907840723724224,3.907840723724224,3.907840723724224,3.907840723724224,3.907840723724224,3.907840723724224,3.907840723724224,3.907840723724224,3.907840723724224,3.907840723724224,3.907840723724224,3.907840723724224,3.907840723724224,3.907840723724224,3.907840723724224,3.907840723724224,3.907840723724224,3.907840723724224,3.907840723724224,3.907840723724224,3.907840723724224,3.907840723724224,3.907840723724224,3.907840723724224,3.907840723724224,3.907840723724224,3.907840723724224,3.907840723724224,3.907840723724224,3.907840723724224,3.907840723724224,3.907840723724224,3.907840723724224,3.907840723724224,3.907840723724224,3.907840723724224,3.907840723724224,3.907840723724224,3.907840723724224,3.907840723724224,3.907840723724224,3.907840723724224,3.907840723724224,3.907840723724224,3.907840723724224,3.907840723724224,3.907840723724224,3.907840723724224,3.907840723724224,3.907840723724224,3.907840723724224,3.907840723724224,3.907840723724224,3.907840723724224,3.907840723724224,3.907840723724224,3.907840723724224,3.907840723724224,3.907840723724224,3.907840723724224,3.907840723724224,3.907840723724224,3.907840723724224,3.907840723724224,3.907840723724224,3.907840723724224,3.907840723724224,3.907840723724224,3.907840723724224,3.907840723724224,3.907840723724224,3.907840723724224,3.907840723724224,2.763193975640905,2.763193975640905,2.763193975640905,2.763193975640905,2.763193975640905,2.763193975640905,2.763193975640905,2.763193975640905,2.763193975640905,2.763193975640905,2.763193975640905,2.763193975640905,2.763193975640905,2.763193975640905,2.763193975640905,2.763193975640905,2.763193975640905,2.763193975640905,2.763193975640905,2.763193975640905,2.763193975640905,2.763193975640905,2.763193975640905,2.763193975640905,2.763193975640905,2.763193975640905,2.763193975640905,2.763193975640905,2.763193975640905,2.763193975640905,2.763193975640905,2.763193975640905,2.763193975640905,2.763193975640905,2.763193975640905,2.763193975640905,2.763193975640905,2.763193975640905,2.763193975640905,2.763193975640905,2.763193975640905,2.763193975640905,2.763193975640905,2.763193975640905,2.763193975640905,2.763193975640905,2.763193975640905,2.763193975640905,2.763193975640905,2.763193975640905,2.763193975640905,2.763193975640905,2.763193975640905,2.763193975640905,2.763193975640905,2.763193975640905,2.763193975640905,2.763193975640905,2.763193975640905,2.763193975640905,2.763193975640905,2.763193975640905,2.763193975640905,2.763193975640905,2.763193975640905,2.763193975640905,2.763193975640905,2.763193975640905,2.763193975640905,2.763193975640905,2.763193975640905,2.763193975640905,2.763193975640905,2.763193975640905,2.763193975640905,2.763193975640905,2.763193975640905,2.763193975640905,2.763193975640905,2.763193975640905,2.763193975640905,2.763193975640905,2.763193975640905,2.763193975640905,2.763193975640905,2.763193975640905,2.763193975640905,2.763193975640905,2.763193975640905,2.763193975640905,2.763193975640905,2.763193975640905,2.763193975640905,2.763193975640905,2.763193975640905,2.763193975640905,2.763193975640905,2.763193975640905,2.763193975640905,2.763193975640905,2.763193975640905,2.763193975640905,2.763193975640905,2.763193975640905,2.763193975640905,2.763193975640905,2.763193975640905,2.763193975640905,2.763193975640905,2.763193975640905,2.763193975640905,2.763193975640905,2.763193975640905,2.763193975640905,2.763193975640905,2.763193975640905,2.763193975640905,2.763193975640905,2.763193975640905,2.763193975640905,2.763193975640905,2.763193975640905,2.763193975640905,2.763193975640905,2.763193975640905,2.763193975640905,2.763193975640905,2.763193975640905,2.763193975640905,2.763193975640905,2.763193975640905,2.763193975640905,2.763193975640905,2.763193975640905,2.763193975640905,2.763193975640905,2.763193975640905,2.763193975640905,2.763193975640905,2.763193975640905,2.763193975640905,2.763193975640905,2.763193975640905,2.763193975640905,2.763193975640905,2.763193975640905,2.763193975640905,2.763193975640905,2.763193975640905,2.763193975640905,2.763193975640905,2.763193975640905,2.763193975640905,2.763193975640905,2.763193975640905,2.763193975640905,2.763193975640905,2.763193975640905,2.763193975640905,2.763193975640905,2.763193975640905,2.763193975640905,2.763193975640905,2.763193975640905,2.763193975640905,2.763193975640905,2.763193975640905,2.763193975640905,2.763193975640905,2.763193975640905,2.763193975640905,2.763193975640905,2.763193975640905,2.763193975640905,2.763193975640905,2.763193975640905,2.763193975640905,2.763193975640905,2.763193975640905,2.763193975640905,2.763193975640905,2.763193975640905,2.763193975640905,2.763193975640905,2.763193975640905,2.763193975640905,2.763193975640905,2.763193975640905,2.763193975640905,2.763193975640905,2.763193975640905,2.763193975640905,2.763193975640905,2.763193975640905,2.763193975640905,2.763193975640905,2.763193975640905,2.763193975640905,2.763193975640905,2.763193975640905,2.763193975640905,2.763193975640905,2.763193975640905,2.763193975640905,2.763193975640905,2.763193975640905,2.763193975640905,2.763193975640905,2.763193975640905,2.763193975640905,2.763193975640905,2.763193975640905,2.763193975640905,2.763193975640905,2.763193975640905,2.763193975640905,2.763193975640905,2.763193975640905,2.763193975640905,2.763193975640905,2.763193975640905,2.763193975640905,2.763193975640905,2.763193975640905,2.763193975640905,2.763193975640905,2.763193975640905,2.763193975640905,2.763193975640905,2.763193975640905,2.763193975640905,2.763193975640905,2.763193975640905,2.763193975640905,2.763193975640905,2.763193975640905,2.763193975640905,2.763193975640905,2.763193975640905,1.7115174105186848,1.7115174105186848,1.7115174105186848,1.7115174105186848,1.7115174105186848,1.7115174105186848,1.7115174105186848,1.7115174105186848,1.7115174105186848,1.7115174105186848,1.7115174105186848,1.7115174105186848,1.7115174105186848,1.7115174105186848,1.7115174105186848,1.7115174105186848,1.7115174105186848,1.7115174105186848,1.7115174105186848,1.7115174105186848,1.7115174105186848,1.7115174105186848,1.7115174105186848,1.7115174105186848,1.7115174105186848,1.7115174105186848,1.7115174105186848,1.7115174105186848,1.7115174105186848,1.7115174105186848,1.7115174105186848,1.7115174105186848,1.7115174105186848,1.7115174105186848,1.7115174105186848,1.7115174105186848,1.7115174105186848,1.7115174105186848,1.7115174105186848,1.7115174105186848,1.7115174105186848,1.7115174105186848,1.7115174105186848,1.7115174105186848,1.7115174105186848,1.7115174105186848,1.7115174105186848,1.7115174105186848,1.7115174105186848,1.7115174105186848,1.7115174105186848,1.7115174105186848,1.7115174105186848,1.7115174105186848,1.7115174105186848,1.7115174105186848,1.7115174105186848,1.7115174105186848,1.7115174105186848,1.7115174105186848,1.7115174105186848,1.7115174105186848,1.7115174105186848,1.7115174105186848,1.7115174105186848,1.7115174105186848,1.7115174105186848,1.7115174105186848,1.7115174105186848,1.7115174105186848,1.7115174105186848,1.7115174105186848,1.7115174105186848,1.7115174105186848,1.7115174105186848,1.7115174105186848,1.7115174105186848,1.7115174105186848,1.7115174105186848,1.7115174105186848,1.7115174105186848,1.7115174105186848,1.7115174105186848,1.7115174105186848,1.7115174105186848,1.7115174105186848,1.7115174105186848,1.7115174105186848,1.7115174105186848,1.7115174105186848,1.7115174105186848,1.7115174105186848,1.7115174105186848,1.7115174105186848,1.7115174105186848,1.7115174105186848,1.7115174105186848,1.7115174105186848,1.7115174105186848,1.7115174105186848,1.7115174105186848,1.7115174105186848,1.7115174105186848,1.7115174105186848,1.7115174105186848,1.7115174105186848,1.7115174105186848,1.7115174105186848,1.7115174105186848,1.7115174105186848,1.7115174105186848,1.7115174105186848,1.7115174105186848,1.7115174105186848,1.7115174105186848,1.7115174105186848,1.7115174105186848,1.7115174105186848,1.7115174105186848,1.7115174105186848,1.7115174105186848,1.7115174105186848,1.7115174105186848,1.7115174105186848,1.7115174105186848,1.7115174105186848,1.7115174105186848,1.7115174105186848,1.7115174105186848,1.7115174105186848,1.7115174105186848,1.7115174105186848,1.7115174105186848,1.7115174105186848,1.7115174105186848,1.7115174105186848,1.7115174105186848,1.7115174105186848,1.7115174105186848,1.7115174105186848,1.7115174105186848,1.7115174105186848,1.7115174105186848,1.7115174105186848,1.7115174105186848,1.7115174105186848,1.7115174105186848,1.7115174105186848,1.7115174105186848,1.7115174105186848,1.7115174105186848,1.7115174105186848,1.7115174105186848,1.7115174105186848,1.7115174105186848,1.7115174105186848,1.7115174105186848,1.7115174105186848,1.7115174105186848,1.7115174105186848,1.7115174105186848,1.7115174105186848,1.7115174105186848,1.7115174105186848,1.7115174105186848,1.7115174105186848,1.7115174105186848,1.7115174105186848,1.7115174105186848,1.7115174105186848,1.7115174105186848,1.7115174105186848,1.7115174105186848,1.7115174105186848,1.7115174105186848,1.7115174105186848,1.7115174105186848,1.7115174105186848,1.7115174105186848,1.7115174105186848,1.7115174105186848,1.7115174105186848,1.7115174105186848,1.7115174105186848,1.7115174105186848,1.7115174105186848,1.7115174105186848,1.7115174105186848,1.7115174105186848,1.7115174105186848,1.7115174105186848,1.7115174105186848,1.7115174105186848,1.7115174105186848,1.7115174105186848,1.7115174105186848,1.7115174105186848,1.7115174105186848,1.7115174105186848,1.7115174105186848,1.7115174105186848,1.7115174105186848,1.7115174105186848,1.7115174105186848,1.7115174105186848,1.7115174105186848,1.7115174105186848,1.7115174105186848,1.7115174105186848,1.7115174105186848,1.7115174105186848,1.7115174105186848,1.7115174105186848,1.7115174105186848,1.7115174105186848,1.7115174105186848,1.7115174105186848,1.7115174105186848,1.7115174105186848,1.7115174105186848,1.7115174105186848,1.7115174105186848,1.7115174105186848,1.7115174105186848,1.7115174105186848,1.7115174105186848,1.7115174105186848,1.7115174105186848,1.7115174105186848,1.7115174105186848,1.7115174105186848,1.7115174105186848,1.7115174105186848,1.7115174105186848,1.7115174105186848,1.7115174105186848,1.7115174105186848,1.7115174105186848,1.7115174105186848,1.7115174105186848,1.7115174105186848,1.7115174105186848,1.7115174105186848,1.7115174105186848,1.7115174105186848,1.7115174105186848,1.7115174105186848,9.29901802756963,9.29901802756963,8.908124469563857,8.908124469563857,8.908124469563857,8.908124469563857,8.908124469563857,8.908124469563857,8.908124469563857,8.908124469563857,8.908124469563857,8.908124469563857,8.908124469563857,8.908124469563857,8.908124469563857,8.908124469563857,8.908124469563857,8.908124469563857,8.908124469563857,8.908124469563857,8.908124469563857,8.908124469563857,8.908124469563857,8.908124469563857,8.908124469563857,8.908124469563857,8.908124469563857,8.908124469563857,8.908124469563857,8.908124469563857,8.908124469563857,8.908124469563857,8.908124469563857,8.908124469563857,8.908124469563857,8.908124469563857,8.908124469563857,8.908124469563857,8.908124469563857,8.908124469563857,8.908124469563857,8.908124469563857,8.908124469563857,8.908124469563857,8.908124469563857,8.908124469563857,8.908124469563857,8.908124469563857,8.908124469563857,8.908124469563857,8.908124469563857,8.908124469563857,8.908124469563857,8.908124469563857,8.908124469563857,8.908124469563857,8.908124469563857,8.908124469563857,8.908124469563857,8.908124469563857,8.908124469563857,8.908124469563857,8.908124469563857,8.908124469563857,8.908124469563857,8.908124469563857,8.908124469563857,8.908124469563857,8.908124469563857,8.908124469563857,8.908124469563857,8.908124469563857,8.908124469563857,8.908124469563857,8.908124469563857,8.908124469563857,8.908124469563857,8.908124469563857,8.908124469563857,8.908124469563857,8.908124469563857,8.908124469563857,8.908124469563857,8.908124469563857,8.908124469563857,8.908124469563857,8.908124469563857,8.908124469563857,8.908124469563857,8.908124469563857,8.908124469563857,8.908124469563857,8.908124469563857,8.908124469563857,8.908124469563857,8.908124469563857,8.908124469563857,8.908124469563857,8.908124469563857,8.908124469563857,8.908124469563857,8.908124469563857,8.908124469563857,8.908124469563857,8.908124469563857,8.908124469563857,8.908124469563857,8.908124469563857,8.560588524982409,8.560588524982409,8.560588524982409,8.560588524982409,8.560588524982409,8.560588524982409,8.560588524982409,8.560588524982409,8.560588524982409,8.560588524982409,8.560588524982409,8.560588524982409,8.560588524982409,8.560588524982409,8.560588524982409,8.560588524982409,8.560588524982409,8.560588524982409,8.560588524982409,8.560588524982409,8.560588524982409,8.560588524982409,8.560588524982409,8.560588524982409,8.560588524982409,8.560588524982409,8.560588524982409,8.560588524982409,8.560588524982409,8.560588524982409,8.560588524982409,8.560588524982409,8.560588524982409,8.560588524982409,8.560588524982409,8.560588524982409,8.560588524982409,8.560588524982409,8.560588524982409,8.560588524982409,8.560588524982409,8.560588524982409,8.560588524982409,8.560588524982409,8.560588524982409,8.560588524982409,8.560588524982409,8.560588524982409,8.560588524982409,8.560588524982409,8.560588524982409,8.560588524982409,8.560588524982409,8.560588524982409,8.560588524982409,8.560588524982409,8.560588524982409,8.560588524982409,8.560588524982409,8.021642316598204,8.021642316598204,8.021642316598204,8.021642316598204,8.021642316598204,8.021642316598204,8.021642316598204,8.021642316598204,8.021642316598204,8.021642316598204,8.021642316598204,8.021642316598204,8.021642316598204,8.021642316598204,7.717149023607697,7.717149023607697,7.717149023607697,7.717149023607697,7.717149023607697,7.717149023607697,7.717149023607697,7.717149023607697,7.717149023607697,7.710412426480498,7.710412426480498,7.710412426480498,7.710412426480498,7.710412426480498,7.710412426480498,7.710412426480498,7.710412426480498,7.710412426480498,7.631722187540539,7.631722187540539,7.631722187540539,7.631722187540539,7.631722187540539,7.350147557417102,7.350147557417102,7.350147557417102,7.350147557417102,7.350147557417102,7.350147557417102,7.350147557417102,7.350147557417102,7.350147557417102,7.350147557417102,7.350147557417102,7.350147557417102,7.350147557417102,7.350147557417102,7.350147557417102,7.350147557417102,7.350147557417102,7.350147557417102,7.350147557417102,7.350147557417102,7.350147557417102,7.350147557417102,7.350147557417102,7.350147557417102,7.342826513513735,7.342826513513735,7.342826513513735,7.342826513513735,7.342826513513735,7.342826513513735,7.342826513513735,7.342826513513735,7.342826513513735,7.342826513513735,7.342826513513735,7.342826513513735,7.342826513513735,7.342826513513735,7.342826513513735,7.342826513513735,7.342826513513735,7.342826513513735,7.342826513513735,7.336542584758112,7.336542584758112,7.336542584758112,7.336542584758112,7.336542584758112,7.336542584758112,7.336542584758112,7.336542584758112,7.336542584758112,7.336542584758112,7.336542584758112,7.336542584758112,7.335816985261752,7.335816985261752,7.335816985261752,7.003483699216222,7.003483699216222,7.003483699216222,7.003483699216222,7.003483699216222,7.003483699216222,7.003483699216222,7.003483699216222,7.003483699216222,7.003483699216222,7.003483699216222,7.003483699216222,7.003483699216222,7.003483699216222,7.003483699216222,7.003483699216222,7.003483699216222,7.003483699216222,7.003483699216222,7.003483699216222,7.003483699216222,7.003483699216222,7.003483699216222,7.003483699216222,7.003483699216222,7.003483699216222,7.003483699216222,7.003483699216222,7.003483699216222,7.003483699216222,7.003483699216222,7.003483699216222,7.003483699216222,7.003483699216222,7.003483699216222,7.003483699216222,7.003483699216222,7.003483699216222,7.003483699216222,7.003483699216222,7.003483699216222,7.003483699216222,7.003483699216222,7.003483699216222,7.003483699216222,6.936973248756287,6.936973248756287,6.800775625642522,6.800775625642522,6.800775625642522,6.800775625642522,6.800775625642522,6.800775625642522,6.800775625642522,6.800775625642522,6.800775625642522,6.800775625642522,6.800775625642522,6.800775625642522,6.800775625642522,6.800775625642522,6.800775625642522,6.800775625642522,6.800775625642522,6.800775625642522,6.800775625642522,6.800775625642522,6.800775625642522,6.800775625642522,6.800775625642522,6.800775625642522,6.800775625642522,6.800775625642522,6.800775625642522,6.800775625642522,6.800775625642522,6.800775625642522,6.800775625642522,6.800775625642522,6.800775625642522,6.800775625642522,6.800775625642522,6.800775625642522,6.7916204847041,6.7916204847041,6.7916204847041,6.7916204847041,6.7916204847041,6.7916204847041,6.7916204847041,6.7916204847041,6.7916204847041,6.7916204847041,6.7916204847041,6.7916204847041,6.7916204847041,6.7916204847041,6.7916204847041,6.7916204847041,6.7916204847041,6.7916204847041,6.7916204847041,6.7916204847041,6.7916204847041,6.7916204847041,6.7916204847041,6.7916204847041,6.7916204847041,6.7916204847041,6.7916204847041,6.7916204847041,6.7916204847041,6.7916204847041,6.7916204847041,6.7916204847041,6.7916204847041,6.7916204847041,6.7916204847041,6.7916204847041,6.7916204847041,6.7916204847041,6.7916204847041,6.7916204847041,6.7916204847041,6.7916204847041,6.7916204847041,6.7916204847041,6.7916204847041,6.7916204847041,6.7916204847041,6.7916204847041,6.7916204847041,6.7916204847041,6.7916204847041,6.7916204847041,6.7916204847041,6.7916204847041,6.7916204847041,6.7916204847041,6.7916204847041,6.7916204847041,6.7916204847041,6.7916204847041,6.7916204847041,6.7916204847041,6.7916204847041,6.7916204847041,6.7916204847041,6.7916204847041,6.7916204847041,6.7916204847041,6.7916204847041,6.7916204847041,6.7916204847041,6.7916204847041,6.7916204847041,6.7916204847041,6.7916204847041,6.7916204847041,6.7916204847041,6.7916204847041,6.7916204847041,6.7916204847041,6.7916204847041,6.7916204847041,6.7916204847041,6.7916204847041,6.7916204847041,6.7916204847041,6.7916204847041,6.7916204847041,6.7916204847041,6.7916204847041,6.7916204847041,6.7916204847041,6.7916204847041,6.7916204847041,6.7916204847041,6.7916204847041,6.7916204847041,6.7916204847041,6.7916204847041,6.7916204847041,6.7916204847041,6.7916204847041,6.7916204847041,6.7916204847041,6.7916204847041,6.7916204847041,6.7916204847041,6.7916204847041,6.7916204847041,6.7916204847041,6.7916204847041,6.7916204847041,6.7916204847041,6.7916204847041,6.7916204847041,6.7916204847041,6.7916204847041,6.7916204847041,6.7916204847041,6.7916204847041,6.7916204847041,6.7916204847041,6.7916204847041,6.7916204847041,6.7916204847041,6.7916204847041,6.7916204847041,6.7916204847041,6.7916204847041,6.7916204847041,6.7916204847041,6.7916204847041,6.7916204847041,6.7916204847041,6.7916204847041,6.7916204847041,6.7916204847041,6.7916204847041,6.7916204847041,6.7916204847041,6.7916204847041,6.7916204847041,6.7916204847041,6.7916204847041,6.7916204847041,6.7916204847041,6.7916204847041,6.7916204847041,6.7916204847041,6.7916204847041,6.7916204847041,6.7916204847041,6.7916204847041,6.7916204847041,6.7916204847041,6.7916204847041,6.7916204847041,6.7916204847041,6.7916204847041,6.7916204847041,6.7916204847041,6.7916204847041,6.7916204847041,6.7916204847041,6.7916204847041,6.7916204847041,6.7916204847041,6.7916204847041,6.7916204847041,6.7916204847041,6.7916204847041,6.7916204847041,6.7916204847041,6.7916204847041,6.7916204847041,6.7916204847041,6.7916204847041,6.7916204847041,6.7916204847041,6.7916204847041,6.7916204847041,6.7916204847041,6.7916204847041,6.7916204847041,6.7916204847041,6.7916204847041,6.7916204847041,6.7916204847041,6.7916204847041,6.7916204847041,6.7916204847041,6.7916204847041,6.7916204847041,6.7916204847041,6.7916204847041,6.7916204847041,6.7916204847041,6.7916204847041,6.7916204847041,6.7916204847041,6.7916204847041,6.7916204847041,6.7916204847041,6.7916204847041,6.7916204847041,6.7916204847041,6.7916204847041,6.7916204847041,6.7916204847041,6.7916204847041,6.7916204847041,6.7916204847041,6.7916204847041,6.7916204847041,6.7916204847041,6.7916204847041,6.7916204847041,6.7916204847041,6.7916204847041,6.7916204847041,6.7916204847041,6.7916204847041,6.7916204847041,6.7916204847041,6.7916204847041,6.7916204847041,6.7916204847041,6.7916204847041,6.7916204847041,6.7916204847041,6.7916204847041,6.7916204847041,6.7916204847041,6.7916204847041,6.7916204847041,6.7916204847041,6.7916204847041,6.7916204847041,6.7916204847041,6.7916204847041,6.7916204847041,6.7916204847041,6.7916204847041,6.7916204847041,6.7916204847041,6.7916204847041,6.7916204847041,6.7916204847041,6.7916204847041,6.7916204847041,6.7916204847041,6.7916204847041,6.7916204847041,6.7916204847041,6.7916204847041,6.7916204847041,6.7916204847041,6.7916204847041,6.7916204847041,6.7916204847041,6.7916204847041,6.7916204847041,6.7916204847041,6.7916204847041,6.7916204847041,6.7916204847041,6.7916204847041,6.7916204847041,6.7916204847041,6.7916204847041,6.7916204847041,6.7916204847041,6.7916204847041,6.7916204847041,6.7916204847041,6.7916204847041,6.7916204847041,6.7916204847041,6.7916204847041,6.7916204847041,6.7916204847041,6.7916204847041,6.7916204847041,6.7916204847041,6.7916204847041,6.7916204847041,6.7916204847041,6.7916204847041,6.7916204847041,6.7916204847041,6.7916204847041,6.275542330813943,6.275542330813943,6.275542330813943,6.275542330813943,6.275542330813943,6.275542330813943,6.275542330813943,6.275542330813943,6.275542330813943,6.275542330813943,6.275542330813943,6.275542330813943,6.275542330813943,6.275542330813943,6.275542330813943,6.275542330813943,6.275542330813943,6.275542330813943,6.275542330813943,6.275542330813943,6.275542330813943,6.275542330813943,6.275542330813943,6.275542330813943,6.275542330813943,6.275542330813943,6.275542330813943,6.275542330813943,6.275542330813943,6.275542330813943,6.275542330813943,6.275542330813943,6.275542330813943,6.275542330813943,6.275542330813943,6.275542330813943,6.275542330813943,6.275542330813943,6.275542330813943,6.275542330813943,6.275542330813943,6.275542330813943,6.275542330813943,6.275542330813943,6.275542330813943,6.275542330813943,6.275542330813943,6.275542330813943,6.275542330813943,6.275542330813943,6.275542330813943,6.275542330813943,6.275542330813943,6.275542330813943,6.275542330813943,6.275542330813943,6.275542330813943,6.275542330813943,6.275542330813943,6.275542330813943,6.275542330813943,6.275542330813943,6.275542330813943,6.275542330813943,6.275542330813943,6.275542330813943,6.275542330813943,6.275542330813943,6.275542330813943,6.275542330813943,6.275542330813943,6.275542330813943,6.275542330813943,6.275542330813943,6.275542330813943,6.275542330813943,6.275542330813943,6.275542330813943,6.275542330813943,6.275542330813943,6.275542330813943,6.275542330813943,6.275542330813943,6.275542330813943,6.275542330813943,6.275542330813943,6.275542330813943,6.275542330813943,6.275542330813943,6.275542330813943,6.275542330813943,6.275542330813943,6.275542330813943,6.275542330813943,6.275542330813943,6.275542330813943,6.275542330813943,6.275542330813943,6.275542330813943,6.275542330813943,6.275542330813943,6.275542330813943,6.275542330813943,6.275542330813943,6.275542330813943,6.275542330813943,6.275542330813943,6.275542330813943,6.275542330813943,6.275542330813943,6.275542330813943,6.275542330813943,6.275542330813943,6.275542330813943,6.275542330813943,6.275542330813943,6.275542330813943,6.275542330813943,6.275542330813943,6.275542330813943,6.275542330813943,6.275542330813943,6.275542330813943,6.275542330813943,6.275542330813943,6.275542330813943,6.275542330813943,6.275542330813943,6.275542330813943,6.275542330813943,6.275542330813943,6.275542330813943,6.275542330813943,6.275542330813943,6.275542330813943,6.275542330813943,6.275542330813943,6.275542330813943,6.275542330813943,6.275542330813943,6.275542330813943,6.275542330813943,6.275542330813943,6.275542330813943,6.275542330813943,6.275542330813943,6.200081071319818,6.200081071319818,6.200081071319818,6.200081071319818,6.200081071319818,6.200081071319818,6.200081071319818,6.200081071319818,6.200081071319818,6.200081071319818,6.200081071319818,6.200081071319818,6.200081071319818,6.200081071319818,6.200081071319818,6.200081071319818,6.200081071319818,6.200081071319818,6.200081071319818,6.200081071319818,6.200081071319818,6.200081071319818,6.200081071319818,6.200081071319818,6.200081071319818,6.200081071319818,6.200081071319818,6.200081071319818,6.200081071319818,6.200081071319818,6.200081071319818,6.200081071319818,6.200081071319818,6.200081071319818,6.200081071319818,6.200081071319818,6.200081071319818,6.200081071319818,6.200081071319818,6.200081071319818,6.200081071319818,6.200081071319818,6.200081071319818,6.200081071319818,6.200081071319818,6.200081071319818,6.200081071319818,6.200081071319818,6.200081071319818,6.200081071319818,6.200081071319818,6.200081071319818,6.200081071319818,6.200081071319818,6.200081071319818,6.200081071319818,6.200081071319818,6.200081071319818,6.200081071319818,6.200081071319818,6.200081071319818,6.200081071319818,6.200081071319818,6.200081071319818,6.200081071319818,6.200081071319818,6.200081071319818,6.200081071319818,6.200081071319818,6.200081071319818,6.200081071319818,6.200081071319818,6.200081071319818,6.200081071319818,6.200081071319818,6.200081071319818,6.200081071319818,6.200081071319818,6.200081071319818,6.200081071319818,6.200081071319818,6.200081071319818,6.200081071319818,6.200081071319818,6.200081071319818,6.200081071319818,6.200081071319818,6.200081071319818,6.200081071319818,6.200081071319818,6.200081071319818,6.200081071319818,6.200081071319818,6.200081071319818,6.200081071319818,6.200081071319818,6.200081071319818,6.200081071319818,6.200081071319818,6.200081071319818,6.200081071319818,6.200081071319818,6.200081071319818,6.200081071319818,6.200081071319818,6.200081071319818,6.200081071319818,6.200081071319818,6.200081071319818,6.200081071319818,6.200081071319818,6.200081071319818,6.200081071319818,6.200081071319818,6.200081071319818,6.200081071319818,6.200081071319818,6.200081071319818,6.200081071319818,6.200081071319818,6.200081071319818,6.200081071319818,6.200081071319818,6.200081071319818,6.200081071319818,6.200081071319818,6.200081071319818,6.200081071319818,6.200081071319818,6.200081071319818,6.200081071319818,6.200081071319818,6.200081071319818,6.200081071319818,6.200081071319818,6.200081071319818,6.200081071319818,6.200081071319818,6.200081071319818,6.200081071319818,6.200081071319818,6.200081071319818,6.200081071319818,6.200081071319818,6.200081071319818,4.632404173436257,4.632404173436257,4.632404173436257,4.632404173436257,4.632404173436257,4.632404173436257,4.632404173436257,4.632404173436257,4.632404173436257,4.632404173436257,4.632404173436257,4.632404173436257,4.632404173436257,4.632404173436257,4.632404173436257,4.632404173436257,4.632404173436257,4.632404173436257,4.632404173436257,4.632404173436257,4.632404173436257,4.632404173436257,4.632404173436257,4.632404173436257,4.632404173436257,4.632404173436257,4.632404173436257,4.632404173436257,4.632404173436257,4.632404173436257,4.632404173436257,4.632404173436257,4.632404173436257,4.632404173436257,4.632404173436257,4.632404173436257,4.632404173436257,4.632404173436257,4.632404173436257,4.632404173436257,4.632404173436257,4.632404173436257,4.632404173436257,4.632404173436257,4.632404173436257,4.632404173436257,4.632404173436257,4.632404173436257,4.632404173436257,4.632404173436257,4.632404173436257,4.632404173436257,4.632404173436257,4.632404173436257,4.632404173436257,4.632404173436257,4.632404173436257,4.632404173436257,4.632404173436257,4.632404173436257,4.632404173436257,4.632404173436257,4.632404173436257,4.632404173436257,4.632404173436257,4.632404173436257,4.632404173436257,4.632404173436257,4.632404173436257,4.632404173436257,4.632404173436257,4.632404173436257,4.632404173436257,5.945606514033163,5.945606514033163,5.945606514033163,5.945606514033163,5.945606514033163,5.945606514033163,5.945606514033163,5.945606514033163,5.945606514033163,5.945606514033163,5.945606514033163,5.945606514033163,5.945606514033163,5.91479989457265,5.91479989457265,5.91479989457265,5.91479989457265,5.9104023397594245,5.9104023397594245,5.9104023397594245,5.903335209350401,5.794009106088151,5.794009106088151,5.794009106088151,5.794009106088151,5.794009106088151,5.794009106088151,5.794009106088151,5.794009106088151,5.786055935027169,5.786055935027169,5.786055935027169,5.786055935027169,5.786055935027169,5.786055935027169,5.786055935027169,5.786055935027169,5.786055935027169,5.786055935027169,5.786055935027169,5.728382719361872,5.728382719361872,5.728382719361872,5.727082946911006,5.727082946911006,5.727082946911006,5.727082946911006,5.727082946911006,5.727082946911006,5.727082946911006,5.727082946911006,5.727082946911006,5.727082946911006,5.727082946911006,5.727082946911006,5.727082946911006,5.727082946911006,5.727082946911006,5.727082946911006,5.727082946911006,5.727082946911006,5.727082946911006,5.727082946911006,5.727082946911006,5.727082946911006,5.727082946911006,5.727082946911006,5.727082946911006,5.727082946911006,5.727082946911006,5.727082946911006,5.727082946911006,5.727082946911006,5.727082946911006,5.727082946911006,5.727082946911006,5.727082946911006,5.727082946911006,5.727082946911006,5.727082946911006,5.727082946911006,5.727082946911006,5.727082946911006,5.727082946911006,5.727082946911006,5.727082946911006,5.727082946911006,5.727082946911006,5.727082946911006,5.727082946911006,5.727082946911006,5.727082946911006,5.727082946911006,5.727082946911006,5.727082946911006,5.727082946911006,5.727082946911006,3.907003292029931,3.6618458365699147,3.6618458365699147,3.6374910065300052,3.592657858412019,3.571148090656564,3.571148090656564,3.571148090656564,3.571148090656564,3.571148090656564,3.571148090656564,3.571148090656564,3.571148090656564,3.571148090656564,3.571148090656564,3.571148090656564,3.571148090656564,3.571148090656564,3.571148090656564,3.571148090656564,3.571148090656564,3.571148090656564,3.571148090656564,3.571148090656564,3.571148090656564,3.571148090656564,3.571148090656564,3.571148090656564,3.571148090656564,3.571148090656564,3.571148090656564,3.571148090656564,3.571148090656564,3.571148090656564,3.571148090656564,3.571148090656564,3.571148090656564,3.571148090656564,3.571148090656564,3.571148090656564,3.571148090656564,3.571148090656564,3.571148090656564,3.571148090656564,3.571148090656564,3.571148090656564,3.571148090656564,3.571148090656564,3.571148090656564,3.571148090656564,3.571148090656564,3.571148090656564,3.571148090656564,3.571148090656564,3.571148090656564,3.571148090656564,3.571148090656564,3.571148090656564,3.571148090656564,3.571148090656564,3.571148090656564,3.571148090656564,3.571148090656564,3.571148090656564,3.571148090656564,3.571148090656564,3.571148090656564,3.571148090656564,3.571148090656564,3.571148090656564,3.571148090656564,3.571148090656564,3.571148090656564,3.571148090656564,3.571148090656564,3.571148090656564,3.571148090656564,3.571148090656564,3.571148090656564,3.571148090656564,3.571148090656564,3.571148090656564,3.571148090656564,3.571148090656564,3.571148090656564,3.571148090656564,3.571148090656564,3.571148090656564,3.571148090656564,3.571148090656564,3.571148090656564,3.571148090656564,3.571148090656564,3.571148090656564,3.571148090656564,3.571148090656564,3.571148090656564,3.571148090656564,3.571148090656564,3.571148090656564,3.571148090656564,3.571148090656564,3.571148090656564,3.571148090656564,3.571148090656564,3.571148090656564,3.571148090656564,3.571148090656564,3.571148090656564,3.571148090656564,3.571148090656564,3.571148090656564,3.571148090656564,3.571148090656564,3.571148090656564,3.571148090656564,3.571148090656564,3.571148090656564,3.571148090656564,3.571148090656564,3.571148090656564,3.571148090656564,3.571148090656564,3.571148090656564,3.571148090656564,3.571148090656564,3.571148090656564,3.571148090656564,3.571148090656564,3.571148090656564,3.571148090656564,3.571148090656564,3.571148090656564,3.571148090656564,3.571148090656564,3.571148090656564,3.571148090656564,3.571148090656564,3.571148090656564,3.571148090656564,3.571148090656564,3.571148090656564,3.571148090656564,3.571148090656564,3.571148090656564,3.571148090656564,3.571148090656564,3.571148090656564,3.571148090656564,3.571148090656564,3.571148090656564,3.571148090656564,3.571148090656564,3.571148090656564,3.571148090656564,3.571148090656564,3.571148090656564,3.571148090656564,3.571148090656564,3.571148090656564,3.571148090656564,3.571148090656564,3.571148090656564,3.571148090656564,3.571148090656564,3.571148090656564,3.571148090656564,3.571148090656564,3.571148090656564,3.571148090656564,3.571148090656564,3.571148090656564,3.571148090656564,3.571148090656564,3.571148090656564,3.571148090656564,3.571148090656564,3.571148090656564,3.571148090656564,3.571148090656564,3.571148090656564,3.571148090656564,3.571148090656564,3.571148090656564,3.571148090656564,3.571148090656564,3.571148090656564,3.571148090656564,3.571148090656564,3.571148090656564,3.571148090656564,3.571148090656564,3.571148090656564,3.571148090656564,3.571148090656564,3.571148090656564,3.571148090656564,3.571148090656564,3.571148090656564,3.571148090656564,3.571148090656564,3.571148090656564,3.571148090656564,3.571148090656564,3.571148090656564,3.571148090656564,3.571148090656564,3.571148090656564,3.571148090656564,3.571148090656564,3.571148090656564,3.571148090656564,3.571148090656564,3.571148090656564,3.571148090656564,3.571148090656564,3.571148090656564,3.571148090656564,3.571148090656564,3.571148090656564,3.571148090656564,3.571148090656564,3.571148090656564,3.571148090656564,3.571148090656564,3.571148090656564,3.571148090656564,3.571148090656564,3.571148090656564,3.571148090656564,3.571148090656564,3.571148090656564,3.571148090656564,3.571148090656564,3.571148090656564,3.571148090656564,3.571148090656564,3.571148090656564,3.571148090656564,3.571148090656564,3.571148090656564,3.571148090656564,3.571148090656564,3.571148090656564,3.571148090656564,3.571148090656564,3.571148090656564,3.571148090656564,3.571148090656564,3.571148090656564,3.571148090656564,3.571148090656564,3.571148090656564,3.571148090656564,3.571148090656564,3.571148090656564,3.571148090656564,3.571148090656564,3.571148090656564,3.571148090656564,3.571148090656564,3.571148090656564,3.571148090656564,3.571148090656564,3.571148090656564,3.571148090656564,3.571148090656564,3.571148090656564,3.571148090656564,3.571148090656564,3.571148090656564,3.571148090656564,3.571148090656564,3.571148090656564,3.571148090656564,3.571148090656564,3.571148090656564,3.571148090656564,3.571148090656564,3.571148090656564,3.571148090656564,3.571148090656564,3.571148090656564,3.571148090656564,3.571148090656564,3.571148090656564,3.571148090656564,3.571148090656564,3.571148090656564,3.571148090656564,3.571148090656564,3.571148090656564,3.571148090656564,3.571148090656564,3.571148090656564,3.571148090656564,3.571148090656564,3.571148090656564,3.571148090656564,3.571148090656564,3.571148090656564,3.571148090656564,3.571148090656564,3.571148090656564,3.571148090656564,3.571148090656564,3.571148090656564,3.571148090656564,3.571148090656564,3.571148090656564,3.571148090656564,3.571148090656564,3.571148090656564,3.571148090656564,3.571148090656564,3.571148090656564,3.571148090656564,3.571148090656564,3.571148090656564,3.571148090656564,3.571148090656564,3.571148090656564,3.571148090656564,3.571148090656564,3.571148090656564,3.571148090656564,3.571148090656564,3.571148090656564,3.571148090656564,3.571148090656564,3.571148090656564,3.571148090656564,3.571148090656564,3.571148090656564,3.571148090656564,3.571148090656564,3.571148090656564,3.571148090656564,3.571148090656564,3.571148090656564,3.571148090656564,3.571148090656564,3.571148090656564,3.571148090656564,3.571148090656564,3.571148090656564,3.571148090656564,3.571148090656564,3.571148090656564,3.571148090656564,3.571148090656564,3.571148090656564,3.571148090656564,3.571148090656564,3.571148090656564,3.571148090656564,3.571148090656564,3.571148090656564,3.571148090656564,3.571148090656564,3.571148090656564,3.571148090656564,3.571148090656564,3.571148090656564,3.571148090656564,3.571148090656564,3.571148090656564,3.571148090656564,3.571148090656564,3.571148090656564,3.571148090656564,3.571148090656564,3.571148090656564,3.571148090656564,3.571148090656564,3.571148090656564,3.571148090656564,3.571148090656564,3.571148090656564,3.571148090656564,3.571148090656564,3.571148090656564,3.571148090656564,3.571148090656564,3.571148090656564,3.571148090656564,3.571148090656564,3.571148090656564,3.571148090656564,3.571148090656564,3.571148090656564,3.571148090656564,3.571148090656564,3.571148090656564,3.571148090656564,3.571148090656564,3.571148090656564,3.571148090656564,3.571148090656564,3.571148090656564,3.571148090656564,3.571148090656564,3.571148090656564,3.571148090656564,3.571148090656564,3.571148090656564,3.571148090656564,3.571148090656564,3.571148090656564,3.571148090656564,3.571148090656564,3.571148090656564,3.571148090656564,3.571148090656564,3.571148090656564,3.571148090656564,3.571148090656564,3.571148090656564,3.571148090656564,3.571148090656564,3.571148090656564,3.571148090656564,3.571148090656564,3.571148090656564,3.571148090656564,3.571148090656564,3.571148090656564,3.571148090656564,3.571148090656564,3.571148090656564,3.571148090656564,3.571148090656564,3.571148090656564,3.571148090656564,3.571148090656564,3.571148090656564,3.571148090656564,3.571148090656564,3.571148090656564,3.571148090656564,3.571148090656564,3.571148090656564,3.571148090656564,3.571148090656564,3.571148090656564,3.571148090656564,3.571148090656564,3.571148090656564,3.571148090656564,3.571148090656564,3.571148090656564,3.571148090656564,3.571148090656564,3.571148090656564,3.571148090656564,3.571148090656564,3.571148090656564,3.571148090656564,3.571148090656564,3.571148090656564,3.571148090656564,3.571148090656564,3.571148090656564,3.571148090656564,3.571148090656564,3.571148090656564,3.571148090656564,3.571148090656564,3.571148090656564,3.571148090656564,3.571148090656564,3.571148090656564,3.571148090656564,3.571148090656564,3.571148090656564,3.571148090656564,3.571148090656564,3.571148090656564,3.571148090656564,3.571148090656564,3.571148090656564,3.571148090656564,3.571148090656564,3.571148090656564,3.571148090656564,3.571148090656564,3.571148090656564,3.571148090656564,3.571148090656564,3.571148090656564,3.571148090656564,3.571148090656564,3.571148090656564,3.571148090656564,3.571148090656564,3.571148090656564,3.571148090656564,3.571148090656564,3.571148090656564,3.571148090656564,3.571148090656564,3.571148090656564,3.571148090656564,3.571148090656564,3.571148090656564,3.571148090656564,3.571148090656564,3.571148090656564,3.571148090656564,3.571148090656564,3.571148090656564,3.571148090656564,3.571148090656564,3.571148090656564,3.571148090656564,3.571148090656564,3.571148090656564,3.571148090656564,3.571148090656564,3.571148090656564,3.571148090656564,3.571148090656564,3.571148090656564,3.571148090656564,3.571148090656564,3.571148090656564,3.571148090656564,3.571148090656564,3.571148090656564,3.571148090656564,3.571148090656564,3.571148090656564,3.571148090656564,3.571148090656564,3.571148090656564,3.571148090656564,3.571148090656564,3.571148090656564,3.571148090656564,3.571148090656564,3.571148090656564,3.571148090656564,3.571148090656564,3.571148090656564,3.571148090656564,3.571148090656564,3.571148090656564,3.571148090656564,3.571148090656564,3.571148090656564,3.571148090656564,3.571148090656564,3.571148090656564,3.571148090656564,3.571148090656564,3.571148090656564,3.571148090656564,3.571148090656564,3.571148090656564,3.571148090656564,3.571148090656564,3.571148090656564,3.571148090656564,3.571148090656564,3.571148090656564,3.571148090656564,3.571148090656564,3.571148090656564,3.571148090656564,3.571148090656564,3.571148090656564,3.571148090656564,3.571148090656564,3.571148090656564,3.571148090656564,3.571148090656564,3.571148090656564,3.571148090656564,3.571148090656564,3.571148090656564,3.571148090656564,3.571148090656564,3.571148090656564,3.571148090656564,3.571148090656564,3.571148090656564,3.571148090656564,3.571148090656564,3.571148090656564,3.571148090656564,3.571148090656564,3.571148090656564,3.571148090656564,3.571148090656564,3.571148090656564,3.571148090656564,3.571148090656564,3.571148090656564,3.571148090656564,3.571148090656564,3.571148090656564,3.571148090656564,3.571148090656564,3.571148090656564,3.571148090656564,3.571148090656564,3.571148090656564,3.571148090656564,3.571148090656564,3.571148090656564,3.571148090656564,3.571148090656564,3.571148090656564,3.571148090656564,3.571148090656564,3.571148090656564,3.571148090656564,3.571148090656564,3.571148090656564,3.571148090656564,3.571148090656564,3.571148090656564,3.571148090656564,3.571148090656564,3.571148090656564,3.571148090656564,3.571148090656564,3.571148090656564,3.571148090656564,3.571148090656564,3.571148090656564,3.571148090656564,3.571148090656564,3.571148090656564,3.571148090656564,3.571148090656564,3.571148090656564,3.571148090656564,3.571148090656564,3.571148090656564,3.571148090656564,3.571148090656564,3.571148090656564,3.571148090656564,3.571148090656564,3.571148090656564,3.571148090656564,3.571148090656564,3.571148090656564,3.571148090656564,3.571148090656564,3.571148090656564,3.571148090656564,3.571148090656564,3.571148090656564,3.571148090656564,3.571148090656564,3.571148090656564,3.571148090656564,3.571148090656564,3.571148090656564,3.571148090656564,3.571148090656564,3.571148090656564,3.571148090656564,3.571148090656564,3.571148090656564,3.571148090656564,3.571148090656564,3.571148090656564,3.571148090656564,3.571148090656564,3.571148090656564,3.571148090656564,3.571148090656564,3.571148090656564,3.571148090656564,3.571148090656564,3.571148090656564,3.571148090656564,3.571148090656564,3.571148090656564,3.571148090656564,3.571148090656564,3.571148090656564,3.571148090656564,3.571148090656564,3.571148090656564,3.571148090656564,3.571148090656564,3.571148090656564,3.571148090656564,3.571148090656564,3.571148090656564,3.571148090656564,3.571148090656564,3.571148090656564,3.571148090656564,3.571148090656564,3.571148090656564,3.571148090656564,3.571148090656564,3.571148090656564,3.571148090656564,3.571148090656564,3.571148090656564,3.571148090656564,3.571148090656564,3.571148090656564,3.571148090656564,3.571148090656564,3.571148090656564,3.571148090656564,3.571148090656564,3.571148090656564,3.571148090656564,3.571148090656564,3.571148090656564,3.571148090656564,3.571148090656564,3.571148090656564,3.571148090656564,3.571148090656564,3.571148090656564,3.571148090656564,3.571148090656564,3.571148090656564,3.571148090656564,3.571148090656564,3.571148090656564,3.571148090656564,3.571148090656564,3.571148090656564,3.571148090656564,3.571148090656564,3.571148090656564,3.571148090656564,3.571148090656564,3.571148090656564,3.571148090656564,3.571148090656564,3.571148090656564,3.571148090656564,3.571148090656564,3.571148090656564,3.571148090656564,3.571148090656564,3.571148090656564,3.571148090656564,3.571148090656564,3.571148090656564,3.571148090656564,3.571148090656564,3.571148090656564,3.571148090656564,3.571148090656564,3.571148090656564,3.571148090656564,3.571148090656564,3.571148090656564,3.571148090656564,3.571148090656564,3.571148090656564,3.571148090656564,3.571148090656564,3.571148090656564,3.571148090656564,3.571148090656564,3.571148090656564,3.571148090656564,3.571148090656564,3.571148090656564,3.571148090656564,3.571148090656564,3.571148090656564,3.571148090656564,3.571148090656564,3.571148090656564,3.571148090656564,3.571148090656564,3.571148090656564,3.571148090656564,3.571148090656564,3.571148090656564,3.571148090656564,3.571148090656564,3.571148090656564,3.571148090656564,3.571148090656564,3.571148090656564,3.571148090656564,3.571148090656564,3.571148090656564,3.571148090656564,3.571148090656564,3.571148090656564,3.571148090656564,3.571148090656564,3.571148090656564,3.571148090656564,3.571148090656564,3.571148090656564,3.571148090656564,3.571148090656564,3.571148090656564,3.571148090656564,3.571148090656564,3.571148090656564,3.571148090656564,3.571148090656564,3.571148090656564,3.571148090656564,3.571148090656564,3.571148090656564,3.571148090656564,3.571148090656564,3.571148090656564,3.571148090656564,3.571148090656564,3.571148090656564,3.571148090656564,3.571148090656564,3.571148090656564,3.571148090656564,3.571148090656564,3.571148090656564,3.571148090656564,3.571148090656564,3.571148090656564,3.571148090656564,3.571148090656564,3.571148090656564,3.571148090656564,3.571148090656564,3.571148090656564,3.571148090656564,3.571148090656564,3.571148090656564,3.571148090656564,3.571148090656564,3.571148090656564,3.571148090656564,3.571148090656564,3.571148090656564,3.571148090656564,3.571148090656564,3.571148090656564,3.571148090656564,3.571148090656564,3.571148090656564,3.571148090656564,3.571148090656564,3.571148090656564,3.571148090656564,3.571148090656564,3.571148090656564,3.571148090656564,3.571148090656564,3.571148090656564,3.571148090656564,3.571148090656564,3.571148090656564,3.571148090656564,3.571148090656564,3.571148090656564,3.571148090656564,3.571148090656564,3.571148090656564,3.571148090656564,3.571148090656564,3.571148090656564,3.571148090656564,3.571148090656564,3.571148090656564,3.571148090656564,3.571148090656564,3.571148090656564,3.571148090656564,3.571148090656564,3.571148090656564,3.571148090656564,3.571148090656564,3.571148090656564,3.571148090656564,3.571148090656564,3.571148090656564,3.571148090656564,3.571148090656564,3.571148090656564,3.571148090656564,3.571148090656564,3.571148090656564,3.571148090656564,3.571148090656564,3.571148090656564,3.571148090656564,3.571148090656564,3.571148090656564,3.571148090656564,3.571148090656564,3.571148090656564,3.571148090656564,3.571148090656564,8.225874362375631,6.8123212882876825,6.8123212882876825,6.8123212882876825,6.716425924452368,6.716425924452368,6.716425924452368,6.716425924452368,6.716425924452368,6.716425924452368,6.716425924452368,6.716425924452368,6.716425924452368,6.716425924452368,6.716425924452368,6.716425924452368,6.716425924452368,6.716425924452368,6.716425924452368,6.716425924452368,6.716425924452368,6.716425924452368,6.716425924452368,6.716425924452368,6.716425924452368,6.716425924452368,5.588735152841551,4.636064557823558,4.530459588015265,4.530459588015265,4.530459588015265,4.530459588015265,4.530459588015265,4.530459588015265,4.530459588015265,4.530459588015265,4.530459588015265,4.530459588015265,4.530459588015265,4.530459588015265,4.530459588015265,4.530459588015265,4.530459588015265,4.530459588015265,4.530459588015265,4.530459588015265,4.530459588015265,4.530459588015265,4.530459588015265,4.530459588015265,4.490999503561446,4.490999503561446,4.490999503561446,4.490999503561446,4.4596634077458495,4.4596634077458495,4.4596634077458495,4.4596634077458495,4.4596634077458495,4.4596634077458495,4.4596634077458495,4.4596634077458495,4.4596634077458495,4.4596634077458495,4.4596634077458495,4.4596634077458495,4.4596634077458495,4.4596634077458495,4.4596634077458495,4.4596634077458495,4.4596634077458495,4.4596634077458495,4.4596634077458495,4.4596634077458495,4.4596634077458495,4.4596634077458495,4.4596634077458495,4.4596634077458495,4.4596634077458495,4.4596634077458495,4.4596634077458495,4.4596634077458495,4.4596634077458495,4.4596634077458495,4.4596634077458495,4.4596634077458495,4.4596634077458495,4.4596634077458495,4.4596634077458495,4.4596634077458495,4.4596634077458495,4.4596634077458495,4.4596634077458495,4.4596634077458495,4.4596634077458495,4.4596634077458495,4.4596634077458495,4.4596634077458495,4.4596634077458495,4.4596634077458495,4.4596634077458495,4.4596634077458495,4.4596634077458495,4.4596634077458495,4.4596634077458495,4.4596634077458495,4.4596634077458495,4.4596634077458495,4.4596634077458495,4.4596634077458495,4.4596634077458495,4.4596634077458495,4.4596634077458495,4.4596634077458495,4.4596634077458495,4.4596634077458495,4.4596634077458495,4.4596634077458495,4.4596634077458495,4.4596634077458495,4.4596634077458495,4.4596634077458495,4.4596634077458495,4.4596634077458495,4.4596634077458495,4.4596634077458495,4.4596634077458495,4.4596634077458495,4.4596634077458495,4.4596634077458495,4.4596634077458495,4.4596634077458495,4.4596634077458495,4.4596634077458495,4.4596634077458495,4.4596634077458495,4.4596634077458495,4.4596634077458495,4.4596634077458495,4.4596634077458495,4.4596634077458495,4.4596634077458495,4.4596634077458495,4.4596634077458495,4.4596634077458495,4.4596634077458495,4.4596634077458495,4.4596634077458495,4.4596634077458495,4.4596634077458495,4.4596634077458495,4.4596634077458495,4.4596634077458495,4.4596634077458495,4.4596634077458495,4.4596634077458495,4.4596634077458495,4.4596634077458495,4.4596634077458495,4.4596634077458495,4.4596634077458495,4.4596634077458495,4.4596634077458495,4.4596634077458495,4.4596634077458495,4.4596634077458495,4.4596634077458495,4.4596634077458495,4.4596634077458495,4.4596634077458495,4.4596634077458495,4.4596634077458495,4.4596634077458495,4.4596634077458495,4.4596634077458495,4.4596634077458495,4.4596634077458495,4.4596634077458495,4.4596634077458495,4.4596634077458495,4.4596634077458495,4.4596634077458495,4.4596634077458495,4.4596634077458495,4.4596634077458495,4.4596634077458495,4.4596634077458495,4.4596634077458495,4.4596634077458495,4.4596634077458495,4.4596634077458495,4.4596634077458495,4.4596634077458495,4.4596634077458495,4.4596634077458495,4.4596634077458495,4.4596634077458495,4.4596634077458495,4.4596634077458495,4.4596634077458495,4.4596634077458495,4.4596634077458495,4.4596634077458495,4.4596634077458495,4.4596634077458495,4.4596634077458495,4.4596634077458495,4.4596634077458495,4.4596634077458495,4.4596634077458495,4.4596634077458495,4.4596634077458495,4.4596634077458495,4.4596634077458495,4.4596634077458495,4.4596634077458495,4.4596634077458495,4.4596634077458495,4.4596634077458495,4.4596634077458495,4.4596634077458495,4.4596634077458495,4.4596634077458495,4.4596634077458495,4.4596634077458495,4.4596634077458495,4.4596634077458495,4.4596634077458495,4.4596634077458495,4.4596634077458495,4.4596634077458495,4.4596634077458495,4.4596634077458495,4.4596634077458495,4.4596634077458495,4.4596634077458495,4.4596634077458495,4.4596634077458495,4.4596634077458495,4.4596634077458495,4.4596634077458495,4.4596634077458495,4.4596634077458495,4.4596634077458495,3.017684351536334,3.017684351536334,3.017684351536334,3.017684351536334,3.017684351536334,3.017684351536334,3.017684351536334,3.017684351536334,3.017684351536334,3.017684351536334,3.017684351536334,3.017684351536334,3.017684351536334,3.017684351536334,3.017684351536334,3.017684351536334,3.017684351536334,3.017684351536334,3.017684351536334,3.017684351536334,3.017684351536334,3.017684351536334,3.017684351536334,3.017684351536334,3.017684351536334,3.017684351536334,3.017684351536334,3.017684351536334,3.017684351536334,3.017684351536334,3.017684351536334,3.017684351536334,3.017684351536334,3.017684351536334,3.017684351536334,3.017684351536334,3.017684351536334,3.017684351536334,3.017684351536334,3.017684351536334,3.017684351536334,3.017684351536334,3.017684351536334,3.017684351536334,3.017684351536334,3.017684351536334,3.017684351536334,3.017684351536334,3.017684351536334,3.017684351536334,3.017684351536334,3.017684351536334,3.017684351536334,3.017684351536334,3.017684351536334,3.017684351536334,3.017684351536334,3.017684351536334,3.017684351536334,3.017684351536334,3.017684351536334,3.017684351536334,3.017684351536334,3.017684351536334,3.017684351536334,3.017684351536334,3.017684351536334,3.017684351536334,3.017684351536334,3.017684351536334,3.017684351536334,3.017684351536334,3.017684351536334,3.017684351536334,3.017684351536334,3.017684351536334,3.017684351536334,3.017684351536334,3.017684351536334,3.017684351536334,3.017684351536334,3.017684351536334,3.017684351536334,3.017684351536334,3.017684351536334,3.017684351536334,3.017684351536334,3.017684351536334,3.017684351536334,3.017684351536334,3.017684351536334,3.017684351536334,3.017684351536334,3.017684351536334,3.017684351536334,3.017684351536334,3.017684351536334,3.017684351536334,3.017684351536334,3.017684351536334,3.017684351536334,3.017684351536334,3.017684351536334,3.017684351536334,3.017684351536334,3.017684351536334,3.017684351536334,3.017684351536334,3.017684351536334,3.017684351536334,3.017684351536334,3.017684351536334,3.017684351536334,3.017684351536334,3.017684351536334,3.017684351536334,3.017684351536334,3.017684351536334,3.017684351536334,3.017684351536334,3.017684351536334,3.017684351536334,3.017684351536334,3.017684351536334,3.017684351536334,3.017684351536334,3.017684351536334,3.017684351536334,3.017684351536334,3.017684351536334,3.017684351536334,3.017684351536334,3.017684351536334,3.017684351536334,3.017684351536334,3.017684351536334,3.017684351536334,3.017684351536334,3.017684351536334,3.017684351536334,3.017684351536334,3.017684351536334,3.017684351536334,3.017684351536334,3.017684351536334,3.017684351536334,3.017684351536334,3.017684351536334,3.017684351536334,3.017684351536334,3.017684351536334,3.017684351536334,3.017684351536334,3.017684351536334,3.017684351536334,3.017684351536334,3.017684351536334,3.017684351536334,3.017684351536334,3.017684351536334,3.017684351536334,3.017684351536334,3.017684351536334,3.017684351536334,3.017684351536334,3.017684351536334,3.017684351536334,3.017684351536334,3.017684351536334,3.017684351536334,3.017684351536334,3.017684351536334,3.017684351536334,3.017684351536334,3.017684351536334,3.017684351536334,3.017684351536334,3.017684351536334,3.017684351536334,3.017684351536334,3.017684351536334,3.017684351536334,3.017684351536334,3.017684351536334,3.017684351536334,3.017684351536334,3.017684351536334,3.017684351536334,3.017684351536334,3.017684351536334,3.017684351536334,3.017684351536334,3.017684351536334,3.017684351536334,3.017684351536334,3.017684351536334,3.017684351536334,3.017684351536334,3.017684351536334,3.017684351536334,3.017684351536334,3.017684351536334,3.017684351536334,3.017684351536334,3.017684351536334,3.017684351536334,3.017684351536334,3.017684351536334,3.017684351536334,3.017684351536334,3.017684351536334,3.017684351536334,3.017684351536334,3.017684351536334,3.017684351536334,3.017684351536334,3.017684351536334,3.017684351536334,3.017684351536334,3.017684351536334,3.017684351536334,3.017684351536334,3.017684351536334,3.017684351536334,3.017684351536334,3.017684351536334,3.017684351536334,3.017684351536334,3.017684351536334,3.017684351536334,3.017684351536334,1.8296587804499014,1.8296587804499014,1.8296587804499014,1.8296587804499014,1.8296587804499014,1.8296587804499014,1.8296587804499014,1.8296587804499014,1.8296587804499014,1.8296587804499014,1.8296587804499014,1.8296587804499014,1.8296587804499014,1.8296587804499014,1.8296587804499014,1.8296587804499014,1.8296587804499014,1.8296587804499014,1.8296587804499014,1.8296587804499014,1.8296587804499014,1.8296587804499014,1.8296587804499014,1.8296587804499014,1.8296587804499014,1.8296587804499014,1.8296587804499014,1.8296587804499014,1.8296587804499014,1.8296587804499014,1.8296587804499014,1.8296587804499014,1.8296587804499014,1.8296587804499014,1.8296587804499014,1.8296587804499014,1.8296587804499014,1.8296587804499014,1.8296587804499014,1.8296587804499014,1.8296587804499014,1.8296587804499014,1.8296587804499014,1.8296587804499014,1.8296587804499014,1.8296587804499014,1.8296587804499014,1.8296587804499014,1.8296587804499014,1.8296587804499014,1.8296587804499014,1.8296587804499014,1.8296587804499014,1.8296587804499014,1.8296587804499014,1.8296587804499014,1.8296587804499014,1.8296587804499014,1.8296587804499014,1.8296587804499014,1.8296587804499014,1.8296587804499014,1.8296587804499014,1.8296587804499014,1.8296587804499014,1.8296587804499014,1.8296587804499014,1.8296587804499014,1.8296587804499014,1.8296587804499014,1.8296587804499014,1.8296587804499014,1.8296587804499014,1.8296587804499014,1.8296587804499014,1.8296587804499014,1.8296587804499014,1.8296587804499014,1.8296587804499014,1.8296587804499014,1.8296587804499014,1.8296587804499014,1.8296587804499014,1.8296587804499014,1.8296587804499014,1.8296587804499014,1.8296587804499014,1.8296587804499014,1.8296587804499014,1.8296587804499014,1.8296587804499014,1.8296587804499014,1.8296587804499014,1.8296587804499014,1.8296587804499014,1.8296587804499014,1.8296587804499014,1.8296587804499014,1.8296587804499014,1.8296587804499014,1.8296587804499014,1.8296587804499014,1.8296587804499014,1.8296587804499014,1.8296587804499014,1.8296587804499014,1.8296587804499014,1.8296587804499014,1.8296587804499014,1.8296587804499014,1.8296587804499014,1.8296587804499014,1.8296587804499014,1.8296587804499014,1.8296587804499014,1.8296587804499014,1.8296587804499014,1.8296587804499014,1.8296587804499014,1.8296587804499014,1.8296587804499014,1.8296587804499014,1.8296587804499014,1.8296587804499014,1.8296587804499014,1.8296587804499014,1.8296587804499014,1.8296587804499014,1.8296587804499014,1.8296587804499014,1.8296587804499014,1.8296587804499014,1.8296587804499014,1.8296587804499014,1.8296587804499014,1.8296587804499014,1.8296587804499014,1.8296587804499014,1.8296587804499014,1.8296587804499014,1.8296587804499014,1.8296587804499014,1.8296587804499014,1.8296587804499014,1.8296587804499014,1.8296587804499014,1.8296587804499014,1.8296587804499014,1.8296587804499014,1.8296587804499014,1.8296587804499014,1.8296587804499014,1.8296587804499014,1.8296587804499014,1.8296587804499014,1.8296587804499014,1.8296587804499014,1.8296587804499014,1.8296587804499014,1.8296587804499014,1.8296587804499014,1.8296587804499014,1.8296587804499014,1.8296587804499014,1.8296587804499014,1.8296587804499014,1.8296587804499014,1.8296587804499014,1.8296587804499014,1.8296587804499014,1.8296587804499014,1.8296587804499014,1.8296587804499014,1.8296587804499014,1.8296587804499014,1.8296587804499014,1.8296587804499014,1.8296587804499014,1.8296587804499014,1.8296587804499014,1.8296587804499014,1.8296587804499014,1.8296587804499014,1.8296587804499014,1.8296587804499014,1.8296587804499014,1.8296587804499014,1.8296587804499014,1.8296587804499014,1.8296587804499014,1.8296587804499014,1.8296587804499014,1.8296587804499014,1.8296587804499014,1.8296587804499014,1.8296587804499014,1.8296587804499014,1.8296587804499014,1.8296587804499014,1.8296587804499014,1.8296587804499014,1.8296587804499014,1.8296587804499014,1.8296587804499014,1.8296587804499014,1.8296587804499014,1.8296587804499014,1.8296587804499014,1.8296587804499014,1.8296587804499014,1.8296587804499014,1.8296587804499014,1.8296587804499014,1.8296587804499014,1.8296587804499014,1.8296587804499014,1.8296587804499014,1.8296587804499014,1.8296587804499014,1.8296587804499014,1.8296587804499014,1.8296587804499014,1.8296587804499014,1.8296587804499014,1.8296587804499014,1.8296587804499014,1.8296587804499014,1.8296587804499014,1.8296587804499014,1.8296587804499014,1.8296587804499014,1.8296587804499014,1.8296587804499014,1.8296587804499014,1.8296587804499014,1.8296587804499014,1.8296587804499014,1.8296587804499014,1.8296587804499014,1.8296587804499014,1.8296587804499014,1.8296587804499014,1.8296587804499014,1.8296587804499014,1.8296587804499014,1.8296587804499014,1.8296587804499014,1.8296587804499014,1.8296587804499014,1.8296587804499014,1.8296587804499014,1.8296587804499014,1.8296587804499014,1.8296587804499014,1.8296587804499014,1.8296587804499014,1.8296587804499014,1.8296587804499014,1.8296587804499014,1.8296587804499014,1.8296587804499014,1.8296587804499014,1.8296587804499014,1.8296587804499014,1.8296587804499014,1.8296587804499014,1.8296587804499014,1.8296587804499014,1.8296587804499014,1.8296587804499014,1.8296587804499014,1.8296587804499014,1.8296587804499014,1.8296587804499014,1.8296587804499014,1.8296587804499014,1.8296587804499014,1.8296587804499014,1.8296587804499014,1.8296587804499014,1.8296587804499014,1.8296587804499014,1.8296587804499014,1.8296587804499014,1.8296587804499014,1.8296587804499014,1.8296587804499014,1.8296587804499014,1.8296587804499014,1.8296587804499014,1.8296587804499014,1.8296587804499014,1.8296587804499014,1.8296587804499014,1.8296587804499014,1.8296587804499014,1.8296587804499014,1.8296587804499014,1.8296587804499014,1.8296587804499014,1.8296587804499014,1.8296587804499014,1.8296587804499014,1.8296587804499014,1.8296587804499014,1.8296587804499014,1.8296587804499014,1.8296587804499014,1.8296587804499014,1.8296587804499014,1.8296587804499014,1.8296587804499014,1.8296587804499014,1.8296587804499014,1.8296587804499014,1.8296587804499014,1.8296587804499014,1.8296587804499014,1.8296587804499014,1.8296587804499014,1.8296587804499014,1.8296587804499014,1.8296587804499014,1.8296587804499014,1.8296587804499014,1.8296587804499014,1.8296587804499014,1.8296587804499014,1.8296587804499014,1.8296587804499014,1.8296587804499014,1.8296587804499014,1.8296587804499014,1.8296587804499014,1.8296587804499014,1.8296587804499014,1.8296587804499014,1.8296587804499014,1.8296587804499014,1.8296587804499014,1.8296587804499014,1.8296587804499014,1.8296587804499014,1.8296587804499014,1.8296587804499014,1.8296587804499014,1.8296587804499014,1.8296587804499014,1.8296587804499014,1.8296587804499014,1.8296587804499014,1.8296587804499014,1.8296587804499014,1.8296587804499014,1.8296587804499014,1.8296587804499014,1.8296587804499014,1.8296587804499014,1.8296587804499014,1.8296587804499014,1.8296587804499014,1.8296587804499014,1.8296587804499014,1.8296587804499014,1.8296587804499014,1.8296587804499014,1.8296587804499014,1.8296587804499014,1.8296587804499014,1.8296587804499014,1.8296587804499014,1.8296587804499014,1.8296587804499014,1.8296587804499014,1.8296587804499014,1.8296587804499014,1.8296587804499014,1.8296587804499014,1.8296587804499014,1.8296587804499014,1.8296587804499014,1.8296587804499014,1.8296587804499014,1.8296587804499014,1.8296587804499014,1.8296587804499014,1.8296587804499014,1.8296587804499014,1.8296587804499014,1.8296587804499014,1.8296587804499014,1.8296587804499014,1.8296587804499014,1.8296587804499014,1.8296587804499014,1.8296587804499014,1.8296587804499014,1.8296587804499014,1.8296587804499014,1.8296587804499014,1.8296587804499014,1.8296587804499014,1.8296587804499014,1.8296587804499014,1.8296587804499014,1.8296587804499014,1.8296587804499014,1.8296587804499014,1.8296587804499014,1.8296587804499014,1.8296587804499014,1.8296587804499014,1.8296587804499014,1.8296587804499014,1.8296587804499014,1.8296587804499014,1.8296587804499014,1.8296587804499014,1.8296587804499014,1.8296587804499014,1.8296587804499014,1.8296587804499014,1.8296587804499014,1.8296587804499014,1.8296587804499014,1.8296587804499014,1.8296587804499014,1.8296587804499014,1.8296587804499014,1.8296587804499014,1.8296587804499014,1.8296587804499014,1.8296587804499014,1.8296587804499014,1.8296587804499014,1.8296587804499014,1.8296587804499014,1.8296587804499014,1.8296587804499014,1.8296587804499014,1.8296587804499014,1.8296587804499014,1.8296587804499014,1.8296587804499014,1.8296587804499014,1.8296587804499014,1.8296587804499014,1.8296587804499014,1.8296587804499014,1.8296587804499014,1.8296587804499014,1.8296587804499014,1.8296587804499014,1.8296587804499014,1.8296587804499014,1.8296587804499014,1.8296587804499014,1.8296587804499014,1.8296587804499014,1.8296587804499014,1.8296587804499014,1.8296587804499014,1.8296587804499014,1.8296587804499014,1.8296587804499014,1.8296587804499014,1.8296587804499014,1.8296587804499014,1.8296587804499014,1.8296587804499014,1.8296587804499014,1.8296587804499014,1.8296587804499014,1.8296587804499014,1.8296587804499014,1.8296587804499014,1.8296587804499014,1.8296587804499014,1.8296587804499014,1.8296587804499014,1.8296587804499014,1.8296587804499014,1.8296587804499014,1.8296587804499014,1.8296587804499014,1.8296587804499014,1.8296587804499014,1.8296587804499014,1.8296587804499014,1.8296587804499014,1.8296587804499014,1.8296587804499014,1.8296587804499014,1.8296587804499014,1.8296587804499014,1.8296587804499014,1.8296587804499014,1.8296587804499014,1.8296587804499014,1.8296587804499014,1.8296587804499014,1.8296587804499014,1.8296587804499014,1.8296587804499014,1.8296587804499014,1.8296587804499014,1.8296587804499014,1.8296587804499014,1.8296587804499014,1.8296587804499014,1.8296587804499014,1.8296587804499014,1.8296587804499014,1.8296587804499014,1.8296587804499014,1.8296587804499014,1.8296587804499014,1.8296587804499014,1.8296587804499014,1.8296587804499014,1.8296587804499014,1.8296587804499014,1.8296587804499014,1.8296587804499014,1.8296587804499014,7.662327138693338,7.662327138693338,7.652186696704896,7.652186696704896,7.652186696704896,7.465168794066333,7.290356746599884,7.290356746599884,7.290356746599884,7.290356746599884,7.290356746599884,7.290356746599884,7.290356746599884,7.290356746599884,7.290356746599884,7.290356746599884,7.290356746599884,7.290356746599884,7.290356746599884,7.290356746599884,7.290356746599884,6.93539089632752,6.93539089632752,6.93539089632752,6.93539089632752,6.93539089632752,6.93539089632752,6.93539089632752,6.93539089632752,6.93539089632752,6.93539089632752,6.93539089632752,6.93539089632752,6.93539089632752,6.93539089632752,6.93539089632752,6.93539089632752,6.93539089632752,6.93539089632752,6.93539089632752,6.93539089632752,6.93539089632752,6.93539089632752,6.93539089632752,6.93539089632752,6.93539089632752,6.93539089632752,6.93539089632752,6.93539089632752,6.93539089632752,6.93539089632752,6.93539089632752,6.93539089632752,6.93539089632752,6.93539089632752,6.93539089632752,6.93539089632752,6.93539089632752,6.93539089632752,6.93539089632752,6.365934277773612,6.365934277773612,6.365934277773612,6.365934277773612,6.365934277773612,6.365934277773612,6.365934277773612,6.365934277773612,6.365934277773612,6.365934277773612,6.365934277773612,6.365934277773612,6.365934277773612,6.365934277773612,6.365934277773612,6.365934277773612,6.365934277773612,6.365934277773612,6.365934277773612,6.365934277773612,6.365934277773612,6.365934277773612,6.365934277773612,6.365934277773612,6.365934277773612,6.365934277773612,6.365934277773612,6.365934277773612,6.365934277773612,6.365934277773612,6.365934277773612,6.365934277773612,6.365934277773612,6.365934277773612,6.365934277773612,6.365934277773612,6.365934277773612,6.365934277773612,6.365934277773612,6.365934277773612,6.365934277773612,6.365934277773612,6.365934277773612,6.365934277773612,6.365934277773612,6.365934277773612,6.365934277773612,6.365934277773612,6.365934277773612,6.365934277773612,6.365934277773612,6.365934277773612,6.365934277773612,6.365934277773612,6.365934277773612,6.365934277773612,6.365934277773612,6.365934277773612,6.365934277773612,6.365934277773612,6.365934277773612,6.365934277773612,6.365934277773612,6.365934277773612,6.365934277773612,6.365934277773612,6.365934277773612,6.365934277773612,6.365934277773612,6.259527438492296,5.921247184600891,5.58295564058866,5.58295564058866,5.58295564058866,5.58295564058866,5.58295564058866,5.58295564058866,5.58295564058866,5.493306074226589,5.493306074226589,5.493306074226589,5.493306074226589,5.493306074226589,5.493306074226589,5.493306074226589,5.493306074226589,5.493306074226589,5.493306074226589,5.493306074226589,5.493306074226589,5.493306074226589,5.493306074226589,5.493306074226589,5.493306074226589,5.493306074226589,5.493306074226589,5.493306074226589,5.493306074226589,5.493306074226589,5.493306074226589,5.493306074226589,5.493306074226589,5.493306074226589,5.493306074226589,5.493306074226589,5.493306074226589,5.493306074226589,5.493306074226589,5.493306074226589,5.493306074226589,5.493306074226589,5.493306074226589,5.493306074226589,5.493306074226589,5.493306074226589,5.493306074226589,5.493306074226589,5.493306074226589,5.493306074226589,5.493306074226589,5.493306074226589,5.493306074226589,5.493306074226589,5.493306074226589,5.493306074226589,5.493306074226589,5.493306074226589,5.493306074226589,5.493306074226589,5.493306074226589,5.493306074226589,5.493306074226589,5.493306074226589,5.493306074226589,5.493306074226589,5.493306074226589,5.493306074226589,5.493306074226589,5.493306074226589,5.493306074226589,5.493306074226589,5.493306074226589,5.493306074226589,5.493306074226589,5.493306074226589,5.493306074226589,5.493306074226589,5.493306074226589,5.493306074226589,5.493306074226589,5.493306074226589,5.493306074226589,5.493306074226589,5.493306074226589,5.493306074226589,5.493306074226589,5.493306074226589,5.493306074226589,5.493306074226589,5.125945601129345,5.125945601129345,5.125945601129345,5.125945601129345,5.125945601129345,5.125945601129345,5.125945601129345,5.125945601129345,5.125945601129345,4.677704797705695,4.677704797705695,4.677704797705695,4.677704797705695,4.677704797705695,4.677704797705695,4.677704797705695,4.677704797705695,4.677704797705695,4.677704797705695,4.677704797705695,4.677704797705695,4.677704797705695,4.677704797705695,4.677704797705695,4.677704797705695,4.677704797705695,4.677704797705695,4.677704797705695,4.677704797705695,4.677704797705695,4.677704797705695,4.677704797705695,4.677704797705695,4.677704797705695,4.677704797705695,4.677704797705695,4.677704797705695,4.677704797705695,4.677704797705695,4.677704797705695,4.677704797705695,4.677704797705695,4.677704797705695,4.677704797705695,4.677704797705695,4.677704797705695,4.677704797705695,4.677704797705695,4.677704797705695,4.677704797705695,4.677704797705695,4.677704797705695,4.677704797705695,4.677704797705695,4.677704797705695,4.677704797705695,4.677704797705695,4.677704797705695,4.677704797705695,4.677704797705695,4.677704797705695,4.677704797705695,4.677704797705695,4.677704797705695,4.677704797705695,4.677704797705695,4.677704797705695,4.677704797705695,4.677704797705695,4.677704797705695,4.677704797705695,4.677704797705695,4.677704797705695,4.677704797705695,4.677704797705695,4.677704797705695,4.677704797705695,4.677704797705695,4.677704797705695,4.677704797705695,4.677704797705695,4.677704797705695,4.677704797705695,4.677704797705695,4.677704797705695,4.677704797705695,4.677704797705695,4.677704797705695,4.677704797705695,4.677704797705695,4.677704797705695,4.677704797705695,4.677704797705695,4.677704797705695,4.677704797705695,4.677704797705695,4.677704797705695,4.677704797705695,4.677704797705695,4.677704797705695,4.677704797705695,4.677704797705695,4.677704797705695,4.677704797705695,4.677704797705695,4.677704797705695,4.677704797705695,4.677704797705695,4.677704797705695,4.677704797705695,4.677704797705695,4.677704797705695,4.677704797705695,4.677704797705695,4.677704797705695,4.677704797705695,4.677704797705695,4.677704797705695,4.677704797705695,4.677704797705695,4.677704797705695,4.677704797705695,4.677704797705695,4.677704797705695,4.677704797705695,4.677704797705695,4.677704797705695,4.677704797705695,4.677704797705695,4.677704797705695,4.677704797705695,4.677704797705695,4.677704797705695,4.677704797705695,4.677704797705695,4.677704797705695,4.677704797705695,4.677704797705695,4.677704797705695,4.677704797705695,4.677704797705695,4.677704797705695,4.677704797705695,4.677704797705695,4.677704797705695,4.677704797705695,4.677704797705695,4.677704797705695,4.677704797705695,4.677704797705695,4.677704797705695,4.677704797705695,4.677704797705695,4.677704797705695,4.677704797705695,4.677704797705695,4.677704797705695,4.677704797705695,4.677704797705695,4.677704797705695,4.677704797705695,4.677704797705695,4.677704797705695,4.677704797705695,4.677704797705695,4.677704797705695,4.677704797705695,4.677704797705695,4.677704797705695,4.677704797705695,4.677704797705695,4.677704797705695,4.677704797705695,4.677704797705695,4.677704797705695,4.677704797705695,4.677704797705695,4.677704797705695,4.677704797705695,4.677704797705695,4.677704797705695,4.677704797705695,4.677704797705695,4.677704797705695,4.677704797705695,4.677704797705695,4.677704797705695,4.677704797705695,4.677704797705695,4.677704797705695,4.677704797705695,4.677704797705695,4.677704797705695,4.677704797705695,4.677704797705695,4.677704797705695,4.677704797705695,4.677704797705695,4.677704797705695,4.677704797705695,4.677704797705695,4.677704797705695,4.677704797705695,4.677704797705695,4.677704797705695,4.677704797705695,4.677704797705695,4.677704797705695,4.677704797705695,4.677704797705695,4.677704797705695,4.677704797705695,4.677704797705695,4.677704797705695,4.677704797705695,4.677704797705695,4.677704797705695,4.677704797705695,4.677704797705695,4.677704797705695,4.677704797705695,4.677704797705695,4.677704797705695,4.677704797705695,4.677704797705695,4.677704797705695,4.677704797705695,4.677704797705695,4.677704797705695,4.677704797705695,4.677704797705695,4.677704797705695,4.677704797705695,4.677704797705695,4.677704797705695,4.677704797705695,4.677704797705695,4.677704797705695,4.677704797705695,4.677704797705695,4.677704797705695,4.677704797705695,4.677704797705695,4.677704797705695,4.677704797705695,4.677704797705695,4.677704797705695,4.677704797705695,4.677704797705695,4.677704797705695,4.677704797705695,4.677704797705695,4.677704797705695,4.677704797705695,4.677704797705695,4.677704797705695,4.677704797705695,4.677704797705695,4.677704797705695,4.677704797705695,4.677704797705695,4.677704797705695,4.677704797705695,4.677704797705695,4.677704797705695,4.677704797705695,4.677704797705695,4.677704797705695,4.677704797705695,4.677704797705695,4.677704797705695,4.677704797705695,4.677704797705695,4.677704797705695,4.677704797705695,4.677704797705695,4.677704797705695,4.677704797705695,4.677704797705695,4.677704797705695,4.677704797705695,4.677704797705695,4.677704797705695,4.677704797705695,4.677704797705695,4.677704797705695,4.677704797705695,4.677704797705695,4.677704797705695,4.677704797705695,4.677704797705695,4.677704797705695,4.677704797705695,4.677704797705695,4.677704797705695,4.677704797705695,4.677704797705695,4.677704797705695,4.677704797705695,4.677704797705695,4.677704797705695,4.677704797705695,4.677704797705695,4.677704797705695,4.677704797705695,4.677704797705695,4.677704797705695,4.677704797705695,4.677704797705695,4.677704797705695,4.677704797705695,4.677704797705695,4.677704797705695,4.677704797705695,4.677704797705695,4.677704797705695,4.677704797705695,4.677704797705695,4.677704797705695,4.677704797705695,4.677704797705695,4.677704797705695,4.677704797705695,4.677704797705695,4.677704797705695,4.677704797705695,4.677704797705695,4.677704797705695,4.677704797705695,4.677704797705695,4.677704797705695,4.677704797705695,4.677704797705695,4.677704797705695,4.677704797705695,4.677704797705695,4.677704797705695,4.677704797705695,4.677704797705695,4.677704797705695,4.677704797705695,4.677704797705695,4.677704797705695,4.677704797705695,4.677704797705695,4.677704797705695,4.677704797705695,4.677704797705695,4.677704797705695,4.677704797705695,4.677704797705695,4.677704797705695,4.677704797705695,4.677704797705695,4.677704797705695,4.677704797705695,4.677704797705695,4.677704797705695,4.677704797705695,4.677704797705695,4.677704797705695,4.677704797705695,4.677704797705695,4.677704797705695,4.677704797705695,4.677704797705695,4.677704797705695,4.677704797705695,4.677704797705695,4.677704797705695,4.677704797705695,4.677704797705695,4.677704797705695,4.677704797705695,4.677704797705695,4.677704797705695,4.677704797705695,4.677704797705695,4.677704797705695,4.677704797705695,4.677704797705695,4.677704797705695,4.677704797705695,4.677704797705695,4.677704797705695,4.677704797705695,4.677704797705695,4.677704797705695,4.677704797705695,4.677704797705695,4.677704797705695,4.677704797705695,4.677704797705695,4.677704797705695,4.677704797705695,4.677704797705695,4.677704797705695,4.677704797705695,4.677704797705695,4.677704797705695,4.677704797705695,4.677704797705695,4.677704797705695,4.677704797705695,4.677704797705695,4.677704797705695,4.677704797705695,4.677704797705695,4.677704797705695,4.677704797705695,4.677704797705695,4.677704797705695,4.677704797705695,4.677704797705695,4.677704797705695,4.677704797705695,4.677704797705695,4.677704797705695,4.677704797705695,4.677704797705695,4.677704797705695,4.677704797705695,4.677704797705695,4.677704797705695,4.677704797705695,4.677704797705695,4.677704797705695,4.677704797705695,4.677704797705695,4.677704797705695,4.677704797705695,4.677704797705695,4.677704797705695,4.677704797705695,4.677704797705695,4.677704797705695,4.677704797705695,4.677704797705695,4.677704797705695,4.677704797705695,4.677704797705695,4.677704797705695,4.677704797705695,4.677704797705695,4.677704797705695,4.677704797705695,4.677704797705695,4.677704797705695,4.677704797705695,4.677704797705695,4.677704797705695,4.677704797705695,4.677704797705695,4.677704797705695,4.677704797705695,4.677704797705695,4.677704797705695,4.677704797705695,4.677704797705695,4.677704797705695,4.677704797705695,4.677704797705695,4.677704797705695,4.677704797705695,4.677704797705695,4.677704797705695,4.677704797705695,4.677704797705695,4.677704797705695,4.677704797705695,4.677704797705695,4.677704797705695,4.677704797705695,4.677704797705695,4.677704797705695,4.677704797705695,4.677704797705695,4.677704797705695,4.677704797705695,4.677704797705695,4.677704797705695,4.677704797705695,4.677704797705695,4.677704797705695,4.677704797705695,4.677704797705695,4.677704797705695,4.677704797705695,4.677704797705695,4.677704797705695,4.677704797705695,4.677704797705695,4.677704797705695,4.677704797705695,4.677704797705695,4.677704797705695,4.677704797705695,4.677704797705695,4.677704797705695,4.677704797705695,4.677704797705695,4.677704797705695,4.677704797705695,4.677704797705695,4.677704797705695,4.677704797705695,4.677704797705695,4.677704797705695,4.677704797705695,4.677704797705695,4.677704797705695,4.677704797705695,4.677704797705695,4.677704797705695,4.677704797705695,4.677704797705695,4.677704797705695,4.677704797705695,4.677704797705695,4.677704797705695,4.677704797705695,4.677704797705695,4.677704797705695,4.677704797705695,4.677704797705695,4.677704797705695,4.677704797705695,4.677704797705695,4.677704797705695,4.677704797705695,4.677704797705695,4.677704797705695,4.677704797705695,4.677704797705695,4.677704797705695,4.677704797705695,4.677704797705695,4.677704797705695,4.677704797705695,4.677704797705695,4.677704797705695,4.677704797705695,4.677704797705695,4.677704797705695,4.677704797705695,4.677704797705695,4.677704797705695,4.677704797705695,4.677704797705695,4.677704797705695,4.677704797705695,4.677704797705695,4.677704797705695,4.677704797705695,4.677704797705695,4.677704797705695,4.677704797705695,4.677704797705695,4.677704797705695,4.677704797705695,4.677704797705695,4.677704797705695,4.677704797705695,4.677704797705695,4.677704797705695,4.677704797705695,4.677704797705695,4.677704797705695,4.677704797705695,4.677704797705695,4.677704797705695,4.677704797705695,4.677704797705695,4.677704797705695,4.677704797705695,4.677704797705695,4.677704797705695,4.677704797705695,4.677704797705695,4.677704797705695,4.677704797705695,4.677704797705695,4.677704797705695,4.677704797705695,4.677704797705695,4.677704797705695,4.677704797705695,4.677704797705695,4.677704797705695,4.677704797705695,4.677704797705695,4.677704797705695,4.677704797705695,4.677704797705695,4.677704797705695,4.677704797705695,4.677704797705695,4.677704797705695,4.677704797705695,4.677704797705695,4.677704797705695,4.677704797705695,4.677704797705695,4.677704797705695,4.677704797705695,4.677704797705695,4.677704797705695,4.677704797705695,4.677704797705695,4.677704797705695,4.677704797705695,4.677704797705695,4.677704797705695,4.677704797705695,4.677704797705695,4.677704797705695,4.677704797705695,4.677704797705695,4.677704797705695,4.677704797705695,4.677704797705695,4.677704797705695,4.677704797705695,4.677704797705695,4.677704797705695,4.677704797705695,4.677704797705695,4.677704797705695,4.677704797705695,4.677704797705695,4.677704797705695,4.677704797705695,4.677704797705695,4.677704797705695,4.677704797705695,4.677704797705695,4.677704797705695,4.677704797705695,4.677704797705695,4.677704797705695,4.677704797705695,4.677704797705695,4.677704797705695,4.677704797705695,4.677704797705695,4.677704797705695,4.677704797705695,4.677704797705695,4.677704797705695,4.677704797705695,4.677704797705695,4.677704797705695,4.677704797705695,4.677704797705695,4.677704797705695,4.677704797705695,4.677704797705695,4.677704797705695,4.677704797705695,4.677704797705695,4.677704797705695,4.677704797705695,4.677704797705695,4.677704797705695,4.677704797705695,4.677704797705695,4.677704797705695,4.677704797705695,4.677704797705695,4.677704797705695,4.677704797705695,4.677704797705695,4.677704797705695,4.677704797705695,4.677704797705695,4.677704797705695,4.677704797705695,4.677704797705695,4.677704797705695,4.677704797705695,4.677704797705695,4.677704797705695,4.677704797705695,4.677704797705695,4.677704797705695,4.677704797705695,4.677704797705695,4.677704797705695,4.677704797705695,4.677704797705695,4.677704797705695,4.677704797705695,4.677704797705695,4.677704797705695,4.677704797705695,4.677704797705695,4.677704797705695,4.677704797705695,4.677704797705695,4.677704797705695,4.677704797705695,4.677704797705695,4.677704797705695,4.677704797705695,4.677704797705695,4.677704797705695,4.677704797705695,4.677704797705695,4.677704797705695,4.677704797705695,4.677704797705695,4.677704797705695,4.677704797705695,4.677704797705695,4.677704797705695,4.677704797705695,4.677704797705695,4.677704797705695,4.677704797705695,4.677704797705695,4.677704797705695,4.677704797705695,4.677704797705695,4.677704797705695,4.677704797705695,4.677704797705695,4.677704797705695,4.677704797705695,4.677704797705695,4.677704797705695,4.677704797705695,4.677704797705695,4.677704797705695,4.677704797705695,4.677704797705695,4.677704797705695,4.677704797705695,4.677704797705695,4.677704797705695,4.677704797705695,4.677704797705695,4.677704797705695,4.677704797705695,4.677704797705695,4.677704797705695,4.677704797705695,4.677704797705695,4.677704797705695,4.677704797705695,4.677704797705695,4.677704797705695,4.677704797705695,4.677704797705695,4.677704797705695,4.677704797705695,4.677704797705695,4.677704797705695,4.677704797705695,4.677704797705695,4.677704797705695,4.677704797705695,4.677704797705695,4.677704797705695,4.677704797705695,4.677704797705695,4.677704797705695,4.677704797705695,4.677704797705695,4.677704797705695,4.677704797705695,4.677704797705695,4.677704797705695,4.677704797705695,4.677704797705695,4.677704797705695,4.677704797705695,4.677704797705695,4.677704797705695,4.677704797705695,4.677704797705695,4.677704797705695,10.039159937567796,8.928231234803688,8.928231234803688,8.928231234803688,8.885264862313635,8.832913120210593,8.68242816906732,7.125282614979923,7.125282614979923,7.125282614979923,7.125282614979923,7.125282614979923,7.125282614979923,7.04286954359793,7.04286954359793,7.04286954359793,7.04286954359793,7.04286954359793,7.04286954359793,7.04286954359793,7.04286954359793,7.04286954359793,7.04286954359793,7.04286954359793,7.04286954359793,7.04286954359793,7.04286954359793,7.04286954359793,7.04286954359793,7.04286954359793,7.04286954359793,7.04286954359793,7.04286954359793,7.04286954359793,7.04286954359793,7.04286954359793,7.04286954359793,7.04286954359793,7.04286954359793,7.04286954359793,7.04286954359793,7.04286954359793,7.04286954359793,7.04286954359793,7.04286954359793,7.04286954359793,7.04286954359793,7.04286954359793,7.04286954359793,7.04286954359793,7.04286954359793,7.04286954359793,7.04286954359793,7.04286954359793,7.04286954359793,7.04286954359793,7.04286954359793,7.04286954359793,7.04286954359793,7.04286954359793,7.04286954359793,7.04286954359793,7.04286954359793,7.04286954359793,7.04286954359793,7.04286954359793,7.04286954359793,7.04286954359793,7.04286954359793,7.04286954359793,7.04286954359793,7.04286954359793,7.04286954359793,7.04286954359793,7.04286954359793,7.04286954359793,7.04286954359793,7.04286954359793,7.04286954359793,7.04286954359793,7.04286954359793,7.04286954359793,7.04286954359793,7.04286954359793,7.04286954359793,7.04286954359793,7.04286954359793,7.04286954359793,7.04286954359793,7.04286954359793,7.04286954359793,7.04286954359793,7.04286954359793,7.04286954359793,7.04286954359793,7.04286954359793,7.04286954359793,7.04286954359793,7.04286954359793,7.04286954359793,7.04286954359793,7.04286954359793,7.04286954359793,7.04286954359793,7.04286954359793,7.04286954359793,7.04286954359793,7.04286954359793,7.04286954359793,7.04286954359793,7.04286954359793,7.04286954359793,7.04286954359793,7.04286954359793,7.04286954359793,7.04286954359793,7.04286954359793,7.04286954359793,7.04286954359793,7.04286954359793,7.04286954359793,7.04286954359793,7.04286954359793,7.04286954359793,7.04286954359793,7.04286954359793,7.04286954359793,7.04286954359793,7.04286954359793,5.4370337378253595,4.871856273539389,4.796893475614591,4.6543372268303855,4.6543372268303855,4.6543372268303855,4.6543372268303855,4.6543372268303855,4.6543372268303855,4.6543372268303855,4.6543372268303855,4.6543372268303855,4.6543372268303855,4.6543372268303855,4.6543372268303855,4.6543372268303855,4.6543372268303855,4.6543372268303855,4.6543372268303855,4.6543372268303855,4.6543372268303855,4.6543372268303855,4.6543372268303855,4.6543372268303855,4.6543372268303855,4.6543372268303855,4.6543372268303855,4.6543372268303855,4.6543372268303855,4.6543372268303855,4.6543372268303855,4.6543372268303855,4.6543372268303855,4.6543372268303855,4.6543372268303855,4.6543372268303855,4.6543372268303855,4.6543372268303855,4.6543372268303855,4.6543372268303855,4.6543372268303855,4.6543372268303855,4.6543372268303855,4.6543372268303855,4.6543372268303855,4.6543372268303855,4.6543372268303855,4.6543372268303855,4.6543372268303855,4.6543372268303855,4.6543372268303855,4.6543372268303855,4.6543372268303855,4.6543372268303855,4.6543372268303855,4.6543372268303855,4.6543372268303855,4.6543372268303855,4.6543372268303855,4.6543372268303855,4.6543372268303855,4.6543372268303855,4.6543372268303855,4.6543372268303855,4.6543372268303855,4.6543372268303855,4.6543372268303855,4.6543372268303855,4.6543372268303855,4.6543372268303855,4.6543372268303855,4.6543372268303855,4.6543372268303855,4.6543372268303855,4.6543372268303855,4.6543372268303855,4.6543372268303855,4.6543372268303855,4.6543372268303855,4.6543372268303855,4.6543372268303855,4.6543372268303855,4.6543372268303855,4.6543372268303855,4.6543372268303855,4.6543372268303855,4.6543372268303855,4.6543372268303855,4.6543372268303855,4.6543372268303855,4.6543372268303855,4.6543372268303855,4.6543372268303855,4.6543372268303855,4.6543372268303855,4.6543372268303855,4.6543372268303855,4.6543372268303855,4.6543372268303855,4.6543372268303855,4.6543372268303855,4.6543372268303855,4.6543372268303855,4.6543372268303855,4.6543372268303855,4.6543372268303855,4.6543372268303855,4.6543372268303855,4.6543372268303855,4.6543372268303855,4.6543372268303855,4.6543372268303855,4.6543372268303855,4.6543372268303855,4.6543372268303855,4.6543372268303855,4.6543372268303855,4.6543372268303855,4.6543372268303855,4.6543372268303855,4.6543372268303855,4.6543372268303855,4.6543372268303855,4.6543372268303855,4.6543372268303855,4.6543372268303855,4.6543372268303855,4.6543372268303855,4.6543372268303855,4.6543372268303855,4.6543372268303855,4.6543372268303855,4.6543372268303855,4.6543372268303855,4.6543372268303855,4.6543372268303855,4.6543372268303855,4.6543372268303855,4.6543372268303855,4.6543372268303855,4.6543372268303855,4.6543372268303855,4.6543372268303855,4.6543372268303855,4.6543372268303855,3.5094619396282996,3.5094619396282996,3.5094619396282996,3.5094619396282996,3.5094619396282996,3.5094619396282996,3.5094619396282996,3.5094619396282996,3.5094619396282996,3.5094619396282996,3.5094619396282996,3.5094619396282996,3.5094619396282996,3.5094619396282996,3.5094619396282996,3.5094619396282996,3.5094619396282996,3.5094619396282996,3.5094619396282996,3.5094619396282996,3.5094619396282996,3.5094619396282996,3.5094619396282996,3.5094619396282996,3.5094619396282996,3.5094619396282996,3.5094619396282996,3.5094619396282996,3.5094619396282996,3.5094619396282996,3.5094619396282996,3.5094619396282996,3.5094619396282996,3.5094619396282996,3.5094619396282996,3.5094619396282996,3.5094619396282996,3.5094619396282996,3.5094619396282996,3.5094619396282996,3.5094619396282996,3.5094619396282996,3.5094619396282996,3.5094619396282996,3.5094619396282996,3.5094619396282996,3.5094619396282996,3.5094619396282996,3.5094619396282996,3.5094619396282996,3.5094619396282996,3.5094619396282996,3.5094619396282996,3.5094619396282996,3.5094619396282996,3.5094619396282996,3.5094619396282996,3.5094619396282996,3.5094619396282996,3.5094619396282996,3.5094619396282996,3.5094619396282996,3.5094619396282996,3.5094619396282996,3.5094619396282996,3.5094619396282996,3.5094619396282996,3.5094619396282996,3.5094619396282996,3.5094619396282996,3.5094619396282996,3.5094619396282996,3.5094619396282996,3.5094619396282996,3.5094619396282996,3.5094619396282996,3.5094619396282996,3.5094619396282996,3.5094619396282996,3.5094619396282996,3.5094619396282996,3.5094619396282996,3.5094619396282996,3.5094619396282996,3.5094619396282996,3.5094619396282996,3.5094619396282996,3.5094619396282996,3.5094619396282996,3.5094619396282996,3.5094619396282996,3.5094619396282996,3.5094619396282996,3.5094619396282996,3.5094619396282996,3.5094619396282996,3.5094619396282996,3.5094619396282996,3.5094619396282996,3.5094619396282996,3.5094619396282996,3.5094619396282996,3.5094619396282996,3.5094619396282996,3.5094619396282996,3.5094619396282996,3.5094619396282996,3.5094619396282996,3.5094619396282996,3.5094619396282996,3.5094619396282996,3.5094619396282996,3.5094619396282996,3.5094619396282996,3.5094619396282996,3.5094619396282996,3.5094619396282996,3.5094619396282996,3.5094619396282996,3.5094619396282996,3.5094619396282996,3.5094619396282996,3.5094619396282996,3.5094619396282996,3.5094619396282996,3.5094619396282996,3.5094619396282996,2.2307092087281566,2.2307092087281566,2.2307092087281566,2.2307092087281566,2.2307092087281566,2.2307092087281566,2.2307092087281566,2.2307092087281566,2.2307092087281566,2.2307092087281566,2.2307092087281566,2.2307092087281566,2.2307092087281566,2.2307092087281566,2.2307092087281566,2.2307092087281566,2.2307092087281566,2.2307092087281566,2.2307092087281566,2.2307092087281566,2.2307092087281566,2.2307092087281566,2.2307092087281566,2.2307092087281566,2.2307092087281566,2.2307092087281566,2.2307092087281566,2.2307092087281566,2.2307092087281566,2.2307092087281566,2.2307092087281566,2.2307092087281566,2.2307092087281566,2.2307092087281566,2.2307092087281566,2.2307092087281566,2.2307092087281566,2.2307092087281566,2.2307092087281566,2.2307092087281566,2.2307092087281566,2.2307092087281566,2.2307092087281566,2.2307092087281566,2.2307092087281566,2.2307092087281566,2.2307092087281566,2.2307092087281566,2.2307092087281566,2.2307092087281566,2.2307092087281566,2.2307092087281566,2.2307092087281566,2.2307092087281566,2.2307092087281566,2.2307092087281566,2.2307092087281566,2.2307092087281566,2.2307092087281566,2.2307092087281566,2.2307092087281566,2.2307092087281566,2.2307092087281566,2.2307092087281566,2.2307092087281566,2.2307092087281566,2.2307092087281566,2.2307092087281566,2.2307092087281566,2.2307092087281566,2.2307092087281566,2.2307092087281566,2.2307092087281566,2.2307092087281566,2.2307092087281566,2.2307092087281566,2.2307092087281566,2.2307092087281566,2.2307092087281566,2.2307092087281566,2.2307092087281566,2.2307092087281566,2.2307092087281566,2.2307092087281566,2.2307092087281566,2.2307092087281566,2.2307092087281566,2.2307092087281566,2.2307092087281566,2.2307092087281566,2.2307092087281566,2.2307092087281566,2.2307092087281566,2.2307092087281566,2.2307092087281566,2.2307092087281566,2.2307092087281566,2.2307092087281566,2.2307092087281566,2.2307092087281566,2.2307092087281566,2.2307092087281566,2.2307092087281566,2.2307092087281566,2.2307092087281566,2.2307092087281566,2.2307092087281566,2.2307092087281566,2.2307092087281566,2.2307092087281566,2.2307092087281566,2.2307092087281566,2.2307092087281566,2.2307092087281566,2.2307092087281566,2.2307092087281566,2.2307092087281566,2.2307092087281566,2.2307092087281566,2.2307092087281566,2.2307092087281566,2.2307092087281566,2.2307092087281566,2.2307092087281566,2.2307092087281566,2.2307092087281566,2.2307092087281566,2.2307092087281566,2.2307092087281566,2.2307092087281566,2.2307092087281566,2.2307092087281566,2.2307092087281566,2.2307092087281566,2.2307092087281566,2.2307092087281566,2.2307092087281566,2.2307092087281566,2.2307092087281566,2.2307092087281566,2.2307092087281566,2.2307092087281566,2.2307092087281566,2.2307092087281566,2.2307092087281566,2.2307092087281566,2.2307092087281566,2.2307092087281566,2.2307092087281566,2.2307092087281566,2.2307092087281566,2.2307092087281566,2.2307092087281566,2.2307092087281566,2.2307092087281566,2.2307092087281566,2.2307092087281566,2.2307092087281566,2.2307092087281566,2.2307092087281566,2.2307092087281566,2.2307092087281566,2.2307092087281566,2.2307092087281566,2.2307092087281566,2.2307092087281566,2.2307092087281566,2.2307092087281566,2.2307092087281566,2.2307092087281566,2.2307092087281566,2.2307092087281566,2.2307092087281566,2.2307092087281566,2.2307092087281566,2.2307092087281566,2.2307092087281566,2.2307092087281566,2.2307092087281566,2.2307092087281566,2.2307092087281566,2.2307092087281566,2.2307092087281566,2.2307092087281566,2.2307092087281566,2.2307092087281566,2.2307092087281566,2.2307092087281566,2.2307092087281566,2.2307092087281566,2.2307092087281566,2.2307092087281566,2.2307092087281566,2.2307092087281566,2.2307092087281566,2.2307092087281566,2.2307092087281566,2.2307092087281566,2.2307092087281566,2.2307092087281566,2.2307092087281566,2.2307092087281566,2.2307092087281566,2.2307092087281566,2.2307092087281566,2.2307092087281566,2.2307092087281566,2.2307092087281566,2.2307092087281566,2.2307092087281566,2.2307092087281566,2.2307092087281566,2.2307092087281566,2.2307092087281566,2.2307092087281566,2.2307092087281566,2.2307092087281566,2.2307092087281566,2.2307092087281566,2.2307092087281566,2.2307092087281566,2.2307092087281566,2.2307092087281566,2.2307092087281566,2.2307092087281566,2.2307092087281566,2.2307092087281566,2.2307092087281566,2.2307092087281566,2.2307092087281566,2.2307092087281566,2.2307092087281566,2.2307092087281566,2.2307092087281566,2.2307092087281566,2.2307092087281566,2.2307092087281566,2.2307092087281566,2.2307092087281566,2.2307092087281566,2.2307092087281566,2.2307092087281566,2.2307092087281566,2.2307092087281566,2.2307092087281566,2.2307092087281566,2.2307092087281566,2.2307092087281566,2.2307092087281566,2.2307092087281566,2.2307092087281566,2.2307092087281566,2.2307092087281566,2.2307092087281566,2.2307092087281566,2.2307092087281566,2.2307092087281566,2.2307092087281566,2.2307092087281566,2.2307092087281566,2.2307092087281566,2.2307092087281566,2.2307092087281566,2.2307092087281566,2.2307092087281566,2.2307092087281566,2.2307092087281566,2.2307092087281566,2.2307092087281566,2.2307092087281566,2.2307092087281566,2.2307092087281566,2.2307092087281566,2.2307092087281566,2.2307092087281566,2.2307092087281566,2.2307092087281566,2.2307092087281566,2.2307092087281566,2.2307092087281566,2.2307092087281566,2.2307092087281566,2.2307092087281566,2.2307092087281566,2.2307092087281566,2.2307092087281566,2.2307092087281566,2.2307092087281566,2.2307092087281566,2.2307092087281566,2.2307092087281566,2.2307092087281566,2.2307092087281566,2.2307092087281566,2.2307092087281566,2.2307092087281566,2.2307092087281566,2.2307092087281566,2.2307092087281566,2.2307092087281566,2.2307092087281566,2.2307092087281566,2.2307092087281566,2.2307092087281566,2.2307092087281566,2.2307092087281566,2.2307092087281566,2.2307092087281566,2.2307092087281566,2.2307092087281566,2.2307092087281566,2.2307092087281566,2.2307092087281566,2.2307092087281566,2.2307092087281566,2.2307092087281566,2.2307092087281566,2.2307092087281566,2.2307092087281566,2.2307092087281566,2.2307092087281566,2.2307092087281566,2.2307092087281566,2.2307092087281566,2.2307092087281566,2.2307092087281566,2.2307092087281566,2.2307092087281566,2.2307092087281566,2.2307092087281566,2.2307092087281566,2.2307092087281566,2.2307092087281566,2.2307092087281566,2.2307092087281566,2.2307092087281566,2.2307092087281566,2.2307092087281566,2.2307092087281566,2.2307092087281566,2.2307092087281566,2.2307092087281566,2.2307092087281566,2.2307092087281566,2.2307092087281566,2.2307092087281566,2.2307092087281566,2.2307092087281566,2.2307092087281566,2.2307092087281566,2.2307092087281566,2.2307092087281566,2.2307092087281566,2.2307092087281566,2.2307092087281566,2.2307092087281566,2.2307092087281566,2.2307092087281566,2.2307092087281566,2.2307092087281566,2.2307092087281566,2.2307092087281566,2.2307092087281566,2.2307092087281566,2.2307092087281566,2.2307092087281566,2.2307092087281566,2.2307092087281566,2.2307092087281566,2.2307092087281566,2.2307092087281566,2.2307092087281566,2.2307092087281566,2.2307092087281566,2.2307092087281566,2.2307092087281566,2.2307092087281566,2.2307092087281566,2.2307092087281566,2.2307092087281566,2.2307092087281566,2.2307092087281566,2.2307092087281566,2.2307092087281566,2.2307092087281566,2.2307092087281566,2.2307092087281566,2.2307092087281566,2.2307092087281566,2.2307092087281566,2.2307092087281566,2.2307092087281566,2.2307092087281566,2.2307092087281566,2.2307092087281566,2.2307092087281566,2.2307092087281566,2.2307092087281566,2.2307092087281566,2.2307092087281566,2.2307092087281566,2.2307092087281566,2.2307092087281566,2.2307092087281566,2.2307092087281566,2.2307092087281566,2.2307092087281566,2.2307092087281566,2.2307092087281566,2.2307092087281566,2.2307092087281566,2.2307092087281566,2.2307092087281566,2.2307092087281566,2.2307092087281566,2.2307092087281566,2.2307092087281566,2.2307092087281566,2.2307092087281566,2.2307092087281566,2.2307092087281566,2.2307092087281566,2.2307092087281566,2.2307092087281566,2.2307092087281566,2.2307092087281566,2.2307092087281566,2.2307092087281566,2.2307092087281566,2.2307092087281566,2.2307092087281566,2.2307092087281566,2.2307092087281566,2.2307092087281566,2.2307092087281566,2.2307092087281566,2.2307092087281566,2.2307092087281566,2.2307092087281566,2.2307092087281566,2.2307092087281566,2.2307092087281566,2.2307092087281566,2.2307092087281566,2.2307092087281566,2.2307092087281566,2.2307092087281566,2.2307092087281566,2.2307092087281566,2.2307092087281566,2.2307092087281566,2.2307092087281566,2.2307092087281566,2.2307092087281566,2.2307092087281566,2.2307092087281566,2.2307092087281566,2.2307092087281566,2.2307092087281566,2.2307092087281566,2.2307092087281566,2.2307092087281566,2.2307092087281566,2.2307092087281566,2.2307092087281566,2.2307092087281566,2.2307092087281566,2.2307092087281566,2.2307092087281566,2.2307092087281566,2.2307092087281566,2.2307092087281566,2.2307092087281566,2.2307092087281566,2.2307092087281566,2.2307092087281566,2.2307092087281566,2.2307092087281566,2.2307092087281566,2.2307092087281566,2.2307092087281566,2.2307092087281566,2.2307092087281566,2.2307092087281566,2.2307092087281566,2.2307092087281566,2.2307092087281566,2.2307092087281566,2.2307092087281566,2.2307092087281566,2.2307092087281566,2.2307092087281566,2.2307092087281566,2.2307092087281566,2.2307092087281566,2.2307092087281566,2.2307092087281566,2.2307092087281566,2.2307092087281566,2.2307092087281566,2.2307092087281566,2.2307092087281566,2.2307092087281566,2.2307092087281566,2.2307092087281566,2.2307092087281566,2.2307092087281566,2.2307092087281566,2.2307092087281566,2.2307092087281566,2.2307092087281566,2.2307092087281566,2.2307092087281566,2.2307092087281566,2.2307092087281566,2.2307092087281566,2.2307092087281566,2.2307092087281566,2.2307092087281566,2.2307092087281566,2.2307092087281566,2.2307092087281566,2.2307092087281566,2.2307092087281566,2.2307092087281566,2.2307092087281566,2.2307092087281566,2.2307092087281566,2.2307092087281566,2.2307092087281566,2.2307092087281566,2.2307092087281566,2.2307092087281566,2.2307092087281566,2.2307092087281566,2.2307092087281566,2.2307092087281566,2.2307092087281566,2.2307092087281566,2.2307092087281566,2.2307092087281566,2.2307092087281566,2.2307092087281566,2.2307092087281566,2.2307092087281566,2.2307092087281566,2.2307092087281566,2.2307092087281566,2.2307092087281566,2.2307092087281566,2.2307092087281566,2.2307092087281566,2.2307092087281566,2.2307092087281566,2.2307092087281566,2.2307092087281566,2.2307092087281566,2.2307092087281566,2.2307092087281566,2.2307092087281566,2.2307092087281566,2.2307092087281566,2.2307092087281566,2.2307092087281566,2.2307092087281566,2.2307092087281566,2.2307092087281566,2.2307092087281566,2.2307092087281566,2.2307092087281566,2.2307092087281566,2.2307092087281566,2.2307092087281566,2.2307092087281566,2.2307092087281566,2.2307092087281566,2.2307092087281566,2.2307092087281566,2.2307092087281566,2.2307092087281566,2.2307092087281566,2.2307092087281566,2.2307092087281566,2.2307092087281566,2.2307092087281566,2.2307092087281566,2.2307092087281566,2.2307092087281566,2.2307092087281566,2.2307092087281566,2.2307092087281566,2.2307092087281566,2.2307092087281566,2.2307092087281566,2.2307092087281566,2.2307092087281566,2.2307092087281566,2.2307092087281566,2.2307092087281566,7.704164599410819,7.704164599410819,7.704164599410819,7.704164599410819,7.704164599410819,7.704164599410819,7.704164599410819,7.704164599410819,7.704164599410819,7.578318618601679,7.578318618601679,7.578318618601679,7.578318618601679,7.578318618601679,7.578318618601679,7.578318618601679,7.578318618601679,7.578318618601679,7.578318618601679,7.578318618601679,7.578318618601679,7.578318618601679,7.578318618601679,7.578318618601679,7.578318618601679,7.578318618601679,7.578318618601679,7.578318618601679,7.578318618601679,7.578318618601679,7.578318618601679,7.578318618601679,7.578318618601679,7.4797891607344775,7.4797891607344775,7.294953851631754,7.294953851631754,7.20535147854527,7.20535147854527,7.20535147854527,7.20535147854527,7.20535147854527,7.20535147854527,7.20535147854527,7.20535147854527,7.20535147854527,7.20535147854527,7.20535147854527,7.20535147854527,7.20535147854527,7.20535147854527,7.20535147854527,7.20535147854527,7.20535147854527,7.053309991096047,7.053309991096047,7.053309991096047,7.053309991096047,7.053309991096047,6.9312522447651,6.9312522447651,6.9312522447651,6.857483259721378,6.857483259721378,6.857483259721378,6.857483259721378,6.857483259721378,6.857483259721378,6.857483259721378,6.857483259721378,6.857483259721378,6.857483259721378,6.857483259721378,6.857483259721378,6.857483259721378,6.857483259721378,6.857483259721378,6.857483259721378,6.857483259721378,6.857483259721378,6.857483259721378,6.857483259721378,6.857483259721378,6.857483259721378,6.857483259721378,6.857483259721378,6.857483259721378,6.857483259721378,6.857483259721378,6.857483259721378,6.857483259721378,6.857483259721378,6.857483259721378,6.857483259721378,6.857483259721378,6.857483259721378,6.857483259721378,6.857483259721378,6.857483259721378,6.857483259721378,6.857483259721378,6.857483259721378,6.857483259721378,6.857483259721378,6.857483259721378,6.857483259721378,6.857483259721378,6.857483259721378,6.857483259721378,6.857483259721378,6.857483259721378,6.857483259721378,6.842292435920017,6.842292435920017,6.842292435920017,6.842292435920017,6.842292435920017,6.842292435920017,6.842292435920017,6.842292435920017,6.842292435920017,6.842292435920017,6.842292435920017,6.842292435920017,6.842292435920017,6.781043983398132,6.781043983398132,6.781043983398132,6.781043983398132,6.781043983398132,6.781043983398132,6.781043983398132,6.781043983398132,6.781043983398132,6.781043983398132,6.781043983398132,6.781043983398132,6.781043983398132,6.781043983398132,6.781043983398132,6.781043983398132,6.781043983398132,6.781043983398132,6.781043983398132,6.781043983398132,6.781043983398132,6.781043983398132,6.781043983398132,6.781043983398132,6.781043983398132,6.781043983398132,6.781043983398132,6.781043983398132,6.781043983398132,6.781043983398132,6.781043983398132,6.781043983398132,6.781043983398132,6.781043983398132,6.781043983398132,6.781043983398132,6.781043983398132,6.781043983398132,6.781043983398132,6.781043983398132,6.781043983398132,6.781043983398132,6.781043983398132,6.781043983398132,6.781043983398132,6.781043983398132,6.781043983398132,6.781043983398132,6.781043983398132,6.781043983398132,6.781043983398132,6.781043983398132,6.781043983398132,6.781043983398132,6.781043983398132,6.781043983398132,6.781043983398132,5.697687243125689,4.823118515958647,4.823118515958647,4.649956079063466,4.649956079063466,4.392090956126688,4.392090956126688,4.392090956126688,4.392090956126688,4.392090956126688,4.392090956126688,4.392090956126688,4.392090956126688,4.392090956126688,4.392090956126688,4.392090956126688,4.392090956126688,4.392090956126688,4.392090956126688,4.392090956126688,4.392090956126688,4.392090956126688,4.392090956126688,4.392090956126688,4.392090956126688,4.392090956126688,4.392090956126688,4.392090956126688,4.392090956126688,4.392090956126688,4.392090956126688,4.392090956126688,4.392090956126688,4.392090956126688,4.392090956126688,4.392090956126688,4.392090956126688,4.392090956126688,4.392090956126688,4.392090956126688,4.392090956126688,4.392090956126688,4.392090956126688,4.392090956126688,4.392090956126688,4.392090956126688,4.392090956126688,4.392090956126688,4.392090956126688,4.392090956126688,4.392090956126688,4.392090956126688,4.392090956126688,4.392090956126688,4.392090956126688,4.392090956126688,4.392090956126688,4.392090956126688,4.392090956126688,4.392090956126688,4.392090956126688,4.392090956126688,4.392090956126688,4.392090956126688,4.392090956126688,4.392090956126688,4.392090956126688,4.392090956126688,4.392090956126688,4.392090956126688,4.392090956126688,4.392090956126688,4.392090956126688,4.392090956126688,4.392090956126688,4.392090956126688,4.392090956126688,4.392090956126688,4.392090956126688,4.392090956126688,4.392090956126688,4.392090956126688,4.392090956126688,4.392090956126688,4.392090956126688,4.392090956126688,4.392090956126688,4.392090956126688,4.392090956126688,4.392090956126688,4.392090956126688,4.392090956126688,4.392090956126688,4.392090956126688,4.392090956126688,4.392090956126688,4.392090956126688,4.392090956126688,4.392090956126688,4.392090956126688,4.392090956126688,4.392090956126688,4.392090956126688,4.392090956126688,4.392090956126688,4.392090956126688,4.392090956126688,4.392090956126688,4.392090956126688,4.392090956126688,4.392090956126688,4.392090956126688,4.392090956126688,4.392090956126688,4.392090956126688,4.392090956126688,4.392090956126688,4.392090956126688,4.392090956126688,4.392090956126688,4.392090956126688,4.392090956126688,4.392090956126688,4.392090956126688,4.392090956126688,4.392090956126688,4.392090956126688,4.392090956126688,4.392090956126688,4.392090956126688,4.392090956126688,4.392090956126688,4.392090956126688,4.392090956126688,4.392090956126688,4.392090956126688,4.392090956126688,4.392090956126688,4.392090956126688,4.392090956126688,4.392090956126688,4.392090956126688,4.392090956126688,4.392090956126688,4.392090956126688,4.392090956126688,4.392090956126688,4.392090956126688,4.392090956126688,4.392090956126688,4.392090956126688,4.392090956126688,4.392090956126688,4.392090956126688,4.392090956126688,4.392090956126688,4.392090956126688,4.392090956126688,4.392090956126688,4.392090956126688,4.392090956126688,4.392090956126688,4.392090956126688,4.392090956126688,4.392090956126688,4.392090956126688,4.392090956126688,4.392090956126688,4.392090956126688,4.392090956126688,4.392090956126688,4.392090956126688,4.392090956126688,4.392090956126688,4.392090956126688,4.392090956126688,4.392090956126688,4.392090956126688,4.392090956126688,4.392090956126688,4.392090956126688,4.392090956126688,4.392090956126688,4.392090956126688,4.392090956126688,4.392090956126688,4.392090956126688,4.392090956126688,4.392090956126688,4.392090956126688,4.392090956126688,4.392090956126688,4.392090956126688,4.392090956126688,4.392090956126688,4.392090956126688,4.392090956126688,4.392090956126688,4.392090956126688,4.392090956126688,4.392090956126688,4.392090956126688,4.392090956126688,4.392090956126688,4.392090956126688,4.392090956126688,4.392090956126688,4.392090956126688,4.392090956126688,4.392090956126688,4.392090956126688,4.392090956126688,4.392090956126688,4.392090956126688,4.392090956126688,4.392090956126688,4.392090956126688,4.392090956126688,4.392090956126688,4.392090956126688,4.392090956126688,4.392090956126688,4.392090956126688,4.392090956126688,4.392090956126688,4.392090956126688,4.392090956126688,4.392090956126688,4.392090956126688,4.392090956126688,4.392090956126688,4.392090956126688,4.392090956126688,4.392090956126688,4.392090956126688,4.392090956126688,4.392090956126688,4.392090956126688,4.392090956126688,4.392090956126688,4.392090956126688,4.392090956126688,4.392090956126688,4.392090956126688,4.392090956126688,4.392090956126688,4.392090956126688,4.392090956126688,4.392090956126688,4.392090956126688,4.392090956126688,4.392090956126688,4.392090956126688,4.392090956126688,4.392090956126688,4.392090956126688,4.392090956126688,4.392090956126688,4.392090956126688,4.392090956126688,4.392090956126688,4.392090956126688,4.392090956126688,4.392090956126688,4.392090956126688,4.392090956126688,4.392090956126688,4.392090956126688,4.392090956126688,4.392090956126688,4.392090956126688,4.392090956126688,4.392090956126688,4.392090956126688,4.392090956126688,4.392090956126688,4.392090956126688,4.392090956126688,4.392090956126688,4.392090956126688,4.392090956126688,4.392090956126688,4.392090956126688,4.392090956126688,4.392090956126688,4.392090956126688,4.392090956126688,4.392090956126688,4.392090956126688,4.392090956126688,4.392090956126688,4.392090956126688,4.392090956126688,4.392090956126688,4.392090956126688,4.392090956126688,4.392090956126688,4.392090956126688,4.392090956126688,4.392090956126688,4.392090956126688,4.392090956126688,4.392090956126688,4.392090956126688,4.392090956126688,4.392090956126688,4.392090956126688,4.392090956126688,4.392090956126688,4.392090956126688,4.392090956126688,4.392090956126688,4.392090956126688,4.392090956126688,4.392090956126688,4.392090956126688,4.392090956126688,4.392090956126688,4.392090956126688,4.392090956126688,4.392090956126688,4.392090956126688,4.392090956126688,4.392090956126688,4.392090956126688,4.392090956126688,4.392090956126688,4.392090956126688,4.392090956126688,4.392090956126688,4.392090956126688,4.392090956126688,4.392090956126688,4.392090956126688,4.392090956126688,4.392090956126688,4.392090956126688,4.392090956126688,4.392090956126688,4.392090956126688,4.392090956126688,4.392090956126688,4.392090956126688,4.392090956126688,4.392090956126688,4.392090956126688,4.392090956126688,4.392090956126688,4.392090956126688,4.392090956126688,4.392090956126688,4.392090956126688,4.392090956126688,4.392090956126688,4.392090956126688,4.392090956126688,4.392090956126688,4.392090956126688,4.392090956126688,4.392090956126688,4.392090956126688,4.392090956126688,4.392090956126688,4.392090956126688,4.392090956126688,4.392090956126688,4.392090956126688,4.392090956126688,4.392090956126688,4.392090956126688,4.392090956126688,4.392090956126688,4.392090956126688,4.392090956126688,4.392090956126688,4.392090956126688,4.392090956126688,4.392090956126688,4.392090956126688,4.392090956126688,4.392090956126688,4.392090956126688,4.392090956126688,4.392090956126688,4.392090956126688,4.392090956126688,4.392090956126688,4.392090956126688,4.392090956126688,4.392090956126688,4.392090956126688,4.392090956126688,4.392090956126688,4.392090956126688,4.392090956126688,4.392090956126688,4.392090956126688,4.392090956126688,4.392090956126688,4.392090956126688,4.392090956126688,4.392090956126688,4.392090956126688,4.392090956126688,4.392090956126688,4.392090956126688,4.392090956126688,4.392090956126688,4.392090956126688,4.392090956126688,4.392090956126688,4.392090956126688,4.392090956126688,4.392090956126688,4.392090956126688,4.392090956126688,4.392090956126688,4.392090956126688,4.221153124065258,4.221153124065258,4.221153124065258,4.221153124065258,4.221153124065258,4.221153124065258,4.221153124065258,4.221153124065258,4.221153124065258,4.221153124065258,4.221153124065258,4.221153124065258,4.221153124065258,4.221153124065258,4.221153124065258,4.221153124065258,4.221153124065258,4.221153124065258,4.221153124065258,4.221153124065258,4.221153124065258,4.221153124065258,4.221153124065258,4.221153124065258,4.221153124065258,4.221153124065258,4.221153124065258,4.221153124065258,4.221153124065258,4.221153124065258,4.221153124065258,4.221153124065258,4.221153124065258,4.221153124065258,4.221153124065258,4.221153124065258,4.221153124065258,4.221153124065258,4.221153124065258,4.221153124065258,4.221153124065258,4.221153124065258,4.221153124065258,4.221153124065258,4.221153124065258,4.221153124065258,4.221153124065258,4.221153124065258,4.221153124065258,4.221153124065258,4.221153124065258,4.221153124065258,4.221153124065258,4.221153124065258,4.221153124065258,4.221153124065258,4.221153124065258,4.221153124065258,4.221153124065258,4.221153124065258,4.221153124065258,4.221153124065258,4.221153124065258,4.221153124065258,4.221153124065258,4.221153124065258,4.221153124065258,4.221153124065258,4.221153124065258,4.221153124065258,4.221153124065258,4.221153124065258,4.221153124065258,4.221153124065258,4.221153124065258,4.221153124065258,4.221153124065258,4.221153124065258,4.221153124065258,4.221153124065258,4.221153124065258,4.221153124065258,4.221153124065258,4.221153124065258,4.221153124065258,4.221153124065258,4.221153124065258,4.221153124065258,4.221153124065258,4.221153124065258,4.221153124065258,4.221153124065258,4.221153124065258,4.221153124065258,4.221153124065258,4.221153124065258,4.221153124065258,4.221153124065258,4.221153124065258,4.221153124065258,4.221153124065258,4.221153124065258,4.221153124065258,4.221153124065258,4.221153124065258,4.221153124065258,4.221153124065258,4.221153124065258,4.221153124065258,4.221153124065258,4.221153124065258,4.221153124065258,4.221153124065258,4.221153124065258,4.221153124065258,4.221153124065258,4.221153124065258,4.221153124065258,4.221153124065258,4.221153124065258,4.221153124065258,4.221153124065258,4.221153124065258,4.221153124065258,4.221153124065258,4.221153124065258,4.221153124065258,4.221153124065258,4.221153124065258,4.221153124065258,4.221153124065258,4.221153124065258,4.221153124065258,4.221153124065258,4.221153124065258,4.221153124065258,4.221153124065258,4.221153124065258,3.236968704861799,3.236968704861799,3.236968704861799,3.236968704861799,3.236968704861799,3.236968704861799,3.236968704861799,3.236968704861799,3.236968704861799,3.236968704861799,3.236968704861799,3.236968704861799,3.236968704861799,3.236968704861799,3.236968704861799,3.236968704861799,3.236968704861799,3.236968704861799,3.236968704861799,3.236968704861799,3.236968704861799,3.236968704861799,3.236968704861799,3.236968704861799,3.236968704861799,3.236968704861799,3.236968704861799,3.236968704861799,3.236968704861799,3.236968704861799,3.236968704861799,3.236968704861799,3.236968704861799,3.236968704861799,3.236968704861799,3.236968704861799,3.236968704861799,3.236968704861799,3.236968704861799,3.236968704861799,3.236968704861799,3.236968704861799,3.236968704861799,3.236968704861799,3.236968704861799,3.236968704861799,3.236968704861799,3.236968704861799,3.236968704861799,3.236968704861799,3.236968704861799,3.236968704861799,3.236968704861799,3.236968704861799,3.236968704861799,3.236968704861799,3.236968704861799,3.236968704861799,3.236968704861799,3.236968704861799,3.236968704861799,3.236968704861799,3.236968704861799,3.236968704861799,3.236968704861799,3.236968704861799,3.236968704861799,3.236968704861799,3.236968704861799,3.236968704861799,3.236968704861799,3.236968704861799,3.236968704861799,3.236968704861799,3.236968704861799,3.236968704861799,3.236968704861799,3.236968704861799,3.236968704861799,3.236968704861799,3.236968704861799,3.236968704861799,3.236968704861799,3.236968704861799,3.236968704861799,3.236968704861799,3.236968704861799,3.236968704861799,3.236968704861799,3.236968704861799,3.236968704861799,3.236968704861799,3.236968704861799,3.236968704861799,3.236968704861799,3.236968704861799,3.236968704861799,3.236968704861799,3.236968704861799,3.236968704861799,3.236968704861799,3.236968704861799,3.236968704861799,3.236968704861799,3.236968704861799,3.236968704861799,3.236968704861799,3.236968704861799,3.236968704861799,3.236968704861799,3.236968704861799,3.236968704861799,3.236968704861799,3.236968704861799,3.236968704861799,3.236968704861799,3.236968704861799,3.236968704861799,3.236968704861799,3.236968704861799,3.236968704861799,3.236968704861799,3.236968704861799,3.236968704861799,1.1332027779299605,1.1332027779299605,1.1332027779299605,1.1332027779299605,1.1332027779299605,1.1332027779299605,1.1332027779299605,1.1332027779299605,1.1332027779299605,1.1332027779299605,1.1332027779299605,1.1332027779299605,1.1332027779299605,1.1332027779299605,1.1332027779299605,1.1332027779299605,1.1332027779299605,1.1332027779299605,1.1332027779299605,1.1332027779299605,1.1332027779299605,1.1332027779299605,1.1332027779299605,1.1332027779299605,1.1332027779299605,1.1332027779299605,1.1332027779299605,1.1332027779299605,1.1332027779299605,1.1332027779299605,1.1332027779299605,1.1332027779299605,1.1332027779299605,1.1332027779299605,1.1332027779299605,1.1332027779299605,1.1332027779299605,1.1332027779299605,1.1332027779299605,1.1332027779299605,1.1332027779299605,1.1332027779299605,1.1332027779299605,1.1332027779299605,1.1332027779299605,1.1332027779299605,1.1332027779299605,1.1332027779299605,1.1332027779299605,1.1332027779299605,1.1332027779299605,1.1332027779299605,1.1332027779299605,1.1332027779299605,1.1332027779299605,1.1332027779299605,1.1332027779299605,1.1332027779299605,1.1332027779299605,1.1332027779299605,1.1332027779299605,1.1332027779299605,1.1332027779299605,1.1332027779299605,1.1332027779299605,1.1332027779299605,1.1332027779299605,1.1332027779299605,1.1332027779299605,1.1332027779299605,1.1332027779299605,1.1332027779299605,1.1332027779299605,1.1332027779299605,1.1332027779299605,1.1332027779299605,1.1332027779299605,1.1332027779299605,1.1332027779299605,1.1332027779299605,1.1332027779299605,1.1332027779299605,1.1332027779299605,1.1332027779299605,1.1332027779299605,1.1332027779299605,1.1332027779299605,1.1332027779299605,1.1332027779299605,1.1332027779299605,1.1332027779299605,1.1332027779299605,1.1332027779299605,1.1332027779299605,1.1332027779299605,1.1332027779299605,1.1332027779299605,1.1332027779299605,1.1332027779299605,1.1332027779299605,1.1332027779299605,1.1332027779299605,1.1332027779299605,1.1332027779299605,1.1332027779299605,1.1332027779299605,1.1332027779299605,1.1332027779299605,1.1332027779299605,1.1332027779299605,1.1332027779299605,1.1332027779299605,1.1332027779299605,1.1332027779299605,1.1332027779299605,1.1332027779299605,1.1332027779299605,1.1332027779299605,1.1332027779299605,1.1332027779299605,1.1332027779299605,1.1332027779299605,1.1332027779299605,1.1332027779299605,1.1332027779299605,1.1332027779299605,1.1332027779299605,1.1332027779299605,1.1332027779299605,1.1332027779299605,1.1332027779299605,1.1332027779299605,1.1332027779299605,1.1332027779299605,1.1332027779299605,1.1332027779299605,1.1332027779299605,1.1332027779299605,8.258297135382726,8.258297135382726,8.258297135382726,8.258297135382726,8.258297135382726,8.258297135382726,6.767830388468239,6.767830388468239,6.767830388468239,6.767830388468239,6.767830388468239,6.767830388468239,6.767830388468239,6.767830388468239,6.767830388468239,6.767830388468239,6.767830388468239,6.767830388468239,6.767830388468239,6.767830388468239,6.767830388468239,6.767830388468239,6.767830388468239,6.767830388468239,6.767830388468239,6.767830388468239,6.767830388468239,6.767830388468239,6.767830388468239,6.767830388468239,6.767830388468239,6.767830388468239,6.767830388468239,6.767830388468239,6.767830388468239,6.767830388468239,6.767830388468239,6.767830388468239,6.767830388468239,6.767830388468239,6.767830388468239,6.767830388468239,6.767830388468239,6.767830388468239,6.767830388468239,6.767830388468239,6.767830388468239,6.767830388468239,6.767830388468239,6.767830388468239,6.767830388468239,6.767830388468239,6.767830388468239,6.767830388468239,6.767830388468239,6.767830388468239,6.767830388468239,6.767830388468239,6.767830388468239,6.767830388468239,6.767830388468239,6.767830388468239,6.767830388468239,6.767830388468239,6.767830388468239,6.767830388468239,6.767830388468239,6.767830388468239,6.767830388468239,6.767830388468239,6.767830388468239,6.767830388468239,6.767830388468239,6.767830388468239,6.767830388468239,6.767830388468239,6.767830388468239,6.767830388468239,6.767830388468239,6.767830388468239,6.767830388468239,6.767830388468239,6.767830388468239,6.767830388468239,6.767830388468239,6.767830388468239,6.767830388468239,6.767830388468239,6.767830388468239,6.767830388468239,6.767830388468239,6.767830388468239,6.767830388468239,6.767830388468239,6.767830388468239,6.767830388468239,6.767830388468239,6.767830388468239,6.767830388468239,6.767830388468239,6.767830388468239,6.767830388468239,6.767830388468239,6.767830388468239,6.767830388468239,6.767830388468239,6.767830388468239,6.767830388468239,6.767830388468239,6.767830388468239,6.767830388468239,6.767830388468239,6.767830388468239,6.767830388468239,6.767830388468239,6.767830388468239,6.767830388468239,6.767830388468239,6.767830388468239,6.767830388468239,6.767830388468239,6.767830388468239,6.767830388468239,6.767830388468239,6.767830388468239,6.767830388468239,6.767830388468239,6.767830388468239,6.767830388468239,6.767830388468239,6.767830388468239,6.767830388468239,6.767830388468239,6.5369564483503355,6.5369564483503355,6.5369564483503355,6.5369564483503355,6.5369564483503355,6.5369564483503355,6.5369564483503355,6.5369564483503355,6.5369564483503355,6.5369564483503355,6.5369564483503355,6.5369564483503355,6.5369564483503355,6.5369564483503355,6.5369564483503355,6.5369564483503355,6.5369564483503355,6.5369564483503355,6.5369564483503355,6.5369564483503355,6.5369564483503355,6.5369564483503355,6.5369564483503355,6.5369564483503355,6.5369564483503355,6.5369564483503355,6.5369564483503355,6.5369564483503355,6.5369564483503355,6.5369564483503355,6.5369564483503355,6.5369564483503355,6.5369564483503355,6.5369564483503355,6.5369564483503355,6.5369564483503355,6.5369564483503355,6.5369564483503355,6.5369564483503355,6.5369564483503355,6.5369564483503355,6.5369564483503355,6.5369564483503355,6.5369564483503355,6.5369564483503355,6.5369564483503355,6.5369564483503355,6.5369564483503355,6.5369564483503355,6.5369564483503355,6.5369564483503355,6.5369564483503355,6.5369564483503355,6.5369564483503355,6.5369564483503355,6.5369564483503355,6.5369564483503355,6.5369564483503355,6.5369564483503355,6.5369564483503355,6.5369564483503355,6.5369564483503355,6.5369564483503355,5.858125059538161,5.858125059538161,5.858125059538161,5.858125059538161,5.858125059538161,5.858125059538161,5.858125059538161,5.507016582837353,5.123270567271394,5.06657735019822,5.06657735019822,5.06657735019822,5.06657735019822,5.06657735019822,5.039767906187328,5.039767906187328,5.039767906187328,5.039767906187328,5.039767906187328,5.039767906187328,5.039767906187328,5.039767906187328,5.039767906187328,5.039767906187328,5.039767906187328,5.039767906187328,5.039767906187328,5.039767906187328,5.039767906187328,5.039767906187328,5.039767906187328,5.039767906187328,5.039767906187328,5.039767906187328,5.039767906187328,5.039767906187328,5.039767906187328,5.039767906187328,5.039767906187328,5.039767906187328,5.039767906187328,5.039767906187328,5.039767906187328,5.039767906187328,5.039767906187328,5.039767906187328,5.039767906187328,5.039767906187328,5.039767906187328,5.039767906187328,5.039767906187328,5.039767906187328,5.039767906187328,5.039767906187328,5.039767906187328,5.039767906187328,5.039767906187328,5.039767906187328,5.039767906187328,5.039767906187328,5.039767906187328,5.039767906187328,5.039767906187328,5.039767906187328,5.039767906187328,5.039767906187328,5.039767906187328,5.039767906187328,5.039767906187328,5.039767906187328,5.039767906187328,5.039767906187328,5.039767906187328,5.039767906187328,5.039767906187328,5.039767906187328,5.039767906187328,5.039767906187328,5.039767906187328,5.039767906187328,5.039767906187328,5.039767906187328,5.039767906187328,5.039767906187328,5.039767906187328,5.039767906187328,5.039767906187328,5.039767906187328,5.039767906187328,5.039767906187328,5.039767906187328,5.039767906187328,5.039767906187328,5.039767906187328,5.039767906187328,5.039767906187328,5.039767906187328,5.039767906187328,5.039767906187328,5.039767906187328,5.039767906187328,5.039767906187328,5.039767906187328,5.039767906187328,5.039767906187328,5.039767906187328,5.039767906187328,5.039767906187328,5.039767906187328,5.039767906187328,5.039767906187328,5.039767906187328,5.039767906187328,5.039767906187328,5.039767906187328,5.039767906187328,5.039767906187328,5.039767906187328,5.039767906187328,5.039767906187328,5.039767906187328,5.039767906187328,5.039767906187328,5.039767906187328,5.039767906187328,5.039767906187328,5.039767906187328,5.039767906187328,5.039767906187328,5.039767906187328,5.039767906187328,5.039767906187328,5.039767906187328,5.039767906187328,5.039767906187328,5.039767906187328,5.039767906187328,5.039767906187328,5.039767906187328,5.039767906187328,5.039767906187328,5.039767906187328,5.039767906187328,5.039767906187328,5.039767906187328,5.039767906187328,5.039767906187328,5.039767906187328,5.039767906187328,5.039767906187328,5.039767906187328,5.039767906187328,5.039767906187328,5.039767906187328,5.039767906187328,5.039767906187328,5.039767906187328,5.039767906187328,5.039767906187328,5.039767906187328,5.039767906187328,5.039767906187328,5.039767906187328,5.039767906187328,5.039767906187328,5.039767906187328,5.039767906187328,5.039767906187328,5.039767906187328,5.039767906187328,5.039767906187328,5.039767906187328,5.039767906187328,5.039767906187328,5.039767906187328,5.039767906187328,5.039767906187328,5.039767906187328,5.039767906187328,5.039767906187328,5.039767906187328,5.039767906187328,5.039767906187328,5.039767906187328,5.039767906187328,5.039767906187328,5.039767906187328,5.039767906187328,5.039767906187328,5.039767906187328,5.039767906187328,5.039767906187328,5.039767906187328,5.039767906187328,5.039767906187328,5.039767906187328,5.039767906187328,5.039767906187328,5.039767906187328,5.039767906187328,5.039767906187328,5.039767906187328,5.039767906187328,5.039767906187328,5.039767906187328,5.039767906187328,5.039767906187328,5.039767906187328,5.039767906187328,5.039767906187328,5.039767906187328,5.039767906187328,5.039767906187328,5.039767906187328,5.039767906187328,5.039767906187328,5.039767906187328,5.039767906187328,5.039767906187328,5.039767906187328,5.039767906187328,5.039767906187328,5.039767906187328,5.039767906187328,5.039767906187328,5.039767906187328,5.039767906187328,5.039767906187328,5.039767906187328,5.039767906187328,5.039767906187328,5.039767906187328,5.039767906187328,5.039767906187328,5.039767906187328,5.039767906187328,5.039767906187328,5.039767906187328,5.039767906187328,5.039767906187328,5.039767906187328,5.039767906187328,5.039767906187328,5.039767906187328,5.039767906187328,5.039767906187328,5.039767906187328,5.039767906187328,5.039767906187328,5.039767906187328,5.039767906187328,5.039767906187328,5.039767906187328,5.039767906187328,5.039767906187328,5.039767906187328,5.039767906187328,5.039767906187328,5.039767906187328,5.039767906187328,5.039767906187328,5.039767906187328,5.039767906187328,5.039767906187328,5.039767906187328,5.039767906187328,5.039767906187328,5.039767906187328,5.039767906187328,5.039767906187328,5.039767906187328,5.039767906187328,5.039767906187328,5.039767906187328,5.039767906187328,5.039767906187328,5.039767906187328,5.039767906187328,5.039767906187328,5.039767906187328,5.039767906187328,5.039767906187328,5.039767906187328,5.039767906187328,5.039767906187328,5.039767906187328,5.039767906187328,5.039767906187328,5.039767906187328,5.039767906187328,5.039767906187328,5.039767906187328,5.039767906187328,5.039767906187328,5.039767906187328,5.039767906187328,5.039767906187328,5.039767906187328,5.039767906187328,5.039767906187328,5.039767906187328,5.039767906187328,5.039767906187328,5.039767906187328,5.039767906187328,5.039767906187328,5.039767906187328,5.039767906187328,5.039767906187328,5.039767906187328,5.039767906187328,5.039767906187328,5.039767906187328,5.039767906187328,5.039767906187328,5.039767906187328,5.039767906187328,5.039767906187328,5.039767906187328,5.039767906187328,5.039767906187328,5.039767906187328,5.039767906187328,5.039767906187328,5.039767906187328,5.039767906187328,5.039767906187328,5.039767906187328,5.039767906187328,5.039767906187328,5.039767906187328,5.039767906187328,5.039767906187328,5.039767906187328,5.039767906187328,5.039767906187328,5.039767906187328,5.039767906187328,5.039767906187328,5.039767906187328,5.039767906187328,5.039767906187328,5.039767906187328,5.039767906187328,5.039767906187328,5.039767906187328,5.039767906187328,5.039767906187328,5.039767906187328,5.039767906187328,5.039767906187328,5.039767906187328,5.039767906187328,5.039767906187328,5.039767906187328,5.039767906187328,5.039767906187328,5.039767906187328,5.039767906187328,5.039767906187328,5.039767906187328,5.039767906187328,5.039767906187328,5.039767906187328,5.039767906187328,5.039767906187328,5.039767906187328,5.039767906187328,5.039767906187328,5.006603029554795,5.006603029554795,4.859430228540081,4.859430228540081,4.859430228540081,4.859430228540081,4.859430228540081,4.859430228540081,4.859430228540081,4.859430228540081,4.859430228540081,4.859430228540081,4.859430228540081,4.859430228540081,4.859430228540081,4.859430228540081,4.859430228540081,4.859430228540081,4.859430228540081,4.859430228540081,4.859430228540081,4.859430228540081,4.859430228540081,4.859430228540081,4.859430228540081,4.859430228540081,4.859430228540081,4.859430228540081,4.859430228540081,4.859430228540081,4.859430228540081,4.859430228540081,4.859430228540081,4.859430228540081,4.859430228540081,4.859430228540081,4.859430228540081,4.859430228540081,4.859430228540081,4.859430228540081,4.859430228540081,4.859430228540081,4.859430228540081,4.859430228540081,4.859430228540081,4.859430228540081,4.859430228540081,4.859430228540081,4.859430228540081,4.859430228540081,4.859430228540081,4.859430228540081,4.859430228540081,4.859430228540081,4.859430228540081,4.859430228540081,4.859430228540081,4.859430228540081,4.859430228540081,4.859430228540081,4.859430228540081,4.859430228540081,4.859430228540081,4.859430228540081,4.859430228540081,4.859430228540081,4.859430228540081,4.859430228540081,4.859430228540081,4.859430228540081,4.859430228540081,4.859430228540081,4.859430228540081,4.859430228540081,4.859430228540081,4.859430228540081,4.859430228540081,4.859430228540081,4.859430228540081,4.859430228540081,4.859430228540081,4.859430228540081,4.859430228540081,4.859430228540081,4.859430228540081,4.859430228540081,4.859430228540081,4.859430228540081,4.859430228540081,4.834288325585976,4.834288325585976,4.834288325585976,4.834288325585976,4.834288325585976,4.834288325585976,4.834288325585976,4.834288325585976,4.834288325585976,4.834288325585976,4.834288325585976,4.834288325585976,4.834288325585976,4.834288325585976,4.834288325585976,4.834288325585976,4.834288325585976,4.834288325585976,4.834288325585976,4.834288325585976,4.834288325585976,4.834288325585976,4.834288325585976,4.834288325585976,4.834288325585976,4.834288325585976,4.834288325585976,4.834288325585976,4.834288325585976,4.834288325585976,4.834288325585976,4.834288325585976,4.834288325585976,4.834288325585976,4.834288325585976,4.834288325585976,4.834288325585976,4.834288325585976,4.834288325585976,4.834288325585976,4.834288325585976,4.834288325585976,4.834288325585976,4.834288325585976,4.834288325585976,4.834288325585976,4.834288325585976,4.834288325585976,4.834288325585976,4.834288325585976,4.834288325585976,4.834288325585976,4.834288325585976,4.834288325585976,4.834288325585976,4.834288325585976,4.834288325585976,4.834288325585976,4.834288325585976,4.834288325585976,4.834288325585976,4.834288325585976,4.834288325585976,4.834288325585976,4.834288325585976,4.834288325585976,4.834288325585976,4.834288325585976,4.834288325585976,4.834288325585976,4.834288325585976,4.834288325585976,4.834288325585976,4.834288325585976,4.834288325585976,4.834288325585976,4.834288325585976,4.834288325585976,4.834288325585976,4.834288325585976,4.834288325585976,4.834288325585976,4.834288325585976,4.834288325585976,4.834288325585976,4.834288325585976,4.834288325585976,4.834288325585976,4.834288325585976,4.834288325585976,4.834288325585976,4.834288325585976,4.834288325585976,4.834288325585976,4.834288325585976,4.834288325585976,4.834288325585976,4.834288325585976,4.834288325585976,4.834288325585976,4.834288325585976,4.834288325585976,4.834288325585976,4.834288325585976,4.834288325585976,4.834288325585976,4.834288325585976,4.834288325585976,4.834288325585976,4.834288325585976,4.834288325585976,4.834288325585976,4.834288325585976,4.834288325585976,4.834288325585976,4.834288325585976,4.834288325585976,4.834288325585976,4.834288325585976,4.834288325585976,4.834288325585976,4.834288325585976,4.834288325585976,4.834288325585976,4.834288325585976,4.834288325585976,4.834288325585976,4.834288325585976,4.834288325585976,4.834288325585976,4.834288325585976,4.834288325585976,4.834288325585976,4.834288325585976,4.834288325585976,4.834288325585976,4.834288325585976,4.834288325585976,4.834288325585976,4.834288325585976,4.834288325585976,4.834288325585976,4.834288325585976,4.834288325585976,4.834288325585976,4.834288325585976,4.834288325585976,4.834288325585976,4.834288325585976,4.834288325585976,4.834288325585976,4.834288325585976,4.834288325585976,4.834288325585976,4.834288325585976,4.834288325585976,4.834288325585976,4.834288325585976,4.834288325585976,4.834288325585976,4.834288325585976,4.834288325585976,4.834288325585976,4.834288325585976,4.834288325585976,4.834288325585976,4.834288325585976,4.834288325585976,4.834288325585976,4.834288325585976,4.834288325585976,4.834288325585976,4.834288325585976,4.834288325585976,4.834288325585976,4.834288325585976,4.834288325585976,4.834288325585976,4.834288325585976,4.834288325585976,4.834288325585976,4.834288325585976,4.834288325585976,4.834288325585976,4.834288325585976,4.834288325585976,4.834288325585976,4.834288325585976,4.834288325585976,4.834288325585976,4.834288325585976,4.834288325585976,4.834288325585976,4.834288325585976,4.834288325585976,4.834288325585976,4.834288325585976,4.834288325585976,4.834288325585976,4.834288325585976,4.834288325585976,4.834288325585976,4.834288325585976,4.834288325585976,4.834288325585976,4.834288325585976,4.834288325585976,4.834288325585976,4.834288325585976,4.834288325585976,4.834288325585976,4.834288325585976,4.834288325585976,4.834288325585976,4.834288325585976,4.834288325585976,4.834288325585976,4.834288325585976,4.834288325585976,4.834288325585976,4.834288325585976,4.834288325585976,4.834288325585976,4.834288325585976,4.834288325585976,4.834288325585976,4.834288325585976,4.834288325585976,4.834288325585976,4.834288325585976,4.834288325585976,4.834288325585976,4.834288325585976,4.834288325585976,4.834288325585976,4.834288325585976,4.834288325585976,4.834288325585976,4.834288325585976,4.834288325585976,4.834288325585976,4.834288325585976,4.834288325585976,4.834288325585976,4.834288325585976,4.834288325585976,4.834288325585976,4.834288325585976,4.834288325585976,4.834288325585976,4.834288325585976,4.834288325585976,4.834288325585976,4.834288325585976,4.834288325585976,4.834288325585976,4.834288325585976,4.834288325585976,4.834288325585976,4.834288325585976,4.834288325585976,4.834288325585976,4.834288325585976,4.834288325585976,4.834288325585976,4.834288325585976,4.834288325585976,4.834288325585976,4.834288325585976,4.834288325585976,4.834288325585976,4.834288325585976,4.834288325585976,4.834288325585976,4.834288325585976,4.834288325585976,4.834288325585976,4.834288325585976,4.834288325585976,4.834288325585976,4.834288325585976,4.834288325585976,4.834288325585976,4.834288325585976,4.834288325585976,4.834288325585976,4.834288325585976,4.834288325585976,4.834288325585976,4.834288325585976,4.834288325585976,4.834288325585976,4.834288325585976,4.834288325585976,4.834288325585976,4.834288325585976,4.834288325585976,4.834288325585976,4.834288325585976,4.834288325585976,4.834288325585976,4.834288325585976,4.834288325585976,4.834288325585976,4.834288325585976,4.834288325585976,4.834288325585976,4.834288325585976,4.834288325585976,4.834288325585976,4.834288325585976,4.834288325585976,4.834288325585976,4.834288325585976,4.834288325585976,4.834288325585976,4.834288325585976,4.834288325585976,4.834288325585976,4.834288325585976,4.834288325585976,4.834288325585976,4.834288325585976,4.834288325585976,4.834288325585976,4.834288325585976,4.834288325585976,4.834288325585976,4.834288325585976,4.834288325585976,4.834288325585976,4.834288325585976,4.834288325585976,4.834288325585976,4.834288325585976,4.834288325585976,4.834288325585976,4.834288325585976,4.834288325585976,4.834288325585976,4.834288325585976,4.834288325585976,4.834288325585976,4.834288325585976,4.834288325585976,4.834288325585976,7.618266859456268,6.176665517167659,6.176665517167659,6.176665517167659,6.176665517167659,6.176665517167659,6.176665517167659,6.176665517167659,6.176665517167659,6.176665517167659,6.176665517167659,6.176665517167659,6.176665517167659,6.176665517167659,6.176665517167659,6.176665517167659,6.176665517167659,6.176665517167659,6.176665517167659,6.176665517167659,6.176665517167659,6.176665517167659,6.176665517167659,6.176665517167659,6.176665517167659,6.176665517167659,6.176665517167659,6.176665517167659,6.176665517167659,6.176665517167659,6.176665517167659,6.176665517167659,6.176665517167659,6.176665517167659,6.176665517167659,6.176665517167659,6.176665517167659,6.176665517167659,6.176665517167659,6.176665517167659,6.176665517167659,6.176665517167659,6.176665517167659,6.176665517167659,6.176665517167659,6.176665517167659,6.176665517167659,6.176665517167659,6.176665517167659,6.176665517167659,6.176665517167659,6.176665517167659,6.176665517167659,6.176665517167659,6.176665517167659,6.176665517167659,6.176665517167659,6.176665517167659,6.176665517167659,6.176665517167659,6.176665517167659,6.176665517167659,6.176665517167659,6.176665517167659,6.176665517167659,6.176665517167659,6.157908020864585,6.157908020864585,6.157908020864585,6.157908020864585,6.157908020864585,6.157908020864585,6.157908020864585,6.157908020864585,6.157908020864585,6.157908020864585,6.00459477611803,6.00459477611803,6.00459477611803,6.00459477611803,6.00459477611803,6.00459477611803,6.00459477611803,6.00459477611803,6.00459477611803,6.00459477611803,6.00459477611803,6.00459477611803,6.00459477611803,6.00459477611803,6.00459477611803,6.00459477611803,6.00459477611803,6.00459477611803,6.00459477611803,6.00459477611803,6.00459477611803,6.00459477611803,6.00459477611803,6.00459477611803,6.00459477611803,6.00459477611803,6.00459477611803,6.00459477611803,6.00459477611803,6.00459477611803,6.00459477611803,6.00459477611803,6.00459477611803,6.00459477611803,6.00459477611803,6.00459477611803,6.00459477611803,6.00459477611803,6.00459477611803,6.00459477611803,6.00459477611803,6.00459477611803,6.00459477611803,6.00459477611803,6.00459477611803,6.00459477611803,6.00459477611803,6.00459477611803,6.00459477611803,6.00459477611803,6.00459477611803,6.00459477611803,6.00459477611803,6.00459477611803,6.00459477611803,6.00459477611803,6.00459477611803,6.00459477611803,6.00459477611803,6.00459477611803,6.00459477611803,6.00459477611803,6.00459477611803,6.00459477611803,6.00459477611803,6.00459477611803,6.00459477611803,6.00459477611803,6.00459477611803,6.00459477611803,6.00459477611803,6.00459477611803,6.00459477611803,6.00459477611803,6.00459477611803,6.00459477611803,6.00459477611803,6.00459477611803,6.00459477611803,6.00459477611803,6.00459477611803,6.00459477611803,6.00459477611803,6.00459477611803,6.00459477611803,6.00459477611803,6.00459477611803,6.00459477611803,6.00459477611803,6.00459477611803,6.00459477611803,6.00459477611803,6.00459477611803,6.00459477611803,6.00459477611803,6.00459477611803,6.00459477611803,6.00459477611803,6.00459477611803,6.00459477611803,6.00459477611803,6.00459477611803,6.00459477611803,6.00459477611803,6.00459477611803,6.00459477611803,6.00459477611803,6.00459477611803,6.00459477611803,6.00459477611803,6.00459477611803,6.00459477611803,6.00459477611803,6.00459477611803,6.00459477611803,6.00459477611803,6.00459477611803,5.881021278354094,5.881021278354094,5.881021278354094,5.881021278354094,5.881021278354094,5.881021278354094,5.881021278354094,5.881021278354094,5.881021278354094,5.881021278354094,5.881021278354094,5.881021278354094,5.881021278354094,5.881021278354094,5.881021278354094,5.881021278354094,5.881021278354094,5.881021278354094,5.881021278354094,5.881021278354094,5.881021278354094,5.881021278354094,5.881021278354094,5.881021278354094,5.881021278354094,5.881021278354094,5.881021278354094,5.881021278354094,5.881021278354094,5.881021278354094,5.881021278354094,5.881021278354094,5.881021278354094,5.881021278354094,5.881021278354094,5.881021278354094,5.881021278354094,5.881021278354094,5.881021278354094,5.881021278354094,5.881021278354094,5.881021278354094,5.881021278354094,5.881021278354094,5.881021278354094,5.881021278354094,5.881021278354094,5.881021278354094,5.881021278354094,5.881021278354094,5.881021278354094,5.881021278354094,5.881021278354094,5.881021278354094,5.881021278354094,5.881021278354094,5.881021278354094,5.881021278354094,5.881021278354094,5.881021278354094,5.881021278354094,5.881021278354094,5.881021278354094,5.881021278354094,5.881021278354094,5.881021278354094,5.881021278354094,5.881021278354094,5.881021278354094,5.881021278354094,5.881021278354094,5.881021278354094,5.881021278354094,5.881021278354094,5.881021278354094,5.881021278354094,5.881021278354094,5.881021278354094,5.881021278354094,5.881021278354094,5.881021278354094,5.881021278354094,5.881021278354094,5.881021278354094,5.881021278354094,5.881021278354094,5.881021278354094,5.881021278354094,5.881021278354094,5.881021278354094,5.881021278354094,5.881021278354094,5.881021278354094,5.881021278354094,5.881021278354094,5.881021278354094,5.881021278354094,5.881021278354094,5.881021278354094,5.881021278354094,5.881021278354094,5.881021278354094,5.881021278354094,5.881021278354094,5.881021278354094,5.881021278354094,5.881021278354094,5.881021278354094,5.812066564175601,5.812066564175601,5.812066564175601,5.812066564175601,5.812066564175601,5.812066564175601,5.812066564175601,5.812066564175601,5.812066564175601,5.812066564175601,5.812066564175601,5.812066564175601,5.812066564175601,5.812066564175601,5.812066564175601,5.812066564175601,5.812066564175601,5.812066564175601,5.812066564175601,5.750416977587015,4.959114703683358,4.959114703683358,4.643628521122023,4.643628521122023,4.643628521122023,4.643628521122023,4.250410741628521,4.250410741628521,4.250410741628521,4.250410741628521,4.250410741628521,4.250410741628521,3.933384446924377,3.8886094741366586,3.8886094741366586,3.8886094741366586,3.8886094741366586,3.8886094741366586,3.8886094741366586,3.8886094741366586,3.8886094741366586,3.8886094741366586,3.8886094741366586,3.8886094741366586,3.8886094741366586,3.8886094741366586,3.8886094741366586,3.8886094741366586,3.8886094741366586,3.8886094741366586,3.8886094741366586,3.8886094741366586,3.8886094741366586,3.8886094741366586,3.8886094741366586,3.8886094741366586,3.8886094741366586,3.8886094741366586,3.8886094741366586,3.8886094741366586,3.8886094741366586,3.8886094741366586,3.8886094741366586,3.8886094741366586,3.8886094741366586,3.8886094741366586,3.8886094741366586,3.8886094741366586,3.8886094741366586,3.8886094741366586,3.8886094741366586,3.8886094741366586,3.8886094741366586,3.8886094741366586,3.8886094741366586,3.8886094741366586,3.8886094741366586,3.8886094741366586,3.8886094741366586,3.8886094741366586,3.8886094741366586,3.8886094741366586,3.8886094741366586,3.8886094741366586,3.8886094741366586,3.8886094741366586,3.8886094741366586,3.8886094741366586,3.8886094741366586,3.8886094741366586,3.8886094741366586,3.8886094741366586,3.8886094741366586,3.8886094741366586,3.8886094741366586,3.8886094741366586,3.8886094741366586,3.8886094741366586,3.8886094741366586,3.8886094741366586,3.8886094741366586,3.8886094741366586,3.8886094741366586,3.8886094741366586,3.8886094741366586,3.8886094741366586,3.8886094741366586,3.8886094741366586,3.8886094741366586,3.8886094741366586,3.8886094741366586,3.8886094741366586,3.8886094741366586,3.8886094741366586,3.8886094741366586,3.8886094741366586,3.8886094741366586,3.8886094741366586,3.8886094741366586,3.8886094741366586,3.8886094741366586,3.8886094741366586,3.8886094741366586,3.8886094741366586,3.8886094741366586,3.8886094741366586,3.8886094741366586,3.8886094741366586,3.8886094741366586,3.8886094741366586,3.8886094741366586,3.8886094741366586,3.8886094741366586,3.8886094741366586,3.8886094741366586,3.8886094741366586,3.8886094741366586,3.8886094741366586,3.8886094741366586,3.8886094741366586,3.8886094741366586,3.8886094741366586,3.8886094741366586,3.8886094741366586,3.8886094741366586,3.8886094741366586,3.8886094741366586,3.8886094741366586,3.8886094741366586,3.8886094741366586,3.8886094741366586,3.8886094741366586,3.8886094741366586,3.8886094741366586,3.8886094741366586,3.8886094741366586,3.8886094741366586,3.8886094741366586,3.8886094741366586,3.8886094741366586,3.8886094741366586,3.8886094741366586,3.8886094741366586,3.8886094741366586,3.8886094741366586,3.8886094741366586,3.8886094741366586,3.8886094741366586,3.8886094741366586,3.8886094741366586,3.8886094741366586,3.8886094741366586,3.8886094741366586,3.8886094741366586,3.8886094741366586,3.8886094741366586,3.8886094741366586,3.8886094741366586,3.8886094741366586,3.8886094741366586,3.8886094741366586,3.8886094741366586,3.8886094741366586,3.8886094741366586,3.8886094741366586,3.8886094741366586,3.8886094741366586,3.8886094741366586,3.8886094741366586,3.8886094741366586,3.8886094741366586,3.8886094741366586,3.8886094741366586,3.8886094741366586,3.8886094741366586,3.8886094741366586,3.8886094741366586,3.8886094741366586,3.8886094741366586,3.8886094741366586,3.8886094741366586,3.8886094741366586,3.8886094741366586,3.8886094741366586,3.8886094741366586,3.8886094741366586,3.8886094741366586,3.8886094741366586,3.8886094741366586,3.8886094741366586,3.8886094741366586,3.8886094741366586,3.8886094741366586,3.8886094741366586,3.8886094741366586,3.8886094741366586,3.8886094741366586,3.8886094741366586,3.8886094741366586,3.8886094741366586,3.8886094741366586,3.8886094741366586,3.8886094741366586,3.8886094741366586,3.8886094741366586,3.8886094741366586,3.8886094741366586,3.8886094741366586,3.8886094741366586,3.8886094741366586,3.8886094741366586,3.8886094741366586,3.8886094741366586,3.8886094741366586,3.8886094741366586,3.8886094741366586,3.8886094741366586,3.8886094741366586,3.8886094741366586,3.8886094741366586,3.8886094741366586,3.8886094741366586,3.8886094741366586,3.8886094741366586,3.8886094741366586,3.8886094741366586,3.8886094741366586,3.8886094741366586,3.8886094741366586,3.8886094741366586,3.8886094741366586,3.8886094741366586,3.8886094741366586,3.8886094741366586,3.8886094741366586,3.8886094741366586,3.8886094741366586,3.8886094741366586,3.8886094741366586,3.8886094741366586,3.8886094741366586,3.8886094741366586,3.8886094741366586,3.8886094741366586,3.8886094741366586,3.8886094741366586,3.8886094741366586,3.8886094741366586,3.8886094741366586,3.8886094741366586,3.8886094741366586,3.8886094741366586,3.8886094741366586,3.8886094741366586,3.8886094741366586,3.8886094741366586,3.8886094741366586,3.8886094741366586,3.8886094741366586,3.8886094741366586,3.8886094741366586,3.8886094741366586,3.8886094741366586,3.8886094741366586,3.8886094741366586,3.8886094741366586,3.8886094741366586,3.8886094741366586,3.8886094741366586,3.8886094741366586,3.8886094741366586,3.8886094741366586,3.8886094741366586,3.8886094741366586,3.8886094741366586,3.8886094741366586,3.8886094741366586,3.8886094741366586,3.8886094741366586,3.8886094741366586,3.8886094741366586,3.8886094741366586,3.8886094741366586,3.8886094741366586,3.8886094741366586,3.8886094741366586,3.8886094741366586,3.8886094741366586,3.8886094741366586,3.8886094741366586,3.8886094741366586,3.8886094741366586,3.8886094741366586,3.8886094741366586,3.8886094741366586,3.8886094741366586,3.8886094741366586,3.8886094741366586,3.8886094741366586,3.8886094741366586,3.8886094741366586,3.8886094741366586,3.8886094741366586,3.8886094741366586,3.8886094741366586,3.8886094741366586,3.8886094741366586,3.8886094741366586,3.8886094741366586,3.8886094741366586,3.8886094741366586,3.8886094741366586,3.8886094741366586,3.8886094741366586,3.8886094741366586,3.8886094741366586,3.8886094741366586,3.8886094741366586,3.8886094741366586,3.8886094741366586,3.8886094741366586,3.8886094741366586,3.8886094741366586,3.8886094741366586,3.8886094741366586,3.8886094741366586,3.8886094741366586,3.8886094741366586,3.8886094741366586,3.8886094741366586,3.8886094741366586,3.8886094741366586,3.8886094741366586,3.8886094741366586,3.8886094741366586,3.8886094741366586,3.8886094741366586,3.8886094741366586,3.8886094741366586,3.8886094741366586,3.8886094741366586,3.8886094741366586,3.8886094741366586,3.8886094741366586,3.8886094741366586,3.8886094741366586,3.8886094741366586,3.8886094741366586,3.8886094741366586,3.8886094741366586,3.8886094741366586,3.8886094741366586,3.8886094741366586,3.8886094741366586,3.8886094741366586,3.8886094741366586,3.8886094741366586,3.8886094741366586,3.8886094741366586,3.8886094741366586,3.8886094741366586,3.8886094741366586,3.8886094741366586,3.8886094741366586,3.8886094741366586,3.8886094741366586,3.8886094741366586,3.8886094741366586,3.8886094741366586,3.8886094741366586,3.8886094741366586,3.8886094741366586,3.8886094741366586,3.8886094741366586,3.8886094741366586,3.8886094741366586,3.8886094741366586,3.8886094741366586,3.8886094741366586,3.8886094741366586,3.8886094741366586,3.8886094741366586,3.8886094741366586,3.8886094741366586,3.8886094741366586,3.8886094741366586,3.8886094741366586,3.8886094741366586,3.8886094741366586,3.8886094741366586,3.8886094741366586,3.8886094741366586,3.8886094741366586,3.8886094741366586,3.8886094741366586,3.8886094741366586,3.8886094741366586,3.8886094741366586,3.8886094741366586,3.8886094741366586,3.8886094741366586,3.8886094741366586,3.8886094741366586,3.8886094741366586,3.8886094741366586,3.8886094741366586,3.8886094741366586,3.8886094741366586,3.8886094741366586,3.8886094741366586,3.8886094741366586,3.8886094741366586,3.8886094741366586,3.8886094741366586,3.8886094741366586,3.8886094741366586,3.8886094741366586,3.8886094741366586,3.8886094741366586,3.8886094741366586,3.8886094741366586,3.8886094741366586,3.8886094741366586,3.8886094741366586,3.8886094741366586,3.8886094741366586,3.8886094741366586,3.8886094741366586,3.8886094741366586,3.8886094741366586,3.8886094741366586,3.8886094741366586,3.8886094741366586,3.8886094741366586,3.8886094741366586,3.8886094741366586,3.8886094741366586,3.8886094741366586,3.8886094741366586,3.8886094741366586,3.8886094741366586,3.8886094741366586,3.8886094741366586,3.8886094741366586,3.8886094741366586,3.8886094741366586,3.8886094741366586,3.8886094741366586,3.8886094741366586,3.8886094741366586,3.8886094741366586,3.8886094741366586,3.8886094741366586,3.8886094741366586,3.8886094741366586,3.8886094741366586,3.8886094741366586,3.8886094741366586,3.8886094741366586,3.8886094741366586,3.8886094741366586,3.8886094741366586,3.8886094741366586,3.8886094741366586,3.8886094741366586,3.8886094741366586,3.8886094741366586,3.8886094741366586,3.8886094741366586,3.8886094741366586,3.8886094741366586,3.8886094741366586,3.8886094741366586,3.8886094741366586,3.8886094741366586,3.8886094741366586,3.8886094741366586,3.8886094741366586,3.8886094741366586,3.757544486354558,3.757544486354558,3.757544486354558,3.757544486354558,3.757544486354558,3.757544486354558,3.757544486354558,3.757544486354558,3.757544486354558,3.757544486354558,3.757544486354558,3.757544486354558,3.757544486354558,3.757544486354558,3.757544486354558,3.757544486354558,3.757544486354558,3.757544486354558,3.757544486354558,3.757544486354558,3.757544486354558,3.757544486354558,3.757544486354558,3.757544486354558,3.757544486354558,3.757544486354558,3.757544486354558,3.757544486354558,3.757544486354558,3.757544486354558,3.757544486354558,3.757544486354558,3.757544486354558,3.757544486354558,3.757544486354558,3.757544486354558,3.757544486354558,3.757544486354558,3.757544486354558,3.757544486354558,3.757544486354558,3.757544486354558,3.757544486354558,3.757544486354558,3.757544486354558,3.757544486354558,3.757544486354558,3.757544486354558,3.757544486354558,3.757544486354558,3.757544486354558,3.757544486354558,3.757544486354558,3.757544486354558,3.757544486354558,3.757544486354558,3.757544486354558,3.757544486354558,3.757544486354558,3.757544486354558,3.757544486354558,3.757544486354558,3.757544486354558,3.757544486354558,3.757544486354558,3.757544486354558,3.757544486354558,3.757544486354558,3.757544486354558,3.757544486354558,3.757544486354558,3.757544486354558,3.757544486354558,3.757544486354558,3.757544486354558,3.757544486354558,3.757544486354558,3.757544486354558,3.757544486354558,3.757544486354558,3.757544486354558,3.757544486354558,3.757544486354558,3.757544486354558,3.757544486354558,3.757544486354558,3.757544486354558,3.757544486354558,3.757544486354558,3.757544486354558,3.757544486354558,3.757544486354558,3.757544486354558,3.757544486354558,3.757544486354558,3.757544486354558,3.757544486354558,3.757544486354558,3.757544486354558,3.757544486354558,3.757544486354558,3.757544486354558,3.757544486354558,3.757544486354558,3.757544486354558,3.757544486354558,3.757544486354558,3.757544486354558,3.757544486354558,3.757544486354558,3.757544486354558,3.757544486354558,3.757544486354558,3.757544486354558,3.757544486354558,3.757544486354558,3.757544486354558,3.757544486354558,3.757544486354558,3.757544486354558,3.757544486354558,3.757544486354558,3.757544486354558,3.757544486354558,3.757544486354558,3.757544486354558,3.757544486354558,3.757544486354558,3.757544486354558,3.757544486354558,3.757544486354558,3.757544486354558,3.757544486354558,3.757544486354558,3.757544486354558,3.757544486354558,3.757544486354558,3.757544486354558,3.757544486354558,3.757544486354558,3.757544486354558,3.757544486354558,3.757544486354558,3.757544486354558,3.757544486354558,3.757544486354558,3.757544486354558,3.757544486354558,3.757544486354558,3.757544486354558,3.757544486354558,3.757544486354558,3.757544486354558,3.757544486354558,3.757544486354558,3.757544486354558,3.757544486354558,3.757544486354558,3.757544486354558,3.757544486354558,3.757544486354558,3.757544486354558,3.757544486354558,3.757544486354558,3.757544486354558,3.757544486354558,3.757544486354558,3.757544486354558,3.757544486354558,3.757544486354558,3.757544486354558,3.757544486354558,3.757544486354558,3.757544486354558,3.757544486354558,3.757544486354558,3.757544486354558,3.757544486354558,3.757544486354558,3.757544486354558,3.757544486354558,3.757544486354558,3.757544486354558,3.757544486354558,3.757544486354558,3.757544486354558,3.757544486354558,3.757544486354558,3.757544486354558,3.757544486354558,3.757544486354558,3.757544486354558,3.757544486354558,3.757544486354558,3.757544486354558,3.757544486354558,3.757544486354558,3.757544486354558,3.757544486354558,3.757544486354558,7.239859425664365,7.239859425664365,7.239859425664365,7.239859425664365,6.831843734667288,6.831843734667288,6.831843734667288,6.831843734667288,6.831843734667288,6.831843734667288,6.304073300087822,6.304073300087822,6.304073300087822,6.304073300087822,5.9461818358063185,5.9461818358063185,5.9461818358063185,5.9461818358063185,5.9461818358063185,5.9461818358063185,5.9461818358063185,5.9461818358063185,5.9461818358063185,5.9461818358063185,5.9461818358063185,5.9461818358063185,5.9461818358063185,5.9461818358063185,5.9461818358063185,5.749699652787985,5.749699652787985,5.749699652787985,5.749699652787985,5.749699652787985,5.749699652787985,5.749699652787985,5.749699652787985,5.749699652787985,5.749699652787985,5.749699652787985,5.749699652787985,5.749699652787985,5.749699652787985,5.749699652787985,5.749699652787985,5.749699652787985,5.749699652787985,5.749699652787985,5.749699652787985,5.749699652787985,5.749699652787985,5.749699652787985,5.749699652787985,5.749699652787985,5.749699652787985,5.749699652787985,5.749699652787985,5.749699652787985,5.749699652787985,5.749699652787985,5.749699652787985,5.749699652787985,5.749671043979194,5.749671043979194,5.749671043979194,5.749671043979194,5.749671043979194,5.749671043979194,5.749671043979194,5.749671043979194,5.749671043979194,5.749671043979194,5.749671043979194,5.749671043979194,5.749671043979194,5.749671043979194,5.749671043979194,5.749671043979194,5.749671043979194,5.749671043979194,5.749671043979194,5.749671043979194,5.749671043979194,5.749671043979194,5.749671043979194,5.749671043979194,5.749671043979194,5.749671043979194,5.749671043979194,5.749671043979194,5.749671043979194,5.749671043979194,5.749671043979194,5.749671043979194,5.749671043979194,5.749671043979194,5.749671043979194,5.749671043979194,5.749671043979194,5.749671043979194,5.749671043979194,5.749671043979194,5.749671043979194,5.749671043979194,5.749671043979194,5.749671043979194,5.749671043979194,5.749671043979194,5.749671043979194,5.749671043979194,5.749671043979194,5.749671043979194,5.749671043979194,5.749671043979194,5.749671043979194,5.749671043979194,5.749671043979194,5.749671043979194,5.571195623902366,5.339230581498781,4.964605539462233,4.880372747609328,4.880372747609328,4.880372747609328,4.880372747609328,4.880372747609328,4.880372747609328,4.880372747609328,4.880372747609328,4.880372747609328,4.880372747609328,4.880372747609328,4.880372747609328,4.880372747609328,4.880372747609328,4.880372747609328,4.880372747609328,4.880372747609328,4.880372747609328,4.880372747609328,4.880372747609328,4.880372747609328,4.880372747609328,4.880372747609328,4.880372747609328,4.880372747609328,4.880372747609328,4.880372747609328,4.880372747609328,4.880372747609328,4.880372747609328,4.880372747609328,4.880372747609328,4.880372747609328,4.880372747609328,4.880372747609328,4.880372747609328,4.880372747609328,4.880372747609328,4.880372747609328,4.880372747609328,4.880372747609328,4.880372747609328,4.880372747609328,4.880372747609328,4.880372747609328,4.880372747609328,4.880372747609328,4.880372747609328,4.880372747609328,4.880372747609328,4.880372747609328,4.880372747609328,4.880372747609328,4.880372747609328,4.880372747609328,4.880372747609328,4.880372747609328,4.880372747609328,4.880372747609328,4.880372747609328,4.880372747609328,4.880372747609328,4.880372747609328,4.880372747609328,4.880372747609328,4.880372747609328,4.880372747609328,4.880372747609328,4.880372747609328,4.880372747609328,4.880372747609328,4.880372747609328,4.880372747609328,4.880372747609328,4.880372747609328,4.880372747609328,4.880372747609328,4.880372747609328,4.880372747609328,4.880372747609328,4.880372747609328,4.880372747609328,4.880372747609328,4.880372747609328,4.880372747609328,4.880372747609328,4.880372747609328,4.880372747609328,4.880372747609328,4.880372747609328,4.880372747609328,4.880372747609328,4.880372747609328,4.880372747609328,4.880372747609328,4.880372747609328,4.880372747609328,4.880372747609328,4.880372747609328,4.880372747609328,4.880372747609328,4.880372747609328,4.880372747609328,4.880372747609328,4.880372747609328,4.880372747609328,4.880372747609328,4.880372747609328,4.880372747609328,4.880372747609328,4.880372747609328,4.880372747609328,4.880372747609328,4.880372747609328,4.880372747609328,4.880372747609328,4.880372747609328,4.880372747609328,4.880372747609328,4.880372747609328,4.880372747609328,4.880372747609328,4.880372747609328,4.880372747609328,4.880372747609328,4.880372747609328,4.880372747609328,4.880372747609328,4.880372747609328,4.880372747609328,4.880372747609328,4.880372747609328,4.880372747609328,4.880372747609328,4.880372747609328,4.880372747609328,4.880372747609328,4.880372747609328,4.880372747609328,4.880372747609328,4.880372747609328,4.880372747609328,4.880372747609328,4.880372747609328,4.880372747609328,4.880372747609328,4.880372747609328,4.880372747609328,4.880372747609328,4.880372747609328,4.880372747609328,4.880372747609328,4.880372747609328,4.880372747609328,4.880372747609328,4.880372747609328,4.880372747609328,4.880372747609328,4.880372747609328,4.880372747609328,4.880372747609328,4.880372747609328,4.880372747609328,4.880372747609328,4.880372747609328,4.880372747609328,4.880372747609328,4.880372747609328,4.880372747609328,4.880372747609328,4.880372747609328,4.880372747609328,4.880372747609328,4.880372747609328,4.880372747609328,4.880372747609328,4.880372747609328,4.880372747609328,4.880372747609328,4.880372747609328,4.880372747609328,4.880372747609328,4.880372747609328,4.880372747609328,4.880372747609328,4.880372747609328,4.880372747609328,4.880372747609328,4.880372747609328,4.880372747609328,4.880372747609328,4.880372747609328,4.880372747609328,4.880372747609328,4.880372747609328,4.880372747609328,4.880372747609328,4.880372747609328,4.880372747609328,4.880372747609328,4.880372747609328,4.880372747609328,4.880372747609328,4.880372747609328,4.880372747609328,4.880372747609328,4.880372747609328,4.880372747609328,4.880372747609328,4.880372747609328,4.880372747609328,4.880372747609328,4.880372747609328,4.880372747609328,4.880372747609328,4.880372747609328,4.880372747609328,4.880372747609328,4.880372747609328,4.880372747609328,4.880372747609328,4.880372747609328,4.880372747609328,4.880372747609328,4.880372747609328,4.880372747609328,4.880372747609328,4.880372747609328,4.880372747609328,4.880372747609328,4.880372747609328,4.880372747609328,4.880372747609328,4.880372747609328,4.880372747609328,4.880372747609328,4.880372747609328,4.880372747609328,4.880372747609328,4.880372747609328,4.880372747609328,4.880372747609328,4.880372747609328,4.880372747609328,4.880372747609328,4.880372747609328,4.880372747609328,4.880372747609328,4.880372747609328,4.880372747609328,4.880372747609328,4.880372747609328,4.880372747609328,4.880372747609328,4.880372747609328,4.880372747609328,4.880372747609328,4.880372747609328,4.880372747609328,4.880372747609328,4.880372747609328,4.880372747609328,4.880372747609328,4.880372747609328,4.880372747609328,4.880372747609328,4.880372747609328,4.880372747609328,4.880372747609328,4.880372747609328,4.880372747609328,4.880372747609328,4.880372747609328,4.880372747609328,4.880372747609328,4.880372747609328,4.880372747609328,4.880372747609328,4.880372747609328,4.880372747609328,4.880372747609328,4.880372747609328,4.880372747609328,4.880372747609328,4.880372747609328,4.880372747609328,4.880372747609328,4.880372747609328,4.880372747609328,4.880372747609328,4.880372747609328,4.880372747609328,4.880372747609328,4.880372747609328,4.880372747609328,4.880372747609328,4.880372747609328,4.880372747609328,4.880372747609328,4.880372747609328,4.880372747609328,4.880372747609328,4.880372747609328,4.880372747609328,4.880372747609328,4.880372747609328,4.880372747609328,4.880372747609328,4.880372747609328,4.880372747609328,4.880372747609328,4.880372747609328,4.880372747609328,4.880372747609328,4.880372747609328,4.880372747609328,4.880372747609328,4.880372747609328,4.880372747609328,4.880372747609328,4.880372747609328,4.880372747609328,4.880372747609328,4.880372747609328,4.880372747609328,4.880372747609328,4.880372747609328,4.880372747609328,4.880372747609328,4.880372747609328,4.880372747609328,4.880372747609328,4.880372747609328,4.880372747609328,4.880372747609328,4.880372747609328,4.880372747609328,4.880372747609328,4.880372747609328,4.880372747609328,4.880372747609328,4.880372747609328,4.880372747609328,4.880372747609328,4.880372747609328,4.880372747609328,4.880372747609328,4.880372747609328,4.880372747609328,4.880372747609328,4.880372747609328,4.880372747609328,4.880372747609328,4.880372747609328,4.880372747609328,4.880372747609328,4.880372747609328,4.880372747609328,4.880372747609328,4.880372747609328,4.880372747609328,4.880372747609328,4.880372747609328,4.880372747609328,4.880372747609328,4.880372747609328,4.880372747609328,4.880372747609328,4.880372747609328,4.880372747609328,4.880372747609328,4.880372747609328,4.880372747609328,4.880372747609328,4.880372747609328,4.880372747609328,4.880372747609328,4.880372747609328,4.880372747609328,4.880372747609328,4.880372747609328,4.880372747609328,4.880372747609328,4.880372747609328,4.880372747609328,4.880372747609328,4.880372747609328,4.880372747609328,4.880372747609328,4.880372747609328,4.880372747609328,4.880372747609328,4.880372747609328,4.880372747609328,4.880372747609328,4.880372747609328,4.880372747609328,4.880372747609328,4.880372747609328,4.880372747609328,4.880372747609328,4.880372747609328,4.880372747609328,4.880372747609328,4.824843541094007,4.824843541094007,4.689754352546248,4.689754352546248,4.689754352546248,4.689754352546248,4.689754352546248,4.689754352546248,4.689754352546248,4.689754352546248,4.689754352546248,4.689754352546248,4.689754352546248,4.689754352546248,4.689754352546248,4.689754352546248,4.689754352546248,4.689754352546248,4.689754352546248,4.689754352546248,4.689754352546248,4.689754352546248,4.680240341416282,4.676793791748015,4.672755476453731,4.672755476453731,4.672755476453731,4.672755476453731,4.672755476453731,4.672755476453731,4.672755476453731,4.672755476453731,4.672755476453731,4.672755476453731,4.672755476453731,4.672755476453731,4.672755476453731,4.672755476453731,4.672755476453731,4.672755476453731,4.672755476453731,4.672755476453731,4.672755476453731,4.672755476453731,4.672755476453731,4.672755476453731,4.672755476453731,4.672755476453731,4.672755476453731,4.672755476453731,4.672755476453731,4.672755476453731,4.672755476453731,4.672755476453731,4.672755476453731,4.672755476453731,4.672755476453731,4.672755476453731,4.672755476453731,4.672755476453731,4.672755476453731,4.672755476453731,4.672755476453731,4.672755476453731,4.672755476453731,4.672755476453731,4.672755476453731,4.672755476453731,4.672755476453731,4.672755476453731,4.672755476453731,4.672755476453731,4.672755476453731,4.672755476453731,4.672755476453731,4.672755476453731,4.672755476453731,4.672755476453731,4.672755476453731,4.672755476453731,4.672755476453731,4.672755476453731,4.672755476453731,4.672755476453731,4.672755476453731,4.672755476453731,4.672755476453731,4.672755476453731,4.672755476453731,4.672755476453731,4.672755476453731,4.672755476453731,4.672755476453731,4.672755476453731,4.672755476453731,4.672755476453731,4.672755476453731,4.672755476453731,4.672755476453731,4.672755476453731,4.672755476453731,4.672755476453731,4.672755476453731,4.672755476453731,4.672755476453731,4.672755476453731,4.672755476453731,4.672755476453731,4.672755476453731,4.672755476453731,4.672755476453731,4.672755476453731,4.672755476453731,4.672755476453731,4.672755476453731,4.672755476453731,4.672755476453731,4.672755476453731,4.672755476453731,4.672755476453731,4.672755476453731,4.672755476453731,4.672755476453731,4.672755476453731,4.672755476453731,4.672755476453731,4.672755476453731,4.672755476453731,4.672755476453731,4.672755476453731,4.672755476453731,4.672755476453731,4.672755476453731,4.672755476453731,4.672755476453731,4.672755476453731,4.672755476453731,4.672755476453731,4.672755476453731,4.672755476453731,4.672755476453731,4.672755476453731,4.672755476453731,4.672755476453731,4.672755476453731,4.672755476453731,4.672755476453731,4.672755476453731,4.672755476453731,4.672755476453731,4.672755476453731,4.672755476453731,4.672755476453731,4.672755476453731,4.672755476453731,4.672755476453731,4.672755476453731,4.672755476453731,4.672755476453731,4.672755476453731,4.672755476453731,4.672755476453731,4.672755476453731,4.672755476453731,4.672755476453731,4.672755476453731,4.672755476453731,4.672755476453731,4.672755476453731,4.672755476453731,4.672755476453731,4.672755476453731,4.672755476453731,4.672755476453731,4.672755476453731,4.672755476453731,4.672755476453731,4.672755476453731,4.672755476453731,4.672755476453731,4.672755476453731,4.672755476453731,4.672755476453731,4.672755476453731,4.672755476453731,4.672755476453731,4.672755476453731,4.672755476453731,4.672755476453731,4.672755476453731,4.672755476453731,4.672755476453731,4.672755476453731,4.672755476453731,4.672755476453731,4.672755476453731,4.672755476453731,4.672755476453731,4.672755476453731,4.672755476453731,4.672755476453731,4.672755476453731,4.672755476453731,4.672755476453731,4.672755476453731,4.672755476453731,4.672755476453731,4.672755476453731,4.672755476453731,4.672755476453731,4.672755476453731,4.672755476453731,4.672755476453731,4.672755476453731,4.672755476453731,4.672755476453731,4.672755476453731,4.672755476453731,4.601275425341182,4.601275425341182,4.601275425341182,4.601275425341182,4.601275425341182,4.601275425341182,4.601275425341182,4.601275425341182,4.601275425341182,4.601275425341182,4.601275425341182,4.58510841646173,4.58510841646173,4.58510841646173,4.58510841646173,4.58510841646173,4.58510841646173,4.58510841646173,4.58510841646173,4.58510841646173,4.58510841646173,4.58510841646173,4.58510841646173,4.58510841646173,4.58510841646173,4.58510841646173,4.58510841646173,4.58510841646173,4.58510841646173,4.58510841646173,4.58510841646173,4.58510841646173,4.58510841646173,4.58510841646173,4.58510841646173,4.58510841646173,4.58510841646173,4.58510841646173,4.58510841646173,4.58510841646173,4.58510841646173,4.58510841646173,4.58510841646173,4.58510841646173,4.58510841646173,4.58510841646173,4.58510841646173,4.58510841646173,4.58510841646173,4.58510841646173,4.58510841646173,4.58510841646173,4.58510841646173,4.58510841646173,4.58510841646173,4.58510841646173,4.58510841646173,4.58510841646173,4.58510841646173,4.58510841646173,4.58510841646173,4.58510841646173,4.58510841646173,4.58510841646173,4.58510841646173,4.58510841646173,4.58510841646173,4.58510841646173,4.58510841646173,4.58510841646173,4.58510841646173,4.58510841646173,4.58510841646173,4.58510841646173,4.58510841646173,4.58510841646173,4.58510841646173,4.58510841646173,4.58510841646173,4.58510841646173,4.58510841646173,4.58510841646173,4.58510841646173,4.58510841646173,4.58510841646173,4.58510841646173,4.58510841646173,4.58510841646173,4.58510841646173,4.58510841646173,4.58510841646173,4.58510841646173,4.58510841646173,4.58510841646173,4.58510841646173,4.58510841646173,4.58510841646173,4.58510841646173,4.58510841646173,4.58510841646173,4.58510841646173,4.58510841646173,4.58510841646173,4.58510841646173,4.58510841646173,4.58510841646173,4.58510841646173,4.58510841646173,4.58510841646173,4.58510841646173,4.58510841646173,4.58510841646173,4.58510841646173,4.58510841646173,4.58510841646173,4.58510841646173,4.58510841646173,4.58510841646173,4.58510841646173,4.58510841646173,4.58510841646173,4.58510841646173,4.58510841646173,4.58510841646173,4.58510841646173,4.58510841646173,4.58510841646173,4.58510841646173,4.58510841646173,4.58510841646173,4.58510841646173,4.58510841646173,4.58510841646173,4.58510841646173,4.58510841646173,4.58510841646173,4.58510841646173,4.58510841646173,4.58510841646173,4.58510841646173,4.58510841646173,4.58510841646173,4.58510841646173,4.58510841646173,4.58510841646173,4.58510841646173,4.58510841646173,4.58510841646173,4.58510841646173,4.58510841646173,4.58510841646173,4.58510841646173,4.58510841646173,4.58510841646173,4.58510841646173,4.58510841646173,4.58510841646173,4.58510841646173,4.58510841646173,4.58510841646173,4.58510841646173,4.58510841646173,4.58510841646173,4.58510841646173,4.58510841646173,4.58510841646173,4.58510841646173,4.58510841646173,4.58510841646173,4.58510841646173,4.58510841646173,4.58510841646173,4.58510841646173,4.58510841646173,4.58510841646173,4.58510841646173,4.58510841646173,4.58510841646173,4.58510841646173,4.58510841646173,4.58510841646173,4.58510841646173,4.58510841646173,4.58510841646173,4.58510841646173,4.58510841646173,4.58510841646173,4.58510841646173,4.58510841646173,4.58510841646173,4.58510841646173,4.58510841646173,4.58510841646173,4.58510841646173,4.58510841646173,4.58510841646173,4.58510841646173,4.58510841646173,4.58510841646173,4.58510841646173,4.58510841646173,4.58510841646173,4.58510841646173,4.58510841646173,4.58510841646173,4.58510841646173,4.58510841646173,4.58510841646173,4.58510841646173,4.58510841646173,4.58510841646173,4.58510841646173,4.58510841646173,4.58510841646173,4.58510841646173,4.58510841646173,4.58510841646173,4.58510841646173,4.58510841646173,4.58510841646173,4.58510841646173,4.58510841646173,4.58510841646173,4.58510841646173,4.58510841646173,4.58510841646173,4.58510841646173,4.58510841646173,4.58510841646173,4.58510841646173,4.58510841646173,4.58510841646173,4.58510841646173,4.58510841646173,4.58510841646173,4.58510841646173,4.58510841646173,4.58510841646173,4.58510841646173,4.58510841646173,4.58510841646173,4.58510841646173,4.58510841646173,4.58510841646173,4.58510841646173,4.58510841646173,4.58510841646173,4.58510841646173,4.58510841646173,4.58510841646173,4.58510841646173,4.58510841646173,4.58510841646173,4.58510841646173,4.58510841646173,4.58510841646173,4.58510841646173,8.392733042885734,8.12682742696734,8.12682742696734,8.12682742696734,8.12682742696734,8.0034111761646,8.0034111761646,7.740848645189137,7.740848645189137,7.740848645189137,7.740848645189137,7.247201309963213,7.247201309963213,7.247201309963213,7.247201309963213,7.247201309963213,7.247201309963213,7.247201309963213,7.247201309963213,7.247201309963213,7.247201309963213,7.247201309963213,7.247201309963213,7.247201309963213,7.247201309963213,7.247201309963213,7.247201309963213,7.247201309963213,7.247201309963213,7.247201309963213,7.247201309963213,7.247201309963213,7.247201309963213,7.247201309963213,7.247201309963213,7.247201309963213,7.247201309963213,7.247201309963213,7.247201309963213,7.247201309963213,7.247201309963213,7.247201309963213,7.247201309963213,7.247201309963213,7.247201309963213,7.247201309963213,7.247201309963213,7.247201309963213,7.247201309963213,7.247201309963213,7.247201309963213,7.164546780277553,7.164546780277553,7.164546780277553,7.164546780277553,7.164546780277553,7.164546780277553,7.164546780277553,7.164546780277553,7.164546780277553,7.164546780277553,7.164546780277553,7.164546780277553,7.164546780277553,7.164546780277553,7.164546780277553,7.164546780277553,7.164546780277553,7.164546780277553,7.164546780277553,7.164546780277553,7.164546780277553,7.164546780277553,7.164546780277553,7.164546780277553,7.164546780277553,7.164546780277553,7.164546780277553,7.164546780277553,7.164546780277553,7.164546780277553,7.164546780277553,7.164546780277553,7.164546780277553,7.164546780277553,7.164546780277553,7.164546780277553,7.164546780277553,7.164546780277553,7.164546780277553,7.164546780277553,7.164546780277553,7.164546780277553,7.164546780277553,7.164546780277553,7.164546780277553,7.164546780277553,7.164546780277553,7.164546780277553,7.164546780277553,7.164546780277553,7.164546780277553,7.164546780277553,6.718236561783033,6.291737641837864,6.1328421477684945,6.1328421477684945,5.8803340161827204,5.8803340161827204,5.8803340161827204,5.797332036453686,5.586628920158849,5.586628920158849,5.586628920158849,5.586628920158849,5.586628920158849,5.586628920158849,4.855138903584289,4.855138903584289,4.855138903584289,4.855138903584289,4.855138903584289,4.855138903584289,4.855138903584289,4.855138903584289,4.855138903584289,4.855138903584289,4.855138903584289,4.855138903584289,4.855138903584289,4.855138903584289,4.855138903584289,4.855138903584289,4.855138903584289,4.855138903584289,4.855138903584289,4.855138903584289,4.855138903584289,4.855138903584289,4.855138903584289,4.855138903584289,4.855138903584289,4.855138903584289,4.855138903584289,4.855138903584289,4.855138903584289,4.855138903584289,4.855138903584289,4.855138903584289,4.855138903584289,4.855138903584289,4.855138903584289,4.855138903584289,4.855138903584289,4.855138903584289,4.855138903584289,4.855138903584289,4.855138903584289,4.855138903584289,4.855138903584289,4.855138903584289,4.855138903584289,4.855138903584289,4.855138903584289,4.855138903584289,4.855138903584289,4.855138903584289,4.855138903584289,4.855138903584289,4.855138903584289,4.855138903584289,4.855138903584289,4.855138903584289,4.855138903584289,4.855138903584289,4.855138903584289,4.855138903584289,4.855138903584289,4.855138903584289,4.855138903584289,4.855138903584289,4.855138903584289,4.855138903584289,4.855138903584289,4.855138903584289,4.855138903584289,4.855138903584289,4.855138903584289,4.855138903584289,4.855138903584289,4.855138903584289,4.855138903584289,4.855138903584289,4.855138903584289,4.855138903584289,4.855138903584289,4.855138903584289,4.855138903584289,4.855138903584289,4.855138903584289,4.855138903584289,4.855138903584289,4.855138903584289,4.855138903584289,4.855138903584289,4.855138903584289,4.855138903584289,4.855138903584289,4.855138903584289,4.855138903584289,4.855138903584289,4.855138903584289,4.855138903584289,4.855138903584289,4.855138903584289,4.855138903584289,4.855138903584289,4.855138903584289,4.855138903584289,4.855138903584289,4.855138903584289,4.855138903584289,4.855138903584289,4.855138903584289,4.855138903584289,4.855138903584289,4.855138903584289,4.855138903584289,4.855138903584289,4.855138903584289,4.855138903584289,4.855138903584289,4.855138903584289,4.855138903584289,4.855138903584289,4.855138903584289,4.855138903584289,4.855138903584289,3.0486548071381883,3.0486548071381883,3.0486548071381883,3.0486548071381883,3.0486548071381883,3.0486548071381883,3.0486548071381883,3.0486548071381883,3.0486548071381883,3.0486548071381883,3.0486548071381883,3.0486548071381883,3.0486548071381883,3.0486548071381883,3.0486548071381883,3.0486548071381883,3.0486548071381883,3.0486548071381883,3.0486548071381883,3.0486548071381883,3.0486548071381883,3.0486548071381883,3.0486548071381883,3.0486548071381883,3.0486548071381883,3.0486548071381883,3.0486548071381883,3.0486548071381883,3.0486548071381883,3.0486548071381883,3.0486548071381883,3.0486548071381883,3.0486548071381883,3.0486548071381883,3.0486548071381883,3.0486548071381883,3.0486548071381883,3.0486548071381883,3.0486548071381883,3.0486548071381883,3.0486548071381883,3.0486548071381883,3.0486548071381883,3.0486548071381883,3.0486548071381883,3.0486548071381883,3.0486548071381883,3.0486548071381883,3.0486548071381883,3.0486548071381883,3.0486548071381883,3.0486548071381883,3.0486548071381883,3.0486548071381883,3.0486548071381883,3.0486548071381883,3.0486548071381883,3.0486548071381883,3.0486548071381883,3.0486548071381883,3.0486548071381883,3.0486548071381883,3.0486548071381883,3.0486548071381883,3.0486548071381883,3.0486548071381883,3.0486548071381883,3.0486548071381883,3.0486548071381883,3.0486548071381883,3.0486548071381883,3.0486548071381883,3.0486548071381883,3.0486548071381883,3.0486548071381883,3.0486548071381883,3.0486548071381883,3.0486548071381883,3.0486548071381883,3.0486548071381883,3.0486548071381883,3.0486548071381883,3.0486548071381883,3.0486548071381883,3.0486548071381883,3.0486548071381883,3.0486548071381883,3.0486548071381883,3.0486548071381883,3.0486548071381883,3.0486548071381883,3.0486548071381883,3.0486548071381883,3.0486548071381883,3.0486548071381883,3.0486548071381883,3.0486548071381883,3.0486548071381883,3.0486548071381883,3.0486548071381883,3.0486548071381883,3.0486548071381883,3.0486548071381883,3.0486548071381883,3.0486548071381883,3.0486548071381883,3.0486548071381883,3.0486548071381883,3.0486548071381883,3.0486548071381883,3.0486548071381883,3.0486548071381883,3.0486548071381883,3.0486548071381883,3.0486548071381883,3.0486548071381883,3.0486548071381883,3.0486548071381883,3.0486548071381883,3.0486548071381883,3.0486548071381883,3.0486548071381883,3.0486548071381883,3.0486548071381883,3.0486548071381883,3.0486548071381883,3.0486548071381883,3.0486548071381883,3.0486548071381883,3.0486548071381883,3.0486548071381883,3.0486548071381883,3.0486548071381883,3.0486548071381883,3.0486548071381883,3.0486548071381883,3.0486548071381883,3.0486548071381883,3.0486548071381883,3.0486548071381883,3.0486548071381883,3.0486548071381883,3.0486548071381883,3.0486548071381883,3.0486548071381883,3.0486548071381883,3.0486548071381883,3.0486548071381883,3.0486548071381883,3.0486548071381883,3.0486548071381883,3.0486548071381883,3.0486548071381883,3.0486548071381883,3.0486548071381883,3.0486548071381883,3.0486548071381883,3.0486548071381883,3.0486548071381883,3.0486548071381883,3.0486548071381883,3.0486548071381883,3.0486548071381883,3.0486548071381883,3.0486548071381883,3.0486548071381883,3.0486548071381883,3.0486548071381883,3.0486548071381883,3.0486548071381883,3.0486548071381883,3.0486548071381883,3.0486548071381883,3.0486548071381883,3.0486548071381883,3.0486548071381883,3.0486548071381883,3.0486548071381883,3.0486548071381883,3.0486548071381883,3.0486548071381883,3.0486548071381883,3.0486548071381883,3.0486548071381883,3.0486548071381883,3.0486548071381883,3.0486548071381883,3.0486548071381883,3.0486548071381883,3.0486548071381883,3.0486548071381883,3.0486548071381883,3.0486548071381883,3.0486548071381883,3.0486548071381883,3.0486548071381883,3.0486548071381883,3.0486548071381883,3.0486548071381883,3.0486548071381883,3.0486548071381883,3.0486548071381883,3.0486548071381883,3.0486548071381883,3.0486548071381883,3.0486548071381883,3.0486548071381883,3.0486548071381883,3.0486548071381883,3.0486548071381883,3.0486548071381883,3.0486548071381883,3.0486548071381883,3.0486548071381883,3.0486548071381883,3.0486548071381883,3.0486548071381883,3.0486548071381883,3.0486548071381883,3.0486548071381883,3.0486548071381883,3.0486548071381883,3.0486548071381883,3.0486548071381883,3.0486548071381883,3.0486548071381883,3.0486548071381883,3.0486548071381883,3.0486548071381883,3.0486548071381883,3.0486548071381883,3.0486548071381883,3.0486548071381883,3.0486548071381883,3.0486548071381883,3.0486548071381883,3.0486548071381883,3.0486548071381883,3.0486548071381883,3.0486548071381883,3.0486548071381883,3.0486548071381883,3.0486548071381883,3.0486548071381883,3.0486548071381883,3.0486548071381883,3.0486548071381883,3.0486548071381883,3.0486548071381883,3.0486548071381883,3.0486548071381883,3.0486548071381883,3.0486548071381883,3.0486548071381883,3.0486548071381883,3.0486548071381883,3.0486548071381883,3.0486548071381883,3.0486548071381883,3.0486548071381883,3.0486548071381883,3.0486548071381883,3.0486548071381883,3.0486548071381883,3.0486548071381883,3.0486548071381883,3.0486548071381883,3.0486548071381883,3.0486548071381883,3.0486548071381883,3.0486548071381883,3.0486548071381883,3.0486548071381883,3.0486548071381883,3.0486548071381883,3.0486548071381883,3.0486548071381883,3.0486548071381883,3.0486548071381883,3.0486548071381883,3.0486548071381883,3.0486548071381883,3.0486548071381883,3.0486548071381883,3.0486548071381883,3.0486548071381883,3.0486548071381883,3.0486548071381883,3.0486548071381883,3.0486548071381883,3.0486548071381883,3.0486548071381883,3.0486548071381883,3.0486548071381883,3.0486548071381883,3.0486548071381883,3.0486548071381883,3.0486548071381883,3.0486548071381883,3.0486548071381883,1.4662708738791437,1.4662708738791437,1.4662708738791437,1.4662708738791437,1.4662708738791437,1.4662708738791437,1.4662708738791437,1.4662708738791437,1.4662708738791437,1.4662708738791437,1.4662708738791437,1.4662708738791437,1.4662708738791437,1.4662708738791437,1.4662708738791437,1.4662708738791437,1.4662708738791437,1.4662708738791437,1.4662708738791437,1.4662708738791437,1.4662708738791437,1.4662708738791437,1.4662708738791437,1.4662708738791437,1.4662708738791437,1.4662708738791437,1.4662708738791437,1.4662708738791437,1.4662708738791437,1.4662708738791437,1.4662708738791437,1.4662708738791437,1.4662708738791437,1.4662708738791437,1.4662708738791437,1.4662708738791437,1.4662708738791437,1.4662708738791437,1.4662708738791437,1.4662708738791437,1.4662708738791437,1.4662708738791437,1.4662708738791437,1.4662708738791437,1.4662708738791437,1.4662708738791437,1.4662708738791437,1.4662708738791437,1.4662708738791437,1.4662708738791437,1.4662708738791437,1.4662708738791437,1.4662708738791437,1.4662708738791437,1.4662708738791437,1.4662708738791437,1.4662708738791437,1.4662708738791437,1.4662708738791437,1.4662708738791437,1.4662708738791437,1.4662708738791437,1.4662708738791437,1.4662708738791437,1.4662708738791437,1.4662708738791437,1.4662708738791437,1.4662708738791437,1.4662708738791437,1.4662708738791437,1.4662708738791437,1.4662708738791437,1.4662708738791437,1.4662708738791437,1.4662708738791437,1.4662708738791437,1.4662708738791437,1.4662708738791437,1.4662708738791437,1.4662708738791437,1.4662708738791437,1.4662708738791437,1.4662708738791437,1.4662708738791437,1.4662708738791437,1.4662708738791437,1.4662708738791437,1.4662708738791437,1.4662708738791437,1.4662708738791437,1.4662708738791437,1.4662708738791437,1.4662708738791437,1.4662708738791437,1.4662708738791437,1.4662708738791437,1.4662708738791437,1.4662708738791437,1.4662708738791437,1.4662708738791437,1.4662708738791437,1.4662708738791437,1.4662708738791437,1.4662708738791437,1.4662708738791437,1.4662708738791437,1.4662708738791437,1.4662708738791437,1.4662708738791437,1.4662708738791437,1.4662708738791437,1.4662708738791437,1.4662708738791437,1.4662708738791437,1.4662708738791437,1.4662708738791437,1.4662708738791437,1.4662708738791437,1.4662708738791437,1.4662708738791437,1.4662708738791437,1.4662708738791437,1.4662708738791437,1.4662708738791437,1.4662708738791437,1.4662708738791437,1.4662708738791437,1.4662708738791437,1.4662708738791437,1.4662708738791437,1.4662708738791437,1.4662708738791437,1.4662708738791437,1.4662708738791437,1.4662708738791437,1.4662708738791437,1.4662708738791437,1.4662708738791437,1.4662708738791437,1.4662708738791437,1.4662708738791437,1.4662708738791437,1.4662708738791437,1.4662708738791437,1.4662708738791437,1.4662708738791437,1.4662708738791437,1.4662708738791437,1.4662708738791437,1.4662708738791437,1.4662708738791437,1.4662708738791437,1.4662708738791437,1.4662708738791437,1.4662708738791437,1.4662708738791437,1.4662708738791437,1.4662708738791437,1.4662708738791437,1.4662708738791437,1.4662708738791437,1.4662708738791437,1.4662708738791437,1.4662708738791437,1.4662708738791437,1.4662708738791437,1.4662708738791437,1.4662708738791437,1.4662708738791437,1.4662708738791437,1.4662708738791437,1.4662708738791437,1.4662708738791437,1.4662708738791437,1.4662708738791437,1.4662708738791437,1.4662708738791437,1.4662708738791437,1.4662708738791437,1.4662708738791437,1.4662708738791437,1.4662708738791437,1.4662708738791437,1.4662708738791437,1.4662708738791437,1.4662708738791437,1.4662708738791437,1.4662708738791437,1.4662708738791437,1.4662708738791437,1.4662708738791437,1.4662708738791437,1.4662708738791437,1.4662708738791437,1.4662708738791437,1.4662708738791437,1.4662708738791437,1.4662708738791437,1.4662708738791437,1.4662708738791437,1.4662708738791437,1.4662708738791437,1.4662708738791437,1.4662708738791437,1.4662708738791437,1.4662708738791437,1.4662708738791437,1.4662708738791437,1.4662708738791437,1.4662708738791437,1.4662708738791437,1.4662708738791437,1.4662708738791437,1.4662708738791437,1.4662708738791437,1.4662708738791437,1.4662708738791437,1.4662708738791437,1.4662708738791437,1.4662708738791437,1.4662708738791437,1.4662708738791437,1.4662708738791437,1.4662708738791437,1.4662708738791437,1.4662708738791437,1.4662708738791437,1.4662708738791437,1.4662708738791437,1.4662708738791437,1.4662708738791437,1.4662708738791437,1.4662708738791437,1.4662708738791437,1.4662708738791437,1.4662708738791437,1.4662708738791437,1.4662708738791437,1.4662708738791437,1.4662708738791437,1.4662708738791437,1.4662708738791437,1.4662708738791437,1.4662708738791437,1.4662708738791437,1.4662708738791437,1.4662708738791437,1.4662708738791437,1.4662708738791437,1.4662708738791437,1.4662708738791437,1.4662708738791437,1.4662708738791437,1.4662708738791437,1.4662708738791437,1.4662708738791437,1.4662708738791437,1.4662708738791437,1.4662708738791437,1.4662708738791437,1.4662708738791437,1.4662708738791437,1.4662708738791437,1.4662708738791437,1.4662708738791437,1.4662708738791437,1.4662708738791437,1.4662708738791437,1.4662708738791437,1.4662708738791437,1.4662708738791437,1.4662708738791437,1.4662708738791437,1.4662708738791437,1.4662708738791437,1.4662708738791437,1.4662708738791437,1.4662708738791437,1.4662708738791437,1.4662708738791437,1.4662708738791437,1.4662708738791437,1.4662708738791437,1.4662708738791437,1.4662708738791437,1.4662708738791437,1.4662708738791437,1.4662708738791437,1.4662708738791437,1.4662708738791437,1.4662708738791437,1.4662708738791437,1.4662708738791437,1.4662708738791437,1.4662708738791437,1.4662708738791437,1.4662708738791437,1.4662708738791437,1.4662708738791437,1.4662708738791437,1.4662708738791437,1.4662708738791437,1.4662708738791437,1.4662708738791437,1.4662708738791437,1.4662708738791437,1.4662708738791437,1.4662708738791437,1.4662708738791437,1.4662708738791437,1.4662708738791437,1.4662708738791437,1.4662708738791437,1.4662708738791437,1.4662708738791437,1.4662708738791437,1.4662708738791437,1.4662708738791437,1.4662708738791437,1.4662708738791437,1.4662708738791437,1.4662708738791437,1.4662708738791437,1.4662708738791437,1.4662708738791437,1.4662708738791437,1.4662708738791437,1.4662708738791437,1.4662708738791437,1.4662708738791437,1.4662708738791437,1.4662708738791437,1.4662708738791437,1.4662708738791437,1.4662708738791437,1.4662708738791437,1.4662708738791437,1.4662708738791437,1.4662708738791437,1.4662708738791437,1.4662708738791437,1.4662708738791437,1.4662708738791437,1.4662708738791437,1.4662708738791437,1.4662708738791437,1.4662708738791437,1.4662708738791437,1.4662708738791437,1.4662708738791437,1.4662708738791437,1.4662708738791437,1.4662708738791437,1.4662708738791437,1.4662708738791437,1.4662708738791437,1.4662708738791437,1.4662708738791437,1.4662708738791437,1.4662708738791437,1.4662708738791437,1.4662708738791437,1.4662708738791437,1.4662708738791437,1.4662708738791437,1.4662708738791437,1.4662708738791437,1.4662708738791437,1.4662708738791437,1.4662708738791437,1.4662708738791437,1.4662708738791437,1.4662708738791437,1.4662708738791437,1.4662708738791437,1.4662708738791437,1.4662708738791437,1.4662708738791437,1.4662708738791437,1.4662708738791437,1.4662708738791437,1.4662708738791437,1.4662708738791437,1.4662708738791437,1.4662708738791437,1.4662708738791437,1.4662708738791437,1.4662708738791437,1.4662708738791437,1.4662708738791437,1.4662708738791437,1.4662708738791437,1.4662708738791437,1.4662708738791437,1.4662708738791437,1.4662708738791437,1.4662708738791437,1.4662708738791437,1.4662708738791437,1.4662708738791437,1.4662708738791437,1.4662708738791437,1.4662708738791437,1.4662708738791437,1.4662708738791437,1.4662708738791437,1.4662708738791437,1.4662708738791437,1.4662708738791437,1.4662708738791437,1.4662708738791437,1.4662708738791437,1.4662708738791437,1.4662708738791437,1.4662708738791437,1.4662708738791437,1.4662708738791437,1.4662708738791437,1.4662708738791437,1.4662708738791437,1.4662708738791437,1.4662708738791437,1.4662708738791437,1.4662708738791437,1.4662708738791437,1.4662708738791437,1.4662708738791437,1.4662708738791437,1.4662708738791437,1.4662708738791437,1.4662708738791437,1.4662708738791437,1.4662708738791437,1.4662708738791437,1.4662708738791437,1.4662708738791437,1.4662708738791437,1.4662708738791437,1.4662708738791437,1.4662708738791437,1.4662708738791437,1.4662708738791437,1.4662708738791437,1.4662708738791437,1.4662708738791437,1.4662708738791437,1.4662708738791437,1.4662708738791437,1.4662708738791437,1.4662708738791437,1.4662708738791437,1.4662708738791437,1.4662708738791437,1.4662708738791437,1.4662708738791437,1.4662708738791437,1.4662708738791437,1.4662708738791437,1.4662708738791437,1.4662708738791437,1.4662708738791437,1.4662708738791437,6.534413428456922,6.534413428456922,6.534413428456922,6.35396789013838,6.35396789013838,6.35396789013838,6.35396789013838,6.35396789013838,6.35396789013838,6.35396789013838,6.35396789013838,6.35396789013838,6.35396789013838,6.35396789013838,6.35396789013838,6.205553274760027,6.205553274760027,6.205553274760027,6.205553274760027,6.164999476031648,6.164999476031648,6.164999476031648,6.102635684418192,6.102635684418192,6.102635684418192,6.070450141470244,6.070450141470244,6.070450141470244,6.070450141470244,6.070450141470244,6.070450141470244,6.070450141470244,6.070450141470244,6.070450141470244,6.070450141470244,6.070450141470244,6.070450141470244,6.070450141470244,6.070450141470244,6.070450141470244,6.070450141470244,6.070450141470244,6.070450141470244,6.070450141470244,6.070450141470244,6.070450141470244,5.649593437030289,5.649593437030289,5.649593437030289,5.649593437030289,5.649593437030289,5.649593437030289,5.649593437030289,5.649593437030289,5.649593437030289,5.649593437030289,5.649593437030289,5.649593437030289,5.649593437030289,5.649593437030289,5.649593437030289,5.649593437030289,5.649593437030289,5.649593437030289,5.649593437030289,5.649593437030289,5.649593437030289,5.649593437030289,5.649593437030289,5.649593437030289,5.649593437030289,5.649593437030289,5.649593437030289,5.649593437030289,5.649593437030289,5.649593437030289,5.649593437030289,5.649593437030289,5.649593437030289,5.649593437030289,5.649593437030289,5.649593437030289,5.649593437030289,5.649593437030289,5.649593437030289,5.649593437030289,5.649593437030289,5.649593437030289,5.649593437030289,5.649593437030289,5.649593437030289,5.649593437030289,5.649593437030289,5.649593437030289,5.649593437030289,5.649593437030289,5.649593437030289,5.649593437030289,5.649593437030289,5.649593437030289,5.649593437030289,5.649593437030289,4.637224394036118,4.136437471806173,3.9056718816620712,3.9056718816620712,3.9056718816620712,3.9029007196813748,3.9029007196813748,3.9029007196813748,3.9029007196813748,3.9029007196813748,3.9029007196813748,3.9029007196813748,3.9029007196813748,3.9029007196813748,3.9029007196813748,3.9029007196813748,3.9029007196813748,3.9029007196813748,3.9029007196813748,3.9029007196813748,3.9029007196813748,3.9029007196813748,3.9029007196813748,3.9029007196813748,3.9029007196813748,3.9029007196813748,3.9029007196813748,3.9029007196813748,3.638487846514613,3.638487846514613,3.638487846514613,3.638487846514613,3.638487846514613,3.638487846514613,3.638487846514613,3.638487846514613,3.638487846514613,3.638487846514613,3.638487846514613,3.638487846514613,3.638487846514613,3.638487846514613,3.638487846514613,3.638487846514613,3.638487846514613,3.638487846514613,3.638487846514613,3.638487846514613,3.638487846514613,3.638487846514613,3.638487846514613,3.638487846514613,3.638487846514613,3.638487846514613,3.5485424240097747,3.5485424240097747,3.5485424240097747,3.5485424240097747,3.5485424240097747,3.5485424240097747,3.5485424240097747,3.5485424240097747,3.5485424240097747,3.5485424240097747,3.5485424240097747,3.5485424240097747,3.5485424240097747,3.5485424240097747,3.5485424240097747,3.5485424240097747,3.5485424240097747,3.5485424240097747,3.5485424240097747,3.5485424240097747,3.5485424240097747,3.5485424240097747,3.5485424240097747,3.5485424240097747,3.5485424240097747,3.5485424240097747,3.5485424240097747,3.5485424240097747,3.5485424240097747,3.5485424240097747,3.5485424240097747,3.5485424240097747,3.5485424240097747,3.5485424240097747,3.5485424240097747,3.5485424240097747,3.5485424240097747,3.5485424240097747,3.5485424240097747,3.5485424240097747,3.5485424240097747,3.5485424240097747,3.5485424240097747,3.5485424240097747,3.5485424240097747,3.5485424240097747,3.5485424240097747,3.5485424240097747,3.5485424240097747,3.5485424240097747,3.5485424240097747,3.5485424240097747,3.5485424240097747,3.5485424240097747,3.5485424240097747,3.5485424240097747,3.5485424240097747,3.5485424240097747,3.5485424240097747,3.5485424240097747,3.5485424240097747,3.5485424240097747,3.5485424240097747,3.5485424240097747,3.5485424240097747,3.5485424240097747,3.5485424240097747,3.5485424240097747,3.5485424240097747,3.5485424240097747,3.5485424240097747,3.5485424240097747,3.5485424240097747,3.5485424240097747,3.5485424240097747,3.5485424240097747,3.5485424240097747,3.5485424240097747,3.5485424240097747,3.5485424240097747,3.5485424240097747,3.5485424240097747,3.5485424240097747,3.5485424240097747,3.5485424240097747,3.5485424240097747,3.5485424240097747,3.5485424240097747,3.5485424240097747,3.5485424240097747,3.5485424240097747,3.5485424240097747,3.5485424240097747,3.5485424240097747,3.5485424240097747,3.5485424240097747,3.5485424240097747,3.5485424240097747,3.5485424240097747,3.5485424240097747,3.5485424240097747,3.5485424240097747,3.5485424240097747,3.5485424240097747,3.5485424240097747,3.5485424240097747,3.5485424240097747,3.5485424240097747,3.5485424240097747,3.5485424240097747,3.5485424240097747,3.5485424240097747,3.5485424240097747,3.5485424240097747,3.5485424240097747,3.5485424240097747,3.5485424240097747,3.5485424240097747,3.5485424240097747,3.5485424240097747,3.5485424240097747,3.5485424240097747,3.5485424240097747,3.5485424240097747,3.5485424240097747,3.5485424240097747,3.5485424240097747,3.5485424240097747,3.5485424240097747,3.5485424240097747,2.041249145631651,2.041249145631651,2.041249145631651,2.041249145631651,2.041249145631651,2.041249145631651,2.041249145631651,2.041249145631651,2.041249145631651,2.041249145631651,2.041249145631651,2.041249145631651,2.041249145631651,2.041249145631651,2.041249145631651,2.041249145631651,2.041249145631651,2.041249145631651,2.041249145631651,2.041249145631651,2.041249145631651,2.041249145631651,2.041249145631651,2.041249145631651,2.041249145631651,2.041249145631651,2.041249145631651,2.041249145631651,2.041249145631651,2.041249145631651,2.041249145631651,2.041249145631651,2.041249145631651,2.041249145631651,2.041249145631651,2.041249145631651,2.041249145631651,2.041249145631651,2.041249145631651,2.041249145631651,2.041249145631651,2.041249145631651,2.041249145631651,2.041249145631651,2.041249145631651,2.041249145631651,2.041249145631651,2.041249145631651,2.041249145631651,2.041249145631651,2.041249145631651,2.041249145631651,2.041249145631651,2.041249145631651,2.041249145631651,2.041249145631651,2.041249145631651,2.041249145631651,2.041249145631651,2.041249145631651,2.041249145631651,2.041249145631651,2.041249145631651,2.041249145631651,2.041249145631651,2.041249145631651,2.041249145631651,2.041249145631651,2.041249145631651,2.041249145631651,2.041249145631651,2.041249145631651,2.041249145631651,2.041249145631651,2.041249145631651,2.041249145631651,2.041249145631651,2.041249145631651,2.041249145631651,2.041249145631651,2.041249145631651,2.041249145631651,2.041249145631651,2.041249145631651,2.041249145631651,2.041249145631651,2.041249145631651,2.041249145631651,2.041249145631651,2.041249145631651,2.041249145631651,2.041249145631651,2.041249145631651,2.041249145631651,2.041249145631651,2.041249145631651,2.041249145631651,2.041249145631651,2.041249145631651,2.041249145631651,2.041249145631651,2.041249145631651,2.041249145631651,2.041249145631651,2.041249145631651,2.041249145631651,2.041249145631651,2.041249145631651,2.041249145631651,2.041249145631651,2.041249145631651,2.041249145631651,2.041249145631651,2.041249145631651,2.041249145631651,2.041249145631651,2.041249145631651,2.041249145631651,2.041249145631651,2.041249145631651,2.041249145631651,2.041249145631651,2.041249145631651,2.041249145631651,2.041249145631651,2.041249145631651,2.041249145631651,2.041249145631651,2.041249145631651,2.041249145631651,2.041249145631651,2.041249145631651,2.041249145631651,2.041249145631651,2.041249145631651,2.041249145631651,2.041249145631651,2.041249145631651,2.041249145631651,2.041249145631651,2.041249145631651,2.041249145631651,2.041249145631651,2.041249145631651,2.041249145631651,2.041249145631651,2.041249145631651,2.041249145631651,2.041249145631651,2.041249145631651,2.041249145631651,2.041249145631651,2.041249145631651,2.041249145631651,2.041249145631651,2.041249145631651,2.041249145631651,2.041249145631651,2.041249145631651,2.041249145631651,2.041249145631651,2.041249145631651,2.041249145631651,2.041249145631651,2.041249145631651,2.041249145631651,2.041249145631651,2.041249145631651,2.041249145631651,2.041249145631651,2.041249145631651,2.041249145631651,2.041249145631651,2.041249145631651,2.041249145631651,2.041249145631651,2.041249145631651,2.041249145631651,2.041249145631651,2.041249145631651,2.041249145631651,2.041249145631651,2.041249145631651,2.041249145631651,2.041249145631651,2.041249145631651,2.041249145631651,2.041249145631651,2.041249145631651,2.041249145631651,2.041249145631651,2.041249145631651,2.041249145631651,2.041249145631651,2.041249145631651,2.041249145631651,2.041249145631651,2.041249145631651,2.041249145631651,2.041249145631651,2.041249145631651,2.041249145631651,2.041249145631651,2.041249145631651,2.041249145631651,2.041249145631651,2.041249145631651,2.041249145631651,2.041249145631651,2.041249145631651,2.041249145631651,2.041249145631651,2.041249145631651,2.041249145631651,2.041249145631651,2.041249145631651,2.041249145631651,2.041249145631651,2.041249145631651,2.041249145631651,2.041249145631651,2.041249145631651,2.041249145631651,2.041249145631651,2.041249145631651,2.041249145631651,2.041249145631651,2.041249145631651,2.041249145631651,2.041249145631651,2.041249145631651,2.041249145631651,2.041249145631651,2.041249145631651,2.041249145631651,2.041249145631651,2.041249145631651,2.041249145631651,2.041249145631651,2.041249145631651,2.041249145631651,2.041249145631651,2.041249145631651,2.041249145631651,2.041249145631651,2.041249145631651,2.041249145631651,2.041249145631651,2.041249145631651,2.041249145631651,2.041249145631651,2.041249145631651,2.041249145631651,2.041249145631651,2.041249145631651,2.041249145631651,2.041249145631651,2.041249145631651,2.041249145631651,2.041249145631651,2.041249145631651,2.041249145631651,2.041249145631651,2.041249145631651,2.041249145631651,2.041249145631651,2.041249145631651,2.041249145631651,2.041249145631651,2.041249145631651,2.041249145631651,2.041249145631651,2.041249145631651,2.041249145631651,2.041249145631651,2.041249145631651,2.041249145631651,2.041249145631651,2.041249145631651,2.041249145631651,2.041249145631651,2.041249145631651,2.041249145631651,2.041249145631651,2.041249145631651,2.041249145631651,2.041249145631651,2.041249145631651,2.041249145631651,2.041249145631651,2.041249145631651,2.041249145631651,2.041249145631651,2.041249145631651,2.041249145631651,2.041249145631651,2.041249145631651,2.041249145631651,2.041249145631651,2.041249145631651,2.041249145631651,2.041249145631651,2.041249145631651,2.041249145631651,2.041249145631651,2.041249145631651,2.041249145631651,2.041249145631651,2.041249145631651,2.041249145631651,2.041249145631651,2.041249145631651,2.041249145631651,2.041249145631651,2.041249145631651,2.041249145631651,2.041249145631651,2.041249145631651,2.041249145631651,2.041249145631651,2.041249145631651,2.041249145631651,2.041249145631651,2.041249145631651,2.041249145631651,2.041249145631651,2.041249145631651,2.041249145631651,2.041249145631651,2.041249145631651,2.041249145631651,2.041249145631651,2.041249145631651,2.041249145631651,2.041249145631651,2.041249145631651,2.041249145631651,2.041249145631651,2.041249145631651,2.041249145631651,2.041249145631651,2.041249145631651,2.041249145631651,2.041249145631651,2.041249145631651,2.041249145631651,2.041249145631651,2.041249145631651,2.041249145631651,2.041249145631651,2.041249145631651,2.041249145631651,2.041249145631651,2.041249145631651,2.041249145631651,2.041249145631651,2.041249145631651,2.041249145631651,2.041249145631651,2.041249145631651,2.041249145631651,2.041249145631651,2.041249145631651,2.041249145631651,2.041249145631651,2.041249145631651,2.041249145631651,2.041249145631651,2.041249145631651,2.041249145631651,2.041249145631651,2.041249145631651,2.041249145631651,2.041249145631651,2.041249145631651,2.041249145631651,2.041249145631651,2.041249145631651,2.041249145631651,2.041249145631651,2.041249145631651,2.041249145631651,2.041249145631651,2.041249145631651,2.041249145631651,2.041249145631651,2.041249145631651,2.041249145631651,2.041249145631651,2.041249145631651,2.041249145631651,2.041249145631651,2.041249145631651,2.041249145631651,2.041249145631651,2.041249145631651,2.041249145631651,2.041249145631651,2.041249145631651,2.041249145631651,2.041249145631651,2.041249145631651,2.041249145631651,2.041249145631651,2.041249145631651,2.041249145631651,2.041249145631651,2.041249145631651,2.041249145631651,2.041249145631651,2.041249145631651,2.041249145631651,2.041249145631651,2.041249145631651,2.041249145631651,2.041249145631651,2.041249145631651,2.041249145631651,2.041249145631651,2.041249145631651,2.041249145631651,2.041249145631651,2.041249145631651,2.041249145631651,2.041249145631651,2.041249145631651,2.041249145631651,2.041249145631651,2.041249145631651,2.041249145631651,2.041249145631651,2.041249145631651,2.041249145631651,2.041249145631651,2.041249145631651,2.041249145631651,2.041249145631651,2.041249145631651,2.041249145631651,2.041249145631651,2.041249145631651,2.041249145631651,2.041249145631651,2.041249145631651,2.041249145631651,2.041249145631651,2.041249145631651,2.041249145631651,2.041249145631651,2.041249145631651,2.041249145631651,2.041249145631651,2.041249145631651,2.041249145631651,2.041249145631651,2.041249145631651,2.041249145631651,2.041249145631651,2.041249145631651,2.041249145631651,2.041249145631651,2.041249145631651,2.041249145631651,2.041249145631651,2.041249145631651,2.041249145631651,2.041249145631651,2.041249145631651,2.041249145631651,2.041249145631651,2.041249145631651,2.041249145631651,2.041249145631651,2.041249145631651,2.041249145631651,2.041249145631651,2.041249145631651,2.041249145631651,2.041249145631651,2.041249145631651,2.041249145631651,2.041249145631651,2.041249145631651,2.041249145631651,2.041249145631651,2.041249145631651,2.041249145631651,2.041249145631651,2.041249145631651,2.041249145631651,2.041249145631651,2.041249145631651,2.041249145631651,2.041249145631651,2.041249145631651,2.041249145631651,2.041249145631651,2.041249145631651,2.041249145631651,2.041249145631651,2.041249145631651,2.041249145631651,2.041249145631651,2.041249145631651,2.041249145631651,2.041249145631651,2.041249145631651,2.041249145631651,2.041249145631651,2.041249145631651,2.041249145631651,2.041249145631651,2.041249145631651,2.041249145631651,2.041249145631651,2.041249145631651,2.041249145631651,2.041249145631651,2.041249145631651,2.041249145631651,2.041249145631651,2.041249145631651,2.041249145631651,2.041249145631651,2.041249145631651,2.041249145631651,2.041249145631651,2.041249145631651,2.041249145631651,2.041249145631651,2.041249145631651,2.041249145631651,2.041249145631651,2.041249145631651,2.041249145631651,2.041249145631651,2.041249145631651,2.041249145631651,2.041249145631651,2.041249145631651,2.041249145631651,2.041249145631651,2.041249145631651,2.041249145631651,2.041249145631651,2.041249145631651,2.041249145631651,2.041249145631651,2.041249145631651,2.041249145631651,2.041249145631651,2.041249145631651,2.041249145631651,2.041249145631651,2.041249145631651,2.041249145631651,2.041249145631651,2.041249145631651,2.041249145631651,2.041249145631651,2.041249145631651,2.041249145631651,2.041249145631651,2.041249145631651,2.041249145631651,2.041249145631651,2.041249145631651,2.041249145631651,2.041249145631651,2.041249145631651,2.041249145631651,2.041249145631651,2.041249145631651,2.041249145631651,2.041249145631651,2.041249145631651,2.041249145631651,2.041249145631651,2.041249145631651,2.041249145631651,2.041249145631651,2.041249145631651,2.041249145631651,2.041249145631651,2.041249145631651,2.041249145631651,2.041249145631651,2.041249145631651,2.041249145631651,2.041249145631651,2.041249145631651,2.041249145631651,2.041249145631651,2.041249145631651,2.041249145631651,2.041249145631651,2.041249145631651,2.041249145631651,2.041249145631651,2.041249145631651,2.041249145631651,2.041249145631651,2.041249145631651,2.041249145631651,2.041249145631651,2.041249145631651,2.041249145631651,2.041249145631651,2.041249145631651,2.041249145631651,2.041249145631651,2.041249145631651,2.041249145631651,2.041249145631651,2.041249145631651,2.041249145631651,2.041249145631651,2.041249145631651,2.041249145631651,2.041249145631651,2.041249145631651,2.041249145631651,2.041249145631651,2.041249145631651,2.041249145631651,2.041249145631651,2.041249145631651,2.041249145631651,2.041249145631651,2.041249145631651,2.041249145631651,2.041249145631651,2.041249145631651,2.041249145631651,2.041249145631651,2.041249145631651,2.041249145631651,2.041249145631651,2.041249145631651,2.041249145631651,2.041249145631651,2.041249145631651,2.041249145631651,2.041249145631651,2.041249145631651,2.041249145631651,2.041249145631651,2.041249145631651,2.041249145631651,2.041249145631651,2.041249145631651,2.041249145631651,2.041249145631651,2.041249145631651,2.041249145631651,2.041249145631651,2.041249145631651,2.041249145631651,2.041249145631651,2.041249145631651,2.041249145631651,2.041249145631651,2.041249145631651,2.041249145631651,2.041249145631651,2.041249145631651,2.041249145631651,2.041249145631651,2.041249145631651,2.041249145631651,2.041249145631651,2.041249145631651,2.041249145631651,2.041249145631651,2.041249145631651,2.041249145631651,2.041249145631651,2.041249145631651,2.041249145631651,2.041249145631651,2.041249145631651,2.041249145631651,2.041249145631651,2.041249145631651,2.041249145631651,2.041249145631651,2.041249145631651,2.041249145631651,2.041249145631651,2.041249145631651,2.041249145631651,2.041249145631651,2.041249145631651,2.041249145631651,2.041249145631651,2.041249145631651,2.041249145631651,2.041249145631651,2.041249145631651,2.041249145631651,2.041249145631651,2.041249145631651,2.041249145631651,2.041249145631651,2.041249145631651,2.041249145631651,2.041249145631651,2.041249145631651,2.041249145631651,2.041249145631651,2.041249145631651,2.041249145631651,2.041249145631651,2.041249145631651,6.207621162549105,6.207621162549105,6.207621162549105,6.207621162549105,6.207621162549105,5.732443196068665,5.732443196068665,5.732443196068665,5.732443196068665,5.732443196068665,5.732443196068665,5.732443196068665,5.732443196068665,5.732443196068665,5.732443196068665,5.732443196068665,5.732443196068665,5.732443196068665,5.732443196068665,5.732443196068665,5.732443196068665,5.732443196068665,5.732443196068665,5.732443196068665,5.732443196068665,5.732443196068665,5.732443196068665,5.732443196068665,5.732443196068665,5.732443196068665,5.732443196068665,5.732443196068665,5.732443196068665,5.732443196068665,5.732443196068665,5.732443196068665,5.732443196068665,5.732443196068665,5.732443196068665,5.732443196068665,5.732443196068665,5.732443196068665,5.732443196068665,5.732443196068665,5.732443196068665,5.732443196068665,4.95314578364402,4.816315768450061,4.807839356686422,4.648467563893808,4.648467563893808,4.648467563893808,4.648467563893808,4.6407786465143355,4.6407786465143355,4.6407786465143355,4.6407786465143355,4.6407786465143355,4.6407786465143355,4.420936550915318,4.277625849234175,4.277625849234175,4.277625849234175,4.277625849234175,4.277625849234175,4.277625849234175,4.277625849234175,4.277625849234175,4.277625849234175,4.277625849234175,4.277625849234175,4.277625849234175,4.277625849234175,4.277625849234175,4.277625849234175,4.277625849234174,4.277625849234174,4.277625849234174,4.277625849234174,4.277625849234174,4.277625849234174,4.277625849234174,4.277625849234174,4.277625849234174,4.277625849234174,4.277625849234174,4.277625849234174,4.277625849234174,4.277625849234174,4.277625849234174,4.277625849234174,4.277625849234174,4.277625849234174,4.277625849234174,4.277625849234174,4.277625849234174,4.277625849234174,4.277625849234174,4.277625849234174,4.277625849234174,4.277625849234174,4.277625849234174,4.277625849234174,4.277625849234174,4.277625849234174,4.277625849234174,4.277625849234174,4.277625849234174,4.277625849234174,4.277625849234174,4.277625849234174,4.277625849234174,4.277625849234174,4.277625849234174,4.277625849234174,4.277625849234174,4.277625849234174,4.277625849234174,4.277625849234174,4.277625849234174,4.277625849234174,4.277625849234174,4.1801366839250145,4.16988252106254,4.16988252106254,4.16988252106254,4.16988252106254,4.16988252106254,4.16988252106254,4.16988252106254,4.16988252106254,4.16988252106254,4.16988252106254,4.16988252106254,4.16988252106254,4.16988252106254,4.16988252106254,4.16988252106254,4.16988252106254,4.16988252106254,4.16988252106254,4.16988252106254,4.16988252106254,4.16988252106254,4.16988252106254,4.16988252106254,4.16988252106254,4.16988252106254,4.16988252106254,4.16988252106254,4.16988252106254,4.16988252106254,4.16988252106254,4.16988252106254,4.16988252106254,4.16988252106254,4.16988252106254,4.16988252106254,4.16988252106254,4.16988252106254,4.16988252106254,4.16988252106254,4.16988252106254,4.16988252106254,4.16988252106254,4.16988252106254,4.16988252106254,4.16988252106254,4.16988252106254,4.16988252106254,4.16988252106254,4.16988252106254,4.16988252106254,4.16988252106254,4.16988252106254,4.16988252106254,4.16988252106254,4.16988252106254,4.16988252106254,4.16988252106254,4.16988252106254,4.16988252106254,4.16988252106254,4.16988252106254,4.16988252106254,4.16988252106254,4.16988252106254,4.16988252106254,4.16988252106254,4.16988252106254,4.16988252106254,4.16988252106254,4.16988252106254,4.16988252106254,4.16988252106254,4.16988252106254,4.16988252106254,4.16988252106254,4.16988252106254,4.16988252106254,4.16988252106254,4.16988252106254,4.16988252106254,4.16988252106254,4.16988252106254,4.16988252106254,4.16988252106254,4.16988252106254,4.16988252106254,4.16988252106254,4.16988252106254,4.16988252106254,4.16988252106254,4.16988252106254,4.16988252106254,4.16988252106254,4.16988252106254,4.16988252106254,4.16988252106254,4.16988252106254,4.16988252106254,4.16988252106254,4.16988252106254,4.16988252106254,4.16988252106254,4.16988252106254,4.16988252106254,4.16988252106254,4.16988252106254,4.16988252106254,4.16988252106254,4.16988252106254,4.16988252106254,4.16988252106254,4.16988252106254,4.16988252106254,4.16988252106254,4.16988252106254,4.16988252106254,4.16988252106254,4.16988252106254,4.16988252106254,4.16988252106254,4.16988252106254,4.16988252106254,4.16988252106254,4.16988252106254,4.16988252106254,4.16988252106254,4.16988252106254,4.16988252106254,4.16988252106254,4.16988252106254,4.16988252106254,4.16988252106254,4.16988252106254,4.16988252106254,4.16988252106254,4.16988252106254,4.16988252106254,4.16988252106254,4.16988252106254,4.16988252106254,4.16988252106254,4.16988252106254,4.16988252106254,4.16988252106254,4.16988252106254,4.16988252106254,4.16988252106254,4.16988252106254,4.16988252106254,4.16988252106254,4.16988252106254,4.16988252106254,4.16988252106254,4.16988252106254,4.16988252106254,4.16988252106254,4.16988252106254,4.16988252106254,4.16988252106254,4.16988252106254,4.16988252106254,4.16988252106254,4.16988252106254,4.16988252106254,4.16988252106254,4.16988252106254,4.16988252106254,4.16988252106254,4.16988252106254,4.16988252106254,4.16988252106254,4.16988252106254,4.16988252106254,4.16988252106254,4.16988252106254,4.16988252106254,4.16988252106254,4.16988252106254,4.16988252106254,4.16988252106254,4.16988252106254,4.16988252106254,4.16988252106254,4.16988252106254,4.16988252106254,4.16988252106254,4.16988252106254,4.16988252106254,4.16988252106254,4.16988252106254,4.16988252106254,4.16988252106254,4.16988252106254,4.16988252106254,4.16988252106254,4.16988252106254,4.16988252106254,4.16988252106254,4.16988252106254,4.16988252106254,4.16988252106254,4.16988252106254,4.16988252106254,4.16988252106254,4.16988252106254,4.16988252106254,4.16988252106254,4.16988252106254,4.16988252106254,4.16988252106254,4.16988252106254,4.16988252106254,4.16988252106254,4.16988252106254,4.16988252106254,4.16988252106254,4.16988252106254,4.16988252106254,4.16988252106254,4.16988252106254,4.16988252106254,4.16988252106254,4.16988252106254,4.16988252106254,4.16988252106254,4.16988252106254,4.16988252106254,4.16988252106254,4.16988252106254,4.16988252106254,4.16988252106254,4.16988252106254,4.16988252106254,4.16988252106254,4.16988252106254,4.16988252106254,4.16988252106254,4.16988252106254,4.16988252106254,4.16988252106254,4.16988252106254,4.16988252106254,4.16988252106254,4.16988252106254,4.16988252106254,4.16988252106254,4.16988252106254,4.16988252106254,4.16988252106254,4.16988252106254,4.16988252106254,4.16988252106254,4.16988252106254,4.16988252106254,4.16988252106254,4.16988252106254,4.16988252106254,4.16988252106254,4.16988252106254,4.16988252106254,4.16988252106254,4.16988252106254,4.16988252106254,4.16988252106254,4.16988252106254,4.16988252106254,4.16988252106254,4.16988252106254,4.16988252106254,4.16988252106254,4.16988252106254,4.16988252106254,4.16988252106254,4.16988252106254,4.16988252106254,4.16988252106254,4.16988252106254,4.16988252106254,4.16988252106254,4.16988252106254,4.16988252106254,4.16988252106254,4.16988252106254,4.16988252106254,4.16988252106254,4.16988252106254,4.16988252106254,4.16988252106254,4.16988252106254,4.16988252106254,4.16988252106254,4.16988252106254,4.16988252106254,4.16988252106254,4.16988252106254,4.16988252106254,4.16988252106254,4.16988252106254,4.16988252106254,4.092678068711063,4.092678068711063,4.092678068711063,4.092678068711063,4.092678068711063,4.092678068711063,4.092678068711063,4.092678068711063,4.092678068711063,4.092678068711063,4.092678068711063,4.092678068711063,4.092678068711063,4.092678068711063,4.092678068711063,4.092678068711063,4.092678068711063,4.092678068711063,4.092678068711063,4.092678068711063,4.092678068711063,4.092678068711063,4.092678068711063,4.092678068711063,4.092678068711063,4.092678068711063,4.092678068711063,4.092678068711063,4.092678068711063,4.092678068711063,4.092678068711063,4.092678068711063,4.092678068711063,4.092678068711063,4.092678068711063,4.092678068711063,4.092678068711063,4.092678068711063,4.092678068711063,4.092678068711063,4.092678068711063,4.092678068711063,4.092678068711063,4.092678068711063,4.092678068711063,4.092678068711063,4.092678068711063,4.092678068711063,4.092678068711063,4.092678068711063,4.092678068711063,4.092678068711063,4.092678068711063,4.092678068711063,4.092678068711063,4.092678068711063,4.092678068711063,4.092678068711063,4.092678068711063,4.092678068711063,4.092678068711063,4.092678068711063,4.092678068711063,4.092678068711063,4.092678068711063,4.092678068711063,4.092678068711063,4.092678068711063,4.092678068711063,4.092678068711063,4.092678068711063,4.092678068711063,4.092678068711063,4.092678068711063,4.092678068711063,4.092678068711063,4.092678068711063,4.092678068711063,4.092678068711063,4.092678068711063,4.092678068711063,4.092678068711063,4.092678068711063,4.092678068711063,4.092678068711063,4.092678068711063,4.092678068711063,4.092678068711063,4.092678068711063,4.092678068711063,4.092678068711063,4.092678068711063,4.092678068711063,4.092678068711063,4.092678068711063,4.092678068711063,4.092678068711063,4.092678068711063,4.092678068711063,4.092678068711063,4.092678068711063,4.092678068711063,4.092678068711063,4.092678068711063,4.092678068711063,4.092678068711063,4.092678068711063,4.092678068711063,4.092678068711063,4.092678068711063,4.092678068711063,4.092678068711063,4.092678068711063,4.092678068711063,4.092678068711063,4.092678068711063,4.092678068711063,4.092678068711063,4.092678068711063,4.092678068711063,4.092678068711063,4.092678068711063,4.092678068711063,4.092678068711063,4.092678068711063,4.092678068711063,4.092678068711063,4.092678068711063,4.092678068711063,3.916601833733079,3.916601833733079,3.916601833733079,3.916601833733079,3.916601833733079,3.916601833733079,3.916601833733079,3.916601833733079,3.916601833733079,3.916601833733079,3.916601833733079,3.916601833733079,3.916601833733079,3.916601833733079,3.916601833733079,3.916601833733079,3.916601833733079,3.916601833733079,3.916601833733079,3.916601833733079,3.916601833733079,3.916601833733079,3.916601833733079,3.916601833733079,3.916601833733079,3.916601833733079,3.916601833733079,3.916601833733079,3.916601833733079,3.916601833733079,3.916601833733079,3.916601833733079,3.916601833733079,3.916601833733079,3.916601833733079,3.916601833733079,3.916601833733079,3.916601833733079,3.916601833733079,3.916601833733079,3.916601833733079,3.916601833733079,3.916601833733079,3.916601833733079,3.916601833733079,3.916601833733079,3.916601833733079,3.916601833733079,3.916601833733079,3.916601833733079,3.916601833733079,3.916601833733079,3.916601833733079,3.916601833733079,3.916601833733079,3.916601833733079,3.916601833733079,3.916601833733079,3.916601833733079,3.916601833733079,3.916601833733079,3.916601833733079,3.916601833733079,3.916601833733079,3.916601833733079,3.916601833733079,3.916601833733079,3.916601833733079,3.916601833733079,3.916601833733079,3.916601833733079,3.916601833733079,3.916601833733079,3.916601833733079,3.916601833733079,3.916601833733079,3.916601833733079,3.916601833733079,3.916601833733079,3.916601833733079,3.916601833733079,3.916601833733079,3.916601833733079,3.916601833733079,3.916601833733079,3.916601833733079,3.916601833733079,3.916601833733079,3.916601833733079,3.916601833733079,3.916601833733079,3.916601833733079,3.916601833733079,3.916601833733079,3.916601833733079,3.916601833733079,3.916601833733079,3.916601833733079,3.916601833733079,3.916601833733079,3.916601833733079,3.916601833733079,3.916601833733079,3.916601833733079,3.916601833733079,3.916601833733079,3.916601833733079,3.916601833733079,3.916601833733079,3.916601833733079,3.916601833733079,3.916601833733079,3.916601833733079,3.916601833733079,3.916601833733079,3.916601833733079,3.916601833733079,3.916601833733079,3.916601833733079,3.916601833733079,3.916601833733079,3.916601833733079,3.916601833733079,3.916601833733079,3.916601833733079,3.916601833733079,3.916601833733079,3.916601833733079,3.916601833733079,3.916601833733079,3.916601833733079,3.916601833733079,3.916601833733079,3.916601833733079,3.916601833733079,3.916601833733079,3.916601833733079,3.916601833733079,3.916601833733079,3.916601833733079,3.916601833733079,3.916601833733079,3.916601833733079,3.916601833733079,3.916601833733079,3.916601833733079,3.916601833733079,3.916601833733079,3.916601833733079,3.916601833733079,3.916601833733079,3.916601833733079,3.916601833733079,3.916601833733079,3.916601833733079,3.916601833733079,3.916601833733079,3.916601833733079,3.916601833733079,3.916601833733079,3.916601833733079,3.916601833733079,3.916601833733079,3.916601833733079,3.916601833733079,3.916601833733079,3.916601833733079,3.916601833733079,3.916601833733079,3.916601833733079,3.916601833733079,3.916601833733079,3.916601833733079,3.916601833733079,3.916601833733079,3.916601833733079,3.916601833733079,3.916601833733079,3.916601833733079,3.916601833733079,3.916601833733079,3.916601833733079,3.916601833733079,3.916601833733079,3.916601833733079,3.916601833733079,3.916601833733079,3.916601833733079,3.916601833733079,3.916601833733079,3.916601833733079,3.916601833733079,3.916601833733079,3.916601833733079,3.916601833733079,3.916601833733079,3.916601833733079,3.916601833733079,3.916601833733079,3.916601833733079,3.916601833733079,3.916601833733079,3.916601833733079,3.916601833733079,3.916601833733079,3.916601833733079,3.916601833733079,3.916601833733079,3.916601833733079,3.916601833733079,3.916601833733079,3.916601833733079,3.916601833733079,3.916601833733079,3.916601833733079,3.916601833733079,3.916601833733079,3.916601833733079,3.916601833733079,3.916601833733079,3.916601833733079,3.916601833733079,3.916601833733079,3.916601833733079,3.916601833733079,3.916601833733079,3.916601833733079,3.916601833733079,3.916601833733079,3.916601833733079,3.916601833733079,3.916601833733079,3.916601833733079,3.916601833733079,3.916601833733079,3.916601833733079,3.916601833733079,3.916601833733079,3.916601833733079,3.916601833733079,3.916601833733079,3.916601833733079,3.916601833733079,3.916601833733079,3.916601833733079,3.916601833733079,3.916601833733079,3.916601833733079,3.916601833733079,3.916601833733079,3.916601833733079,3.916601833733079,3.916601833733079,3.916601833733079,3.916601833733079,3.916601833733079,3.916601833733079,3.916601833733079,3.916601833733079,3.916601833733079,3.916601833733079,3.916601833733079,3.916601833733079,3.916601833733079,3.916601833733079,3.916601833733079,3.916601833733079,3.916601833733079,3.916601833733079,3.916601833733079,3.916601833733079,3.916601833733079,3.916601833733079,3.916601833733079,3.916601833733079,3.916601833733079,3.916601833733079,3.916601833733079,3.916601833733079,3.916601833733079,3.916601833733079,3.916601833733079,3.916601833733079,3.916601833733079,3.916601833733079,3.916601833733079,3.916601833733079,3.916601833733079,3.916601833733079,3.916601833733079,3.916601833733079,3.916601833733079,3.916601833733079,3.916601833733079,3.916601833733079,3.916601833733079,3.916601833733079,3.916601833733079,3.916601833733079,3.916601833733079,3.916601833733079,3.916601833733079,3.916601833733079,3.916601833733079,3.916601833733079,3.916601833733079,3.916601833733079,3.916601833733079,3.916601833733079,3.916601833733079,3.916601833733079,3.916601833733079,3.916601833733079,3.916601833733079,3.916601833733079,3.916601833733079,3.916601833733079,3.916601833733079,3.916601833733079,3.916601833733079,3.916601833733079,3.916601833733079,3.916601833733079,3.916601833733079,3.916601833733079,3.916601833733079,3.916601833733079,3.916601833733079,3.916601833733079,3.916601833733079,3.916601833733079,3.916601833733079,3.916601833733079,3.916601833733079,3.916601833733079,3.916601833733079,3.916601833733079,3.916601833733079,3.916601833733079,3.916601833733079,3.916601833733079,3.916601833733079,3.916601833733079,3.916601833733079,3.916601833733079,3.916601833733079,3.916601833733079,3.916601833733079,3.916601833733079,3.916601833733079,3.916601833733079,3.916601833733079,3.916601833733079,3.916601833733079,3.916601833733079,3.916601833733079,3.916601833733079,3.916601833733079,3.916601833733079,3.916601833733079,3.916601833733079,3.916601833733079,3.916601833733079,3.916601833733079,3.916601833733079,3.916601833733079,3.916601833733079,3.916601833733079,3.916601833733079,3.916601833733079,3.916601833733079,3.916601833733079,3.916601833733079,3.916601833733079,3.916601833733079,3.916601833733079,3.916601833733079,3.916601833733079,3.916601833733079,3.916601833733079,3.916601833733079,3.916601833733079,3.916601833733079,3.916601833733079,3.916601833733079,3.916601833733079,3.916601833733079,3.916601833733079,3.916601833733079,3.916601833733079,3.916601833733079,3.916601833733079,3.916601833733079,3.916601833733079,3.916601833733079,3.916601833733079,3.916601833733079,3.916601833733079,3.916601833733079,3.916601833733079,3.916601833733079,3.916601833733079,3.916601833733079,3.916601833733079,3.916601833733079,3.916601833733079,3.916601833733079,3.916601833733079,3.916601833733079,3.916601833733079,3.916601833733079,3.916601833733079,3.916601833733079,3.916601833733079,3.916601833733079,3.916601833733079,3.916601833733079,3.916601833733079,3.916601833733079,3.916601833733079,3.916601833733079,3.916601833733079,3.916601833733079,3.916601833733079,3.916601833733079,3.916601833733079,3.916601833733079,3.916601833733079,3.916601833733079,3.916601833733079,3.916601833733079,3.916601833733079,3.916601833733079,3.916601833733079,3.916601833733079,3.916601833733079,3.916601833733079,3.916601833733079,3.916601833733079,3.916601833733079,3.916601833733079,3.916601833733079,3.916601833733079,3.916601833733079,3.916601833733079,3.916601833733079,3.916601833733079,3.916601833733079,3.916601833733079,8.148411118928474,8.148411118928474,8.148411118928474,8.148411118928474,8.148411118928474,7.968012485249724,7.968012485249724,7.968012485249724,7.968012485249724,7.840601329052948,7.840601329052948,7.840601329052948,7.840601329052948,7.840601329052948,7.840601329052948,7.840601329052948,7.840601329052948,7.840601329052948,7.840601329052948,7.840601329052948,7.840601329052948,7.840601329052948,7.840601329052948,7.840601329052948,7.840601329052948,7.840601329052948,7.840601329052948,7.535301287066339,7.535301287066339,7.535301287066339,7.535301287066339,7.535301287066339,7.535301287066339,7.535301287066339,7.535301287066339,7.535301287066339,7.51668223275732,7.51668223275732,7.51668223275732,7.51668223275732,7.51668223275732,7.51668223275732,7.51668223275732,7.51668223275732,7.51668223275732,7.51668223275732,7.51668223275732,7.51668223275732,7.51668223275732,7.51668223275732,7.51668223275732,7.51668223275732,7.5166822327573195,7.5166822327573195,7.5166822327573195,7.5166822327573195,7.5166822327573195,7.456594060629085,7.456594060629085,7.456594060629085,7.456594060629085,7.456594060629085,7.456594060629085,7.456594060629085,7.456594060629085,7.456594060629085,7.456594060629085,7.456594060629085,7.456594060629085,7.456594060629085,7.456594060629085,7.456594060629085,7.456594060629085,7.456594060629085,7.456594060629085,7.456594060629085,7.456594060629085,7.456594060629085,7.456594060629085,7.195363565773655,7.195363565773655,7.195363565773655,7.195363565773655,7.195363565773655,7.195363565773655,7.195363565773655,7.195363565773655,7.195363565773655,7.195363565773655,7.195363565773655,7.195363565773655,7.195363565773655,7.195363565773655,7.195363565773655,7.195363565773655,7.195363565773655,7.195363565773655,7.195363565773655,7.195363565773655,7.195363565773655,7.195363565773655,7.195363565773655,7.195363565773655,7.195363565773655,7.195363565773655,7.195363565773655,7.195363565773655,7.195363565773655,7.195363565773655,7.195363565773655,7.195363565773655,7.195363565773655,7.195363565773655,7.195363565773655,7.195363565773655,7.195363565773655,7.195363565773655,7.195363565773655,7.195363565773655,7.195363565773655,7.195363565773655,7.195363565773655,7.195363565773655,7.195363565773655,7.195363565773655,7.195363565773655,7.195363565773655,7.195363565773655,7.195363565773655,7.195363565773655,7.195363565773655,7.195363565773655,7.195363565773655,7.195363565773655,7.195363565773655,7.195363565773655,7.195363565773655,7.195363565773655,7.195363565773655,7.195363565773655,7.195363565773655,7.195363565773655,7.195363565773655,7.195363565773655,7.195363565773655,7.195363565773655,7.195363565773655,7.195363565773655,7.195363565773655,7.195363565773655,7.195363565773655,7.195363565773655,7.195363565773655,7.195363565773655,7.195363565773655,7.195363565773655,7.195363565773655,7.195363565773655,7.195363565773655,7.195363565773655,7.195363565773655,7.195363565773655,7.195363565773655,7.195363565773655,7.195363565773655,7.195363565773655,7.195363565773655,7.195363565773655,7.195363565773655,7.195363565773655,7.195363565773655,7.195363565773655,7.195363565773655,7.195363565773655,7.195363565773655,7.195363565773655,7.195363565773655,7.195363565773655,7.195363565773655,7.195363565773655,7.195363565773655,7.195363565773655,7.195363565773655,7.195363565773655,7.195363565773655,7.195363565773655,7.195363565773655,7.195363565773655,7.195363565773655,7.195363565773655,7.195363565773655,7.195363565773655,7.195363565773655,7.195363565773655,7.195363565773655,7.195363565773655,7.195363565773655,7.195363565773655,7.195363565773655,7.195363565773655,7.195363565773655,7.195363565773655,7.195363565773655,7.195363565773655,7.195363565773655,7.195363565773655,7.195363565773655,7.195363565773655,7.195363565773655,7.195363565773655,7.195363565773655,7.195363565773655,7.195363565773655,7.195363565773655,7.195363565773655,7.195363565773655,7.195363565773655,7.195363565773655,7.195363565773655,7.195363565773655,7.195363565773655,7.195363565773655,7.195363565773655,7.195363565773655,7.195363565773655,7.195363565773655,7.195363565773655,7.195363565773655,7.195363565773655,7.195363565773655,7.195363565773655,7.195363565773655,6.945223465228066,6.945223465228066,6.945223465228066,6.945223465228066,6.159135510248606,6.159135510248606,6.159135510248606,6.159135510248606,6.159135510248606,6.159135510248606,6.159135510248606,6.159135510248606,6.159135510248606,6.159135510248606,6.159135510248606,6.159135510248606,6.159135510248606,6.159135510248606,6.159135510248606,6.159135510248606,6.159135510248606,6.159135510248606,6.159135510248606,6.159135510248606,6.159135510248606,6.159135510248606,6.159135510248606,6.159135510248606,6.159135510248606,6.159135510248606,6.159135510248606,6.159135510248606,6.159135510248606,6.159135510248606,6.159135510248606,6.159135510248606,6.159135510248606,6.159135510248606,6.159135510248606,6.159135510248606,6.159135510248606,6.159135510248606,6.159135510248606,6.159135510248606,6.159135510248606,6.159135510248606,6.159135510248606,6.159135510248606,6.159135510248606,5.98085501912807,5.98085501912807,5.98085501912807,5.98085501912807,5.98085501912807,5.98085501912807,5.98085501912807,5.98085501912807,5.956554594648884,5.956554594648884,5.956554594648884,5.956554594648884,5.956554594648884,5.956554594648884,5.956554594648884,5.956554594648884,5.956554594648884,5.956554594648884,5.956554594648884,5.956554594648884,5.956554594648884,5.956554594648884,5.956554594648884,5.956554594648884,5.956554594648884,5.956554594648884,5.956554594648884,5.956554594648884,5.956554594648884,5.956554594648884,5.956554594648884,5.956554594648884,5.956554594648884,5.956554594648884,5.956554594648884,5.956554594648884,5.956554594648884,5.956554594648884,5.956554594648884,5.956554594648884,5.956554594648884,5.956554594648884,5.956554594648884,5.956554594648884,5.956554594648884,5.956554594648884,5.956554594648884,5.956554594648884,5.956554594648884,5.956554594648884,5.956554594648884,5.956554594648884,5.956554594648884,5.956554594648884,5.956554594648884,5.956554594648884,5.956554594648884,5.956554594648884,5.956554594648884,5.956554594648884,5.956554594648884,5.956554594648884,5.956554594648884,5.956554594648884,5.956554594648884,5.956554594648884,5.956554594648884,5.956554594648884,5.956554594648884,5.956554594648884,5.956554594648884,5.956554594648884,5.956554594648884,5.956554594648884,5.956554594648883,5.956554594648883,5.956554594648883,5.956554594648883,5.956554594648883,5.956554594648883,5.956554594648883,5.956554594648883,5.956554594648883,5.956554594648883,5.956554594648883,5.956554594648883,5.956554594648883,5.956554594648883,5.956554594648883,5.956554594648883,5.956554594648883,5.956554594648883,5.956554594648883,5.956554594648883,5.956554594648883,5.956554594648883,5.956554594648883,5.956554594648883,5.956554594648883,5.956554594648883,5.956554594648883,5.956554594648883,5.956554594648883,5.956554594648883,5.956554594648883,5.956554594648883,5.956554594648883,5.956554594648883,5.956554594648883,5.956554594648883,5.956554594648883,5.956554594648883,5.956554594648883,5.956554594648883,5.956554594648883,5.956554594648883,5.956554594648883,5.956554594648883,5.956554594648883,5.956554594648883,5.956554594648883,5.956554594648883,5.956554594648883,5.956554594648883,5.956554594648883,5.956554594648883,5.956554594648883,5.956554594648883,5.956554594648883,5.956554594648883,5.956554594648883,5.956554594648883,5.956554594648883,5.956554594648883,5.956554594648883,5.956554594648883,5.956554594648883,5.956554594648883,5.956554594648883,5.956554594648883,5.956554594648883,5.956554594648883,5.956554594648883,5.956554594648883,5.956554594648883,5.956554594648883,5.956554594648883,5.956554594648883,5.956554594648883,5.956554594648883,5.956554594648883,5.956554594648883,5.956554594648883,5.956554594648883,5.956554594648883,5.956554594648883,5.956554594648883,5.956554594648883,5.956554594648883,5.956554594648883,5.956554594648883,5.956554594648883,5.956554594648883,5.956554594648883,5.956554594648883,5.956554594648883,5.956554594648883,5.956554594648883,5.956554594648883,5.956554594648883,5.956554594648883,5.956554594648883,5.956554594648883,5.956554594648883,5.956554594648883,5.956554594648883,5.956554594648883,5.956554594648883,5.956554594648883,5.956554594648883,5.956554594648883,5.956554594648883,5.956554594648883,5.956554594648883,5.956554594648883,5.956554594648883,5.956554594648883,5.956554594648883,5.956554594648883,5.956554594648883,5.956554594648883,5.956554594648883,5.956554594648883,5.956554594648883,5.956554594648883,5.956554594648883,5.956554594648883,5.956554594648883,5.956554594648883,5.956554594648883,5.956554594648883,5.956554594648883,5.956554594648883,5.956554594648883,5.956554594648883,5.956554594648883,5.956554594648883,5.956554594648883,5.956554594648883,5.956554594648883,5.956554594648883,5.956554594648883,5.956554594648883,5.956554594648883,5.956554594648883,5.956554594648883,5.956554594648883,5.956554594648883,5.956554594648883,5.956554594648883,5.956554594648883,5.956554594648883,5.956554594648883,5.956554594648883,5.956554594648883,5.956554594648883,5.956554594648883,5.956554594648883,5.956554594648883,5.956554594648883,5.956554594648883,5.956554594648883,5.956554594648883,5.956554594648883,5.956554594648883,5.956554594648883,5.956554594648883,5.956554594648883,5.956554594648883,5.956554594648883,5.956554594648883,5.956554594648883,5.956554594648883,5.956554594648883,5.956554594648883,5.956554594648883,5.956554594648883,5.956554594648883,5.956554594648883,5.956554594648883,5.956554594648883,5.956554594648883,5.956554594648883,5.5267391256996845,5.5267391256996845,5.505486654273083,5.449608439882788,5.449608439882788,5.449608439882788,5.449608439882788,5.449608439882788,5.449608439882788,5.449608439882788,5.449608439882788,5.449608439882788,5.03505997749332,5.03505997749332,5.03505997749332,5.03505997749332,5.03505997749332,5.03505997749332,5.03505997749332,5.03505997749332,5.03505997749332,4.983670550131283,4.983670550131283,4.983670550131283,4.983670550131283,4.983670550131283,4.983670550131283,4.983670550131283,4.983670550131283,4.983670550131283,4.983670550131283,4.983670550131283,4.983670550131283,4.983670550131283,4.983670550131283,4.983670550131283,4.983670550131283,4.983670550131283,4.983670550131283,4.983670550131283,4.983670550131283,4.983670550131283,4.983670550131283,4.983670550131283,4.983670550131283,4.983670550131283,4.983670550131283,4.983670550131283,4.983670550131283,4.983670550131283,4.983670550131283,4.983670550131283,4.983670550131283,4.8586258387033485,4.634289348089341,4.634289348089341,4.634289348089341,4.634289348089341,4.634289348089341,4.634289348089341,4.634289348089341,4.634289348089341,4.634289348089341,4.634289348089341,4.634289348089341,4.634289348089341,4.634289348089341,4.634289348089341,4.634289348089341,4.634289348089341,4.634289348089341,4.634289348089341,4.634289348089341,4.634289348089341,4.634289348089341,4.634289348089341,4.634289348089341,4.634289348089341,4.634289348089341,4.634289348089341,4.634289348089341,4.634289348089341,4.634289348089341,4.634289348089341,4.634289348089341,4.634289348089341,4.634289348089341,4.634289348089341,4.634289348089341,4.634289348089341,4.634289348089341,4.634289348089341,4.634289348089341,4.634289348089341,4.634289348089341,4.634289348089341,4.634289348089341,4.634289348089341,4.634289348089341,4.634289348089341,4.634289348089341,4.634289348089341,4.634289348089341,4.634289348089341,4.634289348089341,4.634289348089341,4.634289348089341,4.634289348089341,4.634289348089341,4.634289348089341,4.634289348089341,4.634289348089341,4.634289348089341,4.634289348089341,4.634289348089341,4.634289348089341,4.634289348089341,4.634289348089341,4.634289348089341,4.634289348089341,4.634289348089341,4.634289348089341,4.634289348089341,4.634289348089341,4.634289348089341,4.634289348089341,4.634289348089341,4.634289348089341,4.634289348089341,4.634289348089341,4.634289348089341,4.634289348089341,4.634289348089341,4.634289348089341,4.634289348089341,4.634289348089341,4.634289348089341,4.634289348089341,4.634289348089341,4.634289348089341,4.634289348089341,4.634289348089341,4.634289348089341,4.634289348089341,4.634289348089341,4.634289348089341,4.634289348089341,4.634289348089341,4.634289348089341,4.634289348089341,4.634289348089341,4.634289348089341,4.634289348089341,4.634289348089341,4.634289348089341,4.634289348089341,4.634289348089341,4.634289348089341,4.634289348089341,4.634289348089341,4.634289348089341,4.634289348089341,4.634289348089341,4.634289348089341,4.634289348089341,4.634289348089341,4.634289348089341,4.634289348089341,4.634289348089341,4.634289348089341,4.634289348089341,4.634289348089341,4.634289348089341,4.634289348089341,4.634289348089341,4.634289348089341,4.634289348089341,4.634289348089341,4.634289348089341,4.634289348089341,4.634289348089341,4.634289348089341,4.634289348089341,4.480297036408694,4.480297036408694,4.480297036408694,4.480297036408694,4.480297036408694,4.480297036408694,4.480297036408694,4.480297036408694,4.480297036408694,4.480297036408694,4.480297036408694,4.480297036408694,4.480297036408694,4.480297036408694,4.480297036408694,4.480297036408694,4.480297036408694,4.480297036408694,4.480297036408694,4.480297036408694,4.480297036408694,4.480297036408694,4.480297036408694,4.480297036408694,4.480297036408694,4.480297036408694,4.480297036408694,4.480297036408694,4.480297036408694,4.480297036408694,4.480297036408694,4.480297036408694,4.480297036408694,4.480297036408694,4.480297036408694,4.480297036408694,4.480297036408694,4.480297036408694,4.480297036408694,4.480297036408694,4.480297036408694,4.480297036408694,4.480297036408694,4.480297036408694,4.480297036408694,4.480297036408694,4.480297036408694,4.480297036408694,4.480297036408694,4.480297036408694,4.480297036408694,4.480297036408694,4.480297036408694,4.480297036408694,4.480297036408694,4.480297036408694,4.480297036408694,4.480297036408694,4.480297036408694,4.480297036408694,4.480297036408694,4.480297036408694,4.480297036408694,4.480297036408694,4.480297036408694,4.480297036408694,4.480297036408694,4.480297036408694,4.480297036408694,4.480297036408694,4.480297036408694,4.480297036408694,4.480297036408694,4.480297036408694,4.480297036408694,4.480297036408694,4.480297036408694,4.480297036408694,4.480297036408694,4.480297036408694,4.480297036408694,4.480297036408694,4.480297036408694,4.480297036408694,4.480297036408694,4.480297036408694,4.480297036408694,4.480297036408694,4.480297036408694,4.480297036408694,4.480297036408694,4.480297036408694,4.480297036408694,4.480297036408694,4.480297036408694,4.480297036408694,4.480297036408694,4.480297036408694,4.480297036408694,4.480297036408694,4.480297036408694,4.480297036408694,4.480297036408694,4.480297036408694,4.480297036408694,4.480297036408694,4.480297036408694,4.480297036408694,4.480297036408694,4.480297036408694,4.480297036408694,4.480297036408694,4.480297036408694,4.480297036408694,4.480297036408694,4.480297036408694,4.480297036408694,4.480297036408694,4.480297036408694,4.480297036408694,4.480297036408694,4.480297036408694,4.480297036408694,4.480297036408694,4.480297036408694,4.480297036408694,4.480297036408694,4.480297036408694,4.480297036408694,4.480297036408694,4.480297036408694,4.480297036408694,4.480297036408694,4.480297036408694,4.480297036408694,4.480297036408694,4.480297036408694,4.480297036408694,4.480297036408694,4.480297036408694,4.480297036408694,4.480297036408694,4.480297036408694,4.480297036408694,4.480297036408694,4.480297036408694,4.480297036408694,4.480297036408694,4.480297036408694,4.480297036408694,4.480297036408694,4.480297036408694,4.480297036408694,4.480297036408694,4.480297036408694,4.480297036408694,4.480297036408694,4.480297036408694,4.480297036408694,4.480297036408694,4.480297036408694,4.480297036408694,4.480297036408694,4.480297036408694,4.480297036408694,4.480297036408694,4.480297036408694,4.480297036408694,4.480297036408694,4.480297036408694,4.480297036408694,4.480297036408694,4.480297036408694,4.480297036408694,4.480297036408694,4.480297036408694,4.480297036408694,4.480297036408694,4.480297036408694,4.480297036408694,4.480297036408694,4.480297036408694,4.480297036408694,4.480297036408694,4.480297036408694,4.480297036408694,4.480297036408694,4.480297036408694,4.480297036408694,4.480297036408694,4.480297036408694,4.480297036408694,4.480297036408694,4.480297036408694,4.480297036408694,4.480297036408694,4.480297036408694,4.480297036408694,4.480297036408694,4.480297036408694,4.480297036408694,4.480297036408694,4.480297036408694,4.480297036408694,4.480297036408694,4.480297036408694,4.480297036408694,4.480297036408694,4.480297036408694,4.480297036408694,4.480297036408694,4.480297036408694,4.480297036408694,4.480297036408694,4.480297036408694,4.480297036408694,4.480297036408694,4.480297036408694,4.480297036408694,4.480297036408694,4.480297036408694,4.480297036408694,4.480297036408694,4.480297036408694,4.480297036408694,4.480297036408694,4.480297036408694,4.480297036408694,4.480297036408694,4.480297036408694,4.480297036408694,4.480297036408694,4.480297036408694,4.480297036408694,4.480297036408694,4.480297036408694,4.480297036408694,4.480297036408694,4.480297036408694,4.480297036408694,4.480297036408694,4.480297036408694,4.480297036408694,4.480297036408694,4.480297036408694,4.480297036408694,4.480297036408694,4.480297036408694,4.480297036408694,4.480297036408694,4.480297036408694,4.480297036408694,4.480297036408694,4.480297036408694,4.480297036408694,4.480297036408694,4.480297036408694,4.480297036408694,4.480297036408694,4.480297036408694,4.480297036408694,4.480297036408694,4.480297036408694,4.480297036408694,4.480297036408694,4.480297036408694,4.480297036408694,4.480297036408694,4.480297036408694,4.480297036408694,4.480297036408694,4.480297036408694,4.480297036408694,4.480297036408694,4.480297036408694,4.480297036408694,4.480297036408694,4.480297036408694,4.480297036408694,4.480297036408694,4.480297036408694,4.480297036408694,4.480297036408694,9.02576659157734,8.001369042473026,8.001369042473026,8.001369042473026,7.835427693738324,7.835427693738324,7.835427693738324,7.835427693738324,7.835427693738324,7.835427693738324,7.39277247132981,7.39277247132981,7.39277247132981,7.39277247132981,7.39277247132981,7.39277247132981,7.39277247132981,7.259303128520635,7.259303128520635,7.259303128520635,7.259303128520635,7.259303128520635,7.259303128520635,7.259303128520635,7.259303128520635,7.259303128520635,7.259303128520635,7.259303128520635,7.259303128520635,7.259303128520635,7.259303128520635,7.259303128520635,7.259303128520635,7.259303128520635,7.259303128520635,7.259303128520635,7.259303128520635,7.259303128520635,7.259303128520635,7.259303128520635,7.259303128520635,7.259303128520635,7.259303128520635,7.259303128520635,7.259303128520635,7.259303128520635,7.259303128520635,7.259303128520635,7.259303128520635,7.259303128520635,7.259303128520635,7.234234950349739,7.234234950349739,7.234234950349739,7.234234950349739,7.234234950349739,7.234234950349739,7.234234950349739,7.234234950349739,7.234234950349739,7.234234950349739,7.234234950349739,7.234234950349739,7.234234950349739,7.234234950349739,7.234234950349739,7.234234950349739,7.234234950349739,7.234234950349739,7.234234950349739,7.234234950349739,7.234234950349739,7.234234950349739,7.234234950349739,7.234234950349739,7.234234950349739,7.234234950349739,7.234234950349739,7.234234950349739,7.234234950349739,7.234234950349739,7.234234950349739,7.234234950349739,7.234234950349739,7.234234950349739,7.234234950349739,6.1172825097949675,5.364687702923015,5.2244418559223895,5.2244418559223895,4.676985893894721,4.675844256353925,4.675844256353925,4.675844256353925,4.675844256353925,4.675844256353925,4.675844256353925,4.675844256353925,4.675844256353925,4.675844256353925,4.675844256353925,4.675844256353925,4.675844256353925,4.675844256353925,4.675844256353925,4.675844256353925,4.675844256353925,4.675844256353925,4.675844256353925,4.675844256353925,4.675844256353925,4.675844256353925,4.675844256353925,4.675844256353925,4.675844256353925,4.675844256353925,4.675844256353925,4.675844256353925,4.675844256353925,4.675844256353925,4.675844256353925,4.675844256353925,4.675844256353925,4.675844256353925,4.675844256353925,4.675844256353925,4.675844256353925,4.675844256353925,4.675844256353925,4.675844256353925,4.675844256353925,4.675844256353925,4.675844256353925,4.675844256353925,4.675844256353925,4.675844256353925,4.675844256353925,4.675844256353925,4.675844256353925,4.675844256353925,4.675844256353925,4.675844256353925,4.675844256353925,4.675844256353925,4.675844256353925,4.675844256353925,4.675844256353925,4.675844256353925,4.675844256353925,4.675844256353925,4.675844256353925,4.675844256353925,4.675844256353925,4.675844256353925,4.675844256353925,4.675844256353925,4.675844256353925,4.675844256353925,4.675844256353925,4.675844256353925,4.675844256353925,4.675844256353925,4.675844256353925,4.675844256353925,4.675844256353925,4.675844256353925,4.675844256353925,4.675844256353925,4.675844256353925,4.675844256353925,4.675844256353925,4.675844256353925,4.675844256353925,4.675844256353925,4.675844256353925,4.675844256353925,4.675844256353925,4.675844256353925,4.675844256353925,4.675844256353925,4.675844256353925,4.675844256353925,4.675844256353925,4.675844256353925,4.675844256353925,4.675844256353925,4.675844256353925,4.675844256353925,4.675844256353925,4.675844256353925,4.675844256353925,4.675844256353925,4.675844256353925,4.675844256353925,4.675844256353925,4.675844256353925,4.675844256353925,4.675844256353925,4.675844256353925,4.675844256353925,4.675844256353925,4.675844256353925,4.675844256353925,4.675844256353925,4.675844256353925,4.675844256353925,4.675844256353925,4.675844256353925,4.675844256353925,4.675844256353925,4.675844256353925,4.675844256353925,4.675844256353925,4.675844256353925,4.675844256353925,4.675844256353925,4.675844256353925,4.675844256353925,4.675844256353925,4.675844256353925,4.675844256353925,4.675844256353925,4.675844256353925,4.675844256353925,4.157967960184421,3.9854916214647362,3.9854916214647362,3.9854916214647362,3.9854916214647362,3.9854916214647362,3.9854916214647362,3.9854916214647362,3.9854916214647362,3.9854916214647362,3.9854916214647362,3.9854916214647362,3.9854916214647362,3.9854916214647362,3.9854916214647362,3.9854916214647362,3.9854916214647362,3.9854916214647362,3.9854916214647362,3.9854916214647362,3.9854916214647362,3.9854916214647362,3.9854916214647362,3.9854916214647362,3.9854916214647362,3.9854916214647362,3.9854916214647362,3.9854916214647362,3.9854916214647362,3.9854916214647362,3.9854916214647362,3.7172226417649834,3.7172226417649834,3.562514218029982,3.562514218029982,3.562514218029982,3.562514218029982,3.562514218029982,3.562514218029982,3.562514218029982,3.562514218029982,3.562514218029982,3.562514218029982,3.562514218029982,3.562514218029982,3.562514218029982,3.562514218029982,3.562514218029982,3.562514218029982,3.562514218029982,3.562514218029982,3.562514218029982,3.562514218029982,3.562514218029982,3.562514218029982,3.562514218029982,3.562514218029982,3.562514218029982,3.562514218029982,3.562514218029982,3.562514218029982,3.562514218029982,3.562514218029982,3.562514218029982,3.562514218029982,3.562514218029982,3.562514218029982,3.562514218029982,3.562514218029982,3.562514218029982,3.562514218029982,3.562514218029982,3.562514218029982,3.562514218029982,3.562514218029982,3.562514218029982,3.562514218029982,3.562514218029982,3.562514218029982,3.562514218029982,3.562514218029982,3.562514218029982,3.562514218029982,3.562514218029982,3.562514218029982,3.562514218029982,3.562514218029982,3.562514218029982,3.562514218029982,3.562514218029982,3.562514218029982,3.562514218029982,3.562514218029982,3.562514218029982,3.562514218029982,3.562514218029982,3.562514218029982,3.562514218029982,3.562514218029982,3.562514218029982,3.562514218029982,3.562514218029982,3.562514218029982,3.562514218029982,3.562514218029982,3.562514218029982,3.562514218029982,3.562514218029982,3.562514218029982,3.562514218029982,3.562514218029982,3.562514218029982,3.562514218029982,3.562514218029982,3.562514218029982,3.562514218029982,3.562514218029982,3.562514218029982,3.562514218029982,3.562514218029982,3.562514218029982,3.562514218029982,3.562514218029982,3.562514218029982,3.562514218029982,3.562514218029982,3.562514218029982,3.562514218029982,3.562514218029982,3.562514218029982,3.562514218029982,3.562514218029982,3.562514218029982,3.562514218029982,3.562514218029982,3.562514218029982,3.562514218029982,3.562514218029982,3.562514218029982,3.562514218029982,3.562514218029982,3.562514218029982,3.562514218029982,3.562514218029982,3.562514218029982,3.562514218029982,3.562514218029982,3.562514218029982,3.562514218029982,3.562514218029982,3.562514218029982,3.562514218029982,3.562514218029982,3.562514218029982,3.562514218029982,3.562514218029982,3.562514218029982,3.562514218029982,3.562514218029982,3.562514218029982,3.562514218029982,3.562514218029982,3.562514218029982,3.562514218029982,3.562514218029982,3.562514218029982,3.562514218029982,3.562514218029982,3.562514218029982,3.562514218029982,3.562514218029982,1.4773774035069096,1.4773774035069096,1.4773774035069096,1.4773774035069096,1.4773774035069096,1.4773774035069096,1.4773774035069096,1.4773774035069096,1.4773774035069096,1.4773774035069096,1.4773774035069096,1.4773774035069096,1.4773774035069096,1.4773774035069096,1.4773774035069096,1.4773774035069096,1.4773774035069096,1.4773774035069096,1.4773774035069096,1.4773774035069096,1.4773774035069096,1.4773774035069096,1.4773774035069096,1.4773774035069096,1.4773774035069096,1.4773774035069096,1.4773774035069096,1.4773774035069096,1.4773774035069096,1.4773774035069096,1.4773774035069096,1.4773774035069096,1.4773774035069096,1.4773774035069096,1.4773774035069096,1.4773774035069096,1.4773774035069096,1.4773774035069096,1.4773774035069096,1.4773774035069096,1.4773774035069096,1.4773774035069096,1.4773774035069096,1.4773774035069096,1.4773774035069096,1.4773774035069096,1.4773774035069096,1.4773774035069096,1.4773774035069096,1.4773774035069096,1.4773774035069096,1.4773774035069096,1.4773774035069096,1.4773774035069096,1.4773774035069096,1.4773774035069096,1.4773774035069096,1.4773774035069096,1.4773774035069096,1.4773774035069096,1.4773774035069096,1.4773774035069096,1.4773774035069096,1.4773774035069096,1.4773774035069096,1.4773774035069096,1.4773774035069096,1.4773774035069096,1.4773774035069096,1.4773774035069096,1.4773774035069096,1.4773774035069096,1.4773774035069096,1.4773774035069096,1.4773774035069096,1.4773774035069096,1.4773774035069096,1.4773774035069096,1.4773774035069096,1.4773774035069096,1.4773774035069096,1.4773774035069096,1.4773774035069096,1.4773774035069096,1.4773774035069096,1.4773774035069096,1.4773774035069096,1.4773774035069096,1.4773774035069096,1.4773774035069096,1.4773774035069096,1.4773774035069096,1.4773774035069096,1.4773774035069096,1.4773774035069096,1.4773774035069096,1.4773774035069096,1.4773774035069096,1.4773774035069096,1.4773774035069096,1.4773774035069096,1.4773774035069096,1.4773774035069096,1.4773774035069096,1.4773774035069096,1.4773774035069096,1.4773774035069096,1.4773774035069096,1.4773774035069096,1.4773774035069096,1.4773774035069096,1.4773774035069096,1.4773774035069096,1.4773774035069096,1.4773774035069096,1.4773774035069096,1.4773774035069096,1.4773774035069096,1.4773774035069096,1.4773774035069096,1.4773774035069096,1.4773774035069096,1.4773774035069096,1.4773774035069096,1.4773774035069096,1.4773774035069096,1.4773774035069096,1.4773774035069096,1.4773774035069096,1.4773774035069096,1.4773774035069096,1.4773774035069096,1.4773774035069096,1.4773774035069096,1.4773774035069096,1.4773774035069096,1.4773774035069096,1.4773774035069096,1.4773774035069096,1.4773774035069096,1.4773774035069096,1.4773774035069096,1.4773774035069096,1.4773774035069096,1.4773774035069096,1.4773774035069096,1.4773774035069096,1.4773774035069096,1.4773774035069096,1.4773774035069096,1.4773774035069096,1.4773774035069096,1.4773774035069096,1.4773774035069096,1.4773774035069096,1.4773774035069096,1.4773774035069096,1.4773774035069096,1.4773774035069096,1.4773774035069096,1.4773774035069096,1.4773774035069096,1.4773774035069096,1.4773774035069096,1.4773774035069096,1.4773774035069096,1.4773774035069096,1.4773774035069096,1.4773774035069096,1.4773774035069096,1.4773774035069096,1.4773774035069096,1.4773774035069096,1.4773774035069096,1.4773774035069096,1.4773774035069096,1.4773774035069096,1.4773774035069096,1.4773774035069096,1.4773774035069096,1.4773774035069096,1.4773774035069096,1.4773774035069096,1.4773774035069096,1.4773774035069096,1.4773774035069096,1.4773774035069096,1.4773774035069096,1.4773774035069096,1.4773774035069096,1.4773774035069096,1.4773774035069096,1.4773774035069096,1.4773774035069096,1.4773774035069096,1.4773774035069096,1.4773774035069096,1.4773774035069096,1.4773774035069096,1.4773774035069096,1.4773774035069096,1.4773774035069096,1.4773774035069096,1.4773774035069096,1.4773774035069096,1.4773774035069096,1.4773774035069096,1.4773774035069096,1.4773774035069096,1.4773774035069096,1.4773774035069096,1.4773774035069096,1.4773774035069096,1.4773774035069096,1.4773774035069096,1.4773774035069096,1.4773774035069096,1.4773774035069096,1.4773774035069096,1.4773774035069096,1.4773774035069096,1.4773774035069096,1.4773774035069096,1.4773774035069096,1.4773774035069096,1.4773774035069096,1.4773774035069096,1.4773774035069096,1.4773774035069096,1.4773774035069096,1.4773774035069096,1.4773774035069096,1.4773774035069096,1.4773774035069096,1.4773774035069096,1.4773774035069096,1.4773774035069096,1.4773774035069096,1.4773774035069096,1.4773774035069096,1.4773774035069096,1.4773774035069096,1.4773774035069096,1.4773774035069096,1.4773774035069096,1.4773774035069096,1.4773774035069096,1.4773774035069096,1.4773774035069096,1.4773774035069096,1.4773774035069096,1.4773774035069096,1.4773774035069096,1.4773774035069096,1.4773774035069096,1.4773774035069096,1.4773774035069096,1.4773774035069096,1.4773774035069096,1.4773774035069096,1.4773774035069096,1.4773774035069096,1.4773774035069096,1.4773774035069096,1.4773774035069096,1.4773774035069096,1.4773774035069096,1.4773774035069096,1.4773774035069096,1.4773774035069096,1.4773774035069096,1.4773774035069096,1.4773774035069096,1.4773774035069096,1.4773774035069096,1.4773774035069096,1.4773774035069096,1.4773774035069096,1.4773774035069096,1.4773774035069096,1.4773774035069096,1.4773774035069096,1.4773774035069096,1.4773774035069096,1.4773774035069096,1.4773774035069096,1.4773774035069096,1.4773774035069096,1.4773774035069096,1.4773774035069096,1.4773774035069096,1.4773774035069096,1.4773774035069096,1.4773774035069096,1.4773774035069096,1.4773774035069096,1.4773774035069096,1.4773774035069096,1.4773774035069096,1.4773774035069096,1.4773774035069096,1.4773774035069096,1.4773774035069096,1.4773774035069096,1.4773774035069096,1.4773774035069096,1.4773774035069096,1.4773774035069096,1.4773774035069096,1.4773774035069096,1.4773774035069096,1.4773774035069096,1.4773774035069096,1.4773774035069096,1.4773774035069096,1.4773774035069096,1.4773774035069096,1.4773774035069096,1.4773774035069096,1.4773774035069096,1.4773774035069096,1.4773774035069096,1.4773774035069096,1.4773774035069096,1.4773774035069096,1.4773774035069096,1.4773774035069096,1.4773774035069096,1.4773774035069096,1.4773774035069096,1.4773774035069096,1.4773774035069096,1.4773774035069096,1.4773774035069096,1.4773774035069096,1.4773774035069096,1.4773774035069096,1.4773774035069096,1.4773774035069096,1.4773774035069096,1.4773774035069096,1.4773774035069096,1.4773774035069096,1.4773774035069096,1.4773774035069096,1.4773774035069096,1.4773774035069096,1.4773774035069096,1.4773774035069096,1.4773774035069096,1.4773774035069096,1.4773774035069096,1.4773774035069096,1.4773774035069096,1.4773774035069096,1.4773774035069096,1.4773774035069096,1.4773774035069096,1.4773774035069096,1.4773774035069096,1.4773774035069096,1.4773774035069096,1.4773774035069096,1.4773774035069096,1.4773774035069096,1.4773774035069096,1.4773774035069096,1.4773774035069096,1.4773774035069096,1.4773774035069096,1.4773774035069096,1.4773774035069096,1.4773774035069096,1.4773774035069096,1.4773774035069096,1.4773774035069096,1.4773774035069096,1.4773774035069096,1.4773774035069096,1.4773774035069096,1.4773774035069096,1.4773774035069096,1.4773774035069096,1.4773774035069096,1.4773774035069096,1.4773774035069096,1.4773774035069096,1.4773774035069096,1.4773774035069096,1.4773774035069096,1.4773774035069096,1.4773774035069096,1.4773774035069096,1.4773774035069096,1.4773774035069096,1.4773774035069096,1.4773774035069096,1.4773774035069096,1.4773774035069096,1.4773774035069096,1.4773774035069096,1.4773774035069096,1.4773774035069096,1.4773774035069096,1.4773774035069096,1.4773774035069096,1.4773774035069096,1.4773774035069096,1.4773774035069096,1.4773774035069096,1.4773774035069096,1.4773774035069096,1.4773774035069096,1.4773774035069096,1.4773774035069096,1.4773774035069096,1.4773774035069096,1.4773774035069096,1.4773774035069096,1.4773774035069096,1.4773774035069096,1.4773774035069096,1.4773774035069096,1.4773774035069096,1.4773774035069096,1.4773774035069096,1.4773774035069096,1.4773774035069096,1.4773774035069096,1.4773774035069096,1.4773774035069096,1.4773774035069096,1.4773774035069096,1.4773774035069096,1.4773774035069096,1.4773774035069096,1.4773774035069096,1.4773774035069096,1.4773774035069096,1.4773774035069096,1.4773774035069096,1.4773774035069096,1.4773774035069096,1.4773774035069096,1.4773774035069096,1.4773774035069096,1.4773774035069096,1.4773774035069096,1.4773774035069096,1.4773774035069096,1.4773774035069096,1.4773774035069096,1.4773774035069096,1.4773774035069096,1.4773774035069096,1.4773774035069096,1.4773774035069096,1.4773774035069096,1.4773774035069096,1.4773774035069096,1.4773774035069096,1.4773774035069096,1.4773774035069096,1.4773774035069096,1.4773774035069096,1.4773774035069096,1.4773774035069096,1.4773774035069096,1.4773774035069096,1.4773774035069096,1.4773774035069096,1.4773774035069096,1.4773774035069096,1.4773774035069096,1.4773774035069096,1.4773774035069096,1.4773774035069096,1.4773774035069096,1.4773774035069096,1.4773774035069096,1.4773774035069096,1.4773774035069096,1.4773774035069096,1.4773774035069096,1.4773774035069096,1.4773774035069096,1.4773774035069096,1.4773774035069096,1.4773774035069096,1.4773774035069096,1.4773774035069096,1.4773774035069096,1.4773774035069096,1.4773774035069096,1.4773774035069096,1.4773774035069096,1.4773774035069096,1.4773774035069096,1.4773774035069096,1.4773774035069096,1.4773774035069096,1.4773774035069096,1.4773774035069096,1.4773774035069096,1.4773774035069096,1.4773774035069096,1.4773774035069096,1.4773774035069096,1.4773774035069096,1.4773774035069096,1.4773774035069096,1.4773774035069096,1.4773774035069096,1.4773774035069096,1.4773774035069096,1.4773774035069096,1.4773774035069096,1.4773774035069096,1.4773774035069096,1.4773774035069096,1.4773774035069096,1.4773774035069096,1.4773774035069096,1.4773774035069096,1.4773774035069096,1.4773774035069096,1.4773774035069096,1.4773774035069096,1.4773774035069096,1.4773774035069096,1.4773774035069096,1.4773774035069096,1.4773774035069096,1.4773774035069096,1.4773774035069096,1.4773774035069096,1.4773774035069096,1.4773774035069096,1.4773774035069096,1.4773774035069096,1.4773774035069096,1.4773774035069096,1.4773774035069096,1.4773774035069096,1.4773774035069096,1.4773774035069096,1.4773774035069096,1.4773774035069096,1.4773774035069096,1.4773774035069096,1.4773774035069096,1.4773774035069096,1.4773774035069096,1.4773774035069096,1.4773774035069096,1.4773774035069096,1.4773774035069096,1.4773774035069096,1.4773774035069096,1.4773774035069096,1.4773774035069096,1.4773774035069096,1.4773774035069096,1.4773774035069096,1.4773774035069096,1.4773774035069096,1.4773774035069096,1.4773774035069096,1.4773774035069096,1.4773774035069096,1.4773774035069096,1.4773774035069096,1.4773774035069096,1.4773774035069096,1.4773774035069096,1.4773774035069096,1.4773774035069096,1.4773774035069096,1.4773774035069096,1.4773774035069096,1.4773774035069096,1.4773774035069096,1.4773774035069096,1.4773774035069096,1.4773774035069096,1.4773774035069096,1.4773774035069096,1.4773774035069096,1.4773774035069096,1.4773774035069096,1.4773774035069096,1.4773774035069096,1.4773774035069096,1.4773774035069096,1.4773774035069096,1.4773774035069096,1.4773774035069096,1.4773774035069096,1.4773774035069096,1.4773774035069096,1.4773774035069096,1.4773774035069096,1.4773774035069096,1.4773774035069096,1.4773774035069096,8.12172731161623,7.415993265663369,7.415993265663369,7.415993265663369,7.415993265663369,6.796721506461499,6.796721506461499,6.796721506461499,6.309772030009938,6.309772030009938,6.309772030009938,6.309772030009938,6.309772030009938,6.040058021821325,6.040058021821325,6.040058021821325,6.040058021821325,6.040058021821325,6.040058021821325,6.040058021821325,6.040058021821325,6.040058021821325,6.040058021821325,6.040058021821325,6.040058021821325,6.040058021821325,6.040058021821325,6.040058021821325,6.040058021821325,6.040058021821325,6.040058021821325,6.040058021821325,6.040058021821325,6.040058021821325,6.040058021821325,6.040058021821325,6.040058021821325,6.040058021821325,6.040058021821325,6.040058021821325,6.040058021821325,6.040058021821325,6.040058021821325,6.040058021821325,6.040058021821325,6.040058021821325,6.040058021821325,6.040058021821325,6.040058021821325,6.040058021821325,6.040058021821325,6.040058021821325,6.040058021821325,6.040058021821325,6.040058021821325,6.040058021821325,6.040058021821325,6.040058021821325,6.040058021821325,6.040058021821325,6.040058021821325,6.040058021821325,6.040058021821325,6.040058021821325,6.040058021821325,6.040058021821325,6.040058021821325,6.040058021821325,6.040058021821325,6.040058021821325,6.040058021821325,6.040058021821325,6.040058021821325,6.040058021821325,6.040058021821325,6.040058021821325,6.040058021821325,6.040058021821325,6.040058021821325,6.040058021821325,6.040058021821325,6.040058021821325,6.040058021821325,6.040058021821325,6.040058021821325,6.040058021821325,6.040058021821325,6.040058021821325,6.040058021821325,6.040058021821325,6.040058021821325,6.040058021821325,6.040058021821325,6.040058021821325,6.040058021821325,6.040058021821325,6.040058021821325,6.040058021821325,6.040058021821325,6.040058021821325,6.040058021821325,6.040058021821325,6.040058021821325,6.040058021821325,6.040058021821325,6.040058021821325,6.040058021821325,6.040058021821325,6.040058021821325,6.040058021821325,6.040058021821325,6.040058021821325,6.040058021821325,6.040058021821325,6.040058021821325,6.040058021821325,6.040058021821325,6.040058021821325,6.040058021821325,6.040058021821325,6.040058021821325,6.040058021821325,6.040058021821325,6.040058021821325,6.040058021821325,6.040058021821325,6.040058021821325,6.040058021821325,6.040058021821325,6.040058021821325,6.040058021821325,6.040058021821325,6.040058021821325,6.040058021821325,6.040058021821325,6.040058021821325,6.040058021821325,6.040058021821325,6.040058021821325,6.040058021821325,6.040058021821325,6.040058021821325,6.040058021821325,6.040058021821325,6.040058021821325,6.040058021821325,6.040058021821325,6.040058021821325,6.040058021821325,6.040058021821325,6.040058021821325,6.040058021821325,6.040058021821325,6.040058021821325,6.040058021821325,6.040058021821325,6.040058021821325,6.040058021821325,6.040058021821325,6.040058021821325,6.040058021821325,6.040058021821325,6.040058021821325,6.040058021821325,6.040058021821325,6.040058021821325,6.040058021821325,6.040058021821325,6.040058021821325,6.040058021821325,6.040058021821325,6.040058021821325,6.040058021821325,6.040058021821325,6.040058021821325,5.792924045208666,5.2584993627995615,5.2584993627995615,5.2584993627995615,5.2584993627995615,5.2584993627995615,5.2584993627995615,5.2584993627995615,5.2584993627995615,5.2584993627995615,5.2584993627995615,5.2584993627995615,5.2584993627995615,5.2584993627995615,5.2584993627995615,5.2584993627995615,5.2584993627995615,5.2584993627995615,5.2584993627995615,5.2584993627995615,5.2584993627995615,5.2584993627995615,5.2584993627995615,5.2584993627995615,5.2584993627995615,5.2584993627995615,5.2584993627995615,5.085078823112307,5.085078823112307,5.085078823112307,4.886525399081153,4.886525399081153,4.886525399081153,4.886525399081153,4.886525399081153,4.886525399081153,4.886525399081153,4.886525399081153,4.886525399081153,4.886525399081153,4.864450278155575,4.864450278155575,4.864450278155575,4.864450278155575,4.864450278155575,4.864450278155575,4.864450278155575,4.864450278155575,4.864450278155575,4.864450278155575,4.864450278155575,4.864450278155575,4.864450278155575,4.864450278155575,4.864450278155575,4.864450278155575,4.490398388015741,4.440201694290236,4.440201694290236,4.440201694290236,4.440201694290236,4.440201694290236,4.440201694290236,4.440201694290236,4.440201694290236,4.440201694290236,4.440201694290236,4.440201694290236,4.440201694290236,4.440201694290236,4.440201694290236,4.440201694290236,4.440201694290236,4.440201694290236,4.440201694290236,4.440201694290236,4.440201694290236,4.440201694290236,4.440201694290236,4.440201694290236,4.440201694290236,4.440201694290236,4.440201694290236,4.440201694290236,4.440201694290236,4.440201694290236,4.440201694290236,4.440201694290236,4.440201694290236,4.440201694290236,4.440201694290236,4.440201694290236,4.440201694290236,4.440201694290236,4.440201694290236,4.440201694290236,4.440201694290236,4.440201694290236,4.440201694290236,4.440201694290236,4.440201694290236,4.440201694290236,4.440201694290236,4.440201694290236,4.440201694290236,4.440201694290236,4.440201694290236,4.440201694290236,4.440201694290236,4.440201694290236,4.440201694290236,4.440201694290236,4.440201694290236,4.440201694290236,4.440201694290236,4.440201694290236,4.440201694290236,4.440201694290236,4.440201694290236,4.440201694290236,4.440201694290236,4.440201694290236,4.440201694290236,4.440201694290236,4.440201694290236,4.440201694290236,4.440201694290236,4.440201694290236,4.440201694290236,4.440201694290236,4.440201694290236,4.440201694290236,4.440201694290236,4.440201694290236,4.440201694290236,4.440201694290236,4.440201694290236,4.440201694290236,4.440201694290236,4.440201694290236,4.440201694290236,4.440201694290236,4.440201694290236,4.440201694290236,4.440201694290236,4.440201694290236,4.440201694290236,4.440201694290236,4.440201694290236,4.440201694290236,4.440201694290236,4.440201694290236,4.440201694290236,4.440201694290236,4.440201694290236,4.440201694290236,4.440201694290236,4.440201694290236,4.440201694290236,4.440201694290236,4.440201694290236,4.440201694290236,4.440201694290236,4.440201694290236,4.440201694290236,4.440201694290236,4.440201694290236,4.440201694290236,4.440201694290236,4.440201694290236,4.440201694290236,4.440201694290236,4.440201694290236,4.440201694290236,4.440201694290236,4.440201694290236,4.440201694290236,4.440201694290236,4.440201694290236,4.440201694290236,4.440201694290236,4.440201694290236,4.440201694290236,4.440201694290236,4.440201694290236,4.440201694290236,4.440201694290236,4.440201694290236,4.440201694290236,4.440201694290236,4.440201694290236,4.440201694290236,4.440201694290236,4.440201694290236,4.440201694290236,4.440201694290236,4.440201694290236,4.440201694290236,4.440201694290236,4.440201694290236,4.440201694290236,4.440201694290236,4.440201694290236,4.440201694290236,4.440201694290236,4.440201694290236,4.440201694290236,4.440201694290236,4.440201694290236,4.440201694290236,4.440201694290236,4.440201694290236,4.440201694290236,4.440201694290236,4.440201694290236,4.440201694290236,4.440201694290236,4.440201694290236,4.440201694290236,4.440201694290236,4.440201694290236,4.440201694290236,4.440201694290236,4.440201694290236,4.440201694290236,4.440201694290236,4.440201694290236,4.440201694290236,4.440201694290236,4.440201694290236,4.440201694290236,4.440201694290236,4.440201694290236,4.440201694290236,4.440201694290236,4.440201694290236,4.440201694290236,4.440201694290236,4.440201694290236,4.440201694290236,4.440201694290236,4.440201694290236,4.440201694290236,4.440201694290236,4.440201694290236,4.440201694290236,4.440201694290236,4.440201694290236,4.440201694290236,4.440201694290236,4.440201694290236,4.440201694290236,4.440201694290236,4.440201694290236,4.440201694290236,4.440201694290236,4.440201694290236,4.440201694290236,4.440201694290236,4.440201694290236,4.440201694290236,4.440201694290236,4.440201694290236,4.440201694290236,4.440201694290236,4.440201694290236,4.440201694290236,4.440201694290236,4.440201694290236,4.440201694290236,4.440201694290236,4.440201694290236,4.440201694290236,4.440201694290236,4.440201694290236,4.440201694290236,4.440201694290236,4.440201694290236,4.440201694290236,4.440201694290236,4.440201694290236,4.440201694290236,4.440201694290236,4.440201694290236,4.440201694290236,4.440201694290236,4.440201694290236,4.440201694290236,4.440201694290236,4.440201694290236,4.440201694290236,4.440201694290236,4.440201694290236,4.440201694290236,4.440201694290236,4.440201694290236,4.440201694290236,4.440201694290236,4.440201694290236,4.440201694290236,4.440201694290236,4.440201694290236,4.440201694290236,4.440201694290236,4.440201694290236,4.440201694290236,4.440201694290236,4.440201694290236,4.440201694290236,4.440201694290236,4.440201694290236,4.440201694290236,4.440201694290236,4.440201694290236,4.440201694290236,4.440201694290236,4.440201694290236,4.440201694290236,4.440201694290236,4.440201694290236,4.440201694290236,4.440201694290236,4.440201694290236,4.440201694290236,4.440201694290236,4.440201694290236,4.440201694290236,4.440201694290236,4.440201694290236,4.440201694290236,4.440201694290236,4.440201694290236,4.440201694290236,4.440201694290236,4.440201694290236,4.440201694290236,4.440201694290236,4.440201694290236,4.440201694290236,4.440201694290236,4.440201694290236,4.440201694290236,4.440201694290236,4.440201694290236,4.440201694290236,4.440201694290236,4.440201694290236,4.440201694290236,4.440201694290236,4.440201694290236,4.440201694290236,4.440201694290236,4.440201694290236,4.440201694290236,4.440201694290236,4.440201694290236,4.440201694290236,4.440201694290236,4.440201694290236,4.440201694290236,4.440201694290236,4.440201694290236,4.440201694290236,4.440201694290236,4.440201694290236,4.440201694290236,4.440201694290236,4.440201694290236,4.440201694290236,4.440201694290236,4.440201694290236,4.440201694290236,4.440201694290236,4.440201694290236,4.440201694290236,4.440201694290236,4.440201694290236,4.440201694290236,4.440201694290236,4.440201694290236,4.440201694290236,4.440201694290236,4.440201694290236,4.440201694290236,4.440201694290236,4.440201694290236,4.440201694290236,4.440201694290236,4.440201694290236,4.440201694290236,4.440201694290236,4.440201694290236,4.440201694290236,4.440201694290236,4.440201694290236,4.440201694290236,4.440201694290236,4.440201694290236,4.440201694290236,4.440201694290236,4.440201694290236,4.440201694290236,4.440201694290236,4.440201694290236,4.440201694290236,4.440201694290236,4.440201694290236,4.440201694290236,4.440201694290236,4.440201694290236,4.440201694290236,4.440201694290236,4.440201694290236,4.440201694290236,4.440201694290236,4.440201694290236,4.440201694290236,4.440201694290236,4.440201694290236,4.440201694290236,4.440201694290236,4.440201694290236,4.440201694290236,4.440201694290236,4.440201694290236,4.440201694290236,4.440201694290236,4.440201694290236,4.440201694290236,4.440201694290236,4.440201694290236,4.440201694290236,4.440201694290236,4.440201694290236,4.440201694290236,4.345126477710839,4.345123295655291,4.345123295655291,4.345123295655291,4.345123295655291,4.345123295655291,4.345123295655291,4.345123295655291,4.345123295655291,4.345123295655291,4.345123295655291,4.345123295655291,4.345123295655291,4.345123295655291,4.345123295655291,4.345123295655291,4.345123295655291,4.345123295655291,4.345123295655291,4.345123295655291,4.345123295655291,4.345123295655291,4.345123295655291,4.345123295655291,4.345123295655291,4.345123295655291,4.345123295655291,4.345123295655291,4.345123295655291,4.345123295655291,4.345123295655291,4.234001669909686,4.233998487854137,4.233998487854137,4.233998487854137,4.233998487854137,4.233998487854137,4.233998487854137,4.233998487854137,4.233998487854137,4.233998487854137,4.233998487854137,4.233998487854137,4.233998487854137,4.233998487854137,4.233998487854137,4.233998487854137,4.233998487854137,4.233998487854137,4.233998487854137,4.233998487854137,4.233998487854137,4.233998487854137,4.233998487854137,4.233998487854137,4.233998487854137,4.233998487854137,4.233998487854137,4.233998487854137,4.233998487854137,4.233998487854137,4.233998487854137,4.233998487854137,4.233998487854137,4.233998487854137,4.233998487854137,4.233998487854137,4.233998487854137,4.233998487854137,4.233998487854137,4.233998487854137,4.233998487854137,4.233998487854137,4.233998487854137,4.233998487854137,4.233998487854137,4.233998487854137,4.233998487854137,4.233998487854137,4.233998487854137,4.233998487854137,4.233998487854137,4.233998487854137,4.233998487854137,4.233998487854137,4.233998487854137,4.233998487854137,4.233998487854137,4.233998487854137,4.233998487854137,4.233998487854137,4.233998487854137,4.233998487854137,4.233998487854137,4.233998487854137,4.233998487854137,4.233998487854137,4.233998487854137,4.233998487854137,4.233998487854137,4.233998487854137,4.233998487854137,4.233998487854137,4.233998487854137,4.233998487854137,4.233998487854137,4.233998487854137,4.233998487854137,4.233998487854137,4.233998487854137,4.233998487854137,4.233998487854137,4.233998487854137,4.233998487854137,4.233998487854137,4.233998487854137,4.233998487854137,4.233998487854137,4.233998487854137,4.233998487854137,4.233998487854137,4.233998487854137,4.233998487854137,4.233998487854137,4.233998487854137,4.233998487854137,4.233998487854137,4.233998487854137,4.233998487854137,4.233998487854137,4.233998487854137,4.233998487854137,4.233998487854137,4.233998487854137,4.233998487854137,4.233998487854137,4.233998487854137,4.233998487854137,4.233998487854137,4.233998487854137,4.233998487854137,4.233998487854137,4.233998487854137,4.233998487854137,4.233998487854137,4.233998487854137,4.233998487854137,4.233998487854137,4.233998487854137,4.233998487854137,4.233998487854137,4.233998487854137,4.233998487854137,4.233998487854137,4.233998487854137,4.233998487854137,4.233998487854137,4.233998487854137,4.233998487854137,4.233998487854137,4.233998487854137,4.233998487854137,4.233998487854137,4.233998487854137,4.233998487854137,4.233998487854137,4.233998487854137,4.233998487854137,4.233998487854137,4.233998487854137,4.233998487854137,4.233998487854137,4.233998487854137,4.233998487854137,4.233998487854137,4.233998487854137,4.233998487854137,4.233998487854137,4.233998487854137,4.233998487854137,4.233998487854137,4.233998487854137,4.233998487854137,4.233998487854137,4.233998487854137,4.233998487854137,4.233998487854137,4.233998487854137,4.233998487854137,4.233998487854137,4.233998487854137,4.233998487854137,4.233998487854137,4.233998487854137,4.233998487854137,4.233998487854137,4.233998487854137,4.233998487854137,4.233998487854137,4.233998487854137,4.233998487854137,4.233998487854137,4.233998487854137,4.233998487854137,4.233998487854137,4.233998487854137,4.233998487854137,4.233998487854137,4.233998487854137,4.233998487854137,4.233998487854137,4.233998487854137,4.233998487854137,4.233998487854137,4.233998487854137,4.233998487854137,4.233998487854137,4.233998487854137,4.233998487854137,4.233998487854137,4.233998487854137,4.233998487854137,4.233998487854137,4.233998487854137,4.233998487854137,4.233998487854137,4.233998487854137,4.233998487854137,4.233998487854137,4.233998487854137,4.233998487854137,4.233998487854137,4.233998487854137,4.233998487854137,4.233998487854137,4.233998487854137,4.233998487854137,4.233998487854137,4.233998487854137,4.233998487854137,4.233998487854137,4.233998487854137,4.233998487854137,4.233998487854137,4.233998487854137,4.233998487854137,4.233998487854137,4.233998487854137,4.233998487854137,4.233998487854137,4.233998487854137,4.233998487854137,4.233998487854137,4.233998487854137,4.233998487854137,4.233998487854137,4.233998487854137,4.233998487854137,4.233998487854137,4.233998487854137,4.233998487854137,4.233998487854137,4.233998487854137,4.233998487854137,4.233998487854137,4.233998487854137,4.233998487854137,4.233998487854137,4.233998487854137,4.233998487854137,4.233998487854137,4.233998487854137,4.233998487854137,4.233998487854137,4.233998487854137,4.233998487854137,4.233998487854137,4.233998487854137,4.233998487854137,4.233998487854137,4.233998487854137,4.233998487854137,4.233998487854137,4.233998487854137,4.233998487854137,4.233998487854137,4.233998487854137,4.233998487854137,4.233998487854137,4.233998487854137,4.233998487854137,4.233998487854137,4.233998487854137,4.233998487854137,4.233998487854137,4.233998487854137,4.233998487854137,4.233998487854137,4.233998487854137,4.233998487854137,4.233998487854137,4.233998487854137,4.233998487854137,4.233998487854137,4.233998487854137,4.233998487854137,4.233998487854137,4.233998487854137,4.233998487854137,4.233998487854137,4.233998487854137,4.233998487854137,4.233998487854137,4.233998487854137,4.233998487854137,4.233998487854137,4.233998487854137,4.233998487854137,4.233998487854137,4.233998487854137,4.233998487854137,4.233998487854137,4.233998487854137,4.233998487854137,4.233998487854137,4.233998487854137,4.233998487854137,4.233998487854137,4.233998487854137,4.233998487854137,4.233998487854137,4.233998487854137,4.233998487854137,4.233998487854137,4.233998487854137,4.233998487854137,4.233998487854137,4.233998487854137,4.233998487854137,4.233998487854137,4.233998487854137,4.233998487854137,4.233998487854137,4.233998487854137,4.233998487854137,4.233998487854137,4.233998487854137,4.233998487854137,4.233998487854137,4.233998487854137,4.233998487854137,4.233998487854137,4.233998487854137,4.233998487854137,4.233998487854137,4.233998487854137,4.233998487854137,4.233998487854137,4.233998487854137,4.233998487854137,4.233998487854137,4.233998487854137,4.233998487854137,4.233998487854137,4.233998487854137,4.233998487854137,4.233998487854137,4.233998487854137,4.233998487854137,4.233998487854137,4.233998487854137,4.233998487854137,4.233998487854137,4.233998487854137,4.233998487854137,4.233998487854137,4.233998487854137,4.233998487854137,4.233998487854137,4.233998487854137,4.233998487854137,4.233998487854137,4.233998487854137,4.233998487854137,4.233998487854137,4.233998487854137,4.233998487854137,4.233998487854137,4.233998487854137,4.233998487854137,7.423459568452213,7.242153765798422,7.242153765798422,7.242153765798422,6.360946363454425,6.360946363454425,6.360946363454425,6.360946363454425,6.360946363454425,6.360946363454425,6.360946363454425,6.360946363454425,6.360946363454425,6.360946363454425,6.360946363454425,6.360946363454425,6.360946363454425,6.360946363454425,6.360946363454425,6.360946363454425,6.360946363454425,6.360946363454425,6.360946363454425,6.360946363454425,6.360946363454425,6.360946363454425,6.360946363454425,6.360946363454425,6.360946363454425,6.360946363454425,6.360946363454425,6.360946363454425,6.360946363454425,6.360946363454425,6.360946363454425,6.360946363454425,6.360946363454425,6.360946363454425,6.360946363454425,6.360946363454425,6.360946363454425,6.360946363454425,6.360946363454425,6.360946363454425,6.360946363454425,6.360946363454425,6.360946363454425,6.360946363454425,6.360946363454425,6.360946363454425,6.360946363454425,6.360946363454425,6.360946363454425,6.360946363454425,6.360946363454425,6.360946363454425,6.360946363454425,6.360946363454425,6.360946363454425,6.360946363454425,6.360946363454425,6.360946363454425,6.360946363454425,6.360946363454425,6.360946363454425,6.360946363454425,6.360946363454425,6.360946363454425,6.360946363454425,6.360946363454425,6.360946363454425,6.360946363454425,6.360946363454425,6.360946363454425,6.360946363454425,6.360946363454425,6.360946363454425,6.360946363454425,6.360946363454425,6.360946363454425,6.360946363454425,6.360946363454425,6.360946363454425,6.360946363454425,6.360946363454425,6.360946363454425,6.360946363454425,6.360946363454425,6.360946363454425,6.360946363454425,6.360946363454425,6.360946363454425,6.360946363454425,6.360946363454425,5.35274265863582,5.35274265863582,5.35274265863582,5.35274265863582,5.35274265863582,5.35274265863582,5.095930123408798,5.095930123408798,5.095930123408798,5.095930123408798,5.095930123408798,5.095930123408798,5.095930123408798,5.095930123408798,5.095930123408798,5.095930123408798,5.095930123408798,5.095930123408798,5.095930123408798,5.095930123408798,5.095930123408798,5.095930123408798,5.095930123408798,5.095930123408798,5.095930123408798,5.095930123408798,5.095930123408798,5.095930123408798,5.095930123408798,5.095930123408798,5.095930123408798,5.095930123408798,5.095930123408798,5.095930123408798,5.095930123408798,5.095930123408798,5.095930123408798,5.095930123408798,5.095930123408798,5.095930123408798,5.095930123408798,5.095930123408798,5.095930123408798,5.095930123408798,5.095930123408798,5.095930123408798,5.095930123408798,5.095930123408798,5.095930123408798,5.095930123408798,5.095930123408798,5.095930123408798,5.095930123408798,5.095930123408798,5.095930123408798,5.095930123408798,5.095930123408798,5.095930123408798,5.095930123408798,5.095930123408798,5.095930123408798,5.095930123408798,5.095930123408798,5.095930123408798,5.095930123408798,5.095930123408798,5.095930123408798,5.095930123408798,5.095930123408798,5.095930123408798,5.095930123408798,5.095930123408798,5.095930123408798,5.095930123408798,5.095930123408798,5.095930123408798,5.095930123408798,5.095930123408798,5.095930123408798,5.095930123408798,5.095930123408798,5.095930123408798,5.095930123408798,5.095930123408798,5.095930123408798,5.095930123408798,5.095930123408798,5.095930123408798,5.095930123408798,5.095930123408798,5.095930123408798,5.095930123408798,5.095930123408798,5.095930123408798,5.095930123408798,5.095930123408798,5.095930123408798,5.095930123408798,5.095930123408798,5.095930123408798,5.095930123408798,5.095930123408798,5.095930123408798,5.095930123408798,5.095930123408798,5.095930123408798,5.095930123408798,5.095930123408798,5.095930123408798,5.095930123408798,5.095930123408798,5.095930123408798,5.095930123408798,5.095930123408798,5.095930123408798,5.095930123408798,5.095930123408798,5.095930123408798,5.095930123408798,5.095930123408798,5.095930123408798,5.095930123408798,5.095930123408798,5.095930123408798,5.095930123408798,5.095930123408798,5.095930123408798,5.095930123408798,5.095930123408798,5.095930123408798,5.095930123408798,5.095930123408798,5.095930123408798,5.095930123408798,5.095930123408798,5.095930123408798,5.095930123408798,5.095930123408798,5.095930123408798,5.095930123408798,5.095930123408798,5.095930123408798,5.095930123408798,5.095930123408798,5.095930123408798,5.095930123408798,5.095930123408798,5.095930123408798,4.214047912499637,4.214047912499637,4.214047912499637,4.214047912499637,4.214047912499637,4.214047912499637,3.957825231947915,3.908379766760337,3.908379766760337,3.908379766760337,3.908379766760337,3.908379766760337,3.908379766760337,3.908379766760337,3.878163475915035,3.878163475915035,3.878163475915035,3.878163475915035,3.878163475915035,3.7844161311645315,3.7844161311645315,3.7844161311645315,3.7844161311645315,3.7844161311645315,3.7844161311645315,3.7844161311645315,3.7844161311645315,3.6479409599377046,3.6479409599377046,3.6479409599377046,3.6479409599377046,3.6479409599377046,3.6479409599377046,3.6479409599377046,3.6479409599377046,3.6479409599377046,3.6479409599377046,3.6479409599377046,3.6479409599377046,3.6479409599377046,3.6479409599377046,3.6479409599377046,3.6479409599377046,3.6479409599377046,3.6479409599377046,3.6479409599377046,3.6479409599377046,3.6479409599377046,3.6479409599377046,3.6479409599377046,3.6479409599377046,3.6479409599377046,3.6479409599377046,3.6479409599377046,3.6479409599377046,3.6479409599377046,3.6479409599377046,3.6479409599377046,3.6479409599377046,3.6479409599377046,3.6479409599377046,3.6479409599377046,3.6479409599377046,3.6479409599377046,3.6479409599377046,3.6479409599377046,3.6479409599377046,3.6479409599377046,3.6479409599377046,3.6479409599377046,3.6479409599377046,3.6479409599377046,3.6479409599377046,3.6479409599377046,3.6479409599377046,3.6479409599377046,3.6479409599377046,3.6479409599377046,3.6479409599377046,3.6479409599377046,3.6479409599377046,3.6479409599377046,3.6479409599377046,3.6479409599377046,3.6479409599377046,3.6479409599377046,3.6479409599377046,3.6479409599377046,3.6479409599377046,3.6479409599377046,3.6479409599377046,3.6479409599377046,3.6479409599377046,3.6479409599377046,3.6479409599377046,3.6479409599377046,3.6479409599377046,3.6479409599377046,3.6479409599377046,3.6479409599377046,3.6479409599377046,3.6479409599377046,3.6479409599377046,3.6479409599377046,3.6479409599377046,3.6479409599377046,3.6479409599377046,3.6479409599377046,3.6479409599377046,3.6479409599377046,3.6479409599377046,3.6479409599377046,3.6479409599377046,3.6479409599377046,3.6479409599377046,3.6479409599377046,3.6479409599377046,3.6479409599377046,3.6479409599377046,3.6479409599377046,3.6479409599377046,3.6479409599377046,3.6479409599377046,3.6479409599377046,3.6479409599377046,3.6479409599377046,3.6479409599377046,3.6479409599377046,3.6479409599377046,3.6479409599377046,3.6479409599377046,3.6479409599377046,3.6479409599377046,3.6479409599377046,3.6479409599377046,3.6479409599377046,3.6479409599377046,3.6479409599377046,3.6479409599377046,3.6479409599377046,3.6479409599377046,3.6479409599377046,3.6479409599377046,3.6479409599377046,3.6479409599377046,3.6479409599377046,3.6479409599377046,3.6479409599377046,3.6479409599377046,3.6479409599377046,3.6479409599377046,3.6479409599377046,3.6479409599377046,3.6479409599377046,3.6479409599377046,3.6479409599377046,3.6479409599377046,3.6479409599377046,3.6479409599377046,3.6479409599377046,3.6479409599377046,3.6479409599377046,3.6479409599377046,3.6479409599377046,3.6479409599377046,3.6479409599377046,3.6479409599377046,2.652398868803861,2.652398868803861,2.652398868803861,2.652398868803861,2.652398868803861,2.652398868803861,2.652398868803861,2.652398868803861,2.652398868803861,2.652398868803861,2.652398868803861,2.652398868803861,2.652398868803861,2.652398868803861,2.652398868803861,2.652398868803861,2.652398868803861,2.652398868803861,2.652398868803861,2.652398868803861,2.652398868803861,2.652398868803861,2.652398868803861,2.652398868803861,2.652398868803861,2.652398868803861,2.652398868803861,2.652398868803861,2.652398868803861,2.652398868803861,2.652398868803861,2.652398868803861,2.652398868803861,2.652398868803861,2.652398868803861,2.652398868803861,2.652398868803861,2.652398868803861,2.652398868803861,2.652398868803861,2.652398868803861,2.652398868803861,2.652398868803861,2.652398868803861,2.652398868803861,2.652398868803861,2.652398868803861,2.652398868803861,2.652398868803861,2.652398868803861,2.652398868803861,2.652398868803861,2.652398868803861,2.652398868803861,2.652398868803861,2.652398868803861,2.652398868803861,2.652398868803861,2.652398868803861,2.652398868803861,2.652398868803861,2.652398868803861,2.652398868803861,2.652398868803861,2.652398868803861,2.652398868803861,2.652398868803861,2.652398868803861,2.652398868803861,2.652398868803861,2.652398868803861,2.652398868803861,2.652398868803861,2.652398868803861,2.652398868803861,2.652398868803861,2.652398868803861,2.652398868803861,2.652398868803861,2.652398868803861,2.652398868803861,2.652398868803861,2.652398868803861,2.652398868803861,2.652398868803861,2.652398868803861,2.652398868803861,2.652398868803861,2.652398868803861,2.652398868803861,2.652398868803861,2.652398868803861,2.652398868803861,2.652398868803861,2.652398868803861,2.652398868803861,2.652398868803861,2.652398868803861,2.652398868803861,2.652398868803861,2.652398868803861,2.652398868803861,2.652398868803861,2.652398868803861,2.652398868803861,2.652398868803861,2.652398868803861,2.652398868803861,2.652398868803861,2.652398868803861,2.652398868803861,2.652398868803861,2.652398868803861,2.652398868803861,2.652398868803861,2.652398868803861,2.652398868803861,2.652398868803861,2.652398868803861,2.652398868803861,2.652398868803861,2.652398868803861,2.652398868803861,2.652398868803861,2.652398868803861,2.652398868803861,2.652398868803861,2.652398868803861,2.652398868803861,2.652398868803861,2.652398868803861,2.652398868803861,2.652398868803861,2.652398868803861,2.652398868803861,2.652398868803861,2.652398868803861,2.652398868803861,2.652398868803861,2.652398868803861,2.652398868803861,2.652398868803861,2.652398868803861,2.652398868803861,2.652398868803861,2.652398868803861,2.652398868803861,2.652398868803861,2.652398868803861,2.652398868803861,2.652398868803861,2.652398868803861,2.652398868803861,2.652398868803861,2.652398868803861,2.652398868803861,2.652398868803861,2.652398868803861,2.652398868803861,2.652398868803861,2.652398868803861,2.652398868803861,2.652398868803861,2.652398868803861,2.652398868803861,2.652398868803861,2.652398868803861,2.652398868803861,2.652398868803861,2.652398868803861,2.652398868803861,2.652398868803861,2.652398868803861,2.652398868803861,2.652398868803861,2.652398868803861,2.652398868803861,2.652398868803861,2.652398868803861,2.652398868803861,2.652398868803861,2.652398868803861,2.652398868803861,2.652398868803861,2.652398868803861,2.652398868803861,2.652398868803861,2.652398868803861,2.652398868803861,2.652398868803861,2.652398868803861,2.652398868803861,2.652398868803861,2.652398868803861,2.652398868803861,2.652398868803861,2.652398868803861,2.652398868803861,2.652398868803861,2.652398868803861,2.652398868803861,2.652398868803861,2.652398868803861,2.652398868803861,2.652398868803861,2.652398868803861,2.652398868803861,2.652398868803861,2.652398868803861,2.652398868803861,2.652398868803861,2.652398868803861,2.652398868803861,2.652398868803861,2.652398868803861,2.652398868803861,2.652398868803861,2.652398868803861,2.652398868803861,2.652398868803861,2.652398868803861,2.652398868803861,2.652398868803861,2.652398868803861,2.652398868803861,2.652398868803861,2.652398868803861,2.652398868803861,2.652398868803861,2.652398868803861,2.652398868803861,2.652398868803861,2.652398868803861,2.652398868803861,2.652398868803861,2.652398868803861,2.652398868803861,2.652398868803861,2.652398868803861,2.652398868803861,2.652398868803861,2.652398868803861,2.652398868803861,2.652398868803861,2.652398868803861,2.652398868803861,2.652398868803861,2.652398868803861,2.652398868803861,2.652398868803861,2.652398868803861,2.652398868803861,2.652398868803861,2.652398868803861,2.652398868803861,2.652398868803861,2.652398868803861,2.652398868803861,2.652398868803861,2.652398868803861,2.652398868803861,2.652398868803861,2.652398868803861,2.652398868803861,2.652398868803861,2.652398868803861,2.652398868803861,2.652398868803861,2.652398868803861,2.652398868803861,2.652398868803861,2.652398868803861,2.652398868803861,2.652398868803861,2.652398868803861,2.652398868803861,2.652398868803861,2.652398868803861,2.652398868803861,2.652398868803861,2.652398868803861,2.652398868803861,2.652398868803861,2.652398868803861,2.652398868803861,2.652398868803861,2.652398868803861,2.652398868803861,2.652398868803861,2.652398868803861,2.652398868803861,2.652398868803861,2.652398868803861,2.652398868803861,2.652398868803861,2.652398868803861,2.652398868803861,2.652398868803861,2.652398868803861,2.652398868803861,2.652398868803861,2.652398868803861,2.652398868803861,2.652398868803861,2.652398868803861,2.652398868803861,2.652398868803861,2.652398868803861,2.652398868803861,2.652398868803861,2.652398868803861,2.652398868803861,2.652398868803861,2.652398868803861,2.652398868803861,2.652398868803861,2.652398868803861,2.652398868803861,2.652398868803861,2.652398868803861,2.652398868803861,2.652398868803861,2.652398868803861,2.652398868803861,2.652398868803861,2.652398868803861,2.652398868803861,2.652398868803861,2.652398868803861,2.652398868803861,2.652398868803861,2.652398868803861,2.652398868803861,2.652398868803861,2.652398868803861,2.652398868803861,2.652398868803861,2.652398868803861,2.652398868803861,2.652398868803861,2.652398868803861,2.652398868803861,2.652398868803861,2.652398868803861,2.652398868803861,2.652398868803861,2.652398868803861,2.652398868803861,2.652398868803861,2.652398868803861,2.652398868803861,2.652398868803861,2.652398868803861,2.652398868803861,2.652398868803861,2.652398868803861,2.652398868803861,2.652398868803861,2.652398868803861,2.652398868803861,2.652398868803861,2.652398868803861,2.652398868803861,2.652398868803861,2.652398868803861,2.652398868803861,2.652398868803861,2.652398868803861,2.652398868803861,2.652398868803861,2.652398868803861,2.652398868803861,2.652398868803861,2.652398868803861,2.652398868803861,2.652398868803861,2.652398868803861,2.652398868803861,2.652398868803861,2.652398868803861,2.652398868803861,2.652398868803861,2.652398868803861,2.652398868803861,2.652398868803861,2.652398868803861,2.652398868803861,2.652398868803861,2.652398868803861,2.652398868803861,2.652398868803861,2.652398868803861,2.652398868803861,2.652398868803861,2.652398868803861,2.652398868803861,2.652398868803861,2.652398868803861,2.652398868803861,2.652398868803861,2.652398868803861,2.652398868803861,2.652398868803861,2.652398868803861,2.652398868803861,2.652398868803861,2.652398868803861,2.652398868803861,2.652398868803861,2.652398868803861,2.652398868803861,2.652398868803861,2.652398868803861,2.652398868803861,2.652398868803861,2.652398868803861,2.652398868803861,2.652398868803861,2.652398868803861,2.652398868803861,2.652398868803861,2.652398868803861,2.652398868803861,2.652398868803861,2.652398868803861,2.652398868803861,2.652398868803861,2.652398868803861,2.652398868803861,2.652398868803861,2.652398868803861,2.652398868803861,2.652398868803861,2.652398868803861,2.652398868803861,2.652398868803861,2.652398868803861,2.652398868803861,2.652398868803861,2.652398868803861,2.652398868803861,2.652398868803861,2.652398868803861,2.652398868803861,2.652398868803861,2.652398868803861,2.652398868803861,2.652398868803861,2.652398868803861,2.652398868803861,2.652398868803861,2.652398868803861,2.652398868803861,2.652398868803861,2.652398868803861,2.652398868803861,2.652398868803861,2.652398868803861,2.652398868803861,2.652398868803861,2.652398868803861,2.652398868803861,2.652398868803861,2.652398868803861,2.652398868803861,2.652398868803861,2.652398868803861,2.652398868803861,2.652398868803861,2.652398868803861,2.652398868803861,2.652398868803861,2.652398868803861,2.652398868803861,2.652398868803861,2.652398868803861,2.652398868803861,2.652398868803861,2.652398868803861,2.652398868803861,2.652398868803861,2.652398868803861,2.652398868803861,2.652398868803861,2.652398868803861,2.652398868803861,2.652398868803861,2.652398868803861,2.652398868803861,2.652398868803861,2.652398868803861,2.652398868803861,2.652398868803861,2.652398868803861,2.652398868803861,2.652398868803861,2.652398868803861,2.652398868803861,2.652398868803861,2.652398868803861,2.652398868803861,2.652398868803861,2.652398868803861,2.652398868803861,2.652398868803861,2.652398868803861,2.652398868803861,2.652398868803861,2.652398868803861,2.652398868803861,2.652398868803861,2.652398868803861,2.652398868803861,2.652398868803861,2.652398868803861,2.652398868803861,2.652398868803861,2.652398868803861,2.652398868803861,2.652398868803861,2.652398868803861,2.652398868803861,2.652398868803861,2.652398868803861,2.652398868803861,2.652398868803861,2.652398868803861,2.652398868803861,2.652398868803861,2.652398868803861,2.652398868803861,2.652398868803861,2.652398868803861,2.652398868803861,2.652398868803861,2.652398868803861,2.652398868803861,2.652398868803861,2.652398868803861,2.652398868803861,2.652398868803861,2.652398868803861,2.652398868803861,2.652398868803861,2.652398868803861,2.652398868803861,2.652398868803861,2.652398868803861,2.652398868803861,2.652398868803861,2.652398868803861,2.652398868803861,2.652398868803861,2.652398868803861,2.652398868803861,2.652398868803861,2.652398868803861,2.652398868803861,2.652398868803861,2.652398868803861,2.652398868803861,2.652398868803861,2.652398868803861,2.652398868803861,2.652398868803861,2.652398868803861,2.652398868803861,2.652398868803861,2.652398868803861,2.652398868803861,2.652398868803861,2.652398868803861,2.652398868803861,2.652398868803861,2.652398868803861,2.652398868803861,2.652398868803861,2.652398868803861,2.652398868803861,2.652398868803861,2.652398868803861,2.652398868803861,2.652398868803861,2.652398868803861,2.652398868803861,2.652398868803861,2.652398868803861,2.652398868803861,2.652398868803861,2.652398868803861,2.652398868803861,9.682456252590836,9.682456252590836,9.682456252590836,9.682456252590836,9.682456252590836,9.682456252590836,9.682456252590836,9.682456252590836,9.682456252590836,9.682456252590836,9.682456252590836,9.682456252590836,9.682456252590836,9.682456252590836,9.682456252590836,9.682456252590836,9.682456252590836,9.682456252590836,9.682456252590836,9.682456252590836,9.682456252590836,9.682456252590836,9.682456252590836,9.682456252590836,8.978030830703759,8.978030830703759,8.978030830703759,8.766428342249133,8.766428342249133,8.766428342249133,8.766428342249133,8.766428342249133,8.766428342249133,8.766428342249133,8.766428342249133,8.766428342249133,8.766428342249133,8.766428342249133,8.766428342249133,8.766428342249133,8.766428342249133,8.766428342249133,8.766428342249133,8.766428342249133,8.766428342249133,8.766428342249133,8.766428342249133,8.766428342249133,8.766428342249133,8.766428342249133,8.766428342249133,8.532916874374248,8.532916874374248,8.532916874374248,8.532916874374248,8.532916874374248,8.532916874374248,8.532916874374248,8.532916874374248,8.532916874374248,8.532916874374248,8.532916874374248,8.532916874374248,8.532916874374248,8.532916874374248,8.532916874374248,8.532916874374248,8.532916874374248,8.532916874374248,8.532916874374248,8.532916874374248,8.532916874374248,8.532916874374248,8.532916874374248,8.532916874374248,8.532916874374248,8.532916874374248,8.532916874374248,8.532916874374248,8.532916874374248,8.532916874374248,8.532916874374248,8.532916874374248,8.532916874374248,8.532916874374248,8.532916874374248,8.532916874374248,8.532916874374248,8.532916874374248,8.532916874374248,8.532916874374248,8.532916874374248,8.532916874374248,8.532916874374248,8.532916874374248,8.532916874374248,8.532916874374248,8.532916874374248,8.532916874374248,8.532916874374248,8.532916874374248,8.532916874374248,8.532916874374248,8.532916874374248,8.532916874374248,8.532916874374248,8.532916874374248,8.532916874374248,8.532916874374248,8.532916874374248,8.532916874374248,8.532916874374248,8.532916874374248,8.532916874374248,8.532916874374248,8.532916874374248,8.532916874374248,8.532916874374248,8.532916874374248,8.532916874374248,8.532916874374248,8.532916874374248,8.532916874374248,8.532916874374248,8.532916874374248,8.532916874374248,8.532916874374248,8.532916874374248,8.532916874374248,8.532916874374248,8.532916874374248,8.532916874374248,8.532916874374248,8.532916874374248,8.532916874374248,8.532916874374248,8.532916874374248,8.532916874374248,8.532916874374248,8.532916874374248,8.532916874374248,8.532916874374248,8.532916874374248,8.532916874374248,8.532916874374248,8.532916874374248,8.532916874374248,8.532916874374248,8.532916874374248,8.532916874374248,8.532916874374248,8.532916874374248,8.532916874374248,8.532916874374248,8.532916874374248,8.149337497185835,7.182032520626783,7.169974233928761,7.169974233928761,7.169974233928761,7.09908208062746,7.09908208062746,7.09908208062746,7.09908208062746,7.09908208062746,7.09908208062746,7.09908208062746,7.09908208062746,7.09908208062746,7.09908208062746,7.015566764799896,7.015566764799896,7.015566764799896,7.015566764799896,7.015566764799896,7.015566764799896,7.015566764799896,7.015566764799896,7.015566764799896,7.015566764799896,7.015566764799896,7.015566764799896,7.015566764799896,7.015566764799896,7.015566764799896,7.011189836791106,6.977435928836805,6.977435928836805,6.977435928836805,6.977435928836805,6.977435928836805,6.894930406863584,6.894930406863584,6.728343113105651,6.5833992116044575,6.5833992116044575,6.5833992116044575,6.5833992116044575,6.5833992116044575,6.5833992116044575,6.5833992116044575,6.5833992116044575,6.5833992116044575,6.5833992116044575,6.5833992116044575,6.5833992116044575,6.5833992116044575,6.5833992116044575,6.5833992116044575,6.5833992116044575,6.5833992116044575,6.5833992116044575,6.5833992116044575,6.5833992116044575,6.5833992116044575,6.5833992116044575,6.5833992116044575,6.5833992116044575,6.5833992116044575,6.5833992116044575,6.5833992116044575,6.5833992116044575,6.5833992116044575,6.5833992116044575,6.5833992116044575,6.5833992116044575,6.5833992116044575,6.5833992116044575,6.5833992116044575,6.5833992116044575,6.5833992116044575,6.5833992116044575,6.5833992116044575,6.5833992116044575,6.5833992116044575,6.5833992116044575,6.5833992116044575,6.5833992116044575,6.5833992116044575,6.5833992116044575,6.5833992116044575,6.5833992116044575,6.5833992116044575,6.5833992116044575,6.5833992116044575,6.5833992116044575,6.5833992116044575,6.5833992116044575,6.5833992116044575,6.5833992116044575,6.5833992116044575,6.5833992116044575,6.5833992116044575,6.5833992116044575,6.5833992116044575,6.5833992116044575,6.5833992116044575,6.5833992116044575,6.5833992116044575,6.5833992116044575,6.5833992116044575,6.5833992116044575,6.5833992116044575,6.5833992116044575,6.5833992116044575,6.5833992116044575,6.5833992116044575,6.5833992116044575,6.5833992116044575,6.5833992116044575,6.5833992116044575,6.5833992116044575,6.5833992116044575,6.5833992116044575,6.5833992116044575,6.5833992116044575,6.5833992116044575,6.5833992116044575,6.5833992116044575,6.5833992116044575,6.5833992116044575,6.5833992116044575,6.5833992116044575,6.5833992116044575,6.5833992116044575,6.5833992116044575,6.5833992116044575,6.5833992116044575,6.5833992116044575,6.5833992116044575,6.5833992116044575,6.5833992116044575,6.5833992116044575,6.5833992116044575,6.5833992116044575,6.5833992116044575,6.5833992116044575,6.5833992116044575,6.5833992116044575,6.5833992116044575,6.5833992116044575,6.5833992116044575,6.5833992116044575,6.5833992116044575,6.5833992116044575,6.5833992116044575,6.5833992116044575,6.5833992116044575,6.5833992116044575,6.5833992116044575,6.5833992116044575,6.5833992116044575,6.5833992116044575,6.5833992116044575,6.5833992116044575,6.5833992116044575,6.5833992116044575,6.5833992116044575,6.5833992116044575,6.5833992116044575,6.5833992116044575,6.5833992116044575,6.5833992116044575,6.5833992116044575,6.5833992116044575,6.5833992116044575,6.5833992116044575,6.5833992116044575,6.5833992116044575,6.5833992116044575,6.5833992116044575,6.5833992116044575,6.5833992116044575,6.5833992116044575,6.5833992116044575,6.5833992116044575,6.5833992116044575,6.5833992116044575,6.5833992116044575,6.5833992116044575,6.5833992116044575,6.5833992116044575,6.5833992116044575,6.5833992116044575,6.5833992116044575,6.5833992116044575,6.5833992116044575,6.5833992116044575,6.5833992116044575,6.5833992116044575,6.5833992116044575,6.5833992116044575,6.5833992116044575,6.5833992116044575,6.5833992116044575,6.5833992116044575,6.5833992116044575,6.5833992116044575,6.5833992116044575,6.5833992116044575,6.5833992116044575,6.5833992116044575,6.5833992116044575,6.5833992116044575,6.5833992116044575,6.5833992116044575,6.5833992116044575,6.5833992116044575,6.5833992116044575,6.5833992116044575,6.5833992116044575,6.5833992116044575,6.5833992116044575,6.5833992116044575,6.5833992116044575,6.5833992116044575,6.5833992116044575,6.5833992116044575,6.5833992116044575,6.5833992116044575,6.5833992116044575,6.5833992116044575,6.5833992116044575,6.5833992116044575,6.5833992116044575,6.5833992116044575,6.5833992116044575,6.5833992116044575,6.5833992116044575,6.5833992116044575,6.5833992116044575,6.5833992116044575,6.5833992116044575,6.5833992116044575,6.5833992116044575,6.5833992116044575,6.5833992116044575,6.5833992116044575,6.5833992116044575,6.5833992116044575,6.5833992116044575,6.5833992116044575,6.5833992116044575,6.5833992116044575,6.5833992116044575,6.5833992116044575,6.5833992116044575,6.5833992116044575,6.5833992116044575,6.5833992116044575,6.5833992116044575,6.5833992116044575,6.5833992116044575,6.5833992116044575,6.5833992116044575,6.5833992116044575,6.5833992116044575,6.5833992116044575,6.5833992116044575,6.5833992116044575,6.5833992116044575,6.5833992116044575,6.5833992116044575,6.5833992116044575,6.5833992116044575,6.5833992116044575,6.5833992116044575,6.5833992116044575,6.5833992116044575,6.5833992116044575,6.5833992116044575,6.5833992116044575,6.5833992116044575,6.5833992116044575,6.5833992116044575,6.5833992116044575,6.5833992116044575,6.5833992116044575,6.5833992116044575,6.5833992116044575,6.5833992116044575,6.5833992116044575,6.5833992116044575,6.5833992116044575,6.5833992116044575,6.5833992116044575,6.5833992116044575,6.5833992116044575,6.5833992116044575,6.5833992116044575,6.5833992116044575,6.5833992116044575,6.5833992116044575,6.5833992116044575,6.5833992116044575,6.5833992116044575,6.5833992116044575,6.5833992116044575,6.5833992116044575,6.5833992116044575,6.5833992116044575,6.5833992116044575,6.5833992116044575,6.459076137720056,6.459076137720056,5.375776431575344,5.3543084223504,5.23268497871134,5.23268497871134,5.23268497871134,5.23268497871134,5.23268497871134,5.23268497871134,5.23268497871134,5.23268497871134,5.23268497871134,5.23268497871134,5.23268497871134,5.23268497871134,5.23268497871134,5.23268497871134,5.23268497871134,5.23268497871134,5.23268497871134,5.23268497871134,5.23268497871134,5.23268497871134,5.23268497871134,5.23268497871134,5.23268497871134,5.23268497871134,5.23268497871134,5.23268497871134,5.23268497871134,5.23268497871134,5.23268497871134,5.23268497871134,5.23268497871134,5.23268497871134,5.23268497871134,5.23268497871134,5.23268497871134,5.23268497871134,5.23268497871134,5.23268497871134,5.23268497871134,5.23268497871134,5.23268497871134,5.23268497871134,5.23268497871134,5.23268497871134,5.23268497871134,5.23268497871134,5.23268497871134,5.23268497871134,5.23268497871134,5.23268497871134,5.23268497871134,5.23268497871134,5.23268497871134,5.23268497871134,5.23268497871134,5.23268497871134,5.23268497871134,5.23268497871134,5.23268497871134,5.23268497871134,5.23268497871134,5.23268497871134,5.23268497871134,5.23268497871134,5.23268497871134,5.23268497871134,5.23268497871134,5.23268497871134,5.23268497871134,5.23268497871134,5.23268497871134,5.23268497871134,5.23268497871134,5.23268497871134,5.23268497871134,5.23268497871134,5.23268497871134,5.23268497871134,5.23268497871134,5.23268497871134,5.23268497871134,5.23268497871134,5.23268497871134,5.23268497871134,5.23268497871134,5.23268497871134,5.23268497871134,5.23268497871134,5.23268497871134,5.23268497871134,5.23268497871134,5.23268497871134,5.23268497871134,5.23268497871134,5.23268497871134,5.23268497871134,5.23268497871134,5.23268497871134,5.23268497871134,5.23268497871134,5.23268497871134,5.23268497871134,5.23268497871134,5.23268497871134,5.23268497871134,5.23268497871134,5.23268497871134,5.23268497871134,5.23268497871134,5.23268497871134,5.23268497871134,5.23268497871134,5.23268497871134,5.23268497871134,5.23268497871134,5.23268497871134,5.23268497871134,5.23268497871134,5.23268497871134,5.23268497871134,5.23268497871134,5.23268497871134,5.23268497871134,5.23268497871134,5.23268497871134,5.23268497871134,5.23268497871134,5.23268497871134,5.23268497871134,5.23268497871134,5.23268497871134,5.23268497871134,5.23268497871134,5.23268497871134,5.23268497871134,5.23268497871134,5.23268497871134,5.23268497871134,5.23268497871134,5.23268497871134,5.23268497871134,5.23268497871134,5.23268497871134,5.23268497871134,5.23268497871134,5.23268497871134,5.23268497871134,5.23268497871134,5.23268497871134,5.23268497871134,5.23268497871134,5.23268497871134,5.23268497871134,5.23268497871134,5.23268497871134,5.23268497871134,5.23268497871134,5.23268497871134,5.23268497871134,5.23268497871134,5.23268497871134,5.23268497871134,5.23268497871134,5.23268497871134,5.23268497871134,5.23268497871134,5.23268497871134,5.23268497871134,5.23268497871134,5.23268497871134,5.23268497871134,5.23268497871134,5.23268497871134,5.23268497871134,5.23268497871134,5.23268497871134,5.23268497871134,5.23268497871134,5.23268497871134,5.23268497871134,5.23268497871134,5.23268497871134,5.23268497871134,5.23268497871134,5.23268497871134,5.23268497871134,5.23268497871134,5.23268497871134,5.23268497871134,5.23268497871134,5.23268497871134,5.23268497871134,5.23268497871134,5.23268497871134,5.23268497871134,5.23268497871134,5.23268497871134,5.23268497871134,5.23268497871134,5.23268497871134,5.23268497871134,5.23268497871134,5.23268497871134,5.23268497871134,5.23268497871134,5.23268497871134,5.23268497871134,5.23268497871134,5.23268497871134,5.23268497871134,5.23268497871134,5.23268497871134,5.23268497871134,5.23268497871134,5.23268497871134,5.23268497871134,5.23268497871134,5.23268497871134,5.23268497871134,5.23268497871134,5.23268497871134,5.23268497871134,5.23268497871134,5.23268497871134,5.23268497871134,5.23268497871134,5.23268497871134,5.23268497871134,5.23268497871134,5.23268497871134,5.23268497871134,5.23268497871134,5.23268497871134,5.23268497871134,5.23268497871134,5.23268497871134,5.23268497871134,5.23268497871134,5.23268497871134,5.23268497871134,5.23268497871134,5.23268497871134,5.23268497871134,5.23268497871134,5.23268497871134,5.23268497871134,5.23268497871134,5.23268497871134,5.23268497871134,5.23268497871134,5.23268497871134,5.23268497871134,5.23268497871134,5.23268497871134,5.23268497871134,5.23268497871134,5.23268497871134,5.23268497871134,5.23268497871134,5.23268497871134,5.23268497871134,5.23268497871134,5.23268497871134,5.23268497871134,5.23268497871134,5.23268497871134,5.23268497871134,5.23268497871134,5.23268497871134,5.23268497871134,5.23268497871134,5.23268497871134,5.23268497871134,5.23268497871134,5.23268497871134,5.23268497871134,5.23268497871134,5.23268497871134,5.23268497871134,5.23268497871134,5.23268497871134,5.23268497871134,5.23268497871134,5.23268497871134,5.23268497871134,5.23268497871134,5.23268497871134,5.23268497871134,5.23268497871134,5.23268497871134,5.23268497871134,5.23268497871134,5.23268497871134,5.23268497871134,5.23268497871134,5.23268497871134,5.23268497871134,5.23268497871134,5.23268497871134,5.23268497871134,5.23268497871134,5.23268497871134,5.23268497871134,5.23268497871134,5.23268497871134,5.23268497871134,5.23268497871134,5.23268497871134,5.23268497871134,5.23268497871134,5.23268497871134,5.23268497871134,5.23268497871134,5.23268497871134,5.23268497871134,5.23268497871134,5.23268497871134,5.23268497871134,5.23268497871134,5.23268497871134,5.23268497871134,5.23268497871134,5.23268497871134,5.23268497871134,5.23268497871134,5.23268497871134,5.23268497871134,5.23268497871134,5.23268497871134,5.23268497871134,5.23268497871134,5.23268497871134,5.23268497871134,5.23268497871134,5.23268497871134,5.23268497871134,5.23268497871134,5.23268497871134,5.23268497871134,5.23268497871134,5.23268497871134,5.23268497871134,5.23268497871134,5.23268497871134,5.23268497871134,5.23268497871134,5.23268497871134,5.23268497871134,5.23268497871134,5.23268497871134,5.23268497871134,5.23268497871134,5.23268497871134,5.23268497871134,5.23268497871134,5.23268497871134,5.23268497871134,5.23268497871134,5.23268497871134,5.23268497871134,5.23268497871134,5.23268497871134,5.23268497871134,5.23268497871134,5.23268497871134,5.23268497871134,5.23268497871134,5.23268497871134,5.23268497871134,5.23268497871134,5.23268497871134,5.23268497871134,5.23268497871134,5.23268497871134,5.23268497871134,5.23268497871134,5.23268497871134,5.23268497871134,5.23268497871134,5.23268497871134,5.23268497871134,5.23268497871134,5.23268497871134,5.23268497871134,5.23268497871134,5.23268497871134,5.23268497871134,5.23268497871134,5.23268497871134,5.23268497871134,5.23268497871134,5.23268497871134,5.23268497871134,5.23268497871134,5.23268497871134,5.23268497871134,5.23268497871134,5.23268497871134,5.23268497871134,5.23268497871134,5.23268497871134,5.23268497871134,5.23268497871134,5.23268497871134,5.23268497871134,5.23268497871134,5.23268497871134,5.23268497871134,5.23268497871134,5.23268497871134,5.23268497871134,5.23268497871134,5.23268497871134,5.23268497871134,5.23268497871134,5.23268497871134,5.23268497871134,5.23268497871134,5.23268497871134,5.23268497871134,5.23268497871134,5.23268497871134,5.23268497871134,5.23268497871134,5.23268497871134,5.23268497871134,5.23268497871134,5.23268497871134,5.23268497871134,5.23268497871134,5.23268497871134,5.23268497871134,5.23268497871134,5.23268497871134,5.23268497871134,5.23268497871134,5.23268497871134,5.23268497871134,5.23268497871134,5.23268497871134,5.23268497871134,5.23268497871134,5.23268497871134,5.23268497871134,5.23268497871134,5.23268497871134,5.23268497871134,5.23268497871134,5.23268497871134,5.23268497871134,5.23268497871134,5.23268497871134,5.23268497871134,5.23268497871134,5.23268497871134,5.23268497871134,5.23268497871134,5.23268497871134,5.23268497871134,5.23268497871134,5.23268497871134,5.23268497871134,5.23268497871134,5.23268497871134,5.23268497871134,5.23268497871134,5.23268497871134,5.23268497871134,5.23268497871134,5.23268497871134,5.23268497871134,5.23268497871134,5.23268497871134,5.23268497871134,5.23268497871134,5.23268497871134,5.23268497871134,5.23268497871134,5.23268497871134,5.23268497871134,5.23268497871134,5.23268497871134,5.23268497871134,5.23268497871134,5.23268497871134,5.23268497871134,5.23268497871134,5.23268497871134,5.23268497871134,5.23268497871134,5.23268497871134,5.23268497871134,5.23268497871134,5.23268497871134,5.23268497871134,5.23268497871134,5.23268497871134,5.23268497871134,5.23268497871134,5.23268497871134,5.23268497871134,5.23268497871134,5.23268497871134,5.23268497871134,5.23268497871134,5.23268497871134,5.23268497871134,5.23268497871134,5.23268497871134,5.23268497871134,5.23268497871134,5.23268497871134,5.23268497871134,5.23268497871134,5.23268497871134,5.23268497871134,5.23268497871134,5.23268497871134,5.23268497871134,5.23268497871134,5.23268497871134,5.23268497871134,5.23268497871134,5.23268497871134,5.23268497871134,5.23268497871134,5.23268497871134,5.23268497871134,5.23268497871134,5.23268497871134,5.23268497871134,5.23268497871134,5.23268497871134,7.019309003163764,6.876851571109349,6.876851571109349,6.57503840533765,6.57503840533765,6.57503840533765,6.570791189571309,6.570791189571309,6.491280625849372,6.491280625849372,6.491280625849372,6.491280625849372,6.257626505522086,6.257626505522086,6.257626505522086,6.257626505522086,6.257626505522086,6.257626505522086,6.257626505522086,6.257626505522086,6.257626505522086,6.257626505522086,6.257626505522086,6.257626505522086,6.257626505522086,6.257626505522086,6.257626505522086,6.257626505522086,6.257626505522086,6.257626505522086,6.257626505522086,6.257626505522086,6.257626505522086,6.257626505522086,6.257626505522086,6.257626505522086,6.257626505522086,6.257626505522086,6.257626505522086,6.257626505522086,6.257626505522086,6.257626505522086,6.257626505522086,6.257626505522086,6.257626505522086,6.257626505522086,6.165218834120917,6.165218834120917,5.980255815476346,5.980255815476346,5.980255815476346,5.980255815476346,5.980255815476346,5.980255815476346,5.980255815476346,5.980255815476346,5.980255815476346,5.980255815476346,5.980255815476346,5.980255815476346,5.980255815476346,5.980255815476346,5.980255815476346,5.980255815476346,5.87813153267242,5.87813153267242,5.87813153267242,5.87813153267242,5.87813153267242,5.87813153267242,5.87813153267242,5.87813153267242,5.87813153267242,5.87813153267242,5.87813153267242,5.87813153267242,5.87813153267242,5.87813153267242,5.87813153267242,5.87813153267242,5.87813153267242,5.87813153267242,5.87813153267242,5.87813153267242,5.87813153267242,5.87813153267242,5.87813153267242,5.87813153267242,5.87813153267242,5.87813153267242,5.87813153267242,5.87813153267242,5.87813153267242,5.87813153267242,5.87813153267242,5.87813153267242,5.87813153267242,5.87813153267242,5.87813153267242,5.87813153267242,5.87813153267242,5.87813153267242,5.87813153267242,5.87813153267242,5.87813153267242,5.87813153267242,5.87813153267242,5.87813153267242,5.87813153267242,5.87813153267242,5.87813153267242,5.87813153267242,5.87813153267242,5.87813153267242,5.87813153267242,5.87813153267242,5.87813153267242,5.87813153267242,5.87813153267242,5.87813153267242,5.87813153267242,5.87813153267242,5.87813153267242,5.87813153267242,5.87813153267242,5.87813153267242,5.87813153267242,5.87813153267242,5.87813153267242,5.87813153267242,5.87813153267242,5.87813153267242,5.87813153267242,5.87813153267242,5.87813153267242,5.87813153267242,5.87813153267242,5.87813153267242,5.87813153267242,5.87813153267242,5.87813153267242,5.87813153267242,5.87813153267242,5.87813153267242,5.87813153267242,5.87813153267242,5.87813153267242,5.87813153267242,5.87813153267242,5.87813153267242,5.87813153267242,5.87813153267242,5.87813153267242,5.87813153267242,5.87813153267242,5.87813153267242,5.87813153267242,5.87813153267242,5.87813153267242,5.87813153267242,5.87813153267242,5.87813153267242,5.87813153267242,5.87813153267242,5.87813153267242,5.87813153267242,5.87813153267242,5.87813153267242,5.87813153267242,5.87813153267242,5.87813153267242,5.87813153267242,5.87813153267242,5.87813153267242,5.87813153267242,5.87813153267242,5.87813153267242,5.87813153267242,5.87813153267242,5.87813153267242,5.87813153267242,5.87813153267242,5.87813153267242,5.87813153267242,5.70656011721575,5.273430018289437,4.916737763393477,4.916737763393477,4.916737763393477,4.916737763393477,4.858276119722749,4.83885955171183,4.83885955171183,4.83885955171183,4.83885955171183,4.83885955171183,4.83885955171183,4.83885955171183,4.83885955171183,4.83885955171183,4.83885955171183,4.83885955171183,4.83885955171183,4.838859551711829,4.838859551711829,4.838859551711829,4.838859551711829,4.838859551711829,4.838859551711829,4.838859551711829,4.838859551711829,4.838859551711829,4.838859551711829,4.838859551711829,4.838859551711829,4.838859551711829,4.838859551711829,4.838859551711829,4.838859551711829,4.838859551711829,4.838859551711829,4.838859551711829,4.838859551711829,4.838859551711829,4.838859551711829,4.838859551711829,4.838859551711829,4.838859551711829,4.838859551711829,4.838859551711829,4.838859551711829,4.838859551711829,4.838859551711829,4.838859551711829,4.838859551711829,4.838859551711829,4.838859551711829,4.838859551711829,4.838859551711829,4.838859551711829,4.838859551711829,4.838859551711829,4.838859551711829,4.838859551711829,4.838859551711829,4.838859551711829,4.838859551711829,4.838859551711829,4.838859551711829,4.838859551711829,4.838859551711829,4.838859551711829,4.838859551711829,4.838859551711829,4.838859551711829,4.838859551711829,4.838859551711829,4.838859551711829,4.838859551711829,4.838859551711829,4.838859551711829,4.838859551711829,4.838859551711829,4.838859551711829,4.838859551711829,4.838859551711829,4.838859551711829,4.838859551711829,4.838859551711829,4.838859551711829,4.838859551711829,4.838859551711829,4.838859551711829,4.838859551711829,4.838859551711829,4.838859551711829,4.838859551711829,4.838859551711829,4.838859551711829,4.838859551711829,4.838859551711829,4.838859551711829,4.838859551711829,4.838859551711829,4.838859551711829,4.838859551711829,4.838859551711829,4.838859551711829,4.838859551711829,4.838859551711829,4.838859551711829,4.838859551711829,4.838859551711829,4.838859551711829,4.838859551711829,4.838859551711829,4.838859551711829,4.838859551711829,4.838859551711829,4.838859551711829,4.838859551711829,4.838859551711829,4.838859551711829,4.838859551711829,4.838859551711829,4.838859551711829,4.838859551711829,4.838859551711829,4.838859551711829,4.838859551711829,4.838859551711829,4.838859551711829,4.838859551711829,4.838859551711829,4.838859551711829,4.838859551711829,4.838859551711829,4.838859551711829,4.838859551711829,4.838859551711829,4.838859551711829,4.838859551711829,4.838859551711829,4.838859551711829,4.838859551711829,4.838859551711829,4.838859551711829,4.838859551711829,4.838859551711829,4.838859551711829,4.838859551711829,4.838859551711829,4.838859551711829,4.838859551711829,4.838859551711829,4.838859551711829,4.838859551711829,4.838859551711829,4.838859551711829,4.838859551711829,4.838859551711829,4.838859551711829,4.838859551711829,4.838859551711829,4.838859551711829,4.838859551711829,4.838859551711829,4.838859551711829,4.838859551711829,4.838859551711829,4.838859551711829,4.838859551711829,4.838859551711829,4.838859551711829,4.838859551711829,4.838859551711829,4.838859551711829,4.838859551711829,4.838859551711829,4.838859551711829,4.838859551711829,4.838859551711829,4.838859551711829,4.838859551711829,4.838859551711829,4.838859551711829,4.838859551711829,4.838859551711829,4.838859551711829,4.838859551711829,4.838859551711829,4.838859551711829,4.838859551711829,4.838859551711829,4.838859551711829,4.838859551711829,4.838859551711829,4.838859551711829,4.838859551711829,4.838859551711829,4.838859551711829,4.838859551711829,4.838859551711829,4.838859551711829,4.838859551711829,4.838859551711829,4.838859551711829,4.838859551711829,4.838859551711829,4.838859551711829,4.838859551711829,4.838859551711829,4.838859551711829,4.838859551711829,4.838859551711829,4.838859551711829,4.838859551711829,4.838859551711829,4.838859551711829,4.838859551711829,4.838859551711829,4.838859551711829,4.838859551711829,4.838859551711829,4.838859551711829,4.838859551711829,4.838859551711829,4.838859551711829,4.838859551711829,4.838859551711829,4.838859551711829,4.838859551711829,4.838859551711829,4.838859551711829,4.838859551711829,4.838859551711829,4.838859551711829,4.838859551711829,4.838859551711829,4.838859551711829,4.838859551711829,4.838859551711829,4.838859551711829,4.838859551711829,4.838859551711829,4.838859551711829,4.838859551711829,4.838859551711829,4.838859551711829,4.838859551711829,4.838859551711829,4.838859551711829,4.838859551711829,4.838859551711829,4.838859551711829,4.838859551711829,4.838859551711829,4.838859551711829,4.838859551711829,4.838859551711829,4.838859551711829,4.838859551711829,4.838859551711829,4.838859551711829,4.838859551711829,4.838859551711829,4.838859551711829,4.838859551711829,4.838859551711829,4.838859551711829,4.838859551711829,4.838859551711829,4.838859551711829,4.838859551711829,4.838859551711829,4.838859551711829,4.838859551711829,4.838859551711829,4.838859551711829,4.838859551711829,4.838859551711829,4.838859551711829,4.838859551711829,4.838859551711829,4.838859551711829,4.838859551711829,4.838859551711829,4.838859551711829,4.838859551711829,4.838859551711829,4.838859551711829,4.838859551711829,4.838859551711829,4.838859551711829,4.838859551711829,4.838859551711829,4.838859551711829,4.838859551711829,4.838859551711829,4.838859551711829,4.838859551711829,4.838859551711829,4.838859551711829,4.838859551711829,4.838859551711829,4.838859551711829,4.838859551711829,4.838859551711829,4.838859551711829,4.838859551711829,4.838859551711829,4.838859551711829,4.838859551711829,4.838859551711829,4.838859551711829,4.838859551711829,4.838859551711829,4.838859551711829,4.838859551711829,4.838859551711829,4.838859551711829,4.7818367664409465,4.7818367664409465,4.7818367664409465,4.7818367664409465,4.7818367664409465,4.7818367664409465,4.7818367664409465,4.299482621044627,4.299482621044627,4.299482621044627,4.094517217653182,4.094517217653182,4.094517217653182,4.094517217653182,4.094517217653182,4.094517217653182,4.094517217653182,4.094517217653182,4.094517217653182,4.094517217653182,4.094517217653182,4.094517217653182,4.094517217653182,4.094517217653182,4.094517217653182,4.094517217653182,4.094517217653182,4.094517217653182,4.094517217653182,4.094517217653182,4.094517217653182,4.094517217653182,4.094517217653182,4.094517217653182,4.094517217653182,4.094517217653182,4.094517217653182,4.094517217653182,4.094517217653182,4.094517217653182,4.094517217653182,4.094517217653182,4.094517217653182,4.094517217653182,4.094517217653182,4.094517217653182,4.094517217653182,4.094517217653182,4.094517217653182,4.094517217653182,4.094517217653182,4.094517217653182,4.094517217653182,4.094517217653182,4.094517217653182,4.094517217653182,4.094517217653182,4.094517217653182,4.094517217653182,4.094517217653182,4.094517217653182,4.094517217653182,4.094517217653182,4.094517217653182,4.094517217653182,4.094517217653182,4.094517217653182,4.094517217653182,4.094517217653182,4.094517217653182,4.094517217653182,4.094517217653182,4.094517217653182,4.094517217653182,4.094517217653182,4.094517217653182,4.094517217653182,4.094517217653182,4.094517217653182,4.094517217653182,4.094517217653182,4.094517217653182,4.094517217653182,4.094517217653182,4.094517217653182,4.094517217653182,4.094517217653182,4.094517217653182,4.094517217653182,4.094517217653182,4.094517217653182,4.094517217653182,4.094517217653182,4.094517217653182,4.094517217653182,4.094517217653182,4.094517217653182,4.094517217653182,4.094517217653182,4.094517217653182,4.094517217653182,4.094517217653182,4.094517217653182,4.094517217653182,4.094517217653182,4.094517217653182,4.094517217653182,4.094517217653182,4.094517217653182,4.094517217653182,4.094517217653182,4.094517217653182,4.094517217653182,4.094517217653182,4.094517217653182,4.094517217653182,4.094517217653182,4.094517217653182,4.094517217653182,4.094517217653182,4.094517217653182,4.094517217653182,4.094517217653182,4.094517217653182,4.094517217653182,4.094517217653182,4.094517217653182,4.094517217653182,4.094517217653182,4.094517217653182,4.094517217653182,4.094517217653182,4.094517217653182,4.094517217653182,4.094517217653182,4.094517217653182,4.094517217653182,4.094517217653182,4.094517217653182,4.094517217653182,4.094517217653182,4.094517217653182,4.094517217653182,4.094517217653182,4.094517217653182,4.094517217653182,4.094517217653182,4.094517217653182,4.094517217653182,4.094517217653182,4.094517217653182,4.094517217653182,4.094517217653182,4.094517217653182,4.094517217653182,4.094517217653182,4.094517217653182,4.094517217653182,4.094517217653182,4.094517217653182,4.094517217653182,4.094517217653182,4.094517217653182,4.094517217653182,4.094517217653182,4.094517217653182,4.094517217653182,4.094517217653182,4.094517217653182,4.094517217653182,4.094517217653182,4.094517217653182,4.094517217653182,4.094517217653182,4.094517217653182,4.094517217653182,4.094517217653182,4.094517217653182,4.094517217653182,4.094517217653182,4.094517217653182,4.094517217653182,4.094517217653182,4.094517217653182,4.094517217653182,4.094517217653182,4.094517217653182,4.094517217653182,4.094517217653182,4.094517217653182,4.094517217653182,4.094517217653182,4.094517217653182,4.094517217653182,4.094517217653182,4.094517217653182,4.094517217653182,4.094517217653182,4.094517217653182,4.094517217653182,4.094517217653182,4.094517217653182,4.094517217653182,4.094517217653182,4.094517217653182,4.094517217653182,4.094517217653182,4.094517217653182,4.094517217653182,4.094517217653182,4.094517217653182,4.094517217653182,4.094517217653182,4.094517217653182,4.094517217653182,4.094517217653182,4.094517217653182,4.094517217653182,4.094517217653182,4.094517217653182,4.094517217653182,4.094517217653182,4.094517217653182,4.094517217653182,4.094517217653182,4.094517217653182,4.094517217653182,4.094517217653182,4.094517217653182,4.094517217653182,4.094517217653182,4.094517217653182,4.094517217653182,4.094517217653182,4.094517217653182,4.094517217653182,4.094517217653182,4.094517217653182,4.094517217653182,4.094517217653182,4.094517217653182,4.094517217653182,4.094517217653182,4.094517217653182,4.094517217653182,4.094517217653182,4.094517217653182,4.094517217653182,4.094517217653182,4.094517217653182,4.094517217653182,4.094517217653182,4.094517217653182,4.094517217653182,4.094517217653182,4.094517217653182,4.094517217653182,4.094517217653182,4.094517217653182,4.094517217653182,4.094517217653182,4.094517217653182,4.094517217653182,4.094517217653182,4.094517217653182,4.094517217653182,4.094517217653182,4.094517217653182,4.094517217653182,4.094517217653182,4.094517217653182,4.094517217653182,4.094517217653182,4.094517217653182,4.094517217653182,4.094517217653182,4.094517217653182,4.094517217653182,4.094517217653182,4.094517217653182,4.094517217653182,4.094517217653182,4.094517217653182,4.094517217653182,4.094517217653182,4.094517217653182,4.094517217653182,4.094517217653182,4.094517217653182,4.094517217653182,4.094517217653182,4.094517217653182,4.094517217653182,4.094517217653182,4.094517217653182,4.094517217653182,4.094517217653182,4.094517217653182,4.094517217653182,4.094517217653182,4.094517217653182,4.094517217653182,4.094517217653182,4.094517217653182,4.094517217653182,4.094517217653182,4.094517217653182,4.094517217653182,4.094517217653182,4.094517217653182,4.094517217653182,4.094517217653182,4.094517217653182,4.094517217653182,4.094517217653182,4.094517217653182,4.094517217653182,4.094517217653182,4.094517217653182,4.094517217653182,4.094517217653182,4.094517217653182,4.094517217653182,4.094517217653182,4.094517217653182,4.094517217653182,4.094517217653182,4.094517217653182,4.094517217653182,4.094517217653182,4.094517217653182,4.094517217653182,4.094517217653182,4.094517217653182,4.094517217653182,4.094517217653182,4.094517217653182,4.094517217653182,4.094517217653182,4.094517217653182,4.094517217653182,4.094517217653182,4.094517217653182,4.094517217653182,4.094517217653182,4.094517217653182,4.094517217653182,4.094517217653182,4.094517217653182,4.094517217653182,4.094517217653182,4.094517217653182,4.094517217653182,4.094517217653182,4.094517217653182,4.094517217653182,4.094517217653182,4.094517217653182,4.094517217653182,4.094517217653182,4.094517217653182,4.094517217653182,4.094517217653182,4.094517217653182,4.094517217653182,4.094517217653182,4.094517217653182,4.094517217653182,4.094517217653182,4.094517217653182,4.094517217653182,4.094517217653182,4.094517217653182,4.094517217653182,4.094517217653182,4.094517217653182,4.094517217653182,4.094517217653182,4.094517217653182,4.094517217653182,4.094517217653182,4.094517217653182,4.094517217653182,4.094517217653182,4.094517217653182,4.094517217653182,4.094517217653182,4.094517217653182,4.094517217653182,4.094517217653182,4.094517217653182,4.094517217653182,4.094517217653182,4.094517217653182,4.094517217653182,4.094517217653182,4.094517217653182,4.094517217653182,4.094517217653182,4.094517217653182,4.094517217653182,4.094517217653182,4.094517217653182,4.094517217653182,4.094517217653182,4.094517217653182,4.094517217653182,4.094517217653182,4.094517217653182,4.094517217653182,4.094517217653182,4.094517217653182,4.094517217653182,4.094517217653182,4.094517217653182,4.094517217653182,4.094517217653182,4.094517217653182,4.094517217653182,4.094517217653182,4.094517217653182,4.094517217653182,4.094517217653182,4.094517217653182,4.094517217653182,4.094517217653182,4.094517217653182,4.094517217653182,4.094517217653182,4.094517217653182,4.094517217653182,4.094517217653182,4.094517217653182,4.094517217653182,4.094517217653182,4.094517217653182,4.094517217653182,4.094517217653182,4.094517217653182,4.094517217653182,4.094517217653182,4.094517217653182,4.094517217653182,4.094517217653182,4.094517217653182,4.094517217653182,4.094517217653182,4.094517217653182,4.094517217653182,4.094517217653182,4.094517217653182,4.094517217653182,4.094517217653182,4.094517217653182,4.094517217653182,4.094517217653182,4.094517217653182,4.094517217653182,4.094517217653182,4.094517217653182,4.094517217653182,4.094517217653182,4.094517217653182,4.094517217653182,4.094517217653182,4.094517217653182,4.094517217653182,4.094517217653182,4.094517217653182,4.094517217653182,4.094517217653182,4.094517217653182,4.094517217653182,4.094517217653182,4.094517217653182,4.094517217653182,4.094517217653182,4.094517217653182,4.094517217653182,4.094517217653182,4.094517217653182,4.094517217653182,4.094517217653182,4.094517217653182,4.094517217653182,4.094517217653182,4.094517217653182,4.094517217653182,4.094517217653182,4.094517217653182,4.094517217653182,4.094517217653182,4.094517217653182,4.094517217653182,4.094517217653182,4.094517217653182,4.094517217653182,4.094517217653182,4.094517217653182,7.2048245241591875,7.2048245241591875,7.2048245241591875,7.2048245241591875,7.2048245241591875,7.2048245241591875,7.2048245241591875,7.2048245241591875,7.2048245241591875,7.2048245241591875,7.2048245241591875,7.2048245241591875,7.2048245241591875,7.2048245241591875,7.2048245241591875,7.2048245241591875,7.2048245241591875,7.2048245241591875,6.792684275721754,6.792684275721754,6.792684275721754,6.792684275721754,6.792684275721754,6.792684275721754,6.792684275721754,6.792684275721754,6.792684275721754,6.792684275721754,6.792684275721754,6.792684275721754,6.792684275721754,6.792684275721754,6.792684275721754,6.792684275721754,6.792684275721754,6.792684275721754,6.792684275721754,6.792684275721754,6.792684275721754,6.792684275721754,6.792684275721754,6.7606255721077755,6.7606255721077755,6.7606255721077755,6.7606255721077755,6.7606255721077755,6.7606255721077755,6.7606255721077755,6.7606255721077755,6.7606255721077755,6.7606255721077755,6.7606255721077755,6.7606255721077755,6.7606255721077755,6.7606255721077755,6.7606255721077755,6.7606255721077755,6.7606255721077755,6.7606255721077755,6.7606255721077755,6.7606255721077755,6.7606255721077755,6.7606255721077755,6.7606255721077755,6.7606255721077755,6.7606255721077755,6.7606255721077755,6.7606255721077755,6.7606255721077755,6.7606255721077755,6.7606255721077755,6.7606255721077755,6.7606255721077755,6.7606255721077755,6.7606255721077755,6.7606255721077755,6.7606255721077755,6.7606255721077755,6.7606255721077755,6.7606255721077755,6.7606255721077755,6.7606255721077755,6.7606255721077755,6.7606255721077755,6.7606255721077755,6.7606255721077755,6.7606255721077755,6.7606255721077755,6.7606255721077755,6.7606255721077755,6.7606255721077755,6.7606255721077755,6.7606255721077755,6.7606255721077755,6.7606255721077755,6.7606255721077755,6.7606255721077755,6.7606255721077755,6.7606255721077755,6.7606255721077755,6.7606255721077755,6.7606255721077755,6.7606255721077755,6.7606255721077755,6.7606255721077755,6.7606255721077755,6.7606255721077755,6.7606255721077755,6.7606255721077755,6.7606255721077755,6.7606255721077755,6.7606255721077755,6.7606255721077755,6.7606255721077755,6.7606255721077755,6.7606255721077755,6.7606255721077755,6.7606255721077755,6.7606255721077755,6.7606255721077755,6.7606255721077755,6.7606255721077755,6.7606255721077755,6.7606255721077755,6.7606255721077755,6.7606255721077755,6.7606255721077755,6.7606255721077755,6.7606255721077755,6.7606255721077755,6.7606255721077755,6.7606255721077755,6.7606255721077755,6.7606255721077755,6.7606255721077755,6.7606255721077755,6.7606255721077755,6.7606255721077755,6.7606255721077755,6.7606255721077755,6.7606255721077755,6.7606255721077755,6.7606255721077755,6.7606255721077755,6.7606255721077755,6.7606255721077755,6.7606255721077755,6.7606255721077755,6.7606255721077755,6.7606255721077755,6.7606255721077755,6.7606255721077755,6.7606255721077755,6.7606255721077755,6.7606255721077755,6.7606255721077755,6.7606255721077755,6.7606255721077755,6.7606255721077755,6.7606255721077755,6.7606255721077755,6.7606255721077755,6.625634898208732,6.505501900837073,6.505501900837073,6.505501900837073,6.505501900837073,6.467806260770006,6.467806260770006,6.467806260770006,6.467806260770006,6.467806260770006,6.467806260770006,6.467806260770006,6.467806260770006,6.467806260770006,6.467806260770006,6.467806260770006,6.467806260770006,6.467806260770006,6.467806260770006,6.467806260770006,6.467806260770006,6.467806260770006,6.467806260770006,6.467806260770006,6.467806260770006,6.467806260770006,6.467806260770006,6.467806260770006,6.467806260770006,6.467806260770006,6.467806260770006,6.467806260770006,6.467806260770006,6.467806260770006,6.467806260770006,6.467806260770006,6.467806260770006,6.467806260770006,6.467806260770006,6.467806260770006,6.467806260770006,6.467806260770006,6.467806260770006,6.467806260770006,6.467806260770006,6.467806260770006,6.467806260770006,6.467806260770006,6.467806260770006,6.467806260770006,6.467806260770006,6.467806260770006,6.467806260770006,6.467806260770006,6.467806260770006,6.467806260770006,6.467806260770006,6.467806260770006,6.467806260770006,6.467806260770006,6.467806260770006,6.467806260770006,6.467806260770006,6.467806260770006,6.467806260770006,6.467806260770006,6.467806260770006,6.467806260770006,6.467806260770006,6.467806260770006,6.467806260770006,6.467806260770006,6.467806260770006,5.447794468929625,5.447794468929625,5.447794468929625,5.447794468929625,5.439627948891756,5.439627948891756,5.439627948891756,5.439627948891756,5.439627948891756,5.439627948891756,5.439627948891756,5.439627948891756,5.009824951053063,5.009824951053063,5.009824951053063,5.009824951053063,5.009824951053063,5.009824951053063,5.009824951053063,5.009824951053063,5.009824951053063,5.009824951053063,5.009824951053063,5.009824951053063,5.009824951053063,5.009824951053063,5.009824951053063,5.009824951053063,5.009824951053063,5.009824951053063,5.009824951053063,5.009824951053063,5.009824951053063,5.009824951053063,5.009824951053063,5.009824951053063,5.009824951053063,5.009824951053063,5.009824951053063,5.009824951053063,5.009824951053063,5.009824951053063,5.009824951053063,5.009824951053063,5.009824951053063,5.009824951053063,5.009824951053063,5.009824951053063,5.009824951053063,5.009824951053063,5.002541652490503,5.002541652490503,5.002541652490503,5.002541652490503,5.002541652490503,5.002541652490503,5.002541652490503,5.002541652490503,5.002541652490503,5.002541652490503,5.002541652490503,5.002541652490503,5.002541652490503,5.002541652490503,5.002541652490503,5.002541652490503,5.002541652490503,5.002541652490503,5.002541652490503,5.002541652490503,5.002541652490503,5.002541652490503,5.002541652490503,5.002541652490503,5.002541652490503,5.002541652490503,5.002541652490503,5.002541652490503,5.002541652490503,5.002541652490503,5.002541652490503,5.002541652490503,5.002541652490503,5.002541652490503,5.002541652490503,5.002541652490503,5.002541652490503,5.002541652490503,5.002541652490503,5.002541652490503,5.002541652490503,5.002541652490503,5.002541652490503,5.002541652490503,5.002541652490503,5.002541652490503,5.002541652490503,5.002541652490503,5.002541652490503,5.002541652490503,5.002541652490503,5.002541652490503,5.002541652490503,5.002541652490503,5.002541652490503,5.002541652490503,5.002541652490503,5.002541652490503,5.002541652490503,5.002541652490503,5.002541652490503,5.002541652490503,5.002541652490503,5.002541652490503,5.002541652490503,5.002541652490503,5.002541652490503,5.002541652490503,5.002541652490503,5.002541652490503,5.002541652490503,5.002541652490503,5.002541652490503,5.002541652490503,5.002541652490503,5.002541652490503,5.002541652490503,5.002541652490503,5.002541652490503,5.002541652490503,5.002541652490503,5.002541652490503,5.002541652490503,5.002541652490503,5.002541652490503,5.002541652490503,5.002541652490503,5.002541652490503,5.002541652490503,5.002541652490503,5.002541652490503,5.002541652490503,5.002541652490503,5.002541652490503,5.002541652490503,5.002541652490503,5.002541652490503,5.002541652490503,5.002541652490503,5.002541652490503,5.002541652490503,5.002541652490503,5.002541652490503,5.002541652490503,5.002541652490503,5.002541652490503,5.002541652490503,5.002541652490503,5.002541652490503,5.002541652490503,5.002541652490503,5.002541652490503,5.002541652490503,5.002541652490503,5.002541652490503,5.002541652490503,5.002541652490503,5.002541652490503,5.002541652490503,5.002541652490503,5.002541652490503,5.002541652490503,5.002541652490503,5.002541652490503,5.002541652490503,5.002541652490503,5.002541652490503,5.002541652490503,5.002541652490503,5.002541652490503,5.002541652490503,5.002541652490503,5.002541652490503,5.002541652490503,5.002541652490503,5.002541652490503,5.002541652490503,5.002541652490503,5.002541652490503,5.002541652490503,5.002541652490503,5.002541652490503,5.002541652490503,5.002541652490503,5.002541652490503,5.002541652490503,5.002541652490503,5.002541652490503,5.002541652490503,5.002541652490503,5.002541652490503,5.002541652490503,5.002541652490503,5.002541652490503,5.002541652490503,5.002541652490503,5.002541652490503,5.002541652490503,5.002541652490503,5.002541652490503,5.002541652490503,5.002541652490503,5.002541652490503,5.002541652490503,5.002541652490503,5.002541652490503,5.002541652490503,5.002541652490503,5.002541652490503,5.002541652490503,5.002541652490503,5.002541652490503,5.002541652490503,5.002541652490503,5.002541652490503,5.002541652490503,5.002541652490503,5.002541652490503,5.002541652490503,5.002541652490503,5.002541652490503,5.002541652490503,5.002541652490503,5.002541652490503,5.002541652490503,5.002541652490503,5.002541652490503,5.002541652490503,5.002541652490503,5.002541652490503,5.002541652490503,5.002541652490503,5.002541652490503,5.002541652490503,5.002541652490503,5.002541652490503,5.002541652490503,5.002541652490503,5.002541652490503,5.002541652490503,5.002541652490503,5.002541652490503,5.002541652490503,5.002541652490503,5.002541652490503,5.002541652490503,5.002541652490503,5.002541652490503,5.002541652490503,5.002541652490503,5.002541652490503,5.002541652490503,5.002541652490503,5.002541652490503,5.002541652490503,5.002541652490503,5.002541652490503,5.002541652490503,5.002541652490503,5.002541652490503,5.002541652490503,5.002541652490503,5.002541652490503,5.002541652490503,5.002541652490503,5.002541652490503,5.002541652490503,5.002541652490503,5.002541652490503,5.002541652490503,5.002541652490503,5.002541652490503,5.002541652490503,5.002541652490503,5.002541652490503,5.002541652490503,5.002541652490503,5.002541652490503,5.002541652490503,5.002541652490503,5.002541652490503,5.002541652490503,5.002541652490503,5.002541652490503,5.002541652490503,5.002541652490503,5.002541652490503,5.002541652490503,5.002541652490503,5.002541652490503,5.002541652490503,5.002541652490503,5.002541652490503,5.002541652490503,5.002541652490503,5.002541652490503,5.002541652490503,5.002541652490503,5.002541652490503,5.002541652490503,5.002541652490503,5.002541652490503,5.002541652490503,5.002541652490503,5.002541652490503,5.002541652490503,5.002541652490503,5.002541652490503,5.002541652490503,5.002541652490503,5.002541652490503,5.002541652490503,5.002541652490503,5.002541652490503,5.002541652490503,5.002541652490503,5.002541652490503,5.002541652490503,5.002541652490503,5.002541652490503,5.002541652490503,5.002541652490503,5.002541652490503,5.002541652490503,5.002541652490503,5.002541652490503,5.002541652490503,5.002541652490503,5.002541652490503,5.002541652490503,5.002541652490503,5.002541652490503,5.002541652490503,5.002541652490503,5.002541652490503,5.002541652490503,5.002541652490503,5.002541652490503,5.002541652490503,5.002541652490503,5.002541652490503,5.002541652490503,5.002541652490503,5.002541652490503,5.002541652490503,5.002541652490503,5.002541652490503,5.002541652490503,5.002541652490503,5.002541652490503,5.002541652490503,5.002541652490503,5.002541652490503,5.002541652490503,5.002541652490503,5.002541652490503,5.002541652490503,5.002541652490503,5.002541652490503,5.002541652490503,5.002541652490503,5.002541652490503,5.002541652490503,5.002541652490503,5.002541652490503,5.002541652490503,5.002541652490503,5.002541652490503,5.002541652490503,5.002541652490503,5.002541652490503,5.002541652490503,5.002541652490503,5.002541652490503,5.002541652490503,5.002541652490503,5.002541652490503,5.002541652490503,5.002541652490503,5.002541652490503,5.002541652490503,5.002541652490503,5.002541652490503,5.002541652490503,5.002541652490503,5.002541652490503,5.002541652490503,5.002541652490503,5.002541652490503,5.002541652490503,5.002541652490503,5.002541652490503,5.002541652490503,5.002541652490503,5.002541652490503,5.002541652490503,5.002541652490503,5.002541652490503,5.002541652490503,5.002541652490503,5.002541652490503,5.002541652490503,5.002541652490503,5.002541652490503,5.002541652490503,5.002541652490503,5.002541652490503,5.002541652490503,5.002541652490503,5.002541652490503,5.002541652490503,5.002541652490503,5.002541652490503,5.002541652490503,5.002541652490503,5.002541652490503,5.002541652490503,5.002541652490503,5.002541652490503,5.002541652490503,5.002541652490503,5.002541652490503,5.002541652490503,5.002541652490503,5.002541652490503,5.002541652490503,5.002541652490503,5.002541652490503,5.002541652490503,5.002541652490503,5.002541652490503,5.002541652490503,5.002541652490503,5.002541652490503,5.002541652490503,5.002541652490503,5.002541652490503,5.002541652490503,5.002541652490503,5.002541652490503,5.002541652490503,5.002541652490503,5.002541652490503,5.002541652490503,5.002541652490503,5.002541652490503,5.002541652490503,5.002541652490503,5.002541652490503,5.002541652490503,5.002541652490503,5.002541652490503,5.002541652490503,5.002541652490503,5.002541652490503,5.002541652490503,5.002541652490503,5.002541652490503,5.002541652490503,5.002541652490503,5.002541652490503,5.002541652490503,5.002541652490503,5.002541652490503,5.002541652490503,5.002541652490503,5.002541652490503,5.002541652490503,5.002541652490503,5.002541652490503,5.002541652490503,5.002541652490503,5.002541652490503,5.002541652490503,5.002541652490503,5.002541652490503,5.002541652490503,5.002541652490503,5.002541652490503,5.002541652490503,5.002541652490503,5.002541652490503,5.002541652490503,5.002541652490503,5.002541652490503,5.002541652490503,5.002541652490503,5.002541652490503,5.002541652490503,5.002541652490503,5.002541652490503,5.002541652490503,5.002541652490503,5.002541652490503,5.002541652490503,5.002541652490503,5.002541652490503,5.002541652490503,5.002541652490503,5.002541652490503,5.002541652490503,5.002541652490503,5.002541652490503,5.002541652490503,5.002541652490503,5.002541652490503,5.002541652490503,5.002541652490503,5.002541652490503,5.002541652490503,5.002541652490503,5.002541652490503,5.002541652490503,5.002541652490503,5.002541652490503,5.002541652490503,5.002541652490503,5.002541652490503,5.002541652490503,5.002541652490503,5.002541652490503,5.002541652490503,5.002541652490503,5.002541652490503,5.002541652490503,5.002541652490503,5.002541652490503,5.002541652490503,5.002541652490503,5.002541652490503,5.002541652490503,5.002541652490503,5.002541652490503,5.002541652490503,5.002541652490503,5.002541652490503,5.002541652490503,5.002541652490503,5.002541652490503,5.002541652490503,5.002541652490503,5.002541652490503,5.002541652490503,5.002541652490503,5.002541652490503,5.002541652490503,5.002541652490503,5.002541652490503,5.002541652490503,5.002541652490503,5.002541652490503,5.002541652490503,5.002541652490503,5.002541652490503,5.002541652490503,5.002541652490503,5.002541652490503,5.002541652490503,5.002541652490503,5.002541652490503,5.002541652490503,5.002541652490503,5.002541652490503,5.002541652490503,5.002541652490503,5.002541652490503,5.002541652490503,5.002541652490503,5.002541652490503,5.002541652490503,5.002541652490503,5.002541652490503,5.002541652490503,5.002541652490503,5.002541652490503,5.002541652490503,5.002541652490503,5.002541652490503,5.002541652490503,5.002541652490503,5.002541652490503,5.002541652490503,5.002541652490503,5.002541652490503,5.002541652490503,5.002541652490503,5.002541652490503,5.002541652490503,5.002541652490503,5.002541652490503,5.002541652490503,5.002541652490503,5.002541652490503,5.002541652490503,5.002541652490503,5.002541652490503,5.002541652490503,5.002541652490503,5.002541652490503,5.002541652490503,5.002541652490503,5.002541652490503,5.002541652490503,5.002541652490503,5.002541652490503,5.002541652490503,5.002541652490503,5.002541652490503,5.002541652490503,5.002541652490503,5.002541652490503,5.002541652490503,5.002541652490503,5.002541652490503,5.002541652490503,5.002541652490503,5.002541652490503,5.002541652490503,5.002541652490503,5.002541652490503,5.002541652490503,5.002541652490503,5.002541652490503,5.002541652490503,5.002541652490503,5.002541652490503,5.002541652490503,5.002541652490503,5.002541652490503,5.002541652490503,5.002541652490503,5.002541652490503,5.002541652490503,5.002541652490503,5.002541652490503,5.002541652490503,5.002541652490503,5.002541652490503,5.002541652490503,5.002541652490503,5.002541652490503,5.002541652490503,5.002541652490503,5.002541652490503,5.002541652490503,5.002541652490503,5.002541652490503,5.002541652490503,5.002541652490503,5.002541652490503,5.002541652490503,5.002541652490503,5.002541652490503,5.002541652490503,5.002541652490503,5.002541652490503,5.002541652490503,5.002541652490503,5.002541652490503,5.002541652490503,5.002541652490503,5.002541652490503,5.002541652490503,5.002541652490503,5.002541652490503,5.002541652490503,5.002541652490503,5.002541652490503,5.002541652490503,5.002541652490503,5.002541652490503,5.002541652490503,5.002541652490503,5.002541652490503,5.002541652490503,5.002541652490503,5.002541652490503,5.002541652490503,5.002541652490503,5.002541652490503,5.002541652490503,5.002541652490503,5.002541652490503,5.002541652490503,5.002541652490503,5.002541652490503,5.002541652490503,5.002541652490503,5.002541652490503,5.002541652490503,5.002541652490503,5.002541652490503,5.002541652490503,5.002541652490503,5.002541652490503,5.002541652490503,5.002541652490503,5.002541652490503,5.002541652490503,5.002541652490503,5.002541652490503,5.002541652490503,5.002541652490503,5.002541652490503,5.002541652490503,5.002541652490503,5.002541652490503,5.002541652490503,5.002541652490503,5.002541652490503,5.002541652490503,5.002541652490503,5.002541652490503,5.002541652490503,5.002541652490503,5.002541652490503,5.002541652490503,5.002541652490503,5.002541652490503,5.002541652490503,5.002541652490503,5.002541652490503,5.002541652490503,5.002541652490503,5.002541652490503,5.002541652490503,5.002541652490503,5.002541652490503,5.002541652490503,5.002541652490503,5.002541652490503,5.002541652490503,5.002541652490503,5.002541652490503,5.002541652490503,5.002541652490503,5.002541652490503,5.002541652490503,5.002541652490503,5.002541652490503,5.002541652490503,5.002541652490503,5.002541652490503,5.002541652490503,5.002541652490503,5.002541652490503,5.002541652490503,5.002541652490503,5.002541652490503,5.002541652490503,5.002541652490503,5.002541652490503,5.002541652490503,5.002541652490503,5.002541652490503,8.280367318321584,8.280367318321584,7.890261091677489,7.885171186781711,7.885171186781711,7.885171186781711,7.885171186781711,7.885171186781711,7.885171186781711,7.885171186781711,7.885171186781711,7.885171186781711,7.885171186781711,7.885171186781711,7.885171186781711,7.885171186781711,7.885171186781711,7.885171186781711,7.885171186781711,7.885171186781711,7.885171186781711,7.885171186781711,7.86844398387694,7.86844398387694,7.86844398387694,7.86844398387694,7.86844398387694,7.86844398387694,7.86844398387694,7.86844398387694,7.86844398387694,7.86844398387694,7.86844398387694,7.795121801797528,7.795121801797528,7.795121801797528,7.795121801797528,7.795121801797528,7.795121801797528,7.795121801797528,7.795121801797528,7.795121801797528,7.795121801797528,7.795121801797528,7.795121801797528,7.795121801797528,7.795121801797528,7.795121801797528,7.795121801797528,7.795121801797528,7.795121801797528,7.795121801797528,7.795121801797528,7.795121801797528,7.795121801797528,7.795121801797528,7.795121801797528,7.795121801797528,7.795121801797528,7.795121801797528,7.795121801797528,7.795121801797528,7.795121801797528,7.795121801797528,7.795121801797528,7.795121801797528,7.795121801797528,7.795121801797528,7.795121801797528,7.795121801797528,7.795121801797528,7.795121801797528,7.795121801797528,7.795121801797528,7.795121801797528,7.795121801797528,7.795121801797528,7.795121801797528,7.795121801797528,7.795121801797528,7.795121801797528,7.795121801797528,7.795121801797528,7.795121801797528,7.795121801797528,7.795121801797528,7.795121801797528,7.795121801797528,7.795121801797528,7.795121801797528,7.795121801797528,7.795121801797528,7.795121801797528,7.795121801797528,7.795121801797528,7.795121801797528,7.795121801797528,7.795121801797528,7.795121801797528,7.795121801797528,7.795121801797528,7.795121801797528,7.795121801797528,7.795121801797528,7.795121801797528,7.795121801797528,7.795121801797528,7.795121801797528,7.795121801797528,7.795121801797528,7.795121801797528,7.795121801797528,7.795121801797528,7.795121801797528,7.795121801797528,7.795121801797528,7.795121801797528,7.795121801797528,7.795121801797528,7.795121801797528,7.795121801797528,7.795121801797528,7.795121801797528,7.795121801797528,7.795121801797528,7.795121801797528,7.795121801797528,7.795121801797528,7.795121801797528,7.795121801797528,7.795121801797528,7.795121801797528,7.795121801797528,7.795121801797528,7.795121801797528,7.795121801797528,7.795121801797528,7.795121801797528,7.795121801797528,7.795121801797528,7.795121801797528,7.795121801797528,7.795121801797528,7.795121801797528,7.795121801797528,7.795121801797528,7.795121801797528,7.795121801797528,7.795121801797528,7.795121801797528,7.795121801797528,7.795121801797528,7.795121801797528,7.795121801797528,7.795121801797528,7.795121801797528,7.795121801797528,7.795121801797528,7.795121801797528,7.795121801797528,7.795121801797528,7.795121801797528,7.795121801797528,7.795121801797528,7.795121801797528,7.795121801797528,7.795121801797528,7.795121801797528,7.795121801797528,7.795121801797528,7.795121801797528,7.795121801797528,7.795121801797528,7.795121801797528,7.795121801797528,7.795121801797528,7.795121801797528,7.795121801797528,7.795121801797528,7.795121801797528,7.795121801797528,7.795121801797528,7.795121801797528,7.795121801797528,7.698096257258219,7.698096257258219,7.698096257258219,7.698096257258219,7.698096257258219,7.698096257258219,7.698096257258219,7.698096257258219,7.698096257258219,7.698096257258219,7.698096257258219,7.698096257258219,7.698096257258219,7.698096257258219,7.698096257258219,7.698096257258219,7.698096257258219,7.698096257258219,7.698096257258219,7.698096257258219,7.698096257258219,7.698096257258219,7.698096257258219,7.698096257258219,7.698096257258219,7.698096257258219,7.698096257258219,7.698096257258219,7.698096257258219,6.783439718458804,6.3893239907387525,6.3893239907387525,6.3893239907387525,6.3893239907387525,6.3893239907387525,6.3893239907387525,6.002175291225454,6.002175291225454,6.002175291225454,6.002175291225454,6.002175291225454,6.002175291225454,6.002175291225454,5.875505389921999,5.875505389921999,5.416670534587221,5.201731796644595,5.194048357816542,5.194048357816542,5.194048357816542,5.194048357816542,5.194048357816542,5.194048357816542,5.194048357816542,5.194048357816542,5.194048357816542,5.194048357816542,5.194048357816542,5.194048357816542,5.194048357816542,5.194048357816542,5.194048357816542,5.194048357816542,5.194048357816542,5.194048357816542,5.194048357816542,5.194048357816542,5.194048357816542,5.194048357816542,5.194048357816542,5.194048357816542,5.194048357816542,5.194048357816542,5.194048357816542,5.194048357816542,5.194048357816542,5.194048357816542,5.194048357816542,5.194048357816542,5.194048357816542,5.194048357816542,5.194048357816542,5.194048357816542,5.194048357816542,5.194048357816542,5.194048357816542,5.194048357816542,5.194048357816542,5.194048357816542,5.194048357816542,5.194048357816542,5.194048357816542,5.194048357816542,5.194048357816542,5.194048357816542,5.194048357816542,5.194048357816542,5.194048357816542,5.194048357816542,5.194048357816542,5.194048357816542,5.194048357816542,5.194048357816542,5.194048357816542,5.194048357816542,5.194048357816542,5.194048357816542,5.194048357816542,5.194048357816542,5.194048357816542,5.194048357816542,5.194048357816542,5.194048357816542,5.194048357816542,5.194048357816542,5.194048357816542,5.194048357816542,5.194048357816542,5.194048357816542,5.194048357816542,5.194048357816542,5.194048357816542,5.194048357816542,5.194048357816542,5.194048357816542,5.194048357816542,5.194048357816542,5.194048357816542,5.194048357816542,5.194048357816542,5.194048357816542,5.194048357816542,5.194048357816542,5.194048357816542,5.194048357816542,5.194048357816542,5.194048357816542,5.194048357816542,5.194048357816542,5.194048357816542,5.194048357816542,5.194048357816542,5.194048357816542,5.194048357816542,5.194048357816542,5.194048357816542,5.194048357816542,5.194048357816542,5.194048357816542,5.194048357816542,5.194048357816542,5.194048357816542,5.194048357816542,5.194048357816542,5.194048357816542,5.194048357816542,5.194048357816542,5.194048357816542,5.194048357816542,5.194048357816542,5.194048357816542,5.194048357816542,5.194048357816542,5.194048357816542,5.194048357816542,5.194048357816542,5.194048357816542,5.194048357816542,5.194048357816542,5.194048357816542,5.194048357816542,5.194048357816542,5.194048357816542,5.194048357816542,5.194048357816542,5.194048357816542,5.194048357816542,5.194048357816542,5.194048357816542,5.194048357816542,5.194048357816542,5.194048357816542,5.194048357816542,5.194048357816542,5.194048357816542,5.194048357816542,5.194048357816542,5.194048357816542,5.194048357816542,5.194048357816542,5.194048357816542,5.194048357816542,5.194048357816542,5.194048357816542,5.194048357816542,5.194048357816542,5.194048357816542,5.194048357816542,5.194048357816542,5.194048357816542,5.194048357816542,5.194048357816542,5.194048357816542,5.194048357816542,5.194048357816542,5.194048357816542,5.194048357816542,5.194048357816542,5.194048357816542,5.194048357816542,5.194048357816542,5.194048357816542,5.194048357816542,5.194048357816542,5.194048357816542,5.194048357816542,5.194048357816542,5.194048357816542,5.194048357816542,5.194048357816542,5.194048357816542,5.194048357816542,5.194048357816542,5.194048357816542,5.194048357816542,5.194048357816542,5.194048357816542,5.194048357816542,5.194048357816542,5.194048357816542,5.194048357816542,5.194048357816542,5.194048357816542,5.194048357816542,5.194048357816542,5.194048357816542,5.194048357816542,5.194048357816542,5.194048357816542,5.194048357816542,5.194048357816542,5.194048357816542,5.194048357816542,5.194048357816542,5.194048357816542,5.194048357816542,5.194048357816542,5.194048357816542,5.194048357816542,5.0944639939428775,4.840728440130106,4.840728440130106,4.840728440130106,4.829181220841415,4.691944732587649,4.689426464373848,4.689426464373848,4.689426464373848,4.689426464373848,4.689426464373848,4.689426464373848,4.689426464373848,4.689426464373848,4.689426464373848,4.689426464373848,4.689426464373848,4.689426464373848,4.689426464373848,4.689426464373848,4.689426464373848,4.689426464373848,4.689426464373848,4.689426464373848,4.689426464373848,4.689426464373848,4.689426464373848,4.689426464373848,4.689426464373848,4.689426464373848,4.689426464373848,4.689426464373848,4.689426464373848,4.689426464373848,4.689426464373848,4.689426464373848,4.689426464373848,4.689426464373848,4.689426464373848,4.689426464373848,4.689426464373848,4.689426464373848,4.689426464373848,4.689426464373848,4.689426464373848,4.689426464373848,4.689426464373848,4.689426464373848,4.689426464373848,4.689426464373848,4.689426464373848,4.689426464373848,4.689426464373848,4.689426464373848,4.689426464373848,4.689426464373848,4.689426464373848,4.689426464373848,4.689426464373848,4.689426464373848,4.689426464373848,4.689426464373848,4.689426464373848,4.689426464373848,4.689426464373848,4.689426464373848,4.689426464373848,4.689426464373848,4.689426464373848,4.689426464373848,4.689426464373848,4.689426464373848,4.689426464373848,4.689426464373848,4.689426464373848,4.689426464373848,4.689426464373848,4.689426464373848,4.689426464373848,4.689426464373848,4.689426464373848,4.689426464373848,4.689426464373848,4.689426464373848,4.689426464373848,4.689426464373848,4.689426464373848,4.689426464373848,4.689426464373848,4.689426464373848,4.689426464373848,4.689426464373848,4.689426464373848,4.689426464373848,4.689426464373848,4.689426464373848,4.689426464373848,4.689426464373848,4.689426464373848,4.689426464373848,4.689426464373848,4.689426464373848,4.689426464373848,4.689426464373848,4.689426464373848,4.689426464373848,4.689426464373848,4.689426464373848,4.689426464373848,4.689426464373848,4.689426464373848,4.689426464373848,4.689426464373848,4.689426464373848,4.689426464373848,4.689426464373848,4.689426464373848,4.689426464373848,4.689426464373848,4.689426464373848,4.689426464373848,4.689426464373848,4.689426464373848,4.689426464373848,4.689426464373848,4.689426464373848,4.689426464373848,4.689426464373848,4.689426464373848,4.689426464373848,4.689426464373848,4.689426464373848,4.689426464373848,4.689426464373848,4.689426464373848,4.689426464373848,4.689426464373848,4.689426464373848,4.689426464373848,4.689426464373848,4.689426464373848,4.689426464373848,4.689426464373848,4.689426464373848,4.689426464373848,4.689426464373848,4.689426464373848,4.689426464373848,4.689426464373848,4.689426464373848,4.689426464373848,4.689426464373848,4.689426464373848,4.689426464373848,4.689426464373848,4.689426464373848,4.689426464373848,4.689426464373848,4.689426464373848,4.689426464373848,4.689426464373848,4.689426464373848,4.689426464373848,4.689426464373848,4.689426464373848,4.689426464373848,4.689426464373848,4.689426464373848,4.689426464373848,4.689426464373848,4.689426464373848,4.689426464373848,4.689426464373848,4.689426464373848,4.689426464373848,4.689426464373848,4.689426464373848,4.689426464373848,4.689426464373848,4.689426464373848,4.689426464373848,4.689426464373848,4.689426464373848,4.689426464373848,4.689426464373848,4.689426464373848,4.689426464373848,4.689426464373848,4.689426464373848,4.689426464373848,4.689426464373848,4.689426464373848,4.689426464373848,4.689426464373848,4.689426464373848,4.689426464373848,4.689426464373848,4.689426464373848,4.689426464373848,4.689426464373848,4.689426464373848,4.689426464373848,4.689426464373848,4.689426464373848,4.689426464373848,4.689426464373848,4.689426464373848,4.689426464373848,4.689426464373848,4.689426464373848,4.689426464373848,4.689426464373848,4.689426464373848,4.689426464373848,4.689426464373848,4.689426464373848,4.689426464373848,4.689426464373848,4.689426464373848,4.689426464373848,4.689426464373848,4.689426464373848,4.689426464373848,4.689426464373848,4.689426464373848,4.689426464373848,4.689426464373848,4.689426464373848,4.689426464373848,4.689426464373848,4.689426464373848,4.689426464373848,4.689426464373848,4.689426464373848,4.689426464373848,4.689426464373848,4.689426464373848,4.689426464373848,4.689426464373848,4.689426464373848,4.689426464373848,4.689426464373848,4.689426464373848,4.689426464373848,4.689426464373848,4.689426464373848,4.689426464373848,4.689426464373848,4.689426464373848,4.689426464373848,4.689426464373848,4.689426464373848,4.689426464373848,4.689426464373848,4.689426464373848,4.689426464373848,4.689426464373848,4.689426464373848,4.689426464373848,4.689426464373848,4.689426464373848,4.689426464373848,4.689426464373848,4.689426464373848,4.689426464373848,4.689426464373848,4.689426464373848,4.689426464373848,4.689426464373848,4.689426464373848,4.689426464373848,4.689426464373848,4.689426464373848,4.689426464373848,4.689426464373848,4.689426464373848,4.689426464373848,4.689426464373848,4.689426464373848,4.689426464373848,4.689426464373848,4.689426464373848,4.689426464373848,4.689426464373848,4.689426464373848,4.689426464373848,4.689426464373848,4.689426464373848,4.689426464373848,4.689426464373848,4.689426464373848,4.689426464373848,4.689426464373848,4.689426464373848,4.689426464373848,4.689426464373848,4.689426464373848,4.689426464373848,4.689426464373848,4.689426464373848,4.689426464373848,4.689426464373848,4.689426464373848,4.689426464373848,4.689426464373848,4.689426464373848,4.689426464373848,4.689426464373848,4.689426464373848,4.689426464373848,4.689426464373848,4.689426464373848,4.689426464373848,4.689426464373848,4.689426464373848,4.689426464373848,4.689426464373848,4.689426464373848,4.689426464373848,4.689426464373848,4.689426464373848,4.689426464373848,4.689426464373848,4.689426464373848,4.689426464373848,4.689426464373848,4.689426464373848,4.689426464373848,4.689426464373848,4.689426464373848,4.689426464373848,4.689426464373848,4.689426464373848,4.689426464373848,4.689426464373848,4.689426464373848,4.689426464373848,4.689426464373848,4.689426464373848,4.689426464373848,4.689426464373848,4.689426464373848,4.689426464373848,4.689426464373848,4.689426464373848,4.689426464373848,4.689426464373848,4.689426464373848,4.689426464373848,4.689426464373848,4.689426464373848,4.689426464373848,4.689426464373848,4.689426464373848,4.689426464373848,4.689426464373848,4.689426464373848,4.689426464373848,4.689426464373848,4.689426464373848,4.689426464373848,4.689426464373848,4.689426464373848,4.689426464373848,4.689426464373848,4.689426464373848,4.689426464373848,4.689426464373848,4.689426464373848,4.689426464373848,4.689426464373848,4.689426464373848,4.689426464373848,4.689426464373848,4.689426464373848,4.689426464373848,4.689426464373848,4.689426464373848,4.689426464373848,4.689426464373848,4.689426464373848,4.689426464373848,4.689426464373848,4.689426464373848,4.689426464373848,4.689426464373848,4.689426464373848,4.689426464373848,4.689426464373848,4.689426464373848,4.689426464373848,4.689426464373848,4.689426464373848,4.689426464373848,4.689426464373848,4.689426464373848,4.689426464373848,4.689426464373848,4.689426464373848,4.689426464373848,4.689426464373848,4.689426464373848,4.689426464373848,4.689426464373848,4.689426464373848,4.689426464373848,4.689426464373848,4.689426464373848,4.689426464373848,4.689426464373848,4.689426464373848,4.689426464373848,4.689426464373848,4.689426464373848,4.689426464373848,4.689426464373848,4.689426464373848,4.689426464373848,4.689426464373848,4.689426464373848,4.689426464373848,4.689426464373848,4.689426464373848,4.689426464373848,4.689426464373848,4.689426464373848,4.689426464373848,4.689426464373848,4.689426464373848,4.689426464373848,4.689426464373848,4.689426464373848,4.689426464373848,4.689426464373848,4.689426464373848,4.689426464373848,4.689426464373848,4.689426464373848,4.689426464373848,4.689426464373848,4.689426464373848,4.689426464373848,4.689426464373848,4.689426464373848,4.689426464373848,4.689426464373848,4.689426464373848,4.689426464373848,4.689426464373848,4.689426464373848,4.689426464373848,4.689426464373848,4.689426464373848,4.689426464373848,4.689426464373848,4.689426464373848,4.689426464373848,4.689426464373848,4.689426464373848,4.689426464373848,4.689426464373848,4.689426464373848,4.689426464373848,4.689426464373848,4.689426464373848,4.689426464373848,4.689426464373848,4.689426464373848,4.689426464373848,4.689426464373848,4.689426464373848,4.689426464373848,4.689426464373848,4.689426464373848,4.689426464373848,4.689426464373848,4.689426464373848,4.689426464373848,4.689426464373848,4.689426464373848,4.689426464373848,4.689426464373848,4.689426464373848,4.689426464373848,4.689426464373848,4.689426464373848,4.689426464373848,4.689426464373848,4.689426464373848,4.689426464373848,4.689426464373848,4.689426464373848,4.689426464373848,4.689426464373848,4.689426464373848,4.689426464373848,4.689426464373848,4.689426464373848,4.689426464373848,4.689426464373848,4.689426464373848,4.689426464373848,4.689426464373848,4.689426464373848,4.689426464373848,4.689426464373848,4.689426464373848,4.689426464373848,4.689426464373848,4.689426464373848,4.689426464373848,4.689426464373848,4.689426464373848,4.689426464373848,4.689426464373848,4.689426464373848,4.689426464373848,4.689426464373848,4.689426464373848,4.689426464373848,4.689426464373848,4.689426464373848,4.689426464373848,4.689426464373848,4.689426464373848,4.689426464373848,4.689426464373848,4.689426464373848,4.689426464373848,4.689426464373848,4.689426464373848,4.689426464373848,4.689426464373848,4.689426464373848,4.689426464373848,4.689426464373848,4.689426464373848,4.689426464373848,4.689426464373848,4.689426464373848,4.689426464373848,4.689426464373848,4.689426464373848,4.689426464373848,4.689426464373848,4.689426464373848,4.689426464373848,4.689426464373848,4.689426464373848,4.689426464373848,4.689426464373848,4.689426464373848,4.689426464373848,4.689426464373848,4.689426464373848,4.689426464373848,4.689426464373848,4.689426464373848,4.689426464373848,4.689426464373848,4.689426464373848,4.689426464373848,4.689426464373848,4.689426464373848,4.689426464373848,4.689426464373848,4.689426464373848
