7.625958194733483,7.507990713912152,7.507990713912152,7.013288157657984,7.013288157657984,7.013288157657984,7.013288157657984,7.013288157657984,7.013288157657984,7.013288157657984,7.013288157657984,6.96544943500403,6.96544943500403,6.96544943500403,6.96544943500403,6.6319481373578695,6.6319481373578695,6.6319481373578695,6.61812202781838,6.61812202781838,6.61812202781838,6.61812202781838,6.61812202781838,6.61812202781838,6.61812202781838,6.61812202781838,6.61812202781838,6.440284547436451,6.440284547436451,6.440284547436451,6.440284547436451,5.952423230429286,5.952423230429286,5.952423230429286,5.952423230429286,5.853884667918425,5.853884667918425,5.853884667918425,5.853884667918425,5.853884667918425,5.853884667918425,5.853884667918425,5.853884667918425,5.853884667918425,5.853884667918425,5.853884667918425,5.853884667918425,5.841317442485723,5.841317442485723,5.841317442485723,5.841317442485723,5.841317442485723,5.841317442485723,5.841317442485723,5.841317442485723,5.841317442485723,5.841317442485723,5.841317442485723,5.841317442485723,5.841317442485723,5.841317442485723,5.719585632887992,5.719585632887992,5.719585632887992,5.719585632887992,5.719585632887992,5.719585632887992,5.719585632887992,5.719585632887992,5.719585632887992,5.719585632887992,5.719585632887992,5.719585632887992,5.719585632887992,5.719585632887992,5.719585632887992,5.719585632887992,5.719585632887992,5.719585632887992,5.719585632887992,5.719585632887992,5.719585632887992,5.719585632887992,5.719585632887992,5.719585632887992,5.719585632887992,5.719585632887992,4.687077271870348,4.687077271870348,4.687077271870348,4.687077271870348,4.687077271870348,4.687077271870348,4.687077271870348,4.687077271870348,4.687077271870348,4.687077271870348,4.687077271870348,4.687077271870348,4.687077271870348,4.687077271870348,4.687077271870348,4.687077271870348,4.687077271870348,4.687077271870348,4.687077271870348,4.687077271870348,4.687077271870348,4.687077271870348,4.687077271870348,4.687077271870348,4.687077271870348,4.687077271870348,4.687077271870348,4.687077271870348,4.687077271870348,4.655146095215038,4.655146095215038,4.655146095215038,4.655146095215038,4.655146095215038,4.655146095215038,4.655146095215038,4.655146095215038,4.655146095215038,4.655146095215038,4.655146095215038,4.655146095215038,4.655146095215038,4.655146095215038,4.655146095215038,4.655146095215038,4.655146095215038,4.655146095215038,4.655146095215038,4.655146095215038,4.655146095215038,4.655146095215038,4.655146095215038,4.655146095215038,4.655146095215038,4.655146095215038,4.655146095215038,4.655146095215038,4.655146095215038,4.655146095215038,4.655146095215038,4.655146095215038,4.655146095215038,4.655146095215038,4.655146095215038,4.655146095215038,4.655146095215038,4.655146095215038,4.655146095215038,4.655146095215038,4.655146095215038,4.655146095215038,4.655146095215038,4.655146095215038,4.655146095215038,4.655146095215038,4.655146095215038,4.655146095215038,4.655146095215038,4.655146095215038,4.655146095215038,4.655146095215038,4.655146095215038,4.655146095215038,4.655146095215038,4.655146095215038,4.655146095215038,4.655146095215038,4.655146095215038,4.655146095215038,4.655146095215038,4.655146095215038,4.655146095215038,4.655146095215038,4.655146095215038,4.655146095215038,4.655146095215038,4.655146095215038,4.655146095215038,4.655146095215038,4.655146095215038,4.655146095215038,4.655146095215038,4.655146095215038,4.655146095215038,4.655146095215038,4.655146095215038,4.655146095215038,4.655146095215038,4.655146095215038,4.655146095215038,4.655146095215038,4.655146095215038,4.655146095215038,4.655146095215038,4.655146095215038,4.655146095215038,4.655146095215038,4.655146095215038,4.655146095215038,4.655146095215038,4.655146095215038,4.655146095215038,4.655146095215038,4.655146095215038,4.655146095215038,4.655146095215038,4.655146095215038,4.655146095215038,4.655146095215038,4.655146095215038,4.655146095215038,4.655146095215038,4.655146095215038,4.655146095215038,4.655146095215038,4.655146095215038,4.655146095215038,4.655146095215038,4.655146095215038,4.655146095215038,4.655146095215038,4.655146095215038,4.655146095215038,4.655146095215038,4.655146095215038,4.655146095215038,4.655146095215038,4.655146095215038,4.655146095215038,4.655146095215038,4.655146095215038,4.655146095215038,4.655146095215038,4.655146095215038,4.655146095215038,4.655146095215038,4.655146095215038,4.655146095215038,4.655146095215038,4.655146095215038,4.655146095215038,4.655146095215038,4.655146095215038,4.655146095215038,4.655146095215038,4.655146095215038,4.655146095215038,4.655146095215038,4.655146095215038,4.655146095215038,4.655146095215038,4.655146095215038,4.655146095215038,4.655146095215038,4.655146095215038,4.655146095215038,4.655146095215038,4.655146095215038,4.655146095215038,4.655146095215038,4.655146095215038,4.655146095215038,4.655146095215038,4.655146095215038,4.655146095215038,4.655146095215038,4.655146095215038,4.655146095215038,4.655146095215038,4.655146095215038,4.655146095215038,4.655146095215038,4.655146095215038,4.655146095215038,4.655146095215038,4.655146095215038,4.655146095215038,4.655146095215038,4.655146095215038,4.655146095215038,4.655146095215038,4.655146095215038,4.655146095215038,4.655146095215038,4.655146095215038,4.655146095215038,4.655146095215038,4.655146095215038,4.655146095215038,4.655146095215038,4.655146095215038,4.655146095215038,4.655146095215038,4.655146095215038,4.655146095215038,4.655146095215038,4.655146095215038,4.655146095215038,4.655146095215038,4.655146095215038,4.655146095215038,4.655146095215038,4.655146095215038,4.655146095215038,4.655146095215038,4.655146095215038,4.655146095215038,4.655146095215038,4.655146095215038,4.655146095215038,4.655146095215038,4.655146095215038,4.655146095215038,4.655146095215038,4.655146095215038,4.655146095215038,4.655146095215038,4.655146095215038,4.655146095215038,4.655146095215038,4.655146095215038,4.655146095215038,4.655146095215038,4.655146095215038,4.655146095215038,4.655146095215038,4.655146095215038,4.655146095215038,4.655146095215038,4.655146095215038,4.655146095215038,4.655146095215038,4.655146095215038,4.655146095215038,4.655146095215038,4.655146095215038,4.655146095215038,4.655146095215038,4.655146095215038,4.655146095215038,4.655146095215038,4.655146095215038,4.655146095215038,4.655146095215038,4.655146095215038,4.655146095215038,4.655146095215038,4.655146095215038,4.655146095215038,4.655146095215038,4.655146095215038,4.655146095215038,4.655146095215038,4.655146095215038,4.655146095215038,4.655146095215038,4.655146095215038,4.655146095215038,4.655146095215038,4.655146095215038,4.655146095215038,4.655146095215038,4.655146095215038,4.655146095215038,4.655146095215038,4.655146095215038,4.655146095215038,4.655146095215038,4.655146095215038,4.655146095215038,4.655146095215038,4.655146095215038,4.655146095215038,4.655146095215038,4.655146095215038,4.655146095215038,4.655146095215038,4.655146095215038,4.655146095215038,4.655146095215038,4.655146095215038,4.655146095215038,4.655146095215038,4.655146095215038,4.655146095215038,4.655146095215038,4.655146095215038,4.655146095215038,4.655146095215038,4.655146095215038,4.655146095215038,4.655146095215038,4.655146095215038,4.655146095215038,4.655146095215038,4.655146095215038,4.655146095215038,4.655146095215038,4.655146095215038,4.655146095215038,4.655146095215038,4.655146095215038,4.655146095215038,4.655146095215038,4.655146095215038,4.655146095215038,4.655146095215038,4.655146095215038,4.655146095215038,4.655146095215038,4.655146095215038,4.655146095215038,4.655146095215038,4.655146095215038,4.655146095215038,4.655146095215038,4.655146095215038,4.655146095215038,4.655146095215038,4.655146095215038,4.655146095215038,4.655146095215038,4.655146095215038,4.655146095215038,4.655146095215038,4.655146095215038,4.655146095215038,4.655146095215038,4.655146095215038,4.655146095215038,4.655146095215038,4.655146095215038,4.655146095215038,4.655146095215038,4.655146095215038,4.655146095215038,4.655146095215038,4.655146095215038,4.655146095215038,4.655146095215038,4.655146095215038,4.655146095215038,4.655146095215038,4.655146095215038,4.655146095215038,4.655146095215038,4.655146095215038,4.655146095215038,4.655146095215038,4.655146095215038,4.655146095215038,4.655146095215038,4.655146095215038,4.655146095215038,4.655146095215038,4.655146095215038,4.655146095215038,4.655146095215038,4.655146095215038,4.655146095215038,4.655146095215038,4.655146095215038,4.655146095215038,4.655146095215038,4.655146095215038,4.655146095215038,4.655146095215038,4.655146095215038,4.655146095215038,4.655146095215038,4.655146095215038,4.655146095215038,4.655146095215038,4.655146095215038,4.655146095215038,4.655146095215038,4.655146095215038,4.655146095215038,4.655146095215038,4.655146095215038,4.655146095215038,4.655146095215038,4.655146095215038,4.655146095215038,4.655146095215038,4.655146095215038,4.655146095215038,4.655146095215038,4.655146095215038,4.655146095215038,4.655146095215038,4.655146095215038,4.655146095215038,4.655146095215038,4.655146095215038,4.655146095215038,4.655146095215038,4.655146095215038,4.655146095215038,4.655146095215038,4.655146095215038,4.655146095215038,4.655146095215038,4.655146095215038,4.655146095215038,4.655146095215038,4.655146095215038,4.655146095215038,4.655146095215038,4.655146095215038,4.655146095215038,4.655146095215038,4.655146095215038,4.655146095215038,4.655146095215038,4.655146095215038,4.655146095215038,4.655146095215038,4.655146095215038,4.655146095215038,4.655146095215038,4.655146095215038,4.655146095215038,4.655146095215038,4.655146095215038,4.655146095215038,4.655146095215038,4.655146095215038,4.655146095215038,4.655146095215038,4.655146095215038,4.655146095215038,4.655146095215038,4.655146095215038,4.655146095215038,4.655146095215038,4.655146095215038,4.655146095215038,4.655146095215038,4.655146095215038,4.655146095215038,4.655146095215038,4.655146095215038,4.655146095215038,4.655146095215038,4.655146095215038,4.655146095215038,4.655146095215038,4.655146095215038,4.655146095215038,4.655146095215038,4.655146095215038,4.655146095215038,4.655146095215038,4.655146095215038,4.655146095215038,4.655146095215038,4.655146095215038,4.655146095215038,4.655146095215038,4.655146095215038,4.655146095215038,4.655146095215038,4.655146095215038,4.655146095215038,4.655146095215038,4.655146095215038,4.655146095215038,4.655146095215038,4.655146095215038,4.655146095215038,4.655146095215038,4.655146095215038,4.655146095215038,4.655146095215038,4.655146095215038,4.655146095215038,4.655146095215038,4.655146095215038,4.655146095215038,4.655146095215038,4.655146095215038,4.655146095215038,4.655146095215038,4.655146095215038,4.655146095215038,4.655146095215038,4.655146095215038,4.655146095215038,4.655146095215038,4.655146095215038,4.655146095215038,4.655146095215038,4.655146095215038,4.655146095215038,4.655146095215038,4.655146095215038,4.655146095215038,4.655146095215038,4.655146095215038,4.655146095215038,4.655146095215038,4.655146095215038,4.655146095215038,4.655146095215038,4.655146095215038,4.655146095215038,4.655146095215038,4.655146095215038,4.655146095215038,4.655146095215038,4.655146095215038,4.655146095215038,4.655146095215038,4.655146095215038,4.655146095215038,4.655146095215038,4.655146095215038,4.655146095215038,4.655146095215038,4.655146095215038,4.655146095215038,4.655146095215038,4.655146095215038,4.655146095215038,4.655146095215038,4.655146095215038,4.655146095215038,4.655146095215038,4.655146095215038,4.655146095215038,4.655146095215038,4.655146095215038,4.655146095215038,4.655146095215038,4.655146095215038,4.655146095215038,4.655146095215038,4.655146095215038,4.655146095215038,4.655146095215038,4.655146095215038,4.655146095215038,4.655146095215038,4.655146095215038,4.655146095215038,4.655146095215038,4.655146095215038,4.655146095215038,4.655146095215038,4.655146095215038,4.655146095215038,4.655146095215038,4.655146095215038,4.655146095215038,4.655146095215038,4.655146095215038,4.655146095215038,4.655146095215038,4.655146095215038,4.655146095215038,4.655146095215038,4.655146095215038,4.655146095215038,4.655146095215038,4.655146095215038,4.655146095215038,4.655146095215038,3.897707265429871,3.897707265429871,3.897707265429871,3.897707265429871,3.897707265429871,3.897707265429871,3.897707265429871,3.897707265429871,3.897707265429871,3.897707265429871,3.897707265429871,3.897707265429871,3.897707265429871,3.897707265429871,3.897707265429871,3.897707265429871,3.897707265429871,3.897707265429871,3.897707265429871,3.897707265429871,3.897707265429871,3.897707265429871,3.897707265429871,3.897707265429871,3.897707265429871,3.897707265429871,3.897707265429871,3.897707265429871,3.897707265429871,3.897707265429871,3.897707265429871,3.897707265429871,3.897707265429871,3.897707265429871,3.897707265429871,3.897707265429871,3.897707265429871,3.897707265429871,3.897707265429871,3.897707265429871,3.897707265429871,3.897707265429871,3.897707265429871,3.8977072654298706,3.8977072654298706,3.8977072654298706,3.8977072654298706,3.8977072654298706,3.8977072654298706,3.8977072654298706,3.8977072654298706,3.8977072654298706,3.8977072654298706,3.8977072654298706,3.8977072654298706,3.8977072654298706,3.8977072654298706,3.8977072654298706,3.8977072654298706,3.8977072654298706,3.8977072654298706,3.8977072654298706,3.8977072654298706,3.8977072654298706,3.8977072654298706,3.8977072654298706,3.8977072654298706,3.8977072654298706,3.8977072654298706,3.8977072654298706,3.8977072654298706,3.8977072654298706,3.8977072654298706,3.8977072654298706,3.8977072654298706,3.8977072654298706,3.8977072654298706,3.8977072654298706,3.8977072654298706,3.8977072654298706,3.8977072654298706,3.8977072654298706,3.8977072654298706,3.8977072654298706,3.8977072654298706,3.8977072654298706,3.8977072654298706,3.8977072654298706,3.8977072654298706,3.8977072654298706,3.8977072654298706,3.8977072654298706,3.8977072654298706,3.8977072654298706,3.8977072654298706,3.8977072654298706,3.8977072654298706,3.8977072654298706,3.8977072654298706,3.8977072654298706,3.8977072654298706,3.8977072654298706,3.8977072654298706,3.8977072654298706,3.8977072654298706,3.8977072654298706,3.8977072654298706,3.8977072654298706,3.8977072654298706,3.8977072654298706,3.8977072654298706,3.8977072654298706,3.8977072654298706,3.8977072654298706,3.8977072654298706,3.8977072654298706,3.8977072654298706,3.8977072654298706,3.8977072654298706,3.8977072654298706,3.8977072654298706,3.8977072654298706,3.8977072654298706,3.8977072654298706,3.8977072654298706,3.8977072654298706,3.8977072654298706,3.8977072654298706,3.8977072654298706,3.8977072654298706,3.8977072654298706,3.8977072654298706,3.8977072654298706,3.8977072654298706,3.8977072654298706,3.8977072654298706,3.8977072654298706,3.8977072654298706,3.8977072654298706,3.8977072654298706,3.8977072654298706,3.8977072654298706,3.8977072654298706,3.8977072654298706,3.8977072654298706,3.8977072654298706,3.8977072654298706,3.8977072654298706,3.8977072654298706,3.8977072654298706,3.8977072654298706,3.8977072654298706,3.8977072654298706,3.8977072654298706,3.8977072654298706,3.8977072654298706,3.8977072654298706,3.8977072654298706,3.8977072654298706,3.8977072654298706,3.8977072654298706,3.8977072654298706,3.8977072654298706,3.8977072654298706,3.8977072654298706,3.8977072654298706,3.8977072654298706,3.8977072654298706,3.8977072654298706,3.8977072654298706,3.8977072654298706,3.8977072654298706,3.8977072654298706,3.8977072654298706,3.8977072654298706,3.8977072654298706,3.8977072654298706,3.8977072654298706,3.8977072654298706,3.8977072654298706,3.8977072654298706,3.8977072654298706,3.8977072654298706,3.8977072654298706,3.8977072654298706,3.8977072654298706,3.8977072654298706,3.8977072654298706,3.8977072654298706,3.8977072654298706,3.8977072654298706,3.8977072654298706,3.8977072654298706,3.8977072654298706,3.8977072654298706,3.8977072654298706,3.8977072654298706,3.8977072654298706,3.8977072654298706,3.8977072654298706,3.8977072654298706,3.8977072654298706,3.8977072654298706,3.8977072654298706,3.8977072654298706,3.8977072654298706,3.8977072654298706,3.8977072654298706,3.8977072654298706,3.8977072654298706,3.8977072654298706,3.8977072654298706,3.8977072654298706,3.8977072654298706,3.8977072654298706,3.8977072654298706,3.8977072654298706,3.8977072654298706,3.8977072654298706,3.8977072654298706,3.8977072654298706,3.8977072654298706,3.8977072654298706,3.8977072654298706,3.8977072654298706,3.8977072654298706,3.8977072654298706,3.8977072654298706,3.8977072654298706,3.8977072654298706,3.8977072654298706,3.8977072654298706,3.8977072654298706,3.8977072654298706,3.8977072654298706,3.8977072654298706,3.8977072654298706,3.8977072654298706,3.8977072654298706,3.8977072654298706,3.8977072654298706,3.8977072654298706,3.8977072654298706,3.8977072654298706,3.8977072654298706,3.8977072654298706,3.8977072654298706,3.8977072654298706,3.8977072654298706,3.8977072654298706,3.8977072654298706,3.8977072654298706,3.8977072654298706,3.8977072654298706,3.8977072654298706,3.8977072654298706,3.8977072654298706,3.8977072654298706,3.8977072654298706,3.8977072654298706,3.8977072654298706,3.8977072654298706,3.8977072654298706,3.8977072654298706,3.8977072654298706,3.8977072654298706,3.8977072654298706,3.8977072654298706,3.8977072654298706,3.8977072654298706,3.8977072654298706,3.8977072654298706,3.8977072654298706,3.8977072654298706,3.8977072654298706,3.8977072654298706,3.8977072654298706,3.8977072654298706,3.8977072654298706,3.8977072654298706,3.8977072654298706,3.8977072654298706,3.8977072654298706,3.8977072654298706,3.8977072654298706,3.8977072654298706,3.8977072654298706,3.8977072654298706,3.8977072654298706,3.8977072654298706,3.8977072654298706,3.8977072654298706,3.8977072654298706,3.8977072654298706,3.8977072654298706,3.8977072654298706,3.8977072654298706,3.8977072654298706,3.8977072654298706,3.8977072654298706,3.8977072654298706,3.8977072654298706,3.8977072654298706,3.8977072654298706,3.8977072654298706,3.8977072654298706,3.8977072654298706,3.8977072654298706,3.8977072654298706,3.8977072654298706,3.8977072654298706,3.8977072654298706,3.8977072654298706,3.8977072654298706,3.8977072654298706,3.8977072654298706,3.8977072654298706,3.8977072654298706,3.8977072654298706,3.8977072654298706,3.8977072654298706,3.8977072654298706,3.8977072654298706,3.8977072654298706,3.8977072654298706,7.416927454939134,7.416927454939134,7.416927454939134,7.349860287425307,7.2013701735051265,7.2013701735051265,7.014052678522127,6.752859187360639,6.752859187360639,6.752859187360639,6.752859187360639,6.5767755275989765,6.5767755275989765,6.5767755275989765,6.5767755275989765,6.5767755275989765,6.5767755275989765,6.5767755275989765,6.382859328005494,6.382859328005494,6.382859328005494,6.382859328005494,6.382859328005494,6.382859328005494,6.382859328005494,6.382859328005494,6.382859328005494,5.793778164030312,5.793778164030312,5.793778164030312,5.793778164030312,5.793778164030312,5.793778164030312,5.793778164030312,5.793778164030312,5.793778164030312,5.793778164030312,5.793778164030312,5.793778164030312,5.793778164030312,5.793778164030312,5.793778164030312,5.793778164030312,5.589388577349587,5.589388577349587,5.589388577349587,5.589388577349587,5.589388577349587,5.589388577349587,5.589388577349587,5.589388577349587,5.589388577349587,5.589388577349587,5.241446496575723,5.241446496575723,5.241446496575723,5.241446496575723,5.241446496575723,5.241446496575723,5.241446496575723,5.241446496575723,5.241446496575723,5.241446496575723,5.241446496575723,5.241446496575723,5.241446496575723,5.241446496575723,5.241446496575723,5.241446496575723,5.241446496575723,5.241446496575723,5.241446496575723,5.241446496575723,4.106107582953912,4.106107582953912,4.106107582953912,4.106107582953912,3.843296559705456,3.843296559705456,3.843296559705456,3.843296559705456,3.843296559705456,3.843296559705456,3.843296559705456,3.843296559705456,3.843296559705456,3.843296559705456,3.843296559705456,3.843296559705456,3.843296559705456,3.843296559705456,3.843296559705456,3.843296559705456,3.843296559705456,3.843296559705456,3.843296559705456,3.843296559705456,3.843296559705456,3.843296559705456,3.843296559705456,3.843296559705456,3.843296559705456,3.843296559705456,3.843296559705456,3.843296559705456,3.843296559705456,3.843296559705456,3.843296559705456,3.843296559705456,3.843296559705456,3.843296559705456,3.843296559705456,3.843296559705456,3.843296559705456,3.843296559705456,3.843296559705456,3.843296559705456,3.843296559705456,3.843296559705456,3.843296559705456,3.843296559705456,3.843296559705456,3.843296559705456,3.843296559705456,3.843296559705456,3.843296559705456,3.843296559705456,3.843296559705456,3.843296559705456,3.843296559705456,3.843296559705456,3.843296559705456,3.843296559705456,3.843296559705456,3.843296559705456,3.843296559705456,3.843296559705456,3.843296559705456,3.843296559705456,3.843296559705456,3.843296559705456,3.843296559705456,3.843296559705456,3.843296559705456,3.843296559705456,3.843296559705456,3.843296559705456,3.843296559705456,3.843296559705456,3.843296559705456,3.843296559705456,3.843296559705456,3.843296559705456,3.843296559705456,3.843296559705456,3.843296559705456,3.843296559705456,3.843296559705456,3.843296559705456,3.843296559705456,3.843296559705456,3.843296559705456,3.843296559705456,3.843296559705456,3.843296559705456,3.843296559705456,3.843296559705456,3.843296559705456,3.843296559705456,3.843296559705456,3.843296559705456,3.843296559705456,3.843296559705456,3.843296559705456,3.843296559705456,3.843296559705456,3.843296559705456,3.843296559705456,3.843296559705456,3.843296559705456,3.843296559705456,3.843296559705456,3.843296559705456,3.843296559705456,3.843296559705456,3.843296559705456,3.843296559705456,3.843296559705456,3.843296559705456,3.843296559705456,3.843296559705456,3.843296559705456,3.843296559705456,3.843296559705456,3.843296559705456,3.843296559705456,3.843296559705456,3.843296559705456,3.843296559705456,3.843296559705456,3.843296559705456,3.843296559705456,3.843296559705456,3.843296559705456,3.843296559705456,3.843296559705456,3.843296559705456,3.843296559705456,3.843296559705456,3.843296559705456,3.843296559705456,3.843296559705456,3.843296559705456,3.843296559705456,3.843296559705456,3.843296559705456,3.843296559705456,3.843296559705456,3.843296559705456,3.843296559705456,3.843296559705456,3.843296559705456,3.843296559705456,3.843296559705456,3.843296559705456,3.843296559705456,3.843296559705456,3.843296559705456,3.843296559705456,3.843296559705456,3.843296559705456,3.843296559705456,3.843296559705456,3.843296559705456,3.843296559705456,3.843296559705456,3.843296559705456,3.843296559705456,3.843296559705456,3.843296559705456,3.843296559705456,3.843296559705456,3.843296559705456,3.843296559705456,3.843296559705456,3.843296559705456,3.843296559705456,3.843296559705456,3.843296559705456,3.843296559705456,3.843296559705456,3.843296559705456,3.843296559705456,3.843296559705456,3.843296559705456,3.843296559705456,3.843296559705456,3.843296559705456,3.843296559705456,3.843296559705456,3.843296559705456,3.843296559705456,3.843296559705456,3.843296559705456,3.843296559705456,3.843296559705456,3.843296559705456,3.843296559705456,3.843296559705456,3.843296559705456,3.843296559705456,3.843296559705456,3.843296559705456,3.843296559705456,3.843296559705456,3.843296559705456,3.843296559705456,3.843296559705456,3.843296559705456,3.843296559705456,3.843296559705456,3.843296559705456,3.843296559705456,3.843296559705456,3.843296559705456,3.843296559705456,3.843296559705456,3.843296559705456,3.843296559705456,3.843296559705456,3.843296559705456,3.843296559705456,3.843296559705456,3.843296559705456,3.843296559705456,3.843296559705456,3.843296559705456,3.843296559705456,3.843296559705456,3.843296559705456,3.843296559705456,3.843296559705456,3.843296559705456,3.843296559705456,3.843296559705456,3.843296559705456,3.843296559705456,3.843296559705456,3.843296559705456,3.843296559705456,3.843296559705456,3.843296559705456,3.843296559705456,3.843296559705456,3.843296559705456,3.843296559705456,3.843296559705456,3.843296559705456,3.843296559705456,3.843296559705456,3.843296559705456,3.843296559705456,3.843296559705456,3.843296559705456,3.843296559705456,3.843296559705456,3.843296559705456,3.843296559705456,3.843296559705456,3.843296559705456,3.843296559705456,3.843296559705456,3.843296559705456,3.843296559705456,3.843296559705456,3.843296559705456,3.843296559705456,3.843296559705456,3.843296559705456,3.843296559705456,3.843296559705456,3.843296559705456,3.843296559705456,3.843296559705456,3.843296559705456,3.843296559705456,3.843296559705456,3.843296559705456,3.843296559705456,3.843296559705456,3.843296559705456,3.843296559705456,3.843296559705456,3.843296559705456,3.843296559705456,3.843296559705456,3.843296559705456,3.843296559705456,3.843296559705456,3.843296559705456,3.843296559705456,3.843296559705456,3.843296559705456,3.843296559705456,3.843296559705456,3.843296559705456,3.843296559705456,3.843296559705456,3.843296559705456,3.843296559705456,3.843296559705456,3.843296559705456,3.843296559705456,3.843296559705456,3.843296559705456,3.843296559705456,3.843296559705456,3.843296559705456,3.843296559705456,3.843296559705456,3.843296559705456,3.843296559705456,3.843296559705456,3.843296559705456,3.843296559705456,3.843296559705456,3.843296559705456,3.843296559705456,3.843296559705456,3.843296559705456,3.843296559705456,3.843296559705456,3.843296559705456,3.843296559705456,3.843296559705456,3.843296559705456,3.843296559705456,3.843296559705456,3.843296559705456,3.843296559705456,3.843296559705456,3.843296559705456,3.843296559705456,3.843296559705456,3.843296559705456,3.843296559705456,3.843296559705456,3.843296559705456,3.843296559705456,3.843296559705456,3.843296559705456,3.843296559705456,3.843296559705456,3.843296559705456,3.843296559705456,3.843296559705456,3.843296559705456,3.843296559705456,3.843296559705456,3.843296559705456,3.843296559705456,3.843296559705456,3.843296559705456,3.843296559705456,3.843296559705456,3.843296559705456,3.843296559705456,3.843296559705456,3.843296559705456,3.843296559705456,3.843296559705456,3.843296559705456,3.843296559705456,3.843296559705456,3.843296559705456,3.843296559705456,3.843296559705456,3.843296559705456,3.843296559705456,3.843296559705456,3.843296559705456,3.843296559705456,3.843296559705456,3.843296559705456,3.843296559705456,3.843296559705456,3.843296559705456,3.843296559705456,3.843296559705456,3.843296559705456,3.843296559705456,3.843296559705456,3.843296559705456,3.843296559705456,3.843296559705456,3.843296559705456,3.843296559705456,3.843296559705456,3.843296559705456,3.843296559705456,3.843296559705456,3.843296559705456,3.843296559705456,3.843296559705456,3.843296559705456,3.843296559705456,3.843296559705456,3.843296559705456,3.843296559705456,3.843296559705456,3.843296559705456,3.843296559705456,3.843296559705456,3.843296559705456,3.843296559705456,3.843296559705456,3.843296559705456,3.843296559705456,3.843296559705456,3.843296559705456,3.843296559705456,3.843296559705456,3.843296559705456,3.843296559705456,3.843296559705456,3.843296559705456,3.843296559705456,3.843296559705456,3.843296559705456,3.843296559705456,3.843296559705456,3.843296559705456,3.843296559705456,3.843296559705456,3.843296559705456,3.843296559705456,3.843296559705456,3.843296559705456,3.843296559705456,3.843296559705456,3.843296559705456,3.843296559705456,3.843296559705456,3.843296559705456,3.843296559705456,3.843296559705456,3.843296559705456,3.843296559705456,3.843296559705456,3.843296559705456,3.843296559705456,3.843296559705456,3.843296559705456,3.843296559705456,3.843296559705456,3.843296559705456,3.843296559705456,3.843296559705456,3.843296559705456,3.843296559705456,3.843296559705456,3.843296559705456,3.843296559705456,3.843296559705456,3.843296559705456,3.843296559705456,3.843296559705456,3.843296559705456,3.843296559705456,3.843296559705456,3.843296559705456,3.843296559705456,3.843296559705456,3.843296559705456,3.843296559705456,3.843296559705456,3.843296559705456,3.843296559705456,3.843296559705456,3.843296559705456,3.843296559705456,3.843296559705456,3.843296559705456,3.843296559705456,3.843296559705456,3.843296559705456,3.843296559705456,3.843296559705456,3.843296559705456,3.843296559705456,3.843296559705456,3.843296559705456,3.843296559705456,3.843296559705456,3.843296559705456,3.843296559705456,3.843296559705456,3.843296559705456,3.843296559705456,3.843296559705456,3.843296559705456,3.843296559705456,3.843296559705456,3.843296559705456,3.843296559705456,3.843296559705456,3.843296559705456,3.843296559705456,3.843296559705456,3.843296559705456,3.843296559705456,3.843296559705456,3.843296559705456,3.843296559705456,3.843296559705456,3.843296559705456,3.843296559705456,3.843296559705456,3.843296559705456,3.843296559705456,3.843296559705456,3.843296559705456,3.843296559705456,3.843296559705456,3.843296559705456,3.843296559705456,3.843296559705456,3.843296559705456,3.843296559705456,3.843296559705456,3.843296559705456,3.843296559705456,3.843296559705456,3.843296559705456,3.843296559705456,3.843296559705456,3.843296559705456,3.843296559705456,3.843296559705456,3.843296559705456,3.843296559705456,3.843296559705456,3.843296559705456,3.843296559705456,3.843296559705456,3.843296559705456,3.843296559705456,3.843296559705456,3.843296559705456,3.843296559705456,3.843296559705456,3.843296559705456,3.843296559705456,3.843296559705456,3.843296559705456,3.843296559705456,3.843296559705456,3.843296559705456,3.843296559705456,3.843296559705456,3.843296559705456,3.843296559705456,3.843296559705456,3.843296559705456,3.843296559705456,3.843296559705456,3.843296559705456,3.843296559705456,3.843296559705456,3.843296559705456,3.843296559705456,3.843296559705456,3.843296559705456,3.843296559705456,3.843296559705456,3.843296559705456,3.843296559705456,3.843296559705456,3.843296559705456,3.843296559705456,3.843296559705456,3.843296559705456,3.843296559705456,3.843296559705456,3.843296559705456,3.843296559705456,3.843296559705456,3.843296559705456,3.843296559705456,3.843296559705456,3.843296559705456,3.843296559705456,3.843296559705456,3.843296559705456,3.843296559705456,3.843296559705456,3.843296559705456,3.843296559705456,3.843296559705456,3.843296559705456,3.843296559705456,3.843296559705456,3.843296559705456,3.843296559705456,3.843296559705456,3.843296559705456,3.843296559705456,3.843296559705456,3.843296559705456,3.843296559705456,3.843296559705456,3.843296559705456,3.843296559705456,3.843296559705456,3.843296559705456,3.843296559705456,3.843296559705456,3.843296559705456,3.843296559705456,3.843296559705456,3.843296559705456,3.843296559705456,3.843296559705456,3.843296559705456,3.843296559705456,3.843296559705456,3.843296559705456,3.843296559705456,3.843296559705456,3.843296559705456,3.843296559705456,3.843296559705456,3.843296559705456,3.843296559705456,3.843296559705456,3.843296559705456,3.843296559705456,3.843296559705456,3.843296559705456,3.843296559705456,3.843296559705456,3.843296559705456,3.843296559705456,3.843296559705456,3.843296559705456,3.843296559705456,3.843296559705456,3.843296559705456,3.843296559705456,3.843296559705456,3.843296559705456,3.843296559705456,3.843296559705456,3.843296559705456,3.843296559705456,3.843296559705456,3.843296559705456,3.843296559705456,3.843296559705456,3.843296559705456,3.843296559705456,3.843296559705456,3.843296559705456,3.843296559705456,3.843296559705456,3.843296559705456,3.843296559705456,3.843296559705456,3.843296559705456,3.843296559705456,3.843296559705456,3.843296559705456,3.843296559705456,3.843296559705456,3.843296559705456,3.843296559705456,3.843296559705456,3.843296559705456,3.843296559705456,3.843296559705456,3.843296559705456,3.843296559705456,3.843296559705456,3.843296559705456,3.843296559705456,3.843296559705456,3.843296559705456,3.843296559705456,3.843296559705456,3.843296559705456,3.843296559705456,3.843296559705456,3.843296559705456,3.843296559705456,3.843296559705456,3.843296559705456,3.843296559705456,3.843296559705456,3.843296559705456,3.843296559705456,3.843296559705456,3.843296559705456,3.843296559705456,3.843296559705456,3.843296559705456,3.843296559705456,3.843296559705456,3.843296559705456,3.843296559705456,3.843296559705456,3.843296559705456,3.843296559705456,3.843296559705456,3.843296559705456,3.843296559705456,3.843296559705456,3.843296559705456,3.843296559705456,3.843296559705456,3.843296559705456,3.843296559705456,3.843296559705456,3.843296559705456,3.843296559705456,3.843296559705456,3.843296559705456,3.843296559705456,3.843296559705456,3.843296559705456,3.843296559705456,3.843296559705456,3.843296559705456,3.843296559705456,3.843296559705456,3.843296559705456,3.843296559705456,3.843296559705456,3.843296559705456,3.843296559705456,3.843296559705456,3.843296559705456,3.843296559705456,3.843296559705456,3.843296559705456,3.843296559705456,3.843296559705456,3.843296559705456,3.843296559705456,3.843296559705456,3.843296559705456,3.843296559705456,3.843296559705456,3.843296559705456,3.843296559705456,3.843296559705456,3.843296559705456,3.843296559705456,3.843296559705456,3.843296559705456,3.843296559705456,3.843296559705456,3.843296559705456,3.843296559705456,3.843296559705456,3.843296559705456,3.843296559705456,3.843296559705456,3.843296559705456,3.843296559705456,3.843296559705456,3.843296559705456,3.843296559705456,3.843296559705456,3.843296559705456,3.843296559705456,3.843296559705456,3.843296559705456,3.843296559705456,3.843296559705456,3.843296559705456,3.843296559705456,3.843296559705456,3.843296559705456,3.843296559705456,3.843296559705456,3.843296559705456,3.843296559705456,3.843296559705456,3.843296559705456,3.843296559705456,3.843296559705456,3.843296559705456,3.843296559705456,3.843296559705456,3.843296559705456,3.843296559705456,3.843296559705456,3.843296559705456,3.843296559705456,3.843296559705456,3.843296559705456,3.843296559705456,3.843296559705456,3.843296559705456,3.843296559705456,3.843296559705456,3.843296559705456,3.843296559705456,3.843296559705456,3.843296559705456,3.843296559705456,3.843296559705456,3.843296559705456,3.843296559705456,3.843296559705456,3.843296559705456,3.843296559705456,3.843296559705456,3.843296559705456,3.843296559705456,3.843296559705456,3.843296559705456,3.843296559705456,3.843296559705456,3.843296559705456,3.843296559705456,3.843296559705456,3.843296559705456,3.843296559705456,3.843296559705456,3.843296559705456,3.843296559705456,3.843296559705456,3.843296559705456,3.843296559705456,3.843296559705456,3.843296559705456,3.843296559705456,3.843296559705456,3.843296559705456,3.843296559705456,3.843296559705456,3.843296559705456,3.843296559705456,3.843296559705456,3.843296559705456,3.843296559705456,3.843296559705456,3.843296559705456,3.843296559705456,3.843296559705456,3.843296559705456,3.843296559705456,3.843296559705456,3.843296559705456,3.843296559705456,3.843296559705456,3.843296559705456,3.843296559705456,3.843296559705456,3.843296559705456,3.843296559705456,3.843296559705456,3.843296559705456,3.843296559705456,3.843296559705456,3.843296559705456,3.843296559705456,3.843296559705456,3.843296559705456,3.843296559705456,3.843296559705456,3.843296559705456,3.843296559705456,3.843296559705456,3.843296559705456,3.843296559705456,3.843296559705456,3.843296559705456,3.843296559705456,3.843296559705456,3.843296559705456,3.843296559705456,3.843296559705456,3.843296559705456,3.843296559705456,3.843296559705456,3.843296559705456,3.843296559705456,3.843296559705456,3.843296559705456,3.843296559705456,3.843296559705456,3.843296559705456,3.843296559705456,3.843296559705456,3.843296559705456,3.843296559705456,3.843296559705456,3.843296559705456,3.843296559705456,3.843296559705456,3.843296559705456,3.843296559705456,3.843296559705456,3.843296559705456,3.843296559705456,3.843296559705456,3.843296559705456,3.843296559705456,3.843296559705456,3.843296559705456,3.843296559705456,3.843296559705456,3.843296559705456,3.843296559705456,3.843296559705456,3.843296559705456,3.843296559705456,3.843296559705456,3.843296559705456,3.843296559705456,3.843296559705456,3.843296559705456,3.843296559705456,3.843296559705456,3.843296559705456,3.843296559705456,3.843296559705456,3.843296559705456,3.843296559705456,3.843296559705456,3.843296559705456,3.843296559705456,3.843296559705456,3.843296559705456,3.843296559705456,3.843296559705456,3.843296559705456,3.843296559705456,6.492495460625419,6.18551696279569,6.18551696279569,6.18551696279569,6.18551696279569,6.0289183999942875,6.0289183999942875,6.0289183999942875,6.0289183999942875,6.0289183999942875,6.0289183999942875,6.0289183999942875,6.0289183999942875,6.0289183999942875,6.0289183999942875,6.0289183999942875,6.0289183999942875,6.0289183999942875,6.0289183999942875,6.0289183999942875,6.0289183999942875,6.0289183999942875,6.0289183999942875,6.0289183999942875,6.0289183999942875,6.0289183999942875,6.0289183999942875,4.928712959435124,4.928712959435124,4.928712959435124,4.928712959435124,4.928712959435124,4.928712959435124,4.928712959435124,4.928712959435124,4.928712959435124,4.928712959435124,4.928712959435124,4.928712959435124,4.928712959435124,4.928712959435124,4.461484778998946,4.461484778998946,4.461484778998946,4.461484778998946,4.461484778998946,4.461484778998946,4.461484778998946,4.461484778998946,4.461484778998946,4.461484778998946,4.461484778998946,4.461484778998946,4.461484778998946,4.461484778998946,4.461484778998946,4.461484778998946,4.461484778998946,4.461484778998946,4.461484778998946,4.461484778998946,4.461484778998946,4.461484778998946,4.461484778998946,4.461484778998946,4.461484778998946,4.461484778998946,4.461484778998946,4.461484778998946,4.461484778998946,4.461484778998946,4.461484778998946,4.461484778998946,4.461484778998946,4.461484778998946,4.461484778998946,4.461484778998946,4.461484778998946,4.461484778998946,4.461484778998946,4.461484778998946,4.461484778998946,4.461484778998946,4.461484778998946,4.461484778998946,4.461484778998946,4.461484778998946,4.461484778998946,4.461484778998946,4.461484778998946,4.461484778998946,4.461484778998946,4.461484778998946,4.461484778998946,4.461484778998946,4.461484778998946,4.461484778998946,4.461484778998946,4.461484778998946,4.461484778998946,4.461484778998946,4.461484778998946,4.461484778998946,4.461484778998946,4.461484778998946,4.461484778998946,4.461484778998946,4.461484778998946,4.461484778998946,4.461484778998946,4.461484778998946,4.461484778998946,4.461484778998946,4.461484778998946,4.461484778998946,4.461484778998946,4.461484778998946,4.461484778998946,4.461484778998946,4.461484778998946,4.461484778998946,4.461484778998946,4.461484778998946,4.461484778998946,4.461484778998946,4.461484778998946,4.461484778998946,4.461484778998946,4.461484778998946,4.461484778998946,4.461484778998946,4.461484778998946,4.461484778998946,4.461484778998946,4.461484778998946,4.461484778998946,4.461484778998946,4.461484778998946,4.461484778998946,4.461484778998946,4.461484778998946,4.461484778998946,4.461484778998946,4.461484778998946,4.461484778998946,4.461484778998946,4.461484778998946,4.461484778998946,4.461484778998946,4.461484778998946,4.461484778998946,4.461484778998946,4.461484778998946,4.461484778998946,4.461484778998946,4.461484778998946,4.461484778998946,4.461484778998946,4.461484778998946,4.461484778998946,4.461484778998946,4.461484778998946,4.461484778998946,4.461484778998946,4.461484778998946,4.461484778998946,4.461484778998946,4.461484778998946,4.461484778998946,4.461484778998946,4.461484778998946,4.461484778998946,4.461484778998946,4.461484778998946,4.461484778998946,4.461484778998946,4.461484778998946,4.461484778998946,4.461484778998946,4.461484778998946,4.461484778998946,4.461484778998946,4.461484778998946,4.461484778998946,4.461484778998946,4.461484778998946,4.461484778998946,4.461484778998946,4.461484778998946,4.461484778998946,4.461484778998946,4.461484778998946,4.461484778998946,4.461484778998946,4.461484778998946,4.461484778998946,4.461484778998946,4.461484778998946,4.461484778998946,4.461484778998946,4.461484778998946,4.461484778998946,4.461484778998946,4.461484778998946,4.461484778998946,4.461484778998946,4.461484778998946,4.461484778998946,4.461484778998946,4.461484778998946,4.461484778998946,4.461484778998946,4.461484778998946,4.461484778998946,4.461484778998946,4.461484778998946,4.461484778998946,4.461484778998946,4.461484778998946,4.461484778998946,4.461484778998946,4.461484778998946,4.461484778998946,4.461484778998946,4.461484778998946,4.461484778998946,4.461484778998946,4.461484778998946,4.461484778998946,4.461484778998946,4.461484778998946,4.461484778998946,4.461484778998946,4.461484778998946,4.461484778998946,4.461484778998946,4.461484778998946,4.461484778998946,4.461484778998946,4.461484778998946,4.461484778998946,4.461484778998946,4.461484778998946,4.461484778998946,4.461484778998946,4.461484778998946,4.461484778998946,4.461484778998946,4.461484778998946,4.461484778998946,4.461484778998946,4.461484778998946,4.461484778998946,4.461484778998946,4.461484778998946,4.461484778998946,4.461484778998946,4.461484778998946,4.461484778998946,4.461484778998946,4.461484778998946,4.461484778998946,4.461484778998946,4.461484778998946,4.461484778998946,4.461484778998946,4.461484778998946,4.461484778998946,4.461484778998946,4.461484778998946,4.461484778998946,4.461484778998946,4.461484778998946,4.461484778998946,4.461484778998946,4.461484778998946,4.461484778998946,4.461484778998946,4.461484778998946,4.461484778998946,4.461484778998946,4.461484778998946,4.461484778998946,4.461484778998946,4.461484778998946,4.461484778998946,4.461484778998946,4.461484778998946,4.461484778998946,4.461484778998946,4.461484778998946,4.461484778998946,4.461484778998946,4.461484778998946,4.461484778998946,4.461484778998946,4.461484778998946,4.461484778998946,4.461484778998946,4.461484778998946,4.461484778998946,4.461484778998946,4.461484778998946,4.461484778998946,4.461484778998946,4.461484778998946,4.461484778998946,4.461484778998946,4.461484778998946,4.461484778998946,4.461484778998946,4.461484778998946,4.461484778998946,4.461484778998946,4.461484778998946,4.461484778998946,4.461484778998946,4.461484778998946,4.461484778998946,4.461484778998946,4.461484778998946,4.461484778998946,4.461484778998946,4.461484778998946,4.461484778998946,4.461484778998946,4.461484778998946,4.461484778998946,4.461484778998946,4.461484778998946,4.461484778998946,4.461484778998946,4.461484778998946,4.461484778998946,4.461484778998946,4.461484778998946,4.461484778998946,4.461484778998946,4.461484778998946,4.461484778998946,4.461484778998946,4.461484778998946,4.461484778998946,4.461484778998946,4.461484778998946,4.461484778998946,4.461484778998946,4.461484778998946,4.461484778998946,4.461484778998946,4.461484778998946,4.461484778998946,4.461484778998946,4.461484778998946,4.461484778998946,4.461484778998946,4.461484778998946,4.461484778998946,4.461484778998946,4.461484778998946,4.461484778998946,4.461484778998946,4.461484778998946,4.461484778998946,4.461484778998946,4.461484778998946,4.461484778998946,4.461484778998946,4.461484778998946,4.461484778998946,4.461484778998946,4.461484778998946,4.461484778998946,4.461484778998946,4.461484778998946,4.461484778998946,4.461484778998946,4.461484778998946,4.461484778998946,4.461484778998946,4.461484778998946,4.461484778998946,4.461484778998946,4.461484778998946,4.461484778998946,4.461484778998946,4.461484778998946,4.461484778998946,4.461484778998946,4.461484778998946,4.461484778998946,4.461484778998946,4.461484778998946,4.461484778998946,4.461484778998946,4.461484778998946,4.461484778998946,4.461484778998946,4.461484778998946,4.461484778998946,4.461484778998946,4.461484778998946,4.461484778998946,4.461484778998946,4.461484778998946,4.461484778998946,4.461484778998946,4.461484778998946,4.461484778998946,4.461484778998946,4.461484778998946,4.461484778998946,4.461484778998946,4.461484778998946,4.461484778998946,4.461484778998946,4.461484778998946,4.461484778998946,4.461484778998946,4.461484778998946,4.461484778998946,4.461484778998946,4.461484778998946,4.461484778998946,4.461484778998946,4.461484778998946,4.461484778998946,4.461484778998946,4.461484778998946,4.461484778998946,4.461484778998946,4.461484778998946,4.461484778998946,4.461484778998946,4.461484778998946,4.461484778998946,4.461484778998946,4.461484778998946,4.461484778998946,4.461484778998946,4.461484778998946,4.461484778998946,4.461484778998946,4.461484778998946,4.461484778998946,4.461484778998946,4.461484778998946,4.461484778998946,4.461484778998946,4.461484778998946,4.461484778998946,4.461484778998946,4.461484778998946,4.461484778998946,4.461484778998946,4.461484778998946,4.461484778998946,4.461484778998946,4.461484778998946,4.461484778998946,4.461484778998946,4.461484778998946,4.461484778998946,4.461484778998946,4.461484778998946,4.461484778998946,4.461484778998946,4.461484778998946,4.461484778998946,4.461484778998946,4.461484778998946,4.461484778998946,4.461484778998946,4.461484778998946,4.461484778998946,4.461484778998946,4.461484778998946,4.461484778998946,4.461484778998946,4.461484778998946,4.461484778998946,4.461484778998946,4.461484778998946,4.461484778998946,4.461484778998946,4.461484778998946,4.461484778998946,4.461484778998946,4.461484778998946,4.461484778998946,4.461484778998946,4.461484778998946,4.461484778998946,4.461484778998946,4.461484778998946,4.461484778998946,4.461484778998946,4.461484778998946,4.461484778998946,4.461484778998946,4.461484778998946,4.461484778998946,4.461484778998946,4.461484778998946,4.461484778998946,4.461484778998946,4.461484778998946,4.461484778998946,4.461484778998946,4.461484778998946,4.461484778998946,4.461484778998946,4.461484778998946,4.461484778998946,4.461484778998946,4.461484778998946,4.461484778998946,4.461484778998946,4.461484778998946,4.461484778998946,4.461484778998946,4.461484778998946,4.461484778998946,4.461484778998946,4.461484778998946,4.461484778998946,4.461484778998946,4.461484778998946,4.461484778998946,4.461484778998946,4.461484778998946,4.461484778998946,4.461484778998946,4.461484778998946,4.461484778998946,4.461484778998946,4.461484778998946,4.461484778998946,4.461484778998946,4.461484778998946,4.461484778998946,4.461484778998946,4.461484778998946,4.461484778998946,4.461484778998946,4.461484778998946,4.461484778998946,4.461484778998946,4.461484778998946,4.461484778998946,4.461484778998946,4.461484778998946,4.461484778998946,4.461484778998946,4.461484778998946,4.461484778998946,4.461484778998946,4.461484778998946,4.461484778998946,4.461484778998946,4.461484778998946,4.461484778998946,4.461484778998946,4.461484778998946,4.461484778998946,4.461484778998946,4.461484778998946,4.461484778998946,4.461484778998946,4.461484778998946,4.461484778998946,4.461484778998946,4.461484778998946,4.461484778998946,4.461484778998946,4.461484778998946,4.461484778998946,4.461484778998946,4.461484778998946,4.461484778998946,4.461484778998946,4.461484778998946,4.461484778998946,4.461484778998946,4.461484778998946,4.461484778998946,4.461484778998946,4.461484778998946,4.461484778998946,4.461484778998946,4.461484778998946,4.461484778998946,4.461484778998946,4.461484778998946,4.461484778998946,4.461484778998946,4.461484778998946,4.461484778998946,4.461484778998946,4.461484778998946,4.461484778998946,4.461484778998946,4.461484778998946,4.461484778998946,4.461484778998946,4.461484778998946,4.461484778998946,4.461484778998946,4.461484778998946,4.461484778998946,4.461484778998946,4.461484778998946,4.461484778998946,4.461484778998946,4.461484778998946,4.461484778998946,4.461484778998946,4.461484778998946,4.461484778998946,4.461484778998946,4.461484778998946,4.461484778998946,4.461484778998946,4.461484778998946,4.461484778998946,4.461484778998946,4.461484778998946,4.461484778998946,4.461484778998946,4.461484778998946,4.461484778998946,4.461484778998946,4.461484778998946,4.461484778998946,4.461484778998946,4.461484778998946,4.461484778998946,4.461484778998946,4.461484778998946,4.461484778998946,4.461484778998946,4.461484778998946,4.461484778998946,4.461484778998946,4.461484778998946,4.461484778998946,4.461484778998946,4.461484778998946,4.461484778998946,4.461484778998946,4.461484778998946,4.461484778998946,4.461484778998946,4.461484778998946,4.461484778998946,4.461484778998946,4.461484778998946,4.461484778998946,4.461484778998946,4.461484778998946,4.461484778998946,4.461484778998946,4.461484778998946,4.461484778998946,4.461484778998946,4.461484778998946,4.461484778998946,4.461484778998946,4.461484778998946,4.461484778998946,4.461484778998946,4.461484778998946,4.461484778998946,4.461484778998946,4.461484778998946,4.461484778998946,4.461484778998946,4.461484778998946,4.461484778998946,4.461484778998946,4.461484778998946,4.461484778998946,4.461484778998946,4.461484778998946,4.461484778998946,4.461484778998946,4.461484778998946,4.461484778998946,4.461484778998946,4.461484778998946,4.461484778998946,4.461484778998946,4.461484778998946,4.461484778998946,4.461484778998946,4.461484778998946,4.461484778998946,4.461484778998946,4.461484778998946,4.461484778998946,4.461484778998946,4.461484778998946,4.461484778998946,4.461484778998946,4.461484778998946,4.461484778998946,4.461484778998946,4.461484778998946,4.461484778998946,4.461484778998946,4.461484778998946,4.461484778998946,4.461484778998946,4.461484778998946,4.461484778998946,4.461484778998946,4.461484778998946,4.461484778998946,4.461484778998946,4.461484778998946,3.8640976297436156,3.8640976297436156,3.8640976297436156,3.8640976297436156,3.8640976297436156,3.8640976297436156,3.8640976297436156,3.8640976297436156,3.8640976297436156,3.8640976297436156,3.8640976297436156,3.8640976297436156,3.8640976297436156,3.8640976297436156,3.8640976297436156,3.8640976297436156,3.8640976297436156,3.8640976297436156,3.8640976297436156,3.8640976297436156,3.8640976297436156,3.8640976297436156,3.8640976297436156,3.8640976297436156,3.8640976297436156,3.8640976297436156,3.8640976297436156,3.8640976297436156,3.8640976297436156,3.8640976297436156,3.8640976297436156,3.8640976297436156,3.8640976297436156,3.8640976297436156,3.8640976297436156,3.8640976297436156,3.8640976297436156,3.8640976297436156,3.8640976297436156,3.8640976297436156,3.8640976297436156,3.8640976297436156,3.8640976297436156,3.8640976297436156,3.8640976297436156,3.8640976297436156,3.8640976297436156,3.8640976297436156,3.8640976297436156,3.8640976297436156,3.8640976297436156,3.8640976297436156,3.8640976297436156,3.8640976297436156,3.8640976297436156,3.8640976297436156,3.8640976297436156,3.8640976297436156,3.8640976297436156,3.8640976297436156,3.8640976297436156,3.8640976297436156,3.8640976297436156,3.8640976297436156,3.8640976297436156,3.8640976297436156,3.8640976297436156,3.8640976297436156,3.8640976297436156,3.8640976297436156,3.8640976297436156,3.8640976297436156,3.8640976297436156,3.8640976297436156,3.8640976297436156,3.8640976297436156,3.8640976297436156,3.8640976297436156,3.8640976297436156,3.8640976297436156,3.8640976297436156,3.8640976297436156,3.8640976297436156,3.8640976297436156,3.8640976297436156,3.8640976297436156,3.8640976297436156,3.8640976297436156,3.8640976297436156,3.8640976297436156,3.8640976297436156,3.8640976297436156,3.8640976297436156,3.8640976297436156,3.8640976297436156,3.8640976297436156,3.8640976297436156,3.8640976297436156,3.8640976297436156,3.8640976297436156,3.8640976297436156,3.8640976297436156,3.8640976297436156,3.8640976297436156,3.8640976297436156,3.8640976297436156,3.8640976297436156,3.8640976297436156,3.8640976297436156,3.8640976297436156,3.8640976297436156,3.8640976297436156,3.8640976297436156,3.8640976297436156,3.8640976297436156,3.8640976297436156,3.8640976297436156,3.8640976297436156,3.8640976297436156,3.8640976297436156,3.8640976297436156,3.8640976297436156,3.8640976297436156,3.8640976297436156,3.8640976297436156,3.8640976297436156,3.8640976297436156,3.8640976297436156,3.8640976297436156,3.8640976297436156,3.8640976297436156,3.8640976297436156,3.8640976297436156,3.8640976297436156,3.8640976297436156,3.8640976297436156,3.8640976297436156,3.8640976297436156,3.8640976297436156,3.8640976297436156,3.8640976297436156,3.8640976297436156,3.8640976297436156,3.8640976297436156,3.8640976297436156,3.8640976297436156,3.8640976297436156,3.8640976297436156,3.8640976297436156,3.8640976297436156,3.8640976297436156,3.8640976297436156,3.8640976297436156,3.8640976297436156,3.8640976297436156,3.8640976297436156,3.8640976297436156,3.8640976297436156,3.8640976297436156,3.8640976297436156,3.8640976297436156,3.8640976297436156,3.8640976297436156,3.8640976297436156,3.8640976297436156,3.8640976297436156,3.8640976297436156,3.8640976297436156,3.8640976297436156,3.8640976297436156,3.8640976297436156,3.8640976297436156,3.8640976297436156,3.8640976297436156,3.8640976297436156,3.8640976297436156,3.8640976297436156,3.8640976297436156,3.8640976297436156,3.8640976297436156,3.8640976297436156,3.8640976297436156,3.8640976297436156,3.8640976297436156,3.8640976297436156,3.8640976297436156,3.8640976297436156,3.8640976297436156,3.8640976297436156,3.8640976297436156,3.8640976297436156,3.8640976297436156,3.8640976297436156,3.8640976297436156,3.8640976297436156,3.8640976297436156,3.8640976297436156,3.8640976297436156,3.8640976297436156,3.8640976297436156,3.8640976297436156,3.8640976297436156,3.8640976297436156,3.8640976297436156,3.8640976297436156,3.8640976297436156,3.8640976297436156,3.8640976297436156,3.8640976297436156,3.8640976297436156,3.8640976297436156,3.8640976297436156,3.8640976297436156,3.8640976297436156,3.8640976297436156,3.8640976297436156,3.8640976297436156,3.8640976297436156,3.8640976297436156,3.8640976297436156,3.8640976297436156,3.8640976297436156,3.8640976297436156,3.8640976297436156,3.8640976297436156,3.8640976297436156,3.8640976297436156,3.8640976297436156,3.8640976297436156,3.8640976297436156,3.8640976297436156,3.8640976297436156,3.8640976297436156,3.8640976297436156,3.8640976297436156,3.8640976297436156,3.8640976297436156,3.8640976297436156,3.8640976297436156,3.8640976297436156,3.8640976297436156,3.8640976297436156,3.8640976297436156,3.8640976297436156,3.8640976297436156,3.8640976297436156,3.8640976297436156,3.8640976297436156,3.8640976297436156,3.8640976297436156,3.8640976297436156,3.8640976297436156,3.8640976297436156,3.8640976297436156,3.8640976297436156,3.8640976297436156,3.8640976297436156,3.8640976297436156,3.8640976297436156,3.8640976297436156,3.8640976297436156,3.8640976297436156,3.8640976297436156,3.8640976297436156,3.8640976297436156,3.8640976297436156,3.8640976297436156,3.8640976297436156,3.8640976297436156,3.8640976297436156,3.8640976297436156,3.8640976297436156,3.8640976297436156,3.8640976297436156,3.8640976297436156,3.8640976297436156,3.8640976297436156,3.8640976297436156,3.8640976297436156,3.8640976297436156,8.565284057577479,8.356985194873683,6.623651525572407,6.623651525572407,6.318169552350327,6.183165331662494,6.183165331662494,6.183165331662494,6.183165331662494,6.183165331662494,6.183165331662494,6.183165331662494,6.183165331662494,6.183165331662494,6.183165331662494,6.183165331662494,6.183165331662494,5.974725665203732,5.974725665203732,5.974725665203732,5.902718508319994,5.902718508319994,5.902718508319994,5.902718508319994,5.902718508319994,5.902718508319994,5.902718508319994,5.902718508319994,5.902718508319994,5.902718508319994,5.902718508319994,5.902718508319994,5.902718508319994,5.902718508319994,5.902718508319994,5.902718508319994,5.902718508319994,5.902718508319994,5.902718508319994,5.902718508319994,5.902718508319994,5.902718508319994,5.902718508319994,5.902718508319994,5.902718508319994,5.902718508319994,5.902718508319994,5.902718508319994,5.902718508319994,5.902718508319994,5.902718508319994,5.902718508319994,5.902718508319994,5.902718508319994,5.902718508319994,5.902718508319994,5.902718508319994,5.902718508319994,5.902718508319994,5.902718508319994,5.902718508319994,5.902718508319994,5.902718508319994,5.902718508319994,5.902718508319994,5.902718508319994,5.902718508319994,5.902718508319994,5.902718508319994,5.902718508319994,5.902718508319994,5.902718508319994,5.902718508319994,5.902718508319994,5.902718508319994,5.902718508319994,5.902718508319994,5.902718508319994,5.902718508319994,5.902718508319994,5.902718508319994,5.902718508319994,5.902718508319994,5.902718508319994,5.902718508319994,5.902718508319994,5.902718508319994,5.902718508319994,5.902718508319994,5.902718508319994,5.902718508319994,5.902718508319994,5.902718508319994,5.902718508319994,5.902718508319994,5.902718508319994,5.902718508319994,5.902718508319994,5.902718508319994,5.902718508319994,5.902718508319994,5.048281329926808,5.048281329926808,5.048281329926808,5.048281329926808,5.048281329926808,5.048281329926808,4.548843927960532,4.548843927960532,4.3971425996139795,4.3971425996139795,4.3971425996139795,4.3971425996139795,4.3971425996139795,4.3971425996139795,4.3971425996139795,4.3971425996139795,4.3971425996139795,4.3971425996139795,4.3971425996139795,4.3971425996139795,4.3971425996139795,4.3971425996139795,4.3971425996139795,4.3971425996139795,4.3971425996139795,4.3971425996139795,4.3971425996139795,4.3971425996139795,4.3971425996139795,4.3971425996139795,4.3971425996139795,4.3971425996139795,4.3971425996139795,4.3971425996139795,4.3971425996139795,4.3971425996139795,4.3971425996139795,4.3971425996139795,4.3971425996139795,4.3971425996139795,4.3971425996139795,4.3971425996139795,4.3971425996139795,4.3971425996139795,4.3971425996139795,4.3971425996139795,4.3971425996139795,4.3971425996139795,4.3971425996139795,4.3971425996139795,4.3971425996139795,4.3971425996139795,4.3971425996139795,4.3971425996139795,4.3971425996139795,4.3971425996139795,4.3971425996139795,4.3971425996139795,4.3971425996139795,4.3971425996139795,4.3971425996139795,4.3971425996139795,4.3971425996139795,4.3971425996139795,4.3971425996139795,4.3971425996139795,4.3971425996139795,4.3971425996139795,4.3971425996139795,4.3971425996139795,4.3971425996139795,4.3971425996139795,4.3971425996139795,4.3971425996139795,4.3971425996139795,4.3971425996139795,4.3971425996139795,4.3971425996139795,4.3971425996139795,4.3971425996139795,4.3971425996139795,4.3971425996139795,4.3971425996139795,4.3971425996139795,4.3971425996139795,4.3971425996139795,4.3971425996139795,4.3971425996139795,4.3971425996139795,4.3971425996139795,4.3971425996139795,4.3971425996139795,4.3971425996139795,4.3971425996139795,4.3971425996139795,4.3971425996139795,4.3971425996139795,4.3971425996139795,4.3971425996139795,4.3971425996139795,4.3971425996139795,4.3971425996139795,4.3971425996139795,4.3971425996139795,4.3971425996139795,4.3971425996139795,4.3971425996139795,4.3971425996139795,4.3971425996139795,4.3971425996139795,4.3971425996139795,4.3971425996139795,4.3971425996139795,4.3971425996139795,4.3971425996139795,4.3971425996139795,4.3971425996139795,4.3971425996139795,4.3971425996139795,4.3971425996139795,4.3971425996139795,4.3971425996139795,4.3971425996139795,4.3971425996139795,4.3971425996139795,4.3971425996139795,4.3971425996139795,4.3971425996139795,4.3971425996139795,4.3971425996139795,4.3971425996139795,4.3971425996139795,4.3971425996139795,4.3971425996139795,4.3971425996139795,4.3971425996139795,4.3971425996139795,4.3971425996139795,4.3971425996139795,4.3971425996139795,4.3971425996139795,4.3971425996139795,4.3971425996139795,4.3971425996139795,4.3971425996139795,4.3971425996139795,4.3971425996139795,4.3971425996139795,4.3971425996139795,4.3971425996139795,4.3971425996139795,4.3971425996139795,4.3971425996139795,4.3971425996139795,4.3971425996139795,4.3971425996139795,4.3971425996139795,4.3971425996139795,4.3971425996139795,4.3971425996139795,4.3971425996139795,4.3971425996139795,4.3971425996139795,4.3971425996139795,4.3971425996139795,4.3971425996139795,4.3971425996139795,4.3971425996139795,4.3971425996139795,4.3971425996139795,4.3971425996139795,4.3971425996139795,4.3971425996139795,4.3971425996139795,4.3971425996139795,4.3971425996139795,4.3971425996139795,4.3971425996139795,4.3971425996139795,4.3971425996139795,4.3971425996139795,4.3971425996139795,4.3971425996139795,4.3971425996139795,4.3971425996139795,4.3971425996139795,4.3971425996139795,4.3971425996139795,4.3971425996139795,4.3971425996139795,4.3971425996139795,4.3971425996139795,4.3971425996139795,4.3971425996139795,4.3971425996139795,4.3971425996139795,4.3971425996139795,4.3971425996139795,4.3971425996139795,4.3971425996139795,4.3971425996139795,4.3971425996139795,4.3971425996139795,4.3971425996139795,4.3971425996139795,4.3971425996139795,4.3971425996139795,4.3971425996139795,4.3971425996139795,4.3971425996139795,4.3971425996139795,4.3971425996139795,4.3971425996139795,4.3971425996139795,4.3971425996139795,4.3971425996139795,4.3971425996139795,4.3971425996139795,4.3971425996139795,4.3971425996139795,4.3971425996139795,4.3971425996139795,4.3971425996139795,4.3971425996139795,4.3971425996139795,4.3971425996139795,4.3971425996139795,4.3971425996139795,4.3971425996139795,4.3971425996139795,4.3971425996139795,4.3971425996139795,4.3971425996139795,4.3971425996139795,4.3971425996139795,4.3971425996139795,4.3971425996139795,4.3971425996139795,4.3971425996139795,4.3971425996139795,4.3971425996139795,4.3971425996139795,4.3971425996139795,4.3971425996139795,4.3971425996139795,4.3971425996139795,4.3971425996139795,4.3971425996139795,4.3971425996139795,4.3971425996139795,4.3971425996139795,4.3971425996139795,4.3971425996139795,4.3971425996139795,4.3971425996139795,4.3971425996139795,4.3971425996139795,4.3971425996139795,4.3971425996139795,4.3971425996139795,4.3971425996139795,4.3971425996139795,4.3971425996139795,4.3971425996139795,4.3971425996139795,4.3971425996139795,4.3971425996139795,4.3971425996139795,4.3971425996139795,4.3971425996139795,4.3971425996139795,4.3971425996139795,4.3971425996139795,4.3971425996139795,4.3971425996139795,4.3971425996139795,4.3971425996139795,4.3971425996139795,4.3971425996139795,4.3971425996139795,4.3971425996139795,4.3971425996139795,4.3971425996139795,4.3971425996139795,4.3971425996139795,4.3971425996139795,4.3971425996139795,4.3971425996139795,4.3971425996139795,4.3971425996139795,4.3971425996139795,4.3971425996139795,4.3971425996139795,4.3971425996139795,4.3971425996139795,4.3971425996139795,4.3971425996139795,4.3971425996139795,4.3971425996139795,4.3971425996139795,4.3971425996139795,4.3971425996139795,4.3971425996139795,4.3971425996139795,4.3971425996139795,4.3971425996139795,4.3971425996139795,4.3971425996139795,4.3971425996139795,4.3971425996139795,4.3971425996139795,4.3971425996139795,4.3971425996139795,4.3971425996139795,4.3971425996139795,4.3971425996139795,4.3971425996139795,4.3971425996139795,4.3971425996139795,4.3971425996139795,4.3971425996139795,4.3971425996139795,4.3971425996139795,4.3971425996139795,4.3971425996139795,4.3971425996139795,4.3971425996139795,4.3971425996139795,4.3971425996139795,4.3971425996139795,4.3971425996139795,4.3971425996139795,4.3971425996139795,4.3971425996139795,4.3971425996139795,4.3971425996139795,4.3971425996139795,4.3971425996139795,4.3971425996139795,4.3971425996139795,4.3971425996139795,4.3971425996139795,4.3971425996139795,4.3971425996139795,4.3971425996139795,4.3971425996139795,4.3971425996139795,4.3971425996139795,4.3971425996139795,4.3971425996139795,4.3971425996139795,4.3971425996139795,4.3971425996139795,4.3971425996139795,4.3971425996139795,4.3971425996139795,4.3971425996139795,4.3971425996139795,4.3971425996139795,4.3971425996139795,4.3971425996139795,4.3971425996139795,4.3971425996139795,4.3971425996139795,4.3971425996139795,4.3971425996139795,4.3971425996139795,4.3971425996139795,4.3971425996139795,4.3971425996139795,4.3971425996139795,4.3971425996139795,4.3971425996139795,4.3971425996139795,4.3971425996139795,4.3971425996139795,4.3971425996139795,4.3971425996139795,4.3971425996139795,4.3971425996139795,4.3971425996139795,4.3971425996139795,4.3971425996139795,4.3971425996139795,4.3971425996139795,4.3971425996139795,4.3971425996139795,4.3971425996139795,4.3971425996139795,4.3971425996139795,4.3971425996139795,4.3971425996139795,4.3971425996139795,4.3971425996139795,4.3971425996139795,4.3971425996139795,4.3971425996139795,4.3971425996139795,4.3971425996139795,4.3971425996139795,4.3971425996139795,4.3971425996139795,4.3971425996139795,4.3971425996139795,4.3971425996139795,4.3971425996139795,4.3971425996139795,4.3971425996139795,4.3971425996139795,4.3971425996139795,4.3971425996139795,4.3971425996139795,4.3971425996139795,4.3971425996139795,4.3971425996139795,4.3971425996139795,4.3971425996139795,4.3971425996139795,4.3971425996139795,4.3971425996139795,4.3971425996139795,4.3971425996139795,4.3971425996139795,4.3971425996139795,4.3971425996139795,4.3971425996139795,4.3971425996139795,4.3971425996139795,4.3971425996139795,4.3971425996139795,4.3971425996139795,4.3971425996139795,4.3971425996139795,4.3971425996139795,4.3971425996139795,4.3971425996139795,4.3971425996139795,4.3971425996139795,4.3971425996139795,4.3971425996139795,4.3971425996139795,4.3971425996139795,4.3971425996139795,4.3971425996139795,4.3971425996139795,4.3971425996139795,4.3971425996139795,4.3971425996139795,4.3971425996139795,4.3971425996139795,4.3971425996139795,4.3971425996139795,4.3971425996139795,4.3971425996139795,4.3971425996139795,4.3971425996139795,4.3971425996139795,4.3971425996139795,4.3971425996139795,4.3971425996139795,4.3971425996139795,4.3971425996139795,4.3971425996139795,4.3971425996139795,4.3971425996139795,4.3971425996139795,4.3971425996139795,4.3971425996139795,4.3971425996139795,4.3971425996139795,4.3971425996139795,4.3971425996139795,4.3971425996139795,4.3971425996139795,4.3971425996139795,4.3971425996139795,4.3971425996139795,4.3971425996139795,4.3971425996139795,4.3971425996139795,4.3971425996139795,4.3971425996139795,4.3971425996139795,4.3971425996139795,4.3971425996139795,4.3971425996139795,4.3971425996139795,4.3971425996139795,4.3971425996139795,4.3971425996139795,4.3971425996139795,4.3971425996139795,4.3971425996139795,4.3971425996139795,4.3971425996139795,4.3971425996139795,4.3971425996139795,4.3971425996139795,4.3971425996139795,4.3971425996139795,4.3971425996139795,4.3971425996139795,4.3971425996139795,4.3971425996139795,4.3971425996139795,4.3971425996139795,4.3971425996139795,4.3971425996139795,4.3971425996139795,4.3971425996139795,4.3971425996139795,4.3971425996139795,4.3971425996139795,4.3971425996139795,4.3971425996139795,4.3971425996139795,4.3971425996139795,4.3971425996139795,4.3971425996139795,4.3971425996139795,4.3971425996139795,4.3971425996139795,4.3971425996139795,4.3971425996139795,4.3971425996139795,4.3971425996139795,4.3971425996139795,4.3971425996139795,4.3971425996139795,4.3971425996139795,4.3971425996139795,4.3971425996139795,4.3971425996139795,4.3971425996139795,4.3971425996139795,4.3971425996139795,4.3971425996139795,4.3971425996139795,4.3971425996139795,4.3971425996139795,4.3971425996139795,4.3971425996139795,4.3971425996139795,4.3971425996139795,4.3971425996139795,4.3971425996139795,4.3971425996139795,4.3971425996139795,4.3971425996139795,4.3971425996139795,4.3971425996139795,4.3971425996139795,4.3971425996139795,4.3971425996139795,4.3971425996139795,4.3971425996139795,4.3971425996139795,4.3971425996139795,4.3971425996139795,4.3971425996139795,4.3971425996139795,4.3971425996139795,4.3971425996139795,4.3971425996139795,4.3971425996139795,4.3971425996139795,4.3971425996139795,4.3971425996139795,4.3971425996139795,4.3971425996139795,4.3971425996139795,4.3971425996139795,4.3971425996139795,4.3971425996139795,4.3971425996139795,4.3971425996139795,4.3971425996139795,4.3971425996139795,4.3971425996139795,4.3971425996139795,4.3971425996139795,4.3971425996139795,4.3971425996139795,4.3971425996139795,4.3971425996139795,4.3971425996139795,4.3971425996139795,4.3971425996139795,4.3971425996139795,4.3971425996139795,4.3971425996139795,4.3971425996139795,4.3971425996139795,4.3971425996139795,4.3971425996139795,4.3971425996139795,4.3971425996139795,4.3971425996139795,4.3971425996139795,4.3971425996139795,4.3971425996139795,4.3971425996139795,4.3971425996139795,4.3971425996139795,4.3971425996139795,4.3971425996139795,4.3971425996139795,4.3971425996139795,4.3971425996139795,4.3971425996139795,4.3971425996139795,4.3971425996139795,4.3971425996139795,4.3971425996139795,4.3971425996139795,4.3971425996139795,4.3971425996139795,4.3971425996139795,4.3971425996139795,4.3971425996139795,4.3971425996139795,4.3971425996139795,4.3971425996139795,4.3971425996139795,4.3971425996139795,4.3971425996139795,4.3971425996139795,4.3971425996139795,4.3971425996139795,4.3971425996139795,4.3971425996139795,4.3971425996139795,4.3971425996139795,4.3971425996139795,4.3971425996139795,4.3971425996139795,4.3971425996139795,4.3971425996139795,4.3971425996139795,4.3971425996139795,4.3971425996139795,4.3971425996139795,4.3971425996139795,4.3971425996139795,4.3971425996139795,4.3971425996139795,4.3971425996139795,4.3971425996139795,4.3971425996139795,4.3971425996139795,4.3971425996139795,4.3971425996139795,4.3971425996139795,4.3971425996139795,4.3971425996139795,4.3971425996139795,4.3971425996139795,4.3971425996139795,4.3971425996139795,4.3971425996139795,4.3971425996139795,4.3971425996139795,4.3971425996139795,4.3971425996139795,4.3971425996139795,4.3971425996139795,4.3971425996139795,4.3971425996139795,4.3971425996139795,4.3971425996139795,4.3971425996139795,4.3971425996139795,4.3971425996139795,4.3971425996139795,4.3971425996139795,4.3971425996139795,4.3971425996139795,4.3971425996139795,4.3971425996139795,4.3971425996139795,4.3971425996139795,4.3971425996139795,4.3971425996139795,4.3971425996139795,4.3971425996139795,4.3971425996139795,4.3971425996139795,4.3971425996139795,4.3971425996139795,4.3971425996139795,4.3971425996139795,4.3971425996139795,4.3971425996139795,4.3971425996139795,4.3971425996139795,4.3971425996139795,4.3971425996139795,4.3971425996139795,4.3971425996139795,4.3971425996139795,4.3971425996139795,4.3971425996139795,4.3971425996139795,4.3971425996139795,4.3971425996139795,4.3971425996139795,4.3971425996139795,4.3971425996139795,4.3971425996139795,4.3971425996139795,4.3971425996139795,4.3971425996139795,4.3971425996139795,4.3971425996139795,4.3971425996139795,4.3971425996139795,4.3971425996139795,4.3971425996139795,4.3971425996139795,4.3971425996139795,4.3971425996139795,4.3971425996139795,4.3971425996139795,4.3971425996139795,4.3971425996139795,4.3971425996139795,4.3971425996139795,4.3971425996139795,4.3971425996139795,4.3971425996139795,4.3971425996139795,4.3971425996139795,4.3971425996139795,4.3971425996139795,4.3971425996139795,4.3971425996139795,4.3971425996139795,4.3971425996139795,4.3971425996139795,4.3971425996139795,4.3971425996139795,4.3971425996139795,4.3971425996139795,4.3971425996139795,4.3971425996139795,4.3971425996139795,4.3971425996139795,4.3971425996139795,4.3971425996139795,4.3971425996139795,4.3971425996139795,4.3971425996139795,4.3971425996139795,4.3971425996139795,4.3971425996139795,4.3971425996139795,4.3971425996139795,4.3971425996139795,4.3971425996139795,4.3971425996139795,4.3971425996139795,4.3971425996139795,4.3971425996139795,4.3971425996139795,4.3971425996139795,4.3971425996139795,4.3971425996139795,4.3971425996139795,4.3971425996139795,4.3971425996139795,4.3971425996139795,4.3971425996139795,4.3971425996139795,4.3971425996139795,4.3971425996139795,4.3971425996139795,4.3971425996139795,4.3971425996139795,4.3971425996139795,4.3971425996139795,4.3971425996139795,4.3971425996139795,4.3971425996139795,4.3971425996139795,4.3971425996139795,4.3971425996139795,4.3971425996139795,4.3971425996139795,4.3971425996139795,4.3971425996139795,4.333384489085739,4.333384489085739,4.333384489085739,4.333384489085739,4.333384489085739,4.333384489085739,4.333384489085739,4.333384489085739,4.333384489085739,4.333384489085739,4.333384489085739,4.333384489085739,4.333384489085739,4.333384489085739,4.333384489085739,4.333384489085739,4.333384489085739,4.333384489085739,4.333384489085739,4.333384489085739,4.333384489085739,4.333384489085739,4.333384489085739,4.333384489085739,4.333384489085739,4.333384489085739,4.333384489085739,4.333384489085739,4.333384489085739,4.333384489085739,4.333384489085739,4.333384489085739,4.333384489085739,4.333384489085739,4.333384489085739,4.333384489085739,4.333384489085739,4.209431004775572,4.209431004775572,4.209431004775572,4.209431004775572,4.209431004775572,4.209431004775572,4.015511365239311,4.015511365239311,4.015511365239311,4.015511365239311,4.015511365239311,4.015511365239311,4.015511365239311,4.015511365239311,4.015511365239311,4.015511365239311,4.015511365239311,4.015511365239311,4.015511365239311,4.015511365239311,4.015511365239311,4.015511365239311,4.015511365239311,4.015511365239311,4.015511365239311,4.015511365239311,4.015511365239311,4.015511365239311,4.015511365239311,4.015511365239311,4.015511365239311,4.015511365239311,4.015511365239311,4.015511365239311,4.015511365239311,4.015511365239311,4.015511365239311,4.015511365239311,4.015511365239311,4.015511365239311,4.015511365239311,4.015511365239311,4.015511365239311,4.015511365239311,4.015511365239311,4.015511365239311,4.015511365239311,4.015511365239311,4.015511365239311,4.015511365239311,4.015511365239311,4.015511365239311,4.015511365239311,4.015511365239311,4.015511365239311,4.015511365239311,4.015511365239311,4.015511365239311,4.015511365239311,4.015511365239311,4.015511365239311,4.015511365239311,4.015511365239311,4.015511365239311,4.015511365239311,4.015511365239311,4.015511365239311,4.015511365239311,4.015511365239311,4.015511365239311,4.015511365239311,4.015511365239311,7.185480443747332,7.185480443747332,7.185480443747332,7.133743458022481,7.133743458022481,7.133743458022481,7.133743458022481,7.133743458022481,7.133743458022481,3.8757079433944113,3.8757079433944113,3.8757079433944113,3.8757079433944113,3.8757079433944113,3.8757079433944113,3.8757079433944113,3.8757079433944113,3.8757079433944113,3.8757079433944113,3.8757079433944113,3.8757079433944113,3.8757079433944113,3.8757079433944113,3.8757079433944113,3.8757079433944113,3.8757079433944113,3.8757079433944113,3.8757079433944113,3.8757079433944113,3.8757079433944113,3.8757079433944113,3.8757079433944113,3.8757079433944113,3.8757079433944113,3.8757079433944113,3.8757079433944113,3.8757079433944113,3.8757079433944113,3.8757079433944113,3.8757079433944113,3.8757079433944113,3.8757079433944113,3.8757079433944113,3.8757079433944113,3.8757079433944113,3.8757079433944113,3.8757079433944113,3.8757079433944113,3.8757079433944113,3.8757079433944113,3.8757079433944113,3.8757079433944113,3.8757079433944113,3.8757079433944113,3.8757079433944113,3.8757079433944113,3.8757079433944113,3.8757079433944113,3.8757079433944113,3.8757079433944113,3.8757079433944113,3.8757079433944113,3.8757079433944113,3.8757079433944113,3.8757079433944113,3.8757079433944113,3.8757079433944113,3.8757079433944113,3.8757079433944113,3.8757079433944113,3.8757079433944113,3.8757079433944113,3.8757079433944113,3.8757079433944113,3.8757079433944113,3.8757079433944113,3.8757079433944113,3.8757079433944113,3.8757079433944113,3.8757079433944113,3.8757079433944113,3.8757079433944113,3.8757079433944113,3.8757079433944113,3.8757079433944113,3.8757079433944113,3.8757079433944113,3.8757079433944113,3.8757079433944113,3.8757079433944113,3.8757079433944113,3.8757079433944113,3.8757079433944113,3.8757079433944113,3.8757079433944113,3.8757079433944113,3.8757079433944113,3.8757079433944113,3.8757079433944113,3.8757079433944113,3.8757079433944113,3.8757079433944113,3.8757079433944113,3.8757079433944113,3.8757079433944113,3.8757079433944113,3.8757079433944113,3.8757079433944113,3.8757079433944113,3.8757079433944113,3.8757079433944113,3.8757079433944113,3.8757079433944113,3.8757079433944113,3.8757079433944113,3.8757079433944113,3.8757079433944113,3.8757079433944113,3.8757079433944113,3.8757079433944113,3.8757079433944113,3.8757079433944113,3.8757079433944113,3.8757079433944113,3.8757079433944113,3.8757079433944113,3.8757079433944113,3.8757079433944113,3.8757079433944113,3.8757079433944113,3.8757079433944113,3.8757079433944113,3.8757079433944113,3.8757079433944113,3.8757079433944113,3.8757079433944113,3.8757079433944113,3.8757079433944113,3.8757079433944113,3.8757079433944113,3.8757079433944113,3.8757079433944113,3.8757079433944113,3.8757079433944113,3.8757079433944113,3.8757079433944113,3.8757079433944113,3.8757079433944113,3.8757079433944113,3.8757079433944113,3.8757079433944113,3.8757079433944113,3.8757079433944113,3.8757079433944113,3.8757079433944113,3.8757079433944113,3.8757079433944113,3.8757079433944113,3.8757079433944113,3.8757079433944113,3.8757079433944113,3.8757079433944113,3.8757079433944113,3.8757079433944113,3.8757079433944113,3.8757079433944113,3.8757079433944113,3.8757079433944113,3.8757079433944113,3.8757079433944113,3.8757079433944113,3.8757079433944113,3.8757079433944113,3.8757079433944113,3.8757079433944113,3.8757079433944113,3.8757079433944113,3.8757079433944113,3.8757079433944113,3.8757079433944113,3.8757079433944113,3.8757079433944113,3.8757079433944113,3.8757079433944113,3.8757079433944113,3.8757079433944113,3.8757079433944113,3.8757079433944113,3.8757079433944113,3.8757079433944113,3.8757079433944113,3.8757079433944113,3.8757079433944113,3.8757079433944113,3.8757079433944113,3.8757079433944113,3.8757079433944113,3.8757079433944113,3.8757079433944113,3.8757079433944113,3.8757079433944113,3.8757079433944113,3.8757079433944113,3.8757079433944113,3.8757079433944113,3.8757079433944113,3.8757079433944113,3.8757079433944113,3.8757079433944113,3.8757079433944113,3.8757079433944113,3.8757079433944113,3.8757079433944113,3.8757079433944113,3.8757079433944113,3.8757079433944113,3.8757079433944113,3.8757079433944113,3.8757079433944113,3.8757079433944113,3.8757079433944113,3.8757079433944113,3.8757079433944113,3.8757079433944113,3.8757079433944113,3.8757079433944113,3.8757079433944113,3.8757079433944113,3.8757079433944113,3.8757079433944113,3.8757079433944113,3.8757079433944113,3.8757079433944113,3.8757079433944113,3.8757079433944113,3.8757079433944113,3.8757079433944113,3.8757079433944113,3.8757079433944113,3.8757079433944113,3.8757079433944113,3.8757079433944113,3.8757079433944113,3.8757079433944113,3.8757079433944113,3.8757079433944113,3.8757079433944113,3.8757079433944113,3.8757079433944113,3.8757079433944113,3.8757079433944113,3.8757079433944113,3.8757079433944113,3.8757079433944113,3.8757079433944113,3.8757079433944113,3.8757079433944113,3.8757079433944113,3.8757079433944113,3.8757079433944113,3.8757079433944113,3.8757079433944113,3.8757079433944113,3.8757079433944113,3.8757079433944113,3.8757079433944113,3.8757079433944113,3.8757079433944113,3.8757079433944113,3.8757079433944113,3.8757079433944113,3.8757079433944113,3.8757079433944113,3.8757079433944113,3.8757079433944113,3.8757079433944113,3.8757079433944113,3.8757079433944113,3.8757079433944113,3.8757079433944113,3.8757079433944113,3.8757079433944113,3.8757079433944113,3.8757079433944113,3.8757079433944113,3.8757079433944113,3.8757079433944113,3.8757079433944113,3.8757079433944113,3.8757079433944113,3.8757079433944113,3.8757079433944113,3.8757079433944113,3.8757079433944113,3.8757079433944113,3.8757079433944113,3.8757079433944113,3.8757079433944113,3.8757079433944113,3.8757079433944113,3.8757079433944113,3.8757079433944113,3.8757079433944113,3.8757079433944113,3.8757079433944113,3.8757079433944113,3.8757079433944113,3.8757079433944113,3.8757079433944113,3.8757079433944113,3.8757079433944113,3.8757079433944113,3.8757079433944113,3.8757079433944113,3.8757079433944113,3.8757079433944113,3.8757079433944113,3.8757079433944113,3.8757079433944113,3.8757079433944113,3.8757079433944113,3.8757079433944113,3.8757079433944113,3.8757079433944113,3.8757079433944113,3.8757079433944113,3.8757079433944113,3.8757079433944113,3.8757079433944113,3.8757079433944113,3.8757079433944113,3.8757079433944113,3.8757079433944113,3.8757079433944113,3.8757079433944113,3.8757079433944113,3.8757079433944113,3.8757079433944113,3.8757079433944113,3.8757079433944113,3.8757079433944113,3.8757079433944113,3.8757079433944113,3.8757079433944113,3.8757079433944113,3.8757079433944113,3.8757079433944113,3.8757079433944113,3.8757079433944113,3.8757079433944113,3.8757079433944113,3.8757079433944113,3.8757079433944113,3.8757079433944113,3.8757079433944113,3.8757079433944113,3.8757079433944113,3.8757079433944113,3.8757079433944113,3.8757079433944113,3.8757079433944113,3.8757079433944113,3.8757079433944113,3.8757079433944113,3.8757079433944113,3.8757079433944113,3.8757079433944113,3.8757079433944113,3.8757079433944113,3.8757079433944113,3.8757079433944113,3.8757079433944113,3.8757079433944113,3.8757079433944113,3.8757079433944113,3.8757079433944113,3.8757079433944113,3.8757079433944113,3.8757079433944113,3.8757079433944113,3.8757079433944113,3.8757079433944113,3.8757079433944113,3.8757079433944113,3.8757079433944113,3.8757079433944113,3.8757079433944113,3.8757079433944113,3.8757079433944113,3.8757079433944113,3.8757079433944113,3.8757079433944113,3.8757079433944113,3.8757079433944113,3.8757079433944113,3.8757079433944113,3.8757079433944113,3.8757079433944113,3.8757079433944113,3.8757079433944113,3.8757079433944113,3.8757079433944113,3.8757079433944113,3.8757079433944113,3.8757079433944113,3.8757079433944113,3.8757079433944113,3.8757079433944113,3.8757079433944113,3.8757079433944113,3.8757079433944113,3.8757079433944113,3.8757079433944113,3.8757079433944113,3.8757079433944113,3.8757079433944113,3.8757079433944113,3.8757079433944113,3.8757079433944113,3.8757079433944113,3.8757079433944113,3.8757079433944113,3.8757079433944113,3.8757079433944113,3.8757079433944113,3.8757079433944113,3.8757079433944113,3.8757079433944113,3.8757079433944113,3.8757079433944113,3.8757079433944113,3.8757079433944113,3.8757079433944113,3.8757079433944113,3.8757079433944113,3.8757079433944113,3.8757079433944113,3.8757079433944113,3.8757079433944113,3.8757079433944113,3.8757079433944113,3.8757079433944113,3.8757079433944113,3.8757079433944113,3.8757079433944113,3.8757079433944113,3.8757079433944113,3.8757079433944113,3.8757079433944113,3.8757079433944113,3.8757079433944113,3.8757079433944113,3.8757079433944113,3.8757079433944113,3.8757079433944113,3.8757079433944113,3.8757079433944113,3.8757079433944113,3.8757079433944113,3.8757079433944113,3.8757079433944113,3.8757079433944113,3.8757079433944113,3.8757079433944113,3.8757079433944113,3.8757079433944113,3.8757079433944113,3.8757079433944113,3.8757079433944113,3.8757079433944113,3.8757079433944113,3.8757079433944113,3.8757079433944113,3.8757079433944113,3.8757079433944113,3.8757079433944113,3.8757079433944113,3.8757079433944113,3.8757079433944113,3.8757079433944113,3.8757079433944113,3.8757079433944113,3.8757079433944113,3.8757079433944113,3.8757079433944113,3.8757079433944113,3.8757079433944113,3.8757079433944113,3.8757079433944113,3.8757079433944113,3.8757079433944113,3.8757079433944113,3.8757079433944113,3.8757079433944113,3.8757079433944113,3.8757079433944113,3.8757079433944113,3.8757079433944113,3.8757079433944113,3.8757079433944113,3.8757079433944113,3.8757079433944113,3.8757079433944113,3.8757079433944113,3.8757079433944113,3.8757079433944113,3.8757079433944113,3.8757079433944113,3.8757079433944113,3.8757079433944113,3.8757079433944113,3.8757079433944113,3.8757079433944113,3.8757079433944113,3.8757079433944113,3.8757079433944113,3.8757079433944113,3.8757079433944113,3.8757079433944113,3.8757079433944113,3.8757079433944113,3.8757079433944113,3.8757079433944113,3.8757079433944113,3.8757079433944113,3.8757079433944113,3.8757079433944113,3.8757079433944113,3.8757079433944113,3.8757079433944113,3.8757079433944113,3.8757079433944113,3.8757079433944113,3.8757079433944113,3.8757079433944113,3.8757079433944113,3.8757079433944113,3.8757079433944113,3.8757079433944113,3.8757079433944113,3.8757079433944113,3.8757079433944113,3.8757079433944113,3.8757079433944113,3.8757079433944113,3.8757079433944113,3.8757079433944113,3.8757079433944113,3.8757079433944113,3.8757079433944113,3.8757079433944113,3.8757079433944113,3.8757079433944113,3.8757079433944113,3.8757079433944113,3.8757079433944113,3.8757079433944113,3.8757079433944113,3.8757079433944113,3.8757079433944113,3.8757079433944113,3.8757079433944113,3.8757079433944113,3.8757079433944113,3.8757079433944113,3.8757079433944113,3.8757079433944113,3.8757079433944113,3.8757079433944113,3.8757079433944113,3.8757079433944113,3.8757079433944113,3.8757079433944113,3.8757079433944113,3.8757079433944113,3.8757079433944113,3.8757079433944113,3.8757079433944113,3.8757079433944113,3.8757079433944113,3.8757079433944113,3.8757079433944113,3.8757079433944113,3.8757079433944113,3.8757079433944113,3.8757079433944113,3.8757079433944113,3.8757079433944113,3.8757079433944113,3.8757079433944113,3.8757079433944113,3.8757079433944113,3.8757079433944113,3.8757079433944113,3.8757079433944113,3.8757079433944113,3.8757079433944113,3.8757079433944113,3.8757079433944113,3.8757079433944113,3.8757079433944113,3.8757079433944113,3.8757079433944113,3.8757079433944113,3.8757079433944113,3.8757079433944113,3.8757079433944113,3.8757079433944113,3.8757079433944113,3.8757079433944113,3.8757079433944113,3.8757079433944113,3.8757079433944113,3.8757079433944113,3.8757079433944113,3.8757079433944113,3.8757079433944113,3.8757079433944113,3.8757079433944113,3.8757079433944113,3.8757079433944113,3.8757079433944113,3.8757079433944113,3.8757079433944113,3.8757079433944113,3.8757079433944113,3.8757079433944113,3.8757079433944113,3.8757079433944113,3.8757079433944113,3.8757079433944113,3.8757079433944113,3.8757079433944113,3.8757079433944113,3.8757079433944113,3.8757079433944113,3.8757079433944113,3.8757079433944113,3.8757079433944113,3.8757079433944113,3.8757079433944113,3.8757079433944113,3.8757079433944113,3.8757079433944113,3.8757079433944113,3.8757079433944113,3.8757079433944113,3.8757079433944113,3.8757079433944113,3.8757079433944113,3.8757079433944113,3.8757079433944113,3.8757079433944113,3.8757079433944113,3.8757079433944113,3.8757079433944113,3.8757079433944113,3.8757079433944113,3.8757079433944113,3.8757079433944113,3.8757079433944113,3.8757079433944113,3.8757079433944113,3.8757079433944113,3.8757079433944113,3.8757079433944113,3.8757079433944113,3.8757079433944113,3.8757079433944113,3.8757079433944113,3.8757079433944113,3.8757079433944113,3.8757079433944113,3.8757079433944113,3.8757079433944113,3.8757079433944113,3.8757079433944113,3.8757079433944113,3.8757079433944113,3.8757079433944113,3.8757079433944113,3.8757079433944113,3.8757079433944113,3.8757079433944113,3.8757079433944113,3.8757079433944113,3.8757079433944113,3.8757079433944113,3.8757079433944113,3.8757079433944113,3.8757079433944113,3.8757079433944113,3.8757079433944113,3.8757079433944113,3.8757079433944113,3.8757079433944113,3.8757079433944113,3.8757079433944113,3.8757079433944113,3.8757079433944113,3.8757079433944113,3.8757079433944113,3.8757079433944113,3.8757079433944113,3.8757079433944113,3.8757079433944113,3.8757079433944113,3.8757079433944113,3.8757079433944113,3.8757079433944113,3.8757079433944113,3.8757079433944113,3.8757079433944113,3.8757079433944113,3.8757079433944113,3.8757079433944113,3.8757079433944113,3.8757079433944113,3.8757079433944113,3.8757079433944113,3.8757079433944113,3.8757079433944113,3.8757079433944113,3.8757079433944113,3.8757079433944113,3.8757079433944113,3.8757079433944113,3.8757079433944113,3.8757079433944113,3.8757079433944113,3.8757079433944113,3.8757079433944113,3.8757079433944113,3.8757079433944113,3.8757079433944113,3.8757079433944113,3.8757079433944113,3.8757079433944113,3.8757079433944113,3.8757079433944113,3.8757079433944113,3.8757079433944113,3.8757079433944113,3.8757079433944113,3.8757079433944113,3.8757079433944113,3.8757079433944113,3.8757079433944113,3.8757079433944113,3.8757079433944113,3.8757079433944113,3.8757079433944113,3.8757079433944113,3.8757079433944113,3.8757079433944113,3.8757079433944113,3.8757079433944113,3.8757079433944113,3.8757079433944113,3.8757079433944113,3.8757079433944113,3.8757079433944113,3.8757079433944113,3.8757079433944113,3.8757079433944113,3.8757079433944113,3.8757079433944113,3.8757079433944113,3.8757079433944113,3.8757079433944113,3.8757079433944113,3.8757079433944113,3.8757079433944113,3.8757079433944113,3.8757079433944113,3.8757079433944113,3.8757079433944113,3.8757079433944113,3.8757079433944113,3.8757079433944113,3.8757079433944113,3.8757079433944113,3.8757079433944113,3.8757079433944113,3.8757079433944113,3.8757079433944113,3.8757079433944113,3.8757079433944113,3.8757079433944113,3.8757079433944113,3.8757079433944113,3.8757079433944113,3.8757079433944113,3.8757079433944113,3.8757079433944113,3.8757079433944113,3.8757079433944113,3.8757079433944113,3.8757079433944113,3.8757079433944113,3.8757079433944113,3.8757079433944113,3.8757079433944113,3.8757079433944113,3.8757079433944113,3.8757079433944113,3.8757079433944113,3.8757079433944113,3.8757079433944113,3.8757079433944113,3.8757079433944113,3.8757079433944113,3.8757079433944113,3.8757079433944113,3.8757079433944113,3.8757079433944113,3.8757079433944113,3.8757079433944113,3.8757079433944113,3.8757079433944113,3.8757079433944113,3.8757079433944113,3.8757079433944113,3.8757079433944113,3.8757079433944113,3.8757079433944113,3.8757079433944113,3.8757079433944113,3.8757079433944113,3.8757079433944113,3.8757079433944113,3.8757079433944113,3.8757079433944113,3.8757079433944113,3.8757079433944113,3.8757079433944113,3.8757079433944113,3.8757079433944113,3.8757079433944113,3.8757079433944113,3.8757079433944113,3.8757079433944113,3.8757079433944113,3.8757079433944113,3.8757079433944113,3.8757079433944113,3.8757079433944113,3.8757079433944113,3.8757079433944113,3.8757079433944113,3.8757079433944113,3.8757079433944113,3.8757079433944113,3.8757079433944113,3.8757079433944113,3.8757079433944113,3.8757079433944113,3.8757079433944113,3.8757079433944113,3.8757079433944113,3.8757079433944113,3.8757079433944113,3.8757079433944113,3.8757079433944113,3.8757079433944113,3.8757079433944113,3.8757079433944113,3.8757079433944113,3.8757079433944113,3.8757079433944113,3.8757079433944113,3.8757079433944113,3.8757079433944113,3.8757079433944113,3.8757079433944113,3.8757079433944113,3.8757079433944113,3.8757079433944113,3.8757079433944113,3.8757079433944113,3.8757079433944113,3.8757079433944113,3.8757079433944113,3.8757079433944113,3.8757079433944113,3.8757079433944113,3.8757079433944113,3.8757079433944113,3.8757079433944113,3.8757079433944113,3.8757079433944113,3.8757079433944113,3.8757079433944113,3.8757079433944113,3.8757079433944113,3.8757079433944113,3.8757079433944113,3.8757079433944113,3.8757079433944113,3.8757079433944113,3.8757079433944113,3.8757079433944113,3.8757079433944113,3.8757079433944113,3.8757079433944113,3.8757079433944113,3.8757079433944113,3.8757079433944113,3.8757079433944113,3.8757079433944113,3.8757079433944113,3.8757079433944113,3.8757079433944113,3.8757079433944113,3.8757079433944113,3.8757079433944113,3.8757079433944113,3.8757079433944113,3.8757079433944113,3.8757079433944113,3.8757079433944113,3.8757079433944113,3.8757079433944113,3.8757079433944113,3.8757079433944113,3.8757079433944113,3.8757079433944113,3.8757079433944113,3.8757079433944113,3.8757079433944113,3.8757079433944113,3.8757079433944113,3.8757079433944113,3.8757079433944113,3.8757079433944113,3.8757079433944113,3.8757079433944113,3.8757079433944113,3.8757079433944113,3.8757079433944113,3.8757079433944113,3.8757079433944113,3.8757079433944113,3.8757079433944113,3.8757079433944113,3.8757079433944113,3.8757079433944113,3.8757079433944113,3.8757079433944113,3.8757079433944113,3.8757079433944113,3.8757079433944113,3.8757079433944113,3.8757079433944113,3.8757079433944113,3.8757079433944113,3.8757079433944113,3.8757079433944113,3.8757079433944113,3.8757079433944113,3.8757079433944113,3.8757079433944113,3.8757079433944113,3.8757079433944113,3.8757079433944113,3.8757079433944113,3.8757079433944113,3.8757079433944113,3.8757079433944113,3.8757079433944113,3.8757079433944113,3.8757079433944113,3.8757079433944113,3.8757079433944113,3.8757079433944113,3.8757079433944113,3.8757079433944113,3.8757079433944113,3.8757079433944113,3.8757079433944113,3.8757079433944113,3.8757079433944113,3.8757079433944113,3.8757079433944113,3.8757079433944113,3.8757079433944113,3.8757079433944113,3.8757079433944113,3.8757079433944113,3.8757079433944113,3.8757079433944113,3.8757079433944113,3.8757079433944113,3.8757079433944113,3.8757079433944113,3.8757079433944113,3.8757079433944113,3.8757079433944113,3.8757079433944113,3.8757079433944113,8.381185218805372,8.171560645547022,8.171560645547022,8.171560645547022,8.171560645547022,8.171560645547022,8.171560645547022,8.171560645547022,8.171560645547022,7.241422502922944,7.241422502922944,7.241422502922944,7.241422502922944,7.241422502922944,7.241422502922944,7.241422502922944,7.241422502922944,7.241422502922944,7.241422502922944,7.241422502922944,7.241422502922944,7.241422502922944,7.241422502922944,7.241422502922944,7.241422502922944,7.241422502922944,7.241422502922944,7.241422502922944,7.241422502922944,7.241422502922944,7.241422502922944,7.241422502922944,7.241422502922944,7.241422502922944,7.241422502922944,7.241422502922944,7.241422502922944,6.975888689646326,6.975888689646326,6.975888689646326,6.68748990735663,6.68748990735663,6.68748990735663,6.68748990735663,6.68748990735663,6.68748990735663,6.68748990735663,6.68748990735663,6.68748990735663,6.68748990735663,6.029393435579307,6.029393435579307,6.029393435579307,6.029393435579307,6.029393435579307,6.029393435579307,5.953667668479005,5.953667668479005,5.953667668479005,5.209697235305636,5.209697235305636,5.209697235305636,5.209697235305636,5.209697235305636,5.209697235305636,5.190603402246281,5.190603402246281,5.190603402246281,5.190603402246281,5.190603402246281,5.190603402246281,5.190603402246281,5.190603402246281,5.190603402246281,5.190603402246281,5.190603402246281,5.190603402246281,5.190603402246281,5.190603402246281,5.190603402246281,5.190603402246281,5.190603402246281,5.190603402246281,5.190603402246281,5.190603402246281,5.190603402246281,5.190603402246281,5.190603402246281,5.190603402246281,5.190603402246281,5.190603402246281,5.190603402246281,5.190603402246281,5.190603402246281,5.190603402246281,5.190603402246281,5.190603402246281,5.190603402246281,5.190603402246281,5.190603402246281,5.190603402246281,5.190603402246281,5.190603402246281,5.190603402246281,5.190603402246281,5.190603402246281,5.190603402246281,5.190603402246281,5.190603402246281,5.190603402246281,5.190603402246281,5.190603402246281,5.190603402246281,5.190603402246281,5.190603402246281,5.190603402246281,5.190603402246281,5.190603402246281,5.190603402246281,5.190603402246281,5.190603402246281,5.190603402246281,5.190603402246281,5.190603402246281,5.190603402246281,5.190603402246281,5.190603402246281,5.190603402246281,5.190603402246281,5.190603402246281,5.190603402246281,5.190603402246281,5.190603402246281,5.190603402246281,5.190603402246281,5.190603402246281,5.190603402246281,5.190603402246281,5.190603402246281,5.190603402246281,5.190603402246281,5.190603402246281,5.190603402246281,5.190603402246281,5.190603402246281,5.190603402246281,5.190603402246281,5.190603402246281,5.190603402246281,5.190603402246281,5.190603402246281,5.190603402246281,5.190603402246281,5.190603402246281,5.190603402246281,5.190603402246281,5.190603402246281,5.190603402246281,5.190603402246281,5.190603402246281,5.190603402246281,5.190603402246281,5.190603402246281,5.190603402246281,5.190603402246281,5.190603402246281,5.190603402246281,5.190603402246281,5.190603402246281,5.190603402246281,5.190603402246281,5.190603402246281,5.190603402246281,5.190603402246281,5.190603402246281,5.190603402246281,5.190603402246281,5.190603402246281,5.190603402246281,5.190603402246281,5.190603402246281,5.190603402246281,5.190603402246281,5.190603402246281,5.190603402246281,5.190603402246281,5.190603402246281,5.190603402246281,5.190603402246281,5.190603402246281,5.190603402246281,5.190603402246281,5.190603402246281,5.190603402246281,5.190603402246281,5.190603402246281,5.190603402246281,5.190603402246281,5.190603402246281,5.190603402246281,5.190603402246281,5.190603402246281,5.190603402246281,5.190603402246281,5.190603402246281,5.190603402246281,5.190603402246281,5.190603402246281,5.190603402246281,5.190603402246281,5.190603402246281,5.190603402246281,5.190603402246281,5.190603402246281,5.190603402246281,5.190603402246281,5.190603402246281,5.190603402246281,5.190603402246281,5.190603402246281,5.190603402246281,5.190603402246281,5.190603402246281,5.190603402246281,5.190603402246281,5.190603402246281,5.190603402246281,5.190603402246281,5.190603402246281,5.190603402246281,5.190603402246281,5.190603402246281,5.190603402246281,5.190603402246281,5.190603402246281,5.190603402246281,5.190603402246281,5.190603402246281,5.190603402246281,5.190603402246281,5.190603402246281,5.190603402246281,5.190603402246281,5.190603402246281,5.190603402246281,5.190603402246281,5.190603402246281,5.190603402246281,5.190603402246281,5.190603402246281,5.190603402246281,5.190603402246281,5.190603402246281,5.190603402246281,5.190603402246281,5.190603402246281,5.190603402246281,5.190603402246281,5.190603402246281,5.190603402246281,5.190603402246281,5.190603402246281,5.190603402246281,5.190603402246281,5.190603402246281,5.190603402246281,5.190603402246281,5.190603402246281,5.190603402246281,5.190603402246281,5.190603402246281,5.190603402246281,5.190603402246281,5.190603402246281,5.190603402246281,5.190603402246281,5.190603402246281,5.190603402246281,5.190603402246281,5.190603402246281,5.190603402246281,5.190603402246281,5.190603402246281,5.190603402246281,5.190603402246281,5.190603402246281,5.190603402246281,5.190603402246281,5.190603402246281,5.190603402246281,5.190603402246281,5.190603402246281,5.190603402246281,5.190603402246281,5.190603402246281,5.190603402246281,5.190603402246281,5.190603402246281,5.190603402246281,5.190603402246281,5.190603402246281,5.190603402246281,5.190603402246281,5.190603402246281,5.190603402246281,5.190603402246281,5.190603402246281,5.190603402246281,5.190603402246281,5.190603402246281,5.190603402246281,5.190603402246281,5.190603402246281,5.190603402246281,5.190603402246281,5.190603402246281,5.190603402246281,5.190603402246281,5.190603402246281,5.190603402246281,5.190603402246281,5.190603402246281,5.190603402246281,5.190603402246281,5.190603402246281,5.190603402246281,5.190603402246281,5.190603402246281,5.190603402246281,5.190603402246281,5.190603402246281,5.190603402246281,5.190603402246281,5.190603402246281,5.190603402246281,5.190603402246281,5.190603402246281,5.190603402246281,5.190603402246281,5.190603402246281,5.190603402246281,5.190603402246281,5.190603402246281,5.190603402246281,5.190603402246281,5.190603402246281,5.190603402246281,5.190603402246281,5.190603402246281,5.190603402246281,5.190603402246281,5.190603402246281,5.190603402246281,5.190603402246281,5.190603402246281,5.190603402246281,5.190603402246281,5.190603402246281,5.190603402246281,5.190603402246281,5.190603402246281,5.190603402246281,5.190603402246281,5.190603402246281,5.190603402246281,5.190603402246281,5.190603402246281,5.190603402246281,5.190603402246281,5.190603402246281,5.190603402246281,5.190603402246281,5.190603402246281,5.190603402246281,5.190603402246281,5.190603402246281,5.190603402246281,5.190603402246281,5.190603402246281,5.190603402246281,5.190603402246281,5.190603402246281,5.190603402246281,5.190603402246281,5.190603402246281,5.190603402246281,5.190603402246281,5.190603402246281,5.190603402246281,5.190603402246281,5.190603402246281,5.190603402246281,5.190603402246281,5.190603402246281,5.190603402246281,5.190603402246281,5.190603402246281,5.190603402246281,5.190603402246281,5.190603402246281,5.190603402246281,5.190603402246281,5.190603402246281,5.190603402246281,5.190603402246281,5.190603402246281,5.190603402246281,5.190603402246281,5.190603402246281,5.190603402246281,5.190603402246281,5.190603402246281,5.190603402246281,5.190603402246281,5.190603402246281,5.190603402246281,5.190603402246281,5.190603402246281,5.190603402246281,5.190603402246281,5.190603402246281,5.190603402246281,5.190603402246281,5.190603402246281,5.190603402246281,5.190603402246281,5.190603402246281,5.190603402246281,5.190603402246281,5.190603402246281,5.190603402246281,5.190603402246281,5.190603402246281,5.190603402246281,5.190603402246281,5.190603402246281,5.190603402246281,5.190603402246281,5.190603402246281,5.190603402246281,5.190603402246281,5.190603402246281,5.190603402246281,5.190603402246281,5.190603402246281,5.190603402246281,5.190603402246281,5.190603402246281,5.190603402246281,5.190603402246281,5.190603402246281,5.190603402246281,5.190603402246281,5.190603402246281,5.190603402246281,5.190603402246281,5.190603402246281,5.190603402246281,5.190603402246281,5.190603402246281,5.190603402246281,5.190603402246281,5.190603402246281,5.190603402246281,5.190603402246281,5.190603402246281,5.190603402246281,5.190603402246281,5.190603402246281,5.190603402246281,5.190603402246281,5.190603402246281,5.190603402246281,5.190603402246281,5.190603402246281,5.190603402246281,5.190603402246281,5.190603402246281,5.190603402246281,5.190603402246281,5.190603402246281,5.190603402246281,5.190603402246281,5.190603402246281,5.190603402246281,5.190603402246281,5.190603402246281,5.190603402246281,5.190603402246281,5.190603402246281,5.190603402246281,5.190603402246281,5.190603402246281,5.190603402246281,5.190603402246281,5.190603402246281,5.190603402246281,5.190603402246281,5.190603402246281,5.190603402246281,5.190603402246281,5.190603402246281,5.190603402246281,5.190603402246281,5.190603402246281,5.190603402246281,5.190603402246281,5.190603402246281,5.190603402246281,5.190603402246281,5.190603402246281,5.190603402246281,5.190603402246281,5.190603402246281,5.190603402246281,5.190603402246281,5.190603402246281,5.190603402246281,5.190603402246281,5.190603402246281,5.190603402246281,5.190603402246281,5.190603402246281,5.190603402246281,5.190603402246281,5.190603402246281,5.190603402246281,5.190603402246281,5.190603402246281,5.190603402246281,5.190603402246281,5.190603402246281,5.190603402246281,5.190603402246281,5.190603402246281,5.190603402246281,5.190603402246281,5.190603402246281,5.190603402246281,5.190603402246281,5.190603402246281,5.190603402246281,5.190603402246281,5.190603402246281,5.190603402246281,5.190603402246281,5.190603402246281,5.190603402246281,5.190603402246281,5.190603402246281,5.190603402246281,5.190603402246281,5.190603402246281,5.190603402246281,5.190603402246281,5.190603402246281,5.190603402246281,5.190603402246281,5.190603402246281,5.190603402246281,5.190603402246281,5.190603402246281,5.190603402246281,5.190603402246281,5.190603402246281,5.190603402246281,5.190603402246281,5.190603402246281,5.190603402246281,5.190603402246281,5.190603402246281,5.190603402246281,5.190603402246281,5.190603402246281,5.190603402246281,5.190603402246281,5.190603402246281,5.190603402246281,5.190603402246281,5.190603402246281,5.190603402246281,5.190603402246281,5.190603402246281,5.190603402246281,5.190603402246281,5.190603402246281,5.190603402246281,5.190603402246281,5.190603402246281,5.190603402246281,5.190603402246281,5.190603402246281,5.190603402246281,5.190603402246281,5.190603402246281,5.190603402246281,5.190603402246281,5.190603402246281,5.190603402246281,5.190603402246281,5.190603402246281,5.190603402246281,5.190603402246281,5.190603402246281,5.190603402246281,5.190603402246281,5.190603402246281,5.190603402246281,5.190603402246281,5.190603402246281,5.190603402246281,5.190603402246281,5.190603402246281,5.190603402246281,5.190603402246281,5.190603402246281,5.190603402246281,5.190603402246281,5.190603402246281,5.190603402246281,5.190603402246281,5.190603402246281,5.190603402246281,5.190603402246281,5.190603402246281,5.190603402246281,5.190603402246281,5.190603402246281,5.190603402246281,5.190603402246281,5.190603402246281,5.190603402246281,5.190603402246281,5.190603402246281,5.190603402246281,5.190603402246281,5.190603402246281,5.190603402246281,5.190603402246281,5.190603402246281,5.190603402246281,5.190603402246281,5.190603402246281,5.190603402246281,5.190603402246281,5.190603402246281,5.190603402246281,5.190603402246281,5.190603402246281,5.190603402246281,5.190603402246281,5.190603402246281,5.190603402246281,5.190603402246281,5.190603402246281,5.190603402246281,5.190603402246281,5.190603402246281,5.190603402246281,5.190603402246281,5.190603402246281,5.190603402246281,5.190603402246281,5.190603402246281,5.190603402246281,5.190603402246281,5.190603402246281,5.190603402246281,5.190603402246281,5.190603402246281,5.190603402246281,5.190603402246281,5.190603402246281,5.190603402246281,5.190603402246281,5.190603402246281,5.190603402246281,5.190603402246281,5.190603402246281,5.190603402246281,5.190603402246281,5.190603402246281,5.190603402246281,5.190603402246281,5.190603402246281,5.190603402246281,5.190603402246281,5.190603402246281,5.190603402246281,5.190603402246281,5.190603402246281,5.190603402246281,5.093155652394754,5.058343399196496,5.058343399196496,5.058343399196496,5.058343399196496,5.058343399196496,5.058343399196496,5.058343399196496,5.058343399196496,4.891001104706592,4.889619032032434,4.889619032032434,4.889619032032434,4.889619032032434,4.889619032032434,4.889619032032434,4.889619032032434,4.889619032032434,4.889619032032434,4.889619032032434,4.889619032032434,4.889619032032434,4.863805784804858,4.863805784804858,4.863805784804858,4.863805784804858,4.863805784804858,4.863805784804858,4.863805784804858,4.863805784804858,4.863805784804858,4.863805784804858,4.863805784804858,4.863805784804858,4.863805784804858,4.863805784804858,4.863805784804858,4.863805784804858,4.863805784804858,4.863805784804858,4.863805784804858,4.863805784804858,4.863805784804858,4.863805784804858,4.863805784804858,4.863805784804858,4.863805784804858,4.863805784804858,4.863805784804858,4.863805784804858,4.863805784804858,4.863805784804858,4.863805784804858,4.863805784804858,4.863805784804858,4.863805784804858,4.863805784804858,4.863805784804858,4.863805784804858,4.863805784804858,4.863805784804858,4.863805784804858,4.863805784804858,4.863805784804858,4.863805784804858,4.863805784804858,4.863805784804858,4.863805784804858,4.863805784804858,4.863805784804858,4.863805784804858,4.863805784804858,4.863805784804858,4.863805784804858,4.863805784804858,4.863805784804858,4.863805784804858,4.863805784804858,4.863805784804858,4.863805784804858,4.863805784804858,4.863805784804858,4.863805784804858,4.863805784804858,4.863805784804858,4.863805784804858,4.863805784804858,4.863805784804858,4.863805784804858,4.863805784804858,4.863805784804858,4.863805784804858,4.863805784804858,4.863805784804858,4.863805784804858,4.863805784804858,4.863805784804858,4.863805784804858,4.863805784804858,4.863805784804858,4.863805784804858,4.863805784804858,4.863805784804858,4.863805784804858,4.863805784804858,4.863805784804858,4.863805784804858,4.863805784804858,4.863805784804858,4.863805784804858,4.863805784804858,4.863805784804858,4.863805784804858,4.863805784804858,4.863805784804858,4.863805784804858,4.863805784804858,4.863805784804858,4.863805784804858,4.863805784804858,4.863805784804858,4.863805784804858,4.863805784804858,4.863805784804858,4.863805784804858,4.863805784804858,4.863805784804858,4.863805784804858,4.863805784804858,4.863805784804858,4.863805784804858,4.863805784804858,4.863805784804858,4.863805784804858,4.863805784804858,4.863805784804858,4.863805784804858,4.863805784804858,4.863805784804858,4.863805784804858,4.863805784804858,4.863805784804858,4.863805784804858,4.863805784804858,4.863805784804858,4.863805784804858,4.863805784804858,4.863805784804858,4.863805784804858,4.863805784804858,4.863805784804858,4.863805784804858,4.863805784804858,4.863805784804858,4.863805784804858,4.863805784804858,4.863805784804858,4.863805784804858,4.863805784804858,4.863805784804858,4.863805784804858,4.863805784804858,4.863805784804858,4.863805784804858,4.863805784804858,4.863805784804858,4.863805784804858,4.863805784804858,4.863805784804858,4.863805784804858,4.863805784804858,4.863805784804858,4.863805784804858,4.863805784804858,4.863805784804858,4.863805784804858,4.863805784804858,4.863805784804858,4.863805784804858,4.863805784804858,4.863805784804858,4.863805784804858,4.863805784804858,4.863805784804858,4.863805784804858,4.863805784804858,4.863805784804858,4.863805784804858,4.863805784804858,4.863805784804858,4.863805784804858,4.863805784804858,4.863805784804858,4.863805784804858,4.863805784804858,4.863805784804858,4.863805784804858,4.863805784804858,4.863805784804858,4.863805784804858,4.863805784804858,4.863805784804858,4.863805784804858,4.863805784804858,4.863805784804858,4.863805784804858,4.863805784804858,4.863805784804858,4.863805784804858,4.863805784804858,4.863805784804858,4.863805784804858,4.863805784804858,4.863805784804858,4.863805784804858,4.863805784804858,4.863805784804858,4.863805784804858,4.863805784804858,4.863805784804858,4.863805784804858,4.863805784804858,4.863805784804858,4.863805784804858,4.863805784804858,4.863805784804858,4.863805784804858,4.863805784804858,4.863805784804858,4.863805784804858,4.863805784804858,4.863805784804858,4.863805784804858,4.863805784804858,4.863805784804858,4.863805784804858,4.863805784804858,4.863805784804858,4.863805784804858,4.863805784804858,4.863805784804858,4.863805784804858,4.863805784804858,4.863805784804858,4.863805784804858,4.863805784804858,4.863805784804858,4.863805784804858,4.863805784804858,4.863805784804858,4.863805784804858,4.863805784804858,4.863805784804858,4.863805784804858,4.863805784804858,4.863805784804858,4.863805784804858,4.863805784804858,4.863805784804858,4.863805784804858,4.863805784804858,4.863805784804858,4.863805784804858,4.863805784804858,4.863805784804858,4.863805784804858,4.863805784804858,4.863805784804858,4.863805784804858,4.863805784804858,4.863805784804858,4.863805784804858,4.863805784804858,4.863805784804858,4.863805784804858,4.863805784804858,4.863805784804858,4.863805784804858,4.863805784804858,4.863805784804858,4.863805784804858,4.863805784804858,4.863805784804858,4.863805784804858,4.863805784804858,4.863805784804858,4.863805784804858,4.863805784804858,4.863805784804858,4.863805784804858,4.863805784804858,4.863805784804858,4.863805784804858,4.863805784804858,4.863805784804858,4.863805784804858,4.863805784804858,4.863805784804858,4.863805784804858,4.863805784804858,4.863805784804858,4.863805784804858,4.863805784804858,4.863805784804858,4.863805784804858,4.863805784804858,4.863805784804858,4.863805784804858,7.494355948612931,6.731573536731762,6.731573536731762,6.38577700614718,6.38577700614718,6.38577700614718,6.105642433377544,6.092370546072831,5.603158093044511,5.603158093044511,5.603158093044511,5.603158093044511,5.603158093044511,5.603158093044511,5.603158093044511,5.603158093044511,5.603158093044511,5.603158093044511,5.603158093044511,5.603158093044511,5.603158093044511,5.603158093044511,5.603158093044511,5.603158093044511,5.067273384686022,5.067273384686022,4.614984460718205,4.614984460718205,4.614984460718205,4.614984460718205,4.614984460718205,4.614984460718205,4.614984460718205,4.614984460718205,4.614984460718205,4.614984460718205,4.614984460718205,4.614984460718205,4.614984460718205,4.614984460718205,4.614984460718205,4.614984460718205,4.614984460718205,4.614984460718205,4.614984460718205,4.614984460718205,4.614984460718205,4.614984460718205,4.614984460718205,4.614984460718205,4.614984460718205,4.614303739861029,4.614303739861029,4.614303739861029,4.614303739861029,4.614303739861029,4.614303739861029,4.614303739861029,4.614303739861029,4.614303739861029,4.614303739861029,4.614303739861029,4.614303739861029,4.614303739861029,4.614303739861029,4.614303739861029,4.614303739861029,4.614303739861029,4.614303739861029,4.614303739861029,4.614303739861029,4.614303739861029,4.614303739861029,4.614303739861029,4.614303739861029,4.614303739861029,4.614303739861029,4.614303739861029,4.614303739861029,4.614303739861029,4.614303739861029,4.614303739861029,4.614303739861029,4.614303739861029,4.614303739861029,4.614303739861029,4.614303739861029,4.614303739861029,4.614303739861029,4.614303739861029,4.614303739861029,4.614303739861029,4.614303739861029,4.614303739861029,4.614303739861029,4.614303739861029,4.614303739861029,4.614303739861029,4.614303739861029,4.614303739861029,4.614303739861029,4.614303739861029,4.614303739861029,4.614303739861029,4.614303739861029,4.614303739861029,4.614303739861029,4.614303739861029,4.614303739861029,4.614303739861029,4.614303739861029,4.614303739861029,4.614303739861029,4.614303739861029,4.614303739861029,4.614303739861029,4.614303739861029,4.614303739861029,4.614303739861029,4.614303739861029,4.614303739861029,4.614303739861029,4.614303739861029,4.614303739861029,4.614303739861029,4.614303739861029,4.614303739861029,4.614303739861029,4.614303739861029,4.614303739861029,4.614303739861029,4.614303739861029,4.614303739861029,4.614303739861029,4.614303739861029,4.614303739861029,4.614303739861029,4.614303739861029,4.614303739861029,4.614303739861029,4.614303739861029,4.614303739861029,4.614303739861029,4.614303739861029,4.614303739861029,4.614303739861029,4.614303739861029,4.614303739861029,4.614303739861029,4.614303739861029,4.614303739861029,4.614303739861029,4.614303739861029,4.614303739861029,4.614303739861029,4.614303739861029,4.614303739861029,4.614303739861029,4.614303739861029,4.614303739861029,4.614303739861029,4.614303739861029,4.614303739861029,4.614303739861029,4.614303739861029,4.614303739861029,4.614303739861029,4.614303739861029,4.614303739861029,4.614303739861029,4.614303739861029,4.614303739861029,4.614303739861029,4.614303739861029,4.614303739861029,4.614303739861029,4.614303739861029,4.614303739861029,4.614303739861029,4.614303739861029,4.614303739861029,4.614303739861029,4.614303739861029,4.614303739861029,4.614303739861029,4.614303739861029,4.614303739861029,4.614303739861029,4.614303739861029,4.614303739861029,4.614303739861029,4.614303739861029,4.614303739861029,4.614303739861029,4.614303739861029,4.614303739861029,4.614303739861029,4.614303739861029,4.614303739861029,4.614303739861029,4.614303739861029,4.614303739861029,4.614303739861029,4.614303739861029,4.614303739861029,4.614303739861029,4.614303739861029,4.614303739861029,4.614303739861029,4.614303739861029,4.614303739861029,4.614303739861029,4.614303739861029,4.614303739861029,4.614303739861029,4.614303739861029,4.614303739861029,4.614303739861029,4.614303739861029,4.614303739861029,4.614303739861029,4.614303739861029,4.614303739861029,4.614303739861029,4.614303739861029,4.614303739861029,4.614303739861029,4.614303739861029,4.614303739861029,4.614303739861029,4.614303739861029,4.614303739861029,4.614303739861029,4.614303739861029,4.614303739861029,4.614303739861029,4.614303739861029,4.614303739861029,4.614303739861029,4.614303739861029,4.614303739861029,4.614303739861029,4.614303739861029,4.614303739861029,4.614303739861029,4.614303739861029,4.614303739861029,4.614303739861029,4.614303739861029,4.614303739861029,4.614303739861029,4.614303739861029,4.614303739861029,4.614303739861029,4.614303739861029,4.614303739861029,4.614303739861029,4.614303739861029,4.614303739861029,4.614303739861029,4.614303739861029,4.614303739861029,4.614303739861029,4.614303739861029,4.614303739861029,4.614303739861029,4.614303739861029,4.614303739861029,4.614303739861029,4.614303739861029,4.614303739861029,4.614303739861029,4.614303739861029,4.614303739861029,4.614303739861029,4.614303739861029,4.614303739861029,4.614303739861029,4.614303739861029,4.614303739861029,4.614303739861029,4.614303739861029,4.614303739861029,4.614303739861029,4.614303739861029,4.614303739861029,4.614303739861029,4.614303739861029,4.614303739861029,4.614303739861029,4.614303739861029,4.614303739861029,4.614303739861029,4.614303739861029,4.614303739861029,4.614303739861029,4.614303739861029,4.614303739861029,4.614303739861029,4.614303739861029,4.614303739861029,4.614303739861029,4.614303739861029,4.614303739861029,4.614303739861029,4.614303739861029,4.614303739861029,4.614303739861029,4.614303739861029,4.614303739861029,4.614303739861029,4.614303739861029,4.614303739861029,4.614303739861029,4.614303739861029,4.614303739861029,4.614303739861029,4.614303739861029,4.614303739861029,4.614303739861029,4.614303739861029,4.614303739861029,4.614303739861029,4.614303739861029,4.614303739861029,4.614303739861029,4.614303739861029,4.614303739861029,4.614303739861029,4.614303739861029,4.614303739861029,4.614303739861029,4.614303739861029,4.614303739861029,4.614303739861029,4.614303739861029,4.614303739861029,4.614303739861029,4.614303739861029,4.614303739861029,4.614303739861029,4.614303739861029,4.614303739861029,4.614303739861029,4.614303739861029,4.614303739861029,4.614303739861029,4.614303739861029,4.614303739861029,4.614303739861029,4.614303739861029,4.614303739861029,4.614303739861029,4.614303739861029,4.614303739861029,4.614303739861029,4.614303739861029,4.614303739861029,4.614303739861029,4.614303739861029,4.614303739861029,4.614303739861029,4.614303739861029,4.614303739861029,4.614303739861029,4.614303739861029,4.614303739861029,4.614303739861029,4.614303739861029,4.614303739861029,4.614303739861029,4.614303739861029,4.614303739861029,4.614303739861029,4.614303739861029,4.614303739861029,4.614303739861029,4.614303739861029,4.614303739861029,4.614303739861029,4.614303739861029,4.614303739861029,4.614303739861029,4.614303739861029,4.614303739861029,4.614303739861029,4.614303739861029,4.614303739861029,4.614303739861029,4.614303739861029,4.614303739861029,4.614303739861029,4.614303739861029,4.614303739861029,4.614303739861029,4.614303739861029,4.614303739861029,4.614303739861029,4.614303739861029,4.614303739861029,4.614303739861029,4.614303739861029,4.614303739861029,4.614303739861029,4.614303739861029,4.614303739861029,4.614303739861029,4.614303739861029,4.614303739861029,4.614303739861029,4.614303739861029,4.614303739861029,4.614303739861029,4.614303739861029,4.614303739861029,4.614303739861029,4.614303739861029,4.614303739861029,4.614303739861029,4.614303739861029,4.614303739861029,4.614303739861029,4.614303739861029,4.614303739861029,4.614303739861029,4.614303739861029,4.614303739861029,4.614303739861029,4.614303739861029,4.614303739861029,4.614303739861029,4.614303739861029,4.614303739861029,4.614303739861029,4.614303739861029,4.614303739861029,4.614303739861029,4.614303739861029,4.614303739861029,4.614303739861029,4.614303739861029,4.614303739861029,4.614303739861029,4.614303739861029,4.614303739861029,4.614303739861029,4.614303739861029,4.614303739861029,4.614303739861029,4.614303739861029,4.614303739861029,4.614303739861029,4.614303739861029,4.614303739861029,4.614303739861029,4.614303739861029,4.614303739861029,4.614303739861029,4.614303739861029,4.614303739861029,4.614303739861029,4.614303739861029,4.614303739861029,4.614303739861029,4.614303739861029,4.614303739861029,4.614303739861029,4.614303739861029,4.614303739861029,4.614303739861029,4.614303739861029,4.614303739861029,4.614303739861029,4.614303739861029,4.614303739861029,4.614303739861029,4.614303739861029,4.614303739861029,4.614303739861029,4.614303739861029,4.614303739861029,4.614303739861029,4.614303739861029,4.614303739861029,4.614303739861029,4.614303739861029,4.614303739861029,4.614303739861029,4.614303739861029,4.614303739861029,4.614303739861029,4.614303739861029,4.614303739861029,4.614303739861029,4.614303739861029,4.614303739861029,4.614303739861029,4.614303739861029,4.614303739861029,4.614303739861029,4.614303739861029,4.614303739861029,4.614303739861029,4.614303739861029,4.614303739861029,4.614303739861029,4.614303739861029,4.614303739861029,4.614303739861029,4.614303739861029,4.614303739861029,4.614303739861029,4.614303739861029,4.614303739861029,4.614303739861029,4.614303739861029,4.614303739861029,4.614303739861029,4.614303739861029,4.614303739861029,4.614303739861029,4.614303739861029,4.614303739861029,4.614303739861029,4.614303739861029,4.614303739861029,4.614303739861029,4.614303739861029,4.614303739861029,4.614303739861029,4.614303739861029,4.614303739861029,4.614303739861029,4.614303739861029,4.614303739861029,4.614303739861029,4.614303739861029,4.614303739861029,4.614303739861029,4.614303739861029,4.614303739861029,4.614303739861029,4.614303739861029,4.614303739861029,4.614303739861029,4.614303739861029,4.614303739861029,4.614303739861029,4.614303739861029,4.614303739861029,4.614303739861029,4.614303739861029,4.614303739861029,4.614303739861029,4.614303739861029,4.614303739861029,4.614303739861029,4.614303739861029,4.614303739861029,4.614303739861029,4.614303739861029,4.614303739861029,4.614303739861029,4.614303739861029,4.614303739861029,4.614303739861029,4.614303739861029,4.614303739861029,4.614303739861029,4.614303739861029,4.614303739861029,4.614303739861029,4.614303739861029,4.614303739861029,4.614303739861029,4.614303739861029,4.614303739861029,4.614303739861029,4.614303739861029,4.614303739861029,4.614303739861029,4.614303739861029,4.614303739861029,4.614303739861029,4.614303739861029,4.614303739861029,4.614303739861029,4.614303739861029,4.614303739861029,4.614303739861029,4.614303739861029,4.614303739861029,4.614303739861029,4.614303739861029,4.614303739861029,4.614303739861029,4.614303739861029,4.614303739861029,4.614303739861029,4.614303739861029,4.614303739861029,4.614303739861029,4.614303739861029,4.614303739861029,4.614303739861029,4.614303739861029,4.614303739861029,4.614303739861029,4.614303739861029,4.614303739861029,4.614303739861029,4.614303739861029,4.614303739861029,4.614303739861029,4.614303739861029,4.614303739861029,4.614303739861029,4.614303739861029,4.614303739861029,4.614303739861029,4.614303739861029,4.614303739861029,4.614303739861029,4.614303739861029,4.614303739861029,4.614303739861029,4.614303739861029,4.614303739861029,4.614303739861029,4.614303739861029,4.614303739861029,4.614303739861029,4.614303739861029,4.614303739861029,4.614303739861029,4.614303739861029,4.614303739861029,4.614303739861029,4.614303739861029,4.614303739861029,4.614303739861029,4.614303739861029,4.614303739861029,4.614303739861029,4.614303739861029,4.614303739861029,4.614303739861029,4.614303739861029,4.614303739861029,4.614303739861029,4.614303739861029,4.614303739861029,4.614303739861029,4.614303739861029,4.614303739861029,4.614303739861029,4.614303739861029,4.614303739861029,4.614303739861029,4.614303739861029,4.614303739861029,4.614303739861029,4.614303739861029,4.614303739861029,4.614303739861029,4.614303739861029,4.614303739861029,4.614303739861029,4.614303739861029,4.614303739861029,4.614303739861029,4.614303739861029,4.614303739861029,4.614303739861029,4.614303739861029,4.614303739861029,4.614303739861029,4.614303739861029,4.614303739861029,4.614303739861029,4.614303739861029,4.614303739861029,4.614303739861029,4.614303739861029,4.614303739861029,4.614303739861029,4.614303739861029,4.614303739861029,4.614303739861029,4.537970520908796,4.165179183299494,4.165179183299494,4.165179183299494,4.165179183299494,4.165179183299494,4.165179183299494,4.165179183299494,4.165179183299494,4.165179183299494,4.165179183299494,4.165179183299494,4.165179183299494,4.165179183299494,4.165179183299494,4.165179183299494,4.165179183299494,4.165179183299494,4.165179183299494,4.165179183299494,4.165179183299494,4.165179183299494,4.165179183299494,4.165179183299494,4.165179183299494,4.165179183299494,4.165179183299494,4.165179183299494,4.165179183299494,4.165179183299494,4.165179183299494,4.165179183299494,4.165179183299494,4.165179183299494,4.165179183299494,4.165179183299494,4.165179183299494,4.165179183299494,4.165179183299494,4.165179183299494,4.165179183299494,4.165179183299494,4.165179183299494,4.165179183299494,4.165179183299494,4.165179183299494,4.165179183299494,4.165179183299494,4.165179183299494,4.165179183299494,4.165179183299494,4.165179183299494,4.165179183299494,4.165179183299494,4.165179183299494,4.165179183299494,4.165179183299494,4.165179183299494,4.165179183299494,4.165179183299494,4.165179183299494,4.165179183299494,4.165179183299494,4.165179183299494,4.165179183299494,4.165179183299494,4.165179183299494,4.165179183299494,4.165179183299494,4.165179183299494,4.165179183299494,4.165179183299494,4.165179183299494,4.165179183299494,4.165179183299494,4.165179183299494,4.165179183299494,4.165179183299494,4.165179183299494,4.165179183299494,4.165179183299494,4.165179183299494,4.165179183299494,4.165179183299494,4.165179183299494,4.165179183299494,4.165179183299494,4.165179183299494,4.165179183299494,4.165179183299494,4.165179183299494,4.165179183299494,4.165179183299494,4.165179183299494,4.165179183299494,4.165179183299494,4.165179183299494,4.165179183299494,4.165179183299494,4.165179183299494,4.165179183299494,4.165179183299494,4.165179183299494,4.165179183299494,4.165179183299494,4.165179183299494,4.165179183299494,4.165179183299494,4.165179183299494,4.165179183299494,4.165179183299494,4.165179183299494,4.165179183299494,4.165179183299494,4.165179183299494,4.165179183299494,4.165179183299494,4.165179183299494,4.165179183299494,4.165179183299494,4.165179183299494,4.165179183299494,4.165179183299494,4.165179183299494,4.165179183299494,4.165179183299494,4.165179183299494,4.165179183299494,4.165179183299494,4.165179183299494,4.165179183299494,4.165179183299494,4.165179183299494,4.165179183299494,4.165179183299494,4.165179183299494,4.165179183299494,4.165179183299494,4.165179183299494,4.165179183299494,4.165179183299494,4.165179183299494,4.165179183299494,4.165179183299494,4.165179183299494,4.165179183299494,4.165179183299494,4.165179183299494,4.165179183299494,4.165179183299494,4.165179183299494,4.165179183299494,4.165179183299494,4.165179183299494,4.165179183299494,4.165179183299494,4.165179183299494,4.165179183299494,4.165179183299494,4.165179183299494,4.165179183299494,4.165179183299494,4.165179183299494,4.165179183299494,4.165179183299494,4.165179183299494,4.165179183299494,4.165179183299494,4.165179183299494,4.165179183299494,4.165179183299494,4.165179183299494,4.165179183299494,4.165179183299494,4.165179183299494,4.165179183299494,4.165179183299494,4.165179183299494,4.165179183299494,4.165179183299494,4.165179183299494,4.165179183299494,4.165179183299494,4.165179183299494,4.165179183299494,4.165179183299494,4.165179183299494,4.165179183299494,4.165179183299494,4.165179183299494,4.165179183299494,4.165179183299494,4.165179183299494,4.165179183299494,4.165179183299494,4.165179183299494,4.165179183299494,4.165179183299494,4.165179183299494,4.165179183299494,4.165179183299494,4.165179183299494,4.165179183299494,4.165179183299494,4.165179183299494,4.165179183299494,4.165179183299494,4.165179183299494,4.165179183299494,4.165179183299494,4.165179183299494,4.165179183299494,4.165179183299494,4.165179183299494,4.165179183299494,4.165179183299494,4.165179183299494,4.165179183299494,4.165179183299494,4.165179183299494,4.165179183299494,4.165179183299494,4.165179183299494,4.165179183299494,4.165179183299494,4.165179183299494,4.165179183299494,4.165179183299494,4.165179183299494,4.165179183299494,4.165179183299494,4.165179183299494,4.165179183299494,4.165179183299494,4.165179183299494,4.165179183299494,4.165179183299494,4.165179183299494,4.165179183299494,4.165179183299494,4.165179183299494,4.165179183299494,4.165179183299494,4.165179183299494,4.165179183299494,4.165179183299494,4.165179183299494,4.165179183299494,4.165179183299494,4.165179183299494,4.165179183299494,4.165179183299494,4.165179183299494,4.165179183299494,4.165179183299494,4.165179183299494,4.165179183299494,4.165179183299494,4.165179183299494,4.165179183299494,4.165179183299494,4.165179183299494,4.165179183299494,4.165179183299494,4.165179183299494,4.165179183299494,4.165179183299494,4.165179183299494,4.165179183299494,4.165179183299494,4.165179183299494,4.165179183299494,4.165179183299494,4.165179183299494,4.165179183299494,4.165179183299494,4.165179183299494,4.165179183299494,4.165179183299494,4.165179183299494,4.165179183299494,4.165179183299494,4.165179183299494,4.165179183299494,4.165179183299494,4.165179183299494,4.165179183299494,4.165179183299494,4.165179183299494,4.165179183299494,4.165179183299494,4.165179183299494,4.165179183299494,4.165179183299494,4.165179183299494,4.165179183299494,4.165179183299494,4.165179183299494,4.165179183299494,4.165179183299494,4.165179183299494,4.165179183299494,4.165179183299494,4.165179183299494,4.165179183299494,4.165179183299494,4.165179183299494,4.165179183299494,4.165179183299494,4.165179183299494,4.165179183299494,6.76260364224425,6.76260364224425,6.76260364224425,5.378791507687547,5.378791507687547,5.378791507687547,5.378791507687547,5.378791507687547,5.378791507687547,5.378791507687547,5.378791507687547,5.378791507687547,5.378791507687547,5.378791507687547,5.378791507687547,5.378791507687547,5.378791507687547,5.378791507687547,5.378791507687547,5.378791507687547,5.378791507687547,5.378791507687547,5.378791507687547,5.378791507687547,5.378791507687547,5.378791507687547,5.378791507687547,5.378791507687547,5.378791507687547,5.378791507687547,5.378791507687547,5.378791507687547,5.378791507687547,5.378791507687547,5.378791507687547,5.378791507687547,5.378791507687547,5.378791507687547,5.378791507687547,5.378791507687547,5.378791507687547,5.378791507687547,5.378791507687547,5.378791507687547,5.378791507687547,5.378791507687547,5.329952260755628,5.329952260755628,5.329952260755628,5.329952260755628,5.329952260755628,5.329952260755628,5.329952260755628,5.329952260755628,5.329952260755628,5.329952260755628,5.329952260755628,5.329952260755628,5.329952260755628,5.329952260755628,5.329952260755628,5.329952260755628,5.329952260755628,5.329952260755628,5.329952260755628,5.329952260755628,5.329952260755628,5.329952260755628,5.329952260755628,5.329952260755628,5.329952260755628,5.329952260755628,5.329952260755628,5.329952260755628,5.329952260755628,5.329952260755628,5.329952260755628,5.329952260755628,5.329952260755628,5.329952260755628,4.849196696019397,4.849196696019397,4.849196696019397,4.849196696019397,4.849196696019397,4.849196696019397,4.849196696019397,4.849196696019397,4.849196696019397,4.849196696019397,4.849196696019397,4.849196696019397,4.849196696019397,4.849196696019397,4.849196696019397,4.849196696019397,4.849196696019397,4.849196696019397,4.849196696019397,4.849196696019397,4.849196696019397,4.849196696019397,4.849196696019397,4.849196696019397,4.849196696019397,4.849196696019397,4.849196696019397,4.849196696019397,4.849196696019397,4.849196696019397,4.849196696019397,4.849196696019397,4.849196696019397,4.849196696019397,4.849196696019397,4.849196696019397,4.849196696019397,4.849196696019397,4.849196696019397,4.849196696019397,4.849196696019397,4.849196696019397,4.849196696019397,4.849196696019397,4.849196696019397,4.849196696019397,4.849196696019397,4.849196696019397,4.849196696019397,4.849196696019397,4.849196696019397,4.849196696019397,4.849196696019397,4.849196696019397,4.849196696019397,4.849196696019397,4.849196696019397,4.849196696019397,4.849196696019397,4.849196696019397,4.849196696019397,4.849196696019397,4.849196696019397,4.849196696019397,4.849196696019397,4.849196696019397,4.849196696019397,4.849196696019397,4.849196696019397,4.849196696019397,4.849196696019397,4.849196696019397,4.849196696019397,4.849196696019397,4.849196696019397,4.849196696019397,4.849196696019397,4.849196696019397,4.849196696019397,4.849196696019397,4.849196696019397,4.849196696019397,4.849196696019397,4.849196696019397,4.849196696019397,4.849196696019397,4.849196696019397,4.849196696019397,4.849196696019397,4.849196696019397,4.849196696019397,4.849196696019397,4.849196696019397,4.849196696019397,4.849196696019397,4.849196696019397,4.849196696019397,4.849196696019397,4.849196696019397,4.849196696019397,4.849196696019397,4.849196696019397,4.849196696019397,4.849196696019397,4.849196696019397,4.849196696019397,4.849196696019397,4.849196696019397,4.849196696019397,4.849196696019397,4.849196696019397,4.849196696019397,4.849196696019397,4.849196696019397,4.849196696019397,4.849196696019397,4.849196696019397,4.849196696019397,4.849196696019397,4.849196696019397,4.849196696019397,4.849196696019397,4.849196696019397,4.849196696019397,4.849196696019397,4.849196696019397,4.849196696019397,4.849196696019397,4.849196696019397,4.849196696019397,4.849196696019397,4.849196696019397,4.849196696019397,4.849196696019397,4.849196696019397,4.849196696019397,4.849196696019397,4.849196696019397,4.849196696019397,4.849196696019397,4.849196696019397,4.849196696019397,4.849196696019397,4.849196696019397,4.849196696019397,4.849196696019397,4.849196696019397,4.849196696019397,4.849196696019397,4.849196696019397,4.849196696019397,4.849196696019397,4.849196696019397,4.849196696019397,4.849196696019397,4.849196696019397,4.849196696019397,4.849196696019397,4.849196696019397,4.849196696019397,4.849196696019397,4.849196696019397,4.849196696019397,4.849196696019397,4.849196696019397,4.849196696019397,4.849196696019397,4.849196696019397,4.849196696019397,4.849196696019397,4.849196696019397,4.849196696019397,4.849196696019397,4.849196696019397,4.849196696019397,4.849196696019397,4.849196696019397,4.849196696019397,4.849196696019397,4.849196696019397,4.849196696019397,4.849196696019397,4.849196696019397,4.849196696019397,4.849196696019397,4.650268309971371,4.471436347146767,4.471436347146767,4.471436347146767,4.471436347146767,4.471436347146767,4.471436347146767,4.471436347146767,4.471436347146767,4.471436347146767,4.471436347146767,4.471436347146767,4.471436347146767,4.471436347146767,4.471436347146767,4.471436347146767,4.471436347146767,4.471436347146767,4.471436347146767,4.471436347146767,4.471436347146767,4.471436347146767,4.471436347146767,4.471436347146767,4.471436347146767,4.471436347146767,4.471436347146767,4.471436347146767,4.471436347146767,4.471436347146767,4.471436347146767,4.471436347146767,4.471436347146767,4.471436347146767,4.471436347146767,4.471436347146767,4.471436347146767,4.471436347146767,4.471436347146767,4.471436347146767,4.471436347146767,4.471436347146767,4.471436347146767,4.471436347146767,4.471436347146767,4.471436347146767,4.471436347146767,4.471436347146767,4.471436347146767,4.471436347146767,4.471436347146767,4.471436347146767,4.471436347146767,4.471436347146767,4.471436347146767,4.471436347146767,4.471436347146767,4.471436347146767,4.471436347146767,4.471436347146767,4.471436347146767,4.471436347146767,4.471436347146767,4.471436347146767,4.471436347146767,4.471436347146767,4.471436347146767,4.471436347146767,4.471436347146767,4.471436347146767,4.471436347146767,4.471436347146767,4.471436347146767,4.471436347146767,4.471436347146767,4.471436347146767,4.471436347146767,4.471436347146767,4.471436347146767,4.471436347146767,4.471436347146767,4.471436347146767,4.471436347146767,4.471436347146767,4.471436347146767,4.471436347146767,4.471436347146767,4.471436347146767,4.471436347146767,4.471436347146767,4.471436347146767,4.471436347146767,4.471436347146767,4.471436347146767,4.471436347146767,4.471436347146767,4.471436347146767,4.471436347146767,4.471436347146767,4.471436347146767,4.471436347146767,4.471436347146767,4.471436347146767,4.471436347146767,4.471436347146767,4.471436347146767,4.471436347146767,4.471436347146767,4.471436347146767,4.471436347146767,4.471436347146767,4.471436347146767,4.471436347146767,4.471436347146767,4.471436347146767,4.471436347146767,4.471436347146767,4.471436347146767,4.471436347146767,4.471436347146767,4.471436347146767,4.471436347146767,4.471436347146767,4.471436347146767,4.471436347146767,4.471436347146767,4.471436347146767,4.471436347146767,4.471436347146767,4.471436347146767,4.471436347146767,4.471436347146767,4.471436347146767,4.471436347146767,4.471436347146767,4.471436347146767,4.471436347146767,4.471436347146767,4.471436347146767,4.471436347146767,4.471436347146767,4.471436347146767,4.471436347146767,4.471436347146767,4.471436347146767,4.471436347146767,4.471436347146767,4.471436347146767,4.471436347146767,4.471436347146767,4.471436347146767,4.471436347146767,4.471436347146767,4.471436347146767,4.471436347146767,4.471436347146767,4.471436347146767,4.471436347146767,4.471436347146767,4.471436347146767,4.471436347146767,4.471436347146767,4.471436347146767,4.471436347146767,4.471436347146767,4.471436347146767,4.471436347146767,4.471436347146767,4.471436347146767,4.471436347146767,4.471436347146767,4.471436347146767,4.471436347146767,4.471436347146767,4.471436347146767,4.471436347146767,4.471436347146767,4.471436347146767,4.471436347146767,4.471436347146767,4.471436347146767,4.471436347146767,4.471436347146767,4.471436347146767,4.471436347146767,4.471436347146767,4.471436347146767,4.471436347146767,4.471436347146767,4.471436347146767,4.471436347146767,4.471436347146767,4.471436347146767,4.471436347146767,4.471436347146767,4.471436347146767,4.471436347146767,4.471436347146767,4.471436347146767,4.471436347146767,4.471436347146767,4.471436347146767,4.471436347146767,4.471436347146767,4.471436347146767,4.471436347146767,4.471436347146767,4.471436347146767,4.471436347146767,4.471436347146767,4.471436347146767,4.471436347146767,4.471436347146767,4.471436347146767,4.471436347146767,4.471436347146767,4.471436347146767,4.471436347146767,4.471436347146767,4.471436347146767,4.471436347146767,4.471436347146767,4.471436347146767,4.471436347146767,4.471436347146767,4.3032242911857645,4.3032242911857645,4.3032242911857645,4.3032242911857645,4.3032242911857645,4.3032242911857645,4.3032242911857645,4.3032242911857645,4.3032242911857645,4.3032242911857645,4.3032242911857645,4.3032242911857645,4.3032242911857645,4.3032242911857645,4.3032242911857645,4.3032242911857645,4.3032242911857645,4.3032242911857645,4.3032242911857645,4.3032242911857645,4.3032242911857645,4.3032242911857645,4.3032242911857645,4.3032242911857645,4.3032242911857645,4.3032242911857645,4.3032242911857645,4.3032242911857645,4.3032242911857645,4.3032242911857645,4.3032242911857645,4.3032242911857645,4.3032242911857645,4.3032242911857645,4.3032242911857645,4.3032242911857645,4.3032242911857645,4.3032242911857645,4.3032242911857645,4.3032242911857645,4.3032242911857645,4.3032242911857645,4.3032242911857645,4.3032242911857645,4.3032242911857645,4.3032242911857645,4.3032242911857645,4.3032242911857645,4.3032242911857645,4.3032242911857645,4.3032242911857645,4.3032242911857645,4.3032242911857645,4.3032242911857645,4.3032242911857645,4.3032242911857645,4.3032242911857645,4.3032242911857645,4.3032242911857645,4.3032242911857645,4.3032242911857645,4.3032242911857645,4.3032242911857645,4.3032242911857645,4.3032242911857645,4.3032242911857645,4.3032242911857645,4.3032242911857645,4.3032242911857645,4.3032242911857645,4.3032242911857645,4.3032242911857645,4.3032242911857645,4.3032242911857645,4.3032242911857645,4.295437419418302,4.295437419418302,4.295437419418302,4.184357027528491,4.184357027528491,4.184357027528491,4.184357027528491,4.184357027528491,4.184357027528491,4.184357027528491,4.184357027528491,4.184357027528491,4.184357027528491,4.184357027528491,4.184357027528491,4.184357027528491,4.184357027528491,4.184357027528491,4.184357027528491,4.184357027528491,4.184357027528491,4.184357027528491,4.184357027528491,4.184357027528491,4.184357027528491,4.184357027528491,4.184357027528491,4.184357027528491,4.184357027528491,4.184357027528491,4.184357027528491,4.184357027528491,4.184357027528491,4.184357027528491,4.184357027528491,4.184357027528491,4.184357027528491,4.184357027528491,4.184357027528491,4.184357027528491,4.184357027528491,4.184357027528491,4.184357027528491,4.184357027528491,4.184357027528491,4.184357027528491,4.184357027528491,4.184357027528491,4.184357027528491,4.184357027528491,4.184357027528491,4.184357027528491,4.184357027528491,4.184357027528491,4.184357027528491,4.184357027528491,4.184357027528491,4.184357027528491,4.184357027528491,4.184357027528491,4.184357027528491,4.184357027528491,4.184357027528491,4.184357027528491,4.184357027528491,4.184357027528491,4.184357027528491,4.184357027528491,4.184357027528491,4.184357027528491,4.184357027528491,4.184357027528491,4.184357027528491,4.184357027528491,4.184357027528491,4.184357027528491,4.184357027528491,4.184357027528491,4.184357027528491,4.184357027528491,4.184357027528491,4.184357027528491,4.184357027528491,4.184357027528491,4.184357027528491,4.184357027528491,4.184357027528491,4.184357027528491,4.184357027528491,4.184357027528491,4.184357027528491,4.184357027528491,4.184357027528491,4.184357027528491,4.184357027528491,4.184357027528491,4.184357027528491,4.184357027528491,4.184357027528491,4.184357027528491,4.184357027528491,4.184357027528491,4.184357027528491,4.184357027528491,4.184357027528491,4.184357027528491,4.184357027528491,4.184357027528491,4.184357027528491,4.184357027528491,4.184357027528491,4.184357027528491,4.184357027528491,4.184357027528491,4.184357027528491,4.184357027528491,4.184357027528491,4.184357027528491,4.184357027528491,4.184357027528491,4.184357027528491,4.184357027528491,4.184357027528491,4.184357027528491,4.184357027528491,4.184357027528491,4.184357027528491,4.184357027528491,4.184357027528491,4.184357027528491,4.184357027528491,4.184357027528491,4.184357027528491,4.184357027528491,4.184357027528491,4.184357027528491,4.184357027528491,4.184357027528491,4.184357027528491,4.184357027528491,4.184357027528491,4.184357027528491,4.184357027528491,4.184357027528491,4.184357027528491,4.184357027528491,4.184357027528491,4.184357027528491,4.184357027528491,4.184357027528491,4.184357027528491,4.184357027528491,4.184357027528491,4.184357027528491,4.184357027528491,4.184357027528491,4.184357027528491,4.184357027528491,4.184357027528491,4.184357027528491,4.184357027528491,4.184357027528491,4.184357027528491,4.184357027528491,4.184357027528491,4.184357027528491,4.184357027528491,4.184357027528491,4.184357027528491,4.184357027528491,4.184357027528491,4.184357027528491,4.184357027528491,4.184357027528491,4.184357027528491,4.184357027528491,4.184357027528491,4.184357027528491,4.184357027528491,4.184357027528491,4.184357027528491,4.184357027528491,4.184357027528491,4.184357027528491,4.184357027528491,4.184357027528491,4.184357027528491,4.184357027528491,4.184357027528491,4.184357027528491,4.184357027528491,4.184357027528491,4.184357027528491,4.184357027528491,4.184357027528491,4.184357027528491,4.184357027528491,4.184357027528491,4.184357027528491,4.184357027528491,4.184357027528491,4.184357027528491,4.184357027528491,4.184357027528491,4.184357027528491,4.184357027528491,4.184357027528491,4.184357027528491,4.184357027528491,4.184357027528491,4.184357027528491,4.184357027528491,4.184357027528491,4.184357027528491,4.184357027528491,4.184357027528491,4.184357027528491,4.184357027528491,4.184357027528491,4.184357027528491,4.184357027528491,4.184357027528491,4.184357027528491,4.184357027528491,4.184357027528491,4.184357027528491,4.184357027528491,4.184357027528491,4.184357027528491,4.184357027528491,4.184357027528491,4.184357027528491,4.184357027528491,4.184357027528491,4.184357027528491,4.184357027528491,4.184357027528491,4.184357027528491,4.184357027528491,4.184357027528491,4.184357027528491,4.184357027528491,4.184357027528491,4.184357027528491,4.184357027528491,4.184357027528491,4.184357027528491,4.184357027528491,4.184357027528491,4.184357027528491,4.184357027528491,4.184357027528491,4.184357027528491,4.184357027528491,4.184357027528491,4.184357027528491,4.184357027528491,4.184357027528491,4.184357027528491,4.184357027528491,4.184357027528491,4.184357027528491,4.184357027528491,4.184357027528491,4.184357027528491,4.184357027528491,4.184357027528491,4.184357027528491,4.184357027528491,4.184357027528491,4.184357027528491,4.184357027528491,4.184357027528491,4.184357027528491,4.184357027528491,4.184357027528491,4.184357027528491,4.184357027528491,4.184357027528491,4.184357027528491,4.184357027528491,4.184357027528491,4.184357027528491,4.184357027528491,4.184357027528491,4.184357027528491,4.184357027528491,4.184357027528491,4.184357027528491,4.184357027528491,4.184357027528491,4.184357027528491,4.184357027528491,4.184357027528491,4.184357027528491,4.184357027528491,4.184357027528491,4.184357027528491,4.184357027528491,4.184357027528491,4.184357027528491,4.184357027528491,4.184357027528491,4.184357027528491,4.184357027528491,4.184357027528491,4.184357027528491,4.184357027528491,4.184357027528491,4.184357027528491,4.184357027528491,4.184357027528491,4.184357027528491,4.184357027528491,4.184357027528491,4.184357027528491,4.184357027528491,4.184357027528491,4.184357027528491,4.184357027528491,4.184357027528491,4.184357027528491,4.184357027528491,4.184357027528491,4.184357027528491,4.184357027528491,4.184357027528491,4.184357027528491,4.184357027528491,4.184357027528491,4.184357027528491,4.184357027528491,4.184357027528491,4.184357027528491,4.184357027528491,4.184357027528491,4.184357027528491,4.184357027528491,4.184357027528491,4.184357027528491,4.184357027528491,4.184357027528491,4.184357027528491,4.184357027528491,4.184357027528491,4.184357027528491,4.184357027528491,4.184357027528491,4.184357027528491,4.184357027528491,4.184357027528491,4.184357027528491,4.184357027528491,4.184357027528491,4.184357027528491,4.184357027528491,4.184357027528491,4.184357027528491,4.184357027528491,4.184357027528491,4.184357027528491,4.184357027528491,4.184357027528491,4.184357027528491,4.184357027528491,4.184357027528491,4.184357027528491,4.184357027528491,4.184357027528491,4.184357027528491,4.184357027528491,4.184357027528491,4.184357027528491,4.184357027528491,4.184357027528491,4.184357027528491,4.184357027528491,4.184357027528491,4.184357027528491,4.184357027528491,4.184357027528491,4.184357027528491,4.184357027528491,4.184357027528491,4.184357027528491,4.184357027528491,4.184357027528491,4.184357027528491,4.184357027528491,4.184357027528491,4.184357027528491,4.184357027528491,4.184357027528491,4.184357027528491,4.184357027528491,4.184357027528491,4.184357027528491,4.184357027528491,4.184357027528491,4.184357027528491,4.184357027528491,4.184357027528491,4.184357027528491,4.184357027528491,4.184357027528491,4.184357027528491,4.184357027528491,4.184357027528491,4.184357027528491,4.184357027528491,4.184357027528491,4.184357027528491,4.184357027528491,4.184357027528491,4.184357027528491,4.184357027528491,4.184357027528491,4.184357027528491,4.184357027528491,4.184357027528491,4.184357027528491,4.184357027528491,4.184357027528491,4.184357027528491,4.184357027528491,4.184357027528491,4.184357027528491,4.184357027528491,4.184357027528491,4.184357027528491,4.184357027528491,4.184357027528491,4.184357027528491,4.184357027528491,4.184357027528491,8.569524624444872,8.569524624444872,7.683113486998417,7.683113486998417,7.683113486998417,7.683113486998417,7.683113486998417,7.683113486998417,7.683113486998417,7.683113486998417,7.683113486998417,7.683113486998417,7.683113486998417,7.683113486998417,7.683113486998417,7.683113486998417,7.683113486998417,7.683113486998417,7.683113486998417,7.683113486998417,7.683113486998417,7.683113486998417,7.683113486998417,7.067215940376839,7.067215940376839,7.067215940376839,7.067215940376839,7.067215940376839,7.067215940376839,7.067215940376839,7.067215940376839,7.067215940376839,7.067215940376839,7.067215940376839,5.80928383612928,5.74166649944997,5.74166649944997,5.74166649944997,5.74166649944997,5.74166649944997,5.74166649944997,5.74166649944997,5.74166649944997,5.74166649944997,5.74166649944997,5.74166649944997,5.74166649944997,5.74166649944997,5.74166649944997,5.74166649944997,5.74166649944997,5.297985910256022,5.297985910256022,5.297985910256022,5.297985910256022,5.297985910256022,5.297985910256022,5.297985910256022,5.297985910256022,5.297985910256022,5.297985910256022,5.297985910256022,5.297985910256022,5.297985910256022,5.297985910256022,5.297985910256022,5.297985910256022,5.297985910256022,5.297985910256022,5.297985910256022,5.297985910256022,5.297985910256022,5.297985910256022,5.297985910256022,5.297985910256022,5.297985910256022,5.297985910256022,5.297985910256022,5.297985910256022,5.297985910256022,5.297985910256022,5.297985910256022,5.297985910256022,5.297985910256022,5.297985910256022,5.297985910256022,5.297985910256022,5.297985910256022,5.297985910256022,5.297985910256022,5.297985910256022,5.297985910256022,5.297985910256022,5.297985910256022,5.297985910256022,5.297985910256022,5.297985910256022,5.297985910256022,5.297985910256022,5.297985910256022,5.297985910256022,5.297985910256022,5.297985910256022,5.297985910256022,5.297985910256022,5.297985910256022,5.297985910256022,5.297985910256022,5.297985910256022,5.297985910256022,5.297985910256022,5.297985910256022,5.297985910256022,5.297985910256022,5.297985910256022,5.297985910256022,5.297985910256022,5.297985910256022,5.297985910256022,5.297985910256022,5.297985910256022,5.297985910256022,5.297985910256022,5.297985910256022,5.297985910256022,5.297985910256022,5.297985910256022,5.297985910256022,5.297985910256022,5.297985910256022,5.297985910256022,5.297985910256022,5.297985910256022,5.297985910256022,5.297985910256022,5.297985910256022,5.297985910256022,5.297985910256022,5.297985910256022,5.297985910256022,5.297985910256022,5.297985910256022,5.297985910256022,5.297985910256022,5.297985910256022,5.297985910256022,5.297985910256022,5.297985910256022,5.297985910256022,5.297985910256022,5.297985910256022,5.297985910256022,5.297985910256022,5.297985910256022,5.297985910256022,5.297985910256022,5.297985910256022,5.297985910256022,5.297985910256022,5.297985910256022,5.297985910256022,5.297985910256022,5.297985910256022,5.297985910256022,5.297985910256022,5.297985910256022,5.297985910256022,5.297985910256022,5.297985910256022,5.297985910256022,5.297985910256022,5.297985910256022,5.297985910256022,5.297985910256022,5.297985910256022,5.297985910256022,5.297985910256022,5.297985910256022,5.297985910256022,5.297985910256022,5.297985910256022,5.297985910256022,5.297985910256022,5.297985910256022,5.297985910256022,5.297985910256022,5.297985910256022,5.297985910256022,5.297985910256022,5.297985910256022,5.297985910256022,5.297985910256022,5.297985910256022,5.297985910256022,5.297985910256022,5.297985910256022,5.297985910256022,5.297985910256022,5.297985910256022,5.297985910256022,5.297985910256022,5.297985910256022,5.297985910256022,5.297985910256022,5.297985910256022,5.297985910256022,5.297985910256022,5.297985910256022,5.297985910256022,5.297985910256022,5.297985910256022,5.297985910256022,5.297985910256022,5.297985910256022,5.297985910256022,5.297985910256022,5.297985910256022,5.297985910256022,5.297985910256022,5.297985910256022,5.297985910256022,5.297985910256022,5.297985910256022,5.297985910256022,5.297985910256022,5.297985910256022,5.297985910256022,5.297985910256022,5.297985910256022,5.297985910256022,5.297985910256022,5.297985910256022,5.297985910256022,5.297985910256022,5.297985910256022,5.297985910256022,5.297985910256022,5.297985910256022,5.297985910256022,5.297985910256022,5.297985910256022,5.297985910256022,5.297985910256022,5.297985910256022,5.297985910256022,5.297985910256022,5.297985910256022,5.297985910256022,5.297985910256022,5.297985910256022,5.297985910256022,5.297985910256022,5.297985910256022,5.297985910256022,5.297985910256022,5.297985910256022,5.297985910256022,5.297985910256022,5.297985910256022,5.297985910256022,5.297985910256022,5.297985910256022,5.297985910256022,5.297985910256022,5.297985910256022,5.297985910256022,5.297985910256022,5.297985910256022,5.297985910256022,5.297985910256022,5.297985910256022,5.297985910256022,5.297985910256022,5.297985910256022,5.297985910256022,5.297985910256022,5.297985910256022,5.297985910256022,5.297985910256022,5.297985910256022,5.297985910256022,5.297985910256022,5.297985910256022,5.297985910256022,5.297985910256022,5.297985910256022,5.297985910256022,5.297985910256022,5.297985910256022,5.297985910256022,5.297985910256022,5.297985910256022,5.297985910256022,5.297985910256022,5.297985910256022,5.297985910256022,5.297985910256022,5.297985910256022,5.297985910256022,5.297985910256022,5.297985910256022,5.297985910256022,5.297985910256022,5.297985910256022,5.297985910256022,5.297985910256022,5.297985910256022,5.297985910256022,5.297985910256022,5.297985910256022,5.297985910256022,5.297985910256022,5.297985910256022,5.297985910256022,5.297985910256022,5.297985910256022,5.297985910256022,5.297985910256022,5.297985910256022,5.297985910256022,5.297985910256022,5.297985910256022,5.297985910256022,5.297985910256022,5.297985910256022,5.297985910256022,5.297985910256022,5.297985910256022,5.297985910256022,5.297985910256022,5.297985910256022,5.297985910256022,5.297985910256022,5.297985910256022,5.297985910256022,5.297985910256022,5.297985910256022,5.297985910256022,5.297985910256022,5.297985910256022,5.297985910256022,5.297985910256022,5.297985910256022,5.297985910256022,5.297985910256022,5.297985910256022,5.297985910256022,5.297985910256022,5.297985910256022,5.297985910256022,5.297985910256022,5.297985910256022,5.297985910256022,5.297985910256022,5.297985910256022,5.297985910256022,5.297985910256022,5.297985910256022,5.297985910256022,5.297985910256022,5.297985910256022,5.297985910256022,5.297985910256022,5.297985910256022,5.297985910256022,5.297985910256022,5.297985910256022,5.297985910256022,5.297985910256022,5.297985910256022,5.297985910256022,5.297985910256022,5.297985910256022,5.297985910256022,5.297985910256022,5.201459487310561,5.201459487310561,5.201459487310561,5.201459487310561,5.201459487310561,5.201459487310561,5.201459487310561,5.201459487310561,5.201459487310561,5.201459487310561,5.201459487310561,5.201459487310561,5.201459487310561,5.201459487310561,5.201459487310561,5.201459487310561,5.201459487310561,5.201459487310561,5.201459487310561,5.201459487310561,5.201459487310561,5.201459487310561,5.201459487310561,5.201459487310561,5.201459487310561,5.201459487310561,5.201459487310561,5.201459487310561,5.201459487310561,5.201459487310561,5.201459487310561,5.201459487310561,5.201459487310561,5.201459487310561,5.201459487310561,5.201459487310561,5.201459487310561,5.201459487310561,5.201459487310561,5.201459487310561,5.201459487310561,5.201459487310561,5.201459487310561,5.201459487310561,5.201459487310561,5.201459487310561,5.201459487310561,5.201459487310561,5.201459487310561,5.201459487310561,5.201459487310561,5.201459487310561,5.201459487310561,5.201459487310561,5.201459487310561,5.201459487310561,5.201459487310561,5.201459487310561,5.201459487310561,5.201459487310561,5.201459487310561,5.201459487310561,5.201459487310561,5.201459487310561,5.201459487310561,5.201459487310561,5.201459487310561,5.201459487310561,5.201459487310561,5.201459487310561,5.201459487310561,5.201459487310561,5.201459487310561,5.201459487310561,5.201459487310561,5.201459487310561,5.201459487310561,5.201459487310561,5.201459487310561,5.201459487310561,5.201459487310561,5.201459487310561,5.201459487310561,5.201459487310561,5.201459487310561,5.201459487310561,5.201459487310561,5.201459487310561,5.201459487310561,5.201459487310561,5.201459487310561,5.201459487310561,5.201459487310561,5.201459487310561,5.201459487310561,5.201459487310561,5.201459487310561,5.201459487310561,5.201459487310561,5.201459487310561,5.201459487310561,5.201459487310561,5.201459487310561,5.201459487310561,5.201459487310561,5.201459487310561,5.201459487310561,5.201459487310561,5.201459487310561,5.201459487310561,5.201459487310561,5.201459487310561,5.201459487310561,5.201459487310561,5.201459487310561,5.201459487310561,5.201459487310561,5.201459487310561,5.201459487310561,5.201459487310561,5.201459487310561,5.201459487310561,5.201459487310561,5.201459487310561,5.201459487310561,5.201459487310561,5.201459487310561,5.201459487310561,5.201459487310561,5.201459487310561,5.201459487310561,5.201459487310561,5.201459487310561,5.201459487310561,5.201459487310561,5.201459487310561,5.201459487310561,5.201459487310561,5.201459487310561,5.201459487310561,5.201459487310561,5.201459487310561,5.201459487310561,5.201459487310561,5.201459487310561,5.201459487310561,5.201459487310561,5.201459487310561,5.201459487310561,5.201459487310561,5.201459487310561,5.201459487310561,5.201459487310561,5.201459487310561,5.201459487310561,5.201459487310561,5.201459487310561,5.201459487310561,5.201459487310561,5.201459487310561,5.201459487310561,5.201459487310561,5.201459487310561,5.201459487310561,5.201459487310561,5.201459487310561,5.201459487310561,5.201459487310561,5.201459487310561,5.201459487310561,5.201459487310561,5.201459487310561,5.201459487310561,5.201459487310561,5.201459487310561,5.201459487310561,5.201459487310561,5.201459487310561,5.201459487310561,5.201459487310561,5.201459487310561,5.201459487310561,5.201459487310561,5.201459487310561,5.201459487310561,5.201459487310561,5.201459487310561,5.201459487310561,5.201459487310561,5.201459487310561,5.201459487310561,5.201459487310561,5.201459487310561,5.201459487310561,5.201459487310561,5.201459487310561,5.201459487310561,5.201459487310561,5.201459487310561,5.201459487310561,5.201459487310561,5.201459487310561,5.201459487310561,5.201459487310561,5.201459487310561,5.201459487310561,5.201459487310561,5.201459487310561,5.201459487310561,5.201459487310561,5.201459487310561,5.201459487310561,5.201459487310561,5.201459487310561,5.201459487310561,5.201459487310561,5.201459487310561,5.201459487310561,5.201459487310561,5.201459487310561,5.201459487310561,5.201459487310561,5.201459487310561,5.201459487310561,5.201459487310561,5.201459487310561,5.201459487310561,5.201459487310561,5.201459487310561,5.201459487310561,5.201459487310561,5.201459487310561,5.201459487310561,5.201459487310561,5.201459487310561,5.201459487310561,5.201459487310561,5.201459487310561,5.201459487310561,5.201459487310561,5.201459487310561,5.201459487310561,5.201459487310561,5.201459487310561,5.201459487310561,5.201459487310561,5.201459487310561,5.201459487310561,5.201459487310561,5.201459487310561,5.201459487310561,5.201459487310561,5.201459487310561,5.201459487310561,5.201459487310561,5.201459487310561,5.201459487310561,5.201459487310561,5.201459487310561,5.201459487310561,5.201459487310561,5.201459487310561,5.201459487310561,5.201459487310561,5.201459487310561,5.201459487310561,5.201459487310561,5.201459487310561,5.201459487310561,5.201459487310561,5.201459487310561,5.201459487310561,5.201459487310561,5.201459487310561,5.201459487310561,5.201459487310561,5.201459487310561,5.201459487310561,5.201459487310561,5.201459487310561,5.201459487310561,5.201459487310561,5.201459487310561,5.201459487310561,5.201459487310561,5.201459487310561,5.201459487310561,5.201459487310561,5.201459487310561,5.201459487310561,5.201459487310561,5.201459487310561,5.201459487310561,5.201459487310561,5.201459487310561,5.201459487310561,5.201459487310561,5.201459487310561,5.201459487310561,5.201459487310561,5.201459487310561,5.201459487310561,5.201459487310561,5.201459487310561,5.201459487310561,5.201459487310561,5.201459487310561,5.201459487310561,5.201459487310561,5.201459487310561,5.201459487310561,5.201459487310561,5.201459487310561,5.201459487310561,5.201459487310561,5.201459487310561,5.201459487310561,5.201459487310561,5.201459487310561,5.201459487310561,5.201459487310561,5.201459487310561,5.201459487310561,5.201459487310561,5.201459487310561,5.201459487310561,5.201459487310561,5.201459487310561,5.201459487310561,5.201459487310561,5.201459487310561,5.201459487310561,5.201459487310561,5.201459487310561,5.201459487310561,5.201459487310561,5.201459487310561,5.201459487310561,5.201459487310561,5.201459487310561,5.201459487310561,5.201459487310561,5.201459487310561,5.201459487310561,5.201459487310561,5.201459487310561,5.201459487310561,5.201459487310561,5.201459487310561,5.201459487310561,5.060134619408976,5.060134619408976,5.060134619408976,5.060134619408976,5.060134619408976,5.060134619408976,5.060134619408976,5.060134619408976,5.060134619408976,5.060134619408976,5.060134619408976,5.060134619408976,5.060134619408976,5.060134619408976,5.060134619408976,5.060134619408976,5.060134619408976,5.060134619408976,5.060134619408976,5.060134619408976,5.060134619408976,5.060134619408976,5.060134619408976,5.060134619408976,5.060134619408976,5.060134619408976,5.060134619408976,5.060134619408976,5.060134619408976,5.060134619408976,4.946078974403421,4.946078974403421,4.946078974403421,4.946078974403421,4.946078974403421,4.946078974403421,4.946078974403421,4.946078974403421,4.946078974403421,4.946078974403421,4.946078974403421,4.946078974403421,4.946078974403421,4.946078974403421,4.946078974403421,4.946078974403421,4.946078974403421,4.946078974403421,4.946078974403421,4.946078974403421,4.946078974403421,4.946078974403421,4.946078974403421,4.946078974403421,4.946078974403421,4.946078974403421,4.946078974403421,4.946078974403421,4.946078974403421,4.946078974403421,4.946078974403421,4.946078974403421,4.946078974403421,4.946078974403421,4.946078974403421,4.946078974403421,4.946078974403421,4.946078974403421,4.946078974403421,4.94607897440342,4.94607897440342,4.94607897440342,4.94607897440342,4.94607897440342,4.94607897440342,4.94607897440342,4.94607897440342,4.94607897440342,4.94607897440342,4.94607897440342,4.94607897440342,4.94607897440342,4.94607897440342,4.94607897440342,4.94607897440342,4.94607897440342,4.94607897440342,4.94607897440342,4.94607897440342,4.94607897440342,4.94607897440342,4.94607897440342,4.94607897440342,4.94607897440342,4.94607897440342,4.94607897440342,4.94607897440342,4.94607897440342,4.94607897440342,4.94607897440342,4.94607897440342,4.94607897440342,4.94607897440342,4.94607897440342,4.94607897440342,4.94607897440342,4.94607897440342,4.94607897440342,4.94607897440342,4.94607897440342,4.94607897440342,4.94607897440342,4.94607897440342,4.94607897440342,4.94607897440342,4.94607897440342,4.94607897440342,4.94607897440342,4.94607897440342,4.94607897440342,4.94607897440342,4.94607897440342,4.94607897440342,4.94607897440342,4.94607897440342,4.94607897440342,4.94607897440342,4.94607897440342,4.94607897440342,4.94607897440342,4.94607897440342,4.94607897440342,4.94607897440342,4.94607897440342,4.94607897440342,4.94607897440342,4.94607897440342,4.94607897440342,4.94607897440342,4.94607897440342,4.94607897440342,4.94607897440342,4.94607897440342,4.94607897440342,4.94607897440342,4.94607897440342,4.94607897440342,4.94607897440342,4.94607897440342,4.94607897440342,4.94607897440342,4.94607897440342,4.94607897440342,4.94607897440342,4.94607897440342,4.94607897440342,4.94607897440342,4.94607897440342,4.94607897440342,4.94607897440342,4.94607897440342,4.94607897440342,4.94607897440342,4.94607897440342,4.94607897440342,4.94607897440342,4.94607897440342,4.94607897440342,4.94607897440342,4.94607897440342,4.94607897440342,4.94607897440342,4.94607897440342,4.94607897440342,4.94607897440342,4.94607897440342,4.94607897440342,4.94607897440342,4.94607897440342,4.94607897440342,4.94607897440342,4.94607897440342,4.94607897440342,4.94607897440342,4.94607897440342,4.94607897440342,4.94607897440342,4.94607897440342,4.94607897440342,4.94607897440342,4.94607897440342,4.94607897440342,4.94607897440342,4.94607897440342,4.94607897440342,4.94607897440342,4.94607897440342,4.94607897440342,4.94607897440342,4.94607897440342,4.94607897440342,4.94607897440342,4.94607897440342,4.94607897440342,4.94607897440342,4.94607897440342,4.870528825168737,4.870528825168737,4.870528825168737,4.870528825168737,4.870528825168737,4.870528825168737,4.870528825168737,4.870528825168737,4.870528825168737,4.870528825168737,4.870528825168737,4.870528825168737,4.870528825168737,4.870528825168737,4.870528825168737,4.870528825168737,4.870528825168737,4.870528825168737,4.870528825168737,4.870528825168737,4.870528825168737,4.870528825168737,4.870528825168737,4.870528825168737,4.870528825168737,4.870528825168737,4.870528825168737,4.870528825168737,4.870528825168737,4.870528825168737,4.870528825168737,4.870528825168737,4.870528825168737,4.870528825168737,4.870528825168737,4.870528825168737,4.870528825168737,4.870528825168737,4.870528825168737,4.870528825168737,4.870528825168737,4.870528825168737,4.870528825168737,4.870528825168737,4.870528825168737,4.870528825168737,4.870528825168737,4.870528825168737,4.870528825168737,4.870528825168737,4.870528825168737,4.870528825168737,4.870528825168737,4.870528825168737,4.870528825168737,4.870528825168737,4.870528825168737,4.870528825168737,4.870528825168737,4.870528825168737,4.870528825168737,4.870528825168737,4.870528825168737,4.870528825168737,4.870528825168737,4.870528825168737,4.870528825168737,4.870528825168737,4.870528825168737,8.05401281810142,8.05401281810142,7.808103297541934,7.746356706170388,7.746356706170388,7.746356706170388,7.746356706170388,7.746356706170388,7.746356706170388,7.3744366465562905,7.3744366465562905,7.3744366465562905,7.296851618615006,7.296851618615006,7.296851618615006,7.296851618615006,7.296851618615006,7.296851618615006,7.296851618615006,7.264013655845665,7.264013655845665,6.914358936217757,6.914358936217757,6.914358936217757,6.914358936217757,6.426715016228979,6.426715016228979,6.426715016228979,5.398512974670363,5.398512974670363,5.398512974670363,5.398512974670363,5.398512974670363,5.398512974670363,5.398512974670363,4.900613413728153,4.900613413728153,4.900613413728153,4.900613413728153,4.900613413728153,4.900613413728153,4.900613413728153,4.900613413728153,4.900613413728153,4.877078224108235,4.877078224108235,4.877078224108235,4.877078224108235,4.877078224108235,4.877078224108235,4.877078224108235,4.877078224108235,4.877078224108235,4.877078224108235,4.877078224108235,4.877078224108235,4.877078224108235,4.877078224108235,4.877078224108235,4.877078224108235,4.877078224108235,4.877078224108235,4.877078224108235,4.877078224108235,4.877078224108235,4.877078224108235,4.877078224108235,4.877078224108235,4.877078224108235,4.877078224108235,4.877078224108235,4.877078224108235,4.877078224108235,4.877078224108235,4.877078224108235,4.877078224108235,4.877078224108235,4.877078224108235,4.861388815669503,4.861388815669503,4.861388815669503,4.861388815669503,4.861388815669503,4.861388815669503,4.861388815669503,4.861388815669503,4.861388815669503,4.861388815669503,4.861388815669503,4.861388815669503,4.861388815669503,4.861388815669503,4.861388815669503,4.861388815669503,4.861388815669503,4.861388815669503,4.861388815669503,4.861388815669503,4.861388815669503,4.861388815669503,4.861388815669503,4.861388815669503,4.861388815669503,4.861388815669503,4.861388815669503,4.861388815669503,4.861388815669503,4.861388815669503,4.861388815669503,4.861388815669503,4.861388815669503,4.861388815669503,4.861388815669503,4.861388815669503,4.861388815669503,4.861388815669503,4.861388815669503,4.861388815669503,4.861388815669503,4.861388815669503,4.861388815669503,4.861388815669503,4.861388815669503,4.861388815669503,4.861388815669503,4.861388815669503,4.861388815669503,4.861388815669503,4.861388815669503,4.861388815669503,4.861388815669503,4.861388815669503,4.861388815669503,4.861388815669503,4.861388815669503,4.861388815669503,4.861388815669503,4.861388815669503,4.861388815669503,4.861388815669503,4.861388815669503,4.861388815669503,4.861388815669503,4.861388815669503,4.861388815669503,4.861388815669503,4.861388815669503,4.861388815669503,4.861388815669503,4.861388815669503,4.861388815669503,4.861388815669503,4.861388815669503,4.861388815669503,4.861388815669503,4.861388815669503,4.861388815669503,4.861388815669503,4.861388815669503,4.861388815669503,4.861388815669503,4.861388815669503,4.861388815669503,4.861388815669503,4.861388815669503,4.861388815669503,4.861388815669503,4.861388815669503,4.861388815669503,4.861388815669503,4.861388815669503,4.861388815669503,4.861388815669503,4.861388815669503,4.861388815669503,4.861388815669503,4.861388815669503,4.861388815669503,4.861388815669503,4.861388815669503,4.861388815669503,4.861388815669503,4.861388815669503,4.861388815669503,4.861388815669503,4.861388815669503,4.861388815669503,4.861388815669503,4.861388815669503,4.861388815669503,4.861388815669503,4.861388815669503,4.861388815669503,4.861388815669503,4.861388815669503,4.861388815669503,4.861388815669503,4.861388815669503,4.861388815669503,4.861388815669503,4.861388815669503,4.861388815669503,4.861388815669503,4.861388815669503,4.861388815669503,4.861388815669503,4.861388815669503,4.861388815669503,4.861388815669503,4.861388815669503,4.861388815669503,4.861388815669503,4.861388815669503,4.861388815669503,4.861388815669503,4.861388815669503,4.861388815669503,4.861388815669503,4.861388815669503,4.861388815669503,4.861388815669503,4.861388815669503,4.861388815669503,4.861388815669503,4.861388815669503,4.861388815669503,4.861388815669503,4.861388815669503,4.861388815669503,4.861388815669503,4.861388815669503,4.861388815669503,4.861388815669503,4.861388815669503,4.861388815669503,4.861388815669503,4.861388815669503,4.861388815669503,4.861388815669503,4.861388815669503,4.861388815669503,4.861388815669503,4.861388815669503,4.861388815669503,4.861388815669503,4.861388815669503,4.861388815669503,4.861388815669503,4.861388815669503,4.861388815669503,4.861388815669503,4.861388815669503,4.861388815669503,4.861388815669503,4.861388815669503,4.861388815669503,4.861388815669503,4.861388815669503,4.861388815669503,4.861388815669503,4.861388815669503,4.861388815669503,4.861388815669503,4.861388815669503,4.861388815669503,4.861388815669503,4.861388815669503,4.861388815669503,4.861388815669503,4.861388815669503,4.861388815669503,4.861388815669503,4.861388815669503,4.861388815669503,4.861388815669503,4.861388815669503,4.861388815669503,4.861388815669503,4.861388815669503,4.861388815669503,4.861388815669503,4.861388815669503,4.861388815669503,4.861388815669503,4.861388815669503,4.861388815669503,4.861388815669503,4.861388815669503,4.861388815669503,4.861388815669503,4.861388815669503,4.861388815669503,4.861388815669503,4.861388815669503,4.861388815669503,4.861388815669503,4.861388815669503,4.861388815669503,4.861388815669503,4.861388815669503,4.861388815669503,4.861388815669503,4.861388815669503,4.861388815669503,4.861388815669503,4.861388815669503,4.861388815669503,4.861388815669503,4.861388815669503,4.861388815669503,4.861388815669503,4.861388815669503,4.861388815669503,4.861388815669503,4.861388815669503,4.861388815669503,4.861388815669503,4.861388815669503,4.861388815669503,4.861388815669503,4.861388815669503,4.861388815669503,4.861388815669503,4.861388815669503,4.861388815669503,4.861388815669503,4.861388815669503,4.861388815669503,4.861388815669503,4.861388815669503,4.861388815669503,4.861388815669503,4.861388815669503,4.861388815669503,4.861388815669503,4.861388815669503,4.861388815669503,4.861388815669503,4.861388815669503,4.861388815669503,4.861388815669503,4.861388815669503,4.861388815669503,4.861388815669503,4.861388815669503,4.861388815669503,4.861388815669503,4.861388815669503,4.861388815669503,4.861388815669503,4.861388815669503,4.861388815669503,4.861388815669503,4.861388815669503,4.861388815669503,4.861388815669503,4.861388815669503,4.861388815669503,4.861388815669503,4.861388815669503,4.861388815669503,4.861388815669503,4.861388815669503,4.861388815669503,4.861388815669503,4.861388815669503,4.861388815669503,4.861388815669503,4.861388815669503,4.861388815669503,4.861388815669503,4.861388815669503,4.861388815669503,4.861388815669503,4.861388815669503,4.861388815669503,4.861388815669503,4.861388815669503,4.861388815669503,4.861388815669503,4.861388815669503,4.861388815669503,4.861388815669503,4.861388815669503,4.861388815669503,4.861388815669503,4.861388815669503,4.861388815669503,4.861388815669503,4.861388815669503,4.861388815669503,4.861388815669503,4.861388815669503,4.861388815669503,4.861388815669503,4.861388815669503,4.861388815669503,4.861388815669503,4.861388815669503,4.861388815669503,4.861388815669503,4.861388815669503,4.861388815669503,4.861388815669503,4.861388815669503,4.861388815669503,4.861388815669503,4.861388815669503,4.861388815669503,4.861388815669503,4.861388815669503,4.861388815669503,4.861388815669503,4.861388815669503,4.861388815669503,4.861388815669503,4.861388815669503,4.861388815669503,4.861388815669503,4.861388815669503,4.861388815669503,4.861388815669503,4.861388815669503,4.861388815669503,4.861388815669503,4.861388815669503,4.861388815669503,4.861388815669503,4.861388815669503,4.861388815669503,4.861388815669503,4.861388815669503,4.861388815669503,4.861388815669503,4.861388815669503,4.861388815669503,4.861388815669503,4.861388815669503,4.861388815669503,4.861388815669503,4.861388815669503,4.861388815669503,4.861388815669503,4.861388815669503,4.861388815669503,4.861388815669503,4.861388815669503,4.861388815669503,4.861388815669503,4.861388815669503,4.861388815669503,4.861388815669503,4.861388815669503,4.861388815669503,4.861388815669503,4.861388815669503,4.861388815669503,4.861388815669503,4.861388815669503,4.861388815669503,4.861388815669503,4.861388815669503,4.861388815669503,4.861388815669503,4.861388815669503,4.861388815669503,4.861388815669503,4.861388815669503,4.861388815669503,4.861388815669503,4.861388815669503,4.861388815669503,4.861388815669503,4.861388815669503,4.861388815669503,4.861388815669503,4.861388815669503,4.861388815669503,4.861388815669503,4.861388815669503,4.861388815669503,4.861388815669503,4.861388815669503,4.861388815669503,4.861388815669503,4.861388815669503,4.861388815669503,4.861388815669503,4.861388815669503,4.861388815669503,4.861388815669503,4.861388815669503,4.861388815669503,4.861388815669503,4.861388815669503,4.861388815669503,4.861388815669503,4.861388815669503,4.861388815669503,4.861388815669503,4.861388815669503,4.861388815669503,4.861388815669503,4.861388815669503,4.861388815669503,4.861388815669503,4.861388815669503,4.861388815669503,4.861388815669503,4.861388815669503,4.861388815669503,4.861388815669503,4.861388815669503,4.861388815669503,4.861388815669503,4.861388815669503,4.861388815669503,4.861388815669503,4.861388815669503,4.861388815669503,4.861388815669503,4.861388815669503,4.861388815669503,4.861388815669503,4.861388815669503,4.861388815669503,4.861388815669503,4.861388815669503,4.861388815669503,4.861388815669503,4.861388815669503,4.861388815669503,4.861388815669503,4.861388815669503,4.861388815669503,4.861388815669503,4.861388815669503,4.861388815669503,4.861388815669503,4.861388815669503,4.861388815669503,4.861388815669503,4.861388815669503,4.861388815669503,4.861388815669503,4.861388815669503,4.861388815669503,4.861388815669503,4.861388815669503,4.861388815669503,4.861388815669503,4.861388815669503,4.861388815669503,4.861388815669503,4.861388815669503,4.861388815669503,4.861388815669503,4.861388815669503,4.861388815669503,4.861388815669503,4.861388815669503,4.861388815669503,4.861388815669503,4.861388815669503,4.861388815669503,4.861388815669503,4.861388815669503,4.861388815669503,4.861388815669503,4.861388815669503,4.861388815669503,4.861388815669503,4.861388815669503,4.861388815669503,4.861388815669503,4.861388815669503,4.861388815669503,4.861388815669503,4.861388815669503,4.861388815669503,4.861388815669503,4.861388815669503,4.861388815669503,4.861388815669503,4.861388815669503,4.861388815669503,4.861388815669503,4.861388815669503,4.861388815669503,4.861388815669503,4.861388815669503,4.861388815669503,4.861388815669503,4.861388815669503,4.861388815669503,4.861388815669503,4.861388815669503,4.861388815669503,4.861388815669503,4.861388815669503,4.861388815669503,4.861388815669503,4.861388815669503,4.861388815669503,4.861388815669503,4.861388815669503,4.861388815669503,4.861388815669503,4.861388815669503,4.861388815669503,4.861388815669503,4.861388815669503,4.861388815669503,4.861388815669503,4.861388815669503,4.861388815669503,4.861388815669503,4.861388815669503,4.861388815669503,4.861388815669503,4.861388815669503,4.861388815669503,4.861388815669503,4.861388815669503,4.861388815669503,4.861388815669503,4.861388815669503,4.861388815669503,4.861388815669503,4.861388815669503,4.861388815669503,4.861388815669503,4.861388815669503,4.861388815669503,4.861388815669503,4.861388815669503,4.861388815669503,4.861388815669503,4.861388815669503,4.861388815669503,4.861388815669503,4.861388815669503,4.861388815669503,4.861388815669503,4.861388815669503,4.861388815669503,4.861388815669503,4.861388815669503,4.861388815669503,4.861388815669503,4.861388815669503,4.861388815669503,4.861388815669503,4.861388815669503,4.861388815669503,4.861388815669503,4.861388815669503,4.861388815669503,4.861388815669503,4.187280707113772,4.187280707113772,4.187280707113772,4.187280707113772,4.187280707113772,4.187280707113772,4.187280707113772,4.187280707113772,4.187280707113772,4.187280707113772,4.187280707113772,4.187280707113772,4.187280707113772,4.187280707113772,4.187280707113772,4.187280707113772,4.187280707113772,4.187280707113772,4.187280707113772,4.187280707113772,4.187280707113772,4.187280707113772,4.187280707113772,4.187280707113772,4.187280707113772,4.187280707113772,4.187280707113772,4.187280707113772,4.187280707113772,4.187280707113772,4.187280707113772,4.187280707113772,4.187280707113772,4.187280707113772,4.187280707113772,4.187280707113772,4.187280707113772,4.187280707113772,4.187280707113772,4.187280707113772,4.187280707113772,4.187280707113772,4.187280707113772,4.187280707113772,4.187280707113772,4.187280707113772,4.187280707113772,4.187280707113772,4.187280707113772,4.187280707113772,4.187280707113772,4.187280707113772,4.187280707113772,4.187280707113772,4.187280707113772,4.187280707113772,4.187280707113772,4.187280707113772,4.187280707113772,4.187280707113772,4.187280707113772,4.187280707113772,4.187280707113772,4.187280707113772,4.187280707113772,4.187280707113772,4.187280707113772,4.187280707113772,4.187280707113772,4.187280707113772,4.187280707113772,4.187280707113772,4.187280707113772,4.187280707113772,4.187280707113772,4.187280707113772,4.187280707113772,4.187280707113772,4.187280707113772,4.187280707113772,4.187280707113772,4.187280707113772,4.187280707113772,4.187280707113772,4.187280707113772,4.187280707113772,4.187280707113772,4.187280707113772,4.187280707113772,4.187280707113772,4.187280707113772,4.187280707113772,4.187280707113772,4.187280707113772,4.187280707113772,4.187280707113772,4.187280707113772,4.187280707113772,4.187280707113772,4.187280707113772,4.187280707113772,4.187280707113772,4.187280707113772,4.187280707113772,4.187280707113772,4.187280707113772,4.187280707113772,4.187280707113772,4.187280707113772,4.187280707113772,4.187280707113772,4.187280707113772,4.187280707113772,4.187280707113772,4.187280707113772,4.187280707113772,4.187280707113772,4.187280707113772,4.187280707113772,4.187280707113772,4.187280707113772,4.187280707113772,4.187280707113772,4.187280707113772,4.187280707113772,4.187280707113772,4.187280707113772,4.187280707113772,4.187280707113772,4.187280707113772,4.187280707113772,4.187280707113772,4.187280707113772,4.187280707113772,4.187280707113772,4.187280707113772,4.187280707113772,4.187280707113772,4.187280707113772,4.187280707113772,4.187280707113772,4.187280707113772,4.187280707113772,4.187280707113772,4.187280707113772,4.187280707113772,4.187280707113772,4.187280707113772,4.187280707113772,4.187280707113772,4.187280707113772,4.187280707113772,4.187280707113772,4.187280707113772,4.187280707113772,4.187280707113772,4.187280707113772,4.187280707113772,4.187280707113772,4.187280707113772,4.187280707113772,4.187280707113772,4.187280707113772,4.187280707113772,4.187280707113772,4.187280707113772,4.187280707113772,4.187280707113772,4.187280707113772,4.187280707113772,4.187280707113772,4.187280707113772,4.187280707113772,4.187280707113772,4.187280707113772,4.187280707113772,4.187280707113772,4.187280707113772,4.187280707113772,4.187280707113772,4.187280707113772,4.187280707113772,4.187280707113772,4.187280707113772,4.187280707113772,4.187280707113772,4.187280707113772,4.187280707113772,4.187280707113772,4.187280707113772,4.187280707113772,4.187280707113772,4.187280707113772,4.187280707113772,4.187280707113772,4.187280707113772,4.187280707113772,4.187280707113772,4.187280707113772,4.187280707113772,4.187280707113772,4.187280707113772,4.187280707113772,4.187280707113772,4.187280707113772,4.187280707113772,4.187280707113772,4.187280707113772,4.187280707113772,4.187280707113772,4.187280707113772,4.187280707113772,4.187280707113772,4.187280707113772,4.187280707113772,4.187280707113772,4.187280707113772,4.187280707113772,4.187280707113772,4.187280707113772,4.187280707113772,4.187280707113772,4.187280707113772,4.187280707113772,4.187280707113772,4.187280707113772,4.187280707113772,4.187280707113772,4.187280707113772,4.187280707113772,4.187280707113772,4.187280707113772,4.187280707113772,4.187280707113772,4.187280707113772,4.187280707113772,4.187280707113772,4.187280707113772,4.187280707113772,4.187280707113772,4.187280707113772,4.187280707113772,4.187280707113772,4.187280707113772,4.187280707113772,4.187280707113772,4.187280707113772,4.187280707113772,4.187280707113772,4.187280707113772,4.187280707113772,4.187280707113772,4.187280707113772,4.187280707113772,4.187280707113772,4.187280707113772,4.187280707113772,4.187280707113772,4.187280707113772,4.187280707113772,4.187280707113772,4.187280707113772,4.187280707113772,4.187280707113772,4.187280707113772,4.187280707113772,4.187280707113772,4.187280707113772,4.187280707113772,4.187280707113772,4.187280707113772,4.187280707113772,4.187280707113772,4.187280707113772,4.187280707113772,4.187280707113772,4.187280707113772,4.187280707113772,4.187280707113772,4.187280707113772,4.187280707113772,4.187280707113772,4.187280707113772,4.187280707113772,4.187280707113772,4.187280707113772,4.187280707113772,4.187280707113772,4.187280707113772,4.187280707113772,4.187280707113772,4.187280707113772,4.187280707113772,4.187280707113772,4.187280707113772,4.187280707113772,4.187280707113772,4.187280707113772,4.187280707113772,4.187280707113772,4.187280707113772,4.187280707113772,4.187280707113772,4.187280707113772,4.187280707113772,4.187280707113772,4.187280707113772,4.187280707113772,4.187280707113772,4.187280707113772,4.187280707113772,4.187280707113772,4.187280707113772,4.187280707113772,4.187280707113772,4.187280707113772,4.187280707113772,4.187280707113772,4.187280707113772,4.187280707113772,4.187280707113772,4.187280707113772,4.187280707113772,4.187280707113772,4.187280707113772,4.187280707113772,4.187280707113772,4.187280707113772,4.187280707113772,4.187280707113772,4.187280707113772,4.187280707113772,4.187280707113772,4.187280707113772,4.187280707113772,4.187280707113772,4.187280707113772,4.187280707113772,4.187280707113772,4.187280707113772,4.187280707113772,9.614444217215155,8.507678300101487,8.507678300101487,8.507678300101487,8.507678300101487,8.507678300101487,8.507678300101487,8.507678300101487,8.507678300101487,8.507678300101487,8.507678300101487,8.507678300101487,8.233553961109966,8.233553961109966,8.233553961109966,8.233553961109966,8.233553961109966,8.233553961109966,8.167573098388713,8.167573098388713,8.167573098388713,8.167573098388713,8.167573098388713,8.167573098388713,8.167573098388713,8.167573098388713,8.167573098388713,8.167573098388713,8.167573098388713,8.167573098388713,8.167573098388713,8.167573098388713,8.167573098388713,8.167573098388713,8.167573098388713,8.167573098388713,8.167573098388713,8.167573098388713,8.167573098388713,8.167573098388713,8.167573098388713,8.167573098388713,8.167573098388713,8.167573098388713,8.117694309224758,8.117694309224758,8.117694309224758,8.117694309224758,8.117694309224758,8.117694309224758,8.117694309224758,8.117694309224758,8.117694309224758,8.117694309224758,8.117694309224758,8.117694309224758,8.117694309224758,8.117694309224758,8.117694309224758,8.117694309224758,8.117694309224758,8.117694309224758,8.117694309224758,8.117694309224758,8.117694309224758,8.117694309224758,8.117694309224758,8.117694309224758,8.117694309224758,8.117694309224758,8.00255278982078,7.0231868882744255,7.0231868882744255,7.0231868882744255,6.242941397636222,6.242941397636222,6.242941397636222,6.242941397636222,6.242941397636222,6.242941397636222,6.242941397636222,6.242941397636222,6.242941397636222,6.242941397636222,6.242941397636222,6.242941397636222,6.242941397636222,6.242941397636222,6.03229200680876,6.03229200680876,6.03229200680876,6.03229200680876,6.03229200680876,6.03229200680876,6.03229200680876,6.03229200680876,6.03229200680876,6.03229200680876,6.03229200680876,6.03229200680876,6.03229200680876,6.03229200680876,6.03229200680876,6.03229200680876,6.03229200680876,6.03229200680876,6.03229200680876,6.03229200680876,6.03229200680876,6.03229200680876,6.03229200680876,6.03229200680876,6.03229200680876,6.03229200680876,6.03229200680876,6.03229200680876,6.03229200680876,6.03229200680876,6.03229200680876,6.03229200680876,6.03229200680876,6.03229200680876,6.03229200680876,6.03229200680876,6.03229200680876,6.03229200680876,5.663954503768695,5.663954503768695,5.663954503768695,5.663954503768695,5.663954503768695,5.663954503768695,5.663954503768695,5.663954503768695,5.663954503768695,5.663954503768695,5.663954503768695,5.663954503768695,5.663954503768695,5.663954503768695,5.663954503768695,5.663954503768695,5.663954503768695,5.663954503768695,5.663954503768695,5.663954503768695,5.663954503768695,5.663954503768695,5.663954503768695,5.663954503768695,5.663954503768695,5.663954503768695,5.663954503768695,5.663954503768695,5.663954503768695,5.663954503768695,5.663954503768695,5.663954503768695,5.663954503768695,5.663954503768695,5.663954503768695,5.663954503768695,5.663954503768695,5.663954503768695,5.663954503768695,4.7667399685940275,4.7667399685940275,4.7667399685940275,4.7667399685940275,4.666622215848112,4.666622215848112,4.666622215848112,4.666622215848112,4.666622215848112,4.666622215848112,4.666622215848112,4.666622215848112,4.666622215848112,4.666622215848112,4.666622215848112,4.666622215848112,4.666622215848112,4.666622215848112,4.666622215848112,4.666622215848112,4.666622215848112,4.666622215848112,4.666622215848112,4.666622215848112,4.666622215848112,4.666622215848112,4.666622215848112,4.666622215848112,4.666622215848112,4.666622215848112,4.666622215848112,4.666622215848112,4.666622215848112,4.666622215848112,4.666622215848112,4.666622215848112,4.666622215848112,4.666622215848112,4.666622215848112,4.666622215848112,4.666622215848112,4.666622215848112,4.666622215848112,4.666622215848112,4.666622215848112,4.666622215848112,4.666622215848112,4.666622215848112,4.666622215848112,4.666622215848112,4.666622215848112,4.666622215848112,4.666622215848112,4.666622215848112,4.666622215848112,4.666622215848112,4.666622215848112,4.666622215848112,4.666622215848112,4.666622215848112,4.666622215848112,4.666622215848112,4.666622215848112,4.666622215848112,4.666622215848112,4.666622215848112,4.666622215848112,4.666622215848112,4.666622215848112,4.666622215848112,4.666622215848112,4.666622215848112,4.666622215848112,4.666622215848112,4.666622215848112,4.666622215848112,4.666622215848112,4.666622215848112,4.666622215848112,4.666622215848112,4.666622215848112,4.666622215848112,4.666622215848112,4.666622215848112,4.666622215848112,4.666622215848112,4.666622215848112,4.666622215848112,4.666622215848112,4.666622215848112,4.666622215848112,4.666622215848112,4.666622215848112,4.666622215848112,4.666622215848112,4.666622215848112,4.666622215848112,4.666622215848112,4.666622215848112,4.666622215848112,4.666622215848112,4.666622215848112,4.666622215848112,4.666622215848112,4.666622215848112,4.666622215848112,4.666622215848112,4.666622215848112,4.666622215848112,4.666622215848112,4.666622215848112,4.666622215848112,4.666622215848112,4.666622215848112,4.666622215848112,4.666622215848112,4.666622215848112,4.666622215848112,4.666622215848112,4.666622215848112,4.666622215848112,4.666622215848112,4.666622215848112,4.666622215848112,4.666622215848112,4.666622215848112,4.666622215848112,4.666622215848112,4.666622215848112,4.666622215848112,4.666622215848112,4.666622215848112,4.666622215848112,4.666622215848112,4.666622215848112,4.666622215848112,4.666622215848112,4.666622215848112,4.666622215848112,4.666622215848112,4.666622215848112,4.666622215848112,4.666622215848112,4.666622215848112,4.666622215848112,4.666622215848112,4.666622215848112,4.666622215848112,4.666622215848112,4.666622215848112,4.666622215848112,4.666622215848112,4.666622215848112,4.666622215848112,4.666622215848112,4.666622215848112,4.666622215848112,4.666622215848112,4.666622215848112,4.666622215848112,4.666622215848112,4.666622215848112,4.666622215848112,4.666622215848112,4.666622215848112,4.666622215848112,4.666622215848112,4.666622215848112,4.666622215848112,4.666622215848112,4.666622215848112,4.666622215848112,4.666622215848112,4.666622215848112,4.666622215848112,4.666622215848112,4.666622215848112,4.666622215848112,4.666622215848112,4.666622215848112,4.666622215848112,4.666622215848112,4.666622215848112,4.666622215848112,4.666622215848112,4.666622215848112,4.666622215848112,4.666622215848112,4.666622215848112,4.666622215848112,4.666622215848112,4.666622215848112,4.666622215848112,4.666622215848112,4.666622215848112,4.666622215848112,4.666622215848112,4.666622215848112,4.666622215848112,4.666622215848112,4.666622215848112,4.666622215848112,4.666622215848112,4.666622215848112,4.666622215848112,4.666622215848112,4.666622215848112,4.666622215848112,4.666622215848112,4.666622215848112,4.666622215848112,4.666622215848112,4.666622215848112,4.666622215848112,4.666622215848112,4.666622215848112,4.666622215848112,4.666622215848112,4.666622215848112,4.666622215848112,4.666622215848112,4.666622215848112,4.666622215848112,4.666622215848112,4.666622215848112,4.666622215848112,4.666622215848112,4.666622215848112,4.666622215848112,4.666622215848112,4.666622215848112,4.666622215848112,4.666622215848112,4.666622215848112,4.666622215848112,4.666622215848112,4.666622215848112,4.666622215848112,4.666622215848112,4.666622215848112,4.666622215848112,4.666622215848112,4.666622215848112,4.666622215848112,4.666622215848112,4.666622215848112,4.666622215848112,4.666622215848112,4.666622215848112,4.666622215848112,4.666622215848112,4.666622215848112,4.666622215848112,4.666622215848112,4.666622215848112,4.666622215848112,4.666622215848112,4.666622215848112,4.666622215848112,4.666622215848112,4.666622215848112,4.666622215848112,4.666622215848112,4.666622215848112,4.666622215848112,4.666622215848112,4.666622215848112,4.666622215848112,4.666622215848112,4.666622215848112,4.666622215848112,4.666622215848112,4.666622215848112,4.666622215848112,4.666622215848112,4.666622215848112,4.666622215848112,4.666622215848112,4.666622215848112,4.666622215848112,4.666622215848112,4.666622215848112,4.666622215848112,4.666622215848112,4.666622215848112,4.666622215848112,4.666622215848112,4.666622215848112,4.666622215848112,4.666622215848112,4.666622215848112,4.666622215848112,4.666622215848112,4.666622215848112,4.666622215848112,4.666622215848112,4.666622215848112,4.666622215848112,4.666622215848112,4.666622215848112,4.666622215848112,4.666622215848112,4.666622215848112,4.666622215848112,4.666622215848112,4.666622215848112,4.666622215848112,4.666622215848112,4.666622215848112,4.666622215848112,4.666622215848112,4.666622215848112,4.666622215848112,4.666622215848112,4.666622215848112,4.666622215848112,4.666622215848112,4.666622215848112,4.666622215848112,4.666622215848112,4.666622215848112,4.666622215848112,4.666622215848112,4.666622215848112,4.666622215848112,4.666622215848112,4.666622215848112,4.666622215848112,4.666622215848112,4.666622215848112,4.666622215848112,4.666622215848112,4.666622215848112,4.666622215848112,4.666622215848112,4.666622215848112,4.666622215848112,4.666622215848112,4.666622215848112,4.666622215848112,4.666622215848112,4.666622215848112,4.666622215848112,4.666622215848112,4.666622215848112,4.666622215848112,4.666622215848112,4.666622215848112,4.666622215848112,4.666622215848112,4.666622215848112,4.666622215848112,4.666622215848112,4.666622215848112,4.666622215848112,4.666622215848112,4.666622215848112,4.666622215848112,4.666622215848112,4.666622215848112,4.666622215848112,4.666622215848112,4.666622215848112,4.666622215848112,4.666622215848112,4.666622215848112,4.666622215848112,4.666622215848112,4.666622215848112,4.666622215848112,4.666622215848112,4.666622215848112,4.666622215848112,4.666622215848112,4.666622215848112,4.666622215848112,4.666622215848112,4.666622215848112,4.666622215848112,4.666622215848112,4.666622215848112,4.666622215848112,4.666622215848112,4.666622215848112,4.666622215848112,4.666622215848112,4.666622215848112,4.666622215848112,4.666622215848112,4.666622215848112,4.666622215848112,4.666622215848112,4.666622215848112,4.666622215848112,4.666622215848112,4.666622215848112,4.666622215848112,4.666622215848112,4.666622215848112,4.666622215848112,4.666622215848112,4.666622215848112,4.666622215848112,4.666622215848112,4.666622215848112,4.666622215848112,4.666622215848112,4.666622215848112,4.666622215848112,4.666622215848112,4.666622215848112,4.666622215848112,4.666622215848112,4.666622215848112,4.666622215848112,4.666622215848112,4.666622215848112,4.666622215848112,4.666622215848112,4.666622215848112,4.666622215848112,4.666622215848112,4.666622215848112,4.666622215848112,4.666622215848112,4.666622215848112,4.666622215848112,4.666622215848112,4.666622215848112,4.666622215848112,4.666622215848112,4.666622215848112,4.666622215848112,4.666622215848112,4.666622215848112,4.666622215848112,4.666622215848112,4.666622215848112,4.666622215848112,4.666622215848112,4.666622215848112,4.666622215848112,4.666622215848112,4.666622215848112,4.666622215848112,4.666622215848112,4.666622215848112,4.666622215848112,4.666622215848112,4.666622215848112,4.666622215848112,4.666622215848112,4.666622215848112,4.666622215848112,4.666622215848112,4.666622215848112,4.666622215848112,4.666622215848112,4.666622215848112,4.666622215848112,4.666622215848112,4.666622215848112,4.666622215848112,4.666622215848112,4.666622215848112,4.666622215848112,4.666622215848112,4.666622215848112,4.666622215848112,4.666622215848112,4.666622215848112,4.666622215848112,4.666622215848112,4.666622215848112,4.666622215848112,4.666622215848112,4.666622215848112,4.666622215848112,4.666622215848112,4.666622215848112,4.666622215848112,4.666622215848112,4.666622215848112,4.666622215848112,4.666622215848112,4.666622215848112,4.666622215848112,4.666622215848112,4.666622215848112,4.666622215848112,4.666622215848112,4.666622215848112,4.666622215848112,4.666622215848112,4.666622215848112,4.666622215848112,4.666622215848112,4.666622215848112,4.666622215848112,4.666622215848112,4.666622215848112,4.666622215848112,4.666622215848112,4.666622215848112,4.666622215848112,4.666622215848112,4.666622215848112,4.666622215848112,4.666622215848112,4.666622215848112,4.666622215848112,4.666622215848112,4.666622215848112,4.666622215848112,4.666622215848112,4.666622215848112,4.666622215848112,4.666622215848112,4.666622215848112,4.666622215848112,4.666622215848112,4.666622215848112,4.666622215848112,4.666622215848112,4.666622215848112,4.666622215848112,4.666622215848112,4.666622215848112,4.666622215848112,4.666622215848112,4.666622215848112,4.666622215848112,4.666622215848112,4.666622215848112,4.666622215848112,4.666622215848112,4.666622215848112,4.666622215848112,4.666622215848112,4.666622215848112,4.666622215848112,4.666622215848112,4.666622215848112,4.666622215848112,4.666622215848112,4.666622215848112,4.666622215848112,4.666622215848112,4.666622215848112,4.666622215848112,4.666622215848112,4.666622215848112,4.666622215848112,4.666622215848112,4.666622215848112,4.666622215848112,4.666622215848112,4.666622215848112,4.666622215848112,4.666622215848112,4.666622215848112,4.666622215848112,4.666622215848112,4.666622215848112,4.666622215848112,4.666622215848112,4.666622215848112,4.666622215848112,4.666622215848112,4.666622215848112,4.666622215848112,4.666622215848112,4.666622215848112,4.666622215848112,4.666622215848112,4.666622215848112,4.666622215848112,4.666622215848112,4.666622215848112,4.666622215848112,4.666622215848112,4.666622215848112,4.666622215848112,4.666622215848112,4.666622215848112,4.666622215848112,4.666622215848112,4.666622215848112,4.666622215848112,4.666622215848112,4.666622215848112,4.666622215848112,4.666622215848112,4.666622215848112,4.666622215848112,4.055374674446137,4.055374674446137,4.055374674446137,4.055374674446137,4.055374674446137,4.055374674446137,4.055374674446137,4.055374674446137,4.055374674446137,4.055374674446137,4.055374674446137,4.055374674446137,4.055374674446137,4.055374674446137,4.055374674446137,4.055374674446137,4.055374674446137,4.055374674446137,4.055374674446137,4.055374674446137,4.055374674446137,4.055374674446137,4.055374674446137,4.055374674446137,4.055374674446137,4.055374674446137,4.055374674446137,4.055374674446137,4.055374674446137,4.055374674446137,4.055374674446137,4.055374674446137,4.055374674446137,4.055374674446137,4.055374674446137,4.055374674446137,4.055374674446137,4.055374674446137,4.055374674446137,4.055374674446137,4.055374674446137,4.055374674446137,4.055374674446137,4.055374674446137,4.055374674446137,4.055374674446137,4.055374674446137,4.055374674446137,4.055374674446137,4.055374674446137,4.055374674446137,4.055374674446137,4.055374674446137,4.055374674446137,4.055374674446137,4.055374674446137,4.055374674446137,4.055374674446137,4.055374674446137,4.055374674446137,4.055374674446137,4.055374674446137,4.055374674446137,4.055374674446137,4.055374674446137,4.055374674446137,4.055374674446137,3.978895037894584,3.978895037894584,3.978895037894584,3.978895037894584,3.978895037894584,3.978895037894584,3.978895037894584,3.978895037894584,3.978895037894584,3.978895037894584,3.978895037894584,3.978895037894584,3.978895037894584,3.978895037894584,3.978895037894584,3.978895037894584,3.978895037894584,3.978895037894584,3.978895037894584,3.978895037894584,3.978895037894584,3.854193923972239,3.854193923972239,3.854193923972239,3.854193923972239,3.5881662437950523,3.5881662437950523,3.5881662437950523,3.5881662437950523,3.5881662437950523,3.5881662437950523,3.5881662437950523,3.5881662437950523,3.5881662437950523,3.5881662437950523,3.5881662437950523,3.5881662437950523,3.5881662437950523,3.5881662437950523,3.5881662437950523,3.5881662437950523,3.5881662437950523,3.5279479055372818,3.5279479055372818,3.5279479055372818,3.5279479055372818,3.5279479055372818,3.5279479055372818,3.5279479055372818,3.5279479055372818,3.5279479055372818,3.5279479055372818,3.5279479055372818,3.5279479055372818,3.5279479055372818,3.5279479055372818,3.5279479055372818,3.5279479055372818,3.5279479055372818,3.5279479055372818,3.5279479055372818,3.5279479055372818,3.5279479055372818,3.5279479055372818,3.5279479055372818,3.5279479055372818,3.5279479055372818,3.5279479055372818,3.5279479055372818,3.5279479055372818,3.5279479055372818,3.5279479055372818,3.5279479055372818,3.5279479055372818,3.5279479055372818,3.5279479055372818,3.5279479055372818,3.5279479055372818,3.5279479055372818,3.5279479055372818,3.5279479055372818,3.5279479055372818,3.5279479055372818,3.5279479055372818,3.5279479055372818,3.5279479055372818,3.5279479055372818,3.5279479055372818,3.5279479055372818,3.5279479055372818,3.5279479055372818,3.5279479055372818,3.5279479055372818,3.5279479055372818,3.5279479055372818,3.5279479055372818,3.5279479055372818,3.5279479055372818,3.5279479055372818,3.5279479055372818,3.5279479055372818,3.5279479055372818,3.5279479055372818,3.5279479055372818,3.5279479055372818,3.5279479055372818,3.5279479055372818,3.5279479055372818,3.5279479055372818,3.5279479055372818,3.5279479055372818,3.5279479055372818,3.5279479055372818,3.5279479055372818,3.5279479055372818,3.5279479055372818,3.5279479055372818,3.5279479055372818,3.5279479055372818,3.5279479055372818,3.5279479055372818,3.5279479055372818,3.5279479055372818,3.5279479055372818,3.5279479055372818,3.5279479055372818,3.5279479055372818,3.5279479055372818,3.5279479055372818,3.5279479055372818,3.5279479055372818,3.5279479055372818,3.5279479055372818,3.5279479055372818,3.5279479055372818,3.5279479055372818,3.5279479055372818,3.5279479055372818,3.5279479055372818,3.5279479055372818,3.5279479055372818,3.5279479055372818,3.5279479055372818,3.5279479055372818,3.5279479055372818,3.5279479055372818,3.5279479055372818,3.5279479055372818,3.5279479055372818,3.5279479055372818,3.5279479055372818,3.5279479055372818,3.5279479055372818,3.5279479055372818,3.5279479055372818,3.5279479055372818,3.5279479055372818,3.5279479055372818,3.5279479055372818,3.5279479055372818,3.5279479055372818,3.5279479055372818,3.5279479055372818,3.5279479055372818,3.5279479055372818,3.5279479055372818,3.5279479055372818,3.5279479055372818,3.5279479055372818,3.5279479055372818,3.5279479055372818,3.5279479055372818,3.5279479055372818,6.941351623911981,6.941351623911981,6.941351623911981,6.941351623911981,6.941351623911981,6.358273641993759,6.358273641993759,6.358273641993759,6.358273641993759,6.358273641993759,6.358273641993759,6.358273641993759,6.358273641993759,6.298727917484846,6.298727917484846,6.298727917484846,6.168716935894822,5.964342717246823,5.878141269030979,5.869387205076053,5.869387205076053,5.838605086841981,5.838605086841981,5.838605086841981,5.838605086841981,5.838605086841981,5.838605086841981,5.838605086841981,5.838605086841981,5.388082764216031,5.388082764216031,5.2783216646217594,5.2783216646217594,5.2783216646217594,5.2783216646217594,5.2783216646217594,5.2783216646217594,5.2783216646217594,5.2783216646217594,5.2783216646217594,5.2783216646217594,5.278084097675955,5.278084097675955,5.278084097675955,5.278084097675955,5.278084097675955,5.278084097675955,5.278084097675955,5.278084097675955,5.278084097675955,5.278084097675955,5.278084097675955,5.278084097675955,5.278084097675955,5.278084097675955,5.278084097675955,5.278084097675955,5.278084097675955,5.278084097675955,5.278084097675955,5.278084097675955,5.278084097675955,5.278084097675955,5.278084097675955,5.278084097675955,5.278084097675955,5.278084097675955,5.278084097675955,5.278084097675955,5.278084097675955,5.278084097675955,5.278084097675955,5.278084097675955,5.278084097675955,5.278084097675955,5.278084097675955,5.278084097675955,5.278084097675955,5.278084097675955,5.278084097675955,5.278084097675955,5.278084097675955,5.278084097675955,5.278084097675955,5.278084097675955,5.278084097675955,5.278084097675955,5.278084097675955,5.278084097675955,5.278084097675955,5.278084097675955,5.278084097675955,5.278084097675955,5.278084097675955,5.278084097675955,5.278084097675955,5.278084097675955,5.278084097675955,5.278084097675955,5.278084097675955,5.278084097675955,5.278084097675955,5.278084097675955,5.278084097675955,5.0086400466383365,5.0086400466383365,5.0086400466383365,5.0086400466383365,5.0086400466383365,5.0086400466383365,5.0086400466383365,5.0086400466383365,5.0086400466383365,5.0086400466383365,5.0086400466383365,5.0086400466383365,5.0086400466383365,5.0086400466383365,5.0086400466383365,5.0086400466383365,5.0086400466383365,5.0086400466383365,5.0086400466383365,5.0086400466383365,5.0086400466383365,5.0086400466383365,5.0086400466383365,5.0086400466383365,5.0086400466383365,5.0086400466383365,5.0086400466383365,5.0086400466383365,5.0086400466383365,5.0086400466383365,5.0086400466383365,5.0086400466383365,5.0086400466383365,5.0086400466383365,5.0086400466383365,5.0086400466383365,5.0086400466383365,5.0086400466383365,5.0086400466383365,5.0086400466383365,5.0086400466383365,5.0086400466383365,5.0086400466383365,5.0086400466383365,5.0086400466383365,5.0086400466383365,5.0086400466383365,5.0086400466383365,5.0086400466383365,5.0086400466383365,5.0086400466383365,5.0086400466383365,5.0086400466383365,5.0086400466383365,5.0086400466383365,5.0086400466383365,5.0086400466383365,5.0086400466383365,5.0086400466383365,5.0086400466383365,5.0086400466383365,5.0086400466383365,5.0086400466383365,5.0086400466383365,5.0086400466383365,5.0086400466383365,5.0086400466383365,5.0086400466383365,5.0086400466383365,5.0086400466383365,5.0086400466383365,5.0086400466383365,5.0086400466383365,5.0086400466383365,5.0086400466383365,5.0086400466383365,5.0086400466383365,5.0086400466383365,5.0086400466383365,5.0086400466383365,5.0086400466383365,5.0086400466383365,5.0086400466383365,5.0086400466383365,5.0086400466383365,5.0086400466383365,5.0086400466383365,5.0086400466383365,5.0086400466383365,5.0086400466383365,5.0086400466383365,5.0086400466383365,5.0086400466383365,5.0086400466383365,5.0086400466383365,5.0086400466383365,5.0086400466383365,5.0086400466383365,5.0086400466383365,5.0086400466383365,5.0086400466383365,5.0086400466383365,5.0086400466383365,5.0086400466383365,5.0086400466383365,5.0086400466383365,5.0086400466383365,5.0086400466383365,5.0086400466383365,5.0086400466383365,5.0086400466383365,5.0086400466383365,5.0086400466383365,5.0086400466383365,5.0086400466383365,5.0086400466383365,5.0086400466383365,5.0086400466383365,5.0086400466383365,5.0086400466383365,5.0086400466383365,5.0086400466383365,5.0086400466383365,5.0086400466383365,5.0086400466383365,5.0086400466383365,5.0086400466383365,5.0086400466383365,5.0086400466383365,5.0086400466383365,5.0086400466383365,5.0086400466383365,5.0086400466383365,5.0086400466383365,5.0086400466383365,5.0086400466383365,5.0086400466383365,5.0086400466383365,5.0086400466383365,5.0086400466383365,5.0086400466383365,5.0086400466383365,5.0086400466383365,5.0086400466383365,5.0086400466383365,5.0086400466383365,5.0086400466383365,5.0086400466383365,5.0086400466383365,4.875533343774412,4.875533343774412,4.875533343774412,4.875533343774412,4.875533343774412,4.875533343774412,4.875533343774412,4.875533343774412,4.875533343774412,4.812147152080146,4.812147152080146,4.812147152080146,4.812147152080146,4.812147152080146,4.812147152080146,4.790983820489584,4.790983820489584,4.790983820489584,4.790983820489584,4.790983820489584,4.790983820489584,4.790983820489584,4.790983820489584,4.790983820489584,4.790983820489584,4.790983820489584,4.790983820489584,4.790983820489584,4.790983820489584,4.790983820489584,4.790983820489584,4.790983820489584,4.790983820489584,4.790983820489584,4.790983820489584,4.790983820489584,4.790983820489584,4.790983820489584,4.790983820489584,4.790983820489584,4.790983820489584,4.790983820489584,4.790983820489584,4.790983820489584,4.790983820489584,4.614561074869585,4.614561074869585,4.614561074869585,4.614561074869585,4.614561074869585,4.614561074869585,4.614561074869585,4.614561074869585,4.614561074869585,4.614561074869585,4.614561074869585,4.614561074869585,4.614561074869585,4.614561074869585,4.614561074869585,4.614561074869585,4.614561074869585,4.614561074869585,4.614561074869585,4.614561074869585,4.614561074869585,4.614561074869585,4.614561074869585,4.614561074869585,4.614561074869585,4.614561074869585,4.614561074869585,4.614561074869585,4.614561074869585,4.614561074869585,4.614561074869585,4.614561074869585,4.614561074869585,4.614561074869585,4.614561074869585,4.614561074869585,4.614561074869585,4.614561074869585,4.614561074869585,4.614561074869585,4.614561074869585,4.614561074869585,4.614561074869585,4.614561074869585,4.614561074869585,4.614561074869585,4.614561074869585,4.614561074869585,4.614561074869585,4.614561074869585,4.614561074869585,4.614561074869585,4.614561074869585,4.614561074869585,4.614561074869585,4.614561074869585,4.614561074869585,4.614561074869585,4.614561074869585,4.614561074869585,4.614561074869585,4.614561074869585,4.614561074869585,4.614561074869585,4.614561074869585,4.614561074869585,4.614561074869585,4.614561074869585,4.614561074869585,4.614561074869585,4.614561074869585,4.614561074869585,4.614561074869585,4.614561074869585,4.614561074869585,4.614561074869585,4.614561074869585,4.614561074869585,4.614561074869585,4.614561074869585,4.614561074869585,4.614561074869585,4.614561074869585,4.614561074869585,4.614561074869585,4.614561074869585,4.614561074869585,4.614561074869585,4.614561074869585,4.614561074869585,4.614561074869585,4.614561074869585,4.614561074869585,4.614561074869585,4.614561074869585,4.614561074869585,4.614561074869585,4.614561074869585,4.614561074869585,4.614561074869585,4.614561074869585,4.614561074869585,4.614561074869585,4.614561074869585,4.614561074869585,4.614561074869585,4.614561074869585,4.614561074869585,4.614561074869585,4.614561074869585,4.614561074869585,4.614561074869585,4.614561074869585,4.614561074869585,4.614561074869585,4.614561074869585,4.614561074869585,4.614561074869585,4.614561074869585,4.614561074869585,4.614561074869585,4.614561074869585,4.614561074869585,4.614561074869585,4.614561074869585,4.614561074869585,4.614561074869585,4.614561074869585,4.614561074869585,4.614561074869585,4.614561074869585,4.614561074869585,4.614561074869585,4.614561074869585,4.614561074869585,4.614561074869585,4.614561074869585,4.614561074869585,4.614561074869585,4.614561074869585,4.614561074869585,4.614561074869585,4.614561074869585,4.614561074869585,4.614561074869585,4.614561074869585,4.614561074869585,4.614561074869585,4.614561074869585,4.614561074869585,4.614561074869585,4.614561074869585,4.614561074869585,4.614561074869585,4.614561074869585,4.614561074869585,4.614561074869585,4.614561074869585,4.614561074869585,4.614561074869585,4.614561074869585,4.614561074869585,4.614561074869585,4.614561074869585,4.614561074869585,4.614561074869585,4.614561074869585,4.614561074869585,4.614561074869585,4.614561074869585,4.614561074869585,4.614561074869585,4.614561074869585,4.614561074869585,4.614561074869585,4.614561074869585,4.614561074869585,4.614561074869585,4.614561074869585,4.614561074869585,4.614561074869585,4.614561074869585,4.614561074869585,4.614561074869585,4.614561074869585,4.614561074869585,4.614561074869585,4.614561074869585,4.614561074869585,4.614561074869585,4.614561074869585,4.614561074869585,4.614561074869585,4.614561074869585,4.614561074869585,4.614561074869585,4.614561074869585,4.614561074869585,4.614561074869585,4.614561074869585,4.614561074869585,4.614561074869585,4.614561074869585,4.614561074869585,4.614561074869585,4.614561074869585,4.614561074869585,4.614561074869585,4.614561074869585,4.614561074869585,4.614561074869585,4.614561074869585,4.614561074869585,4.614561074869585,4.614561074869585,4.614561074869585,4.614561074869585,4.614561074869585,4.614561074869585,4.614561074869585,4.614561074869585,4.614561074869585,4.614561074869585,4.614561074869585,4.614561074869585,4.614561074869585,4.614561074869585,4.614561074869585,4.614561074869585,4.614561074869585,4.614561074869585,4.614561074869585,4.614561074869585,4.614561074869585,4.614561074869585,4.614561074869585,4.614561074869585,4.614561074869585,4.614561074869585,4.614561074869585,4.614561074869585,4.614561074869585,4.614561074869585,4.614561074869585,4.614561074869585,4.614561074869585,4.614561074869585,4.614561074869585,4.614561074869585,4.614561074869585,4.614561074869585,4.614561074869585,4.614561074869585,4.614561074869585,4.614561074869585,4.614561074869585,4.614561074869585,4.614561074869585,4.614561074869585,4.614561074869585,4.614561074869585,4.614561074869585,4.614561074869585,4.614561074869585,4.614561074869585,4.614561074869585,4.614561074869585,4.614561074869585,4.614561074869585,4.614561074869585,4.614561074869585,4.614561074869585,4.614561074869585,4.614561074869585,4.614561074869585,4.614561074869585,4.614561074869585,4.614561074869585,4.614561074869585,4.614561074869585,4.614561074869585,4.614561074869585,4.614561074869585,4.614561074869585,4.614561074869585,4.614561074869585,4.614561074869585,4.614561074869585,4.614561074869585,4.614561074869585,4.614561074869585,4.614561074869585,4.614561074869585,4.614561074869585,4.614561074869585,4.614561074869585,4.614561074869585,4.614561074869585,4.614561074869585,4.614561074869585,3.8993102977323484,3.8993102977323484,3.8964175737092677,3.8964175737092677,3.8964175737092677,3.8964175737092677,3.8964175737092677,3.8964175737092677,3.8964175737092677,3.8964175737092677,3.8964175737092677,3.8964175737092677,3.8964175737092677,3.8964175737092677,3.8964175737092677,3.8964175737092677,3.8964175737092677,3.8964175737092677,3.8964175737092677,3.8964175737092677,3.8964175737092677,3.8964175737092677,3.8964175737092677,3.8964175737092677,3.8964175737092677,3.8964175737092677,3.8964175737092677,3.8964175737092677,3.8964175737092677,3.8964175737092677,3.8964175737092677,3.8964175737092677,3.8964175737092677,3.8964175737092677,3.8964175737092677,3.8964175737092677,3.8964175737092677,3.8964175737092677,3.8964175737092677,3.8964175737092677,3.8964175737092677,3.8964175737092677,3.8964175737092677,3.8964175737092677,3.8964175737092677,3.8964175737092677,3.8964175737092677,3.8964175737092677,3.8964175737092677,3.8964175737092677,3.8964175737092677,3.8964175737092677,3.8964175737092677,3.8964175737092677,3.8964175737092677,3.8964175737092677,3.8964175737092677,3.8964175737092677,3.8964175737092677,3.8964175737092677,3.8964175737092677,3.8964175737092677,3.8964175737092677,3.8964175737092677,3.8964175737092677,3.8964175737092677,3.8964175737092677,3.8964175737092677,3.8964175737092677,3.8964175737092677,3.8964175737092677,3.8964175737092677,3.8964175737092677,3.8964175737092677,3.8964175737092677,3.8964175737092677,3.8964175737092677,3.8964175737092677,3.8964175737092677,3.8964175737092677,3.8964175737092677,3.8964175737092677,3.8964175737092677,3.8964175737092677,3.8964175737092677,3.8964175737092677,3.8964175737092677,3.8964175737092677,3.8964175737092677,3.8964175737092677,3.8964175737092677,3.8964175737092677,3.8964175737092677,3.8964175737092677,3.8964175737092677,3.8964175737092677,3.8964175737092677,3.8964175737092677,3.8964175737092677,3.8964175737092677,3.8964175737092677,3.8964175737092677,3.8964175737092677,3.8964175737092677,3.8964175737092677,3.8964175737092677,3.8964175737092677,3.8964175737092677,3.8964175737092677,3.8964175737092677,3.8964175737092677,3.8964175737092677,3.8964175737092677,3.8964175737092677,3.8964175737092677,3.8964175737092677,3.8964175737092677,3.8964175737092677,3.8964175737092677,3.8964175737092677,3.8964175737092677,3.8964175737092677,3.8964175737092677,3.8964175737092677,3.8964175737092677,3.8964175737092677,3.8964175737092677,3.8964175737092677,3.8964175737092677,3.8964175737092677,3.8964175737092677,3.8964175737092677,3.8964175737092677,3.8964175737092677,3.8964175737092677,3.8964175737092677,3.8964175737092677,3.8964175737092677,3.8964175737092677,3.8964175737092677,3.8964175737092677,3.8964175737092677,3.8964175737092677,3.8964175737092677,3.8964175737092677,3.8964175737092677,3.8964175737092677,3.8964175737092677,3.8964175737092677,3.8964175737092677,3.8964175737092677,3.8964175737092677,3.8964175737092677,3.8964175737092677,3.8964175737092677,3.8964175737092677,3.8964175737092677,3.8964175737092677,3.8964175737092677,3.8964175737092677,3.8964175737092677,3.8964175737092677,3.8964175737092677,3.8964175737092677,3.8964175737092677,3.8964175737092677,3.8964175737092677,3.8964175737092677,3.8964175737092677,3.8964175737092677,3.8964175737092677,3.8964175737092677,3.8964175737092677,3.8964175737092677,3.8964175737092677,3.8964175737092677,3.8964175737092677,3.8964175737092677,3.8964175737092677,3.8964175737092677,3.8964175737092677,3.8964175737092677,3.8964175737092677,3.8964175737092677,3.8964175737092677,3.8964175737092677,3.8964175737092677,3.8964175737092677,3.8964175737092677,3.8964175737092677,3.8964175737092677,3.8964175737092677,3.8964175737092677,3.8964175737092677,3.8964175737092677,3.8964175737092677,3.8964175737092677,3.8964175737092677,3.8964175737092677,3.8964175737092677,3.8964175737092677,3.8964175737092677,3.8964175737092677,3.8964175737092677,3.8964175737092677,3.8964175737092677,3.8964175737092677,3.8964175737092677,3.8964175737092677,3.8964175737092677,3.8964175737092677,3.8964175737092677,3.8964175737092677,3.8964175737092677,3.8964175737092677,3.8964175737092677,3.8964175737092677,3.8964175737092677,3.8964175737092677,3.8964175737092677,3.8964175737092677,3.8964175737092677,3.8964175737092677,3.8964175737092677,3.8964175737092677,3.8964175737092677,3.8964175737092677,3.8964175737092677,3.8964175737092677,3.8964175737092677,3.8964175737092677,3.8964175737092677,3.8964175737092677,3.8964175737092677,3.8964175737092677,3.8964175737092677,3.8964175737092677,3.8964175737092677,3.8964175737092677,3.8964175737092677,3.8964175737092677,3.8964175737092677,3.8964175737092677,3.8964175737092677,3.8964175737092677,3.8964175737092677,3.8964175737092677,3.8964175737092677,3.8964175737092677,3.8964175737092677,3.8964175737092677,3.8964175737092677,3.8964175737092677,3.8964175737092677,3.8964175737092677,3.8964175737092677,3.8964175737092677,3.8964175737092677,3.8964175737092677,3.8964175737092677,3.8964175737092677,3.8964175737092677,3.8964175737092677,3.8964175737092677,3.8964175737092677,3.8964175737092677,3.8964175737092677,3.8964175737092677,3.8964175737092677,3.8964175737092677,3.8964175737092677,3.8964175737092677,3.8964175737092677,3.8964175737092677,3.8964175737092677,3.8964175737092677,3.8964175737092677,3.8964175737092677,3.8964175737092677,3.8964175737092677,3.8964175737092677,3.8964175737092677,3.8964175737092677,3.8964175737092677,3.8964175737092677,3.8964175737092677,3.8964175737092677,3.8964175737092677,3.8964175737092677,3.8964175737092677,3.8964175737092677,3.8964175737092677,3.8964175737092677,3.8964175737092677,3.8964175737092677,3.8964175737092677,3.8964175737092677,3.8964175737092677,3.8964175737092677,3.8964175737092677,3.8964175737092677,3.8964175737092677,3.8964175737092677,3.8964175737092677,3.8964175737092677,3.8964175737092677,3.8964175737092677,3.8964175737092677,3.8964175737092677,3.8964175737092677,3.8964175737092677,3.8964175737092677,3.8964175737092677,3.8964175737092677,3.8964175737092677,3.8964175737092677,3.8964175737092677,3.8964175737092677,3.8964175737092677,3.8964175737092677,3.8964175737092677,3.8964175737092677,3.8964175737092677,3.8964175737092677,3.8964175737092677,3.8964175737092677,3.8964175737092677,3.8964175737092677,3.8964175737092677,3.8964175737092677,3.8964175737092677,3.8964175737092677,3.8964175737092677,3.8964175737092677,3.8964175737092677,3.8964175737092677,3.8964175737092677,3.8964175737092677,3.8964175737092677,3.8964175737092677,3.8964175737092677,3.8964175737092677,3.8964175737092677,3.8964175737092677,3.8964175737092677,3.8964175737092677,3.8964175737092677,3.8964175737092677,3.8964175737092677,3.8964175737092677,3.8964175737092677,3.8964175737092677,3.8964175737092677,3.8964175737092677,3.8964175737092677,3.8964175737092677,3.8964175737092677,3.8964175737092677,3.8964175737092677,3.8964175737092677,3.8964175737092677,3.8964175737092677,3.8964175737092677,3.8964175737092677,3.8964175737092677,3.8964175737092677,3.8964175737092677,3.8964175737092677,3.8964175737092677,3.8964175737092677,3.8964175737092677,3.8964175737092677,3.8964175737092677,3.8964175737092677,3.8964175737092677,3.8964175737092677,3.8964175737092677,3.8964175737092677,3.8964175737092677,3.8964175737092677,3.8964175737092677,3.8964175737092677,3.8964175737092677,3.8964175737092677,3.8964175737092677,3.8964175737092677,3.8964175737092677,3.8964175737092677,3.8964175737092677,3.8964175737092677,3.8964175737092677,3.8964175737092677,3.8964175737092677,3.8964175737092677,3.8964175737092677,3.8964175737092677,3.8964175737092677,3.8964175737092677,3.8964175737092677,3.8964175737092677,3.8964175737092677,3.8964175737092677,8.492490490240181,8.492490490240181,8.445630424961882,8.445630424961882,8.445630424961882,8.445630424961882,8.445630424961882,8.445630424961882,8.445630424961882,8.445630424961882,8.445630424961882,8.445630424961882,8.445630424961882,8.43388820961124,8.43388820961124,8.294171422043764,8.294171422043764,8.294171422043764,8.294171422043764,8.294171422043764,8.14151066001139,7.9589661534182445,7.9589661534182445,7.9589661534182445,7.9589661534182445,7.5904182591475795,7.5904182591475795,7.5904182591475795,7.5904182591475795,6.575615878536473,6.575615878536473,6.575615878536473,6.575615878536473,6.523519196099558,6.523519196099558,6.523519196099558,6.523519196099558,6.523519196099558,6.523519196099558,6.523519196099558,6.523519196099558,6.523519196099558,6.523519196099558,6.523519196099558,6.523519196099558,6.523519196099558,6.523519196099558,6.523519196099558,6.523519196099558,6.523519196099558,6.523519196099558,6.523519196099558,6.523519196099558,6.523519196099558,6.523519196099558,6.523519196099558,6.523519196099558,6.523519196099558,6.523519196099558,6.523519196099558,6.523519196099558,6.523519196099558,6.523519196099558,6.523519196099558,6.523519196099558,6.523519196099558,6.523519196099558,6.523519196099558,6.523519196099558,6.523519196099558,6.523519196099558,6.523519196099558,6.523519196099558,6.523519196099558,6.523519196099558,6.523519196099558,6.523519196099558,6.523519196099558,6.523519196099558,6.523519196099558,6.523519196099558,6.523519196099558,6.523519196099558,6.523519196099558,6.523519196099558,6.523519196099558,6.523519196099558,6.523519196099558,6.523519196099558,6.523519196099558,6.523519196099558,6.523519196099558,6.523519196099558,6.523519196099558,6.523519196099558,6.523519196099558,6.523519196099558,6.523519196099558,6.523519196099558,6.523519196099558,6.523519196099558,6.523519196099558,6.523519196099558,6.523519196099558,6.523519196099558,6.523519196099558,6.523519196099558,6.523519196099558,6.523519196099558,6.523519196099558,6.523519196099558,6.523519196099558,6.523519196099558,6.523519196099558,6.523519196099558,6.523519196099558,6.523519196099558,6.523519196099558,6.523519196099558,6.523519196099558,6.523519196099558,6.523519196099558,6.523519196099558,6.523519196099558,6.523519196099558,6.523519196099558,6.523519196099558,6.523519196099558,6.523519196099558,6.523519196099558,6.523519196099558,6.523519196099558,6.523519196099558,6.523519196099558,6.121578236088784,6.121578236088784,6.121578236088784,6.121578236088784,6.121578236088784,6.121578236088784,6.121578236088784,6.121578236088784,6.121578236088784,6.121578236088784,6.121578236088784,6.121578236088784,6.121578236088784,6.121578236088784,6.121578236088784,6.121578236088784,6.121578236088784,6.121578236088784,6.121578236088784,6.121578236088784,6.121578236088784,6.121578236088784,6.121578236088784,6.121578236088784,6.121578236088784,6.121578236088784,6.121578236088784,6.121578236088784,6.121578236088784,6.121578236088784,6.121578236088784,6.121578236088784,6.121578236088784,6.121578236088784,6.121578236088784,6.121578236088784,6.121578236088784,6.121578236088784,6.121578236088784,6.121578236088784,6.121578236088784,6.121578236088784,6.121578236088784,6.121578236088784,5.699371347367869,5.699371347367869,5.699371347367869,5.699371347367869,5.699371347367869,5.699371347367869,5.699371347367869,5.699371347367869,5.699371347367869,5.699371347367869,5.699371347367869,5.699371347367869,5.699371347367869,5.699371347367869,5.699371347367869,5.699371347367869,5.699371347367869,5.699371347367869,5.699371347367869,5.699371347367869,5.699371347367869,5.699371347367869,5.699371347367869,5.699371347367869,5.699371347367869,5.699371347367869,5.699371347367869,5.699371347367869,5.699371347367869,5.699371347367869,5.699371347367869,5.699371347367869,5.699371347367869,5.699371347367869,5.699371347367869,5.699371347367869,5.699371347367869,5.699371347367869,5.699371347367869,5.699371347367869,5.699371347367869,5.699371347367869,5.699371347367869,5.699371347367869,5.699371347367869,5.699371347367869,5.699371347367869,5.699371347367869,5.699371347367869,5.699371347367869,5.699371347367869,5.699371347367869,5.699371347367869,5.699371347367869,5.699371347367869,5.699371347367869,5.699371347367869,5.699371347367869,5.699371347367869,5.699371347367869,5.699371347367869,5.699371347367869,5.699371347367869,5.699371347367869,5.699371347367869,5.699371347367869,5.699371347367869,5.699371347367869,5.699371347367869,5.699371347367869,5.699371347367869,5.699371347367869,5.699371347367869,5.699371347367869,5.699371347367869,5.699371347367869,5.699371347367869,5.699371347367869,5.699371347367869,5.699371347367869,5.699371347367869,5.699371347367869,5.699371347367869,5.699371347367869,5.699371347367869,5.699371347367869,5.699371347367869,5.699371347367869,5.699371347367869,5.699371347367869,5.699371347367869,5.699371347367869,5.699371347367869,5.699371347367869,5.699371347367869,5.699371347367869,5.699371347367869,5.699371347367869,5.699371347367869,5.699371347367869,5.699371347367869,5.699371347367869,5.699371347367869,5.699371347367869,5.699371347367869,5.699371347367869,5.699371347367869,5.699371347367869,5.699371347367869,5.699371347367869,5.699371347367869,5.699371347367869,5.699371347367869,5.699371347367869,5.699371347367869,5.699371347367869,5.699371347367869,5.699371347367869,5.699371347367869,5.699371347367869,5.699371347367869,5.699371347367869,5.699371347367869,5.699371347367869,5.699371347367869,5.699371347367869,5.699371347367869,5.699371347367869,5.699371347367869,5.699371347367869,5.699371347367869,5.699371347367869,5.699371347367869,5.699371347367869,5.699371347367869,5.699371347367869,5.699371347367869,5.699371347367869,5.699371347367869,5.699371347367869,5.699371347367869,5.699371347367869,5.699371347367869,5.699371347367869,5.699371347367869,5.699371347367869,5.699371347367869,5.699371347367869,5.699371347367869,5.699371347367869,5.699371347367869,5.699371347367869,5.699371347367869,5.699371347367869,5.699371347367869,5.699371347367869,5.699371347367869,5.699371347367869,5.699371347367869,5.699371347367869,5.699371347367869,5.699371347367869,5.699371347367869,5.699371347367869,5.699371347367869,5.699371347367869,5.699371347367869,5.699371347367869,5.699371347367869,5.699371347367869,5.699371347367869,5.699371347367869,5.699371347367869,5.699371347367869,5.699371347367869,5.616346826107491,5.616346826107491,5.616346826107491,5.616346826107491,5.616346826107491,5.616346826107491,5.616346826107491,5.616346826107491,5.616346826107491,5.616346826107491,5.408998870260539,5.380334669163931,5.380334669163931,5.380334669163931,5.380334669163931,5.380334669163931,5.380334669163931,5.380334669163931,5.380334669163931,5.380334669163931,5.380334669163931,5.380334669163931,5.380334669163931,5.380334669163931,5.380334669163931,5.380334669163931,5.380334669163931,5.380334669163931,5.380334669163931,5.380334669163931,5.380334669163931,5.380334669163931,5.380334669163931,5.380334669163931,5.380334669163931,5.380334669163931,5.380334669163931,5.380334669163931,5.380334669163931,5.380334669163931,5.380334669163931,5.380334669163931,5.380334669163931,5.380334669163931,5.380334669163931,5.380334669163931,5.380334669163931,5.380334669163931,5.380334669163931,5.380334669163931,5.380334669163931,5.380334669163931,5.380334669163931,5.380334669163931,5.380334669163931,5.380334669163931,5.380334669163931,5.380334669163931,5.380334669163931,5.380334669163931,5.380334669163931,5.380334669163931,5.380334669163931,5.380334669163931,5.380334669163931,5.380334669163931,5.380334669163931,5.380334669163931,5.380334669163931,5.380334669163931,5.380334669163931,5.380334669163931,5.380334669163931,5.380334669163931,5.380334669163931,5.380334669163931,5.380334669163931,5.380334669163931,5.380334669163931,5.380334669163931,5.380334669163931,5.380334669163931,5.380334669163931,5.380334669163931,5.380334669163931,5.380334669163931,5.380334669163931,5.380334669163931,5.380334669163931,5.380334669163931,5.380334669163931,5.380334669163931,5.380334669163931,5.380334669163931,5.380334669163931,5.380334669163931,5.380334669163931,5.380334669163931,5.380334669163931,5.380334669163931,5.380334669163931,5.380334669163931,5.380334669163931,5.380334669163931,5.380334669163931,5.380334669163931,5.380334669163931,5.380334669163931,5.380334669163931,5.380334669163931,5.380334669163931,5.380334669163931,5.380334669163931,5.380334669163931,5.380334669163931,5.380334669163931,5.380334669163931,5.380334669163931,5.380334669163931,5.380334669163931,5.380334669163931,5.380334669163931,5.380334669163931,5.380334669163931,5.380334669163931,5.380334669163931,5.380334669163931,5.380334669163931,5.380334669163931,5.380334669163931,5.380334669163931,5.380334669163931,5.380334669163931,5.380334669163931,5.380334669163931,5.380334669163931,5.380334669163931,5.380334669163931,5.380334669163931,5.380334669163931,5.380334669163931,5.380334669163931,5.380334669163931,5.380334669163931,5.380334669163931,5.380334669163931,5.380334669163931,5.380334669163931,5.380334669163931,5.380334669163931,5.380334669163931,5.380334669163931,5.380334669163931,5.380334669163931,5.380334669163931,5.380334669163931,5.380334669163931,5.380334669163931,5.380334669163931,5.380334669163931,5.380334669163931,5.380334669163931,5.380334669163931,5.380334669163931,5.380334669163931,5.380334669163931,5.380334669163931,5.380334669163931,5.380334669163931,5.380334669163931,5.380334669163931,5.380334669163931,5.380334669163931,5.380334669163931,5.380334669163931,5.380334669163931,5.380334669163931,5.380334669163931,5.380334669163931,5.380334669163931,5.380334669163931,5.380334669163931,5.380334669163931,5.380334669163931,5.380334669163931,5.380334669163931,5.380334669163931,5.380334669163931,5.380334669163931,5.380334669163931,5.380334669163931,5.380334669163931,5.380334669163931,5.380334669163931,5.380334669163931,5.380334669163931,5.380334669163931,5.380334669163931,5.380334669163931,5.380334669163931,5.380334669163931,5.380334669163931,5.380334669163931,5.380334669163931,5.380334669163931,5.380334669163931,5.380334669163931,5.380334669163931,5.380334669163931,5.380334669163931,5.380334669163931,5.380334669163931,5.380334669163931,5.380334669163931,5.380334669163931,5.380334669163931,5.380334669163931,5.380334669163931,5.380334669163931,5.380334669163931,5.380334669163931,5.380334669163931,5.380334669163931,5.380334669163931,5.380334669163931,5.380334669163931,5.380334669163931,5.380334669163931,5.380334669163931,5.380334669163931,5.380334669163931,5.380334669163931,5.380334669163931,5.380334669163931,5.380334669163931,5.380334669163931,5.380334669163931,5.380334669163931,5.380334669163931,5.380334669163931,5.380334669163931,5.380334669163931,5.380334669163931,5.380334669163931,5.380334669163931,5.380334669163931,5.380334669163931,5.380334669163931,5.380334669163931,5.380334669163931,5.380334669163931,5.380334669163931,5.380334669163931,5.380334669163931,5.380334669163931,5.380334669163931,5.380334669163931,5.380334669163931,5.380334669163931,5.380334669163931,5.380334669163931,5.380334669163931,5.380334669163931,5.380334669163931,5.380334669163931,5.380334669163931,5.380334669163931,5.380334669163931,5.380334669163931,5.380334669163931,5.380334669163931,5.380334669163931,5.380334669163931,5.380334669163931,5.380334669163931,5.380334669163931,5.380334669163931,5.380334669163931,5.380334669163931,5.380334669163931,5.380334669163931,5.380334669163931,5.380334669163931,5.380334669163931,5.380334669163931,5.380334669163931,5.380334669163931,5.380334669163931,5.380334669163931,5.380334669163931,5.380334669163931,5.380334669163931,5.380334669163931,5.380334669163931,5.380334669163931,5.380334669163931,5.380334669163931,5.380334669163931,5.380334669163931,5.380334669163931,5.380334669163931,5.380334669163931,5.380334669163931,5.380334669163931,5.380334669163931,5.380334669163931,5.380334669163931,5.380334669163931,5.380334669163931,5.380334669163931,5.380334669163931,5.380334669163931,5.380334669163931,5.380334669163931,5.380334669163931,5.380334669163931,5.380334669163931,5.380334669163931,5.380334669163931,5.380334669163931,5.380334669163931,5.380334669163931,5.380334669163931,5.380334669163931,5.380334669163931,5.380334669163931,5.380334669163931,5.380334669163931,5.380334669163931,5.380334669163931,5.380334669163931,5.380334669163931,5.380334669163931,5.380334669163931,5.380334669163931,5.380334669163931,5.380334669163931,5.380334669163931,5.380334669163931,5.380334669163931,5.380334669163931,5.380334669163931,5.380334669163931,5.380334669163931,5.380334669163931,5.380334669163931,5.380334669163931,5.380334669163931,5.380334669163931,5.380334669163931,5.380334669163931,5.380334669163931,5.380334669163931,5.380334669163931,5.380334669163931,5.380334669163931,5.380334669163931,5.380334669163931,5.380334669163931,5.380334669163931,5.380334669163931,5.380334669163931,5.380334669163931,5.380334669163931,5.380334669163931,5.380334669163931,5.380334669163931,5.380334669163931,5.380334669163931,5.380334669163931,5.380334669163931,5.380334669163931,5.380334669163931,5.380334669163931,5.380334669163931,5.380334669163931,5.380334669163931,5.380334669163931,5.380334669163931,5.380334669163931,5.380334669163931,5.380334669163931,5.380334669163931,5.380334669163931,5.380334669163931,5.380334669163931,5.380334669163931,5.380334669163931,5.380334669163931,5.380334669163931,5.380334669163931,5.380334669163931,5.380334669163931,5.380334669163931,5.380334669163931,5.380334669163931,5.380334669163931,5.380334669163931,5.380334669163931,5.380334669163931,5.380334669163931,5.380334669163931,5.380334669163931,5.380334669163931,5.380334669163931,5.380334669163931,5.380334669163931,5.380334669163931,5.380334669163931,5.380334669163931,5.380334669163931,5.380334669163931,5.380334669163931,5.380334669163931,5.380334669163931,5.380334669163931,5.380334669163931,5.380334669163931,5.380334669163931,5.380334669163931,5.380334669163931,5.380334669163931,5.380334669163931,5.380334669163931,5.380334669163931,5.380334669163931,5.380334669163931,5.380334669163931,5.380334669163931,5.380334669163931,5.380334669163931,5.380334669163931,5.380334669163931,5.380334669163931,5.380334669163931,5.380334669163931,5.380334669163931,5.380334669163931,5.380334669163931,5.380334669163931,5.380334669163931,5.380334669163931,5.380334669163931,5.380334669163931,5.380334669163931,5.380334669163931,5.380334669163931,5.380334669163931,5.380334669163931,5.380334669163931,5.380334669163931,5.380334669163931,5.380334669163931,5.380334669163931,5.380334669163931,5.380334669163931,5.380334669163931,5.380334669163931,5.380334669163931,5.380334669163931,5.380334669163931,5.380334669163931,5.380334669163931,5.380334669163931,5.380334669163931,5.380334669163931,5.380334669163931,5.380334669163931,5.380334669163931,5.380334669163931,5.380334669163931,5.380334669163931,5.380334669163931,5.380334669163931,5.380334669163931,5.380334669163931,5.380334669163931,5.380334669163931,5.380334669163931,5.380334669163931,5.380334669163931,5.380334669163931,5.380334669163931,5.380334669163931,5.380334669163931,5.380334669163931,5.380334669163931,5.380334669163931,5.380334669163931,5.380334669163931,5.380334669163931,5.380334669163931,5.380334669163931,5.380334669163931,5.380334669163931,5.380334669163931,5.380334669163931,5.380334669163931,5.380334669163931,5.380334669163931,5.380334669163931,5.380334669163931,5.380334669163931,5.380334669163931,5.380334669163931,5.380334669163931,5.380334669163931,5.380334669163931,5.380334669163931,5.380334669163931,5.380334669163931,5.380334669163931,5.380334669163931,5.380334669163931,5.380334669163931,5.380334669163931,5.380334669163931,5.380334669163931,5.380334669163931,5.380334669163931,5.380334669163931,5.380334669163931,5.380334669163931,5.380334669163931,5.380334669163931,5.380334669163931,5.380334669163931,5.380334669163931,5.380334669163931,5.380334669163931,5.380334669163931,5.380334669163931,5.380334669163931,5.380334669163931,5.380334669163931,5.380334669163931,5.380334669163931,5.380334669163931,5.380334669163931,5.380334669163931,5.380334669163931,5.380334669163931,5.380334669163931,5.380334669163931,5.380334669163931,5.380334669163931,5.380334669163931,5.380334669163931,5.380334669163931,5.380334669163931,5.380334669163931,5.380334669163931,5.380334669163931,5.380334669163931,5.380334669163931,5.380334669163931,5.380334669163931,5.380334669163931,5.380334669163931,5.380334669163931,5.380334669163931,5.380334669163931,5.380334669163931,5.380334669163931,5.380334669163931,5.380334669163931,5.380334669163931,5.380334669163931,5.380334669163931,5.380334669163931,5.380334669163931,5.380334669163931,5.380334669163931,5.380334669163931,5.380334669163931,5.380334669163931,5.380334669163931,5.380334669163931,5.380334669163931,5.380334669163931,5.380334669163931,5.380334669163931,5.380334669163931,5.380334669163931,5.380334669163931,5.380334669163931,5.380334669163931,5.380334669163931,5.380334669163931,5.380334669163931,5.380334669163931,5.380334669163931,5.380334669163931,5.380334669163931,5.380334669163931,5.380334669163931,5.380334669163931,5.380334669163931,5.380334669163931,5.380334669163931,5.380334669163931,5.380334669163931,5.380334669163931,5.380334669163931,5.380334669163931,5.380334669163931,5.380334669163931,5.380334669163931,5.380334669163931,5.380334669163931,5.380334669163931,5.380334669163931,5.380334669163931,5.380334669163931,5.380334669163931,5.380334669163931,5.380334669163931,5.380334669163931,5.380334669163931,5.380334669163931,5.380334669163931,5.380334669163931,5.380334669163931,5.380334669163931,5.380334669163931,5.380334669163931,5.380334669163931,5.380334669163931,5.380334669163931,5.380334669163931,5.380334669163931,5.380334669163931,5.380334669163931,5.380334669163931,5.380334669163931,5.380334669163931,5.380334669163931,5.380334669163931,5.380334669163931,5.380334669163931,5.380334669163931,5.380334669163931,5.380334669163931,5.380334669163931,5.380334669163931,5.380334669163931,5.380334669163931,5.7826212174390745,5.7826212174390745,5.435343668955652,5.435343668955652,5.435343668955652,5.435343668955652,5.435343668955652,5.435343668955652,5.435343668955652,5.435343668955652,5.435343668955652,5.142532750943557,5.142532750943557,5.142532750943557,5.142532750943557,5.142532750943557,5.142532750943557,4.660281038026207,4.660281038026207,4.660281038026207,4.660281038026207,4.660281038026207,4.660281038026207,4.660281038026207,4.660281038026207,4.660281038026207,4.660281038026207,4.660281038026207,4.660281038026207,4.660281038026207,4.660281038026207,4.660281038026207,4.660281038026207,4.660281038026207,4.660281038026207,4.660281038026207,4.660281038026207,4.660281038026207,4.660281038026207,4.660281038026207,4.660281038026207,4.660281038026207,4.660281038026207,4.660281038026207,4.286106241459649,4.2699629157126076,4.2699629157126076,4.2699629157126076,4.2699629157126076,4.2699629157126076,4.2699629157126076,4.2699629157126076,4.2699629157126076,3.825314492817183,3.825314492817183,3.825314492817183,3.825314492817183,3.825314492817183,3.825314492817183,3.8224938917962805,3.8224938917962805,3.8224938917962805,3.8224938917962805,3.8224938917962805,3.8224938917962805,3.8224938917962805,3.8224938917962805,3.8224938917962805,3.8224938917962805,3.8224938917962805,3.8224938917962805,3.8224938917962805,3.8224938917962805,3.8224938917962805,3.8224938917962805,3.8224938917962805,3.8224938917962805,3.8224938917962805,3.8224938917962805,3.8224938917962805,3.8224938917962805,3.8224938917962805,3.8224938917962805,3.8224938917962805,3.8224938917962805,3.8224938917962805,3.8224938917962805,3.8224938917962805,3.8224938917962805,3.8224938917962805,3.8224938917962805,3.8224938917962805,3.8224938917962805,3.8224938917962805,3.8224938917962805,3.8224938917962805,3.8224938917962805,3.8224938917962805,3.8224938917962805,3.8224938917962805,3.8224938917962805,3.8224938917962805,3.8224938917962805,3.8224938917962805,3.8224938917962805,3.8224938917962805,3.8224938917962805,3.8224938917962805,3.8224938917962805,3.8224938917962805,3.8224938917962805,3.8224938917962805,3.8224938917962805,3.8224938917962805,3.8224938917962805,3.8224938917962805,3.8224938917962805,3.8224938917962805,3.8224938917962805,3.8224938917962805,3.8224938917962805,3.8224938917962805,3.8224938917962805,3.8224938917962805,3.8224938917962805,3.8224938917962805,3.8224938917962805,3.8224938917962805,3.8224938917962805,3.8224938917962805,3.8224938917962805,3.8224938917962805,3.8224938917962805,3.8224938917962805,3.8224938917962805,3.8224938917962805,3.8224938917962805,3.8224938917962805,3.8224938917962805,3.8224938917962805,3.8224938917962805,3.8224938917962805,3.8224938917962805,3.8224938917962805,3.8224938917962805,3.8224938917962805,3.8224938917962805,3.8224938917962805,3.8224938917962805,3.8224938917962805,3.8224938917962805,3.8224938917962805,3.8224938917962805,3.8224938917962805,3.8224938917962805,3.8224938917962805,3.8224938917962805,3.8224938917962805,3.8224938917962805,3.8224938917962805,3.8224938917962805,3.8224938917962805,3.8224938917962805,3.8224938917962805,3.8224938917962805,3.8224938917962805,3.8224938917962805,3.8224938917962805,3.8224938917962805,3.8224938917962805,3.8224938917962805,3.8224938917962805,3.8224938917962805,3.8224938917962805,3.8224938917962805,3.8224938917962805,3.8224938917962805,3.8224938917962805,3.8224938917962805,3.8224938917962805,3.8224938917962805,3.8224938917962805,3.8224938917962805,3.8224938917962805,3.8224938917962805,3.8224938917962805,3.8224938917962805,3.8224938917962805,3.8224938917962805,3.8224938917962805,3.8224938917962805,3.8224938917962805,3.8224938917962805,3.8224938917962805,3.8224938917962805,3.8224938917962805,3.8224938917962805,3.8224938917962805,3.8224938917962805,3.8224938917962805,3.8224938917962805,3.8224938917962805,3.8224938917962805,3.8224938917962805,3.8224938917962805,3.8224938917962805,3.8224938917962805,3.8224938917962805,3.8224938917962805,3.8224938917962805,3.8224938917962805,3.8224938917962805,3.8224938917962805,3.8224938917962805,3.8224938917962805,3.8224938917962805,3.8224938917962805,3.8224938917962805,3.8224938917962805,3.8224938917962805,3.8224938917962805,3.8224938917962805,3.8224938917962805,3.8224938917962805,3.8224938917962805,3.8224938917962805,3.8224938917962805,3.8224938917962805,3.8224938917962805,3.8224938917962805,3.8224938917962805,3.8224938917962805,3.8224938917962805,3.8224938917962805,3.8224938917962805,3.8224938917962805,3.8224938917962805,3.8224938917962805,3.8224938917962805,3.8224938917962805,3.8224938917962805,3.8224938917962805,3.8224938917962805,3.8224938917962805,3.8224938917962805,3.8224938917962805,3.8224938917962805,3.8224938917962805,3.8224938917962805,3.8224938917962805,3.8224938917962805,3.8224938917962805,3.8224938917962805,3.8224938917962805,3.8224938917962805,3.8224938917962805,3.8224938917962805,3.8224938917962805,3.8224938917962805,3.8224938917962805,3.8224938917962805,3.8224938917962805,3.8224938917962805,3.8224938917962805,3.8224938917962805,3.8224938917962805,3.8224938917962805,3.8224938917962805,3.8224938917962805,3.8224938917962805,3.8224938917962805,3.8224938917962805,3.8224938917962805,3.8224938917962805,3.8224938917962805,3.8224938917962805,3.8224938917962805,3.8057500355248237,3.8057500355248237,3.8057500355248237,3.8057500355248237,3.8057500355248237,3.8057500355248237,3.8057500355248237,3.8057500355248237,3.8057500355248237,3.8057500355248237,3.8057500355248237,3.8057500355248237,3.8057500355248237,3.8057500355248237,3.8057500355248237,3.8057500355248237,3.8057500355248237,3.7719181068963423,3.7719181068963423,3.7719181068963423,3.7719181068963423,3.7719181068963423,3.7719181068963423,3.7356029485562585,3.7356029485562585,3.7356029485562585,3.7356029485562585,3.7356029485562585,3.7356029485562585,3.7356029485562585,3.7356029485562585,3.7356029485562585,3.7356029485562585,3.7356029485562585,3.7356029485562585,3.7356029485562585,3.7356029485562585,3.7356029485562585,3.7356029485562585,3.7356029485562585,3.7356029485562585,3.7356029485562585,3.7356029485562585,3.7356029485562585,3.7356029485562585,3.7356029485562585,3.7356029485562585,3.7356029485562585,3.7356029485562585,3.7356029485562585,3.7356029485562585,3.7356029485562585,3.7356029485562585,3.7356029485562585,3.7356029485562585,3.7356029485562585,3.7356029485562585,3.7356029485562585,3.7356029485562585,3.7356029485562585,3.7356029485562585,3.7356029485562585,3.7356029485562585,3.7356029485562585,3.7356029485562585,3.7356029485562585,3.7356029485562585,3.7356029485562585,3.7356029485562585,3.7356029485562585,3.7356029485562585,3.7280691885472255,3.7280691885472255,3.7280691885472255,3.7280691885472255,3.7280691885472255,3.7280691885472255,3.7280691885472255,3.7280691885472255,3.7280691885472255,3.7280691885472255,3.7280691885472255,3.7280691885472255,3.7280691885472255,3.7280691885472255,3.7280691885472255,3.7280691885472255,3.7280691885472255,3.7280691885472255,3.7280691885472255,3.7280691885472255,3.7280691885472255,3.7280691885472255,3.7280691885472255,3.7280691885472255,3.7280691885472255,3.7280691885472255,3.7280691885472255,3.7280691885472255,3.7280691885472255,3.7280691885472255,3.7280691885472255,3.7280691885472255,3.7280691885472255,3.7280691885472255,3.7280691885472255,3.7280691885472255,3.7280691885472255,3.7280691885472255,3.7280691885472255,3.7280691885472255,3.7280691885472255,3.7280691885472255,3.7280691885472255,3.7280691885472255,3.7280691885472255,3.7280691885472255,3.7280691885472255,3.7280691885472255,3.7280691885472255,3.7280691885472255,3.7280691885472255,3.7280691885472255,3.7280691885472255,3.7280691885472255,3.7280691885472255,3.7280691885472255,3.7280691885472255,3.667930395635048,3.667930395635048,3.667930395635048,3.667930395635048,3.6346898244297208,3.6346898244297208,3.6346898244297208,3.6346898244297208,3.6346898244297208,3.6346898244297208,3.6346898244297208,3.6346898244297208,3.6346898244297208,3.6346898244297208,3.6346898244297208,3.6346898244297208,3.6346898244297208,3.6346898244297208,3.6346898244297208,3.6346898244297208,3.6346898244297208,3.6346898244297208,3.6346898244297208,3.6346898244297208,3.6346898244297208,3.6346898244297208,3.6346898244297208,3.6346898244297208,3.6346898244297208,3.6346898244297208,3.6346898244297208,3.6346898244297208,3.6346898244297208,3.6346898244297208,3.6346898244297208,3.6346898244297208,3.6346898244297208,3.6346898244297208,3.6346898244297208,3.6346898244297208,3.6346898244297208,3.6346898244297208,3.6346898244297208,3.6346898244297208,3.6346898244297208,3.6346898244297208,3.6346898244297208,3.6346898244297208,3.6346898244297208,3.6346898244297208,3.6346898244297208,3.6346898244297208,3.6346898244297208,3.6346898244297208,3.6346898244297208,3.6346898244297208,3.6346898244297208,3.6346898244297208,3.6346898244297208,3.6346898244297208,3.6346898244297208,3.6346898244297208,3.6346898244297208,3.6346898244297208,3.6346898244297208,3.6346898244297208,3.6346898244297208,3.6346898244297208,3.6346898244297208,3.6346898244297208,3.6346898244297208,3.6346898244297208,3.6346898244297208,3.6346898244297208,3.6346898244297208,3.6346898244297208,3.6346898244297208,3.6346898244297208,3.6346898244297208,3.6346898244297208,3.6346898244297208,3.6346898244297208,3.6346898244297208,3.6346898244297208,3.6346898244297208,3.6346898244297208,3.6346898244297208,3.6346898244297208,3.6346898244297208,3.6346898244297208,3.6346898244297208,3.6346898244297208,3.6346898244297208,3.6346898244297208,3.6346898244297208,3.6346898244297208,3.6346898244297208,3.6346898244297208,3.6346898244297208,3.6346898244297208,3.6346898244297208,3.6346898244297208,3.6346898244297208,3.6346898244297208,3.6346898244297208,3.6346898244297208,3.6346898244297208,3.6346898244297208,3.6346898244297208,3.6346898244297208,3.6346898244297208,3.6346898244297208,3.6346898244297208,3.6346898244297208,3.6346898244297208,3.6346898244297208,3.6346898244297208,3.6346898244297208,3.6346898244297208,3.6346898244297208,3.6346898244297208,3.6346898244297208,3.6346898244297208,3.6346898244297208,3.6346898244297208,3.6346898244297208,3.6346898244297208,3.6346898244297208,3.6346898244297208,3.6346898244297208,3.6346898244297208,3.6346898244297208,3.6346898244297208,3.6346898244297208,3.6346898244297208,3.6346898244297208,3.6346898244297208,3.6346898244297208,3.6346898244297208,3.6346898244297208,3.6346898244297208,3.6346898244297208,3.6346898244297208,3.6346898244297208,3.6346898244297208,3.6346898244297208,3.6346898244297208,3.6346898244297208,3.6346898244297208,3.6346898244297208,3.6346898244297208,3.6346898244297208,3.6346898244297208,3.6346898244297208,3.6346898244297208,3.6346898244297208,3.6346898244297208,3.6346898244297208,3.6346898244297208,3.6346898244297208,3.6346898244297208,3.6346898244297208,3.6346898244297208,3.6346898244297208,3.6346898244297208,3.6346898244297208,3.6346898244297208,3.6346898244297208,3.6346898244297208,3.6346898244297208,3.6346898244297208,3.6346898244297208,3.6346898244297208,3.6346898244297208,3.6346898244297208,3.6346898244297208,3.6346898244297208,3.6346898244297208,3.6346898244297208,3.6346898244297208,3.6346898244297208,3.6346898244297208,3.6346898244297208,3.6346898244297208,3.6346898244297208,3.6346898244297208,3.6346898244297208,3.6346898244297208,3.6346898244297208,3.6346898244297208,3.6346898244297208,3.6346898244297208,3.6346898244297208,3.6346898244297208,3.6346898244297208,3.6346898244297208,3.6346898244297208,3.6346898244297208,3.6346898244297208,3.6346898244297208,3.6346898244297208,3.6346898244297208,3.6346898244297208,3.6346898244297208,3.6346898244297208,3.6346898244297208,3.6346898244297208,3.6346898244297208,3.6346898244297208,3.6346898244297208,3.6346898244297208,3.6346898244297208,3.6346898244297208,3.6346898244297208,3.6346898244297208,3.6346898244297208,3.6346898244297208,3.6346898244297208,3.6346898244297208,3.6346898244297208,3.6346898244297208,3.6346898244297208,3.6346898244297208,3.6346898244297208,3.6346898244297208,3.6346898244297208,3.6346898244297208,3.6346898244297208,3.6346898244297208,3.6346898244297208,3.6346898244297208,3.6346898244297208,3.6346898244297208,3.6346898244297208,3.6346898244297208,3.6346898244297208,3.6346898244297208,3.6346898244297208,3.6346898244297208,3.6346898244297208,3.6346898244297208,3.6346898244297208,3.6346898244297208,3.6346898244297208,3.6346898244297208,3.6346898244297208,3.6346898244297208,3.6346898244297208,3.6346898244297208,3.6346898244297208,3.6346898244297208,3.6346898244297208,3.6346898244297208,3.6346898244297208,3.6346898244297208,3.6346898244297208,3.6346898244297208,3.6346898244297208,3.6346898244297208,3.6346898244297208,3.6346898244297208,3.6346898244297208,3.6346898244297208,3.6346898244297208,3.6346898244297208,3.6346898244297208,3.6346898244297208,3.6346898244297208,3.6346898244297208,3.6346898244297208,3.6346898244297208,3.6346898244297208,3.6346898244297208,3.6346898244297208,3.6346898244297208,3.6346898244297208,3.6346898244297208,3.6346898244297208,3.6346898244297208,3.6346898244297208,3.6346898244297208,3.6346898244297208,3.6346898244297208,3.6346898244297208,3.6346898244297208,3.6346898244297208,3.6346898244297208,3.6346898244297208,3.6346898244297208,3.6346898244297208,3.6346898244297208,3.6346898244297208,3.6346898244297208,3.6346898244297208,3.6346898244297208,3.6346898244297208,3.6346898244297208,3.6346898244297208,3.6346898244297208,3.6346898244297208,3.6346898244297208,3.6346898244297208,3.6346898244297208,3.6346898244297208,3.6346898244297208,3.6346898244297208,3.6346898244297208,3.6346898244297208,3.6346898244297208,3.6346898244297208,3.6346898244297208,3.6346898244297208,3.6346898244297208,3.6346898244297208,3.6346898244297208,3.6346898244297208,3.6346898244297208,3.6346898244297208,3.6346898244297208,3.6346898244297208,3.6346898244297208,3.6346898244297208,3.6346898244297208,3.6346898244297208,3.6346898244297208,3.6346898244297208,3.6346898244297208,3.6346898244297208,3.6346898244297208,3.6346898244297208,3.6346898244297208,3.6346898244297208,3.6346898244297208,3.6346898244297208,3.6346898244297208,3.6346898244297208,3.6346898244297208,3.6346898244297208,3.6346898244297208,3.6346898244297208,3.6346898244297208,3.6346898244297208,3.6346898244297208,3.6346898244297208,3.6346898244297208,3.6346898244297208,3.6346898244297208,3.6346898244297208,3.6346898244297208,3.6346898244297208,3.6346898244297208,3.6346898244297208,3.6346898244297208,3.6346898244297208,3.6346898244297208,3.6346898244297208,3.6346898244297208,3.6346898244297208,3.6346898244297208,3.6346898244297208,3.6346898244297208,3.6346898244297208,3.6346898244297208,3.6346898244297208,3.6346898244297208,3.6346898244297208,3.6346898244297208,3.6346898244297208,3.6346898244297208,3.6346898244297208,3.6346898244297208,3.6346898244297208,3.6346898244297208,3.6346898244297208,3.6346898244297208,3.6346898244297208,3.6346898244297208,3.6346898244297208,3.6346898244297208,3.6346898244297208,3.6346898244297208,3.6346898244297208,3.6346898244297208,3.6346898244297208,3.6346898244297208,3.6346898244297208,3.6346898244297208,3.6346898244297208,3.6346898244297208,3.6346898244297208,3.6346898244297208,3.6346898244297208,3.6346898244297208,3.6346898244297208,3.6346898244297208,3.6346898244297208,3.6346898244297208,3.6346898244297208,3.6346898244297208,3.6346898244297208,3.6346898244297208,3.6346898244297208,3.6346898244297208,3.6346898244297208,3.6346898244297208,3.6346898244297208,3.6346898244297208,3.6346898244297208,3.6346898244297208,3.6346898244297208,3.6346898244297208,3.6346898244297208,3.6346898244297208,3.6346898244297208,3.6346898244297208,3.6346898244297208,3.6346898244297208,3.6346898244297208,3.6346898244297208,3.6346898244297208,3.6346898244297208,3.6346898244297208,3.6346898244297208,3.6346898244297208,3.6346898244297208,3.6346898244297208,3.6346898244297208,3.6346898244297208,3.6346898244297208,3.6346898244297208,3.6346898244297208,3.6346898244297208,3.6346898244297208,3.6346898244297208,3.6346898244297208,3.6346898244297208,3.6346898244297208,3.6346898244297208,3.6346898244297208,3.6346898244297208,3.6346898244297208,3.6346898244297208,3.6346898244297208,3.6346898244297208,3.6346898244297208,3.6346898244297208,3.6346898244297208,3.6346898244297208,3.6346898244297208,3.6346898244297208,3.6346898244297208,3.6346898244297208,3.6346898244297208,3.6346898244297208,3.6346898244297208,3.6346898244297208,3.6346898244297208,3.6346898244297208,3.6346898244297208,3.6346898244297208,3.6346898244297208,3.6346898244297208,3.6346898244297208,3.6346898244297208,3.6346898244297208,3.6346898244297208,3.6346898244297208,3.6346898244297208,3.6346898244297208,3.6346898244297208,3.6346898244297208,3.6346898244297208,3.6346898244297208,3.6346898244297208,3.6346898244297208,3.6346898244297208,3.6346898244297208,3.6346898244297208,3.6346898244297208,3.6346898244297208,3.6346898244297208,3.6346898244297208,3.6346898244297208,3.6346898244297208,3.6346898244297208,3.6346898244297208,3.6346898244297208,3.6346898244297208,3.6346898244297208,3.6346898244297208,3.6346898244297208,3.6346898244297208,3.6346898244297208,3.6346898244297208,3.6346898244297208,3.6346898244297208,3.6346898244297208,3.6346898244297208,3.6346898244297208,3.6346898244297208,3.6346898244297208,3.6346898244297208,3.6346898244297208,3.6346898244297208,3.6346898244297208,3.6346898244297208,3.6346898244297208,3.6346898244297208,3.6346898244297208,3.6346898244297208,3.6346898244297208,3.6346898244297208,3.6346898244297208,3.6346898244297208,3.6346898244297208,3.6346898244297208,3.6346898244297208,3.6346898244297208,3.6346898244297208,3.6346898244297208,3.6346898244297208,3.6346898244297208,3.6346898244297208,3.6346898244297208,3.6346898244297208,3.6346898244297208,3.6346898244297208,3.6346898244297208,3.6346898244297208,3.6346898244297208,3.6346898244297208,3.6346898244297208,3.6346898244297208,3.6346898244297208,3.6346898244297208,3.6346898244297208,3.6346898244297208,3.6346898244297208,3.6346898244297208,3.6346898244297208,3.6346898244297208,3.6346898244297208,3.6346898244297208,3.6346898244297208,3.6346898244297208,3.6346898244297208,3.6346898244297208,3.6346898244297208,3.6346898244297208,3.6346898244297208,3.6346898244297208,3.6346898244297208,3.6346898244297208,3.6346898244297208,3.6346898244297208,3.6346898244297208,3.6346898244297208,3.6346898244297208,3.6346898244297208,3.6346898244297208,3.6346898244297208,3.6346898244297208,3.6346898244297208,3.6346898244297208,3.6346898244297208,3.6346898244297208,3.6346898244297208,3.6346898244297208,3.6346898244297208,3.6346898244297208,3.6346898244297208,3.6346898244297208,3.6346898244297208,3.6346898244297208,3.6346898244297208,3.6346898244297208,3.6346898244297208,3.6346898244297208,3.6346898244297208,3.6346898244297208,3.6346898244297208,3.6346898244297208,3.6346898244297208,3.6346898244297208,3.6346898244297208,3.6346898244297208,3.6346898244297208,3.6346898244297208,3.6346898244297208,3.6346898244297208,3.6346898244297208,3.6346898244297208,3.6346898244297208,3.6346898244297208,3.6346898244297208,6.301114950862514,6.301114950862514,6.301114950862514,6.004533213229559,6.004533213229559,5.881607540727941,5.881607540727941,5.881607540727941,5.881607540727941,5.881607540727941,5.881607540727941,5.881607540727941,5.881607540727941,5.881607540727941,5.881607540727941,5.79832918240327,5.79832918240327,5.79832918240327,5.79832918240327,5.79832918240327,5.79832918240327,5.79832918240327,5.79832918240327,5.79832918240327,5.7699865306881915,5.7699865306881915,5.7699865306881915,5.7699865306881915,5.7699865306881915,5.7699865306881915,5.7699865306881915,5.7699865306881915,5.7699865306881915,5.61894921174361,4.8464290285613805,4.8464290285613805,4.8464290285613805,4.542077987273749,4.542077987273749,3.9022819915884326,3.9022819915884326,3.9022819915884326,3.9022819915884326,3.9022819915884326,3.9022819915884326,3.9022819915884326,3.9022819915884326,3.9022819915884326,3.9022819915884326,3.9022819915884326,3.9022819915884326,3.9022819915884326,3.9022819915884326,3.9022819915884326,3.9022819915884326,3.9022819915884326,3.9022819915884326,3.9022819915884326,3.9022819915884326,3.9022819915884326,3.9022819915884326,3.9022819915884326,3.9022819915884326,3.9022819915884326,3.9022819915884326,3.9022819915884326,3.9022819915884326,3.9022819915884326,3.9022819915884326,3.9022819915884326,3.9022819915884326,3.9022819915884326,3.9022819915884326,3.9022819915884326,3.9022819915884326,3.9022819915884326,3.9022819915884326,3.9022819915884326,3.9022819915884326,3.9022819915884326,3.9022819915884326,3.9022819915884326,3.9022819915884326,3.9022819915884326,3.9022819915884326,3.9022819915884326,3.9022819915884326,3.9022819915884326,3.9022819915884326,3.9022819915884326,3.9022819915884326,3.9022819915884326,3.9022819915884326,3.9022819915884326,3.9022819915884326,3.9022819915884326,3.9022819915884326,3.9022819915884326,3.9022819915884326,3.9022819915884326,3.9022819915884326,3.9022819915884326,3.9022819915884326,3.9022819915884326,3.9022819915884326,3.9022819915884326,3.9022819915884326,3.9022819915884326,3.9022819915884326,3.9022819915884326,3.9022819915884326,3.9022819915884326,3.9022819915884326,3.9022819915884326,3.9022819915884326,3.9022819915884326,3.9022819915884326,3.9022819915884326,3.9022819915884326,3.9022819915884326,3.9022819915884326,3.9022819915884326,3.9022819915884326,3.9022819915884326,3.9022819915884326,3.9022819915884326,3.9022819915884326,3.9022819915884326,3.9022819915884326,3.9022819915884326,3.9022819915884326,3.9022819915884326,3.9022819915884326,3.9022819915884326,3.9022819915884326,3.9022819915884326,3.9022819915884326,3.9022819915884326,3.9022819915884326,3.9022819915884326,3.9022819915884326,3.9022819915884326,3.9022819915884326,3.9022819915884326,3.9022819915884326,3.9022819915884326,3.9022819915884326,3.9022819915884326,3.9022819915884326,3.9022819915884326,3.9022819915884326,3.9022819915884326,3.9022819915884326,3.9022819915884326,3.9022819915884326,3.9022819915884326,3.9022819915884326,3.9022819915884326,3.9022819915884326,3.9022819915884326,3.9022819915884326,3.9022819915884326,3.9022819915884326,3.9022819915884326,3.9022819915884326,3.9022819915884326,3.9022819915884326,3.9022819915884326,3.9022819915884326,3.9022819915884326,3.9022819915884326,3.9022819915884326,3.9022819915884326,3.9022819915884326,3.9022819915884326,3.9022819915884326,3.9022819915884326,3.9022819915884326,3.9022819915884326,3.8881356705913275,3.8881356705913275,3.8881356705913275,3.8881356705913275,3.8881356705913275,3.8881356705913275,3.8881356705913275,3.8881356705913275,3.8881356705913275,3.8881356705913275,3.8881356705913275,3.8881356705913275,3.8881356705913275,3.8881356705913275,3.8881356705913275,3.8881356705913275,3.8881356705913275,3.8881356705913275,3.8881356705913275,3.8881356705913275,3.8881356705913275,3.8881356705913275,3.8881356705913275,3.8881356705913275,3.8881356705913275,3.8881356705913275,3.8881356705913275,3.8881356705913275,3.8881356705913275,3.8881356705913275,3.8881356705913275,3.8881356705913275,3.8881356705913275,3.8805287331908853,3.8805287331908853,3.8805287331908853,3.8805287331908853,3.8805287331908853,3.8805287331908853,3.8805287331908853,3.8805287331908853,3.8805287331908853,3.8805287331908853,3.8805287331908853,3.8805287331908853,3.8805287331908853,3.8805287331908853,3.8805287331908853,3.8805287331908853,3.8805287331908853,3.8805287331908853,3.8805287331908853,3.8805287331908853,3.8805287331908853,3.8805287331908853,3.8805287331908853,3.8805287331908853,3.8805287331908853,3.8805287331908853,3.8805287331908853,3.8805287331908853,3.8805287331908853,3.8805287331908853,3.8805287331908853,3.8805287331908853,3.8805287331908853,3.8805287331908853,3.8805287331908853,3.8805287331908853,3.8805287331908853,3.8805287331908853,3.8805287331908853,3.8805287331908853,3.8805287331908853,3.8805287331908853,3.8805287331908853,3.8805287331908853,3.8805287331908853,3.8805287331908853,3.8805287331908853,3.8805287331908853,3.8805287331908853,3.8805287331908853,3.8805287331908853,3.8805287331908853,3.8805287331908853,3.8805287331908853,3.8805287331908853,3.8805287331908853,3.8805287331908853,3.8805287331908853,3.8805287331908853,3.8805287331908853,3.8805287331908853,3.8805287331908853,3.8805287331908853,3.8805287331908853,3.8805287331908853,3.8805287331908853,3.8805287331908853,3.8805287331908853,3.8805287331908853,3.8805287331908853,3.8805287331908853,3.8805287331908853,3.8805287331908853,3.8805287331908853,3.8805287331908853,3.8805287331908853,3.8805287331908853,3.8805287331908853,3.8805287331908853,3.8805287331908853,3.8805287331908853,3.8805287331908853,3.8805287331908853,3.8805287331908853,3.8805287331908853,3.8805287331908853,3.8805287331908853,3.8805287331908853,3.8805287331908853,3.8805287331908853,3.8805287331908853,3.8805287331908853,3.8805287331908853,3.8805287331908853,3.8805287331908853,3.8805287331908853,3.8805287331908853,3.8805287331908853,3.8805287331908853,3.8805287331908853,3.8805287331908853,3.8805287331908853,3.8805287331908853,3.8805287331908853,3.8805287331908853,3.8805287331908853,3.8805287331908853,3.8805287331908853,3.8805287331908853,3.8805287331908853,3.8805287331908853,3.8805287331908853,3.8805287331908853,3.8805287331908853,3.8805287331908853,3.8805287331908853,3.8805287331908853,3.8805287331908853,3.8805287331908853,3.8805287331908853,3.8805287331908853,3.8805287331908853,3.8805287331908853,3.8805287331908853,3.8805287331908853,3.8805287331908853,3.8805287331908853,3.8805287331908853,3.8805287331908853,3.8805287331908853,3.8805287331908853,3.8805287331908853,3.8805287331908853,3.8805287331908853,3.8805287331908853,3.8805287331908853,3.8805287331908853,3.8805287331908853,3.8805287331908853,3.8805287331908853,3.8805287331908853,3.8805287331908853,3.8805287331908853,3.8805287331908853,3.8805287331908853,3.8805287331908853,3.8805287331908853,3.8805287331908853,3.8805287331908853,3.8805287331908853,3.8805287331908853,3.8805287331908853,3.8805287331908853,3.8805287331908853,3.8805287331908853,3.8805287331908853,3.8805287331908853,3.8805287331908853,3.8805287331908853,3.8805287331908853,3.8805287331908853,3.8805287331908853,3.8805287331908853,3.8805287331908853,3.8805287331908853,3.8805287331908853,3.8805287331908853,3.8805287331908853,3.8805287331908853,3.8805287331908853,3.8805287331908853,3.8805287331908853,3.6952299118646112,3.6952299118646112,3.6952299118646112,3.6952299118646112,3.6952299118646112,3.6952299118646112,3.6952299118646112,3.6952299118646112,3.6952299118646112,3.6952299118646112,3.6952299118646112,3.6952299118646112,3.6952299118646112,3.6952299118646112,3.6952299118646112,3.6952299118646112,3.6952299118646112,3.6952299118646112,3.6952299118646112,3.6952299118646112,3.6952299118646112,3.6952299118646112,3.6952299118646112,3.6952299118646112,3.6952299118646112,3.6952299118646112,3.6952299118646112,3.6952299118646112,3.6952299118646112,3.6952299118646112,3.6952299118646112,3.6952299118646112,3.6952299118646112,3.6952299118646112,3.6952299118646112,3.6952299118646112,3.6952299118646112,3.6952299118646112,3.6952299118646112,3.6952299118646112,3.6952299118646112,3.47911863174855,3.47911863174855,3.47911863174855,3.47911863174855,3.47911863174855,3.47911863174855,3.47911863174855,3.47911863174855,3.47911863174855,3.47911863174855,3.47911863174855,3.47911863174855,3.47911863174855,3.47911863174855,3.47911863174855,3.47911863174855,3.47911863174855,3.47911863174855,3.47911863174855,3.47911863174855,3.47911863174855,3.47911863174855,3.47911863174855,3.47911863174855,3.47911863174855,3.47911863174855,3.47911863174855,3.47911863174855,3.47911863174855,3.47911863174855,3.47911863174855,3.47911863174855,3.47911863174855,3.47911863174855,3.47911863174855,3.47911863174855,3.47911863174855,3.47911863174855,3.47911863174855,3.47911863174855,3.47911863174855,3.47911863174855,3.47911863174855,3.47911863174855,3.47911863174855,3.47911863174855,3.47911863174855,3.47911863174855,3.47911863174855,3.47911863174855,3.47911863174855,3.47911863174855,3.47911863174855,3.47911863174855,3.47911863174855,3.47911863174855,3.47911863174855,3.47911863174855,3.47911863174855,3.47911863174855,3.47911863174855,3.47911863174855,3.47911863174855,3.47911863174855,3.47911863174855,3.47911863174855,3.47911863174855,3.47911863174855,3.47911863174855,3.47911863174855,3.47911863174855,3.47911863174855,3.47911863174855,3.47911863174855,3.47911863174855,3.47911863174855,3.47911863174855,3.47911863174855,3.47911863174855,3.47911863174855,3.47911863174855,3.47911863174855,3.47911863174855,3.47911863174855,3.47911863174855,3.47911863174855,3.47911863174855,3.47911863174855,3.47911863174855,3.47911863174855,3.47911863174855,3.47911863174855,3.47911863174855,3.47911863174855,3.47911863174855,3.47911863174855,3.47911863174855,3.47911863174855,3.47911863174855,3.47911863174855,3.47911863174855,3.47911863174855,3.47911863174855,3.47911863174855,3.47911863174855,3.47911863174855,3.47911863174855,3.47911863174855,3.47911863174855,3.47911863174855,3.47911863174855,3.47911863174855,3.47911863174855,3.47911863174855,3.47911863174855,3.47911863174855,3.47911863174855,3.47911863174855,3.47911863174855,3.47911863174855,3.47911863174855,3.47911863174855,3.47911863174855,3.47911863174855,3.47911863174855,3.47911863174855,3.47911863174855,3.47911863174855,3.47911863174855,3.47911863174855,3.47911863174855,3.47911863174855,3.47911863174855,3.47911863174855,3.47911863174855,3.47911863174855,3.47911863174855,3.47911863174855,3.47911863174855,3.47911863174855,3.47911863174855,3.47911863174855,3.47911863174855,3.47911863174855,3.47911863174855,3.47911863174855,3.47911863174855,3.47911863174855,3.47911863174855,3.47911863174855,3.47911863174855,3.47911863174855,3.47911863174855,3.47911863174855,3.47911863174855,3.47911863174855,3.47911863174855,3.47911863174855,3.47911863174855,3.47911863174855,3.47911863174855,3.301067626431739,2.9320775839667585,2.9320775839667585,2.9320775839667585,2.9320775839667585,2.9320775839667585,2.9320775839667585,2.9320775839667585,2.9320775839667585,2.9320775839667585,2.9320775839667585,2.9320775839667585,2.9320775839667585,2.9320775839667585,2.9320775839667585,2.9320775839667585,2.9320775839667585,2.9320775839667585,2.9320775839667585,2.9320775839667585,2.9320775839667585,2.9320775839667585,2.9320775839667585,2.9320775839667585,2.9320775839667585,2.9320775839667585,2.9320775839667585,2.9320775839667585,2.9320775839667585,2.9320775839667585,2.9320775839667585,2.9320775839667585,2.9320775839667585,2.9320775839667585,2.9320775839667585,2.9320775839667585,2.9320775839667585,2.9320775839667585,2.9320775839667585,2.9320775839667585,2.9320775839667585,2.9320775839667585,2.9320775839667585,2.9320775839667585,2.9320775839667585,2.9320775839667585,2.9320775839667585,2.9320775839667585,2.9320775839667585,2.9320775839667585,2.9320775839667585,2.9320775839667585,2.9320775839667585,2.9320775839667585,2.9320775839667585,2.9320775839667585,2.9320775839667585,2.9320775839667585,2.9320775839667585,2.9320775839667585,2.9320775839667585,2.9320775839667585,2.9320775839667585,2.9320775839667585,2.9320775839667585,2.9320775839667585,2.9320775839667585,2.9320775839667585,2.9320775839667585,2.9320775839667585,2.9320775839667585,2.9320775839667585,2.9320775839667585,2.9320775839667585,2.9320775839667585,2.9320775839667585,2.9320775839667585,2.9320775839667585,2.9320775839667585,2.9320775839667585,2.9320775839667585,2.9320775839667585,2.9320775839667585,2.9320775839667585,2.9320775839667585,2.9320775839667585,2.9320775839667585,2.9320775839667585,2.9320775839667585,2.9320775839667585,2.9320775839667585,2.9320775839667585,2.9320775839667585,2.9320775839667585,2.9320775839667585,2.9320775839667585,2.9320775839667585,2.9320775839667585,2.9320775839667585,2.9320775839667585,2.9320775839667585,2.9320775839667585,2.9320775839667585,2.9320775839667585,2.9320775839667585,2.9320775839667585,2.9320775839667585,2.9320775839667585,2.9320775839667585,2.9320775839667585,2.9320775839667585,2.9320775839667585,2.9320775839667585,2.9320775839667585,2.9320775839667585,2.9320775839667585,2.9320775839667585,2.9320775839667585,2.9320775839667585,2.9320775839667585,2.9320775839667585,2.9320775839667585,2.9320775839667585,2.9320775839667585,2.9320775839667585,2.9320775839667585,2.9320775839667585,2.9320775839667585,2.9320775839667585,2.9320775839667585,2.9320775839667585,2.9320775839667585,2.9320775839667585,2.9320775839667585,2.9320775839667585,2.9320775839667585,2.9320775839667585,2.9320775839667585,2.9320775839667585,2.9320775839667585,2.9320775839667585,2.9320775839667585,2.9320775839667585,2.9320775839667585,2.9320775839667585,2.9320775839667585,2.9320775839667585,2.9320775839667585,2.9320775839667585,2.9320775839667585,2.9320775839667585,2.9320775839667585,2.9320775839667585,2.9320775839667585,2.9320775839667585,2.9320775839667585,2.9320775839667585,2.9320775839667585,2.9320775839667585,2.9320775839667585,2.9320775839667585,2.9320775839667585,2.9320775839667585,2.9320775839667585,2.9320775839667585,2.9320775839667585,2.9320775839667585,2.9320775839667585,2.9320775839667585,2.9320775839667585,2.9320775839667585,2.9320775839667585,2.9320775839667585,2.9320775839667585,2.9320775839667585,2.9320775839667585,2.9320775839667585,2.9320775839667585,2.9320775839667585,2.9320775839667585,2.9320775839667585,2.9320775839667585,2.9320775839667585,2.9320775839667585,2.9320775839667585,2.9320775839667585,2.9320775839667585,2.9320775839667585,2.9320775839667585,2.9320775839667585,2.9320775839667585,2.9320775839667585,2.9320775839667585,2.9320775839667585,2.9320775839667585,2.9320775839667585,2.9320775839667585,2.9320775839667585,2.9320775839667585,2.9320775839667585,2.9320775839667585,2.9320775839667585,2.9320775839667585,2.9320775839667585,2.9320775839667585,2.9320775839667585,2.9320775839667585,2.9320775839667585,2.9320775839667585,2.9320775839667585,2.9320775839667585,2.9320775839667585,2.9320775839667585,2.9320775839667585,2.9320775839667585,2.9320775839667585,2.9320775839667585,2.9320775839667585,2.9320775839667585,2.9320775839667585,2.9320775839667585,2.9320775839667585,2.9320775839667585,2.9320775839667585,2.9320775839667585,2.9320775839667585,2.9320775839667585,2.9320775839667585,2.9320775839667585,2.9320775839667585,2.9320775839667585,2.9320775839667585,2.9320775839667585,2.9320775839667585,2.9320775839667585,2.9320775839667585,2.9320775839667585,2.9320775839667585,2.9320775839667585,2.9320775839667585,2.9320775839667585,2.9320775839667585,2.9320775839667585,2.9320775839667585,2.9320775839667585,2.9320775839667585,2.9320775839667585,2.9320775839667585,2.9320775839667585,2.9320775839667585,2.9320775839667585,2.9320775839667585,2.9320775839667585,2.9320775839667585,2.9320775839667585,2.9320775839667585,2.9320775839667585,2.9320775839667585,2.9320775839667585,2.9320775839667585,2.9320775839667585,2.9320775839667585,2.9320775839667585,2.9320775839667585,2.9320775839667585,2.9320775839667585,2.9320775839667585,2.9320775839667585,2.9320775839667585,2.9320775839667585,2.9320775839667585,2.9320775839667585,2.9320775839667585,2.9320775839667585,2.9320775839667585,2.9320775839667585,2.9320775839667585,2.9320775839667585,2.9320775839667585,2.9320775839667585,2.9320775839667585,2.9320775839667585,2.9320775839667585,2.9320775839667585,2.9320775839667585,2.9320775839667585,2.9320775839667585,2.9320775839667585,2.9320775839667585,2.9320775839667585,2.9320775839667585,2.9320775839667585,2.9320775839667585,2.9320775839667585,2.9320775839667585,2.9320775839667585,2.9320775839667585,2.9320775839667585,2.9320775839667585,2.9320775839667585,2.9320775839667585,2.9320775839667585,2.9320775839667585,2.9320775839667585,2.9320775839667585,2.9320775839667585,2.9320775839667585,2.9320775839667585,2.9320775839667585,2.9320775839667585,2.9320775839667585,2.9320775839667585,2.9320775839667585,2.9320775839667585,2.9320775839667585,2.9320775839667585,2.9320775839667585,2.9320775839667585,2.9320775839667585,2.9320775839667585,2.9320775839667585,2.9320775839667585,2.9320775839667585,2.9320775839667585,2.9320775839667585,2.9320775839667585,2.9320775839667585,2.9320775839667585,2.9320775839667585,2.9320775839667585,2.9320775839667585,2.9320775839667585,2.9320775839667585,2.9320775839667585,2.9320775839667585,2.9320775839667585,2.9320775839667585,2.9320775839667585,2.9320775839667585,2.9320775839667585,2.9320775839667585,2.9320775839667585,2.9320775839667585,2.9320775839667585,2.9320775839667585,2.9320775839667585,2.9320775839667585,2.9320775839667585,2.9320775839667585,2.9320775839667585,2.9320775839667585,2.9320775839667585,2.9320775839667585,2.9320775839667585,2.9320775839667585,2.9320775839667585,2.9320775839667585,2.9320775839667585,2.9320775839667585,2.9320775839667585,2.9320775839667585,2.9320775839667585,2.9320775839667585,2.9320775839667585,2.9320775839667585,2.9320775839667585,2.9320775839667585,2.9320775839667585,2.9320775839667585,2.9320775839667585,2.9320775839667585,2.9320775839667585,2.9320775839667585,2.9320775839667585,2.9320775839667585,2.9320775839667585,2.9320775839667585,2.9320775839667585,2.9320775839667585,2.9320775839667585,2.9320775839667585,2.9320775839667585,2.9320775839667585,2.9320775839667585,2.9320775839667585,2.9320775839667585,2.9320775839667585,2.9320775839667585,2.9320775839667585,2.9320775839667585,2.9320775839667585,2.9320775839667585,2.9320775839667585,2.9320775839667585,2.9320775839667585,2.9320775839667585,2.9320775839667585,2.9320775839667585,2.9320775839667585,2.9320775839667585,2.9320775839667585,2.9320775839667585,2.9320775839667585,2.9320775839667585,2.9320775839667585,2.9320775839667585,2.9320775839667585,2.9320775839667585,2.9320775839667585,2.9320775839667585,2.9320775839667585,2.9320775839667585,2.9320775839667585,2.9320775839667585,7.54696644954828,7.54696644954828,7.54696644954828,7.54696644954828,7.54696644954828,7.3915036724306695,7.3915036724306695,7.3915036724306695,7.3915036724306695,7.3915036724306695,7.3915036724306695,7.3915036724306695,7.3915036724306695,7.3915036724306695,7.3915036724306695,7.3915036724306695,7.066446543004084,7.066446543004084,7.066446543004084,6.699309479532698,6.699309479532698,6.325487545036093,6.325487545036093,6.322493866989643,6.322493866989643,6.322493866989643,6.322493866989643,6.322493866989643,6.322493866989643,6.322493866989643,6.322493866989643,6.322493866989643,6.322493866989643,6.322493866989643,6.322493866989643,6.322493866989643,6.322493866989643,6.322493866989643,6.322493866989643,6.322493866989643,6.322493866989643,6.322493866989643,6.322493866989643,6.322493866989643,6.322493866989643,6.322493866989643,6.322493866989643,6.322493866989643,6.322493866989643,6.322493866989643,6.322493866989643,6.322493866989643,6.322493866989643,6.322493866989643,6.322493866989643,6.322493866989643,6.322493866989643,6.322493866989643,6.322493866989643,6.322493866989643,6.322493866989643,6.322493866989643,6.322493866989643,6.322493866989643,5.5703083335971,5.5703083335971,5.5703083335971,5.5703083335971,5.5703083335971,4.738574027762604,4.738574027762604,4.738574027762604,4.684348640173358,4.684348640173358,4.296660895778342,4.296660895778342,4.296660895778342,4.29489466314691,4.29489466314691,4.29489466314691,4.29489466314691,4.27595784819058,4.27595784819058,4.27595784819058,4.27595784819058,4.27595784819058,4.27595784819058,4.27595784819058,4.27595784819058,4.27595784819058,4.27595784819058,4.27595784819058,4.27595784819058,4.27595784819058,4.27595784819058,4.27595784819058,4.27595784819058,4.27595784819058,4.27595784819058,4.27595784819058,4.27595784819058,4.27595784819058,4.27595784819058,4.27595784819058,4.27595784819058,4.27595784819058,4.27595784819058,4.27595784819058,4.27595784819058,4.27595784819058,4.27595784819058,4.27595784819058,4.27595784819058,4.27595784819058,4.27595784819058,4.27595784819058,4.27595784819058,4.27595784819058,4.27595784819058,4.27595784819058,4.27595784819058,4.27595784819058,4.27595784819058,4.27595784819058,4.27595784819058,4.27595784819058,4.27595784819058,4.27595784819058,4.27595784819058,4.27595784819058,4.27595784819058,4.27595784819058,4.27595784819058,4.27595784819058,4.27595784819058,4.27595784819058,4.27595784819058,4.27595784819058,4.27595784819058,4.27595784819058,4.27595784819058,4.27595784819058,4.27595784819058,4.27595784819058,4.27595784819058,4.27595784819058,4.27595784819058,4.27595784819058,4.27595784819058,4.27595784819058,4.27595784819058,4.27595784819058,4.27595784819058,4.27595784819058,4.27595784819058,4.27595784819058,4.27595784819058,4.27595784819058,4.27595784819058,4.27595784819058,4.27595784819058,4.27595784819058,4.27595784819058,4.27595784819058,4.27595784819058,4.27595784819058,4.27595784819058,4.27595784819058,4.27595784819058,4.27595784819058,4.27595784819058,4.27595784819058,4.27595784819058,4.27595784819058,4.27595784819058,4.27595784819058,4.27595784819058,4.27595784819058,4.27595784819058,4.27595784819058,4.27595784819058,4.27595784819058,4.27595784819058,4.27595784819058,4.27595784819058,4.27595784819058,4.27595784819058,4.27595784819058,4.27595784819058,4.27595784819058,4.27595784819058,4.27595784819058,4.27595784819058,4.27595784819058,4.27595784819058,4.27595784819058,4.27595784819058,4.27595784819058,4.27595784819058,4.27595784819058,4.27595784819058,4.27595784819058,4.27595784819058,4.27595784819058,4.27595784819058,4.27595784819058,4.27595784819058,4.27595784819058,4.27595784819058,4.27595784819058,4.27595784819058,4.27595784819058,4.27595784819058,4.27595784819058,4.27595784819058,4.27595784819058,4.27595784819058,4.27595784819058,4.27595784819058,4.27595784819058,4.27595784819058,4.27595784819058,4.27595784819058,4.27595784819058,4.27595784819058,4.27595784819058,4.27595784819058,4.27595784819058,4.27595784819058,4.27595784819058,4.27595784819058,4.27595784819058,4.27595784819058,4.27595784819058,4.27595784819058,4.27595784819058,4.27595784819058,4.27595784819058,4.27595784819058,4.27595784819058,4.27595784819058,4.27595784819058,4.27595784819058,4.27595784819058,4.27595784819058,4.27595784819058,4.27595784819058,4.27595784819058,4.27595784819058,4.27595784819058,4.27595784819058,4.27595784819058,4.27595784819058,4.27595784819058,4.27595784819058,4.27595784819058,4.27595784819058,4.27595784819058,4.27595784819058,4.27595784819058,4.27595784819058,4.27595784819058,4.27595784819058,4.27595784819058,4.27595784819058,4.27595784819058,4.27595784819058,4.27595784819058,4.27595784819058,4.27595784819058,4.27595784819058,4.27595784819058,4.27595784819058,4.27595784819058,4.27595784819058,4.27595784819058,4.27595784819058,4.27595784819058,4.27595784819058,4.27595784819058,4.27595784819058,4.27595784819058,4.27595784819058,4.27595784819058,4.27595784819058,4.27595784819058,4.27595784819058,4.27595784819058,4.27595784819058,4.27595784819058,4.27595784819058,4.27595784819058,4.27595784819058,4.27595784819058,4.27595784819058,4.27595784819058,4.27595784819058,4.27595784819058,4.27595784819058,4.27595784819058,4.27595784819058,4.27595784819058,4.27595784819058,4.27595784819058,4.27595784819058,4.27595784819058,4.27595784819058,4.27595784819058,4.27595784819058,4.27595784819058,4.27595784819058,4.27595784819058,4.27595784819058,4.27595784819058,4.27595784819058,4.27595784819058,4.27595784819058,4.27595784819058,4.27595784819058,4.27595784819058,4.27595784819058,4.27595784819058,4.27595784819058,4.27595784819058,4.27595784819058,4.27595784819058,4.27595784819058,4.27595784819058,4.27595784819058,4.27595784819058,4.27595784819058,4.27595784819058,4.27595784819058,4.27595784819058,4.27595784819058,4.27595784819058,4.27595784819058,4.27595784819058,4.27595784819058,4.27595784819058,4.27595784819058,4.27595784819058,4.27595784819058,4.27595784819058,4.27595784819058,4.27595784819058,4.27595784819058,4.27595784819058,4.27595784819058,4.27595784819058,4.27595784819058,4.27595784819058,4.27595784819058,4.27595784819058,4.27595784819058,4.27595784819058,4.27595784819058,4.27595784819058,4.27595784819058,4.27595784819058,4.27595784819058,4.27595784819058,4.27595784819058,4.27595784819058,4.27595784819058,4.27595784819058,4.27595784819058,4.27595784819058,4.27595784819058,4.27595784819058,4.27595784819058,4.27595784819058,4.27595784819058,4.27595784819058,4.27595784819058,4.27595784819058,4.27595784819058,4.27595784819058,4.27595784819058,4.27595784819058,4.27595784819058,4.27595784819058,4.27595784819058,4.27595784819058,4.27595784819058,4.27595784819058,4.27595784819058,4.27595784819058,4.27595784819058,4.27595784819058,4.27595784819058,4.27595784819058,4.27595784819058,4.27595784819058,4.27595784819058,4.27595784819058,4.27595784819058,4.27595784819058,4.27595784819058,4.27595784819058,4.27595784819058,4.27595784819058,4.27595784819058,4.27595784819058,4.27595784819058,4.27595784819058,4.27595784819058,4.27595784819058,4.27595784819058,4.27595784819058,4.27595784819058,4.27595784819058,4.27595784819058,4.27595784819058,4.27595784819058,4.27595784819058,4.27595784819058,4.27595784819058,4.27595784819058,4.27595784819058,4.27595784819058,4.27595784819058,4.27595784819058,4.27595784819058,4.27595784819058,4.27595784819058,4.27595784819058,4.27595784819058,4.27595784819058,4.27595784819058,4.27595784819058,4.27595784819058,4.27595784819058,4.27595784819058,4.27595784819058,4.27595784819058,4.27595784819058,4.27595784819058,4.27595784819058,4.27595784819058,4.27595784819058,4.27595784819058,4.27595784819058,4.27595784819058,4.27595784819058,4.27595784819058,4.27595784819058,4.27595784819058,4.27595784819058,4.27595784819058,4.27595784819058,4.27595784819058,4.27595784819058,4.27595784819058,4.27595784819058,4.27595784819058,4.27595784819058,4.27595784819058,4.27595784819058,4.27595784819058,4.27595784819058,4.27595784819058,4.27595784819058,4.27595784819058,4.27595784819058,4.27595784819058,4.27595784819058,4.27595784819058,4.27595784819058,4.27595784819058,4.27595784819058,4.27595784819058,4.27595784819058,4.27595784819058,4.27595784819058,4.27595784819058,4.27595784819058,4.27595784819058,4.27595784819058,4.27595784819058,4.27595784819058,4.27595784819058,4.27595784819058,4.27595784819058,4.27595784819058,4.27595784819058,4.27595784819058,4.27595784819058,4.27595784819058,4.27595784819058,4.27595784819058,4.27595784819058,4.27595784819058,4.27595784819058,4.27595784819058,4.27595784819058,4.27595784819058,4.27595784819058,4.27595784819058,4.27595784819058,4.27595784819058,4.27595784819058,4.27595784819058,4.27595784819058,4.27595784819058,4.27595784819058,4.27595784819058,4.27595784819058,4.27595784819058,4.27595784819058,4.27595784819058,4.27595784819058,4.27595784819058,4.27595784819058,4.27595784819058,4.27595784819058,4.27595784819058,4.27595784819058,4.27595784819058,4.27595784819058,4.27595784819058,4.27595784819058,4.27595784819058,4.27595784819058,4.27595784819058,4.27595784819058,4.27595784819058,4.27595784819058,4.27595784819058,4.27595784819058,4.27595784819058,4.27595784819058,4.27595784819058,4.27595784819058,4.27595784819058,4.27595784819058,4.27595784819058,4.27595784819058,4.27595784819058,4.27595784819058,4.27595784819058,4.27595784819058,4.27595784819058,4.27595784819058,4.27595784819058,4.27595784819058,4.27595784819058,4.27595784819058,4.27595784819058,4.27595784819058,4.27595784819058,4.27595784819058,4.27595784819058,4.27595784819058,4.27595784819058,4.27595784819058,4.27595784819058,4.27595784819058,4.27595784819058,4.27595784819058,4.27595784819058,4.27595784819058,4.27595784819058,4.27595784819058,4.27595784819058,4.27595784819058,4.27595784819058,4.27595784819058,4.27595784819058,4.27595784819058,4.27595784819058,4.27595784819058,4.27595784819058,4.27595784819058,4.27595784819058,4.27595784819058,4.27595784819058,4.27595784819058,4.27595784819058,4.27595784819058,4.27595784819058,4.27595784819058,4.27595784819058,4.27595784819058,4.27595784819058,4.27595784819058,4.27595784819058,4.27595784819058,4.27595784819058,4.27595784819058,4.27595784819058,4.27595784819058,4.27595784819058,4.27595784819058,4.27595784819058,4.27595784819058,4.27595784819058,4.27595784819058,4.27595784819058,4.27595784819058,4.27595784819058,4.27595784819058,4.27595784819058,4.27595784819058,4.27595784819058,4.27595784819058,4.27595784819058,4.27595784819058,4.27595784819058,4.27595784819058,4.27595784819058,4.27595784819058,4.27595784819058,4.27595784819058,4.27595784819058,4.27595784819058,4.27595784819058,4.27595784819058,4.27595784819058,4.27595784819058,4.27595784819058,4.27595784819058,4.27595784819058,4.27595784819058,4.27595784819058,4.27595784819058,4.27595784819058,4.27595784819058,4.27595784819058,4.27595784819058,4.27595784819058,4.27595784819058,4.27595784819058,4.27595784819058,4.27595784819058,4.27595784819058,4.27595784819058,4.27595784819058,4.27595784819058,4.27595784819058,4.27595784819058,4.27595784819058,4.27595784819058,4.27595784819058,4.27595784819058,4.27595784819058,4.27595784819058,4.27595784819058,4.27595784819058,4.27595784819058,4.27595784819058,4.27595784819058,4.27595784819058,4.27595784819058,4.27595784819058,4.27595784819058,4.27595784819058,4.27595784819058,4.27595784819058,4.27595784819058,4.27595784819058,4.27595784819058,4.27595784819058,4.27595784819058,4.27595784819058,4.27595784819058,4.27595784819058,4.27595784819058,4.27595784819058,4.27595784819058,4.27595784819058,4.27595784819058,4.27595784819058,4.27595784819058,4.27595784819058,4.27595784819058,4.27595784819058,4.27595784819058,4.27595784819058,4.27595784819058,4.27595784819058,4.27595784819058,4.27595784819058,4.27595784819058,4.27595784819058,4.27595784819058,4.27595784819058,4.27595784819058,4.27595784819058,4.27595784819058,4.27595784819058,4.27595784819058,4.27595784819058,4.27595784819058,4.27595784819058,4.27595784819058,4.27595784819058,4.27595784819058,4.27595784819058,4.27595784819058,4.27595784819058,4.27595784819058,4.27595784819058,4.27595784819058,4.27595784819058,4.27595784819058,4.27595784819058,4.27595784819058,4.27595784819058,4.27595784819058,4.27595784819058,4.27595784819058,4.27595784819058,4.27595784819058,4.27595784819058,4.27595784819058,4.27595784819058,4.27595784819058,4.27595784819058,4.27595784819058,4.27595784819058,4.27595784819058,4.27595784819058,4.27595784819058,4.27595784819058,4.27595784819058,4.27595784819058,4.27595784819058,4.27595784819058,4.27595784819058,4.27595784819058,4.27595784819058,4.27595784819058,4.27595784819058,4.27595784819058,4.27595784819058,4.27595784819058,4.27595784819058,4.27595784819058,4.27595784819058,4.27595784819058,4.27595784819058,4.27595784819058,4.27595784819058,4.27595784819058,4.27595784819058,4.27595784819058,4.27595784819058,4.27595784819058,4.27595784819058,4.27595784819058,4.27595784819058,4.27595784819058,4.27595784819058,4.27595784819058,4.27595784819058,4.27595784819058,4.27595784819058,4.27595784819058,4.27595784819058,4.27595784819058,4.27595784819058,4.27595784819058,4.27595784819058,4.27595784819058,4.27595784819058,4.27595784819058,4.27595784819058,4.27595784819058,4.27595784819058,4.27595784819058,4.27595784819058,4.27595784819058,4.27595784819058,4.27595784819058,4.27595784819058,4.27595784819058,4.27595784819058,4.27595784819058,4.27595784819058,4.27595784819058,4.27595784819058,4.27595784819058,4.27595784819058,4.27595784819058,4.27595784819058,4.27595784819058,4.27595784819058,4.27595784819058,4.27595784819058,4.27595784819058,4.27595784819058,4.27595784819058,4.27595784819058,4.27595784819058,4.27595784819058,4.27595784819058,4.27595784819058,4.27595784819058,4.27595784819058,4.27595784819058,4.27595784819058,4.22317854149426,4.22317854149426,4.22317854149426,4.22317854149426,4.22317854149426,4.22317854149426,4.22317854149426,4.22317854149426,4.22317854149426,4.22317854149426,4.22317854149426,4.22317854149426,4.22317854149426,4.22317854149426,4.22317854149426,4.22317854149426,4.22317854149426,4.22317854149426,4.22317854149426,4.22317854149426,4.22317854149426,4.22317854149426,4.22317854149426,4.22317854149426,4.22317854149426,4.22317854149426,4.22317854149426,4.22317854149426,4.22317854149426,4.22317854149426,4.22317854149426,4.22317854149426,4.22317854149426,4.22317854149426,4.22317854149426,4.22317854149426,4.22317854149426,4.22317854149426,4.22317854149426,4.22317854149426,4.22317854149426,4.22317854149426,4.22317854149426,4.22317854149426,4.22317854149426,4.22317854149426,4.22317854149426,4.22317854149426,4.22317854149426,4.22317854149426,4.22317854149426,4.22317854149426,4.22317854149426,4.22317854149426,4.22317854149426,4.22317854149426,4.22317854149426,4.22317854149426,4.22317854149426,4.22317854149426,4.22317854149426,4.22317854149426,4.22317854149426,4.22317854149426,4.22317854149426,4.22317854149426,4.22317854149426,4.22317854149426,4.22317854149426,4.22317854149426,4.22317854149426,4.22317854149426,4.22317854149426,4.22317854149426,4.22317854149426,4.22317854149426,4.22317854149426,4.22317854149426,4.22317854149426,4.22317854149426,4.22317854149426,4.22317854149426,4.22317854149426,4.22317854149426,4.22317854149426,4.22317854149426,4.22317854149426,4.22317854149426,4.22317854149426,4.22317854149426,4.22317854149426,4.22317854149426,4.22317854149426,4.22317854149426,4.22317854149426,4.22317854149426,4.22317854149426,4.22317854149426,4.22317854149426,4.22317854149426,4.22317854149426,4.22317854149426,4.22317854149426,4.22317854149426,4.22317854149426,4.22317854149426,4.22317854149426,4.173236837813501,4.173236837813501,4.173236837813501,4.173236837813501,4.173236837813501,4.173236837813501,4.173236837813501,4.173236837813501,4.173236837813501,4.173236837813501,4.168100772594862,4.168100772594862,4.168100772594862,4.168100772594862,4.168100772594862,4.168100772594862,4.168100772594862,4.168100772594862,4.168100772594862,4.168100772594862,4.168100772594862,4.168100772594862,4.168100772594862,4.168100772594862,4.168100772594862,4.168100772594862,4.168100772594862,4.168100772594862,4.168100772594862,4.168100772594862,4.168100772594862,4.168100772594862,4.168100772594862,4.168100772594862,4.168100772594862,4.168100772594862,4.168100772594862,4.168100772594862,4.168100772594862,4.168100772594862,4.168100772594862,4.168100772594862,4.168100772594862,3.9812438384602435,3.9812438384602435,3.9812438384602435,3.9812438384602435,3.9812438384602435,3.9812438384602435,3.9812438384602435,3.9812438384602435,3.9812438384602435,3.9812438384602435,3.9812438384602435,3.9812438384602435,3.9812438384602435,3.9812438384602435,3.9812438384602435,3.9812438384602435,3.9812438384602435,3.9812438384602435,3.9812438384602435,3.9812438384602435,3.9812438384602435,3.9812438384602435,3.9812438384602435,3.9812438384602435,3.9812438384602435,3.9812438384602435,3.9812438384602435,3.9812438384602435,3.9812438384602435,3.9812438384602435,3.9812438384602435,3.9812438384602435,3.9812438384602435,3.9812438384602435,3.9812438384602435,3.9812438384602435,3.9812438384602435,3.9812438384602435,3.9812438384602435,3.9812438384602435,3.9812438384602435,3.9812438384602435,3.9812438384602435,3.9812438384602435,3.9812438384602435,3.9812438384602435,3.9812438384602435,3.9812438384602435,6.934769151844678,6.934769151844678,6.770341647079096,6.770341647079096,6.770341647079096,5.802684470632866,5.802684470632866,5.802684470632866,5.802684470632866,5.802684470632866,5.802684470632866,5.802684470632866,5.802684470632866,5.802684470632866,5.802684470632866,5.802684470632866,5.802684470632866,5.802684470632866,5.802684470632866,5.802684470632866,5.802684470632866,5.802684470632866,5.802684470632866,5.802684470632866,5.802684470632866,5.802684470632866,5.802684470632866,5.802684470632866,5.802684470632866,5.802684470632866,5.7996184353886635,5.7996184353886635,5.7996184353886635,5.7996184353886635,5.7996184353886635,5.7996184353886635,5.7996184353886635,5.7996184353886635,5.7996184353886635,5.7996184353886635,5.7996184353886635,5.7996184353886635,5.7996184353886635,5.7996184353886635,5.7996184353886635,5.7996184353886635,5.7996184353886635,5.7996184353886635,5.7996184353886635,5.7996184353886635,5.7996184353886635,5.7996184353886635,5.7996184353886635,5.7996184353886635,5.7996184353886635,5.7996184353886635,5.7996184353886635,5.7996184353886635,5.7996184353886635,5.7996184353886635,5.7996184353886635,5.7996184353886635,5.7996184353886635,5.7996184353886635,5.7996184353886635,5.7996184353886635,5.7996184353886635,5.7996184353886635,5.7996184353886635,5.7996184353886635,5.7996184353886635,5.7996184353886635,5.7996184353886635,5.7996184353886635,5.7996184353886635,5.7996184353886635,5.7996184353886635,5.7996184353886635,5.7996184353886635,5.7996184353886635,5.429818756182526,5.429818756182526,5.429818756182526,5.429818756182526,5.4251246391905825,5.4251246391905825,5.4251246391905825,5.4251246391905825,5.4251246391905825,5.394718875383944,5.394718875383944,5.3261196354255524,5.3261196354255524,5.3261196354255524,5.3261196354255524,5.3261196354255524,5.3261196354255524,5.3261196354255524,5.3261196354255524,5.3261196354255524,5.3261196354255524,5.3261196354255524,5.3261196354255524,5.3261196354255524,5.3261196354255524,5.3261196354255524,5.3261196354255524,5.3261196354255524,5.3261196354255524,5.3261196354255524,5.3261196354255524,5.3261196354255524,5.3261196354255524,5.3261196354255524,5.3261196354255524,5.3261196354255524,5.3261196354255524,5.3261196354255524,5.3261196354255524,5.3261196354255524,5.3261196354255524,5.3261196354255524,5.3261196354255524,5.278546119437106,5.278546119437106,5.278546119437106,5.278546119437106,5.278546119437106,5.278546119437106,5.278546119437106,5.278546119437106,5.278546119437106,5.278546119437106,5.278546119437106,5.278546119437106,5.278546119437106,5.278546119437106,5.278546119437106,5.278546119437106,5.278546119437106,5.21121265659992,5.21121265659992,5.172775730866093,5.172775730866093,5.172775730866093,5.172775730866093,5.172775730866093,5.172775730866093,5.172775730866093,5.172775730866093,5.172775730866093,5.172775730866093,5.172775730866093,5.159900541692416,5.159900541692416,5.134297160691852,5.134297160691852,5.134297160691852,5.134297160691852,5.134297160691852,5.134297160691852,5.134297160691852,5.134297160691852,5.134297160691852,5.134297160691852,5.134297160691852,5.134297160691852,5.134297160691852,5.134297160691852,5.134297160691852,5.134297160691852,5.134297160691852,5.134297160691852,5.134297160691852,5.134297160691852,5.0737707271010635,5.0737707271010635,5.0737707271010635,5.0737707271010635,5.0737707271010635,5.0737707271010635,5.0737707271010635,5.0737707271010635,5.0737707271010635,5.0737707271010635,5.0737707271010635,5.0737707271010635,5.0737707271010635,5.0737707271010635,5.0737707271010635,5.0737707271010635,5.0737707271010635,5.0737707271010635,5.0737707271010635,5.0737707271010635,5.0737707271010635,5.0737707271010635,5.0737707271010635,5.0737707271010635,5.0737707271010635,5.0737707271010635,5.0737707271010635,5.0737707271010635,5.0737707271010635,5.0737707271010635,5.0737707271010635,5.0737707271010635,5.0737707271010635,5.0737707271010635,5.0737707271010635,5.0737707271010635,5.0737707271010635,5.0737707271010635,5.0737707271010635,4.398013267584167,4.048152723418886,4.048152723418886,4.048152723418886,4.048152723418886,4.048152723418886,4.048152723418886,4.048152723418886,4.048152723418886,4.048152723418886,4.048152723418886,4.048152723418886,4.048152723418886,4.048152723418886,4.048152723418886,4.048152723418886,4.048152723418886,4.048152723418886,4.048152723418886,4.048152723418886,4.048152723418886,4.048152723418886,4.048152723418886,4.048152723418886,4.048152723418886,4.048152723418886,4.048152723418886,4.048152723418886,4.048152723418886,4.048152723418886,4.048152723418886,4.048152723418886,4.048152723418886,4.048152723418886,4.048152723418886,4.048152723418886,4.048152723418886,4.048152723418886,4.048152723418886,4.048152723418886,4.048152723418886,4.048152723418886,4.048152723418886,4.048152723418886,4.048152723418886,4.048152723418886,4.048152723418886,4.048152723418886,4.048152723418886,4.048152723418886,4.048152723418886,4.048152723418886,4.048152723418886,4.048152723418886,4.048152723418886,4.048152723418886,4.048152723418886,4.048152723418886,4.048152723418886,4.048152723418886,4.048152723418886,4.048152723418886,4.048152723418886,4.048152723418886,4.048152723418886,4.048152723418886,4.048152723418886,4.048152723418886,4.048152723418886,4.048152723418886,4.048152723418886,4.048152723418886,4.048152723418886,4.048152723418886,4.048152723418886,4.048152723418886,4.048152723418886,4.048152723418886,4.048152723418886,4.048152723418886,4.048152723418886,4.048152723418886,4.048152723418886,4.048152723418886,4.048152723418886,4.048152723418886,4.048152723418886,4.048152723418886,4.048152723418886,4.048152723418886,4.048152723418886,4.048152723418886,4.048152723418886,4.048152723418886,4.048152723418886,4.048152723418886,4.048152723418886,4.048152723418886,4.048152723418886,4.048152723418886,4.048152723418886,4.048152723418886,4.048152723418886,4.048152723418886,4.048152723418886,4.048152723418886,4.048152723418886,4.048152723418886,4.048152723418886,4.048152723418886,4.048152723418886,4.048152723418886,4.048152723418886,4.048152723418886,4.048152723418886,4.048152723418886,4.048152723418886,4.048152723418886,4.048152723418886,4.048152723418886,4.048152723418886,4.048152723418886,4.048152723418886,4.048152723418886,4.048152723418886,4.048152723418886,4.048152723418886,4.048152723418886,4.048152723418886,4.048152723418886,4.048152723418886,4.048152723418886,4.048152723418886,4.048152723418886,4.048152723418886,4.048152723418886,4.048152723418886,4.048152723418886,4.048152723418886,4.048152723418886,4.048152723418886,4.048152723418886,4.048152723418886,4.048152723418886,4.048152723418886,4.048152723418886,4.048152723418886,4.048152723418886,4.048152723418886,4.048152723418886,4.048152723418886,4.048152723418886,4.048152723418886,4.048152723418886,4.048152723418886,4.048152723418886,4.048152723418886,4.048152723418886,4.048152723418886,4.048152723418886,4.048152723418886,4.048152723418886,4.048152723418886,4.048152723418886,4.048152723418886,4.048152723418886,4.048152723418886,4.048152723418886,4.048152723418886,4.048152723418886,4.048152723418886,4.048152723418886,4.048152723418886,4.048152723418886,4.048152723418886,4.048152723418886,4.048152723418886,4.048152723418886,4.048152723418886,4.048152723418886,4.048152723418886,4.048152723418886,4.048152723418886,4.048152723418886,4.048152723418886,4.048152723418886,4.048152723418886,4.048152723418886,4.048152723418886,4.048152723418886,4.048152723418886,4.048152723418886,4.048152723418886,4.048152723418886,4.048152723418886,4.048152723418886,4.048152723418886,4.048152723418886,4.048152723418886,4.048152723418886,4.048152723418886,4.048152723418886,4.048152723418886,4.048152723418886,4.048152723418886,4.048152723418886,4.048152723418886,4.048152723418886,4.048152723418886,4.048152723418886,4.048152723418886,4.048152723418886,4.048152723418886,4.048152723418886,4.048152723418886,4.048152723418886,4.048152723418886,4.048152723418886,4.048152723418886,4.048152723418886,4.048152723418886,4.048152723418886,4.048152723418886,4.048152723418886,4.048152723418886,4.048152723418886,4.048152723418886,4.048152723418886,4.048152723418886,4.048152723418886,4.048152723418886,4.048152723418886,4.048152723418886,4.048152723418886,4.048152723418886,4.048152723418886,4.048152723418886,4.048152723418886,4.048152723418886,4.048152723418886,4.048152723418886,4.048152723418886,4.048152723418886,4.048152723418886,4.048152723418886,4.048152723418886,4.048152723418886,4.048152723418886,4.048152723418886,4.048152723418886,4.048152723418886,4.048152723418886,4.048152723418886,4.048152723418886,4.048152723418886,4.048152723418886,4.048152723418886,4.048152723418886,4.048152723418886,4.048152723418886,4.048152723418886,4.048152723418886,4.048152723418886,4.048152723418886,4.048152723418886,4.048152723418886,4.048152723418886,4.048152723418886,4.048152723418886,4.048152723418886,4.048152723418886,4.048152723418886,4.048152723418886,4.048152723418886,4.048152723418886,4.048152723418886,4.048152723418886,4.048152723418886,4.048152723418886,4.048152723418886,4.048152723418886,4.048152723418886,4.048152723418886,4.048152723418886,4.048152723418886,4.048152723418886,4.048152723418886,4.048152723418886,4.048152723418886,4.048152723418886,4.048152723418886,4.048152723418886,4.048152723418886,4.048152723418886,4.048152723418886,4.048152723418886,4.048152723418886,4.048152723418886,4.048152723418886,4.048152723418886,4.048152723418886,4.048152723418886,4.048152723418886,4.048152723418886,4.048152723418886,4.048152723418886,4.048152723418886,4.048152723418886,4.048152723418886,4.048152723418886,4.048152723418886,4.048152723418886,4.048152723418886,4.048152723418886,4.048152723418886,4.048152723418886,4.048152723418886,4.048152723418886,4.048152723418886,4.048152723418886,4.048152723418886,4.048152723418886,4.048152723418886,4.048152723418886,4.048152723418886,4.048152723418886,4.048152723418886,4.048152723418886,4.048152723418886,4.048152723418886,4.048152723418886,4.048152723418886,4.048152723418886,4.048152723418886,4.048152723418886,4.048152723418886,4.048152723418886,4.048152723418886,4.048152723418886,4.048152723418886,4.048152723418886,4.048152723418886,4.048152723418886,4.048152723418886,4.048152723418886,4.048152723418886,4.048152723418886,4.048152723418886,4.048152723418886,4.048152723418886,4.048152723418886,4.048152723418886,4.048152723418886,4.048152723418886,4.048152723418886,4.048152723418886,4.048152723418886,4.048152723418886,4.048152723418886,4.048152723418886,4.048152723418886,4.048152723418886,4.048152723418886,4.048152723418886,4.048152723418886,4.048152723418886,4.048152723418886,4.048152723418886,4.048152723418886,4.048152723418886,4.048152723418886,4.048152723418886,4.048152723418886,4.048152723418886,4.048152723418886,4.048152723418886,4.048152723418886,4.048152723418886,4.048152723418886,4.048152723418886,4.048152723418886,4.048152723418886,4.048152723418886,4.048152723418886,4.048152723418886,4.048152723418886,4.048152723418886,4.048152723418886,4.048152723418886,4.048152723418886,4.048152723418886,4.048152723418886,4.048152723418886,4.048152723418886,4.048152723418886,4.048152723418886,4.048152723418886,4.048152723418886,4.048152723418886,4.048152723418886,4.048152723418886,4.048152723418886,4.048152723418886,4.048152723418886,4.048152723418886,4.048152723418886,4.048152723418886,4.048152723418886,4.048152723418886,4.048152723418886,4.048152723418886,4.048152723418886,4.048152723418886,4.048152723418886,4.048152723418886,4.048152723418886,4.048152723418886,4.048152723418886,4.048152723418886,4.048152723418886,4.048152723418886,4.048152723418886,4.048152723418886,4.048152723418886,4.048152723418886,4.048152723418886,4.048152723418886,4.048152723418886,4.048152723418886,4.048152723418886,4.048152723418886,4.048152723418886,4.048152723418886,4.048152723418886,4.048152723418886,4.048152723418886,4.048152723418886,4.048152723418886,4.048152723418886,4.048152723418886,4.048152723418886,4.048152723418886,4.048152723418886,4.048152723418886,4.048152723418886,4.048152723418886,4.048152723418886,4.048152723418886,4.048152723418886,4.048152723418886,4.048152723418886,4.048152723418886,4.048152723418886,4.048152723418886,4.048152723418886,4.048152723418886,4.048152723418886,4.048152723418886,4.048152723418886,4.048152723418886,4.048152723418886,4.048152723418886,4.048152723418886,4.048152723418886,4.048152723418886,4.048152723418886,4.048152723418886,4.048152723418886,4.048152723418886,4.048152723418886,4.048152723418886,4.048152723418886,4.048152723418886,4.048152723418886,4.048152723418886,4.048152723418886,4.048152723418886,4.048152723418886,4.048152723418886,4.048152723418886,4.048152723418886,4.048152723418886,4.048152723418886,4.048152723418886,4.048152723418886,4.048152723418886,4.048152723418886,4.048152723418886,4.048152723418886,4.048152723418886,4.048152723418886,4.048152723418886,4.048152723418886,4.048152723418886,4.048152723418886,4.048152723418886,4.048152723418886,4.048152723418886,4.048152723418886,4.048152723418886,4.048152723418886,4.048152723418886,4.048152723418886,4.048152723418886,4.048152723418886,4.048152723418886,4.048152723418886,4.048152723418886,4.048152723418886,4.048152723418886,4.048152723418886,4.048152723418886,4.048152723418886,4.048152723418886,4.048152723418886,4.048152723418886,4.048152723418886,4.048152723418886,4.048152723418886,4.048152723418886,4.048152723418886,4.048152723418886,4.048152723418886,4.048152723418886,4.048152723418886,4.048152723418886,4.048152723418886,4.048152723418886,4.048152723418886,4.048152723418886,4.048152723418886,4.048152723418886,4.048152723418886,4.048152723418886,4.048152723418886,4.048152723418886,4.048152723418886,4.048152723418886,4.048152723418886,4.048152723418886,4.048152723418886,4.048152723418886,4.048152723418886,4.048152723418886,4.048152723418886,4.048152723418886,4.048152723418886,4.048152723418886,4.048152723418886,4.048152723418886,4.048152723418886,4.048152723418886,4.048152723418886,4.048152723418886,4.048152723418886,4.048152723418886,4.048152723418886,4.048152723418886,4.048152723418886,4.048152723418886,4.048152723418886,4.048152723418886,4.048152723418886,4.048152723418886,4.048152723418886,4.048152723418886,4.048152723418886,4.048152723418886,4.048152723418886,4.048152723418886,4.048152723418886,4.048152723418886,4.048152723418886,4.048152723418886,4.048152723418886,4.048152723418886,4.048152723418886,4.048152723418886,4.048152723418886,4.048152723418886,4.048152723418886,4.048152723418886,4.048152723418886,4.048152723418886,4.048152723418886,4.048152723418886,4.048152723418886,4.048152723418886,4.048152723418886,4.048152723418886,4.048152723418886,4.048152723418886,4.048152723418886,4.048152723418886,4.048152723418886,4.048152723418886,4.048152723418886,4.048152723418886,4.048152723418886,4.048152723418886,4.048152723418886,4.048152723418886,4.048152723418886,4.048152723418886,4.048152723418886,4.048152723418886,4.048152723418886,4.048152723418886,4.048152723418886,4.048152723418886,4.048152723418886,4.048152723418886,4.048152723418886,4.048152723418886,4.048152723418886,4.048152723418886,4.048152723418886,4.048152723418886,4.048152723418886,4.048152723418886,4.048152723418886,4.048152723418886,4.048152723418886,4.048152723418886,4.048152723418886,4.048152723418886,4.048152723418886,4.048152723418886,4.048152723418886,4.048152723418886,4.048152723418886,4.048152723418886,4.048152723418886,4.048152723418886,4.048152723418886,4.048152723418886,4.048152723418886,4.048152723418886,4.048152723418886,4.048152723418886,4.048152723418886,4.048152723418886,4.048152723418886,4.048152723418886,4.048152723418886,4.048152723418886,4.048152723418886,4.048152723418886,4.048152723418886,4.048152723418886,4.048152723418886,4.048152723418886,4.048152723418886,4.048152723418886,4.048152723418886,4.048152723418886,4.048152723418886,4.048152723418886,4.048152723418886,4.048152723418886,4.048152723418886,4.048152723418886,4.048152723418886,4.048152723418886,4.048152723418886,4.048152723418886,4.048152723418886,4.048152723418886,4.048152723418886,4.048152723418886,4.048152723418886,4.048152723418886,4.048152723418886,4.048152723418886,4.048152723418886,4.048152723418886,4.048152723418886,4.048152723418886,4.048152723418886,4.048152723418886,4.048152723418886,4.048152723418886,4.048152723418886,4.048152723418886,4.048152723418886,4.048152723418886,4.048152723418886,4.048152723418886,4.048152723418886,4.048152723418886,4.048152723418886,4.048152723418886,4.048152723418886,4.048152723418886,4.048152723418886,4.048152723418886,4.048152723418886,4.048152723418886,4.048152723418886,4.048152723418886,4.048152723418886,4.048152723418886,4.048152723418886,4.048152723418886,4.048152723418886,4.048152723418886,4.048152723418886,4.048152723418886,4.048152723418886,4.048152723418886,4.048152723418886,4.048152723418886,4.048152723418886,4.048152723418886,4.048152723418886,4.048152723418886,4.048152723418886,4.048152723418886,4.048152723418886,4.048152723418886,4.048152723418886,4.048152723418886,4.048152723418886,4.048152723418886,4.048152723418886,4.048152723418886,4.048152723418886,4.048152723418886,4.048152723418886,4.048152723418886,4.048152723418886,4.048152723418886,4.048152723418886,4.048152723418886,4.048152723418886,4.048152723418886,4.048152723418886,4.048152723418886,4.048152723418886,4.048152723418886,4.048152723418886,4.048152723418886,4.048152723418886,4.048152723418886,4.048152723418886,4.048152723418886,4.048152723418886,4.048152723418886,4.048152723418886,4.048152723418886,4.048152723418886,4.048152723418886,4.048152723418886,4.048152723418886,4.048152723418886,4.048152723418886,4.048152723418886,4.048152723418886,4.048152723418886,4.048152723418886,4.048152723418886,4.048152723418886,4.048152723418886,4.048152723418886,4.048152723418886,4.048152723418886,4.048152723418886,4.048152723418886,4.048152723418886,4.048152723418886,4.048152723418886,4.048152723418886,4.048152723418886,4.048152723418886,4.048152723418886,4.048152723418886,4.048152723418886,4.048152723418886,4.048152723418886,4.048152723418886,4.048152723418886,4.048152723418886,4.048152723418886,4.048152723418886,4.048152723418886,4.048152723418886,8.718187752241336,7.7404107566944385,7.7404107566944385,7.7404107566944385,7.7404107566944385,7.7404107566944385,7.722667280697555,7.32483588479459,7.32483588479459,7.32483588479459,7.0930520336952085,7.0930520336952085,7.0930520336952085,7.0930520336952085,6.98173648661789,6.98173648661789,6.98173648661789,6.98173648661789,6.98173648661789,6.21748566122075,5.397018504372392,5.397018504372392,5.397018504372392,5.397018504372392,5.397018504372392,5.397018504372392,5.397018504372392,5.397018504372392,5.397018504372392,5.397018504372392,5.397018504372392,5.397018504372392,5.397018504372392,5.397018504372392,5.397018504372392,5.397018504372392,5.397018504372392,5.397018504372392,5.397018504372392,5.323257430824701,5.312971650312086,5.312971650312086,5.312971650312086,5.312971650312086,5.312971650312086,5.312971650312086,5.312971650312086,5.312971650312086,5.312971650312086,5.312971650312086,5.312971650312086,5.312971650312086,5.312971650312086,5.312971650312086,5.312971650312086,5.312971650312086,5.312971650312086,5.312971650312086,5.312971650312086,5.312971650312086,5.312971650312086,5.312971650312086,5.312971650312086,5.312971650312086,5.312971650312086,5.312971650312086,5.312971650312086,5.312971650312086,5.312971650312086,5.312971650312086,5.312971650312086,5.312971650312086,5.312971650312086,5.312971650312086,5.312971650312086,5.312971650312086,5.312971650312086,5.312971650312086,5.312971650312086,5.312971650312086,5.312971650312086,5.312971650312086,5.312971650312086,5.312971650312086,5.312971650312086,5.312971650312086,5.312971650312086,5.312971650312086,5.312971650312086,5.312971650312086,5.312971650312086,5.312971650312086,5.312971650312086,5.312971650312086,5.312971650312086,5.312971650312086,5.312971650312086,5.312971650312086,5.312971650312086,5.312971650312086,5.312971650312086,5.312971650312086,5.312971650312086,5.312971650312086,5.312971650312086,5.312971650312086,5.312971650312086,5.312971650312086,5.312971650312086,5.312971650312086,5.312971650312086,5.312971650312086,5.312971650312086,5.312971650312086,5.312971650312086,5.312971650312086,5.312971650312086,5.312971650312086,5.312971650312086,5.312971650312086,5.312971650312086,5.312971650312086,5.312971650312086,5.312971650312086,5.312971650312086,5.312971650312086,5.312971650312086,5.312971650312086,5.312971650312086,5.312971650312086,5.312971650312086,5.312971650312086,5.312971650312086,5.312971650312086,5.312971650312086,5.312971650312086,5.312971650312086,5.312971650312086,5.312971650312086,5.312971650312086,5.312971650312086,5.312971650312086,5.312971650312086,5.312971650312086,5.312971650312086,5.312971650312086,5.312971650312086,5.312971650312086,5.312971650312086,5.312971650312086,5.312971650312086,5.312971650312086,5.312971650312086,5.312971650312086,5.312971650312086,5.312971650312086,5.312971650312086,5.312971650312086,5.312971650312086,5.312971650312086,5.312971650312086,5.312971650312086,5.312971650312086,5.312971650312086,5.312971650312086,5.312971650312086,5.312971650312086,5.312971650312086,5.312971650312086,5.312971650312086,5.312971650312086,5.312971650312086,5.312971650312086,5.312971650312086,5.312971650312086,5.312971650312086,5.312971650312086,5.312971650312086,5.312971650312086,5.312971650312086,5.312971650312086,5.312971650312086,5.312971650312086,5.312971650312086,5.312971650312086,5.312971650312086,5.312971650312086,5.312971650312086,5.312971650312086,5.312971650312086,5.312971650312086,5.312971650312086,5.312971650312086,5.312971650312086,5.312971650312086,5.312971650312086,5.312971650312086,5.312971650312086,5.312971650312086,5.312971650312086,5.312971650312086,5.312971650312086,5.312971650312086,5.312971650312086,5.312971650312086,5.312971650312086,5.312971650312086,5.312971650312086,5.312971650312086,5.312971650312086,5.312971650312086,5.312971650312086,5.312971650312086,5.312971650312086,5.312971650312086,5.312971650312086,5.312971650312086,5.312971650312086,5.312971650312086,5.312971650312086,5.312971650312086,5.312971650312086,5.312971650312086,5.312971650312086,5.312971650312086,5.21871493759337,5.21871493759337,5.21871493759337,5.189260879611892,5.189260879611892,5.189260879611892,5.189260879611892,5.189260879611892,5.189260879611892,5.189260879611892,5.189260879611892,5.189260879611892,5.189260879611892,5.189260879611892,5.189260879611892,5.189260879611892,5.189260879611892,5.189260879611892,5.189260879611892,5.189260879611892,5.189260879611892,5.189260879611892,5.189260879611892,5.189260879611892,4.747186173812315,4.747186173812315,4.747186173812315,4.747186173812315,4.747186173812315,4.747186173812315,4.747186173812315,4.747186173812315,4.747186173812315,4.747186173812315,4.747186173812315,4.747186173812315,4.747186173812315,4.747186173812315,4.747186173812315,4.747186173812315,4.747186173812315,4.747186173812315,4.747186173812315,4.747186173812315,4.747186173812315,4.747186173812315,4.747186173812315,4.747186173812315,4.747186173812315,4.747186173812315,4.747186173812315,4.747186173812315,4.747186173812315,4.747186173812315,4.747186173812315,4.747186173812315,4.747186173812315,4.747186173812315,4.747186173812315,4.747186173812315,4.747186173812315,4.747186173812315,4.747186173812315,4.747186173812315,4.747186173812315,4.747186173812315,4.747186173812315,4.747186173812315,4.747186173812315,4.747186173812315,4.747186173812315,4.747186173812315,4.747186173812315,4.747186173812315,4.747186173812315,4.747186173812315,4.747186173812315,4.747186173812315,4.747186173812315,4.747186173812315,4.747186173812315,4.747186173812315,4.747186173812315,4.747186173812315,4.747186173812315,4.747186173812315,4.747186173812315,4.747186173812315,4.747186173812315,4.747186173812315,4.747186173812315,4.747186173812315,4.747186173812315,4.747186173812315,4.747186173812315,4.747186173812315,4.747186173812315,4.747186173812315,4.747186173812315,4.747186173812315,4.747186173812315,4.747186173812315,4.747186173812315,4.747186173812315,4.747186173812315,4.747186173812315,4.747186173812315,4.747186173812315,4.747186173812315,4.747186173812315,4.747186173812315,4.747186173812315,4.747186173812315,4.747186173812315,4.747186173812315,4.747186173812315,4.747186173812315,4.747186173812315,4.747186173812315,4.747186173812315,4.747186173812315,4.747186173812315,4.747186173812315,4.747186173812315,4.747186173812315,4.747186173812315,4.747186173812315,4.747186173812315,4.747186173812315,4.747186173812315,4.747186173812315,4.747186173812315,4.747186173812315,4.747186173812315,4.747186173812315,4.747186173812315,4.747186173812315,4.747186173812315,4.747186173812315,4.747186173812315,4.747186173812315,4.747186173812315,4.747186173812315,4.747186173812315,4.747186173812315,4.747186173812315,4.747186173812315,4.747186173812315,4.747186173812315,4.747186173812315,4.747186173812315,4.747186173812315,4.747186173812315,4.747186173812315,4.747186173812315,4.747186173812315,4.747186173812315,4.747186173812315,4.747186173812315,4.747186173812315,4.747186173812315,4.747186173812315,4.747186173812315,4.747186173812315,4.747186173812315,4.747186173812315,4.747186173812315,4.747186173812315,4.747186173812315,4.747186173812315,4.747186173812315,4.747186173812315,4.747186173812315,4.747186173812315,4.747186173812315,4.747186173812315,4.747186173812315,4.747186173812315,4.747186173812315,4.747186173812315,4.747186173812315,4.747186173812315,4.374064715367322,4.374064715367322,4.373545733304626,4.373545733304626,4.373545733304626,4.373545733304626,4.373545733304626,4.373545733304626,4.373545733304626,4.373545733304626,4.373545733304626,4.373545733304626,4.373545733304626,4.373545733304626,4.373545733304626,4.080171867836972,4.080171867836972,4.080171867836972,4.080171867836972,4.080171867836972,4.080171867836972,4.080171867836972,4.080171867836972,4.080171867836972,4.080171867836972,4.080171867836972,4.080171867836972,4.080171867836972,4.080171867836972,4.080171867836972,4.080171867836972,4.080171867836972,4.080171867836972,4.080171867836972,4.080171867836972,4.080171867836972,4.080171867836972,4.080171867836972,4.080171867836972,4.080171867836972,4.080171867836972,4.080171867836972,4.080171867836972,4.080171867836972,4.080171867836972,4.080171867836972,4.080171867836972,4.080171867836972,4.080171867836972,4.080171867836972,4.080171867836972,4.080171867836972,4.080171867836972,4.080171867836972,4.080171867836972,4.080171867836972,4.080171867836972,4.080171867836972,4.080171867836972,4.080171867836972,4.080171867836972,4.080171867836972,4.080171867836972,4.080171867836972,4.080171867836972,4.080171867836972,4.080171867836972,4.080171867836972,4.080171867836972,4.080171867836972,4.080171867836972,4.080171867836972,4.080171867836972,4.080171867836972,4.080171867836972,4.080171867836972,4.080171867836972,4.080171867836972,4.080171867836972,4.080171867836972,4.080171867836972,4.080171867836972,4.080171867836972,4.080171867836972,4.080171867836972,4.080171867836972,4.080171867836972,4.080171867836972,4.080171867836972,4.080171867836972,4.080171867836972,4.080171867836972,4.080171867836972,4.080171867836972,4.080171867836972,4.080171867836972,4.080171867836972,4.080171867836972,4.080171867836972,4.080171867836972,4.080171867836972,4.080171867836972,4.080171867836972,4.080171867836972,4.080171867836972,4.080171867836972,4.080171867836972,4.080171867836972,4.080171867836972,4.080171867836972,4.080171867836972,4.080171867836972,4.080171867836972,4.080171867836972,4.080171867836972,4.080171867836972,4.080171867836972,4.080171867836972,4.080171867836972,4.080171867836972,4.080171867836972,4.080171867836972,4.080171867836972,4.080171867836972,4.080171867836972,4.080171867836972,4.080171867836972,4.080171867836972,4.080171867836972,4.080171867836972,4.080171867836972,4.080171867836972,4.080171867836972,4.080171867836972,4.080171867836972,4.080171867836972,4.080171867836972,4.080171867836972,4.080171867836972,4.080171867836972,4.080171867836972,4.080171867836972,4.080171867836972,4.080171867836972,4.080171867836972,4.080171867836972,4.080171867836972,4.080171867836972,4.080171867836972,4.080171867836972,4.080171867836972,4.080171867836972,4.080171867836972,4.080171867836972,4.080171867836972,4.080171867836972,4.080171867836972,4.080171867836972,4.080171867836972,4.080171867836972,4.080171867836972,4.080171867836972,4.080171867836972,4.080171867836972,4.080171867836972,4.080171867836972,4.080171867836972,4.080171867836972,4.080171867836972,4.080171867836972,4.080171867836972,4.080171867836972,4.080171867836972,4.080171867836972,4.080171867836972,4.080171867836972,4.080171867836972,4.080171867836972,4.080171867836972,4.080171867836972,4.080171867836972,4.080171867836972,4.080171867836972,4.080171867836972,4.080171867836972,4.080171867836972,4.080171867836972,4.080171867836972,4.080171867836972,4.080171867836972,4.080171867836972,4.080171867836972,4.080171867836972,4.080171867836972,4.080171867836972,4.080171867836972,4.080171867836972,4.080171867836972,4.080171867836972,4.080171867836972,4.080171867836972,4.080171867836972,4.080171867836972,4.080171867836972,4.080171867836972,4.080171867836972,4.080171867836972,4.080171867836972,4.080171867836972,4.080171867836972,4.080171867836972,4.080171867836972,4.080171867836972,4.080171867836972,4.080171867836972,4.080171867836972,4.080171867836972,4.080171867836972,4.080171867836972,4.080171867836972,4.080171867836972,4.080171867836972,4.080171867836972,4.080171867836972,4.080171867836972,4.080171867836972,4.080171867836972,4.080171867836972,4.080171867836972,4.080171867836972,4.080171867836972,4.080171867836972,4.080171867836972,4.080171867836972,4.080171867836972,4.080171867836972,4.080171867836972,4.080171867836972,4.080171867836972,4.080171867836972,4.080171867836972,4.080171867836972,4.080171867836972,4.080171867836972,4.080171867836972,4.080171867836972,4.080171867836972,4.080171867836972,4.080171867836972,4.080171867836972,4.080171867836972,4.080171867836972,4.080171867836972,4.080171867836972,4.080171867836972,4.080171867836972,4.080171867836972,4.080171867836972,4.080171867836972,4.080171867836972,4.080171867836972,4.080171867836972,4.080171867836972,4.080171867836972,4.080171867836972,4.080171867836972,4.080171867836972,4.080171867836972,4.080171867836972,4.080171867836972,4.080171867836972,4.080171867836972,4.080171867836972,4.080171867836972,4.080171867836972,4.080171867836972,4.080171867836972,4.080171867836972,4.080171867836972,4.080171867836972,4.080171867836972,4.080171867836972,4.080171867836972,4.080171867836972,4.080171867836972,4.080171867836972,4.080171867836972,4.080171867836972,4.080171867836972,4.080171867836972,4.080171867836972,4.080171867836972,4.080171867836972,4.080171867836972,4.080171867836972,4.080171867836972,4.080171867836972,4.080171867836972,4.080171867836972,4.080171867836972,4.080171867836972,4.080171867836972,4.080171867836972,4.080171867836972,4.080171867836972,4.080171867836972,4.080171867836972,4.080171867836972,4.080171867836972,4.080171867836972,4.080171867836972,4.080171867836972,4.080171867836972,4.080171867836972,4.080171867836972,4.080171867836972,4.080171867836972,4.080171867836972,4.080171867836972,4.080171867836972,4.080171867836972,4.080171867836972,4.080171867836972,4.080171867836972,4.080171867836972,4.080171867836972,4.080171867836972,4.080171867836972,4.080171867836972,4.080171867836972,4.080171867836972,4.080171867836972,4.080171867836972,4.080171867836972,4.080171867836972,4.080171867836972,4.080171867836972,4.080171867836972,4.080171867836972,4.080171867836972,4.080171867836972,4.080171867836972,4.080171867836972,4.080171867836972,4.080171867836972,4.080171867836972,4.080171867836972,4.080171867836972,4.080171867836972,4.080171867836972,4.080171867836972,4.080171867836972,4.080171867836972,4.080171867836972,4.080171867836972,4.080171867836972,4.080171867836972,4.080171867836972,4.080171867836972,4.080171867836972,4.080171867836972,4.080171867836972,4.080171867836972,4.080171867836972,4.080171867836972,4.080171867836972,4.080171867836972,4.080171867836972,4.080171867836972,4.080171867836972,4.080171867836972,4.080171867836972,4.080171867836972,4.080171867836972,4.080171867836972,4.080171867836972,4.080171867836972,4.080171867836972,4.080171867836972,4.080171867836972,4.080171867836972,4.080171867836972,4.080171867836972,4.080171867836972,4.080171867836972,4.080171867836972,4.080171867836972,4.080171867836972,4.080171867836972,4.080171867836972,4.080171867836972,4.080171867836972,4.080171867836972,4.080171867836972,4.080171867836972,4.080171867836972,4.080171867836972,4.080171867836972,4.080171867836972,4.080171867836972,4.080171867836972,4.080171867836972,4.080171867836972,4.080171867836972,4.080171867836972,4.080171867836972,4.080171867836972,4.080171867836972,4.080171867836972,4.080171867836972,4.080171867836972,4.080171867836972,4.080171867836972,4.080171867836972,4.080171867836972,4.080171867836972,4.080171867836972,4.080171867836972,4.080171867836972,4.080171867836972,4.080171867836972,4.080171867836972,4.080171867836972,4.080171867836972,4.080171867836972,4.080171867836972,4.080171867836972,4.080171867836972,4.080171867836972,4.080171867836972,4.080171867836972,4.080171867836972,4.080171867836972,4.080171867836972,4.080171867836972,4.080171867836972,4.080171867836972,4.080171867836972,4.080171867836972,4.080171867836972,4.080171867836972,4.080171867836972,4.080171867836972,4.080171867836972,4.080171867836972,4.080171867836972,4.080171867836972,4.080171867836972,4.080171867836972,4.080171867836972,4.080171867836972,4.080171867836972,4.080171867836972,4.080171867836972,4.080171867836972,4.080171867836972,4.080171867836972,4.080171867836972,4.080171867836972,4.080171867836972,4.080171867836972,4.080171867836972,4.080171867836972,4.080171867836972,4.080171867836972,4.080171867836972,4.080171867836972,4.080171867836972,4.080171867836972,3.9777986838872503,3.9777986838872503,3.9777986838872503,3.9777986838872503,3.9777986838872503,3.9777986838872503,3.9777986838872503,3.9777986838872503,3.9777986838872503,3.9777986838872503,3.9777986838872503,3.9777986838872503,3.9777986838872503,3.9777986838872503,3.9777986838872503,3.9777986838872503,3.9777986838872503,3.9777986838872503,3.9777986838872503,3.9777986838872503,3.9777986838872503,3.9777986838872503,3.9777986838872503,3.9777986838872503,3.9777986838872503,3.9777986838872503,3.9777986838872503,3.9777986838872503,3.9777986838872503,3.9777986838872503,3.9777986838872503,3.9777986838872503,3.9777986838872503,3.9777986838872503,3.9777986838872503,3.9777986838872503,3.9777986838872503,3.9777986838872503,3.9777986838872503,3.9777986838872503,3.9777986838872503,3.9777986838872503,3.9777986838872503,3.9777986838872503,3.9777986838872503,3.9777986838872503,3.9777986838872503,3.9777986838872503,3.9777986838872503,3.9777986838872503,3.9777986838872503,3.9777986838872503,3.9777986838872503,3.9777986838872503,3.9777986838872503,3.9777986838872503,3.9777986838872503,3.9777986838872503,3.9777986838872503,3.9777986838872503,3.9777986838872503,3.9777986838872503,3.9777986838872503,3.9777986838872503,3.9777986838872503,3.9777986838872503,3.9777986838872503,3.9777986838872503,3.9777986838872503,3.9777986838872503,3.9777986838872503,3.9777986838872503,3.9777986838872503,3.9777986838872503,3.9777986838872503,3.9777986838872503,3.9777986838872503,3.9777986838872503,3.9777986838872503,3.9777986838872503,3.9777986838872503,3.9777986838872503,3.9777986838872503,3.9777986838872503,3.9777986838872503,3.9777986838872503,3.9777986838872503,3.9777986838872503,3.9777986838872503,3.9777986838872503,3.9777986838872503,3.9777986838872503,3.9777986838872503,3.9777986838872503,3.9777986838872503,3.9777986838872503,3.9777986838872503,3.9777986838872503,3.9777986838872503,3.9777986838872503,3.9777986838872503,3.9777986838872503,3.9777986838872503,3.9777986838872503,3.9777986838872503,3.9777986838872503,3.9777986838872503,3.9777986838872503,3.9777986838872503,3.9777986838872503,3.9777986838872503,3.9777986838872503,3.9777986838872503,3.9777986838872503,3.9777986838872503,3.9777986838872503,3.9777986838872503,3.9777986838872503,3.9777986838872503,3.9777986838872503,3.9777986838872503,3.9777986838872503,3.9777986838872503,3.9777986838872503,6.972445103545449,5.970120349802056,5.970120349802056,5.970120349802056,5.970120349802056,5.731322022098517,5.731322022098517,5.731322022098517,5.731322022098517,5.731322022098517,5.731322022098517,5.731322022098517,5.731322022098517,5.731322022098517,5.731322022098517,5.731322022098517,5.485640173073615,5.485640173073615,5.485640173073615,5.420122952711992,5.420122952711992,5.420122952711992,5.420122952711992,5.420122952711992,5.420122952711992,5.420122952711992,5.420122952711992,5.420122952711992,5.420122952711992,5.420122952711992,5.420122952711992,5.420122952711992,5.420122952711992,5.420122952711992,5.420122952711992,5.420122952711992,5.420122952711992,5.420122952711992,5.420122952711992,5.420122952711992,5.420122952711992,5.420122952711992,5.420122952711992,5.420122952711992,5.3839131370306,5.3839131370306,5.3839131370306,5.3839131370306,5.3839131370306,5.3839131370306,5.3839131370306,5.3839131370306,5.3839131370306,5.3839131370306,5.3839131370306,5.3839131370306,5.3839131370306,5.3839131370306,5.3839131370306,5.3839131370306,5.3839131370306,5.3839131370306,5.3839131370306,5.3839131370306,5.3839131370306,5.3839131370306,5.3839131370306,5.3839131370306,5.3839131370306,5.3839131370306,5.3839131370306,5.3839131370306,5.3839131370306,5.3839131370306,5.352213605322566,5.189170646088299,5.150526712197291,5.150526712197291,5.150526712197291,5.150526712197291,5.150526712197291,5.150526712197291,5.150526712197291,5.150526712197291,5.150526712197291,5.150526712197291,5.150526712197291,5.150526712197291,5.023401034626353,5.023401034626353,5.023401034626353,5.023401034626353,5.023401034626353,5.023401034626353,5.023401034626353,5.023401034626353,5.023401034626353,5.023401034626353,5.023401034626353,5.023401034626353,5.023401034626353,5.023401034626353,5.023401034626353,5.023401034626353,5.023401034626353,5.023401034626353,5.023401034626353,5.023401034626353,5.023401034626353,5.023401034626353,5.023401034626353,5.023401034626353,5.023401034626353,5.023401034626353,5.023401034626353,5.023401034626353,5.023401034626353,5.023401034626353,5.023401034626353,5.023401034626353,5.023401034626353,5.023401034626353,5.023401034626353,5.023401034626353,5.023401034626353,5.023401034626353,5.023401034626353,5.023401034626353,5.023401034626353,5.023401034626353,5.023401034626353,5.023401034626353,5.023401034626353,5.023401034626353,5.023401034626353,5.023401034626353,5.023401034626353,5.023401034626353,5.023401034626353,5.023401034626353,5.023401034626353,5.023401034626353,5.023401034626353,5.023401034626353,5.023401034626352,5.023401034626352,5.023401034626352,5.023401034626352,5.023401034626352,5.023401034626351,5.023401034626351,5.023401034626351,5.023401034626351,5.023401034626351,5.023401034626351,5.023401034626351,5.023401034626351,5.023401034626351,5.023401034626351,5.023401034626351,5.023401034626351,5.023401034626351,5.023401034626351,5.023401034626351,5.023401034626351,5.023401034626351,5.023401034626351,5.023401034626351,5.023401034626351,5.023401034626351,5.023401034626351,5.023401034626351,5.023401034626351,5.023401034626351,5.023401034626351,5.023401034626351,5.023401034626351,5.023401034626351,5.023401034626351,5.023401034626351,5.023401034626351,5.023401034626351,5.023401034626351,5.023401034626351,5.023401034626351,5.023401034626351,5.023401034626351,5.023401034626351,5.023401034626351,5.023401034626351,5.023401034626351,5.023401034626351,5.023401034626351,5.023401034626351,5.023401034626351,5.023401034626351,5.023401034626351,4.486011706853483,4.387548897641679,4.387548897641679,4.387548897641679,4.387548897641679,4.387548897641679,4.387548897641679,4.387548897641679,4.387548897641679,4.387548897641679,4.387548897641679,4.387548897641679,4.387548897641679,4.387548897641679,4.387548897641679,4.387548897641679,4.387548897641679,4.387548897641679,4.387548897641679,4.387548897641679,4.387548897641679,4.387548897641679,4.387548897641679,4.387548897641679,4.387548897641679,4.387548897641679,4.387548897641679,4.387548897641679,4.387548897641679,4.387548897641679,4.387548897641679,4.387548897641679,4.387548897641679,4.387548897641679,4.387548897641679,4.387548897641679,4.387548897641679,4.387548897641679,4.387548897641679,4.387548897641679,4.387548897641679,4.387548897641679,4.387548897641679,4.387548897641679,4.387548897641679,4.387548897641679,4.387548897641679,4.387548897641679,4.387548897641679,4.387548897641679,4.387548897641679,4.387548897641679,4.387548897641679,4.387548897641679,4.387548897641679,4.387548897641679,4.387548897641679,4.387548897641679,4.387548897641679,4.387548897641679,4.387548897641679,4.387548897641679,4.387548897641679,4.387548897641679,3.9414684918683864,3.9414684918683864,3.9414684918683864,3.9414684918683864,3.9414684918683864,3.795592981233405,3.795592981233405,3.795592981233405,3.795592981233405,3.795592981233405,3.795592981233405,3.795592981233405,3.795592981233405,3.795592981233405,3.795592981233405,3.795592981233405,3.795592981233405,3.795592981233405,3.795592981233405,3.795592981233405,3.795592981233405,3.795592981233405,3.795592981233405,3.795592981233405,3.795592981233405,3.795592981233405,3.795592981233405,3.795592981233405,3.795592981233405,3.795592981233405,3.795592981233405,3.795592981233405,3.795592981233405,3.795592981233405,3.795592981233405,3.795592981233405,3.795592981233405,3.795592981233405,3.795592981233405,3.795592981233405,3.795592981233405,3.795592981233405,3.795592981233405,3.795592981233405,3.795592981233405,3.795592981233405,3.795592981233405,3.795592981233405,3.795592981233405,3.795592981233405,3.795592981233405,3.795592981233405,3.795592981233405,3.795592981233405,3.795592981233405,3.795592981233405,3.795592981233405,3.795592981233405,3.795592981233405,3.795592981233405,3.795592981233405,3.795592981233405,3.795592981233405,3.795592981233405,3.795592981233405,3.795592981233405,3.795592981233405,3.795592981233405,3.795592981233405,3.795592981233405,3.795592981233405,3.795592981233405,3.795592981233405,3.795592981233405,3.795592981233405,3.795592981233405,3.795592981233405,3.795592981233405,3.795592981233405,3.795592981233405,3.795592981233405,3.795592981233405,3.795592981233405,3.795592981233405,3.795592981233405,3.795592981233405,3.795592981233405,3.795592981233405,3.795592981233405,3.795592981233405,3.795592981233405,3.795592981233405,3.795592981233405,3.795592981233405,3.795592981233405,3.795592981233405,3.795592981233405,3.795592981233405,3.795592981233405,3.795592981233405,3.795592981233405,3.795592981233405,3.795592981233405,3.795592981233405,3.795592981233405,3.795592981233405,3.795592981233405,3.795592981233405,3.795592981233405,3.795592981233405,3.795592981233405,3.795592981233405,3.795592981233405,3.795592981233405,3.795592981233405,3.795592981233405,3.795592981233405,3.795592981233405,3.795592981233405,3.795592981233405,3.795592981233405,3.795592981233405,3.795592981233405,3.795592981233405,3.795592981233405,3.795592981233405,3.795592981233405,3.795592981233405,3.795592981233405,3.795592981233405,3.795592981233405,3.795592981233405,3.795592981233405,3.795592981233405,3.795592981233405,3.795592981233405,3.795592981233405,3.795592981233405,3.795592981233405,3.795592981233405,3.795592981233405,3.795592981233405,3.795592981233405,3.795592981233405,3.795592981233405,3.795592981233405,3.795592981233405,3.795592981233405,3.795592981233405,3.795592981233405,3.795592981233405,3.795592981233405,3.795592981233405,3.795592981233405,3.795592981233405,3.795592981233405,3.795592981233405,3.795592981233405,3.795592981233405,3.795592981233405,3.795592981233405,3.795592981233405,3.795592981233405,3.795592981233405,3.795592981233405,3.795592981233405,3.795592981233405,3.795592981233405,3.795592981233405,3.795592981233405,3.795592981233405,3.795592981233405,3.795592981233405,3.795592981233405,3.795592981233405,3.795592981233405,3.795592981233405,3.795592981233405,3.795592981233405,3.795592981233405,3.795592981233405,3.795592981233405,3.795592981233405,3.795592981233405,3.795592981233405,3.795592981233405,3.795592981233405,3.795592981233405,3.795592981233405,3.795592981233405,3.795592981233405,3.795592981233405,3.795592981233405,3.795592981233405,3.795592981233405,3.795592981233405,3.795592981233405,3.795592981233405,3.795592981233405,3.795592981233405,3.795592981233405,3.795592981233405,3.795592981233405,3.795592981233405,3.795592981233405,3.795592981233405,3.795592981233405,3.795592981233405,3.795592981233405,3.795592981233405,3.795592981233405,3.795592981233405,3.795592981233405,3.795592981233405,3.795592981233405,3.795592981233405,3.795592981233405,3.795592981233405,3.795592981233405,3.795592981233405,3.795592981233405,3.795592981233405,3.795592981233405,3.795592981233405,3.795592981233405,3.795592981233405,3.795592981233405,3.795592981233405,3.795592981233405,3.795592981233405,3.795592981233405,3.795592981233405,3.795592981233405,3.795592981233405,3.795592981233405,3.795592981233405,3.795592981233405,3.795592981233405,3.795592981233405,3.795592981233405,3.795592981233405,3.795592981233405,3.795592981233405,3.795592981233405,3.795592981233405,3.795592981233405,3.795592981233405,3.795592981233405,3.795592981233405,3.795592981233405,3.795592981233405,3.795592981233405,3.795592981233405,3.795592981233405,3.795592981233405,3.795592981233405,3.795592981233405,3.795592981233405,3.795592981233405,3.795592981233405,3.795592981233405,3.795592981233405,3.795592981233405,3.795592981233405,3.795592981233405,3.795592981233405,3.795592981233405,3.795592981233405,3.795592981233405,3.795592981233405,3.795592981233405,3.795592981233405,3.795592981233405,3.795592981233405,3.795592981233405,3.795592981233405,3.795592981233405,3.795592981233405,3.795592981233405,3.795592981233405,3.795592981233405,3.795592981233405,3.795592981233405,3.795592981233405,3.795592981233405,3.795592981233405,3.795592981233405,3.795592981233405,3.795592981233405,3.795592981233405,3.795592981233405,3.795592981233405,3.795592981233405,3.795592981233405,3.795592981233405,3.795592981233405,3.795592981233405,3.795592981233405,3.795592981233405,3.795592981233405,3.795592981233405,3.795592981233405,3.795592981233405,3.795592981233405,3.724109047630874,3.6937054794963884,3.6937054794963884,3.6937054794963884,3.6937054794963884,3.6937054794963884,3.6937054794963884,3.6937054794963884,3.6937054794963884,3.6937054794963884,3.6937054794963884,3.6937054794963884,3.6937054794963884,3.6937054794963884,3.6937054794963884,3.6937054794963884,3.6937054794963884,3.6937054794963884,3.6937054794963884,3.6937054794963884,3.6937054794963884,3.6937054794963884,3.6937054794963884,3.6937054794963884,3.6937054794963884,3.6937054794963884,3.6937054794963884,3.6937054794963884,3.6937054794963884,3.410479524909245,3.410479524909245,3.410479524909245,3.410479524909245,3.410479524909245,3.410479524909245,3.410479524909245,3.410479524909245,3.410479524909245,3.410479524909245,3.410479524909245,3.410479524909245,3.410479524909245,3.410479524909245,3.410479524909245,3.410479524909245,3.410479524909245,3.410479524909245,3.410479524909245,3.410479524909245,3.410479524909245,3.410479524909245,3.410479524909245,3.410479524909245,3.410479524909245,3.410479524909245,3.410479524909245,3.410479524909245,3.410479524909245,3.410479524909245,3.410479524909245,3.410479524909245,3.410479524909245,3.410479524909245,3.410479524909245,3.410479524909245,3.410479524909245,3.410479524909245,3.410479524909245,3.410479524909245,3.410479524909245,3.410479524909245,3.410479524909245,3.410479524909245,3.410479524909245,3.410479524909245,3.410479524909245,3.410479524909245,3.410479524909245,3.410479524909245,3.410479524909245,3.410479524909245,3.410479524909245,3.410479524909245,3.410479524909245,3.410479524909245,3.410479524909245,3.410479524909245,3.410479524909245,3.410479524909245,3.410479524909245,3.410479524909245,3.410479524909245,3.410479524909245,3.410479524909245,3.410479524909245,3.410479524909245,3.410479524909245,3.410479524909245,3.410479524909245,3.410479524909245,3.410479524909245,3.410479524909245,3.410479524909245,3.410479524909245,3.410479524909245,3.410479524909245,3.410479524909245,3.410479524909245,3.410479524909245,3.410479524909245,3.410479524909245,3.410479524909245,3.410479524909245,3.410479524909245,3.410479524909245,3.410479524909245,3.410479524909245,3.410479524909245,3.410479524909245,3.410479524909245,3.410479524909245,3.410479524909245,3.410479524909245,3.410479524909245,3.410479524909245,3.410479524909245,3.410479524909245,3.410479524909245,3.410479524909245,3.410479524909245,3.410479524909245,3.410479524909245,3.410479524909245,3.410479524909245,3.410479524909245,2.8042392350580903,2.8042392350580903,2.8042392350580903,2.8042392350580903,2.8042392350580903,2.8042392350580903,2.8042392350580903,2.8042392350580903,2.8042392350580903,2.8042392350580903,2.8042392350580903,2.8042392350580903,2.8042392350580903,2.8042392350580903,2.8042392350580903,2.8042392350580903,2.8042392350580903,2.8042392350580903,2.8042392350580903,2.8042392350580903,2.8042392350580903,2.8042392350580903,2.8042392350580903,2.8042392350580903,2.8042392350580903,2.8042392350580903,2.8042392350580903,2.8042392350580903,2.8042392350580903,2.8042392350580903,2.8042392350580903,2.8042392350580903,2.8042392350580903,2.8042392350580903,2.8042392350580903,2.8042392350580903,2.8042392350580903,2.8042392350580903,2.8042392350580903,2.8042392350580903,2.8042392350580903,2.8042392350580903,2.8042392350580903,2.8042392350580903,2.8042392350580903,2.8042392350580903,2.8042392350580903,2.8042392350580903,2.8042392350580903,2.8042392350580903,2.8042392350580903,2.8042392350580903,2.8042392350580903,2.8042392350580903,2.8042392350580903,2.8042392350580903,2.8042392350580903,2.8042392350580903,2.8042392350580903,2.8042392350580903,2.8042392350580903,2.8042392350580903,2.8042392350580903,2.8042392350580903,2.8042392350580903,2.8042392350580903,2.8042392350580903,2.8042392350580903,2.8042392350580903,2.8042392350580903,2.8042392350580903,2.8042392350580903,2.8042392350580903,2.8042392350580903,2.8042392350580903,2.8042392350580903,2.8042392350580903,2.8042392350580903,2.8042392350580903,2.8042392350580903,2.8042392350580903,2.8042392350580903,2.8042392350580903,2.80423923505809,2.80423923505809,2.80423923505809,2.80423923505809,2.80423923505809,2.80423923505809,2.80423923505809,2.80423923505809,2.80423923505809,2.80423923505809,2.80423923505809,2.80423923505809,2.80423923505809,2.80423923505809,2.80423923505809,2.80423923505809,2.80423923505809,2.80423923505809,2.80423923505809,2.80423923505809,2.80423923505809,2.80423923505809,2.80423923505809,2.80423923505809,2.80423923505809,2.80423923505809,2.80423923505809,2.80423923505809,2.80423923505809,2.80423923505809,2.80423923505809,2.80423923505809,2.80423923505809,2.80423923505809,2.80423923505809,2.80423923505809,2.80423923505809,2.80423923505809,2.80423923505809,2.80423923505809,2.80423923505809,2.80423923505809,2.80423923505809,2.80423923505809,2.80423923505809,2.80423923505809,2.80423923505809,2.80423923505809,2.80423923505809,2.80423923505809,2.80423923505809,2.80423923505809,2.80423923505809,2.80423923505809,2.80423923505809,2.80423923505809,2.80423923505809,2.80423923505809,2.80423923505809,2.80423923505809,2.80423923505809,2.80423923505809,2.80423923505809,2.80423923505809,2.80423923505809,2.80423923505809,2.80423923505809,2.80423923505809,2.80423923505809,2.80423923505809,2.80423923505809,2.80423923505809,2.80423923505809,2.80423923505809,2.80423923505809,2.80423923505809,2.80423923505809,2.80423923505809,2.80423923505809,2.80423923505809,2.80423923505809,2.80423923505809,2.80423923505809,2.80423923505809,2.80423923505809,2.80423923505809,2.80423923505809,2.80423923505809,2.80423923505809,2.80423923505809,2.80423923505809,2.80423923505809,2.80423923505809,2.80423923505809,2.80423923505809,2.80423923505809,2.80423923505809,2.80423923505809,2.80423923505809,2.80423923505809,2.80423923505809,2.80423923505809,2.80423923505809,2.80423923505809,2.80423923505809,2.80423923505809,2.80423923505809,2.80423923505809,2.80423923505809,2.80423923505809,2.80423923505809,2.80423923505809,2.80423923505809,2.80423923505809,2.80423923505809,2.80423923505809,2.80423923505809,2.80423923505809,2.80423923505809,2.80423923505809,2.80423923505809,2.80423923505809,2.80423923505809,2.80423923505809,2.80423923505809,2.80423923505809,2.80423923505809,2.80423923505809,2.80423923505809,2.80423923505809,2.80423923505809,2.80423923505809,2.80423923505809,2.80423923505809,2.80423923505809,2.80423923505809,2.80423923505809,2.80423923505809,2.80423923505809,2.80423923505809,2.80423923505809,2.80423923505809,2.80423923505809,2.80423923505809,2.80423923505809,2.80423923505809,2.80423923505809,2.80423923505809,2.80423923505809,2.80423923505809,2.80423923505809,2.80423923505809,2.80423923505809,2.80423923505809,2.80423923505809,2.80423923505809,2.80423923505809,2.80423923505809,2.80423923505809,2.80423923505809,2.80423923505809,2.80423923505809,2.80423923505809,2.80423923505809,2.80423923505809,2.80423923505809,2.80423923505809,2.80423923505809,2.80423923505809,2.80423923505809,2.80423923505809,2.80423923505809,2.80423923505809,2.80423923505809,2.80423923505809,2.80423923505809,2.80423923505809,2.80423923505809,2.80423923505809,2.80423923505809,2.80423923505809,2.80423923505809,2.80423923505809,2.80423923505809,2.80423923505809,2.80423923505809,2.80423923505809,2.80423923505809,2.80423923505809,2.80423923505809,2.80423923505809,2.80423923505809,2.80423923505809,2.80423923505809,2.80423923505809,2.80423923505809,2.80423923505809,2.80423923505809,2.80423923505809,2.80423923505809,2.80423923505809,2.80423923505809,2.80423923505809,2.80423923505809,2.80423923505809,2.80423923505809,2.80423923505809,2.80423923505809,2.80423923505809,2.80423923505809,2.80423923505809,2.80423923505809,2.80423923505809,2.80423923505809,2.80423923505809,2.80423923505809,2.80423923505809,8.423908211194,8.423908211194,8.423908211194,8.423908211194,8.352070101825266,8.352070101825266,7.744048143802233,7.744048143802233,7.744048143802233,7.744048143802233,7.744048143802233,7.744048143802233,7.744048143802233,7.744048143802233,7.744048143802233,7.744048143802233,7.744048143802233,7.744048143802233,7.744048143802233,7.744048143802233,7.744048143802233,7.744048143802233,7.744048143802233,7.744048143802233,7.744048143802233,7.744048143802233,7.744048143802233,7.744048143802233,7.744048143802233,7.744048143802233,7.744048143802233,7.744048143802233,7.744048143802233,7.744048143802233,7.744048143802233,7.744048143802233,7.744048143802233,7.744048143802233,7.744048143802233,7.744048143802233,7.744048143802233,7.744048143802233,7.744048143802233,7.744048143802233,7.744048143802233,7.744048143802233,7.744048143802233,7.744048143802233,7.744048143802233,7.744048143802233,7.744048143802233,7.744048143802233,7.744048143802233,7.744048143802233,7.744048143802233,7.744048143802233,7.744048143802233,7.744048143802233,7.744048143802233,7.744048143802233,7.744048143802233,7.744048143802233,7.744048143802233,7.744048143802233,7.744048143802233,7.744048143802233,7.744048143802233,7.744048143802233,7.744048143802233,7.744048143802233,7.744048143802233,7.744048143802233,7.744048143802233,7.744048143802233,7.744048143802233,7.744048143802233,7.744048143802233,7.744048143802233,7.744048143802233,7.744048143802233,7.744048143802233,7.744048143802233,7.744048143802233,7.744048143802233,7.744048143802233,7.744048143802233,7.744048143802233,7.744048143802233,7.744048143802233,7.744048143802233,7.744048143802233,7.744048143802233,7.744048143802233,7.744048143802233,7.744048143802233,7.744048143802233,7.744048143802233,7.744048143802233,7.744048143802233,7.744048143802233,7.744048143802233,7.744048143802233,7.744048143802233,7.744048143802233,7.744048143802233,7.744048143802233,7.744048143802233,7.744048143802233,7.744048143802233,7.744048143802233,7.744048143802233,7.744048143802233,7.744048143802233,7.744048143802233,7.744048143802233,7.744048143802233,7.744048143802233,7.744048143802233,7.744048143802233,7.744048143802233,7.744048143802233,7.744048143802233,7.744048143802233,7.744048143802233,7.744048143802233,7.744048143802233,7.744048143802233,7.744048143802233,7.744048143802233,7.744048143802233,7.744048143802233,7.744048143802233,7.744048143802233,7.744048143802233,7.744048143802233,7.744048143802233,7.744048143802233,7.744048143802233,7.744048143802233,7.744048143802233,7.567280150164229,7.567280150164229,7.567280150164229,7.567280150164229,7.567280150164229,7.567280150164229,7.567280150164229,7.567280150164229,7.567280150164229,7.567280150164229,7.567280150164229,7.567280150164229,7.567280150164229,7.567280150164229,7.567280150164229,7.567280150164229,7.567280150164229,7.567280150164229,7.567280150164229,7.567280150164229,7.567280150164229,7.567280150164229,7.567280150164229,7.567280150164229,6.449777680657126,6.449777680657126,6.449777680657126,6.449777680657126,6.449777680657126,6.449777680657126,6.449777680657126,5.59355608258136,5.59355608258136,5.59355608258136,5.59355608258136,5.59355608258136,5.59355608258136,5.59355608258136,5.59355608258136,5.59355608258136,5.59355608258136,5.59355608258136,5.59355608258136,5.59355608258136,5.59355608258136,5.59355608258136,5.59355608258136,5.59355608258136,5.59355608258136,5.59355608258136,5.59355608258136,5.59355608258136,5.59355608258136,5.59355608258136,5.59355608258136,5.59355608258136,5.59355608258136,5.59355608258136,5.59355608258136,5.59355608258136,5.59355608258136,5.59355608258136,5.59355608258136,5.59355608258136,5.59355608258136,5.59355608258136,5.59355608258136,5.59355608258136,5.59355608258136,5.59355608258136,5.59355608258136,5.59355608258136,5.59355608258136,5.59355608258136,5.59355608258136,5.59355608258136,5.59355608258136,5.59355608258136,5.59355608258136,5.59355608258136,5.59355608258136,5.59355608258136,5.59355608258136,5.59355608258136,5.59355608258136,5.59355608258136,5.59355608258136,5.59355608258136,5.59355608258136,5.59355608258136,5.59355608258136,5.59355608258136,5.59355608258136,5.59355608258136,5.59355608258136,5.59355608258136,5.59355608258136,5.59355608258136,5.59355608258136,5.59355608258136,5.59355608258136,5.59355608258136,5.59355608258136,5.59355608258136,5.59355608258136,5.59355608258136,5.59355608258136,5.59355608258136,5.59355608258136,5.59355608258136,5.59355608258136,5.59355608258136,5.59355608258136,5.59355608258136,5.59355608258136,5.59355608258136,5.59355608258136,5.59355608258136,5.59355608258136,5.59355608258136,5.59355608258136,5.59355608258136,5.59355608258136,5.59355608258136,5.59355608258136,5.59355608258136,5.59355608258136,5.59355608258136,5.59355608258136,5.59355608258136,5.59355608258136,5.59355608258136,5.59355608258136,5.59355608258136,5.552766358845532,5.552766358845532,5.552766358845532,5.552766358845532,5.552766358845532,5.552766358845532,5.552766358845532,5.552766358845532,5.552766358845532,5.552766358845532,5.552766358845532,5.552766358845532,5.552766358845532,5.552766358845532,5.552766358845532,5.552766358845532,5.552766358845532,5.552766358845532,5.552766358845532,5.552766358845532,5.552766358845532,5.552766358845532,5.552766358845532,5.552766358845532,5.552766358845532,5.552766358845532,5.552766358845532,5.552766358845532,5.552766358845532,5.552766358845532,5.552766358845532,5.552766358845532,5.552766358845532,5.552766358845532,5.552766358845532,5.552766358845532,5.552766358845532,5.552766358845532,5.552766358845532,5.552766358845532,5.552766358845532,5.552766358845532,5.552766358845532,5.552766358845532,5.552766358845532,5.552766358845532,5.552766358845532,5.552766358845532,5.552766358845532,5.552766358845532,5.552766358845532,5.552766358845532,5.552766358845532,5.552766358845532,5.552766358845532,5.552766358845532,5.552766358845532,5.552766358845532,5.552766358845532,5.552766358845532,5.552766358845532,5.552766358845532,5.552766358845532,5.552766358845532,5.552766358845532,5.552766358845532,5.552766358845532,5.552766358845532,5.552766358845532,5.552766358845532,5.552766358845532,5.552766358845532,5.552766358845532,5.552766358845532,5.552766358845532,5.552766358845532,5.552766358845532,5.552766358845532,5.552766358845532,5.552766358845532,5.552766358845532,5.552766358845532,5.552766358845532,5.552766358845532,5.552766358845532,5.552766358845532,5.552766358845532,5.552766358845532,5.552766358845532,5.552766358845532,5.552766358845532,5.552766358845532,5.552766358845532,5.552766358845532,5.552766358845532,5.552766358845532,5.552766358845532,5.552766358845532,5.552766358845532,5.552766358845532,5.552766358845532,5.552766358845532,5.552766358845532,5.552766358845532,5.552766358845532,5.552766358845532,5.552766358845532,5.552766358845532,5.552766358845532,5.552766358845532,5.552766358845532,5.552766358845532,5.552766358845532,5.552766358845532,5.552766358845532,5.552766358845532,5.552766358845532,5.552766358845532,5.552766358845532,5.552766358845532,5.552766358845532,5.552766358845532,5.552766358845532,5.552766358845532,5.552766358845532,5.552766358845532,5.552766358845532,5.552766358845532,5.552766358845532,5.552766358845532,5.552766358845532,5.552766358845532,5.552766358845532,5.552766358845532,5.552766358845532,5.552766358845532,5.552766358845532,5.552766358845532,5.552766358845532,5.552766358845532,5.552766358845532,5.552766358845532,5.552766358845532,5.552766358845532,5.552766358845532,5.552766358845532,5.552766358845532,5.552766358845532,5.552766358845532,5.552766358845532,5.552766358845532,5.552766358845532,5.552766358845532,5.552766358845532,5.552766358845532,5.552766358845532,5.552766358845532,5.552766358845532,5.552766358845532,5.552766358845532,5.552766358845532,5.552766358845532,5.552766358845532,5.552766358845532,5.552766358845532,5.552766358845532,5.552766358845532,5.552766358845532,5.552766358845532,5.552766358845532,5.552766358845532,5.552766358845532,5.552766358845532,5.552766358845532,5.552766358845532,5.552766358845532,5.552766358845532,5.552766358845532,5.552766358845532,5.552766358845532,5.552766358845532,5.552766358845532,5.552766358845532,5.552766358845532,5.552766358845532,5.552766358845532,5.552766358845532,5.552766358845532,5.552766358845532,5.552766358845532,5.552766358845532,5.552766358845532,5.552766358845532,5.552766358845532,5.552766358845532,5.552766358845532,5.552766358845532,5.552766358845532,5.552766358845532,5.552766358845532,5.552766358845532,5.552766358845532,5.552766358845532,5.552766358845532,5.552766358845532,5.552766358845532,5.552766358845532,5.552766358845532,5.552766358845532,5.552766358845532,5.552766358845532,5.552766358845532,5.552766358845532,5.552766358845532,5.552766358845532,5.552766358845532,5.552766358845532,5.552766358845532,5.552766358845532,5.552766358845532,5.552766358845532,5.552766358845532,5.552766358845532,5.552766358845532,5.552766358845532,5.552766358845532,5.552766358845532,5.552766358845532,5.552766358845532,5.552766358845532,5.552766358845532,5.552766358845532,5.552766358845532,5.552766358845532,5.552766358845532,5.552766358845532,5.552766358845532,5.552766358845532,5.552766358845532,5.552766358845532,5.552766358845532,5.552766358845532,5.552766358845532,5.552766358845532,5.552766358845532,5.552766358845532,5.552766358845532,5.552766358845532,5.552766358845532,5.552766358845532,5.552766358845532,5.552766358845532,5.552766358845532,5.552766358845532,5.552766358845532,5.552766358845532,5.552766358845532,5.552766358845532,5.552766358845532,5.552766358845532,5.552766358845532,5.552766358845532,5.552766358845532,5.552766358845532,5.552766358845532,5.552766358845532,5.552766358845532,5.552766358845532,5.552766358845532,5.552766358845532,5.552766358845532,5.552766358845532,5.552766358845532,5.552766358845532,5.552766358845532,5.552766358845532,5.552766358845532,5.552766358845532,5.552766358845532,5.552766358845532,5.552766358845532,5.552766358845532,5.552766358845532,5.552766358845532,5.552766358845532,5.552766358845532,5.552766358845532,5.552766358845532,5.552766358845532,5.552766358845532,5.552766358845532,5.552766358845532,5.552766358845532,5.552766358845532,5.552766358845532,5.552766358845532,5.552766358845532,5.552766358845532,5.552766358845532,5.552766358845532,5.552766358845532,5.552766358845532,5.552766358845532,5.552766358845532,5.552766358845532,5.552766358845532,5.552766358845532,5.552766358845532,5.552766358845532,5.552766358845532,5.552766358845532,5.552766358845532,5.552766358845532,5.552766358845532,5.552766358845532,5.552766358845532,5.552766358845532,5.552766358845532,5.552766358845532,5.552766358845532,5.552766358845532,5.552766358845532,5.552766358845532,5.552766358845532,5.552766358845532,5.552766358845532,5.552766358845532,5.552766358845532,5.552766358845532,5.552766358845532,5.552766358845532,5.552766358845532,5.552766358845532,5.552766358845532,5.552766358845532,5.552766358845532,5.552766358845532,5.552766358845532,5.552766358845532,5.552766358845532,5.552766358845532,5.552766358845532,5.552766358845532,5.552766358845532,5.552766358845532,5.552766358845532,5.552766358845532,5.552766358845532,5.552766358845532,5.552766358845532,5.552766358845532,5.552766358845532,5.552766358845532,5.552766358845532,5.552766358845532,5.552766358845532,5.552766358845532,5.552766358845532,5.552766358845532,5.552766358845532,5.552766358845532,5.552766358845532,5.552766358845532,5.552766358845532,5.552766358845532,5.552766358845532,5.552766358845532,5.552766358845532,5.552766358845532,5.552766358845532,5.552766358845532,5.552766358845532,5.552766358845532,5.552766358845532,5.552766358845532,5.552766358845532,5.552766358845532,5.552766358845532,5.552766358845532,5.552766358845532,5.552766358845532,5.552766358845532,5.552766358845532,5.552766358845532,5.552766358845532,5.552766358845532,5.552766358845532,5.552766358845532,5.552766358845532,5.552766358845532,5.552766358845532,5.552766358845532,5.552766358845532,5.552766358845532,5.552766358845532,5.552766358845532,5.552766358845532,5.552766358845532,5.552766358845532,5.552766358845532,5.552766358845532,5.552766358845532,5.552766358845532,5.552766358845532,5.552766358845532,5.552766358845532,5.552766358845532,5.552766358845532,5.552766358845532,5.552766358845532,5.552766358845532,5.552766358845532,5.552766358845532,5.552766358845532,5.552766358845532,5.552766358845532,5.552766358845532,5.552766358845532,5.552766358845532,5.552766358845532,5.552766358845532,5.552766358845532,5.552766358845532,5.552766358845532,5.552766358845532,5.552766358845532,5.552766358845532,5.552766358845532,5.552766358845532,5.552766358845532,5.552766358845532,5.552766358845532,5.552766358845532,5.552766358845532,5.552766358845532,5.552766358845532,5.552766358845532,5.552766358845532,5.552766358845532,5.552766358845532,5.552766358845532,5.552766358845532,5.552766358845532,5.552766358845532,5.552766358845532,5.552766358845532,5.552766358845532,5.552766358845532,5.552766358845532,5.552766358845532,5.552766358845532,5.552766358845532,5.552766358845532,5.552766358845532,5.552766358845532,5.552766358845532,5.552766358845532,5.552766358845532,5.552766358845532,5.552766358845532,5.552766358845532,5.552766358845532,5.552766358845532,5.552766358845532,5.552766358845532,5.552766358845532,5.552766358845532,5.552766358845532,5.552766358845532,5.552766358845532,5.552766358845532,5.552766358845532,5.552766358845532,5.552766358845532,5.552766358845532,5.552766358845532,5.552766358845532,5.552766358845532,5.552766358845532,5.552766358845532,5.552766358845532,5.552766358845532,5.552766358845532,5.552766358845532,5.552766358845532,5.552766358845532,5.552766358845532,5.552766358845532,5.552766358845532,5.552766358845532,5.552766358845532,5.552766358845532,5.552766358845532,5.552766358845532,5.552766358845532,5.552766358845532,5.552766358845532,5.552766358845532,5.552766358845532,5.552766358845532,5.552766358845532,5.552766358845532,5.552766358845532,5.552766358845532,5.552766358845532,5.552766358845532,5.552766358845532,5.552766358845532,5.552766358845532,5.552766358845532,5.552766358845532,5.552766358845532,5.552766358845532,5.552766358845532,5.552766358845532,5.552766358845532,5.552766358845532,5.552766358845532,5.552766358845532,5.552766358845532,5.552766358845532,5.552766358845532,5.552766358845532,5.552766358845532,5.552766358845532,5.552766358845532,5.552766358845532,5.552766358845532,5.552766358845532,5.552766358845532,5.552766358845532,5.552766358845532,5.552766358845532,5.552766358845532,5.552766358845532,5.552766358845532,5.552766358845532,5.552766358845532,5.552766358845532,5.552766358845532,5.552766358845532,5.552766358845532,5.552766358845532,5.552766358845532,5.552766358845532,5.552766358845532,5.552766358845532,5.552766358845532,5.552766358845532,5.552766358845532,5.552766358845532,5.552766358845532,5.552766358845532,5.552766358845532,5.552766358845532,5.552766358845532,5.552766358845532,5.552766358845532,5.552766358845532,5.552766358845532,5.552766358845532,5.552766358845532,5.552766358845532,5.552766358845532,5.552766358845532,5.552766358845532,5.552766358845532,5.552766358845532,5.552766358845532,5.552766358845532,5.552766358845532,5.552766358845532,5.552766358845532,5.552766358845532,5.552766358845532,5.552766358845532,5.552766358845532,5.552766358845532,5.552766358845532,5.552766358845532,5.552766358845532,5.552766358845532,5.552766358845532,5.552766358845532,5.552766358845532,5.552766358845532,5.552766358845532,5.552766358845532,5.552766358845532,5.552766358845532,5.552766358845532,5.552766358845532,5.552766358845532,5.552766358845532,5.552766358845532,5.552766358845532,5.552766358845532,5.552766358845532,5.552766358845532,5.552766358845532,5.552766358845532,5.552766358845532,5.552766358845532,5.552766358845532,5.552766358845532,5.552766358845532,5.552766358845532,5.552766358845532,5.552766358845532,5.552766358845532,5.552766358845532,5.552766358845532,5.552766358845532,5.552766358845532,5.552766358845532,5.552766358845532,5.552766358845532,5.552766358845532,5.552766358845532,5.552766358845532,5.552766358845532,5.552766358845532,5.552766358845532,5.552766358845532,5.552766358845532,5.552766358845532,5.552766358845532,5.552766358845532,5.552766358845532,5.552766358845532,5.552766358845532,5.552766358845532,5.552766358845532,5.552766358845532,5.552766358845532,5.552766358845532,5.552766358845532,5.552766358845532,5.552766358845532,5.552766358845532,5.552766358845532,5.552766358845532,5.552766358845532,5.552766358845532,5.552766358845532,5.552766358845532,5.552766358845532,5.552766358845532,5.552766358845532,5.552766358845532,5.552766358845532,5.552766358845532,5.552766358845532,5.552766358845532,5.552766358845532,5.552766358845532,5.552766358845532,5.552766358845532,5.552766358845532,5.552766358845532,5.552766358845532,5.552766358845532,5.552766358845532,5.552766358845532,5.552766358845532,5.552766358845532,5.552766358845532,5.552766358845532,5.552766358845532,5.552766358845532,5.552766358845532,5.552766358845532,5.552766358845532,5.552766358845532,5.552766358845532,5.552766358845532,5.552766358845532,5.552766358845532,5.552766358845532,5.552766358845532,5.552766358845532,5.552766358845532,5.552766358845532,5.552766358845532,5.552766358845532,5.552766358845532,5.552766358845532,5.552766358845532,5.552766358845532,5.552766358845532,5.552766358845532,5.552766358845532,5.552766358845532,5.552766358845532,5.552766358845532,5.552766358845532,5.552766358845532,5.552766358845532,5.552766358845532,5.552766358845532,5.552766358845532,5.552766358845532,5.552766358845532,5.552766358845532,5.552766358845532,5.552766358845532,5.552766358845532,5.552766358845532,5.552766358845532,5.552766358845532,5.552766358845532,5.552766358845532,5.552766358845532,5.552766358845532,5.552766358845532,5.552766358845532,5.552766358845532,5.552766358845532,5.552766358845532,5.552766358845532,5.552766358845532,5.552766358845532,5.552766358845532,5.552766358845532,5.552766358845532,5.552766358845532,6.767885954244644,6.0088446218859435,6.0088446218859435,6.0088446218859435,6.0088446218859435,6.0088446218859435,6.0088446218859435,6.0088446218859435,6.0088446218859435,6.0088446218859435,6.0088446218859435,6.0088446218859435,6.0088446218859435,6.0088446218859435,6.0088446218859435,6.0088446218859435,6.0088446218859435,5.946525833817623,5.946525833817623,5.870826041964479,5.870826041964479,5.870826041964479,5.870826041964479,5.870826041964479,5.870826041964479,5.870826041964479,5.870826041964479,5.870826041964479,5.870826041964479,5.870826041964479,5.870826041964479,5.870826041964479,5.870826041964479,5.870826041964479,5.566127556831776,4.3792411811017455,4.3792411811017455,4.264504020338866,4.264504020338866,4.264504020338866,4.264504020338866,4.264504020338866,4.264504020338866,4.264504020338866,4.264504020338866,4.264504020338866,4.264504020338866,4.264504020338866,4.264504020338866,4.264504020338866,4.264504020338866,4.021996456206158,4.021996456206158,3.9998185505328947,3.9998185505328947,3.9998185505328947,3.9998185505328947,3.9998185505328947,3.9998185505328947,3.9998185505328947,3.9998185505328947,3.9998185505328947,3.9998185505328947,3.9998185505328947,3.9998185505328947,3.9998185505328947,3.9998185505328947,3.9998185505328947,3.9998185505328947,3.9998185505328947,3.9998185505328947,3.944395093506628,3.944395093506628,3.944395093506628,3.944395093506628,3.944395093506628,3.944395093506628,3.944395093506628,3.944395093506628,3.944395093506628,3.944395093506628,3.944395093506628,3.944395093506628,3.944395093506628,3.944395093506628,3.944395093506628,3.944395093506628,3.944395093506628,3.944395093506628,3.944395093506628,3.944395093506628,3.944395093506628,3.944395093506628,3.944395093506628,3.944395093506628,3.944395093506628,3.944395093506628,3.944395093506628,3.944395093506628,3.944395093506628,3.944395093506628,3.944395093506628,3.944395093506628,3.944395093506628,3.944395093506628,3.944395093506628,3.944395093506628,3.944395093506628,3.944395093506628,3.944395093506628,3.9095187784346015,3.9095187784346015,3.9095187784346015,3.9095187784346015,3.9095187784346015,3.9095187784346015,3.9095187784346015,3.9095187784346015,3.9095187784346015,3.9095187784346015,3.9095187784346015,3.9095187784346015,3.9095187784346015,3.9095187784346015,3.9095187784346015,3.9095187784346015,3.9095187784346015,3.9095187784346015,3.9095187784346015,3.9095187784346015,3.9095187784346015,3.9095187784346015,3.9095187784346015,3.9095187784346015,3.9095187784346015,3.9095187784346015,3.9095187784346015,3.9095187784346015,3.9095187784346015,3.9095187784346015,3.9095187784346015,3.9095187784346015,3.9095187784346015,3.9095187784346015,3.9095187784346015,3.9095187784346015,3.9095187784346015,3.9095187784346015,3.9095187784346015,3.9095187784346015,3.9095187784346015,3.9095187784346015,3.9095187784346015,3.8873408727613388,3.8873408727613388,3.8873408727613388,3.8873408727613388,3.8873408727613388,3.8873408727613388,3.8873408727613388,3.8873408727613388,3.8873408727613388,3.8873408727613388,3.8873408727613388,3.8873408727613388,3.8873408727613388,3.8873408727613388,3.8873408727613388,3.8873408727613388,3.8873408727613388,3.8873408727613388,3.8873408727613388,3.8873408727613388,3.8873408727613388,3.8873408727613388,3.8873408727613388,3.8873408727613388,3.8873408727613388,3.8873408727613388,3.8873408727613388,3.8873408727613388,3.8873408727613388,3.8873408727613388,3.8873408727613388,3.8873408727613388,3.8873408727613388,3.8873408727613388,3.8873408727613388,3.8873408727613388,3.8873408727613388,3.8873408727613388,3.8873408727613388,3.8873408727613388,3.8873408727613388,3.8873408727613388,3.8873408727613388,3.8873408727613388,3.8873408727613388,3.8873408727613388,3.8873408727613388,3.8873408727613388,3.8873408727613388,3.8873408727613388,3.8873408727613388,3.8873408727613388,3.8873408727613388,3.8873408727613388,3.8873408727613388,3.8873408727613388,3.8873408727613388,3.8873408727613388,3.8873408727613388,3.8873408727613388,3.8873408727613388,3.8873408727613388,3.8873408727613388,3.8873408727613388,3.8873408727613388,3.8873408727613388,3.8873408727613388,3.8873408727613388,3.8873408727613388,3.8873408727613388,3.8873408727613388,3.8873408727613388,3.8873408727613388,3.8873408727613388,3.8873408727613388,3.8873408727613388,3.8873408727613388,3.8873408727613388,3.8873408727613388,3.8873408727613388,3.8873408727613388,3.8873408727613388,3.8873408727613388,3.8873408727613388,3.8873408727613388,3.8873408727613388,3.8873408727613388,3.8873408727613388,3.8873408727613388,3.8873408727613388,3.8873408727613388,3.8873408727613388,3.8873408727613388,3.8873408727613388,3.8873408727613388,3.8873408727613388,3.8873408727613388,3.8873408727613388,3.8873408727613388,3.8873408727613388,3.8873408727613388,3.8873408727613388,3.8873408727613388,3.8873408727613388,3.8873408727613388,3.8873408727613388,3.8873408727613388,3.8873408727613388,3.8873408727613388,3.8873408727613388,3.8873408727613388,3.8873408727613388,3.8873408727613388,3.8873408727613388,3.8873408727613388,3.8873408727613388,3.8873408727613388,3.8873408727613388,3.8873408727613388,3.8873408727613388,3.8873408727613388,3.8873408727613388,3.8873408727613388,3.8873408727613388,3.8873408727613388,3.8873408727613388,3.8873408727613388,3.8873408727613388,3.8873408727613388,3.8873408727613388,3.8873408727613388,3.8873408727613388,3.8873408727613388,3.8873408727613388,3.8873408727613388,3.8873408727613388,3.8873408727613388,3.8873408727613388,3.8873408727613388,3.8873408727613388,3.8873408727613388,3.8873408727613388,3.8873408727613388,3.8873408727613388,3.8873408727613388,3.8873408727613388,3.8873408727613388,3.8873408727613388,3.8873408727613388,3.8873408727613388,3.8873408727613388,3.8873408727613388,3.8873408727613388,3.8873408727613388,3.8873408727613388,3.8873408727613388,3.8873408727613388,3.8873408727613388,3.8873408727613388,3.8873408727613388,3.8873408727613388,3.8873408727613388,3.8873408727613388,3.8873408727613388,3.8873408727613388,3.8873408727613388,3.8873408727613388,3.8873408727613388,3.8873408727613388,3.8873408727613388,3.8873408727613388,3.8873408727613388,3.8873408727613388,3.8873408727613388,3.8873408727613388,3.8873408727613388,3.8873408727613388,3.8873408727613388,3.8873408727613388,3.8873408727613388,3.8873408727613388,3.8873408727613388,3.8873408727613388,3.8873408727613388,3.8873408727613388,3.8873408727613388,3.8873408727613388,3.8873408727613388,3.8873408727613388,3.8873408727613388,3.8873408727613388,3.8873408727613388,3.8873408727613388,3.8873408727613388,3.8873408727613388,3.8873408727613388,3.8873408727613388,3.8873408727613388,3.8873408727613388,3.8873408727613388,3.8873408727613388,3.8873408727613388,3.8873408727613388,3.8873408727613388,3.8873408727613388,3.8873408727613388,3.8873408727613388,3.8873408727613388,3.8873408727613388,3.8873408727613388,3.8873408727613388,3.8873408727613388,3.8873408727613388,3.8873408727613388,3.8873408727613388,3.8873408727613388,3.8873408727613388,3.8873408727613388,3.8873408727613388,3.8873408727613388,3.8873408727613388,3.8873408727613388,3.8873408727613388,3.8873408727613388,3.8873408727613388,3.8873408727613388,3.8873408727613388,3.8873408727613388,3.8873408727613388,3.8873408727613388,3.8873408727613388,3.8873408727613388,3.8873408727613388,3.8873408727613388,3.8873408727613388,3.8873408727613388,3.8873408727613388,3.8873408727613388,3.8873408727613388,3.8873408727613388,3.8873408727613388,3.8873408727613388,3.8873408727613388,3.8873408727613388,3.8873408727613388,3.8873408727613388,3.8873408727613388,3.8873408727613388,3.8873408727613388,3.8873408727613388,3.8873408727613388,3.8873408727613388,3.8873408727613388,3.8873408727613388,3.8873408727613388,3.8873408727613388,3.8873408727613388,3.8873408727613388,3.8873408727613388,3.8873408727613388,3.8873408727613388,3.8873408727613388,3.8873408727613388,3.8873408727613388,3.8873408727613388,3.8873408727613388,3.8873408727613388,3.8873408727613388,3.8873408727613388,3.8873408727613388,3.8873408727613388,3.8873408727613388,3.8873408727613388,3.8873408727613388,3.8873408727613388,3.8873408727613388,3.8873408727613388,3.8873408727613388,3.8873408727613388,3.8873408727613388,3.8873408727613388,3.8873408727613388,3.8873408727613388,3.8873408727613388,3.8873408727613388,3.8873408727613388,3.8873408727613388,3.8873408727613388,3.8873408727613388,3.8873408727613388,3.8873408727613388,3.8873408727613388,3.8873408727613388,3.8873408727613388,3.8873408727613388,3.8873408727613388,3.8873408727613388,3.8873408727613388,3.8873408727613388,3.8873408727613388,3.8873408727613388,3.8873408727613388,3.8873408727613388,3.8873408727613388,3.8873408727613388,3.8873408727613388,3.8873408727613388,3.8873408727613388,3.8873408727613388,3.8873408727613388,3.8873408727613388,3.8873408727613388,3.8873408727613388,3.8873408727613388,3.8873408727613388,3.8873408727613388,3.8873408727613388,3.8873408727613388,3.8873408727613388,3.8873408727613388,3.8873408727613388,3.8873408727613388,3.8873408727613388,3.8873408727613388,3.8873408727613388,3.8873408727613388,3.8873408727613388,3.8873408727613388,3.8873408727613388,3.8873408727613388,3.8873408727613388,3.8873408727613388,3.8873408727613388,3.8873408727613388,3.8873408727613388,3.8873408727613388,3.8873408727613388,3.8873408727613388,3.8873408727613388,3.8873408727613388,3.8873408727613388,3.8873408727613388,3.8873408727613388,3.8873408727613388,3.8873408727613388,3.8873408727613388,3.8873408727613388,3.8873408727613388,3.8873408727613388,3.8873408727613388,3.8873408727613388,3.8873408727613388,3.8873408727613388,3.8873408727613388,3.8873408727613388,3.8873408727613388,3.8873408727613388,3.8873408727613388,3.8873408727613388,3.8873408727613388,3.8873408727613388,3.8873408727613388,3.8873408727613388,3.8873408727613388,3.8873408727613388,3.8873408727613388,3.8873408727613388,3.8873408727613388,3.8873408727613388,3.8873408727613388,3.8873408727613388,3.8873408727613388,3.8873408727613388,3.8873408727613388,3.8873408727613388,3.8873408727613388,3.8873408727613388,3.8873408727613388,3.8873408727613388,3.8873408727613388,3.8873408727613388,3.8873408727613388,3.8873408727613388,3.8873408727613388,3.8873408727613388,3.8873408727613388,3.8873408727613388,3.8873408727613388,3.8873408727613388,3.8873408727613388,3.8873408727613388,3.8873408727613388,3.8873408727613388,3.8873408727613388,3.8873408727613388,3.8873408727613388,3.8873408727613388,3.8873408727613388,3.8873408727613388,3.8873408727613388,3.8873408727613388,3.8873408727613388,3.8873408727613388,3.8873408727613388,3.8873408727613388,3.8873408727613388,3.8873408727613388,3.8873408727613388,3.8873408727613388,3.8873408727613388,3.8873408727613388,3.8873408727613388,3.8873408727613388,3.8873408727613388,3.8873408727613388,3.8873408727613388,3.8873408727613388,3.8873408727613388,3.8873408727613388,3.8873408727613388,3.8873408727613388,3.8873408727613388,3.8873408727613388,3.8873408727613388,3.8873408727613388,3.8873408727613388,3.8873408727613388,3.8873408727613388,3.8873408727613388,3.8873408727613388,3.8873408727613388,3.8873408727613388,3.8873408727613388,3.8873408727613388,3.8873408727613388,3.8873408727613388,3.8873408727613388,3.8873408727613388,3.8873408727613388,3.8873408727613388,3.8873408727613388,3.8873408727613388,3.8873408727613388,3.8873408727613388,3.8873408727613388,3.8873408727613388,3.8873408727613388,3.8873408727613388,3.8873408727613388,3.8873408727613388,3.8873408727613388,3.8873408727613388,3.8873408727613388,3.8873408727613388,3.8873408727613388,3.8873408727613388,3.8873408727613388,3.8873408727613388,3.8873408727613388,3.8873408727613388,3.8873408727613388,3.8873408727613388,3.8873408727613388,3.8873408727613388,3.8873408727613388,3.8873408727613388,3.8873408727613388,3.8873408727613388,3.8873408727613388,3.8873408727613388,3.8873408727613388,3.8873408727613388,3.8873408727613388,3.8873408727613388,3.8873408727613388,3.8873408727613388,3.8873408727613388,3.8873408727613388,3.8873408727613388,3.8873408727613388,3.8873408727613388,3.8873408727613388,3.8873408727613388,3.8873408727613388,3.8873408727613388,3.8873408727613388,3.8873408727613388,3.8873408727613388,3.8873408727613388,3.8873408727613388,3.8873408727613388,3.8873408727613388,3.8873408727613388,3.8873408727613388,3.8873408727613388,3.8873408727613388,3.8873408727613388,3.8873408727613388,3.8873408727613388,3.8873408727613388,3.8873408727613388,3.8873408727613388,3.8873408727613388,3.8873408727613388,3.8873408727613388,3.8873408727613388,3.8873408727613388,3.8873408727613388,3.8873408727613388,3.8873408727613388,3.8873408727613388,3.8873408727613388,3.8873408727613388,3.8873408727613388,3.8873408727613388,3.8873408727613388,3.8873408727613388,3.8873408727613388,3.8873408727613388,3.8873408727613388,3.8873408727613388,3.8873408727613388,3.8873408727613388,3.8873408727613388,3.8873408727613388,3.8873408727613388,3.8873408727613388,3.8873408727613388,3.8873408727613388,3.8873408727613388,3.8873408727613388,3.8873408727613388,3.8873408727613388,3.8873408727613388,3.8873408727613388,3.8873408727613388,3.8873408727613388,3.8873408727613388,3.8873408727613388,3.8873408727613388,3.8873408727613388,3.8873408727613388,3.8873408727613388,3.8873408727613388,3.8873408727613388,3.8873408727613388,3.8873408727613388,3.8873408727613388,3.8873408727613388,3.8873408727613388,3.8873408727613388,3.8873408727613388,3.8873408727613388,3.8873408727613388,3.8873408727613388,3.8873408727613388,3.8873408727613388,3.8873408727613388,3.8873408727613388,3.8873408727613388,3.8873408727613388,3.8873408727613388,3.8873408727613388,3.8873408727613388,3.8873408727613388,3.8873408727613388,3.8873408727613388,3.8873408727613388,3.8873408727613388,3.8873408727613388,3.8873408727613388,3.8873408727613388,3.8873408727613388,3.8873408727613388,3.8873408727613388,3.8873408727613388,3.8873408727613388,3.8873408727613388,3.8873408727613388,3.8873408727613388,3.8873408727613388,3.8873408727613388,3.8873408727613388,3.8873408727613388,3.8873408727613388,3.8873408727613388,3.8873408727613388,3.8873408727613388,3.8873408727613388,3.8873408727613388,3.8873408727613388,3.8873408727613388,3.8873408727613388,3.8873408727613388,3.8873408727613388,3.8873408727613388,3.8873408727613388,3.8873408727613388,3.8873408727613388,3.8873408727613388,3.8873408727613388,3.8873408727613388,3.8873408727613388,3.8873408727613388,3.8873408727613388,3.8873408727613388,3.8873408727613388,3.8873408727613388,3.8873408727613388,3.8873408727613388,3.8873408727613388,3.8873408727613388,3.8873408727613388,3.8873408727613388,3.8873408727613388,3.8873408727613388,3.8873408727613388,3.8873408727613388,3.8873408727613388,3.8873408727613388,3.8873408727613388,3.8873408727613388,3.8873408727613388,3.8873408727613388,3.8873408727613388,3.8873408727613388,3.8873408727613388,3.8873408727613388,3.8873408727613388,3.8873408727613388,3.8873408727613388,3.8873408727613388,3.8873408727613388,3.8873408727613388,3.8873408727613388,3.8873408727613388,3.8873408727613388,3.8873408727613388,3.8873408727613388,3.8873408727613388,3.8873408727613388,3.8873408727613388,3.8873408727613388,3.8873408727613388,3.8873408727613388,3.8873408727613388,3.8873408727613388,3.8873408727613388,3.8873408727613388,3.8873408727613388,3.8873408727613388,3.8873408727613388,3.8873408727613388,3.8873408727613388,3.8873408727613388,3.8873408727613388,3.8873408727613388,3.8873408727613388,3.8873408727613388,3.8873408727613388,3.8873408727613388,3.8873408727613388,3.8873408727613388,3.8873408727613388,3.8873408727613388,3.8873408727613388,3.8873408727613388,3.8873408727613388,3.8873408727613388,3.8873408727613388,3.8873408727613388,3.8873408727613388,3.8873408727613388,3.8873408727613388,3.8873408727613388,3.8873408727613388,3.8873408727613388,3.8873408727613388,3.8873408727613388,3.8873408727613388,3.8873408727613388,3.8873408727613388,3.8873408727613388,3.8873408727613388,3.8873408727613388,3.8873408727613388,3.8873408727613388,3.8873408727613388,3.8873408727613388,3.8873408727613388,3.8873408727613388,3.8873408727613388,3.8873408727613388,3.8873408727613388,3.8873408727613388,3.8873408727613388,3.8873408727613388,3.8873408727613388,3.8873408727613388,3.8873408727613388,3.8873408727613388,3.8873408727613388,3.8873408727613388,3.8873408727613388,3.8873408727613388,3.8873408727613388,3.8873408727613388,3.8873408727613388,3.8873408727613388,3.8873408727613388,3.8873408727613388,3.8873408727613388,3.8873408727613388,3.8873408727613388,3.8873408727613388,3.8873408727613388,3.8873408727613388,3.8873408727613388,3.8873408727613388,3.8873408727613388,3.8873408727613388,3.8873408727613388,3.8873408727613388,3.8873408727613388,3.8873408727613388,3.8873408727613388,3.8873408727613388,3.8873408727613388,3.8873408727613388,3.8873408727613388,3.8873408727613388,3.8873408727613388,3.8873408727613388,3.8873408727613388,3.8873408727613388,3.8873408727613388,3.8873408727613388,3.8873408727613388,3.8873408727613388,3.8873408727613388,3.8873408727613388,3.8873408727613388,3.8873408727613388,3.8873408727613388,3.8873408727613388,3.8873408727613388,3.8873408727613388,3.8873408727613388,3.8873408727613388,3.8873408727613388,3.8873408727613388,3.8873408727613388,3.8873408727613388,3.8873408727613388,3.8873408727613388,3.8873408727613388,3.8873408727613388,3.8873408727613388,3.8873408727613388,3.8873408727613388,3.8873408727613388,3.8873408727613388,3.8873408727613388,3.8873408727613388,3.8873408727613388,3.8873408727613388,3.8873408727613388,3.8873408727613388,3.8873408727613388,3.8873408727613388,3.8873408727613388,3.8873408727613388,3.8873408727613388,3.8873408727613388,3.8873408727613388,3.8873408727613388,3.8873408727613388,3.8873408727613388,3.8873408727613388,3.8873408727613388,3.8873408727613388,3.8873408727613388,3.8873408727613388,3.8873408727613388,3.8873408727613388,3.8873408727613388,3.8873408727613388,3.8873408727613388,3.8873408727613388,3.8873408727613388,3.8873408727613388,3.8873408727613388,3.8873408727613388,3.8873408727613388,3.8873408727613388,3.8873408727613388,3.8873408727613388,3.8873408727613388,3.8873408727613388,3.8873408727613388,3.8873408727613388,3.8873408727613388,3.8873408727613388,3.8873408727613388,3.8873408727613388,3.8873408727613388,3.8873408727613388,3.8873408727613388,3.8873408727613388,3.8873408727613388,3.8873408727613388,3.8873408727613388,3.8873408727613388,3.8873408727613388,3.8873408727613388,3.8873408727613388,3.8873408727613388,3.8873408727613388,3.8873408727613388,3.8873408727613388,3.8873408727613388,3.8873408727613388,3.8873408727613388,3.8873408727613388,3.8873408727613388,3.8873408727613388,3.8873408727613388,3.8873408727613388,3.8873408727613388,3.8873408727613388,3.8873408727613388,3.8873408727613388,3.8873408727613388,3.8873408727613388,3.8873408727613388,3.8873408727613388,3.8873408727613388,3.8873408727613388,3.8873408727613388,3.8873408727613388,3.8873408727613388,3.8873408727613388,3.8873408727613388,3.8873408727613388,3.8873408727613388,3.8873408727613388,3.8873408727613388,7.7843437081063325,7.008881693207095,7.008881693207095,7.008881693207095,7.008881693207095,7.008881693207095,7.008881693207095,7.008881693207095,7.008881693207095,7.008881693207095,7.008881693207095,7.008881693207095,7.008881693207095,7.008881693207095,7.008881693207095,7.008881693207095,7.008881693207095,7.008881693207095,7.008881693207095,7.008881693207095,7.008881693207095,7.008881693207095,7.008881693207095,7.008881693207095,7.008881693207095,7.008881693207095,7.008881693207095,7.008881693207095,7.008881693207095,7.008881693207095,7.008881693207095,7.008881693207095,7.008881693207095,7.008881693207095,7.008881693207095,7.008881693207095,7.008881693207095,7.008881693207095,7.008881693207095,7.008881693207095,7.008881693207095,7.008881693207095,7.008881693207095,7.008881693207095,7.008881693207095,7.008881693207095,7.008881693207095,7.008881693207095,7.008881693207095,7.008881693207095,6.960447337302483,6.960447337302483,6.960447337302483,6.960447337302483,6.960447337302483,6.960447337302483,6.960447337302483,6.960447337302483,6.960447337302483,6.960447337302483,6.960447337302483,6.960447337302483,6.960447337302483,6.960447337302483,6.960447337302483,6.960447337302483,6.960447337302483,6.960447337302483,6.960447337302483,6.960447337302483,6.960447337302483,6.960447337302483,6.960447337302483,6.960447337302483,6.960447337302483,6.960447337302483,6.960447337302483,6.960447337302483,6.960447337302483,6.960447337302483,6.960447337302483,6.960447337302483,6.960447337302483,6.960447337302483,6.960447337302483,6.960447337302483,6.960447337302483,6.960447337302483,6.960447337302483,6.960447337302483,6.960447337302483,6.960447337302483,6.960447337302483,6.960447337302483,6.960447337302483,6.960447337302483,6.960447337302483,6.960447337302483,6.960447337302483,6.960447337302483,6.960447337302483,6.960447337302483,6.960447337302483,6.960447337302483,6.960447337302483,6.960447337302483,6.960447337302483,6.960447337302483,6.960447337302483,6.960447337302483,6.960447337302483,6.960447337302483,6.960447337302483,6.960447337302483,6.960447337302483,6.960447337302483,6.960447337302483,6.960447337302483,6.960447337302483,6.960447337302483,6.960447337302483,6.960447337302483,6.960447337302483,6.960447337302483,6.960447337302483,6.960447337302483,6.960447337302483,6.960447337302483,6.960447337302483,6.960447337302483,6.960447337302483,6.960447337302483,6.960447337302483,6.960447337302483,6.960447337302483,6.960447337302483,6.960447337302483,6.960447337302483,6.960447337302483,6.960447337302483,6.960447337302483,6.960447337302483,6.960447337302483,6.960447337302483,6.960447337302483,6.960447337302483,6.960447337302483,6.960447337302483,6.960447337302483,6.960447337302483,6.960447337302483,6.960447337302483,6.960447337302483,6.960447337302483,6.960447337302483,6.960447337302483,6.835380596037703,6.835380596037703,6.835380596037703,6.835380596037703,6.835380596037703,6.835380596037703,6.595092150091533,6.434531772962093,6.434531772962093,6.434531772962093,6.434531772962093,6.434531772962093,6.434531772962093,6.434531772962093,6.210095566967436,6.210095566967436,6.161849232600058,6.161849232600058,6.161849232600058,6.161849232600058,6.161849232600058,6.161849232600058,6.161849232600058,6.161849232600058,6.161849232600058,6.161849232600058,6.161849232600058,6.161849232600058,6.161849232600058,6.161849232600058,6.161849232600058,6.161849232600058,6.161849232600058,6.161849232600058,6.161849232600058,6.161849232600058,6.161849232600058,6.161849232600058,6.161849232600058,6.161849232600058,6.161849232600058,6.161849232600058,6.161849232600058,6.161849232600058,6.161849232600058,6.161849232600058,6.161849232600058,6.161849232600058,6.161849232600058,6.161849232600058,6.161849232600058,6.161849232600058,6.161849232600058,6.161849232600058,6.161849232600058,6.161849232600058,6.161849232600058,6.161849232600058,6.161849232600058,6.161849232600058,6.161849232600058,6.161849232600058,6.161849232600058,6.161849232600058,6.161849232600058,6.161849232600058,6.161849232600058,6.161849232600058,6.161849232600058,6.161849232600058,6.161849232600058,6.161849232600058,6.161849232600058,6.161849232600058,6.161849232600058,6.161849232600058,6.161849232600058,6.161849232600058,6.161849232600058,6.161849232600058,6.161849232600058,6.161849232600058,6.161849232600058,6.161849232600058,6.161849232600058,6.161849232600058,6.107964059366583,6.107964059366583,6.107964059366583,6.107964059366583,6.107964059366583,6.107964059366583,6.107964059366583,6.107964059366583,6.107964059366583,6.107964059366583,6.107964059366583,6.107964059366583,6.107964059366583,6.107964059366583,6.074168904974776,6.074168904974776,6.074168904974776,6.074168904974776,6.074168904974776,6.074168904974776,6.074168904974776,6.074168904974776,6.074168904974776,6.0193427052462525,6.0193427052462525,6.0193427052462525,6.0193427052462525,6.0193427052462525,6.0193427052462525,6.0193427052462525,5.898582948816896,5.898582948816896,5.898582948816896,5.898582948816896,5.898582948816896,5.898582948816896,5.898582948816896,5.898582948816896,5.898582948816896,5.898582948816896,5.898582948816896,5.898582948816896,5.898582948816896,5.898582948816896,5.898582948816896,5.898582948816896,5.898582948816896,5.898582948816896,5.898582948816896,5.898582948816896,5.898582948816896,5.844848103048822,5.844848103048822,5.844848103048822,5.844848103048822,5.844848103048822,5.844848103048822,5.844848103048822,5.844848103048822,5.844848103048822,5.844848103048822,5.844848103048822,5.844848103048822,5.844848103048822,5.844848103048822,5.844848103048822,5.844848103048822,5.844848103048822,5.844848103048822,5.844848103048822,5.844848103048822,5.844848103048822,5.844848103048822,5.844848103048822,5.844848103048822,5.844848103048822,5.844848103048822,5.844848103048822,5.844848103048822,5.844848103048822,5.844848103048822,5.844848103048822,5.844848103048822,5.844848103048822,5.844848103048822,5.844848103048822,5.844848103048822,5.844848103048822,5.844848103048822,5.844848103048822,5.844848103048822,5.844848103048822,5.844848103048822,5.844848103048822,5.844848103048822,5.844848103048822,5.844848103048822,5.844848103048822,5.844848103048822,5.844848103048822,5.844848103048822,5.844848103048822,5.844848103048822,5.844848103048822,5.844848103048822,5.844848103048822,5.844848103048822,5.844848103048822,5.844848103048822,5.844848103048822,5.844848103048822,5.844848103048822,5.844848103048822,5.844848103048822,5.844848103048822,5.844848103048822,5.844848103048822,5.844848103048822,5.844848103048822,5.844848103048822,5.844848103048822,5.844848103048822,5.844848103048822,5.844848103048822,5.844848103048822,5.844848103048822,5.844848103048822,5.844848103048822,5.844848103048822,5.844848103048822,5.844848103048822,5.844848103048822,5.844848103048822,5.844848103048822,5.844848103048822,5.844848103048822,5.844848103048822,5.844848103048822,5.844848103048822,5.844848103048822,5.844848103048822,5.844848103048822,5.844848103048822,5.844848103048822,5.844848103048822,5.844848103048822,5.844848103048822,5.844848103048822,5.844848103048822,5.844848103048822,5.844848103048822,5.844848103048822,5.844848103048822,5.844848103048822,5.844848103048822,5.844848103048822,5.844848103048822,5.844848103048822,5.844848103048822,5.844848103048822,5.844848103048822,5.844848103048822,5.844848103048822,5.844848103048822,5.844848103048822,5.844848103048822,5.844848103048822,5.844848103048822,5.844848103048822,5.844848103048822,5.844848103048822,5.844848103048822,5.844848103048822,5.844848103048822,5.844848103048822,5.844848103048822,5.844848103048822,5.844848103048822,5.844848103048822,5.844848103048822,5.844848103048822,5.844848103048822,5.844848103048822,5.844848103048822,5.844848103048822,5.844848103048822,5.844848103048822,5.844848103048822,5.844848103048822,5.844848103048822,5.844848103048822,5.844848103048822,5.844848103048822,5.844848103048822,5.844848103048822,5.844848103048822,5.844848103048822,5.844848103048822,5.844848103048822,5.844848103048822,5.844848103048822,5.844848103048822,5.844848103048822,5.844848103048822,5.844848103048822,5.844848103048822,5.844848103048822,5.844848103048822,5.844848103048822,5.844848103048822,5.844848103048822,5.844848103048822,5.844848103048822,5.844848103048822,5.844848103048822,5.844848103048822,5.844848103048822,5.844848103048822,5.844848103048822,5.844848103048822,5.844848103048822,5.844848103048822,5.844848103048822,5.844848103048822,5.844848103048822,5.844848103048822,5.844848103048822,5.844848103048822,5.844848103048822,5.844848103048822,5.844848103048822,5.844848103048822,5.844848103048822,5.844848103048822,5.844848103048822,5.844848103048822,5.844848103048822,5.844848103048822,5.844848103048822,5.844848103048822,5.844848103048822,5.844848103048822,5.844848103048822,5.844848103048822,5.844848103048822,5.844848103048822,5.844848103048822,5.844848103048822,5.844848103048822,5.844848103048822,5.844848103048822,5.844848103048822,5.844848103048822,5.844848103048822,5.844848103048822,5.844848103048822,5.844848103048822,5.844848103048822,5.844848103048822,5.844848103048822,5.844848103048822,5.844848103048822,5.844848103048822,5.844848103048822,5.844848103048822,5.844848103048822,5.844848103048822,5.844848103048822,5.844848103048822,5.844848103048822,5.844848103048822,5.844848103048822,5.844848103048822,5.844848103048822,5.844848103048822,5.844848103048822,5.844848103048822,5.844848103048822,5.844848103048822,5.844848103048822,5.844848103048822,5.844848103048822,5.844848103048822,5.844848103048822,5.844848103048822,5.844848103048822,5.844848103048822,5.844848103048822,5.844848103048822,5.844848103048822,5.844848103048822,5.844848103048822,5.844848103048822,5.844848103048822,5.844848103048822,5.844848103048822,5.844848103048822,5.844848103048822,5.844848103048822,5.844848103048822,5.844848103048822,5.844848103048822,5.844848103048822,5.844848103048822,5.844848103048822,5.844848103048822,5.844848103048822,5.844848103048822,5.844848103048822,5.844848103048822,5.844848103048822,5.844848103048822,5.844848103048822,5.844848103048822,5.844848103048822,5.844848103048822,5.844848103048822,5.844848103048822,5.844848103048822,5.844848103048822,5.844848103048822,5.844848103048822,5.844848103048822,5.844848103048822,5.844848103048822,5.844848103048822,5.844848103048822,5.844848103048822,5.844848103048822,5.844848103048822,5.844848103048822,5.844848103048822,5.844848103048822,5.844848103048822,5.844848103048822,5.844848103048822,5.844848103048822,5.844848103048822,5.844848103048822,5.844848103048822,5.844848103048822,5.844848103048822,5.844848103048822,5.844848103048822,5.844848103048822,5.844848103048822,5.844848103048822,5.844848103048822,5.844848103048822,5.844848103048822,5.844848103048822,5.844848103048822,5.844848103048822,5.844848103048822,5.844848103048822,5.844848103048822,5.844848103048822,5.844848103048822,5.844848103048822,5.844848103048822,5.844848103048822,5.844848103048822,5.844848103048822,5.844848103048822,5.844848103048822,5.844848103048822,5.844848103048822,5.844848103048822,5.844848103048822,5.844848103048822,5.844848103048822,5.844848103048822,5.844848103048822,5.844848103048822,5.844848103048822,5.844848103048822,5.844848103048822,5.844848103048822,5.844848103048822,5.844848103048822,5.844848103048822,5.844848103048822,5.844848103048822,5.844848103048822,5.844848103048822,5.844848103048822,5.844848103048822,5.844848103048822,5.844848103048822,5.344653831056947,5.344653831056947,5.344653831056947,5.344653831056947,5.344653831056947,5.344653831056947,5.344653831056947,5.344653831056947,5.344653831056947,5.344653831056947,5.344653831056947,5.344653831056947,5.344653831056947,5.344653831056947,5.344653831056947,5.344653831056947,5.344653831056947,5.344653831056947,5.344653831056947,5.344653831056947,5.344653831056947,5.344653831056947,5.344653831056947,5.344653831056947,5.344653831056947,5.344653831056947,5.344653831056947,5.344653831056947,5.344653831056947,5.344653831056947,5.344653831056947,5.344653831056947,5.344653831056947,5.344653831056947,5.344653831056947,5.291897234737955,5.291897234737955,5.291897234737955,5.291897234737955,5.291897234737955,5.291897234737955,5.291897234737955,5.291897234737955,5.291897234737955,5.291897234737955,5.291897234737955,5.291897234737955,5.291897234737955,5.291897234737955,5.291897234737955,5.291897234737955,5.291897234737955,5.291897234737955,5.291897234737955,5.291897234737955,5.291897234737955,5.291897234737955,5.291897234737955,5.291897234737955,5.291897234737955,5.291897234737955,5.291897234737955,5.291897234737955,5.291897234737955,5.291897234737955,5.291897234737955,5.291897234737955,5.291897234737955,5.291897234737955,5.291897234737955,5.291897234737955,5.291897234737955,5.291897234737955,5.291897234737955,5.291897234737955,5.291897234737955,5.291897234737955,5.291897234737955,5.291897234737955,5.291897234737955,5.291897234737955,5.291897234737955,5.291897234737955,5.291897234737955,5.291897234737955,5.291897234737955,5.291897234737955,5.291897234737955,5.291897234737955,5.291897234737955,5.291897234737955,5.291897234737955,5.291897234737955,5.291897234737955,5.291897234737955,5.291897234737955,5.291897234737955,5.291897234737955,5.291897234737955,5.291897234737955,5.291897234737955,5.291897234737955,5.291897234737955,5.291897234737955,5.291897234737955,5.291897234737955,5.291897234737955,5.291897234737955,5.291897234737955,5.291897234737955,5.291897234737955,5.291897234737955,5.291897234737955,5.291897234737955,5.291897234737955,5.291897234737955,5.291897234737955,5.291897234737955,5.291897234737955,5.291897234737955,5.291897234737955,5.291897234737955,5.291897234737955,5.291897234737955,5.291897234737955,5.291897234737955,5.291897234737955,5.291897234737955,5.291897234737955,5.291897234737955,5.291897234737955,5.24981338675809,5.24981338675809,5.24981338675809,5.24981338675809,5.24981338675809,5.24981338675809,5.24981338675809,5.24981338675809,5.24981338675809,5.24981338675809,5.24981338675809,5.24981338675809,5.24981338675809,5.24981338675809,5.24981338675809,5.24981338675809,5.24981338675809,5.24981338675809,5.24981338675809,5.24981338675809,5.24981338675809,5.24981338675809,5.24981338675809,5.24981338675809,5.24981338675809,5.24981338675809,5.24981338675809,5.24981338675809,5.24981338675809,5.24981338675809,5.24981338675809,5.24981338675809,5.24981338675809,5.24981338675809,5.24981338675809,5.24981338675809,5.24981338675809,5.24981338675809,5.24981338675809,5.24981338675809,5.24981338675809,5.24981338675809,5.24981338675809,5.24981338675809,5.24981338675809,5.24981338675809,5.24981338675809,5.24981338675809,5.24981338675809,5.24981338675809,5.24981338675809,5.24981338675809,5.24981338675809,5.24981338675809,5.24981338675809,5.24981338675809,5.24981338675809,5.24981338675809,5.24981338675809,5.24981338675809,5.24981338675809,5.24981338675809,5.24981338675809,5.24981338675809,5.24981338675809,5.24981338675809,5.24981338675809,5.24981338675809,5.24981338675809,5.24981338675809,5.24981338675809,5.24981338675809,5.24981338675809,5.24981338675809,5.24981338675809,5.24981338675809,5.24981338675809,5.24981338675809,5.24981338675809,5.24981338675809,5.24981338675809,5.24981338675809,5.24981338675809,5.24981338675809,5.24981338675809,5.24981338675809,5.24981338675809,5.24981338675809,5.24981338675809,5.24981338675809,5.24981338675809,5.24981338675809,5.24981338675809,5.24981338675809,5.24981338675809,5.24981338675809,5.24981338675809,5.24981338675809,5.24981338675809,5.24981338675809,5.24981338675809,5.24981338675809,5.24981338675809,5.24981338675809,5.24981338675809,5.24981338675809,5.24981338675809,5.24981338675809,5.24981338675809,5.24981338675809,5.24981338675809,5.24981338675809,5.24981338675809,5.24981338675809,5.24981338675809,5.24981338675809,5.24981338675809,5.24981338675809,5.24981338675809,5.24981338675809,5.24981338675809,5.24981338675809,5.24981338675809,5.24981338675809,5.24981338675809,5.24981338675809,5.24981338675809,5.24981338675809,5.24981338675809,5.24981338675809,5.24981338675809,5.24981338675809,5.24981338675809,5.24981338675809,5.24981338675809,5.24981338675809,5.24981338675809,5.24981338675809,5.24981338675809,5.24981338675809,5.24981338675809,5.24981338675809,5.24981338675809,5.24981338675809,5.24981338675809,5.24981338675809,5.24981338675809,5.24981338675809,5.24981338675809,5.24981338675809,5.207022253447712,5.207022253447712,5.207022253447712,5.207022253447712,5.207022253447712,5.207022253447712,5.207022253447712,5.207022253447712,5.207022253447712,5.207022253447712,5.207022253447712,5.207022253447712,5.207022253447712,5.207022253447712,5.207022253447712,5.207022253447712,5.207022253447712,5.207022253447712,5.207022253447712,5.207022253447712,5.207022253447712,5.207022253447712,5.207022253447712,5.207022253447712,5.207022253447712,5.207022253447712,5.207022253447712,5.207022253447712,5.207022253447712,5.207022253447712,5.207022253447712,5.207022253447712,5.207022253447712,5.207022253447712,5.207022253447712,5.207022253447712,5.207022253447712,5.207022253447712,5.207022253447712,5.207022253447712,5.207022253447712,5.207022253447712,5.207022253447712,5.207022253447712,5.207022253447712,5.207022253447712,5.207022253447712,5.207022253447712,5.207022253447712,5.207022253447712,5.207022253447712,5.207022253447712,5.207022253447712,5.207022253447712,5.207022253447712,5.207022253447712,5.207022253447712,5.207022253447712,5.207022253447712,5.207022253447712,5.207022253447712,5.207022253447712,5.207022253447712,5.207022253447712,5.207022253447712,5.207022253447712,5.207022253447712,5.207022253447712,5.207022253447712,5.207022253447712,5.207022253447712,5.207022253447712,5.207022253447712,5.207022253447712,5.207022253447712,5.207022253447712,5.103610803099353,5.103610803099353,5.0420419604713596,5.0420419604713596,5.0420419604713596,5.0420419604713596,5.0420419604713596,5.0420419604713596,5.0420419604713596,5.0420419604713596,5.0420419604713596,5.0420419604713596,7.540191509945939,6.5698535798726585,6.5698535798726585,6.46015220070967,6.46015220070967,6.46015220070967,6.46015220070967,6.46015220070967,6.46015220070967,6.46015220070967,6.46015220070967,6.46015220070967,6.46015220070967,6.46015220070967,6.46015220070967,6.46015220070967,6.46015220070967,6.46015220070967,6.46015220070967,6.46015220070967,6.46015220070967,6.46015220070967,6.46015220070967,6.46015220070967,6.46015220070967,6.46015220070967,6.46015220070967,6.46015220070967,6.46015220070967,6.46015220070967,6.46015220070967,6.46015220070967,6.115667350434228,6.115667350434228,6.115667350434228,6.115667350434228,5.963291897841097,5.963291897841097,5.963291897841097,5.869833878988935,5.626288823763852,5.579289255393595,5.579289255393595,5.579289255393595,5.579289255393595,5.579289255393595,5.579289255393595,4.59906814762135,4.59906814762135,4.59906814762135,4.59906814762135,4.59906814762135,4.59906814762135,4.59906814762135,4.59906814762135,4.59906814762135,4.59906814762135,4.59906814762135,4.59906814762135,4.59906814762135,4.59906814762135,4.59906814762135,4.59906814762135,4.59906814762135,4.59906814762135,4.59906814762135,4.59906814762135,4.59906814762135,4.59906814762135,4.59906814762135,4.59906814762135,4.59906814762135,4.59906814762135,4.59906814762135,4.59906814762135,4.59906814762135,4.59906814762135,4.59906814762135,4.59906814762135,4.59906814762135,4.59906814762135,4.59906814762135,4.59906814762135,4.59906814762135,4.59906814762135,4.59906814762135,4.59906814762135,4.59906814762135,4.59906814762135,4.59906814762135,4.59906814762135,4.59906814762135,4.562997557549981,4.562997557549981,4.562997557549981,4.562997557549981,4.562997557549981,4.562997557549981,4.562997557549981,4.562997557549981,4.562997557549981,4.562997557549981,4.562997557549981,4.562997557549981,4.562997557549981,4.562997557549981,4.562997557549981,4.562997557549981,4.562997557549981,4.562997557549981,4.562997557549981,4.562997557549981,4.562997557549981,4.562997557549981,4.562997557549981,4.562997557549981,4.562997557549981,4.562997557549981,4.562997557549981,4.562997557549981,4.562997557549981,4.562997557549981,4.562997557549981,4.562997557549981,4.562997557549981,4.562997557549981,4.562997557549981,4.562997557549981,4.562997557549981,4.562997557549981,4.562997557549981,4.562997557549981,4.562997557549981,4.562997557549981,4.562997557549981,4.562997557549981,4.562997557549981,4.562997557549981,4.562997557549981,4.562997557549981,4.562997557549981,4.562997557549981,4.562997557549981,4.562997557549981,4.562997557549981,4.562997557549981,4.562997557549981,4.562997557549981,4.562997557549981,4.562997557549981,4.562997557549981,4.562997557549981,4.562997557549981,4.562997557549981,4.562997557549981,4.562997557549981,4.562997557549981,4.562997557549981,4.562997557549981,4.562997557549981,4.562997557549981,4.562997557549981,4.562997557549981,4.562997557549981,4.562997557549981,4.562997557549981,4.562997557549981,4.562997557549981,4.562997557549981,4.562997557549981,4.562997557549981,4.562997557549981,4.562997557549981,4.562997557549981,4.562997557549981,4.562997557549981,4.562997557549981,4.562997557549981,4.562997557549981,4.562997557549981,4.562997557549981,4.562997557549981,4.562997557549981,4.562997557549981,4.562997557549981,4.562997557549981,4.562997557549981,4.562997557549981,4.562997557549981,4.562997557549981,4.562997557549981,4.562997557549981,4.562997557549981,4.562997557549981,4.562997557549981,4.562997557549981,4.562997557549981,4.562997557549981,4.562997557549981,4.562997557549981,4.562997557549981,4.562997557549981,4.562997557549981,4.562997557549981,4.562997557549981,4.562997557549981,4.562997557549981,4.562997557549981,4.562997557549981,4.562997557549981,4.562997557549981,4.562997557549981,4.562997557549981,4.562997557549981,4.562997557549981,4.562997557549981,4.562997557549981,4.562997557549981,4.562997557549981,4.562997557549981,4.562997557549981,4.562997557549981,4.562997557549981,4.562997557549981,4.562997557549981,4.562997557549981,4.562997557549981,4.562997557549981,4.562997557549981,4.562997557549981,4.562997557549981,4.562997557549981,4.562997557549981,4.562997557549981,4.562997557549981,4.562997557549981,4.562997557549981,4.562997557549981,4.562997557549981,4.562997557549981,4.562997557549981,4.562997557549981,4.562997557549981,4.562997557549981,4.562997557549981,4.562997557549981,4.562997557549981,4.562997557549981,4.562997557549981,4.562997557549981,4.562997557549981,4.562997557549981,4.562997557549981,4.562997557549981,4.562997557549981,4.562997557549981,4.562997557549981,4.562997557549981,4.562997557549981,4.562997557549981,4.562997557549981,4.562997557549981,4.562997557549981,4.562997557549981,4.562997557549981,4.562997557549981,4.562997557549981,4.562997557549981,4.562997557549981,4.562997557549981,4.562997557549981,4.562997557549981,4.562997557549981,4.562997557549981,4.562997557549981,4.562997557549981,4.562997557549981,4.562997557549981,4.562997557549981,4.562997557549981,4.562997557549981,4.562997557549981,4.562997557549981,4.562997557549981,4.562997557549981,4.562997557549981,4.562997557549981,4.562997557549981,4.562997557549981,4.562997557549981,4.562997557549981,4.562997557549981,4.562997557549981,4.562997557549981,4.562997557549981,4.562997557549981,4.562997557549981,4.562997557549981,4.562997557549981,4.562997557549981,4.562997557549981,4.562997557549981,4.562997557549981,4.562997557549981,4.562997557549981,4.562997557549981,4.562997557549981,4.562997557549981,4.562997557549981,4.562997557549981,4.562997557549981,4.562997557549981,4.562997557549981,4.562997557549981,4.562997557549981,4.562997557549981,4.562997557549981,4.562997557549981,4.562997557549981,4.562997557549981,4.562997557549981,4.562997557549981,4.562997557549981,4.562997557549981,4.562997557549981,4.562997557549981,4.562997557549981,4.562997557549981,4.562997557549981,4.562997557549981,4.562997557549981,4.562997557549981,4.562997557549981,4.562997557549981,4.562997557549981,4.562997557549981,4.562997557549981,4.562997557549981,4.562997557549981,4.562997557549981,4.562997557549981,4.562997557549981,4.562997557549981,4.562997557549981,4.562997557549981,4.562997557549981,4.562997557549981,4.562997557549981,4.562997557549981,4.562997557549981,4.562997557549981,4.562997557549981,4.562997557549981,4.562997557549981,4.562997557549981,4.562997557549981,4.562997557549981,4.562997557549981,4.562997557549981,4.562997557549981,4.562997557549981,4.562997557549981,4.562997557549981,4.562997557549981,4.562997557549981,4.562997557549981,4.562997557549981,4.562997557549981,4.562997557549981,4.562997557549981,4.562997557549981,4.562997557549981,4.562997557549981,4.562997557549981,4.562997557549981,4.562997557549981,4.562997557549981,4.562997557549981,4.562997557549981,4.562997557549981,4.562997557549981,4.562997557549981,4.562997557549981,4.562997557549981,4.562997557549981,4.562997557549981,4.562997557549981,4.562997557549981,4.562997557549981,4.562997557549981,4.562997557549981,4.562997557549981,4.562997557549981,4.562997557549981,4.562997557549981,4.562997557549981,4.562997557549981,4.562997557549981,4.562997557549981,4.562997557549981,4.562997557549981,4.562997557549981,4.562997557549981,4.562997557549981,4.562997557549981,4.562997557549981,4.562997557549981,4.562997557549981,4.562997557549981,4.562997557549981,4.562997557549981,4.562997557549981,4.562997557549981,4.562997557549981,4.562997557549981,4.562997557549981,4.562997557549981,4.562997557549981,4.562997557549981,4.562997557549981,4.562997557549981,4.562997557549981,4.562997557549981,4.562997557549981,4.562997557549981,4.562997557549981,4.562997557549981,4.562997557549981,4.562997557549981,4.562997557549981,4.562997557549981,4.562997557549981,4.562997557549981,4.562997557549981,4.562997557549981,4.562997557549981,4.562997557549981,4.562997557549981,4.562997557549981,4.562997557549981,4.562997557549981,4.562997557549981,4.562997557549981,4.562997557549981,4.562997557549981,4.562997557549981,4.562997557549981,4.562997557549981,4.562997557549981,4.562997557549981,4.562997557549981,4.562997557549981,4.562997557549981,4.562997557549981,4.562997557549981,4.562997557549981,4.562997557549981,4.562997557549981,4.562997557549981,4.562997557549981,4.562997557549981,4.562997557549981,4.562997557549981,4.562997557549981,4.562997557549981,4.562997557549981,4.562997557549981,4.562997557549981,4.562997557549981,4.562997557549981,4.562997557549981,4.562997557549981,4.562997557549981,4.562997557549981,4.562997557549981,4.562997557549981,4.562997557549981,4.562997557549981,4.562997557549981,4.562997557549981,4.562997557549981,4.562997557549981,4.562997557549981,4.562997557549981,4.562997557549981,4.562997557549981,4.562997557549981,4.562997557549981,4.562997557549981,4.562997557549981,4.562997557549981,4.562997557549981,4.562997557549981,4.562997557549981,4.562997557549981,4.562997557549981,4.562997557549981,4.562997557549981,4.562997557549981,4.562997557549981,4.562997557549981,4.562997557549981,4.562997557549981,4.562997557549981,4.562997557549981,4.562997557549981,4.562997557549981,4.562997557549981,4.562997557549981,4.562997557549981,4.562997557549981,4.562997557549981,4.562997557549981,4.562997557549981,4.562997557549981,4.562997557549981,4.562997557549981,4.562997557549981,4.562997557549981,4.562997557549981,4.562997557549981,4.562997557549981,4.562997557549981,4.562997557549981,4.562997557549981,4.562997557549981,4.562997557549981,4.562997557549981,4.562997557549981,4.562997557549981,4.562997557549981,4.562997557549981,4.562997557549981,4.562997557549981,4.562997557549981,4.562997557549981,4.562997557549981,4.562997557549981,4.562997557549981,4.562997557549981,4.562997557549981,4.562997557549981,4.562997557549981,4.562997557549981,4.562997557549981,4.562997557549981,4.562997557549981,4.562997557549981,4.562997557549981,4.562997557549981,4.562997557549981,4.562997557549981,4.562997557549981,4.562997557549981,4.562997557549981,4.562997557549981,4.562997557549981,4.562997557549981,4.562997557549981,4.562997557549981,4.562997557549981,4.562997557549981,4.562997557549981,4.562997557549981,4.562997557549981,4.562997557549981,4.562997557549981,4.562997557549981,4.562997557549981,4.562997557549981,4.562997557549981,4.562997557549981,4.562997557549981,4.562997557549981,4.562997557549981,4.562997557549981,4.562997557549981,4.562997557549981,4.562997557549981,4.562997557549981,4.562997557549981,4.562997557549981,4.562997557549981,4.562997557549981,4.562997557549981,4.562997557549981,4.562997557549981,4.562997557549981,4.562997557549981,4.562997557549981,4.562997557549981,4.562997557549981,4.562997557549981,4.562997557549981,4.562997557549981,4.562997557549981,4.562997557549981,4.562997557549981,4.562997557549981,4.562997557549981,4.562997557549981,4.562997557549981,4.562997557549981,4.562997557549981,4.562997557549981,4.562997557549981,4.562997557549981,4.562997557549981,4.562997557549981,4.562997557549981,4.562997557549981,4.562997557549981,4.562997557549981,4.562997557549981,4.562997557549981,4.562997557549981,4.562997557549981,4.562997557549981,4.562997557549981,4.562997557549981,4.562997557549981,4.562997557549981,4.562997557549981,4.562997557549981,4.562997557549981,4.562997557549981,4.562997557549981,4.562997557549981,4.562997557549981,4.562997557549981,4.562997557549981,4.562997557549981,4.562997557549981,4.562997557549981,4.562997557549981,4.562997557549981,4.562997557549981,4.562997557549981,4.562997557549981,4.562997557549981,4.562997557549981,4.562997557549981,4.562997557549981,4.562997557549981,4.562997557549981,4.562997557549981,4.562997557549981,4.562997557549981,4.562997557549981,4.562997557549981,4.562997557549981,4.562997557549981,4.562997557549981,4.562997557549981,4.562997557549981,4.562997557549981,4.562997557549981,4.562997557549981,4.562997557549981,4.562997557549981,4.562997557549981,4.562997557549981,4.562997557549981,4.562997557549981,4.562997557549981,4.562997557549981,4.562997557549981,4.562997557549981,4.562997557549981,4.562997557549981,4.562997557549981,4.562997557549981,4.562997557549981,4.562997557549981,4.562997557549981,4.562997557549981,4.562997557549981,4.562997557549981,4.562997557549981,4.562997557549981,4.562997557549981,4.562997557549981,4.562997557549981,4.562997557549981,4.562997557549981,4.562997557549981,4.562997557549981,4.562997557549981,4.562997557549981,4.562997557549981,4.562997557549981,4.562997557549981,4.562997557549981,4.562997557549981,4.562997557549981,4.562997557549981,4.562997557549981,4.562997557549981,4.562997557549981,4.562997557549981,4.562997557549981,4.562997557549981,4.562997557549981,4.562997557549981,4.562997557549981,4.562997557549981,4.562997557549981,4.562997557549981,4.562997557549981,4.562997557549981,4.562997557549981,4.562997557549981,4.562997557549981,4.562997557549981,4.562997557549981,4.562997557549981,4.562997557549981,4.562997557549981,4.562997557549981,4.562997557549981,4.562997557549981,4.562997557549981,4.562997557549981,4.562997557549981,4.562997557549981,4.562997557549981,4.562997557549981,4.562997557549981,4.562997557549981,4.562997557549981,4.562997557549981,4.562997557549981,4.562997557549981,4.562997557549981,4.562997557549981,4.562997557549981,4.562997557549981,4.562997557549981,4.562997557549981,4.562997557549981,4.562997557549981,4.562997557549981,4.562997557549981,4.562997557549981,4.562997557549981,4.562997557549981,4.562997557549981,4.562997557549981,4.562997557549981,4.562997557549981,4.562997557549981,4.562997557549981,4.562997557549981,4.562997557549981,4.562997557549981,4.562997557549981,4.562997557549981,4.562997557549981,4.562997557549981,4.562997557549981,4.562997557549981,4.562997557549981,4.562997557549981,4.562997557549981,4.562997557549981,4.562997557549981,4.562997557549981,4.562997557549981,4.562997557549981,4.562997557549981,4.562997557549981,4.562997557549981,4.562997557549981,4.562997557549981,4.562997557549981,4.562997557549981,4.562997557549981,4.562997557549981,4.562997557549981,4.562997557549981,4.562997557549981,4.562997557549981,4.562997557549981,4.562997557549981,4.562997557549981,4.562997557549981,4.562997557549981,4.562997557549981,4.562997557549981,4.562997557549981,4.562997557549981,4.562997557549981,4.562997557549981,4.562997557549981,4.562997557549981,4.562997557549981,4.562997557549981,4.562997557549981,4.562997557549981,4.562997557549981,4.562997557549981,4.562997557549981,4.562997557549981,4.562997557549981,4.562997557549981,4.562997557549981,4.562997557549981,4.562997557549981,4.562997557549981,4.562997557549981,4.562997557549981,4.562997557549981,4.562997557549981,4.562997557549981,4.562997557549981,4.562997557549981,4.562997557549981,4.562997557549981,4.562997557549981,4.562997557549981,4.562997557549981,4.562997557549981,4.562997557549981,4.562997557549981,4.562997557549981,4.562997557549981,4.562997557549981,4.562997557549981,4.562997557549981,4.562997557549981,4.562997557549981,4.562997557549981,4.562997557549981,4.562997557549981,4.562997557549981,4.562997557549981,4.562997557549981,4.562997557549981,4.562997557549981,4.562997557549981,4.562997557549981,4.562997557549981,4.562997557549981,4.562997557549981,4.562997557549981,4.562997557549981,4.562997557549981,4.562997557549981,4.562997557549981,4.562997557549981,4.562997557549981,4.562997557549981,4.562997557549981,4.562997557549981,4.562997557549981,4.562997557549981,4.562997557549981,4.562997557549981,4.562997557549981,4.562997557549981,4.562997557549981,4.562997557549981,4.562997557549981,4.562997557549981,4.562997557549981,4.562997557549981,4.562997557549981,4.562997557549981,4.562997557549981,4.562997557549981,4.562997557549981,4.562997557549981,4.562997557549981,4.562997557549981,4.562997557549981,4.562997557549981,4.562997557549981,4.562997557549981,4.562997557549981,4.562997557549981,4.562997557549981,4.562997557549981,4.562997557549981,4.562997557549981,4.562997557549981,4.562997557549981,4.562997557549981,4.562997557549981,4.562997557549981,4.562997557549981,4.562997557549981,4.562997557549981,4.562997557549981,4.562997557549981,4.562997557549981,4.562997557549981,4.562997557549981,4.562997557549981,4.562997557549981,4.562997557549981,4.562997557549981,4.562997557549981,4.562997557549981,4.562997557549981,4.562997557549981,4.562997557549981,4.562997557549981,4.562997557549981,4.562997557549981,4.562997557549981,4.562997557549981,4.562997557549981,4.562997557549981,4.562997557549981,4.562997557549981,4.562997557549981,4.562997557549981,4.562997557549981,4.562997557549981,4.562997557549981,4.562997557549981,4.562997557549981,4.562997557549981,4.562997557549981,4.562997557549981,4.562997557549981,4.562997557549981,4.562997557549981,4.562997557549981,4.562997557549981,4.562997557549981,4.562997557549981,4.562997557549981,4.562997557549981,4.562997557549981,4.562997557549981,4.562997557549981,4.562997557549981,4.562997557549981,4.562997557549981,4.562997557549981,4.562997557549981,4.562997557549981,4.562997557549981,4.562997557549981,4.562997557549981,4.562997557549981,4.562997557549981,4.562997557549981,4.562997557549981,4.562997557549981,4.562997557549981,4.562997557549981,4.562997557549981,4.562997557549981,4.562997557549981,4.562997557549981,4.562997557549981,4.562997557549981,4.562997557549981,4.562997557549981,4.562997557549981,4.562997557549981,4.562997557549981,4.562997557549981,4.562997557549981,4.562997557549981,4.562997557549981,4.562997557549981,4.562997557549981,4.562997557549981,4.562997557549981,4.562997557549981,4.562997557549981,4.562997557549981,4.562997557549981,4.562997557549981,4.562997557549981,4.562997557549981,4.562997557549981,4.562997557549981,4.562997557549981,4.562997557549981,4.562997557549981,4.562997557549981,4.562997557549981,4.562997557549981,4.562997557549981,4.562997557549981,4.562997557549981,4.562997557549981,4.562997557549981,4.562997557549981,4.562997557549981,4.562997557549981,4.562997557549981,4.562997557549981,4.562997557549981,4.562997557549981,4.562997557549981,9.369365924112474,8.54748483693259,8.54748483693259,8.54748483693259,8.54748483693259,8.54748483693259,8.54748483693259,8.54748483693259,8.182742436593895,8.182742436593895,8.182742436593895,8.182742436593895,8.06502151404031,8.06502151404031,8.06502151404031,8.06502151404031,8.06502151404031,8.06502151404031,8.06502151404031,8.06502151404031,8.06502151404031,7.967360195060057,7.967360195060057,7.967360195060057,7.967360195060057,7.967360195060057,7.967360195060057,7.967360195060057,7.967360195060057,7.967360195060057,7.967360195060057,7.967360195060057,7.967360195060057,7.967360195060057,7.967360195060057,7.967360195060057,7.967360195060057,7.967360195060057,7.967360195060057,7.967360195060057,7.967360195060057,7.967360195060057,7.967360195060057,7.967360195060057,7.967360195060057,7.967360195060057,7.967360195060057,7.967360195060057,7.967360195060057,7.967360195060057,7.967360195060057,7.967360195060057,7.967360195060057,7.967360195060057,7.967360195060057,7.967360195060057,7.967360195060057,7.967360195060057,7.967360195060057,7.967360195060057,7.967360195060057,7.967360195060057,7.967360195060057,7.967360195060057,7.967360195060057,7.967360195060057,7.967360195060057,7.967360195060057,7.967360195060057,7.967360195060057,7.967360195060057,7.967360195060057,7.967360195060057,7.967360195060057,7.967360195060057,7.967360195060057,7.967360195060057,7.92656973657816,7.92656973657816,7.92656973657816,7.92656973657816,7.92656973657816,7.92656973657816,7.92656973657816,7.92656973657816,7.92656973657816,7.92656973657816,7.92656973657816,7.92656973657816,7.92656973657816,7.92656973657816,7.92656973657816,7.92656973657816,7.92656973657816,7.92656973657816,7.92656973657816,7.92656973657816,7.92656973657816,7.838736525322974,7.838736525322974,7.838736525322974,7.838736525322974,7.838736525322974,7.838736525322974,7.838736525322974,7.838736525322974,7.838736525322974,7.838736525322974,7.838736525322974,7.838736525322974,7.838736525322974,7.838736525322974,7.838736525322974,7.838736525322974,7.838736525322974,7.838736525322974,7.838736525322974,7.838736525322974,7.838736525322974,7.838736525322974,7.838736525322974,7.838736525322974,7.838736525322974,7.838736525322974,7.838736525322974,7.838736525322974,7.838736525322974,7.838736525322974,7.838736525322974,7.838736525322974,7.838736525322974,7.838736525322974,7.838736525322974,7.838736525322974,7.838736525322974,7.838736525322974,7.838736525322974,7.838736525322974,7.838736525322974,7.838736525322974,7.838736525322974,7.838736525322974,7.838736525322974,7.838736525322974,7.838736525322974,7.838736525322974,7.838736525322974,7.838736525322974,7.838736525322974,7.838736525322974,7.838736525322974,7.838736525322974,7.838736525322974,7.838736525322974,7.838736525322974,7.838736525322974,7.838736525322974,7.838736525322974,7.838736525322974,7.838736525322974,7.838736525322974,7.838736525322974,7.838736525322974,7.838736525322974,7.838736525322974,7.838736525322974,7.838736525322974,7.838736525322974,7.838736525322974,7.838736525322974,7.838736525322974,7.838736525322974,7.838736525322974,7.838736525322974,7.838736525322974,7.838736525322974,7.838736525322974,7.838736525322974,7.838736525322974,7.838736525322974,7.838736525322974,7.838736525322974,7.838736525322974,7.838736525322974,7.838736525322974,7.838736525322974,7.838736525322974,7.766874594677315,7.766874594677315,7.766874594677315,7.766874594677315,7.373889337581777,7.373889337581777,7.296328211763232,7.296328211763232,7.296328211763232,7.296328211763232,7.296328211763232,7.296328211763232,7.296328211763232,7.296328211763232,6.905009403134652,6.905009403134652,6.905009403134652,6.905009403134652,6.905009403134652,6.905009403134652,6.905009403134652,6.905009403134652,6.905009403134652,6.905009403134652,6.905009403134652,6.905009403134652,6.905009403134652,6.905009403134652,6.905009403134652,6.905009403134652,6.905009403134652,6.905009403134652,6.905009403134652,6.905009403134652,6.905009403134652,6.905009403134652,6.905009403134652,6.905009403134652,6.905009403134652,6.905009403134652,6.905009403134652,6.905009403134652,6.905009403134652,6.905009403134652,6.905009403134652,6.905009403134652,6.905009403134652,6.905009403134652,6.905009403134652,6.905009403134652,6.905009403134652,6.905009403134652,6.905009403134652,6.905009403134652,6.905009403134652,6.905009403134652,6.905009403134652,6.905009403134652,6.905009403134652,6.905009403134652,6.905009403134652,6.905009403134652,6.905009403134652,6.905009403134652,6.905009403134652,6.905009403134652,6.905009403134652,6.905009403134652,6.905009403134652,6.905009403134652,6.905009403134652,6.905009403134652,6.905009403134652,6.905009403134652,6.905009403134652,6.905009403134652,6.905009403134652,6.905009403134652,6.905009403134652,6.905009403134652,6.905009403134652,6.905009403134652,6.905009403134652,6.905009403134652,6.905009403134652,6.905009403134652,6.905009403134652,6.905009403134652,6.905009403134652,6.905009403134652,6.905009403134652,6.905009403134652,6.905009403134652,6.905009403134652,6.905009403134652,6.905009403134652,6.905009403134652,6.905009403134652,6.905009403134652,6.905009403134652,6.822246209592113,6.822246209592113,6.822246209592113,6.822246209592113,6.765497282166937,6.765497282166936,6.338715906495292,6.338715906495292,6.338715906495292,6.338715906495292,6.338715906495292,6.338715906495292,6.338715906495292,6.338715906495292,6.338715906495292,6.338715906495292,6.338715906495292,6.338715906495292,6.20695114958202,6.20695114958202,6.20695114958202,6.20695114958202,6.20695114958202,6.20695114958202,6.20695114958202,6.20695114958202,6.20695114958202,6.20695114958202,6.20695114958202,6.20695114958202,6.20695114958202,6.20695114958202,6.096217332370997,6.096217332370997,6.096217332370997,6.096217332370997,6.096217332370997,6.096217332370997,6.096217332370997,6.096217332370997,6.096217332370997,6.096217332370997,6.090974025937712,6.090974025937712,6.090974025937712,6.090974025937712,6.090974025937712,6.090974025937712,6.090974025937712,6.090974025937712,6.090974025937712,6.090974025937712,6.090974025937712,6.090974025937712,6.090974025937712,6.090974025937712,6.090974025937712,6.090974025937712,6.090974025937712,6.090974025937712,6.090974025937712,6.090974025937712,6.090974025937712,6.090974025937712,6.090974025937712,6.090974025937712,6.090974025937712,6.090974025937712,6.090974025937712,6.090974025937712,6.090974025937712,6.090974025937712,6.090974025937712,6.090974025937712,6.090974025937712,6.090974025937712,6.090974025937712,6.090974025937712,6.090974025937712,6.090974025937712,6.090974025937712,6.090974025937712,6.090974025937712,6.090974025937712,6.090974025937712,6.090974025937712,6.090974025937712,6.090974025937712,6.090974025937712,6.090974025937712,6.090974025937712,6.090974025937712,5.911936447679553,5.911936447679553,5.911936447679553,5.911936447679553,5.911936447679553,5.688269173331494,5.688269173331494,5.688269173331494,5.688269173331494,5.688269173331494,5.688269173331494,5.688269173331494,5.688269173331494,5.688269173331494,5.688269173331494,5.688269173331494,5.688269173331494,5.688269173331494,5.688269173331494,5.688269173331494,5.688269173331494,5.688269173331494,5.688269173331494,5.688269173331494,5.688269173331494,5.688269173331494,5.688269173331494,5.688269173331494,5.688269173331494,5.688269173331494,5.688269173331494,5.688269173331494,5.688269173331494,5.688269173331494,5.688269173331494,5.688269173331494,5.688269173331494,5.688269173331494,5.688269173331494,5.688269173331494,5.688269173331494,5.688269173331494,5.688269173331494,5.688269173331494,5.688269173331494,5.688269173331494,5.688269173331494,5.688269173331494,5.688269173331494,5.688269173331494,5.688269173331494,5.688269173331494,5.688269173331494,5.688269173331494,5.688269173331494,5.688269173331494,5.688269173331494,5.688269173331494,5.688269173331494,5.688269173331494,5.688269173331494,5.688269173331494,5.688269173331494,5.688269173331494,5.688269173331494,5.688269173331494,5.688269173331494,5.688269173331494,5.688269173331494,5.688269173331494,5.688269173331494,5.688269173331494,5.688269173331494,5.688269173331494,5.688269173331494,5.688269173331494,5.688269173331494,5.688269173331494,5.688269173331494,5.688269173331494,5.688269173331494,5.688269173331494,5.688269173331494,5.688269173331494,5.688269173331494,5.688269173331494,5.688269173331494,5.688269173331494,5.688269173331494,5.688269173331494,5.688269173331494,5.688269173331494,5.688269173331494,5.688269173331494,5.688269173331494,5.688269173331494,5.688269173331494,5.688269173331494,5.688269173331494,5.688269173331494,5.688269173331494,5.688269173331494,5.688269173331494,5.688269173331494,5.688269173331494,5.688269173331494,5.688269173331494,5.688269173331494,5.688269173331494,5.688269173331494,5.688269173331494,5.688269173331494,5.688269173331494,5.688269173331494,5.688269173331494,5.688269173331494,5.688269173331494,5.688269173331494,5.688269173331494,5.688269173331494,5.688269173331494,5.688269173331494,5.688269173331494,5.688269173331494,5.688269173331494,5.688269173331494,5.688269173331494,5.688269173331494,5.688269173331494,5.688269173331494,5.688269173331494,5.688269173331494,5.688269173331494,5.688269173331494,5.688269173331494,5.688269173331494,5.688269173331494,5.688269173331494,5.688269173331494,5.688269173331494,5.688269173331494,5.688269173331494,5.688269173331494,5.688269173331494,5.688269173331494,5.688269173331494,5.688269173331494,5.688269173331494,5.688269173331494,5.688269173331494,5.688269173331494,5.688269173331494,5.688269173331494,5.688269173331494,5.688269173331494,5.688269173331494,5.688269173331494,5.688269173331494,5.688269173331494,5.688269173331494,5.688269173331494,5.688269173331494,5.688269173331494,5.688269173331494,5.688269173331494,5.688269173331494,5.688269173331494,5.688269173331494,5.688269173331494,5.688269173331494,5.688269173331494,5.688269173331494,5.688269173331494,5.688269173331494,5.688269173331494,5.688269173331494,5.688269173331494,5.688269173331494,5.688269173331494,5.688269173331494,5.688269173331494,5.688269173331494,5.688269173331494,5.688269173331494,5.688269173331494,5.688269173331494,5.688269173331494,5.688269173331494,5.688269173331494,5.688269173331494,5.688269173331494,5.688269173331494,5.688269173331494,5.688269173331494,5.688269173331494,5.688269173331494,5.688269173331494,5.688269173331494,5.688269173331494,5.688269173331494,5.688269173331494,5.688269173331494,5.688269173331494,5.688269173331494,5.688269173331494,5.688269173331494,5.688269173331494,5.688269173331494,5.688269173331494,5.688269173331494,5.688269173331494,5.688269173331494,5.688269173331494,5.688269173331494,5.688269173331494,5.688269173331494,5.688269173331494,5.688269173331494,5.688269173331494,5.688269173331494,5.688269173331494,5.688269173331494,5.688269173331494,5.688269173331494,5.688269173331494,5.688269173331494,5.688269173331494,5.688269173331494,5.688269173331494,5.688269173331494,5.688269173331494,5.688269173331494,5.688269173331494,5.688269173331494,5.688269173331494,5.688269173331494,5.688269173331494,5.688269173331494,5.688269173331494,5.688269173331494,5.688269173331494,5.688269173331494,5.688269173331494,5.688269173331494,5.688269173331494,5.688269173331494,5.688269173331494,5.688269173331494,5.688269173331494,5.688269173331494,5.688269173331494,5.688269173331494,5.688269173331494,5.688269173331494,5.688269173331494,5.688269173331494,5.688269173331494,5.688269173331494,5.688269173331494,5.688269173331494,5.688269173331494,5.688269173331494,5.688269173331494,5.688269173331494,5.688269173331494,5.688269173331494,5.688269173331494,5.688269173331494,5.688269173331494,5.688269173331494,5.688269173331494,5.688269173331494,5.688269173331494,5.688269173331494,5.688269173331494,5.688269173331494,5.688269173331494,5.688269173331494,5.688269173331494,5.688269173331494,5.688269173331494,5.688269173331494,5.688269173331494,5.688269173331493,5.688269173331493,5.688269173331493,5.688269173331493,5.688269173331493,5.688269173331493,5.688269173331493,5.688269173331493,5.688269173331493,5.688269173331493,5.688269173331493,5.688269173331493,5.688269173331493,5.688269173331493,5.688269173331493,5.688269173331493,5.688269173331493,5.688269173331493,5.688269173331493,5.688269173331493,5.688269173331493,5.688269173331493,5.688269173331493,5.688269173331493,5.688269173331493,5.688269173331493,5.688269173331493,5.688269173331493,5.688269173331493,5.688269173331493,5.688269173331493,5.688269173331493,5.688269173331493,5.688269173331493,5.688269173331493,5.688269173331493,5.688269173331493,5.688269173331493,5.688269173331493,5.688269173331493,5.688269173331493,5.688269173331493,5.688269173331493,5.688269173331493,5.688269173331493,5.688269173331493,5.688269173331493,5.688269173331493,5.688269173331493,5.688269173331493,5.688269173331493,5.688269173331493,5.688269173331493,5.688269173331493,5.688269173331493,5.688269173331493,5.688269173331493,5.688269173331493,5.688269173331493,5.688269173331493,5.688269173331493,5.688269173331493,5.688269173331493,5.688269173331493,5.688269173331493,5.688269173331493,5.688269173331493,5.688269173331493,5.688269173331493,5.688269173331493,5.688269173331493,5.688269173331493,5.688269173331493,5.688269173331493,5.688269173331493,5.688269173331493,5.688269173331493,5.688269173331493,5.688269173331493,5.688269173331493,5.688269173331493,5.688269173331493,5.688269173331493,5.688269173331493,5.688269173331493,5.688269173331493,5.688269173331493,5.688269173331493,5.688269173331493,5.688269173331493,5.688269173331493,5.688269173331493,5.688269173331493,5.688269173331493,5.688269173331493,5.688269173331493,5.688269173331493,5.688269173331493,5.688269173331493,5.688269173331493,5.688269173331493,5.688269173331493,5.688269173331493,5.688269173331493,5.688269173331493,5.688269173331493,5.688269173331493,5.688269173331493,5.688269173331493,5.688269173331493,5.688269173331493,5.688269173331493,5.688269173331493,5.688269173331493,5.688269173331493,5.688269173331493,5.688269173331493,5.688269173331493,5.688269173331493,5.688269173331493,5.688269173331493,5.688269173331493,5.688269173331493,5.688269173331493,5.688269173331493,5.688269173331493,5.688269173331493,5.688269173331493,5.688269173331493,5.688269173331493,5.688269173331493,5.688269173331493,5.688269173331493,5.688269173331493,5.688269173331493,5.688269173331493,5.688269173331493,5.688269173331493,5.688269173331493,5.688269173331493,5.688269173331493,5.688269173331493,5.688269173331493,5.688269173331493,5.688269173331493,5.688269173331493,5.688269173331493,5.688269173331493,5.688269173331493,5.688269173331493,5.688269173331493,5.688269173331493,5.688269173331493,5.688269173331493,5.688269173331493,5.688269173331493,5.688269173331493,5.688269173331493,5.688269173331493,5.688269173331493,5.688269173331493,5.688269173331493,5.688269173331493,5.688269173331493,5.688269173331493,5.688269173331493,5.688269173331493,5.688269173331493,5.688269173331493,5.688269173331493,5.688269173331493,5.688269173331493,5.688269173331493,5.688269173331493,5.688269173331493,5.688269173331493,5.688269173331493,5.688269173331493,5.688269173331493,5.688269173331493,5.688269173331493,5.688269173331493,5.688269173331493,5.688269173331493,5.688269173331493,5.688269173331493,5.688269173331493,5.688269173331493,5.688269173331493,5.688269173331493,5.688269173331493,5.688269173331493,5.688269173331493,5.688269173331493,5.688269173331493,5.688269173331493,5.688269173331493,5.688269173331493,5.688269173331493,5.688269173331493,5.688269173331493,5.688269173331493,5.688269173331493,5.688269173331493,5.688269173331493,5.688269173331493,5.688269173331493,5.688269173331493,5.688269173331493,5.688269173331493,5.688269173331493,5.688269173331493,5.688269173331493,5.688269173331493,5.688269173331493,5.688269173331493,5.688269173331493,5.688269173331493,5.688269173331493,5.688269173331493,5.688269173331493,5.688269173331493,5.688269173331493,5.688269173331493,5.688269173331493,5.688269173331493,5.688269173331493,5.688269173331493,5.688269173331493,5.688269173331493,5.688269173331493,5.688269173331493,5.688269173331493,5.688269173331493,5.688269173331493,5.688269173331493,5.688269173331493,5.688269173331493,5.688269173331493,5.688269173331493,5.688269173331493,5.688269173331493,5.688269173331493,5.688269173331493,5.688269173331493,5.688269173331493,5.688269173331493,5.688269173331493,5.688269173331493,5.688269173331493,5.688269173331493,5.688269173331493,5.688269173331493,5.688269173331493,5.688269173331493,5.688269173331493,5.688269173331493,5.688269173331493,5.688269173331493,5.688269173331493,5.688269173331493,5.688269173331493,5.688269173331493,5.688269173331493,5.688269173331493,5.688269173331493,5.688269173331493,5.688269173331493,5.688269173331493,5.688269173331493,5.688269173331493,5.688269173331493,5.688269173331493,5.688269173331493,5.688269173331493,5.688269173331493,5.688269173331493,5.688269173331493,5.688269173331493,5.688269173331493,5.688269173331493,5.688269173331493,5.688269173331493,5.688269173331493,5.688269173331493,5.688269173331493,5.688269173331493,5.688269173331493,5.688269173331493,5.688269173331493,5.688269173331493,5.688269173331493,5.688269173331493,5.688269173331493,5.688269173331493,5.688269173331493,5.688269173331493,5.688269173331493,5.688269173331493,5.688269173331493,5.688269173331493,5.688269173331493,5.688269173331493,5.688269173331493,5.688269173331493,5.688269173331493,5.688269173331493,5.688269173331493,5.688269173331493,5.688269173331493,5.688269173331493,5.688269173331493,5.688269173331493,5.688269173331493,5.688269173331493,5.688269173331493,5.688269173331493,5.688269173331493,5.688269173331493,5.688269173331493,5.688269173331493,5.688269173331493,5.688269173331493,5.688269173331493,5.688269173331493,5.688269173331493,5.688269173331493,5.688269173331493,5.688269173331493,5.688269173331493,5.688269173331493,5.688269173331493,5.688269173331493,5.688269173331493,5.688269173331493,5.688269173331493,5.688269173331493,5.688269173331493,6.130060218735157,5.43380864257335,5.43380864257335,5.43380864257335,5.43380864257335,5.43380864257335,5.43380864257335,5.43380864257335,5.43380864257335,5.133053566870067,5.133053566870067,5.133053566870067,5.098836186828278,5.098836186828278,5.098836186828278,5.098836186828278,5.098836186828278,5.098836186828278,5.098836186828278,5.098836186828278,5.098836186828278,5.098836186828278,5.098836186828278,5.098836186828278,5.098836186828278,5.098836186828278,5.098836186828278,5.098836186828278,5.098836186828278,5.098836186828278,5.098836186828278,5.098836186828278,5.098836186828278,5.098836186828278,5.043721806214179,4.976666769857029,4.976666769857029,4.976666769857029,4.976666769857029,4.976666769857029,4.976666769857029,4.976666769857029,4.976666769857029,4.976666769857029,4.976666769857029,4.976666769857029,4.976666769857029,4.976666769857029,4.976666769857029,4.976666769857029,4.976666769857029,4.976666769857029,4.976666769857029,4.976666769857029,4.976666769857029,4.976666769857029,4.976666769857029,4.976666769857029,4.976666769857029,4.976666769857029,4.976666769857029,4.9390263560402206,4.9390263560402206,4.87425594931828,4.87425594931828,4.87425594931828,4.87425594931828,4.87425594931828,4.87425594931828,4.87425594931828,4.658523607519502,4.658523607519502,4.658523607519502,4.6237184042839,4.6237184042839,4.6237184042839,4.6237184042839,4.6237184042839,4.6237184042839,4.6237184042839,4.6237184042839,4.6237184042839,4.6237184042839,4.6237184042839,4.6237184042839,4.601289322925808,4.601289322925808,4.601289322925808,4.601289322925808,4.601289322925808,4.601289322925808,4.601289322925808,4.601289322925808,4.601289322925808,4.601289322925808,4.601289322925808,4.601289322925808,4.601289322925808,4.601289322925808,4.601289322925808,4.601289322925808,4.588988847177812,4.588988847177812,4.588988847177812,4.588988847177812,4.588988847177812,4.588988847177812,4.588988847177812,4.588988847177812,4.588988847177812,4.588988847177812,4.588988847177812,4.588988847177812,4.588988847177812,4.588988847177812,4.588988847177812,4.588988847177812,4.588988847177812,4.588988847177812,4.588988847177812,4.588988847177812,4.588988847177812,4.588988847177812,4.588988847177812,4.540746747160026,4.540746747160026,4.540746747160026,4.540746747160026,4.540746747160026,4.07043832478353,4.07043832478353,4.07043832478353,4.07043832478353,4.07043832478353,4.07043832478353,4.07043832478353,4.07043832478353,4.07043832478353,4.07043832478353,4.07043832478353,4.07043832478353,4.07043832478353,4.07043832478353,4.07043832478353,4.07043832478353,4.07043832478353,4.07043832478353,4.07043832478353,4.07043832478353,4.07043832478353,4.07043832478353,4.07043832478353,4.07043832478353,4.07043832478353,4.07043832478353,4.07043832478353,4.07043832478353,4.07043832478353,4.07043832478353,4.07043832478353,4.07043832478353,4.07043832478353,4.07043832478353,4.07043832478353,4.07043832478353,4.07043832478353,4.07043832478353,4.07043832478353,4.07043832478353,4.07043832478353,4.07043832478353,4.07043832478353,4.07043832478353,4.07043832478353,4.07043832478353,4.07043832478353,4.07043832478353,4.07043832478353,4.07043832478353,4.07043832478353,4.07043832478353,4.07043832478353,4.07043832478353,4.07043832478353,4.07043832478353,4.07043832478353,4.07043832478353,4.07043832478353,4.07043832478353,4.07043832478353,4.07043832478353,4.07043832478353,4.07043832478353,4.07043832478353,4.07043832478353,4.07043832478353,4.07043832478353,4.07043832478353,4.07043832478353,4.07043832478353,4.07043832478353,4.07043832478353,4.07043832478353,4.07043832478353,4.07043832478353,4.07043832478353,4.07043832478353,4.07043832478353,4.07043832478353,4.07043832478353,4.07043832478353,4.07043832478353,4.07043832478353,4.07043832478353,4.07043832478353,4.07043832478353,4.07043832478353,4.07043832478353,4.07043832478353,4.07043832478353,4.07043832478353,4.07043832478353,4.07043832478353,4.07043832478353,4.07043832478353,4.07043832478353,4.07043832478353,4.07043832478353,4.07043832478353,4.07043832478353,4.07043832478353,4.07043832478353,4.07043832478353,4.07043832478353,4.07043832478353,4.07043832478353,4.07043832478353,4.07043832478353,4.07043832478353,4.07043832478353,4.07043832478353,4.07043832478353,4.07043832478353,4.07043832478353,4.07043832478353,4.07043832478353,4.07043832478353,4.07043832478353,4.07043832478353,4.07043832478353,4.07043832478353,4.07043832478353,4.07043832478353,4.07043832478353,4.07043832478353,4.07043832478353,4.07043832478353,4.07043832478353,3.8827232048772684,3.8827232048772684,3.281415151949828,2.707480687843869,2.707480687843869,2.707480687843869,2.6725537414064067,2.6725537414064067,2.6725537414064067,2.6725537414064067,2.6725537414064067,2.6725537414064067,2.6725537414064067,2.6725537414064067,2.6725537414064067,2.6725537414064067,2.6725537414064067,2.6725537414064067,2.6725537414064067,2.6725537414064067,2.6725537414064067,2.6725537414064067,2.6725537414064067,2.6725537414064067,2.6725537414064067,2.6725537414064067,2.6725537414064067,2.6725537414064067,2.6725537414064067,2.6725537414064067,2.6725537414064067,2.6725537414064067,2.6725537414064067,2.6725537414064067,2.6725537414064067,2.6725537414064067,2.6725537414064067,2.6725537414064067,2.6725537414064067,2.6725537414064067,2.6725537414064067,2.6725537414064067,2.6725537414064067,2.6725537414064067,2.6725537414064067,2.6725537414064067,2.6725537414064067,2.6725537414064067,2.6725537414064067,2.6725537414064067,2.6725537414064067,2.6725537414064067,2.6725537414064067,2.6725537414064067,2.6725537414064067,2.6725537414064067,2.6725537414064067,2.6725537414064067,2.6725537414064067,2.6725537414064067,2.6725537414064067,2.6725537414064067,2.6725537414064067,2.6725537414064067,2.6725537414064067,2.6725537414064067,2.6725537414064067,2.6725537414064067,2.6725537414064067,2.6725537414064067,2.6725537414064067,2.6725537414064067,2.6725537414064067,2.6725537414064067,2.6725537414064067,2.6725537414064067,2.6725537414064067,2.6725537414064067,2.6725537414064067,2.6725537414064067,2.6725537414064067,2.6725537414064067,2.6725537414064067,2.6725537414064067,2.6725537414064067,2.6725537414064067,2.6725537414064067,2.6725537414064067,2.6725537414064067,2.6725537414064067,2.6725537414064067,2.6725537414064067,2.6725537414064067,2.6725537414064067,2.6725537414064067,2.6725537414064067,2.6725537414064067,2.6725537414064067,2.6725537414064067,2.6725537414064067,2.6725537414064067,2.6725537414064067,2.6725537414064067,2.6725537414064067,2.6725537414064067,2.6725537414064067,2.6725537414064067,2.6725537414064067,2.6725537414064067,2.6725537414064067,2.6725537414064067,2.6725537414064067,2.6725537414064067,2.6725537414064067,2.6725537414064067,2.6725537414064067,2.6725537414064067,2.6725537414064067,2.6725537414064067,2.6725537414064067,2.6725537414064067,2.6725537414064067,2.6725537414064067,2.6725537414064067,2.6725537414064067,2.6725537414064067,2.6725537414064067,2.6725537414064067,2.6725537414064067,2.6725537414064067,2.6725537414064067,2.6725537414064067,2.6725537414064067,2.6725537414064067,2.6725537414064067,2.6725537414064067,2.6725537414064067,2.6725537414064067,2.6725537414064067,2.6725537414064067,2.6725537414064067,2.6725537414064067,2.6725537414064067,2.6725537414064067,2.6725537414064067,2.6725537414064067,2.6725537414064067,2.6725537414064067,2.6725537414064067,2.6725537414064067,2.6725537414064067,2.6725537414064067,2.6725537414064067,2.6725537414064067,2.6725537414064067,2.6725537414064067,2.6725537414064067,2.6725537414064067,2.6725537414064067,2.6725537414064067,2.6725537414064067,2.6725537414064067,2.6725537414064067,2.6725537414064067,2.6725537414064067,2.6725537414064067,2.6725537414064067,2.6725537414064067,2.6725537414064067,2.6725537414064067,2.6725537414064067,2.6725537414064067,2.6725537414064067,2.6725537414064067,2.6725537414064067,2.6725537414064067,2.6725537414064067,2.6725537414064067,2.6725537414064067,2.6725537414064067,2.6725537414064067,2.6725537414064067,2.6725537414064067,2.6725537414064067,2.6725537414064067,2.6725537414064067,2.6725537414064067,2.6725537414064067,2.6725537414064067,2.6725537414064067,2.6725537414064067,2.6725537414064067,2.6725537414064067,2.6725537414064067,2.6725537414064067,2.6725537414064067,2.6725537414064067,2.6725537414064067,2.6725537414064067,2.6725537414064067,2.6725537414064067,2.6725537414064067,2.6725537414064067,2.6725537414064067,2.6725537414064067,2.6725537414064067,2.6725537414064067,2.6725537414064067,2.6725537414064067,2.6725537414064067,2.6725537414064067,2.6725537414064067,2.6725537414064067,2.6725537414064067,2.6725537414064067,2.6725537414064067,2.6725537414064067,2.6725537414064067,2.6725537414064067,2.6725537414064067,2.6725537414064067,2.6725537414064067,2.6725537414064067,2.6725537414064067,2.6725537414064067,2.6725537414064067,2.6725537414064067,2.6725537414064067,2.6725537414064067,2.6725537414064067,2.6725537414064067,2.6725537414064067,2.6725537414064067,2.6725537414064067,2.4931351705323483,2.4931351705323483,2.4931351705323483,2.4931351705323483,2.4931351705323483,2.4931351705323483,2.4931351705323483,2.4931351705323483,2.4931351705323483,2.4931351705323483,2.4931351705323483,2.4931351705323483,2.4931351705323483,2.4931351705323483,2.4931351705323483,2.4931351705323483,2.4931351705323483,2.4931351705323483,2.4931351705323483,2.4931351705323483,2.4931351705323483,2.4931351705323483,2.4931351705323483,2.4931351705323483,2.4931351705323483,2.4931351705323483,2.4931351705323483,2.4931351705323483,2.4931351705323483,2.4931351705323483,2.4931351705323483,2.4931351705323483,2.4931351705323483,2.4931351705323483,2.4931351705323483,2.4931351705323483,2.4931351705323483,2.4931351705323483,2.4931351705323483,2.4931351705323483,2.4931351705323483,2.4931351705323483,2.4931351705323483,2.4931351705323483,2.4931351705323483,2.4931351705323483,2.4931351705323483,2.4931351705323483,2.4931351705323483,2.4931351705323483,2.4931351705323483,2.4931351705323483,2.4931351705323483,2.4931351705323483,2.4931351705323483,2.4931351705323483,2.4931351705323483,2.4931351705323483,2.4931351705323483,2.4931351705323483,2.4931351705323483,2.4931351705323483,2.4931351705323483,2.4931351705323483,2.4931351705323483,2.4931351705323483,2.4931351705323483,2.4931351705323483,2.4931351705323483,2.4931351705323483,2.4931351705323483,2.4931351705323483,2.4931351705323483,2.4931351705323483,2.4931351705323483,2.4931351705323483,2.4931351705323483,2.4931351705323483,2.4931351705323483,2.4931351705323483,2.4931351705323483,2.4931351705323483,2.4931351705323483,2.4931351705323483,2.4931351705323483,2.4931351705323483,2.4931351705323483,2.4931351705323483,2.4931351705323483,2.4931351705323483,2.4931351705323483,2.4931351705323483,2.4931351705323483,2.4931351705323483,2.4931351705323483,2.4931351705323483,2.4931351705323483,2.4931351705323483,2.4931351705323483,2.4931351705323483,2.4931351705323483,2.4931351705323483,2.4931351705323483,2.4931351705323483,2.4931351705323483,2.4931351705323483,2.4931351705323483,2.4931351705323483,2.4931351705323483,2.4931351705323483,2.4931351705323483,2.4931351705323483,2.4931351705323483,2.4931351705323483,2.4931351705323483,2.4931351705323483,2.4931351705323483,2.4931351705323483,2.4931351705323483,2.4931351705323483,2.4931351705323483,2.4931351705323483,2.4931351705323483,2.4931351705323483,2.4931351705323483,2.4931351705323483,2.4931351705323483,2.4931351705323483,2.4931351705323483,2.4931351705323483,2.4931351705323483,2.4931351705323483,2.4931351705323483,2.4931351705323483,2.4931351705323483,2.4931351705323483,2.4931351705323483,2.4931351705323483,2.4931351705323483,2.4931351705323483,2.4931351705323483,2.4931351705323483,2.4931351705323483,2.4931351705323483,2.4931351705323483,2.4931351705323483,2.4931351705323483,2.4931351705323483,2.4931351705323483,2.4931351705323483,2.4931351705323483,2.4931351705323483,2.4931351705323483,2.4931351705323483,2.4931351705323483,2.4931351705323483,2.4931351705323483,2.4931351705323483,2.4931351705323483,2.4931351705323483,2.4931351705323483,2.4931351705323483,2.4931351705323483,2.4931351705323483,2.4931351705323483,2.4931351705323483,2.4931351705323483,2.4931351705323483,2.4931351705323483,2.4931351705323483,2.4931351705323483,2.4931351705323483,2.4931351705323483,2.4931351705323483,2.4931351705323483,2.4931351705323483,2.4931351705323483,2.4931351705323483,2.4931351705323483,2.4931351705323483,2.4931351705323483,2.4931351705323483,2.4931351705323483,2.4931351705323483,2.4931351705323483,2.4931351705323483,2.4931351705323483,2.4931351705323483,2.4931351705323483,2.4931351705323483,2.4931351705323483,2.4931351705323483,2.4931351705323483,2.4931351705323483,2.4931351705323483,2.4931351705323483,2.4931351705323483,2.4931351705323483,2.4931351705323483,2.4931351705323483,2.4931351705323483,2.4931351705323483,2.4931351705323483,2.4931351705323483,2.4931351705323483,2.4931351705323483,2.4931351705323483,2.4931351705323483,2.4931351705323483,2.4931351705323483,2.4931351705323483,2.4931351705323483,2.4931351705323483,2.4931351705323483,2.4931351705323483,2.4931351705323483,2.4931351705323483,2.4931351705323483,2.4931351705323483,2.4931351705323483,2.4931351705323483,2.4931351705323483,2.4931351705323483,2.4931351705323483,2.4931351705323483,2.4931351705323483,2.4931351705323483,2.4931351705323483,2.4931351705323483,2.4931351705323483,2.4931351705323483,2.4931351705323483,2.4931351705323483,2.4931351705323483,2.4931351705323483,2.4931351705323483,2.4931351705323483,2.4931351705323483,2.4931351705323483,2.4931351705323483,2.4931351705323483,2.4931351705323483,2.4931351705323483,2.4931351705323483,2.4931351705323483,2.4931351705323483,2.4931351705323483,2.4931351705323483,2.4931351705323483,2.4931351705323483,2.4931351705323483,2.4931351705323483,2.4931351705323483,2.4931351705323483,2.4931351705323483,2.4931351705323483,2.4931351705323483,2.4931351705323483,2.4931351705323483,2.4931351705323483,2.4931351705323483,2.4931351705323483,2.4931351705323483,2.4931351705323483,2.4931351705323483,2.4931351705323483,2.4931351705323483,2.4931351705323483,2.4931351705323483,2.4931351705323483,2.4931351705323483,2.4931351705323483,2.4931351705323483,2.4931351705323483,2.4931351705323483,2.4931351705323483,2.4931351705323483,2.4931351705323483,2.4931351705323483,2.4931351705323483,2.4931351705323483,2.4931351705323483,2.4931351705323483,2.4931351705323483,2.4931351705323483,2.4931351705323483,2.4931351705323483,2.4931351705323483,2.4931351705323483,2.4931351705323483,2.4931351705323483,2.4931351705323483,2.4931351705323483,2.4931351705323483,2.4931351705323483,2.4931351705323483,2.4931351705323483,2.4931351705323483,2.4931351705323483,2.4931351705323483,2.4931351705323483,2.4931351705323483,2.4931351705323483,2.4931351705323483,2.4931351705323483,2.4931351705323483,2.4931351705323483,2.4931351705323483,2.4931351705323483,2.4931351705323483,2.4931351705323483,2.4931351705323483,2.4931351705323483,2.4931351705323483,2.4931351705323483,2.4931351705323483,2.4931351705323483,2.4931351705323483,2.4931351705323483,2.4931351705323483,2.4931351705323483,2.4931351705323483,2.4931351705323483,2.4931351705323483,2.4931351705323483,2.4931351705323483,2.4931351705323483,2.4931351705323483,2.4931351705323483,2.4931351705323483,2.4931351705323483,2.4931351705323483,2.4931351705323483,2.4931351705323483,2.4931351705323483,2.4931351705323483,2.4931351705323483,2.4931351705323483,2.4931351705323483,2.4931351705323483,2.4931351705323483,2.4931351705323483,2.4931351705323483,2.4931351705323483,2.4931351705323483,2.4931351705323483,2.4931351705323483,2.4931351705323483,2.4931351705323483,2.4931351705323483,2.4931351705323483,2.4931351705323483,2.4931351705323483,2.4931351705323483,2.4931351705323483,2.4931351705323483,2.4931351705323483,2.4931351705323483,2.4931351705323483,2.4931351705323483,2.4931351705323483,2.4931351705323483,2.4931351705323483,2.4931351705323483,2.4931351705323483,2.4931351705323483,2.4931351705323483,2.4931351705323483,2.4931351705323483,2.4931351705323483,2.4931351705323483,2.4931351705323483,2.4931351705323483,2.4931351705323483,2.4931351705323483,2.4931351705323483,2.4931351705323483,2.4931351705323483,2.4931351705323483,2.4931351705323483,2.4931351705323483,2.4931351705323483,2.4931351705323483,2.4931351705323483,2.4931351705323483,2.4931351705323483,2.4931351705323483,2.4931351705323483,2.4931351705323483,2.4931351705323483,2.4931351705323483,2.4931351705323483,2.4931351705323483,2.4931351705323483,2.4931351705323483,2.4931351705323483,2.4931351705323483,2.4931351705323483,2.4931351705323483,2.4931351705323483,2.4931351705323483,2.4931351705323483,2.4931351705323483,2.4931351705323483,2.4931351705323483,2.4931351705323483,2.4931351705323483,2.4931351705323483,2.4931351705323483,2.4931351705323483,2.4931351705323483,2.4931351705323483,2.4931351705323483,2.4931351705323483,2.4931351705323483,2.4931351705323483,2.4931351705323483,2.4931351705323483,2.4931351705323483,2.4931351705323483,2.4931351705323483,2.4931351705323483,2.4931351705323483,2.4931351705323483,2.4931351705323483,2.4931351705323483,2.4931351705323483,2.4931351705323483,2.4931351705323483,2.4931351705323483,2.4931351705323483,2.4931351705323483,2.4931351705323483,2.4931351705323483,2.4931351705323483,2.4931351705323483,2.4931351705323483,2.4931351705323483,2.4931351705323483,2.4931351705323483,2.4931351705323483,2.4931351705323483,2.4931351705323483,2.4931351705323483,2.4931351705323483,2.4931351705323483,2.4931351705323483,2.4931351705323483,2.4931351705323483,2.4931351705323483,2.4931351705323483,2.4931351705323483,2.4931351705323483,2.4931351705323483,2.4931351705323483,2.4931351705323483,2.4931351705323483,2.4931351705323483,2.4931351705323483,2.4931351705323483,2.4931351705323483,2.4931351705323483,2.4931351705323483,2.4931351705323483,2.4931351705323483,2.4931351705323483,2.4931351705323483,2.4931351705323483,2.4931351705323483,2.4931351705323483,2.4931351705323483,2.4931351705323483,2.4931351705323483,2.4931351705323483,2.4931351705323483,2.4931351705323483,2.4931351705323483,2.4931351705323483,2.4931351705323483,2.4931351705323483,2.4931351705323483,2.4931351705323483,2.4931351705323483,2.4931351705323483,2.4931351705323483,2.4931351705323483,2.4931351705323483,2.4931351705323483,2.4931351705323483,2.4931351705323483,2.4931351705323483,2.4931351705323483,2.4931351705323483,2.4931351705323483,2.4931351705323483,2.4931351705323483,2.4931351705323483,2.4931351705323483,2.4931351705323483,2.4931351705323483,2.4931351705323483,2.4931351705323483,2.4931351705323483,2.4931351705323483,2.4931351705323483,2.4931351705323483,2.4931351705323483,2.4931351705323483,9.619463913307085,9.616783320789803,9.616783320789803,9.309628447923618,8.846151321112886,8.846151321112886,8.846151321112886,8.846151321112886,8.846151321112886,8.846151321112886,8.846151321112886,8.846151321112886,8.846151321112886,8.846151321112886,8.846151321112886,8.846151321112886,8.846151321112886,8.846151321112886,8.846151321112886,8.846151321112886,8.846151321112886,8.846151321112886,8.846151321112886,8.846151321112886,8.396866294050119,7.088862423991494,7.088862423991494,7.088862423991494,7.088862423991494,7.088862423991494,7.088862423991494,7.088862423991494,7.088862423991494,7.05125633179378,7.05125633179378,7.05125633179378,7.05125633179378,6.979036315857132,6.979036315857132,6.979036315857132,6.589522370366431,6.589522370366431,6.589522370366431,6.589522370366431,6.589522370366431,6.589522370366431,6.4416651861104075,6.4416651861104075,6.4416651861104075,6.4416651861104075,6.4416651861104075,6.4416651861104075,6.4416651861104075,6.4416651861104075,6.4416651861104075,6.4416651861104075,6.4416651861104075,6.4416651861104075,6.4416651861104075,6.4416651861104075,6.4416651861104075,6.4416651861104075,6.4416651861104075,6.4416651861104075,6.4416651861104075,6.4416651861104075,6.4416651861104075,6.4416651861104075,6.4416651861104075,6.4416651861104075,6.4416651861104075,6.4416651861104075,6.4416651861104075,6.4416651861104075,6.4416651861104075,6.4416651861104075,6.4416651861104075,6.4416651861104075,6.4416651861104075,6.4416651861104075,6.4416651861104075,6.4416651861104075,6.4416651861104075,6.4416651861104075,6.4416651861104075,6.4416651861104075,6.4416651861104075,6.4416651861104075,6.4416651861104075,6.4416651861104075,6.4416651861104075,6.4416651861104075,6.4416651861104075,6.4416651861104075,6.4416651861104075,6.4416651861104075,6.4416651861104075,6.4416651861104075,6.4416651861104075,6.4416651861104075,6.4416651861104075,6.4416651861104075,6.4416651861104075,6.4416651861104075,6.4416651861104075,6.4416651861104075,6.4416651861104075,6.4416651861104075,6.4416651861104075,6.4416651861104075,6.4416651861104075,6.4416651861104075,6.4416651861104075,6.4416651861104075,6.4416651861104075,6.4416651861104075,6.4416651861104075,6.4416651861104075,6.4416651861104075,6.4416651861104075,6.4416651861104075,6.4416651861104075,6.4416651861104075,6.4416651861104075,6.4416651861104075,6.4416651861104075,6.4416651861104075,6.4416651861104075,6.4416651861104075,6.4416651861104075,6.4416651861104075,6.4416651861104075,6.4416651861104075,6.4416651861104075,6.4416651861104075,6.4416651861104075,6.4416651861104075,6.4416651861104075,6.4416651861104075,6.4416651861104075,6.4416651861104075,6.4416651861104075,6.4416651861104075,6.4416651861104075,6.4416651861104075,6.4416651861104075,6.4416651861104075,6.4416651861104075,6.4416651861104075,6.4416651861104075,6.4416651861104075,6.4416651861104075,6.4416651861104075,6.4416651861104075,6.4416651861104075,6.4416651861104075,6.4416651861104075,6.4416651861104075,6.4416651861104075,6.4416651861104075,6.4416651861104075,6.4416651861104075,6.4416651861104075,6.4416651861104075,6.4416651861104075,6.4416651861104075,6.4416651861104075,6.4416651861104075,6.4416651861104075,6.4416651861104075,6.4416651861104075,6.4416651861104075,6.4416651861104075,6.4416651861104075,6.4416651861104075,6.4416651861104075,6.4416651861104075,6.4416651861104075,6.4416651861104075,6.4416651861104075,6.4416651861104075,6.4416651861104075,6.4416651861104075,6.4416651861104075,6.4416651861104075,6.4416651861104075,6.4416651861104075,6.4416651861104075,6.4416651861104075,6.4416651861104075,6.4416651861104075,6.4416651861104075,6.4416651861104075,6.4416651861104075,6.4416651861104075,6.4416651861104075,6.4416651861104075,6.4416651861104075,6.4416651861104075,6.4416651861104075,6.4416651861104075,6.4416651861104075,6.4416651861104075,6.4416651861104075,6.422694555152873,6.422694555152873,6.422694555152873,6.422694555152873,6.422694555152873,6.422694555152873,6.422694555152873,6.422694555152873,6.422694555152873,6.422694555152873,6.422694555152873,6.422694555152873,6.422694555152873,6.422694555152873,6.422694555152873,6.422694555152873,6.422694555152873,6.422694555152873,6.422694555152873,6.422694555152873,6.422694555152873,6.422694555152873,6.422694555152873,6.422694555152873,6.422694555152873,6.422694555152873,6.422694555152873,6.422694555152873,6.422694555152873,6.422694555152873,6.422694555152873,6.422694555152873,6.422694555152873,6.422694555152873,6.422694555152873,6.422694555152873,6.422694555152873,6.422694555152873,6.422694555152873,6.422694555152873,6.422694555152873,6.422694555152873,6.422694555152873,6.422694555152873,6.422694555152873,6.422694555152873,6.422694555152873,6.422694555152873,6.422694555152873,6.422694555152873,6.422694555152873,6.422694555152873,6.422694555152873,6.422694555152873,6.422694555152873,6.422694555152873,6.422694555152873,6.422694555152873,6.422694555152873,6.422694555152873,6.422694555152873,6.422694555152873,6.422694555152873,6.422694555152873,6.422694555152873,6.422694555152873,6.422694555152873,6.422694555152873,6.422694555152873,6.422694555152873,6.422694555152873,6.422694555152873,6.422694555152873,6.422694555152873,6.422694555152873,6.422694555152873,6.422694555152873,6.422694555152873,6.422694555152873,6.422694555152873,6.422694555152873,6.422694555152873,6.422694555152873,6.422694555152873,6.422694555152873,6.422694555152873,6.422694555152873,6.422694555152873,6.422694555152873,6.422694555152873,6.422694555152873,6.422694555152873,6.422694555152873,6.422694555152873,6.422694555152873,6.422694555152873,6.422694555152873,6.422694555152873,6.422694555152873,6.422694555152873,6.422694555152873,6.422694555152873,6.422694555152873,6.422694555152873,6.422694555152873,6.422694555152873,6.422694555152873,6.422694555152873,6.422694555152873,6.422694555152873,6.422694555152873,6.422694555152873,6.422694555152873,6.422694555152873,6.422694555152873,6.422694555152873,6.422694555152873,6.422694555152873,6.422694555152873,6.422694555152873,6.422694555152873,6.422694555152873,6.422694555152873,6.422694555152873,6.422694555152873,6.422694555152873,6.422694555152873,6.422694555152873,6.422694555152873,6.422694555152873,6.422694555152873,6.422694555152873,6.422694555152873,6.422694555152873,6.422694555152873,6.422694555152873,6.422694555152873,6.422694555152873,6.422694555152873,6.422694555152873,6.422694555152873,6.422694555152873,6.422694555152873,6.422694555152873,6.422694555152873,6.422694555152873,6.422694555152873,6.422694555152873,6.422694555152873,6.422694555152873,6.422694555152873,6.422694555152873,6.422694555152873,6.422694555152873,6.422694555152873,6.422694555152873,6.422694555152873,6.422694555152873,6.422694555152873,6.422694555152873,6.422694555152873,6.422694555152873,6.422694555152873,6.422694555152873,6.422694555152873,6.422694555152873,6.422694555152873,6.422694555152873,6.422694555152873,6.422694555152873,6.422694555152873,6.422694555152873,6.422694555152873,6.422694555152873,6.422694555152873,6.422694555152873,6.422694555152873,6.422694555152873,6.422694555152873,6.422694555152873,6.422694555152873,6.422694555152873,6.422694555152873,6.422694555152873,6.422694555152873,6.422694555152873,6.422694555152873,6.422694555152873,6.422694555152873,6.422694555152873,6.422694555152873,6.422694555152873,6.422694555152873,6.422694555152873,6.422694555152873,6.422694555152873,6.422694555152873,6.422694555152873,6.422694555152873,6.422694555152873,6.422694555152873,6.422694555152873,6.422694555152873,6.422694555152873,6.422694555152873,6.422694555152873,6.422694555152873,6.422694555152873,6.422694555152873,6.422694555152873,6.422694555152873,6.422694555152873,6.422694555152873,6.422694555152873,6.422694555152873,6.422694555152873,6.422694555152873,6.422694555152873,6.422694555152873,6.422694555152873,6.422694555152873,6.422694555152873,6.422694555152873,6.422694555152873,6.422694555152873,6.422694555152873,6.422694555152873,6.422694555152873,6.422694555152873,6.422694555152873,6.422694555152873,6.422694555152873,6.422694555152873,6.422694555152873,6.422694555152873,6.422694555152873,6.422694555152873,6.422694555152873,6.422694555152873,6.422694555152873,6.422694555152873,6.422694555152873,6.422694555152873,6.422694555152873,6.422694555152873,6.422694555152873,6.422694555152873,6.422694555152873,6.422694555152873,6.422694555152873,6.422694555152873,6.422694555152873,6.422694555152873,6.422694555152873,6.422694555152873,6.422694555152873,6.422694555152873,6.422694555152873,6.422694555152873,6.422694555152873,6.422694555152873,6.422694555152873,6.422694555152873,6.422694555152873,6.422694555152873,6.422694555152873,6.422694555152873,6.422694555152873,6.422694555152873,6.422694555152873,6.422694555152873,6.422694555152873,6.422694555152873,6.422694555152873,6.422694555152873,6.422694555152873,6.422694555152873,6.422694555152873,6.422694555152873,6.422694555152873,6.422694555152873,6.422694555152873,6.422694555152873,6.422694555152873,6.422694555152873,6.422694555152873,6.422694555152873,6.422694555152873,6.422694555152873,6.422694555152873,6.422694555152873,6.422694555152873,6.422694555152873,6.422694555152873,6.422694555152873,6.422694555152873,6.422694555152873,6.422694555152873,6.422694555152873,6.422694555152873,6.422694555152873,6.422694555152873,6.422694555152873,6.422694555152873,6.422694555152873,6.422694555152873,6.422694555152873,6.422694555152873,6.422694555152873,6.422694555152873,6.422694555152873,6.422694555152873,6.422694555152873,6.422694555152873,6.422694555152873,6.422694555152873,6.422694555152873,6.422694555152873,6.422694555152873,6.422694555152873,6.422694555152873,6.422694555152873,6.422694555152873,6.422694555152873,6.422694555152873,6.422694555152873,6.422694555152873,6.422694555152873,6.422694555152873,6.422694555152873,6.422694555152873,6.422694555152873,6.422694555152873,6.422694555152873,6.422694555152873,6.422694555152873,6.422694555152873,6.422694555152873,6.422694555152873,6.422694555152873,6.422694555152873,6.422694555152873,6.422694555152873,6.422694555152873,6.422694555152873,6.422694555152873,6.422694555152873,6.422694555152873,6.422694555152873,6.422694555152873,6.422694555152873,6.422694555152873,6.422694555152873,6.422694555152873,6.422694555152873,6.422694555152873,6.422694555152873,6.422694555152873,6.422694555152873,6.422694555152873,6.422694555152873,6.422694555152873,6.422694555152873,6.422694555152873,6.422694555152873,6.422694555152873,6.422694555152873,6.422694555152873,6.422694555152873,6.422694555152873,6.422694555152873,6.422694555152873,6.422694555152873,6.422694555152873,6.422694555152873,6.422694555152873,6.422694555152873,6.422694555152873,6.422694555152873,6.422694555152873,6.422694555152873,6.422694555152873,6.422694555152873,6.422694555152873,6.422694555152873,6.422694555152873,6.422694555152873,6.422694555152873,6.422694555152873,6.422694555152873,6.422694555152873,6.422694555152873,6.422694555152873,6.422694555152873,6.422694555152873,6.422694555152873,6.422694555152873,6.422694555152873,6.422694555152873,6.422694555152873,6.422694555152873,6.422694555152873,6.422694555152873,6.422694555152873,6.422694555152873,6.422694555152873,6.422694555152873,6.422694555152873,6.422694555152873,6.422694555152873,6.422694555152873,6.422694555152873,6.422694555152873,6.422694555152873,6.422694555152873,6.422694555152873,6.422694555152873,6.422694555152873,6.422694555152873,6.422694555152873,6.422694555152873,6.422694555152873,6.422694555152873,6.422694555152873,6.422694555152873,6.422694555152873,6.422694555152873,6.422694555152873,6.422694555152873,6.422694555152873,6.422694555152873,6.422694555152873,6.422694555152873,6.422694555152873,6.422694555152873,6.422694555152873,6.422694555152873,6.422694555152873,6.422694555152873,6.422694555152873,6.422694555152873,6.422694555152873,6.422694555152873,6.422694555152873,6.422694555152873,6.422694555152873,6.422694555152873,6.422694555152873,6.422694555152873,6.422694555152873,6.422694555152873,6.422694555152873,6.422694555152873,6.422694555152873,6.422694555152873,6.422694555152873,6.422694555152873,6.422694555152873,6.422694555152873,6.422694555152873,6.422694555152873,6.422694555152873,6.422694555152873,6.422694555152873,6.422694555152873,6.422694555152873,6.422694555152873,6.422694555152873,6.422694555152873,6.422694555152873,6.422694555152873,6.422694555152873,6.422694555152873,6.422694555152873,6.422694555152873,6.422694555152873,6.422694555152873,6.422694555152873,6.422694555152873,6.422694555152873,6.422694555152873,6.422694555152873,6.422694555152873,6.422694555152873,6.422694555152873,6.422694555152873,6.422694555152873,6.422694555152873,6.422694555152873,6.422694555152873,6.422694555152873,6.422694555152873,6.422694555152873,6.422694555152873,6.422694555152873,6.422694555152873,6.422694555152873,6.422694555152873,6.422694555152873,6.422694555152873,6.422694555152873,6.422694555152873,6.422694555152873,6.422694555152873,6.422694555152873,6.422694555152873,6.422694555152873,6.422694555152873,6.422694555152873,6.422694555152873,6.422694555152873,6.422694555152873,6.422694555152873,6.422694555152873,6.422694555152873,6.422694555152873,6.422694555152873,6.422694555152873,6.422694555152873,6.422694555152873,6.422694555152873,6.422694555152873,6.422694555152873,6.422694555152873,6.422694555152873,6.422694555152873,6.422694555152873,6.422694555152873,6.422694555152873,6.422694555152873,6.422694555152873,6.422694555152873,6.422694555152873,6.422694555152873,6.422694555152873,6.422694555152873,6.422694555152873,6.422694555152873,6.422694555152873,6.422694555152873,6.422694555152873,6.422694555152873,6.422694555152873,6.422694555152873,6.422694555152873,6.422694555152873,6.422694555152873,6.422694555152873,6.422694555152873,6.422694555152873,6.422694555152873,6.422694555152873,6.422694555152873,6.422694555152873,6.422694555152873,6.422694555152873,6.422694555152873,6.422694555152873,6.422694555152873,6.422694555152873,6.422694555152873,6.422694555152873,6.422694555152873,6.422694555152873,6.422694555152873,6.422694555152873,6.422694555152873,6.422694555152873,6.422694555152873,6.422694555152873,6.422694555152873,6.422694555152873,6.422694555152873,6.422694555152873,6.422694555152873,6.422694555152873,6.422694555152873,6.422694555152873,6.422694555152873,6.422694555152873,6.422694555152873,6.422694555152873,6.422694555152873,6.422694555152873,6.422694555152873,6.422694555152873,6.422694555152873,6.422694555152873,6.422694555152873,6.422694555152873,6.422694555152873,6.422694555152873,6.422694555152873,6.422694555152873,6.422694555152873,6.422694555152873,6.422694555152873,6.422694555152873,6.422694555152873,6.422694555152873,6.422694555152873,6.422694555152873,6.422694555152873,6.422694555152873,6.422694555152873,6.422694555152873,6.422694555152873,6.422694555152873,6.422694555152873,6.422694555152873,6.422694555152873,6.422694555152873,6.422694555152873,6.422694555152873,6.422694555152873,6.422694555152873,6.422694555152873,6.422694555152873,6.422694555152873,6.422694555152873,6.422694555152873,6.422694555152873,6.422694555152873,6.422694555152873,6.422694555152873,6.422694555152873,6.422694555152873,6.422694555152873,6.422694555152873,6.422694555152873,6.422694555152873,6.422694555152873,6.422694555152873,6.422694555152873,6.422694555152873,6.422694555152873,6.422694555152873,6.422694555152873,6.422694555152873,6.422694555152873,6.422694555152873,6.422694555152873,6.422694555152873,6.422694555152873,6.422694555152873,6.422694555152873,6.422694555152873,6.422694555152873,6.422694555152873,6.422694555152873,6.422694555152873,6.422694555152873,6.422694555152873,6.422694555152873,6.422694555152873,6.422694555152873,6.422694555152873,6.422694555152873,6.422694555152873,6.422694555152873,6.422694555152873,6.422694555152873,6.422694555152873,6.422694555152873,6.422694555152873,6.422694555152873,6.422694555152873,6.422694555152873,6.422694555152873,6.422694555152873,6.422694555152873,6.422694555152873,6.422694555152873,6.422694555152873,6.422694555152873,6.422694555152873,6.422694555152873,6.422694555152873,6.422694555152873,6.422694555152873,6.422694555152873,6.422694555152873,6.422694555152873,6.422694555152873,6.422694555152873,6.422694555152873,6.422694555152873,6.422694555152873,6.422694555152873,6.422694555152873,6.422694555152873,6.422694555152873,6.422694555152873,6.422694555152873,6.422694555152873,6.422694555152873,6.422694555152873,6.422694555152873,6.422694555152873,6.422694555152873,6.422694555152873,6.422694555152873,6.422694555152873,6.422694555152873,6.422694555152873,6.422694555152873,6.422694555152873,6.422694555152873,6.422694555152873,6.422694555152873,6.422694555152873,6.422694555152873,6.422694555152873,6.422694555152873,6.422694555152873,6.422694555152873,6.422694555152873,6.422694555152873,6.422694555152873,6.422694555152873,6.422694555152873,6.422694555152873,6.422694555152873,6.422694555152873,6.422694555152873,6.422694555152873,6.422694555152873,6.422694555152873,6.422694555152873,6.422694555152873,6.422694555152873,6.422694555152873,6.422694555152873,6.422694555152873,6.422694555152873,6.422694555152873,6.422694555152873,6.422694555152873,6.422694555152873,6.422694555152873,6.422694555152873,6.422694555152873,6.422694555152873,6.422694555152873,6.422694555152873,6.422694555152873,6.422694555152873,6.422694555152873,6.422694555152873,6.422694555152873,6.422694555152873,6.422694555152873,6.422694555152873,6.422694555152873,6.422694555152873,6.422694555152873,6.422694555152873,6.422694555152873,6.422694555152873,6.422694555152873,6.422694555152873,6.422694555152873,6.422694555152873,6.422694555152873,6.422694555152873,6.422694555152873,6.422694555152873,6.422694555152873,6.422694555152873,6.422694555152873,6.422694555152873,6.422694555152873,6.422694555152873,6.422694555152873,6.422694555152873,6.422694555152873,6.422694555152873,6.422694555152873,6.422694555152873,6.422694555152873,6.422694555152873,6.422694555152873,6.422694555152873,6.422694555152873,6.422694555152873,6.422694555152873,6.422694555152873,6.422694555152873,6.422694555152873,6.422694555152873,6.422694555152873,6.422694555152873,6.422694555152873,6.422694555152873,6.422694555152873,6.422694555152873,7.642036901599262,7.642036901599262,7.642036901599262,7.642036901599262,7.642036901599262,7.642036901599262,7.642036901599262,7.642036901599262,7.642036901599262,7.642036901599262,7.642036901599262,7.642036901599262,7.642036901599262,7.642036901599262,7.642036901599262,7.642036901599262,7.096445810040684,7.096445810040684,6.923551222759127,6.923551222759127,6.923551222759127,6.923551222759127,6.923551222759127,6.923551222759127,6.923551222759127,6.619072106093803,6.619072106093803,6.619072106093803,6.619072106093803,6.619072106093803,6.619072106093803,6.619072106093803,6.619072106093803,6.619072106093803,6.165949905631858,5.806879001200403,5.806879001200403,5.806879001200403,5.806879001200403,5.7657917699648955,5.7657917699648955,5.7657917699648955,5.7657917699648955,5.7657917699648955,5.7657917699648955,5.7657917699648955,5.7657917699648955,5.7657917699648955,5.7657917699648955,5.7657917699648955,5.7657917699648955,5.7657917699648955,5.7657917699648955,5.7657917699648955,5.7657917699648955,5.7657917699648955,5.7657917699648955,5.7657917699648955,5.7657917699648955,5.7657917699648955,5.7657917699648955,5.7657917699648955,5.7657917699648955,5.7657917699648955,5.7657917699648955,5.7657917699648955,5.7657917699648955,5.7657917699648955,5.7657917699648955,5.7657917699648955,5.7657917699648955,5.7657917699648955,5.7657917699648955,5.7657917699648955,5.7657917699648955,5.7657917699648955,5.7657917699648955,5.7657917699648955,5.7657917699648955,5.7657917699648955,5.7657917699648955,5.7657917699648955,5.7657917699648955,5.7657917699648955,5.7657917699648955,5.7657917699648955,5.7657917699648955,5.7657917699648955,5.7657917699648955,5.7657917699648955,5.7657917699648955,5.7657917699648955,5.7657917699648955,5.7657917699648955,5.7657917699648955,5.7657917699648955,5.7657917699648955,5.7657917699648955,5.7657917699648955,5.7657917699648955,5.7657917699648955,5.7657917699648955,5.7657917699648955,5.7657917699648955,5.7657917699648955,5.7657917699648955,5.7657917699648955,5.7657917699648955,5.7657917699648955,5.7657917699648955,5.7657917699648955,5.7657917699648955,5.7657917699648955,5.7657917699648955,5.7657917699648955,5.7657917699648955,5.7657917699648955,5.7657917699648955,5.7657917699648955,5.7657917699648955,5.7657917699648955,5.7657917699648955,5.7657917699648955,5.7657917699648955,5.7657917699648955,5.7657917699648955,5.7657917699648955,5.7657917699648955,5.7657917699648955,5.7657917699648955,5.7657917699648955,5.7657917699648955,5.7657917699648955,5.7657917699648955,5.7657917699648955,5.7657917699648955,5.7657917699648955,5.7657917699648955,5.7657917699648955,5.7657917699648955,5.7657917699648955,5.7657917699648955,5.7657917699648955,5.7657917699648955,5.7657917699648955,5.7657917699648955,5.7657917699648955,5.7657917699648955,5.7657917699648955,5.7657917699648955,5.7657917699648955,5.7657917699648955,5.7657917699648955,5.7657917699648955,5.7657917699648955,5.7657917699648955,5.7657917699648955,5.7657917699648955,5.7657917699648955,5.7657917699648955,5.7657917699648955,5.7657917699648955,5.7657917699648955,5.7657917699648955,5.7657917699648955,5.7657917699648955,5.7657917699648955,5.7657917699648955,5.7657917699648955,5.7657917699648955,5.7657917699648955,5.7657917699648955,5.7657917699648955,5.7657917699648955,5.7657917699648955,5.7657917699648955,5.7657917699648955,5.7657917699648955,5.7657917699648955,5.7657917699648955,5.7657917699648955,5.7657917699648955,5.7657917699648955,5.7657917699648955,5.7657917699648955,5.7657917699648955,5.7657917699648955,5.7657917699648955,5.7657917699648955,5.7657917699648955,5.7657917699648955,5.7657917699648955,5.7657917699648955,5.7657917699648955,5.7657917699648955,5.7657917699648955,5.7657917699648955,5.7657917699648955,5.7657917699648955,5.7657917699648955,5.7657917699648955,5.7657917699648955,5.7657917699648955,5.7657917699648955,5.7657917699648955,5.7657917699648955,5.7657917699648955,5.7657917699648955,5.7657917699648955,5.7657917699648955,5.7657917699648955,5.7657917699648955,5.7657917699648955,5.7657917699648955,5.7657917699648955,5.7657917699648955,5.7657917699648955,5.7657917699648955,5.7657917699648955,5.7657917699648955,5.7657917699648955,5.7657917699648955,5.7657917699648955,5.7657917699648955,5.7657917699648955,5.7657917699648955,5.7657917699648955,5.7657917699648955,5.7657917699648955,5.7657917699648955,5.7657917699648955,5.7657917699648955,5.7657917699648955,5.7657917699648955,5.7657917699648955,5.7657917699648955,5.7657917699648955,5.7657917699648955,5.7657917699648955,5.7657917699648955,5.7657917699648955,5.7657917699648955,5.7657917699648955,5.7657917699648955,5.7657917699648955,5.7657917699648955,5.7657917699648955,5.7657917699648955,5.7657917699648955,5.7657917699648955,5.7657917699648955,5.7657917699648955,5.7657917699648955,5.7657917699648955,5.7657917699648955,5.7657917699648955,5.7657917699648955,5.7657917699648955,5.7657917699648955,5.7657917699648955,5.7657917699648955,5.7657917699648955,5.7657917699648955,5.7657917699648955,5.7657917699648955,5.7657917699648955,5.7657917699648955,5.7657917699648955,5.7657917699648955,5.7657917699648955,5.7657917699648955,5.7657917699648955,5.7657917699648955,5.7657917699648955,5.7657917699648955,5.7657917699648955,5.7657917699648955,5.7657917699648955,5.7657917699648955,5.7657917699648955,5.7657917699648955,5.7657917699648955,5.7657917699648955,5.7657917699648955,5.7657917699648955,5.7657917699648955,5.7657917699648955,5.7657917699648955,5.7657917699648955,5.7657917699648955,5.7657917699648955,5.7657917699648955,5.7657917699648955,5.7657917699648955,5.7657917699648955,5.7657917699648955,5.7657917699648955,5.7657917699648955,5.7657917699648955,5.7657917699648955,5.7657917699648955,5.7657917699648955,5.7657917699648955,5.7657917699648955,5.7657917699648955,5.7657917699648955,5.7657917699648955,5.7657917699648955,5.7657917699648955,5.7657917699648955,5.7657917699648955,5.7657917699648955,5.7657917699648955,5.7657917699648955,5.7657917699648955,5.7657917699648955,5.7657917699648955,5.7657917699648955,5.7657917699648955,5.7657917699648955,5.7657917699648955,5.7657917699648955,5.7657917699648955,5.7657917699648955,5.7657917699648955,5.7657917699648955,5.7657917699648955,5.7657917699648955,5.7657917699648955,5.7657917699648955,5.7657917699648955,5.7657917699648955,5.7657917699648955,5.7657917699648955,5.7657917699648955,5.7657917699648955,5.7657917699648955,5.7657917699648955,5.7657917699648955,5.7657917699648955,5.7657917699648955,5.7657917699648955,5.7657917699648955,5.7657917699648955,5.7657917699648955,5.7657917699648955,5.7657917699648955,5.7657917699648955,5.7657917699648955,5.7657917699648955,5.7657917699648955,5.7657917699648955,5.7657917699648955,5.7657917699648955,5.7657917699648955,5.7657917699648955,5.7657917699648955,5.7657917699648955,5.7657917699648955,5.7657917699648955,5.7657917699648955,5.7657917699648955,5.7657917699648955,5.7657917699648955,5.7657917699648955,5.7657917699648955,5.7657917699648955,5.7657917699648955,5.7657917699648955,5.7657917699648955,5.7657917699648955,5.7657917699648955,5.7657917699648955,5.7657917699648955,5.7657917699648955,5.7657917699648955,5.7657917699648955,5.7657917699648955,5.7657917699648955,5.7657917699648955,5.7657917699648955,5.7657917699648955,5.7657917699648955,5.7657917699648955,5.7657917699648955,5.7657917699648955,5.7657917699648955,5.7657917699648955,5.7657917699648955,5.7657917699648955,5.7657917699648955,5.7657917699648955,5.7657917699648955,5.7657917699648955,5.7657917699648955,5.7657917699648955,5.7657917699648955,5.7657917699648955,5.7657917699648955,5.7657917699648955,5.7657917699648955,5.7657917699648955,5.7657917699648955,5.364168514164397,5.364168514164397,5.364168514164397,5.364168514164397,5.364168514164397,5.364168514164397,5.364168514164397,5.364168514164397,5.364168514164397,5.364168514164397,5.364168514164397,5.364168514164397,5.364168514164397,5.364168514164397,5.364168514164397,5.364168514164397,5.364168514164397,5.364168514164397,5.364168514164397,5.364168514164397,5.364168514164397,5.364168514164397,5.364168514164397,5.364168514164397,5.364168514164397,5.364168514164397,5.364168514164397,5.364168514164397,5.364168514164397,5.364168514164397,5.364168514164397,5.364168514164397,5.364168514164397,5.364168514164397,5.364168514164397,5.364168514164397,5.364168514164397,5.364168514164397,5.364168514164397,5.364168514164397,5.364168514164397,5.364168514164397,5.364168514164397,5.364168514164397,5.364168514164397,5.364168514164397,5.364168514164397,5.364168514164397,5.364168514164397,5.364168514164397,5.364168514164397,5.364168514164397,5.364168514164397,5.364168514164397,5.364168514164397,5.364168514164397,5.364168514164397,5.364168514164397,5.364168514164397,5.364168514164397,5.364168514164397,5.364168514164397,5.364168514164397,5.364168514164397,5.364168514164397,5.364168514164397,5.364168514164397,5.364168514164397,5.364168514164397,5.364168514164397,5.364168514164397,5.364168514164397,5.364168514164397,5.364168514164397,5.364168514164397,5.364168514164397,5.364168514164397,5.364168514164397,5.364168514164397,5.364168514164397,5.364168514164397,5.364168514164397,5.364168514164397,5.364168514164397,5.364168514164397,5.364168514164397,5.364168514164397,5.364168514164397,5.364168514164397,5.364168514164397,5.364168514164397,5.364168514164397,5.364168514164397,5.364168514164397,5.364168514164397,5.364168514164397,5.364168514164397,5.364168514164397,5.364168514164397,5.364168514164397,5.364168514164397,5.364168514164397,5.364168514164397,5.364168514164397,5.364168514164397,5.364168514164397,5.364168514164397,5.364168514164397,5.364168514164397,5.364168514164397,5.364168514164397,5.364168514164397,5.364168514164397,5.364168514164397,5.364168514164397,5.364168514164397,5.364168514164397,5.364168514164397,5.364168514164397,5.364168514164397,5.364168514164397,5.364168514164397,5.364168514164397,5.364168514164397,5.364168514164397,5.364168514164397,5.364168514164397,5.364168514164397,5.364168514164397,5.364168514164397,5.364168514164397,5.364168514164397,5.364168514164397,5.364168514164397,5.364168514164397,5.364168514164397,5.364168514164397,5.364168514164397,5.364168514164397,5.364168514164397,5.364168514164397,5.364168514164397,5.364168514164397,5.364168514164397,5.364168514164397,5.364168514164397,5.364168514164397,5.364168514164397,5.364168514164397,5.364168514164397,5.364168514164397,5.258892950110758,5.258892950110758,5.258892950110758,5.258892950110758,5.258892950110758,5.258892950110758,5.258892950110758,5.155558961878836,5.155558961878836,5.155558961878836,5.155558961878836,5.155558961878836,5.155558961878836,5.155558961878836,5.155558961878836,5.155558961878836,5.155558961878836,5.155558961878836,5.155558961878836,5.155558961878836,5.155558961878836,5.155558961878836,5.155558961878836,5.155558961878836,5.155558961878836,5.155558961878836,5.155558961878836,5.155558961878836,5.155558961878836,5.155558961878836,5.155558961878836,5.155558961878836,5.155558961878836,5.155558961878836,5.155558961878836,5.155558961878836,5.155558961878836,5.155558961878836,5.155558961878836,5.155558961878836,5.155558961878836,5.155558961878836,5.155558961878836,5.155558961878836,5.155558961878836,5.155558961878836,5.155558961878836,5.155558961878836,5.155558961878836,5.155558961878836,5.155558961878836,5.155558961878836,5.155558961878836,5.155558961878836,5.155558961878836,5.155558961878836,5.155558961878836,5.155558961878836,5.155558961878836,5.155558961878836,5.155558961878836,5.155558961878836,5.155558961878836,5.155558961878836,5.155558961878836,5.155558961878836,5.155558961878836,5.155558961878836,5.155558961878836,5.155558961878836,5.155558961878836,5.155558961878836,5.155558961878836,5.155558961878836,5.155558961878836,5.155558961878836,5.155558961878836,5.155558961878836,5.155558961878836,5.155558961878836,5.155558961878836,5.155558961878836,5.155558961878836,5.155558961878836,5.155558961878836,5.155558961878836,5.155558961878836,5.155558961878836,5.155558961878836,5.155558961878836,5.155558961878836,5.155558961878836,5.155558961878836,5.155558961878836,5.155558961878836,5.155558961878836,5.155558961878836,5.155558961878836,5.155558961878836,5.155558961878836,5.155558961878836,5.155558961878836,5.155558961878836,5.155558961878836,5.155558961878836,5.155558961878836,5.155558961878836,5.155558961878836,5.155558961878836,5.155558961878836,5.155558961878836,5.155558961878836,5.155558961878836,5.155558961878836,5.155558961878836,5.155558961878836,5.155558961878836,5.155558961878836,5.155558961878836,5.155558961878836,5.155558961878836,5.155558961878836,5.155558961878836,5.155558961878836,5.155558961878836,5.155558961878836,5.155558961878836,5.155558961878836,5.155558961878836,5.155558961878836,5.155558961878836,5.155558961878836,5.155558961878836,5.155558961878836,5.155558961878836,5.155558961878836,5.155558961878836,5.155558961878836,5.155558961878836,5.155558961878836,5.155558961878836,5.155558961878836,5.155558961878836,5.155558961878836,5.155558961878836,5.155558961878836,5.155558961878836,5.155558961878836,5.155558961878836,5.155558961878836,5.155558961878836,5.155558961878836,5.155558961878836,5.155558961878836,5.155558961878836,5.155558961878836,5.155558961878836,5.155558961878836,5.155558961878836,5.155558961878836,5.155558961878836,5.155558961878836,5.155558961878836,5.155558961878836,5.155558961878836,5.155558961878836,5.155558961878836,5.155558961878836,5.155558961878836,5.155558961878836,5.155558961878836,5.155558961878836,5.155558961878836,5.155558961878836,5.155558961878836,5.155558961878836,5.155558961878836,5.155558961878836,5.155558961878836,5.155558961878836,5.155558961878836,5.155558961878836,5.155558961878836,5.155558961878836,5.155558961878836,5.155558961878836,5.155558961878836,5.155558961878836,5.155558961878836,5.155558961878836,5.155558961878836,5.155558961878836,5.155558961878836,5.155558961878836,5.155558961878836,5.155558961878836,5.155558961878836,5.155558961878836,5.155558961878836,5.155558961878836,5.155558961878836,5.155558961878836,5.155558961878836,5.155558961878836,5.155558961878836,5.155558961878836,5.155558961878836,5.155558961878836,5.155558961878836,5.155558961878836,5.155558961878836,5.155558961878836,5.155558961878836,5.155558961878836,5.155558961878836,5.155558961878836,5.155558961878836,5.155558961878836,5.155558961878836,5.155558961878836,5.155558961878836,5.155558961878836,5.155558961878836,5.155558961878836,5.155558961878836,5.155558961878836,5.155558961878836,5.155558961878836,5.155558961878836,5.155558961878836,5.155558961878836,5.155558961878836,5.155558961878836,5.155558961878836,5.155558961878836,5.155558961878836,5.155558961878836,5.155558961878836,5.155558961878836,5.155558961878836,5.155558961878836,5.155558961878836,5.155558961878836,5.155558961878836,5.155558961878836,5.155558961878836,5.155558961878836,5.155558961878836,5.155558961878836,5.155558961878836,5.155558961878836,5.155558961878836,5.155558961878836,5.155558961878836,5.155558961878836,5.155558961878836,5.155558961878836,5.155558961878836,5.155558961878836,5.155558961878836,5.155558961878836,5.155558961878836,5.155558961878836,5.155558961878836,5.155558961878836,5.155558961878836,5.155558961878836,5.155558961878836,5.155558961878836,5.155558961878836,5.155558961878836,5.155558961878836,5.155558961878836,5.155558961878836,5.155558961878836,5.155558961878836,5.155558961878836,5.155558961878836,5.155558961878836,5.155558961878836,5.155558961878836,5.155558961878836,5.155558961878836,5.155558961878836,5.155558961878836,5.155558961878836,5.155558961878836,5.155558961878836,5.155558961878836,5.155558961878836,5.155558961878836,5.155558961878836,5.155558961878836,5.155558961878836,5.155558961878836,5.155558961878836,5.155558961878836,5.155558961878836,5.155558961878836,5.155558961878836,5.155558961878836,5.155558961878836,5.155558961878836,5.155558961878836,5.155558961878836,5.155558961878836,5.155558961878836,5.155558961878836,5.155558961878836,5.155558961878836,5.155558961878836,5.155558961878836,5.155558961878836,5.155558961878836,5.155558961878836,5.155558961878836,5.155558961878836,5.155558961878836,5.155558961878836,5.155558961878836,5.155558961878836,5.155558961878836,5.155558961878836,5.155558961878836,5.155558961878836,5.155558961878836,5.155558961878836,5.155558961878836,5.155558961878836,5.155558961878836,5.155558961878836,5.155558961878836,5.155558961878836,5.155558961878836,5.155558961878836,5.155558961878836,5.155558961878836,5.155558961878836,5.155558961878836,5.155558961878836,5.155558961878836,5.155558961878836,5.155558961878836,5.155558961878836,5.155558961878836,5.155558961878836,5.155558961878836,5.155558961878836,5.155558961878836,5.155558961878836,5.155558961878836,5.155558961878836,5.155558961878836,5.155558961878836,5.155558961878836,5.155558961878836,5.155558961878836,5.155558961878836,5.155558961878836,5.155558961878836,5.155558961878836,5.155558961878836,5.155558961878836,5.155558961878836,5.155558961878836,5.155558961878836,5.155558961878836,5.155558961878836,5.155558961878836,5.155558961878836,5.155558961878836,5.155558961878836,5.155558961878836,5.155558961878836,5.155558961878836,5.155558961878836,5.155558961878836,5.155558961878836,5.155558961878836,5.155558961878836,5.155558961878836,5.155558961878836,5.155558961878836,5.155558961878836,5.155558961878836,5.155558961878836,5.155558961878836,5.155558961878836,5.155558961878836,5.155558961878836,5.155558961878836,5.155558961878836,5.155558961878836,5.155558961878836,5.155558961878836,5.155558961878836,5.155558961878836,5.155558961878836,5.155558961878836,5.155558961878836,5.155558961878836,5.155558961878836,5.155558961878836,5.155558961878836,5.155558961878836,5.155558961878836,5.155558961878836,5.155558961878836,5.155558961878836,5.155558961878836,5.155558961878836,5.155558961878836,5.155558961878836,5.155558961878836,5.155558961878836,5.155558961878836,5.155558961878836,5.155558961878836,5.155558961878836,5.155558961878836,5.155558961878836,5.155558961878836,5.155558961878836,5.155558961878836,5.155558961878836,5.155558961878836,5.155558961878836,5.155558961878836,5.155558961878836,5.155558961878836,5.155558961878836,5.155558961878836,5.155558961878836,5.155558961878836,5.155558961878836,5.155558961878836,5.155558961878836,5.155558961878836,5.155558961878836,5.155558961878836,5.155558961878836,5.155558961878836,5.155558961878836,5.155558961878836,5.155558961878836,5.155558961878836,7.078555882374981,7.078555882374981,7.003700973541972,6.368222220883263,6.368222220883263,6.368222220883263,6.368222220883263,6.368222220883263,6.368222220883263,6.368222220883263,6.368222220883263,6.368222220883263,6.368222220883263,6.368222220883263,6.368222220883263,6.27812548245914,6.27812548245914,6.27812548245914,6.27812548245914,6.27812548245914,6.27812548245914,6.27812548245914,6.27812548245914,6.27812548245914,6.27812548245914,6.27812548245914,6.27812548245914,6.27812548245914,6.27812548245914,6.27812548245914,6.27812548245914,6.27812548245914,6.27812548245914,6.27812548245914,6.27812548245914,6.27812548245914,6.27812548245914,6.27812548245914,6.27812548245914,6.27812548245914,6.27812548245914,6.27812548245914,6.27812548245914,6.27812548245914,6.27812548245914,6.27812548245914,6.27812548245914,6.27812548245914,6.27812548245914,6.27812548245914,6.27812548245914,6.27812548245914,6.27812548245914,6.27812548245914,6.27812548245914,6.27812548245914,5.985118454962311,4.902602613590994,4.902602613590994,4.902602613590994,4.877670074667204,4.877670074667204,4.877670074667204,4.877670074667204,4.877670074667204,4.877670074667204,4.877670074667204,4.743649698209876,4.743649698209876,4.743649698209876,4.743649698209876,4.743649698209876,4.743649698209876,4.743649698209876,4.743649698209876,4.743649698209876,4.4750182252440265,4.4750182252440265,4.4750182252440265,4.4750182252440265,4.4750182252440265,4.4750182252440265,4.4750182252440265,4.4750182252440265,4.4750182252440265,4.4750182252440265,4.4750182252440265,4.4750182252440265,4.4750182252440265,4.4750182252440265,4.4750182252440265,4.4750182252440265,4.4750182252440265,4.4750182252440265,4.4750182252440265,4.4750182252440265,4.4750182252440265,4.4750182252440265,4.4750182252440265,4.4750182252440265,4.4750182252440265,4.4750182252440265,4.4750182252440265,4.4750182252440265,4.4750182252440265,4.4750182252440265,4.4750182252440265,4.4750182252440265,4.4750182252440265,4.4750182252440265,4.4750182252440265,4.4750182252440265,4.4750182252440265,4.4750182252440265,4.4750182252440265,4.4750182252440265,4.4750182252440265,4.4750182252440265,4.4750182252440265,4.4750182252440265,4.4750182252440265,4.4750182252440265,4.4750182252440265,4.4750182252440265,4.4750182252440265,4.4750182252440265,4.4750182252440265,4.4750182252440265,4.4750182252440265,4.4750182252440265,4.4750182252440265,4.4750182252440265,4.4750182252440265,4.4750182252440265,4.4750182252440265,4.4750182252440265,4.4750182252440265,4.4750182252440265,4.4750182252440265,4.4750182252440265,4.4750182252440265,4.4750182252440265,4.4750182252440265,4.4750182252440265,4.4750182252440265,4.4750182252440265,4.4750182252440265,4.4750182252440265,4.4750182252440265,4.4750182252440265,4.4750182252440265,4.4750182252440265,4.4750182252440265,4.4750182252440265,4.4750182252440265,4.4750182252440265,4.4750182252440265,4.4750182252440265,4.4750182252440265,4.4750182252440265,4.4750182252440265,4.4750182252440265,3.896481339014524,3.896481339014524,3.896481339014524,3.6577960721352145,3.6577960721352145,3.6577960721352145,3.6577960721352145,3.6577960721352145,3.6577960721352145,3.6577960721352145,3.6577960721352145,3.6577960721352145,3.6577960721352145,3.6577960721352145,3.6577960721352145,3.6577960721352145,3.6577960721352145,3.6577960721352145,3.6577960721352145,3.6577960721352145,3.6577960721352145,3.6577960721352145,3.6577960721352145,3.6577960721352145,3.6577960721352145,3.6577960721352145,3.6577960721352145,3.6577960721352145,3.6577960721352145,3.6577960721352145,3.6577960721352145,3.6577960721352145,3.6577960721352145,3.6577960721352145,3.6577960721352145,3.6577960721352145,3.6577960721352145,3.6577960721352145,3.6577960721352145,3.6577960721352145,3.6577960721352145,3.6577960721352145,3.6577960721352145,3.6577960721352145,3.6577960721352145,3.6577960721352145,3.6577960721352145,3.6577960721352145,3.6577960721352145,3.6577960721352145,3.6577960721352145,3.6577960721352145,3.6577960721352145,3.6577960721352145,3.6577960721352145,3.6577960721352145,3.6577960721352145,3.6577960721352145,3.6577960721352145,3.6577960721352145,3.6577960721352145,3.6577960721352145,3.6577960721352145,3.6577960721352145,3.6577960721352145,3.6577960721352145,3.6577960721352145,3.6577960721352145,3.6577960721352145,3.6577960721352145,3.6577960721352145,3.6577960721352145,3.6577960721352145,3.6577960721352145,3.6577960721352145,3.6577960721352145,3.6577960721352145,3.6577960721352145,3.6577960721352145,3.6577960721352145,3.6577960721352145,3.6577960721352145,3.6577960721352145,3.6577960721352145,3.6577960721352145,3.6577960721352145,3.6577960721352145,3.6577960721352145,3.6577960721352145,3.6577960721352145,3.6577960721352145,3.6577960721352145,3.6577960721352145,3.6577960721352145,3.6577960721352145,3.6577960721352145,3.6577960721352145,3.6577960721352145,3.6577960721352145,3.6577960721352145,3.6577960721352145,3.6577960721352145,3.6577960721352145,3.6577960721352145,3.6577960721352145,3.6577960721352145,3.6577960721352145,3.6577960721352145,3.6577960721352145,3.6577960721352145,3.6577960721352145,3.6577960721352145,3.6577960721352145,3.6577960721352145,3.6577960721352145,3.6577960721352145,3.6577960721352145,3.6577960721352145,3.6577960721352145,3.6577960721352145,3.6577960721352145,3.6577960721352145,3.6577960721352145,3.6577960721352145,3.6577960721352145,3.6577960721352145,3.6577960721352145,3.6577960721352145,3.6577960721352145,3.6577960721352145,3.6577960721352145,3.6577960721352145,3.6577960721352145,3.6577960721352145,3.6577960721352145,3.6577960721352145,3.6577960721352145,3.6577960721352145,3.6577960721352145,3.6577960721352145,3.6577960721352145,3.6577960721352145,3.6577960721352145,3.6577960721352145,3.6577960721352145,3.6577960721352145,3.6577960721352145,3.6577960721352145,3.6577960721352145,3.6577960721352145,3.6577960721352145,3.6577960721352145,3.6577960721352145,3.6577960721352145,3.6577960721352145,3.6577960721352145,3.6577960721352145,3.6577960721352145,3.6577960721352145,3.6577960721352145,3.6577960721352145,3.6577960721352145,3.6577960721352145,3.6577960721352145,3.6577960721352145,3.6577960721352145,3.6577960721352145,3.6577960721352145,3.6577960721352145,3.6577960721352145,3.6577960721352145,3.6577960721352145,3.6577960721352145,3.6577960721352145,3.6577960721352145,3.6577960721352145,3.6577960721352145,3.6577960721352145,3.6577960721352145,3.6577960721352145,3.6577960721352145,3.6577960721352145,3.6577960721352145,3.6577960721352145,3.6577960721352145,3.6577960721352145,3.6577960721352145,3.6577960721352145,3.6577960721352145,3.6577960721352145,3.6577960721352145,3.6577960721352145,3.6577960721352145,3.6577960721352145,3.6577960721352145,3.6577960721352145,3.6577960721352145,3.6577960721352145,3.6577960721352145,3.6577960721352145,3.6577960721352145,3.6577960721352145,3.6577960721352145,3.6577960721352145,3.6577960721352145,3.6577960721352145,3.6577960721352145,3.6577960721352145,3.6577960721352145,3.6577960721352145,3.6577960721352145,3.6577960721352145,3.6577960721352145,3.6577960721352145,3.6577960721352145,3.6577960721352145,3.6577960721352145,3.6577960721352145,3.6577960721352145,3.6577960721352145,3.6577960721352145,3.6577960721352145,3.6577960721352145,3.6577960721352145,3.6577960721352145,3.6577960721352145,3.6577960721352145,3.6577960721352145,3.6577960721352145,3.6577960721352145,3.6577960721352145,3.6577960721352145,3.6577960721352145,3.6577960721352145,3.6577960721352145,3.6577960721352145,3.6577960721352145,3.6577960721352145,3.6577960721352145,3.6577960721352145,3.6577960721352145,3.6577960721352145,3.6577960721352145,3.6577960721352145,3.6577960721352145,3.6577960721352145,3.6577960721352145,3.6577960721352145,3.6577960721352145,3.6577960721352145,3.6577960721352145,3.6577960721352145,3.6577960721352145,3.6577960721352145,3.6577960721352145,3.6577960721352145,3.6577960721352145,3.6577960721352145,3.6577960721352145,3.6577960721352145,3.6577960721352145,3.6577960721352145,3.6577960721352145,3.6577960721352145,3.6577960721352145,3.6577960721352145,3.6577960721352145,3.6577960721352145,3.6577960721352145,3.6577960721352145,3.6577960721352145,3.6577960721352145,3.6577960721352145,3.6577960721352145,3.6577960721352145,3.6577960721352145,3.6577960721352145,3.6577960721352145,3.6577960721352145,3.6577960721352145,3.6577960721352145,3.6577960721352145,3.6577960721352145,3.6577960721352145,3.6577960721352145,3.6577960721352145,3.6577960721352145,3.6577960721352145,3.6577960721352145,3.6577960721352145,3.6577960721352145,3.6577960721352145,3.6577960721352145,3.6577960721352145,3.6577960721352145,3.6577960721352145,3.6577960721352145,3.6577960721352145,3.6577960721352145,3.6577960721352145,3.6577960721352145,3.6577960721352145,3.6577960721352145,3.6577960721352145,3.6577960721352145,3.6577960721352145,3.6577960721352145,3.6577960721352145,3.6577960721352145,3.6577960721352145,3.6577960721352145,3.6577960721352145,3.6577960721352145,3.6577960721352145,3.6577960721352145,3.6577960721352145,3.6577960721352145,3.6577960721352145,3.6577960721352145,3.6577960721352145,3.6577960721352145,3.6577960721352145,3.6577960721352145,3.6577960721352145,3.6577960721352145,3.6577960721352145,3.6577960721352145,3.6577960721352145,3.6577960721352145,3.6577960721352145,3.6577960721352145,3.6577960721352145,3.6577960721352145,3.6577960721352145,3.6577960721352145,3.6577960721352145,3.6577960721352145,3.6577960721352145,3.6577960721352145,3.6577960721352145,3.6577960721352145,3.6577960721352145,3.6577960721352145,3.6577960721352145,3.6577960721352145,3.6577960721352145,3.6577960721352145,3.6577960721352145,3.6577960721352145,3.6577960721352145,3.6577960721352145,3.6577960721352145,3.6577960721352145,3.6577960721352145,3.6577960721352145,3.6577960721352145,3.6577960721352145,3.6577960721352145,3.6577960721352145,3.6577960721352145,3.6577960721352145,3.6577960721352145,3.6577960721352145,3.6577960721352145,3.6577960721352145,3.6577960721352145,3.6577960721352145,3.6577960721352145,3.6577960721352145,3.6577960721352145,3.6577960721352145,3.6577960721352145,3.6577960721352145,3.6577960721352145,3.6577960721352145,3.6577960721352145,3.6577960721352145,3.6577960721352145,3.6577960721352145,3.6577960721352145,3.6577960721352145,3.6577960721352145,3.6577960721352145,3.6577960721352145,3.6577960721352145,3.6577960721352145,3.6577960721352145,3.6577960721352145,3.6577960721352145,3.6577960721352145,3.6577960721352145,3.6577960721352145,3.6577960721352145,3.6577960721352145,3.6577960721352145,3.6577960721352145,3.6577960721352145,3.6577960721352145,3.6577960721352145,3.6577960721352145,3.6577960721352145,3.6577960721352145,3.6577960721352145,3.6577960721352145,3.6577960721352145,3.6577960721352145,3.6577960721352145,3.6577960721352145,3.6577960721352145,3.6577960721352145,3.6577960721352145,3.6577960721352145,3.6577960721352145,3.6577960721352145,3.6577960721352145,3.6577960721352145,3.6577960721352145,3.6577960721352145,3.6577960721352145,3.6577960721352145,3.6577960721352145,3.6577960721352145,3.6577960721352145,3.6577960721352145,3.6577960721352145,3.6577960721352145,3.6577960721352145,3.6577960721352145,3.6577960721352145,3.6577960721352145,3.6577960721352145,3.6577960721352145,3.6577960721352145,3.6577960721352145,3.6577960721352145,3.6577960721352145,3.6577960721352145,3.6577960721352145,3.6577960721352145,3.6577960721352145,3.6577960721352145,3.6577960721352145,3.6577960721352145,3.6577960721352145,3.6577960721352145,3.6577960721352145,3.6577960721352145,3.6577960721352145,3.6577960721352145,3.6577960721352145,3.6577960721352145,3.6577960721352145,3.6577960721352145,3.6577960721352145,3.6577960721352145,3.6577960721352145,3.6577960721352145,3.6577960721352145,3.6577960721352145,3.6577960721352145,3.6577960721352145,3.6577960721352145,3.6577960721352145,3.6577960721352145,3.6577960721352145,3.6577960721352145,3.6577960721352145,3.6577960721352145,3.6577960721352145,3.6577960721352145,3.6577960721352145,3.6577960721352145,3.6577960721352145,3.6577960721352145,3.6577960721352145,3.6577960721352145,3.6577960721352145,3.6577960721352145,3.6577960721352145,3.6577960721352145,3.6577960721352145,3.6577960721352145,3.6577960721352145,3.6577960721352145,3.6577960721352145,3.6577960721352145,3.6577960721352145,3.6577960721352145,3.6577960721352145,3.6577960721352145,3.6577960721352145,3.6577960721352145,3.6577960721352145,3.6577960721352145,3.6577960721352145,3.6577960721352145,3.6577960721352145,3.6577960721352145,3.6577960721352145,3.6577960721352145,3.6577960721352145,3.6577960721352145,3.6577960721352145,3.6577960721352145,3.6577960721352145,3.6577960721352145,3.6577960721352145,3.6577960721352145,3.6577960721352145,3.6577960721352145,3.6577960721352145,3.6577960721352145,3.6577960721352145,3.6577960721352145,3.6577960721352145,3.6577960721352145,3.6577960721352145,3.6577960721352145,3.6577960721352145,3.6577960721352145,3.6577960721352145,3.6577960721352145,3.6577960721352145,3.6577960721352145,3.6577960721352145,3.6577960721352145,3.6577960721352145,3.6577960721352145,3.6577960721352145,3.6577960721352145,3.6577960721352145,3.6577960721352145,3.6577960721352145,3.6577960721352145,3.6577960721352145,3.6577960721352145,3.6577960721352145,3.6577960721352145,3.6577960721352145,3.6577960721352145,3.6577960721352145,3.6577960721352145,3.6577960721352145,3.6577960721352145,3.6577960721352145,3.6577960721352145,3.6577960721352145,3.6577960721352145,3.6577960721352145,3.6577960721352145,3.6577960721352145,3.6577960721352145,3.6577960721352145,3.6577960721352145,3.6577960721352145,3.6577960721352145,3.6577960721352145,3.6577960721352145,3.6577960721352145,3.6577960721352145,3.6577960721352145,3.6577960721352145,3.6577960721352145,3.6577960721352145,3.6577960721352145,3.6577960721352145,3.6577960721352145,3.6577960721352145,3.6577960721352145,3.6577960721352145,3.6577960721352145,3.6577960721352145,3.6577960721352145,3.6577960721352145,3.6577960721352145,3.6577960721352145,3.6577960721352145,3.6577960721352145,3.6577960721352145,3.6577960721352145,3.6577960721352145,3.6577960721352145,3.6577960721352145,3.6577960721352145,3.6577960721352145,3.6577960721352145,3.6577960721352145,3.6577960721352145,3.6577960721352145,3.6577960721352145,3.6577960721352145,3.6577960721352145,3.6577960721352145,3.6577960721352145,3.6577960721352145,3.6577960721352145,3.6577960721352145,3.6577960721352145,3.6577960721352145,3.6577960721352145,3.6577960721352145,3.6577960721352145,3.6577960721352145,3.6577960721352145,3.6577960721352145,3.6577960721352145,3.6577960721352145,3.6577960721352145,3.6577960721352145,3.6577960721352145,3.6577960721352145,3.6577960721352145,3.6577960721352145,3.6577960721352145,3.6577960721352145,3.6577960721352145,3.6577960721352145,3.6577960721352145,3.6577960721352145,3.6577960721352145,3.6577960721352145,3.6577960721352145,3.6577960721352145,3.6577960721352145,3.6577960721352145,3.6577960721352145,3.6577960721352145,3.6577960721352145,3.6577960721352145,3.6577960721352145,3.6577960721352145,3.6577960721352145,3.6577960721352145,3.6577960721352145,3.6577960721352145,3.6577960721352145,3.6577960721352145,3.6577960721352145,3.6577960721352145,3.6577960721352145,3.6577960721352145,3.6577960721352145,3.6577960721352145,3.6577960721352145,3.6577960721352145,3.6577960721352145,3.6577960721352145,3.6577960721352145,3.6577960721352145,3.6577960721352145,3.6577960721352145,3.6577960721352145,3.6577960721352145,3.6577960721352145,3.6577960721352145,3.6577960721352145,3.6577960721352145,3.6577960721352145,3.6577960721352145,3.6577960721352145,3.6577960721352145,3.6577960721352145,3.6577960721352145,3.6577960721352145,3.6577960721352145,3.6577960721352145,3.6577960721352145,3.6577960721352145,3.6577960721352145,3.6577960721352145,3.6577960721352145,3.6577960721352145,3.6577960721352145,3.6577960721352145,3.6577960721352145,3.6577960721352145,3.6577960721352145,3.6577960721352145,3.6577960721352145,3.6577960721352145,3.6577960721352145,3.6577960721352145,3.6577960721352145,3.6577960721352145,3.6577960721352145,3.6577960721352145,3.6577960721352145,3.6577960721352145,3.6577960721352145,3.6577960721352145,3.6577960721352145,3.6577960721352145,3.6577960721352145,3.6577960721352145,3.6577960721352145,3.6577960721352145,3.6577960721352145,3.6577960721352145,3.6577960721352145,3.6577960721352145,3.6577960721352145,3.6577960721352145,3.6577960721352145,3.6577960721352145,3.6577960721352145,3.6577960721352145,3.6577960721352145,3.6577960721352145,3.6577960721352145,3.6577960721352145,3.6577960721352145,3.6577960721352145,3.6577960721352145,3.6577960721352145,3.6577960721352145,3.6577960721352145,3.6577960721352145,3.6577960721352145,3.6577960721352145,3.6577960721352145,3.6577960721352145,3.6577960721352145,3.6577960721352145,3.6577960721352145,3.6577960721352145,3.6577960721352145,3.6577960721352145,3.6577960721352145,3.6577960721352145,3.6577960721352145,3.6577960721352145,3.6577960721352145,3.6577960721352145,3.6577960721352145,3.6577960721352145,3.6577960721352145,3.6577960721352145,3.6577960721352145,3.6577960721352145,3.6577960721352145,3.6577960721352145,3.6577960721352145,3.6577960721352145,3.6577960721352145,3.6577960721352145,3.6577960721352145,3.6577960721352145,3.6577960721352145,3.6577960721352145,3.6577960721352145,3.6577960721352145,3.6577960721352145,3.6577960721352145,3.6577960721352145,3.6577960721352145,3.6577960721352145,3.6577960721352145,3.6577960721352145,3.6577960721352145,3.6577960721352145,3.6577960721352145,3.6577960721352145,3.6577960721352145,3.6577960721352145,3.6577960721352145,3.6577960721352145,3.6577960721352145,3.6577960721352145,3.6577960721352145,3.6577960721352145,3.6577960721352145,3.6577960721352145,3.6577960721352145,3.6577960721352145,3.6577960721352145,3.6577960721352145,3.6577960721352145,3.6577960721352145,3.6577960721352145,3.6577960721352145,3.6577960721352145,3.6577960721352145,3.6577960721352145,3.6577960721352145,3.6577960721352145,3.6577960721352145,3.6577960721352145,3.6577960721352145,3.6577960721352145,3.6577960721352145,3.6577960721352145,3.6577960721352145,3.6577960721352145,3.6577960721352145,3.6577960721352145,3.6577960721352145,3.6577960721352145,3.6577960721352145,3.6577960721352145,3.6577960721352145,3.6577960721352145,3.6577960721352145,3.6577960721352145,3.6577960721352145,3.6577960721352145,3.6577960721352145,3.6577960721352145,3.6577960721352145,3.6577960721352145,3.6577960721352145,3.6577960721352145,3.6577960721352145,3.6577960721352145,3.6577960721352145,3.6577960721352145,3.6577960721352145,3.6577960721352145,3.6577960721352145,3.6577960721352145,3.6577960721352145,3.6577960721352145,3.6577960721352145,3.6577960721352145,3.6577960721352145,3.6577960721352145,3.6577960721352145,3.6577960721352145,3.6577960721352145,3.6577960721352145,3.6577960721352145,3.6577960721352145,3.6577960721352145,3.6577960721352145,3.6577960721352145,3.6577960721352145,3.6577960721352145,3.6577960721352145,3.6577960721352145,7.093189139918841,7.093189139918841,7.093189139918841,7.093189139918841,7.093189139918841,7.093189139918841,7.093189139918841,7.093189139918841,7.093189139918841,6.569373741408195,6.569373741408195,6.569373741408195,6.569373741408195,6.569373741408195,6.569373741408195,6.569373741408195,6.569373741408195,6.569373741408195,6.569373741408195,6.569373741408195,6.569373741408195,6.569373741408195,6.569373741408195,6.569373741408195,6.569373741408195,6.499964309071806,6.291271566244908,6.291271566244908,6.291271566244908,6.291271566244908,6.291271566244908,6.291271566244908,6.291271566244908,6.194746721898071,6.194746721898071,6.194746721898071,6.194746721898071,6.194746721898071,6.194746721898071,6.194746721898071,6.194746721898071,6.194746721898071,6.194746721898071,6.194746721898071,6.194746721898071,6.194746721898071,6.194746721898071,5.889767170230727,5.889767170230727,5.889767170230727,5.889767170230727,5.889767170230727,5.889767170230727,5.889767170230727,5.889767170230727,5.889767170230727,5.889767170230727,5.889767170230727,5.889767170230727,5.889767170230727,5.889767170230727,5.889767170230727,5.889767170230727,5.889767170230727,5.889767170230727,5.889767170230727,5.889767170230727,5.889767170230727,5.889767170230727,5.889767170230727,5.889767170230727,5.889767170230727,5.889767170230727,5.889767170230727,5.889767170230727,5.889767170230727,5.889767170230727,5.889767170230727,5.889767170230727,5.889767170230727,5.889767170230727,5.889767170230727,5.889767170230727,5.889767170230727,5.889767170230727,5.889767170230727,5.889767170230727,5.889767170230727,5.889767170230727,5.889767170230727,5.889767170230727,5.889767170230727,5.889767170230727,5.889767170230727,5.889767170230727,5.889767170230727,5.889767170230727,5.889767170230727,5.889767170230727,5.889767170230727,5.889767170230727,5.889767170230727,5.889767170230727,5.889767170230727,5.889767170230727,5.889767170230727,5.889767170230727,5.889767170230727,5.889767170230727,5.889767170230727,5.889767170230727,5.889767170230727,5.889767170230727,5.889767170230727,5.889767170230727,5.889767170230727,5.889767170230727,5.889767170230727,5.889767170230727,5.889767170230727,5.889767170230727,5.889767170230727,5.889767170230727,5.889767170230727,5.889767170230727,5.889767170230727,5.889767170230727,5.889767170230727,5.889767170230727,5.889767170230727,5.889767170230727,5.889767170230727,5.889767170230727,5.889767170230727,5.889767170230727,5.889767170230727,5.889767170230727,5.889767170230727,5.889767170230727,5.889767170230727,5.889767170230727,5.889767170230727,5.889767170230727,5.889767170230727,5.889767170230727,5.889767170230727,5.889767170230727,5.889767170230727,5.889767170230727,5.889767170230727,5.889767170230727,5.889767170230727,5.889767170230727,5.889767170230727,5.889767170230727,5.889767170230727,5.889767170230727,5.889767170230727,5.889767170230727,5.889767170230727,5.889767170230727,5.889767170230727,5.889767170230727,5.889767170230727,5.889767170230727,5.889767170230727,5.889767170230727,5.889767170230727,5.889767170230727,5.889767170230727,5.684142602382705,5.684142602382705,5.370382727377823,5.370382727377823,5.370382727377823,5.370382727377823,5.370382727377823,5.370382727377823,5.370382727377823,5.370382727377823,4.477617368086091,3.5319270085477488,3.5319270085477488,3.5319270085477488,3.5319270085477488,3.4959253841501745,3.4959253841501745,3.4959253841501745,3.4959253841501745,3.4959253841501745,3.4959253841501745,3.4959253841501745,3.4959253841501745,3.4959253841501745,3.4959253841501745,3.4959253841501745,3.4959253841501745,3.4959253841501745,3.4959253841501745,3.4959253841501745,3.4959253841501745,3.4959253841501745,3.4959253841501745,3.4959253841501745,3.4959253841501745,3.4959253841501745,3.4959253841501745,3.4959253841501745,3.4959253841501745,3.4959253841501745,3.4959253841501745,3.4959253841501745,3.4959253841501745,3.4959253841501745,3.4959253841501745,3.4959253841501745,3.4959253841501745,3.4959253841501745,3.4959253841501745,3.4959253841501745,3.4959253841501745,3.4959253841501745,3.4959253841501745,3.4959253841501745,3.4959253841501745,3.4959253841501745,3.4959253841501745,3.4959253841501745,3.4959253841501745,3.4959253841501745,3.4959253841501745,3.4959253841501745,3.4959253841501745,3.4959253841501745,3.4959253841501745,3.4959253841501745,3.4959253841501745,3.4959253841501745,3.4959253841501745,3.4959253841501745,3.4959253841501745,3.4959253841501745,3.4959253841501745,3.4959253841501745,3.4959253841501745,3.4959253841501745,3.4959253841501745,3.4959253841501745,3.4959253841501745,3.4959253841501745,3.4959253841501745,3.4959253841501745,3.4959253841501745,3.4959253841501745,3.4959253841501745,3.4959253841501745,3.4959253841501745,3.4959253841501745,3.4959253841501745,3.4959253841501745,3.4959253841501745,3.4959253841501745,3.4959253841501745,3.4959253841501745,3.4959253841501745,3.4959253841501745,3.4959253841501745,3.4959253841501745,3.4959253841501745,3.4959253841501745,3.4959253841501745,3.4959253841501745,3.4959253841501745,3.4959253841501745,3.4959253841501745,3.4959253841501745,3.4959253841501745,3.4959253841501745,3.4959253841501745,3.4959253841501745,3.4959253841501745,3.4959253841501745,3.4959253841501745,3.4959253841501745,3.4959253841501745,3.4959253841501745,3.4959253841501745,3.4959253841501745,3.4959253841501745,3.4959253841501745,3.4959253841501745,3.4959253841501745,3.4959253841501745,3.4959253841501745,3.4959253841501745,3.4959253841501745,3.4959253841501745,3.4959253841501745,3.4959253841501745,3.4959253841501745,3.4959253841501745,3.4959253841501745,3.4959253841501745,3.4959253841501745,3.4959253841501745,3.4959253841501745,3.4959253841501745,3.4959253841501745,3.4959253841501745,3.4959253841501745,3.4959253841501745,3.4959253841501745,3.4959253841501745,3.4959253841501745,3.4959253841501745,3.4959253841501745,3.4959253841501745,3.4959253841501745,3.4959253841501745,3.4959253841501745,3.4959253841501745,3.4959253841501745,3.4959253841501745,3.4959253841501745,3.4959253841501745,3.4959253841501745,3.4959253841501745,3.4959253841501745,3.4959253841501745,3.4959253841501745,3.4959253841501745,3.4959253841501745,3.4959253841501745,3.4959253841501745,3.4959253841501745,3.4959253841501745,3.4959253841501745,3.4959253841501745,3.4959253841501745,3.4959253841501745,3.4959253841501745,3.4959253841501745,3.4959253841501745,3.4959253841501745,3.4959253841501745,3.4959253841501745,3.4959253841501745,3.4959253841501745,3.4959253841501745,3.4959253841501745,3.4959253841501745,3.4959253841501745,3.4959253841501745,3.4959253841501745,3.4959253841501745,3.4959253841501745,3.4959253841501745,3.4959253841501745,3.4959253841501745,3.4959253841501745,3.4959253841501745,3.4959253841501745,3.4959253841501745,3.4959253841501745,3.4959253841501745,3.4959253841501745,3.4959253841501745,3.4959253841501745,3.4959253841501745,3.4959253841501745,3.4959253841501745,3.4959253841501745,3.4959253841501745,3.4959253841501745,3.4959253841501745,3.4959253841501745,3.4959253841501745,3.4959253841501745,3.4959253841501745,3.4959253841501745,3.4959253841501745,3.4959253841501745,3.4959253841501745,3.4959253841501745,3.4959253841501745,3.4959253841501745,3.4959253841501745,3.4959253841501745,3.4959253841501745,3.4959253841501745,3.4959253841501745,3.4959253841501745,3.4959253841501745,3.4959253841501745,3.4959253841501745,3.4959253841501745,3.4959253841501745,3.4959253841501745,3.4959253841501745,3.4959253841501745,3.4959253841501745,3.4959253841501745,3.4959253841501745,3.4959253841501745,3.4959253841501745,3.4959253841501745,3.4959253841501745,3.4959253841501745,3.4959253841501745,3.4959253841501745,3.4959253841501745,3.4959253841501745,3.4959253841501745,3.4959253841501745,3.4959253841501745,3.4959253841501745,3.4959253841501745,3.4959253841501745,3.4959253841501745,3.4959253841501745,3.4959253841501745,3.4959253841501745,3.4959253841501745,3.4959253841501745,3.4959253841501745,3.4959253841501745,3.4959253841501745,3.4959253841501745,3.4959253841501745,3.4959253841501745,3.4959253841501745,3.4959253841501745,3.4959253841501745,3.4959253841501745,3.4959253841501745,3.4959253841501745,3.4959253841501745,3.4959253841501745,3.4959253841501745,3.4959253841501745,3.4959253841501745,3.4959253841501745,3.4959253841501745,3.4959253841501745,3.4959253841501745,3.4959253841501745,3.4959253841501745,3.4959253841501745,3.4959253841501745,3.4959253841501745,3.4959253841501745,3.4959253841501745,3.4959253841501745,3.4959253841501745,3.4959253841501745,3.4959253841501745,3.4959253841501745,3.4959253841501745,3.4959253841501745,3.4959253841501745,3.4959253841501745,3.4959253841501745,3.4959253841501745,3.4959253841501745,3.4959253841501745,3.4959253841501745,3.4959253841501745,3.4959253841501745,3.4959253841501745,3.4959253841501745,3.4959253841501745,3.4959253841501745,3.4959253841501745,3.4959253841501745,3.4959253841501745,3.4959253841501745,3.4959253841501745,3.4959253841501745,3.4959253841501745,3.4959253841501745,3.4959253841501745,3.4959253841501745,3.4959253841501745,3.4959253841501745,3.4959253841501745,3.4959253841501745,3.4959253841501745,3.4959253841501745,3.4959253841501745,3.4959253841501745,3.4959253841501745,3.4959253841501745,3.4959253841501745,3.4959253841501745,3.4959253841501745,3.4959253841501745,3.4959253841501745,3.4959253841501745,3.4959253841501745,3.4959253841501745,3.4959253841501745,3.4959253841501745,3.4959253841501745,3.4959253841501745,3.4959253841501745,3.4959253841501745,3.4959253841501745,3.4959253841501745,3.4959253841501745,3.4959253841501745,3.4959253841501745,3.4959253841501745,3.4959253841501745,3.4959253841501745,3.4959253841501745,3.4959253841501745,3.4959253841501745,3.4959253841501745,3.4959253841501745,3.4959253841501745,3.4959253841501745,3.4959253841501745,3.4959253841501745,3.4959253841501745,3.4959253841501745,3.4959253841501745,3.4959253841501745,3.4959253841501745,3.4959253841501745,3.4959253841501745,3.4959253841501745,3.4959253841501745,3.4959253841501745,3.4959253841501745,3.4959253841501745,3.4959253841501745,3.4959253841501745,3.4959253841501745,3.4959253841501745,3.4959253841501745,3.4959253841501745,3.4959253841501745,3.4959253841501745,3.4959253841501745,3.4959253841501745,3.4959253841501745,3.4959253841501745,3.4959253841501745,3.4959253841501745,3.4959253841501745,3.4959253841501745,3.4959253841501745,3.4959253841501745,3.4959253841501745,3.4959253841501745,3.4959253841501745,3.4959253841501745,3.4959253841501745,3.4959253841501745,3.4959253841501745,3.4959253841501745,3.4959253841501745,3.4959253841501745,3.4959253841501745,3.4959253841501745,3.4959253841501745,3.4959253841501745,3.4959253841501745,3.4959253841501745,3.4959253841501745,3.4959253841501745,3.4959253841501745,3.4959253841501745,3.4959253841501745,3.4959253841501745,3.4959253841501745,3.4959253841501745,3.4959253841501745,3.4959253841501745,3.4959253841501745,3.4959253841501745,3.4959253841501745,3.4959253841501745,3.4959253841501745,3.4959253841501745,3.4959253841501745,3.4959253841501745,3.4959253841501745,3.4959253841501745,3.4959253841501745,3.4959253841501745,3.4959253841501745,3.4959253841501745,3.4959253841501745,3.4959253841501745,3.4959253841501745,3.4959253841501745,3.4959253841501745,3.4959253841501745,3.4959253841501745,3.4959253841501745,3.4959253841501745,3.4959253841501745,3.4959253841501745,3.4959253841501745,3.4959253841501745,3.4959253841501745,3.4959253841501745,3.4959253841501745,3.4959253841501745,3.4959253841501745,3.4959253841501745,3.4959253841501745,3.4959253841501745,3.4959253841501745,3.4959253841501745,3.4959253841501745,3.4959253841501745,3.4959253841501745,3.4959253841501745,3.4959253841501745,3.4959253841501745,3.4959253841501745,3.4959253841501745,3.4959253841501745,3.4959253841501745,3.4959253841501745,3.4959253841501745,3.4959253841501745,3.4959253841501745,3.4959253841501745,3.4959253841501745,3.4959253841501745,3.4959253841501745,3.4959253841501745,3.4959253841501745,3.4959253841501745,3.4959253841501745,3.4959253841501745,3.4959253841501745,3.4959253841501745,3.4959253841501745,3.4959253841501745,3.4959253841501745,3.4959253841501745,3.4959253841501745,3.4959253841501745,3.4959253841501745,3.4959253841501745,3.4959253841501745,3.4959253841501745,3.4959253841501745,3.4959253841501745,3.4959253841501745,3.4959253841501745,3.4959253841501745,3.4959253841501745,3.4959253841501745,3.4959253841501745,3.4959253841501745,3.4959253841501745,3.4959253841501745,3.4959253841501745,3.4959253841501745,3.4959253841501745,3.4959253841501745,3.4959253841501745,3.4959253841501745,3.4959253841501745,3.4959253841501745,3.4959253841501745,3.4959253841501745,3.4959253841501745,3.4959253841501745,3.4959253841501745,3.4959253841501745,3.4959253841501745,3.4959253841501745,3.4959253841501745,3.4959253841501745,3.4959253841501745,3.4959253841501745,3.4959253841501745,3.4959253841501745,3.4959253841501745,3.4959253841501745,3.4959253841501745,3.4959253841501745,3.4959253841501745,3.4959253841501745,3.4959253841501745,3.4959253841501745,3.4959253841501745,3.4959253841501745,3.4959253841501745,3.4959253841501745,3.4959253841501745,3.4959253841501745,3.4959253841501745,3.4959253841501745,3.4959253841501745,3.4959253841501745,3.4959253841501745,3.4959253841501745,3.4959253841501745,3.4959253841501745,3.4959253841501745,3.4959253841501745,3.4959253841501745,3.4959253841501745,3.4959253841501745,3.4959253841501745,3.4959253841501745,3.4959253841501745,3.4959253841501745,3.4959253841501745,3.4959253841501745,3.4959253841501745,3.4959253841501745,3.4959253841501745,3.4959253841501745,3.4959253841501745,3.4959253841501745,3.4959253841501745,3.4959253841501745,3.4959253841501745,3.4959253841501745,3.4959253841501745,3.4959253841501745,3.4959253841501745,3.4959253841501745,3.4959253841501745,3.4959253841501745,3.4959253841501745,3.4959253841501745,3.4959253841501745,3.4959253841501745,3.4959253841501745,3.4959253841501745,3.4959253841501745,3.4959253841501745,3.4959253841501745,3.4959253841501745,3.4959253841501745,3.4959253841501745,3.4959253841501745,3.4959253841501745,3.4959253841501745,3.4959253841501745,3.4959253841501745,3.4959253841501745,3.4959253841501745,3.4959253841501745,3.4959253841501745,3.4959253841501745,3.4959253841501745,3.4959253841501745,3.4959253841501745,3.4959253841501745,3.4959253841501745,3.4959253841501745,3.4959253841501745,3.4959253841501745,3.4959253841501745,3.4959253841501745,3.4959253841501745,3.4959253841501745,3.4959253841501745,3.4959253841501745,3.4959253841501745,3.4959253841501745,3.4959253841501745,3.4959253841501745,3.4959253841501745,3.4959253841501745,3.4959253841501745,3.4959253841501745,3.4959253841501745,3.4959253841501745,3.4959253841501745,3.4959253841501745,3.4959253841501745,3.4959253841501745,3.4959253841501745,3.4959253841501745,3.4959253841501745,3.4959253841501745,3.4959253841501745,3.4959253841501745,3.4959253841501745,3.4959253841501745,3.4959253841501745,3.4959253841501745,3.4959253841501745,3.4959253841501745,3.4959253841501745,3.4959253841501745,3.4959253841501745,3.4959253841501745,3.4959253841501745,3.4959253841501745,3.4959253841501745,3.4959253841501745,3.4959253841501745,3.4959253841501745,3.4959253841501745,3.4959253841501745,3.4959253841501745,3.4959253841501745,3.4959253841501745,3.4959253841501745,3.4959253841501745,3.4959253841501745,3.4959253841501745,3.4959253841501745,3.4959253841501745,3.4959253841501745,3.4959253841501745,3.4959253841501745,3.4959253841501745,3.4959253841501745,3.4959253841501745,3.4959253841501745,3.4959253841501745,3.4959253841501745,3.4959253841501745,3.4959253841501745,3.4959253841501745,3.4959253841501745,3.4959253841501745,3.4959253841501745,3.4959253841501745,3.4959253841501745,3.4959253841501745,3.4959253841501745,3.4959253841501745,3.4959253841501745,3.4959253841501745,3.4959253841501745,3.4959253841501745,3.4959253841501745,3.4959253841501745,3.4959253841501745,3.4959253841501745,3.4959253841501745,3.4959253841501745,3.4959253841501745,3.4959253841501745,3.4959253841501745,3.4959253841501745,3.4959253841501745,3.4959253841501745,3.4959253841501745,3.4959253841501745,3.4959253841501745,3.4959253841501745,3.4959253841501745,3.4959253841501745,3.4959253841501745,3.4959253841501745,3.4959253841501745,3.4959253841501745,3.4959253841501745,3.4959253841501745,3.4959253841501745,3.4959253841501745,3.4959253841501745,3.4959253841501745,3.4959253841501745,3.4959253841501745,3.4959253841501745,3.4959253841501745,3.4959253841501745,3.4959253841501745,3.4959253841501745,3.4959253841501745,3.4959253841501745,3.4959253841501745,3.4959253841501745,3.4959253841501745,3.4959253841501745,3.4959253841501745,3.4959253841501745,3.4959253841501745,3.4959253841501745,3.4959253841501745,3.4959253841501745,3.4959253841501745,3.4959253841501745,3.4959253841501745,3.4959253841501745,3.4959253841501745,3.4959253841501745,3.4959253841501745,3.4959253841501745,3.4959253841501745,3.4959253841501745,3.4959253841501745,3.4959253841501745,3.4959253841501745,3.4959253841501745,3.4959253841501745,3.4959253841501745,3.4959253841501745,3.4959253841501745,3.4959253841501745,3.4959253841501745,3.4959253841501745,3.4959253841501745,3.4959253841501745,3.4959253841501745,3.4959253841501745,3.4959253841501745,3.4959253841501745,3.4959253841501745,3.4959253841501745,3.4959253841501745,3.4959253841501745,3.4959253841501745,3.4959253841501745,3.4959253841501745,3.4959253841501745,3.4959253841501745,3.4959253841501745,3.4959253841501745,3.4959253841501745,3.4959253841501745,3.4959253841501745,3.4959253841501745,3.4959253841501745,3.4959253841501745,3.4959253841501745,3.4959253841501745,3.4959253841501745,3.4959253841501745,3.4959253841501745,3.4959253841501745,3.4959253841501745,3.4959253841501745,3.4959253841501745,3.4959253841501745,3.4959253841501745,3.4959253841501745,3.4959253841501745,3.4959253841501745,3.4959253841501745,3.4959253841501745,3.4959253841501745,3.4959253841501745,3.4959253841501745,3.4959253841501745,3.4959253841501745,3.4959253841501745,3.4959253841501745,3.4959253841501745,3.4959253841501745,3.4959253841501745,3.4959253841501745,3.4959253841501745,3.4959253841501745,3.4959253841501745,3.4959253841501745,3.4959253841501745,3.4959253841501745,3.4959253841501745,3.4959253841501745,3.4959253841501745,3.4959253841501745,3.4959253841501745,3.4959253841501745,3.4959253841501745,3.4959253841501745,3.4959253841501745,3.4959253841501745,3.4959253841501745,3.4959253841501745,3.4959253841501745,3.4959253841501745,3.4959253841501745,3.4959253841501745,3.4959253841501745,3.4959253841501745,3.4959253841501745,3.4959253841501745,3.4959253841501745,3.4959253841501745,3.4959253841501745,3.4959253841501745,3.4959253841501745,3.4959253841501745,3.4959253841501745,3.4959253841501745,3.4959253841501745,3.4959253841501745,3.4959253841501745,3.4959253841501745,3.4959253841501745,3.4959253841501745,3.4959253841501745,3.4959253841501745,8.138499630119648,8.068642917134476,8.068642917134476,7.35240815949692,7.35240815949692,7.313535506513864,7.313535506513864,7.260713498255644,6.808032237783008,6.808032237783008,6.808032237783008,6.776582887078479,6.77315578656759,6.77315578656759,6.77315578656759,6.77315578656759,6.77315578656759,6.77315578656759,6.77315578656759,6.77315578656759,6.77315578656759,6.77315578656759,6.77315578656759,6.77315578656759,6.77315578656759,6.77315578656759,6.77315578656759,6.77315578656759,6.77315578656759,6.77315578656759,6.77315578656759,6.77315578656759,6.77315578656759,6.77315578656759,6.77315578656759,6.77315578656759,6.598216462088242,6.598216462088242,6.598216462088242,6.598216462088242,6.550768241618824,6.550768241618824,6.531776069707837,6.2171771316738464,6.2171771316738464,6.2171771316738464,6.2171771316738464,6.2171771316738464,6.2171771316738464,6.2171771316738464,6.2171771316738464,6.2171771316738464,6.2171771316738464,6.2171771316738464,6.2171771316738464,6.2171771316738464,6.2171771316738464,6.2171771316738464,6.2171771316738464,6.2171771316738464,6.2171771316738464,6.2171771316738464,6.2171771316738464,6.2171771316738464,6.2171771316738464,6.2171771316738464,6.2171771316738464,6.2171771316738464,6.2171771316738464,6.2171771316738464,6.2171771316738464,6.2171771316738464,6.2171771316738464,6.2171771316738464,6.2171771316738464,6.2171771316738464,6.2171771316738464,6.2171771316738464,6.2171771316738464,6.2171771316738464,6.2171771316738464,6.2171771316738464,6.2171771316738464,6.2171771316738464,6.2171771316738464,6.2171771316738464,6.2171771316738464,6.2171771316738464,6.2171771316738464,6.2171771316738464,6.2171771316738464,6.2171771316738464,6.2171771316738464,6.2171771316738464,6.2171771316738464,6.2171771316738464,6.2171771316738464,6.2171771316738464,6.2171771316738464,6.2171771316738464,6.2171771316738464,6.2171771316738464,6.2171771316738464,6.2171771316738464,6.2171771316738464,6.2171771316738464,6.2171771316738464,6.2171771316738464,6.2171771316738464,6.2171771316738464,6.2171771316738464,6.2171771316738464,6.2171771316738464,6.2171771316738464,6.2171771316738464,6.2171771316738464,6.2171771316738464,6.2171771316738464,6.2171771316738464,6.2171771316738464,6.2171771316738464,6.2171771316738464,6.1868576614107615,6.1868576614107615,6.1868576614107615,6.1868576614107615,5.8370205966906425,5.8370205966906425,5.8370205966906425,5.8370205966906425,5.8370205966906425,5.8370205966906425,5.8370205966906425,5.8370205966906425,5.8370205966906425,5.8370205966906425,5.8370205966906425,5.8370205966906425,5.8370205966906425,5.8370205966906425,5.8370205966906425,5.8370205966906425,5.8370205966906425,5.8370205966906425,5.8370205966906425,5.8370205966906425,5.8370205966906425,5.8370205966906425,5.8370205966906425,5.8370205966906425,5.8370205966906425,5.8370205966906425,5.8370205966906425,5.8370205966906425,5.8370205966906425,5.8370205966906425,5.8370205966906425,5.8370205966906425,5.8370205966906425,5.699538702898023,5.699538702898023,5.699538702898023,5.699538702898023,5.699538702898023,5.699538702898023,5.699538702898023,5.699538702898023,5.699538702898023,5.699538702898023,5.699538702898023,5.699538702898023,5.699538702898023,5.699538702898023,5.699538702898023,5.699538702898023,5.699538702898023,5.699538702898023,5.699538702898023,5.699538702898023,5.699538702898023,5.699538702898023,5.699538702898023,5.699538702898023,5.699538702898023,5.699538702898023,5.699538702898023,5.699538702898023,5.699538702898023,5.699538702898023,5.699538702898023,5.699538702898023,5.699538702898023,5.699538702898023,5.699538702898023,5.699538702898023,5.699538702898023,5.699538702898023,5.699538702898023,5.699538702898023,5.699538702898023,5.699538702898023,5.699538702898023,5.699538702898023,5.699538702898023,5.699538702898023,5.699538702898023,5.699538702898023,5.699538702898023,5.699538702898023,5.699538702898023,5.699538702898023,5.699538702898023,5.699538702898023,5.699538702898023,5.699538702898023,5.699538702898023,5.699538702898023,5.699538702898023,5.699538702898023,5.699538702898023,5.699538702898023,5.699538702898023,5.699538702898023,5.699538702898023,5.699538702898023,5.699538702898023,5.699538702898023,5.699538702898023,5.699538702898023,5.15405686780923,5.15405686780923,5.15405686780923,5.114461166888205,5.101213562063433,5.101213562063433,5.101213562063433,5.101213562063433,5.101213562063433,5.101213562063433,5.101213562063433,5.101213562063433,5.101213562063433,5.101213562063433,5.101213562063433,5.101213562063433,5.101213562063433,5.101213562063433,5.101213562063433,5.101213562063433,5.101213562063433,5.101213562063433,5.101213562063433,5.101213562063433,5.101213562063433,5.101213562063433,5.101213562063433,5.101213562063433,5.101213562063433,5.101213562063433,5.101213562063433,5.101213562063433,5.101213562063433,5.101213562063433,5.101213562063433,5.101213562063433,5.101213562063433,5.101213562063433,5.101213562063433,5.101213562063433,5.101213562063433,5.101213562063433,5.101213562063433,5.101213562063433,5.101213562063433,5.101213562063433,5.101213562063433,5.101213562063433,5.101213562063433,5.101213562063433,5.101213562063433,5.101213562063433,5.101213562063433,5.101213562063433,5.101213562063433,5.101213562063433,5.101213562063433,5.101213562063433,5.101213562063433,5.101213562063433,5.101213562063433,5.101213562063433,5.101213562063433,5.101213562063433,5.101213562063433,5.101213562063433,5.101213562063433,5.101213562063433,5.101213562063433,5.101213562063433,5.101213562063433,5.101213562063433,5.101213562063433,5.101213562063433,5.101213562063433,5.101213562063433,5.101213562063433,5.101213562063433,5.101213562063433,5.101213562063433,5.101213562063433,5.101213562063433,5.101213562063433,5.101213562063433,5.101213562063433,5.101213562063433,5.101213562063433,5.101213562063433,5.101213562063433,5.101213562063433,5.101213562063433,5.101213562063433,5.101213562063433,5.101213562063433,5.101213562063433,5.101213562063433,5.101213562063433,5.101213562063433,5.101213562063433,5.101213562063433,5.101213562063433,5.101213562063433,5.101213562063433,5.101213562063433,5.101213562063433,5.101213562063433,5.101213562063433,5.101213562063433,5.101213562063433,5.101213562063433,5.101213562063433,5.101213562063433,5.101213562063433,5.101213562063433,5.101213562063433,5.101213562063433,5.101213562063433,5.101213562063433,5.101213562063433,5.101213562063433,5.101213562063433,5.101213562063433,5.101213562063433,5.101213562063433,5.101213562063433,5.101213562063433,4.476592478584561,4.476592478584561,4.476592478584561,4.476592478584561,4.476592478584561,4.476592478584561,4.476592478584561,4.476592478584561,4.476592478584561,4.476592478584561,4.476592478584561,4.476592478584561,4.476592478584561,4.476592478584561,4.476592478584561,4.476592478584561,4.476592478584561,4.476592478584561,4.476592478584561,4.476592478584561,4.476592478584561,4.476592478584561,4.476592478584561,4.476592478584561,4.476592478584561,4.476592478584561,4.476592478584561,4.476592478584561,4.476592478584561,4.476592478584561,4.476592478584561,4.476592478584561,4.476592478584561,4.476592478584561,4.476592478584561,4.476592478584561,4.476592478584561,4.476592478584561,4.476592478584561,4.476592478584561,4.476592478584561,4.476592478584561,4.476592478584561,4.476592478584561,4.476592478584561,4.476592478584561,4.476592478584561,4.476592478584561,4.476592478584561,4.476592478584561,4.476592478584561,4.476592478584561,4.476592478584561,4.476592478584561,4.476592478584561,4.476592478584561,4.476592478584561,4.476592478584561,4.476592478584561,4.476592478584561,4.476592478584561,4.476592478584561,4.476592478584561,4.476592478584561,4.476592478584561,4.476592478584561,4.476592478584561,4.476592478584561,4.476592478584561,4.476592478584561,4.476592478584561,4.476592478584561,4.476592478584561,4.476592478584561,4.476592478584561,4.476592478584561,4.476592478584561,4.476592478584561,4.476592478584561,4.476592478584561,4.476592478584561,4.476592478584561,4.476592478584561,4.476592478584561,4.476592478584561,4.476592478584561,4.476592478584561,4.476592478584561,4.476592478584561,4.476592478584561,4.476592478584561,4.476592478584561,4.476592478584561,4.476592478584561,4.476592478584561,4.476592478584561,4.476592478584561,4.476592478584561,4.476592478584561,4.476592478584561,4.476592478584561,4.476592478584561,4.476592478584561,4.476592478584561,4.476592478584561,4.476592478584561,4.476592478584561,4.476592478584561,4.476592478584561,4.476592478584561,4.476592478584561,4.476592478584561,4.476592478584561,4.476592478584561,4.476592478584561,4.476592478584561,4.476592478584561,4.476592478584561,4.476592478584561,4.476592478584561,4.476592478584561,4.476592478584561,4.476592478584561,4.476592478584561,4.476592478584561,4.476592478584561,4.476592478584561,4.476592478584561,4.476592478584561,4.476592478584561,4.476592478584561,4.476592478584561,4.476592478584561,4.476592478584561,4.476592478584561,4.476592478584561,4.476592478584561,4.476592478584561,4.476592478584561,4.476592478584561,4.476592478584561,4.476592478584561,4.476592478584561,4.476592478584561,4.476592478584561,4.476592478584561,4.476592478584561,4.476592478584561,4.476592478584561,4.476592478584561,4.476592478584561,4.476592478584561,4.476592478584561,4.476592478584561,4.476592478584561,4.476592478584561,4.476592478584561,4.476592478584561,4.476592478584561,4.476592478584561,4.476592478584561,4.476592478584561,4.476592478584561,4.476592478584561,4.476592478584561,4.476592478584561,4.476592478584561,4.476592478584561,4.476592478584561,4.476592478584561,4.476592478584561,4.476592478584561,4.476592478584561,4.476592478584561,4.476592478584561,4.476592478584561,4.476592478584561,4.476592478584561,4.476592478584561,4.476592478584561,4.476592478584561,4.476592478584561,4.476592478584561,4.476592478584561,4.476592478584561,4.476592478584561,4.476592478584561,4.476592478584561,4.476592478584561,4.476592478584561,4.476592478584561,4.476592478584561,4.476592478584561,4.476592478584561,4.476592478584561,4.476592478584561,4.476592478584561,4.476592478584561,4.476592478584561,4.476592478584561,4.476592478584561,4.476592478584561,4.476592478584561,4.476592478584561,4.476592478584561,4.476592478584561,4.476592478584561,4.476592478584561,4.476592478584561,4.476592478584561,4.476592478584561,4.476592478584561,4.476592478584561,4.476592478584561,4.476592478584561,4.476592478584561,4.476592478584561,4.476592478584561,4.476592478584561,4.476592478584561,4.476592478584561,4.476592478584561,4.476592478584561,4.476592478584561,4.476592478584561,4.476592478584561,4.476592478584561,4.476592478584561,4.476592478584561,4.476592478584561,4.476592478584561,4.476592478584561,4.476592478584561,4.476592478584561,4.476592478584561,4.476592478584561,4.476592478584561,4.476592478584561,4.476592478584561,4.476592478584561,4.476592478584561,4.476592478584561,4.476592478584561,4.476592478584561,4.476592478584561,4.476592478584561,4.476592478584561,4.476592478584561,4.476592478584561,4.476592478584561,4.476592478584561,4.476592478584561,4.476592478584561,4.476592478584561,4.476592478584561,4.476592478584561,4.476592478584561,4.476592478584561,4.476592478584561,4.476592478584561,4.476592478584561,4.476592478584561,4.476592478584561,4.476592478584561,4.476592478584561,4.476592478584561,4.476592478584561,4.476592478584561,4.476592478584561,4.476592478584561,4.476592478584561,4.476592478584561,4.476592478584561,4.476592478584561,4.476592478584561,4.476592478584561,4.476592478584561,4.476592478584561,4.476592478584561,4.476592478584561,4.476592478584561,4.476592478584561,4.476592478584561,4.476592478584561,4.476592478584561,4.476592478584561,4.476592478584561,4.476592478584561,4.476592478584561,4.476592478584561,4.476592478584561,4.476592478584561,4.476592478584561,4.476592478584561,4.476592478584561,4.476592478584561,4.476592478584561,4.476592478584561,4.476592478584561,4.476592478584561,4.476592478584561,4.476592478584561,4.476592478584561,4.476592478584561,4.476592478584561,4.476592478584561,4.476592478584561,4.476592478584561,4.476592478584561,4.476592478584561,4.476592478584561,4.476592478584561,4.476592478584561,4.476592478584561,4.476592478584561,4.476592478584561,4.476592478584561,4.476592478584561,4.476592478584561,4.476592478584561,4.476592478584561,4.476592478584561,4.476592478584561,4.476592478584561,4.476592478584561,4.476592478584561,4.476592478584561,4.476592478584561,4.476592478584561,4.476592478584561,4.476592478584561,4.476592478584561,4.476592478584561,4.476592478584561,4.476592478584561,4.476592478584561,4.476592478584561,4.476592478584561,4.476592478584561,4.476592478584561,4.476592478584561,4.476592478584561,4.476592478584561,4.476592478584561,4.476592478584561,4.476592478584561,4.476592478584561,4.476592478584561,4.476592478584561,4.476592478584561,4.476592478584561,4.476592478584561,4.476592478584561,4.476592478584561,4.476592478584561,4.476592478584561,4.476592478584561,4.476592478584561,4.476592478584561,4.476592478584561,4.476592478584561,4.476592478584561,4.476592478584561,4.476592478584561,4.476592478584561,4.476592478584561,4.476592478584561,4.476592478584561,4.476592478584561,4.476592478584561,4.476592478584561,4.476592478584561,4.476592478584561,4.476592478584561,4.476592478584561,4.476592478584561,4.476592478584561,4.476592478584561,4.476592478584561,4.476592478584561,4.476592478584561,4.476592478584561,4.476592478584561,4.476592478584561,4.476592478584561,4.476592478584561,4.476592478584561,4.476592478584561,4.476592478584561,4.476592478584561,4.476592478584561,4.476592478584561,4.476592478584561,4.476592478584561,4.476592478584561,4.476592478584561,4.476592478584561,4.476592478584561,4.476592478584561,4.476592478584561,4.476592478584561,4.476592478584561,4.476592478584561,4.476592478584561,4.476592478584561,4.476592478584561,4.476592478584561,4.476592478584561,4.476592478584561,4.476592478584561,4.476592478584561,4.476592478584561,4.476592478584561,4.476592478584561,4.476592478584561,4.476592478584561,4.476592478584561,4.476592478584561,4.476592478584561,4.476592478584561,4.476592478584561,4.476592478584561,4.476592478584561,4.476592478584561,4.476592478584561,4.476592478584561,4.476592478584561,4.476592478584561,4.476592478584561,4.476592478584561,4.476592478584561,4.476592478584561,4.476592478584561,4.476592478584561,4.476592478584561,4.476592478584561,4.476592478584561,4.476592478584561,4.476592478584561,4.476592478584561,4.476592478584561,4.476592478584561,4.476592478584561,4.476592478584561,4.476592478584561,4.476592478584561,4.476592478584561,4.476592478584561,4.476592478584561,4.476592478584561,4.476592478584561,4.476592478584561,4.476592478584561,4.476592478584561,4.476592478584561,4.476592478584561,4.476592478584561,4.476592478584561,4.476592478584561,4.476592478584561,4.476592478584561,4.476592478584561,4.476592478584561,4.476592478584561,4.476592478584561,4.476592478584561,4.476592478584561,4.476592478584561,4.476592478584561,4.476592478584561,4.476592478584561,4.476592478584561,4.476592478584561,4.476592478584561,4.476592478584561,4.476592478584561,4.476592478584561,4.476592478584561,4.476592478584561,4.476592478584561,4.476592478584561,4.476592478584561,4.476592478584561,4.476592478584561,4.476592478584561,4.476592478584561,4.476592478584561,4.476592478584561,4.476592478584561,4.476592478584561,4.476592478584561,4.476592478584561,4.476592478584561,4.476592478584561,4.476592478584561,4.476592478584561,4.476592478584561,4.476592478584561,4.476592478584561,4.476592478584561,4.476592478584561,4.476592478584561,4.476592478584561,4.476592478584561,4.476592478584561,4.476592478584561,4.476592478584561,4.476592478584561,4.476592478584561,4.476592478584561,4.476592478584561,4.476592478584561,4.476592478584561,4.476592478584561,4.341856218726792,4.341856218726792,4.341856218726792,4.341856218726792,4.341856218726792,4.341856218726792,4.341856218726792,4.341856218726792,4.341856218726792,4.341856218726792,4.341856218726792,4.341856218726792,4.341856218726792,4.341856218726792,4.341856218726792,4.341856218726792,4.341856218726792,4.341856218726792,4.341856218726792,4.341856218726792,4.341856218726792,4.341856218726792,4.341856218726792,4.341856218726792,4.341856218726792,4.341856218726792,4.341856218726792,4.341856218726792,4.341856218726792,4.341856218726792,4.341856218726792,4.341856218726792,4.341856218726792,4.341856218726792,4.341856218726792,4.341856218726792,4.341856218726792,4.341856218726792,4.341856218726792,4.341856218726792,4.341856218726792,4.341856218726792,4.341856218726792,4.341856218726792,4.341856218726792,4.341856218726792,4.341856218726792,4.341856218726792,4.341856218726792,4.341856218726792,4.341856218726792,4.341856218726792,4.341856218726792,4.341856218726792,4.341856218726792,4.341856218726792,4.341856218726792,4.341856218726792,4.341856218726792,4.341856218726792,4.341856218726792,4.341856218726792,4.341856218726792,4.341856218726792,4.341856218726792,4.341856218726792,4.341856218726792,4.341856218726792,4.341856218726792,4.341856218726792,4.341856218726792,4.341856218726792,4.341856218726792,4.341856218726792,4.341856218726792,4.341856218726792,4.341856218726792,4.341856218726792,4.341856218726792,4.341856218726792,4.341856218726792,4.341856218726792,4.341856218726792,4.341856218726792,4.341856218726792,4.341856218726792,4.341856218726792,4.341856218726792,4.341856218726792,4.341856218726792,4.341856218726792,4.341856218726792,4.341856218726792,4.341856218726792,4.341856218726792,4.341856218726792,4.341856218726792,4.341856218726792,4.341856218726792,4.341856218726792,4.341856218726792,4.341856218726792,4.341856218726792,4.341856218726792,4.341856218726792,4.341856218726792,4.341856218726792,4.341856218726792,4.341856218726792,4.341856218726792,4.341856218726792,4.341856218726792,4.341856218726792,4.341856218726792,4.341856218726792,4.341856218726792,4.341856218726792,4.341856218726792,4.341856218726792,4.341856218726792,4.341856218726792,4.341856218726792,4.341856218726792,4.341856218726792,4.341856218726792,4.341856218726792,4.341856218726792,4.341856218726792,4.341856218726792,4.341856218726792,4.341856218726792,7.710952853496788,7.710952853496788,6.934147200028316,6.934147200028316,6.626601948789637,6.626601948789637,6.626601948789637,6.6248907520198195,6.6248907520198195,6.6248907520198195,6.6248907520198195,6.6248907520198195,6.6248907520198195,6.6248907520198195,6.6248907520198195,6.6248907520198195,6.6248907520198195,6.6248907520198195,6.6248907520198195,6.6248907520198195,6.6248907520198195,6.6248907520198195,6.6248907520198195,6.6248907520198195,6.6248907520198195,6.6248907520198195,6.6248907520198195,6.6248907520198195,6.6248907520198195,6.6248907520198195,6.6248907520198195,6.6248907520198195,6.6248907520198195,6.6248907520198195,6.6248907520198195,6.6248907520198195,6.6248907520198195,6.6248907520198195,6.6248907520198195,6.6248907520198195,6.6248907520198195,6.6248907520198195,6.6248907520198195,6.6248907520198195,6.6248907520198195,6.6248907520198195,6.6248907520198195,6.6248907520198195,6.6248907520198195,6.6248907520198195,6.6248907520198195,6.6248907520198195,6.6248907520198195,6.6248907520198195,6.6248907520198195,6.6248907520198195,6.6248907520198195,6.6248907520198195,6.6248907520198195,6.6248907520198195,6.6248907520198195,6.6248907520198195,6.6248907520198195,6.6248907520198195,6.6248907520198195,6.6248907520198195,6.6248907520198195,6.6248907520198195,6.6248907520198195,6.6248907520198195,6.6248907520198195,6.6248907520198195,6.6248907520198195,6.6248907520198195,6.6248907520198195,6.6248907520198195,6.6248907520198195,6.6248907520198195,6.6248907520198195,6.6248907520198195,6.6248907520198195,6.6248907520198195,6.6248907520198195,6.6248907520198195,6.6248907520198195,6.6248907520198195,6.6248907520198195,6.6248907520198195,6.6248907520198195,6.6248907520198195,6.6248907520198195,6.6248907520198195,6.6248907520198195,6.6248907520198195,6.6248907520198195,6.6248907520198195,6.6248907520198195,6.6248907520198195,6.6248907520198195,6.6248907520198195,6.6248907520198195,6.6248907520198195,6.6248907520198195,6.6248907520198195,6.6248907520198195,6.6248907520198195,6.6248907520198195,6.6248907520198195,6.6248907520198195,6.6248907520198195,6.6248907520198195,6.6248907520198195,6.6248907520198195,6.6248907520198195,6.6248907520198195,6.6248907520198195,6.6248907520198195,6.6248907520198195,6.6248907520198195,6.6248907520198195,6.6248907520198195,6.6248907520198195,6.6248907520198195,6.6248907520198195,6.6248907520198195,6.6248907520198195,6.6248907520198195,6.6248907520198195,6.6248907520198195,6.6248907520198195,6.6248907520198195,6.6248907520198195,6.6248907520198195,6.6248907520198195,6.6248907520198195,6.6248907520198195,6.6248907520198195,6.6248907520198195,6.6248907520198195,6.6248907520198195,6.6248907520198195,6.293818293432786,6.164918803492961,6.069752657328223,4.99269142419365,4.99269142419365,4.99269142419365,4.99269142419365,4.99269142419365,4.99269142419365,4.99269142419365,4.99269142419365,4.99269142419365,4.99269142419365,4.99269142419365,4.99269142419365,4.99269142419365,4.902968967596523,4.902968967596523,4.902968967596523,4.902968967596523,4.902968967596523,4.902968967596523,4.902968967596523,4.902968967596523,4.902968967596523,4.902968967596523,4.902968967596523,4.902968967596523,4.902968967596523,4.902968967596523,4.902968967596523,4.902968967596523,4.902968967596523,4.902968967596523,4.902968967596523,4.902968967596523,4.902968967596523,4.902968967596523,4.902968967596523,4.902968967596523,4.902968967596523,4.902968967596523,4.902968967596523,4.902968967596523,4.902968967596523,4.902968967596523,4.902968967596523,4.902968967596523,4.902968967596523,4.902968967596523,4.902968967596523,4.902968967596523,4.902968967596523,4.902968967596523,4.902968967596523,4.902968967596523,4.902968967596523,4.902968967596523,4.902968967596523,4.902968967596523,4.902968967596523,4.800834917486473,4.800834917486473,4.800834917486473,4.800834917486473,4.701102505355976,4.701102505355976,4.701102505355976,4.701102505355976,4.701102505355976,4.701102505355976,4.701102505355976,4.701102505355976,4.701102505355976,4.701102505355976,4.701102505355976,4.701102505355976,4.701102505355976,4.701102505355976,4.701102505355976,4.701102505355976,4.701102505355976,4.701102505355976,4.701102505355976,4.701102505355976,4.701102505355976,4.701102505355976,4.701102505355976,4.701102505355976,4.701102505355976,4.701102505355976,4.701102505355976,4.701102505355976,4.701102505355976,4.701102505355976,4.701102505355976,4.701102505355976,4.701102505355976,4.701102505355976,4.701102505355976,4.701102505355976,4.701102505355976,4.701102505355976,4.701102505355976,4.701102505355976,4.701102505355976,4.701102505355976,4.701102505355976,4.701102505355976,4.701102505355976,4.701102505355976,4.701102505355976,4.701102505355976,4.701102505355976,4.701102505355976,4.701102505355976,4.701102505355976,4.701102505355976,4.701102505355976,4.701102505355976,4.701102505355976,4.701102505355976,4.701102505355976,4.701102505355976,4.701102505355976,4.701102505355976,4.701102505355976,4.701102505355976,4.701102505355976,4.701102505355976,4.701102505355976,4.701102505355976,4.701102505355976,4.701102505355976,4.701102505355976,4.701102505355976,4.701102505355976,4.701102505355976,4.701102505355976,4.701102505355976,4.701102505355976,4.701102505355976,4.701102505355976,4.701102505355976,4.701102505355976,4.701102505355976,4.701102505355976,4.701102505355976,4.701102505355976,4.701102505355976,4.701102505355976,4.701102505355976,4.701102505355976,4.701102505355976,4.701102505355976,4.701102505355976,4.701102505355976,4.701102505355976,4.701102505355976,4.701102505355976,4.701102505355976,4.701102505355976,4.701102505355976,4.701102505355976,4.701102505355976,4.701102505355976,4.701102505355976,4.701102505355976,4.701102505355976,4.701102505355976,4.701102505355976,4.701102505355976,4.701102505355976,4.701102505355976,4.701102505355976,4.701102505355976,4.701102505355976,4.701102505355976,4.701102505355976,4.701102505355976,4.701102505355976,4.701102505355976,4.701102505355976,4.701102505355976,4.701102505355976,4.701102505355976,4.701102505355976,4.701102505355976,4.701102505355976,4.701102505355976,4.701102505355976,4.701102505355976,4.701102505355976,4.701102505355976,4.701102505355976,4.701102505355976,4.701102505355976,4.701102505355976,4.701102505355976,4.701102505355976,4.701102505355976,4.701102505355976,4.701102505355976,4.701102505355976,4.701102505355976,4.701102505355976,4.701102505355976,4.701102505355976,4.701102505355976,4.701102505355976,4.701102505355976,4.701102505355976,4.701102505355976,4.701102505355976,4.701102505355976,4.701102505355976,4.701102505355976,4.701102505355976,4.701102505355976,4.701102505355976,4.701102505355976,4.701102505355976,4.701102505355976,4.701102505355976,4.701102505355976,4.701102505355976,4.701102505355976,4.701102505355976,4.701102505355976,4.701102505355976,4.701102505355976,4.701102505355976,4.701102505355976,4.701102505355976,4.701102505355976,4.701102505355976,4.701102505355976,4.701102505355976,4.701102505355976,4.701102505355976,4.701102505355976,4.701102505355976,4.701102505355976,4.701102505355976,4.701102505355976,4.701102505355976,4.701102505355976,4.701102505355976,4.701102505355976,4.701102505355976,4.701102505355976,4.701102505355976,4.701102505355976,4.701102505355976,4.701102505355976,4.701102505355976,4.701102505355976,4.701102505355976,4.701102505355976,4.701102505355976,4.701102505355976,4.701102505355976,4.701102505355976,4.701102505355976,4.701102505355976,4.701102505355976,4.701102505355976,4.701102505355976,4.701102505355976,4.701102505355976,4.701102505355976,4.701102505355976,4.701102505355976,4.701102505355976,4.701102505355976,4.701102505355976,4.701102505355976,4.701102505355976,4.701102505355976,4.701102505355976,4.701102505355976,4.701102505355976,4.701102505355976,4.701102505355976,4.701102505355976,4.701102505355976,4.701102505355976,4.701102505355976,4.701102505355976,4.701102505355976,4.701102505355976,4.701102505355976,4.701102505355976,4.701102505355976,4.701102505355976,4.701102505355976,4.701102505355976,4.701102505355976,4.701102505355976,4.701102505355976,4.701102505355976,4.701102505355976,4.701102505355976,4.701102505355976,4.701102505355976,4.701102505355976,4.701102505355976,4.701102505355976,4.701102505355976,4.701102505355976,4.701102505355976,4.701102505355976,4.701102505355976,4.701102505355976,4.701102505355976,4.701102505355976,4.701102505355976,4.701102505355976,4.701102505355976,4.701102505355976,4.701102505355976,4.701102505355976,4.701102505355976,4.701102505355976,4.701102505355976,4.701102505355976,4.701102505355976,4.701102505355976,4.701102505355976,4.701102505355976,4.701102505355976,4.701102505355976,4.701102505355976,4.701102505355976,4.701102505355976,4.701102505355976,4.701102505355976,4.701102505355976,4.701102505355976,4.701102505355976,4.701102505355976,4.701102505355976,4.701102505355976,4.701102505355976,4.701102505355976,4.701102505355976,4.701102505355976,4.701102505355976,4.701102505355976,4.701102505355976,4.701102505355976,4.701102505355976,4.701102505355976,4.701102505355976,4.701102505355976,4.701102505355976,4.701102505355976,4.701102505355976,4.701102505355976,4.701102505355976,4.701102505355976,4.701102505355976,4.701102505355976,4.701102505355976,4.701102505355976,4.701102505355976,4.701102505355976,4.701102505355976,4.701102505355976,4.701102505355976,4.701102505355976,4.701102505355976,4.701102505355976,4.701102505355976,4.701102505355976,4.701102505355976,4.701102505355976,4.701102505355976,4.701102505355976,4.701102505355976,4.701102505355976,4.701102505355976,4.701102505355976,4.701102505355976,4.701102505355976,4.701102505355976,4.701102505355976,4.701102505355976,4.701102505355976,4.701102505355976,4.701102505355976,4.701102505355976,4.701102505355976,4.701102505355976,4.701102505355976,4.701102505355976,4.701102505355976,4.701102505355976,4.701102505355976,4.701102505355976,4.701102505355976,4.701102505355976,4.701102505355976,4.701102505355976,4.701102505355976,4.701102505355976,4.701102505355976,4.701102505355976,4.701102505355976,4.701102505355976,4.701102505355976,4.701102505355976,4.701102505355976,4.701102505355976,4.701102505355976,4.701102505355976,4.701102505355976,4.701102505355976,4.701102505355976,4.701102505355976,4.701102505355976,4.701102505355976,4.701102505355976,4.701102505355976,4.701102505355976,4.701102505355976,4.701102505355976,4.701102505355976,4.701102505355976,4.701102505355976,4.701102505355976,4.701102505355976,4.701102505355976,4.701102505355976,4.701102505355976,4.701102505355976,4.701102505355976,4.701102505355976,4.701102505355976,4.701102505355976,4.701102505355976,4.701102505355976,4.701102505355976,4.701102505355976,4.701102505355976,4.701102505355976,4.701102505355976,4.701102505355976,4.701102505355976,4.701102505355976,4.701102505355976,4.701102505355976,4.701102505355976,4.701102505355976,4.701102505355976,4.701102505355976,4.701102505355976,4.701102505355976,4.701102505355976,4.701102505355976,4.701102505355976,4.701102505355976,4.701102505355976,4.701102505355976,4.701102505355976,4.701102505355976,4.701102505355976,4.701102505355976,4.701102505355976,4.701102505355976,4.701102505355976,4.701102505355976,4.701102505355976,4.701102505355976,4.701102505355976,4.701102505355976,4.701102505355976,4.701102505355976,4.701102505355976,4.701102505355976,4.701102505355976,4.701102505355976,4.701102505355976,4.701102505355976,4.701102505355976,4.701102505355976,4.701102505355976,4.701102505355976,4.701102505355976,4.701102505355976,4.701102505355976,4.701102505355976,4.701102505355976,4.701102505355976,4.701102505355976,4.701102505355976,4.701102505355976,4.701102505355976,4.701102505355976,4.701102505355976,4.701102505355976,4.701102505355976,4.701102505355976,4.701102505355976,4.701102505355976,4.701102505355976,4.701102505355976,4.701102505355976,4.701102505355976,4.701102505355976,4.701102505355976,4.701102505355976,4.701102505355976,4.701102505355976,4.701102505355976,4.701102505355976,4.701102505355976,4.701102505355976,4.701102505355976,4.701102505355976,4.701102505355976,4.701102505355976,4.701102505355976,4.701102505355976,4.701102505355976,4.701102505355976,4.701102505355976,4.701102505355976,4.701102505355976,4.701102505355976,4.701102505355976,4.701102505355976,4.701102505355976,4.701102505355976,4.701102505355976,4.701102505355976,4.701102505355976,4.701102505355976,4.701102505355976,4.701102505355976,4.701102505355976,4.701102505355976,4.701102505355976,4.701102505355976,4.701102505355976,4.701102505355976,4.701102505355976,4.701102505355976,4.701102505355976,4.701102505355976,4.701102505355976,4.701102505355976,4.701102505355976,4.701102505355976,4.701102505355976,4.701102505355976,4.701102505355976,4.701102505355976,4.701102505355976,4.701102505355976,4.701102505355976,4.701102505355976,4.701102505355976,4.701102505355976,4.701102505355976,4.701102505355976,4.701102505355976,4.701102505355976,4.701102505355976,4.701102505355976,4.701102505355976,4.701102505355976,4.701102505355976,4.701102505355976,4.701102505355976,4.701102505355976,4.701102505355976,4.701102505355976,4.701102505355976,4.701102505355976,4.701102505355976,4.701102505355976,4.701102505355976,4.701102505355976,4.701102505355976,4.701102505355976,4.701102505355976,4.701102505355976,4.701102505355976,4.701102505355976,4.701102505355976,4.701102505355976,4.701102505355976,4.701102505355976,4.701102505355976,4.701102505355976,4.701102505355976,4.701102505355976,4.701102505355976,4.701102505355976,4.701102505355976,4.701102505355976,4.701102505355976,4.701102505355976,4.701102505355976,4.701102505355976,4.701102505355976,4.701102505355976,4.701102505355976,4.701102505355976,4.701102505355976,4.701102505355976,4.701102505355976,4.701102505355976,4.701102505355976,4.701102505355976,4.701102505355976,4.701102505355976,4.701102505355976,4.701102505355976,4.701102505355976,4.701102505355976,4.701102505355976,4.701102505355976,4.701102505355976,4.701102505355976,4.701102505355976,4.701102505355976,4.701102505355976,4.701102505355976,4.701102505355976,4.701102505355976,4.701102505355976,4.701102505355976,4.701102505355976,4.701102505355976,4.701102505355976,4.701102505355976,4.701102505355976,4.701102505355976,4.701102505355976,4.701102505355976,4.701102505355976,4.701102505355976,4.701102505355976,4.701102505355976,4.701102505355976,4.701102505355976,4.701102505355976,4.701102505355976,4.701102505355976,4.701102505355976,4.701102505355976,4.701102505355976,4.701102505355976,4.701102505355976,4.701102505355976,4.701102505355976,4.701102505355976,4.701102505355976,4.701102505355976,4.701102505355976,4.701102505355976,4.701102505355976,4.701102505355976,4.701102505355976,4.701102505355976,4.701102505355976,4.701102505355976,4.701102505355976,4.701102505355976,4.701102505355976,4.701102505355976,4.701102505355976,4.701102505355976,4.701102505355976,4.701102505355976,4.701102505355976,4.701102505355976,4.701102505355976,4.701102505355976,4.701102505355976,4.701102505355976,4.701102505355976,4.701102505355976,4.701102505355976,4.701102505355976,4.701102505355976,4.701102505355976,4.701102505355976,4.701102505355976,4.701102505355976,4.701102505355976,4.701102505355976,4.701102505355976,4.701102505355976,4.687633183308617,4.687633183308617,4.687633183308617,4.687633183308617,4.687633183308617,4.687633183308617,4.687633183308617,4.687633183308617,4.687633183308617,4.687633183308617,4.687633183308617,4.687633183308617,4.687633183308617,4.687633183308617,4.687633183308617,4.687633183308617,4.687633183308617,4.687633183308617,4.687633183308617,4.687633183308617,4.687633183308617,4.687633183308617,4.687633183308617,4.687633183308617,4.687633183308617,4.687633183308617,4.687633183308617,4.687633183308617,4.687633183308617,4.687633183308617,4.687633183308617,4.687633183308617,4.687633183308617,4.687633183308617,4.687633183308617,4.512360375574692,4.512360375574692,4.512360375574692,4.512360375574692,4.512360375574692,4.512360375574692,4.512360375574692,4.512360375574692,4.512360375574692,4.512360375574692,4.512360375574692,4.512360375574692,4.512360375574692,4.512360375574692,4.512360375574692,4.512360375574692,4.512360375574692,4.512360375574692,4.512360375574692,4.512360375574692,4.512360375574692,4.512360375574692,4.512360375574692,4.512360375574692,4.512360375574692,4.512360375574692,4.512360375574692,4.512360375574692,4.512360375574692,4.512360375574692,4.512360375574692,4.512360375574692,4.512360375574692,4.512360375574692,4.512360375574692,4.512360375574692,4.512360375574692,4.512360375574692,4.512360375574692,4.512360375574692,4.512360375574692,4.512360375574692,4.512360375574692,4.512360375574692,4.512360375574692,4.512360375574692,4.512360375574692,4.512360375574692,4.512360375574692,4.512360375574692,4.512360375574692,4.512360375574692,4.512360375574692,4.512360375574692,4.512360375574692,4.512360375574692,4.512360375574692,4.512360375574692,4.512360375574692,4.512360375574692,4.512360375574692,4.512360375574692,4.512360375574692,4.512360375574692,4.512360375574692,4.512360375574692,4.512360375574692,4.512360375574692,4.512360375574692,4.512360375574692,4.512360375574692,4.512360375574692,4.512360375574692,4.512360375574692,4.512360375574692,4.512360375574692,4.512360375574692,4.512360375574692,4.512360375574692,4.512360375574692,4.512360375574692,4.512360375574692,4.512360375574692,4.512360375574692,4.512360375574692,4.512360375574692,4.512360375574692,4.512360375574692,4.512360375574692,4.512360375574692,4.512360375574692,4.512360375574692,4.512360375574692,4.512360375574692,4.512360375574692,4.512360375574692,4.512360375574692,4.512360375574692,4.512360375574692,4.512360375574692,4.512360375574692,4.512360375574692,4.512360375574692,4.512360375574692,4.512360375574692,4.512360375574692,4.512360375574692,4.512360375574692,4.512360375574692,4.512360375574692,4.512360375574692,4.512360375574692,4.512360375574692,4.512360375574692,4.512360375574692,4.512360375574692,4.512360375574692,4.512360375574692,4.512360375574692,4.512360375574692,4.512360375574692,4.512360375574692,4.512360375574692,4.512360375574692,4.512360375574692,4.512360375574692,4.512360375574692,4.512360375574692,10.128639601206574,10.128639601206574,10.128639601206574,9.835528111759396,7.644949705615642,7.644949705615642,7.644949705615642,6.888443346042196,6.888443346042196,6.888443346042196,6.888443346042196,6.888443346042196,6.888443346042196,6.888443346042196,6.888443346042196,6.888443346042196,6.888443346042196,6.888443346042196,6.888443346042196,6.888443346042196,6.888443346042196,6.888443346042196,6.888443346042196,6.888443346042196,6.888443346042196,6.888443346042196,6.888443346042196,6.888443346042196,6.888443346042196,6.888443346042196,6.888443346042196,6.888443346042196,6.888443346042196,6.888443346042196,6.888443346042196,6.888443346042196,6.888443346042196,6.888443346042196,6.888443346042196,6.888443346042196,6.888443346042196,6.888443346042196,6.888443346042196,6.888443346042196,6.888443346042196,6.888443346042196,6.888443346042196,6.888443346042196,6.888443346042196,6.888443346042196,6.888443346042196,6.888443346042196,6.888443346042196,6.888443346042196,6.888443346042196,6.888443346042196,6.888443346042196,6.888443346042196,6.888443346042196,6.888443346042196,6.888443346042196,6.888443346042196,6.888443346042196,6.888443346042196,6.888443346042196,6.888443346042196,6.888443346042196,6.888443346042196,6.888443346042196,6.888443346042196,6.888443346042196,6.888443346042196,6.888443346042196,6.888443346042196,6.888443346042196,6.888443346042196,6.888443346042196,6.888443346042196,6.888443346042196,6.888443346042196,6.888443346042196,6.888443346042196,6.888443346042196,6.888443346042196,6.888443346042196,6.888443346042196,6.888443346042196,6.888443346042196,6.888443346042196,6.888443346042196,6.888443346042196,6.888443346042196,6.888443346042196,6.888443346042196,6.888443346042196,6.888443346042196,6.888443346042196,6.888443346042196,6.888443346042196,6.888443346042196,6.888443346042196,6.888443346042196,6.888443346042196,6.888443346042196,6.888443346042196,6.888443346042196,6.888443346042196,6.888443346042196,6.888443346042196,6.888443346042196,6.888443346042196,6.888443346042196,6.888443346042196,6.888443346042196,6.888443346042196,6.888443346042196,6.888443346042196,6.888443346042196,6.888443346042196,6.888443346042196,6.888443346042196,6.888443346042196,6.888443346042196,6.888443346042196,6.888443346042196,6.888443346042196,6.888443346042196,6.888443346042196,6.888443346042196,6.888443346042196,6.888443346042196,6.888443346042196,6.888443346042196,6.888443346042196,6.888443346042196,6.888443346042196,6.888443346042196,6.888443346042196,6.888443346042196,6.888443346042196,6.888443346042196,6.888443346042196,6.888443346042196,6.888443346042196,6.888443346042196,6.888443346042196,6.888443346042196,6.888443346042196,6.888443346042196,6.888443346042196,6.888443346042196,6.888443346042196,6.888443346042196,6.888443346042196,6.888443346042196,6.888443346042196,6.888443346042196,6.888443346042196,6.888443346042196,6.888443346042196,6.888443346042196,6.888443346042196,6.888443346042196,6.888443346042196,6.888443346042196,6.888443346042196,6.888443346042196,6.888443346042196,6.888443346042196,6.888443346042196,6.888443346042196,6.888443346042196,6.888443346042196,6.888443346042196,6.888443346042196,6.888443346042196,6.888443346042196,6.888443346042196,6.888443346042196,6.888443346042196,6.888443346042196,6.888443346042196,6.888443346042196,6.888443346042196,6.888443346042196,6.888443346042196,6.888443346042196,6.888443346042196,6.888443346042196,6.888443346042196,6.888443346042196,6.888443346042196,6.888443346042196,6.888443346042196,6.888443346042196,6.888443346042196,6.888443346042196,6.888443346042196,6.888443346042196,6.888443346042196,6.888443346042196,6.888443346042196,6.888443346042196,6.888443346042196,6.888443346042196,6.888443346042196,6.888443346042196,6.888443346042196,6.888443346042196,6.888443346042196,6.888443346042196,6.888443346042196,6.888443346042196,6.888443346042196,6.888443346042196,6.888443346042196,6.888443346042196,6.888443346042196,6.888443346042196,6.888443346042196,6.888443346042196,6.888443346042196,6.888443346042196,6.888443346042196,6.888443346042196,6.888443346042196,6.888443346042196,6.888443346042196,6.888443346042196,6.888443346042196,6.888443346042196,6.888443346042196,6.888443346042196,6.888443346042196,6.888443346042196,6.888443346042196,6.888443346042196,6.888443346042196,6.888443346042196,6.888443346042196,6.888443346042196,6.835446944435741,6.835446944435741,6.835446944435741,6.835446944435741,6.835446944435741,6.583438169991545,6.583438169991545,6.583438169991545,6.583438169991545,6.583438169991545,6.583438169991545,6.583438169991545,6.583438169991545,6.583438169991545,6.583438169991545,6.583438169991545,6.583438169991545,6.583438169991545,6.583438169991545,6.583438169991545,6.583438169991545,6.583438169991545,6.583438169991545,6.583438169991545,6.583438169991545,6.583438169991545,6.583438169991545,6.583438169991545,6.583438169991545,6.583438169991545,6.583438169991545,6.583438169991545,6.583438169991545,6.583438169991545,6.583438169991545,6.583438169991545,6.583438169991545,6.583438169991545,6.583438169991545,6.583438169991545,6.583438169991545,6.583438169991545,6.583438169991545,6.583438169991545,6.583438169991545,6.583438169991545,6.583438169991545,6.583438169991545,6.583438169991545,6.583438169991545,6.583438169991545,6.133390083115116,6.133390083115116,6.133390083115116,6.133390083115116,6.133390083115116,6.133390083115116,6.133390083115116,6.133390083115116,6.133390083115116,6.133390083115116,6.133390083115116,6.133390083115116,6.133390083115116,6.133390083115116,6.133390083115116,6.133390083115116,6.133390083115116,6.133390083115116,6.133390083115116,6.133390083115116,6.133390083115116,6.133390083115116,6.133390083115116,6.133390083115116,6.133390083115116,6.133390083115116,6.133390083115116,6.133390083115116,6.133390083115116,6.133390083115116,6.133390083115116,6.133390083115116,6.133390083115116,6.133390083115116,6.133390083115116,6.133390083115116,6.133390083115116,6.133390083115116,6.133390083115116,6.133390083115116,6.133390083115116,6.133390083115116,6.133390083115116,6.133390083115116,6.133390083115116,6.133390083115116,6.133390083115116,6.133390083115116,6.133390083115116,6.133390083115116,6.133390083115116,6.133390083115116,6.133390083115116,6.133390083115116,6.133390083115116,6.133390083115116,6.133390083115116,6.133390083115116,6.133390083115116,6.133390083115116,6.133390083115116,6.133390083115116,6.133390083115116,6.133390083115116,6.133390083115116,6.133390083115116,6.133390083115116,6.133390083115116,6.133390083115116,6.133390083115116,6.133390083115116,6.133390083115116,6.133390083115116,6.133390083115116,6.133390083115116,6.133390083115116,6.133390083115116,6.133390083115116,6.133390083115116,6.133390083115116,6.133390083115116,6.133390083115116,6.133390083115116,6.133390083115116,6.133390083115116,6.133390083115116,6.133390083115116,6.133390083115116,6.133390083115116,6.133390083115116,6.133390083115116,6.133390083115116,6.133390083115116,6.133390083115116,6.133390083115116,6.133390083115116,6.133390083115116,6.133390083115116,6.133390083115116,6.133390083115116,6.133390083115116,6.133390083115116,6.133390083115116,6.133390083115116,6.133390083115116,6.133390083115116,6.092024060849093,6.092024060849093,6.092024060849093,6.092024060849093,6.092024060849093,6.092024060849093,6.092024060849093,6.092024060849093,6.092024060849093,6.092024060849093,6.092024060849093,6.092024060849093,6.092024060849093,6.092024060849093,6.092024060849093,6.092024060849093,6.092024060849093,6.092024060849093,6.092024060849093,6.092024060849093,6.092024060849093,6.092024060849093,6.092024060849093,6.092024060849093,6.092024060849093,6.092024060849093,6.092024060849093,6.092024060849093,6.092024060849093,6.092024060849093,6.092024060849093,6.092024060849093,6.092024060849093,6.092024060849093,6.092024060849093,6.092024060849093,6.092024060849093,6.092024060849093,6.092024060849093,6.092024060849093,6.092024060849093,6.092024060849093,6.092024060849093,6.092024060849093,6.092024060849093,6.092024060849093,6.092024060849093,6.092024060849093,6.092024060849093,6.092024060849093,6.092024060849093,6.092024060849093,6.092024060849093,6.092024060849093,6.092024060849093,6.092024060849093,6.092024060849093,6.092024060849093,6.092024060849093,6.092024060849093,6.092024060849093,6.092024060849093,6.092024060849093,6.092024060849093,6.092024060849093,6.092024060849093,6.092024060849093,6.092024060849093,6.092024060849093,6.092024060849093,6.092024060849093,6.092024060849093,6.092024060849093,6.092024060849093,6.092024060849093,6.092024060849093,6.092024060849093,6.092024060849093,6.092024060849093,6.092024060849093,6.092024060849093,6.092024060849093,6.092024060849093,6.092024060849093,6.092024060849093,6.092024060849093,6.092024060849093,6.092024060849093,6.092024060849093,6.092024060849093,6.092024060849093,6.092024060849093,6.092024060849093,6.092024060849093,6.092024060849093,6.092024060849093,6.092024060849093,6.092024060849093,6.092024060849093,6.092024060849093,6.092024060849093,6.092024060849093,6.092024060849093,6.092024060849093,6.092024060849093,6.092024060849093,6.092024060849093,6.092024060849093,6.092024060849093,6.092024060849093,6.092024060849093,6.092024060849093,6.092024060849093,6.092024060849093,6.092024060849093,6.092024060849093,6.092024060849093,6.092024060849093,6.092024060849093,6.092024060849093,6.092024060849093,6.092024060849093,6.092024060849093,6.092024060849093,6.092024060849093,6.092024060849093,6.092024060849093,6.092024060849093,6.092024060849093,6.092024060849093,6.092024060849093,6.092024060849093,6.092024060849093,6.092024060849093,6.092024060849093,6.092024060849093,6.092024060849093,6.092024060849093,6.092024060849093,6.092024060849093,6.092024060849093,6.092024060849093,6.092024060849093,6.092024060849093,5.991663060787376,5.991663060787376,5.991663060787376,5.991663060787376,5.991663060787376,5.516303786347585,5.516303786347585,5.516303786347585,5.516303786347585,5.516303786347585,5.516303786347585,5.3792571968686245,5.3792571968686245,5.3792571968686245,5.3792571968686245,5.3792571968686245,5.3792571968686245,5.3792571968686245,5.1659423157223205,5.1659423157223205,5.1659423157223205,5.1659423157223205,5.163352306170666,5.163352306170666,5.163352306170666,5.163352306170666,5.163352306170666,5.163352306170666,5.163352306170666,5.163352306170665,5.163352306170665,5.163352306170665,5.163352306170665,5.163352306170665,5.163352306170665,5.163352306170665,5.163352306170665,5.163352306170665,5.163352306170665,5.163352306170665,5.163352306170665,5.163352306170665,5.163352306170665,5.163352306170665,5.163352306170665,5.163352306170665,5.163352306170665,5.163352306170665,5.163352306170665,5.163352306170665,5.163352306170665,5.163352306170665,5.163352306170665,5.163352306170665,5.163352306170665,5.163352306170665,5.163352306170665,5.163352306170665,5.163352306170665,5.163352306170665,5.163352306170665,5.163352306170665,5.163352306170665,5.163352306170665,5.163352306170665,5.163352306170665,5.163352306170665,5.163352306170665,5.163352306170665,5.163352306170665,5.163352306170665,5.163352306170665,5.163352306170665,5.163352306170665,5.163352306170665,5.163352306170665,5.163352306170665,5.163352306170665,5.163352306170665,5.163352306170665,5.163352306170665,5.163352306170665,5.163352306170665,5.163352306170665,5.163352306170665,5.163352306170665,5.163352306170665,5.163352306170665,5.163352306170665,5.163352306170665,5.163352306170665,5.163352306170665,5.163352306170665,5.163352306170665,5.163352306170665,5.163352306170665,5.163352306170665,5.163352306170665,5.163352306170665,5.163352306170665,5.163352306170665,5.163352306170665,5.163352306170665,5.163352306170665,5.163352306170665,5.163352306170665,5.163352306170665,5.163352306170665,5.163352306170665,5.163352306170665,5.163352306170665,5.163352306170665,5.163352306170665,5.163352306170665,5.163352306170665,5.163352306170665,5.163352306170665,5.163352306170665,5.163352306170665,5.163352306170665,5.163352306170665,5.163352306170665,5.163352306170665,5.163352306170665,5.163352306170665,5.163352306170665,5.163352306170665,5.163352306170665,5.163352306170665,5.163352306170665,5.163352306170665,5.163352306170665,5.163352306170665,5.163352306170665,5.163352306170665,5.163352306170665,5.163352306170665,5.163352306170665,5.163352306170665,5.163352306170665,5.163352306170665,5.163352306170665,5.163352306170665,5.163352306170665,5.163352306170665,5.163352306170665,5.163352306170665,5.163352306170665,5.163352306170665,5.163352306170665,5.163352306170665,5.163352306170665,5.163352306170665,5.163352306170665,5.163352306170665,5.163352306170665,5.163352306170665,5.163352306170665,5.163352306170665,5.163352306170665,5.163352306170665,5.163352306170665,5.163352306170665,5.163352306170665,5.163352306170665,5.163352306170665,5.163352306170665,5.163352306170665,5.163352306170665,5.163352306170665,5.163352306170665,5.163352306170665,5.163352306170665,5.163352306170665,5.163352306170665,5.163352306170665,5.163352306170665,5.163352306170665,5.163352306170665,5.163352306170665,5.163352306170665,5.163352306170665,5.163352306170665,5.163352306170665,5.163352306170665,5.163352306170665,5.163352306170665,5.163352306170665,5.163352306170665,5.163352306170665,5.163352306170665,5.163352306170665,5.163352306170665,5.163352306170665,5.163352306170665,5.163352306170665,5.163352306170665,5.163352306170665,5.163352306170665,5.163352306170665,5.163352306170665,5.163352306170665,5.163352306170665,5.163352306170665,5.163352306170665,5.163352306170665,5.163352306170665,5.163352306170665,5.163352306170665,5.163352306170665,5.163352306170665,5.163352306170665,5.163352306170665,5.163352306170665,5.163352306170665,5.163352306170665,5.163352306170665,5.163352306170665,5.163352306170665,5.163352306170665,5.163352306170665,5.163352306170665,5.163352306170665,5.163352306170665,5.163352306170665,5.163352306170665,5.163352306170665,5.163352306170665,5.163352306170665,5.163352306170665,5.163352306170665,5.163352306170665,5.163352306170665,5.163352306170665,5.163352306170665,5.163352306170665,5.163352306170665,5.163352306170665,5.163352306170665,5.163352306170665,5.163352306170665,5.163352306170665,5.163352306170665,5.163352306170665,2.6130295348398653,2.6130295348398653,2.6130295348398653,2.6130295348398653,2.6130295348398653,2.6130295348398653,2.6130295348398653,2.6130295348398653,2.6130295348398653,2.6130295348398653,2.6130295348398653,2.6130295348398653,2.6130295348398653,2.6130295348398653,2.6130295348398653,2.6130295348398653,2.6130295348398653,2.6130295348398653,2.6130295348398653,2.6130295348398653,2.6130295348398653,2.6130295348398653,2.6130295348398653,2.6130295348398653,2.6130295348398653,2.6130295348398653,2.6130295348398653,2.6130295348398653,2.6130295348398653,2.6130295348398653,2.6130295348398653,2.6130295348398653,2.6130295348398653,2.6130295348398653,2.6130295348398653,2.6130295348398653,2.6130295348398653,2.6130295348398653,2.6130295348398653,2.6130295348398653,2.6130295348398653,2.6130295348398653,2.6130295348398653,2.6130295348398653,2.6130295348398653,2.6130295348398653,2.6130295348398653,2.6130295348398653,2.6130295348398653,2.6130295348398653,2.6130295348398653,2.6130295348398653,2.6130295348398653,2.6130295348398653,2.6130295348398653,2.6130295348398653,2.6130295348398653,2.6130295348398653,2.6130295348398653,2.6130295348398653,2.6130295348398653,2.6130295348398653,2.6130295348398653,2.6130295348398653,2.6130295348398653,2.6130295348398653,2.6130295348398653,2.6130295348398653,2.6130295348398653,2.6130295348398653,2.6130295348398653,2.6130295348398653,2.6130295348398653,2.6130295348398653,2.6130295348398653,2.6130295348398653,2.6130295348398653,2.6130295348398653,2.6130295348398653,2.6130295348398653,2.6130295348398653,2.6130295348398653,2.6130295348398653,2.6130295348398653,2.6130295348398653,2.6130295348398653,2.6130295348398653,2.6130295348398653,2.6130295348398653,2.6130295348398653,2.6130295348398653,2.6130295348398653,2.6130295348398653,2.6130295348398653,2.6130295348398653,2.6130295348398653,2.6130295348398653,2.6130295348398653,2.6130295348398653,2.6130295348398653,2.6130295348398653,2.6130295348398653,2.6130295348398653,2.6130295348398653,2.6130295348398653,2.6130295348398653,2.6130295348398653,2.6130295348398653,2.6130295348398653,2.6130295348398653,2.6130295348398653,2.6130295348398653,2.6130295348398653,2.6130295348398653,2.6130295348398653,2.6130295348398653,2.6130295348398653,2.6130295348398653,2.6130295348398653,2.6130295348398653,2.6130295348398653,2.6130295348398653,2.6130295348398653,2.6130295348398653,2.6130295348398653,2.6130295348398653,2.6130295348398653,2.6130295348398653,2.6130295348398653,2.6130295348398653,2.6130295348398653,2.6130295348398653,2.6130295348398653,2.6130295348398653,2.6130295348398653,2.6130295348398653,2.6130295348398653,2.6130295348398653,2.6130295348398653,2.6130295348398653,2.6130295348398653,2.6130295348398653,2.6130295348398653,2.6130295348398653,2.6130295348398653,2.6130295348398653,2.6130295348398653,2.6130295348398653,2.6130295348398653,2.6130295348398653,2.6130295348398653,2.6130295348398653,2.6130295348398653,2.6130295348398653,2.6130295348398653,2.6130295348398653,2.6130295348398653,2.6130295348398653,2.6130295348398653,2.6130295348398653,2.6130295348398653,2.6130295348398653,2.6130295348398653,2.6130295348398653,2.6130295348398653,2.6130295348398653,2.6130295348398653,2.6130295348398653,2.6130295348398653,2.6130295348398653,2.6130295348398653,2.6130295348398653,2.6130295348398653,2.6130295348398653,2.6130295348398653,2.6130295348398653,2.6130295348398653,2.6130295348398653,2.6130295348398653,2.6130295348398653,2.6130295348398653,2.6130295348398653,2.6130295348398653,2.6130295348398653,2.6130295348398653,2.6130295348398653,2.6130295348398653,2.6130295348398653,2.6130295348398653,2.6130295348398653,2.6130295348398653,2.6130295348398653,2.6130295348398653,2.6130295348398653,2.6130295348398653,2.6130295348398653,2.6130295348398653,2.6130295348398653,2.6130295348398653,2.6130295348398653,2.6130295348398653,2.6130295348398653,2.6130295348398653,2.6130295348398653,2.6130295348398653,2.6130295348398653,2.6130295348398653,2.6130295348398653,2.6130295348398653,2.6130295348398653,2.6130295348398653,2.6130295348398653,2.6130295348398653,2.6130295348398653,8.958535832498761,8.958535832498761,8.958535832498761,8.958535832498761,8.541191673200723,8.541191673200723,8.541191673200723,8.541191673200723,8.541191673200723,8.541191673200723,8.541191673200723,8.541191673200723,8.541191673200723,8.541191673200723,8.541191673200723,8.541191673200723,8.541191673200723,8.541191673200723,8.541191673200723,8.541191673200723,8.541191673200723,8.541191673200723,8.541191673200723,8.541191673200723,8.541191673200723,8.541191673200723,8.541191673200723,8.541191673200723,8.541191673200723,8.541191673200723,8.541191673200723,8.541191673200723,8.541191673200723,8.541191673200723,8.541191673200723,8.541191673200723,8.541191673200723,8.541191673200723,8.541191673200723,8.541191673200723,8.541191673200723,8.541191673200723,8.541191673200723,8.541191673200723,8.541191673200723,8.541191673200723,8.541191673200723,8.541191673200723,8.541191673200723,8.541191673200723,8.541191673200723,8.541191673200723,8.541191673200723,8.541191673200723,8.541191673200723,8.541191673200723,8.541191673200723,8.541191673200723,8.541191673200723,8.541191673200723,8.541191673200723,8.541191673200723,8.541191673200723,8.541191673200723,8.541191673200723,8.541191673200723,8.541191673200723,8.541191673200723,8.541191673200723,8.541191673200723,8.541191673200723,8.541191673200723,8.541191673200723,8.541191673200723,8.541191673200723,8.541191673200723,8.541191673200723,8.541191673200723,8.541191673200723,8.541191673200723,8.541191673200723,8.541191673200723,8.541191673200723,8.541191673200723,8.541191673200723,8.541191673200723,8.541191673200723,8.541191673200723,8.541191673200723,8.541191673200723,8.541191673200723,8.541191673200723,8.541191673200723,8.541191673200723,8.444730131591744,8.444730131591744,8.444730131591744,8.444730131591744,8.444730131591744,8.444730131591744,8.444730131591744,8.444730131591744,8.444730131591744,8.444730131591744,8.444730131591744,8.444730131591744,8.444730131591744,8.444730131591744,8.444730131591744,8.444730131591744,8.444730131591744,8.444730131591744,8.444730131591744,8.444730131591744,8.444730131591744,8.444730131591744,8.444730131591744,8.444730131591744,8.444730131591744,8.444730131591744,8.444730131591744,8.444730131591744,8.444730131591744,8.444730131591744,8.444730131591744,8.444730131591744,8.444730131591744,8.444730131591744,8.444730131591744,8.444730131591744,8.444730131591744,8.444730131591744,8.444730131591744,8.444730131591744,8.444730131591744,8.444730131591744,8.444730131591744,8.444730131591744,8.444730131591744,8.444730131591744,8.444730131591744,8.444730131591744,8.444730131591744,8.444730131591744,8.444730131591744,8.444730131591744,8.444730131591744,8.444730131591744,8.444730131591744,8.444730131591744,8.444730131591744,8.444730131591744,8.444730131591744,8.444730131591744,8.444730131591744,8.444730131591744,8.444730131591744,8.444730131591744,8.444730131591744,8.444730131591744,8.444730131591744,8.444730131591744,8.444730131591744,8.444730131591744,8.444730131591744,8.444730131591744,8.444730131591744,8.444730131591744,8.444730131591744,8.444730131591744,8.444730131591744,8.444730131591744,8.444730131591744,8.444730131591744,8.444730131591744,8.444730131591744,8.444730131591744,8.444730131591744,8.444730131591744,8.444730131591744,8.444730131591744,8.444730131591744,8.444730131591744,8.444730131591744,8.444730131591744,8.444730131591744,8.444730131591744,8.444730131591744,8.444730131591744,8.444730131591744,8.444730131591744,8.444730131591744,8.444730131591744,8.444730131591744,8.444730131591744,8.444730131591744,8.444730131591744,8.444730131591744,8.444730131591744,8.444730131591744,8.444730131591744,8.444730131591744,8.444730131591744,8.444730131591744,8.444730131591744,8.444730131591744,8.444730131591744,8.444730131591744,8.444730131591744,8.444730131591744,8.444730131591744,8.444730131591744,8.444730131591744,8.444730131591744,8.444730131591744,8.444730131591744,7.321153033788079,5.81775941764923,5.81775941764923,5.81775941764923,5.81775941764923,5.81775941764923,5.81775941764923,5.81775941764923,5.81775941764923,5.81775941764923,5.81775941764923,5.81775941764923,5.81775941764923,5.81775941764923,5.81775941764923,5.81775941764923,5.81775941764923,5.81775941764923,5.81775941764923,5.81775941764923,5.81775941764923,5.81775941764923,5.81775941764923,5.81775941764923,5.81775941764923,5.81775941764923,5.81775941764923,5.81775941764923,5.81775941764923,5.81775941764923,5.81775941764923,5.81775941764923,5.81775941764923,5.81775941764923,5.81775941764923,5.81775941764923,5.81775941764923,5.81775941764923,5.81775941764923,5.81775941764923,5.81775941764923,5.81775941764923,5.81775941764923,5.81775941764923,5.81775941764923,5.81775941764923,5.81775941764923,5.81775941764923,5.81775941764923,5.81775941764923,5.81775941764923,5.81775941764923,5.81775941764923,5.81775941764923,5.81775941764923,5.81775941764923,5.81775941764923,5.81775941764923,5.81775941764923,5.81775941764923,5.81775941764923,5.81775941764923,5.81775941764923,5.81775941764923,5.81775941764923,5.81775941764923,5.81775941764923,5.81775941764923,5.81775941764923,5.81775941764923,5.81775941764923,5.81775941764923,5.81775941764923,5.81775941764923,5.81775941764923,5.81775941764923,5.81775941764923,5.81775941764923,5.81775941764923,5.81775941764923,5.81775941764923,5.81775941764923,5.81775941764923,5.81775941764923,5.81775941764923,5.81775941764923,5.81775941764923,5.81775941764923,5.81775941764923,5.81775941764923,5.81775941764923,5.81775941764923,5.81775941764923,5.81775941764923,5.81775941764923,5.81775941764923,5.81775941764923,5.81775941764923,5.81775941764923,5.81775941764923,5.81775941764923,5.81775941764923,5.81775941764923,5.81775941764923,5.81775941764923,5.81775941764923,5.81775941764923,5.81775941764923,5.81775941764923,5.81775941764923,5.81775941764923,5.81775941764923,5.81775941764923,5.81775941764923,5.81775941764923,5.81775941764923,5.81775941764923,5.81775941764923,4.0268940105105475,3.9792393740016987,3.9792393740016987,3.9792393740016987,3.9792393740016987,3.9792393740016987,3.9792393740016987,3.9792393740016987,3.9792393740016987,3.9792393740016987,3.9792393740016987,3.9792393740016987,3.9792393740016987,3.9792393740016987,3.9792393740016987,3.9792393740016987,3.9792393740016987,3.9792393740016987,3.9792393740016987,3.9792393740016987,3.9792393740016987,3.9792393740016987,3.9792393740016987,3.9792393740016987,3.9792393740016987,3.9792393740016987,3.9792393740016987,3.9792393740016987,3.9792393740016987,3.9792393740016987,3.9792393740016987,3.9792393740016987,3.9792393740016987,3.9792393740016987,3.9792393740016987,3.9792393740016987,3.9792393740016987,3.9792393740016987,3.9792393740016987,3.9792393740016987,3.9792393740016987,3.9792393740016987,3.9792393740016987,3.9792393740016987,3.9792393740016987,3.9792393740016987,3.9792393740016987,3.9792393740016987,3.9792393740016987,3.9792393740016987,3.9792393740016987,3.9792393740016987,3.9792393740016987,3.9792393740016987,3.9792393740016987,3.9792393740016987,3.9792393740016987,3.9792393740016987,3.9792393740016987,3.9792393740016987,3.9792393740016987,3.9792393740016987,3.9792393740016987,3.9792393740016987,3.9792393740016987,3.9792393740016987,3.9792393740016987,3.9792393740016987,3.9792393740016987,3.9792393740016987,3.9792393740016987,3.9792393740016987,3.9792393740016987,3.9792393740016987,3.9792393740016987,3.9792393740016987,3.9792393740016987,3.9792393740016987,3.9792393740016987,3.9792393740016987,3.9792393740016987,3.9792393740016987,3.9792393740016987,3.9792393740016987,3.9792393740016987,3.9792393740016987,3.9792393740016987,3.9792393740016987,3.9792393740016987,3.9792393740016987,3.9792393740016987,3.9792393740016987,3.9792393740016987,3.9792393740016987,3.9792393740016987,3.9792393740016987,3.9792393740016987,3.9792393740016987,3.9792393740016987,3.9792393740016987,3.9792393740016987,3.9792393740016987,3.9792393740016987,3.9792393740016987,3.9792393740016987,3.9792393740016987,3.9792393740016987,3.9792393740016987,3.9792393740016987,3.9792393740016987,3.9792393740016987,3.9792393740016987,3.9792393740016987,3.9792393740016987,3.9792393740016987,3.9792393740016987,3.9792393740016987,3.9792393740016987,3.9792393740016987,3.9792393740016987,3.9792393740016987,3.9792393740016987,3.9792393740016987,3.9792393740016987,3.9792393740016987,3.9792393740016987,3.9792393740016987,3.9792393740016987,3.9792393740016987,3.9792393740016987,3.9792393740016987,3.9792393740016987,3.9792393740016987,3.9792393740016987,3.9792393740016987,3.9792393740016987,3.9792393740016987,3.9792393740016987,3.9792393740016987,3.9792393740016987,3.9792393740016987,3.9792393740016987,3.9792393740016987,3.9792393740016987,3.9792393740016987,3.9792393740016987,3.9792393740016987,3.9792393740016987,3.9792393740016987,3.9792393740016987,3.9792393740016987,3.9792393740016987,3.9792393740016987,3.9792393740016987,3.9792393740016987,3.9792393740016987,3.9792393740016987,3.9792393740016987,3.9792393740016987,3.9792393740016987,3.9792393740016987,3.9792393740016987,3.9792393740016987,3.9792393740016987,3.9792393740016987,3.9792393740016987,3.9792393740016987,3.9792393740016987,3.9792393740016987,3.9792393740016987,3.9792393740016987,3.9792393740016987,3.9792393740016987,3.9792393740016987,3.9792393740016987,3.9792393740016987,3.9792393740016987,3.9792393740016987,3.9792393740016987,3.9792393740016987,3.9792393740016987,3.9792393740016987,3.9792393740016987,3.9792393740016987,3.9792393740016987,3.9792393740016987,3.9792393740016987,3.9792393740016987,3.9792393740016987,3.9792393740016987,3.9792393740016987,3.9792393740016987,3.9792393740016987,3.9792393740016987,3.9792393740016987,3.9792393740016987,3.9792393740016987,3.9792393740016987,3.9792393740016987,3.9792393740016987,3.9792393740016987,3.9792393740016987,3.9792393740016987,3.9792393740016987,3.9792393740016987,3.9792393740016987,3.9792393740016987,3.9792393740016987,3.9792393740016987,3.9792393740016987,3.9792393740016987,3.9792393740016987,3.9792393740016987,3.9792393740016987,3.9792393740016987,3.9792393740016987,3.9792393740016987,3.9792393740016987,3.9792393740016987,3.9792393740016987,3.9792393740016987,3.9792393740016987,3.9792393740016987,3.9792393740016987,3.9792393740016987,3.9792393740016987,3.9792393740016987,3.9792393740016987,3.9792393740016987,3.9792393740016987,3.9792393740016987,3.9792393740016987,3.9792393740016987,3.9792393740016987,3.9792393740016987,3.9792393740016987,3.9792393740016987,3.9792393740016987,3.9792393740016987,3.9792393740016987,3.9792393740016987,3.9792393740016987,3.9792393740016987,3.9792393740016987,3.9792393740016987,3.9792393740016987,3.9792393740016987,3.9792393740016987,3.9792393740016987,3.9792393740016987,3.9792393740016987,3.9792393740016987,3.9792393740016987,3.9792393740016987,3.9792393740016987,3.9792393740016987,3.9792393740016987,3.9792393740016987,3.9792393740016987,3.9792393740016987,3.9792393740016987,3.9792393740016987,3.9792393740016987,3.9792393740016987,3.9792393740016987,3.9792393740016987,3.9792393740016987,3.9792393740016987,3.9792393740016987,3.9792393740016987,3.9792393740016987,3.9792393740016987,3.9792393740016987,3.9792393740016987,3.9792393740016987,3.9792393740016987,3.9792393740016987,3.9792393740016987,3.9792393740016987,3.9792393740016987,3.9792393740016987,3.9792393740016987,3.9792393740016987,3.9792393740016987,3.9792393740016987,3.9792393740016987,3.9792393740016987,3.9792393740016987,3.9792393740016987,3.9792393740016987,3.9792393740016987,3.9792393740016987,3.9792393740016987,3.9792393740016987,3.9792393740016987,3.9792393740016987,3.9792393740016987,3.9792393740016987,3.9792393740016987,3.9792393740016987,3.9792393740016987,3.9792393740016987,3.9792393740016987,3.9792393740016987,3.9792393740016987,3.9792393740016987,3.9792393740016987,3.9792393740016987,3.9792393740016987,3.9792393740016987,3.9792393740016987,3.9792393740016987,3.9792393740016987,3.9792393740016987,3.9792393740016987,3.9792393740016987,3.9792393740016987,3.9792393740016987,3.9792393740016987,3.9792393740016987,3.9792393740016987,3.9792393740016987,3.9792393740016987,3.9792393740016987,3.9792393740016987,3.9792393740016987,3.9792393740016987,3.9792393740016987,3.9792393740016987,3.9792393740016987,3.9792393740016987,3.9792393740016987,3.9792393740016987,3.9792393740016987,3.9792393740016987,3.9792393740016987,3.9792393740016987,3.9792393740016987,3.9792393740016987,3.9792393740016987,3.9792393740016987,3.9792393740016987,3.9792393740016987,3.9792393740016987,3.9792393740016987,3.9792393740016987,3.9792393740016987,3.9792393740016987,3.9792393740016987,3.9792393740016987,3.9792393740016987,3.9792393740016987,3.9792393740016987,3.9792393740016987,3.9792393740016987,3.9792393740016987,3.9792393740016987,3.9792393740016987,3.9792393740016987,3.9792393740016987,3.9792393740016987,3.9792393740016987,3.9792393740016987,3.9792393740016987,3.9792393740016987,3.9792393740016987,3.9792393740016987,3.9792393740016987,3.9792393740016987,3.9792393740016987,3.9792393740016987,3.9792393740016987,3.9792393740016987,3.9792393740016987,3.9792393740016987,3.9792393740016987,3.9792393740016987,3.9792393740016987,3.9792393740016987,3.9792393740016987,3.9792393740016987,3.9792393740016987,3.9792393740016987,3.9792393740016987,3.9792393740016987,3.9792393740016987,3.9792393740016987,3.9792393740016987,3.9792393740016987,3.9792393740016987,3.9792393740016987,3.9792393740016987,3.9792393740016987,3.9792393740016987,3.9792393740016987,3.9792393740016987,3.9792393740016987,3.9792393740016987,3.9792393740016987,3.9792393740016987,3.9792393740016987,3.9792393740016987,3.9792393740016987,3.9792393740016987,3.9792393740016987,3.9792393740016987,3.9792393740016987,3.9792393740016987,3.9792393740016987,3.9792393740016987,3.9792393740016987,3.9792393740016987,3.9792393740016987,3.9792393740016987,3.9792393740016987,3.9792393740016987,3.9792393740016987,3.9792393740016987,3.9792393740016987,3.9792393740016987,3.9792393740016987,3.9792393740016987,3.9792393740016987,3.9792393740016987,3.9792393740016987,3.9792393740016987,3.9792393740016987,3.9792393740016987,3.9792393740016987,3.9792393740016987,3.9792393740016987,3.9792393740016987,3.9792393740016987,3.9792393740016987,3.9792393740016987,3.9792393740016987,3.9792393740016987,3.9792393740016987,3.9792393740016987,3.9792393740016987,3.9792393740016987,3.9792393740016987,3.9792393740016987,3.9792393740016987,3.9792393740016987,3.9792393740016987,3.9792393740016987,3.9792393740016987,3.9792393740016987,3.9792393740016987,3.9792393740016987,3.9792393740016987,3.9792393740016987,3.9792393740016987,3.9792393740016987,3.9792393740016987,3.9792393740016987,3.9792393740016987,3.9792393740016987,3.9792393740016987,3.9792393740016987,3.9792393740016987,3.9792393740016987,3.9792393740016987,3.9792393740016987,3.9792393740016987,3.9792393740016987,3.9792393740016987,3.9792393740016987,3.9792393740016987,3.9792393740016987,3.9792393740016987,3.9792393740016987,3.9792393740016987,3.9792393740016987,3.9792393740016987,3.9792393740016987,3.9792393740016987,3.9792393740016987,3.9792393740016987,3.9792393740016987,3.9792393740016987,3.9792393740016987,3.9792393740016987,3.9792393740016987,3.9792393740016987,3.9792393740016987,3.9792393740016987,3.9792393740016987,3.9792393740016987,3.9792393740016987,3.9792393740016987,3.9792393740016987,3.9792393740016987,3.9792393740016987,3.9792393740016987,3.9792393740016987,3.9792393740016987,3.9792393740016987,3.9792393740016987,3.9792393740016987,3.9792393740016987,3.9792393740016987,3.9792393740016987,3.9792393740016987,3.9792393740016987,3.9792393740016987,3.9792393740016987,3.9792393740016987,3.9792393740016987,3.9792393740016987,3.9792393740016987,3.9792393740016987,3.9792393740016987,3.9792393740016987,3.9792393740016987,3.9792393740016987,3.9792393740016987,3.9792393740016987,3.9792393740016987,3.9792393740016987,3.9792393740016987,3.9792393740016987,3.9792393740016987,3.9792393740016987,3.9792393740016987,3.9792393740016987,3.9792393740016987,3.9792393740016987,3.9792393740016987,3.9792393740016987,3.9792393740016987,3.9792393740016987,3.9792393740016987,3.9792393740016987,3.9792393740016987,3.9792393740016987,3.9792393740016987,3.9792393740016987,3.9792393740016987,3.9792393740016987,3.9792393740016987,3.9792393740016987,3.9792393740016987,3.9792393740016987,3.9792393740016987,3.9792393740016987,3.9792393740016987,3.9792393740016987,3.9792393740016987,3.9792393740016987,3.9792393740016987,3.9792393740016987,3.9792393740016987,3.9792393740016987,3.9792393740016987,3.9792393740016987,3.9792393740016987,3.9792393740016987,3.9792393740016987,3.9792393740016987,3.9792393740016987,3.9792393740016987,3.9792393740016987,3.9792393740016987,3.9792393740016987,3.9792393740016987,3.9792393740016987,3.9792393740016987,3.9792393740016987,3.9792393740016987,3.9792393740016987,3.9792393740016987,3.9792393740016987,3.9792393740016987,3.9792393740016987,3.9792393740016987,3.9792393740016987,3.9792393740016987,3.9792393740016987,3.9792393740016987,3.9792393740016987,3.9792393740016987,3.9792393740016987,3.9792393740016987,3.9792393740016987,3.9792393740016987,3.9792393740016987,3.9792393740016987,3.9792393740016987,3.9792393740016987,3.9792393740016987,3.9792393740016987,3.9792393740016987,3.9792393740016987,3.9792393740016987,3.9792393740016987,3.9792393740016987,3.9792393740016987,3.9792393740016987,3.9792393740016987,3.9792393740016987,3.9792393740016987,3.9792393740016987,3.9792393740016987,3.9792393740016987,3.9792393740016987,3.9792393740016987,3.9792393740016987,3.9792393740016987,3.9792393740016987,3.9792393740016987,3.9792393740016987,3.9792393740016987,3.9792393740016987,3.9792393740016987,3.9792393740016987,3.9792393740016987,3.9792393740016987,3.9792393740016987,3.9792393740016987,3.9792393740016987,3.9792393740016987,3.9792393740016987,3.9792393740016987,3.9792393740016987,3.9792393740016987,3.9792393740016987,3.9792393740016987,3.9792393740016987,3.9792393740016987,3.9792393740016987,3.9792393740016987,3.9792393740016987,3.9792393740016987,3.9792393740016987,3.9792393740016987,3.9792393740016987,3.9792393740016987,3.9792393740016987,3.9792393740016987,3.9792393740016987,3.9792393740016987,3.9792393740016987,3.9792393740016987,3.9792393740016987,3.9792393740016987,3.9792393740016987,3.9792393740016987,3.9792393740016987,3.9792393740016987,3.9792393740016987,3.9792393740016987,3.9792393740016987,3.9792393740016987,3.9792393740016987,3.9792393740016987,3.9792393740016987,3.9792393740016987,3.9792393740016987,3.9792393740016987,3.9792393740016987,3.9792393740016987,3.9792393740016987,3.9792393740016987,3.9792393740016987,8.151349662041534,8.082909331170532,8.082909331170532,7.938838803553153,7.938838803553153,6.575781335698056,6.575781335698056,6.575781335698056,6.575781335698056,6.575781335698056,6.575781335698056,6.575781335698056,6.575781335698056,6.575781335698056,6.575781335698056,6.575781335698056,6.575781335698056,6.575781335698056,6.575781335698056,6.575781335698056,6.575781335698056,6.575781335698056,6.575781335698056,6.575781335698056,6.575781335698056,6.575781335698056,6.575781335698056,6.575781335698056,6.575781335698056,6.575781335698056,6.575781335698056,6.575781335698056,6.575781335698056,6.575781335698056,6.575781335698056,6.575781335698056,6.575781335698056,6.575781335698056,6.575781335698056,6.575781335698056,6.575781335698056,6.575781335698056,6.575781335698056,6.575781335698056,6.575781335698056,6.575781335698056,6.575781335698056,6.575781335698056,6.575781335698056,6.575781335698056,6.575781335698056,6.575781335698056,6.575781335698056,6.575781335698056,6.575781335698056,6.575781335698056,6.575781335698056,6.575781335698056,6.575781335698056,6.575781335698056,6.575781335698056,6.575781335698056,6.575781335698056,6.575781335698056,6.575781335698056,6.575781335698056,6.575781335698056,6.575781335698056,6.575781335698056,6.575781335698056,6.575781335698056,6.575781335698056,6.575781335698056,6.575781335698056,6.575781335698056,6.575781335698056,6.575781335698056,6.575781335698056,6.575781335698056,6.575781335698056,6.575781335698056,6.575781335698056,6.575781335698056,6.575781335698056,6.575781335698056,6.575781335698056,6.575781335698056,6.575781335698056,6.575781335698056,6.575781335698056,6.575781335698056,6.575781335698056,6.575781335698056,6.575781335698056,6.575781335698056,6.575781335698056,6.575781335698056,6.575781335698056,6.575781335698056,6.575781335698056,6.575781335698056,6.575781335698056,5.921191656540002,5.921191656540002,5.436981204400374,5.37848080347197,4.862049697244598,4.862049697244598,4.862049697244598,4.758582740721676,4.758582740721676,4.758582740721676,4.758582740721676,4.758582740721676,4.758582740721676,4.545339204893087,4.545339204893087,4.397738645903339,4.397738645903339,4.397738645903339,4.397738645903339,4.397738645903339,4.397738645903339,4.397738645903339,4.397738645903339,4.397738645903339,4.397738645903339,4.397738645903339,4.397738645903339,4.397738645903339,4.397738645903339,4.397738645903339,4.397738645903339,4.397738645903339,4.397738645903339,4.397738645903339,4.397738645903339,4.397738645903339,4.397738645903339,4.397738645903339,4.397738645903339,4.397738645903339,4.397738645903339,4.397738645903339,4.397738645903339,4.397738645903339,4.397738645903339,4.397738645903339,4.397738645903339,4.397738645903339,4.397738645903339,4.397738645903339,4.397738645903339,4.397738645903339,4.397738645903339,4.397738645903339,4.397738645903339,4.397738645903339,4.397738645903339,4.397738645903339,4.397738645903339,4.397738645903339,4.397738645903339,4.397738645903339,4.397738645903339,4.397738645903339,4.397738645903339,4.397738645903339,4.397738645903339,4.397738645903339,4.397738645903339,4.397738645903339,4.397738645903339,4.397738645903339,4.397738645903339,4.397738645903339,4.397738645903339,4.397738645903339,4.397738645903339,4.397738645903339,4.397738645903339,4.397738645903339,4.397738645903339,4.397738645903339,4.397738645903339,4.397738645903339,4.397738645903339,4.397738645903339,4.397738645903339,4.397738645903339,4.397738645903339,4.397738645903339,4.397738645903339,4.397738645903339,4.397738645903339,4.397738645903339,4.397738645903339,4.397738645903339,4.397738645903339,4.397738645903339,4.397738645903339,4.397738645903339,4.397738645903339,4.397738645903339,4.397738645903339,4.397738645903339,4.397738645903339,4.397738645903339,4.397738645903339,4.397738645903339,4.397738645903339,4.397738645903339,4.397738645903339,4.397738645903339,4.397738645903339,4.397738645903339,4.397738645903339,4.397738645903339,4.397738645903339,4.397738645903339,4.397738645903339,4.397738645903339,4.397738645903339,4.397738645903339,4.397738645903339,4.397738645903339,4.2070778085861225,4.2070778085861225,4.2070778085861225,4.2070778085861225,4.2070778085861225,4.2070778085861225,4.2070778085861225,4.2070778085861225,4.2070778085861225,4.2070778085861225,4.184335069448182,4.184335069448182,4.184335069448182,4.184335069448182,4.184335069448182,4.184335069448182,4.184335069448182,4.184335069448182,4.184335069448182,4.184335069448182,4.184335069448182,4.184335069448182,4.184335069448182,4.184335069448182,4.184335069448182,4.184335069448182,4.184335069448182,4.184335069448182,4.184335069448182,4.184335069448182,4.184335069448182,4.184335069448182,4.184335069448182,4.184335069448182,4.184335069448182,4.184335069448182,4.184335069448182,4.184335069448182,4.184335069448182,4.184335069448182,4.184335069448182,4.184335069448182,4.184335069448182,4.184335069448182,4.184335069448182,4.184335069448182,4.184335069448182,4.184335069448182,4.184335069448182,4.184335069448182,4.184335069448182,4.184335069448182,4.184335069448182,4.184335069448182,4.184335069448182,4.184335069448182,4.184335069448182,4.184335069448182,4.184335069448182,4.184335069448182,4.184335069448182,4.184335069448182,4.184335069448182,4.184335069448182,4.184335069448182,4.184335069448182,4.184335069448182,4.184335069448182,4.184335069448182,4.184335069448182,4.184335069448182,4.184335069448182,4.184335069448182,4.184335069448182,4.184335069448182,4.184335069448182,4.184335069448182,4.184335069448182,4.184335069448182,4.184335069448182,4.184335069448182,4.184335069448182,4.184335069448182,4.184335069448182,4.184335069448182,4.184335069448182,4.184335069448182,4.184335069448182,4.184335069448182,4.184335069448182,4.184335069448182,4.184335069448182,4.184335069448182,4.184335069448182,4.184335069448182,4.184335069448182,4.184335069448182,4.184335069448182,4.184335069448182,4.184335069448182,4.184335069448182,4.184335069448182,4.184335069448182,4.184335069448182,4.184335069448182,4.184335069448182,4.184335069448182,4.184335069448182,4.184335069448182,4.184335069448182,4.184335069448182,4.184335069448182,4.184335069448182,4.184335069448182,4.184335069448182,4.184335069448182,4.184335069448182,4.184335069448182,4.184335069448182,4.184335069448182,4.184335069448182,4.184335069448182,4.184335069448182,4.184335069448182,4.184335069448182,4.184335069448182,4.184335069448182,4.184335069448182,4.184335069448182,4.184335069448182,4.184335069448182,4.184335069448182,4.184335069448182,4.184335069448182,4.184335069448182,4.184335069448182,4.184335069448182,4.184335069448182,4.184335069448182,4.184335069448182,4.184335069448182,4.184335069448182,4.184335069448182,4.184335069448182,4.184335069448182,4.184335069448182,4.184335069448182,4.184335069448182,4.184335069448182,4.184335069448182,4.184335069448182,4.184335069448182,4.184335069448182,4.184335069448182,4.184335069448182,4.184335069448182,4.184335069448182,4.184335069448182,4.184335069448182,4.184335069448182,4.184335069448182,4.184335069448182,4.184335069448182,4.184335069448182,4.184335069448182,4.184335069448182,4.184335069448182,4.184335069448182,4.184335069448182,4.184335069448182,4.184335069448182,4.184335069448182,4.184335069448182,4.184335069448182,4.184335069448182,4.184335069448182,4.184335069448182,4.184335069448182,4.184335069448182,4.184335069448182,4.184335069448182,4.184335069448182,4.184335069448182,4.184335069448182,4.184335069448182,4.184335069448182,4.184335069448182,4.184335069448182,4.184335069448182,4.184335069448182,4.184335069448182,4.184335069448182,4.184335069448182,4.184335069448182,4.184335069448182,4.184335069448182,4.184335069448182,4.184335069448182,4.184335069448182,4.184335069448182,4.184335069448182,4.184335069448182,4.184335069448182,4.184335069448182,4.184335069448182,4.184335069448182,4.184335069448182,4.184335069448182,4.184335069448182,4.184335069448182,4.184335069448182,4.184335069448182,4.184335069448182,4.184335069448182,4.184335069448182,4.184335069448182,4.184335069448182,4.184335069448182,4.184335069448182,4.184335069448182,4.184335069448182,4.184335069448182,4.184335069448182,4.184335069448182,4.184335069448182,4.184335069448182,4.184335069448182,4.184335069448182,4.184335069448182,4.184335069448182,4.184335069448182,4.184335069448182,4.184335069448182,4.184335069448182,4.184335069448182,4.184335069448182,4.184335069448182,4.184335069448182,4.184335069448182,4.184335069448182,4.184335069448182,4.184335069448182,4.184335069448182,4.184335069448182,4.184335069448182,4.184335069448182,4.184335069448182,4.184335069448182,4.184335069448182,4.184335069448182,4.184335069448182,4.184335069448182,4.184335069448182,4.184335069448182,4.184335069448182,4.184335069448182,4.184335069448182,4.184335069448182,4.184335069448182,4.184335069448182,4.184335069448182,4.184335069448182,4.184335069448182,4.184335069448182,4.184335069448182,4.184335069448182,4.184335069448182,4.184335069448182,4.184335069448182,4.184335069448182,4.184335069448182,4.184335069448182,4.184335069448182,4.184335069448182,4.184335069448182,4.184335069448182,4.184335069448182,4.184335069448182,4.184335069448182,4.184335069448182,4.184335069448182,4.184335069448182,4.184335069448182,4.184335069448182,4.184335069448182,4.184335069448182,4.184335069448182,4.184335069448182,4.184335069448182,4.184335069448182,4.184335069448182,4.184335069448182,4.184335069448182,4.184335069448182,4.184335069448182,4.184335069448182,4.184335069448182,4.184335069448182,4.184335069448182,4.184335069448182,4.184335069448182,4.184335069448182,4.184335069448182,4.184335069448182,4.184335069448182,4.184335069448182,4.184335069448182,4.184335069448182,4.184335069448182,4.184335069448182,4.184335069448182,4.184335069448182,4.184335069448182,4.184335069448182,4.184335069448182,4.184335069448182,4.184335069448182,4.184335069448182,4.184335069448182,4.184335069448182,4.184335069448182,4.184335069448182,4.184335069448182,4.184335069448182,4.184335069448182,4.184335069448182,4.184335069448182,4.184335069448182,4.184335069448182,4.184335069448182,4.184335069448182,4.184335069448182,4.184335069448182,4.184335069448182,4.184335069448182,4.184335069448182,4.184335069448182,4.184335069448182,4.184335069448182,4.184335069448182,4.184335069448182,4.184335069448182,4.184335069448182,4.184335069448182,4.184335069448182,4.184335069448182,4.184335069448182,4.184335069448182,4.184335069448182,4.184335069448182,4.184335069448182,4.184335069448182,4.184335069448182,4.184335069448182,4.184335069448182,4.184335069448182,4.184335069448182,4.184335069448182,4.184335069448182,4.184335069448182,4.184335069448182,4.184335069448182,4.184335069448182,4.184335069448182,4.184335069448182,4.184335069448182,4.184335069448182,4.184335069448182,4.184335069448182,4.184335069448182,4.184335069448182,4.184335069448182,4.184335069448182,4.184335069448182,4.184335069448182,4.184335069448182,4.184335069448182,4.184335069448182,4.184335069448182,4.184335069448182,4.184335069448182,4.184335069448182,4.184335069448182,4.184335069448182,4.184335069448182,4.184335069448182,4.184335069448182,4.184335069448182,4.184335069448182,4.184335069448182,4.184335069448182,4.184335069448182,4.184335069448182,4.184335069448182,4.184335069448182,4.184335069448182,4.184335069448182,4.184335069448182,4.184335069448182,4.184335069448182,4.184335069448182,4.184335069448182,4.184335069448182,4.184335069448182,4.184335069448182,4.184335069448182,4.184335069448182,4.184335069448182,4.184335069448182,4.184335069448182,4.184335069448182,4.184335069448182,4.184335069448182,4.184335069448182,4.184335069448182,4.184335069448182,4.184335069448182,4.184335069448182,4.184335069448182,4.184335069448182,4.184335069448182,4.184335069448182,4.184335069448182,4.184335069448182,4.184335069448182,4.184335069448182,4.184335069448182,4.184335069448182,4.184335069448182,4.184335069448182,4.184335069448182,4.184335069448182,4.184335069448182,4.184335069448182,4.184335069448182,4.184335069448182,4.184335069448182,4.184335069448182,4.184335069448182,4.184335069448182,4.184335069448182,4.184335069448182,4.184335069448182,4.184335069448182,4.184335069448182,4.184335069448182,4.184335069448182,4.184335069448182,4.184335069448182,4.184335069448182,4.184335069448182,4.184335069448182,4.184335069448182,4.184335069448182,4.184335069448182,4.184335069448182,4.184335069448182,4.184335069448182,4.184335069448182,4.184335069448182,4.184335069448182,4.184335069448182,4.184335069448182,4.184335069448182,4.184335069448182,4.184335069448182,4.184335069448182,4.184335069448182,4.184335069448182,4.184335069448182,4.184335069448182,4.184335069448182,4.184335069448182,4.184335069448182,4.184335069448182,4.184335069448182,4.184335069448182,4.184335069448182,4.184335069448182,4.184335069448182,4.184335069448182,4.184335069448182,4.184335069448182,4.184335069448182,4.184335069448182,4.184335069448182,4.184335069448182,4.184335069448182,4.184335069448182,4.184335069448182,4.184335069448182,4.184335069448182,4.184335069448182,4.184335069448182,4.184335069448182,4.184335069448182,4.184335069448182,4.184335069448182,4.184335069448182,4.184335069448182,4.184335069448182,4.184335069448182,4.184335069448182,4.184335069448182,4.184335069448182,4.184335069448182,4.184335069448182,4.184335069448182,4.184335069448182,4.184335069448182,4.184335069448182,4.184335069448182,4.184335069448182,4.184335069448182,4.184335069448182,4.184335069448182,4.184335069448182,4.184335069448182,4.184335069448182,4.184335069448182,4.184335069448182,4.184335069448182,4.184335069448182,4.184335069448182,4.184335069448182,4.184335069448182,4.184335069448182,4.184335069448182,4.184335069448182,4.184335069448182,4.184335069448182,4.184335069448182,4.184335069448182,4.184335069448182,4.184335069448182,4.184335069448182,4.184335069448182,4.184335069448182,4.184335069448182,4.184335069448182,4.184335069448182,4.184335069448182,4.184335069448182,4.184335069448182,4.184335069448182,4.184335069448182,4.184335069448182,4.184335069448182,4.184335069448182,4.184335069448182,4.184335069448182,4.184335069448182,4.184335069448182,4.184335069448182,4.184335069448182,4.184335069448182,4.184335069448182,4.184335069448182,4.184335069448182,4.184335069448182,4.184335069448182,4.184335069448182,4.184335069448182,4.184335069448182,4.184335069448182,4.184335069448182,4.184335069448182,4.184335069448182,4.184335069448182,4.184335069448182,4.184335069448182,4.184335069448182,4.184335069448182,4.184335069448182,4.184335069448182,4.184335069448182,4.184335069448182,4.184335069448182,4.184335069448182,4.184335069448182,4.184335069448182,4.184335069448182,4.184335069448182,4.184335069448182,4.184335069448182,4.184335069448182,4.184335069448182,4.184335069448182,4.184335069448182,4.184335069448182,4.184335069448182,4.184335069448182,4.184335069448182,4.184335069448182,4.184335069448182,4.184335069448182,4.184335069448182,4.184335069448182,4.184335069448182,4.184335069448182,4.184335069448182,4.184335069448182,4.184335069448182,4.184335069448182,4.184335069448182,4.184335069448182,4.184335069448182,4.184335069448182,4.184335069448182,4.184335069448182,4.184335069448182,4.184335069448182,4.184335069448182,4.184335069448182,4.184335069448182,4.184335069448182,4.184335069448182,4.184335069448182,4.184335069448182,4.184335069448182,4.184335069448182,4.184335069448182,4.184335069448182,4.184335069448182,4.184335069448182,4.184335069448182,4.184335069448182,4.184335069448182,4.184335069448182,4.184335069448182,4.184335069448182,4.184335069448182,4.184335069448182,4.184335069448182,4.184335069448182,4.184335069448182,4.184335069448182,4.184335069448182,4.184335069448182,4.184335069448182,4.184335069448182,4.184335069448182,4.184335069448182,4.184335069448182,4.184335069448182,4.184335069448182,4.184335069448182,4.184335069448182,4.184335069448182,4.184335069448182,4.184335069448182,4.184335069448182,4.184335069448182,4.184335069448182,4.184335069448182,4.184335069448182,4.184335069448182,4.184335069448182,4.184335069448182,4.184335069448182,4.184335069448182,4.184335069448182,4.184335069448182,4.184335069448182,4.184335069448182,4.184335069448182,4.184335069448182,4.184335069448182,4.184335069448182,4.184335069448182,4.184335069448182,4.184335069448182,4.184335069448182,4.184335069448182,4.184335069448182,4.184335069448182,4.184335069448182,4.184335069448182,4.184335069448182,4.184335069448182,4.184335069448182,4.184335069448182,4.184335069448182,4.184335069448182,4.184335069448182,4.184335069448182,4.184335069448182,4.184335069448182,4.184335069448182,4.184335069448182,4.184335069448182,4.184335069448182,4.184335069448182,4.184335069448182,4.184335069448182,4.184335069448182,4.184335069448182,4.184335069448182,4.184335069448182,4.184335069448182,4.184335069448182,4.184335069448182,4.184335069448182,4.184335069448182,4.184335069448182,4.184335069448182,4.184335069448182,4.184335069448182,4.184335069448182,4.184335069448182,4.184335069448182,4.184335069448182,4.184335069448182,4.184335069448182,4.184335069448182,4.184335069448182,4.184335069448182,4.184335069448182,4.184335069448182,4.184335069448182,4.184335069448182,4.184335069448182,4.184335069448182,4.184335069448182,4.184335069448182,4.184335069448182,4.184335069448182,4.184335069448182,4.184335069448182,4.184335069448182,4.184335069448182,4.184335069448182,4.184335069448182,4.184335069448182,4.184335069448182,4.184335069448182,4.184335069448182,4.184335069448182,4.184335069448182,4.184335069448182,4.184335069448182,4.184335069448182,4.184335069448182,4.184335069448182,4.184335069448182,4.184335069448182,4.184335069448182,4.184335069448182,4.184335069448182,4.184335069448182,4.184335069448182,4.184335069448182,4.184335069448182,4.184335069448182,4.184335069448182,4.184335069448182,4.184335069448182,4.184335069448182,4.184335069448182,4.184335069448182,4.184335069448182,4.184335069448182,4.184335069448182,4.184335069448182,4.184335069448182,4.184335069448182,4.184335069448182,4.184335069448182,4.184335069448182,4.184335069448182,4.184335069448182,4.184335069448182,4.184335069448182,4.184335069448182,6.7581981032991125,6.646040003413366,6.646040003413366,6.182795239303365,6.182795239303365,6.182795239303365,6.182795239303365,6.182795239303365,6.182795239303365,6.182795239303365,6.182795239303365,6.1673090297709345,6.1673090297709345,6.1673090297709345,6.1673090297709345,6.1673090297709345,6.1673090297709345,6.1673090297709345,6.1673090297709345,6.1673090297709345,6.1673090297709345,6.1673090297709345,6.1673090297709345,6.16537024819031,6.16537024819031,6.16537024819031,6.16537024819031,6.16537024819031,6.16537024819031,6.121415810688049,6.121415810688049,6.121415810688049,6.121415810688049,6.121415810688049,6.121415810688049,6.121415810688049,6.121415810688049,6.121415810688049,6.121415810688049,6.121415810688049,6.0896244407475075,6.0896244407475075,6.0896244407475075,6.0896244407475075,6.0896244407475075,6.0896244407475075,6.0896244407475075,6.0896244407475075,6.0896244407475075,6.0896244407475075,6.0896244407475075,6.0896244407475075,6.0896244407475075,6.0896244407475075,6.0896244407475075,6.0896244407475075,6.0896244407475075,6.0896244407475075,6.0896244407475075,6.0896244407475075,6.0896244407475075,6.0896244407475075,6.0896244407475075,6.0896244407475075,6.0896244407475075,5.44582728630622,5.44582728630622,5.44582728630622,5.44582728630622,5.44582728630622,5.44582728630622,5.44582728630622,5.44582728630622,5.44582728630622,5.44582728630622,5.44582728630622,5.44582728630622,5.44582728630622,5.44582728630622,5.44582728630622,5.44582728630622,5.44582728630622,5.44582728630622,5.172084922357418,5.172084922357418,5.172084922357418,5.172084922357418,5.172084922357418,5.172084922357418,5.172084922357418,5.172084922357418,5.172084922357418,5.172084922357418,5.172084922357418,5.172084922357418,5.172084922357418,5.172084922357418,5.172084922357418,5.172084922357418,5.172084922357418,5.172084922357418,5.172084922357418,5.172084922357418,5.172084922357418,5.172084922357418,5.172084922357418,5.172084922357418,5.172084922357418,5.172084922357418,5.172084922357418,5.172084922357418,5.172084922357418,5.172084922357418,5.172084922357418,5.172084922357418,5.172084922357418,5.172084922357418,5.172084922357418,5.172084922357418,5.159427224240216,5.159427224240216,5.159427224240216,5.159427224240216,5.159427224240216,5.159427224240216,5.159427224240216,5.159427224240216,5.159427224240216,5.159427224240216,5.159427224240216,5.159427224240216,5.159427224240216,5.159427224240216,5.159427224240216,5.159427224240216,5.159427224240216,5.159427224240216,5.159427224240216,5.159427224240216,5.159427224240216,5.159427224240216,5.159427224240216,5.159427224240216,5.159427224240216,5.159427224240216,5.159427224240216,5.159427224240216,5.159427224240216,5.159427224240216,5.159427224240216,5.159427224240216,5.159427224240216,5.159427224240216,5.159427224240216,5.159427224240216,5.159427224240216,5.159427224240216,5.159427224240216,5.159427224240216,5.159427224240216,5.159427224240216,5.159427224240216,5.159427224240216,5.159427224240216,5.159427224240216,5.159427224240216,5.159427224240216,5.159427224240216,5.159427224240216,5.159427224240216,5.159427224240216,5.159427224240216,5.159427224240216,5.159427224240216,5.159427224240216,5.159427224240216,5.159427224240216,5.159427224240216,5.159427224240216,5.159427224240216,5.159427224240216,5.159427224240216,5.159427224240216,5.159427224240216,5.159427224240216,5.159427224240216,5.159427224240216,5.159427224240216,5.159427224240216,5.159427224240216,5.159427224240216,5.159427224240216,5.159427224240216,5.159427224240216,5.159427224240216,5.159427224240216,5.159427224240216,5.159427224240216,5.159427224240216,5.159427224240216,5.159427224240216,5.159427224240216,5.159427224240216,5.159427224240216,5.159427224240216,5.159427224240216,5.159427224240216,5.159427224240216,5.159427224240216,5.159427224240216,5.159427224240216,5.159427224240216,5.159427224240216,5.159427224240216,5.159427224240216,5.159427224240216,5.159427224240216,5.159427224240216,5.159427224240216,5.159427224240216,5.159427224240216,5.159427224240216,5.159427224240216,5.159427224240216,5.159427224240216,5.159427224240216,5.159427224240216,5.159427224240216,5.159427224240216,5.159427224240216,5.159427224240216,5.159427224240216,5.159427224240216,5.159427224240216,5.159427224240216,5.159427224240216,5.159427224240216,5.159427224240216,5.159427224240216,5.159427224240216,5.159427224240216,5.159427224240216,5.159427224240216,5.159427224240216,5.159427224240216,5.159427224240216,5.159427224240216,5.159427224240216,5.159427224240216,5.159427224240216,5.159427224240216,5.159427224240216,5.159427224240216,5.159427224240216,5.159427224240216,5.159427224240216,5.159427224240216,5.159427224240216,5.159427224240216,5.159427224240216,5.159427224240216,5.159427224240216,5.159427224240216,5.159427224240216,5.159427224240216,5.159427224240216,5.159427224240216,5.159427224240216,5.159427224240216,5.159427224240216,5.159427224240216,5.159427224240216,5.159427224240216,5.159427224240216,5.159427224240216,5.159427224240216,5.159427224240216,5.159427224240216,5.159427224240216,5.159427224240216,5.159427224240216,5.159427224240216,5.159427224240216,5.159427224240216,5.159427224240216,5.159427224240216,5.159427224240216,5.159427224240216,5.159427224240216,5.159427224240216,5.159427224240216,5.159427224240216,5.159427224240216,5.159427224240216,5.159427224240216,5.159427224240216,5.159427224240216,5.159427224240216,5.159427224240216,5.159427224240216,5.159427224240216,5.159427224240216,5.159427224240216,5.159427224240216,5.159427224240216,5.159427224240216,5.159427224240216,5.159427224240216,5.159427224240216,5.159427224240216,5.159427224240216,5.159427224240216,5.159427224240216,5.159427224240216,5.159427224240216,5.159427224240216,5.159427224240216,5.159427224240216,5.159427224240216,5.159427224240216,5.159427224240216,5.159427224240216,5.159427224240216,5.159427224240216,5.159427224240216,5.159427224240216,5.159427224240216,5.159427224240216,5.159427224240216,5.159427224240216,5.159427224240216,5.159427224240216,5.159427224240216,5.159427224240216,5.159427224240216,5.159427224240216,5.159427224240216,5.159427224240216,5.159427224240216,5.159427224240216,5.159427224240216,5.159427224240216,5.159427224240216,5.159427224240216,5.159427224240216,5.159427224240216,5.159427224240216,5.159427224240216,5.159427224240216,5.159427224240216,5.159427224240216,5.159427224240216,5.159427224240216,5.159427224240216,5.159427224240216,5.159427224240216,5.159427224240216,5.159427224240216,5.159427224240216,5.159427224240216,5.159427224240216,5.159427224240216,5.159427224240216,5.159427224240216,5.159427224240216,5.159427224240216,5.159427224240216,5.159427224240216,5.159427224240216,5.159427224240216,5.159427224240216,5.159427224240216,5.159427224240216,5.159427224240216,5.159427224240216,5.159427224240216,5.159427224240216,5.159427224240216,5.159427224240216,5.159427224240216,5.159427224240216,5.159427224240216,5.159427224240216,5.159427224240216,5.159427224240216,5.159427224240216,5.159427224240216,5.159427224240216,5.159427224240216,5.159427224240216,5.159427224240216,5.159427224240216,5.159427224240216,5.159427224240216,5.159427224240216,5.159427224240216,5.159427224240216,5.159427224240216,5.159427224240216,5.159427224240216,5.159427224240216,5.159427224240216,5.159427224240216,5.159427224240216,5.159427224240216,5.159427224240216,5.159427224240216,5.159427224240216,5.159427224240216,5.159427224240216,5.159427224240216,5.159427224240216,5.159427224240216,5.159427224240216,5.159427224240216,5.159427224240216,5.159427224240216,5.159427224240216,5.159427224240216,5.159427224240216,5.159427224240216,5.159427224240216,5.159427224240216,5.159427224240216,5.159427224240216,5.159427224240216,5.159427224240216,5.159427224240216,5.159427224240216,5.159427224240216,5.159427224240216,5.159427224240216,5.159427224240216,5.159427224240216,5.159427224240216,5.159427224240216,5.159427224240216,5.159427224240216,5.159427224240216,5.159427224240216,5.159427224240216,5.159427224240216,5.159427224240216,5.159427224240216,5.159427224240216,5.159427224240216,5.159427224240216,5.159427224240216,5.159427224240216,5.159427224240216,5.159427224240216,5.159427224240216,5.159427224240216,5.159427224240216,5.159427224240216,5.159427224240216,5.159427224240216,5.159427224240216,5.159427224240216,4.972198506598048,4.972198506598048,4.972198506598048,4.972198506598048,4.972198506598048,4.972198506598048,4.972198506598048,4.972198506598048,4.972198506598048,4.924330013993039,4.924330013993039,4.924330013993039,4.924330013993039,4.924330013993039,4.924330013993039,4.924330013993039,4.924330013993039,4.924330013993039,4.924330013993039,4.924330013993039,4.924330013993039,4.924330013993039,4.924330013993039,4.924330013993039,4.924330013993039,4.924330013993039,4.924330013993039,4.924330013993039,4.924330013993039,4.924330013993039,4.924330013993039,4.924330013993039,4.924330013993039,4.924330013993039,4.924330013993039,4.924330013993039,4.924330013993039,4.924330013993039,4.924330013993039,4.924330013993039,4.924330013993039,4.924330013993039,4.924330013993039,4.924330013993039,4.924330013993039,4.924330013993039,4.924330013993039,4.924330013993039,4.924330013993039,4.924330013993039,4.924330013993039,4.924330013993039,4.924330013993039,4.924330013993039,4.924330013993039,4.924330013993039,4.924330013993039,4.924330013993039,4.924330013993039,4.924330013993039,4.924330013993039,4.924330013993039,4.924330013993039,4.924330013993039,4.924330013993039,4.924330013993039,4.924330013993039,4.924330013993039,4.924330013993039,4.924330013993039,4.924330013993039,4.924330013993039,4.924330013993039,4.924330013993039,4.924330013993039,4.924330013993039,4.924330013993039,4.924330013993039,4.924330013993039,4.924330013993039,4.924330013993039,4.924330013993039,4.924330013993039,4.924330013993039,4.924330013993039,4.924330013993039,4.924330013993039,4.924330013993039,4.924330013993039,4.924330013993039,4.924330013993039,4.924330013993039,4.924330013993039,4.924330013993039,4.924330013993039,4.924330013993039,4.924330013993039,4.924330013993039,4.924330013993039,4.924330013993039,4.924330013993039,4.924330013993039,4.924330013993039,4.924330013993039,4.924330013993039,4.924330013993039,4.924330013993039,4.924330013993039,4.924330013993039,4.924330013993039,4.924330013993039,4.924330013993039,4.924330013993039,4.924330013993039,4.924330013993039,4.924330013993039,4.924330013993039,4.924330013993039,4.924330013993039,4.924330013993039,4.924330013993039,4.924330013993039,4.924330013993039,4.924330013993039,4.924330013993039,4.924330013993039,4.924330013993039,4.924330013993039,4.924330013993039,4.924330013993039,4.924330013993039,4.924330013993039,4.924330013993039,4.924330013993039,4.924330013993039,4.924330013993039,4.924330013993039,4.924330013993039,4.924330013993039,4.924330013993039,4.924330013993039,4.924330013993039,4.924330013993039,4.924330013993039,4.924330013993039,4.924330013993039,4.924330013993039,4.924330013993039,4.924330013993039,4.924330013993039,4.924330013993039,4.924330013993039,4.924330013993039,4.924330013993039,4.924330013993039,4.924330013993039,4.924330013993039,4.924330013993039,4.924330013993039,4.924330013993039,4.924330013993039,4.924330013993039,4.924330013993039,4.924330013993039,4.924330013993039,4.924330013993039,4.924330013993039,4.924330013993039,4.924330013993039,4.924330013993039,4.924330013993039,4.924330013993039,4.924330013993039,4.924330013993039,4.924330013993039,4.924330013993039,4.924330013993039,4.924330013993039,4.924330013993039,4.924330013993039,4.924330013993039,4.924330013993039,4.924330013993039,4.924330013993039,4.924330013993039,4.924330013993039,4.924330013993039,4.924330013993039,4.924330013993039,4.924330013993039,4.924330013993039,4.924330013993039,4.924330013993039,4.924330013993039,4.924330013993039,4.924330013993039,4.924330013993039,4.924330013993039,4.924330013993039,4.924330013993039,4.924330013993039,4.924330013993039,4.924330013993039,4.924330013993039,4.924330013993039,4.924330013993039,4.924330013993039,4.924330013993039,4.924330013993039,4.924330013993039,4.924330013993039,4.924330013993039,4.924330013993039,4.924330013993039,4.924330013993039,4.924330013993039,4.924330013993039,4.924330013993039,4.924330013993039,4.924330013993039,4.924330013993039,4.924330013993039,4.924330013993039,4.924330013993039,4.924330013993039,4.924330013993039,4.924330013993039,4.924330013993039,4.924330013993039,4.924330013993039,4.924330013993039,4.924330013993039,4.924330013993039,4.924330013993039,4.743468876380997,4.743468876380997,4.743468876380997,4.743468876380997,4.743468876380997,4.743468876380997,4.743468876380997,4.743468876380997,4.743468876380997,4.740640739051157,4.740640739051157,4.740640739051157,4.740640739051157,4.740640739051157,4.740640739051157,4.740640739051157,4.740640739051157,4.740640739051157,4.740640739051157,4.740640739051157,4.740640739051157,4.740640739051157,4.740640739051157,4.740640739051157,4.740640739051157,4.740640739051157,4.740640739051157,4.740640739051157,4.740640739051157,4.740640739051157,4.740640739051157,4.740640739051157,4.740640739051157,4.740640739051157,4.740640739051157,4.740640739051157,4.740640739051157,4.740640739051157,4.740640739051157,4.740640739051157,4.740640739051157,4.740640739051157,4.740640739051157,4.740640739051157,4.740640739051157,4.740640739051157,4.740640739051157,4.740640739051157,4.740640739051157,4.740640739051157,4.740640739051157,4.740640739051157,4.740640739051157,4.740640739051157,4.740640739051157,4.740640739051157,4.740640739051157,4.740640739051157,4.740640739051157,4.740640739051157,4.740640739051157,4.740640739051157,4.740640739051157,4.740640739051157,4.740640739051157,4.740640739051157,4.740640739051157,4.740640739051157,4.740640739051157,4.740640739051157,4.740640739051157,4.740640739051157,4.740640739051157,4.740640739051157,4.740640739051157,4.740640739051157,4.740640739051157,4.740640739051157,4.740640739051157,4.740640739051157,4.740640739051157,4.740640739051157,4.740640739051157,4.740640739051157,4.740640739051157,4.740640739051157,4.740640739051157,4.740640739051157,4.740640739051157,4.740640739051157,4.740640739051157,4.740640739051157,4.740640739051157,4.740640739051157,4.740640739051157,4.740640739051157,4.740640739051157,4.740640739051157,4.740640739051157,4.740640739051157,4.740640739051157,4.740640739051157,4.740640739051157,4.740640739051157,4.740640739051157,4.740640739051157,4.740640739051157,4.740640739051157,4.740640739051157,4.740640739051157,4.740640739051157,4.740640739051157,4.740640739051157,4.740640739051157,4.740640739051157,4.740640739051157,4.740640739051157,4.740640739051157,4.740640739051157,4.740640739051157,4.740640739051157,4.740640739051157,4.740640739051157,4.740640739051157,4.740640739051157,4.740640739051157,4.740640739051157,4.740640739051157,4.740640739051157,4.740640739051157,4.740640739051157,4.740640739051157,4.740640739051157,4.740640739051157,4.740640739051157,4.740640739051157,4.740640739051157,4.740640739051157,4.740640739051157,4.740640739051157,4.740640739051157,4.740640739051157,4.740640739051157,4.740640739051157,4.740640739051157,4.740640739051157,4.740640739051157,4.740640739051157,4.740640739051157,4.740640739051157,4.740640739051157,4.740640739051157,4.740640739051157,4.740640739051157,4.740640739051157,4.740640739051157,4.740640739051157,4.740640739051157,4.740640739051157,4.740640739051157,4.740640739051157,4.740640739051157,4.740640739051157,4.740640739051157,4.740640739051157,4.740640739051157,4.740640739051157,4.740640739051157,4.740640739051157,4.740640739051157,4.740640739051157,4.740640739051157,4.740640739051157,4.740640739051157,4.740640739051157,4.740640739051157,4.740640739051157,4.740640739051157,4.740640739051157,4.740640739051157,4.740640739051157,4.740640739051157,4.740640739051157,4.740640739051157,4.740640739051157,4.740640739051157,4.740640739051157,4.740640739051157,4.740640739051157,4.740640739051157,4.740640739051157,4.740640739051157,4.740640739051157,4.740640739051157,4.740640739051157,4.740640739051157,4.740640739051157,4.740640739051157,4.740640739051157,4.740640739051157,4.740640739051157,4.740640739051157,4.740640739051157,4.740640739051157,4.740640739051157,4.740640739051157,4.740640739051157,4.740640739051157,4.740640739051157,4.740640739051157,4.740640739051157,4.740640739051157,4.740640739051157,4.740640739051157,4.740640739051157,4.740640739051157,4.740640739051157,4.740640739051157,4.740640739051157,4.740640739051157,4.740640739051157,4.740640739051157,4.740640739051157,4.740640739051157,4.740640739051157,4.740640739051157,4.740640739051157,4.740640739051157,4.740640739051157,4.740640739051157,4.740640739051157,4.740640739051157,4.740640739051157,4.740640739051157,4.740640739051157,4.740640739051157,4.740640739051157,4.740640739051157,4.740640739051157,4.740640739051157,4.740640739051157,4.740640739051157,4.740640739051157,4.740640739051157,4.740640739051157,4.740640739051157,4.740640739051157,4.740640739051157,4.740640739051157,4.740640739051157,4.740640739051157,4.740640739051157,4.740640739051157,4.740640739051157,4.740640739051157,4.740640739051157,4.740640739051157,4.740640739051157,4.740640739051157,4.740640739051157,4.740640739051157,4.740640739051157,4.740640739051157,4.740640739051157,4.740640739051157,4.740640739051157,4.740640739051157,4.740640739051157,4.740640739051157,4.740640739051157,4.740640739051157,4.740640739051157,4.740640739051157,4.740640739051157,4.740640739051157,4.740640739051157,4.740640739051157,4.740640739051157,4.740640739051157,4.740640739051157,4.740640739051157,4.740640739051157,4.740640739051157,4.740640739051157,4.740640739051157,4.740640739051157,4.740640739051157,4.740640739051157,4.740640739051157,4.740640739051157,4.740640739051157,4.740640739051157,4.740640739051157,4.740640739051157,4.740640739051157,4.740640739051157,4.740640739051157,4.740640739051157,4.740640739051157,4.740640739051157,4.740640739051157,4.740640739051157,4.740640739051157,4.740640739051157,4.740640739051157,4.740640739051157,4.740640739051157,6.732435360908961,6.732435360908961,6.732435360908961,6.732435360908961,6.732435360908961,6.732435360908961,6.732435360908961,6.732435360908961,6.732435360908961,6.568519012347491,6.568519012347491,6.248871050049076,6.248871050049076,6.248871050049076,6.248871050049076,6.248871050049076,6.248871050049076,6.248871050049076,6.248871050049076,6.0791846771348395,6.0791846771348395,6.0791846771348395,6.0791846771348395,6.0791846771348395,6.0791846771348395,5.87676841022333,5.87676841022333,5.87676841022333,5.87676841022333,5.87676841022333,5.87676841022333,5.870784704616216,5.870784704616216,5.870784704616216,5.870784704616216,5.870784704616216,5.870784704616216,5.870784704616216,5.870784704616216,5.870784704616216,5.870784704616216,5.870784704616216,5.870784704616216,5.870784704616216,5.870784704616216,5.870784704616216,5.870784704616216,5.870784704616216,5.870784704616216,5.870784704616216,5.870784704616216,5.870784704616216,5.870784704616216,5.870784704616216,5.870784704616216,5.84297254705563,5.84297254705563,5.84297254705563,5.84297254705563,5.84297254705563,5.84297254705563,5.84297254705563,5.84297254705563,5.84297254705563,5.84297254705563,5.84297254705563,5.84297254705563,5.84297254705563,5.84297254705563,5.84297254705563,5.84297254705563,5.84297254705563,5.84297254705563,5.84297254705563,5.84297254705563,5.84297254705563,5.84297254705563,5.84297254705563,5.84297254705563,5.84297254705563,5.84297254705563,5.84297254705563,5.84297254705563,5.84297254705563,5.84297254705563,5.84297254705563,5.84297254705563,5.84297254705563,5.84297254705563,5.84297254705563,5.84297254705563,5.84297254705563,5.84297254705563,5.84297254705563,5.84297254705563,5.84297254705563,5.84297254705563,5.84297254705563,5.84297254705563,5.84297254705563,5.84297254705563,5.84297254705563,5.84297254705563,5.84297254705563,5.84297254705563,5.84297254705563,5.84297254705563,5.84297254705563,5.84297254705563,5.84297254705563,5.84297254705563,5.84297254705563,5.84297254705563,5.84297254705563,5.84297254705563,5.84297254705563,5.84297254705563,5.84297254705563,5.84297254705563,5.84297254705563,5.84297254705563,5.84297254705563,5.84297254705563,5.50978258182851,5.50978258182851,5.50978258182851,5.50978258182851,5.499059058304873,5.499059058304873,5.499059058304873,5.499059058304873,5.499059058304873,5.499059058304873,5.499059058304873,5.499059058304873,5.499059058304873,5.499059058304873,5.164005814544769,5.164005814544769,5.164005814544769,5.164005814544769,5.164005814544769,5.164005814544769,5.129490751972744,5.129490751972744,5.129490751972744,5.129490751972744,5.129490751972744,5.129490751972744,4.658810774360762,4.658810774360762,4.658810774360762,4.658810774360762,4.623620440192943,4.623620440192943,4.623620440192943,4.623620440192943,4.623620440192943,4.623620440192943,4.623620440192943,4.623620440192943,4.623620440192943,4.623620440192943,4.623620440192943,4.623620440192943,4.623620440192943,4.623620440192943,4.623620440192943,4.516931315558575,4.492511180383257,4.492511180383257,4.492511180383257,4.492511180383257,4.492511180383257,4.492511180383257,4.492511180383257,4.492511180383257,4.492511180383257,4.492511180383257,4.492511180383257,4.492511180383257,4.492511180383257,4.492511180383257,4.492511180383257,4.492511180383257,4.492511180383257,4.492511180383257,4.492511180383257,4.492511180383257,4.492511180383257,4.492511180383257,4.492511180383257,4.492511180383257,4.492511180383257,4.492511180383257,4.492511180383257,4.492511180383257,4.492511180383257,4.492511180383257,4.492511180383257,4.492511180383257,4.492511180383257,4.492511180383257,4.492511180383257,4.492511180383257,4.492511180383257,4.492511180383257,4.492511180383257,4.492511180383257,4.492511180383257,4.492511180383257,4.492511180383257,4.492511180383257,4.492511180383257,4.492511180383257,4.492511180383257,4.492511180383257,4.492511180383257,4.492511180383257,4.492511180383257,4.492511180383257,4.492511180383257,4.492511180383257,4.492511180383257,4.492511180383257,4.492511180383257,4.492511180383257,4.492511180383257,4.492511180383257,4.492511180383257,4.492511180383257,4.492511180383257,4.492511180383257,4.492511180383257,4.492511180383257,4.492511180383257,4.492511180383257,4.492511180383257,4.492511180383257,4.492511180383257,4.492511180383257,4.492511180383257,4.492511180383257,4.492511180383257,4.492511180383257,4.492511180383257,4.492511180383257,4.492511180383257,4.492511180383257,4.492511180383257,4.492511180383257,4.492511180383257,4.492511180383257,4.492511180383257,4.492511180383257,4.492511180383257,4.492511180383257,4.492511180383257,4.492511180383257,4.492511180383257,4.492511180383257,4.492511180383257,4.492511180383257,4.492511180383257,4.492511180383257,4.492511180383257,4.492511180383257,4.492511180383257,4.492511180383257,4.492511180383257,4.492511180383257,4.492511180383257,4.492511180383257,4.492511180383257,4.492511180383257,4.492511180383257,4.492511180383257,4.492511180383257,4.492511180383257,4.492511180383257,4.492511180383257,4.492511180383257,4.492511180383257,4.492511180383257,4.492511180383257,4.492511180383257,4.492511180383257,4.492511180383257,4.492511180383257,4.492511180383257,4.492511180383257,4.492511180383257,4.492511180383257,4.492511180383257,4.492511180383257,4.492511180383257,4.492511180383257,4.492511180383257,4.492511180383257,4.492511180383257,4.492511180383257,4.492511180383257,4.492511180383257,4.492511180383257,4.492511180383257,4.492511180383257,4.492511180383257,4.492511180383257,4.492511180383257,4.492511180383257,4.492511180383257,4.492511180383257,4.492511180383257,4.492511180383257,4.492511180383257,4.492511180383257,4.492511180383257,4.492511180383257,4.492511180383257,4.492511180383257,4.492511180383257,4.492511180383257,4.492511180383257,4.492511180383257,4.492511180383257,4.492511180383257,4.492511180383257,4.492511180383257,4.492511180383257,4.492511180383257,4.492511180383257,4.492511180383257,4.492511180383257,4.492511180383257,4.492511180383257,4.492511180383257,4.492511180383257,4.492511180383257,4.492511180383257,4.492511180383257,4.492511180383257,4.492511180383257,4.492511180383257,4.492511180383257,4.492511180383257,4.492511180383257,4.492511180383257,4.492511180383257,4.492511180383257,4.492511180383257,4.492511180383257,4.492511180383257,4.492511180383257,4.492511180383257,4.492511180383257,4.492511180383257,4.492511180383257,4.492511180383257,4.492511180383257,4.492511180383257,4.492511180383257,4.492511180383257,4.492511180383257,4.492511180383257,4.492511180383257,4.492511180383257,4.492511180383257,4.492511180383257,4.492511180383257,4.492511180383257,4.492511180383257,4.492511180383257,4.492511180383257,4.492511180383257,4.492511180383257,4.492511180383257,4.492511180383257,4.492511180383257,4.492511180383257,4.492511180383257,4.492511180383257,4.492511180383257,4.492511180383257,4.492511180383257,4.492511180383257,4.492511180383257,4.492511180383257,4.492511180383257,4.492511180383257,4.492511180383257,4.492511180383257,4.492511180383257,4.492511180383257,4.492511180383257,4.492511180383257,4.492511180383257,4.492511180383257,4.492511180383257,4.492511180383257,4.492511180383257,4.492511180383257,4.492511180383257,4.492511180383257,4.492511180383257,4.492511180383257,4.492511180383257,4.492511180383257,4.492511180383257,4.492511180383257,4.492511180383257,4.492511180383257,4.492511180383257,4.492511180383257,4.492511180383257,4.492511180383257,4.492511180383257,4.492511180383257,4.492511180383257,4.492511180383257,4.492511180383257,4.492511180383257,4.492511180383257,4.492511180383257,4.492511180383257,4.492511180383257,4.492511180383257,4.492511180383257,4.492511180383257,4.492511180383257,4.492511180383257,4.492511180383257,4.492511180383257,4.492511180383257,4.492511180383257,4.492511180383257,4.492511180383257,4.492511180383257,4.492511180383257,4.492511180383257,4.492511180383257,4.492511180383257,4.492511180383257,4.492511180383257,4.492511180383257,4.492511180383257,4.492511180383257,4.492511180383257,4.492511180383257,4.492511180383257,4.492511180383257,4.492511180383257,4.492511180383257,4.492511180383257,4.492511180383257,4.492511180383257,4.492511180383257,4.492511180383257,4.492511180383257,4.492511180383257,4.492511180383257,4.492083649147961,4.492083649147961,4.492083649147961,4.492083649147961,4.492083649147961,4.492083649147961,4.492083649147961,4.492083649147961,4.492083649147961,4.492083649147961,4.492083649147961,4.492083649147961,4.492083649147961,4.492083649147961,4.492083649147961,4.492083649147961,4.492083649147961,4.492083649147961,4.492083649147961,4.492083649147961,4.492083649147961,4.492083649147961,4.492083649147961,4.492083649147961,4.492083649147961,4.492083649147961,4.492083649147961,4.492083649147961,4.492083649147961,4.492083649147961,4.492083649147961,4.492083649147961,4.492083649147961,4.492083649147961,4.492083649147961,4.492083649147961,4.492083649147961,4.492083649147961,4.492083649147961,4.492083649147961,4.492083649147961,4.492083649147961,4.492083649147961,4.492083649147961,4.492083649147961,4.492083649147961,4.492083649147961,4.492083649147961,4.492083649147961,4.492083649147961,4.492083649147961,4.492083649147961,4.492083649147961,4.492083649147961,4.492083649147961,4.492083649147961,4.492083649147961,4.492083649147961,4.492083649147961,4.492083649147961,4.492083649147961,4.492083649147961,4.492083649147961,4.492083649147961,4.492083649147961,4.492083649147961,4.492083649147961,4.492083649147961,4.492083649147961,4.492083649147961,4.492083649147961,4.492083649147961,4.492083649147961,4.492083649147961,4.492083649147961,4.492083649147961,4.492083649147961,4.492083649147961,4.492083649147961,4.492083649147961,4.492083649147961,4.492083649147961,4.492083649147961,4.492083649147961,4.492083649147961,4.492083649147961,4.492083649147961,4.492083649147961,4.492083649147961,4.492083649147961,4.492083649147961,4.492083649147961,4.492083649147961,4.492083649147961,4.492083649147961,4.492083649147961,4.492083649147961,4.492083649147961,4.492083649147961,4.492083649147961,4.492083649147961,4.492083649147961,4.492083649147961,4.492083649147961,4.492083649147961,4.492083649147961,4.492083649147961,4.492083649147961,4.492083649147961,4.492083649147961,4.492083649147961,4.492083649147961,4.492083649147961,4.492083649147961,4.492083649147961,4.492083649147961,4.492083649147961,4.492083649147961,4.492083649147961,4.492083649147961,4.492083649147961,4.492083649147961,4.492083649147961,4.492083649147961,4.492083649147961,4.492083649147961,4.492083649147961,4.492083649147961,4.492083649147961,4.492083649147961,4.492083649147961,4.492083649147961,4.492083649147961,4.492083649147961,4.492083649147961,4.492083649147961,4.492083649147961,4.492083649147961,4.492083649147961,4.492083649147961,4.492083649147961,4.492083649147961,4.492083649147961,4.492083649147961,4.492083649147961,4.492083649147961,4.492083649147961,4.492083649147961,4.492083649147961,4.492083649147961,4.492083649147961,4.492083649147961,4.492083649147961,4.492083649147961,4.492083649147961,4.492083649147961,4.492083649147961,4.492083649147961,4.492083649147961,4.492083649147961,4.492083649147961,4.492083649147961,4.492083649147961,4.492083649147961,4.492083649147961,4.492083649147961,4.492083649147961,4.492083649147961,4.492083649147961,4.492083649147961,4.492083649147961,4.492083649147961,4.492083649147961,4.492083649147961,4.492083649147961,4.492083649147961,4.492083649147961,4.492083649147961,4.492083649147961,4.492083649147961,4.492083649147961,4.492083649147961,4.492083649147961,4.492083649147961,4.492083649147961,4.492083649147961,4.492083649147961,4.436971522561873,4.436971522561873,4.436971522561873,4.3663295116571925,4.344093461243626,4.344093461243626,4.344093461243626,4.209168165770684,3.9913998089420386,3.9913998089420386,3.9913998089420386,3.9913998089420386,3.9913998089420386,3.9913998089420386,3.9913998089420386,3.9913998089420386,3.9913998089420386,3.9913998089420386,3.9913998089420386,3.9913998089420386,3.9913998089420386,3.9913998089420386,3.9913998089420386,3.9913998089420386,3.9913998089420386,3.9913998089420386,3.9913998089420386,3.9913998089420386,3.9913998089420386,3.9913998089420386,3.9913998089420386,3.9913998089420386,3.9913998089420386,3.9913998089420386,3.9913998089420386,3.9913998089420386,3.9913998089420386,3.9913998089420386,3.9913998089420386,3.9913998089420386,3.9913998089420386,3.9913998089420386,3.9913998089420386,3.9913998089420386,3.9913998089420386,3.9913998089420386,3.9913998089420386,3.9913998089420386,3.9913998089420386,3.9913998089420386,3.9913998089420386,3.638525348060215,3.638525348060215,3.638525348060215,3.638525348060215,3.638525348060215,3.638525348060215,3.638525348060215,3.638525348060215,3.638525348060215,3.638525348060215,3.638525348060215,3.638525348060215,3.638525348060215,3.638525348060215,3.638525348060215,3.638525348060215,3.638525348060215,3.638525348060215,3.638525348060215,3.638525348060215,3.638525348060215,3.638525348060215,3.638525348060215,3.638525348060215,3.638525348060215,3.638525348060215,3.638525348060215,3.638525348060215,3.638525348060215,3.638525348060215,3.638525348060215,3.638525348060215,3.638525348060215,3.638525348060215,3.638525348060215,3.638525348060215,3.638525348060215,3.638525348060215,3.638525348060215,3.638525348060215,3.638525348060215,3.638525348060215,3.638525348060215,3.638525348060215,3.638525348060215,3.638525348060215,3.638525348060215,3.638525348060215,3.638525348060215,3.638525348060215,3.638525348060215,3.638525348060215,3.638525348060215,3.638525348060215,3.638525348060215,3.638525348060215,3.638525348060215,3.638525348060215,3.638525348060215,3.638525348060215,3.638525348060215,3.638525348060215,3.638525348060215,3.638525348060215,3.638525348060215,3.638525348060215,3.638525348060215,3.638525348060215,3.638525348060215,3.638525348060215,3.638525348060215,3.638525348060215,3.638525348060215,3.638525348060215,3.638525348060215,3.638525348060215,3.638525348060215,3.638525348060215,3.638525348060215,3.638525348060215,3.638525348060215,3.638525348060215,3.638525348060215,3.638525348060215,3.638525348060215,3.638525348060215,3.638525348060215,3.638525348060215,3.638525348060215,3.638525348060215,3.638525348060215,3.638525348060215,3.638525348060215,3.638525348060215,3.638525348060215,3.638525348060215,3.638525348060215,3.638525348060215,3.638525348060215,3.638525348060215,3.638525348060215,3.638525348060215,3.638525348060215,3.638525348060215,3.638525348060215,3.638525348060215,3.638525348060215,3.638525348060215,3.638525348060215,3.638525348060215,3.638525348060215,3.638525348060215,3.638525348060215,3.638525348060215,3.638525348060215,3.638525348060215,3.638525348060215,3.638525348060215,3.638525348060215,3.638525348060215,3.638525348060215,3.638525348060215,3.638525348060215,3.638525348060215,3.638525348060215,3.638525348060215,3.638525348060215,3.638525348060215,3.638525348060215,3.638525348060215,3.638525348060215,3.638525348060215,3.638525348060215,3.638525348060215,3.638525348060215,3.638525348060215,3.638525348060215,3.638525348060215,3.638525348060215,3.638525348060215,3.638525348060215,2.6831051720153254,2.6831051720153254,2.6831051720153254,2.6831051720153254,2.6831051720153254,2.6831051720153254,2.6831051720153254,2.6831051720153254,2.6831051720153254,2.6831051720153254,2.6831051720153254,2.6831051720153254,2.6831051720153254,2.6831051720153254,2.6831051720153254,2.6831051720153254,2.6831051720153254,2.6831051720153254,2.6831051720153254,2.6831051720153254,2.6831051720153254,2.6831051720153254,2.6831051720153254,2.6831051720153254,2.6831051720153254,2.6831051720153254,2.6831051720153254,2.6831051720153254,2.6831051720153254,2.6831051720153254,2.6831051720153254,2.6831051720153254,2.6831051720153254,2.6831051720153254,2.6831051720153254,2.6831051720153254,2.6831051720153254,2.6831051720153254,2.6831051720153254,2.6831051720153254,2.6831051720153254,2.6831051720153254,2.6831051720153254,2.6831051720153254,2.6831051720153254,2.6831051720153254,2.6831051720153254,2.6831051720153254,2.6831051720153254,2.6831051720153254,2.6831051720153254,2.6831051720153254,2.6831051720153254,2.6831051720153254,2.6831051720153254,2.6831051720153254,2.6831051720153254,2.6831051720153254,2.6831051720153254,2.6831051720153254,2.6831051720153254,2.6831051720153254,2.6831051720153254,2.6831051720153254,2.6831051720153254,2.6831051720153254,2.6831051720153254,2.6831051720153254,2.6831051720153254,2.6831051720153254,2.6831051720153254,2.6831051720153254,2.6831051720153254,2.6831051720153254,2.6831051720153254,2.6831051720153254,2.6831051720153254,2.6831051720153254,2.6831051720153254,2.6831051720153254,2.6831051720153254,2.6831051720153254,2.6831051720153254,2.6831051720153254,2.6831051720153254,2.6831051720153254,2.6831051720153254,2.6831051720153254,2.6831051720153254,2.6831051720153254,2.6831051720153254,2.6831051720153254,2.6831051720153254,2.6831051720153254,2.6831051720153254,2.6831051720153254,2.6831051720153254,2.6831051720153254,2.6831051720153254,2.6831051720153254,2.6831051720153254,2.6831051720153254,2.6831051720153254,2.6831051720153254,2.6831051720153254,2.6831051720153254,2.6831051720153254,2.6831051720153254,2.6831051720153254,2.6831051720153254,2.6831051720153254,2.6831051720153254,2.6831051720153254,2.6831051720153254,2.6831051720153254,2.6831051720153254,2.6831051720153254,2.6831051720153254,2.6831051720153254,2.6831051720153254,2.6831051720153254,2.6831051720153254,2.6831051720153254,2.6831051720153254,2.6831051720153254,2.6831051720153254,2.6831051720153254,2.6831051720153254,2.6831051720153254,2.6831051720153254,2.6831051720153254,2.6831051720153254,2.6831051720153254,2.6831051720153254,2.6831051720153254,2.6831051720153254,2.6831051720153254,2.6831051720153254,2.6831051720153254,2.6831051720153254,2.6831051720153254,2.6831051720153254,2.6831051720153254,2.6831051720153254,2.6831051720153254,2.6831051720153254,2.6831051720153254,2.6831051720153254,2.6831051720153254,2.6831051720153254,2.6831051720153254,2.6831051720153254,2.6831051720153254,2.6831051720153254,2.6831051720153254,2.6831051720153254,2.6831051720153254,2.6831051720153254,2.6831051720153254,2.6831051720153254,2.6831051720153254,6.684761009678944,6.684761009678944,6.684761009678944,6.684761009678944,6.684761009678944,6.684761009678944,6.4376956754431145,6.4376956754431145,6.4376956754431145,6.422488650231643,6.422488650231643,6.422488650231643,6.422488650231643,6.422488650231643,6.422488650231643,6.422488650231643,6.422488650231643,6.422488650231643,6.422488650231643,6.422488650231643,6.422488650231643,6.422488650231643,6.422488650231643,6.422488650231643,6.422488650231643,6.422488650231643,6.422488650231643,6.422488650231643,6.422488650231643,6.422488650231643,6.422488650231643,6.422488650231643,6.422488650231643,6.422488650231643,6.255095551812918,6.168907135251417,6.168907135251417,6.168907135251417,6.168907135251417,6.168907135251417,6.168907135251417,6.168907135251417,6.168907135251417,6.168907135251417,6.144612296318876,6.144612296318876,6.144612296318876,6.144612296318876,6.144612296318876,6.144612296318876,6.144612296318876,6.144612296318876,6.144612296318876,6.144612296318876,6.144612296318876,6.144612296318876,6.144612296318876,6.144612296318876,6.144612296318876,6.144612296318876,6.144612296318876,6.144612296318876,6.141979763200999,6.141979763200999,6.08109280698837,6.08109280698837,6.08109280698837,6.08109280698837,6.08109280698837,6.08109280698837,6.08109280698837,6.08109280698837,6.08109280698837,6.08109280698837,6.08109280698837,6.08109280698837,6.08109280698837,6.08109280698837,6.08109280698837,6.08109280698837,6.08109280698837,6.08109280698837,6.08109280698837,6.08109280698837,6.08109280698837,6.08109280698837,6.08109280698837,6.08109280698837,6.08109280698837,6.08109280698837,6.08109280698837,6.08109280698837,6.08109280698837,6.08109280698837,6.08109280698837,6.08109280698837,6.08109280698837,6.08109280698837,6.08109280698837,6.08109280698837,6.08109280698837,6.08109280698837,6.08109280698837,6.08109280698837,6.08109280698837,6.08109280698837,6.08109280698837,6.08109280698837,6.08109280698837,6.08109280698837,6.08109280698837,6.08109280698837,6.08109280698837,6.08109280698837,6.08109280698837,6.08109280698837,6.08109280698837,6.08109280698837,6.08109280698837,6.08109280698837,6.08109280698837,6.08109280698837,6.08109280698837,6.08109280698837,6.08109280698837,6.08109280698837,6.08109280698837,6.08109280698837,6.08109280698837,6.08109280698837,6.08109280698837,6.08109280698837,6.08109280698837,6.08109280698837,6.08109280698837,6.08109280698837,6.08109280698837,6.08109280698837,6.08109280698837,6.08109280698837,6.08109280698837,6.08109280698837,5.497709310730748,5.497709310730748,5.497709310730748,5.497709310730748,5.497709310730748,5.497709310730748,5.497709310730748,5.497709310730748,5.497709310730748,5.497709310730748,5.497709310730748,5.497709310730748,5.497709310730748,5.497709310730748,5.497709310730748,5.497709310730748,5.497709310730748,5.497709310730748,5.497709310730748,5.497709310730748,5.497709310730748,5.497709310730748,5.497709310730748,5.497709310730748,5.497709310730748,5.497709310730748,5.497709310730748,5.497709310730748,5.497709310730748,5.497709310730748,5.497709310730748,5.497709310730748,5.497709310730748,5.497709310730748,5.497709310730748,5.497709310730748,5.497709310730748,5.497709310730748,5.497709310730748,5.497709310730748,5.497709310730748,5.497709310730748,5.497709310730748,5.497709310730748,5.497709310730748,5.497709310730748,5.497709310730748,5.497709310730748,5.497709310730748,5.497709310730748,5.497709310730748,5.497709310730748,5.497709310730748,5.497709310730748,5.497709310730748,5.497709310730748,5.497709310730748,5.497709310730748,5.497709310730748,5.497709310730748,5.497709310730748,5.497709310730748,5.497709310730748,5.497709310730748,5.497709310730748,5.497709310730748,5.497709310730748,5.497709310730748,5.497709310730748,5.497709310730748,5.497709310730748,5.497709310730748,5.005902736824084,5.005902736824084,5.005902736824084,5.005902736824084,5.005902736824084,5.005902736824084,5.005902736824084,5.005902736824084,5.005902736824084,5.005902736824084,4.922747305502959,4.922747305502959,4.922747305502959,4.922747305502959,4.922747305502959,4.922747305502959,4.922747305502959,4.922747305502959,4.791141196670376,4.791141196670376,4.791141196670376,4.791141196670376,4.668053245871595,4.668053245871595,4.668053245871595,4.668053245871595,4.668053245871595,4.668053245871595,4.668053245871595,4.668053245871595,4.668053245871595,4.668053245871595,4.668053245871595,4.668053245871595,4.668053245871595,4.668053245871595,4.668053245871595,4.668053245871595,4.668053245871595,4.668053245871595,4.668053245871595,4.668053245871595,4.668053245871595,4.668053245871595,4.668053245871595,4.668053245871595,4.668053245871595,4.668053245871595,4.668053245871595,4.668053245871595,4.668053245871595,4.668053245871595,4.668053245871595,4.668053245871595,4.668053245871595,4.668053245871595,4.668053245871595,4.668053245871595,4.668053245871595,4.668053245871595,4.668053245871595,4.668053245871595,4.668053245871595,4.668053245871595,4.668053245871595,4.668053245871595,4.668053245871595,4.668053245871595,4.668053245871595,4.668053245871595,4.668053245871595,4.668053245871595,4.668053245871595,4.668053245871595,4.668053245871595,4.668053245871595,4.668053245871595,4.668053245871595,4.668053245871595,4.668053245871595,4.668053245871595,4.668053245871595,4.668053245871595,4.668053245871595,4.668053245871595,4.668053245871595,4.668053245871595,4.668053245871595,4.668053245871595,4.668053245871595,4.668053245871595,4.668053245871595,4.668053245871595,4.668053245871595,4.668053245871595,4.668053245871595,4.668053245871595,4.668053245871595,4.668053245871595,4.668053245871595,4.668053245871595,4.668053245871595,4.668053245871595,4.668053245871595,4.668053245871595,4.668053245871595,4.668053245871595,4.668053245871595,4.668053245871595,4.668053245871595,4.668053245871595,4.668053245871595,4.668053245871595,4.668053245871595,4.668053245871595,4.668053245871595,4.668053245871595,4.668053245871595,4.668053245871595,4.668053245871595,4.668053245871595,4.668053245871595,4.668053245871595,4.668053245871595,4.668053245871595,4.668053245871595,4.668053245871595,4.668053245871595,4.668053245871595,4.668053245871595,4.668053245871595,4.668053245871595,4.668053245871595,4.668053245871595,4.668053245871595,4.668053245871595,4.668053245871595,4.668053245871595,4.668053245871595,4.668053245871595,4.668053245871595,4.668053245871595,4.668053245871595,4.668053245871595,4.668053245871595,4.668053245871595,4.668053245871595,4.668053245871595,4.668053245871595,4.668053245871595,4.668053245871595,4.668053245871595,4.668053245871595,4.668053245871595,4.668053245871595,4.668053245871595,4.668053245871595,4.668053245871595,4.668053245871595,4.668053245871595,4.668053245871595,4.668053245871595,4.668053245871595,4.668053245871595,4.668053245871595,4.668053245871595,4.668053245871595,4.668053245871595,4.668053245871595,4.668053245871595,4.668053245871595,4.668053245871595,4.668053245871595,4.668053245871595,4.668053245871595,4.668053245871595,4.668053245871595,4.487215226334006,3.920413928121404,3.920413928121404,3.920413928121404,3.920413928121404,3.920413928121404,3.920413928121404,3.920413928121404,3.920413928121404,3.920413928121404,3.920413928121404,3.920413928121404,3.920413928121404,3.920413928121404,3.920413928121404,3.920413928121404,3.920413928121404,3.920413928121404,3.920413928121404,3.920413928121404,3.920413928121404,3.920413928121404,3.920413928121404,3.920413928121404,3.920413928121404,3.920413928121404,3.920413928121404,3.920413928121404,3.920413928121404,3.920413928121404,3.920413928121404,3.920413928121404,3.920413928121404,3.920413928121404,3.920413928121404,3.920413928121404,3.920413928121404,3.920413928121404,3.920413928121404,3.920413928121404,3.920413928121404,3.920413928121404,3.920413928121404,3.920413928121404,3.920413928121404,3.920413928121404,3.920413928121404,3.920413928121404,3.920413928121404,3.920413928121404,3.920413928121404,3.920413928121404,3.920413928121404,3.920413928121404,3.920413928121404,3.920413928121404,3.920413928121404,3.920413928121404,3.920413928121404,3.920413928121404,3.920413928121404,3.920413928121404,3.920413928121404,3.920413928121404,3.920413928121404,3.920413928121404,3.920413928121404,3.920413928121404,3.920413928121404,3.920413928121404,3.920413928121404,3.920413928121404,3.920413928121404,3.920413928121404,3.920413928121404,3.920413928121404,3.920413928121404,3.920413928121404,3.920413928121404,3.920413928121404,3.920413928121404,3.920413928121404,3.920413928121404,3.920413928121404,3.920413928121404,3.920413928121404,3.920413928121404,3.920413928121404,3.920413928121404,3.920413928121404,3.920413928121404,3.920413928121404,3.920413928121404,3.920413928121404,3.920413928121404,3.920413928121404,3.920413928121404,3.920413928121404,3.920413928121404,3.920413928121404,3.920413928121404,3.920413928121404,3.920413928121404,3.920413928121404,3.920413928121404,3.920413928121404,3.920413928121404,3.920413928121404,3.920413928121404,3.920413928121404,3.920413928121404,3.920413928121404,3.920413928121404,3.920413928121404,3.920413928121404,3.920413928121404,3.920413928121404,3.920413928121404,3.920413928121404,3.920413928121404,3.920413928121404,3.920413928121404,3.920413928121404,3.920413928121404,3.920413928121404,3.920413928121404,3.920413928121404,3.920413928121404,3.920413928121404,3.920413928121404,3.920413928121404,3.920413928121404,3.920413928121404,3.920413928121404,3.920413928121404,3.920413928121404,3.920413928121404,3.920413928121404,3.920413928121404,3.920413928121404,3.920413928121404,3.920413928121404,3.920413928121404,3.920413928121404,3.920413928121404,3.920413928121404,3.920413928121404,3.920413928121404,3.920413928121404,3.920413928121404,3.920413928121404,3.920413928121404,3.920413928121404,3.920413928121404,3.920413928121404,3.920413928121404,3.920413928121404,3.920413928121404,3.920413928121404,3.920413928121404,3.920413928121404,3.920413928121404,3.920413928121404,3.920413928121404,3.920413928121404,3.920413928121404,3.920413928121404,3.920413928121404,3.920413928121404,3.920413928121404,3.920413928121404,3.920413928121404,3.920413928121404,3.920413928121404,3.920413928121404,3.920413928121404,3.920413928121404,3.920413928121404,3.920413928121404,3.920413928121404,3.920413928121404,3.920413928121404,3.920413928121404,3.920413928121404,3.920413928121404,3.920413928121404,3.920413928121404,3.920413928121404,3.920413928121404,3.920413928121404,3.920413928121404,3.920413928121404,3.920413928121404,3.920413928121404,3.920413928121404,3.920413928121404,3.920413928121404,3.920413928121404,3.920413928121404,3.920413928121404,3.920413928121404,3.920413928121404,3.920413928121404,3.920413928121404,3.920413928121404,3.920413928121404,3.920413928121404,3.920413928121404,3.920413928121404,3.920413928121404,3.920413928121404,3.920413928121404,3.920413928121404,3.920413928121404,3.920413928121404,3.920413928121404,3.920413928121404,3.920413928121404,3.920413928121404,3.920413928121404,3.920413928121404,3.920413928121404,3.920413928121404,3.920413928121404,3.920413928121404,3.920413928121404,3.920413928121404,3.920413928121404,3.920413928121404,3.920413928121404,3.920413928121404,3.920413928121404,3.920413928121404,3.920413928121404,3.920413928121404,3.920413928121404,3.920413928121404,3.920413928121404,3.920413928121404,3.920413928121404,3.920413928121404,3.920413928121404,3.920413928121404,3.920413928121404,3.920413928121404,3.920413928121404,3.920413928121404,3.920413928121404,3.920413928121404,3.920413928121404,3.920413928121404,3.920413928121404,3.920413928121404,3.920413928121404,3.920413928121404,3.920413928121404,3.920413928121404,3.920413928121404,3.920413928121404,3.920413928121404,3.920413928121404,3.920413928121404,3.920413928121404,3.920413928121404,3.920413928121404,3.920413928121404,3.920413928121404,3.920413928121404,3.920413928121404,3.920413928121404,3.920413928121404,3.920413928121404,3.920413928121404,3.920413928121404,3.920413928121404,3.920413928121404,3.920413928121404,3.920413928121404,3.920413928121404,3.920413928121404,3.920413928121404,3.920413928121404,3.920413928121404,3.920413928121404,3.920413928121404,3.920413928121404,3.920413928121404,3.920413928121404,3.920413928121404,3.920413928121404,3.920413928121404,3.920413928121404,3.920413928121404,3.920413928121404,3.920413928121404,3.920413928121404,3.920413928121404,3.920413928121404,3.920413928121404,3.920413928121404,3.920413928121404,3.920413928121404,3.920413928121404,3.920413928121404,3.920413928121404,3.920413928121404,3.920413928121404,3.920413928121404,3.920413928121404,3.920413928121404,3.920413928121404,3.920413928121404,3.920413928121404,3.920413928121404,3.920413928121404,3.920413928121404,3.920413928121404,3.920413928121404,3.920413928121404,3.920413928121404,3.920413928121404,3.920413928121404,3.920413928121404,3.920413928121404,3.920413928121404,3.920413928121404,3.920413928121404,3.920413928121404,3.920413928121404,3.920413928121404,3.920413928121404,3.920413928121404,3.920413928121404,3.920413928121404,3.920413928121404,3.920413928121404,3.920413928121404,3.920413928121404,3.920413928121404,3.920413928121404,3.920413928121404,3.920413928121404,3.920413928121404,3.920413928121404,3.920413928121404,3.920413928121404,3.920413928121404,3.920413928121404,3.920413928121404,3.920413928121404,3.920413928121404,3.920413928121404,3.920413928121404,3.920413928121404,3.920413928121404,3.920413928121404,3.920413928121404,3.920413928121404,3.920413928121404,3.920413928121404,3.920413928121404,3.920413928121404,3.920413928121404,3.920413928121404,3.920413928121404,3.920413928121404,3.920413928121404,3.920413928121404,3.920413928121404,3.920413928121404,3.920413928121404,3.920413928121404,3.920413928121404,3.920413928121404,3.920413928121404,3.920413928121404,3.920413928121404,3.920413928121404,3.920413928121404,3.920413928121404,3.920413928121404,3.920413928121404,3.920413928121404,3.920413928121404,3.920413928121404,3.920413928121404,3.920413928121404,3.920413928121404,3.920413928121404,3.920413928121404,3.920413928121404,3.920413928121404,3.920413928121404,3.920413928121404,3.920413928121404,3.920413928121404,3.920413928121404,3.920413928121404,3.920413928121404,3.920413928121404,3.920413928121404,3.920413928121404,3.920413928121404,3.920413928121404,3.920413928121404,3.920413928121404,3.920413928121404,3.920413928121404,3.920413928121404,3.920413928121404,3.920413928121404,3.920413928121404,2.6638684258204557,2.6638684258204557,2.6638684258204557,2.6638684258204557,2.6638684258204557,2.6638684258204557,2.6638684258204557,2.6638684258204557,2.6638684258204557,2.6638684258204557,2.6638684258204557,2.6638684258204557,2.6638684258204557,2.6638684258204557,2.6638684258204557,2.6638684258204557,2.6638684258204557,2.6638684258204557,2.6638684258204557,2.6638684258204557,2.6638684258204557,2.6638684258204557,2.6638684258204557,2.6638684258204557,2.6638684258204557,2.6638684258204557,2.6638684258204557,2.6638684258204557,2.6638684258204557,2.6638684258204557,2.6638684258204557,2.6638684258204557,2.6638684258204557,2.6638684258204557,2.6638684258204557,2.6638684258204557,2.6638684258204557,2.6638684258204557,2.6638684258204557,2.6638684258204557,2.6638684258204557,2.6638684258204557,2.6638684258204557,2.6638684258204557,2.6638684258204557,2.6638684258204557,2.6638684258204557,2.6638684258204557,2.6638684258204557,2.6638684258204557,2.6638684258204557,2.6638684258204557,2.6638684258204557,2.6638684258204557,2.6638684258204557,2.6638684258204557,2.6638684258204557,2.6638684258204557,2.6638684258204557,2.6638684258204557,2.6638684258204557,2.6638684258204557,2.6638684258204557,2.6638684258204557,2.6638684258204557,2.6638684258204557,2.6638684258204557,2.6638684258204557,2.6638684258204557,2.6638684258204557,2.6638684258204557,2.6638684258204557,2.6638684258204557,2.6638684258204557,2.6638684258204557,2.6638684258204557,2.6638684258204557,2.6638684258204557,2.6638684258204557,2.6638684258204557,2.6638684258204557,2.6638684258204557,2.6638684258204557,2.6638684258204557,2.6638684258204557,2.6638684258204557,2.6638684258204557,2.6638684258204557,2.6638684258204557,2.6638684258204557,2.6638684258204557,2.6638684258204557,2.6638684258204557,2.6638684258204557,2.6638684258204557,2.6638684258204557,2.6638684258204557,2.6638684258204557,2.6638684258204557,2.6638684258204557,2.6638684258204557,2.6638684258204557,2.6638684258204557,2.6638684258204557,2.6638684258204557,2.6638684258204557,2.6638684258204557,2.6638684258204557,2.6638684258204557,2.6638684258204557,2.6638684258204557,2.6638684258204557,2.6638684258204557,2.6638684258204557,2.6638684258204557,2.6638684258204557,2.6638684258204557,2.6638684258204557,2.6638684258204557,2.6638684258204557,2.6638684258204557,2.6638684258204557,2.6638684258204557,2.6638684258204557,2.6638684258204557,2.6638684258204557,2.6638684258204557,2.6638684258204557,2.6638684258204557,2.6638684258204557,2.6638684258204557,2.6638684258204557,2.6638684258204557,2.6638684258204557,2.6638684258204557,2.6638684258204557,2.6638684258204557,2.6638684258204557,2.6638684258204557,2.6638684258204557,2.6638684258204557,2.6638684258204557,2.6638684258204557,2.6638684258204557,2.6638684258204557,2.6638684258204557,2.6638684258204557,2.6638684258204557,2.6638684258204557,2.6638684258204557,2.6638684258204557,2.6638684258204557,2.6638684258204557,2.6638684258204557,2.6638684258204557,2.6638684258204557,2.6638684258204557,2.6638684258204557,2.6638684258204557,2.6638684258204557,2.6638684258204557,2.6638684258204557,2.6638684258204557,2.6638684258204557,2.6638684258204557,2.6638684258204557,2.6638684258204557,2.6638684258204557,2.6638684258204557,2.6638684258204557,2.6638684258204557,2.6638684258204557,2.6638684258204557,2.6638684258204557,2.6638684258204557,2.6638684258204557,2.6638684258204557,2.6638684258204557,2.6638684258204557,2.6638684258204557,2.6638684258204557,2.6638684258204557,2.6638684258204557,2.6638684258204557,2.6638684258204557,2.6638684258204557,2.6638684258204557,2.6638684258204557,2.6638684258204557,2.6638684258204557,2.6638684258204557,2.6638684258204557,2.6638684258204557,2.6638684258204557,2.6638684258204557,2.6638684258204557,2.6638684258204557,7.041304042377385,6.718853723947397,6.718853723947397,6.718853723947397,6.718853723947397,6.718853723947397,6.718853723947397,6.718853723947397,6.718853723947397,6.718853723947397,6.654795648017019,6.479253415141977,6.244792273755533,6.244792273755533,6.244792273755533,6.244792273755533,6.244792273755533,6.244792273755533,6.244792273755533,6.244792273755533,6.244792273755533,6.151236803882131,5.9119189633165865,5.9119189633165865,5.9119189633165865,5.9119189633165865,5.9119189633165865,5.9119189633165865,5.9119189633165865,5.9119189633165865,5.9119189633165865,5.9119189633165865,5.9119189633165865,5.9119189633165865,5.9119189633165865,5.9119189633165865,5.9119189633165865,5.9119189633165865,5.9119189633165865,5.9119189633165865,5.9119189633165865,5.9119189633165865,5.9119189633165865,5.9119189633165865,5.9119189633165865,5.9119189633165865,5.9119189633165865,5.9119189633165865,5.9119189633165865,5.9119189633165865,5.9119189633165865,5.9119189633165865,5.9119189633165865,5.9119189633165865,5.9119189633165865,5.9119189633165865,5.9119189633165865,5.9119189633165865,5.9119189633165865,5.9119189633165865,5.9119189633165865,5.9119189633165865,5.9119189633165865,5.9119189633165865,5.9119189633165865,5.9119189633165865,5.9119189633165865,5.9119189633165865,5.9119189633165865,5.9119189633165865,5.9119189633165865,5.9119189633165865,5.9119189633165865,5.9119189633165865,5.9119189633165865,5.9119189633165865,5.9119189633165865,5.9119189633165865,5.9119189633165865,5.9119189633165865,5.9119189633165865,5.9119189633165865,5.9119189633165865,5.9119189633165865,5.9119189633165865,5.899790083996562,5.899790083996562,5.211645583465059,5.211645583465059,5.211645583465059,5.211645583465059,4.918250185817942,4.918250185817942,4.918250185817942,4.918250185817942,4.830265287700841,4.830265287700841,4.830265287700841,4.830265287700841,4.830265287700841,4.830265287700841,4.830265287700841,4.830265287700841,4.830265287700841,4.830265287700841,4.830265287700841,4.830265287700841,4.821370827852409,4.796669826891422,4.796669826891422,4.796669826891422,4.768457831509958,4.768457831509958,4.768457831509958,4.768457831509958,4.768457831509958,4.768457831509958,4.768457831509958,4.768457831509958,4.768457831509958,4.768457831509958,4.768457831509958,4.768457831509958,4.768457831509958,4.768457831509958,4.768457831509958,4.768457831509958,4.768457831509958,4.768457831509958,4.768457831509958,4.768457831509958,4.768457831509958,4.768457831509958,4.768457831509958,4.768457831509958,4.768457831509958,4.768457831509958,4.768457831509958,4.768457831509958,4.768457831509958,4.768457831509958,4.768457831509958,4.768457831509958,4.768457831509958,4.768457831509958,4.768457831509958,4.768457831509958,4.768457831509958,4.768457831509958,4.768457831509958,4.768457831509958,4.768457831509958,4.768457831509958,4.768457831509958,4.768457831509958,4.768457831509958,4.768457831509958,4.768457831509958,4.768457831509958,4.768457831509958,4.768457831509958,4.768457831509958,4.768457831509958,4.768457831509958,4.768457831509958,4.768457831509958,4.768457831509958,4.768457831509958,4.768457831509958,4.768457831509958,4.768457831509958,4.768457831509958,4.768457831509958,4.768457831509958,4.768457831509958,4.768457831509958,4.768457831509958,4.768457831509958,4.768457831509958,4.768457831509958,4.768457831509958,4.768457831509958,4.768457831509958,4.768457831509958,4.768457831509958,4.768457831509958,4.768457831509958,4.768457831509958,4.768457831509958,4.768457831509958,4.768457831509958,4.768457831509958,4.768457831509958,4.768457831509958,4.768457831509958,4.768457831509958,4.768457831509958,4.768457831509958,4.763023696158837,4.763023696158837,4.526661918589498,4.526661918589498,4.526661918589498,4.526661918589498,4.526661918589498,4.526661918589498,4.526661918589498,4.526661918589498,4.526661918589498,4.3739936520138185,4.3739936520138185,4.3739936520138185,4.3739936520138185,4.3739936520138185,4.3739936520138185,4.3739936520138185,4.3739936520138185,4.3739936520138185,4.3739936520138185,4.3739936520138185,4.3739936520138185,4.3739936520138185,4.3739936520138185,4.3739936520138185,4.3739936520138185,4.3739936520138185,4.3739936520138185,4.3739936520138185,4.3739936520138185,4.3739936520138185,4.3739936520138185,4.3739936520138185,4.3739936520138185,4.3739936520138185,4.3739936520138185,4.3739936520138185,4.3739936520138185,4.3739936520138185,4.3739936520138185,4.3739936520138185,4.3739936520138185,4.3739936520138185,4.3739936520138185,4.3739936520138185,4.3739936520138185,4.3739936520138185,4.3739936520138185,4.3739936520138185,4.3739936520138185,4.3739936520138185,4.3739936520138185,4.3739936520138185,4.3739936520138185,4.3739936520138185,4.3739936520138185,4.3739936520138185,4.3739936520138185,4.3739936520138185,4.3739936520138185,4.3739936520138185,4.3739936520138185,4.3739936520138185,4.3739936520138185,4.3739936520138185,4.3739936520138185,4.3739936520138185,4.3739936520138185,4.3739936520138185,4.3739936520138185,4.3739936520138185,4.3739936520138185,4.3739936520138185,4.3739936520138185,4.3739936520138185,4.3739936520138185,4.3739936520138185,4.3739936520138185,4.3739936520138185,4.3739936520138185,4.3739936520138185,4.3739936520138185,4.3739936520138185,4.3739936520138185,4.3739936520138185,4.3739936520138185,4.3739936520138185,4.3739936520138185,4.3739936520138185,4.3739936520138185,4.3739936520138185,4.3739936520138185,4.3739936520138185,4.3739936520138185,4.3739936520138185,4.3739936520138185,4.3739936520138185,4.3739936520138185,4.3739936520138185,4.3739936520138185,4.3739936520138185,4.3739936520138185,4.3739936520138185,4.3739936520138185,4.3739936520138185,4.3739936520138185,4.3739936520138185,4.3739936520138185,4.3739936520138185,4.3739936520138185,4.3739936520138185,4.3739936520138185,4.3739936520138185,4.3739936520138185,4.3739936520138185,4.3739936520138185,4.3739936520138185,4.3739936520138185,4.3739936520138185,4.3739936520138185,4.3739936520138185,4.3739936520138185,4.3739936520138185,4.3739936520138185,4.3739936520138185,4.3739936520138185,4.3739936520138185,4.3739936520138185,4.3739936520138185,4.3739936520138185,4.3739936520138185,4.3739936520138185,4.3739936520138185,4.3739936520138185,4.3739936520138185,4.3739936520138185,4.3739936520138185,4.3739936520138185,4.3739936520138185,4.3739936520138185,4.3739936520138185,4.3739936520138185,4.3739936520138185,4.3739936520138185,4.3739936520138185,4.3739936520138185,4.3739936520138185,4.3739936520138185,4.3739936520138185,4.3739936520138185,4.3739936520138185,4.3739936520138185,4.3739936520138185,4.3739936520138185,4.3739936520138185,4.3739936520138185,4.3739936520138185,4.3739936520138185,4.3739936520138185,4.3739936520138185,4.3739936520138185,4.3739936520138185,4.3739936520138185,4.3739936520138185,4.3739936520138185,4.3739936520138185,4.3739936520138185,4.3739936520138185,4.3739936520138185,4.3739936520138185,4.3739936520138185,4.3739936520138185,4.3739936520138185,4.3739936520138185,4.3739936520138185,4.3739936520138185,4.3739936520138185,4.3739936520138185,4.3739936520138185,4.3739936520138185,4.3739936520138185,4.3739936520138185,4.3739936520138185,4.3739936520138185,4.3739936520138185,4.3739936520138185,4.3739936520138185,4.3739936520138185,4.3739936520138185,4.3739936520138185,4.3739936520138185,4.3739936520138185,4.3739936520138185,4.3739936520138185,4.3739936520138185,4.3739936520138185,4.3739936520138185,4.3739936520138185,4.3739936520138185,4.3739936520138185,4.3739936520138185,4.3739936520138185,4.3739936520138185,4.3739936520138185,4.3739936520138185,4.065382686435645,4.065382686435644,4.057485838713771,4.057485838713771,4.057485838713771,4.057485838713771,4.057485838713771,4.057485838713771,4.057485838713771,4.057485838713771,4.057485838713771,4.057485838713771,4.057485838713771,4.057485838713771,4.057485838713771,3.9357274857162836,3.9357274857162836,3.9357274857162836,3.9357274857162836,3.9357274857162836,3.9357274857162836,3.9357274857162836,3.9357274857162836,3.9357274857162836,3.9357274857162836,3.9357274857162836,3.9357274857162836,3.9357274857162836,3.9357274857162836,3.9357274857162836,3.9357274857162836,3.9357274857162836,3.9357274857162836,3.9357274857162836,3.9357274857162836,3.9357274857162836,3.9357274857162836,3.9357274857162836,3.9357274857162836,3.9357274857162836,3.9357274857162836,3.9357274857162836,3.9357274857162836,3.9357274857162836,3.9357274857162836,3.9357274857162836,3.9357274857162836,3.9357274857162836,3.9357274857162836,3.9357274857162836,3.9357274857162836,3.9357274857162836,3.9357274857162836,3.9357274857162836,3.9357274857162836,3.9357274857162836,3.9357274857162836,3.9357274857162836,3.9357274857162836,3.9357274857162836,3.9357274857162836,3.6024435674666417,3.571432812608604,3.571432812608604,3.571432812608604,3.571432812608604,3.571432812608604,3.571432812608604,3.571432812608604,3.571432812608604,3.571432812608604,3.571432812608604,3.571432812608604,3.571432812608604,3.571432812608604,3.571432812608604,3.571432812608604,3.571432812608604,3.571432812608604,3.571432812608604,3.571432812608604,3.571432812608604,3.571432812608604,3.571432812608604,3.571432812608604,3.571432812608604,3.571432812608604,3.571432812608604,3.571432812608604,3.571432812608604,3.571432812608604,3.571432812608604,3.571432812608604,3.571432812608604,3.571432812608604,3.571432812608604,3.571432812608604,3.571432812608604,3.571432812608604,3.571432812608604,3.571432812608604,3.571432812608604,3.571432812608604,3.571432812608604,3.571432812608604,3.571432812608604,3.571432812608604,3.571432812608604,3.571432812608604,3.571432812608604,3.571432812608604,3.571432812608604,3.571432812608604,3.571432812608604,3.571432812608604,3.571432812608604,3.571432812608604,3.571432812608604,3.571432812608604,3.571432812608604,3.571432812608604,3.571432812608604,3.571432812608604,3.571432812608604,3.571432812608604,3.571432812608604,3.571432812608604,3.571432812608604,3.571432812608604,3.571432812608604,3.571432812608604,3.571432812608604,3.571432812608604,3.571432812608604,3.571432812608604,3.571432812608604,3.571432812608604,3.571432812608604,3.571432812608604,3.571432812608604,3.571432812608604,3.571432812608604,3.571432812608604,3.571432812608604,3.571432812608604,3.571432812608604,3.571432812608604,3.571432812608604,3.571432812608604,3.571432812608604,3.571432812608604,3.571432812608604,3.571432812608604,3.571432812608604,3.571432812608604,3.571432812608604,3.571432812608604,3.571432812608604,3.571432812608604,3.571432812608604,3.571432812608604,3.571432812608604,3.571432812608604,3.571432812608604,3.571432812608604,3.571432812608604,3.571432812608604,3.571432812608604,3.571432812608604,3.571432812608604,3.571432812608604,3.571432812608604,3.571432812608604,3.571432812608604,3.571432812608604,3.571432812608604,3.571432812608604,3.571432812608604,3.571432812608604,3.571432812608604,3.571432812608604,3.571432812608604,3.571432812608604,3.571432812608604,3.571432812608604,3.571432812608604,3.571432812608604,3.571432812608604,3.571432812608604,3.571432812608604,3.571432812608604,3.571432812608604,3.571432812608604,3.571432812608604,3.571432812608604,3.571432812608604,3.571432812608604,3.571432812608604,3.571432812608604,3.571432812608604,3.571432812608604,3.571432812608604,3.571432812608604,3.571432812608604,3.571432812608604,3.571432812608604,3.571432812608604,3.571432812608604,3.571432812608604,3.571432812608604,3.571432812608604,3.571432812608604,3.571432812608604,3.571432812608604,3.571432812608604,3.571432812608604,3.571432812608604,3.571432812608604,3.571432812608604,3.571432812608604,3.571432812608604,3.571432812608604,3.571432812608604,3.571432812608604,3.571432812608604,3.571432812608604,3.571432812608604,3.571432812608604,3.571432812608604,3.571432812608604,3.571432812608604,3.571432812608604,3.571432812608604,3.571432812608604,3.571432812608604,3.571432812608604,3.571432812608604,3.571432812608604,3.571432812608604,3.571432812608604,3.571432812608604,3.571432812608604,3.571432812608604,3.571432812608604,3.571432812608604,3.571432812608604,3.571432812608604,3.571432812608604,3.571432812608604,3.571432812608604,3.571432812608604,3.571432812608604,3.571432812608604,3.571432812608604,3.571432812608604,3.571432812608604,3.571432812608604,3.571432812608604,3.571432812608604,3.571432812608604,3.571432812608604,3.571432812608604,3.571432812608604,3.571432812608604,3.571432812608604,3.571432812608604,3.571432812608604,3.571432812608604,3.571432812608604,3.571432812608604,3.571432812608604,3.571432812608604,3.571432812608604,3.571432812608604,3.571432812608604,3.571432812608604,3.571432812608604,3.571432812608604,3.571432812608604,3.571432812608604,3.571432812608604,3.571432812608604,3.571432812608604,3.571432812608604,3.571432812608604,3.571432812608604,3.571432812608604,3.571432812608604,3.571432812608604,3.571432812608604,3.571432812608604,3.571432812608604,3.571432812608604,3.571432812608604,3.571432812608604,3.571432812608604,3.571432812608604,3.571432812608604,3.571432812608604,3.571432812608604,3.571432812608604,3.571432812608604,3.571432812608604,3.571432812608604,3.571432812608604,3.571432812608604,3.571432812608604,3.571432812608604,3.571432812608604,3.571432812608604,3.571432812608604,3.571432812608604,3.571432812608604,3.571432812608604,3.571432812608604,3.571432812608604,3.571432812608604,3.571432812608604,3.571432812608604,3.571432812608604,3.571432812608604,3.571432812608604,3.571432812608604,3.571432812608604,3.571432812608604,3.571432812608604,3.571432812608604,3.571432812608604,3.571432812608604,3.571432812608604,3.571432812608604,3.571432812608604,3.571432812608604,3.571432812608604,3.571432812608604,3.571432812608604,3.571432812608604,3.571432812608604,3.571432812608604,3.571432812608604,3.571432812608604,3.571432812608604,3.571432812608604,3.571432812608604,3.571432812608604,3.571432812608604,3.571432812608604,3.571432812608604,3.571432812608604,3.571432812608604,3.571432812608604,3.571432812608604,3.571432812608604,3.571432812608604,3.571432812608604,3.571432812608604,3.571432812608604,3.571432812608604,3.571432812608604,3.571432812608604,3.571432812608604,3.571432812608604,3.571432812608604,3.571432812608604,3.571432812608604,3.571432812608604,3.571432812608604,3.571432812608604,3.571432812608604,3.571432812608604,3.571432812608604,3.571432812608604,3.571432812608604,3.571432812608604,3.571432812608604,3.571432812608604,3.571432812608604,3.571432812608604,3.571432812608604,3.571432812608604,3.571432812608604,3.571432812608604,3.571432812608604,3.571432812608604,3.571432812608604,3.571432812608604,3.571432812608604,3.571432812608604,3.571432812608604,3.571432812608604,3.571432812608604,3.571432812608604,3.571432812608604,3.571432812608604,3.571432812608604,3.571432812608604,3.571432812608604,3.571432812608604,3.571432812608604,3.571432812608604,3.571432812608604,3.571432812608604,3.571432812608604,3.571432812608604,3.571432812608604,3.571432812608604,3.571432812608604,3.571432812608604,3.571432812608604,3.571432812608604,3.571432812608604,3.155759484415546,3.1463646357141286,3.1463646357141286,3.1463646357141286,3.1463646357141286,3.1463646357141286,3.1463646357141286,3.1463646357141286,3.1463646357141286,3.1463646357141286,3.1463646357141286,3.1463646357141286,3.1463646357141286,3.1463646357141286,3.1463646357141286,3.1463646357141286,3.1463646357141286,3.1463646357141286,3.1463646357141286,3.1463646357141286,3.1463646357141286,3.1463646357141286,3.1463646357141286,3.1463646357141286,3.1463646357141286,3.1463646357141286,3.1463646357141286,3.1463646357141286,3.1463646357141286,3.1463646357141286,3.1463646357141286,3.1463646357141286,3.1463646357141286,3.1463646357141286,3.1463646357141286,3.1463646357141286,3.1463646357141286,3.1463646357141286,3.1463646357141286,3.1463646357141286,3.1463646357141286,3.1463646357141286,3.1463646357141286,3.1463646357141286,3.1463646357141286,3.1463646357141286,3.1463646357141286,3.1463646357141286,3.1463646357141286,3.1463646357141286,3.1463646357141286,3.1463646357141286,3.1463646357141286,3.1463646357141286,3.1463646357141286,3.1463646357141286,3.1463646357141286,3.1463646357141286,3.1463646357141286,3.1463646357141286,3.1463646357141286,3.1463646357141286,3.1463646357141286,3.1463646357141286,3.1463646357141286,3.1463646357141286,3.1463646357141286,3.1463646357141286,3.1463646357141286,3.1463646357141286,3.1463646357141286,3.1463646357141286,3.1463646357141286,3.1463646357141286,3.1463646357141286,3.1463646357141286,3.1463646357141286,3.1463646357141286,3.1463646357141286,3.1463646357141286,3.1463646357141286,3.1463646357141286,3.1463646357141286,3.1463646357141286,3.1463646357141286,3.1463646357141286,3.1463646357141286,3.1463646357141286,3.1463646357141286,3.1463646357141286,3.1463646357141286,3.1463646357141286,3.1463646357141286,3.1463646357141286,3.1463646357141286,3.1463646357141286,3.1463646357141286,3.1463646357141286,3.1463646357141286,3.1463646357141286,3.1463646357141286,3.1463646357141286,3.1463646357141286,3.1463646357141286,3.1463646357141286,3.1463646357141286,3.1463646357141286,3.1463646357141286,3.1463646357141286,3.1463646357141286,3.1463646357141286,3.1463646357141286,3.1463646357141286,3.1463646357141286,3.1463646357141286,3.1463646357141286,3.1463646357141286,3.1463646357141286,3.1463646357141286,3.1463646357141286,3.1463646357141286,3.1463646357141286,3.1463646357141286,3.1463646357141286,3.1463646357141286,3.1463646357141286,3.1463646357141286,3.1463646357141286,3.1463646357141286,3.1463646357141286,3.1463646357141286,3.1463646357141286,3.1463646357141286,3.1463646357141286,3.1463646357141286,3.1463646357141286,3.1463646357141286,3.1463646357141286,3.1463646357141286,3.1463646357141286,3.1463646357141286,3.1463646357141286,3.1463646357141286,3.1463646357141286,3.1463646357141286,3.1463646357141286,3.1463646357141286,3.1463646357141286,3.1463646357141286,3.1463646357141286,3.1463646357141286,3.1463646357141286,3.1463646357141286,3.1463646357141286,3.1463646357141286,3.1463646357141286,3.1463646357141286,3.1463646357141286,3.1463646357141286,3.1463646357141286,3.1463646357141286,3.1463646357141286,3.1463646357141286,3.1463646357141286,3.1463646357141286,3.1463646357141286,3.1463646357141286,3.1463646357141286,3.1463646357141286,3.1463646357141286,3.1463646357141286,3.1463646357141286,3.1463646357141286,3.1463646357141286,3.1463646357141286,3.1463646357141286,3.1463646357141286,3.1463646357141286,3.1463646357141286,3.1463646357141286,3.1463646357141286,3.1463646357141286,3.1463646357141286,3.1463646357141286,3.1463646357141286,9.461576187751753,8.809801535672177,7.329353470263056,7.270828815145994,7.270828815145994,7.270828815145994,7.270828815145994,7.270828815145994,7.270828815145994,7.270828815145994,7.270828815145994,7.270828815145994,7.270828815145994,7.270828815145994,7.270828815145994,7.270828815145994,6.7921580275754465,6.7921580275754465,6.7921580275754465,6.7921580275754465,6.7921580275754465,6.7921580275754465,6.7921580275754465,6.7921580275754465,6.7921580275754465,6.7921580275754465,6.7921580275754465,6.7921580275754465,6.7921580275754465,6.7921580275754465,6.7921580275754465,6.7921580275754465,6.7921580275754465,6.7921580275754465,6.7921580275754465,6.34789892496019,6.34789892496019,5.848046229188391,5.848046229188391,5.848046229188391,5.848046229188391,5.848046229188391,5.848046229188391,5.848046229188391,5.813659587972714,5.813659587972714,5.813659587972714,5.807581259616015,5.807581259616015,5.807581259616015,5.807581259616015,5.807581259616015,5.807581259616015,5.687835139443322,5.687835139443322,5.687835139443322,5.687835139443322,5.687835139443322,5.6125148564346325,5.6125148564346325,5.6125148564346325,5.6125148564346325,5.6125148564346325,5.6125148564346325,5.6125148564346325,5.6125148564346325,5.6125148564346325,5.6125148564346325,5.6125148564346325,5.6125148564346325,5.6125148564346325,5.6125148564346325,5.6125148564346325,5.6125148564346325,5.6125148564346325,5.6125148564346325,5.6125148564346325,5.6125148564346325,5.6125148564346325,5.6125148564346325,5.6125148564346325,5.6125148564346325,5.6125148564346325,5.6125148564346325,5.6125148564346325,5.6125148564346325,5.6125148564346325,5.6125148564346325,5.6125148564346325,5.6125148564346325,5.6125148564346325,5.6125148564346325,5.6125148564346325,5.6125148564346325,5.6125148564346325,5.6125148564346325,5.6125148564346325,5.6125148564346325,5.6125148564346325,5.6125148564346325,5.6125148564346325,5.6125148564346325,5.6125148564346325,5.6125148564346325,5.6125148564346325,5.6125148564346325,5.6125148564346325,5.6125148564346325,5.6125148564346325,5.6125148564346325,5.6125148564346325,5.6125148564346325,5.6125148564346325,5.6125148564346325,5.6125148564346325,5.6125148564346325,5.6125148564346325,5.6125148564346325,5.6125148564346325,5.6125148564346325,5.6125148564346325,5.6125148564346325,5.6125148564346325,5.6125148564346325,5.6125148564346325,5.6125148564346325,5.6125148564346325,5.6125148564346325,5.6125148564346325,5.6125148564346325,5.6125148564346325,5.6125148564346325,5.6125148564346325,5.6125148564346325,5.6125148564346325,5.6125148564346325,5.6125148564346325,5.6125148564346325,5.6125148564346325,5.6125148564346325,5.6125148564346325,5.6125148564346325,5.6125148564346325,5.6125148564346325,5.6125148564346325,5.6125148564346325,5.6125148564346325,5.6125148564346325,5.6125148564346325,5.6125148564346325,5.6125148564346325,5.6125148564346325,5.6125148564346325,5.6125148564346325,5.6125148564346325,5.6125148564346325,5.6125148564346325,5.6125148564346325,5.6125148564346325,5.6125148564346325,5.6125148564346325,5.6125148564346325,5.6125148564346325,5.6125148564346325,5.6125148564346325,5.6125148564346325,5.6125148564346325,5.6125148564346325,5.6125148564346325,5.6125148564346325,5.6125148564346325,5.6125148564346325,5.6125148564346325,5.6125148564346325,5.6125148564346325,5.6125148564346325,5.6125148564346325,5.6125148564346325,5.6125148564346325,5.6125148564346325,5.6125148564346325,5.6125148564346325,5.6125148564346325,5.6125148564346325,5.6125148564346325,5.6125148564346325,5.6125148564346325,5.6125148564346325,5.6125148564346325,5.6125148564346325,5.6125148564346325,5.6125148564346325,5.6125148564346325,5.6125148564346325,5.6125148564346325,5.6125148564346325,5.6125148564346325,5.6125148564346325,5.6125148564346325,5.6125148564346325,5.6125148564346325,5.6125148564346325,5.6125148564346325,5.6125148564346325,5.6125148564346325,5.6125148564346325,5.6125148564346325,5.6125148564346325,5.6125148564346325,5.6125148564346325,5.6125148564346325,5.6125148564346325,5.6125148564346325,5.6125148564346325,5.6125148564346325,5.6125148564346325,5.6125148564346325,5.6125148564346325,5.6125148564346325,5.6125148564346325,5.6125148564346325,5.6125148564346325,5.6125148564346325,5.6125148564346325,5.6125148564346325,5.6125148564346325,5.6125148564346325,5.6125148564346325,5.6125148564346325,5.6125148564346325,5.6125148564346325,5.6125148564346325,5.340371325568807,5.144518304124172,5.121233745917535,5.121233745917535,5.121233745917535,5.121233745917535,5.121233745917535,5.121233745917535,5.121233745917535,5.121233745917535,5.121233745917535,5.121233745917535,5.048575550949283,5.048575550949283,5.048575550949283,5.048575550949283,5.048575550949283,5.048575550949283,5.048575550949283,5.048575550949283,5.048575550949283,5.048575550949283,5.048575550949283,5.048575550949283,5.048575550949283,5.048575550949283,5.007287858789145,5.007287858789145,5.005308581017276,4.964221642180181,4.964221642180181,4.964221642180181,4.964221642180181,4.964221642180181,4.964221642180181,4.964221642180181,4.964221642180181,4.964221642180181,4.964221642180181,4.964221642180181,4.964221642180181,4.964221642180181,4.964221642180181,4.964221642180181,4.964221642180181,4.964221642180181,4.964221642180181,4.964221642180181,4.964221642180181,4.964221642180181,4.964221642180181,4.964221642180181,4.964221642180181,4.964221642180181,4.964221642180181,4.964221642180181,4.964221642180181,4.964221642180181,4.964221642180181,4.964221642180181,4.964221642180181,4.964221642180181,4.964221642180181,4.964221642180181,4.964221642180181,4.964221642180181,4.964221642180181,4.964221642180181,4.964221642180181,4.964221642180181,4.964221642180181,4.964221642180181,4.964221642180181,4.964221642180181,4.964221642180181,4.964221642180181,4.964221642180181,4.964221642180181,4.964221642180181,4.964221642180181,4.964221642180181,4.964221642180181,4.964221642180181,4.964221642180181,4.964221642180181,4.964221642180181,4.964221642180181,4.964221642180181,4.964221642180181,4.964221642180181,4.964221642180181,4.964221642180181,4.964221642180181,4.964221642180181,4.964221642180181,4.964221642180181,4.964221642180181,4.964221642180181,4.964221642180181,4.964221642180181,4.964221642180181,4.964221642180181,4.964221642180181,4.964221642180181,4.964221642180181,4.964221642180181,4.964221642180181,4.964221642180181,4.964221642180181,4.964221642180181,4.964221642180181,4.964221642180181,4.964221642180181,4.964221642180181,4.964221642180181,4.964221642180181,4.964221642180181,4.964221642180181,4.964221642180181,4.964221642180181,4.964221642180181,4.964221642180181,4.964221642180181,4.964221642180181,4.964221642180181,4.964221642180181,4.964221642180181,4.964221642180181,4.964221642180181,4.964221642180181,4.964221642180181,4.964221642180181,4.964221642180181,4.964221642180181,4.964221642180181,4.964221642180181,4.964221642180181,4.964221642180181,4.964221642180181,4.964221642180181,4.964221642180181,4.964221642180181,4.964221642180181,4.964221642180181,4.964221642180181,4.964221642180181,4.964221642180181,4.964221642180181,4.964221642180181,4.964221642180181,4.964221642180181,4.964221642180181,4.964221642180181,4.964221642180181,4.964221642180181,4.964221642180181,4.964221642180181,4.964221642180181,4.964221642180181,4.964221642180181,4.964221642180181,4.964221642180181,4.964221642180181,4.964221642180181,4.964221642180181,4.964221642180181,4.964221642180181,4.964221642180181,4.964221642180181,4.964221642180181,4.964221642180181,4.964221642180181,4.964221642180181,4.964221642180181,4.964221642180181,4.964221642180181,4.964221642180181,4.964221642180181,4.964221642180181,4.964221642180181,4.964221642180181,4.964221642180181,4.964221642180181,4.964221642180181,4.964221642180181,4.964221642180181,4.964221642180181,4.964221642180181,4.964221642180181,4.964221642180181,4.964221642180181,4.964221642180181,4.964221642180181,4.964221642180181,4.964221642180181,4.964221642180181,4.964221642180181,4.964221642180181,4.964221642180181,4.964221642180181,4.964221642180181,4.964221642180181,4.964221642180181,4.964221642180181,4.964221642180181,4.964221642180181,4.964221642180181,4.964221642180181,4.964221642180181,4.964221642180181,4.964221642180181,4.964221642180181,4.964221642180181,4.964221642180181,4.964221642180181,4.964221642180181,4.964221642180181,4.964221642180181,4.964221642180181,4.964221642180181,4.964221642180181,4.964221642180181,4.964221642180181,4.964221642180181,4.964221642180181,4.964221642180181,4.964221642180181,4.964221642180181,4.964221642180181,4.964221642180181,4.964221642180181,4.964221642180181,4.964221642180181,4.964221642180181,4.964221642180181,4.964221642180181,4.964221642180181,4.964221642180181,4.964221642180181,4.964221642180181,4.964221642180181,4.964221642180181,4.964221642180181,4.964221642180181,4.964221642180181,4.964221642180181,4.964221642180181,4.964221642180181,4.964221642180181,4.964221642180181,4.964221642180181,4.964221642180181,4.964221642180181,4.964221642180181,4.964221642180181,4.964221642180181,4.964221642180181,4.964221642180181,4.964221642180181,4.964221642180181,4.964221642180181,4.964221642180181,4.964221642180181,4.964221642180181,4.964221642180181,4.964221642180181,4.964221642180181,4.964221642180181,4.964221642180181,4.964221642180181,4.964221642180181,4.964221642180181,4.964221642180181,4.964221642180181,4.964221642180181,4.964221642180181,4.964221642180181,4.964221642180181,4.964221642180181,4.964221642180181,4.964221642180181,4.964221642180181,4.964221642180181,4.964221642180181,4.964221642180181,4.964221642180181,4.964221642180181,4.964221642180181,4.964221642180181,4.964221642180181,4.964221642180181,4.964221642180181,4.964221642180181,4.964221642180181,4.964221642180181,4.964221642180181,4.964221642180181,4.964221642180181,4.964221642180181,4.964221642180181,4.964221642180181,4.964221642180181,4.964221642180181,4.964221642180181,4.964221642180181,4.964221642180181,4.964221642180181,4.964221642180181,4.964221642180181,4.964221642180181,4.964221642180181,4.964221642180181,4.964221642180181,4.964221642180181,4.964221642180181,4.964221642180181,4.964221642180181,4.964221642180181,4.964221642180181,4.964221642180181,4.964221642180181,4.964221642180181,4.802437485929303,4.738962364927739,4.738962364927739,4.738962364927739,4.738962364927739,4.738962364927739,4.738962364927739,4.738962364927739,4.738962364927739,4.738962364927739,4.738962364927739,4.738962364927739,4.590082948600927,4.590082948600927,4.590082948600927,4.590082948600927,4.590082948600927,4.590082948600927,4.590082948600927,4.590082948600927,4.590082948600927,4.590082948600927,4.590082948600927,4.590082948600927,4.4592028275212945,4.4592028275212945,4.4592028275212945,4.4592028275212945,4.4592028275212945,4.4592028275212945,4.4592028275212945,4.4592028275212945,4.4592028275212945,4.4592028275212945,4.4592028275212945,4.4592028275212945,4.4592028275212945,4.4592028275212945,4.4592028275212945,4.4592028275212945,4.4592028275212945,4.4592028275212945,4.4592028275212945,4.4592028275212945,4.4592028275212945,4.4592028275212945,4.4592028275212945,4.4592028275212945,4.4592028275212945,4.4592028275212945,4.4592028275212945,4.4592028275212945,4.4592028275212945,4.4592028275212945,4.4592028275212945,4.4592028275212945,4.4592028275212945,4.4592028275212945,4.4592028275212945,4.4592028275212945,4.4592028275212945,4.4592028275212945,4.4592028275212945,4.4592028275212945,4.4592028275212945,4.4592028275212945,4.4592028275212945,4.4592028275212945,4.4592028275212945,4.4592028275212945,4.4592028275212945,4.4592028275212945,4.4592028275212945,4.4592028275212945,4.4592028275212945,4.4592028275212945,4.4592028275212945,4.4592028275212945,4.4592028275212945,4.4592028275212945,4.4592028275212945,4.4592028275212945,4.4592028275212945,4.4592028275212945,4.4592028275212945,4.4592028275212945,4.4592028275212945,4.4592028275212945,4.4592028275212945,4.4592028275212945,4.4592028275212945,4.4592028275212945,4.4592028275212945,4.4592028275212945,4.4592028275212945,4.4592028275212945,4.4592028275212945,4.4592028275212945,4.4592028275212945,4.4592028275212945,4.4592028275212945,4.4592028275212945,4.4592028275212945,4.4592028275212945,4.4592028275212945,4.4592028275212945,4.4592028275212945,4.4592028275212945,4.4592028275212945,4.4592028275212945,4.4592028275212945,4.4592028275212945,4.4592028275212945,4.4592028275212945,4.4592028275212945,4.4592028275212945,4.4592028275212945,4.4592028275212945,4.4592028275212945,4.4592028275212945,4.4592028275212945,4.4592028275212945,4.4592028275212945,4.4592028275212945,4.4592028275212945,4.4592028275212945,4.4592028275212945,4.4592028275212945,4.4592028275212945,4.4592028275212945,4.4592028275212945,4.4592028275212945,4.4592028275212945,4.4592028275212945,4.4592028275212945,4.4592028275212945,4.4592028275212945,4.4592028275212945,4.4592028275212945,4.4592028275212945,4.4592028275212945,4.4592028275212945,4.4592028275212945,4.4592028275212945,4.4592028275212945,4.4592028275212945,4.4592028275212945,4.4592028275212945,4.4592028275212945,4.4592028275212945,4.4592028275212945,4.4592028275212945,4.4592028275212945,4.4592028275212945,4.4592028275212945,4.4592028275212945,4.4592028275212945,4.4592028275212945,4.4592028275212945,4.4592028275212945,4.4592028275212945,4.4592028275212945,4.4592028275212945,4.4592028275212945,4.4592028275212945,4.4592028275212945,4.4592028275212945,4.4592028275212945,4.4592028275212945,4.4592028275212945,4.4592028275212945,4.4592028275212945,4.4592028275212945,4.4592028275212945,4.4592028275212945,4.4592028275212945,4.4592028275212945,4.4592028275212945,4.4592028275212945,4.4592028275212945,4.4592028275212945,4.4592028275212945,4.4592028275212945,4.4592028275212945,4.4592028275212945,4.4592028275212945,4.4592028275212945,4.4592028275212945,4.4592028275212945,4.4592028275212945,4.4592028275212945,4.4592028275212945,4.4592028275212945,4.4592028275212945,4.4592028275212945,4.4592028275212945,4.4592028275212945,4.4592028275212945,4.4592028275212945,4.4592028275212945,4.4592028275212945,4.4592028275212945,4.4592028275212945,4.4592028275212945,4.4592028275212945,4.4592028275212945,4.4592028275212945,4.4592028275212945,4.4592028275212945,4.4592028275212945,4.4592028275212945,4.4592028275212945,4.4592028275212945,4.4592028275212945,4.4592028275212945,4.4592028275212945,4.4592028275212945,4.4592028275212945,4.4592028275212945,4.4592028275212945,4.4592028275212945,4.4592028275212945,4.4592028275212945,4.4592028275212945,4.4592028275212945,4.4592028275212945,4.4592028275212945,4.4592028275212945,4.4592028275212945,4.4592028275212945,4.4592028275212945,4.4592028275212945,4.4592028275212945,4.4592028275212945,4.4592028275212945,4.4592028275212945,4.4592028275212945,4.4592028275212945,4.4592028275212945,4.4592028275212945,4.4592028275212945,4.4592028275212945,4.4592028275212945,4.4592028275212945,4.4592028275212945,4.4592028275212945,4.4592028275212945,4.4592028275212945,4.4592028275212945,4.4592028275212945,4.4592028275212945,4.4592028275212945,4.4592028275212945,4.4592028275212945,4.4592028275212945,4.4592028275212945,4.4592028275212945,4.4592028275212945,4.4592028275212945,4.4592028275212945,4.4592028275212945,4.4592028275212945,4.4592028275212945,4.4592028275212945,4.4592028275212945,4.4592028275212945,4.4592028275212945,4.4592028275212945,4.4592028275212945,4.4592028275212945,4.4592028275212945,4.4592028275212945,4.4592028275212945,4.4592028275212945,4.4592028275212945,4.4592028275212945,4.4592028275212945,4.4592028275212945,4.4592028275212945,4.4592028275212945,4.4592028275212945,4.4592028275212945,4.4592028275212945,4.4592028275212945,4.4592028275212945,4.4592028275212945,4.4592028275212945,4.4592028275212945,4.4592028275212945,4.4592028275212945,4.4592028275212945,4.4592028275212945,4.4592028275212945,4.4592028275212945,4.4592028275212945,4.4592028275212945,4.4592028275212945,4.4592028275212945,4.4592028275212945,4.4592028275212945,4.4592028275212945,4.4592028275212945,4.4592028275212945,4.4592028275212945,4.4592028275212945,4.4592028275212945,4.4592028275212945,4.4592028275212945,4.4592028275212945,4.4592028275212945,4.4592028275212945,4.4592028275212945,4.4592028275212945,4.4592028275212945,4.4592028275212945,4.4592028275212945,4.4592028275212945,4.4592028275212945,4.4592028275212945,4.4592028275212945,4.4592028275212945,4.4592028275212945,4.4592028275212945,4.4592028275212945,4.4592028275212945,4.4592028275212945,4.4592028275212945,4.4592028275212945,4.4592028275212945,4.4592028275212945,4.4592028275212945,4.4592028275212945,4.4592028275212945,4.4592028275212945,4.4592028275212945,4.4592028275212945,4.4592028275212945,4.4592028275212945,4.4592028275212945,4.4592028275212945,4.4592028275212945,4.4592028275212945,4.4592028275212945,4.4592028275212945,4.4592028275212945,4.4592028275212945,4.4592028275212945,4.4592028275212945,4.4592028275212945,4.4592028275212945,4.4592028275212945,4.4592028275212945,4.4592028275212945,4.4592028275212945,4.4592028275212945,4.4592028275212945,4.4592028275212945,4.4592028275212945,4.4592028275212945,4.4592028275212945,4.4592028275212945,4.4592028275212945,4.4592028275212945,4.4592028275212945,4.4592028275212945,4.4592028275212945,4.4592028275212945,4.4592028275212945,4.4592028275212945,4.4592028275212945,4.4592028275212945,4.4592028275212945,4.4592028275212945,4.4592028275212945,4.4592028275212945,4.4592028275212945,4.4592028275212945,4.4592028275212945,4.4592028275212945,4.4592028275212945,4.4592028275212945,4.4592028275212945,4.4592028275212945,4.4592028275212945,4.4592028275212945,4.4592028275212945,4.4592028275212945,4.4592028275212945,4.4592028275212945,4.4592028275212945,4.4592028275212945,4.4592028275212945,4.4592028275212945,4.4592028275212945,4.4592028275212945,4.4592028275212945,4.4592028275212945,4.4592028275212945,4.4592028275212945,4.4592028275212945,4.4592028275212945,4.4592028275212945,4.4592028275212945,4.4592028275212945,4.4592028275212945,4.4592028275212945,4.4592028275212945,4.4592028275212945,4.4592028275212945,4.4592028275212945,4.4592028275212945,4.4592028275212945,4.4592028275212945,4.4592028275212945,4.4592028275212945,4.4592028275212945,4.4592028275212945,4.4592028275212945,4.4592028275212945,4.4592028275212945,4.4592028275212945,4.4592028275212945,4.4592028275212945,4.4592028275212945,4.4592028275212945,4.4592028275212945,4.4592028275212945,4.4592028275212945,4.4592028275212945,4.4592028275212945,4.4592028275212945,4.4592028275212945,4.4592028275212945,4.4592028275212945,4.4592028275212945,4.4592028275212945,4.4592028275212945,4.4592028275212945,4.4592028275212945,4.4592028275212945,4.4592028275212945,4.4592028275212945,4.4592028275212945,4.4592028275212945,4.4592028275212945,4.4592028275212945,8.938207320879831,8.938207320879831,8.938207320879831,8.938207320879831,8.938207320879831,8.938207320879831,8.938207320879831,8.2023583024882,8.2023583024882,8.2023583024882,8.2023583024882,8.099876823100793,8.099876823100793,8.099876823100793,7.832735362947252,7.832735362947252,7.832735362947252,7.832735362947252,7.832735362947252,7.50461372017844,7.50461372017844,7.50461372017844,7.50461372017844,7.50461372017844,7.50461372017844,7.50461372017844,7.50461372017844,7.50461372017844,7.50461372017844,7.50461372017844,7.50461372017844,7.50461372017844,7.50461372017844,7.50461372017844,7.50461372017844,7.50461372017844,7.50461372017844,7.50461372017844,7.50461372017844,7.50461372017844,7.50461372017844,7.50461372017844,7.50461372017844,7.50461372017844,7.50461372017844,7.50461372017844,7.50461372017844,7.50461372017844,7.50461372017844,7.50461372017844,7.50461372017844,7.50461372017844,7.50461372017844,7.50461372017844,7.50461372017844,7.50461372017844,7.50461372017844,7.50461372017844,7.50461372017844,7.50461372017844,7.50461372017844,7.50461372017844,7.50461372017844,7.50461372017844,7.50461372017844,7.50461372017844,7.50461372017844,7.50461372017844,7.50461372017844,7.50461372017844,7.50461372017844,7.50461372017844,7.50461372017844,7.50461372017844,7.50461372017844,7.50461372017844,7.50461372017844,7.50461372017844,7.50461372017844,7.50461372017844,7.50461372017844,7.50461372017844,7.50461372017844,7.50461372017844,7.50461372017844,7.50461372017844,7.50461372017844,7.307883265965419,7.0597884914630225,6.471580131167476,6.471580131167476,6.471580131167476,6.471580131167476,6.471580131167476,6.471580131167476,6.471580131167476,6.471580131167476,6.471580131167476,6.471580131167476,6.471580131167476,6.471580131167476,6.471580131167476,6.471580131167476,6.471580131167476,6.471580131167476,6.471580131167476,6.471580131167476,6.471580131167476,6.471580131167476,6.471580131167476,6.471580131167476,6.471580131167476,6.471580131167476,6.471580131167476,6.471580131167476,6.471580131167476,6.471580131167476,6.471580131167476,6.471580131167476,6.471580131167476,6.471580131167476,6.471580131167476,6.471580131167476,6.471580131167476,6.471580131167476,6.471580131167476,6.471580131167476,6.471580131167476,6.471580131167476,6.471580131167476,6.471580131167476,6.471050261857937,6.471050261857937,6.471050261857937,6.471050261857937,6.471050261857937,6.471050261857937,6.471050261857937,6.471050261857937,6.471050261857937,6.471050261857937,6.471050261857937,6.471050261857937,6.471050261857937,6.221033566416621,6.221033566416621,6.221033566416621,6.221033566416621,6.221033566416621,6.221033566416621,6.221033566416621,6.221033566416621,6.221033566416621,6.221033566416621,6.221033566416621,6.221033566416621,6.221033566416621,6.221033566416621,6.221033566416621,6.221033566416621,6.221033566416621,6.101038593213392,6.101038593213392,6.101038593213392,6.101038593213392,6.101038593213392,6.101038593213392,6.101038593213392,6.101038593213392,6.101038593213392,6.101038593213392,6.101038593213392,6.101038593213392,6.101038593213392,6.101038593213392,6.101038593213392,6.101038593213392,6.101038593213392,6.101038593213392,6.101038593213392,6.101038593213392,6.101038593213392,6.101038593213392,6.101038593213392,6.101038593213392,6.101038593213392,6.101038593213392,6.101038593213392,6.101038593213392,6.101038593213392,6.101038593213392,6.101038593213392,6.101038593213392,6.101038593213392,6.101038593213392,6.101038593213392,6.101038593213392,6.101038593213392,6.101038593213392,6.0283428329412345,6.0283428329412345,6.0283428329412345,6.0283428329412345,5.9769586067021905,5.660998480152438,5.660998480152438,5.660998480152438,5.660998480152438,5.660998480152438,5.660998480152438,5.660998480152438,5.660998480152438,5.660998480152438,5.660998480152438,5.660998480152438,5.660998480152438,5.660998480152438,5.660998480152438,5.660998480152438,5.660998480152438,5.660998480152438,5.660998480152438,5.660998480152438,5.660998480152438,5.660998480152438,5.660998480152438,5.660998480152438,5.660998480152438,5.660998480152438,5.660998480152438,5.660998480152438,5.660998480152438,5.660998480152438,5.660998480152438,5.660998480152438,5.660998480152438,5.660998480152438,5.660998480152438,5.660998480152438,5.660998480152438,5.660998480152438,5.660998480152438,5.660998480152438,5.660998480152438,5.660998480152438,5.660998480152438,5.660998480152438,5.660998480152438,5.660998480152438,5.660998480152438,5.660998480152438,5.660998480152438,5.660998480152438,5.660998480152438,5.660998480152438,5.660998480152438,5.660998480152438,5.660998480152438,5.660998480152438,5.660998480152438,5.660998480152438,5.660998480152438,5.660998480152438,5.660998480152438,5.660998480152438,5.660998480152438,5.660998480152438,5.660998480152438,5.660998480152438,5.660998480152438,5.660998480152438,5.660998480152438,5.660998480152438,5.660998480152438,5.256353943804131,5.256353943804131,5.256353943804131,5.256353943804131,5.256353943804131,5.256353943804131,5.256353943804131,5.256353943804131,5.256353943804131,5.256353943804131,5.256353943804131,5.256353943804131,5.256353943804131,5.256353943804131,5.256353943804131,4.992193889309234,4.992193889309234,4.992193889309234,4.992193889309234,4.992193889309234,4.992193889309234,4.992193889309234,4.992193889309234,4.992193889309234,4.992193889309234,4.992193889309234,4.992193889309234,4.992193889309234,4.992193889309234,4.992193889309234,4.992193889309234,4.992193889309234,4.992193889309234,4.992193889309234,4.992193889309234,4.992193889309234,4.992193889309234,4.992193889309234,4.992193889309234,4.992193889309234,4.992193889309234,4.992193889309234,4.992193889309234,4.992193889309234,4.992193889309234,4.992193889309234,4.992193889309234,4.992193889309234,4.992193889309234,4.992193889309234,4.992193889309234,4.992193889309234,4.992193889309234,4.992193889309234,4.992193889309234,4.992193889309234,4.992193889309234,4.992193889309234,4.992193889309234,4.992193889309234,4.992193889309234,4.992193889309234,4.992193889309234,4.992193889309234,4.992193889309234,4.992193889309234,4.992193889309234,4.992193889309234,4.992193889309234,4.992193889309234,4.992193889309234,4.992193889309234,4.992193889309234,4.992193889309234,4.992193889309234,4.992193889309234,4.992193889309234,4.992193889309234,4.992193889309234,4.992193889309234,4.992193889309234,4.992193889309234,4.992193889309234,4.992193889309234,4.992193889309234,4.992193889309234,4.992193889309234,4.992193889309234,4.992193889309234,4.992193889309234,4.992193889309234,4.992193889309234,4.992193889309234,4.992193889309234,4.992193889309234,4.992193889309234,4.992193889309234,4.992193889309234,4.992193889309234,4.992193889309234,4.992193889309234,4.992193889309234,4.992193889309234,4.992193889309234,4.992193889309234,4.992193889309234,4.992193889309234,4.992193889309234,4.992193889309234,4.992193889309234,4.992193889309234,4.992193889309234,4.992193889309234,4.992193889309234,4.992193889309234,4.992193889309234,4.992193889309234,4.992193889309234,4.992193889309234,4.992193889309234,4.992193889309234,4.992193889309234,4.992193889309234,4.992193889309234,4.992193889309234,4.992193889309234,4.992193889309234,4.992193889309234,4.992193889309234,4.992193889309234,4.992193889309234,4.992193889309234,4.992193889309234,4.992193889309234,4.992193889309234,4.992193889309234,4.992193889309234,4.992193889309234,4.992193889309234,4.992193889309234,4.992193889309234,4.992193889309234,4.992193889309234,4.992193889309234,4.992193889309234,4.992193889309234,4.992193889309234,4.992193889309234,4.992193889309234,4.992193889309234,4.992193889309234,4.992193889309234,4.992193889309234,4.992193889309234,4.992193889309234,4.992193889309234,4.992193889309234,4.992193889309234,4.992193889309234,4.992193889309234,4.992193889309234,4.992193889309234,4.992193889309234,4.992193889309234,4.992193889309234,4.992193889309234,4.992193889309234,4.992193889309234,4.992193889309234,4.992193889309234,4.992193889309234,4.992193889309234,4.992193889309234,4.992193889309234,4.992193889309234,4.992193889309234,4.992193889309234,4.992193889309234,4.992193889309234,4.992193889309234,4.992193889309234,4.992193889309234,4.992193889309234,4.992193889309234,4.992193889309234,4.992193889309234,4.992193889309234,4.992193889309234,4.992193889309234,4.992193889309234,4.992193889309234,4.992193889309234,4.992193889309234,4.992193889309234,4.992193889309234,4.992193889309234,4.992193889309234,4.992193889309234,4.992193889309234,4.992193889309234,4.992193889309234,4.992193889309234,4.992193889309234,4.992193889309234,4.992193889309234,4.992193889309234,4.992193889309234,4.992193889309234,4.992193889309234,4.992193889309234,4.992193889309234,4.992193889309234,4.992193889309234,4.992193889309234,4.992193889309234,4.992193889309234,4.992193889309234,4.992193889309234,4.992193889309234,4.992193889309234,4.992193889309234,4.992193889309234,4.992193889309234,4.992193889309234,4.992193889309234,4.992193889309234,4.992193889309234,4.992193889309234,4.992193889309234,4.992193889309234,4.992193889309234,4.992193889309234,4.992193889309234,4.992193889309234,4.992193889309234,4.992193889309234,4.992193889309234,4.992193889309234,4.992193889309234,4.992193889309234,4.992193889309234,4.992193889309234,4.992193889309234,4.992193889309234,4.992193889309234,4.992193889309234,4.992193889309234,4.992193889309234,4.992193889309234,4.992193889309234,4.992193889309234,4.992193889309234,4.992193889309234,4.992193889309234,4.992193889309234,4.992193889309234,4.992193889309234,4.992193889309234,4.992193889309234,4.992193889309234,4.992193889309234,4.992193889309234,4.992193889309234,4.992193889309234,4.992193889309234,4.992193889309234,4.992193889309234,4.992193889309234,4.992193889309234,4.992193889309234,4.992193889309234,4.992193889309234,4.992193889309234,4.992193889309234,4.992193889309234,4.992193889309234,4.992193889309234,4.992193889309234,4.992193889309234,4.992193889309234,4.992193889309234,4.992193889309234,4.992193889309234,4.992193889309234,4.992193889309234,4.992193889309234,4.992193889309234,4.992193889309234,4.992193889309234,4.992193889309234,4.992193889309234,4.992193889309234,4.992193889309234,4.992193889309234,4.992193889309234,4.992193889309234,4.992193889309234,4.992193889309234,4.992193889309234,4.992193889309234,4.992193889309234,4.992193889309234,4.992193889309234,4.992193889309234,4.992193889309234,4.992193889309234,4.992193889309234,4.992193889309234,4.992193889309234,4.992193889309234,4.992193889309234,4.992193889309234,4.992193889309234,4.992193889309234,4.992193889309234,4.992193889309234,4.992193889309234,4.992193889309234,4.992193889309234,4.992193889309234,4.992193889309234,4.992193889309234,4.992193889309234,4.992193889309234,4.992193889309234,4.992193889309234,4.992193889309234,4.992193889309234,4.992193889309234,4.992193889309234,4.992193889309234,4.992193889309234,4.992193889309234,4.992193889309234,4.992193889309234,4.992193889309234,4.992193889309234,4.992193889309234,4.992193889309234,4.992193889309234,4.992193889309234,4.992193889309234,4.992193889309234,4.992193889309234,4.992193889309234,4.992193889309234,4.992193889309234,4.992193889309234,4.992193889309234,4.992193889309234,4.992193889309234,4.992193889309234,4.992193889309234,4.992193889309234,4.992193889309234,4.992193889309234,4.992193889309234,4.992193889309234,4.992193889309234,4.992193889309234,4.992193889309234,4.992193889309234,4.992193889309234,4.992193889309234,4.992193889309234,4.992193889309234,4.992193889309234,4.992193889309234,4.992193889309234,4.992193889309234,4.992193889309234,4.992193889309234,4.992193889309234,4.992193889309234,4.992193889309234,4.992193889309234,4.992193889309234,4.992193889309234,4.992193889309234,4.992193889309234,4.992193889309234,4.992193889309234,4.992193889309234,4.992193889309234,4.992193889309234,4.992193889309234,4.992193889309234,4.992193889309234,4.992193889309234,4.992193889309234,4.992193889309234,4.992193889309234,4.992193889309234,4.992193889309234,4.992193889309234,4.992193889309234,4.992193889309234,4.992193889309234,4.992193889309234,4.992193889309234,4.992193889309234,4.992193889309234,4.992193889309234,4.992193889309234,4.992193889309234,4.992193889309234,4.992193889309234,4.992193889309234,4.992193889309234,4.992193889309234,4.992193889309234,4.992193889309234,4.992193889309234,4.992193889309234,4.992193889309234,4.992193889309234,4.992193889309234,4.992193889309234,4.992193889309234,4.992193889309234,4.992193889309234,4.992193889309234,4.992193889309234,4.992193889309234,4.992193889309234,4.992193889309234,4.992193889309234,4.992193889309234,4.992193889309234,4.992193889309234,4.992193889309234,4.992193889309234,4.992193889309234,4.992193889309234,4.992193889309234,4.992193889309234,4.992193889309234,4.992193889309234,4.992193889309234,4.992193889309234,4.992193889309234,4.992193889309234,4.992193889309234,4.992193889309234,4.992193889309234,4.992193889309234,4.992193889309234,4.992193889309234,4.992193889309234,4.992193889309234,4.992193889309234,4.992193889309234,4.992193889309234,4.992193889309234,4.992193889309234,4.992193889309234,4.992193889309234,4.992193889309234,4.992193889309234,4.992193889309234,4.992193889309234,4.992193889309234,4.992193889309234,4.992193889309234,4.992193889309234,4.992193889309234,4.992193889309234,4.992193889309234,4.992193889309234,4.992193889309234,4.992193889309234,4.992193889309234,4.992193889309234,4.992193889309234,4.992193889309234,4.992193889309234,4.992193889309234,4.992193889309234,4.992193889309234,4.992193889309234,4.992193889309234,4.992193889309234,4.992193889309234,4.992193889309234,4.992193889309234,4.992193889309234,4.992193889309234,4.992193889309234,4.992193889309234,4.992193889309234,4.992193889309234,4.992193889309234,4.992193889309234,4.992193889309234,4.992193889309234,4.992193889309234,4.992193889309234,4.992193889309234,4.992193889309234,4.992193889309234,4.992193889309234,4.992193889309234,4.992193889309234,4.992193889309234,4.992193889309234,4.992193889309234,4.992193889309234,4.992193889309234,4.992193889309234,4.992193889309234,4.992193889309234,4.992193889309234,4.992193889309234,4.992193889309234,4.992193889309234,4.992193889309234,4.992193889309234,4.992193889309234,4.992193889309234,4.992193889309234,4.992193889309234,4.992193889309234,4.992193889309234,4.992193889309234,4.992193889309234,4.992193889309234,4.992193889309234,4.992193889309234,4.992193889309234,4.992193889309234,4.992193889309234,4.992193889309234,4.992193889309234,4.992193889309234,4.992193889309234,4.992193889309234,4.992193889309234,4.992193889309234,4.992193889309234,4.992193889309234,4.992193889309234,4.992193889309234,4.992193889309234,4.992193889309234,4.992193889309234,4.992193889309234,4.992193889309234,4.992193889309234,4.992193889309234,4.992193889309234,4.992193889309234,4.992193889309234,4.992193889309234,4.992193889309234,4.992193889309234,4.992193889309234,4.992193889309234,4.992193889309234,4.992193889309234,4.992193889309234,4.992193889309234,4.992193889309234,4.992193889309234,4.992193889309234,4.992193889309234,4.992193889309234,4.992193889309234,4.992193889309234,4.992193889309234,4.992193889309234,4.992193889309234,4.992193889309234,4.992193889309234,4.992193889309234,4.992193889309234,4.992193889309234,4.992193889309234,4.992193889309234,4.992193889309234,4.992193889309234,4.992193889309234,4.992193889309234,4.992193889309234,4.992193889309234,4.992193889309234,4.992193889309234,4.992193889309234,4.992193889309234,4.992193889309234,4.992193889309234,4.992193889309234,4.992193889309234,4.992193889309234,4.992193889309234,4.992193889309234,4.992193889309234,4.992193889309234,4.992193889309234,4.992193889309234,4.992193889309234,4.992193889309234,4.992193889309234,4.992193889309234,4.992193889309234,4.992193889309234,4.992193889309234,4.992193889309234,4.992193889309234,4.992193889309234,4.992193889309234,4.992193889309234,4.992193889309234,4.992193889309234,4.992193889309234,4.992193889309234,4.992193889309234,4.992193889309234,4.992193889309234,4.992193889309234,4.992193889309234,4.992193889309234,4.992193889309234,4.992193889309234,4.992193889309234,4.992193889309234,4.992193889309234,4.992193889309234,4.992193889309234,4.992193889309234,4.992193889309234,4.992193889309234,4.992193889309234,4.992193889309234,4.992193889309234,4.992193889309234,4.992193889309234,4.992193889309234,4.992193889309234,4.992193889309234,4.992193889309234,4.992193889309234,4.992193889309234,4.992193889309234,4.992193889309234,4.992193889309234,4.992193889309234,4.992193889309234,4.992193889309234,4.992193889309234,4.992193889309234,4.992193889309234,4.992193889309234,4.992193889309234,4.992193889309234,4.992193889309234,4.992193889309234,4.992193889309234,4.992193889309234,4.992193889309234,4.992193889309234,4.992193889309234,4.992193889309234,4.992193889309234,4.992193889309234,4.992193889309234,4.992193889309234,4.992193889309234,4.992193889309234,4.992193889309234,4.992193889309234,4.992193889309234,4.992193889309234,4.992193889309234,4.992193889309234,4.992193889309234,4.992193889309234,4.992193889309234,4.992193889309234,4.992193889309234,4.992193889309234,4.992193889309234,4.992193889309234,4.992193889309234,4.992193889309234,4.992193889309234,4.992193889309234,4.992193889309234,4.992193889309234,4.992193889309234,4.992193889309234,4.992193889309234,4.992193889309234,4.992193889309234,4.992193889309234,4.992193889309234,4.992193889309234,4.992193889309234,4.992193889309234,4.992193889309234,4.992193889309234,4.992193889309234,4.992193889309234,4.992193889309234,4.992193889309234,4.992193889309234,4.992193889309234,4.992193889309234,4.992193889309234,4.992193889309234,4.992193889309234,4.992193889309234,4.992193889309234,4.992193889309234,4.992193889309234,4.992193889309234,4.992193889309234,4.992193889309234,4.992193889309234,4.992193889309234,4.992193889309234,4.992193889309234,4.992193889309234,4.992193889309234,4.992193889309234,4.992193889309234,4.992193889309234,7.60705037318649,7.60705037318649,7.60705037318649,7.60705037318649,7.60705037318649,7.60705037318649,7.60705037318649,7.60705037318649,7.60705037318649,7.60705037318649,7.60705037318649,7.60705037318649,7.60705037318649,7.60705037318649,7.60705037318649,7.60705037318649,7.60705037318649,7.60705037318649,7.60705037318649,7.60705037318649,7.60705037318649,7.60705037318649,7.60705037318649,7.60705037318649,7.60705037318649,7.60705037318649,7.60705037318649,7.60705037318649,7.60705037318649,7.60705037318649,7.60705037318649,7.60705037318649,7.60705037318649,7.60705037318649,7.60705037318649,7.60705037318649,7.60705037318649,7.60705037318649,7.60705037318649,7.60705037318649,7.60705037318649,7.60705037318649,7.60705037318649,7.60705037318649,7.60705037318649,7.60705037318649,7.60705037318649,7.60705037318649,7.60705037318649,7.60705037318649,7.0058028307877285,7.0058028307877285,7.0058028307877285,7.0058028307877285,7.0058028307877285,6.951612639044812,6.951612639044812,6.951612639044812,6.636431111262772,6.636431111262772,6.636431111262772,6.636431111262772,6.636431111262772,6.636431111262772,6.636431111262772,6.636431111262772,6.456002447199452,6.456002447199452,6.456002447199452,6.456002447199452,6.456002447199452,6.456002447199452,6.456002447199452,6.456002447199452,6.456002447199452,6.456002447199452,6.456002447199452,6.456002447199452,6.456002447199452,6.456002447199452,6.456002447199452,6.456002447199452,6.456002447199452,6.456002447199452,6.456002447199452,6.456002447199452,6.456002447199452,6.456002447199452,6.456002447199452,6.456002447199452,6.456002447199452,6.456002447199452,6.456002447199452,6.456002447199452,6.456002447199452,6.456002447199452,6.456002447199452,6.456002447199452,6.456002447199452,6.456002447199452,6.456002447199452,6.456002447199452,6.456002447199452,6.456002447199452,6.456002447199452,6.456002447199452,6.456002447199452,6.456002447199452,6.456002447199452,6.456002447199452,6.456002447199452,6.456002447199452,6.456002447199452,6.456002447199452,6.456002447199452,6.456002447199452,6.456002447199452,6.456002447199452,6.456002447199452,6.456002447199452,6.456002447199452,6.456002447199452,6.456002447199452,6.456002447199452,6.456002447199452,6.456002447199452,6.456002447199452,6.456002447199452,6.456002447199452,6.456002447199452,6.456002447199452,6.456002447199452,6.456002447199452,6.456002447199452,6.456002447199452,6.456002447199452,6.456002447199452,6.456002447199452,6.456002447199452,6.456002447199452,6.456002447199452,6.456002447199452,6.456002447199452,6.456002447199452,6.456002447199452,6.456002447199452,6.456002447199452,6.456002447199452,6.456002447199452,6.456002447199452,6.456002447199452,6.456002447199452,6.456002447199452,6.456002447199452,6.456002447199452,6.456002447199452,6.456002447199452,6.456002447199452,6.456002447199452,6.456002447199452,6.456002447199452,6.456002447199452,6.456002447199452,6.456002447199452,6.456002447199452,6.456002447199452,6.456002447199452,6.456002447199452,6.456002447199452,6.456002447199452,6.456002447199452,6.456002447199452,6.061430156524897,6.061430156524897,6.061430156524897,6.061430156524897,6.061430156524897,6.061430156524897,6.061430156524897,5.715225422263141,5.715225422263141,5.715225422263141,5.715225422263141,5.715225422263141,5.715225422263141,5.715225422263141,5.715225422263141,5.715225422263141,5.715225422263141,5.383616435827366,5.383616435827366,5.383616435827366,5.383616435827366,5.383616435827366,5.383616435827366,5.383616435827366,5.383616435827366,5.383616435827366,5.383616435827366,5.383616435827366,5.383616435827366,5.383616435827366,5.383616435827366,5.383616435827366,5.339894952343417,5.339894952343417,5.339894952343417,5.339894952343417,5.339894952343417,5.339894952343417,5.339894952343417,5.339894952343417,5.339894952343417,5.339894952343417,5.339894952343417,5.339894952343417,5.339894952343417,5.339894952343417,5.339894952343417,5.339894952343417,5.339894952343417,5.339894952343417,5.339894952343417,5.339894952343417,5.339894952343417,5.339894952343417,5.339894952343417,5.339894952343417,5.339894952343417,5.339894952343417,5.339894952343417,5.339894952343417,5.339894952343417,5.339894952343417,5.339894952343417,5.339894952343417,5.339894952343417,5.339894952343417,5.339894952343417,5.339894952343417,5.339894952343417,5.339894952343417,5.339894952343417,5.339894952343417,5.339894952343417,5.339894952343417,5.339894952343417,5.339894952343417,5.339894952343417,5.339894952343417,5.339894952343417,5.339894952343417,5.339894952343417,5.339894952343417,5.339894952343417,5.339894952343417,5.339894952343417,5.339894952343417,5.339894952343417,5.339894952343417,5.339894952343417,5.339894952343417,5.339894952343417,5.339894952343417,5.339894952343417,5.339894952343417,5.339894952343417,5.339894952343417,5.339894952343417,5.339894952343417,5.339894952343417,5.339894952343417,5.339894952343417,5.339894952343417,5.339894952343417,5.339894952343417,5.339894952343417,5.339894952343417,5.339894952343417,5.339894952343417,5.339894952343417,5.339894952343417,5.339894952343417,5.339894952343417,5.339894952343417,5.339894952343417,5.339894952343417,5.339894952343417,5.339894952343417,5.339894952343417,5.339894952343417,5.339894952343417,5.339894952343417,5.339894952343417,5.339894952343417,5.339894952343417,5.339894952343417,5.339894952343417,5.339894952343417,5.339894952343417,5.339894952343417,5.339894952343417,5.339894952343417,5.339894952343417,5.339894952343417,5.339894952343417,5.339894952343417,5.339894952343417,5.339894952343417,5.339894952343417,5.339894952343417,5.339894952343417,5.339894952343417,5.339894952343417,5.339894952343417,5.339894952343417,5.339894952343417,5.339894952343417,5.339894952343417,5.339894952343417,5.339894952343417,5.339894952343417,5.339894952343417,5.339894952343417,5.339894952343417,5.339894952343417,5.339894952343417,5.339894952343417,5.339894952343417,5.339894952343417,5.339894952343417,5.339894952343417,5.339894952343417,5.339894952343417,5.339894952343417,5.339894952343417,5.339894952343417,5.339894952343417,5.339894952343417,5.339894952343417,5.339894952343417,5.339894952343417,5.339894952343417,5.339894952343417,5.339894952343417,5.339894952343417,5.339894952343417,5.339894952343417,5.339894952343417,5.339894952343417,5.339894952343417,5.339894952343417,5.339894952343417,5.339894952343417,5.339894952343417,5.339894952343417,5.339894952343417,5.339894952343417,5.339894952343417,5.339894952343417,5.339894952343417,5.339894952343417,5.339894952343417,5.339894952343417,5.339894952343417,5.339894952343417,5.339894952343417,5.339894952343417,5.339894952343417,5.339894952343417,5.339894952343417,5.339894952343417,5.339894952343417,5.339894952343417,5.339894952343417,5.339894952343417,5.339894952343417,5.339894952343417,5.339894952343417,5.339894952343417,5.339894952343417,5.339894952343417,5.339894952343417,5.339894952343417,5.339894952343417,5.339894952343417,5.339894952343417,5.339894952343417,5.339894952343417,5.339894952343417,5.339894952343417,5.339894952343417,5.339894952343417,5.339894952343417,5.339894952343417,5.339894952343417,5.339894952343417,5.339894952343417,5.339894952343417,5.339894952343417,5.339894952343417,5.339894952343417,5.339894952343417,5.339894952343417,5.339894952343417,5.339894952343417,5.339894952343417,5.339894952343417,5.339894952343417,5.339894952343417,5.339894952343417,5.339894952343417,5.339894952343417,5.339894952343417,5.339894952343417,5.339894952343417,5.339894952343417,5.339894952343417,5.339894952343417,5.339894952343417,5.339894952343417,5.339894952343417,5.339894952343417,5.339894952343417,5.339894952343417,5.339894952343417,5.339894952343417,5.339894952343417,5.339894952343417,5.339894952343417,5.339894952343417,5.339894952343417,5.339894952343417,5.339894952343417,5.339894952343417,5.339894952343417,5.339894952343417,5.339894952343417,5.339894952343417,5.339894952343417,5.339894952343417,5.339894952343417,5.339894952343417,5.339894952343417,5.339894952343417,5.339894952343417,5.339894952343417,5.339894952343417,5.339894952343417,5.339894952343417,5.339894952343417,5.339894952343417,5.296547487065024,5.296547487065024,5.296547487065024,5.296547487065024,5.296547487065024,5.296547487065024,5.296547487065024,5.296547487065024,5.296547487065024,5.296547487065024,5.296547487065024,5.296547487065024,5.296547487065024,5.296547487065024,5.296547487065024,5.296547487065024,5.296547487065024,5.296547487065024,5.296547487065024,5.296547487065024,5.296547487065024,5.296547487065024,5.296547487065024,5.296547487065024,5.296547487065024,5.296547487065024,5.296547487065024,5.296547487065024,5.296547487065024,5.296547487065024,5.296547487065024,5.296547487065024,5.296547487065024,5.296547487065024,5.296547487065024,5.296547487065024,5.296547487065024,5.296547487065024,5.296547487065024,5.296547487065024,5.296547487065024,5.296547487065024,5.296547487065024,5.296547487065024,5.296547487065024,5.296547487065024,5.296547487065024,5.296547487065024,5.296547487065024,5.296547487065024,5.296547487065024,5.296547487065024,5.296547487065024,5.296547487065024,5.296547487065024,5.296547487065024,5.296547487065024,5.296547487065024,5.296547487065024,5.296547487065024,5.296547487065024,5.296547487065024,5.296547487065024,5.296547487065024,5.296547487065024,5.296547487065024,5.296547487065024,5.296547487065024,5.296547487065024,5.296547487065024,5.296547487065024,5.19677208698769,4.802301415458654,4.728252198406469,4.728252198406469,4.728252198406469,4.728252198406469,4.728252198406469,4.728252198406469,4.728252198406469,4.728252198406469,4.728252198406469,4.728252198406469,4.728252198406469,4.728252198406469,4.728252198406469,4.728252198406469,4.728252198406469,4.728252198406469,4.728252198406469,4.728252198406469,4.728252198406469,4.728252198406469,4.728252198406469,4.728252198406469,4.728252198406469,4.728252198406469,4.728252198406469,4.728252198406469,4.728252198406469,4.728252198406469,4.728252198406469,4.728252198406469,4.728252198406469,4.728252198406469,4.728252198406469,4.728252198406469,4.728252198406469,4.728252198406469,4.728252198406469,4.728252198406469,4.728252198406469,4.728252198406469,4.728252198406469,4.728252198406469,4.728252198406469,4.728252198406469,4.728252198406469,4.728252198406469,4.728252198406469,4.728252198406469,4.728252198406469,4.728252198406469,4.728252198406469,4.728252198406469,4.728252198406469,4.728252198406469,4.728252198406469,4.728252198406469,4.728252198406469,4.728252198406469,4.728252198406469,4.728252198406469,4.728252198406469,4.728252198406469,4.728252198406469,4.728252198406469,4.728252198406469,4.728252198406469,4.728252198406469,4.728252198406469,4.728252198406469,4.728252198406469,4.728252198406469,4.728252198406469,4.728252198406469,4.728252198406469,4.728252198406469,4.728252198406469,4.728252198406469,4.728252198406469,4.728252198406469,4.728252198406469,4.728252198406469,4.728252198406469,4.728252198406469,4.728252198406469,4.728252198406469,4.728252198406469,4.728252198406469,4.728252198406469,4.728252198406469,4.728252198406469,4.728252198406469,4.728252198406469,4.728252198406469,4.728252198406469,4.728252198406469,4.728252198406469,4.728252198406469,4.728252198406469,4.728252198406469,4.728252198406469,4.728252198406469,4.728252198406469,4.728252198406469,4.728252198406469,4.728252198406469,4.728252198406469,4.728252198406469,4.728252198406469,4.728252198406469,4.728252198406469,4.728252198406469,4.728252198406469,4.728252198406469,4.728252198406469,4.728252198406469,4.728252198406469,4.728252198406469,4.728252198406469,4.728252198406469,4.728252198406469,4.728252198406469,4.728252198406469,4.728252198406469,4.728252198406469,4.728252198406469,4.728252198406469,4.728252198406469,4.728252198406469,4.728252198406469,4.728252198406469,4.728252198406469,4.728252198406469,4.728252198406469,4.728252198406469,4.728252198406469,4.728252198406469,4.728252198406469,4.728252198406469,4.728252198406469,4.728252198406469,4.728252198406469,4.728252198406469,4.728252198406469,4.728252198406469,4.728252198406469,4.728252198406469,4.728252198406469,4.728252198406469,4.728252198406469,4.728252198406469,4.728252198406469,4.728252198406469,4.728252198406469,4.728252198406469,4.728252198406469,4.728252198406469,4.728252198406469,4.728252198406469,4.728252198406469,4.728252198406469,4.728252198406469,4.728252198406469,4.728252198406469,4.728252198406469,4.728252198406469,4.728252198406469,4.728252198406469,4.728252198406469,4.728252198406469,4.728252198406469,4.728252198406469,4.728252198406469,4.728252198406469,4.728252198406469,4.728252198406469,4.728252198406469,4.728252198406469,4.728252198406469,4.728252198406469,4.728252198406469,4.728252198406469,4.728252198406469,4.728252198406469,4.728252198406469,4.728252198406469,4.728252198406469,4.728252198406469,4.728252198406469,4.728252198406469,4.728252198406469,4.728252198406469,4.728252198406469,4.728252198406469,4.728252198406469,4.728252198406469,4.728252198406469,4.728252198406469,4.728252198406469,4.728252198406469,4.728252198406469,4.728252198406469,4.728252198406469,4.728252198406469,4.728252198406469,4.728252198406469,4.728252198406469,4.728252198406469,4.728252198406469,4.728252198406469,4.728252198406469,4.728252198406469,4.728252198406469,4.728252198406469,4.728252198406469,4.728252198406469,4.728252198406469,4.728252198406469,4.728252198406469,4.728252198406469,4.728252198406469,4.728252198406469,4.728252198406469,4.728252198406469,4.728252198406469,4.728252198406469,4.728252198406469,4.728252198406469,4.728252198406469,4.728252198406469,4.728252198406469,4.728252198406469,4.728252198406469,4.728252198406469,4.728252198406469,4.728252198406469,4.728252198406469,4.728252198406469,4.728252198406469,4.728252198406469,4.728252198406469,4.728252198406469,4.728252198406469,4.728252198406469,4.728252198406469,4.728252198406469,4.728252198406469,4.728252198406469,4.728252198406469,4.728252198406469,4.728252198406469,4.728252198406469,4.728252198406469,4.728252198406469,4.728252198406469,4.728252198406469,4.728252198406469,4.728252198406469,4.728252198406469,4.728252198406469,4.728252198406469,4.728252198406469,4.728252198406469,4.728252198406469,4.728252198406469,4.728252198406469,4.728252198406469,4.728252198406469,4.728252198406469,4.728252198406469,4.728252198406469,4.728252198406469,4.728252198406469,4.728252198406469,4.728252198406469,4.728252198406469,4.728252198406469,4.728252198406469,4.728252198406469,4.728252198406469,4.728252198406469,4.728252198406469,4.728252198406469,4.728252198406469,4.728252198406469,4.728252198406469,4.728252198406469,4.728252198406469,4.728252198406469,4.728252198406469,4.728252198406469,4.728252198406469,4.728252198406469,4.728252198406469,4.728252198406469,4.728252198406469,4.728252198406469,4.728252198406469,4.728252198406469,4.728252198406469,4.728252198406469,4.728252198406469,4.728252198406469,4.728252198406469,4.728252198406469,4.728252198406469,4.728252198406469,4.728252198406469,4.728252198406469,4.728252198406469,4.728252198406469,4.728252198406469,4.728252198406469,4.728252198406469,4.728252198406469,4.728252198406469,4.728252198406469,4.728252198406469,4.728252198406469,4.728252198406469,4.728252198406469,4.728252198406469,4.728252198406469,4.728252198406469,4.728252198406469,4.728252198406469,4.728252198406469,4.728252198406469,4.728252198406469,4.728252198406469,4.728252198406469,4.728252198406469,4.728252198406469,4.728252198406469,4.728252198406469,4.728252198406469,4.728252198406469,4.728252198406469,4.728252198406469,4.728252198406469,4.728252198406469,4.728252198406469,4.728252198406469,4.728252198406469,4.728252198406469,4.728252198406469,4.728252198406469,4.728252198406469,4.728252198406469,4.728252198406469,4.728252198406469,4.728252198406469,4.728252198406469,4.728252198406469,4.728252198406469,4.728252198406469,4.728252198406469,4.728252198406469,4.728252198406469,4.728252198406469,4.728252198406469,4.728252198406469,4.728252198406469,4.728252198406469,4.728252198406469,4.728252198406469,4.728252198406469,4.728252198406469,4.728252198406469,4.728252198406469,4.728252198406469,4.728252198406469,4.728252198406469,4.728252198406469,4.728252198406469,4.728252198406469,4.728252198406469,4.728252198406469,4.728252198406469,4.728252198406469,4.728252198406469,4.728252198406469,4.728252198406469,4.728252198406469,4.728252198406469,4.728252198406469,4.728252198406469,4.728252198406469,4.728252198406469,4.728252198406469,4.728252198406469,4.728252198406469,4.728252198406469,4.728252198406469,4.728252198406469,4.728252198406469,4.728252198406469,4.728252198406469,4.728252198406469,4.728252198406469,4.728252198406469,4.728252198406469,4.728252198406469,4.728252198406469,4.728252198406469,4.728252198406469,4.728252198406469,4.728252198406469,4.728252198406469,4.728252198406469,4.728252198406469,4.728252198406469,4.728252198406469,4.728252198406469,4.728252198406469,4.728252198406469,4.728252198406469,4.728252198406469,4.728252198406469,4.728252198406469,4.728252198406469,4.728252198406469,4.728252198406469,4.728252198406469,4.728252198406469,4.728252198406469,4.728252198406469,4.728252198406469,4.728252198406469,4.728252198406469,4.728252198406469,4.728252198406469,4.728252198406469,4.728252198406469,4.728252198406469,4.728252198406469,4.728252198406469,4.728252198406469,4.728252198406469,4.728252198406469,4.728252198406469,4.728252198406469,4.728252198406469,4.728252198406469,4.728252198406469,4.728252198406469,4.728252198406469,4.728252198406469,4.728252198406469,4.728252198406469,4.728252198406469,4.728252198406469,4.728252198406469,4.728252198406469,4.728252198406469,4.728252198406469,4.728252198406469,4.728252198406469,4.728252198406469,4.728252198406469,4.728252198406469,4.728252198406469,4.728252198406469,4.728252198406469,4.728252198406469,4.728252198406469,4.728252198406469,4.728252198406469,4.728252198406469,4.728252198406469,4.728252198406469,4.728252198406469,4.728252198406469,4.728252198406469,4.728252198406469,4.728252198406469,7.238044430608609,7.238044430608609,7.238044430608609,7.238044430608609,7.238044430608609,7.238044430608609,7.238044430608609,7.238044430608609,7.238044430608609,7.238044430608609,7.238044430608609,7.238044430608609,7.238044430608609,7.238044430608609,7.238044430608609,7.238044430608609,7.238044430608609,7.238044430608609,7.238044430608609,7.238044430608609,7.238044430608609,7.238044430608609,7.1644303149493345,6.65313994167121,6.65313994167121,6.65313994167121,6.65313994167121,6.65313994167121,6.65313994167121,6.65313994167121,6.65313994167121,6.65313994167121,6.65313994167121,6.65313994167121,6.65313994167121,6.65313994167121,6.647040484655385,6.647040484655385,6.647040484655385,6.647040484655385,6.647040484655385,6.647040484655385,6.647040484655385,6.647040484655385,6.647040484655385,6.647040484655385,6.647040484655385,6.647040484655385,6.647040484655385,6.647040484655385,6.641783646557027,6.641783646557027,6.641783646557027,6.641783646557027,6.641783646557027,6.641783646557027,6.641783646557027,6.641783646557027,6.641783646557027,6.641783646557027,6.641783646557027,6.641783646557027,6.641783646557027,6.641783646557027,6.641783646557027,6.641783646557027,6.641783646557027,6.641783646557027,6.641783646557027,6.641783646557027,6.641783646557027,6.641783646557027,6.641783646557027,6.641783646557027,6.641783646557027,6.641783646557027,6.641783646557027,6.641783646557027,6.641783646557027,6.641783646557027,6.641783646557027,6.641783646557027,6.641783646557027,6.641783646557027,6.641783646557027,6.641783646557027,6.641783646557027,6.641783646557027,6.641783646557027,6.641783646557027,6.641783646557027,6.641783646557027,6.641783646557027,6.641783646557027,6.641783646557027,6.641783646557027,6.641783646557027,6.641783646557027,6.641783646557027,6.641783646557027,6.641783646557027,6.641783646557027,6.641783646557027,6.641783646557027,6.641783646557027,6.641783646557027,6.641783646557027,6.641783646557027,6.641783646557027,6.641783646557027,6.641783646557027,6.641783646557027,6.641783646557027,6.641783646557027,6.641783646557027,6.641783646557027,6.641783646557027,6.641783646557027,6.641783646557027,6.641783646557027,6.641783646557027,6.641783646557027,6.641783646557027,6.641783646557027,6.641783646557027,6.641783646557027,6.641783646557027,6.641783646557027,6.641783646557027,6.641783646557027,6.641783646557027,6.641783646557027,6.641783646557027,6.641783646557027,6.641783646557027,6.641783646557027,6.641783646557027,6.641783646557027,6.641783646557027,6.641783646557027,6.641783646557027,6.641783646557027,6.641783646557027,6.641783646557027,6.641783646557027,6.641783646557027,6.641783646557027,6.641783646557027,6.641783646557027,6.641783646557027,6.641783646557027,6.641783646557027,6.641783646557027,6.641783646557027,6.641783646557027,6.641783646557027,6.641783646557027,6.641783646557027,6.641783646557027,6.641783646557027,6.641783646557027,6.641783646557027,6.641783646557027,6.641783646557027,6.641783646557027,6.641783646557027,6.641783646557027,6.641783646557027,6.641783646557027,6.641783646557027,6.641783646557027,6.641783646557027,6.641783646557027,6.641783646557027,6.641783646557027,6.641783646557027,6.641783646557027,6.641783646557027,6.641783646557027,6.641783646557027,6.641783646557027,6.641783646557027,6.641783646557027,6.641783646557027,6.641783646557027,6.641783646557027,6.641783646557027,6.641783646557027,6.641783646557027,6.641783646557027,6.641783646557027,6.641783646557027,6.641783646557027,6.641783646557027,6.641783646557027,6.641783646557027,6.641783646557027,6.641783646557027,6.641783646557027,6.641783646557027,6.641783646557027,6.641783646557027,6.641783646557027,6.641783646557027,6.641783646557027,6.641783646557027,6.641783646557027,6.641783646557027,6.641783646557027,6.641783646557027,6.641783646557027,6.641783646557027,6.641783646557027,6.641783646557027,6.641783646557027,6.641783646557027,6.641783646557027,6.641783646557027,6.641783646557027,6.641783646557027,6.641783646557027,6.641783646557027,6.641783646557027,6.641783646557027,6.641783646557027,6.641783646557027,6.641783646557027,6.641783646557027,6.641783646557027,6.641783646557027,6.641783646557027,6.641783646557027,6.641783646557027,6.641783646557027,6.641783646557027,6.641783646557027,6.641783646557027,6.641783646557027,6.641783646557027,6.641783646557027,6.641783646557027,6.641783646557027,6.641783646557027,6.641783646557027,6.641783646557027,6.641783646557027,6.641783646557027,6.641783646557027,6.641783646557027,6.641783646557027,6.641783646557027,6.641783646557027,6.641783646557027,6.641783646557027,6.641783646557027,6.641783646557027,6.641783646557027,6.641783646557027,6.641783646557027,6.641783646557027,6.641783646557027,6.641783646557027,6.641783646557027,6.641783646557027,6.641783646557027,6.641783646557027,6.641783646557027,6.641783646557027,6.641783646557027,6.641783646557027,6.641783646557027,6.641783646557027,6.641783646557027,6.641783646557027,6.641783646557027,6.641783646557027,6.641783646557027,6.641783646557027,6.641783646557027,6.641783646557027,6.641783646557027,6.641783646557027,6.641783646557027,6.641783646557027,6.641783646557027,6.641783646557027,6.641783646557027,6.641783646557027,6.641783646557027,6.641783646557027,6.641783646557027,6.641783646557027,6.46206747650224,6.46206747650224,6.46206747650224,6.46206747650224,6.46206747650224,6.46206747650224,6.46206747650224,6.46206747650224,6.46206747650224,6.46206747650224,6.46206747650224,6.46206747650224,6.46206747650224,6.46206747650224,6.46206747650224,6.46206747650224,6.46206747650224,6.46206747650224,6.46206747650224,6.46206747650224,6.46206747650224,6.46206747650224,6.46206747650224,6.46206747650224,6.46206747650224,6.46206747650224,6.46206747650224,6.46206747650224,6.46206747650224,6.46206747650224,6.46206747650224,6.46206747650224,6.46206747650224,6.46206747650224,6.46206747650224,6.46206747650224,6.46206747650224,6.46206747650224,6.46206747650224,6.46206747650224,6.46206747650224,6.46206747650224,6.46206747650224,6.46206747650224,6.46206747650224,6.46206747650224,6.46206747650224,6.46206747650224,6.46206747650224,5.85485218791772,5.8041299235650445,5.8041299235650445,5.7903415761673145,5.7903415761673145,5.379868473167605,5.379868473167605,5.269763217527763,5.269763217527763,5.269763217527763,5.269763217527763,5.269763217527763,5.269763217527763,5.269763217527763,5.269763217527763,5.269763217527763,5.233747770730816,4.8503445662153055,4.8503445662153055,4.8503445662153055,4.8503445662153055,4.8503445662153055,4.8503445662153055,4.8503445662153055,4.8503445662153055,4.8503445662153055,4.8503445662153055,4.8503445662153055,4.8503445662153055,4.8503445662153055,4.8503445662153055,4.8503445662153055,4.8503445662153055,4.8503445662153055,4.8503445662153055,4.8503445662153055,4.8503445662153055,4.8503445662153055,4.8503445662153055,4.8503445662153055,4.8503445662153055,4.8503445662153055,4.8503445662153055,4.8503445662153055,4.8503445662153055,4.8503445662153055,4.8503445662153055,4.8503445662153055,4.8503445662153055,4.8503445662153055,4.8503445662153055,4.8503445662153055,4.8503445662153055,4.8503445662153055,4.8503445662153055,4.8503445662153055,4.8503445662153055,4.8503445662153055,4.8503445662153055,4.8503445662153055,4.8503445662153055,4.8503445662153055,4.8503445662153055,4.684632615504975,4.684632615504975,4.684632615504975,4.684632615504975,4.684632615504975,4.684632615504975,4.684632615504975,4.684632615504975,4.684632615504975,4.684632615504975,4.684632615504975,4.684632615504975,4.684632615504975,4.684632615504975,4.684632615504975,4.684632615504975,4.684632615504975,4.684632615504975,4.684632615504975,4.684632615504975,4.684632615504975,4.684632615504975,4.684632615504975,4.684632615504975,4.684632615504975,4.684632615504975,4.684632615504975,4.684632615504975,4.684632615504975,4.684632615504975,4.684632615504975,4.684632615504975,4.684632615504975,4.684632615504975,4.684632615504975,4.684632615504975,4.684632615504975,4.684632615504975,4.684632615504975,4.684632615504975,4.684632615504975,4.684632615504975,4.684632615504975,4.684632615504975,4.684632615504975,4.684632615504975,4.684632615504975,4.684632615504975,4.684632615504975,4.684632615504975,4.684632615504975,4.684632615504975,4.684632615504975,4.684632615504975,4.684632615504975,4.684632615504975,4.684632615504975,4.684632615504975,4.684632615504975,4.684632615504975,4.684632615504975,4.684632615504975,4.684632615504975,4.684632615504975,4.684632615504975,4.684632615504975,4.684632615504975,4.684632615504975,4.684632615504975,4.684632615504975,4.684632615504975,4.684632615504975,4.684632615504975,4.684632615504975,4.684632615504975,4.684632615504975,4.684632615504975,4.684632615504975,4.684632615504975,4.684632615504975,4.684632615504975,4.684632615504975,4.684632615504975,4.684632615504975,4.684632615504975,4.684632615504975,4.684632615504975,4.684632615504975,4.684632615504975,4.684632615504975,4.684632615504975,4.684632615504975,4.684632615504975,4.684632615504975,4.684632615504975,4.684632615504975,4.684632615504975,4.684632615504975,4.684632615504975,4.684632615504975,4.684632615504975,4.684632615504975,4.684632615504975,4.684632615504975,4.684632615504975,4.684632615504975,4.684632615504975,4.684632615504975,4.684632615504975,4.684632615504975,4.684632615504975,4.684632615504975,4.684632615504975,4.684632615504975,4.684632615504975,4.684632615504975,4.684632615504975,4.684632615504975,4.684632615504975,4.684632615504975,4.684632615504975,4.684632615504975,4.684632615504975,4.684632615504975,4.684632615504975,4.684632615504975,4.684632615504975,4.684632615504975,4.684632615504975,4.684632615504975,4.684632615504975,4.684632615504975,4.684632615504975,4.684632615504975,4.684632615504975,4.684632615504975,4.684632615504975,4.684632615504975,4.684632615504975,4.684632615504975,4.684632615504975,4.684632615504975,4.684632615504975,4.684632615504975,4.684632615504975,4.684632615504975,4.684632615504975,4.684632615504975,4.684632615504975,4.684632615504975,4.684632615504975,4.684632615504975,4.684632615504975,4.684632615504975,4.684632615504975,4.684632615504975,4.684632615504975,4.684632615504975,4.684632615504975,4.684632615504975,4.684632615504975,4.684632615504975,4.684632615504975,4.684632615504975,4.684632615504975,4.684632615504975,4.684632615504975,4.684632615504975,4.684632615504975,4.684632615504975,4.684632615504975,4.684632615504975,4.684632615504975,4.684632615504975,4.684632615504975,4.684632615504975,4.684632615504975,4.684632615504975,4.684632615504975,4.684632615504975,4.684632615504975,4.684632615504975,4.684632615504975,4.684632615504975,4.684632615504975,4.684632615504975,4.684632615504975,4.684632615504975,4.684632615504975,4.684632615504975,4.684632615504975,4.684632615504975,4.684632615504975,4.684632615504975,4.684632615504975,4.684632615504975,4.684632615504975,4.684632615504975,4.684632615504975,4.684632615504975,4.684632615504975,4.684632615504975,4.684632615504975,4.684632615504975,4.684632615504975,4.684632615504975,4.684632615504975,4.684632615504975,4.684632615504975,4.684632615504975,4.684632615504975,4.684632615504975,4.580508587562515,4.580508587562515,4.580508587562515,4.426411556353972,4.426411556353972,4.426411556353972,4.426411556353972,4.426411556353972,4.426411556353972,4.426411556353972,4.426411556353972,4.426411556353972,4.426411556353972,4.426411556353972,4.426411556353972,4.426411556353972,4.426411556353972,4.426411556353972,4.426411556353972,4.426411556353972,4.426411556353972,4.426411556353972,4.426411556353972,4.426411556353972,4.426411556353972,4.426411556353972,4.426411556353972,4.426411556353972,4.426411556353972,4.426411556353972,4.426411556353972,4.426411556353972,4.426411556353972,4.426411556353972,4.426411556353972,4.426411556353972,4.426411556353972,4.426411556353972,4.426411556353972,4.426411556353972,4.426411556353972,4.426411556353972,4.426411556353972,4.426411556353972,4.426411556353972,4.426411556353972,4.426411556353972,4.426411556353972,4.426411556353972,4.426411556353972,4.426411556353972,4.426411556353972,4.426411556353972,4.426411556353972,4.426411556353972,4.426411556353972,4.426411556353972,4.426411556353972,4.426411556353972,4.426411556353972,4.426411556353972,4.426411556353972,4.426411556353972,4.426411556353972,4.426411556353972,4.426411556353972,4.426411556353972,4.426411556353972,4.426411556353972,4.426411556353972,4.426411556353972,4.426411556353972,4.426411556353972,4.426411556353972,4.426411556353972,4.426411556353972,4.426411556353972,4.426411556353972,4.426411556353972,4.426411556353972,4.426411556353972,4.426411556353972,4.426411556353972,4.426411556353972,4.426411556353972,4.426411556353972,4.426411556353972,4.426411556353972,4.426411556353972,4.426411556353972,4.426411556353972,4.426411556353972,4.426411556353972,4.426411556353972,4.426411556353972,4.426411556353972,4.426411556353972,4.426411556353972,4.426411556353972,4.426411556353972,4.426411556353972,4.426411556353972,4.426411556353972,4.426411556353972,4.426411556353972,4.426411556353972,4.426411556353972,4.426411556353972,4.426411556353972,4.426411556353972,4.426411556353972,4.426411556353972,4.426411556353972,4.426411556353972,4.426411556353972,4.426411556353972,4.426411556353972,4.426411556353972,4.426411556353972,4.426411556353972,4.426411556353972,4.426411556353972,4.426411556353972,4.426411556353972,4.426411556353972,4.426411556353972,4.426411556353972,4.426411556353972,4.426411556353972,4.426411556353972,4.426411556353972,4.426411556353972,4.426411556353972,4.426411556353972,4.426411556353972,4.426411556353972,4.426411556353972,4.426411556353972,4.426411556353972,4.426411556353972,4.426411556353972,4.426411556353972,4.426411556353972,4.426411556353972,4.426411556353972,4.426411556353972,4.426411556353972,4.426411556353972,4.426411556353972,4.426411556353972,4.426411556353972,4.426411556353972,4.426411556353972,4.426411556353972,4.426411556353972,4.426411556353972,4.426411556353972,4.426411556353972,4.426411556353972,4.426411556353972,4.426411556353972,4.426411556353972,4.426411556353972,4.426411556353972,4.426411556353972,4.426411556353972,4.426411556353972,4.426411556353972,4.426411556353972,4.426411556353972,4.426411556353972,4.426411556353972,4.426411556353972,4.426411556353972,4.426411556353972,4.426411556353972,4.426411556353972,4.426411556353972,4.426411556353972,4.426411556353972,4.426411556353972,4.426411556353972,4.426411556353972,4.426411556353972,4.426411556353972,4.426411556353972,4.426411556353972,4.426411556353972,4.426411556353972,4.426411556353972,4.426411556353972,4.426411556353972,4.426411556353972,4.426411556353972,4.426411556353972,4.426411556353972,4.426411556353972,4.426411556353972,4.426411556353972,4.426411556353972,4.426411556353972,4.426411556353972,4.426411556353972,4.426411556353972,4.426411556353972,4.426411556353972,4.426411556353972,4.426411556353972,4.426411556353972,4.426411556353972,4.426411556353972,4.426411556353972,4.426411556353972,4.426411556353972,4.426411556353972,4.426411556353972,4.426411556353972,4.426411556353972,4.426411556353972,4.426411556353972,4.426411556353972,4.426411556353972,4.426411556353972,4.426411556353972,4.426411556353972,4.426411556353972,4.426411556353972,4.426411556353972,4.426411556353972,4.426411556353972,4.426411556353972,4.426411556353972,4.426411556353972,4.426411556353972,4.426411556353972,4.426411556353972,4.426411556353972,4.426411556353972,4.426411556353972,4.426411556353972,4.426411556353972,4.426411556353972,4.426411556353972,4.426411556353972,4.426411556353972,4.426411556353972,4.426411556353972,4.426411556353972,4.426411556353972,4.426411556353972,4.426411556353972,4.426411556353972,4.426411556353972,4.426411556353972,4.426411556353972,4.426411556353972,4.426411556353972,4.426411556353972,4.426411556353972,4.426411556353972,4.426411556353972,4.426411556353972,4.426411556353972,4.426411556353972,4.426411556353972,4.426411556353972,4.426411556353972,4.426411556353972,4.426411556353972,4.426411556353972,4.426411556353972,4.426411556353972,4.426411556353972,4.426411556353972,4.426411556353972,4.426411556353972,4.426411556353972,4.426411556353972,4.426411556353972,4.426411556353972,4.426411556353972,4.426411556353972,4.426411556353972,4.426411556353972,4.426411556353972,4.426411556353972,4.426411556353972,4.426411556353972,4.426411556353972,4.426411556353972,4.426411556353972,4.426411556353972,4.426411556353972,4.426411556353972,4.426411556353972,4.426411556353972,4.426411556353972,4.426411556353972,4.426411556353972,4.426411556353972,4.426411556353972,4.426411556353972,4.426411556353972,4.426411556353972,4.426411556353972,4.426411556353972,4.426411556353972,4.426411556353972,4.426411556353972,4.426411556353972,4.426411556353972,4.426411556353972,4.426411556353972,4.426411556353972,4.426411556353972,4.426411556353972,4.426411556353972,4.426411556353972,4.426411556353972,4.426411556353972,4.426411556353972,4.426411556353972,4.426411556353972,4.426411556353972,4.426411556353972,4.426411556353972,4.426411556353972,4.426411556353972,4.426411556353972,4.426411556353972,4.426411556353972,4.426411556353972,4.426411556353972,4.426411556353972,4.426411556353972,4.426411556353972,4.426411556353972,4.426411556353972,4.426411556353972,4.426411556353972,4.426411556353972,4.426411556353972,4.426411556353972,4.426411556353972,4.426411556353972,4.426411556353972,4.426411556353972,4.426411556353972,4.426411556353972,4.426411556353972,4.426411556353972,4.426411556353972,4.426411556353972,4.426411556353972,4.426411556353972,4.426411556353972,4.426411556353972,4.426411556353972,4.426411556353972,4.426411556353972,4.426411556353972,4.426411556353972,4.426411556353972,4.426411556353972,4.426411556353972,4.426411556353972,4.426411556353972,4.426411556353972,4.426411556353972,4.426411556353972,4.426411556353972,4.426411556353972,4.426411556353972,4.426411556353972,4.426411556353972,4.426411556353972,4.426411556353972,4.426411556353972,4.426411556353972,4.426411556353972,4.426411556353972,4.426411556353972,4.426411556353972,4.426411556353972,9.669980335046322,9.324253688306522,9.002638554640864,9.002638554640864,8.280056139469382,8.280056139469382,8.280056139469382,7.596891697082743,7.596891697082743,7.596891697082743,7.596891697082743,7.596891697082743,7.554541763670081,7.554541763670081,7.39071929862855,7.39071929862855,6.504042270912935,6.48749357586069,6.48749357586069,6.48749357586069,6.48749357586069,6.48749357586069,6.48749357586069,6.48749357586069,6.48749357586069,6.479820205184423,6.479820205184423,6.474746660919629,6.474746660919629,6.469009085525904,6.469009085525904,6.469009085525904,6.469009085525904,6.469009085525904,6.469009085525904,6.469009085525904,6.469009085525904,6.469009085525904,6.469009085525904,6.469009085525904,6.469009085525904,6.469009085525904,6.469009085525904,6.469009085525904,6.469009085525904,6.469009085525904,6.469009085525904,6.469009085525904,6.469009085525904,6.469009085525904,6.469009085525904,6.469009085525904,6.469009085525904,6.469009085525904,6.469009085525904,6.469009085525904,6.469009085525904,6.469009085525904,6.469009085525904,6.469009085525904,6.469009085525904,6.469009085525904,6.469009085525904,6.469009085525904,6.469009085525904,6.469009085525904,6.469009085525904,6.469009085525904,6.469009085525904,6.469009085525904,6.469009085525904,6.469009085525904,6.469009085525904,6.469009085525904,6.469009085525904,6.469009085525904,6.469009085525904,6.469009085525904,6.469009085525904,6.469009085525904,6.469009085525904,6.469009085525904,6.469009085525904,6.469009085525904,6.469009085525904,6.469009085525904,6.469009085525904,6.469009085525904,6.469009085525904,6.469009085525904,6.469009085525904,6.469009085525904,6.469009085525904,6.469009085525904,6.469009085525904,6.469009085525904,6.469009085525904,6.469009085525904,6.469009085525904,6.469009085525904,6.469009085525904,6.469009085525904,6.469009085525904,6.469009085525904,6.469009085525904,6.469009085525904,6.469009085525904,6.469009085525904,6.469009085525904,6.469009085525904,6.469009085525904,6.469009085525904,6.469009085525904,6.469009085525904,6.469009085525904,6.469009085525904,6.469009085525904,6.469009085525904,6.469009085525904,6.469009085525904,6.469009085525904,6.469009085525904,6.469009085525904,6.469009085525904,6.469009085525904,6.469009085525904,6.469009085525904,6.469009085525904,6.469009085525904,6.469009085525904,6.469009085525904,6.469009085525904,6.469009085525904,6.469009085525904,6.469009085525904,6.469009085525904,6.469009085525904,6.469009085525904,6.469009085525904,6.469009085525904,6.469009085525904,6.469009085525904,6.469009085525904,6.469009085525904,6.469009085525904,6.469009085525904,6.469009085525904,6.469009085525904,6.469009085525904,6.083326449508616,5.402727635438587,5.402727635438587,5.006038392090823,4.964953362557402,4.964953362557402,4.964953362557402,4.964953362557402,4.35278320441513,4.35278320441513,4.35278320441513,4.35278320441513,4.35278320441513,4.35278320441513,4.35278320441513,4.35278320441513,4.35278320441513,4.35278320441513,4.35278320441513,4.35278320441513,4.35278320441513,4.35278320441513,4.35278320441513,4.35278320441513,4.35278320441513,4.35278320441513,4.35278320441513,4.35278320441513,4.35278320441513,4.35278320441513,4.35278320441513,4.35278320441513,4.35278320441513,4.35278320441513,4.35278320441513,4.35278320441513,4.35278320441513,4.35278320441513,4.35278320441513,4.35278320441513,4.35278320441513,4.35278320441513,4.35278320441513,4.35278320441513,4.35278320441513,4.35278320441513,4.35278320441513,4.35278320441513,4.35278320441513,4.35278320441513,4.35278320441513,4.35278320441513,4.35278320441513,4.35278320441513,4.35278320441513,4.35278320441513,4.35278320441513,4.35278320441513,4.35278320441513,4.35278320441513,4.35278320441513,4.35278320441513,4.35278320441513,4.35278320441513,4.35278320441513,4.35278320441513,4.35278320441513,4.35278320441513,4.35278320441513,4.35278320441513,4.35278320441513,4.35278320441513,4.35278320441513,4.35278320441513,4.35278320441513,4.35278320441513,4.35278320441513,4.35278320441513,4.35278320441513,4.35278320441513,4.35278320441513,4.35278320441513,4.35278320441513,4.35278320441513,4.35278320441513,4.35278320441513,4.35278320441513,4.35278320441513,4.35278320441513,4.35278320441513,4.35278320441513,4.35278320441513,4.35278320441513,4.35278320441513,4.35278320441513,4.35278320441513,4.35278320441513,4.35278320441513,4.35278320441513,4.35278320441513,4.35278320441513,4.35278320441513,4.35278320441513,4.35278320441513,4.35278320441513,4.35278320441513,4.35278320441513,4.35278320441513,4.35278320441513,4.35278320441513,4.35278320441513,4.35278320441513,4.35278320441513,4.35278320441513,4.35278320441513,4.35278320441513,4.35278320441513,4.35278320441513,4.35278320441513,4.35278320441513,4.35278320441513,4.35278320441513,4.35278320441513,4.35278320441513,4.35278320441513,4.35278320441513,4.35278320441513,4.35278320441513,4.35278320441513,4.35278320441513,4.35278320441513,4.35278320441513,4.35278320441513,4.35278320441513,4.35278320441513,4.35278320441513,4.35278320441513,4.35278320441513,4.35278320441513,4.35278320441513,4.35278320441513,4.35278320441513,4.35278320441513,4.35278320441513,4.35278320441513,4.35278320441513,4.35278320441513,4.35278320441513,4.35278320441513,4.35278320441513,4.35278320441513,4.35278320441513,4.35278320441513,4.35278320441513,4.35278320441513,4.35278320441513,4.35278320441513,4.35278320441513,4.35278320441513,4.35278320441513,4.35278320441513,4.35278320441513,4.35278320441513,4.35278320441513,4.35278320441513,4.35278320441513,4.35278320441513,4.35278320441513,4.35278320441513,4.35278320441513,3.6113145848066024,3.503095067411741,3.503095067411741,3.503095067411741,3.503095067411741,3.503095067411741,3.503095067411741,3.503095067411741,3.503095067411741,3.503095067411741,3.503095067411741,3.503095067411741,3.503095067411741,3.503095067411741,3.503095067411741,3.503095067411741,3.503095067411741,3.503095067411741,3.503095067411741,3.503095067411741,3.503095067411741,3.503095067411741,3.503095067411741,3.503095067411741,3.503095067411741,3.503095067411741,3.503095067411741,3.503095067411741,3.503095067411741,3.503095067411741,3.503095067411741,3.503095067411741,3.503095067411741,3.503095067411741,3.503095067411741,3.503095067411741,3.503095067411741,3.503095067411741,3.503095067411741,3.503095067411741,3.503095067411741,3.503095067411741,3.503095067411741,3.503095067411741,3.503095067411741,3.503095067411741,3.503095067411741,3.503095067411741,3.503095067411741,3.503095067411741,3.503095067411741,3.503095067411741,3.503095067411741,3.503095067411741,3.503095067411741,3.503095067411741,3.503095067411741,3.503095067411741,3.503095067411741,3.503095067411741,3.503095067411741,3.503095067411741,3.503095067411741,3.503095067411741,3.503095067411741,3.503095067411741,3.503095067411741,3.503095067411741,3.503095067411741,3.503095067411741,3.503095067411741,3.503095067411741,3.503095067411741,3.503095067411741,3.503095067411741,3.503095067411741,3.503095067411741,3.503095067411741,3.503095067411741,3.503095067411741,3.503095067411741,3.503095067411741,3.503095067411741,3.503095067411741,3.503095067411741,3.503095067411741,3.503095067411741,3.503095067411741,3.503095067411741,3.503095067411741,3.503095067411741,3.503095067411741,3.503095067411741,3.503095067411741,3.503095067411741,3.503095067411741,3.503095067411741,3.503095067411741,3.503095067411741,3.503095067411741,3.503095067411741,3.503095067411741,3.503095067411741,3.503095067411741,3.503095067411741,3.503095067411741,3.503095067411741,3.503095067411741,3.503095067411741,3.503095067411741,3.503095067411741,3.503095067411741,3.503095067411741,3.503095067411741,3.503095067411741,3.503095067411741,3.503095067411741,3.503095067411741,3.503095067411741,3.503095067411741,3.503095067411741,3.503095067411741,3.503095067411741,3.503095067411741,3.503095067411741,3.503095067411741,3.503095067411741,3.503095067411741,3.503095067411741,3.503095067411741,3.503095067411741,3.503095067411741,3.503095067411741,3.503095067411741,3.503095067411741,3.503095067411741,3.503095067411741,3.503095067411741,3.503095067411741,3.503095067411741,3.503095067411741,3.503095067411741,3.503095067411741,3.503095067411741,3.503095067411741,3.503095067411741,3.503095067411741,3.503095067411741,3.503095067411741,3.503095067411741,3.503095067411741,3.503095067411741,3.503095067411741,3.503095067411741,3.503095067411741,3.503095067411741,3.503095067411741,3.503095067411741,3.503095067411741,3.503095067411741,3.503095067411741,3.503095067411741,3.503095067411741,3.503095067411741,3.503095067411741,3.503095067411741,3.503095067411741,3.503095067411741,3.503095067411741,3.503095067411741,3.503095067411741,3.503095067411741,3.503095067411741,3.503095067411741,3.503095067411741,3.503095067411741,3.503095067411741,3.503095067411741,3.503095067411741,3.503095067411741,3.503095067411741,3.503095067411741,3.503095067411741,3.503095067411741,3.503095067411741,3.503095067411741,3.503095067411741,3.503095067411741,3.503095067411741,3.503095067411741,3.503095067411741,3.503095067411741,3.503095067411741,3.503095067411741,3.503095067411741,3.503095067411741,3.503095067411741,3.503095067411741,3.503095067411741,3.503095067411741,3.503095067411741,3.503095067411741,3.503095067411741,3.503095067411741,3.503095067411741,3.503095067411741,3.503095067411741,3.503095067411741,3.503095067411741,3.503095067411741,3.503095067411741,3.503095067411741,3.503095067411741,3.503095067411741,3.503095067411741,3.503095067411741,3.503095067411741,3.503095067411741,3.503095067411741,3.503095067411741,3.503095067411741,3.503095067411741,3.503095067411741,3.503095067411741,3.503095067411741,3.503095067411741,3.503095067411741,3.503095067411741,3.503095067411741,3.503095067411741,3.503095067411741,3.503095067411741,3.503095067411741,3.503095067411741,3.503095067411741,3.503095067411741,3.503095067411741,3.503095067411741,3.503095067411741,3.503095067411741,3.503095067411741,3.503095067411741,3.503095067411741,3.503095067411741,3.503095067411741,3.503095067411741,3.503095067411741,3.503095067411741,3.503095067411741,3.503095067411741,3.503095067411741,3.503095067411741,3.503095067411741,3.503095067411741,3.503095067411741,3.503095067411741,3.503095067411741,3.503095067411741,3.503095067411741,3.503095067411741,3.503095067411741,3.503095067411741,3.503095067411741,3.503095067411741,3.503095067411741,3.503095067411741,3.503095067411741,3.503095067411741,3.503095067411741,3.503095067411741,3.503095067411741,3.503095067411741,3.503095067411741,3.503095067411741,3.503095067411741,3.503095067411741,3.503095067411741,3.503095067411741,3.503095067411741,3.503095067411741,3.503095067411741,3.503095067411741,3.503095067411741,3.503095067411741,3.503095067411741,3.503095067411741,3.503095067411741,3.503095067411741,3.503095067411741,3.503095067411741,3.503095067411741,3.503095067411741,3.503095067411741,3.503095067411741,3.503095067411741,3.503095067411741,3.503095067411741,3.503095067411741,3.503095067411741,3.503095067411741,3.503095067411741,3.503095067411741,3.503095067411741,3.503095067411741,3.503095067411741,3.503095067411741,3.503095067411741,3.503095067411741,3.503095067411741,3.503095067411741,3.503095067411741,3.503095067411741,3.503095067411741,3.503095067411741,3.503095067411741,3.503095067411741,3.503095067411741,3.503095067411741,3.503095067411741,3.503095067411741,3.503095067411741,3.503095067411741,3.503095067411741,3.503095067411741,3.503095067411741,3.503095067411741,3.503095067411741,3.503095067411741,3.503095067411741,3.503095067411741,3.503095067411741,3.503095067411741,3.503095067411741,3.503095067411741,3.503095067411741,3.503095067411741,3.503095067411741,3.503095067411741,3.503095067411741,3.503095067411741,3.503095067411741,3.503095067411741,3.503095067411741,3.503095067411741,3.503095067411741,3.503095067411741,3.503095067411741,3.503095067411741,3.503095067411741,3.503095067411741,3.503095067411741,3.503095067411741,3.503095067411741,3.503095067411741,3.503095067411741,3.503095067411741,3.503095067411741,3.503095067411741,3.503095067411741,3.503095067411741,3.503095067411741,3.503095067411741,3.503095067411741,3.503095067411741,3.503095067411741,3.503095067411741,3.503095067411741,3.503095067411741,3.503095067411741,3.503095067411741,3.503095067411741,3.503095067411741,3.503095067411741,3.503095067411741,3.503095067411741,3.503095067411741,3.503095067411741,3.503095067411741,3.503095067411741,3.503095067411741,3.503095067411741,3.503095067411741,3.503095067411741,3.503095067411741,3.503095067411741,3.503095067411741,3.503095067411741,3.503095067411741,3.503095067411741,3.503095067411741,3.503095067411741,3.503095067411741,3.503095067411741,3.503095067411741,3.503095067411741,3.503095067411741,3.503095067411741,3.503095067411741,3.503095067411741,3.503095067411741,3.503095067411741,3.503095067411741,3.503095067411741,3.503095067411741,3.503095067411741,3.503095067411741,3.503095067411741,3.503095067411741,3.503095067411741,3.503095067411741,3.503095067411741,3.503095067411741,3.503095067411741,3.503095067411741,3.503095067411741,3.503095067411741,3.503095067411741,3.503095067411741,3.503095067411741,3.503095067411741,3.503095067411741,3.503095067411741,3.503095067411741,3.503095067411741,3.503095067411741,3.503095067411741,3.503095067411741,3.503095067411741,3.503095067411741,3.503095067411741,3.503095067411741,3.503095067411741,3.503095067411741,3.503095067411741,3.503095067411741,3.503095067411741,3.503095067411741,3.503095067411741,3.503095067411741,3.503095067411741,3.503095067411741,3.503095067411741,3.503095067411741,3.503095067411741,3.503095067411741,3.503095067411741,3.503095067411741,3.503095067411741,3.503095067411741,3.503095067411741,3.503095067411741,3.503095067411741,3.503095067411741,3.503095067411741,3.503095067411741,3.503095067411741,3.503095067411741,3.503095067411741,3.503095067411741,3.503095067411741,3.503095067411741,3.503095067411741,3.503095067411741,3.503095067411741,3.503095067411741,3.503095067411741,3.503095067411741,3.503095067411741,3.503095067411741,3.503095067411741,3.503095067411741,3.503095067411741,3.503095067411741,3.503095067411741,3.503095067411741,3.503095067411741,3.503095067411741,3.503095067411741,3.503095067411741,3.503095067411741,3.503095067411741,3.503095067411741,3.503095067411741,3.503095067411741,3.503095067411741,3.503095067411741,3.503095067411741,3.503095067411741,3.503095067411741,3.503095067411741,3.503095067411741,3.503095067411741,3.503095067411741,3.503095067411741,3.503095067411741,3.503095067411741,3.503095067411741,3.503095067411741,3.503095067411741,3.503095067411741,3.503095067411741,3.503095067411741,3.503095067411741,3.503095067411741,3.503095067411741,3.503095067411741,3.503095067411741,3.503095067411741,3.503095067411741,3.503095067411741,3.503095067411741,3.503095067411741,3.503095067411741,3.503095067411741,3.503095067411741,3.503095067411741,3.503095067411741,3.503095067411741,3.503095067411741,3.503095067411741,3.503095067411741,3.503095067411741,3.503095067411741,3.503095067411741,3.503095067411741,3.503095067411741,3.503095067411741,3.503095067411741,3.503095067411741,3.503095067411741,3.503095067411741,3.503095067411741,3.503095067411741,3.503095067411741,3.503095067411741,3.503095067411741,3.503095067411741,3.503095067411741,3.503095067411741,3.503095067411741,3.503095067411741,3.503095067411741,3.503095067411741,3.503095067411741,3.503095067411741,3.503095067411741,3.503095067411741,3.503095067411741,3.503095067411741,3.503095067411741,3.503095067411741,3.503095067411741,3.503095067411741,3.503095067411741,3.503095067411741,3.503095067411741,3.503095067411741,3.503095067411741,3.503095067411741,3.503095067411741,3.503095067411741,3.503095067411741,3.503095067411741,3.503095067411741,3.503095067411741,3.503095067411741,3.503095067411741,3.503095067411741,3.503095067411741,3.503095067411741,3.503095067411741,3.503095067411741,3.503095067411741,3.503095067411741,3.503095067411741,3.503095067411741,3.503095067411741,3.503095067411741,3.503095067411741,3.503095067411741,3.503095067411741,3.503095067411741,3.503095067411741,3.503095067411741,3.503095067411741,3.503095067411741,3.503095067411741,3.503095067411741,3.503095067411741,3.503095067411741,3.503095067411741,3.503095067411741,3.503095067411741,3.503095067411741,3.503095067411741,3.503095067411741,3.503095067411741,3.503095067411741,3.503095067411741,3.503095067411741,3.503095067411741,3.503095067411741,3.503095067411741,3.503095067411741,3.503095067411741,3.503095067411741,3.503095067411741,3.503095067411741,3.503095067411741,3.503095067411741,3.503095067411741,3.503095067411741,3.503095067411741,3.503095067411741,3.503095067411741,3.503095067411741,3.503095067411741,3.503095067411741,3.503095067411741,3.503095067411741,3.503095067411741,3.503095067411741,3.503095067411741,3.503095067411741,3.503095067411741,3.503095067411741,3.503095067411741,3.503095067411741,3.503095067411741,3.503095067411741,3.503095067411741,3.503095067411741,3.503095067411741,3.503095067411741,3.503095067411741,3.503095067411741,3.503095067411741,3.503095067411741,3.503095067411741,3.503095067411741,3.503095067411741,3.503095067411741,3.503095067411741,3.503095067411741,3.503095067411741,3.503095067411741,3.503095067411741,3.503095067411741,3.503095067411741,3.503095067411741,3.503095067411741,3.503095067411741,3.503095067411741,3.503095067411741,3.503095067411741,3.503095067411741,3.503095067411741,3.503095067411741,3.503095067411741,3.503095067411741,3.503095067411741,3.503095067411741,3.503095067411741,3.503095067411741,3.503095067411741,3.503095067411741,3.503095067411741,3.503095067411741,3.503095067411741,3.503095067411741,3.503095067411741,3.503095067411741,3.503095067411741,3.503095067411741,3.503095067411741,3.503095067411741,3.503095067411741,3.503095067411741,3.503095067411741,3.503095067411741,3.503095067411741,8.089576110932452,8.089576110932452,8.089576110932452,8.089576110932452,7.939724544603368,7.939724544603368,7.76251735944518,7.76251735944518,7.385692944815806,7.385692944815806,7.007996788825695,6.851914842481964,6.851914842481964,6.69811772488942,6.69811772488942,6.69811772488942,6.69811772488942,6.69811772488942,6.69811772488942,6.69811772488942,6.69811772488942,6.69811772488942,6.69811772488942,6.69811772488942,6.69811772488942,6.69811772488942,6.69811772488942,6.69811772488942,6.69811772488942,6.69811772488942,6.69811772488942,6.69811772488942,6.2988209222309655,5.932430280469707,5.679118848664736,5.370374383108985,5.370374383108985,5.370374383108985,5.370374383108985,5.370374383108985,5.370374383108985,5.370374383108985,5.370374383108985,5.370374383108985,5.370374383108985,5.370374383108985,5.370374383108985,5.370374383108985,5.370374383108985,5.370374383108985,5.370374383108985,5.370374383108985,5.370374383108985,5.370374383108985,5.370374383108985,5.370374383108985,5.370374383108985,5.370374383108985,5.370374383108985,5.370374383108985,5.370374383108985,5.370374383108985,5.370374383108985,5.370374383108985,5.370374383108985,5.370374383108985,5.370374383108985,5.370374383108985,5.370374383108985,5.370374383108985,5.370374383108985,5.370374383108985,5.370374383108985,5.370374383108985,5.370374383108985,5.370374383108985,5.370374383108985,5.370374383108985,5.370374383108985,5.370374383108985,5.370374383108985,5.370374383108985,5.370374383108985,5.370374383108985,5.370374383108985,5.370374383108985,5.370374383108985,5.370374383108985,5.370374383108985,5.370374383108985,5.370374383108985,5.370374383108985,5.370374383108985,5.370374383108985,5.370374383108985,5.370374383108985,5.370374383108985,5.370374383108985,5.370374383108985,5.370374383108985,5.370374383108985,5.370374383108985,5.370374383108985,5.370374383108985,5.370374383108985,5.370374383108985,5.370374383108985,5.370374383108985,5.370374383108985,5.370374383108985,5.370374383108985,5.370374383108985,5.370374383108985,5.370374383108985,5.370374383108985,5.370374383108985,5.370374383108985,5.370374383108985,5.370374383108985,5.370374383108985,5.370374383108985,5.370374383108985,5.370374383108985,5.370374383108985,5.370374383108985,5.370374383108985,5.370374383108985,5.370374383108985,5.370374383108985,5.370374383108985,5.370374383108985,5.370374383108985,5.370374383108985,5.370374383108985,5.370374383108985,5.370374383108985,5.370374383108985,5.370374383108985,5.370374383108985,5.370374383108985,5.370374383108985,5.370374383108985,5.370374383108985,5.370374383108985,5.370374383108985,5.370374383108985,5.370374383108985,5.370374383108985,5.370374383108985,5.370374383108985,5.370374383108985,5.370374383108985,5.370374383108985,5.370374383108985,5.370374383108985,5.370374383108985,5.370374383108985,5.370374383108985,5.370374383108985,5.370374383108985,5.370374383108985,5.370374383108985,5.370374383108985,5.370374383108985,5.370374383108985,2.121953597723807,2.121953597723807,2.121953597723807,2.121953597723807,2.121953597723807,2.121953597723807,2.121953597723807,2.121953597723807,2.121953597723807,2.121953597723807,2.121953597723807,2.121953597723807,2.121953597723807,2.121953597723807,2.121953597723807,2.121953597723807,2.121953597723807,2.121953597723807,2.121953597723807,2.121953597723807,2.121953597723807,2.121953597723807,2.121953597723807,2.121953597723807,2.121953597723807,2.121953597723807,2.121953597723807,2.121953597723807,2.121953597723807,2.121953597723807,2.121953597723807,2.121953597723807,2.121953597723807,2.121953597723807,2.121953597723807,2.121953597723807,2.121953597723807,2.121953597723807,2.121953597723807,2.121953597723807,2.121953597723807,2.121953597723807,2.121953597723807,2.121953597723807,2.121953597723807,2.121953597723807,2.121953597723807,2.121953597723807,2.121953597723807,2.121953597723807,2.121953597723807,2.121953597723807,2.121953597723807,2.121953597723807,2.121953597723807,2.121953597723807,2.121953597723807,2.121953597723807,2.121953597723807,2.121953597723807,2.121953597723807,2.121953597723807,2.121953597723807,2.121953597723807,2.121953597723807,2.121953597723807,2.121953597723807,2.121953597723807,2.121953597723807,2.121953597723807,2.121953597723807,2.121953597723807,2.121953597723807,2.121953597723807,2.121953597723807,2.121953597723807,2.121953597723807,2.121953597723807,2.121953597723807,2.121953597723807,2.121953597723807,2.121953597723807,2.121953597723807,2.121953597723807,2.121953597723807,2.121953597723807,2.121953597723807,2.121953597723807,2.121953597723807,2.121953597723807,2.121953597723807,2.121953597723807,2.121953597723807,2.121953597723807,2.121953597723807,2.121953597723807,2.121953597723807,2.121953597723807,2.121953597723807,2.121953597723807,2.121953597723807,2.121953597723807,2.121953597723807,2.121953597723807,2.121953597723807,2.121953597723807,2.121953597723807,2.121953597723807,2.121953597723807,2.121953597723807,2.121953597723807,2.121953597723807,2.121953597723807,2.121953597723807,2.121953597723807,2.121953597723807,2.121953597723807,2.121953597723807,2.121953597723807,2.121953597723807,2.121953597723807,2.121953597723807,2.121953597723807,2.121953597723807,2.121953597723807,2.121953597723807,2.121953597723807,2.121953597723807,2.121953597723807,2.121953597723807,2.121953597723807,2.121953597723807,2.121953597723807,2.121953597723807,2.121953597723807,2.121953597723807,2.121953597723807,2.121953597723807,2.121953597723807,2.121953597723807,2.121953597723807,2.121953597723807,2.121953597723807,2.121953597723807,2.121953597723807,2.121953597723807,2.121953597723807,2.121953597723807,2.121953597723807,2.121953597723807,2.121953597723807,2.121953597723807,2.121953597723807,2.121953597723807,2.121953597723807,2.121953597723807,2.121953597723807,2.121953597723807,2.121953597723807,2.121953597723807,2.121953597723807,2.121953597723807,2.121953597723807,2.121953597723807,2.121953597723807,2.121953597723807,2.121953597723807,2.121953597723807,2.121953597723807,2.121953597723807,2.121953597723807,2.121953597723807,2.121953597723807,2.121953597723807,2.121953597723807,2.121953597723807,2.121953597723807,2.121953597723807,2.121953597723807,2.121953597723807,2.121953597723807,2.121953597723807,2.121953597723807,2.121953597723807,2.121953597723807,2.121953597723807,2.121953597723807,2.121953597723807,2.121953597723807,2.121953597723807,2.121953597723807,2.121953597723807,2.121953597723807,2.121953597723807,2.121953597723807,2.121953597723807,2.121953597723807,2.121953597723807,2.121953597723807,2.121953597723807,2.121953597723807,2.121953597723807,2.121953597723807,2.121953597723807,2.121953597723807,2.121953597723807,2.121953597723807,2.121953597723807,2.121953597723807,2.121953597723807,2.121953597723807,2.121953597723807,2.121953597723807,2.121953597723807,2.121953597723807,2.121953597723807,2.121953597723807,2.121953597723807,2.121953597723807,2.121953597723807,2.121953597723807,2.121953597723807,2.121953597723807,2.121953597723807,2.121953597723807,2.121953597723807,2.121953597723807,2.121953597723807,2.121953597723807,2.121953597723807,2.121953597723807,2.121953597723807,2.121953597723807,2.121953597723807,2.121953597723807,2.121953597723807,2.121953597723807,2.121953597723807,2.121953597723807,2.121953597723807,2.121953597723807,2.121953597723807,2.121953597723807,2.121953597723807,2.121953597723807,2.121953597723807,2.121953597723807,2.121953597723807,2.121953597723807,2.121953597723807,2.121953597723807,2.121953597723807,2.121953597723807,2.121953597723807,2.121953597723807,2.121953597723807,2.121953597723807,2.121953597723807,2.121953597723807,2.121953597723807,2.121953597723807,2.121953597723807,2.121953597723807,2.121953597723807,2.121953597723807,2.121953597723807,2.121953597723807,2.121953597723807,2.121953597723807,2.121953597723807,2.121953597723807,2.121953597723807,2.121953597723807,2.121953597723807,2.121953597723807,2.121953597723807,2.121953597723807,2.121953597723807,2.121953597723807,2.121953597723807,2.121953597723807,2.121953597723807,2.121953597723807,2.121953597723807,2.121953597723807,2.121953597723807,2.121953597723807,2.121953597723807,2.121953597723807,2.121953597723807,2.121953597723807,2.121953597723807,2.121953597723807,2.121953597723807,2.121953597723807,2.121953597723807,2.121953597723807,2.121953597723807,2.121953597723807,2.121953597723807,2.121953597723807,2.121953597723807,2.121953597723807,2.121953597723807,2.121953597723807,2.121953597723807,2.121953597723807,2.121953597723807,2.121953597723807,2.121953597723807,2.121953597723807,2.121953597723807,2.121953597723807,2.121953597723807,2.121953597723807,2.121953597723807,2.121953597723807,2.121953597723807,2.121953597723807,2.121953597723807,2.121953597723807,2.121953597723807,2.121953597723807,2.121953597723807,2.121953597723807,2.121953597723807,2.121953597723807,2.121953597723807,2.121953597723807,2.121953597723807,2.121953597723807,2.121953597723807,2.121953597723807,2.121953597723807,2.121953597723807,2.121953597723807,2.121953597723807,2.121953597723807,2.121953597723807,2.121953597723807,2.121953597723807,2.121953597723807,2.121953597723807,2.121953597723807,2.121953597723807,2.121953597723807,2.121953597723807,2.121953597723807,2.121953597723807,2.121953597723807,2.121953597723807,2.121953597723807,2.121953597723807,2.121953597723807,2.121953597723807,2.121953597723807,2.121953597723807,2.121953597723807,2.121953597723807,2.121953597723807,2.121953597723807,2.121953597723807,2.121953597723807,2.121953597723807,2.121953597723807,2.121953597723807,2.121953597723807,2.121953597723807,2.121953597723807,2.121953597723807,2.121953597723807,2.121953597723807,2.121953597723807,2.121953597723807,2.121953597723807,2.121953597723807,2.121953597723807,2.121953597723807,2.121953597723807,2.121953597723807,2.121953597723807,2.121953597723807,2.121953597723807,2.121953597723807,2.121953597723807,2.121953597723807,2.121953597723807,2.121953597723807,2.121953597723807,2.121953597723807,2.121953597723807,2.121953597723807,2.121953597723807,2.121953597723807,2.121953597723807,2.121953597723807,2.121953597723807,2.121953597723807,2.121953597723807,2.121953597723807,2.121953597723807,2.121953597723807,2.121953597723807,2.121953597723807,2.121953597723807,2.121953597723807,2.121953597723807,2.121953597723807,2.121953597723807,2.121953597723807,2.121953597723807,2.121953597723807,2.121953597723807,2.121953597723807,2.121953597723807,2.121953597723807,2.121953597723807,2.121953597723807,2.121953597723807,2.121953597723807,2.121953597723807,2.121953597723807,2.121953597723807,2.121953597723807,2.121953597723807,2.121953597723807,2.121953597723807,2.121953597723807,2.121953597723807,2.121953597723807,2.121953597723807,2.121953597723807,2.121953597723807,2.121953597723807,2.121953597723807,2.121953597723807,2.121953597723807,2.121953597723807,2.121953597723807,2.121953597723807,2.121953597723807,2.121953597723807,2.121953597723807,2.121953597723807,2.121953597723807,2.121953597723807,2.121953597723807,2.121953597723807,2.121953597723807,2.121953597723807,2.121953597723807,2.121953597723807,2.121953597723807,2.121953597723807,2.121953597723807,2.121953597723807,2.121953597723807,2.121953597723807,2.121953597723807,2.121953597723807,2.121953597723807,2.121953597723807,2.121953597723807,2.121953597723807,2.121953597723807,2.121953597723807,2.121953597723807,2.121953597723807,2.121953597723807,2.121953597723807,2.121953597723807,2.121953597723807,2.121953597723807,2.121953597723807,2.121953597723807,2.121953597723807,2.121953597723807,2.121953597723807,2.121953597723807,2.121953597723807,2.121953597723807,2.121953597723807,2.121953597723807,2.121953597723807,2.121953597723807,2.121953597723807,2.121953597723807,2.121953597723807,2.121953597723807,2.121953597723807,2.121953597723807,2.121953597723807,2.121953597723807,2.121953597723807,2.121953597723807,2.121953597723807,2.121953597723807,2.121953597723807,2.121953597723807,2.121953597723807,2.121953597723807,2.121953597723807,2.121953597723807,2.121953597723807,2.121953597723807,2.121953597723807,2.121953597723807,2.121953597723807,2.121953597723807,2.121953597723807,2.121953597723807,2.121953597723807,2.121953597723807,2.121953597723807,2.121953597723807,2.121953597723807,2.121953597723807,2.121953597723807,2.121953597723807,2.121953597723807,2.121953597723807,2.121953597723807,2.121953597723807,2.121953597723807,2.121953597723807,2.121953597723807,2.121953597723807,2.121953597723807,2.121953597723807,2.121953597723807,2.121953597723807,2.121953597723807,2.121953597723807,2.121953597723807,2.121953597723807,2.121953597723807,2.121953597723807,2.121953597723807,2.121953597723807,2.121953597723807,2.121953597723807,2.121953597723807,2.121953597723807,2.121953597723807,2.121953597723807,2.121953597723807,2.121953597723807,2.121953597723807,2.121953597723807,2.121953597723807,2.121953597723807,2.121953597723807,2.121953597723807,2.121953597723807,2.121953597723807,2.121953597723807,2.121953597723807,2.121953597723807,2.121953597723807,2.121953597723807,2.121953597723807,2.121953597723807,2.121953597723807,2.121953597723807,2.121953597723807,2.121953597723807,2.121953597723807,2.121953597723807,2.121953597723807,2.121953597723807,2.121953597723807,2.121953597723807,2.121953597723807,2.121953597723807,2.121953597723807,2.121953597723807,2.121953597723807,2.121953597723807,2.121953597723807,2.121953597723807,2.121953597723807,2.121953597723807,2.121953597723807,2.121953597723807,2.121953597723807,2.121953597723807,2.121953597723807,2.121953597723807,2.121953597723807,2.121953597723807,2.121953597723807,2.121953597723807,2.121953597723807,2.121953597723807,2.121953597723807,2.121953597723807,2.121953597723807,2.121953597723807,2.121953597723807,2.121953597723807,2.121953597723807,2.121953597723807,2.121953597723807,2.121953597723807,2.121953597723807,2.121953597723807,2.121953597723807,2.121953597723807,2.121953597723807,2.121953597723807,2.121953597723807,2.121953597723807,2.121953597723807,2.121953597723807,2.121953597723807,2.121953597723807,2.121953597723807,2.121953597723807,2.121953597723807,2.121953597723807,2.121953597723807,2.121953597723807,2.121953597723807,2.121953597723807,2.121953597723807,2.121953597723807,2.121953597723807,2.121953597723807,2.121953597723807,2.121953597723807,2.121953597723807,2.121953597723807,2.121953597723807,2.121953597723807,2.121953597723807,2.121953597723807,2.121953597723807,2.121953597723807,2.121953597723807,2.121953597723807,2.121953597723807,2.121953597723807,2.121953597723807,2.121953597723807,2.121953597723807,2.121953597723807,2.121953597723807,2.121953597723807,2.121953597723807,2.121953597723807,2.121953597723807,2.121953597723807,2.121953597723807,2.121953597723807,2.121953597723807,2.121953597723807,2.121953597723807,2.121953597723807,2.121953597723807,2.121953597723807,2.121953597723807,2.121953597723807,2.121953597723807,2.121953597723807,2.121953597723807,2.121953597723807,2.121953597723807,2.121953597723807,2.121953597723807,2.121953597723807,2.121953597723807,2.121953597723807,2.121953597723807,2.121953597723807,2.121953597723807,2.121953597723807,2.121953597723807,2.121953597723807,2.121953597723807,2.121953597723807,2.121953597723807,2.121953597723807,2.121953597723807,2.121953597723807,2.121953597723807,2.121953597723807,2.121953597723807,2.121953597723807,2.121953597723807,2.121953597723807,2.121953597723807,2.121953597723807,2.121953597723807,2.121953597723807,2.121953597723807,2.121953597723807,2.121953597723807,2.121953597723807,2.121953597723807,2.121953597723807,2.121953597723807,2.121953597723807,2.121953597723807,2.121953597723807,2.121953597723807,2.121953597723807,2.121953597723807,2.121953597723807,2.121953597723807,2.121953597723807,2.121953597723807,2.121953597723807,2.121953597723807,2.121953597723807,2.121953597723807,2.121953597723807,2.121953597723807,2.121953597723807,2.121953597723807,2.121953597723807,2.121953597723807,2.121953597723807,2.121953597723807,2.121953597723807,2.121953597723807,2.121953597723807,2.121953597723807,2.121953597723807,2.121953597723807,2.121953597723807,2.121953597723807,2.121953597723807,2.121953597723807,2.121953597723807,2.121953597723807,2.121953597723807,2.121953597723807,2.121953597723807,2.121953597723807,2.121953597723807,2.121953597723807,2.121953597723807,2.121953597723807,2.121953597723807,2.121953597723807,2.121953597723807,2.121953597723807,2.121953597723807,2.121953597723807,2.121953597723807,2.121953597723807,2.121953597723807,2.121953597723807,2.121953597723807,2.121953597723807,2.121953597723807,2.121953597723807,2.121953597723807,2.121953597723807,2.121953597723807,2.121953597723807,2.121953597723807,2.121953597723807,2.121953597723807,2.121953597723807,2.121953597723807,2.121953597723807,2.121953597723807,2.121953597723807,2.121953597723807,2.121953597723807,2.121953597723807,2.121953597723807,2.121953597723807,2.121953597723807,2.121953597723807,2.121953597723807,2.121953597723807,2.121953597723807,2.121953597723807,2.121953597723807,2.121953597723807,2.121953597723807,2.121953597723807,2.121953597723807,2.121953597723807,2.121953597723807,2.121953597723807,2.121953597723807,2.121953597723807,2.121953597723807,2.121953597723807,2.121953597723807,2.121953597723807,2.121953597723807,2.121953597723807,2.121953597723807,2.121953597723807,2.121953597723807,2.121953597723807,2.121953597723807,2.121953597723807,2.121953597723807,2.121953597723807,2.121953597723807,2.121953597723807,2.121953597723807,2.121953597723807,2.121953597723807,2.121953597723807,2.121953597723807,2.121953597723807,2.121953597723807,2.121953597723807,2.121953597723807,2.121953597723807,2.121953597723807,2.121953597723807,2.121953597723807,2.121953597723807,2.121953597723807,2.121953597723807,2.121953597723807,2.121953597723807,2.121953597723807,2.121953597723807,2.121953597723807,2.121953597723807,2.121953597723807,2.121953597723807,2.121953597723807,2.121953597723807,2.121953597723807,2.121953597723807,2.121953597723807,7.913874268353044,7.913874268353044,7.580979588087916,7.580979588087916,7.580979588087916,7.580979588087916,7.580979588087916,7.580979588087916,7.580979588087916,7.580979588087916,7.580979588087916,7.580979588087916,7.580979588087916,7.580979588087916,7.580979588087916,7.580979588087916,7.580979588087916,7.580979588087916,7.3307540096405575,7.3307540096405575,7.3307540096405575,7.3307540096405575,7.3307540096405575,7.3307540096405575,7.3307540096405575,7.3307540096405575,7.3307540096405575,7.3307540096405575,7.3307540096405575,7.3307540096405575,7.3307540096405575,7.3307540096405575,7.3307540096405575,7.3307540096405575,7.3307540096405575,7.3307540096405575,7.3307540096405575,7.3307540096405575,7.3307540096405575,7.3307540096405575,7.3307540096405575,7.3307540096405575,7.3307540096405575,7.3307540096405575,7.3307540096405575,7.3307540096405575,7.3307540096405575,7.3307540096405575,7.3307540096405575,7.3307540096405575,7.3307540096405575,7.3307540096405575,7.3307540096405575,7.3307540096405575,7.3307540096405575,7.3307540096405575,7.3307540096405575,7.3307540096405575,7.3307540096405575,7.3307540096405575,7.3307540096405575,7.3307540096405575,7.3307540096405575,7.3307540096405575,7.3307540096405575,7.3307540096405575,7.3307540096405575,7.3307540096405575,7.3307540096405575,7.3307540096405575,7.3307540096405575,7.3307540096405575,5.609029486168496,4.8320279082655135,4.8320279082655135,4.8320279082655135,4.8320279082655135,4.8320279082655135,4.8320279082655135,4.8320279082655135,4.8320279082655135,4.8320279082655135,4.8320279082655135,4.34959902036399,4.34959902036399,4.34959902036399,4.34959902036399,4.311248586629374,4.311248586629374,4.311248586629374,4.311248586629374,4.311248586629374,4.311248586629374,4.311248586629374,4.311248586629374,4.311248586629374,4.311248586629374,4.311248586629374,4.311248586629374,4.311248586629374,4.311248586629374,4.311248586629374,4.311248586629374,4.311248586629374,4.311248586629374,4.311248586629374,4.311248586629374,4.311248586629374,4.311248586629374,4.311248586629374,4.311248586629374,4.311248586629374,4.311248586629374,4.311248586629374,4.311248586629374,4.311248586629374,4.311248586629374,4.311248586629374,4.311248586629374,4.311248586629374,4.311248586629374,4.311248586629374,4.311248586629374,4.311248586629374,4.311248586629374,4.311248586629374,4.311248586629374,4.311248586629374,4.311248586629374,4.311248586629374,4.311248586629374,4.311248586629374,4.311248586629374,4.311248586629374,4.311248586629374,4.311248586629374,4.311248586629374,4.311248586629374,4.311248586629374,4.311248586629374,4.311248586629374,4.311248586629374,4.311248586629374,4.311248586629374,4.311248586629374,4.311248586629374,4.311248586629374,4.311248586629374,4.311248586629374,4.311248586629374,4.311248586629374,4.311248586629374,4.311248586629374,4.311248586629374,4.311248586629374,4.311248586629374,4.311248586629374,4.311248586629374,4.311248586629374,4.311248586629374,4.311248586629374,4.311248586629374,4.311248586629374,4.311248586629374,4.311248586629374,4.311248586629374,4.311248586629374,4.311248586629374,4.311248586629374,4.311248586629374,4.311248586629374,4.311248586629374,4.311248586629374,4.311248586629374,4.311248586629374,4.311248586629374,4.311248586629374,4.311248586629374,4.311248586629374,4.311248586629374,4.311248586629374,4.311248586629374,4.311248586629374,4.311248586629374,4.311248586629374,4.311248586629374,4.311248586629374,4.311248586629374,4.311248586629374,4.311248586629374,4.311248586629374,4.311248586629374,4.311248586629374,4.311248586629374,4.311248586629374,4.311248586629374,4.311248586629374,4.311248586629374,4.311248586629374,4.311248586629374,4.311248586629374,4.311248586629374,4.311248586629374,4.311248586629374,4.311248586629374,4.311248586629374,4.311248586629374,4.311248586629374,4.311248586629374,4.311248586629374,4.311248586629374,4.311248586629374,4.311248586629374,4.311248586629374,4.311248586629374,4.311248586629374,4.311248586629374,4.311248586629374,4.311248586629374,4.311248586629374,4.311248586629374,4.311248586629374,4.311248586629374,4.311248586629374,4.311248586629374,4.311248586629374,4.311248586629374,4.311248586629374,4.311248586629374,4.311248586629374,4.311248586629374,4.311248586629374,4.311248586629374,4.311248586629374,4.311248586629374,4.311248586629374,4.311248586629374,4.311248586629374,4.311248586629374,4.311248586629374,4.311248586629374,4.311248586629374,4.311248586629374,4.311248586629374,4.311248586629374,4.311248586629374,4.311248586629374,4.311248586629374,4.311248586629374,4.311248586629374,4.311248586629374,4.311248586629374,4.311248586629374,4.311248586629374,4.311248586629374,4.311248586629374,4.311248586629374,4.311248586629374,4.311248586629374,4.311248586629374,4.311248586629374,4.311248586629374,4.311248586629374,4.311248586629374,4.311248586629374,4.311248586629374,4.311248586629374,4.311248586629374,4.311248586629374,4.311248586629374,4.311248586629374,4.311248586629374,4.311248586629374,4.311248586629374,4.311248586629374,4.311248586629374,4.311248586629374,4.311248586629374,4.311248586629374,4.311248586629374,4.311248586629374,4.311248586629374,4.311248586629374,4.311248586629374,4.311248586629374,4.311248586629374,4.311248586629374,4.311248586629374,4.311248586629374,4.311248586629374,4.311248586629374,4.311248586629374,4.311248586629374,4.311248586629374,4.311248586629374,4.311248586629374,4.311248586629374,4.311248586629374,4.311248586629374,4.311248586629374,4.311248586629374,4.311248586629374,4.311248586629374,4.311248586629374,4.311248586629374,4.311248586629374,4.311248586629374,4.311248586629374,4.311248586629374,4.311248586629374,4.311248586629374,4.311248586629374,4.311248586629374,4.311248586629374,4.311248586629374,4.311248586629374,4.311248586629374,4.311248586629374,4.311248586629374,4.311248586629374,4.311248586629374,4.311248586629374,4.311248586629374,4.311248586629374,4.311248586629374,4.311248586629374,4.311248586629374,4.311248586629374,4.311248586629374,4.311248586629374,4.311248586629374,4.311248586629374,4.311248586629374,4.311248586629374,4.311248586629374,4.311248586629374,4.311248586629374,4.311248586629374,4.311248586629374,4.311248586629374,4.311248586629374,4.311248586629374,4.311248586629374,4.311248586629374,4.311248586629374,4.311248586629374,4.311248586629374,4.311248586629374,4.311248586629374,4.311248586629374,4.311248586629374,4.311248586629374,4.311248586629374,4.311248586629374,4.311248586629374,4.311248586629374,4.311248586629374,4.311248586629374,4.311248586629374,4.311248586629374,4.311248586629374,4.311248586629374,4.311248586629374,4.311248586629374,4.311248586629374,4.311248586629374,4.311248586629374,4.311248586629374,4.311248586629374,4.311248586629374,4.311248586629374,4.311248586629374,4.311248586629374,4.311248586629374,4.311248586629374,4.311248586629374,4.311248586629374,4.311248586629374,4.311248586629374,4.311248586629374,4.311248586629374,4.311248586629374,4.311248586629374,4.311248586629374,4.311248586629374,4.311248586629374,4.311248586629374,4.311248586629374,4.311248586629374,4.311248586629374,4.311248586629374,4.311248586629374,4.311248586629374,4.311248586629374,4.311248586629374,4.311248586629374,4.311248586629374,4.311248586629374,4.311248586629374,4.311248586629374,4.311248586629374,4.311248586629374,4.311248586629374,4.311248586629374,4.311248586629374,4.311248586629374,4.311248586629374,4.311248586629374,4.311248586629374,4.311248586629374,4.311248586629374,4.311248586629374,4.311248586629374,4.311248586629374,4.311248586629374,4.311248586629374,4.311248586629374,4.311248586629374,4.311248586629374,4.311248586629374,4.311248586629374,4.311248586629374,4.311248586629374,4.311248586629374,4.311248586629374,4.311248586629374,4.311248586629374,4.311248586629374,4.311248586629374,4.311248586629374,4.311248586629374,4.311248586629374,4.311248586629374,4.311248586629374,4.311248586629374,4.311248586629374,4.311248586629374,4.311248586629374,4.311248586629374,4.311248586629374,4.311248586629374,4.311248586629374,4.311248586629374,4.311248586629374,4.311248586629374,4.311248586629374,4.311248586629374,4.311248586629374,4.311248586629374,4.311248586629374,4.311248586629374,4.311248586629374,4.311248586629374,4.311248586629374,4.311248586629374,4.311248586629374,4.311248586629374,4.311248586629374,4.311248586629374,4.311248586629374,4.311248586629374,4.311248586629374,4.311248586629374,4.311248586629374,4.311248586629374,4.311248586629374,4.311248586629374,4.311248586629374,4.311248586629374,4.311248586629374,4.311248586629374,4.311248586629374,4.311248586629374,4.311248586629374,4.311248586629374,4.311248586629374,4.311248586629374,4.311248586629374,4.311248586629374,4.311248586629374,4.311248586629374,4.311248586629374,4.311248586629374,4.311248586629374,4.311248586629374,4.311248586629374,4.311248586629374,4.311248586629374,4.311248586629374,4.311248586629374,4.311248586629374,4.311248586629374,4.311248586629374,4.311248586629374,4.311248586629374,4.311248586629374,4.311248586629374,4.311248586629374,4.311248586629374,4.311248586629374,4.311248586629374,4.311248586629374,4.311248586629374,4.311248586629374,4.311248586629374,4.311248586629374,4.311248586629374,4.311248586629374,4.311248586629374,4.311248586629374,4.311248586629374,4.311248586629374,4.311248586629374,4.311248586629374,4.311248586629374,4.311248586629374,4.311248586629374,4.311248586629374,4.311248586629374,4.311248586629374,4.311248586629374,4.311248586629374,4.311248586629374,4.311248586629374,4.311248586629374,4.311248586629374,4.311248586629374,4.311248586629374,4.311248586629374,4.311248586629374,4.311248586629374,4.311248586629374,4.311248586629374,4.311248586629374,4.311248586629374,4.311248586629374,4.311248586629374,4.311248586629374,4.311248586629374,4.311248586629374,4.311248586629374,4.311248586629374,4.311248586629374,4.311248586629374,4.311248586629374,4.311248586629374,4.311248586629374,4.311248586629374,4.311248586629374,4.311248586629374,4.311248586629374,4.311248586629374,4.311248586629374,4.311248586629374,4.311248586629374,4.311248586629374,4.311248586629374,4.311248586629374,4.311248586629374,4.311248586629374,4.311248586629374,4.311248586629374,4.311248586629374,4.311248586629374,4.311248586629374,4.311248586629374,4.311248586629374,4.311248586629374,4.311248586629374,4.311248586629374,4.311248586629374,4.311248586629374,4.311248586629374,4.311248586629374,4.311248586629374,4.311248586629374,4.311248586629374,4.311248586629374,4.311248586629374,4.311248586629374,4.311248586629374,4.311248586629374,4.311248586629374,4.311248586629374,4.311248586629374,4.311248586629374,4.311248586629374,4.311248586629374,4.311248586629374,4.311248586629374,4.311248586629374,4.311248586629374,4.311248586629374,4.311248586629374,4.311248586629374,4.311248586629374,4.311248586629374,4.311248586629374,4.311248586629374,4.311248586629374,4.311248586629374,4.311248586629374,4.311248586629374,4.311248586629374,4.311248586629374,4.311248586629374,4.311248586629374,4.311248586629374,4.311248586629374,4.311248586629374,4.311248586629374,4.311248586629374,4.311248586629374,4.311248586629374,4.311248586629374,4.311248586629374,4.311248586629374,4.311248586629374,4.311248586629374,4.311248586629374,4.311248586629374,4.311248586629374,4.311248586629374,4.311248586629374,4.311248586629374,4.311248586629374,4.311248586629374,4.311248586629374,4.311248586629374,4.311248586629374,4.311248586629374,4.311248586629374,4.311248586629374,4.311248586629374,4.311248586629374,4.311248586629374,4.311248586629374,4.311248586629374,4.311248586629374,4.311248586629374,4.311248586629374,4.311248586629374,4.311248586629374,4.311248586629374,4.311248586629374,4.311248586629374,4.311248586629374,4.311248586629374,4.311248586629374,4.311248586629374,4.311248586629374,4.311248586629374,4.311248586629374,4.311248586629374,4.311248586629374,4.311248586629374,4.311248586629374,4.311248586629374,4.311248586629374,4.311248586629374,4.311248586629374,4.311248586629374,4.311248586629374,4.311248586629374,4.311248586629374,4.311248586629374,4.311248586629374,4.311248586629374,4.311248586629374,4.311248586629374,4.311248586629374,4.311248586629374,4.311248586629374,4.311248586629374,4.311248586629374,4.311248586629374,4.311248586629374,4.311248586629374,4.311248586629374,4.311248586629374,4.311248586629374,4.311248586629374,4.311248586629374,4.311248586629374,4.311248586629374,4.311248586629374,4.311248586629374,4.311248586629374,4.311248586629374,4.311248586629374,4.311248586629374,4.311248586629374,4.311248586629374,4.311248586629374,4.311248586629374,4.311248586629374,4.311248586629374,4.311248586629374,4.311248586629374,4.311248586629374,4.311248586629374,4.311248586629374,4.311248586629374,4.311248586629374,4.311248586629374,4.311248586629374,4.311248586629374,4.311248586629374,4.311248586629374,4.311248586629374,4.311248586629374,4.311248586629374,4.311248586629374,4.311248586629374,4.311248586629374,4.311248586629374,4.311248586629374,4.311248586629374,4.311248586629374,4.311248586629374,4.311248586629374,4.311248586629374,4.311248586629374,4.311248586629374,4.311248586629374,4.311248586629374,4.311248586629374,4.311248586629374,4.311248586629374,4.311248586629374,4.311248586629374,4.311248586629374,4.311248586629374,4.311248586629374,4.311248586629374,4.311248586629374,4.311248586629374,4.311248586629374,4.311248586629374,4.311248586629374,4.311248586629374,4.311248586629374,4.311248586629374,4.311248586629374,4.311248586629374,4.311248586629374,4.311248586629374,4.311248586629374,4.311248586629374,4.311248586629374,4.311248586629374,4.311248586629374,4.311248586629374,4.311248586629374,4.311248586629374,4.311248586629374,4.311248586629374,4.311248586629374,4.311248586629374,4.311248586629374,4.311248586629374,4.311248586629374,4.311248586629374,4.311248586629374,4.311248586629374,4.311248586629374,4.311248586629374,4.311248586629374,4.311248586629374,4.311248586629374,4.311248586629374,4.311248586629374,4.311248586629374,4.311248586629374,4.311248586629374,4.311248586629374,4.311248586629374,4.311248586629374,4.311248586629374,4.311248586629374,4.311248586629374,4.311248586629374,4.311248586629374,4.311248586629374,4.311248586629374,4.311248586629374,4.311248586629374,4.311248586629374,4.311248586629374,4.311248586629374,4.311248586629374,4.311248586629374,4.311248586629374,4.311248586629374,4.311248586629374,4.311248586629374,4.311248586629374,4.311248586629374,4.311248586629374,4.311248586629374,4.311248586629374,4.311248586629374,4.311248586629374,4.311248586629374,4.311248586629374,4.311248586629374,4.311248586629374,4.311248586629374,4.311248586629374,4.311248586629374,4.311248586629374,4.311248586629374,4.311248586629374,4.311248586629374,4.311248586629374,4.311248586629374,4.311248586629374,4.311248586629374,4.311248586629374,4.311248586629374,4.311248586629374,4.311248586629374,4.311248586629374,4.311248586629374,4.311248586629374,4.311248586629374,4.311248586629374,4.311248586629374,4.311248586629374,4.311248586629374,4.311248586629374,4.311248586629374,4.311248586629374,4.311248586629374,4.311248586629374,4.311248586629374,4.311248586629374,4.311248586629374,4.311248586629374,4.311248586629374,4.311248586629374,4.311248586629374,4.311248586629374,4.311248586629374,4.311248586629374,4.311248586629374,4.311248586629374,4.311248586629374,4.311248586629374,4.311248586629374,4.311248586629374,4.311248586629374,4.311248586629374,4.311248586629374,4.311248586629374,4.311248586629374,4.311248586629374,4.311248586629374,4.311248586629374,4.311248586629374,4.311248586629374,4.311248586629374,4.311248586629374,4.311248586629374,4.311248586629374,4.311248586629374,4.311248586629374,4.311248586629374,4.311248586629374,4.311248586629374,4.311248586629374,4.311248586629374,4.311248586629374,4.311248586629374,4.311248586629374,4.311248586629374,4.311248586629374,4.311248586629374,4.311248586629374,4.311248586629374,4.311248586629374,4.311248586629374,4.311248586629374,4.311248586629374,4.311248586629374,4.311248586629374,4.311248586629374,4.311248586629374,4.311248586629374,4.311248586629374,4.311248586629374,4.311248586629374,4.311248586629374,4.311248586629374,4.311248586629374,4.311248586629374,4.311248586629374,4.311248586629374,4.311248586629374,4.311248586629374,4.311248586629374,4.311248586629374,4.311248586629374,4.311248586629374,4.311248586629374,4.311248586629374,4.311248586629374,4.311248586629374,4.311248586629374,4.311248586629374,4.311248586629374,4.311248586629374,4.311248586629374,4.311248586629374,4.311248586629374,4.311248586629374,4.311248586629374,4.311248586629374,4.311248586629374,4.311248586629374,4.311248586629374,4.311248586629374,4.311248586629374,4.311248586629374,4.311248586629374,4.311248586629374,4.311248586629374,4.311248586629374,4.311248586629374,4.311248586629374,4.311248586629374,4.311248586629374,4.311248586629374,4.311248586629374,4.311248586629374,4.311248586629374,4.311248586629374,4.311248586629374,4.311248586629374,4.311248586629374,4.311248586629374,4.311248586629374,4.311248586629374,4.311248586629374,4.311248586629374,4.311248586629374,4.311248586629374,4.311248586629374,4.311248586629374,4.311248586629374,4.311248586629374,4.311248586629374,4.311248586629374,4.311248586629374,4.311248586629374,4.311248586629374,4.311248586629374,4.311248586629374,4.311248586629374,4.311248586629374,4.311248586629374,4.311248586629374,4.311248586629374,4.311248586629374,4.311248586629374,4.311248586629374,4.311248586629374,4.311248586629374,4.311248586629374,4.311248586629374,4.311248586629374,4.311248586629374,4.311248586629374,4.311248586629374,4.311248586629374,4.311248586629374,4.311248586629374,4.311248586629374,4.311248586629374,4.311248586629374,4.311248586629374,4.311248586629374,4.311248586629374,4.311248586629374,4.311248586629374,4.311248586629374,4.311248586629374,4.311248586629374,4.311248586629374,4.311248586629374,4.311248586629374,4.311248586629374,4.311248586629374,4.311248586629374,4.311248586629374,4.311248586629374,4.311248586629374,4.311248586629374,4.311248586629374,4.311248586629374,6.169889977887692,5.7477680836179825,5.564827655344154,5.552973515923136,5.552973515923136,5.54346922117933,5.54346922117933,5.54346922117933,5.54346922117933,5.54346922117933,5.54346922117933,5.54346922117933,5.54346922117933,5.54346922117933,5.54346922117933,5.54346922117933,5.54346922117933,5.54346922117933,5.54346922117933,5.54346922117933,5.54346922117933,5.54346922117933,5.54346922117933,5.481764805590434,5.481764805590434,5.481764805590434,5.481764805590434,5.481764805590434,5.481764805590434,5.481764805590434,5.481764805590434,5.481764805590434,5.481764805590434,5.481764805590434,5.0997743061397545,5.0997743061397545,4.7285375264831755,4.487372805374811,4.470310561218685,4.470310561218685,4.470310561218685,4.470310561218685,4.470310561218685,4.050198129086409,4.050198129086409,4.050198129086409,4.050198129086409,4.050198129086409,4.050198129086409,4.050198129086409,4.050198129086409,4.050198129086409,4.050198129086409,4.0309270734710125,4.0309270734710125,4.0309270734710125,4.0309270734710125,4.0309270734710125,4.0309270734710125,4.0309270734710125,4.0309270734710125,4.0309270734710125,4.0309270734710125,4.0309270734710125,4.0309270734710125,4.0309270734710125,4.0309270734710125,4.0309270734710125,4.0309270734710125,4.0309270734710125,4.0309270734710125,4.0309270734710125,4.0309270734710125,4.0309270734710125,4.0309270734710125,4.0309270734710125,4.0309270734710125,4.0309270734710125,4.0309270734710125,4.0309270734710125,4.0309270734710125,4.0309270734710125,4.0309270734710125,4.0309270734710125,4.0309270734710125,4.0309270734710125,4.0309270734710125,4.0309270734710125,4.0309270734710125,4.0309270734710125,4.0309270734710125,4.0309270734710125,4.0309270734710125,4.0309270734710125,4.0309270734710125,4.0309270734710125,4.0309270734710125,4.0309270734710125,4.0309270734710125,4.0309270734710125,4.0309270734710125,4.0309270734710125,4.0309270734710125,4.0309270734710125,4.0309270734710125,4.0309270734710125,4.0309270734710125,4.0309270734710125,4.0309270734710125,4.0309270734710125,4.0309270734710125,4.0309270734710125,4.0309270734710125,4.0309270734710125,4.0309270734710125,4.0309270734710125,4.0309270734710125,4.0309270734710125,4.0309270734710125,4.0309270734710125,4.0309270734710125,4.0309270734710125,4.0309270734710125,4.0309270734710125,4.0309270734710125,4.0309270734710125,4.0309270734710125,4.0309270734710125,4.0309270734710125,4.0309270734710125,4.0309270734710125,4.0309270734710125,4.0309270734710125,4.0309270734710125,4.0309270734710125,4.0309270734710125,4.0309270734710125,4.0309270734710125,4.0309270734710125,4.0309270734710125,4.0309270734710125,4.0309270734710125,4.0309270734710125,4.0309270734710125,4.0309270734710125,4.0309270734710125,4.0309270734710125,4.0309270734710125,4.0309270734710125,4.0309270734710125,4.0309270734710125,4.0309270734710125,4.0309270734710125,4.0309270734710125,4.0309270734710125,4.0309270734710125,4.0309270734710125,4.0309270734710125,4.0309270734710125,4.0309270734710125,4.0309270734710125,4.0309270734710125,4.0309270734710125,4.0309270734710125,4.0309270734710125,4.0309270734710125,4.0309270734710125,4.0309270734710125,4.0309270734710125,4.0309270734710125,4.0309270734710125,4.0309270734710125,3.9767701354900358,3.9767701354900358,3.9767701354900358,3.9767701354900358,3.9767701354900358,3.9767701354900358,3.9767701354900358,3.9767701354900358,3.9767701354900358,3.9767701354900358,3.9767701354900358,3.9767701354900358,3.9767701354900358,3.9767701354900358,3.9767701354900358,3.9767701354900358,3.9767701354900358,3.9767701354900358,3.9767701354900358,3.9767701354900358,3.9767701354900358,3.9767701354900358,3.9767701354900358,3.9767701354900358,3.9767701354900358,3.9767701354900358,3.9767701354900358,3.9767701354900358,3.9767701354900358,3.9767701354900358,3.9767701354900358,3.9767701354900358,3.9767701354900358,3.9767701354900358,3.9767701354900358,3.9767701354900358,3.9767701354900358,3.9767701354900358,3.9767701354900358,3.9767701354900358,3.9767701354900358,3.9767701354900358,3.9767701354900358,3.9767701354900358,3.9767701354900358,3.9767701354900358,3.9767701354900358,3.9767701354900358,3.9767701354900358,3.9767701354900358,3.9767701354900358,3.9767701354900358,3.9767701354900358,3.9767701354900358,3.9767701354900358,3.9767701354900358,3.9767701354900358,3.9767701354900358,3.9767701354900358,3.9767701354900358,3.9767701354900358,3.9767701354900358,3.9767701354900358,3.9767701354900358,3.9767701354900358,3.9767701354900358,3.9767701354900358,3.9767701354900358,3.9767701354900358,3.9767701354900358,3.9767701354900358,3.9767701354900358,3.9767701354900358,3.9767701354900358,3.9767701354900358,3.9767701354900358,3.9767701354900358,3.9767701354900358,3.9767701354900358,3.9767701354900358,3.9767701354900358,3.9767701354900358,3.9767701354900358,3.9767701354900358,3.9767701354900358,3.9767701354900358,3.9767701354900358,3.9767701354900358,3.9767701354900358,3.9767701354900358,3.9767701354900358,3.9767701354900358,3.9767701354900358,3.9767701354900358,3.9767701354900358,3.9767701354900358,3.9767701354900358,3.9767701354900358,3.9767701354900358,3.9767701354900358,3.9767701354900358,3.9767701354900358,3.9767701354900358,3.9767701354900358,3.9767701354900358,3.9767701354900358,3.9767701354900358,3.9767701354900358,3.9767701354900358,3.9767701354900358,3.9767701354900358,3.9767701354900358,3.9767701354900358,3.9767701354900358,3.9767701354900358,3.9767701354900358,3.9767701354900358,3.9767701354900358,3.9767701354900358,3.9767701354900358,3.9767701354900358,3.9767701354900358,3.9767701354900358,3.9767701354900358,3.9767701354900358,3.9767701354900358,3.9767701354900358,3.9767701354900358,3.9767701354900358,3.9767701354900358,3.9767701354900358,3.9767701354900358,3.9767701354900358,3.9767701354900358,3.9767701354900358,3.9767701354900358,3.9767701354900358,3.9767701354900358,3.9767701354900358,3.9767701354900358,3.9767701354900358,3.9767701354900358,3.9767701354900358,3.9767701354900358,3.9767701354900358,3.9767701354900358,3.9767701354900358,3.9767701354900358,3.9767701354900358,3.9767701354900358,3.9767701354900358,3.9767701354900358,3.9767701354900358,3.9767701354900358,3.9767701354900358,3.9767701354900358,3.9767701354900358,3.9767701354900358,3.9767701354900358,3.9767701354900358,3.9767701354900358,3.9767701354900358,3.9767701354900358,3.9767701354900358,3.9767701354900358,3.9767701354900358,3.9767701354900358,3.9767701354900358,3.9767701354900358,3.9767701354900358,3.9767701354900358,3.9767701354900358,3.9767701354900358,3.9767701354900358,3.9767701354900358,3.9767701354900358,3.9767701354900358,3.9767701354900358,3.9767701354900358,3.9767701354900358,3.9767701354900358,3.9767701354900358,3.9767701354900358,3.9767701354900358,3.9767701354900358,3.9767701354900358,3.9767701354900358,3.9767701354900358,3.9767701354900358,3.9767701354900358,3.9767701354900358,3.9767701354900358,3.9767701354900358,3.9767701354900358,3.9767701354900358,3.9767701354900358,3.9767701354900358,3.9767701354900358,3.9767701354900358,3.9767701354900358,3.9767701354900358,3.9767701354900358,3.9767701354900358,3.9767701354900358,3.9767701354900358,3.9767701354900358,3.9767701354900358,3.9767701354900358,3.9767701354900358,3.9767701354900358,3.9767701354900358,3.9767701354900358,3.9767701354900358,3.9767701354900358,3.9767701354900358,3.9767701354900358,3.9767701354900358,3.9767701354900358,3.9767701354900358,3.9767701354900358,3.9767701354900358,3.9767701354900358,3.9767701354900358,3.9767701354900358,3.9767701354900358,3.9767701354900358,3.9767701354900358,3.9767701354900358,3.9767701354900358,3.9767701354900358,3.9767701354900358,3.9767701354900358,3.9767701354900358,3.9767701354900358,3.9767701354900358,3.9767701354900358,3.9767701354900358,3.9767701354900358,3.9767701354900358,3.9767701354900358,3.9767701354900358,3.9767701354900358,3.9767701354900358,3.9767701354900358,3.9767701354900358,3.9767701354900358,3.9767701354900358,3.9767701354900358,3.9767701354900358,3.9767701354900358,3.9767701354900358,3.9767701354900358,3.9767701354900358,3.9767701354900358,3.9767701354900358,3.9767701354900358,3.9767701354900358,3.9767701354900358,3.9767701354900358,3.9767701354900358,3.9767701354900358,3.9767701354900358,3.9767701354900358,3.9767701354900358,3.9767701354900358,3.9767701354900358,3.9767701354900358,3.9767701354900358,3.9767701354900358,3.9767701354900358,3.9767701354900358,3.9767701354900358,3.9767701354900358,3.9767701354900358,3.9767701354900358,3.9767701354900358,3.9767701354900358,3.9767701354900358,3.9767701354900358,3.9767701354900358,3.9767701354900358,3.9767701354900358,3.9767701354900358,3.9767701354900358,3.9767701354900358,3.9767701354900358,3.9767701354900358,3.9767701354900358,3.9767701354900358,3.9767701354900358,3.9767701354900358,3.9767701354900358,3.9767701354900358,3.9767701354900358,3.9767701354900358,3.9767701354900358,3.9767701354900358,3.9767701354900358,3.9767701354900358,3.9767701354900358,3.9767701354900358,3.9767701354900358,3.9767701354900358,3.9767701354900358,3.9767701354900358,3.9767701354900358,3.9767701354900358,3.9767701354900358,3.9767701354900358,3.9767701354900358,3.9767701354900358,3.9767701354900358,3.9767701354900358,3.9767701354900358,3.9767701354900358,3.9767701354900358,3.9767701354900358,3.9767701354900358,3.9767701354900358,3.9767701354900358,3.9767701354900358,3.9767701354900358,3.9767701354900358,3.9767701354900358,3.9767701354900358,3.865872833459229,3.865872833459229,3.865872833459229,3.5448899351518524,3.5448899351518524,3.5448899351518524,3.5448899351518524,3.5448899351518524,3.5448899351518524,3.5448899351518524,3.5448899351518524,3.5448899351518524,3.5448899351518524,3.5448899351518524,3.5448899351518524,3.5448899351518524,3.5448899351518524,3.5448899351518524,3.5448899351518524,3.5448899351518524,3.5448899351518524,3.5448899351518524,3.5448899351518524,3.5448899351518524,3.5448899351518524,3.5448899351518524,3.5448899351518524,3.5448899351518524,3.5448899351518524,3.5448899351518524,3.5448899351518524,3.5448899351518524,3.5448899351518524,3.5448899351518524,3.5448899351518524,3.5448899351518524,3.5448899351518524,3.5448899351518524,3.5448899351518524,3.5448899351518524,3.5448899351518524,3.5448899351518524,3.5448899351518524,3.5448899351518524,3.5448899351518524,3.5448899351518524,3.5448899351518524,3.5448899351518524,3.5448899351518524,3.5347056680321343,3.5347056680321343,3.5347056680321343,3.5347056680321343,3.5347056680321343,3.5347056680321343,3.5347056680321343,3.5347056680321343,3.5347056680321343,3.5347056680321343,3.5347056680321343,3.5347056680321343,3.5347056680321343,3.5347056680321343,3.5347056680321343,3.5347056680321343,3.5347056680321343,3.5347056680321343,3.5347056680321343,3.5347056680321343,3.5347056680321343,3.5347056680321343,3.5347056680321343,3.5347056680321343,3.5347056680321343,3.5347056680321343,3.5347056680321343,3.5347056680321343,3.5347056680321343,3.5347056680321343,3.5347056680321343,3.5347056680321343,3.5347056680321343,3.5347056680321343,3.5347056680321343,3.5347056680321343,3.5347056680321343,3.5347056680321343,3.5347056680321343,3.5347056680321343,3.5347056680321343,3.5347056680321343,3.5347056680321343,3.5347056680321343,3.5347056680321343,3.5347056680321343,3.5347056680321343,3.5347056680321343,3.5347056680321343,3.5347056680321343,3.5347056680321343,3.5347056680321343,3.5347056680321343,3.5347056680321343,3.5347056680321343,3.5347056680321343,3.5347056680321343,3.5347056680321343,3.5347056680321343,3.5347056680321343,3.5347056680321343,3.5347056680321343,3.5347056680321343,3.5347056680321343,3.5347056680321343,3.5347056680321343,3.5347056680321343,3.5347056680321343,3.5347056680321343,3.5347056680321343,3.5347056680321343,3.5347056680321343,3.5347056680321343,3.5347056680321343,3.5347056680321343,3.5347056680321343,3.5347056680321343,3.5347056680321343,3.5347056680321343,3.5347056680321343,3.5347056680321343,3.5347056680321343,3.5347056680321343,3.5347056680321343,3.5347056680321343,3.5347056680321343,3.5347056680321343,3.5347056680321343,3.5347056680321343,3.5347056680321343,3.5347056680321343,3.5347056680321343,3.5347056680321343,3.5347056680321343,3.5347056680321343,3.5347056680321343,3.5347056680321343,3.5347056680321343,3.5347056680321343,3.5347056680321343,3.5347056680321343,3.5347056680321343,3.5347056680321343,3.5347056680321343,3.5347056680321343,3.5347056680321343,3.5347056680321343,3.5347056680321343,3.5347056680321343,3.5347056680321343,3.5347056680321343,3.5347056680321343,3.5347056680321343,3.5347056680321343,3.5347056680321343,3.5347056680321343,3.5347056680321343,3.5347056680321343,3.5347056680321343,3.5347056680321343,3.5347056680321343,3.5347056680321343,3.5347056680321343,3.5347056680321343,3.5347056680321343,3.5347056680321343,3.5347056680321343,3.5347056680321343,3.5347056680321343,3.5347056680321343,3.5347056680321343,3.5347056680321343,3.5347056680321343,3.5347056680321343,3.5347056680321343,3.5347056680321343,3.5347056680321343,3.5347056680321343,3.5347056680321343,3.5347056680321343,3.5347056680321343,3.5347056680321343,3.5347056680321343,3.5347056680321343,3.5347056680321343,3.5347056680321343,3.5347056680321343,3.5347056680321343,3.5347056680321343,3.5347056680321343,3.5347056680321343,3.5347056680321343,3.5347056680321343,3.5347056680321343,3.5347056680321343,3.5347056680321343,3.5347056680321343,3.5347056680321343,3.5347056680321343,3.5347056680321343,3.5347056680321343,3.5347056680321343,3.5347056680321343,3.5347056680321343,3.5347056680321343,3.5347056680321343,3.5347056680321343,3.5347056680321343,3.5347056680321343,3.5347056680321343,3.5347056680321343,3.5347056680321343,3.5347056680321343,3.5347056680321343,3.5347056680321343,3.5347056680321343,3.5347056680321343,3.5347056680321343,3.5347056680321343,3.5347056680321343,3.5347056680321343,3.5347056680321343,3.5347056680321343,3.5347056680321343,3.5347056680321343,3.5347056680321343,3.5347056680321343,3.5347056680321343,3.5347056680321343,3.5347056680321343,3.5347056680321343,3.5347056680321343,3.5347056680321343,3.5347056680321343,3.5347056680321343,3.5347056680321343,3.5347056680321343,3.5347056680321343,3.5347056680321343,3.5347056680321343,3.5347056680321343,3.5347056680321343,3.5347056680321343,3.5347056680321343,3.5347056680321343,3.5347056680321343,3.5347056680321343,3.5347056680321343,3.5347056680321343,3.5347056680321343,3.5347056680321343,3.5347056680321343,3.5347056680321343,3.5347056680321343,3.5347056680321343,3.5347056680321343,3.5347056680321343,3.5347056680321343,3.5347056680321343,3.5347056680321343,3.5347056680321343,3.5347056680321343,3.5347056680321343,3.5347056680321343,3.5347056680321343,3.5347056680321343,3.5347056680321343,3.5347056680321343,3.5347056680321343,3.5347056680321343,3.5347056680321343,3.5347056680321343,3.5347056680321343,3.5347056680321343,3.5347056680321343,3.5347056680321343,3.5347056680321343,3.5347056680321343,3.5347056680321343,3.5347056680321343,3.5347056680321343,3.5347056680321343,3.5347056680321343,3.5347056680321343,3.5347056680321343,3.5347056680321343,3.5347056680321343,3.5347056680321343,3.5347056680321343,3.5347056680321343,3.5347056680321343,3.5347056680321343,3.5347056680321343,3.5347056680321343,3.5347056680321343,3.5347056680321343,3.5347056680321343,3.5347056680321343,3.5347056680321343,3.5347056680321343,3.5347056680321343,3.5347056680321343,3.5347056680321343,3.5347056680321343,3.5347056680321343,3.5347056680321343,3.5347056680321343,3.5347056680321343,3.5347056680321343,3.5347056680321343,3.5347056680321343,3.5347056680321343,3.5347056680321343,3.5347056680321343,3.5347056680321343,3.5347056680321343,3.5347056680321343,3.5347056680321343,3.5347056680321343,3.5347056680321343,3.5347056680321343,3.5347056680321343,3.5347056680321343,3.5347056680321343,3.5347056680321343,3.5347056680321343,3.5347056680321343,3.5347056680321343,3.5347056680321343,3.5347056680321343,3.5347056680321343,3.5347056680321343,3.5347056680321343,3.5347056680321343,3.5347056680321343,3.5347056680321343,3.5347056680321343,3.5347056680321343,3.5347056680321343,3.5347056680321343,3.5347056680321343,3.5347056680321343,3.5347056680321343,3.5347056680321343,3.5347056680321343,3.5347056680321343,3.5347056680321343,3.5347056680321343,3.5347056680321343,3.5347056680321343,3.5347056680321343,3.5347056680321343,3.5347056680321343,3.5347056680321343,3.5347056680321343,3.5347056680321343,3.5347056680321343,3.5347056680321343,3.5347056680321343,3.5347056680321343,3.5347056680321343,3.5347056680321343,3.5347056680321343,3.5347056680321343,3.5347056680321343,3.5347056680321343,3.5347056680321343,3.5347056680321343,3.5347056680321343,3.5347056680321343,3.5347056680321343,3.5347056680321343,3.5347056680321343,3.5347056680321343,3.5347056680321343,3.5347056680321343,3.5347056680321343,3.5347056680321343,3.5347056680321343,3.5347056680321343,3.5347056680321343,3.5347056680321343,3.5347056680321343,3.5347056680321343,3.5347056680321343,3.5347056680321343,3.5347056680321343,3.5347056680321343,3.5347056680321343,3.5347056680321343,3.5347056680321343,3.5347056680321343,3.5347056680321343,3.5347056680321343,3.5347056680321343,3.5347056680321343,3.5347056680321343,3.5347056680321343,3.5347056680321343,3.5347056680321343,3.5347056680321343,3.5347056680321343,3.5347056680321343,3.5347056680321343,3.5347056680321343,3.5347056680321343,3.5347056680321343,3.5347056680321343,3.5347056680321343,3.5347056680321343,3.5347056680321343,3.5347056680321343,3.5347056680321343,3.5347056680321343,3.5347056680321343,3.5347056680321343,3.5347056680321343,3.5347056680321343,3.5347056680321343,3.5347056680321343,3.5347056680321343,3.5347056680321343,3.5347056680321343,3.5347056680321343,3.5347056680321343,3.5347056680321343,3.5347056680321343,3.5347056680321343,3.5347056680321343,3.5347056680321343,3.5347056680321343,3.5347056680321343,3.5347056680321343,3.5347056680321343,3.5347056680321343,3.5347056680321343,3.5347056680321343,3.5347056680321343,3.5347056680321343,3.5347056680321343,3.5347056680321343,3.5347056680321343,3.5347056680321343,3.5347056680321343,3.5347056680321343,3.5347056680321343,3.5347056680321343,3.5347056680321343,3.5347056680321343,3.5347056680321343,3.5347056680321343,3.5347056680321343,3.5347056680321343,3.5347056680321343,3.5347056680321343,3.5347056680321343,3.5347056680321343,3.5347056680321343,3.5347056680321343,3.5347056680321343,3.5347056680321343,3.5347056680321343,3.5347056680321343,3.5347056680321343,3.5347056680321343,3.5347056680321343,3.5347056680321343,3.5347056680321343,3.5347056680321343,3.5347056680321343,3.5347056680321343,3.5347056680321343,3.5347056680321343,3.5347056680321343,3.5347056680321343,3.5347056680321343,3.5347056680321343,3.5347056680321343,3.5347056680321343,3.5347056680321343,3.5347056680321343,3.5347056680321343,3.5347056680321343,3.5347056680321343,3.5347056680321343,3.5347056680321343,3.5347056680321343,3.5347056680321343,3.5347056680321343,3.5347056680321343,3.5347056680321343,3.5347056680321343,3.5347056680321343,3.5347056680321343,8.847795927879321,8.612074715451772,8.612074715451772,8.612074715451772,8.11382017032971,7.450097285293176,7.450097285293176,6.603755225832945,6.227940149566787,6.227940149566787,6.227940149566787,6.227940149566787,6.227940149566787,6.227940149566787,6.227940149566787,6.227940149566787,6.227940149566787,6.227940149566787,6.227940149566787,6.227940149566787,6.227940149566787,6.227940149566787,6.227940149566787,6.227940149566787,6.227940149566787,6.227940149566787,6.227940149566787,6.227940149566787,6.227940149566787,6.227940149566787,6.227940149566787,6.227940149566787,6.227940149566787,6.0928839365667535,6.0928839365667535,6.0928839365667535,6.0928839365667535,6.0928839365667535,6.0928839365667535,6.0928839365667535,6.0557595149815375,6.0557595149815375,6.0557595149815375,6.0557595149815375,6.0557595149815375,6.0557595149815375,6.0557595149815375,6.0557595149815375,6.0557595149815375,6.0557595149815375,6.0557595149815375,6.0557595149815375,6.0557595149815375,6.0557595149815375,6.0557595149815375,6.055037440874826,6.055037440874826,6.055037440874826,6.055037440874826,6.055037440874826,6.055037440874826,6.055037440874826,6.055037440874826,6.055037440874826,6.055037440874826,6.055037440874826,6.055037440874826,6.055037440874826,6.055037440874826,6.055037440874826,6.055037440874826,6.055037440874826,6.055037440874826,6.055037440874826,6.055037440874826,6.055037440874826,6.055037440874826,6.055037440874826,6.055037440874826,6.055037440874826,6.055037440874826,6.055037440874826,6.055037440874826,6.055037440874826,6.055037440874826,6.055037440874826,6.055037440874826,6.055037440874826,6.055037440874826,6.055037440874826,6.055037440874826,6.055037440874826,6.055037440874826,6.055037440874826,6.055037440874826,6.055037440874826,6.055037440874826,6.055037440874826,6.055037440874826,6.055037440874826,6.055037440874826,6.055037440874826,5.718995556753402,5.4699140351358375,5.4699140351358375,5.4699140351358375,5.264062986938705,5.215539374339432,5.170996775666963,4.8788915326243725,4.678580343736637,4.678580343736637,4.678580343736637,4.678580343736637,4.678580343736637,4.678580343736637,4.678580343736637,4.678580343736637,4.678580343736637,4.678580343736637,4.678580343736637,4.678580343736637,4.678580343736637,4.678580343736637,4.678580343736637,4.678580343736637,4.678580343736637,4.678580343736637,4.678580343736637,4.678580343736637,4.678580343736637,4.678580343736637,4.678580343736637,4.678580343736637,4.678580343736637,4.678580343736637,4.678580343736637,4.678580343736637,4.678580343736637,4.678580343736637,4.678580343736637,4.678580343736637,4.678580343736637,4.678580343736637,4.678580343736637,4.678580343736637,4.678580343736637,4.678580343736637,4.678580343736637,4.678580343736637,4.678580343736637,4.678580343736637,4.678580343736637,4.678580343736637,4.678580343736637,4.678580343736637,4.678580343736637,4.678580343736637,4.678580343736637,4.678580343736637,4.678580343736637,4.678580343736637,4.678580343736637,4.678580343736637,4.678580343736637,4.678580343736637,4.678580343736637,4.678580343736637,4.678580343736637,4.678580343736637,4.678580343736637,4.678580343736637,4.678580343736637,4.678580343736637,4.678580343736637,4.678580343736637,4.678580343736637,4.678580343736637,4.678580343736637,4.678580343736637,4.678580343736637,4.678580343736637,4.678580343736637,4.678580343736637,4.678580343736637,4.678580343736637,4.678580343736637,4.678580343736637,4.678580343736637,4.678580343736637,4.678580343736637,4.678580343736637,4.678580343736637,4.678580343736637,4.678580343736637,4.678580343736637,4.678580343736637,4.678580343736637,4.678580343736637,4.678580343736637,4.678580343736637,4.678580343736637,4.678580343736637,4.678580343736637,4.678580343736637,4.678580343736637,4.678580343736637,4.678580343736637,4.678580343736637,4.678580343736637,4.678580343736637,4.678580343736637,4.678580343736637,4.678580343736637,4.678580343736637,4.678580343736637,4.678580343736637,4.678580343736637,4.678580343736637,4.678580343736637,4.678580343736637,4.678580343736637,4.678580343736637,4.678580343736637,4.678580343736637,4.678580343736637,4.678580343736637,4.678580343736637,4.678580343736637,4.678580343736637,4.678580343736637,4.678580343736637,4.678580343736637,4.678580343736637,4.678580343736637,4.678580343736637,4.678580343736637,4.678580343736637,4.678580343736637,4.678580343736637,4.678580343736637,4.678580343736637,4.678580343736637,4.678580343736637,4.678580343736637,4.678580343736637,4.678580343736637,4.678580343736637,4.678580343736637,4.678580343736637,4.678580343736637,4.678580343736637,4.678580343736637,4.678580343736637,4.678580343736637,4.678580343736637,4.678580343736637,4.678580343736637,4.678580343736637,4.678580343736637,4.678580343736637,4.678580343736637,4.678580343736637,4.678580343736637,3.7790695855456713,3.7790695855456713,3.591745738243333,3.591745738243333,3.591745738243333,3.591745738243333,3.591745738243333,3.591745738243333,3.591745738243333,3.591745738243333,3.591745738243333,3.591745738243333,3.591745738243333,3.591745738243333,3.591745738243333,3.591745738243333,3.591745738243333,3.591745738243333,3.591745738243333,3.591745738243333,3.591745738243333,3.591745738243333,3.591745738243333,3.591745738243333,3.591745738243333,3.591745738243333,3.591745738243333,3.591745738243333,3.591745738243333,3.591745738243333,3.591745738243333,3.591745738243333,3.591745738243333,3.591745738243333,3.591745738243333,3.591745738243333,3.591745738243333,3.591745738243333,3.591745738243333,3.591745738243333,3.591745738243333,3.591745738243333,3.591745738243333,3.591745738243333,3.591745738243333,3.591745738243333,3.591745738243333,3.591745738243333,3.591745738243333,3.591745738243333,3.591745738243333,3.591745738243333,3.591745738243333,3.591745738243333,3.591745738243333,3.591745738243333,3.591745738243333,3.591745738243333,3.591745738243333,3.591745738243333,3.591745738243333,3.591745738243333,3.591745738243333,3.591745738243333,3.591745738243333,3.591745738243333,3.591745738243333,3.591745738243333,3.591745738243333,3.591745738243333,3.591745738243333,3.591745738243333,3.591745738243333,3.591745738243333,3.591745738243333,3.591745738243333,3.591745738243333,3.591745738243333,3.591745738243333,3.591745738243333,3.591745738243333,3.591745738243333,3.591745738243333,3.591745738243333,3.591745738243333,3.591745738243333,3.591745738243333,3.591745738243333,3.591745738243333,3.591745738243333,3.591745738243333,3.591745738243333,3.591745738243333,3.591745738243333,3.591745738243333,3.591745738243333,3.591745738243333,3.591745738243333,3.591745738243333,3.591745738243333,3.591745738243333,3.591745738243333,3.591745738243333,3.591745738243333,3.591745738243333,3.591745738243333,3.591745738243333,3.591745738243333,3.591745738243333,3.591745738243333,3.591745738243333,3.591745738243333,3.591745738243333,3.591745738243333,3.591745738243333,3.591745738243333,3.591745738243333,3.591745738243333,3.591745738243333,3.591745738243333,3.591745738243333,3.591745738243333,3.591745738243333,3.591745738243333,3.591745738243333,3.591745738243333,3.591745738243333,3.591745738243333,3.591745738243333,3.591745738243333,3.591745738243333,3.591745738243333,3.591745738243333,3.591745738243333,3.591745738243333,3.591745738243333,3.591745738243333,3.591745738243333,3.591745738243333,3.591745738243333,3.591745738243333,3.591745738243333,3.591745738243333,3.591745738243333,3.591745738243333,3.591745738243333,3.591745738243333,3.591745738243333,3.591745738243333,3.591745738243333,3.591745738243333,3.591745738243333,3.591745738243333,3.591745738243333,3.591745738243333,3.591745738243333,3.591745738243333,3.591745738243333,3.591745738243333,3.591745738243333,3.591745738243333,3.591745738243333,3.591745738243333,3.591745738243333,3.591745738243333,3.591745738243333,3.591745738243333,3.591745738243333,3.591745738243333,3.591745738243333,3.591745738243333,3.591745738243333,3.591745738243333,3.591745738243333,3.591745738243333,3.591745738243333,3.591745738243333,3.591745738243333,3.591745738243333,3.591745738243333,3.591745738243333,3.591745738243333,3.591745738243333,3.591745738243333,3.591745738243333,3.591745738243333,3.591745738243333,3.591745738243333,3.591745738243333,3.591745738243333,3.591745738243333,3.591745738243333,3.591745738243333,3.591745738243333,3.591745738243333,3.591745738243333,3.591745738243333,3.591745738243333,3.591745738243333,3.591745738243333,3.591745738243333,3.591745738243333,3.591745738243333,3.591745738243333,3.591745738243333,3.591745738243333,3.591745738243333,3.591745738243333,3.591745738243333,3.591745738243333,3.591745738243333,3.591745738243333,3.591745738243333,3.591745738243333,3.591745738243333,3.591745738243333,3.591745738243333,3.591745738243333,3.591745738243333,3.591745738243333,3.591745738243333,3.591745738243333,3.591745738243333,3.591745738243333,3.591745738243333,3.591745738243333,3.591745738243333,3.591745738243333,3.591745738243333,3.591745738243333,3.591745738243333,3.591745738243333,3.591745738243333,3.591745738243333,3.591745738243333,3.591745738243333,3.591745738243333,3.591745738243333,3.591745738243333,3.591745738243333,3.591745738243333,3.591745738243333,3.591745738243333,3.591745738243333,3.591745738243333,3.591745738243333,3.591745738243333,3.591745738243333,3.591745738243333,3.591745738243333,3.591745738243333,3.591745738243333,3.591745738243333,3.591745738243333,3.591745738243333,3.591745738243333,3.591745738243333,3.591745738243333,3.591745738243333,3.591745738243333,3.591745738243333,3.591745738243333,3.591745738243333,3.591745738243333,3.591745738243333,3.591745738243333,3.591745738243333,3.591745738243333,3.591745738243333,3.591745738243333,3.591745738243333,3.591745738243333,3.591745738243333,3.591745738243333,3.591745738243333,3.591745738243333,3.591745738243333,3.591745738243333,3.591745738243333,3.591745738243333,3.591745738243333,3.591745738243333,3.591745738243333,3.591745738243333,3.591745738243333,3.591745738243333,3.591745738243333,3.591745738243333,3.591745738243333,3.591745738243333,3.591745738243333,3.591745738243333,3.591745738243333,3.591745738243333,3.591745738243333,3.591745738243333,3.591745738243333,3.591745738243333,3.591745738243333,3.591745738243333,3.591745738243333,3.591745738243333,3.591745738243333,3.591745738243333,3.591745738243333,3.591745738243333,3.591745738243333,3.591745738243333,3.591745738243333,3.591745738243333,3.591745738243333,3.591745738243333,3.591745738243333,3.591745738243333,3.591745738243333,3.591745738243333,3.591745738243333,3.591745738243333,3.591745738243333,3.591745738243333,3.591745738243333,3.591745738243333,3.591745738243333,3.591745738243333,3.591745738243333,3.591745738243333,3.591745738243333,3.591745738243333,3.591745738243333,3.591745738243333,3.591745738243333,3.591745738243333,3.591745738243333,3.591745738243333,3.591745738243333,3.591745738243333,3.591745738243333,3.591745738243333,3.591745738243333,3.591745738243333,3.591745738243333,3.591745738243333,3.591745738243333,3.591745738243333,3.591745738243333,3.591745738243333,3.591745738243333,3.591745738243333,3.591745738243333,3.591745738243333,3.591745738243333,3.591745738243333,3.591745738243333,3.591745738243333,3.591745738243333,3.591745738243333,3.591745738243333,3.591745738243333,3.591745738243333,3.591745738243333,3.591745738243333,3.591745738243333,3.591745738243333,3.591745738243333,3.591745738243333,3.591745738243333,3.591745738243333,3.591745738243333,3.591745738243333,3.591745738243333,3.591745738243333,3.591745738243333,3.591745738243333,3.591745738243333,3.591745738243333,3.591745738243333,3.591745738243333,3.591745738243333,3.591745738243333,3.591745738243333,3.591745738243333,3.591745738243333,3.591745738243333,3.591745738243333,3.591745738243333,3.591745738243333,3.591745738243333,3.591745738243333,3.591745738243333,3.591745738243333,3.591745738243333,3.591745738243333,3.591745738243333,3.591745738243333,3.591745738243333,3.591745738243333,3.591745738243333,3.591745738243333,3.591745738243333,3.591745738243333,3.591745738243333,3.591745738243333,3.591745738243333,3.591745738243333,3.591745738243333,3.591745738243333,3.591745738243333,3.591745738243333,3.591745738243333,3.591745738243333,3.591745738243333,3.591745738243333,3.591745738243333,3.591745738243333,3.591745738243333,3.591745738243333,3.591745738243333,3.591745738243333,3.591745738243333,3.591745738243333,3.591745738243333,3.591745738243333,3.591745738243333,3.591745738243333,3.591745738243333,3.591745738243333,3.591745738243333,3.591745738243333,3.591745738243333,3.591745738243333,3.591745738243333,3.591745738243333,3.591745738243333,3.591745738243333,3.591745738243333,3.591745738243333,3.591745738243333,3.591745738243333,3.591745738243333,3.591745738243333,3.591745738243333,3.591745738243333,3.591745738243333,3.591745738243333,3.591745738243333,3.591745738243333,3.591745738243333,3.591745738243333,3.591745738243333,3.591745738243333,3.591745738243333,3.591745738243333,3.591745738243333,3.591745738243333,3.591745738243333,3.591745738243333,3.591745738243333,3.591745738243333,3.591745738243333,3.591745738243333,3.591745738243333,3.591745738243333,3.591745738243333,3.591745738243333,3.591745738243333,3.591745738243333,3.591745738243333,3.591745738243333,3.591745738243333,3.591745738243333,3.591745738243333,3.591745738243333,3.591745738243333,3.591745738243333,3.591745738243333,3.591745738243333,3.591745738243333,3.591745738243333,3.591745738243333,3.591745738243333,3.591745738243333,3.591745738243333,3.591745738243333,3.591745738243333,3.591745738243333,3.591745738243333,3.591745738243333,3.591745738243333,3.591745738243333,3.591745738243333,3.591745738243333,3.591745738243333,3.591745738243333,3.591745738243333,3.591745738243333,3.591745738243333,3.591745738243333,3.591745738243333,3.591745738243333,3.591745738243333,3.591745738243333,3.591745738243333,3.591745738243333,3.591745738243333,3.591745738243333,3.591745738243333,3.591745738243333,3.591745738243333,3.591745738243333,3.591745738243333,3.591745738243333,3.591745738243333,3.591745738243333,3.591745738243333,3.591745738243333,3.591745738243333,3.591745738243333,3.591745738243333,3.591745738243333,3.591745738243333,3.591745738243333,3.591745738243333,3.591745738243333,3.591745738243333,3.591745738243333,3.591745738243333,3.591745738243333,3.591745738243333,3.591745738243333,3.591745738243333,3.591745738243333,3.591745738243333,3.591745738243333,3.591745738243333,3.591745738243333,3.591745738243333,3.591745738243333,3.591745738243333,3.591745738243333,3.591745738243333,3.591745738243333,3.591745738243333,3.591745738243333,3.591745738243333,3.591745738243333,3.591745738243333,3.591745738243333,3.591745738243333,3.591745738243333,3.591745738243333,3.591745738243333,3.591745738243333,3.591745738243333,3.591745738243333,3.591745738243333,3.591745738243333,3.591745738243333,3.591745738243333,3.591745738243333,3.591745738243333,3.591745738243333,3.591745738243333,3.591745738243333,3.591745738243333,3.591745738243333,3.591745738243333,3.591745738243333,3.591745738243333,3.591745738243333,3.591745738243333,3.591745738243333,3.591745738243333,3.591745738243333,3.591745738243333,3.591745738243333,3.591745738243333,3.591745738243333,3.591745738243333,3.591745738243333,3.591745738243333,3.591745738243333,3.591745738243333,3.591745738243333,3.591745738243333,3.591745738243333,3.591745738243333,3.591745738243333,3.591745738243333,3.591745738243333,3.591745738243333,3.591745738243333,3.591745738243333,3.591745738243333,3.591745738243333,3.591745738243333,3.591745738243333,3.591745738243333,3.591745738243333,3.591745738243333,3.591745738243333,3.591745738243333,3.591745738243333,3.591745738243333,3.591745738243333,3.591745738243333,3.591745738243333,3.591745738243333,3.591745738243333,3.591745738243333,3.591745738243333,3.591745738243333,3.591745738243333,3.591745738243333,3.591745738243333,3.591745738243333,3.591745738243333,3.591745738243333,3.591745738243333,3.591745738243333,3.591745738243333,3.591745738243333,3.591745738243333,3.591745738243333,3.591745738243333,3.591745738243333,3.591745738243333,3.591745738243333,3.591745738243333,3.591745738243333,3.591745738243333,3.591745738243333,3.591745738243333,3.591745738243333,3.591745738243333,3.591745738243333,3.591745738243333,3.591745738243333,3.591745738243333,3.591745738243333,3.591745738243333,3.591745738243333,3.591745738243333,3.591745738243333,3.591745738243333,3.591745738243333,3.591745738243333,3.591745738243333,3.591745738243333,3.591745738243333,3.591745738243333,3.591745738243333,3.591745738243333,3.591745738243333,3.591745738243333,3.591745738243333,3.591745738243333,3.591745738243333,3.591745738243333,3.591745738243333,3.591745738243333,3.591745738243333,3.591745738243333,3.591745738243333,3.591745738243333,3.591745738243333,3.591745738243333,3.591745738243333,3.591745738243333,3.591745738243333,3.591745738243333,3.591745738243333,3.591745738243333,3.591745738243333,3.591745738243333,3.591745738243333,3.591745738243333,3.591745738243333,3.591745738243333,3.591745738243333,3.591745738243333,3.591745738243333,3.591745738243333,3.591745738243333,3.591745738243333,3.591745738243333,3.591745738243333,3.591745738243333,3.591745738243333,3.591745738243333,3.591745738243333,3.591745738243333,3.591745738243333,3.591745738243333,3.591745738243333,3.591745738243333,3.591745738243333,3.591745738243333,3.591745738243333,3.591745738243333,3.591745738243333,3.591745738243333,3.591745738243333,3.591745738243333,3.591745738243333,3.591745738243333,3.591745738243333,3.591745738243333,3.591745738243333,3.591745738243333,3.591745738243333,3.591745738243333,3.591745738243333,3.591745738243333,3.591745738243333,3.591745738243333,3.591745738243333,3.591745738243333,3.591745738243333,3.591745738243333,3.591745738243333,3.591745738243333,3.591745738243333,3.591745738243333,3.591745738243333,3.591745738243333,3.591745738243333,3.591745738243333,3.591745738243333,3.591745738243333,3.591745738243333,3.591745738243333,3.591745738243333,3.591745738243333,3.591745738243333,3.591745738243333,3.591745738243333,8.232478850396152,7.17340227482761,7.171921839096556,7.171921839096556,7.171921839096556,7.171921839096556,7.171921839096556,7.171921839096556,7.111403236546532,7.111403236546532,7.111403236546532,7.111403236546532,7.111403236546532,7.111403236546532,6.9704398034056,6.9704398034056,6.470269062677294,6.470269062677294,6.470269062677294,6.470269062677294,6.322111043591678,6.322111043591678,6.322111043591678,6.322111043591678,6.322111043591678,6.322111043591678,6.322111043591678,6.322111043591678,6.322111043591678,6.322111043591678,6.322111043591678,6.322111043591678,6.322111043591678,6.322111043591678,6.322111043591678,6.322111043591678,6.322111043591678,6.322111043591678,6.322111043591678,6.322111043591678,6.322111043591678,6.322111043591678,6.322111043591678,6.322111043591678,6.322111043591678,6.322111043591678,6.322111043591678,6.322111043591678,6.322111043591678,6.322111043591678,6.322111043591678,6.322111043591678,6.322111043591678,6.322111043591678,6.322111043591678,6.322111043591678,6.322111043591678,6.322111043591678,6.322111043591678,6.322111043591678,6.322111043591678,6.322111043591678,6.322111043591678,6.322111043591678,6.322111043591678,6.322111043591678,6.322111043591678,6.322111043591678,6.322111043591678,6.322111043591678,6.322111043591678,6.322111043591678,6.322111043591678,6.322111043591678,6.322111043591678,6.322111043591678,6.322111043591678,6.322111043591678,6.322111043591678,6.322111043591678,6.322111043591678,6.322111043591678,6.322111043591678,6.322111043591678,6.322111043591678,6.322111043591678,6.322111043591678,6.322111043591678,6.322111043591678,6.322111043591678,6.322111043591678,6.322111043591678,6.322111043591678,6.322111043591678,6.322111043591678,6.322111043591678,6.322111043591678,6.322111043591678,6.322111043591678,6.322111043591678,6.322111043591678,6.287178612816589,6.287178612816589,6.287178612816589,6.287178612816589,6.287178612816589,6.287178612816589,6.287178612816589,6.287178612816589,6.287178612816589,6.287178612816589,6.169931954981303,6.169931954981303,6.169931954981303,5.493099647673332,5.378384474459627,5.378384474459627,4.938612439986001,4.938612439986001,4.938612439986001,4.938612439986001,4.664736343028388,4.664736343028388,4.664736343028388,4.664736343028388,4.664736343028388,4.664736343028388,4.664736343028388,4.664736343028388,4.664736343028388,4.664736343028388,4.664736343028388,4.664736343028388,4.664736343028388,4.664736343028388,4.664736343028388,4.664736343028388,4.664736343028388,4.664736343028388,4.664736343028388,4.664736343028388,4.664736343028388,4.664736343028388,4.664736343028388,4.664736343028388,4.664736343028388,4.664736343028388,4.664736343028388,4.664736343028388,4.664736343028388,4.664736343028388,4.664736343028388,4.664736343028388,4.664736343028388,4.664736343028388,4.664736343028388,4.664736343028388,4.664736343028388,4.664736343028388,4.664736343028388,4.664736343028388,4.664736343028388,4.664736343028388,4.664736343028388,4.664736343028388,4.664736343028388,4.664736343028388,4.664736343028388,4.664736343028388,4.664736343028388,4.664736343028388,4.664736343028388,4.664736343028388,4.664736343028388,4.664736343028388,4.664736343028388,4.664736343028388,4.664736343028388,4.664736343028388,4.664736343028388,4.664736343028388,4.664736343028388,4.664736343028388,4.664736343028388,4.664736343028388,4.664736343028388,4.664736343028388,4.664736343028388,4.664736343028388,4.664736343028388,4.664736343028388,4.664736343028388,4.664736343028388,4.664736343028388,4.664736343028388,4.664736343028388,4.664736343028388,4.664736343028388,4.664736343028388,4.664736343028388,4.664736343028388,4.664736343028388,4.664736343028388,4.664736343028388,4.664736343028388,4.664736343028388,4.664736343028388,4.664736343028388,4.664736343028388,4.664736343028388,4.664736343028388,4.664736343028388,4.664736343028388,4.664736343028388,4.664736343028388,4.664736343028388,4.664736343028388,4.664736343028388,4.664736343028388,4.664736343028388,4.664736343028388,4.664736343028388,4.664736343028388,4.664736343028388,4.664736343028388,4.664736343028388,4.664736343028388,4.664736343028388,4.664736343028388,4.664736343028388,4.664736343028388,4.664736343028388,4.664736343028388,4.664736343028388,4.664736343028388,4.664736343028388,4.664736343028388,4.664736343028388,4.664736343028388,4.664736343028388,4.664736343028388,4.664736343028388,4.664736343028388,4.664736343028388,4.664736343028388,4.664736343028388,4.664736343028388,4.664736343028388,4.664736343028388,4.664736343028388,4.664736343028388,4.664736343028388,4.664736343028388,4.664736343028388,4.664736343028388,4.664736343028388,4.664736343028388,4.664736343028388,4.664736343028388,4.664736343028388,4.664736343028388,4.664736343028388,4.664736343028388,4.664736343028388,4.664736343028388,4.664736343028388,4.664736343028388,4.664736343028388,4.664736343028388,4.664736343028388,4.664736343028388,4.664736343028388,4.664736343028388,4.664736343028388,4.664736343028388,4.664736343028388,4.664736343028388,4.664736343028388,4.664736343028388,4.664736343028388,4.664736343028388,4.664736343028388,4.664736343028388,4.664736343028388,4.664736343028388,4.664736343028388,4.664736343028388,4.664736343028388,4.664736343028388,4.664736343028388,4.664736343028388,4.664736343028388,4.664736343028388,4.664736343028388,4.664736343028388,4.664736343028388,4.664736343028388,4.664736343028388,4.664736343028388,4.664736343028388,4.664736343028388,4.664736343028388,4.664736343028388,4.664736343028388,4.664736343028388,4.664736343028388,4.664736343028388,4.664736343028388,4.664736343028388,4.664736343028388,4.664736343028388,4.449568053617782,4.449568053617782,4.449568053617782,4.449568053617782,4.449568053617782,4.449568053617782,4.449568053617782,4.449568053617782,4.449568053617782,4.449568053617782,4.449568053617782,4.449568053617782,4.449568053617782,4.449568053617782,4.449568053617782,4.449568053617782,4.449568053617782,4.449568053617782,4.449568053617782,4.449568053617782,4.291476631746403,4.291476631746403,4.291476631746403,4.291476631746403,4.291476631746403,4.259443413720984,4.259443413720984,4.259443413720984,4.099830923388557,4.099830923388557,4.099830923388557,4.099830923388557,4.099830923388557,4.099830923388557,4.099830923388557,4.099830923388557,4.099830923388557,4.099830923388557,4.099830923388557,4.099830923388557,4.099830923388557,4.099830923388557,4.099830923388557,4.099830923388557,4.099830923388557,4.099830923388557,4.099830923388557,4.099830923388557,4.099830923388557,4.099830923388557,4.099830923388557,4.099830923388557,4.099830923388557,4.099830923388557,4.099830923388557,4.099830923388557,4.099830923388557,4.099830923388557,4.099830923388557,4.099830923388557,4.099830923388557,4.099830923388557,4.099830923388557,4.099830923388557,4.099830923388557,4.099830923388557,3.0538514114994157,2.5351259191824838,2.5007244694635355,2.5007244694635355,2.5007244694635355,2.5007244694635355,2.5007244694635355,2.5007244694635355,2.5007244694635355,2.5007244694635355,2.5007244694635355,2.5007244694635355,2.5007244694635355,2.5007244694635355,2.5007244694635355,2.5007244694635355,2.5007244694635355,2.5007244694635355,2.5007244694635355,2.5007244694635355,2.5007244694635355,2.5007244694635355,2.5007244694635355,2.5007244694635355,2.5007244694635355,2.5007244694635355,2.5007244694635355,2.5007244694635355,2.5007244694635355,2.5007244694635355,2.5007244694635355,2.5007244694635355,2.5007244694635355,2.5007244694635355,2.5007244694635355,2.5007244694635355,2.5007244694635355,2.5007244694635355,2.5007244694635355,2.5007244694635355,2.5007244694635355,2.5007244694635355,2.5007244694635355,2.5007244694635355,2.5007244694635355,2.5007244694635355,2.5007244694635355,2.5007244694635355,2.5007244694635355,2.5007244694635355,2.5007244694635355,2.5007244694635355,2.5007244694635355,2.5007244694635355,2.5007244694635355,2.5007244694635355,2.5007244694635355,2.5007244694635355,2.5007244694635355,2.5007244694635355,2.5007244694635355,2.5007244694635355,2.5007244694635355,2.5007244694635355,2.5007244694635355,2.5007244694635355,2.5007244694635355,2.5007244694635355,2.5007244694635355,2.5007244694635355,2.5007244694635355,2.5007244694635355,2.5007244694635355,2.5007244694635355,2.5007244694635355,2.5007244694635355,2.5007244694635355,2.5007244694635355,2.5007244694635355,2.5007244694635355,2.5007244694635355,2.5007244694635355,2.5007244694635355,2.5007244694635355,2.5007244694635355,2.5007244694635355,2.5007244694635355,2.5007244694635355,2.5007244694635355,2.5007244694635355,2.5007244694635355,2.5007244694635355,2.5007244694635355,2.5007244694635355,2.5007244694635355,2.5007244694635355,2.5007244694635355,2.5007244694635355,2.5007244694635355,2.5007244694635355,2.5007244694635355,2.5007244694635355,2.5007244694635355,2.5007244694635355,2.5007244694635355,2.5007244694635355,2.5007244694635355,2.5007244694635355,2.5007244694635355,2.5007244694635355,2.5007244694635355,2.5007244694635355,2.5007244694635355,2.5007244694635355,2.5007244694635355,2.5007244694635355,2.5007244694635355,2.5007244694635355,2.5007244694635355,2.5007244694635355,2.5007244694635355,2.5007244694635355,2.5007244694635355,2.5007244694635355,2.5007244694635355,2.5007244694635355,2.5007244694635355,2.5007244694635355,2.5007244694635355,2.5007244694635355,2.5007244694635355,2.5007244694635355,2.5007244694635355,2.5007244694635355,2.5007244694635355,2.5007244694635355,2.5007244694635355,2.5007244694635355,2.5007244694635355,2.5007244694635355,2.5007244694635355,2.5007244694635355,2.5007244694635355,2.5007244694635355,2.5007244694635355,2.5007244694635355,2.5007244694635355,2.5007244694635355,2.5007244694635355,2.5007244694635355,2.5007244694635355,2.5007244694635355,2.5007244694635355,2.5007244694635355,2.5007244694635355,2.5007244694635355,2.5007244694635355,2.5007244694635355,2.5007244694635355,2.5007244694635355,2.5007244694635355,2.5007244694635355,2.5007244694635355,2.5007244694635355,2.5007244694635355,2.5007244694635355,2.5007244694635355,2.5007244694635355,2.5007244694635355,2.5007244694635355,2.5007244694635355,2.5007244694635355,2.5007244694635355,2.5007244694635355,2.5007244694635355,2.5007244694635355,2.5007244694635355,2.5007244694635355,2.5007244694635355,2.5007244694635355,2.5007244694635355,2.5007244694635355,2.5007244694635355,2.5007244694635355,2.5007244694635355,2.5007244694635355,2.5007244694635355,2.5007244694635355,2.5007244694635355,2.5007244694635355,2.5007244694635355,2.5007244694635355,2.5007244694635355,2.5007244694635355,2.5007244694635355,2.5007244694635355,2.5007244694635355,2.5007244694635355,2.5007244694635355,2.5007244694635355,2.5007244694635355,2.5007244694635355,2.5007244694635355,2.5007244694635355,2.5007244694635355,2.5007244694635355,2.5007244694635355,2.5007244694635355,2.5007244694635355,2.5007244694635355,2.5007244694635355,2.5007244694635355,2.5007244694635355,2.5007244694635355,2.5007244694635355,2.5007244694635355,2.5007244694635355,2.5007244694635355,2.5007244694635355,2.5007244694635355,2.5007244694635355,2.5007244694635355,2.5007244694635355,2.5007244694635355,2.5007244694635355,2.5007244694635355,2.5007244694635355,2.5007244694635355,2.5007244694635355,2.5007244694635355,2.5007244694635355,2.5007244694635355,2.5007244694635355,2.5007244694635355,2.5007244694635355,2.5007244694635355,2.5007244694635355,2.5007244694635355,2.5007244694635355,2.5007244694635355,2.5007244694635355,2.5007244694635355,2.5007244694635355,2.5007244694635355,2.5007244694635355,2.5007244694635355,2.5007244694635355,2.5007244694635355,2.5007244694635355,2.5007244694635355,2.5007244694635355,2.5007244694635355,2.5007244694635355,2.5007244694635355,2.5007244694635355,2.5007244694635355,2.5007244694635355,2.5007244694635355,2.5007244694635355,2.5007244694635355,2.5007244694635355,2.5007244694635355,2.5007244694635355,2.5007244694635355,2.5007244694635355,2.5007244694635355,2.5007244694635355,2.5007244694635355,2.5007244694635355,2.5007244694635355,2.5007244694635355,2.5007244694635355,2.5007244694635355,2.5007244694635355,2.5007244694635355,2.5007244694635355,2.5007244694635355,2.5007244694635355,2.5007244694635355,2.5007244694635355,2.5007244694635355,2.5007244694635355,2.5007244694635355,2.5007244694635355,2.5007244694635355,2.5007244694635355,2.5007244694635355,2.5007244694635355,2.5007244694635355,2.5007244694635355,2.5007244694635355,2.5007244694635355,2.5007244694635355,2.5007244694635355,2.5007244694635355,2.5007244694635355,2.5007244694635355,2.5007244694635355,2.5007244694635355,2.5007244694635355,2.5007244694635355,2.5007244694635355,2.5007244694635355,2.5007244694635355,2.5007244694635355,2.5007244694635355,2.5007244694635355,2.5007244694635355,2.5007244694635355,2.5007244694635355,2.5007244694635355,2.5007244694635355,2.5007244694635355,2.5007244694635355,2.5007244694635355,2.5007244694635355,2.5007244694635355,2.5007244694635355,2.5007244694635355,2.5007244694635355,2.5007244694635355,2.5007244694635355,2.5007244694635355,2.5007244694635355,2.5007244694635355,2.5007244694635355,2.5007244694635355,2.5007244694635355,2.5007244694635355,2.5007244694635355,2.5007244694635355,2.5007244694635355,2.5007244694635355,2.5007244694635355,2.5007244694635355,2.5007244694635355,2.5007244694635355,2.5007244694635355,2.5007244694635355,2.5007244694635355,2.5007244694635355,2.5007244694635355,2.5007244694635355,2.5007244694635355,2.5007244694635355,2.5007244694635355,2.5007244694635355,2.5007244694635355,2.5007244694635355,2.5007244694635355,2.5007244694635355,2.5007244694635355,2.5007244694635355,2.5007244694635355,2.5007244694635355,2.5007244694635355,2.5007244694635355,2.5007244694635355,2.5007244694635355,2.5007244694635355,2.5007244694635355,2.5007244694635355,2.5007244694635355,2.5007244694635355,2.5007244694635355,2.5007244694635355,2.5007244694635355,2.5007244694635355,2.5007244694635355,2.5007244694635355,2.5007244694635355,2.5007244694635355,2.5007244694635355,2.5007244694635355,2.5007244694635355,2.5007244694635355,2.5007244694635355,2.5007244694635355,2.5007244694635355,2.5007244694635355,2.5007244694635355,2.5007244694635355,2.5007244694635355,2.5007244694635355,2.5007244694635355,2.5007244694635355,2.5007244694635355,2.5007244694635355,2.5007244694635355,2.5007244694635355,2.5007244694635355,2.5007244694635355,2.5007244694635355,2.5007244694635355,2.5007244694635355,2.5007244694635355,2.5007244694635355,2.5007244694635355,2.5007244694635355,2.5007244694635355,2.5007244694635355,2.5007244694635355,2.5007244694635355,2.5007244694635355,2.5007244694635355,2.5007244694635355,2.5007244694635355,2.5007244694635355,2.5007244694635355,2.5007244694635355,2.5007244694635355,2.5007244694635355,2.5007244694635355,2.5007244694635355,2.5007244694635355,2.5007244694635355,2.5007244694635355,2.5007244694635355,2.5007244694635355,2.5007244694635355,2.5007244694635355,2.5007244694635355,2.5007244694635355,2.5007244694635355,2.5007244694635355,2.5007244694635355,2.5007244694635355,2.5007244694635355,2.5007244694635355,2.5007244694635355,2.5007244694635355,2.5007244694635355,2.5007244694635355,2.5007244694635355,2.5007244694635355,2.5007244694635355,2.5007244694635355,2.5007244694635355,2.5007244694635355,2.5007244694635355,2.5007244694635355,2.5007244694635355,2.5007244694635355,2.5007244694635355,2.5007244694635355,2.5007244694635355,2.5007244694635355,2.5007244694635355,2.5007244694635355,2.5007244694635355,2.5007244694635355,2.5007244694635355,2.5007244694635355,2.5007244694635355,2.5007244694635355,2.5007244694635355,2.5007244694635355,2.5007244694635355,2.5007244694635355,2.5007244694635355,2.5007244694635355,2.5007244694635355,2.5007244694635355,2.5007244694635355,2.5007244694635355,2.5007244694635355,2.5007244694635355,2.5007244694635355,2.5007244694635355,2.5007244694635355,2.5007244694635355,2.5007244694635355,2.5007244694635355,2.5007244694635355,2.5007244694635355,2.5007244694635355,2.5007244694635355,2.5007244694635355,2.5007244694635355,2.5007244694635355,2.5007244694635355,2.5007244694635355,2.5007244694635355,2.5007244694635355,2.5007244694635355,2.5007244694635355,2.5007244694635355,2.5007244694635355,2.5007244694635355,2.5007244694635355,2.5007244694635355,2.5007244694635355,2.5007244694635355,2.5007244694635355,2.5007244694635355,2.5007244694635355,2.5007244694635355,2.5007244694635355,2.5007244694635355,2.5007244694635355,2.5007244694635355,2.5007244694635355,2.5007244694635355,2.5007244694635355,2.5007244694635355,2.5007244694635355,2.5007244694635355,2.5007244694635355,2.5007244694635355,2.5007244694635355,2.5007244694635355,2.5007244694635355,2.5007244694635355,2.5007244694635355,2.5007244694635355,2.5007244694635355,2.5007244694635355,2.5007244694635355,2.5007244694635355,2.5007244694635355,2.5007244694635355,2.5007244694635355,2.5007244694635355,2.5007244694635355,2.5007244694635355,2.5007244694635355,2.5007244694635355,2.5007244694635355,2.5007244694635355,2.5007244694635355,2.5007244694635355,2.5007244694635355,2.5007244694635355,2.5007244694635355,2.5007244694635355,2.5007244694635355,2.5007244694635355,2.5007244694635355,2.5007244694635355,2.5007244694635355,2.5007244694635355,2.5007244694635355,2.5007244694635355,2.5007244694635355,2.5007244694635355,2.5007244694635355,2.5007244694635355,2.5007244694635355,2.5007244694635355,2.5007244694635355,2.5007244694635355,2.5007244694635355,2.5007244694635355,2.5007244694635355,2.5007244694635355,2.5007244694635355,2.5007244694635355,2.5007244694635355,2.5007244694635355,2.5007244694635355,2.5007244694635355,2.5007244694635355,2.5007244694635355,2.5007244694635355,2.5007244694635355,2.5007244694635355,2.5007244694635355,2.5007244694635355,2.5007244694635355,2.5007244694635355,2.5007244694635355,2.5007244694635355,2.5007244694635355,2.5007244694635355,2.5007244694635355,2.5007244694635355,2.5007244694635355,2.5007244694635355,2.5007244694635355,2.5007244694635355,2.5007244694635355,2.5007244694635355,2.5007244694635355,2.5007244694635355,2.5007244694635355,2.5007244694635355,2.5007244694635355,2.5007244694635355,2.5007244694635355,2.5007244694635355,2.5007244694635355,2.5007244694635355,2.5007244694635355,2.5007244694635355,2.5007244694635355,2.5007244694635355,2.5007244694635355,2.5007244694635355,2.5007244694635355,2.5007244694635355,2.5007244694635355,2.5007244694635355,2.5007244694635355,2.5007244694635355,2.5007244694635355,2.5007244694635355,2.5007244694635355,2.5007244694635355,2.5007244694635355,2.5007244694635355,2.5007244694635355,2.5007244694635355,2.5007244694635355,2.5007244694635355,2.5007244694635355,2.5007244694635355,2.5007244694635355,2.5007244694635355,2.5007244694635355,2.5007244694635355,2.5007244694635355,2.5007244694635355,2.5007244694635355,7.5222451461357,7.519908919496833,7.519908919496833,7.519908919496833,7.473900896575023,7.473900896575023,7.473900896575023,7.473900896575023,7.270509687317202,7.270509687317202,7.270509687317202,7.270509687317202,7.270509687317202,7.270509687317202,7.270509687317202,7.270509687317202,7.270509687317202,7.270509687317202,7.270509687317202,7.270509687317202,7.270509687317202,7.270509687317202,7.270509687317202,7.270509687317202,7.270509687317202,7.270509687317202,7.270509687317202,7.270509687317202,7.270509687317202,7.189049883390127,7.189049883390127,7.189049883390127,7.189049883390127,7.189049883390127,7.189049883390127,7.189049883390127,7.189049883390127,7.189049883390127,7.189049883390127,7.023019955820127,7.023019955820127,7.023019955820127,7.023019955820127,7.023019955820127,7.023019955820127,7.023019955820127,7.023019955820127,7.023019955820127,7.023019955820127,7.023019955820127,7.023019955820127,7.023019955820127,7.023019955820127,7.023019955820127,7.023019955820127,7.023019955820127,7.023019955820127,7.023019955820127,7.023019955820127,7.023019955820127,7.023019955820127,7.023019955820127,7.023019955820127,7.023019955820127,7.023019955820127,7.023019955820127,7.023019955820127,7.023019955820127,7.023019955820127,7.023019955820127,7.023019955820127,7.023019955820127,7.023019955820127,7.023019955820127,7.023019955820127,7.023019955820127,7.023019955820127,7.023019955820127,7.023019955820127,7.023019955820127,7.023019955820127,7.023019955820127,7.023019955820127,7.023019955820127,7.023019955820127,7.023019955820127,7.023019955820127,7.023019955820127,7.023019955820127,7.023019955820127,7.023019955820127,7.023019955820127,7.023019955820127,7.023019955820127,7.023019955820127,7.023019955820127,7.023019955820127,7.023019955820127,7.023019955820127,7.023019955820127,7.023019955820127,7.023019955820127,7.023019955820127,7.023019955820127,7.023019955820127,7.023019955820127,7.023019955820127,7.023019955820127,7.023019955820127,7.023019955820127,7.023019955820127,7.023019955820127,7.023019955820127,7.023019955820127,7.023019955820127,7.023019955820127,7.023019955820127,7.023019955820127,7.023019955820127,7.023019955820127,7.023019955820127,7.023019955820127,7.023019955820127,7.023019955820127,7.023019955820127,7.023019955820127,7.023019955820127,7.023019955820127,7.023019955820127,7.023019955820127,7.023019955820127,7.023019955820127,7.023019955820127,7.023019955820127,7.023019955820127,7.023019955820127,7.023019955820127,7.023019955820127,7.023019955820127,7.023019955820127,7.023019955820127,7.023019955820127,7.023019955820127,7.023019955820127,7.023019955820127,7.023019955820127,6.260846499177896,6.260846499177896,6.260846499177896,6.260846499177896,6.260846499177896,6.260846499177896,5.2933099431009145,5.2933099431009145,4.916458828816365,4.724642446669971,4.724642446669971,4.724642446669971,4.724642446669971,4.724642446669971,4.724642446669971,4.724642446669971,4.724642446669971,4.724642446669971,4.724642446669971,4.724642446669971,4.724642446669971,4.724642446669971,4.724642446669971,4.724642446669971,4.724642446669971,4.724642446669971,4.724642446669971,4.724642446669971,4.724642446669971,4.724642446669971,4.724642446669971,4.724642446669971,4.724642446669971,4.724642446669971,4.724642446669971,4.724642446669971,4.724642446669971,4.724642446669971,4.724642446669971,4.724642446669971,4.724642446669971,4.724642446669971,4.724642446669971,4.724642446669971,4.724642446669971,4.724642446669971,4.724642446669971,4.724642446669971,4.724642446669971,4.724642446669971,4.724642446669971,4.724642446669971,4.724642446669971,4.724642446669971,4.724642446669971,4.724642446669971,4.724642446669971,4.724642446669971,4.724642446669971,4.724642446669971,4.724642446669971,4.724642446669971,4.724642446669971,4.724642446669971,4.724642446669971,4.724642446669971,4.724642446669971,4.724642446669971,4.724642446669971,4.724642446669971,4.724642446669971,4.724642446669971,4.724642446669971,4.724642446669971,4.724642446669971,4.724642446669971,4.724642446669971,4.724642446669971,4.724642446669971,4.724642446669971,4.724642446669971,4.724642446669971,4.724642446669971,4.724642446669971,4.724642446669971,4.724642446669971,4.724642446669971,4.724642446669971,4.724642446669971,4.724642446669971,4.724642446669971,4.724642446669971,4.724642446669971,4.724642446669971,4.724642446669971,4.724642446669971,4.724642446669971,4.724642446669971,4.724642446669971,4.724642446669971,4.724642446669971,4.724642446669971,4.724642446669971,4.724642446669971,4.724642446669971,4.724642446669971,4.724642446669971,4.724642446669971,4.724642446669971,4.724642446669971,4.724642446669971,4.724642446669971,4.724642446669971,4.724642446669971,4.724642446669971,4.724642446669971,4.724642446669971,4.724642446669971,4.724642446669971,4.724642446669971,4.724642446669971,4.724642446669971,4.724642446669971,4.724642446669971,4.724642446669971,4.724642446669971,4.724642446669971,2.496355918491791,2.496355918491791,2.496355918491791,2.496355918491791,2.496355918491791,2.496355918491791,2.496355918491791,2.496355918491791,2.496355918491791,2.496355918491791,2.496355918491791,2.496355918491791,2.496355918491791,2.496355918491791,2.496355918491791,2.496355918491791,2.496355918491791,2.496355918491791,2.496355918491791,2.496355918491791,2.496355918491791,2.496355918491791,2.496355918491791,2.496355918491791,2.496355918491791,2.496355918491791,2.496355918491791,2.496355918491791,2.496355918491791,2.496355918491791,2.496355918491791,2.496355918491791,2.496355918491791,2.496355918491791,2.496355918491791,2.496355918491791,2.496355918491791,2.496355918491791,2.496355918491791,2.496355918491791,2.496355918491791,2.496355918491791,2.496355918491791,2.496355918491791,2.496355918491791,2.496355918491791,2.496355918491791,2.496355918491791,2.496355918491791,2.496355918491791,2.496355918491791,2.496355918491791,2.496355918491791,2.496355918491791,2.496355918491791,2.496355918491791,2.496355918491791,2.496355918491791,2.496355918491791,2.496355918491791,2.496355918491791,2.496355918491791,2.496355918491791,2.496355918491791,2.496355918491791,2.496355918491791,2.496355918491791,2.496355918491791,2.496355918491791,2.496355918491791,2.496355918491791,2.496355918491791,2.496355918491791,2.496355918491791,2.496355918491791,2.496355918491791,2.496355918491791,2.496355918491791,2.496355918491791,2.496355918491791,2.496355918491791,2.496355918491791,2.496355918491791,2.496355918491791,2.496355918491791,2.496355918491791,2.496355918491791,2.496355918491791,2.496355918491791,2.496355918491791,2.496355918491791,2.496355918491791,2.496355918491791,2.496355918491791,2.496355918491791,2.496355918491791,2.496355918491791,2.496355918491791,2.496355918491791,2.496355918491791,2.496355918491791,2.496355918491791,2.496355918491791,2.496355918491791,2.496355918491791,2.496355918491791,2.496355918491791,2.496355918491791,2.496355918491791,2.496355918491791,2.496355918491791,2.496355918491791,2.496355918491791,2.496355918491791,2.496355918491791,2.496355918491791,2.496355918491791,2.496355918491791,2.496355918491791,2.496355918491791,2.496355918491791,2.496355918491791,2.496355918491791,2.496355918491791,2.496355918491791,2.496355918491791,2.496355918491791,2.496355918491791,2.496355918491791,2.496355918491791,2.496355918491791,2.496355918491791,2.496355918491791,2.496355918491791,2.496355918491791,2.496355918491791,2.496355918491791,2.496355918491791,2.496355918491791,2.496355918491791,2.496355918491791,2.496355918491791,2.496355918491791,2.496355918491791,2.496355918491791,2.496355918491791,2.496355918491791,2.496355918491791,2.496355918491791,2.496355918491791,2.496355918491791,2.496355918491791,2.496355918491791,2.496355918491791,2.496355918491791,2.496355918491791,2.496355918491791,2.496355918491791,2.496355918491791,2.496355918491791,2.496355918491791,2.496355918491791,2.496355918491791,2.496355918491791,2.496355918491791,2.496355918491791,2.496355918491791,2.496355918491791,2.496355918491791,2.496355918491791,2.496355918491791,2.496355918491791,2.496355918491791,2.496355918491791,2.496355918491791,2.496355918491791,2.496355918491791,2.496355918491791,2.496355918491791,2.496355918491791,2.496355918491791,2.496355918491791,2.496355918491791,2.496355918491791,2.496355918491791,2.496355918491791,2.496355918491791,2.496355918491791,2.496355918491791,2.496355918491791,2.496355918491791,2.496355918491791,2.496355918491791,2.496355918491791,2.496355918491791,2.496355918491791,2.496355918491791,2.496355918491791,2.496355918491791,2.496355918491791,2.496355918491791,2.496355918491791,2.496355918491791,2.496355918491791,2.496355918491791,2.496355918491791,2.496355918491791,2.496355918491791,2.496355918491791,2.496355918491791,2.496355918491791,2.496355918491791,2.496355918491791,2.496355918491791,2.496355918491791,2.496355918491791,2.496355918491791,2.496355918491791,2.496355918491791,2.496355918491791,2.496355918491791,2.496355918491791,2.496355918491791,2.496355918491791,2.496355918491791,2.496355918491791,2.496355918491791,2.496355918491791,2.496355918491791,2.496355918491791,2.496355918491791,2.496355918491791,2.496355918491791,2.496355918491791,2.496355918491791,2.496355918491791,2.496355918491791,2.496355918491791,2.496355918491791,2.496355918491791,2.496355918491791,2.496355918491791,2.496355918491791,2.496355918491791,2.496355918491791,2.496355918491791,2.496355918491791,2.496355918491791,2.496355918491791,2.496355918491791,2.496355918491791,2.496355918491791,2.496355918491791,2.496355918491791,2.496355918491791,2.496355918491791,2.496355918491791,2.496355918491791,2.496355918491791,2.496355918491791,2.496355918491791,2.496355918491791,2.496355918491791,2.496355918491791,2.496355918491791,2.496355918491791,2.496355918491791,2.496355918491791,2.496355918491791,2.496355918491791,2.496355918491791,2.496355918491791,2.496355918491791,2.496355918491791,2.496355918491791,2.496355918491791,2.496355918491791,2.496355918491791,2.496355918491791,2.496355918491791,2.496355918491791,2.496355918491791,2.496355918491791,2.496355918491791,2.496355918491791,2.496355918491791,2.496355918491791,2.496355918491791,2.496355918491791,2.496355918491791,2.496355918491791,2.496355918491791,2.496355918491791,2.496355918491791,2.496355918491791,2.496355918491791,2.496355918491791,2.496355918491791,2.496355918491791,2.496355918491791,2.496355918491791,2.496355918491791,2.496355918491791,2.496355918491791,2.496355918491791,2.496355918491791,2.496355918491791,2.496355918491791,2.496355918491791,2.496355918491791,2.496355918491791,2.496355918491791,2.496355918491791,2.496355918491791,2.496355918491791,2.496355918491791,2.496355918491791,2.496355918491791,2.496355918491791,2.496355918491791,2.496355918491791,2.496355918491791,2.496355918491791,2.496355918491791,2.496355918491791,2.496355918491791,2.496355918491791,2.496355918491791,2.496355918491791,2.496355918491791,2.496355918491791,2.496355918491791,2.496355918491791,2.496355918491791,2.496355918491791,2.496355918491791,2.496355918491791,2.496355918491791,2.496355918491791,2.496355918491791,2.496355918491791,2.496355918491791,2.496355918491791,2.496355918491791,2.496355918491791,2.496355918491791,2.496355918491791,2.496355918491791,2.496355918491791,2.496355918491791,2.496355918491791,2.496355918491791,2.496355918491791,2.496355918491791,2.496355918491791,2.496355918491791,2.496355918491791,2.496355918491791,2.496355918491791,2.496355918491791,2.496355918491791,2.496355918491791,2.496355918491791,2.496355918491791,2.496355918491791,2.496355918491791,2.496355918491791,2.496355918491791,2.496355918491791,2.496355918491791,2.496355918491791,2.496355918491791,2.496355918491791,2.496355918491791,2.496355918491791,2.496355918491791,2.496355918491791,2.496355918491791,2.496355918491791,2.496355918491791,2.496355918491791,2.496355918491791,2.496355918491791,2.496355918491791,2.496355918491791,2.496355918491791,2.496355918491791,2.496355918491791,2.496355918491791,2.496355918491791,2.496355918491791,2.496355918491791,2.496355918491791,2.496355918491791,2.496355918491791,2.496355918491791,2.496355918491791,2.496355918491791,2.496355918491791,2.496355918491791,2.496355918491791,2.496355918491791,2.496355918491791,2.496355918491791,2.496355918491791,2.496355918491791,2.496355918491791,2.496355918491791,2.496355918491791,2.496355918491791,2.496355918491791,2.496355918491791,2.496355918491791,2.496355918491791,2.496355918491791,2.496355918491791,2.496355918491791,2.496355918491791,2.496355918491791,2.496355918491791,2.496355918491791,2.496355918491791,2.496355918491791,2.496355918491791,2.496355918491791,2.496355918491791,2.496355918491791,2.496355918491791,2.496355918491791,2.496355918491791,2.496355918491791,2.496355918491791,2.496355918491791,2.496355918491791,2.496355918491791,2.496355918491791,2.496355918491791,2.496355918491791,2.496355918491791,2.496355918491791,2.496355918491791,2.496355918491791,2.496355918491791,2.496355918491791,2.496355918491791,2.496355918491791,2.496355918491791,2.496355918491791,2.496355918491791,2.496355918491791,2.496355918491791,2.496355918491791,2.496355918491791,2.496355918491791,2.496355918491791,2.496355918491791,2.496355918491791,2.496355918491791,2.496355918491791,2.496355918491791,2.496355918491791,2.496355918491791,2.496355918491791,2.496355918491791,2.496355918491791,2.496355918491791,2.496355918491791,2.496355918491791,2.496355918491791,2.496355918491791,2.496355918491791,2.496355918491791,2.496355918491791,2.496355918491791,2.496355918491791,2.496355918491791,2.496355918491791,2.496355918491791,2.496355918491791,2.496355918491791,2.496355918491791,2.496355918491791,2.496355918491791,2.496355918491791,2.496355918491791,2.496355918491791,2.496355918491791,2.496355918491791,2.496355918491791,2.496355918491791,2.496355918491791,2.496355918491791,2.496355918491791,2.496355918491791,2.496355918491791,2.496355918491791,2.496355918491791,2.496355918491791,2.496355918491791,2.496355918491791,2.496355918491791,2.496355918491791,2.496355918491791,2.496355918491791,2.496355918491791,2.496355918491791,2.496355918491791,2.496355918491791,2.496355918491791,2.496355918491791,2.496355918491791,2.496355918491791,2.496355918491791,2.496355918491791,2.496355918491791,2.496355918491791,2.496355918491791,2.496355918491791,2.496355918491791,2.496355918491791,2.496355918491791,2.496355918491791,2.496355918491791,2.496355918491791,2.496355918491791,2.496355918491791,2.496355918491791,2.496355918491791,2.496355918491791,2.496355918491791,2.496355918491791,2.496355918491791,2.496355918491791,2.496355918491791,2.496355918491791,2.496355918491791,2.496355918491791,2.496355918491791,2.496355918491791,2.496355918491791,2.496355918491791,2.496355918491791,2.496355918491791,2.496355918491791,2.496355918491791,2.496355918491791,2.496355918491791,2.496355918491791,2.496355918491791,2.496355918491791,2.496355918491791,2.496355918491791,2.496355918491791,2.496355918491791,2.496355918491791,2.496355918491791,2.496355918491791,2.496355918491791,2.496355918491791,2.496355918491791,2.496355918491791,2.496355918491791,2.496355918491791,2.496355918491791,2.496355918491791,2.496355918491791,2.496355918491791,2.496355918491791,2.496355918491791,2.496355918491791,2.496355918491791,2.496355918491791,2.496355918491791,2.496355918491791,2.496355918491791,2.496355918491791,2.496355918491791,2.496355918491791,2.496355918491791,2.496355918491791,2.496355918491791,2.496355918491791,2.496355918491791,2.496355918491791,2.496355918491791,2.496355918491791,2.496355918491791,2.496355918491791,2.496355918491791,2.496355918491791,2.496355918491791,2.496355918491791,2.496355918491791,2.496355918491791,2.496355918491791,2.496355918491791,2.496355918491791,2.496355918491791,2.496355918491791,2.496355918491791,2.496355918491791,2.496355918491791,2.496355918491791,2.496355918491791,2.496355918491791,2.496355918491791,2.496355918491791,2.496355918491791,2.496355918491791,2.496355918491791,2.496355918491791,2.496355918491791,2.496355918491791,2.496355918491791,2.496355918491791,2.496355918491791,2.496355918491791,2.496355918491791,2.496355918491791,2.496355918491791,2.496355918491791,2.496355918491791,2.496355918491791,2.496355918491791,2.496355918491791,2.496355918491791,2.496355918491791,2.496355918491791,2.496355918491791,2.496355918491791,2.496355918491791,2.496355918491791,2.496355918491791,2.496355918491791,2.496355918491791,2.496355918491791,2.496355918491791,2.496355918491791,2.496355918491791,2.496355918491791,2.496355918491791,2.496355918491791,2.496355918491791,2.496355918491791,2.496355918491791,2.496355918491791,2.496355918491791,2.496355918491791,2.496355918491791,2.496355918491791,2.496355918491791,2.496355918491791,2.496355918491791,2.496355918491791,2.496355918491791,2.496355918491791,2.496355918491791,2.496355918491791,2.496355918491791,2.496355918491791,2.496355918491791,2.496355918491791,2.496355918491791,2.496355918491791,2.496355918491791,2.496355918491791,2.496355918491791,2.496355918491791,2.496355918491791,2.496355918491791,2.496355918491791,2.496355918491791,2.496355918491791,2.496355918491791,2.496355918491791,2.496355918491791,2.496355918491791,2.496355918491791,2.496355918491791,2.496355918491791,2.496355918491791,2.496355918491791,2.496355918491791,2.496355918491791,2.496355918491791,2.496355918491791,2.496355918491791,2.496355918491791,2.496355918491791,2.496355918491791,2.496355918491791,2.496355918491791,2.496355918491791,2.496355918491791,2.496355918491791,2.496355918491791,2.496355918491791,2.496355918491791,2.496355918491791,2.496355918491791,2.496355918491791,2.496355918491791,2.496355918491791,2.496355918491791,2.496355918491791,2.496355918491791,2.496355918491791,2.496355918491791,2.496355918491791,2.496355918491791,2.496355918491791,2.496355918491791,2.496355918491791,2.496355918491791,2.496355918491791,2.496355918491791,2.496355918491791,2.496355918491791,2.496355918491791,2.496355918491791,2.496355918491791,2.496355918491791,2.496355918491791,2.496355918491791,2.496355918491791,2.496355918491791,2.496355918491791,8.306893753064374,8.045844753352553,7.882653923774269,7.882653923774269,7.882653923774269,7.882653923774269,7.882653923774269,7.882653923774269,7.882653923774269,7.882653923774269,7.541644849046387,7.541644849046387,7.541644849046387,7.541644849046387,7.541644849046387,7.541644849046387,7.541644849046387,7.541644849046387,7.541644849046387,7.541644849046387,7.541644849046387,7.541644849046387,7.235663231043952,7.235663231043952,7.235663231043952,7.235663231043952,7.235663231043952,7.235663231043952,7.235663231043952,7.235663231043952,7.235663231043952,7.235663231043952,7.235663231043952,7.235663231043952,7.235663231043952,7.235663231043952,7.235663231043952,7.235663231043952,7.235663231043952,7.235663231043952,7.235663231043952,7.235663231043952,7.235663231043952,7.235663231043952,7.235663231043952,7.235663231043952,7.235663231043952,7.235663231043952,7.235663231043952,7.235663231043952,7.235663231043952,7.235663231043952,7.235663231043952,7.235663231043952,7.235663231043952,7.235663231043952,7.235663231043952,7.235663231043952,7.235663231043952,7.235663231043952,7.235663231043952,7.235663231043952,6.96394381920046,6.96394381920046,6.96394381920046,6.96394381920046,6.96394381920046,6.96394381920046,6.96394381920046,6.96394381920046,6.96394381920046,6.96394381920046,6.96394381920046,6.96394381920046,6.96394381920046,6.96394381920046,6.96394381920046,6.96394381920046,6.96394381920046,6.96394381920046,6.96394381920046,6.96394381920046,6.839593139446936,6.839593139446936,6.839593139446936,6.839593139446936,6.839593139446936,6.839593139446936,6.839593139446936,6.839593139446936,6.839593139446936,6.839593139446936,6.839593139446936,6.839593139446936,6.839593139446936,6.839593139446936,6.839593139446936,6.839593139446936,6.839593139446936,6.839593139446936,6.839593139446936,6.839593139446936,6.839593139446936,6.839593139446936,6.839593139446936,6.839593139446936,6.839593139446936,6.839593139446936,6.839593139446936,6.839593139446936,6.839593139446936,6.839593139446936,6.839593139446936,6.839593139446936,6.839593139446936,6.839593139446936,6.839593139446936,6.839593139446936,6.839593139446936,6.839593139446936,6.839593139446936,6.839593139446936,6.839593139446936,6.839593139446936,6.839593139446936,6.839593139446936,6.839593139446936,6.839593139446936,6.839593139446936,6.839593139446936,6.839593139446936,6.839593139446936,6.839593139446936,6.839593139446936,6.839593139446936,6.839593139446936,6.839593139446936,6.839593139446936,6.839593139446936,6.839593139446936,6.839593139446936,6.839593139446936,6.839593139446936,6.839593139446936,6.839593139446936,6.839593139446936,6.839593139446936,6.381693757647494,6.381693757647494,6.381693757647494,6.381693757647494,6.331438650689245,6.243232192518843,6.243232192518843,6.243232192518843,6.243232192518843,6.243232192518843,6.243232192518843,6.243232192518843,6.243232192518843,6.243232192518843,6.236574771344659,6.236574771344659,6.236574771344659,6.236574771344659,6.236574771344659,6.195825017847907,6.195825017847907,6.195825017847907,6.195825017847907,6.195825017847907,6.195825017847907,6.195825017847907,5.976584891269049,5.976584891269049,5.973921205581353,5.829707216781102,5.829707216781102,5.829707216781102,5.801819469552797,5.801819469552797,5.767893066981194,5.767893066981194,5.726568730003754,5.726568730003754,5.726568730003754,5.726568730003754,5.726568730003754,5.726568730003754,5.726568730003754,5.726568730003754,5.726568730003754,5.726568730003754,5.726568730003754,5.726568730003754,5.726568730003754,5.726568730003754,5.726568730003754,5.726568730003754,5.726568730003754,5.726568730003754,5.726568730003754,5.726568730003754,5.726568730003754,5.726568730003754,5.726568730003754,5.726568730003754,5.726568730003754,5.726568730003754,5.726568730003754,5.726568730003754,5.726568730003754,5.726568730003754,5.726568730003754,5.726568730003754,5.726568730003754,5.726568730003754,5.726568730003754,5.726568730003754,5.726568730003754,5.726568730003754,5.726568730003754,5.726568730003754,5.726568730003754,5.726568730003754,5.726568730003754,5.726568730003754,5.726568730003754,5.726568730003754,5.726568730003754,5.726568730003754,5.726568730003754,5.726568730003754,5.726568730003754,5.726568730003754,5.726568730003754,5.726568730003754,5.726568730003754,5.726568730003754,5.726568730003754,5.726568730003754,5.726568730003754,5.726568730003754,5.708949836682672,5.708949836682672,5.708949836682672,5.708949836682672,5.708949836682672,5.708949836682672,5.708949836682672,5.708949836682672,5.708949836682672,5.708949836682672,5.708949836682672,5.708949836682672,5.708949836682672,5.708949836682672,5.708949836682672,5.708949836682672,5.708949836682672,5.708949836682672,5.708949836682672,5.708949836682672,5.708949836682672,5.708949836682672,5.708949836682672,5.708949836682672,5.708949836682672,5.708949836682672,5.708949836682672,5.708949836682672,5.708949836682672,5.708949836682672,5.708949836682672,5.708949836682672,5.708949836682672,5.708949836682672,5.708949836682672,5.708949836682672,5.708949836682672,5.708949836682672,5.708949836682672,5.708949836682672,5.708949836682672,5.708949836682672,5.708949836682672,5.708949836682672,5.708949836682672,5.708949836682672,5.708949836682672,5.708949836682672,5.708949836682672,5.708949836682672,5.708949836682672,5.708949836682672,5.708949836682672,5.708949836682672,5.708949836682672,5.708949836682672,5.708949836682672,5.708949836682672,5.708949836682672,5.708949836682672,5.708949836682672,5.708949836682672,5.708949836682672,5.708949836682672,5.708949836682672,5.708949836682672,5.708949836682672,5.708949836682672,5.708949836682672,5.708949836682672,5.708949836682672,5.708949836682672,5.708949836682672,5.708949836682672,5.708949836682672,5.708949836682672,5.708949836682672,5.708949836682672,5.708949836682672,5.708949836682672,5.708949836682672,5.708949836682672,5.708949836682672,5.708949836682672,5.708949836682672,5.708949836682672,5.708949836682672,5.708949836682672,5.708949836682672,5.708949836682672,5.708949836682672,5.708949836682672,5.708949836682672,5.708949836682672,5.708949836682672,5.708949836682672,5.708949836682672,5.708949836682672,5.708949836682672,5.708949836682672,5.708949836682672,5.708949836682672,5.708949836682672,5.708949836682672,5.708949836682672,5.708949836682672,5.708949836682672,5.708949836682672,5.708949836682672,5.708949836682672,5.708949836682672,5.708949836682672,5.708949836682672,5.708949836682672,5.708949836682672,5.708949836682672,5.708949836682672,5.708949836682672,5.708949836682672,5.708949836682672,5.708949836682672,5.708949836682672,5.708949836682672,5.708949836682672,5.708949836682672,5.708949836682672,5.708949836682672,5.708949836682672,5.708949836682672,5.708949836682672,5.708949836682672,5.708949836682672,5.708949836682672,5.708949836682672,5.708949836682672,5.708949836682672,5.708949836682672,5.708949836682672,5.708949836682672,5.708949836682672,5.708949836682672,5.708949836682672,5.708949836682672,5.708949836682672,5.708949836682672,5.708949836682672,5.708949836682672,5.708949836682672,5.708949836682672,5.708949836682672,5.708949836682672,5.708949836682672,5.708949836682672,5.708949836682672,5.708949836682672,5.708949836682672,5.708949836682672,5.708949836682672,5.708949836682672,5.708949836682672,5.708949836682672,5.708949836682672,5.708949836682672,5.708949836682672,5.671419948436002,5.671419948436002,5.671419948436002,5.219419760180661,5.219419760180661,5.219419760180661,5.161844538738992,4.871348654909659,4.871348654909659,4.871348654909659,4.871348654909659,4.871348654909659,4.871348654909659,4.871348654909659,4.871348654909659,4.871348654909659,4.831056231480172,4.831056231480172,4.831056231480172,4.831056231480172,4.831056231480172,4.831056231480172,4.831056231480172,4.831056231480172,4.831056231480172,4.831056231480172,4.831056231480172,4.831056231480172,4.831056231480172,4.831056231480172,4.831056231480172,4.831056231480172,4.831056231480172,4.77455231932059,4.77455231932059,4.77455231932059,4.77455231932059,4.77455231932059,4.77455231932059,4.77455231932059,4.77455231932059,4.77455231932059,4.77455231932059,4.77455231932059,4.77455231932059,4.77455231932059,4.77455231932059,4.77455231932059,4.77455231932059,4.77455231932059,4.77455231932059,4.77455231932059,4.77455231932059,4.77455231932059,4.77455231932059,4.77455231932059,4.77455231932059,4.77455231932059,4.77455231932059,4.77455231932059,4.77455231932059,4.77455231932059,4.77455231932059,4.77455231932059,4.77455231932059,4.77455231932059,4.77455231932059,4.77455231932059,4.77455231932059,4.77455231932059,4.77455231932059,4.77455231932059,4.77455231932059,4.77455231932059,4.77455231932059,4.77455231932059,4.77455231932059,4.77455231932059,4.77455231932059,4.77455231932059,4.77455231932059,4.77455231932059,4.77455231932059,4.77455231932059,4.77455231932059,4.77455231932059,4.77455231932059,4.77455231932059,4.77455231932059,4.77455231932059,4.77455231932059,4.77455231932059,4.77455231932059,4.77455231932059,4.77455231932059,4.77455231932059,4.77455231932059,4.77455231932059,4.77455231932059,4.77455231932059,4.77455231932059,4.77455231932059,4.77455231932059,4.77455231932059,4.77455231932059,4.77455231932059,4.77455231932059,4.77455231932059,4.77455231932059,4.77455231932059,4.77455231932059,4.77455231932059,4.77455231932059,4.77455231932059,4.77455231932059,4.77455231932059,4.77455231932059,4.77455231932059,4.77455231932059,4.77455231932059,4.77455231932059,4.77455231932059,4.77455231932059,4.77455231932059,4.77455231932059,4.77455231932059,4.77455231932059,4.77455231932059,4.77455231932059,4.77455231932059,4.77455231932059,4.77455231932059,4.77455231932059,4.77455231932059,4.77455231932059,4.77455231932059,4.77455231932059,4.77455231932059,4.77455231932059,4.77455231932059,4.77455231932059,4.77455231932059,4.77455231932059,4.77455231932059,4.77455231932059,4.77455231932059,4.77455231932059,4.77455231932059,4.77455231932059,4.77455231932059,4.77455231932059,4.77455231932059,4.77455231932059,4.77455231932059,4.77455231932059,4.77455231932059,4.77455231932059,4.77455231932059,4.77455231932059,4.77455231932059,4.77455231932059,4.77455231932059,4.77455231932059,3.510036433551355,3.3181744881551047,3.3181744881551047,3.3181744881551047,3.3181744881551047,3.3181744881551047,3.3181744881551047,3.3181744881551047,3.3181744881551047,3.3181744881551047,3.3181744881551047,3.3181744881551047,3.3181744881551047,3.3181744881551047,3.3181744881551047,3.3181744881551047,3.3181744881551047,3.3181744881551047,3.3181744881551047,3.3181744881551047,3.3181744881551047,3.3181744881551047,3.3181744881551047,3.3181744881551047,3.3181744881551047,3.3181744881551047,3.3181744881551047,3.3181744881551047,3.3181744881551047,3.3181744881551047,3.3181744881551047,3.3181744881551047,3.3181744881551047,3.3181744881551047,3.3181744881551047,3.3181744881551047,3.3181744881551047,3.3181744881551047,3.3181744881551047,3.3181744881551047,3.3181744881551047,3.3181744881551047,3.3181744881551047,3.3181744881551047,3.3181744881551047,3.3181744881551047,3.3181744881551047,3.3181744881551047,3.3181744881551047,3.3181744881551047,3.3181744881551047,3.3181744881551047,3.3181744881551047,3.3181744881551047,3.3181744881551047,3.3181744881551047,3.3181744881551047,3.3181744881551047,3.3181744881551047,3.3181744881551047,3.3181744881551047,3.3181744881551047,3.3181744881551047,3.3181744881551047,3.3181744881551047,3.3181744881551047,3.3181744881551047,3.3181744881551047,3.3181744881551047,3.3181744881551047,3.3181744881551047,3.3181744881551047,3.3181744881551047,3.3181744881551047,3.3181744881551047,3.3181744881551047,3.3181744881551047,3.3181744881551047,3.3181744881551047,3.3181744881551047,3.3181744881551047,3.3181744881551047,3.3181744881551047,3.3181744881551047,3.3181744881551047,3.3181744881551047,3.3181744881551047,3.3181744881551047,3.3181744881551047,3.3181744881551047,3.3181744881551047,3.3181744881551047,3.3181744881551047,3.3181744881551047,3.3181744881551047,3.3181744881551047,3.3181744881551047,3.3181744881551047,3.3181744881551047,3.3181744881551047,3.3181744881551047,3.3181744881551047,3.3181744881551047,3.3181744881551047,3.3181744881551047,3.3181744881551047,3.3181744881551047,3.3181744881551047,3.3181744881551047,3.3181744881551047,3.3181744881551047,3.3181744881551047,3.3181744881551047,3.3181744881551047,3.3181744881551047,3.3181744881551047,3.3181744881551047,3.3181744881551047,3.3181744881551047,3.3181744881551047,3.3181744881551047,3.3181744881551047,3.3181744881551047,3.3181744881551047,3.3181744881551047,3.3181744881551047,3.3181744881551047,3.3181744881551047,3.3181744881551047,3.3181744881551047,3.3181744881551047,3.3181744881551047,3.3181744881551047,3.3181744881551047,3.3181744881551047,3.3181744881551047,3.3181744881551047,3.3181744881551047,3.3181744881551047,3.3181744881551047,3.3181744881551047,3.3181744881551047,3.3181744881551047,3.3181744881551047,3.3181744881551047,3.3181744881551047,3.3181744881551047,3.3181744881551047,3.3181744881551047,3.3181744881551047,3.3181744881551047,3.3181744881551047,3.3181744881551047,3.3181744881551047,3.3181744881551047,3.3181744881551047,3.3181744881551047,3.3181744881551047,3.3181744881551047,3.3181744881551047,3.3181744881551047,3.3181744881551047,3.3181744881551047,3.3181744881551047,3.3181744881551047,3.3181744881551047,3.3181744881551047,3.3181744881551047,3.3181744881551047,3.3181744881551047,3.3181744881551047,3.3181744881551047,3.3181744881551047,3.3181744881551047,3.3181744881551047,3.3181744881551047,3.3181744881551047,3.3181744881551047,3.3181744881551047,3.3181744881551047,3.3181744881551047,3.3181744881551047,3.3181744881551047,3.3181744881551047,3.3181744881551047,3.3181744881551047,3.3181744881551047,3.3181744881551047,3.3181744881551047,3.3181744881551047,3.3181744881551047,3.3181744881551047,3.3181744881551047,3.3181744881551047,3.3181744881551047,3.3181744881551047,3.3181744881551047,3.3181744881551047,3.3181744881551047,3.3181744881551047,3.3181744881551047,3.3181744881551047,3.3181744881551047,3.3181744881551047,3.3181744881551047,3.3181744881551047,3.3181744881551047,3.3181744881551047,3.3181744881551047,3.3181744881551047,3.3181744881551047,3.3181744881551047,3.3181744881551047,3.3181744881551047,3.3181744881551047,3.3181744881551047,3.3181744881551047,3.3181744881551047,3.3181744881551047,3.3181744881551047,3.3181744881551047,3.3181744881551047,3.3181744881551047,3.3181744881551047,3.3181744881551047,3.3181744881551047,3.3181744881551047,3.3181744881551047,3.3181744881551047,3.3181744881551047,3.3181744881551047,3.3181744881551047,3.3181744881551047,3.3181744881551047,3.3181744881551047,3.3181744881551047,3.3181744881551047,3.3181744881551047,3.3181744881551047,3.3181744881551047,3.3181744881551047,3.3181744881551047,3.3181744881551047,3.3181744881551047,3.3181744881551047,3.3181744881551047,3.3181744881551047,3.3181744881551047,3.3181744881551047,3.3181744881551047,3.3181744881551047,3.3181744881551047,3.3181744881551047,3.3181744881551047,3.3181744881551047,3.3181744881551047,3.3181744881551047,3.3181744881551047,3.3181744881551047,3.3181744881551047,3.3181744881551047,3.3181744881551047,3.3181744881551047,3.3181744881551047,3.3181744881551047,3.3181744881551047,3.3181744881551047,3.3181744881551047,3.3181744881551047,3.3181744881551047,3.3181744881551047,3.3181744881551047,3.3181744881551047,3.3181744881551047,3.3181744881551047,3.3181744881551047,3.3181744881551047,3.3181744881551047,3.3181744881551047,3.3181744881551047,3.3181744881551047,3.3181744881551047,3.3181744881551047,3.3181744881551047,3.3181744881551047,3.3181744881551047,3.3181744881551047,3.3181744881551047,3.3181744881551047,3.3181744881551047,3.3181744881551047,3.3181744881551047,3.3181744881551047,3.3181744881551047,3.3181744881551047,3.3181744881551047,3.3181744881551047,3.3181744881551047,3.3181744881551047,3.3181744881551047,3.3181744881551047,3.3181744881551047,3.3181744881551047,3.3181744881551047,3.3181744881551047,3.3181744881551047,3.3181744881551047,3.3181744881551047,3.3181744881551047,3.3181744881551047,3.3181744881551047,3.3181744881551047,3.3181744881551047,3.3181744881551047,3.3181744881551047,3.3181744881551047,3.3181744881551047,3.3181744881551047,3.3181744881551047,3.3181744881551047,3.3181744881551047,3.3181744881551047,3.3181744881551047,3.3181744881551047,3.3181744881551047,3.3181744881551047,3.3181744881551047,3.3181744881551047,3.3181744881551047,3.3181744881551047,3.3181744881551047,3.3181744881551047,3.3181744881551047,3.3181744881551047,3.3181744881551047,3.3181744881551047,3.3181744881551047,3.3181744881551047,3.3181744881551047,3.3181744881551047,3.3181744881551047,3.3181744881551047,3.3181744881551047,3.3181744881551047,3.3181744881551047,3.3181744881551047,3.3181744881551047,3.3181744881551047,3.3181744881551047,3.3181744881551047,3.3181744881551047,3.3181744881551047,3.3181744881551047,3.3181744881551047,3.3181744881551047,3.3181744881551047,3.3181744881551047,3.3181744881551047,3.3181744881551047,3.3181744881551047,3.3181744881551047,3.3181744881551047,3.3181744881551047,3.3181744881551047,3.3181744881551047,3.3181744881551047,3.3181744881551047,3.3181744881551047,3.3181744881551047,3.3181744881551047,3.3181744881551047,3.3181744881551047,3.3181744881551047,3.3181744881551047,3.3181744881551047,3.3181744881551047,3.3181744881551047,3.3181744881551047,3.3181744881551047,3.3181744881551047,3.3181744881551047,3.3181744881551047,3.3181744881551047,3.3181744881551047,3.3181744881551047,3.3181744881551047,3.3181744881551047,3.3181744881551047,3.3181744881551047,3.3181744881551047,3.3181744881551047,3.3181744881551047,3.3181744881551047,3.3181744881551047,3.3181744881551047,3.3181744881551047,3.3181744881551047,3.3181744881551047,3.3181744881551047,3.3181744881551047,3.3181744881551047,3.3181744881551047,3.3181744881551047,3.3181744881551047,3.3181744881551047,3.3181744881551047,3.3181744881551047,3.3181744881551047,3.3181744881551047,3.3181744881551047,3.3181744881551047,3.3181744881551047,3.3181744881551047,3.3181744881551047,3.3181744881551047,3.3181744881551047,3.3181744881551047,3.3181744881551047,3.3181744881551047,3.3181744881551047,3.3181744881551047,3.3181744881551047,3.3181744881551047,3.3181744881551047,3.3181744881551047,3.3181744881551047,3.3181744881551047,3.3181744881551047,3.3181744881551047,3.3181744881551047,6.569766230608009,6.569766230608009,6.547828784268829,6.547828784268829,6.547828784268829,6.547828784268829,6.547828784268829,6.547828784268829,6.547828784268829,6.547828784268829,6.547828784268829,6.547828784268829,6.547828784268829,6.547828784268829,6.547828784268829,6.547828784268829,6.547828784268829,6.547828784268829,6.547828784268829,6.547828784268829,6.51275113169882,6.51275113169882,6.51275113169882,6.28346039678577,6.28346039678577,6.28346039678577,6.28346039678577,6.28346039678577,6.28346039678577,6.28346039678577,6.28346039678577,6.28346039678577,6.28346039678577,6.28346039678577,6.28346039678577,6.28346039678577,6.28346039678577,6.28346039678577,6.28346039678577,6.28346039678577,6.28346039678577,6.28346039678577,6.28346039678577,6.28346039678577,6.28346039678577,6.28346039678577,6.28346039678577,6.28346039678577,6.28346039678577,6.28346039678577,6.28346039678577,6.28346039678577,6.28346039678577,6.28346039678577,6.28346039678577,6.28346039678577,6.28346039678577,6.28346039678577,6.28346039678577,6.28346039678577,6.28346039678577,6.28346039678577,6.28346039678577,6.28346039678577,6.28346039678577,6.28346039678577,6.28346039678577,6.28346039678577,6.28346039678577,6.28346039678577,6.28346039678577,6.28346039678577,6.28346039678577,6.28346039678577,6.28346039678577,6.28346039678577,6.28346039678577,6.28346039678577,6.28346039678577,6.28346039678577,6.28346039678577,6.28346039678577,6.28346039678577,6.28346039678577,6.28346039678577,6.28346039678577,6.28346039678577,6.28346039678577,6.28346039678577,6.28346039678577,6.28346039678577,6.28346039678577,6.28346039678577,6.28346039678577,6.28346039678577,6.28346039678577,6.28346039678577,6.28346039678577,6.28346039678577,6.28346039678577,6.28346039678577,6.28346039678577,6.28346039678577,5.670156886844362,5.670156886844362,5.6546843962252655,5.6546843962252655,5.6546843962252655,5.6546843962252655,5.6546843962252655,5.6546843962252655,5.6546843962252655,5.6546843962252655,5.6546843962252655,5.592716061310286,5.592716061310286,5.592716061310286,5.592716061310286,5.592716061310286,5.592716061310286,5.592716061310286,5.592716061310286,5.592716061310286,5.592716061310286,5.592716061310286,5.592716061310286,5.463336660112011,5.463336660112011,5.463336660112011,5.463336660112011,5.463336660112011,5.463336660112011,5.463336660112011,5.463336660112011,5.463336660112011,5.463336660112011,5.463336660112011,5.463336660112011,5.463336660112011,5.463336660112011,5.463336660112011,5.463336660112011,5.463336660112011,5.463336660112011,5.463336660112011,5.463336660112011,5.463336660112011,5.463336660112011,5.463336660112011,5.463336660112011,5.463336660112011,5.463336660112011,5.463336660112011,5.463336660112011,5.463336660112011,5.463336660112011,5.463336660112011,5.463336660112011,5.463336660112011,5.463336660112011,5.463336660112011,5.463336660112011,5.463336660112011,5.463336660112011,5.463336660112011,5.463336660112011,5.463336660112011,5.41432072688272,5.41432072688272,5.41432072688272,5.41432072688272,5.41432072688272,5.41432072688272,5.41432072688272,5.41432072688272,5.41432072688272,5.41432072688272,5.41432072688272,5.41432072688272,5.41432072688272,5.4113520826959896,5.4113520826959896,5.4113520826959896,5.4113520826959896,5.4113520826959896,5.4113520826959896,5.4113520826959896,5.4113520826959896,5.4113520826959896,5.4113520826959896,5.4113520826959896,5.4113520826959896,5.4113520826959896,5.4113520826959896,5.4113520826959896,5.4113520826959896,5.4113520826959896,5.290432614882231,5.290432614882231,5.290432614882231,5.290432614882231,5.290432614882231,5.290432614882231,5.290432614882231,5.290432614882231,5.290432614882231,5.290432614882231,5.290432614882231,5.290432614882231,5.290432614882231,5.290432614882231,5.290432614882231,5.290432614882231,5.290432614882231,5.290432614882231,5.290432614882231,5.290432614882231,5.290432614882231,5.290432614882231,5.290432614882231,5.290432614882231,5.290432614882231,5.290432614882231,5.290432614882231,5.290432614882231,5.290432614882231,5.290432614882231,5.290432614882231,5.290432614882231,5.290432614882231,5.290432614882231,5.290432614882231,5.290432614882231,5.290432614882231,5.290432614882231,5.290432614882231,5.290432614882231,5.290432614882231,5.290432614882231,5.290432614882231,5.290432614882231,5.290432614882231,5.290432614882231,5.290432614882231,5.290432614882231,5.290432614882231,5.290432614882231,5.290432614882231,5.290432614882231,5.290432614882231,5.290432614882231,5.290432614882231,5.290432614882231,5.290432614882231,5.290432614882231,5.290432614882231,5.290432614882231,5.290432614882231,5.290432614882231,5.290432614882231,5.290432614882231,5.290432614882231,5.290432614882231,5.290432614882231,5.290432614882231,5.290432614882231,5.290432614882231,5.290432614882231,5.290432614882231,5.290432614882231,5.290432614882231,5.290432614882231,5.290432614882231,5.290432614882231,5.290432614882231,5.290432614882231,5.290432614882231,5.290432614882231,5.290432614882231,5.290432614882231,5.290432614882231,5.290432614882231,5.290432614882231,5.290432614882231,5.290432614882231,5.290432614882231,5.290432614882231,5.290432614882231,5.290432614882231,5.290432614882231,5.290432614882231,5.290432614882231,5.290432614882231,5.290432614882231,5.290432614882231,5.290432614882231,5.290432614882231,5.290432614882231,5.290432614882231,5.290432614882231,5.290432614882231,5.290432614882231,5.290432614882231,5.290432614882231,5.290432614882231,5.290432614882231,5.290432614882231,5.290432614882231,5.290432614882231,3.9490242527710504,3.9490242527710504,3.9490242527710504,3.9490242527710504,3.9490242527710504,3.9490242527710504,3.9490242527710504,3.9490242527710504,3.9490242527710504,3.9490242527710504,3.9490242527710504,3.9490242527710504,3.9490242527710504,3.9490242527710504,3.9490242527710504,3.9490242527710504,3.9490242527710504,3.9490242527710504,3.9490242527710504,3.9490242527710504,3.9490242527710504,3.9490242527710504,3.9490242527710504,3.9490242527710504,3.9490242527710504,3.9490242527710504,3.9490242527710504,3.9490242527710504,3.9490242527710504,3.9490242527710504,3.9490242527710504,3.9490242527710504,3.9490242527710504,3.9490242527710504,3.9490242527710504,3.9490242527710504,3.9490242527710504,3.9490242527710504,3.9490242527710504,3.9490242527710504,3.9490242527710504,3.9490242527710504,3.9490242527710504,3.9490242527710504,3.9490242527710504,3.9490242527710504,3.9490242527710504,3.9490242527710504,3.9490242527710504,3.9490242527710504,3.9490242527710504,3.9490242527710504,3.9490242527710504,3.9490242527710504,3.9490242527710504,3.9490242527710504,3.9490242527710504,3.9490242527710504,3.9490242527710504,3.9490242527710504,3.9490242527710504,3.9490242527710504,3.9490242527710504,3.9490242527710504,3.9490242527710504,3.9490242527710504,3.9490242527710504,3.9490242527710504,3.9490242527710504,3.9490242527710504,3.9490242527710504,3.9490242527710504,3.9490242527710504,3.9490242527710504,3.9490242527710504,3.9490242527710504,3.9490242527710504,3.9490242527710504,3.9490242527710504,3.9490242527710504,3.9490242527710504,3.9490242527710504,3.9490242527710504,3.9490242527710504,3.9490242527710504,3.9490242527710504,3.9490242527710504,3.9490242527710504,3.9490242527710504,3.9490242527710504,3.9490242527710504,3.9490242527710504,3.9490242527710504,3.9490242527710504,3.896396992287739,3.896396992287739,3.896396992287739,3.896396992287739,3.896396992287739,3.896396992287739,3.896396992287739,3.896396992287739,3.896396992287739,3.896396992287739,3.896396992287739,3.896396992287739,3.896396992287739,3.896396992287739,3.896396992287739,3.896396992287739,3.896396992287739,3.896396992287739,3.896396992287739,3.896396992287739,3.896396992287739,3.896396992287739,3.896396992287739,3.896396992287739,3.896396992287739,3.896396992287739,3.896396992287739,3.896396992287739,3.896396992287739,3.896396992287739,3.896396992287739,3.896396992287739,3.896396992287739,3.896396992287739,3.896396992287739,3.896396992287739,3.896396992287739,3.896396992287739,3.896396992287739,3.896396992287739,3.896396992287739,3.896396992287739,3.896396992287739,3.896396992287739,3.896396992287739,3.896396992287739,3.896396992287739,3.896396992287739,3.896396992287739,3.896396992287739,3.896396992287739,3.896396992287739,3.896396992287739,3.896396992287739,3.896396992287739,3.896396992287739,3.896396992287739,3.896396992287739,3.896396992287739,3.896396992287739,3.896396992287739,3.896396992287739,3.896396992287739,3.896396992287739,3.896396992287739,3.896396992287739,3.896396992287739,3.896396992287739,3.896396992287739,3.896396992287739,3.896396992287739,3.896396992287739,3.896396992287739,3.896396992287739,3.896396992287739,3.896396992287739,3.896396992287739,3.896396992287739,3.896396992287739,3.896396992287739,3.896396992287739,3.896396992287739,3.896396992287739,3.896396992287739,3.896396992287739,3.896396992287739,3.896396992287739,3.896396992287739,3.896396992287739,3.896396992287739,3.896396992287739,3.896396992287739,3.896396992287739,3.896396992287739,3.896396992287739,3.896396992287739,3.896396992287739,3.896396992287739,3.896396992287739,3.896396992287739,3.896396992287739,3.896396992287739,3.896396992287739,3.896396992287739,3.896396992287739,3.896396992287739,3.896396992287739,3.896396992287739,3.896396992287739,3.896396992287739,3.896396992287739,3.896396992287739,3.896396992287739,3.896396992287739,3.896396992287739,3.896396992287739,3.896396992287739,3.896396992287739,3.896396992287739,3.896396992287739,3.896396992287739,3.896396992287739,3.896396992287739,3.896396992287739,3.896396992287739,3.896396992287739,3.896396992287739,3.896396992287739,3.896396992287739,3.896396992287739,3.896396992287739,3.896396992287739,3.896396992287739,3.896396992287739,3.896396992287739,3.896396992287739,3.896396992287739,3.896396992287739,3.896396992287739,3.896396992287739,3.896396992287739,3.896396992287739,3.896396992287739,3.896396992287739,3.896396992287739,3.896396992287739,3.896396992287739,3.896396992287739,3.896396992287739,3.896396992287739,3.896396992287739,3.896396992287739,3.896396992287739,3.896396992287739,3.896396992287739,3.896396992287739,3.896396992287739,3.896396992287739,3.896396992287739,3.896396992287739,3.896396992287739,3.896396992287739,3.896396992287739,3.896396992287739,3.896396992287739,3.896396992287739,3.896396992287739,3.896396992287739,3.896396992287739,3.896396992287739,3.896396992287739,3.896396992287739,3.896396992287739,3.896396992287739,3.896396992287739,3.896396992287739,3.896396992287739,3.896396992287739,3.896396992287739,3.896396992287739,3.896396992287739,3.896396992287739,3.896396992287739,3.896396992287739,3.896396992287739,3.896396992287739,3.896396992287739,3.896396992287739,3.896396992287739,3.896396992287739,3.896396992287739,3.896396992287739,3.896396992287739,3.896396992287739,3.896396992287739,3.896396992287739,3.896396992287739,3.896396992287739,3.896396992287739,3.896396992287739,3.896396992287739,3.896396992287739,3.896396992287739,3.896396992287739,3.896396992287739,3.896396992287739,3.896396992287739,3.896396992287739,3.896396992287739,3.896396992287739,3.896396992287739,3.896396992287739,3.896396992287739,3.896396992287739,3.896396992287739,3.896396992287739,3.896396992287739,3.896396992287739,3.896396992287739,3.896396992287739,3.896396992287739,3.896396992287739,3.896396992287739,3.896396992287739,3.896396992287739,3.896396992287739,3.896396992287739,3.896396992287739,3.896396992287739,3.896396992287739,3.896396992287739,3.896396992287739,3.896396992287739,3.896396992287739,3.896396992287739,3.896396992287739,3.896396992287739,3.896396992287739,3.896396992287739,3.896396992287739,3.896396992287739,3.896396992287739,3.896396992287739,3.896396992287739,3.896396992287739,3.896396992287739,3.896396992287739,3.896396992287739,3.896396992287739,3.896396992287739,3.896396992287739,3.896396992287739,3.896396992287739,3.896396992287739,3.896396992287739,3.896396992287739,3.896396992287739,3.896396992287739,3.896396992287739,3.896396992287739,3.896396992287739,3.896396992287739,3.896396992287739,3.896396992287739,3.896396992287739,3.896396992287739,3.896396992287739,3.896396992287739,3.896396992287739,3.896396992287739,3.896396992287739,3.896396992287739,3.896396992287739,3.896396992287739,3.896396992287739,3.896396992287739,3.896396992287739,3.896396992287739,3.896396992287739,3.896396992287739,3.896396992287739,3.896396992287739,3.896396992287739,3.896396992287739,3.896396992287739,3.896396992287739,3.896396992287739,3.896396992287739,3.896396992287739,3.896396992287739,3.896396992287739,3.896396992287739,3.896396992287739,3.896396992287739,3.896396992287739,3.896396992287739,3.896396992287739,3.896396992287739,3.896396992287739,3.896396992287739,3.896396992287739,3.896396992287739,3.896396992287739,3.896396992287739,3.896396992287739,3.896396992287739,3.896396992287739,3.896396992287739,3.896396992287739,3.896396992287739,3.896396992287739,3.896396992287739,3.896396992287739,3.896396992287739,3.896396992287739,3.896396992287739,3.896396992287739,3.896396992287739,3.896396992287739,3.896396992287739,3.896396992287739,3.896396992287739,3.896396992287739,3.896396992287739,3.896396992287739,3.896396992287739,3.896396992287739,3.896396992287739,3.896396992287739,3.896396992287739,3.896396992287739,3.896396992287739,3.896396992287739,3.896396992287739,3.896396992287739,3.896396992287739,3.896396992287739,3.896396992287739,3.896396992287739,3.896396992287739,3.896396992287739,3.896396992287739,3.896396992287739,3.896396992287739,3.896396992287739,3.896396992287739,3.896396992287739,3.896396992287739,3.896396992287739,3.896396992287739,3.896396992287739,3.896396992287739,3.896396992287739,3.896396992287739,3.896396992287739,3.896396992287739,3.896396992287739,3.896396992287739,3.896396992287739,3.896396992287739,3.896396992287739,3.896396992287739,3.896396992287739,3.896396992287739,3.896396992287739,3.896396992287739,3.896396992287739,3.896396992287739,3.896396992287739,3.896396992287739,3.896396992287739,3.896396992287739,3.896396992287739,3.896396992287739,3.896396992287739,3.896396992287739,3.896396992287739,3.896396992287739,3.896396992287739,3.896396992287739,3.896396992287739,3.896396992287739,3.896396992287739,3.896396992287739,3.896396992287739,3.896396992287739,3.896396992287739,3.896396992287739,3.896396992287739,3.896396992287739,3.896396992287739,3.896396992287739,3.896396992287739,3.896396992287739,3.896396992287739,3.896396992287739,3.896396992287739,3.896396992287739,3.896396992287739,3.896396992287739,3.896396992287739,3.896396992287739,3.896396992287739,3.896396992287739,3.896396992287739,3.896396992287739,3.896396992287739,3.896396992287739,3.896396992287739,3.896396992287739,3.896396992287739,3.896396992287739,3.896396992287739,3.896396992287739,3.896396992287739,3.896396992287739,3.896396992287739,3.896396992287739,3.896396992287739,3.896396992287739,3.896396992287739,3.896396992287739,3.896396992287739,3.896396992287739,3.896396992287739,3.896396992287739,3.896396992287739,3.896396992287739,3.896396992287739,3.896396992287739,3.896396992287739,3.896396992287739,3.896396992287739,3.896396992287739,3.896396992287739,3.896396992287739,3.896396992287739,3.896396992287739,3.896396992287739,3.896396992287739,3.896396992287739,3.896396992287739,3.896396992287739,3.896396992287739,3.896396992287739,3.896396992287739,3.896396992287739,3.896396992287739,3.896396992287739,3.896396992287739,3.896396992287739,3.896396992287739,3.896396992287739,3.896396992287739,3.896396992287739,3.896396992287739,3.896396992287739,3.896396992287739,3.896396992287739,3.896396992287739,3.896396992287739,3.896396992287739,3.896396992287739,3.896396992287739,3.896396992287739,3.896396992287739,3.896396992287739,3.896396992287739,3.896396992287739,3.896396992287739,3.896396992287739,3.896396992287739,3.896396992287739,3.896396992287739,3.896396992287739,3.896396992287739,3.896396992287739,3.896396992287739,3.896396992287739,3.896396992287739,3.896396992287739,3.896396992287739,3.896396992287739,3.896396992287739,3.896396992287739,3.896396992287739,3.896396992287739,3.896396992287739,3.896396992287739,3.896396992287739,3.896396992287739,3.896396992287739,3.896396992287739,3.896396992287739,3.896396992287739,3.896396992287739,3.896396992287739,3.896396992287739,3.896396992287739,3.896396992287739,3.896396992287739,3.896396992287739,3.896396992287739,3.896396992287739,3.896396992287739,3.896396992287739,3.896396992287739,3.896396992287739,3.896396992287739,3.896396992287739,3.896396992287739,3.896396992287739,3.896396992287739,3.896396992287739,3.896396992287739,3.896396992287739,3.896396992287739,3.896396992287739,3.896396992287739,3.896396992287739,3.896396992287739,3.896396992287739,3.896396992287739,3.896396992287739,3.896396992287739,3.896396992287739,3.896396992287739,3.896396992287739,3.896396992287739,3.896396992287739,3.896396992287739,3.896396992287739,3.896396992287739,3.896396992287739,3.896396992287739,3.896396992287739,3.896396992287739,3.896396992287739,3.896396992287739,3.896396992287739,3.896396992287739,3.896396992287739,3.896396992287739,3.896396992287739,3.896396992287739,3.896396992287739,3.896396992287739,3.896396992287739,3.896396992287739,3.896396992287739,3.896396992287739,3.896396992287739,3.896396992287739,3.896396992287739,3.896396992287739,3.896396992287739,3.896396992287739,3.896396992287739,3.896396992287739,3.896396992287739,3.896396992287739,3.896396992287739,3.896396992287739,3.896396992287739,3.896396992287739,3.896396992287739,3.896396992287739,3.896396992287739,3.896396992287739,3.896396992287739,3.896396992287739,3.896396992287739,3.896396992287739,3.896396992287739,3.896396992287739,3.896396992287739,3.896396992287739,3.896396992287739,3.896396992287739,3.896396992287739,3.896396992287739,3.896396992287739,3.896396992287739,3.896396992287739,3.896396992287739,3.896396992287739,3.896396992287739,3.896396992287739,3.896396992287739,3.896396992287739,3.896396992287739,3.896396992287739,3.896396992287739,3.896396992287739,3.896396992287739,3.896396992287739,3.896396992287739,6.127143347968403,6.127143347968403,6.127143347968403,6.127143347968403,6.127143347968403,6.127143347968403,6.127143347968403,6.127143347968403,6.127143347968403,6.127143347968403,6.127143347968403,6.127143347968403,6.127143347968403,6.127143347968403,6.127143347968403,6.127143347968403,6.127143347968403,6.127143347968403,6.127143347968403,6.127143347968403,6.127143347968403,6.127143347968403,6.127143347968403,6.127143347968403,6.127143347968403,6.127143347968403,6.127143347968403,6.127143347968403,6.127143347968403,6.127143347968403,6.127143347968403,6.127143347968403,6.127143347968403,6.127143347968403,6.127143347968403,6.127143347968403,6.127143347968403,6.127143347968403,6.127143347968403,6.127143347968403,6.127143347968403,6.127143347968403,6.127143347968403,6.127143347968403,6.127143347968403,6.127143347968403,6.127143347968403,6.127143347968403,6.127143347968403,6.127143347968403,6.127143347968403,6.127143347968403,6.127143347968403,6.127143347968403,6.127143347968403,6.127143347968403,6.127143347968403,6.127143347968403,6.127143347968403,6.127143347968403,6.127143347968403,6.127143347968403,6.127143347968403,6.127143347968403,6.127143347968403,6.127143347968403,6.127143347968403,6.127143347968403,6.127143347968403,6.127143347968403,6.127143347968403,6.127143347968403,6.127143347968403,6.127143347968403,6.097839321568812,6.097839321568812,6.097839321568812,6.097839321568812,6.097839321568812,6.097839321568812,6.097839321568812,6.097839321568812,6.097839321568812,6.097839321568812,6.097839321568812,6.097839321568812,6.097839321568812,6.097839321568812,6.097839321568812,6.097839321568812,6.097839321568812,6.097839321568812,6.097839321568812,6.097839321568812,6.097839321568812,6.097839321568812,6.097839321568812,6.097839321568812,6.097839321568812,6.097839321568812,6.097839321568812,6.097839321568812,6.097839321568812,6.097839321568812,6.097839321568812,6.097839321568812,6.097839321568812,6.097839321568812,6.097839321568812,6.097839321568812,6.097839321568812,6.097839321568812,6.097839321568812,6.097839321568812,6.097839321568812,6.097839321568812,6.097839321568812,6.097839321568812,6.097839321568812,6.097839321568812,6.097839321568812,6.097839321568812,6.097839321568812,6.097839321568812,6.097839321568812,6.097839321568812,6.097839321568812,6.097839321568812,6.097839321568812,6.097839321568812,6.097839321568812,6.097839321568812,5.011326671614886,4.847750744244801,4.847750744244801,4.712150212248847,4.712150212248847,4.576259192367009,4.576259192367009,4.576259192367009,4.576259192367009,4.576259192367009,4.576259192367009,4.576259192367009,4.576259192367009,4.576259192367009,4.576259192367009,4.576259192367009,4.576259192367009,4.576259192367009,4.576259192367009,4.576259192367009,4.576259192367009,4.576259192367009,4.576259192367009,4.576259192367009,4.576259192367009,4.576259192367009,4.576259192367009,4.576259192367009,4.576259192367009,4.576259192367009,4.576259192367009,4.576259192367009,4.576259192367009,4.576259192367009,4.576259192367009,4.576259192367009,4.576259192367009,4.576259192367009,4.576259192367009,4.576259192367009,4.576259192367009,4.576259192367009,4.576259192367009,4.576259192367009,4.576259192367009,4.576259192367009,4.576259192367009,4.576259192367009,4.576259192367009,4.576259192367009,4.576259192367009,4.576259192367009,4.576259192367009,4.576259192367009,4.576259192367009,4.576259192367009,4.576259192367009,4.576259192367009,4.576259192367009,4.576259192367009,4.576259192367009,4.576259192367009,4.576259192367009,4.576259192367009,4.576259192367009,4.576259192367009,4.576259192367009,4.576259192367009,4.576259192367009,3.9796090912526734,3.9765904948436677,3.9765904948436677,3.9765904948436677,3.9765904948436677,3.9765904948436677,3.9765904948436677,3.9765904948436677,3.9765904948436677,3.9765904948436677,3.9765904948436677,3.9765904948436677,3.9765904948436677,3.9765904948436677,3.9765904948436677,3.9765904948436677,3.9765904948436677,3.9765904948436677,3.9765904948436677,3.9765904948436677,3.9765904948436677,3.9765904948436677,3.9765904948436677,3.9765904948436677,3.9765904948436677,3.9765904948436677,3.9765904948436677,3.9765904948436677,3.9765904948436677,3.9765904948436677,3.9765904948436677,3.9765904948436677,3.9765904948436677,3.9765904948436677,3.9765904948436677,3.9765904948436677,3.9765904948436677,3.9765904948436677,3.9765904948436677,3.9765904948436677,3.9765904948436677,3.9765904948436677,3.9765904948436677,3.9765904948436677,3.9765904948436677,3.9765904948436677,3.9765904948436677,3.9765904948436677,3.9765904948436677,3.9765904948436677,3.9765904948436677,3.9765904948436677,3.9765904948436677,3.9765904948436677,3.9765904948436677,3.9765904948436677,3.9765904948436677,3.9765904948436677,3.9765904948436677,3.9765904948436677,3.9765904948436677,3.9765904948436677,3.9765904948436677,3.9765904948436677,3.9765904948436677,3.9765904948436677,3.9765904948436677,3.9765904948436677,3.9765904948436677,3.9765904948436677,3.9765904948436677,3.9765904948436677,3.9765904948436677,3.9765904948436677,3.9765904948436677,3.9765904948436677,3.9765904948436677,3.9765904948436677,3.9765904948436677,3.9765904948436677,3.9765904948436677,3.9765904948436677,3.9765904948436677,3.9765904948436677,3.9765904948436677,3.9765904948436677,3.9765904948436677,3.9765904948436677,3.9765904948436677,3.9765904948436677,3.9765904948436677,3.943406975475975,3.943406975475975,3.943406975475975,3.943406975475975,3.943406975475975,3.943406975475975,3.943406975475975,3.943406975475975,3.943406975475975,3.943406975475975,3.943406975475975,3.943406975475975,3.943406975475975,3.943406975475975,3.943406975475975,3.943406975475975,3.943406975475975,3.943406975475975,3.943406975475975,3.943406975475975,3.943406975475975,3.943406975475975,3.943406975475975,3.943406975475975,3.943406975475975,3.943406975475975,3.943406975475975,3.943406975475975,3.943406975475975,3.943406975475975,3.943406975475975,3.943406975475975,3.943406975475975,3.943406975475975,3.943406975475975,3.943406975475975,3.943406975475975,3.943406975475975,3.943406975475975,3.943406975475975,3.943406975475975,3.943406975475975,3.943406975475975,3.943406975475975,3.943406975475975,3.943406975475975,3.943406975475975,3.943406975475975,3.943406975475975,3.943406975475975,3.943406975475975,3.943406975475975,3.943406975475975,3.943406975475975,3.943406975475975,3.943406975475975,3.943406975475975,3.943406975475975,3.943406975475975,3.943406975475975,3.943406975475975,3.943406975475975,3.943406975475975,3.943406975475975,3.943406975475975,3.943406975475975,3.943406975475975,3.943406975475975,3.943406975475975,3.943406975475975,3.943406975475975,3.943406975475975,3.943406975475975,3.943406975475975,3.943406975475975,3.943406975475975,3.943406975475975,3.943406975475975,3.943406975475975,3.943406975475975,3.943406975475975,3.943406975475975,3.943406975475975,3.943406975475975,3.943406975475975,3.943406975475975,3.943406975475975,3.943406975475975,3.943406975475975,3.943406975475975,3.943406975475975,3.943406975475975,3.943406975475975,3.943406975475975,3.943406975475975,3.943406975475975,3.943406975475975,3.943406975475975,3.943406975475975,3.943406975475975,3.943406975475975,3.943406975475975,3.943406975475975,3.943406975475975,3.943406975475975,3.943406975475975,3.943406975475975,3.943406975475975,3.943406975475975,3.943406975475975,3.943406975475975,3.943406975475975,3.943406975475975,3.943406975475975,3.943406975475975,3.943406975475975,3.943406975475975,3.943406975475975,3.943406975475975,3.943406975475975,3.943406975475975,3.943406975475975,3.943406975475975,3.943406975475975,3.943406975475975,3.943406975475975,3.943406975475975,3.5800042275318598,3.5800042275318598,3.5800042275318598,3.5800042275318598,3.5800042275318598,3.5800042275318598,3.5800042275318598,3.5800042275318598,3.5800042275318598,3.524172667337345,3.524172667337345,3.524172667337345,3.524172667337345,3.524172667337345,3.524172667337345,3.524172667337345,3.524172667337345,3.524172667337345,3.524172667337345,3.524172667337345,3.524172667337345,3.524172667337345,3.524172667337345,3.524172667337345,3.524172667337345,3.524172667337345,3.524172667337345,3.524172667337345,3.524172667337345,3.524172667337345,3.524172667337345,3.524172667337345,3.524172667337345,3.524172667337345,3.524172667337345,3.524172667337345,3.524172667337345,3.524172667337345,3.524172667337345,3.524172667337345,3.524172667337345,3.524172667337345,3.524172667337345,3.524172667337345,3.524172667337345,3.524172667337345,3.524172667337345,3.524172667337345,3.524172667337345,3.524172667337345,3.524172667337345,3.524172667337345,3.524172667337345,3.524172667337345,3.524172667337345,3.524172667337345,3.524172667337345,3.524172667337345,3.524172667337345,3.524172667337345,3.524172667337345,3.524172667337345,3.524172667337345,3.524172667337345,3.524172667337345,3.524172667337345,3.524172667337345,3.524172667337345,3.524172667337345,3.524172667337345,3.524172667337345,3.524172667337345,3.524172667337345,3.524172667337345,3.524172667337345,3.524172667337345,3.524172667337345,3.524172667337345,3.524172667337345,3.524172667337345,3.524172667337345,3.524172667337345,3.524172667337345,3.524172667337345,3.524172667337345,3.524172667337345,3.524172667337345,3.524172667337345,3.524172667337345,3.524172667337345,3.524172667337345,3.524172667337345,3.524172667337345,3.524172667337345,3.524172667337345,3.524172667337345,3.524172667337345,3.524172667337345,3.524172667337345,3.524172667337345,3.524172667337345,3.524172667337345,3.524172667337345,3.524172667337345,3.524172667337345,3.524172667337345,3.524172667337345,3.524172667337345,3.524172667337345,3.524172667337345,3.524172667337345,3.524172667337345,3.524172667337345,3.524172667337345,3.524172667337345,3.524172667337345,3.524172667337345,3.524172667337345,3.524172667337345,3.524172667337345,3.524172667337345,3.524172667337345,3.524172667337345,3.524172667337345,3.524172667337345,3.524172667337345,3.524172667337345,3.524172667337345,3.524172667337345,3.524172667337345,3.524172667337345,3.524172667337345,3.524172667337345,3.524172667337345,3.524172667337345,3.524172667337345,3.524172667337345,3.524172667337345,3.524172667337345,3.524172667337345,3.524172667337345,3.524172667337345,3.524172667337345,3.524172667337345,3.524172667337345,3.524172667337345,3.524172667337345,3.524172667337345,3.524172667337345,3.524172667337345,3.524172667337345,3.524172667337345,3.524172667337345,3.524172667337345,3.524172667337345,3.524172667337345,3.524172667337345,3.524172667337345,3.524172667337345,3.524172667337345,3.524172667337345,3.524172667337345,3.524172667337345,3.524172667337345,3.524172667337345,3.524172667337345,3.524172667337345,3.524172667337345,1.4265732455900064,1.4265732455900064,1.4265732455900064,1.4265732455900064,1.4265732455900064,1.4265732455900064,1.4265732455900064,1.4265732455900064,1.4265732455900064,1.4265732455900064,1.4265732455900064,1.4265732455900064,1.4265732455900064,1.4265732455900064,1.4265732455900064,1.4265732455900064,1.4265732455900064,1.4265732455900064,1.4265732455900064,1.4265732455900064,1.4265732455900064,1.4265732455900064,1.4265732455900064,1.4265732455900064,1.4265732455900064,1.4265732455900064,1.4265732455900064,1.4265732455900064,1.4265732455900064,1.4265732455900064,1.4265732455900064,1.4265732455900064,1.4265732455900064,1.4265732455900064,1.4265732455900064,1.4265732455900064,1.4265732455900064,1.4265732455900064,1.4265732455900064,1.4265732455900064,1.4265732455900064,1.4265732455900064,1.4265732455900064,1.4265732455900064,1.4265732455900064,1.4265732455900064,1.4265732455900064,1.4265732455900064,1.4265732455900064,1.4265732455900064,1.4265732455900064,1.4265732455900064,1.4265732455900064,1.4265732455900064,1.4265732455900064,1.4265732455900064,1.4265732455900064,1.4265732455900064,1.4265732455900064,1.4265732455900064,1.4265732455900064,1.4265732455900064,1.4265732455900064,1.4265732455900064,1.4265732455900064,1.4265732455900064,1.4265732455900064,1.4265732455900064,1.4265732455900064,1.4265732455900064,1.4265732455900064,1.4265732455900064,1.4265732455900064,1.4265732455900064,1.4265732455900064,1.4265732455900064,1.4265732455900064,1.4265732455900064,1.4265732455900064,1.4265732455900064,1.4265732455900064,1.4265732455900064,1.4265732455900064,1.4265732455900064,1.4265732455900064,1.4265732455900064,1.4265732455900064,1.4265732455900064,1.4265732455900064,1.4265732455900064,1.4265732455900064,1.4265732455900064,1.4265732455900064,1.4265732455900064,1.4265732455900064,1.4265732455900064,1.4265732455900064,1.4265732455900064,1.4265732455900064,1.4265732455900064,1.4265732455900064,1.4265732455900064,1.4265732455900064,1.4265732455900064,1.4265732455900064,1.4265732455900064,1.4265732455900064,1.4265732455900064,1.4265732455900064,1.4265732455900064,1.4265732455900064,1.4265732455900064,1.4265732455900064,1.4265732455900064,1.4265732455900064,1.4265732455900064,1.4265732455900064,1.4265732455900064,1.4265732455900064,1.4265732455900064,1.4265732455900064,1.4265732455900064,1.4265732455900064,1.4265732455900064,1.4265732455900064,1.4265732455900064,1.4265732455900064,1.4265732455900064,1.4265732455900064,1.4265732455900064,1.4265732455900064,1.4265732455900064,1.4265732455900064,1.4265732455900064,1.4265732455900064,1.4265732455900064,1.4265732455900064,1.4265732455900064,1.4265732455900064,1.4265732455900064,1.4265732455900064,1.4265732455900064,1.4265732455900064,1.4265732455900064,1.4265732455900064,1.4265732455900064,1.4265732455900064,1.4265732455900064,1.4265732455900064,1.4265732455900064,1.4265732455900064,1.4265732455900064,1.4265732455900064,1.4265732455900064,1.4265732455900064,1.4265732455900064,1.4265732455900064,1.4265732455900064,1.4265732455900064,1.4265732455900064,1.4265732455900064,1.4265732455900064,1.4265732455900064,1.4265732455900064,1.4265732455900064,1.4265732455900064,1.4265732455900064,1.4265732455900064,1.4265732455900064,1.4265732455900064,1.4265732455900064,1.4265732455900064,1.4265732455900064,1.4265732455900064,1.4265732455900064,1.4265732455900064,1.4265732455900064,1.4265732455900064,1.4265732455900064,1.4265732455900064,1.4265732455900064,1.4265732455900064,1.4265732455900064,1.4265732455900064,1.4265732455900064,1.4265732455900064,1.4265732455900064,1.4265732455900064,1.4265732455900064,1.4265732455900064,1.4265732455900064,1.4265732455900064,1.4265732455900064,1.4265732455900064,1.4265732455900064,1.4265732455900064,1.4265732455900064,1.4265732455900064,1.4265732455900064,1.4265732455900064,1.4265732455900064,1.4265732455900064,1.4265732455900064,1.4265732455900064,1.4265732455900064,1.4265732455900064,1.4265732455900064,1.4265732455900064,1.4265732455900064,1.4265732455900064,1.4265732455900064,1.4265732455900064,1.4265732455900064,1.4265732455900064,1.4265732455900064,1.4265732455900064,1.4265732455900064,1.4265732455900064,1.4265732455900064,1.4265732455900064,1.4265732455900064,1.4265732455900064,1.4265732455900064,1.4265732455900064,1.4265732455900064,1.4265732455900064,1.4265732455900064,1.4265732455900064,1.4265732455900064,1.4265732455900064,1.4265732455900064,1.4265732455900064,1.4265732455900064,1.4265732455900064,1.4265732455900064,1.4265732455900064,1.4265732455900064,1.4265732455900064,1.4265732455900064,1.4265732455900064,1.4265732455900064,1.4265732455900064,1.4265732455900064,1.4265732455900064,1.4265732455900064,1.4265732455900064,1.4265732455900064,1.4265732455900064,1.4265732455900064,1.4265732455900064,1.4265732455900064,1.4265732455900064,1.4265732455900064,1.4265732455900064,1.4265732455900064,1.4265732455900064,1.4265732455900064,1.4265732455900064,1.4265732455900064,1.4265732455900064,1.4265732455900064,1.4265732455900064,1.4265732455900064,1.4265732455900064,1.4265732455900064,1.4265732455900064,1.4265732455900064,1.4265732455900064,1.4265732455900064,1.4265732455900064,1.4265732455900064,1.4265732455900064,1.4265732455900064,1.4265732455900064,1.4265732455900064,1.4265732455900064,1.4265732455900064,1.4265732455900064,1.4265732455900064,1.4265732455900064,1.4265732455900064,1.4265732455900064,1.4265732455900064,1.4265732455900064,1.4265732455900064,1.4265732455900064,1.4265732455900064,1.4265732455900064,1.4265732455900064,1.4265732455900064,1.4265732455900064,1.4265732455900064,1.4265732455900064,1.4265732455900064,1.4265732455900064,1.4265732455900064,1.4265732455900064,1.4265732455900064,1.4265732455900064,1.4265732455900064,1.4265732455900064,1.4265732455900064,1.4265732455900064,1.4265732455900064,1.4265732455900064,1.4265732455900064,1.4265732455900064,1.4265732455900064,1.4265732455900064,1.4265732455900064,1.4265732455900064,1.4265732455900064,1.4265732455900064,1.4265732455900064,1.4265732455900064,1.4265732455900064,1.4265732455900064,1.4265732455900064,1.4265732455900064,1.4265732455900064,1.4265732455900064,1.4265732455900064,1.4265732455900064,1.4265732455900064,1.4265732455900064,1.4265732455900064,1.4265732455900064,1.4265732455900064,1.4265732455900064,1.4265732455900064,1.4265732455900064,1.4265732455900064,1.4265732455900064,1.4265732455900064,1.4265732455900064,1.4265732455900064,1.4265732455900064,1.4265732455900064,1.4265732455900064,1.4265732455900064,1.4265732455900064,1.4265732455900064,1.4265732455900064,1.4265732455900064,1.4265732455900064,1.4265732455900064,1.4265732455900064,1.4265732455900064,1.4265732455900064,1.4265732455900064,1.4265732455900064,1.4265732455900064,1.4265732455900064,1.4265732455900064,1.4265732455900064,1.4265732455900064,1.4265732455900064,1.4265732455900064,1.4265732455900064,1.4265732455900064,1.4265732455900064,1.4265732455900064,1.4265732455900064,1.4265732455900064,1.4265732455900064,1.4265732455900064,1.4265732455900064,1.4265732455900064,1.4265732455900064,1.4265732455900064,1.4265732455900064,1.4265732455900064,1.4265732455900064,1.4265732455900064,1.4265732455900064,1.4265732455900064,1.4265732455900064,1.4265732455900064,1.4265732455900064,1.4265732455900064,1.4265732455900064,1.4265732455900064,1.4265732455900064,1.4265732455900064,1.4265732455900064,1.4265732455900064,1.4265732455900064,1.4265732455900064,1.4265732455900064,1.4265732455900064,1.4265732455900064,1.4265732455900064,1.4265732455900064,1.4265732455900064,1.4265732455900064,1.4265732455900064,1.4265732455900064,1.4265732455900064,1.4265732455900064,1.4265732455900064,1.4265732455900064,1.4265732455900064,1.4265732455900064,1.4265732455900064,1.4265732455900064,1.4265732455900064,1.4265732455900064,1.4265732455900064,1.4265732455900064,1.4265732455900064,1.4265732455900064,1.4265732455900064,1.4265732455900064,6.708187363308624,6.168977292227817,6.168977292227817,6.168977292227817,6.168977292227817,6.168977292227817,6.168977292227817,6.168977292227817,6.168977292227817,6.168977292227817,6.168977292227817,6.168977292227817,6.132200580486553,6.132200580486553,6.132200580486553,5.844056584466218,5.844056584466218,5.844056584466218,5.808990157850372,5.808990157850372,5.808990157850372,5.808990157850372,5.808990157850372,5.808990157850372,5.808990157850372,5.808990157850372,5.808990157850372,5.808990157850372,5.808990157850372,5.808990157850372,5.808990157850372,5.808990157850372,5.808990157850372,5.808990157850372,5.808990157850372,5.808990157850372,5.808990157850372,5.808990157850372,5.808990157850372,5.808990157850372,5.808990157850372,5.808990157850372,5.808990157850372,5.808990157850372,5.808990157850372,5.808990157850372,5.808990157850372,5.808990157850372,5.808990157850372,5.808990157850372,5.808990157850372,5.808990157850372,5.808990157850372,5.808990157850372,5.808990157850372,5.808990157850372,5.808990157850372,5.808990157850372,5.808990157850372,5.808990157850372,5.808990157850372,5.808990157850372,5.808990157850372,5.808990157850372,5.808990157850372,5.808990157850372,5.808990157850372,5.808990157850372,5.808990157850372,5.808990157850372,5.808990157850372,5.808990157850372,5.808990157850372,5.808990157850372,5.808990157850372,5.808990157850372,5.808990157850372,5.808990157850372,5.782091269091013,5.782091269091013,5.782091269091013,5.782091269091013,5.782091269091013,5.782091269091013,5.782091269091013,4.863532925493407,4.535447995179176,4.535447995179176,4.535447995179176,4.535447995179176,4.535447995179176,4.535447995179176,4.535447995179176,4.535447995179176,4.535447995179176,4.535447995179176,4.535447995179176,4.535447995179176,4.535447995179176,4.535447995179176,4.535447995179176,4.535447995179176,4.535447995179176,4.535447995179176,4.535447995179176,4.535447995179176,4.535447995179176,4.535447995179176,4.535447995179176,4.535447995179176,4.535447995179176,4.535447995179176,4.535447995179176,4.535447995179176,4.535447995179176,4.535447995179176,4.535447995179176,4.535447995179176,4.535447995179176,4.535447995179176,4.535447995179176,4.535447995179176,4.535447995179176,4.270978594491402,4.270978594491402,4.270978594491402,4.270978594491402,4.270978594491402,4.270978594491402,4.270978594491402,4.270978594491402,4.270978594491402,4.270978594491402,4.270978594491402,4.270978594491402,4.270978594491402,4.270978594491402,4.270978594491402,4.270978594491402,4.270978594491402,4.270978594491402,4.270978594491402,4.270978594491402,4.270978594491402,4.270978594491402,4.270978594491402,4.270978594491402,4.270978594491402,4.270978594491402,4.270978594491402,4.270978594491402,4.270978594491402,4.270978594491402,4.270978594491402,4.270978594491402,4.270978594491402,4.270978594491402,4.270978594491402,4.270978594491402,4.270978594491402,4.270978594491402,4.270978594491402,4.270978594491402,4.270978594491402,4.270978594491402,4.270978594491402,4.270978594491402,4.270978594491402,4.270978594491402,4.270978594491402,4.270978594491402,4.270978594491402,4.270978594491402,4.270978594491402,4.270978594491402,4.270978594491402,4.270978594491402,4.270978594491402,4.270978594491402,4.270978594491402,4.270978594491402,4.270978594491402,4.270978594491402,4.270978594491402,4.270978594491402,4.270978594491402,4.270978594491402,4.270978594491402,4.270978594491402,4.270978594491402,4.270978594491402,4.270978594491402,4.270978594491402,4.270978594491402,4.270978594491402,4.270978594491402,4.270978594491402,4.270978594491402,4.270978594491402,4.270978594491402,4.270978594491402,4.270978594491402,4.270978594491402,4.270978594491402,4.270978594491402,4.270978594491402,4.270978594491402,4.270978594491402,4.270978594491402,4.270978594491402,4.270978594491402,4.270978594491402,4.270978594491402,4.270978594491402,4.270978594491402,4.270978594491402,4.270978594491402,4.270978594491402,4.270978594491402,4.270978594491402,4.270978594491402,4.270978594491402,4.270978594491402,4.270978594491402,4.270978594491402,4.270978594491402,4.270978594491402,4.270978594491402,4.270978594491402,4.270978594491402,4.270978594491402,4.270978594491402,4.270978594491402,4.270978594491402,4.270978594491402,4.270978594491402,4.270978594491402,4.270978594491402,4.270978594491402,4.270978594491402,4.270978594491402,4.270978594491402,4.270978594491402,4.270978594491402,4.270978594491402,4.270978594491402,4.270978594491402,4.270978594491402,4.270978594491402,4.270978594491402,4.270978594491402,4.270978594491402,4.270978594491402,4.270978594491402,4.270978594491402,4.270978594491402,4.270978594491402,4.270978594491402,4.270978594491402,4.270978594491402,4.270978594491402,4.270978594491402,4.270978594491402,4.270978594491402,4.270978594491402,4.270978594491402,4.270978594491402,4.270978594491402,4.270978594491402,4.270978594491402,4.270978594491402,4.270978594491402,4.270978594491402,4.270978594491402,4.270978594491402,4.270978594491402,4.270978594491402,4.270978594491402,4.270978594491402,4.270978594491402,4.270978594491402,4.270978594491402,4.270978594491402,4.270978594491402,4.270978594491402,4.270978594491402,4.270978594491402,4.270978594491402,4.270978594491402,4.270978594491402,4.270978594491402,4.270978594491402,4.270978594491402,4.270978594491402,4.270978594491402,4.270978594491402,4.270978594491402,4.270978594491402,4.270978594491402,4.270978594491402,4.270978594491402,4.270978594491402,4.270978594491402,4.270978594491402,4.270978594491402,4.270978594491402,4.270978594491402,4.270978594491402,4.270978594491402,4.270978594491402,4.270978594491402,4.270978594491402,4.270978594491402,4.270978594491402,4.270978594491402,4.270978594491402,4.270978594491402,4.270978594491402,4.270978594491402,4.270978594491402,4.270978594491402,4.270978594491402,4.270978594491402,4.270978594491402,4.270978594491402,4.270978594491402,4.270978594491402,4.270978594491402,4.270978594491402,4.270978594491402,4.270978594491402,4.270978594491402,4.270978594491402,4.270978594491402,4.270978594491402,4.270978594491402,4.270978594491402,4.270978594491402,4.270978594491402,4.270978594491402,4.270978594491402,4.270978594491402,4.270978594491402,4.270978594491402,4.270978594491402,4.270978594491402,4.270978594491402,4.270978594491402,4.270978594491402,4.270978594491402,4.270978594491402,4.270978594491402,4.270978594491402,4.270978594491402,4.270978594491402,4.270978594491402,4.270978594491402,4.270978594491402,4.270978594491402,4.270978594491402,4.270978594491402,4.270978594491402,4.270978594491402,4.270978594491402,4.270978594491402,4.270978594491402,4.270978594491402,4.270978594491402,4.270978594491402,4.270978594491402,4.270978594491402,4.270978594491402,4.270978594491402,4.270978594491402,4.270978594491402,4.270978594491402,4.270978594491402,4.270978594491402,4.270978594491402,4.270978594491402,4.270978594491402,4.270978594491402,4.270978594491402,4.270978594491402,4.270978594491402,4.270978594491402,4.270978594491402,4.270978594491402,4.270978594491402,4.270978594491402,4.270978594491402,4.270978594491402,4.270978594491402,4.270978594491402,4.270978594491402,4.270978594491402,4.270978594491402,4.270978594491402,4.270978594491402,4.270978594491402,4.270978594491402,4.270978594491402,4.270978594491402,4.270978594491402,4.270978594491402,4.270978594491402,4.270978594491402,4.270978594491402,4.270978594491402,4.270978594491402,4.270978594491402,4.270978594491402,4.270978594491402,4.270978594491402,4.270978594491402,4.270978594491402,4.270978594491402,4.270978594491402,4.270978594491402,4.270978594491402,4.270978594491402,4.270978594491402,4.270978594491402,4.270978594491402,4.270978594491402,4.270978594491402,4.270978594491402,4.270978594491402,4.270978594491402,4.270978594491402,4.270978594491402,4.270978594491402,4.270978594491402,4.270978594491402,4.270978594491402,4.270978594491402,4.270978594491402,4.270978594491402,4.270978594491402,4.270978594491402,4.270978594491402,4.270978594491402,4.270978594491402,4.270978594491402,4.270978594491402,4.270978594491402,4.270978594491402,4.270978594491402,4.270978594491402,4.270978594491402,4.270978594491402,4.270978594491402,4.270978594491402,4.270978594491402,4.270978594491402,4.270978594491402,4.270978594491402,4.270978594491402,4.270978594491402,4.270978594491402,4.270978594491402,4.270978594491402,4.270978594491402,4.270978594491402,4.270978594491402,4.270978594491402,4.270978594491402,4.270978594491402,4.270978594491402,4.270978594491402,4.270978594491402,4.270978594491402,4.270978594491402,4.270978594491402,4.270978594491402,4.270978594491402,4.270978594491402,4.270978594491402,4.270978594491402,4.270978594491402,4.270978594491402,4.270978594491402,4.270978594491402,4.270978594491402,4.270978594491402,4.270978594491402,4.270978594491402,4.270978594491402,4.270978594491402,4.270978594491402,4.270978594491402,4.270978594491402,4.270978594491402,4.270978594491402,4.270978594491402,4.270978594491402,4.270978594491402,4.270978594491402,4.270978594491402,4.270978594491402,4.270978594491402,4.270978594491402,4.270978594491402,4.270978594491402,4.270978594491402,4.270978594491402,4.270978594491402,4.270978594491402,4.270978594491402,4.270978594491402,4.270978594491402,4.270978594491402,4.270978594491402,4.270978594491402,4.270978594491402,4.270978594491402,4.270978594491402,4.270978594491402,4.270978594491402,4.270978594491402,4.270978594491402,4.270978594491402,4.270978594491402,4.270978594491402,4.270978594491402,4.270978594491402,4.270978594491402,4.270978594491402,4.270978594491402,4.270978594491402,4.270978594491402,4.270978594491402,4.270978594491402,4.270978594491402,4.270978594491402,4.270978594491402,4.270978594491402,4.270978594491402,4.270978594491402,4.270978594491402,4.270978594491402,4.270978594491402,4.270978594491402,4.270978594491402,4.270978594491402,4.270978594491402,4.270978594491402,4.270978594491402,4.270978594491402,4.270978594491402,4.270978594491402,4.270978594491402,4.270978594491402,4.270978594491402,4.270978594491402,4.270978594491402,4.270978594491402,4.270978594491402,4.270978594491402,4.270978594491402,4.270978594491402,4.270978594491402,4.270978594491402,4.270978594491402,4.270978594491402,4.270978594491402,4.270978594491402,4.270978594491402,4.270978594491402,4.270978594491402,4.270978594491402,4.270978594491402,4.270978594491402,4.270978594491402,4.270978594491402,4.270978594491402,4.270978594491402,4.270978594491402,4.270978594491402,4.270978594491402,4.270978594491402,4.270978594491402,4.270978594491402,4.270978594491402,4.270978594491402,4.270978594491402,4.270978594491402,4.270978594491402,4.270978594491402,4.270978594491402,4.270978594491402,4.270978594491402,4.270978594491402,4.270978594491402,4.270978594491402,4.270978594491402,4.270978594491402,4.270978594491402,4.270978594491402,4.270978594491402,4.270978594491402,4.270978594491402,4.270978594491402,4.270978594491402,4.270978594491402,4.270978594491402,4.270978594491402,4.270978594491402,4.270978594491402,4.270978594491402,4.270978594491402,4.270978594491402,4.270978594491402,4.270978594491402,4.270978594491402,4.270978594491402,4.270978594491402,4.270978594491402,4.270978594491402,4.270978594491402,4.270978594491402,4.270978594491402,4.270978594491402,4.270978594491402,4.270978594491402,4.270978594491402,4.270978594491402,4.270978594491402,4.270978594491402,4.270978594491402,4.270978594491402,4.270978594491402,4.270978594491402,4.270978594491402,4.270978594491402,4.270978594491402,4.270978594491402,4.270978594491402,4.270978594491402,4.270978594491402,4.270978594491402,4.270978594491402,4.270978594491402,4.270978594491402,4.270978594491402,4.270978594491402,4.270978594491402,4.270978594491402,4.270978594491402,4.270978594491402,4.270978594491402,4.270978594491402,4.270978594491402,4.270978594491402,4.270978594491402,4.270978594491402,4.270978594491402,4.270978594491402,4.270978594491402,4.270978594491402,4.270978594491402,4.270978594491402,4.270978594491402,4.270978594491402,4.270978594491402,4.270978594491402,4.270978594491402,4.270978594491402,4.270978594491402,4.270978594491402,4.270978594491402,4.270978594491402,4.270978594491402,4.270978594491402,4.270978594491402,4.270978594491402,4.270978594491402,4.270978594491402,4.270978594491402,4.270978594491402,4.270978594491402,4.270978594491402,4.270978594491402,4.270978594491402,4.270978594491402,4.270978594491402,4.270978594491402,4.270978594491402,4.270978594491402,4.270978594491402,4.270978594491402,4.270978594491402,4.270978594491402,4.270978594491402,4.270978594491402,4.270978594491402,4.270978594491402,4.270978594491402,4.270978594491402,4.270978594491402,4.270978594491402,4.270978594491402,4.270978594491402,4.270978594491402,4.270978594491402,4.270978594491402,4.270978594491402,4.270978594491402,4.270978594491402,4.270978594491402,4.270978594491402,4.270978594491402,4.270978594491402,4.270978594491402,4.270978594491402,4.270978594491402,4.270978594491402,4.270978594491402,4.270978594491402,4.270978594491402,4.270978594491402,4.270978594491402,4.270978594491402,4.270978594491402,4.270978594491402,4.270978594491402,4.270978594491402,4.270978594491402,4.270978594491402,4.270978594491402,4.270978594491402,4.270978594491402,4.270978594491402,4.270978594491402,4.270978594491402,4.270978594491402,4.270978594491402,4.270978594491402,4.270978594491402,4.270978594491402,4.270978594491402,4.270978594491402,4.270978594491402,4.270978594491402,4.270978594491402,4.270978594491402,4.270978594491402,4.270978594491402,4.270978594491402,4.270978594491402,4.270978594491402,4.270978594491402,4.270978594491402,4.270978594491402,4.270978594491402,4.270978594491402,4.270978594491402,4.270978594491402,4.270978594491402,4.270978594491402,4.270978594491402,4.270978594491402,4.270978594491402,4.270978594491402,4.270978594491402,4.270978594491402,4.270978594491402,4.270978594491402,4.270978594491402,4.270978594491402,4.270978594491402,4.270978594491402,4.270978594491402,4.270978594491402,4.270978594491402,4.270978594491402,4.270978594491402,4.270978594491402,4.270978594491402,4.270978594491402,4.270978594491402,4.270978594491402,4.270978594491402,4.270978594491402,4.270978594491402,4.270978594491402,4.270978594491402,4.270978594491402,4.270978594491402,4.270978594491402,4.270978594491402,4.270978594491402,4.270978594491402,4.270978594491402,4.270978594491402,4.270978594491402,4.270978594491402,4.270978594491402,4.270978594491402,4.270978594491402,4.270978594491402,4.270978594491402,4.270978594491402,4.270978594491402,4.270978594491402,4.270978594491402,4.270978594491402,4.270978594491402,4.270978594491402,4.270978594491402,4.270978594491402,4.270978594491402,4.270978594491402,4.270978594491402,4.270978594491402,4.270978594491402,4.270978594491402,4.270978594491402,4.270978594491402,4.270978594491402,4.270978594491402,4.270978594491402,4.270978594491402,4.270978594491402,4.270978594491402,4.270978594491402,4.270978594491402,4.270978594491402,4.270978594491402,4.270978594491402,4.270978594491402,4.270978594491402,4.270978594491402,4.270978594491402,4.270978594491402,4.270978594491402,4.270978594491402,4.270978594491402,4.270978594491402,4.270978594491402,4.270978594491402,4.270978594491402,4.270978594491402,4.270978594491402,4.270978594491402,4.270978594491402,4.270978594491402,4.270978594491402,4.270978594491402,4.270978594491402,4.270978594491402,4.270978594491402,4.270978594491402,4.270978594491402,4.270978594491402,4.270978594491402,4.270978594491402,4.270978594491402,4.270978594491402,4.270978594491402,4.270978594491402,4.270978594491402,4.270978594491402,4.270978594491402,4.270978594491402,4.270978594491402,4.270978594491402,4.270978594491402,4.270978594491402,4.270978594491402,4.270978594491402,4.270978594491402,4.270978594491402,4.270978594491402,4.270978594491402,4.270978594491402,4.270978594491402,4.270978594491402,4.270978594491402,4.270978594491402,4.270978594491402,4.270978594491402,4.270978594491402,4.270978594491402,4.270978594491402,4.270978594491402,4.270978594491402,4.270978594491402,4.270978594491402,4.270978594491402,4.270978594491402,4.270978594491402,4.270978594491402,4.270978594491402,4.270978594491402,4.270978594491402,4.270978594491402,4.270978594491402,4.270978594491402,4.270978594491402,4.270978594491402,4.270978594491402,4.270978594491402,4.270978594491402,4.270978594491402,4.270978594491402,4.270978594491402,4.270978594491402,4.270978594491402,4.270978594491402,4.270978594491402,4.270978594491402,4.270978594491402,4.270978594491402,4.270978594491402,4.270978594491402,4.270978594491402,4.270978594491402,4.270978594491402,4.270978594491402,4.270978594491402,4.270978594491402,4.270978594491402,4.270978594491402,4.270978594491402,4.270978594491402,4.270978594491402,4.270978594491402,4.270978594491402,4.270978594491402,4.270978594491402,4.270978594491402,4.270978594491402,4.270978594491402,4.270978594491402,4.270978594491402,4.270978594491402,4.270978594491402,4.270978594491402,4.270978594491402,4.270978594491402,4.270978594491402,4.270978594491402,4.270978594491402,4.270978594491402,4.270978594491402,4.270978594491402,4.270978594491402,4.270978594491402,4.270978594491402,4.270978594491402,4.270978594491402,4.270978594491402,4.270978594491402,4.270978594491402,4.270978594491402,4.270978594491402,4.270978594491402,4.270978594491402,4.270978594491402,4.270978594491402,4.270978594491402,4.270978594491402,4.270978594491402,4.270978594491402,4.270978594491402,4.270978594491402,4.270978594491402,4.270978594491402,4.270978594491402,4.270978594491402,4.270978594491402,4.270978594491402,4.270978594491402,4.270978594491402,4.270978594491402,4.270978594491402,4.270978594491402,4.270978594491402,4.270978594491402,4.270978594491402,4.270978594491402,4.270978594491402,4.270978594491402,4.270978594491402,4.270978594491402,4.270978594491402,4.270978594491402,4.270978594491402,4.270978594491402,4.270978594491402,4.270978594491402,4.270978594491402,4.270978594491402,4.270978594491402,4.270978594491402,4.270978594491402,4.270978594491402,4.270978594491402,4.270978594491402,9.250481113236544,8.987990476683477,8.987990476683477,8.987990476683477,8.322307037555383,8.322307037555383,8.322307037555383,8.322307037555383,7.4885805023821845,7.4885805023821845,7.4885805023821845,7.4885805023821845,7.4885805023821845,7.4885805023821845,7.4885805023821845,7.4885805023821845,7.4885805023821845,7.4885805023821845,7.4885805023821845,7.4885805023821845,7.4885805023821845,7.4885805023821845,7.4885805023821845,7.4885805023821845,7.4885805023821845,7.487671147575554,7.487671147575554,7.487671147575554,7.487671147575554,7.487671147575554,7.463299553927691,7.463299553927691,7.463299553927691,7.463299553927691,7.463299553927691,7.311984516338316,7.311984516338316,7.311984516338316,7.311984516338316,7.311984516338316,7.311984516338316,7.311984516338316,7.311984516338316,7.311984516338316,7.311984516338316,7.311984516338316,7.311984516338316,7.311984516338316,7.311984516338316,7.311984516338316,7.311984516338315,7.311984516338315,7.311984516338315,7.311984516338315,7.311984516338315,7.311984516338315,7.311984516338315,7.311984516338315,7.311984516338315,7.311984516338315,7.311984516338315,7.311984516338315,7.311984516338315,7.311984516338315,7.311984516338315,7.311984516338315,7.311984516338315,7.311984516338315,7.311984516338315,7.311984516338315,7.311984516338315,7.311984516338315,7.311984516338315,7.311984516338315,7.311984516338315,7.311984516338315,7.311984516338315,7.311984516338315,7.311984516338315,7.311984516338315,7.311984516338315,7.311984516338315,7.311984516338315,7.311984516338315,7.311984516338315,7.311984516338315,7.311984516338315,7.311984516338315,7.311984516338315,7.311984516338315,7.311984516338315,7.311984516338315,7.311984516338315,7.311984516338315,7.311984516338315,7.311984516338315,7.311984516338315,7.311984516338315,7.311984516338315,7.311984516338315,7.311984516338315,7.311984516338315,7.311984516338315,7.311984516338315,7.311984516338315,7.311984516338315,7.311984516338315,7.311984516338315,7.311984516338315,7.311984516338315,7.311984516338315,7.311984516338315,7.311984516338315,7.311984516338315,7.311984516338315,7.311984516338315,7.311984516338315,7.311984516338315,7.311984516338315,7.311984516338315,7.311984516338315,7.311984516338315,7.311984516338315,7.311984516338315,7.311984516338315,7.311984516338315,7.311984516338315,7.311984516338315,7.311984516338315,7.311984516338315,7.311984516338315,7.311984516338315,7.311984516338315,7.311984516338315,7.311984516338315,7.311984516338315,7.311984516338315,7.311984516338315,7.311984516338315,6.963280217545613,6.963280217545613,6.963280217545613,6.963280217545613,6.963280217545613,6.963280217545613,6.4453677398046665,6.01093622089005,6.01093622089005,5.915933178655328,5.915933178655328,5.915933178655328,5.915933178655328,5.915933178655328,5.915933178655328,5.915933178655328,5.915933178655328,5.915933178655328,5.915933178655328,5.915933178655328,5.915933178655328,5.915933178655328,5.915933178655328,5.915933178655328,5.915933178655328,5.915933178655328,5.915933178655328,5.915933178655328,5.915933178655328,5.915933178655328,5.915933178655328,5.915933178655328,5.915933178655328,5.915933178655328,5.915933178655328,5.915933178655328,5.915933178655328,5.915933178655328,5.915933178655328,5.915933178655328,5.915933178655328,5.915933178655328,5.915933178655328,5.915933178655328,5.915933178655328,5.915933178655328,5.915933178655328,5.915933178655328,5.915933178655328,5.915933178655328,5.915933178655328,5.915933178655328,5.915933178655328,5.915933178655328,5.915933178655328,5.915933178655328,5.915933178655328,5.915933178655328,5.915933178655328,5.915933178655328,5.915933178655328,5.915933178655328,5.915933178655328,5.915933178655328,5.915933178655328,5.915933178655328,5.915933178655328,5.915933178655328,5.915933178655328,5.915933178655328,5.915933178655328,5.915933178655328,5.915933178655328,5.915933178655328,5.915933178655328,5.915933178655328,5.915933178655328,5.915933178655328,5.915933178655328,5.915933178655328,5.915933178655328,5.915933178655328,5.915933178655328,5.915933178655328,5.915933178655328,5.915933178655328,5.915933178655328,5.915933178655328,5.915933178655328,5.915933178655328,5.915933178655328,5.915933178655328,5.915933178655328,5.915933178655328,5.915933178655328,5.915933178655328,5.915933178655328,5.915933178655328,5.915933178655328,5.915933178655328,5.915933178655328,5.915933178655328,5.915933178655328,5.915933178655328,5.915933178655328,5.915933178655328,5.915933178655328,5.915933178655328,5.915933178655328,5.915933178655328,5.915933178655328,5.915933178655328,5.915933178655328,5.915933178655328,5.915933178655328,5.915933178655328,5.915933178655328,5.915933178655328,5.915933178655328,5.915933178655328,5.915933178655328,5.915933178655328,5.915933178655328,5.915933178655328,5.915933178655328,5.915933178655328,5.915933178655328,5.915933178655328,5.915933178655328,5.915933178655328,5.915933178655328,5.915933178655328,5.915933178655328,5.915933178655328,5.915933178655328,5.915933178655328,5.915933178655328,5.915933178655328,5.915933178655328,5.915933178655328,5.915933178655328,5.915933178655328,5.915933178655328,5.915933178655328,5.915933178655328,5.915933178655328,5.915933178655328,5.915933178655328,5.915933178655328,5.915933178655328,5.915933178655328,5.915933178655328,5.915933178655328,5.915933178655328,5.915933178655328,5.915933178655328,5.915933178655328,5.915933178655328,5.915933178655328,5.915933178655328,5.915933178655328,5.915933178655328,5.915933178655328,5.915933178655328,5.915933178655328,5.915933178655328,5.915933178655328,5.915933178655328,5.915933178655328,5.915933178655328,5.915933178655328,5.915933178655328,5.257591570642419,5.257591570642419,4.010423516295799,4.010423516295799,4.010423516295799,4.010423516295799,4.010423516295799,4.010423516295799,4.010423516295799,4.010423516295799,4.010423516295799,4.010423516295799,4.010423516295799,4.010423516295799,4.010423516295799,4.010423516295799,4.010423516295799,4.010423516295799,4.010423516295799,4.010423516295799,4.010423516295799,4.010423516295799,4.010423516295799,4.010423516295799,4.010423516295799,4.010423516295799,4.010423516295799,4.010423516295799,4.010423516295799,4.010423516295799,4.010423516295799,4.010423516295799,4.010423516295799,4.010423516295799,4.010423516295799,4.010423516295799,4.010423516295799,4.010423516295799,4.010423516295799,4.010423516295799,4.010423516295799,4.010423516295799,4.010423516295799,4.010423516295799,4.010423516295799,4.010423516295799,4.010423516295799,4.010423516295799,4.010423516295799,4.010423516295799,4.010423516295799,4.010423516295799,4.010423516295799,4.010423516295799,4.010423516295799,4.010423516295799,4.010423516295799,4.010423516295799,4.010423516295799,4.010423516295799,4.010423516295799,4.010423516295799,4.010423516295799,4.010423516295799,4.010423516295799,4.010423516295799,4.010423516295799,4.010423516295799,4.010423516295799,4.010423516295799,4.010423516295799,4.010423516295799,4.010423516295799,4.010423516295799,4.010423516295799,4.010423516295799,4.010423516295799,4.010423516295799,4.010423516295799,4.010423516295799,4.010423516295799,4.010423516295799,4.010423516295799,4.010423516295799,4.010423516295799,4.010423516295799,4.010423516295799,4.010423516295799,4.010423516295799,4.010423516295799,4.010423516295799,4.010423516295799,4.010423516295799,4.010423516295799,4.010423516295799,4.010423516295799,4.010423516295799,4.010423516295799,4.010423516295799,4.010423516295799,4.010423516295799,4.010423516295799,4.010423516295799,4.010423516295799,4.010423516295799,4.010423516295799,4.010423516295799,4.010423516295799,4.010423516295799,4.010423516295799,4.010423516295799,4.010423516295799,4.010423516295799,4.010423516295799,4.010423516295799,4.010423516295799,4.010423516295799,4.010423516295799,4.010423516295799,4.010423516295799,4.010423516295799,4.010423516295799,4.010423516295799,4.010423516295799,4.010423516295799,4.010423516295799,4.010423516295799,4.010423516295799,4.010423516295799,4.010423516295799,4.010423516295799,4.010423516295799,4.010423516295799,4.010423516295799,4.010423516295799,4.010423516295799,4.010423516295799,4.010423516295799,4.010423516295799,4.010423516295799,4.010423516295799,4.010423516295799,4.010423516295799,4.010423516295799,4.010423516295799,4.010423516295799,4.010423516295799,4.010423516295799,4.010423516295799,4.010423516295799,4.010423516295799,4.010423516295799,4.010423516295799,4.010423516295799,4.010423516295799,4.010423516295799,4.010423516295799,4.010423516295799,4.010423516295799,4.010423516295799,4.010423516295799,4.010423516295799,4.010423516295799,4.010423516295799,4.010423516295799,4.010423516295799,4.010423516295799,4.010423516295799,4.010423516295799,4.010423516295799,4.010423516295799,4.010423516295799,4.010423516295799,4.010423516295799,4.010423516295799,4.010423516295799,4.010423516295799,4.010423516295799,4.010423516295799,4.010423516295799,4.010423516295799,4.010423516295799,4.010423516295799,4.010423516295799,4.010423516295799,4.010423516295799,4.010423516295799,4.010423516295799,4.010423516295799,4.010423516295799,4.010423516295799,4.010423516295799,4.010423516295799,4.010423516295799,4.010423516295799,4.010423516295799,4.010423516295799,4.010423516295799,4.010423516295799,4.010423516295799,4.010423516295799,4.010423516295799,4.010423516295799,4.010423516295799,4.010423516295799,4.010423516295799,4.010423516295799,4.010423516295799,4.010423516295799,4.010423516295799,4.010423516295799,4.010423516295799,4.010423516295799,4.010423516295799,4.010423516295799,4.010423516295799,4.010423516295799,4.010423516295799,4.010423516295799,4.010423516295799,4.010423516295799,4.010423516295799,4.010423516295799,4.010423516295799,4.010423516295799,4.010423516295799,4.010423516295799,4.010423516295799,4.010423516295799,4.010423516295799,4.010423516295799,4.010423516295799,4.010423516295799,4.010423516295799,4.010423516295799,4.010423516295799,4.010423516295799,4.010423516295799,4.010423516295799,4.010423516295799,4.010423516295799,4.010423516295799,4.010423516295799,4.010423516295799,4.010423516295799,4.010423516295799,4.010423516295799,4.010423516295799,4.010423516295799,4.010423516295799,4.010423516295799,4.010423516295799,4.010423516295799,4.010423516295799,4.010423516295799,4.010423516295799,4.010423516295799,4.010423516295799,4.010423516295799,4.010423516295799,4.010423516295799,4.010423516295799,4.010423516295799,4.010423516295799,4.010423516295799,4.010423516295799,4.010423516295799,4.010423516295799,4.010423516295799,4.010423516295799,4.010423516295799,4.010423516295799,4.010423516295799,4.010423516295799,4.010423516295799,4.010423516295799,4.010423516295799,4.010423516295799,4.010423516295799,4.010423516295799,4.010423516295799,4.010423516295799,4.010423516295799,4.010423516295799,4.010423516295799,4.010423516295799,4.010423516295799,4.010423516295799,4.010423516295799,4.010423516295799,4.010423516295799,4.010423516295799,4.010423516295799,4.010423516295799,4.010423516295799,4.010423516295799,4.010423516295799,4.010423516295799,4.010423516295799,4.010423516295799,4.010423516295799,4.010423516295799,4.010423516295799,4.010423516295799,4.010423516295799,4.010423516295799,4.010423516295799,4.010423516295799,4.010423516295799,4.010423516295799,4.010423516295799,4.010423516295799,4.010423516295799,4.010423516295799,4.010423516295799,4.010423516295799,4.010423516295799,4.010423516295799,4.010423516295799,4.010423516295799,4.010423516295799,4.010423516295799,4.010423516295799,4.010423516295799,4.010423516295799,4.010423516295799,4.010423516295799,4.010423516295799,4.010423516295799,4.010423516295799,4.010423516295799,4.010423516295799,4.010423516295799,4.010423516295799,4.010423516295799,4.010423516295799,4.010423516295799,4.010423516295799,4.010423516295799,4.010423516295799,4.010423516295799,4.010423516295799,4.010423516295799,4.010423516295799,4.010423516295799,4.010423516295799,4.010423516295799,4.010423516295799,4.010423516295799,4.010423516295799,4.010423516295799,4.010423516295799,4.010423516295799,4.010423516295799,4.010423516295799,4.010423516295799,4.010423516295799,4.010423516295799,4.010423516295799,4.010423516295799,4.010423516295799,4.010423516295799,4.010423516295799,4.010423516295799,4.010423516295799,4.010423516295799,4.010423516295799,4.010423516295799,4.010423516295799,4.010423516295799,4.010423516295799,4.010423516295799,4.010423516295799,4.010423516295799,4.010423516295799,4.010423516295799,4.010423516295799,4.010423516295799,4.010423516295799,4.010423516295799,4.010423516295799,4.010423516295799,4.010423516295799,4.010423516295799,4.010423516295799,4.010423516295799,4.010423516295799,4.010423516295799,4.010423516295799,4.010423516295799,4.010423516295799,4.010423516295799,4.010423516295799,4.010423516295799,4.010423516295799,4.010423516295799,4.010423516295799,4.010423516295799,4.010423516295799,4.010423516295799,4.010423516295799,4.010423516295799,4.010423516295799,4.010423516295799,4.010423516295799,4.010423516295799,4.010423516295799,4.010423516295799,4.010423516295799,4.010423516295799,4.010423516295799,4.010423516295799,4.010423516295799,4.010423516295799,4.010423516295799,4.010423516295799,4.010423516295799,4.010423516295799,4.010423516295799,4.010423516295799,4.010423516295799,4.010423516295799,4.010423516295799,4.010423516295799,4.010423516295799,4.010423516295799,4.010423516295799,4.010423516295799,4.010423516295799,4.010423516295799,4.010423516295799,4.010423516295799,4.010423516295799,4.010423516295799,4.010423516295799,4.010423516295799,4.010423516295799,4.010423516295799,4.010423516295799,4.010423516295799,4.010423516295799,4.010423516295799,4.010423516295799,4.010423516295799,4.010423516295799,4.010423516295799,4.010423516295799,4.010423516295799,4.010423516295799,4.010423516295799,4.010423516295799,4.010423516295799,4.010423516295799,4.010423516295799,4.010423516295799,4.010423516295799,4.010423516295799,4.010423516295799,4.010423516295799,4.010423516295799,4.010423516295799,4.010423516295799,4.010423516295799,4.010423516295799,4.010423516295799,4.010423516295799,4.010423516295799,4.010423516295799,4.010423516295799,4.010423516295799,4.010423516295799,4.010423516295799,4.010423516295799,4.010423516295799,4.010423516295799,4.010423516295799,4.010423516295799,4.010423516295799,4.010423516295799,4.010423516295799,4.010423516295799,4.010423516295799,4.010423516295799,4.010423516295799,4.010423516295799,4.010423516295799,4.010423516295799,4.010423516295799,4.010423516295799,4.010423516295799,4.010423516295799,4.010423516295799,4.010423516295799,4.010423516295799,4.010423516295799,4.010423516295799,4.010423516295799,4.010423516295799,4.010423516295799,4.010423516295799,4.010423516295799,4.010423516295799,4.010423516295799,4.010423516295799,4.010423516295799,4.010423516295799,4.010423516295799,4.010423516295799,4.010423516295799,4.010423516295799,4.010423516295799,4.010423516295799,4.010423516295799,4.010423516295799,4.010423516295799,4.010423516295799,4.010423516295799,4.010423516295799,4.010423516295799,4.010423516295799,4.010423516295799,4.010423516295799,4.010423516295799,4.010423516295799,4.010423516295799,4.010423516295799,4.010423516295799,4.010423516295799,4.010423516295799,4.010423516295799,4.010423516295799,4.010423516295799,4.010423516295799,4.010423516295799,4.010423516295799,4.010423516295799,4.010423516295799,4.010423516295799,4.010423516295799,4.010423516295799,4.010423516295799,4.010423516295799,4.010423516295799,4.010423516295799,4.010423516295799,4.010423516295799,4.010423516295799,4.010423516295799,4.010423516295799,4.010423516295799,4.010423516295799,4.010423516295799,4.010423516295799,4.010423516295799,4.010423516295799,4.010423516295799,4.010423516295799,4.010423516295799,4.010423516295799,4.010423516295799,4.010423516295799,4.010423516295799,4.010423516295799,4.010423516295799,4.010423516295799,4.010423516295799,4.010423516295799,4.010423516295799,4.010423516295799,4.010423516295799,4.010423516295799,4.010423516295799,4.010423516295799,4.010423516295799,4.010423516295799,4.010423516295799,4.010423516295799,4.010423516295799,4.010423516295799,4.010423516295799,4.010423516295799,4.010423516295799,4.010423516295799,4.010423516295799,4.010423516295799,4.010423516295799,4.010423516295799,4.010423516295799,4.010423516295799,4.010423516295799,4.010423516295799,4.010423516295799,4.010423516295799,4.010423516295799,4.010423516295799,4.010423516295799,4.010423516295799,4.010423516295799,4.010423516295799,4.010423516295799,4.010423516295799,4.010423516295799,4.010423516295799,4.010423516295799,4.010423516295799,4.010423516295799,4.010423516295799,4.010423516295799,4.010423516295799,4.010423516295799,4.010423516295799,4.010423516295799,4.010423516295799,4.010423516295799,4.010423516295799,4.010423516295799,4.010423516295799,4.010423516295799,4.010423516295799,4.010423516295799,4.010423516295799,4.010423516295799,4.010423516295799,4.010423516295799,4.010423516295799,4.010423516295799,4.010423516295799,4.010423516295799,4.010423516295799,4.010423516295799,4.010423516295799,4.010423516295799,4.010423516295799,4.010423516295799,4.010423516295799,4.010423516295799,4.010423516295799,4.010423516295799,4.010423516295799,4.010423516295799,4.010423516295799,4.010423516295799,4.010423516295799,4.010423516295799,4.010423516295799,4.010423516295799,4.010423516295799,4.010423516295799,4.010423516295799,4.010423516295799,4.010423516295799,4.010423516295799,4.010423516295799,4.010423516295799,4.010423516295799,4.010423516295799,4.010423516295799,4.010423516295799,4.010423516295799,4.010423516295799,4.010423516295799,4.010423516295799,4.010423516295799,4.010423516295799,4.010423516295799,4.010423516295799,4.010423516295799,4.010423516295799,4.010423516295799,4.010423516295799,4.010423516295799,4.010423516295799,4.010423516295799,4.010423516295799,4.010423516295799,4.010423516295799,4.010423516295799,4.010423516295799,4.010423516295799,4.010423516295799,4.010423516295799,4.010423516295799,4.010423516295799,4.010423516295799,4.010423516295799,4.010423516295799,4.010423516295799,4.010423516295799,4.010423516295799,8.284713178668284,8.284713178668284,8.284713178668284,7.621418129947002,7.621418129947002,7.621418129947002,7.621418129947002,7.621418129947002,7.621418129947002,7.621418129947002,7.621418129947002,7.621418129947002,7.621418129947002,7.621418129947002,7.621418129947002,7.205714817976979,7.162656854707766,7.162656854707766,7.162656854707766,7.162656854707766,7.162656854707766,7.162656854707766,7.121618929999383,7.121618929999383,7.121618929999383,7.121618929999383,7.121618929999383,7.121618929999383,7.121618929999383,7.121618929999383,7.121618929999383,6.807372008501174,6.807372008501174,6.807372008501174,6.772412954308471,6.772412954308471,6.772412954308471,6.772412954308471,6.772412954308471,6.772412954308471,6.772412954308471,6.772412954308471,6.772412954308471,6.772412954308471,6.772412954308471,6.772412954308471,6.772412954308471,6.772412954308471,6.772412954308471,6.772412954308471,6.772412954308471,6.772412954308471,6.772412954308471,6.772412954308471,6.772412954308471,6.772412954308471,6.772412954308471,6.772412954308471,6.772412954308471,6.772412954308471,6.772412954308471,6.772412954308471,6.772412954308471,6.772412954308471,6.772412954308471,6.772412954308471,6.772412954308471,6.772412954308471,6.772412954308471,6.772412954308471,6.772412954308471,6.772412954308471,6.772412954308471,6.772412954308471,6.772412954308471,6.772412954308471,6.772412954308471,6.772412954308471,6.772412954308471,6.772412954308471,6.772412954308471,6.772412954308471,6.772412954308471,6.772412954308471,6.772412954308471,6.596177781762835,4.994586541921286,4.734462472281677,4.734462472281677,4.734462472281677,4.734462472281677,4.734462472281677,4.734462472281677,4.734462472281677,4.367029263667622,4.367029263667622,4.367029263667622,4.367029263667622,4.367029263667622,4.367029263667622,4.367029263667622,4.367029263667622,4.367029263667622,4.367029263667622,4.367029263667622,4.367029263667622,4.367029263667622,4.367029263667622,4.367029263667622,4.367029263667622,4.367029263667622,4.367029263667622,4.367029263667622,4.367029263667622,4.367029263667622,4.367029263667622,4.367029263667622,4.367029263667622,4.367029263667622,4.367029263667622,4.367029263667622,4.367029263667622,4.367029263667622,4.367029263667622,4.367029263667622,4.367029263667622,4.367029263667622,4.367029263667622,4.367029263667622,4.367029263667622,4.367029263667622,4.367029263667622,4.367029263667622,4.367029263667622,4.367029263667622,4.367029263667622,4.367029263667622,4.367029263667622,4.367029263667622,4.367029263667622,4.367029263667622,4.367029263667622,4.367029263667622,4.367029263667622,4.367029263667622,4.367029263667622,4.367029263667622,4.367029263667622,4.367029263667622,4.367029263667622,4.367029263667622,4.367029263667622,4.367029263667622,4.367029263667622,4.367029263667622,4.367029263667622,4.367029263667622,4.367029263667622,4.367029263667622,4.367029263667622,4.367029263667622,4.367029263667622,4.367029263667622,4.367029263667622,4.367029263667622,4.367029263667622,4.367029263667622,4.367029263667622,4.367029263667622,4.367029263667622,4.367029263667622,4.367029263667622,4.367029263667622,4.367029263667622,4.367029263667622,4.367029263667622,4.367029263667622,4.367029263667622,4.367029263667622,4.367029263667622,4.367029263667622,4.367029263667622,4.367029263667622,4.367029263667622,4.367029263667622,4.367029263667622,4.367029263667622,4.367029263667622,4.367029263667622,4.367029263667622,4.367029263667622,4.367029263667622,4.367029263667622,4.367029263667622,4.367029263667622,4.367029263667622,4.367029263667622,4.367029263667622,4.367029263667622,4.367029263667622,4.367029263667622,4.367029263667622,4.367029263667622,4.367029263667622,4.367029263667622,4.367029263667622,4.367029263667622,4.367029263667622,4.367029263667622,4.367029263667622,4.367029263667622,4.367029263667622,4.367029263667622,4.367029263667622,4.367029263667622,4.367029263667622,4.367029263667622,4.367029263667622,4.367029263667622,4.367029263667622,4.367029263667622,4.367029263667622,4.367029263667622,4.367029263667622,4.367029263667622,4.367029263667622,4.367029263667622,4.367029263667622,4.367029263667622,4.367029263667622,4.367029263667622,4.367029263667622,4.367029263667622,4.367029263667622,4.367029263667622,4.367029263667622,4.367029263667622,4.367029263667622,4.367029263667622,4.367029263667622,4.367029263667622,4.367029263667622,4.367029263667622,4.367029263667622,4.367029263667622,4.367029263667622,4.367029263667622,4.367029263667622,4.367029263667622,4.367029263667622,4.367029263667622,4.367029263667622,4.367029263667622,4.367029263667622,4.367029263667622,4.367029263667622,4.367029263667622,4.367029263667622,4.367029263667622,4.367029263667622,4.367029263667622,4.367029263667622,4.367029263667622,4.367029263667622,4.367029263667622,4.367029263667622,4.367029263667622,4.367029263667622,4.367029263667622,4.367029263667622,4.367029263667622,4.367029263667622,4.367029263667622,4.367029263667622,4.367029263667622,4.367029263667622,4.367029263667622,4.367029263667622,4.367029263667622,4.367029263667622,4.367029263667622,4.367029263667622,4.367029263667622,4.367029263667622,4.367029263667622,4.367029263667622,4.367029263667622,4.367029263667622,4.367029263667622,4.367029263667622,4.367029263667622,4.367029263667622,4.367029263667622,4.367029263667622,4.367029263667622,4.367029263667622,4.367029263667622,4.367029263667622,4.367029263667622,4.367029263667622,4.367029263667622,4.367029263667622,4.367029263667622,4.367029263667622,4.367029263667622,4.367029263667622,4.367029263667622,4.367029263667622,4.367029263667622,4.367029263667622,4.367029263667622,4.367029263667622,4.367029263667622,4.367029263667622,4.367029263667622,4.367029263667622,4.367029263667622,4.367029263667622,4.367029263667622,4.367029263667622,4.367029263667622,4.367029263667622,4.367029263667622,4.367029263667622,4.367029263667622,4.367029263667622,4.367029263667622,4.367029263667622,4.367029263667622,4.367029263667622,4.367029263667622,4.367029263667622,4.367029263667622,4.367029263667622,4.367029263667622,4.367029263667622,4.367029263667622,4.367029263667622,4.367029263667622,4.367029263667622,4.367029263667622,4.367029263667622,4.367029263667622,4.367029263667622,4.367029263667622,4.367029263667622,4.367029263667622,4.367029263667622,4.367029263667622,4.367029263667622,4.367029263667622,4.367029263667622,4.367029263667622,4.367029263667622,4.367029263667622,4.367029263667622,4.367029263667622,4.367029263667622,4.367029263667622,4.367029263667622,4.367029263667622,4.367029263667622,4.367029263667622,4.367029263667622,4.367029263667622,4.367029263667622,4.367029263667622,4.367029263667622,4.367029263667622,4.367029263667622,4.367029263667622,4.367029263667622,4.367029263667622,4.367029263667622,4.367029263667622,4.367029263667622,4.367029263667622,4.367029263667622,4.367029263667622,4.367029263667622,4.367029263667622,4.367029263667622,4.367029263667622,4.367029263667622,4.367029263667622,4.367029263667622,4.367029263667622,4.367029263667622,4.367029263667622,4.367029263667622,4.367029263667622,4.367029263667622,4.367029263667622,4.367029263667622,4.367029263667622,4.367029263667622,4.367029263667622,4.367029263667622,4.367029263667622,4.367029263667622,4.367029263667622,4.367029263667622,4.367029263667622,4.367029263667622,4.367029263667622,4.367029263667622,4.367029263667622,4.367029263667622,4.367029263667622,4.367029263667622,4.367029263667622,4.367029263667622,4.367029263667622,4.367029263667622,4.367029263667622,4.367029263667622,4.367029263667622,4.367029263667622,4.367029263667622,4.367029263667622,4.367029263667622,4.367029263667622,4.367029263667622,4.367029263667622,4.367029263667622,4.367029263667622,4.367029263667622,4.367029263667622,4.367029263667622,4.367029263667622,4.367029263667622,4.367029263667622,4.367029263667622,4.367029263667622,4.367029263667622,4.367029263667622,4.367029263667622,4.367029263667622,4.367029263667622,4.367029263667622,4.367029263667622,4.367029263667622,4.367029263667622,4.367029263667622,4.367029263667622,4.367029263667622,4.367029263667622,4.367029263667622,4.367029263667622,4.367029263667622,4.367029263667622,4.367029263667622,4.367029263667622,4.367029263667622,4.367029263667622,4.367029263667622,4.367029263667622,4.367029263667622,4.367029263667622,4.367029263667622,4.367029263667622,4.367029263667622,4.367029263667622,4.367029263667622,4.367029263667622,4.367029263667622,4.367029263667622,4.367029263667622,4.367029263667622,4.367029263667622,4.367029263667622,4.367029263667622,4.367029263667622,4.367029263667622,4.367029263667622,4.367029263667622,4.367029263667622,4.367029263667622,4.367029263667622,4.367029263667622,4.367029263667622,4.367029263667622,4.367029263667622,4.367029263667622,4.367029263667622,4.367029263667622,4.367029263667622,4.367029263667622,4.367029263667622,4.367029263667622,4.367029263667622,4.367029263667622,4.367029263667622,4.367029263667622,4.367029263667622,4.367029263667622,4.367029263667622,4.367029263667622,4.367029263667622,4.367029263667622,4.367029263667622,4.367029263667622,4.367029263667622,4.367029263667622,4.367029263667622,4.367029263667622,4.367029263667622,4.367029263667622,4.367029263667622,4.367029263667622,4.367029263667622,4.367029263667622,4.367029263667622,4.367029263667622,4.367029263667622,4.367029263667622,4.367029263667622,4.367029263667622,4.367029263667622,4.367029263667622,4.367029263667622,4.367029263667622,4.367029263667622,4.367029263667622,4.367029263667622,4.367029263667622,4.367029263667622,4.367029263667622,4.367029263667622,4.367029263667622,4.367029263667622,4.367029263667622,4.367029263667622,4.367029263667622,4.367029263667622,4.367029263667622,4.367029263667622,4.367029263667622,4.367029263667622,4.367029263667622,4.367029263667622,4.367029263667622,4.367029263667622,4.367029263667622,4.367029263667622,4.367029263667622,4.367029263667622,4.367029263667622,4.367029263667622,4.367029263667622,4.367029263667622,4.367029263667622,4.367029263667622,4.367029263667622,4.367029263667622,4.367029263667622,4.367029263667622,4.367029263667622,4.367029263667622,4.367029263667622,4.367029263667622,4.367029263667622,4.367029263667622,4.367029263667622,4.367029263667622,4.367029263667622,4.367029263667622,4.367029263667622,4.367029263667622,4.367029263667622,4.367029263667622,4.367029263667622,4.367029263667622,4.367029263667622,4.367029263667622,4.367029263667622,4.367029263667622,4.367029263667622,4.367029263667622,4.367029263667622,4.367029263667622,4.367029263667622,4.367029263667622,4.367029263667622,4.367029263667622,4.367029263667622,4.367029263667622,4.367029263667622,4.367029263667622,4.367029263667622,4.367029263667622,4.367029263667622,4.367029263667622,4.367029263667622,4.367029263667622,4.367029263667622,4.367029263667622,4.367029263667622,4.367029263667622,4.367029263667622,4.367029263667622,4.367029263667622,4.367029263667622,4.367029263667622,4.367029263667622,4.367029263667622,4.367029263667622,4.367029263667622,4.367029263667622,4.367029263667622,4.367029263667622,4.367029263667622,4.367029263667622,4.367029263667622,4.367029263667622,4.367029263667622,4.367029263667622,4.367029263667622,4.367029263667622,4.367029263667622,4.367029263667622,4.367029263667622,4.367029263667622,4.367029263667622,4.367029263667622,4.367029263667622,4.367029263667622,4.367029263667622,4.367029263667622,4.367029263667622,4.367029263667622,4.367029263667622,4.367029263667622,4.367029263667622,4.367029263667622,4.367029263667622,4.367029263667622,4.367029263667622,4.367029263667622,4.367029263667622,4.367029263667622,4.367029263667622,4.367029263667622,4.367029263667622,4.367029263667622,4.367029263667622,4.367029263667622,4.367029263667622,4.367029263667622,4.367029263667622,4.367029263667622,4.367029263667622,4.367029263667622,4.367029263667622,4.367029263667622,4.367029263667622,4.367029263667622,4.367029263667622,4.367029263667622,4.367029263667622,4.367029263667622,4.367029263667622,4.367029263667622,4.367029263667622,4.367029263667622,4.367029263667622,4.367029263667622,4.367029263667622,4.367029263667622,4.367029263667622,4.367029263667622,4.367029263667622,4.367029263667622,4.367029263667622,4.367029263667622,4.367029263667622,4.367029263667622,4.367029263667622,4.367029263667622,4.367029263667622,4.367029263667622,4.367029263667622,4.367029263667622,4.367029263667622,4.367029263667622,4.367029263667622,4.367029263667622,4.367029263667622,4.367029263667622,4.367029263667622,4.367029263667622,4.367029263667622,4.367029263667622,4.367029263667622,4.367029263667622,4.367029263667622,4.367029263667622,4.367029263667622,4.367029263667622,4.367029263667622,4.367029263667622,4.367029263667622,4.367029263667622,4.367029263667622,4.367029263667622,4.367029263667622,4.367029263667622,4.367029263667622,4.367029263667622,4.367029263667622,4.367029263667622,4.367029263667622,4.367029263667622,4.367029263667622,4.367029263667622,4.367029263667622,4.367029263667622,4.367029263667622,4.367029263667622,4.367029263667622,4.367029263667622,4.367029263667622,4.367029263667622,4.367029263667622,4.367029263667622,4.367029263667622,4.367029263667622,4.367029263667622,4.367029263667622,4.367029263667622,4.367029263667622,4.367029263667622,4.367029263667622,4.367029263667622,4.367029263667622,4.367029263667622,4.367029263667622,4.367029263667622,4.367029263667622,4.367029263667622,4.367029263667622,4.367029263667622,4.367029263667622,4.367029263667622,4.367029263667622,4.367029263667622,4.367029263667622,4.367029263667622,4.367029263667622,4.367029263667622,4.367029263667622,4.367029263667622,4.367029263667622,4.367029263667622,4.367029263667622,4.367029263667622,4.367029263667622,4.367029263667622,4.367029263667622,4.367029263667622,4.367029263667622,4.367029263667622,4.367029263667622,4.367029263667622,4.367029263667622,4.367029263667622,4.367029263667622,4.367029263667622,4.367029263667622,4.367029263667622,4.367029263667622,4.367029263667622,4.367029263667622,4.367029263667622,4.367029263667622,4.367029263667622,4.367029263667622,4.367029263667622,4.367029263667622,4.367029263667622,4.367029263667622,4.367029263667622,4.367029263667622,4.367029263667622,4.367029263667622,4.367029263667622,4.367029263667622,4.367029263667622,4.367029263667622,4.367029263667622,4.367029263667622,4.367029263667622,4.367029263667622,4.367029263667622,4.367029263667622,4.367029263667622,4.367029263667622,4.367029263667622,4.367029263667622,4.367029263667622,4.367029263667622,4.367029263667622,4.367029263667622,4.367029263667622,4.367029263667622,4.367029263667622,4.367029263667622,4.367029263667622,4.367029263667622,4.367029263667622,4.367029263667622,4.367029263667622,4.367029263667622,4.367029263667622,4.367029263667622,4.367029263667622,4.367029263667622,4.367029263667622,4.367029263667622,4.367029263667622,4.367029263667622,4.367029263667622,4.367029263667622,4.367029263667622,4.367029263667622,4.367029263667622,4.367029263667622,4.367029263667622,4.367029263667622,4.367029263667622,4.367029263667622,4.367029263667622,4.367029263667622,4.367029263667622,4.367029263667622,4.367029263667622,4.367029263667622,4.367029263667622,4.367029263667622,4.367029263667622,4.367029263667622,4.367029263667622,4.367029263667622,4.367029263667622,4.367029263667622,4.367029263667622,4.367029263667622,4.367029263667622,4.367029263667622,4.367029263667622,4.367029263667622,4.367029263667622,4.367029263667622,4.367029263667622,4.367029263667622,4.367029263667622,4.367029263667622,4.367029263667622,4.367029263667622,4.367029263667622,4.367029263667622,4.367029263667622,4.367029263667622,4.367029263667622,4.367029263667622,4.367029263667622,4.367029263667622,4.367029263667622,4.367029263667622,4.367029263667622,4.367029263667622,4.367029263667622,4.367029263667622,4.367029263667622,4.367029263667622,4.367029263667622,4.367029263667622,4.367029263667622,4.367029263667622,4.367029263667622,4.367029263667622,4.367029263667622,4.367029263667622,4.367029263667622,4.367029263667622,4.367029263667622,4.367029263667622,4.367029263667622,4.367029263667622,4.367029263667622,4.367029263667622,4.367029263667622,4.367029263667622,4.367029263667622,4.367029263667622,4.367029263667622,4.367029263667622,4.367029263667622,4.367029263667622,4.367029263667622,4.367029263667622,4.367029263667622,4.367029263667622,4.367029263667622,4.367029263667622,4.367029263667622,4.367029263667622,4.367029263667622,4.367029263667622,4.367029263667622,4.367029263667622,4.367029263667622,4.367029263667622,4.367029263667622,4.367029263667622,4.367029263667622,4.367029263667622,4.367029263667622,4.367029263667622,4.367029263667622,4.367029263667622,4.367029263667622,4.367029263667622,4.367029263667622,4.367029263667622,4.367029263667622,4.367029263667622,4.367029263667622,4.367029263667622,4.367029263667622,4.367029263667622,4.367029263667622,4.367029263667622,4.367029263667622,4.367029263667622,4.367029263667622,4.367029263667622,4.367029263667622,4.367029263667622,4.367029263667622,4.367029263667622,4.367029263667622,4.367029263667622,4.367029263667622,4.367029263667622,4.367029263667622,4.367029263667622,4.367029263667622,4.367029263667622,4.367029263667622,4.367029263667622,4.367029263667622,4.367029263667622,4.367029263667622,4.367029263667622,4.367029263667622,4.367029263667622,4.367029263667622,4.367029263667622,4.367029263667622,4.367029263667622,4.367029263667622,4.367029263667622,4.367029263667622,4.367029263667622,4.367029263667622,4.367029263667622,4.367029263667622,4.367029263667622,4.367029263667622,4.367029263667622,4.367029263667622,4.367029263667622,4.367029263667622,4.367029263667622,4.367029263667622,4.367029263667622,4.367029263667622,4.367029263667622,4.367029263667622,4.367029263667622,4.367029263667622,4.367029263667622,4.367029263667622,4.367029263667622,4.367029263667622,4.367029263667622,4.367029263667622,4.367029263667622,4.367029263667622,4.367029263667622,4.367029263667622,4.367029263667622,4.367029263667622,4.367029263667622,4.367029263667622,4.367029263667622,4.367029263667622,4.367029263667622,4.367029263667622,7.174559691524433,7.174559691524433,6.885257873201791,6.885257873201791,6.885257873201791,6.668269953243078,6.668269953243078,6.668269953243078,6.668269953243078,6.668269953243078,6.668269953243078,6.668269953243078,6.668269953243078,6.668269953243078,6.668269953243078,6.668269953243078,6.668269953243078,6.668269953243078,6.668269953243078,6.668269953243078,6.668269953243078,6.4745606339734945,6.019946682253928,6.019946682253928,5.7645528595144295,5.7645528595144295,5.7645528595144295,5.7645528595144295,5.7645528595144295,5.7645528595144295,5.7645528595144295,5.7645528595144295,5.7645528595144295,5.7645528595144295,5.7645528595144295,5.737592891296221,5.737592891296221,5.529395034406302,5.529395034406302,5.529395034406302,5.529395034406302,5.529395034406302,5.529395034406302,5.529395034406302,5.529395034406302,5.529395034406302,5.529395034406302,5.529395034406302,5.529395034406302,5.529395034406302,5.529395034406302,5.529395034406302,5.529395034406302,5.529395034406302,5.529395034406302,5.529395034406302,5.529395034406302,5.529395034406302,5.529395034406302,5.529395034406302,5.529395034406302,5.529395034406302,5.529395034406302,5.529395034406302,5.147555934733445,5.147555934733445,5.147555934733445,5.147555934733445,5.147555934733445,5.020075821776961,5.008603015209222,5.008603015209222,5.008603015209222,5.008603015209222,5.008603015209222,4.630398297428566,4.630398297428566,4.630398297428566,4.552588541967003,4.552588541967003,4.552588541967003,4.552588541967003,4.552588541967003,4.552588541967003,4.552588541967003,4.552588541967003,4.552588541967003,4.552588541967003,4.552588541967003,4.552588541967003,4.552588541967003,4.552588541967003,4.552588541967003,4.552588541967003,4.552588541967003,4.552588541967003,4.552588541967003,4.552588541967003,4.552588541967003,4.552588541967003,4.552588541967003,4.552588541967003,4.552588541967003,4.552588541967003,4.552588541967003,4.552588541967003,4.552588541967003,4.552588541967003,4.552588541967003,4.552588541967003,4.552588541967003,4.552588541967003,4.552588541967003,4.552588541967003,4.552588541967003,4.552588541967003,4.552588541967003,4.552588541967003,4.552588541967003,4.552588541967003,4.552588541967003,4.552588541967003,4.552588541967003,4.552588541967003,4.552588541967003,4.552588541967003,4.552588541967003,4.552588541967003,4.552588541967003,4.552588541967003,4.552588541967003,4.552588541967003,4.552588541967003,4.552588541967003,4.552588541967003,4.552588541967003,4.552588541967003,4.552588541967003,4.552588541967003,4.552588541967003,4.552588541967003,4.552588541967003,4.552588541967003,4.552588541967003,4.552588541967003,4.552588541967003,4.552588541967003,4.552588541967003,4.552588541967003,4.552588541967003,4.552588541967003,4.552588541967003,4.552588541967003,4.552588541967003,4.552588541967003,4.552588541967003,4.552588541967003,4.552588541967003,4.552588541967003,4.552588541967003,4.552588541967003,4.552588541967003,4.552588541967003,4.552588541967003,4.552588541967003,4.552588541967003,4.552588541967003,4.001345876836104,4.001345876836104,4.001345876836104,4.001345876836104,4.001345876836104,4.001345876836104,3.8715223673767674,3.8715223673767674,3.8715223673767674,3.8715223673767674,3.8715223673767674,3.8715223673767674,3.8715223673767674,3.8715223673767674,3.8715223673767674,3.8715223673767674,3.8715223673767674,3.8715223673767674,3.8715223673767674,3.8715223673767674,3.8715223673767674,3.8715223673767674,3.8715223673767674,3.8715223673767674,3.8715223673767674,3.8715223673767674,3.8715223673767674,3.8715223673767674,3.8715223673767674,3.8715223673767674,3.8715223673767674,3.8715223673767674,3.8715223673767674,3.8715223673767674,3.8715223673767674,3.8715223673767674,3.8715223673767674,3.8715223673767674,3.8715223673767674,3.8715223673767674,3.8715223673767674,3.8715223673767674,3.8715223673767674,3.8715223673767674,3.8715223673767674,3.8715223673767674,3.8715223673767674,3.8715223673767674,3.8715223673767674,3.8715223673767674,3.8715223673767674,3.8715223673767674,3.8715223673767674,3.8715223673767674,3.8715223673767674,3.8715223673767674,3.8715223673767674,3.8715223673767674,3.8715223673767674,3.8715223673767674,3.8715223673767674,3.8715223673767674,3.8715223673767674,3.8715223673767674,3.8715223673767674,3.8715223673767674,3.8715223673767674,3.8715223673767674,3.8715223673767674,3.8715223673767674,3.8715223673767674,3.8715223673767674,3.8715223673767674,3.8715223673767674,3.8715223673767674,3.8715223673767674,3.8715223673767674,3.8715223673767674,3.8715223673767674,3.8715223673767674,3.8715223673767674,3.8715223673767674,3.8715223673767674,3.8715223673767674,3.8715223673767674,3.8715223673767674,3.8715223673767674,3.8715223673767674,3.8715223673767674,3.8715223673767674,3.8715223673767674,3.8715223673767674,3.8715223673767674,3.8715223673767674,3.8715223673767674,3.8715223673767674,3.8715223673767674,3.8715223673767674,3.8715223673767674,3.8715223673767674,3.8715223673767674,3.8715223673767674,3.8715223673767674,3.8715223673767674,3.8715223673767674,3.8715223673767674,3.8715223673767674,3.8715223673767674,3.8715223673767674,3.8715223673767674,3.8715223673767674,3.8715223673767674,3.8715223673767674,3.8715223673767674,3.8715223673767674,3.8715223673767674,3.8715223673767674,3.8715223673767674,3.8715223673767674,3.8715223673767674,3.8715223673767674,3.8715223673767674,3.8715223673767674,3.8715223673767674,3.8715223673767674,3.8715223673767674,3.8715223673767674,3.8715223673767674,3.8715223673767674,3.8715223673767674,2.4772896998451555,2.4772896998451555,2.4772896998451555,2.4772896998451555,2.4772896998451555,2.4772896998451555,2.4772896998451555,2.4772896998451555,2.4772896998451555,2.4772896998451555,2.4772896998451555,2.4772896998451555,2.4772896998451555,2.4772896998451555,2.4772896998451555,2.4772896998451555,2.4772896998451555,2.4772896998451555,2.4772896998451555,2.4772896998451555,2.4772896998451555,2.4772896998451555,2.4772896998451555,2.4772896998451555,2.4772896998451555,2.4772896998451555,2.4772896998451555,2.4772896998451555,2.4772896998451555,2.4772896998451555,2.4772896998451555,2.4772896998451555,2.4772896998451555,2.4772896998451555,2.4772896998451555,2.4772896998451555,2.4772896998451555,2.4772896998451555,2.4772896998451555,2.4772896998451555,2.4772896998451555,2.4772896998451555,2.4772896998451555,2.4772896998451555,2.4772896998451555,2.4772896998451555,2.4772896998451555,2.4772896998451555,2.4772896998451555,2.4772896998451555,2.4772896998451555,2.4772896998451555,2.4772896998451555,2.4772896998451555,2.4772896998451555,2.4772896998451555,2.4772896998451555,2.4772896998451555,2.4772896998451555,2.4772896998451555,2.4772896998451555,2.4772896998451555,2.4772896998451555,2.4772896998451555,2.4772896998451555,2.4772896998451555,2.4772896998451555,2.4772896998451555,2.4772896998451555,2.4772896998451555,2.4772896998451555,2.4772896998451555,2.4772896998451555,2.4772896998451555,2.4772896998451555,2.4772896998451555,2.4772896998451555,2.4772896998451555,2.4772896998451555,2.4772896998451555,2.4772896998451555,2.4772896998451555,2.4772896998451555,2.4772896998451555,2.4772896998451555,2.4772896998451555,2.4772896998451555,2.4772896998451555,2.4772896998451555,2.4772896998451555,2.4772896998451555,2.4772896998451555,2.4772896998451555,2.4772896998451555,2.4772896998451555,2.4772896998451555,2.4772896998451555,2.4772896998451555,2.4772896998451555,2.4772896998451555,2.4772896998451555,2.4772896998451555,2.4772896998451555,2.4772896998451555,2.4772896998451555,2.4772896998451555,2.4772896998451555,2.4772896998451555,2.4772896998451555,2.4772896998451555,2.4772896998451555,2.4772896998451555,2.4772896998451555,2.4772896998451555,2.4772896998451555,2.4772896998451555,2.4772896998451555,2.4772896998451555,2.4772896998451555,2.4772896998451555,2.4772896998451555,2.4772896998451555,2.4772896998451555,2.4772896998451555,2.4772896998451555,2.4772896998451555,2.4772896998451555,2.4772896998451555,2.4772896998451555,2.4772896998451555,2.4772896998451555,2.4772896998451555,2.4772896998451555,2.4772896998451555,2.4772896998451555,2.4772896998451555,2.4772896998451555,2.4772896998451555,2.4772896998451555,2.4772896998451555,2.4772896998451555,2.4772896998451555,2.4772896998451555,2.4772896998451555,2.4772896998451555,2.4772896998451555,2.4772896998451555,2.4772896998451555,2.4772896998451555,2.4772896998451555,2.4772896998451555,2.4772896998451555,2.4772896998451555,2.4772896998451555,2.4772896998451555,2.4772896998451555,2.4772896998451555,2.4772896998451555,2.4772896998451555,2.4772896998451555,2.4772896998451555,2.4772896998451555,2.4772896998451555,2.4772896998451555,2.4772896998451555,2.4772896998451555,2.4772896998451555,2.4772896998451555,2.4772896998451555,2.4772896998451555,2.4772896998451555,2.4772896998451555,2.4772896998451555,2.4772896998451555,2.4772896998451555,2.4772896998451555,2.4772896998451555,2.4772896998451555,2.4772896998451555,2.4772896998451555,2.4772896998451555,2.4772896998451555,2.4772896998451555,2.4772896998451555,2.4772896998451555,2.4772896998451555,2.4772896998451555,2.4772896998451555,2.4772896998451555,2.4772896998451555,2.4772896998451555,2.4772896998451555,2.4772896998451555,2.4772896998451555,2.4772896998451555,2.4772896998451555,2.4772896998451555,2.4772896998451555,2.4772896998451555,2.4772896998451555,2.4772896998451555,2.4772896998451555,2.4772896998451555,2.4772896998451555,2.4772896998451555,2.4772896998451555,2.4772896998451555,2.4772896998451555,2.4772896998451555,2.4772896998451555,2.4772896998451555,2.4772896998451555,2.4772896998451555,2.4772896998451555,2.4772896998451555,2.4772896998451555,2.4772896998451555,2.4772896998451555,2.4772896998451555,2.4772896998451555,2.4772896998451555,2.4772896998451555,2.4772896998451555,2.4772896998451555,2.4772896998451555,2.4772896998451555,2.4772896998451555,2.4772896998451555,2.4772896998451555,2.4772896998451555,2.4772896998451555,2.4772896998451555,2.4772896998451555,2.4772896998451555,2.4772896998451555,2.4772896998451555,2.4772896998451555,2.4772896998451555,2.4772896998451555,2.4772896998451555,2.4772896998451555,2.4772896998451555,2.4772896998451555,2.4772896998451555,2.4772896998451555,2.4772896998451555,2.4772896998451555,2.4772896998451555,2.4772896998451555,2.4772896998451555,2.4772896998451555,2.4772896998451555,2.4772896998451555,2.4772896998451555,2.4772896998451555,2.4772896998451555,2.4772896998451555,2.4772896998451555,2.4772896998451555,2.4772896998451555,2.4772896998451555,2.4772896998451555,2.4772896998451555,2.4772896998451555,2.4772896998451555,2.4772896998451555,2.4772896998451555,2.4772896998451555,2.4772896998451555,2.4772896998451555,2.4772896998451555,2.4772896998451555,2.4772896998451555,2.4772896998451555,2.4772896998451555,2.4772896998451555,2.4772896998451555,2.4772896998451555,2.4772896998451555,2.4772896998451555,2.4772896998451555,2.4772896998451555,2.4772896998451555,2.4772896998451555,2.4772896998451555,2.4772896998451555,2.4772896998451555,2.4772896998451555,2.4772896998451555,2.4772896998451555,2.4772896998451555,2.4772896998451555,2.4772896998451555,2.4772896998451555,2.4772896998451555,2.4772896998451555,2.4772896998451555,2.4772896998451555,2.4772896998451555,2.4772896998451555,2.4772896998451555,2.4772896998451555,2.4772896998451555,2.4772896998451555,2.4772896998451555,2.4772896998451555,2.4772896998451555,2.4772896998451555,2.4772896998451555,2.4772896998451555,2.4772896998451555,2.4772896998451555,2.4772896998451555,2.4772896998451555,2.4772896998451555,2.4772896998451555,2.4772896998451555,2.4772896998451555,2.4772896998451555,2.4772896998451555,2.4772896998451555,2.4772896998451555,2.4772896998451555,2.4772896998451555,2.4772896998451555,2.4772896998451555,2.4772896998451555,2.4772896998451555,2.4772896998451555,2.4772896998451555,2.4772896998451555,2.4772896998451555,2.4772896998451555,2.4772896998451555,2.4772896998451555,2.4772896998451555,2.4772896998451555,2.4772896998451555,2.4772896998451555,2.4772896998451555,2.4772896998451555,2.4772896998451555,2.4772896998451555,2.4772896998451555,2.4772896998451555,2.4772896998451555,2.4772896998451555,2.4772896998451555,2.4772896998451555,2.4772896998451555,2.4772896998451555,2.4772896998451555,2.4772896998451555,2.4772896998451555,2.4772896998451555,2.4772896998451555,2.4772896998451555,2.4772896998451555,2.4772896998451555,2.4772896998451555,2.4772896998451555,2.4772896998451555,2.4772896998451555,2.4772896998451555,2.4772896998451555,2.4772896998451555,2.4772896998451555,2.4772896998451555,2.4772896998451555,2.4772896998451555,2.4772896998451555,2.4772896998451555,2.4772896998451555,2.4772896998451555,2.4772896998451555,2.4772896998451555,2.4772896998451555,2.4772896998451555,2.4772896998451555,2.4772896998451555,2.4772896998451555,2.4772896998451555,2.4772896998451555,2.4772896998451555,2.4772896998451555,2.4772896998451555,2.4772896998451555,2.4772896998451555,2.4772896998451555,2.4772896998451555,2.4772896998451555,2.4772896998451555,2.4772896998451555,2.4772896998451555,2.4772896998451555,2.4772896998451555,2.4772896998451555,2.4772896998451555,2.4772896998451555,2.4772896998451555,2.4772896998451555,2.4772896998451555,2.4772896998451555,2.4772896998451555,2.4772896998451555,2.4772896998451555,2.4772896998451555,2.4772896998451555,2.4772896998451555,2.4772896998451555,2.4772896998451555,2.4772896998451555,2.4772896998451555,2.4772896998451555,2.4772896998451555,2.4772896998451555,2.4772896998451555,2.4772896998451555,2.4772896998451555,2.4772896998451555,2.4772896998451555,2.4772896998451555,2.4772896998451555,2.4772896998451555,2.4772896998451555,2.4772896998451555,2.4772896998451555,2.4772896998451555,2.4772896998451555,2.4772896998451555,2.4772896998451555,2.4772896998451555,2.4772896998451555,2.4772896998451555,2.4772896998451555,2.4772896998451555,2.4772896998451555,2.4772896998451555,2.4772896998451555,2.4772896998451555,2.4772896998451555,2.4772896998451555,2.4772896998451555,2.4772896998451555,2.4772896998451555,2.4772896998451555,2.4772896998451555,2.4772896998451555,2.4772896998451555,2.4772896998451555,2.4772896998451555,2.4772896998451555,2.4772896998451555,2.4772896998451555,2.4772896998451555,2.4772896998451555,2.4772896998451555,2.4772896998451555,2.4772896998451555,2.4772896998451555,2.4772896998451555,2.4772896998451555,2.4772896998451555,2.4772896998451555,2.4772896998451555,2.4772896998451555,2.4772896998451555,2.4772896998451555,2.4772896998451555,2.4772896998451555,2.4772896998451555,2.4772896998451555,2.4772896998451555,2.4772896998451555,2.4772896998451555,2.4772896998451555,2.4772896998451555,2.4772896998451555,2.4772896998451555,2.4772896998451555,2.4772896998451555,2.4772896998451555,2.4772896998451555,2.4772896998451555,2.4772896998451555,2.4772896998451555,2.4772896998451555,2.4772896998451555,2.4772896998451555,2.4772896998451555,2.4772896998451555,2.4772896998451555,2.4772896998451555,2.4772896998451555,2.4772896998451555,2.4772896998451555,2.4772896998451555,2.4772896998451555,2.4772896998451555,2.4772896998451555,2.4772896998451555,2.4772896998451555,2.4772896998451555,2.4772896998451555,2.4772896998451555,2.4772896998451555,2.4772896998451555,2.4772896998451555,2.4772896998451555,2.4772896998451555,2.4772896998451555,2.4772896998451555,2.4772896998451555,2.4772896998451555,2.4772896998451555,2.4772896998451555,2.4772896998451555,2.4772896998451555,2.4772896998451555,2.4772896998451555,2.4772896998451555,2.4772896998451555,2.4772896998451555,2.4772896998451555,2.4772896998451555,2.4772896998451555,2.4772896998451555,2.4772896998451555,2.4772896998451555,2.4772896998451555,2.4772896998451555,2.4772896998451555,2.4772896998451555,2.4772896998451555,2.4772896998451555,2.4772896998451555,2.4772896998451555,2.4772896998451555,2.4772896998451555,2.4772896998451555,2.4772896998451555,2.4772896998451555,2.4772896998451555,2.4772896998451555,2.4772896998451555,2.4772896998451555,2.4772896998451555,2.4772896998451555,2.4772896998451555,2.4772896998451555,2.4772896998451555,2.4772896998451555,2.4772896998451555,2.4772896998451555,2.4772896998451555,2.4772896998451555,2.4772896998451555,2.4772896998451555,2.4772896998451555,2.4772896998451555,2.4772896998451555,2.4772896998451555,2.4772896998451555,2.4772896998451555,2.4772896998451555,2.4772896998451555,2.4772896998451555,2.4772896998451555,2.4772896998451555,2.4772896998451555,2.4772896998451555,2.4772896998451555,2.4772896998451555,2.4772896998451555,2.4772896998451555,2.4772896998451555,2.4772896998451555,2.4772896998451555,2.4772896998451555,2.4772896998451555,2.4772896998451555,2.4772896998451555,2.4772896998451555,2.4772896998451555,2.4772896998451555,2.4772896998451555,2.4772896998451555,2.4772896998451555,2.4772896998451555,2.4772896998451555,2.4772896998451555,2.4772896998451555,2.4772896998451555,2.4772896998451555,2.4772896998451555,2.4772896998451555,2.4772896998451555,2.4772896998451555,2.4772896998451555,2.4772896998451555,2.4772896998451555,2.4772896998451555,2.4772896998451555,2.4772896998451555,2.4772896998451555,2.4772896998451555,2.4772896998451555,2.4772896998451555,2.4772896998451555,2.4772896998451555,2.4772896998451555,2.4772896998451555,2.4772896998451555,2.4772896998451555,2.4772896998451555,2.4772896998451555,2.4772896998451555,2.4772896998451555,2.4772896998451555,2.4772896998451555,2.4772896998451555,2.4772896998451555,2.4772896998451555,2.4772896998451555,2.4772896998451555,2.4772896998451555,2.4772896998451555,2.4772896998451555,2.4772896998451555,2.4772896998451555,2.4772896998451555,2.4772896998451555,2.4772896998451555,2.4772896998451555,2.4772896998451555,2.4772896998451555,2.4772896998451555,2.4772896998451555,2.4772896998451555,2.4772896998451555,2.4772896998451555,2.4772896998451555,2.4772896998451555,2.4772896998451555,2.4772896998451555,2.4772896998451555,2.4772896998451555,2.4772896998451555,2.4772896998451555,2.4772896998451555,2.4772896998451555,2.4772896998451555,2.4772896998451555,2.4772896998451555,2.4772896998451555,2.4772896998451555,2.4772896998451555,2.4772896998451555,2.4772896998451555,2.4772896998451555,2.4772896998451555,2.4772896998451555,2.4772896998451555,2.4772896998451555,2.4772896998451555,2.4772896998451555,2.4772896998451555,2.4772896998451555,2.4772896998451555,2.4772896998451555,2.4772896998451555,2.4772896998451555,2.4772896998451555,2.4772896998451555,2.4772896998451555,2.4772896998451555,2.4772896998451555,2.4772896998451555,2.4772896998451555,2.4772896998451555,2.4772896998451555,2.4772896998451555,2.4772896998451555,2.4772896998451555,2.4772896998451555,2.4772896998451555,2.4772896998451555,2.4772896998451555,2.4772896998451555,2.4772896998451555,2.4772896998451555,2.4772896998451555,2.4772896998451555,2.4772896998451555,2.4772896998451555,2.4772896998451555,2.4772896998451555,2.4772896998451555,2.4772896998451555,2.4772896998451555,2.4772896998451555,2.4772896998451555,2.4772896998451555,5.972422404684824,5.392793943378483,5.066996603076179,5.066996603076179,5.066996603076179,5.066996603076179,5.066996603076179,5.066996603076179,5.066996603076179,5.066996603076179,5.066996603076179,5.066996603076179,5.066996603076179,5.066996603076179,5.066996603076179,5.066996603076179,5.066996603076179,5.066996603076179,5.066996603076179,5.066996603076179,5.066996603076179,5.066996603076179,5.066996603076179,5.066996603076179,5.066996603076179,5.066996603076179,5.066996603076179,5.066996603076179,5.066996603076179,5.066996603076179,5.066996603076179,5.066996603076179,5.066996603076179,5.066996603076179,5.066996603076179,5.066996603076179,5.066996603076179,5.066996603076179,5.066996603076179,5.066996603076179,5.066996603076179,5.066996603076179,5.066996603076179,5.066996603076179,5.066996603076179,5.066996603076179,5.066996603076179,5.066996603076179,5.066996603076179,5.066996603076179,5.066996603076179,5.066996603076179,5.066996603076179,4.402347623988219,4.312684893276678,4.312684893276678,4.312684893276678,4.312684893276678,4.312684893276678,4.312684893276678,4.312684893276678,4.285304563935829,4.112458017099009,4.112458017099009,4.1123007666568165,4.1123007666568165,4.1123007666568165,4.1123007666568165,4.1123007666568165,4.1123007666568165,4.1123007666568165,4.1123007666568165,4.1123007666568165,4.1123007666568165,4.1123007666568165,4.1123007666568165,4.1123007666568165,4.1123007666568165,4.1123007666568165,4.1123007666568165,4.1123007666568165,4.052128412380069,4.052128412380069,4.052128412380069,4.052128412380069,4.052128412380069,4.052128412380069,4.052128412380069,4.052128412380069,4.052128412380069,4.052128412380069,4.052128412380069,4.052128412380069,4.052128412380069,4.052128412380069,4.052128412380069,4.052128412380069,4.052128412380069,4.052128412380069,4.052128412380069,4.052128412380069,4.052128412380069,4.052128412380069,4.052128412380069,4.052128412380069,4.052128412380069,4.052128412380069,4.052128412380069,4.052128412380069,4.052128412380069,4.052128412380069,4.052128412380069,4.052128412380069,4.052128412380069,4.052128412380069,4.052128412380069,4.052128412380069,3.726120587356406,3.726120587356406,3.726120587356406,3.726120587356406,3.726120587356406,3.726120587356406,3.726120587356406,3.726120587356406,3.726120587356406,3.726120587356406,3.726120587356406,3.726120587356406,3.726120587356406,3.726120587356406,3.726120587356406,3.726120587356406,3.726120587356406,3.726120587356406,3.726120587356406,3.726120587356406,3.726120587356406,3.726120587356406,3.726120587356406,3.726120587356406,3.726120587356406,3.726120587356406,3.726120587356406,3.726120587356406,3.726120587356406,3.726120587356406,3.726120587356406,3.726120587356406,3.726120587356406,3.726120587356406,3.726120587356406,3.726120587356406,3.726120587356406,3.726120587356406,3.726120587356406,3.726120587356406,3.726120587356406,3.726120587356406,3.726120587356406,3.726120587356406,3.726120587356406,3.726120587356406,3.726120587356406,3.726120587356406,3.726120587356406,3.726120587356406,3.726120587356406,3.726120587356406,3.726120587356406,3.726120587356406,3.726120587356406,3.726120587356406,3.726120587356406,3.726120587356406,3.726120587356406,3.726120587356406,3.726120587356406,3.726120587356406,3.726120587356406,3.726120587356406,3.726120587356406,3.726120587356406,3.726120587356406,3.726120587356406,3.726120587356406,3.726120587356406,3.726120587356406,3.726120587356406,3.726120587356406,3.726120587356406,3.726120587356406,3.726120587356406,3.726120587356406,3.726120587356406,3.726120587356406,3.726120587356406,3.726120587356406,3.726120587356406,3.726120587356406,3.726120587356406,3.726120587356406,3.726120587356406,3.726120587356406,3.726120587356406,3.726120587356406,3.726120587356406,3.726120587356406,3.726120587356406,3.726120587356406,3.726120587356406,3.726120587356406,3.726120587356406,3.726120587356406,3.726120587356406,3.726120587356406,3.726120587356406,3.726120587356406,3.726120587356406,3.726120587356406,3.726120587356406,3.726120587356406,3.726120587356406,3.726120587356406,3.726120587356406,3.726120587356406,3.6873316874813824,3.67111180062593,3.67111180062593,3.67111180062593,3.67111180062593,3.67111180062593,3.67111180062593,3.67111180062593,3.67111180062593,3.67111180062593,3.67111180062593,3.67111180062593,3.67111180062593,3.67111180062593,3.67111180062593,3.67111180062593,3.67111180062593,3.67111180062593,3.67111180062593,3.67111180062593,3.67111180062593,3.67111180062593,3.67111180062593,3.67111180062593,3.67111180062593,3.67111180062593,3.67111180062593,3.67111180062593,3.67111180062593,3.67111180062593,3.67111180062593,3.67111180062593,3.67111180062593,3.67111180062593,3.67111180062593,3.67111180062593,3.67111180062593,3.67111180062593,3.67111180062593,3.67111180062593,3.67111180062593,3.67111180062593,3.67111180062593,3.67111180062593,3.67111180062593,3.67111180062593,3.67111180062593,3.67111180062593,3.67111180062593,3.67111180062593,3.67111180062593,3.67111180062593,3.67111180062593,3.67111180062593,3.67111180062593,3.67111180062593,3.67111180062593,3.67111180062593,3.67111180062593,3.67111180062593,3.67111180062593,3.67111180062593,3.67111180062593,3.67111180062593,3.67111180062593,3.67111180062593,3.67111180062593,3.67111180062593,3.67111180062593,3.67111180062593,3.67111180062593,3.67111180062593,3.67111180062593,3.67111180062593,3.67111180062593,3.67111180062593,3.67111180062593,3.67111180062593,3.67111180062593,3.67111180062593,3.67111180062593,3.67111180062593,3.67111180062593,3.67111180062593,3.67111180062593,3.67111180062593,3.67111180062593,3.67111180062593,3.67111180062593,3.67111180062593,3.67111180062593,3.67111180062593,3.67111180062593,3.67111180062593,3.67111180062593,3.67111180062593,3.67111180062593,3.67111180062593,3.67111180062593,3.67111180062593,3.67111180062593,3.67111180062593,3.67111180062593,3.67111180062593,3.67111180062593,3.67111180062593,3.67111180062593,3.67111180062593,3.67111180062593,3.67111180062593,3.67111180062593,3.67111180062593,3.67111180062593,3.67111180062593,3.67111180062593,3.67111180062593,3.67111180062593,3.67111180062593,3.67111180062593,3.67111180062593,3.67111180062593,3.67111180062593,3.67111180062593,3.67111180062593,3.67111180062593,3.67111180062593,3.67111180062593,3.67111180062593,3.67111180062593,3.67111180062593,3.67111180062593,3.67111180062593,3.67111180062593,3.67111180062593,3.67111180062593,3.67111180062593,3.67111180062593,3.67111180062593,3.67111180062593,3.67111180062593,3.67111180062593,3.67111180062593,3.67111180062593,3.67111180062593,3.67111180062593,3.67111180062593,3.67111180062593,3.67111180062593,3.67111180062593,3.67111180062593,3.67111180062593,3.67111180062593,3.67111180062593,3.67111180062593,3.67111180062593,3.67111180062593,3.67111180062593,3.67111180062593,3.67111180062593,3.67111180062593,3.67111180062593,3.67111180062593,3.67111180062593,3.67111180062593,3.67111180062593,3.67111180062593,3.67111180062593,3.67111180062593,3.67111180062593,3.67111180062593,3.67111180062593,3.67111180062593,3.67111180062593,3.67111180062593,3.67111180062593,3.67111180062593,3.67111180062593,3.67111180062593,3.67111180062593,3.67111180062593,3.67111180062593,3.67111180062593,3.67111180062593,3.67111180062593,3.67111180062593,3.67111180062593,3.67111180062593,3.67111180062593,3.67111180062593,3.67111180062593,3.67111180062593,3.67111180062593,3.67111180062593,3.67111180062593,3.67111180062593,3.67111180062593,3.67111180062593,3.67111180062593,3.67111180062593,3.67111180062593,3.67111180062593,3.67111180062593,3.67111180062593,3.67111180062593,3.67111180062593,3.67111180062593,3.67111180062593,3.67111180062593,3.67111180062593,3.67111180062593,3.67111180062593,3.67111180062593,3.67111180062593,3.67111180062593,3.67111180062593,3.67111180062593,3.67111180062593,3.67111180062593,3.67111180062593,3.67111180062593,3.67111180062593,3.67111180062593,3.67111180062593,3.67111180062593,3.67111180062593,3.67111180062593,3.67111180062593,3.67111180062593,3.67111180062593,3.67111180062593,3.67111180062593,3.67111180062593,3.67111180062593,3.67111180062593,3.67111180062593,3.67111180062593,3.67111180062593,3.67111180062593,3.67111180062593,3.67111180062593,3.67111180062593,3.67111180062593,3.67111180062593,3.67111180062593,3.67111180062593,3.67111180062593,3.67111180062593,3.67111180062593,3.67111180062593,3.67111180062593,3.67111180062593,3.67111180062593,3.67111180062593,3.67111180062593,3.67111180062593,3.67111180062593,3.67111180062593,3.67111180062593,3.67111180062593,3.67111180062593,3.67111180062593,3.67111180062593,3.67111180062593,3.67111180062593,3.67111180062593,3.67111180062593,3.67111180062593,3.67111180062593,3.67111180062593,3.67111180062593,3.67111180062593,3.67111180062593,3.67111180062593,3.67111180062593,3.67111180062593,3.67111180062593,3.67111180062593,3.67111180062593,3.67111180062593,3.67111180062593,3.67111180062593,3.67111180062593,3.67111180062593,3.67111180062593,3.67111180062593,3.67111180062593,3.67111180062593,3.67111180062593,3.67111180062593,3.67111180062593,3.67111180062593,3.67111180062593,3.67111180062593,3.67111180062593,3.67111180062593,3.67111180062593,3.67111180062593,3.67111180062593,3.67111180062593,3.67111180062593,3.67111180062593,3.67111180062593,3.67111180062593,3.67111180062593,3.67111180062593,3.67111180062593,3.67111180062593,3.67111180062593,3.67111180062593,3.67111180062593,3.67111180062593,3.67111180062593,3.67111180062593,3.67111180062593,3.67111180062593,3.67111180062593,3.67111180062593,3.67111180062593,3.67111180062593,3.67111180062593,3.67111180062593,3.67111180062593,3.67111180062593,3.67111180062593,3.67111180062593,3.67111180062593,3.67111180062593,3.67111180062593,3.67111180062593,3.67111180062593,3.67111180062593,3.67111180062593,3.67111180062593,3.67111180062593,3.67111180062593,3.67111180062593,3.67111180062593,3.67111180062593,3.67111180062593,3.67111180062593,3.67111180062593,3.67111180062593,3.67111180062593,3.67111180062593,3.67111180062593,3.67111180062593,3.67111180062593,3.67111180062593,3.67111180062593,3.67111180062593,3.67111180062593,3.67111180062593,3.67111180062593,3.67111180062593,3.67111180062593,3.67111180062593,3.67111180062593,3.67111180062593,3.67111180062593,3.67111180062593,3.67111180062593,3.67111180062593,3.67111180062593,3.67111180062593,3.67111180062593,3.67111180062593,3.67111180062593,3.67111180062593,3.67111180062593,3.67111180062593,3.67111180062593,3.67111180062593,3.67111180062593,3.67111180062593,3.67111180062593,3.67111180062593,3.67111180062593,3.67111180062593,3.67111180062593,3.67111180062593,3.67111180062593,3.67111180062593,3.67111180062593,3.67111180062593,3.67111180062593,3.67111180062593,3.67111180062593,3.67111180062593,3.67111180062593,3.67111180062593,3.67111180062593,3.67111180062593,3.67111180062593,3.67111180062593,3.67111180062593,3.67111180062593,3.67111180062593,3.67111180062593,3.67111180062593,3.67111180062593,3.67111180062593,3.67111180062593,3.67111180062593,3.67111180062593,3.67111180062593,3.67111180062593,3.67111180062593,3.67111180062593,3.67111180062593,3.67111180062593,3.67111180062593,3.67111180062593,3.67111180062593,3.67111180062593,3.67111180062593,3.67111180062593,3.67111180062593,3.67111180062593,3.67111180062593,3.67111180062593,3.67111180062593,3.67111180062593,3.67111180062593,3.67111180062593,3.67111180062593,3.67111180062593,3.67111180062593,3.67111180062593,3.67111180062593,3.67111180062593,3.67111180062593,3.67111180062593,3.67111180062593,3.67111180062593,3.67111180062593,3.67111180062593,3.67111180062593,3.67111180062593,3.67111180062593,3.67111180062593,3.67111180062593,3.67111180062593,3.67111180062593,3.67111180062593,3.67111180062593,3.67111180062593,3.67111180062593,3.67111180062593,3.67111180062593,3.67111180062593,3.67111180062593,3.67111180062593,3.67111180062593,3.67111180062593,3.67111180062593,3.67111180062593,3.67111180062593,3.67111180062593,3.67111180062593,3.67111180062593,3.67111180062593,3.67111180062593,3.67111180062593,3.67111180062593,3.67111180062593,3.67111180062593,3.67111180062593,3.67111180062593,3.67111180062593,3.67111180062593,3.67111180062593,3.67111180062593,3.669322795765425,3.669322795765425,3.669322795765425,3.669322795765425,3.669322795765425,3.669322795765425,3.669322795765425,3.669322795765425,3.669322795765425,3.669322795765425,3.669322795765425,3.669322795765425,3.669322795765425,3.669322795765425,3.669322795765425,3.669322795765425,3.669322795765425,3.669322795765425,3.669322795765425,3.669322795765425,3.669322795765425,3.669322795765425,3.669322795765425,3.669322795765425,3.669322795765425,3.669322795765425,3.669322795765425,3.669322795765425,3.669322795765425,3.669322795765425,3.669322795765425,3.669322795765425,3.669322795765425,3.669322795765425,3.669322795765425,3.669322795765425,3.669322795765425,3.669322795765425,3.669322795765425,3.669322795765425,3.669322795765425,3.669322795765425,3.669322795765425,3.669322795765425,3.669322795765425,3.669322795765425,3.669322795765425,3.669322795765425,3.669322795765425,3.669322795765425,3.669322795765425,3.669322795765425,3.669322795765425,3.669322795765425,3.669322795765425,3.669322795765425,3.669322795765425,3.669322795765425,3.669322795765425,3.669322795765425,3.669322795765425,3.669322795765425,3.669322795765425,3.669322795765425,3.669322795765425,3.669322795765425,3.669322795765425,3.669322795765425,3.669322795765425,3.669322795765425,3.669322795765425,3.669322795765425,3.669322795765425,3.669322795765425,3.669322795765425,3.669322795765425,3.669322795765425,3.669322795765425,3.669322795765425,3.669322795765425,3.669322795765425,3.669322795765425,3.669322795765425,3.669322795765425,3.669322795765425,3.669322795765425,3.669322795765425,3.669322795765425,3.669322795765425,3.669322795765425,3.669322795765425,3.669322795765425,3.669322795765425,3.669322795765425,3.669322795765425,3.669322795765425,3.669322795765425,3.669322795765425,3.669322795765425,3.669322795765425,3.669322795765425,3.669322795765425,3.669322795765425,3.669322795765425,3.669322795765425,3.669322795765425,3.669322795765425,3.669322795765425,3.669322795765425,3.669322795765425,3.669322795765425,3.669322795765425,3.669322795765425,3.669322795765425,3.669322795765425,3.669322795765425,3.669322795765425,3.669322795765425,3.669322795765425,3.669322795765425,3.669322795765425,3.669322795765425,3.669322795765425,3.669322795765425,3.669322795765425,3.669322795765425,3.669322795765425,3.669322795765425,3.669322795765425,3.669322795765425,3.669322795765425,3.669322795765425,3.669322795765425,3.669322795765425,3.669322795765425,3.669322795765425,3.669322795765425,3.669322795765425,3.669322795765425,3.669322795765425,3.669322795765425,3.669322795765425,3.669322795765425,3.669322795765425,3.669322795765425,3.669322795765425,3.669322795765425,3.669322795765425,3.669322795765425,3.669322795765425,3.669322795765425,3.669322795765425,3.669322795765425,3.669322795765425,3.669322795765425,3.669322795765425,3.669322795765425,3.669322795765425,3.669322795765425,3.669322795765425,3.669322795765425,3.669322795765425,3.669322795765425,3.669322795765425,3.669322795765425,3.669322795765425,3.669322795765425,3.669322795765425,3.669322795765425,3.669322795765425,3.669322795765425,3.669322795765425,3.669322795765425,3.669322795765425,3.669322795765425,3.669322795765425,3.669322795765425,3.669322795765425,3.669322795765425,3.669322795765425,3.669322795765425,3.669322795765425,3.669322795765425,3.669322795765425,3.669322795765425,3.669322795765425,3.669322795765425,3.669322795765425,3.669322795765425,3.669322795765425,3.669322795765425,3.669322795765425,3.669322795765425,3.669322795765425,3.669322795765425,3.669322795765425,3.669322795765425,3.669322795765425,3.669322795765425,3.669322795765425,3.669322795765425,3.669322795765425,3.669322795765425,3.669322795765425,3.669322795765425,3.6103118591677,3.6103118591677,3.6103118591677,3.6103118591677,3.6103118591677,3.6103118591677,3.6103118591677,3.6103118591677,3.6103118591677,3.6103118591677,3.6103118591677,3.6103118591677,3.6103118591677,3.6103118591677,3.6103118591677,3.6103118591677,3.6103118591677,3.6103118591677,3.6103118591677,3.6103118591677,3.6103118591677,3.6103118591677,3.6103118591677,3.6103118591677,3.6103118591677,3.6103118591677,3.6103118591677,3.6103118591677,3.6103118591677,3.6103118591677,3.6103118591677,3.6103118591677,3.6103118591677,3.6103118591677,3.6103118591677,3.6103118591677,3.6103118591677,3.6103118591677,3.6103118591677,3.6103118591677,3.6103118591677,3.6103118591677,3.6103118591677,3.6103118591677,3.6103118591677,3.6103118591677,3.6103118591677,3.6103118591677,3.6103118591677,3.6103118591677,3.6103118591677,3.6103118591677,3.6103118591677,3.6103118591677,3.6103118591677,3.6103118591677,3.6103118591677,3.6103118591677,3.6103118591677,3.6103118591677,3.6103118591677,3.6103118591677,3.6103118591677,3.6103118591677,3.6103118591677,3.6103118591677,3.6103118591677,3.6103118591677,3.6103118591677,3.6103118591677,3.6103118591677,3.6103118591677,3.6103118591677,3.6103118591677,3.6103118591677,3.6103118591677,3.6103118591677,3.6103118591677,3.6103118591677,3.6103118591677,3.6103118591677,3.6103118591677,3.6103118591677,3.6103118591677,3.6103118591677,3.6103118591677,3.6103118591677,3.6103118591677,3.6103118591677,3.6103118591677,3.6103118591677,3.6103118591677,3.6103118591677,3.6103118591677,3.6103118591677,3.6103118591677,3.6103118591677,8.70973180383807,6.877877368649644,6.877877368649644,6.877877368649644,6.877877368649644,6.877877368649644,6.857673789317899,6.857673789317899,6.857673789317899,6.857673789317899,6.857673789317899,6.857673789317899,6.857673789317899,6.857673789317899,6.857673789317899,6.857673789317899,6.857673789317899,6.652296144609212,6.652296144609212,6.652296144609212,6.652296144609212,6.652296144609212,6.652296144609212,6.652296144609212,6.652296144609212,6.652296144609212,6.652296144609212,6.652296144609212,6.652296144609212,6.652296144609212,6.652296144609212,6.652296144609212,6.652296144609212,6.652296144609212,6.652296144609212,6.652296144609212,6.652296144609212,6.652296144609212,6.652296144609212,6.652296144609212,6.652296144609212,6.652296144609212,6.652296144609212,6.652296144609212,6.652296144609212,6.652296144609212,6.652296144609212,6.652296144609212,6.652296144609212,6.652296144609212,6.652296144609212,6.652296144609212,6.652296144609212,6.652296144609212,6.652296144609212,6.652296144609212,6.652296144609212,6.652296144609212,6.652296144609212,6.652296144609212,6.652296144609212,6.652296144609212,6.652296144609212,6.652296144609212,6.652296144609212,6.652296144609212,6.652296144609212,6.652296144609212,6.652296144609212,6.652296144609212,6.652296144609212,6.652296144609212,6.652296144609212,6.652296144609212,5.430931145472484,5.246801485640645,5.246801485640645,5.246801485640645,5.246801485640645,5.246801485640645,5.246801485640645,5.188062811022584,5.188062811022584,5.188062811022584,5.188062811022584,5.188062811022584,5.188062811022584,5.188062811022584,5.188062811022584,5.188062811022584,5.188062811022584,5.188062811022584,5.188062811022584,5.188062811022584,5.188062811022584,5.188062811022584,5.188062811022584,5.188062811022584,5.188062811022584,5.188062811022584,5.188062811022584,5.188062811022584,5.188062811022584,5.188062811022584,5.188062811022584,5.188062811022584,5.188062811022584,5.188062811022584,5.188062811022584,5.188062811022584,5.188062811022584,5.188062811022584,5.188062811022584,5.188062811022584,5.188062811022584,5.188062811022584,5.188062811022584,5.188062811022584,5.188062811022584,5.188062811022584,5.188062811022584,5.188062811022584,5.188062811022584,5.188062811022584,5.188062811022584,5.188062811022584,5.188062811022584,5.188062811022584,5.188062811022584,5.188062811022584,5.188062811022584,5.188062811022584,5.188062811022584,5.188062811022584,5.188062811022584,5.188062811022584,5.188062811022584,5.188062811022584,5.188062811022584,5.188062811022584,5.188062811022584,5.188062811022584,5.188062811022584,5.188062811022584,5.188062811022584,5.188062811022584,5.188062811022584,5.188062811022584,5.188062811022584,5.188062811022584,5.188062811022584,5.188062811022584,5.188062811022584,5.188062811022584,5.188062811022584,5.188062811022584,5.188062811022584,5.188062811022584,5.188062811022584,5.188062811022584,5.188062811022584,5.188062811022584,5.188062811022584,5.188062811022584,5.188062811022584,5.188062811022584,5.188062811022584,5.188062811022584,5.188062811022584,5.188062811022584,5.188062811022584,5.188062811022584,5.188062811022584,5.188062811022584,5.188062811022584,5.188062811022584,5.188062811022584,5.188062811022584,5.188062811022584,5.188062811022584,5.188062811022584,5.188062811022584,5.188062811022584,5.188062811022584,5.188062811022584,5.188062811022584,5.188062811022584,5.188062811022584,5.188062811022584,5.188062811022584,5.188062811022584,5.188062811022584,5.188062811022584,5.188062811022584,5.188062811022584,5.188062811022584,5.188062811022584,5.188062811022584,5.188062811022584,5.188062811022584,5.188062811022584,5.188062811022584,5.188062811022584,5.188062811022584,5.188062811022584,5.188062811022584,5.188062811022584,5.188062811022584,5.188062811022584,5.188062811022584,5.188062811022584,5.188062811022584,5.188062811022584,5.188062811022584,3.236922079610617,3.236922079610617,3.236922079610617,3.236922079610617,3.236922079610617,3.236922079610617,3.236922079610617,3.236922079610617,3.236922079610617,3.236922079610617,3.236922079610617,3.236922079610617,3.236922079610617,3.236922079610617,3.236922079610617,3.236922079610617,3.236922079610617,3.236922079610617,3.236922079610617,3.236922079610617,3.236922079610617,3.236922079610617,3.236922079610617,3.236922079610617,3.236922079610617,3.236922079610617,3.236922079610617,3.236922079610617,3.236922079610617,3.236922079610617,3.236922079610617,3.236922079610617,3.236922079610617,3.236922079610617,3.236922079610617,3.236922079610617,3.236922079610617,3.236922079610617,3.236922079610617,3.236922079610617,3.236922079610617,3.236922079610617,3.236922079610617,3.236922079610617,3.236922079610617,3.236922079610617,3.236922079610617,3.236922079610617,3.236922079610617,3.236922079610617,3.236922079610617,3.236922079610617,3.236922079610617,3.236922079610617,3.236922079610617,3.236922079610617,3.236922079610617,3.236922079610617,3.236922079610617,3.236922079610617,3.236922079610617,3.236922079610617,3.236922079610617,3.236922079610617,3.236922079610617,3.236922079610617,3.236922079610617,3.236922079610617,3.236922079610617,3.236922079610617,3.236922079610617,3.236922079610617,3.236922079610617,3.236922079610617,3.236922079610617,3.236922079610617,3.236922079610617,3.236922079610617,3.236922079610617,3.236922079610617,3.236922079610617,3.236922079610617,3.236922079610617,3.236922079610617,3.236922079610617,3.236922079610617,3.236922079610617,3.236922079610617,3.236922079610617,3.236922079610617,3.236922079610617,3.236922079610617,3.236922079610617,3.236922079610617,3.236922079610617,3.236922079610617,3.236922079610617,3.236922079610617,3.236922079610617,3.236922079610617,3.236922079610617,3.236922079610617,3.236922079610617,3.236922079610617,3.236922079610617,3.236922079610617,3.236922079610617,3.236922079610617,3.236922079610617,3.236922079610617,3.236922079610617,3.236922079610617,3.236922079610617,3.236922079610617,3.236922079610617,3.236922079610617,3.236922079610617,3.236922079610617,3.236922079610617,3.236922079610617,3.236922079610617,3.236922079610617,3.236922079610617,3.236922079610617,3.236922079610617,3.236922079610617,3.236922079610617,3.236922079610617,3.236922079610617,3.236922079610617,3.236922079610617,3.236922079610617,3.236922079610617,3.236922079610617,3.236922079610617,3.236922079610617,3.236922079610617,3.236922079610617,3.236922079610617,3.236922079610617,3.236922079610617,3.236922079610617,3.236922079610617,3.236922079610617,3.236922079610617,3.236922079610617,3.236922079610617,3.236922079610617,3.236922079610617,3.236922079610617,3.236922079610617,3.236922079610617,3.236922079610617,3.236922079610617,3.236922079610617,3.236922079610617,3.236922079610617,3.236922079610617,3.236922079610617,3.236922079610617,3.236922079610617,3.236922079610617,3.236922079610617,3.236922079610617,3.236922079610617,3.236922079610617,3.236922079610617,3.236922079610617,3.236922079610617,3.236922079610617,3.236922079610617,3.236922079610617,3.236922079610617,3.236922079610617,3.236922079610617,3.236922079610617,3.236922079610617,3.236922079610617,3.236922079610617,3.236922079610617,3.236922079610617,3.236922079610617,3.236922079610617,3.236922079610617,3.236922079610617,3.236922079610617,3.236922079610617,3.236922079610617,3.236922079610617,3.236922079610617,3.236922079610617,3.236922079610617,3.236922079610617,3.236922079610617,3.236922079610617,3.236922079610617,3.236922079610617,3.236922079610617,3.236922079610617,3.236922079610617,3.236922079610617,3.236922079610617,3.236922079610617,3.236922079610617,3.236922079610617,3.236922079610617,3.236922079610617,3.236922079610617,3.236922079610617,3.236922079610617,3.236922079610617,3.236922079610617,3.236922079610617,3.236922079610617,3.236922079610617,3.236922079610617,3.236922079610617,3.236922079610617,3.236922079610617,3.236922079610617,3.236922079610617,3.236922079610617,3.236922079610617,3.236922079610617,3.236922079610617,3.236922079610617,3.236922079610617,3.236922079610617,3.236922079610617,3.236922079610617,3.236922079610617,3.236922079610617,3.236922079610617,3.236922079610617,3.236922079610617,3.236922079610617,3.236922079610617,3.236922079610617,3.236922079610617,3.236922079610617,3.236922079610617,3.236922079610617,3.236922079610617,3.236922079610617,3.236922079610617,3.236922079610617,3.236922079610617,3.236922079610617,3.236922079610617,3.236922079610617,3.236922079610617,3.236922079610617,3.236922079610617,3.236922079610617,3.236922079610617,3.236922079610617,3.236922079610617,3.236922079610617,3.236922079610617,3.236922079610617,3.236922079610617,3.236922079610617,3.236922079610617,3.236922079610617,3.236922079610617,3.236922079610617,3.236922079610617,3.236922079610617,3.236922079610617,3.236922079610617,3.236922079610617,3.236922079610617,3.236922079610617,3.236922079610617,3.236922079610617,3.236922079610617,3.236922079610617,3.236922079610617,3.236922079610617,3.236922079610617,3.236922079610617,3.236922079610617,3.236922079610617,3.236922079610617,3.236922079610617,3.236922079610617,3.236922079610617,3.236922079610617,3.236922079610617,3.236922079610617,3.236922079610617,3.236922079610617,3.236922079610617,3.236922079610617,3.236922079610617,3.236922079610617,3.236922079610617,3.236922079610617,3.236922079610617,3.236922079610617,3.236922079610617,3.236922079610617,3.236922079610617,3.236922079610617,3.236922079610617,3.236922079610617,3.236922079610617,3.236922079610617,3.236922079610617,3.236922079610617,3.236922079610617,3.236922079610617,3.236922079610617,3.236922079610617,3.236922079610617,3.236922079610617,3.236922079610617,3.236922079610617,3.236922079610617,3.236922079610617,3.236922079610617,3.236922079610617,3.236922079610617,3.236922079610617,3.236922079610617,3.236922079610617,3.236922079610617,3.236922079610617,3.236922079610617,3.236922079610617,3.236922079610617,3.236922079610617,3.236922079610617,3.236922079610617,3.236922079610617,3.236922079610617,3.236922079610617,3.236922079610617,3.236922079610617,3.236922079610617,3.236922079610617,3.236922079610617,3.236922079610617,3.236922079610617,3.236922079610617,3.236922079610617,3.236922079610617,3.236922079610617,3.236922079610617,3.236922079610617,3.236922079610617,3.236922079610617,3.236922079610617,3.236922079610617,3.236922079610617,3.236922079610617,3.236922079610617,3.236922079610617,3.236922079610617,3.236922079610617,3.236922079610617,3.236922079610617,3.236922079610617,3.236922079610617,3.236922079610617,3.236922079610617,3.236922079610617,3.236922079610617,3.236922079610617,3.236922079610617,3.236922079610617,3.236922079610617,3.236922079610617,3.236922079610617,3.236922079610617,3.236922079610617,3.236922079610617,3.236922079610617,3.236922079610617,3.236922079610617,3.236922079610617,3.236922079610617,3.236922079610617,3.236922079610617,3.236922079610617,3.236922079610617,3.236922079610617,3.236922079610617,3.236922079610617,3.236922079610617,3.236922079610617,3.236922079610617,3.236922079610617,3.236922079610617,3.236922079610617,3.236922079610617,3.236922079610617,3.236922079610617,3.236922079610617,3.236922079610617,3.236922079610617,3.236922079610617,3.236922079610617,3.236922079610617,3.236922079610617,3.236922079610617,3.236922079610617,3.236922079610617,3.236922079610617,3.236922079610617,3.236922079610617,3.236922079610617,3.236922079610617,3.236922079610617,3.236922079610617,3.236922079610617,3.236922079610617,3.236922079610617,3.236922079610617,3.236922079610617,3.236922079610617,3.236922079610617,3.236922079610617,3.236922079610617,3.236922079610617,3.236922079610617,3.236922079610617,3.236922079610617,3.236922079610617,3.236922079610617,3.236922079610617,3.236922079610617,3.236922079610617,3.236922079610617,3.236922079610617,3.236922079610617,3.236922079610617,3.236922079610617,3.236922079610617,3.236922079610617,3.236922079610617,3.236922079610617,3.236922079610617,3.236922079610617,3.236922079610617,3.236922079610617,3.236922079610617,3.236922079610617,3.236922079610617,3.236922079610617,3.236922079610617,3.236922079610617,3.236922079610617,3.236922079610617,3.236922079610617,3.236922079610617,3.236922079610617,3.236922079610617,3.236922079610617,3.236922079610617,3.236922079610617,3.236922079610617,3.236922079610617,3.236922079610617,3.236922079610617,3.236922079610617,3.236922079610617,3.236922079610617,3.236922079610617,3.236922079610617,3.236922079610617,3.236922079610617,3.236922079610617,3.236922079610617,3.236922079610617,3.236922079610617,3.236922079610617,3.236922079610617,3.236922079610617,3.236922079610617,3.236922079610617,3.236922079610617,3.236922079610617,3.236922079610617,3.236922079610617,3.236922079610617,3.236922079610617,3.236922079610617,3.236922079610617,3.236922079610617,3.236922079610617,3.236922079610617,3.236922079610617,3.236922079610617,3.236922079610617,3.236922079610617,3.236922079610617,3.236922079610617,3.236922079610617,3.236922079610617,3.236922079610617,3.236922079610617,3.236922079610617,3.236922079610617,3.236922079610617,3.236922079610617,3.236922079610617,3.236922079610617,3.236922079610617,3.236922079610617,3.236922079610617,3.236922079610617,3.236922079610617,3.236922079610617,3.236922079610617,3.236922079610617,3.236922079610617,3.236922079610617,3.236922079610617,3.236922079610617,3.236922079610617,3.236922079610617,3.236922079610617,3.236922079610617,3.236922079610617,3.236922079610617,3.236922079610617,3.236922079610617,3.236922079610617,3.236922079610617,3.236922079610617,3.236922079610617,3.236922079610617,3.236922079610617,3.236922079610617,3.236922079610617,3.236922079610617,3.236922079610617,3.236922079610617,3.236922079610617,3.236922079610617,3.236922079610617,3.236922079610617,3.236922079610617,3.236922079610617,3.236922079610617,3.236922079610617,3.236922079610617,3.236922079610617,3.236922079610617,3.236922079610617,3.236922079610617,3.236922079610617,3.236922079610617,3.236922079610617,3.236922079610617,3.236922079610617,3.236922079610617,3.236922079610617,3.236922079610617,3.236922079610617,3.236922079610617,3.236922079610617,3.236922079610617,3.236922079610617,3.236922079610617,3.236922079610617,3.236922079610617,3.236922079610617,3.236922079610617,3.236922079610617,3.236922079610617,3.236922079610617,3.236922079610617,3.236922079610617,3.236922079610617,3.236922079610617,3.236922079610617,3.236922079610617,3.236922079610617,3.236922079610617,3.236922079610617,3.236922079610617,3.236922079610617,3.236922079610617,3.236922079610617,3.236922079610617,3.236922079610617,3.236922079610617,3.236922079610617,3.236922079610617,3.236922079610617,3.236922079610617,3.236922079610617,3.236922079610617,3.236922079610617,3.236922079610617,3.236922079610617,3.236922079610617,3.236922079610617,3.236922079610617,3.236922079610617,3.236922079610617,3.236922079610617,3.236922079610617,3.236922079610617,3.236922079610617,3.236922079610617,3.236922079610617,3.236922079610617,3.236922079610617,3.236922079610617,3.236922079610617,3.236922079610617,3.236922079610617,3.236922079610617,3.236922079610617,3.236922079610617,3.236922079610617,3.236922079610617,3.236922079610617,3.236922079610617,3.236922079610617,3.236922079610617,3.236922079610617,3.236922079610617,3.236922079610617,3.236922079610617,3.236922079610617,3.236922079610617,3.236922079610617,3.236922079610617,3.236922079610617,3.236922079610617,3.236922079610617,3.236922079610617,3.236922079610617,3.236922079610617,3.236922079610617,3.236922079610617,3.236922079610617,3.236922079610617,3.236922079610617,3.236922079610617,3.236922079610617,3.236922079610617,3.236922079610617,3.236922079610617,3.236922079610617,3.236922079610617,3.236922079610617,3.236922079610617,3.236922079610617,3.236922079610617,3.236922079610617,3.236922079610617,3.236922079610617,3.236922079610617,3.236922079610617,3.236922079610617,3.236922079610617,3.236922079610617,3.236922079610617,3.236922079610617,3.236922079610617,3.236922079610617,3.236922079610617,3.236922079610617,3.236922079610617,3.236922079610617,3.236922079610617,3.236922079610617,3.236922079610617,3.236922079610617,3.236922079610617,3.236922079610617,3.236922079610617,3.236922079610617,3.236922079610617,3.236922079610617,3.236922079610617,3.236922079610617,3.236922079610617,3.236922079610617,3.236922079610617,3.236922079610617,3.236922079610617,3.236922079610617,3.236922079610617,3.236922079610617,3.236922079610617,3.236922079610617,3.236922079610617,3.236922079610617,3.236922079610617,3.236922079610617,3.236922079610617,3.236922079610617,3.236922079610617,3.236922079610617,3.236922079610617,3.236922079610617,3.236922079610617,3.236922079610617,3.236922079610617,3.236922079610617,3.236922079610617,3.236922079610617,3.236922079610617,3.236922079610617,3.236922079610617,3.236922079610617,3.236922079610617,3.236922079610617,3.236922079610617,3.236922079610617,3.236922079610617,3.236922079610617,3.236922079610617,3.236922079610617,3.236922079610617,3.236922079610617,3.236922079610617,3.236922079610617,3.236922079610617,3.236922079610617,3.236922079610617,3.236922079610617,3.236922079610617,3.236922079610617,3.236922079610617,3.236922079610617,3.236922079610617,3.236922079610617,3.236922079610617,3.236922079610617,3.236922079610617,3.236922079610617,3.236922079610617,3.236922079610617,3.236922079610617,3.236922079610617,3.236922079610617,3.236922079610617,3.236922079610617,3.236922079610617,3.236922079610617,3.236922079610617,3.236922079610617,3.236922079610617,3.236922079610617,3.236922079610617,3.236922079610617,3.236922079610617,3.236922079610617,3.236922079610617,3.236922079610617,3.236922079610617,3.236922079610617,3.236922079610617,3.236922079610617,3.236922079610617,3.236922079610617,3.236922079610617,3.236922079610617,3.236922079610617,3.236922079610617,3.236922079610617,3.236922079610617,3.236922079610617,3.236922079610617,3.236922079610617,3.236922079610617,3.236922079610617,3.236922079610617,3.236922079610617,3.236922079610617,3.236922079610617,3.236922079610617,3.236922079610617,3.236922079610617,3.236922079610617,3.236922079610617,3.236922079610617,3.236922079610617,3.236922079610617,5.628617901441211,5.628617901441211,5.628617901441211,5.628617901441211,5.628617901441211,5.628617901441211,5.628617901441211,5.628617901441211,5.628617901441211,5.628617901441211,5.628617901441211,5.628617901441211,5.618022081984864,5.407913033395387,5.407913033395387,5.407913033395387,5.407913033395387,5.407913033395387,5.407913033395387,5.407913033395387,5.407913033395387,5.407913033395387,5.407913033395387,5.407913033395387,5.407913033395387,5.407913033395387,5.407913033395387,5.407913033395387,5.407913033395387,5.407913033395387,5.407913033395387,5.407913033395387,5.407913033395387,5.407913033395387,5.407913033395387,5.407913033395387,5.407913033395387,5.407913033395387,5.407913033395387,5.407913033395387,5.407913033395387,5.407913033395387,5.407913033395387,5.407913033395387,5.407913033395387,5.407913033395387,5.407913033395387,5.407913033395387,5.407913033395387,5.407913033395387,5.407913033395387,5.407913033395387,5.407913033395387,5.407913033395387,5.407913033395387,5.407913033395387,5.407913033395387,5.407913033395387,5.407913033395387,5.407913033395387,5.407913033395387,5.407913033395387,5.407913033395387,5.407913033395387,5.407913033395387,5.407913033395387,5.407913033395387,5.407913033395387,5.407913033395387,5.407913033395387,5.407913033395387,5.407913033395387,5.407913033395387,5.407913033395387,5.407913033395387,5.407913033395387,5.407913033395387,5.407913033395387,5.407913033395387,5.407913033395387,5.407913033395387,5.407913033395387,5.407913033395387,5.407913033395387,5.407913033395387,5.407913033395387,5.407913033395387,5.407913033395387,5.407913033395387,5.407913033395387,5.407913033395387,5.407913033395387,5.407913033395387,5.407913033395387,5.407913033395387,5.407913033395387,5.407913033395387,5.407913033395387,5.407913033395387,5.407913033395387,5.407913033395387,5.407913033395387,4.736998685350304,4.736998685350304,4.736998685350304,4.736998685350304,4.736998685350304,4.736998685350304,4.736998685350304,4.736998685350304,4.736998685350304,4.736998685350304,4.736998685350304,4.736998685350304,4.736998685350304,4.736998685350304,4.736998685350304,4.736998685350304,4.736998685350304,4.736998685350304,4.659246092522572,4.659246092522572,4.646672242003432,4.646672242003432,4.646672242003432,4.544369768260959,4.544369768260959,4.5443697682609585,4.5443697682609585,4.5443697682609585,4.5443697682609585,4.5443697682609585,4.5443697682609585,4.5443697682609585,4.5443697682609585,4.5443697682609585,4.5443697682609585,4.5443697682609585,4.5443697682609585,4.5443697682609585,4.5443697682609585,4.5443697682609585,4.5443697682609585,4.5443697682609585,4.5443697682609585,4.5443697682609585,4.5443697682609585,4.5443697682609585,4.5443697682609585,4.5443697682609585,4.5443697682609585,4.5443697682609585,4.5443697682609585,4.5443697682609585,4.5443697682609585,4.5443697682609585,4.5443697682609585,4.5443697682609585,4.5443697682609585,4.5443697682609585,4.5443697682609585,4.5443697682609585,4.5443697682609585,4.5443697682609585,4.5443697682609585,4.5443697682609585,4.5443697682609585,4.5443697682609585,4.5443697682609585,4.5443697682609585,4.5443697682609585,4.5443697682609585,4.5443697682609585,4.5443697682609585,4.5443697682609585,4.5443697682609585,4.5443697682609585,4.5443697682609585,4.5443697682609585,4.5443697682609585,4.5443697682609585,4.5443697682609585,4.5443697682609585,4.5443697682609585,4.5443697682609585,4.5443697682609585,4.5443697682609585,4.5443697682609585,4.5443697682609585,4.5443697682609585,4.5443697682609585,4.5443697682609585,4.5443697682609585,4.5443697682609585,4.5443697682609585,4.5443697682609585,4.5443697682609585,4.5443697682609585,4.5443697682609585,4.5443697682609585,4.5443697682609585,4.5443697682609585,4.5443697682609585,4.5443697682609585,4.5443697682609585,4.5443697682609585,4.5443697682609585,4.5443697682609585,4.5443697682609585,4.5443697682609585,4.5443697682609585,4.5443697682609585,4.5443697682609585,4.5443697682609585,4.5443697682609585,4.5443697682609585,4.5443697682609585,4.5443697682609585,4.5443697682609585,4.5443697682609585,4.5443697682609585,4.5443697682609585,4.5443697682609585,4.5443697682609585,4.5443697682609585,4.5443697682609585,4.5443697682609585,4.5443697682609585,4.5443697682609585,4.5443697682609585,4.5443697682609585,4.5443697682609585,4.5443697682609585,4.5443697682609585,4.5443697682609585,4.5443697682609585,4.5443697682609585,4.5443697682609585,4.5443697682609585,4.5443697682609585,4.5443697682609585,4.5443697682609585,4.5443697682609585,4.5443697682609585,4.5443697682609585,4.5443697682609585,4.5443697682609585,4.5443697682609585,4.5443697682609585,4.5443697682609585,4.5443697682609585,4.5443697682609585,4.5443697682609585,4.5443697682609585,4.5443697682609585,4.5443697682609585,4.5443697682609585,4.5443697682609585,4.5443697682609585,4.5443697682609585,4.5443697682609585,4.5443697682609585,4.5443697682609585,4.5443697682609585,4.5443697682609585,4.5443697682609585,4.5443697682609585,4.5443697682609585,4.5443697682609585,4.5443697682609585,4.5443697682609585,4.5443697682609585,4.5443697682609585,4.5443697682609585,4.5443697682609585,4.5443697682609585,4.5443697682609585,4.5443697682609585,4.5443697682609585,4.5443697682609585,4.5443697682609585,4.5443697682609585,4.5443697682609585,4.5443697682609585,4.5443697682609585,4.5443697682609585,4.5443697682609585,4.5443697682609585,4.5443697682609585,4.5443697682609585,4.5443697682609585,4.5443697682609585,4.5443697682609585,4.5443697682609585,4.5443697682609585,4.5443697682609585,4.5443697682609585,4.5443697682609585,4.5443697682609585,4.5443697682609585,4.5443697682609585,4.5443697682609585,4.5443697682609585,4.5443697682609585,4.5443697682609585,4.5443697682609585,4.5443697682609585,4.5443697682609585,4.5443697682609585,4.5443697682609585,4.5443697682609585,4.5443697682609585,4.5443697682609585,4.5443697682609585,4.5443697682609585,4.5443697682609585,4.5443697682609585,4.5443697682609585,4.5443697682609585,4.5443697682609585,4.5443697682609585,4.5443697682609585,4.5443697682609585,4.5443697682609585,4.5443697682609585,4.5443697682609585,4.5443697682609585,4.5443697682609585,4.5443697682609585,4.5443697682609585,4.5443697682609585,4.5443697682609585,4.5443697682609585,4.5443697682609585,4.5443697682609585,4.5443697682609585,4.5443697682609585,4.5443697682609585,4.5443697682609585,4.5443697682609585,4.5443697682609585,4.5443697682609585,4.5443697682609585,4.5443697682609585,4.5443697682609585,4.5443697682609585,4.5443697682609585,4.5443697682609585,4.5443697682609585,4.5443697682609585,4.5443697682609585,4.5443697682609585,4.5443697682609585,4.5443697682609585,4.5443697682609585,4.5443697682609585,4.5443697682609585,4.5443697682609585,4.5443697682609585,4.5443697682609585,4.5443697682609585,4.5443697682609585,4.5443697682609585,4.5443697682609585,4.5443697682609585,4.5443697682609585,4.5443697682609585,4.5443697682609585,4.5443697682609585,4.5443697682609585,4.5443697682609585,4.5443697682609585,4.5443697682609585,4.5443697682609585,4.5443697682609585,4.5443697682609585,4.5443697682609585,4.5443697682609585,4.5443697682609585,4.5443697682609585,4.5443697682609585,4.5443697682609585,4.5443697682609585,4.5443697682609585,4.5443697682609585,4.535547764611248,4.521660433514318,4.521660433514318,4.521660433514318,4.521660433514318,4.521660433514318,4.505657852682861,4.505657852682861,4.505657852682861,4.505657852682861,4.505657852682861,4.50565785268286,4.50565785268286,4.50565785268286,4.50565785268286,4.50565785268286,4.50565785268286,4.50565785268286,4.50565785268286,4.50565785268286,4.50565785268286,4.50565785268286,4.50565785268286,4.50565785268286,4.50565785268286,4.50565785268286,4.50565785268286,4.50565785268286,4.50565785268286,4.50565785268286,4.50565785268286,4.50565785268286,4.50565785268286,4.50565785268286,4.50565785268286,4.50565785268286,4.50565785268286,4.50565785268286,4.50565785268286,4.50565785268286,4.50565785268286,4.50565785268286,4.50565785268286,4.50565785268286,4.50565785268286,4.50565785268286,4.50565785268286,4.50565785268286,4.50565785268286,4.50565785268286,4.50565785268286,4.50565785268286,4.50565785268286,4.50565785268286,4.50565785268286,4.50565785268286,4.50565785268286,4.50565785268286,4.50565785268286,4.50565785268286,4.50565785268286,4.50565785268286,4.50565785268286,4.50565785268286,4.50565785268286,4.50565785268286,4.50565785268286,4.50565785268286,4.50565785268286,4.50565785268286,4.50565785268286,4.50565785268286,4.50565785268286,4.50565785268286,4.50565785268286,4.50565785268286,4.50565785268286,4.50565785268286,4.50565785268286,4.50565785268286,4.50565785268286,4.50565785268286,4.50565785268286,4.50565785268286,4.50565785268286,4.50565785268286,4.50565785268286,4.50565785268286,4.50565785268286,4.50565785268286,4.50565785268286,4.50565785268286,4.50565785268286,4.50565785268286,4.50565785268286,4.50565785268286,4.50565785268286,4.50565785268286,4.50565785268286,4.50565785268286,4.50565785268286,4.50565785268286,4.50565785268286,4.50565785268286,4.50565785268286,4.50565785268286,4.50565785268286,4.50565785268286,4.50565785268286,4.50565785268286,4.50565785268286,4.50565785268286,4.50565785268286,4.50565785268286,4.50565785268286,4.50565785268286,4.50565785268286,4.50565785268286,4.50565785268286,4.50565785268286,4.50565785268286,4.50565785268286,4.50565785268286,4.50565785268286,4.50565785268286,4.50565785268286,4.50565785268286,4.50565785268286,4.50565785268286,4.50565785268286,4.50565785268286,4.50565785268286,4.50565785268286,4.50565785268286,4.50565785268286,4.50565785268286,4.50565785268286,4.50565785268286,4.50565785268286,4.50565785268286,4.50565785268286,4.50565785268286,4.50565785268286,4.50565785268286,4.50565785268286,4.50565785268286,4.50565785268286,4.50565785268286,4.50565785268286,4.50565785268286,4.50565785268286,4.50565785268286,4.50565785268286,4.50565785268286,4.50565785268286,4.50565785268286,4.324361625374177,4.275882061818029,4.275882061818029,4.275882061818029,4.275882061818029,4.275882061818029,4.275882061818029,4.275882061818029,4.275882061818029,4.275882061818029,4.275882061818029,4.275882061818029,4.275882061818029,4.275882061818029,4.275882061818029,4.275882061818029,4.275882061818029,4.275882061818029,4.275882061818029,4.275882061818029,4.275882061818029,4.275882061818029,4.275882061818029,4.275882061818029,4.275882061818029,4.275882061818029,4.275882061818029,4.275882061818029,4.275882061818029,4.275882061818029,4.275882061818029,4.275882061818029,4.275882061818029,4.275882061818029,4.275882061818029,4.275882061818029,4.275882061818029,4.275882061818029,4.275882061818029,4.275882061818029,4.275882061818029,4.275882061818029,4.275882061818029,4.275882061818029,4.275882061818029,4.275882061818029,4.275882061818029,4.275882061818029,4.275882061818029,4.275882061818029,4.275882061818029,4.275882061818029,4.275882061818029,4.275882061818029,4.275882061818029,4.275882061818029,4.275882061818029,4.275882061818029,4.275882061818029,4.275882061818029,4.275882061818029,4.275882061818029,4.275882061818029,4.275882061818029,4.275882061818029,4.275882061818029,4.275882061818029,4.275882061818029,4.275882061818029,4.275882061818029,4.275882061818029,4.275882061818029,4.275882061818029,4.275882061818029,4.275882061818029,4.275882061818029,4.275882061818029,4.275882061818029,4.275882061818029,4.275882061818029,4.275882061818029,4.275882061818029,4.275882061818029,4.275882061818029,4.275882061818029,4.275882061818029,4.275882061818029,4.275882061818029,4.275882061818029,4.275882061818029,4.275882061818029,4.275882061818029,4.275882061818029,4.275882061818029,4.275882061818029,4.275882061818029,4.275882061818029,4.275882061818029,4.275882061818029,4.275882061818029,4.275882061818029,4.275882061818029,4.275882061818029,4.275882061818029,4.275882061818029,4.275882061818029,4.275882061818029,4.275882061818029,4.275882061818029,4.275882061818029,4.275882061818029,4.275882061818029,4.275882061818029,4.275882061818029,4.275882061818029,4.275882061818029,4.275882061818029,4.275882061818029,4.275882061818029,4.275882061818029,4.275882061818029,4.275882061818029,4.275882061818029,4.275882061818029,4.275882061818029,4.275882061818029,4.275882061818029,4.275882061818029,4.275882061818029,4.275882061818029,4.275882061818029,4.275882061818029,4.275882061818029,4.275882061818029,4.275882061818029,4.275882061818029,4.275882061818029,4.275882061818029,4.275882061818029,4.275882061818029,4.275882061818029,4.275882061818029,4.275882061818029,4.275882061818029,4.275882061818029,4.275882061818029,4.275882061818029,4.275882061818029,4.275882061818029,4.275882061818029,4.275882061818029,4.275882061818029,4.275882061818029,4.275882061818029,4.275882061818029,4.275882061818029,4.275882061818029,4.275882061818029,4.275882061818029,4.275882061818029,4.275882061818029,4.275882061818029,4.275882061818029,4.275882061818029,4.275882061818029,4.275882061818029,4.275882061818029,4.275882061818029,4.275882061818029,4.275882061818029,4.275882061818029,4.275882061818029,4.275882061818029,4.275882061818029,4.275882061818029,4.275882061818029,4.275882061818029,4.275882061818029,4.275882061818029,4.275882061818029,4.275882061818029,4.275882061818029,4.275882061818029,4.275882061818029,4.275882061818029,4.275882061818029,4.275882061818029,4.275882061818029,4.275882061818029,4.275882061818029,4.275882061818029,4.275882061818029,4.275882061818029,4.275882061818029,4.275882061818029,4.275882061818029,4.275882061818029,4.275882061818029,4.275882061818029,4.275882061818029,4.275882061818029,4.275882061818029,4.275882061818029,4.275882061818029,4.275882061818029,4.275882061818029,4.275882061818029,4.275882061818029,4.275882061818029,4.275882061818029,4.275882061818029,4.275882061818029,4.275882061818029,4.275882061818029,4.275882061818029,4.275882061818029,4.275882061818029,4.275882061818029,4.275882061818029,4.275882061818029,4.275882061818029,4.275882061818029,4.275882061818029,4.275882061818029,4.275882061818029,4.275882061818029,4.275882061818029,4.275882061818029,4.275882061818029,4.275882061818029,4.275882061818029,4.275882061818029,4.275882061818029,4.275882061818029,4.275882061818029,4.275882061818029,4.275882061818029,4.275882061818029,4.275882061818029,4.275882061818029,4.275882061818029,4.275882061818029,4.275882061818029,4.275882061818029,4.275882061818029,4.275882061818029,4.275882061818029,4.275882061818029,4.275882061818029,4.275882061818029,4.275882061818029,4.275882061818029,4.275882061818029,4.275882061818029,4.275882061818029,4.275882061818029,4.275882061818029,4.275882061818029,4.275882061818029,4.275882061818029,4.275882061818029,4.275882061818029,4.275882061818029,4.275882061818029,4.275882061818029,4.275882061818029,4.275882061818029,4.275882061818029,4.275882061818029,4.275882061818029,4.275882061818029,4.275882061818029,4.275882061818029,4.275882061818029,4.275882061818029,4.275882061818029,4.275882061818029,4.275882061818029,4.275882061818029,4.275882061818029,4.275882061818029,4.275882061818029,4.275882061818029,4.275882061818029,4.275882061818029,4.275882061818029,4.275882061818029,4.275882061818029,4.275882061818029,4.275882061818029,4.275882061818029,4.275882061818029,4.275882061818029,4.275882061818029,4.275882061818029,4.275882061818029,4.275882061818029,4.275882061818029,4.275882061818029,4.275882061818029,4.275882061818029,4.275882061818029,4.275882061818029,4.275882061818029,4.275882061818029,4.275882061818029,4.275882061818029,4.275882061818029,4.275882061818029,4.275882061818029,4.275882061818029,4.275882061818029,4.275882061818029,4.275882061818029,4.275882061818029,4.275882061818029,4.275882061818029,4.275882061818029,4.275882061818029,4.275882061818029,4.275882061818029,4.275882061818029,4.275882061818029,4.275882061818029,4.275882061818029,4.275882061818029,4.275882061818029,4.275882061818029,4.275882061818029,4.275882061818029,4.275882061818029,4.275882061818029,4.275882061818029,4.275882061818029,4.275882061818029,4.275882061818029,4.275882061818029,4.275882061818029,4.275882061818029,4.275882061818029,4.275882061818029,4.275882061818029,4.275882061818029,4.275882061818029,4.275882061818029,4.275882061818029,4.275882061818029,4.275882061818029,4.275882061818029,4.275882061818029,4.275882061818029,4.275882061818029,4.275882061818029,4.275882061818029,4.275882061818029,4.275882061818029,4.275882061818029,4.275882061818029,4.275882061818029,4.275882061818029,4.275882061818029,4.275882061818029,4.275882061818029,4.275882061818029,4.275882061818029,4.275882061818029,4.275882061818029,4.275882061818029,4.275882061818029,4.275882061818029,4.275882061818029,4.275882061818029,4.275882061818029,4.275882061818029,4.275882061818029,4.275882061818029,4.275882061818029,4.275882061818029,4.275882061818029,4.275882061818029,4.275882061818029,4.275882061818029,4.275882061818029,4.275882061818029,4.275882061818029,4.275882061818029,4.275882061818029,4.275882061818029,4.275882061818029,4.275882061818029,4.275882061818029,4.275882061818029,4.275882061818029,4.275882061818029,4.275882061818029,4.275882061818029,4.275882061818029,4.275882061818029,4.275882061818029,4.275882061818029,4.275882061818029,4.275882061818029,4.275882061818029,4.275882061818029,4.275882061818029,4.275882061818029,4.275882061818029,4.275882061818029,4.275882061818029,4.275882061818029,4.275882061818029,4.275882061818029,4.275882061818029,4.275882061818029,4.275882061818029,4.275882061818029,4.275882061818029,4.275882061818029,4.275882061818029,4.275882061818029,4.275882061818029,4.275882061818029,4.275882061818029,4.275882061818029,4.275882061818029,4.275882061818029,4.275882061818029,4.275882061818029,4.275882061818029,4.275882061818029,4.275882061818029,4.275882061818029,4.275882061818029,4.275882061818029,4.275882061818029,4.275882061818029,4.275882061818029,4.275882061818029,4.275882061818029,4.275882061818029,4.275882061818029,4.275882061818029,4.275882061818029,4.275882061818029,4.275882061818029,4.275882061818029,4.275882061818029,4.275882061818029,4.275882061818029,4.275882061818029,4.275882061818029,4.275882061818029,4.275882061818029,4.275882061818029,4.275882061818029,4.275882061818029,4.275882061818029,4.275882061818029,4.275882061818029,8.448025120103564,7.727881614922626,7.727881614922626,7.727881614922626,7.727881614922626,7.727881614922626,7.233281775246885,7.233281775246885,7.118671020421253,7.118671020421253,7.118671020421253,7.118671020421253,7.118671020421253,7.118671020421253,7.118671020421253,6.905655033117957,6.845403175850325,6.845403175850325,6.845403175850325,6.845403175850325,6.845403175850325,6.845403175850325,6.845403175850325,6.845403175850325,6.845403175850325,6.845403175850325,6.293955481410494,6.293955481410494,6.293955481410494,6.293955481410494,6.293955481410494,6.293955481410494,6.293955481410494,6.293955481410494,6.293955481410494,6.293955481410494,6.279668128467351,6.279668128467351,6.279668128467351,6.279668128467351,6.279668128467351,6.279668128467351,6.279668128467351,6.279668128467351,6.279668128467351,6.279668128467351,6.279668128467351,6.279668128467351,6.279668128467351,6.279668128467351,6.279668128467351,6.279668128467351,6.279668128467351,6.279668128467351,6.279668128467351,6.279668128467351,6.279668128467351,6.279668128467351,6.279668128467351,6.279668128467351,6.279668128467351,6.279668128467351,6.279668128467351,6.279668128467351,6.279668128467351,6.279668128467351,6.279668128467351,6.279668128467351,6.279668128467351,6.279668128467351,6.279668128467351,6.279668128467351,6.279668128467351,6.279668128467351,6.279668128467351,6.279668128467351,6.279668128467351,6.279668128467351,6.279668128467351,6.279668128467351,6.279668128467351,6.279668128467351,6.279668128467351,6.279668128467351,6.279668128467351,6.279668128467351,6.279668128467351,6.279668128467351,6.279668128467351,6.279668128467351,6.279668128467351,6.279668128467351,5.844423948410881,5.784115698835234,5.784115698835234,5.784115698835234,5.784115698835234,5.784115698835234,5.784115698835234,5.784115698835234,5.784115698835234,5.586627888600678,5.586627888600678,5.586627888600678,5.586627888600678,5.586627888600678,5.586627888600678,5.586627888600678,5.586627888600678,5.586627888600678,5.586627888600678,5.586627888600678,5.586627888600678,5.586627888600678,5.586627888600678,5.586627888600678,5.586627888600678,5.586627888600678,5.586627888600678,5.586627888600678,5.586627888600678,5.586627888600678,5.586627888600678,5.586627888600678,5.586627888600678,5.586627888600678,5.586627888600678,5.586627888600678,5.586627888600678,5.586627888600678,5.586627888600678,5.586627888600678,5.586627888600678,5.586627888600678,5.586627888600678,5.586627888600678,5.586627888600678,5.586627888600678,5.586627888600678,5.586627888600678,5.586627888600678,5.586627888600678,5.586627888600678,5.586627888600678,5.586627888600678,5.586627888600678,5.586627888600678,5.586627888600678,5.586627888600678,5.586627888600678,5.586627888600678,5.586627888600678,5.586627888600678,5.586627888600678,5.586627888600678,5.586627888600678,5.586627888600678,5.586627888600678,5.586627888600678,5.586627888600678,5.586627888600678,5.586627888600678,5.586627888600678,5.586627888600678,5.586627888600678,5.586627888600678,5.586627888600678,5.586627888600678,5.488336986220907,5.072064871633761,4.489881309798304,4.489881309798304,4.489881309798304,4.489881309798304,4.489881309798304,4.489881309798304,4.489881309798304,4.489881309798304,4.489881309798304,4.489881309798304,4.489881309798304,4.489881309798304,4.489881309798304,4.489881309798304,4.489881309798304,4.489881309798304,4.489881309798304,4.489881309798304,4.489881309798304,4.489881309798304,4.489881309798304,4.489881309798304,4.489881309798304,4.489881309798304,4.489881309798304,4.489881309798304,4.489881309798304,4.489881309798304,4.489881309798304,4.489881309798304,4.489881309798304,4.489881309798304,4.489881309798304,4.489881309798304,4.489881309798304,4.489881309798304,4.489881309798304,4.489881309798304,4.489881309798304,4.489881309798304,4.489881309798304,4.489881309798304,4.489881309798304,4.489881309798304,4.489881309798304,4.489881309798304,4.489881309798304,4.489881309798304,4.489881309798304,4.489881309798304,4.489881309798304,4.489881309798304,4.489881309798304,4.489881309798304,4.489881309798304,4.489881309798304,4.489881309798304,4.489881309798304,4.489881309798304,4.489881309798304,4.489881309798304,4.489881309798304,4.489881309798304,4.489881309798304,4.489881309798304,4.489881309798304,4.489881309798304,4.489881309798304,4.489881309798304,4.489881309798304,4.489881309798304,4.489881309798304,4.489881309798304,4.489881309798304,4.489881309798304,4.489881309798304,4.489881309798304,4.489881309798304,4.489881309798304,4.489881309798304,4.489881309798304,4.489881309798304,4.489881309798304,4.489881309798304,4.489881309798304,4.489881309798304,4.489881309798304,4.489881309798304,4.489881309798304,4.489881309798304,4.489881309798304,4.489881309798304,4.489881309798304,4.489881309798304,4.489881309798304,4.489881309798304,4.489881309798304,4.489881309798304,4.489881309798304,4.489881309798304,4.489881309798304,4.489881309798304,4.489881309798304,4.489881309798304,4.489881309798304,4.489881309798304,4.489881309798304,4.489881309798304,4.489881309798304,4.489881309798304,4.489881309798304,4.489881309798304,4.489881309798304,4.489881309798304,4.489881309798304,4.489881309798304,4.489881309798304,4.489881309798304,4.489881309798304,4.489881309798304,4.489881309798304,4.489881309798304,4.489881309798304,4.489881309798304,4.489881309798304,4.489881309798304,4.489881309798304,4.489881309798304,4.489881309798304,4.489881309798304,4.489881309798304,4.489881309798304,4.489881309798304,4.489881309798304,4.489881309798304,4.489881309798304,4.489881309798304,4.489881309798304,4.489881309798304,4.489881309798304,4.489881309798304,4.489881309798304,4.489881309798304,4.489881309798304,4.489881309798304,4.489881309798304,4.489881309798304,4.489881309798304,4.489881309798304,4.489881309798304,4.489881309798304,4.489881309798304,4.489881309798304,4.489881309798304,4.489881309798304,4.489881309798304,4.489881309798304,4.489881309798304,4.489881309798304,4.489881309798304,4.489881309798304,4.489881309798304,4.489881309798304,4.489881309798304,4.489881309798304,4.489881309798304,4.489881309798304,4.489881309798304,4.489881309798304,4.489881309798304,4.489881309798304,4.489881309798304,4.489881309798304,4.489881309798304,4.489881309798304,4.489881309798304,4.489881309798304,4.489881309798304,4.489881309798304,4.489881309798304,4.489881309798304,4.489881309798304,4.489881309798304,4.489881309798304,4.489881309798304,4.489881309798304,4.489881309798304,4.489881309798304,4.489881309798304,4.489881309798304,4.489881309798304,4.489881309798304,4.489881309798304,4.489881309798304,4.489881309798304,4.489881309798304,4.489881309798304,4.489881309798304,4.489881309798304,4.489881309798304,4.489881309798304,4.489881309798304,4.489881309798304,4.489881309798304,4.489881309798304,4.489881309798304,4.489881309798304,4.489881309798304,4.489881309798304,4.489881309798304,4.489881309798304,4.489881309798304,4.489881309798304,4.489881309798304,4.489881309798304,4.489881309798304,4.489881309798304,4.489881309798304,4.489881309798304,4.489881309798304,4.489881309798304,4.489881309798304,4.489881309798304,4.489881309798304,4.489881309798304,4.489881309798304,4.489881309798304,4.489881309798304,4.489881309798304,4.489881309798304,4.489881309798304,4.489881309798304,4.489881309798304,4.489881309798304,4.489881309798304,4.489881309798304,4.489881309798304,4.489881309798304,4.489881309798304,4.489881309798304,4.489881309798304,4.489881309798304,4.489881309798304,4.489881309798304,4.489881309798304,4.489881309798304,4.489881309798304,4.489881309798304,4.489881309798304,4.489881309798304,4.489881309798304,4.489881309798304,4.489881309798304,4.489881309798304,4.489881309798304,4.489881309798304,4.489881309798304,4.489881309798304,4.489881309798304,4.489881309798304,4.489881309798304,4.489881309798304,4.489881309798304,4.489881309798304,4.489881309798304,4.489881309798304,4.489881309798304,4.489881309798304,4.489881309798304,4.489881309798304,4.489881309798304,4.489881309798304,4.489881309798304,4.489881309798304,4.489881309798304,4.489881309798304,4.489881309798304,4.489881309798304,4.489881309798304,4.489881309798304,4.489881309798304,4.489881309798304,4.489881309798304,4.314545504324186,4.314545504324186,4.314545504324186,4.314545504324186,4.314545504324186,4.314545504324186,4.314545504324186,4.314545504324186,4.314545504324186,4.314545504324186,4.314545504324186,4.314545504324186,4.314545504324186,4.314545504324186,4.314545504324186,4.314545504324186,4.314545504324186,4.314545504324186,4.314545504324186,4.314545504324186,4.314545504324186,4.314545504324186,4.314545504324186,4.314545504324186,4.314545504324186,4.314545504324186,4.314545504324186,4.314545504324186,4.314545504324186,4.314545504324186,4.314545504324186,4.314545504324186,4.314545504324186,4.314545504324186,4.314545504324186,4.314545504324186,4.314545504324186,4.314545504324186,4.314545504324186,4.314545504324186,4.314545504324186,4.314545504324186,4.314545504324186,4.314545504324186,4.314545504324186,4.314545504324186,4.314545504324186,4.314545504324186,4.314545504324186,4.314545504324186,4.314545504324186,4.314545504324186,4.314545504324186,4.314545504324186,4.314545504324186,4.314545504324186,4.314545504324186,4.314545504324186,4.314545504324186,4.314545504324186,4.314545504324186,4.314545504324186,4.314545504324186,4.314545504324186,4.314545504324186,4.314545504324186,4.314545504324186,4.314545504324186,4.314545504324186,4.314545504324186,4.314545504324186,4.314545504324186,4.314545504324186,4.314545504324186,4.314545504324186,4.314545504324186,4.314545504324186,4.314545504324186,4.314545504324186,4.314545504324186,4.314545504324186,4.314545504324186,4.314545504324186,4.314545504324186,4.314545504324186,4.314545504324186,4.314545504324186,4.314545504324186,4.314545504324186,4.314545504324186,4.314545504324186,4.314545504324186,4.314545504324186,4.314545504324186,4.314545504324186,4.314545504324186,4.314545504324186,4.314545504324186,4.314545504324186,4.314545504324186,4.314545504324186,4.314545504324186,4.314545504324186,4.314545504324186,4.314545504324186,4.314545504324186,4.314545504324186,4.314545504324186,4.314545504324186,4.314545504324186,4.314545504324186,4.314545504324186,4.314545504324186,4.314545504324186,4.314545504324186,4.314545504324186,4.314545504324186,4.314545504324186,4.314545504324186,4.314545504324186,4.314545504324186,4.314545504324186,4.314545504324186,4.314545504324186,4.314545504324186,4.314545504324186,4.314545504324186,4.314545504324186,4.314545504324186,4.314545504324186,4.314545504324186,4.314545504324186,4.314545504324186,4.314545504324186,4.314545504324186,4.314545504324186,4.314545504324186,4.314545504324186,4.314545504324186,4.314545504324186,4.314545504324186,4.314545504324186,4.314545504324186,4.314545504324186,4.314545504324186,4.314545504324186,4.314545504324186,4.314545504324186,4.314545504324186,4.314545504324186,4.314545504324186,4.314545504324186,4.314545504324186,4.314545504324186,4.314545504324186,4.314545504324186,4.314545504324186,4.314545504324186,4.314545504324186,4.314545504324186,4.314545504324186,4.314545504324186,4.314545504324186,4.314545504324186,4.314545504324186,4.314545504324186,4.314545504324186,4.314545504324186,4.314545504324186,4.314545504324186,4.314545504324186,4.314545504324186,4.314545504324186,4.314545504324186,4.314545504324186,4.314545504324186,4.314545504324186,4.314545504324186,4.314545504324186,4.314545504324186,4.314545504324186,4.314545504324186,4.314545504324186,4.314545504324186,4.314545504324186,4.314545504324186,4.314545504324186,4.314545504324186,4.314545504324186,4.314545504324186,4.314545504324186,4.314545504324186,4.314545504324186,4.314545504324186,4.314545504324186,4.314545504324186,4.314545504324186,4.314545504324186,4.314545504324186,4.314545504324186,4.314545504324186,4.314545504324186,4.314545504324186,4.314545504324186,4.314545504324186,4.314545504324186,4.314545504324186,4.314545504324186,4.314545504324186,4.314545504324186,4.314545504324186,4.314545504324186,4.314545504324186,4.314545504324186,4.314545504324186,4.314545504324186,4.314545504324186,4.314545504324186,4.314545504324186,4.314545504324186,4.314545504324186,4.314545504324186,4.314545504324186,4.314545504324186,4.314545504324186,4.314545504324186,4.314545504324186,4.314545504324186,4.314545504324186,4.314545504324186,4.314545504324186,4.314545504324186,4.314545504324186,4.314545504324186,4.314545504324186,4.314545504324186,4.314545504324186,4.314545504324186,4.314545504324186,4.314545504324186,4.314545504324186,4.314545504324186,4.314545504324186,4.314545504324186,4.314545504324186,4.314545504324186,4.314545504324186,4.314545504324186,4.314545504324186,4.314545504324186,4.314545504324186,4.314545504324186,4.314545504324186,4.314545504324186,4.314545504324186,4.314545504324186,4.314545504324186,4.314545504324186,4.314545504324186,4.314545504324186,4.314545504324186,4.314545504324186,4.314545504324186,4.314545504324186,4.314545504324186,4.314545504324186,4.314545504324186,4.314545504324186,4.314545504324186,4.314545504324186,4.314545504324186,4.314545504324186,4.314545504324186,4.314545504324186,4.314545504324186,4.314545504324186,4.314545504324186,4.314545504324186,4.314545504324186,4.314545504324186,4.314545504324186,4.314545504324186,4.314545504324186,4.314545504324186,4.314545504324186,4.314545504324186,4.314545504324186,4.314545504324186,4.314545504324186,4.314545504324186,4.314545504324186,4.314545504324186,4.314545504324186,4.314545504324186,4.314545504324186,4.314545504324186,4.314545504324186,4.314545504324186,4.314545504324186,4.314545504324186,4.314545504324186,4.314545504324186,4.314545504324186,4.314545504324186,4.314545504324186,4.314545504324186,4.314545504324186,4.314545504324186,4.314545504324186,4.314545504324186,4.314545504324186,4.314545504324186,4.314545504324186,4.314545504324186,4.314545504324186,4.314545504324186,4.314545504324186,4.314545504324186,4.314545504324186,4.314545504324186,4.314545504324186,4.314545504324186,4.314545504324186,4.314545504324186,4.314545504324186,4.314545504324186,4.314545504324186,4.314545504324186,4.314545504324186,4.314545504324186,4.314545504324186,4.314545504324186,4.314545504324186,4.314545504324186,4.314545504324186,4.314545504324186,4.314545504324186,4.314545504324186,4.314545504324186,4.314545504324186,4.314545504324186,4.314545504324186,4.314545504324186,4.314545504324186,4.314545504324186,4.314545504324186,4.314545504324186,4.314545504324186,4.314545504324186,4.314545504324186,4.314545504324186,4.314545504324186,4.314545504324186,4.314545504324186,4.314545504324186,4.314545504324186,4.314545504324186,4.314545504324186,4.314545504324186,4.314545504324186,4.314545504324186,4.314545504324186,4.314545504324186,4.314545504324186,4.314545504324186,4.314545504324186,4.314545504324186,4.314545504324186,4.314545504324186,4.314545504324186,4.314545504324186,4.314545504324186,4.314545504324186,4.314545504324186,4.314545504324186,4.314545504324186,4.314545504324186,4.314545504324186,4.314545504324186,4.314545504324186,4.314545504324186,4.314545504324186,4.314545504324186,4.314545504324186,4.314545504324186,4.314545504324186,4.314545504324186,4.314545504324186,4.314545504324186,4.314545504324186,4.314545504324186,4.314545504324186,4.314545504324186,4.314545504324186,4.314545504324186,4.314545504324186,4.314545504324186,4.314545504324186,4.314545504324186,4.314545504324186,4.314545504324186,4.314545504324186,4.314545504324186,4.314545504324186,4.314545504324186,4.314545504324186,4.314545504324186,4.314545504324186,4.314545504324186,4.314545504324186,4.314545504324186,4.314545504324186,4.314545504324186,4.314545504324186,4.314545504324186,4.314545504324186,4.314545504324186,4.314545504324186,4.314545504324186,4.314545504324186,4.314545504324186,4.314545504324186,4.314545504324186,4.314545504324186,4.314545504324186,4.314545504324186,4.314545504324186,4.314545504324186,4.314545504324186,4.314545504324186,4.314545504324186,4.314545504324186,4.314545504324186,4.314545504324186,4.314545504324186,4.314545504324186,4.314545504324186,4.314545504324186,4.314545504324186,4.314545504324186,4.314545504324186,4.314545504324186,4.314545504324186,4.314545504324186,4.314545504324186,4.314545504324186,4.314545504324186,4.314545504324186,4.314545504324186,4.314545504324186,4.314545504324186,4.314545504324186,4.314545504324186,4.314545504324186,4.314545504324186,4.314545504324186,4.314545504324186,4.314545504324186,4.314545504324186,4.314545504324186,4.314545504324186,4.314545504324186,4.314545504324186,4.314545504324186,4.314545504324186,4.314545504324186,4.314545504324186,4.314545504324186,4.314545504324186,4.314545504324186,4.314545504324186,4.314545504324186,4.314545504324186,4.314545504324186,4.314545504324186,4.314545504324186,4.314545504324186,4.314545504324186,4.314545504324186,4.314545504324186,4.314545504324186,4.314545504324186,4.314545504324186,4.314545504324186,4.314545504324186,4.314545504324186,4.314545504324186,4.314545504324186,4.314545504324186,4.314545504324186,4.314545504324186,4.314545504324186,4.314545504324186,4.314545504324186,4.314545504324186,4.314545504324186,4.314545504324186,4.314545504324186,4.314545504324186,4.314545504324186,4.314545504324186,4.314545504324186,4.314545504324186,4.314545504324186,4.314545504324186,4.314545504324186,4.314545504324186,4.314545504324186,4.314545504324186,4.314545504324186,4.314545504324186,4.314545504324186,4.314545504324186,4.314545504324186,4.314545504324186,4.314545504324186,4.314545504324186,4.314545504324186,4.314545504324186,4.314545504324186,4.314545504324186,4.314545504324186,4.314545504324186,4.314545504324186,4.314545504324186,4.314545504324186,4.314545504324186,4.314545504324186,4.314545504324186,4.314545504324186,4.314545504324186,4.314545504324186,4.314545504324186,4.314545504324186,4.314545504324186,4.314545504324186,4.314545504324186,4.314545504324186,4.314545504324186,4.314545504324186,4.314545504324186,4.314545504324186,4.314545504324186,4.314545504324186,4.314545504324186,4.314545504324186,4.314545504324186,8.276085623986269,7.710002938188822,7.015595841839415,6.358596502110019,6.358596502110019,6.077518536349689,6.077518536349689,6.077518536349689,6.077518536349689,6.077518536349689,5.73058405652141,5.73058405652141,5.73058405652141,5.73058405652141,5.73058405652141,5.73058405652141,5.73058405652141,5.73058405652141,5.73058405652141,5.64500538029347,5.64500538029347,5.64500538029347,5.64500538029347,5.64500538029347,5.64500538029347,5.64500538029347,5.64500538029347,5.64500538029347,5.64500538029347,5.64500538029347,5.64500538029347,5.64500538029347,5.64500538029347,5.64500538029347,5.64500538029347,5.64500538029347,5.64500538029347,5.64500538029347,5.64500538029347,5.64500538029347,5.64500538029347,5.64500538029347,4.8246547091616865,4.8246547091616865,4.681089627520476,4.616743537859606,4.2491872324903746,4.2491872324903746,4.2491872324903746,4.2491872324903746,4.2491872324903746,4.04494889574007,4.04494889574007,4.04494889574007,4.04494889574007,4.04494889574007,4.04494889574007,4.04494889574007,4.04494889574007,4.04494889574007,4.04494889574007,4.04494889574007,4.04494889574007,4.04494889574007,4.04494889574007,4.04494889574007,4.04494889574007,4.04494889574007,4.04494889574007,4.04494889574007,4.04494889574007,4.04494889574007,4.04494889574007,4.04494889574007,4.04494889574007,4.04494889574007,4.04494889574007,4.04494889574007,4.04494889574007,4.04494889574007,4.04494889574007,4.04494889574007,4.04494889574007,4.04494889574007,4.04494889574007,4.04494889574007,4.04494889574007,4.04494889574007,4.04494889574007,4.04494889574007,4.04494889574007,4.04494889574007,4.04494889574007,4.04494889574007,4.04494889574007,4.04494889574007,4.04494889574007,4.04494889574007,4.04494889574007,4.04494889574007,4.04494889574007,4.04494889574007,4.04494889574007,4.04494889574007,4.04494889574007,4.04494889574007,4.04494889574007,4.04494889574007,4.04494889574007,4.04494889574007,4.04494889574007,4.04494889574007,4.04494889574007,4.04494889574007,4.04494889574007,4.04494889574007,4.04494889574007,4.04494889574007,4.04494889574007,4.04494889574007,4.04494889574007,4.04494889574007,4.04494889574007,4.04494889574007,4.04494889574007,4.04494889574007,4.04494889574007,4.04494889574007,4.04494889574007,4.04494889574007,4.04494889574007,4.04494889574007,4.04494889574007,4.04494889574007,4.04494889574007,4.04494889574007,4.04494889574007,4.04494889574007,4.04494889574007,4.04494889574007,4.04494889574007,4.04494889574007,4.04494889574007,4.04494889574007,4.04494889574007,4.04494889574007,4.04494889574007,4.04494889574007,4.04494889574007,4.04494889574007,4.04494889574007,4.04494889574007,4.04494889574007,4.04494889574007,4.04494889574007,4.04494889574007,4.04494889574007,4.04494889574007,4.04494889574007,4.04494889574007,4.04494889574007,4.04494889574007,4.04494889574007,4.04494889574007,4.02844494555277,4.02844494555277,4.02844494555277,4.02844494555277,4.02844494555277,4.02844494555277,4.02844494555277,4.02844494555277,4.02844494555277,4.02844494555277,4.02844494555277,4.02844494555277,4.02844494555277,4.02844494555277,4.02844494555277,4.02844494555277,4.02844494555277,4.02844494555277,4.02844494555277,4.02844494555277,4.02844494555277,4.02844494555277,4.02844494555277,4.02844494555277,4.02844494555277,4.02844494555277,4.02844494555277,4.02844494555277,4.02844494555277,4.02844494555277,4.02844494555277,4.02844494555277,4.02844494555277,4.02844494555277,4.02844494555277,4.02844494555277,4.02844494555277,4.02844494555277,4.02844494555277,4.02844494555277,4.02844494555277,4.02844494555277,4.02844494555277,4.02844494555277,4.02844494555277,4.02844494555277,4.02844494555277,4.02844494555277,4.02844494555277,4.02844494555277,4.02844494555277,4.02844494555277,4.02844494555277,4.02844494555277,4.02844494555277,4.02844494555277,4.02844494555277,4.02844494555277,4.02844494555277,4.02844494555277,4.02844494555277,4.02844494555277,4.02844494555277,4.02844494555277,4.02844494555277,4.02844494555277,4.02844494555277,4.02844494555277,4.02844494555277,4.02844494555277,4.02844494555277,4.02844494555277,4.02844494555277,4.02844494555277,4.02844494555277,4.02844494555277,4.02844494555277,4.02844494555277,4.02844494555277,4.02844494555277,4.02844494555277,4.02844494555277,4.02844494555277,4.02844494555277,4.02844494555277,4.02844494555277,4.02844494555277,4.02844494555277,4.02844494555277,4.02844494555277,4.02844494555277,4.02844494555277,4.02844494555277,4.02844494555277,4.02844494555277,4.02844494555277,4.02844494555277,4.02844494555277,4.02844494555277,4.02844494555277,4.02844494555277,4.02844494555277,4.02844494555277,4.02844494555277,4.028444945552769,4.028444945552769,4.028444945552769,4.028444945552769,4.028444945552769,4.028444945552769,4.028444945552769,4.028444945552769,4.028444945552769,4.028444945552769,4.028444945552769,4.028444945552769,4.028444945552769,4.028444945552769,4.028444945552769,4.028444945552769,4.028444945552769,4.028444945552769,4.028444945552769,4.028444945552769,4.028444945552769,4.028444945552769,4.028444945552769,4.028444945552769,4.028444945552769,4.028444945552769,4.028444945552769,4.028444945552769,4.028444945552769,4.028444945552769,4.028444945552769,4.028444945552769,4.028444945552769,4.028444945552769,4.028444945552769,4.028444945552769,4.028444945552769,4.028444945552769,4.028444945552769,4.028444945552769,4.028444945552769,4.028444945552769,4.028444945552769,4.028444945552769,4.028444945552769,4.028444945552769,4.028444945552769,4.028444945552769,4.028444945552769,4.028444945552769,4.028444945552769,4.028444945552769,4.028444945552769,4.028444945552769,4.028444945552769,4.028444945552769,4.028444945552769,4.028444945552769,4.028444945552769,4.028444945552769,4.028444945552769,4.028444945552769,4.028444945552769,4.028444945552769,4.028444945552769,4.028444945552769,4.028444945552769,4.028444945552769,4.028444945552769,4.028444945552769,4.028444945552769,4.028444945552769,4.028444945552769,4.028444945552769,4.028444945552769,4.028444945552769,4.028444945552769,4.028444945552769,4.028444945552769,4.028444945552769,4.028444945552769,4.028444945552769,4.028444945552769,4.028444945552769,4.028444945552769,4.028444945552769,4.028444945552769,4.028444945552769,4.028444945552769,4.028444945552769,4.028444945552769,4.028444945552769,4.028444945552769,4.028444945552769,4.028444945552769,4.028444945552769,4.028444945552769,4.028444945552769,4.028444945552769,4.028444945552769,4.028444945552769,4.028444945552769,4.028444945552769,4.028444945552769,4.028444945552769,4.028444945552769,4.028444945552769,4.028444945552769,4.028444945552769,4.028444945552769,4.028444945552769,4.028444945552769,4.028444945552769,4.028444945552769,4.028444945552769,4.028444945552769,4.028444945552769,4.028444945552769,4.028444945552769,4.028444945552769,4.028444945552769,4.028444945552769,4.028444945552769,4.028444945552769,4.028444945552769,4.028444945552769,4.028444945552769,4.028444945552769,4.028444945552769,4.028444945552769,4.028444945552769,4.028444945552769,4.028444945552769,4.028444945552769,4.028444945552769,4.028444945552769,4.028444945552769,4.028444945552769,4.028444945552769,4.028444945552769,4.028444945552769,4.028444945552769,4.028444945552769,4.028444945552769,4.028444945552769,4.028444945552769,4.028444945552769,4.028444945552769,4.028444945552769,4.028444945552769,4.028444945552769,4.028444945552769,4.028444945552769,4.028444945552769,4.028444945552769,4.028444945552769,4.028444945552769,4.028444945552769,4.028444945552769,4.028444945552769,4.028444945552769,4.028444945552769,4.028444945552769,4.028444945552769,4.028444945552769,4.028444945552769,4.028444945552769,4.028444945552769,4.028444945552769,4.028444945552769,4.028444945552769,4.028444945552769,4.028444945552769,4.028444945552769,4.028444945552769,4.028444945552769,4.028444945552769,4.028444945552769,4.028444945552769,4.028444945552769,4.028444945552769,4.028444945552769,4.028444945552769,4.028444945552769,4.028444945552769,4.028444945552769,4.028444945552769,4.028444945552769,4.028444945552769,4.028444945552769,4.028444945552769,4.028444945552769,4.028444945552769,4.028444945552769,4.028444945552769,4.028444945552769,4.028444945552769,4.028444945552769,4.028444945552769,4.028444945552769,4.028444945552769,4.028444945552769,4.028444945552769,4.028444945552769,4.028444945552769,4.028444945552769,4.028444945552769,4.028444945552769,4.028444945552769,4.028444945552769,4.028444945552769,4.028444945552769,4.028444945552769,4.028444945552769,4.028444945552769,4.028444945552769,4.028444945552769,4.028444945552769,4.028444945552769,4.028444945552769,4.028444945552769,4.028444945552769,4.028444945552769,4.028444945552769,4.028444945552769,4.028444945552769,4.028444945552769,4.028444945552769,4.028444945552769,4.028444945552769,4.028444945552769,4.028444945552769,4.028444945552769,4.028444945552769,4.028444945552769,4.028444945552769,4.028444945552769,4.028444945552769,4.028444945552769,4.028444945552769,4.028444945552769,4.028444945552769,4.028444945552769,4.028444945552769,4.028444945552769,4.028444945552769,4.028444945552769,4.028444945552769,4.028444945552769,4.028444945552769,4.028444945552769,4.028444945552769,4.028444945552769,4.028444945552769,4.028444945552769,4.028444945552769,4.028444945552769,4.028444945552769,4.028444945552769,4.028444945552769,4.028444945552769,4.028444945552769,4.028444945552769,4.028444945552769,4.028444945552769,4.028444945552769,4.028444945552769,4.028444945552769,4.028444945552769,4.028444945552769,4.028444945552769,4.028444945552769,4.028444945552769,4.028444945552769,4.028444945552769,4.028444945552769,4.028444945552769,4.028444945552769,4.028444945552769,4.028444945552769,4.028444945552769,4.028444945552769,4.028444945552769,4.028444945552769,4.028444945552769,4.028444945552769,4.028444945552769,4.028444945552769,4.028444945552769,4.028444945552769,4.028444945552769,4.028444945552769,4.028444945552769,4.028444945552769,4.028444945552769,4.028444945552769,4.028444945552769,4.028444945552769,4.028444945552769,4.028444945552769,4.028444945552769,4.028444945552769,4.028444945552769,4.028444945552769,4.028444945552769,4.028444945552769,4.028444945552769,4.028444945552769,4.028444945552769,4.028444945552769,4.028444945552769,4.028444945552769,4.028444945552769,4.028444945552769,4.028444945552769,4.028444945552769,4.028444945552769,4.028444945552769,4.028444945552769,4.028444945552769,4.028444945552769,4.028444945552769,4.028444945552769,4.028444945552769,4.028444945552769,4.028444945552769,4.028444945552769,4.028444945552769,4.028444945552769,4.028444945552769,4.028444945552769,4.028444945552769,4.028444945552769,4.028444945552769,4.028444945552769,4.028444945552769,4.028444945552769,4.028444945552769,4.028444945552769,4.028444945552769,4.028444945552769,4.028444945552769,4.028444945552769,4.028444945552769,4.028444945552769,4.028444945552769,4.028444945552769,4.028444945552769,4.028444945552769,4.028444945552769,4.028444945552769,4.028444945552769,4.028444945552769,4.028444945552769,4.028444945552769,4.028444945552769,4.028444945552769,4.028444945552769,4.028444945552769,4.028444945552769,4.028444945552769,4.028444945552769,4.028444945552769,4.028444945552769,4.028444945552769,4.028444945552769,4.028444945552769,4.028444945552769,4.028444945552769,4.028444945552769,4.028444945552769,4.028444945552769,4.028444945552769,4.028444945552769,4.028444945552769,4.028444945552769,4.028444945552769,4.028444945552769,4.028444945552769,4.028444945552769,4.028444945552769,4.028444945552769,4.028444945552769,4.028444945552769,4.028444945552769,4.028444945552769,4.028444945552769,4.028444945552769,4.028444945552769,4.028444945552769,4.028444945552769,4.028444945552769,4.028444945552769,4.028444945552769,4.028444945552769,4.028444945552769,4.028444945552769,4.028444945552769,4.028444945552769,4.028444945552769,4.028444945552769,4.028444945552769,4.028444945552769,4.028444945552769,4.028444945552769,4.028444945552769,4.028444945552769,4.028444945552769,4.028444945552769,4.028444945552769,4.028444945552769,4.028444945552769,4.028444945552769,4.028444945552769,4.028444945552769,4.028444945552769,4.028444945552769,4.028444945552769,4.028444945552769,4.028444945552769,4.028444945552769,4.028444945552769,4.028444945552769,4.028444945552769,4.028444945552769,4.028444945552769,4.028444945552769,4.028444945552769,4.028444945552769,4.028444945552769,4.028444945552769,4.028444945552769,4.028444945552769,4.028444945552769,4.028444945552769,4.028444945552769,4.028444945552769,4.028444945552769,4.028444945552769,4.028444945552769,4.028444945552769,4.028444945552769,4.028444945552769,4.028444945552769,4.028444945552769,4.028444945552769,4.028444945552769,4.028444945552769,4.028444945552769,4.028444945552769,4.028444945552769,4.028444945552769,4.028444945552769,4.028444945552769,4.028444945552769,4.028444945552769,4.028444945552769,4.028444945552769,4.028444945552769,4.028444945552769,4.028444945552769,4.028444945552769,4.028444945552769,4.028444945552769,4.028444945552769,4.028444945552769,4.028444945552769,4.028444945552769,4.028444945552769,4.028444945552769,4.028444945552769,4.028444945552769,4.028444945552769,4.028444945552769,4.028444945552769,4.028444945552769,4.028444945552769,4.028444945552769,4.028444945552769,4.028444945552769,4.028444945552769,4.028444945552769,4.028444945552769,4.028444945552769,4.028444945552769,4.028444945552769,4.028444945552769,4.028444945552769,4.028444945552769,4.028444945552769,4.028444945552769,4.028444945552769,4.028444945552769,4.028444945552769,4.028444945552769,4.028444945552769,4.028444945552769,4.028444945552769,4.028444945552769,4.028444945552769,4.028444945552769,4.028444945552769,4.028444945552769,4.028444945552769,4.028444945552769,4.028444945552769,4.028444945552769,4.028444945552769,4.028444945552769,4.028444945552769,4.028444945552769,4.028444945552769,4.028444945552769,4.028444945552769,4.028444945552769,4.028444945552769,4.028444945552769,4.028444945552769,4.028444945552769,4.028444945552769,4.028444945552769,4.028444945552769,4.028444945552769,4.028444945552769,4.028444945552769,4.028444945552769,4.028444945552769,4.028444945552769,4.028444945552769,4.028444945552769,4.028444945552769,4.028444945552769,4.028444945552769,4.028444945552769,4.028444945552769,4.028444945552769,4.028444945552769,4.028444945552769,4.028444945552769,4.028444945552769,4.028444945552769,4.028444945552769,4.028444945552769,4.028444945552769,4.028444945552769,4.028444945552769,4.028444945552769,4.028444945552769,4.028444945552769,4.028444945552769,4.028444945552769,4.028444945552769,4.028444945552769,4.028444945552769,4.028444945552769,4.028444945552769,4.028444945552769,4.028444945552769,4.028444945552769,4.028444945552769,4.028444945552769,4.028444945552769,4.028444945552769,4.028444945552769,4.028444945552769,4.028444945552769,4.028444945552769,4.028444945552769,4.028444945552769,4.028444945552769,4.028444945552769,4.028444945552769,4.028444945552769,4.028444945552769,4.028444945552769,4.028444945552769,4.028444945552769,4.028444945552769,4.028444945552769,4.028444945552769,4.028444945552769,4.028444945552769,4.028444945552769,4.028444945552769,4.028444945552769,4.028444945552769,4.028444945552769,4.028444945552769,4.028444945552769,4.028444945552769,4.028444945552769,4.028444945552769,4.028444945552769,4.028444945552769,4.028444945552769,4.028444945552769,4.028444945552769,4.028444945552769,4.028444945552769,4.028444945552769,4.028444945552769,4.028444945552769,4.028444945552769,4.028444945552769,4.028444945552769,4.028444945552769,4.028444945552769,4.028444945552769,4.028444945552769,4.028444945552769,4.028444945552769,4.028444945552769,4.028444945552769,4.028444945552769,4.028444945552769,4.028444945552769,4.028444945552769,4.028444945552769,4.028444945552769,4.028444945552769,4.028444945552769,4.028444945552769,4.028444945552769,4.028444945552769,4.028444945552769,4.028444945552769,4.028444945552769,4.028444945552769,4.028444945552769,4.028444945552769,4.028444945552769,4.028444945552769,4.028444945552769,4.028444945552769,4.028444945552769,4.028444945552769,4.028444945552769,4.028444945552769,4.028444945552769,4.028444945552769,4.028444945552769,4.028444945552769,4.028444945552769,4.028444945552769,4.028444945552769,4.028444945552769,4.028444945552769,4.028444945552769,4.028444945552769,4.028444945552769,4.028444945552769,4.028444945552769,4.028444945552769,4.028444945552769,4.028444945552769,4.028444945552769,4.028444945552769,4.028444945552769,4.028444945552769,4.028444945552769,4.028444945552769,4.028444945552769,4.028444945552769,4.028444945552769,4.028444945552769,4.028444945552769,4.028444945552769,4.028444945552769,4.028444945552769,4.028444945552769,4.028444945552769,4.028444945552769,4.028444945552769,4.028444945552769,4.028444945552769,4.028444945552769,4.028444945552769,4.028444945552769,4.028444945552769,4.028444945552769,4.028444945552769,3.8617436295507956,3.841365337820598,3.79215500359756,3.79215500359756,3.79215500359756,3.79215500359756,3.79215500359756,3.79215500359756,3.79215500359756,3.791094105601354,3.791094105601354,3.791094105601354,3.791094105601354,3.791094105601354,3.791094105601354,3.791094105601354,3.791094105601354,3.791094105601354,3.791094105601354,3.791094105601354,3.791094105601354,3.791094105601354,3.791094105601354,3.791094105601354,3.791094105601354,3.791094105601354,3.791094105601354,3.791094105601354,3.791094105601354,3.791094105601354,3.791094105601354,3.791094105601354,3.791094105601354,3.791094105601354,3.791094105601354,3.791094105601354,3.791094105601354,3.791094105601354,3.791094105601354,3.791094105601354,3.791094105601354,3.791094105601354,3.791094105601354,3.791094105601354,3.791094105601354,3.791094105601354,3.791094105601354,3.791094105601354,3.791094105601354,3.791094105601354,3.791094105601354,8.08672927217616,8.08672927217616,8.08672927217616,8.08672927217616,8.08672927217616,8.08672927217616,7.614642638722478,7.614642638722478,7.614642638722478,7.614642638722478,7.172486510434916,7.172486510434916,7.172486510434916,7.172486510434916,7.172486510434916,7.172486510434916,7.172486510434916,7.172486510434916,7.172486510434916,7.172486510434916,7.172486510434916,7.172486510434916,7.172486510434916,7.172486510434916,7.172486510434916,7.172486510434916,7.172486510434916,7.172486510434916,7.172486510434916,5.802737455196829,5.802737455196829,5.802737455196829,5.802737455196829,5.802737455196829,5.802737455196829,5.802737455196829,5.802737455196829,5.802737455196829,5.802737455196829,5.802737455196829,5.802737455196829,5.802737455196829,5.802737455196829,5.802737455196829,5.802737455196829,5.802737455196829,5.802737455196829,5.802737455196829,5.802737455196829,5.802737455196829,5.802737455196829,5.802737455196829,5.802737455196829,5.802737455196829,5.802737455196829,5.802737455196829,5.802737455196829,5.802737455196829,5.802737455196829,5.802737455196829,5.802737455196829,5.802737455196829,5.802737455196829,5.802737455196829,5.802737455196829,5.802737455196829,5.802737455196829,5.802737455196829,5.802737455196829,5.802737455196829,5.802737455196829,5.802737455196829,5.802737455196829,5.802737455196829,5.802737455196829,5.802737455196829,5.802737455196829,5.802737455196829,5.802737455196829,5.802737455196829,5.802737455196829,5.802737455196829,5.802737455196829,5.802737455196829,5.802737455196829,5.802737455196829,5.802737455196829,5.802737455196829,5.802737455196829,5.802737455196829,5.802737455196829,5.802737455196829,5.802737455196829,5.802737455196829,5.802737455196829,5.802737455196829,5.802737455196829,5.802737455196829,5.802737455196829,5.802737455196829,5.802737455196829,5.802737455196829,5.802737455196829,5.802737455196829,5.802737455196829,5.802737455196829,5.802737455196829,5.802737455196829,5.802737455196829,5.802737455196829,5.802737455196829,5.802737455196829,5.416756176126138,5.416756176126138,5.416756176126138,5.416756176126138,5.416756176126138,5.416756176126138,5.416756176126138,5.416756176126138,5.416756176126138,5.416756176126138,5.416756176126138,5.416756176126138,5.416756176126138,5.416756176126138,5.416756176126138,5.416756176126138,5.416756176126138,5.416756176126138,5.416756176126138,5.416756176126138,5.416756176126138,5.416756176126138,5.416756176126138,5.416756176126138,5.416756176126138,5.416756176126138,5.416756176126138,5.416756176126138,5.416756176126138,5.416756176126138,5.416756176126138,5.416756176126138,5.416756176126138,5.416756176126138,5.416756176126138,5.416756176126138,5.416756176126138,5.416756176126138,5.416756176126138,5.416756176126138,5.416756176126138,5.416756176126138,5.416756176126138,5.416756176126138,5.416756176126138,5.416756176126138,5.416756176126138,5.416756176126138,5.416756176126138,5.416756176126138,5.416756176126138,5.416756176126138,5.416756176126138,5.416756176126138,5.416756176126138,5.416756176126138,5.416756176126138,5.416756176126138,5.416756176126138,5.416756176126138,5.416756176126138,5.292637847940961,5.292637847940961,5.292637847940961,5.292637847940961,5.292637847940961,5.292637847940961,5.292637847940961,5.292637847940961,5.292637847940961,5.292637847940961,5.292637847940961,5.292637847940961,5.292637847940961,5.292637847940961,5.292637847940961,5.292637847940961,5.292637847940961,5.292637847940961,5.292637847940961,5.292637847940961,5.292637847940961,5.292637847940961,5.292637847940961,5.292637847940961,5.292637847940961,5.292637847940961,5.292637847940961,5.292637847940961,5.292637847940961,5.292637847940961,5.292637847940961,5.292637847940961,5.292637847940961,5.292637847940961,5.292637847940961,5.292637847940961,5.292637847940961,5.292637847940961,5.292637847940961,5.292637847940961,5.292637847940961,5.292637847940961,5.292637847940961,5.292637847940961,5.292637847940961,5.292637847940961,5.292637847940961,5.292637847940961,5.292637847940961,5.292637847940961,5.292637847940961,5.292637847940961,5.292637847940961,5.292637847940961,5.292637847940961,5.292637847940961,5.292637847940961,5.292637847940961,5.292637847940961,5.292637847940961,5.292637847940961,5.292637847940961,5.292637847940961,5.292637847940961,5.292637847940961,5.292637847940961,5.292637847940961,5.292637847940961,5.292637847940961,5.292637847940961,5.292637847940961,5.292637847940961,5.292637847940961,5.292637847940961,5.292637847940961,5.292637847940961,5.292637847940961,5.292637847940961,5.292637847940961,5.292637847940961,5.292637847940961,5.292637847940961,5.292637847940961,5.292637847940961,5.292637847940961,5.292637847940961,5.292637847940961,5.292637847940961,5.292637847940961,5.292637847940961,5.292637847940961,5.292637847940961,5.292637847940961,5.292637847940961,5.292637847940961,5.292637847940961,5.292637847940961,5.292637847940961,5.292637847940961,5.292637847940961,5.292637847940961,5.292637847940961,5.292637847940961,5.292637847940961,5.292637847940961,5.292637847940961,5.292637847940961,5.292637847940961,5.292637847940961,5.292637847940961,5.292637847940961,5.292637847940961,5.292637847940961,5.292637847940961,5.292637847940961,5.292637847940961,5.292637847940961,5.292637847940961,5.292637847940961,5.292637847940961,5.292637847940961,5.292637847940961,5.292637847940961,5.292637847940961,5.292637847940961,5.292637847940961,5.292637847940961,5.292637847940961,5.292637847940961,5.292637847940961,5.292637847940961,5.292637847940961,5.292637847940961,5.292637847940961,5.292637847940961,5.292637847940961,5.292637847940961,5.292637847940961,5.292637847940961,5.292637847940961,5.292637847940961,5.292637847940961,5.292637847940961,5.292637847940961,5.292637847940961,5.292637847940961,5.292637847940961,5.292637847940961,5.292637847940961,5.292637847940961,5.292637847940961,5.292637847940961,5.292637847940961,5.292637847940961,5.292637847940961,5.292637847940961,5.292637847940961,5.292637847940961,5.292637847940961,5.292637847940961,5.292637847940961,5.292637847940961,5.292637847940961,5.292637847940961,5.292637847940961,5.292637847940961,5.292637847940961,5.292637847940961,5.292637847940961,5.292637847940961,5.292637847940961,5.292637847940961,5.292637847940961,5.292637847940961,5.292637847940961,5.292637847940961,5.292637847940961,5.292637847940961,5.292637847940961,5.292637847940961,5.292637847940961,5.292637847940961,5.292637847940961,5.292637847940961,5.292637847940961,5.292637847940961,5.292637847940961,5.292637847940961,5.292637847940961,5.292637847940961,5.292637847940961,5.292637847940961,5.292637847940961,5.292637847940961,5.292637847940961,5.292637847940961,5.292637847940961,5.292637847940961,5.292637847940961,5.292637847940961,5.292637847940961,5.292637847940961,5.292637847940961,5.292637847940961,5.292637847940961,5.292637847940961,5.292637847940961,5.292637847940961,5.292637847940961,5.292637847940961,5.292637847940961,5.292637847940961,5.292637847940961,5.292637847940961,5.292637847940961,5.292637847940961,5.292637847940961,5.292637847940961,5.292637847940961,5.292637847940961,5.292637847940961,5.292637847940961,5.292637847940961,5.292637847940961,5.292637847940961,5.292637847940961,5.292637847940961,5.292637847940961,5.292637847940961,5.292637847940961,5.292637847940961,5.292637847940961,5.292637847940961,5.292637847940961,5.292637847940961,5.292637847940961,5.292637847940961,5.292637847940961,5.292637847940961,5.292637847940961,5.292637847940961,5.292637847940961,5.292637847940961,5.292637847940961,5.292637847940961,5.292637847940961,5.292637847940961,5.292637847940961,5.292637847940961,5.292637847940961,5.292637847940961,5.292637847940961,5.292637847940961,5.292637847940961,5.292637847940961,5.292637847940961,5.292637847940961,5.292637847940961,5.292637847940961,5.292637847940961,5.292637847940961,5.292637847940961,5.292637847940961,5.292637847940961,5.292637847940961,5.292637847940961,5.292637847940961,5.292637847940961,5.292637847940961,5.292637847940961,5.292637847940961,5.292637847940961,5.292637847940961,5.292637847940961,5.292637847940961,5.292637847940961,5.292637847940961,5.292637847940961,5.292637847940961,5.292637847940961,5.292637847940961,5.292637847940961,5.292637847940961,5.292637847940961,5.292637847940961,5.292637847940961,5.292637847940961,5.292637847940961,5.292637847940961,5.292637847940961,5.292637847940961,5.292637847940961,5.292637847940961,5.292637847940961,5.292637847940961,5.292637847940961,5.292637847940961,5.292637847940961,5.292637847940961,5.292637847940961,5.292637847940961,5.292637847940961,5.292637847940961,5.292637847940961,5.292637847940961,5.292637847940961,5.292637847940961,5.292637847940961,5.292637847940961,5.292637847940961,5.292637847940961,5.292637847940961,5.292637847940961,5.292637847940961,5.292637847940961,5.292637847940961,5.292637847940961,5.292637847940961,5.292637847940961,5.292637847940961,5.292637847940961,5.292637847940961,5.292637847940961,5.292637847940961,5.292637847940961,5.292637847940961,5.292637847940961,5.292637847940961,5.292637847940961,5.292637847940961,5.292637847940961,5.292637847940961,5.292637847940961,5.292637847940961,5.292637847940961,5.292637847940961,5.292637847940961,5.292637847940961,5.292637847940961,5.292637847940961,5.292637847940961,5.292637847940961,5.292637847940961,5.292637847940961,5.292637847940961,5.292637847940961,5.292637847940961,5.292637847940961,5.292637847940961,5.292637847940961,5.292637847940961,5.292637847940961,5.292637847940961,5.292637847940961,5.292637847940961,5.292637847940961,5.292637847940961,5.292637847940961,5.292637847940961,5.292637847940961,5.292637847940961,5.292637847940961,5.292637847940961,5.292637847940961,5.292637847940961,5.292637847940961,5.292637847940961,5.292637847940961,5.292637847940961,5.292637847940961,5.292637847940961,5.292637847940961,5.292637847940961,5.292637847940961,5.292637847940961,5.292637847940961,5.292637847940961,5.292637847940961,5.292637847940961,5.292637847940961,5.292637847940961,5.292637847940961,5.292637847940961,5.292637847940961,5.292637847940961,5.292637847940961,5.292637847940961,5.292637847940961,5.292637847940961,5.292637847940961,5.292637847940961,5.292637847940961,5.292637847940961,5.292637847940961,5.292637847940961,5.292637847940961,5.292637847940961,5.292637847940961,5.161610400792649,5.161610400792649,5.161610400792649,5.161610400792649,5.161610400792649,5.161610400792649,5.161610400792649,5.161610400792649,5.161610400792649,5.161610400792649,5.161610400792649,5.161610400792649,5.161610400792649,5.161610400792649,5.161610400792649,5.161610400792649,5.161610400792649,5.161610400792649,5.161610400792649,5.161610400792649,5.161610400792649,5.161610400792649,5.161610400792649,5.161610400792649,5.161610400792649,5.161610400792649,5.018881700608907,5.018881700608907,5.018881700608907,4.99401589125716,4.99401589125716,4.99401589125716,4.99401589125716,4.99401589125716,4.99401589125716,4.99401589125716,4.99401589125716,4.99401589125716,4.99401589125716,4.99401589125716,4.99401589125716,4.99401589125716,4.99401589125716,4.99401589125716,4.99401589125716,4.99401589125716,4.99401589125716,4.99401589125716,4.99401589125716,4.99401589125716,4.99401589125716,4.99401589125716,4.99401589125716,4.99401589125716,4.99401589125716,4.99401589125716,4.99401589125716,4.99401589125716,4.99401589125716,4.99401589125716,4.99401589125716,4.99401589125716,4.99401589125716,4.99401589125716,4.99401589125716,4.99401589125716,4.99401589125716,4.99401589125716,4.99401589125716,4.99401589125716,4.99401589125716,4.99401589125716,4.99401589125716,4.99401589125716,4.99401589125716,4.99401589125716,4.99401589125716,4.99401589125716,4.99401589125716,4.99401589125716,4.99401589125716,4.99401589125716,4.99401589125716,4.99401589125716,4.99401589125716,4.99401589125716,4.99401589125716,4.99401589125716,4.99401589125716,4.99401589125716,4.99401589125716,4.99401589125716,4.99401589125716,4.99401589125716,4.99401589125716,4.99401589125716,4.99401589125716,4.99401589125716,4.99401589125716,4.99401589125716,4.99401589125716,4.99401589125716,4.99401589125716,4.99401589125716,4.99401589125716,4.99401589125716,4.99401589125716,4.05014331282403,3.9691543092514796,3.716668494703576,3.716668494703576,3.716668494703576,3.716668494703576,3.716668494703576,3.716668494703576,3.716668494703576,3.716668494703576,3.716668494703576,3.716668494703576,3.716668494703576,3.716668494703576,3.716668494703576,3.716668494703576,3.716668494703576,3.716668494703576,3.716668494703576,3.716668494703576,3.716668494703576,3.716668494703576,3.716668494703576,3.716668494703576,3.716668494703576,3.716668494703576,3.716668494703576,3.716668494703576,3.716668494703576,3.716668494703576,3.716668494703576,3.716668494703576,3.716668494703576,3.716668494703576,3.716668494703576,3.716668494703576,3.716668494703576,3.716668494703576,3.716668494703576,3.716668494703576,3.716668494703576,3.716668494703576,3.716668494703576,3.716668494703576,3.716668494703576,3.716668494703576,3.716668494703576,3.716668494703576,3.716668494703576,3.716668494703576,3.716668494703576,3.716668494703576,3.716668494703576,3.716668494703576,3.716668494703576,3.716668494703576,3.716668494703576,3.716668494703576,3.716668494703576,3.716668494703576,3.716668494703576,3.716668494703576,3.716668494703576,3.716668494703576,3.716668494703576,3.716668494703576,3.716668494703576,3.716668494703576,3.716668494703576,3.716668494703576,3.716668494703576,3.716668494703576,3.716668494703576,3.716668494703576,3.716668494703576,3.716668494703576,3.716668494703576,3.716668494703576,3.716668494703576,3.716668494703576,3.716668494703576,3.716668494703576,3.716668494703576,3.716668494703576,3.716668494703576,3.716668494703576,3.716668494703576,3.716668494703576,3.716668494703576,3.716668494703576,3.385364597938101,3.385364597938101,3.385364597938101,3.385364597938101,3.385364597938101,3.385364597938101,3.385364597938101,3.385364597938101,3.385364597938101,3.385364597938101,3.385364597938101,3.385364597938101,3.385364597938101,3.385364597938101,3.385364597938101,3.385364597938101,3.385364597938101,3.385364597938101,3.385364597938101,3.385364597938101,3.385364597938101,3.385364597938101,3.385364597938101,3.385364597938101,3.385364597938101,3.385364597938101,3.385364597938101,3.385364597938101,3.385364597938101,3.385364597938101,3.385364597938101,3.385364597938101,3.385364597938101,3.385364597938101,3.385364597938101,3.385364597938101,3.385364597938101,3.385364597938101,3.385364597938101,3.385364597938101,3.385364597938101,3.385364597938101,3.385364597938101,3.385364597938101,3.385364597938101,3.385364597938101,3.385364597938101,3.385364597938101,3.385364597938101,3.385364597938101,3.385364597938101,3.385364597938101,3.385364597938101,3.385364597938101,3.385364597938101,3.385364597938101,3.385364597938101,3.385364597938101,3.385364597938101,3.385364597938101,3.385364597938101,3.385364597938101,3.385364597938101,3.385364597938101,3.385364597938101,3.385364597938101,3.385364597938101,3.385364597938101,3.385364597938101,3.385364597938101,3.385364597938101,3.385364597938101,3.385364597938101,3.385364597938101,3.385364597938101,3.385364597938101,3.385364597938101,3.385364597938101,3.385364597938101,3.385364597938101,3.385364597938101,3.385364597938101,3.385364597938101,3.385364597938101,3.385364597938101,3.385364597938101,3.385364597938101,3.385364597938101,3.385364597938101,3.385364597938101,3.385364597938101,3.385364597938101,3.385364597938101,3.385364597938101,3.385364597938101,3.385364597938101,3.385364597938101,3.385364597938101,3.385364597938101,3.385364597938101,3.385364597938101,3.385364597938101,3.385364597938101,3.385364597938101,3.385364597938101,3.385364597938101,3.385364597938101,3.385364597938101,3.385364597938101,3.385364597938101,3.385364597938101,3.385364597938101,3.385364597938101,3.385364597938101,3.385364597938101,3.385364597938101,3.385364597938101,3.385364597938101,3.385364597938101,3.385364597938101,3.385364597938101,3.385364597938101,3.385364597938101,3.385364597938101,3.385364597938101,3.385364597938101,3.385364597938101,3.385364597938101,3.385364597938101,3.385364597938101,3.385364597938101,3.385364597938101,3.385364597938101,3.385364597938101,3.385364597938101,3.385364597938101,3.385364597938101,3.385364597938101,3.385364597938101,3.385364597938101,3.385364597938101,3.385364597938101,3.385364597938101,3.385364597938101,3.385364597938101,3.385364597938101,3.385364597938101,3.385364597938101,3.385364597938101,3.385364597938101,3.385364597938101,3.385364597938101,3.385364597938101,3.385364597938101,3.385364597938101,3.385364597938101,3.385364597938101,3.385364597938101,3.385364597938101,3.385364597938101,3.385364597938101,3.385364597938101,3.385364597938101,3.385364597938101,3.385364597938101,3.385364597938101,3.385364597938101,3.385364597938101,3.385364597938101,3.385364597938101,3.385364597938101,3.385364597938101,3.385364597938101,3.385364597938101,3.385364597938101,3.385364597938101,3.385364597938101,3.385364597938101,3.385364597938101,3.385364597938101,3.385364597938101,3.385364597938101,3.385364597938101,3.385364597938101,3.385364597938101,3.385364597938101,3.385364597938101,3.385364597938101,3.385364597938101,3.385364597938101,3.385364597938101,3.385364597938101,3.385364597938101,3.385364597938101,3.385364597938101,3.385364597938101,3.385364597938101,3.385364597938101,3.385364597938101,3.385364597938101,3.385364597938101,3.385364597938101,3.385364597938101,3.385364597938101,3.385364597938101,3.385364597938101,3.385364597938101,3.385364597938101,3.385364597938101,3.385364597938101,3.385364597938101,3.385364597938101,3.385364597938101,3.385364597938101,3.385364597938101,3.385364597938101,3.385364597938101,3.385364597938101,3.385364597938101,3.385364597938101,3.385364597938101,3.385364597938101,3.385364597938101,3.385364597938101,3.385364597938101,3.385364597938101,3.385364597938101,3.385364597938101,3.385364597938101,3.385364597938101,3.385364597938101,3.385364597938101,6.268244467686405,6.115922693459764,6.115922693459764,6.115922693459764,6.115922693459764,6.115922693459764,6.115922693459764,6.115922693459764,6.115922693459764,6.115922693459764,6.115922693459764,6.115922693459764,6.115922693459764,6.115922693459764,6.115922693459764,6.115922693459764,6.115922693459764,6.115922693459764,6.115922693459764,6.115922693459764,6.115922693459764,6.115922693459764,6.115922693459764,6.115922693459764,6.115922693459764,6.115922693459764,6.115922693459764,6.115922693459764,6.115922693459764,6.115922693459764,6.115922693459764,6.115922693459764,6.115922693459764,6.115922693459764,6.115922693459764,6.115922693459764,6.115922693459764,6.115922693459764,6.115922693459764,4.74502328926719,4.551388584026038,3.824355326789849,3.824355326789849,3.7645700482226694,3.7645700482226694,3.7645700482226694,3.7645700482226694,3.7645700482226694,3.7645700482226694,3.7645700482226694,3.6821367149619966,3.558907927675285,3.558907927675285,3.558907927675285,3.558907927675285,3.558907927675285,3.558907927675285,3.558907927675285,3.558907927675285,3.558907927675285,3.558907927675285,3.558907927675285,3.558907927675285,3.558907927675285,3.558907927675285,3.558907927675285,3.558907927675285,3.558907927675285,3.558907927675285,3.558907927675285,3.558907927675285,3.558907927675285,3.558907927675285,3.558907927675285,3.558907927675285,3.558907927675285,3.558907927675285,3.558907927675285,3.558907927675285,3.558907927675285,3.558907927675285,3.558907927675285,3.558907927675285,3.558907927675285,3.558907927675285,3.558907927675285,3.558907927675285,3.558907927675285,3.558907927675285,3.558907927675285,3.558907927675285,3.558907927675285,3.558907927675285,3.558907927675285,3.558907927675285,3.558907927675285,3.558907927675285,3.558907927675285,3.558907927675285,3.558907927675285,3.558907927675285,3.558907927675285,3.558907927675285,3.558907927675285,3.558907927675285,3.558907927675285,3.558907927675285,3.558907927675285,3.558907927675285,3.558907927675285,3.558907927675285,3.558907927675285,3.558907927675285,3.558907927675285,3.558907927675285,3.558907927675285,3.558907927675285,3.558907927675285,3.558907927675285,3.558907927675285,3.558907927675285,3.558907927675285,3.558907927675285,3.558907927675285,3.558907927675285,3.558907927675285,3.558907927675285,3.558907927675285,3.558907927675285,3.558907927675285,3.558907927675285,3.558907927675285,3.558907927675285,3.558907927675285,3.558907927675285,3.558907927675285,3.558907927675285,3.558907927675285,3.558907927675285,3.558907927675285,3.558907927675285,3.558907927675285,3.558907927675285,3.558907927675285,3.558907927675285,3.558907927675285,3.558907927675285,3.558907927675285,3.558907927675285,3.558907927675285,3.558907927675285,3.558907927675285,3.558907927675285,3.558907927675285,3.558907927675285,3.558907927675285,3.558907927675285,3.558907927675285,3.558907927675285,3.558907927675285,3.558907927675285,3.558907927675285,3.558907927675285,3.558907927675285,3.558907927675285,3.558907927675285,3.558907927675285,3.558907927675285,3.558907927675285,3.558907927675285,3.558907927675285,3.558907927675285,3.558907927675285,3.558907927675285,3.558907927675285,3.558907927675285,3.558907927675285,3.558907927675285,3.558907927675285,3.558907927675285,3.558907927675285,3.558907927675285,3.558907927675285,3.558907927675285,3.558907927675285,3.558907927675285,3.558907927675285,3.558907927675285,3.558907927675285,3.558907927675285,3.558907927675285,3.558907927675285,3.558907927675285,3.558907927675285,3.558907927675285,3.558907927675285,3.558907927675285,3.558907927675285,3.558907927675285,3.558907927675285,3.558907927675285,3.558907927675285,3.558907927675285,3.558907927675285,3.558907927675285,3.558907927675285,3.558907927675285,3.558907927675285,3.558907927675285,3.558907927675285,3.558907927675285,3.558907927675285,3.558907927675285,3.558907927675285,3.558907927675285,3.558907927675285,3.558907927675285,3.558907927675285,3.558907927675285,3.558907927675285,3.558907927675285,3.558907927675285,3.558907927675285,3.558907927675285,3.558907927675285,3.558907927675285,3.558907927675285,3.558907927675285,3.558907927675285,3.558907927675285,3.558907927675285,3.558907927675285,3.558907927675285,3.558907927675285,3.558907927675285,3.558907927675285,3.558907927675285,3.558907927675285,3.558907927675285,3.558907927675285,3.558907927675285,3.558907927675285,3.558907927675285,3.558907927675285,3.558907927675285,3.558907927675285,3.558907927675285,3.558907927675285,3.558907927675285,3.558907927675285,3.558907927675285,3.558907927675285,3.558907927675285,3.558907927675285,3.558907927675285,3.558907927675285,3.558907927675285,3.558907927675285,3.558907927675285,3.558907927675285,3.558907927675285,3.558907927675285,3.558907927675285,3.558907927675285,3.558907927675285,3.558907927675285,3.558907927675285,3.558907927675285,3.558907927675285,3.558907927675285,3.558907927675285,3.558907927675285,3.558907927675285,3.558907927675285,3.558907927675285,3.558907927675285,3.558907927675285,3.558907927675285,3.558907927675285,3.558907927675285,3.558907927675285,3.558907927675285,3.558907927675285,3.558907927675285,3.558907927675285,3.558907927675285,3.558907927675285,3.558907927675285,3.558907927675285,3.558907927675285,3.558907927675285,3.558907927675285,3.558907927675285,3.558907927675285,3.558907927675285,3.558907927675285,3.558907927675285,3.558907927675285,3.558907927675285,3.558907927675285,3.558907927675285,3.558907927675285,3.558907927675285,3.558907927675285,3.558907927675285,3.558907927675285,3.558907927675285,3.558907927675285,3.558907927675285,3.558907927675285,3.558907927675285,3.558907927675285,3.558907927675285,3.558907927675285,3.558907927675285,3.558907927675285,3.558907927675285,3.558907927675285,3.558907927675285,3.558907927675285,3.558907927675285,3.558907927675285,3.558907927675285,3.558907927675285,3.558907927675285,3.558907927675285,3.558907927675285,3.558907927675285,3.558907927675285,3.558907927675285,3.558907927675285,3.558907927675285,3.558907927675285,3.558907927675285,3.558907927675285,3.558907927675285,3.558907927675285,3.558907927675285,3.558907927675285,3.558907927675285,3.558907927675285,3.558907927675285,3.558907927675285,3.558907927675285,3.558907927675285,3.558907927675285,3.558907927675285,3.558907927675285,3.558907927675285,3.558907927675285,3.558907927675285,3.558907927675285,3.558907927675285,3.558907927675285,3.558907927675285,3.558907927675285,3.558907927675285,3.558907927675285,3.558907927675285,3.558907927675285,3.558907927675285,3.558907927675285,3.558907927675285,3.558907927675285,3.558907927675285,3.558907927675285,3.558907927675285,3.558907927675285,3.558907927675285,3.558907927675285,3.558907927675285,3.558907927675285,3.558907927675285,3.558907927675285,3.558907927675285,3.558907927675285,3.558907927675285,3.558907927675285,3.558907927675285,3.558907927675285,3.558907927675285,3.558907927675285,3.558907927675285,3.558907927675285,3.558907927675285,3.558907927675285,3.558907927675285,3.558907927675285,3.558907927675285,3.558907927675285,3.558907927675285,3.558907927675285,3.558907927675285,3.558907927675285,3.558907927675285,3.558907927675285,3.558907927675285,3.558907927675285,3.558907927675285,3.558907927675285,3.558907927675285,3.558907927675285,3.558907927675285,3.558907927675285,3.558907927675285,3.558907927675285,3.558907927675285,3.558907927675285,3.558907927675285,3.558907927675285,3.558907927675285,3.558907927675285,3.558907927675285,3.558907927675285,3.558907927675285,3.558907927675285,3.558907927675285,3.558907927675285,3.558907927675285,3.558907927675285,3.558907927675285,3.558907927675285,3.558907927675285,3.558907927675285,3.558907927675285,3.558907927675285,3.558907927675285,3.558907927675285,3.558907927675285,3.558907927675285,3.558907927675285,3.558907927675285,3.558907927675285,3.558907927675285,3.558907927675285,3.558907927675285,3.558907927675285,3.558907927675285,3.558907927675285,3.558907927675285,3.558907927675285,3.558907927675285,3.558907927675285,3.558907927675285,3.558907927675285,3.558907927675285,3.558907927675285,3.558907927675285,3.558907927675285,3.558907927675285,3.558907927675285,3.558907927675285,3.558907927675285,3.558907927675285,3.558907927675285,3.558907927675285,3.558907927675285,3.558907927675285,3.558907927675285,3.558907927675285,3.558907927675285,3.558907927675285,3.558907927675285,3.558907927675285,3.558907927675285,3.558907927675285,3.558907927675285,3.558907927675285,3.558907927675285,3.558907927675285,3.558907927675285,3.558907927675285,3.558907927675285,3.558907927675285,3.558907927675285,3.558907927675285,3.558907927675285,3.558907927675285,3.558907927675285,3.558907927675285,3.558907927675285,3.558907927675285,3.558907927675285,3.558907927675285,3.558907927675285,3.558907927675285,3.558907927675285,3.558907927675285,3.558907927675285,3.558907927675285,3.558907927675285,3.558907927675285,3.558907927675285,3.558907927675285,3.558907927675285,3.558907927675285,3.558907927675285,3.558907927675285,3.558907927675285,3.558907927675285,3.558907927675285,3.558907927675285,3.558907927675285,3.558907927675285,3.558907927675285,3.558907927675285,3.558907927675285,3.558907927675285,3.558907927675285,3.558907927675285,3.558907927675285,3.558907927675285,3.558907927675285,3.558907927675285,3.558907927675285,3.558907927675285,3.558907927675285,3.558907927675285,3.558907927675285,3.558907927675285,3.558907927675285,3.558907927675285,3.558907927675285,3.558907927675285,3.558907927675285,3.558907927675285,3.558907927675285,3.558907927675285,3.558907927675285,3.558907927675285,3.558907927675285,3.558907927675285,3.558907927675285,3.558907927675285,3.558907927675285,3.558907927675285,3.558907927675285,3.558907927675285,3.558907927675285,3.558907927675285,3.558907927675285,3.558907927675285,3.558907927675285,3.558907927675285,3.558907927675285,3.558907927675285,3.558907927675285,3.558907927675285,3.558907927675285,3.558907927675285,3.558907927675285,3.558907927675285,3.558907927675285,3.558907927675285,3.558907927675285,3.558907927675285,3.558907927675285,3.558907927675285,3.558907927675285,3.558907927675285,3.558907927675285,3.558907927675285,3.558907927675285,3.558907927675285,3.558907927675285,3.558907927675285,3.558907927675285,3.558907927675285,3.558907927675285,3.558907927675285,3.558907927675285,3.558907927675285,3.558907927675285,3.558907927675285,3.558907927675285,3.558907927675285,3.558907927675285,3.558907927675285,3.558907927675285,3.558907927675285,3.558907927675285,3.558907927675285,3.558907927675285,3.558907927675285,3.558907927675285,3.558907927675285,3.558907927675285,3.558907927675285,3.558907927675285,3.558907927675285,3.558907927675285,3.558907927675285,3.558907927675285,3.558907927675285,3.558907927675285,3.558907927675285,3.558907927675285,3.558907927675285,3.558907927675285,3.558907927675285,3.558907927675285,3.558907927675285,3.558907927675285,3.558907927675285,3.558907927675285,3.558907927675285,3.558907927675285,3.558907927675285,3.558907927675285,3.558907927675285,3.558907927675285,3.558907927675285,3.558907927675285,3.558907927675285,3.558907927675285,3.558907927675285,3.558907927675285,3.558907927675285,3.558907927675285,3.558907927675285,3.558907927675285,3.558907927675285,3.558907927675285,3.558907927675285,3.558907927675285,3.558907927675285,3.558907927675285,3.558907927675285,3.558907927675285,3.558907927675285,3.558907927675285,3.558907927675285,3.558907927675285,3.558907927675285,3.558907927675285,3.558907927675285,3.558907927675285,3.558907927675285,3.558907927675285,3.558907927675285,3.558907927675285,3.558907927675285,3.558907927675285,3.558907927675285,3.558907927675285,3.558907927675285,3.558907927675285,3.558907927675285,3.558907927675285,3.558907927675285,3.558907927675285,3.558907927675285,3.558907927675285,3.558907927675285,3.558907927675285,3.558907927675285,3.558907927675285,3.558907927675285,3.558907927675285,3.558907927675285,3.558907927675285,3.558907927675285,3.558907927675285,3.558907927675285,3.558907927675285,3.558907927675285,3.558907927675285,3.558907927675285,3.558907927675285,3.558907927675285,3.558907927675285,3.558907927675285,3.558907927675285,3.558907927675285,3.558907927675285,3.558907927675285,3.558907927675285,3.558907927675285,3.558907927675285,3.558907927675285,3.558907927675285,3.558907927675285,3.558907927675285,3.558907927675285,3.558907927675285,3.558907927675285,3.558907927675285,3.558907927675285,3.558907927675285,3.558907927675285,3.558907927675285,3.558907927675285,3.558907927675285,3.558907927675285,3.558907927675285,3.558907927675285,3.558907927675285,3.558907927675285,3.558907927675285,3.558907927675285,3.558907927675285,3.558907927675285,3.558907927675285,3.558907927675285,3.558907927675285,3.558907927675285,3.558907927675285,3.558907927675285,3.558907927675285,3.558907927675285,3.558907927675285,3.558907927675285,3.558907927675285,3.558907927675285,3.558907927675285,3.558907927675285,3.558907927675285,3.558907927675285,3.558907927675285,3.558907927675285,3.558907927675285,3.558907927675285,3.558907927675285,3.558907927675285,3.558907927675285,3.558907927675285,3.558907927675285,3.558907927675285,3.558907927675285,3.558907927675285,3.558907927675285,3.558907927675285,3.558907927675285,3.558907927675285,3.558907927675285,3.558907927675285,3.558907927675285,3.558907927675285,3.558907927675285,3.558907927675285,3.558907927675285,3.558907927675285,3.558907927675285,3.558907927675285,3.558907927675285,3.558907927675285,3.558907927675285,3.558907927675285,3.558907927675285,3.558907927675285,3.558907927675285,3.558907927675285,3.558907927675285,3.558907927675285,3.558907927675285,3.558907927675285,3.558907927675285,3.558907927675285,3.558907927675285,3.558907927675285,3.558907927675285,3.558907927675285,3.558907927675285,3.558907927675285,3.558907927675285,3.558907927675285,3.558907927675285,3.558907927675285,3.558907927675285,3.558907927675285,3.558907927675285,3.558907927675285,3.558907927675285,3.558907927675285,3.558907927675285,3.558907927675285,3.558907927675285,3.558907927675285,3.558907927675285,3.558907927675285,3.558907927675285,3.558907927675285,3.558907927675285,3.558907927675285,3.558907927675285,3.558907927675285,3.558907927675285,3.558907927675285,3.558907927675285,3.558907927675285,3.558907927675285,3.558907927675285,3.558907927675285,3.558907927675285,3.558907927675285,3.558907927675285,3.558907927675285,3.558907927675285,3.558907927675285,3.558907927675285,3.558907927675285,3.558907927675285,3.558907927675285,3.558907927675285,3.558907927675285,3.558907927675285,3.558907927675285,3.558907927675285,3.558907927675285,3.558907927675285,3.558907927675285,3.558907927675285,3.558907927675285,3.558907927675285,3.558907927675285,3.558907927675285,3.558907927675285,3.558907927675285,3.558907927675285,3.558907927675285,3.558907927675285,3.558907927675285,3.558907927675285,3.558907927675285,3.558907927675285,3.558907927675285,3.558907927675285,3.558907927675285,3.558907927675285,3.558907927675285,3.558907927675285,3.558907927675285,3.558907927675285,3.558907927675285,3.558907927675285,3.558907927675285,3.558907927675285,3.558907927675285,3.558907927675285,3.558907927675285,3.558907927675285,3.558907927675285,3.558907927675285,3.558907927675285,3.558907927675285,3.558907927675285,3.558907927675285,3.558907927675285,3.558907927675285,3.558907927675285,3.558907927675285,3.558907927675285,3.558907927675285,3.558907927675285,3.558907927675285,3.558907927675285,3.558907927675285,3.558907927675285,3.558907927675285,3.558907927675285,3.558907927675285,3.558907927675285,3.558907927675285,3.558907927675285,3.558907927675285,3.558907927675285,3.558907927675285,3.558907927675285,3.558907927675285,3.558907927675285,3.558907927675285,3.558907927675285,3.558907927675285,3.558907927675285,3.558907927675285,3.558907927675285,3.558907927675285,3.558907927675285,3.558907927675285,3.558907927675285,3.558907927675285,3.558907927675285,3.558907927675285,3.558907927675285,3.558907927675285,3.558907927675285,3.558907927675285,3.558907927675285,3.558907927675285,3.558907927675285,3.558907927675285,3.558907927675285,3.558907927675285,3.558907927675285,3.558907927675285,3.558907927675285,3.558907927675285,3.558907927675285,3.558907927675285,3.558907927675285,3.558907927675285,3.558907927675285,3.558907927675285,3.558907927675285,3.558907927675285,3.558907927675285,3.558907927675285,3.558907927675285,3.558907927675285,3.558907927675285,3.558907927675285,3.558907927675285,3.558907927675285,3.558907927675285,3.558907927675285,3.558907927675285,3.558907927675285,3.558907927675285,3.558907927675285,3.558907927675285,3.558907927675285,3.558907927675285,3.558907927675285,3.558907927675285,3.558907927675285,3.558907927675285,3.558907927675285,3.558907927675285,3.558907927675285,3.558907927675285,3.558907927675285,3.558907927675285,3.558907927675285,3.558907927675285,3.558907927675285,3.558907927675285,3.558907927675285,3.558907927675285,3.558907927675285,3.558907927675285,3.558907927675285,3.558907927675285,3.558907927675285,3.558907927675285,3.558907927675285,3.558907927675285,3.558907927675285,3.558907927675285,3.558907927675285,3.558907927675285,3.558907927675285,3.558907927675285,3.558907927675285,3.558907927675285,3.558907927675285,3.558907927675285,3.558907927675285,3.558907927675285,3.558907927675285,3.558907927675285,3.558907927675285,3.558907927675285,3.558907927675285,3.558907927675285,3.558907927675285,3.558907927675285,3.558907927675285,3.558907927675285,3.558907927675285,3.558907927675285,3.558907927675285,3.558907927675285,3.558907927675285,3.558907927675285,3.558907927675285,3.558907927675285,3.558907927675285,3.558907927675285,3.558907927675285,3.558907927675285,3.558907927675285,3.558907927675285,3.558907927675285,3.558907927675285,3.558907927675285,3.558907927675285,3.558907927675285,3.558907927675285,3.558907927675285,3.558907927675285,3.558907927675285,3.558907927675285,3.558907927675285,3.558907927675285,3.558907927675285,3.558907927675285,3.558907927675285,3.558907927675285,3.558907927675285,3.558907927675285,5.959442130938649,5.772744600122611,5.7372582418869795,5.139443713042386,5.026852554193844,5.026852554193844,5.026852554193844,5.026852554193844,5.026852554193844,5.026852554193844,5.026852554193844,5.026852554193844,5.026852554193844,5.026852554193844,5.026852554193844,5.026852554193844,5.026852554193844,5.026852554193844,5.026852554193844,5.026852554193844,5.020566740410727,4.955418439557475,4.955418439557475,4.955418439557475,4.955418439557475,4.955418439557475,4.949378802633125,4.949378802633125,4.949378802633125,4.949378802633125,4.949378802633125,4.949378802633125,4.949378802633125,4.949378802633125,4.949378802633125,4.949378802633125,4.949378802633125,4.949378802633125,4.949378802633125,4.949378802633125,4.949378802633125,4.949378802633125,4.122291925030101,4.122291925030101,4.04301614001579,4.04301614001579,4.04301614001579,4.04301614001579,4.04301614001579,4.04301614001579,4.04301614001579,4.04301614001579,4.04301614001579,4.04301614001579,4.04301614001579,4.04301614001579,4.04301614001579,4.04301614001579,4.04301614001579,4.04301614001579,4.04301614001579,4.04301614001579,4.04301614001579,4.04301614001579,4.04301614001579,4.04301614001579,4.04301614001579,4.04301614001579,4.04301614001579,4.04301614001579,4.04301614001579,4.04301614001579,4.04301614001579,4.04301614001579,4.04301614001579,4.04301614001579,4.04301614001579,4.04301614001579,4.04301614001579,4.04301614001579,4.04301614001579,4.04301614001579,4.04301614001579,4.04301614001579,4.04301614001579,4.04301614001579,4.04301614001579,4.04301614001579,4.04301614001579,4.04301614001579,4.04301614001579,4.04301614001579,4.04301614001579,4.04301614001579,4.04301614001579,4.04301614001579,4.04301614001579,4.04301614001579,4.04301614001579,4.04301614001579,4.04301614001579,4.04301614001579,4.04301614001579,4.04301614001579,4.04301614001579,4.04301614001579,4.04301614001579,4.04301614001579,4.04301614001579,4.04301614001579,4.04301614001579,4.04301614001579,4.04301614001579,4.04301614001579,4.04301614001579,4.04301614001579,4.04301614001579,4.04301614001579,4.04301614001579,4.04301614001579,4.04301614001579,4.04301614001579,4.04301614001579,4.04301614001579,4.04301614001579,4.04301614001579,4.04301614001579,4.04301614001579,4.04301614001579,4.04301614001579,4.04301614001579,4.04301614001579,4.04301614001579,4.04301614001579,4.04301614001579,4.04301614001579,4.04301614001579,4.04301614001579,4.04301614001579,4.04301614001579,4.04301614001579,4.04301614001579,4.04301614001579,4.04301614001579,4.04301614001579,4.04301614001579,4.04301614001579,4.04301614001579,4.04301614001579,4.04301614001579,4.04301614001579,4.04301614001579,4.04301614001579,4.04301614001579,4.04301614001579,4.04301614001579,4.04301614001579,4.04301614001579,4.04301614001579,4.04301614001579,4.04301614001579,4.04301614001579,4.04301614001579,4.04301614001579,4.04301614001579,4.04301614001579,4.04301614001579,4.04301614001579,4.04301614001579,4.04301614001579,4.04301614001579,4.04301614001579,4.04301614001579,4.04301614001579,4.04301614001579,4.04301614001579,4.04301614001579,4.04301614001579,4.04301614001579,4.04301614001579,4.04301614001579,4.04301614001579,4.04301614001579,4.04301614001579,4.04301614001579,4.04301614001579,4.04301614001579,4.04301614001579,4.04301614001579,4.04301614001579,4.04301614001579,4.04301614001579,4.04301614001579,4.04301614001579,4.04301614001579,4.04301614001579,4.04301614001579,4.04301614001579,4.04301614001579,4.04301614001579,4.04301614001579,4.04301614001579,4.04301614001579,4.04301614001579,4.04301614001579,4.04301614001579,4.04301614001579,4.04301614001579,4.04301614001579,4.04301614001579,4.04301614001579,4.04301614001579,4.04301614001579,4.04301614001579,4.04301614001579,4.04301614001579,4.04301614001579,4.04301614001579,4.04301614001579,4.04301614001579,4.04301614001579,4.04301614001579,4.04301614001579,4.04301614001579,4.04301614001579,4.04301614001579,4.04301614001579,4.04301614001579,4.04301614001579,4.04301614001579,4.04301614001579,4.04301614001579,4.04301614001579,4.04301614001579,4.04301614001579,4.04301614001579,4.04301614001579,4.04301614001579,4.04301614001579,4.04301614001579,3.90655140791499,3.90655140791499,3.90655140791499,3.90655140791499,3.90655140791499,3.90655140791499,3.90655140791499,3.90655140791499,3.90655140791499,3.90655140791499,3.90655140791499,3.90655140791499,3.90655140791499,3.261074736925908,3.261074736925908,3.261074736925908,3.261074736925908,3.261074736925908,3.261074736925908,3.261074736925908,3.261074736925908,3.261074736925908,3.017329703850236,3.017329703850236,3.017329703850236,3.017329703850236,3.017329703850236,3.017329703850236,2.961926147103456,2.961926147103456,2.961926147103456,2.961926147103456,2.961926147103456,2.961926147103456,2.961926147103456,2.961926147103456,2.961926147103456,2.961926147103456,2.961926147103456,2.961926147103456,2.961926147103456,2.961926147103456,2.961926147103456,2.961926147103456,2.961926147103456,2.961926147103456,2.961926147103456,2.961926147103456,2.961926147103456,2.961926147103456,2.961926147103456,2.961926147103456,2.961926147103456,2.961926147103456,2.961926147103456,2.961926147103456,2.961926147103456,2.961926147103456,2.961926147103456,2.961926147103456,2.961926147103456,2.961926147103456,2.961926147103456,2.961926147103456,2.961926147103456,2.961926147103456,2.961926147103456,2.961926147103456,2.961926147103456,2.961926147103456,2.961926147103456,2.961926147103456,2.961926147103456,2.961926147103456,2.961926147103456,2.961926147103456,2.961926147103456,2.961926147103456,2.961926147103456,2.961926147103456,2.961926147103456,2.961926147103456,2.961926147103456,2.961926147103456,2.961926147103456,2.961926147103456,2.961926147103456,2.961926147103456,2.961926147103456,2.961926147103456,2.961926147103456,2.961926147103456,2.961926147103456,2.961926147103456,2.961926147103456,2.961926147103456,2.961926147103456,2.961926147103456,2.961926147103456,2.961926147103456,2.961926147103456,2.961926147103456,2.961926147103456,2.961926147103456,2.961926147103456,2.961926147103456,2.961926147103456,2.961926147103456,2.961926147103456,2.961926147103456,2.961926147103456,2.961926147103456,2.961926147103456,2.961926147103456,2.961926147103456,2.961926147103456,2.961926147103456,2.961926147103456,2.961926147103456,2.961926147103456,2.961926147103456,2.961926147103456,2.961926147103456,2.961926147103456,2.961926147103456,2.961926147103456,2.961926147103456,2.961926147103456,2.961926147103456,2.961926147103456,2.961926147103456,2.961926147103456,2.961926147103456,2.961926147103456,2.961926147103456,2.961926147103456,2.961926147103456,2.961926147103456,2.961926147103456,2.961926147103456,2.961926147103456,2.961926147103456,2.961926147103456,2.961926147103456,2.961926147103456,2.961926147103456,2.961926147103456,2.961926147103456,2.961926147103456,2.961926147103456,2.961926147103456,2.961926147103456,2.961926147103456,2.961926147103456,2.961926147103456,2.961926147103456,2.961926147103456,2.961926147103456,2.961926147103456,2.961926147103456,2.961926147103456,2.961926147103456,2.961926147103456,2.961926147103456,2.961926147103456,2.961926147103456,2.961926147103456,2.961926147103456,2.961926147103456,2.961926147103456,2.961926147103456,2.961926147103456,2.961926147103456,2.961926147103456,2.961926147103456,2.961926147103456,2.961926147103456,2.961926147103456,2.961926147103456,2.961926147103456,2.961926147103456,2.961926147103456,2.961926147103456,2.961926147103456,2.961926147103456,2.961926147103456,2.961926147103456,2.961926147103456,2.961926147103456,2.961926147103456,2.961926147103456,2.961926147103456,2.961926147103456,2.961926147103456,2.961926147103456,2.961926147103456,2.961926147103456,2.961926147103456,2.961926147103456,2.961926147103456,2.955877478327036,2.955877478327036,2.955877478327036,2.955877478327036,2.955877478327036,2.955877478327036,2.955877478327036,2.955877478327036,2.955877478327036,2.955877478327036,2.955877478327036,2.955877478327036,2.955877478327036,2.955877478327036,2.955877478327036,2.955877478327036,2.955877478327036,2.955877478327036,2.955877478327036,2.955877478327036,2.955877478327036,2.955877478327036,2.955877478327036,2.955877478327036,2.955877478327036,2.955877478327036,2.955877478327036,2.955877478327036,2.955877478327036,2.955877478327036,2.955877478327036,2.955877478327036,2.955877478327036,2.955877478327036,2.955877478327036,2.955877478327036,2.955877478327036,2.955877478327036,2.955877478327036,2.955877478327036,2.955877478327036,2.955877478327036,2.955877478327036,2.955877478327036,2.955877478327036,2.955877478327036,2.955877478327036,2.955877478327036,2.955877478327036,2.955877478327036,2.955877478327036,2.955877478327036,2.955877478327036,2.955877478327036,2.955877478327036,2.955877478327036,2.955877478327036,2.955877478327036,2.955877478327036,2.955877478327036,2.955877478327036,2.955877478327036,2.955877478327036,2.955877478327036,2.955877478327036,2.955877478327036,2.955877478327036,2.955877478327036,2.955877478327036,2.955877478327036,2.955877478327036,2.955877478327036,2.955877478327036,2.955877478327036,2.955877478327036,2.955877478327036,2.955877478327036,2.955877478327036,2.955877478327036,2.955877478327036,2.955877478327036,2.955877478327036,2.955877478327036,2.955877478327036,2.955877478327036,2.955877478327036,2.955877478327036,2.955877478327036,2.955877478327036,2.955877478327036,2.955877478327036,2.955877478327036,2.955877478327036,2.955877478327036,2.955877478327036,2.955877478327036,2.955877478327036,2.955877478327036,2.955877478327036,2.955877478327036,2.955877478327036,2.955877478327036,2.955877478327036,2.955877478327036,2.955877478327036,2.955877478327036,2.955877478327036,2.955877478327036,2.955877478327036,2.955877478327036,2.955877478327036,2.955877478327036,2.955877478327036,2.955877478327036,2.955877478327036,2.955877478327036,2.955877478327036,2.955877478327036,2.955877478327036,2.955877478327036,2.955877478327036,2.955877478327036,2.955877478327036,2.955877478327036,2.955877478327036,2.955877478327036,2.955877478327036,2.955877478327036,2.955877478327036,2.955877478327036,2.955877478327036,2.955877478327036,2.955877478327036,2.955877478327036,2.955877478327036,2.955877478327036,2.955877478327036,2.955877478327036,2.955877478327036,2.955877478327036,2.955877478327036,2.955877478327036,2.955877478327036,2.955877478327036,2.955877478327036,2.955877478327036,2.26403075808257,2.26403075808257,2.26403075808257,2.26403075808257,2.26403075808257,2.26403075808257,2.26403075808257,2.26403075808257,2.26403075808257,2.26403075808257,2.26403075808257,2.26403075808257,2.26403075808257,2.26403075808257,2.26403075808257,2.26403075808257,2.26403075808257,2.26403075808257,2.26403075808257,2.26403075808257,2.26403075808257,2.26403075808257,2.26403075808257,2.26403075808257,2.26403075808257,2.26403075808257,2.26403075808257,2.26403075808257,2.26403075808257,2.26403075808257,2.26403075808257,2.26403075808257,2.26403075808257,2.26403075808257,2.26403075808257,2.26403075808257,2.26403075808257,2.26403075808257,2.26403075808257,2.26403075808257,2.26403075808257,2.26403075808257,2.26403075808257,2.26403075808257,2.26403075808257,2.26403075808257,2.26403075808257,2.26403075808257,2.26403075808257,2.26403075808257,2.26403075808257,2.26403075808257,2.26403075808257,2.26403075808257,2.26403075808257,2.26403075808257,2.26403075808257,2.26403075808257,2.26403075808257,2.26403075808257,2.26403075808257,2.26403075808257,2.26403075808257,2.26403075808257,2.26403075808257,2.26403075808257,2.26403075808257,2.26403075808257,2.26403075808257,2.26403075808257,2.26403075808257,2.26403075808257,2.26403075808257,2.26403075808257,2.26403075808257,2.26403075808257,2.26403075808257,2.26403075808257,2.26403075808257,2.26403075808257,2.26403075808257,2.26403075808257,2.26403075808257,2.26403075808257,2.26403075808257,2.26403075808257,2.26403075808257,2.26403075808257,2.26403075808257,2.26403075808257,2.26403075808257,2.26403075808257,2.26403075808257,2.26403075808257,2.26403075808257,2.26403075808257,2.26403075808257,2.26403075808257,2.26403075808257,2.26403075808257,2.26403075808257,2.26403075808257,2.26403075808257,2.26403075808257,2.26403075808257,2.26403075808257,2.26403075808257,2.26403075808257,2.26403075808257,2.26403075808257,2.26403075808257,2.26403075808257,2.26403075808257,2.26403075808257,2.26403075808257,2.26403075808257,2.26403075808257,2.26403075808257,2.26403075808257,2.26403075808257,2.26403075808257,2.26403075808257,2.26403075808257,2.26403075808257,2.26403075808257,2.26403075808257,2.26403075808257,2.26403075808257,2.26403075808257,2.26403075808257,2.26403075808257,2.26403075808257,2.26403075808257,2.26403075808257,2.26403075808257,2.26403075808257,2.26403075808257,2.26403075808257,2.26403075808257,2.26403075808257,2.26403075808257,2.26403075808257,2.26403075808257,2.26403075808257,2.26403075808257,2.26403075808257,2.26403075808257,2.26403075808257,2.26403075808257,2.26403075808257,2.26403075808257,2.26403075808257,2.26403075808257,2.26403075808257,2.26403075808257,2.26403075808257,2.26403075808257,2.26403075808257,2.26403075808257,2.26403075808257,2.26403075808257,2.26403075808257,2.26403075808257,2.26403075808257,2.26403075808257,2.26403075808257,2.26403075808257,2.26403075808257,2.26403075808257,2.26403075808257,2.26403075808257,2.26403075808257,2.26403075808257,2.26403075808257,2.26403075808257,2.26403075808257,2.26403075808257,2.26403075808257,2.26403075808257,2.26403075808257,2.26403075808257,2.26403075808257,2.26403075808257,2.26403075808257,2.26403075808257,2.26403075808257,2.26403075808257,2.26403075808257,2.26403075808257,2.26403075808257,2.26403075808257,2.26403075808257,2.26403075808257,2.26403075808257,2.26403075808257,2.26403075808257,2.26403075808257,2.26403075808257,2.26403075808257,2.26403075808257,2.26403075808257,2.26403075808257,2.26403075808257,2.26403075808257,2.26403075808257,2.26403075808257,2.26403075808257,2.26403075808257,2.26403075808257,2.26403075808257,2.26403075808257,2.26403075808257,2.26403075808257,2.26403075808257,2.26403075808257,2.26403075808257,2.26403075808257,2.26403075808257,2.26403075808257,2.26403075808257,2.26403075808257,2.26403075808257,2.26403075808257,2.26403075808257,2.26403075808257,2.26403075808257,2.26403075808257,2.26403075808257,2.26403075808257,2.26403075808257,2.26403075808257,2.26403075808257,2.26403075808257,2.26403075808257,2.26403075808257,2.26403075808257,2.26403075808257,2.26403075808257,2.26403075808257,2.26403075808257,2.26403075808257,2.26403075808257,2.26403075808257,2.26403075808257,2.26403075808257,2.26403075808257,2.26403075808257,2.26403075808257,2.26403075808257,2.26403075808257,2.26403075808257,2.26403075808257,2.26403075808257,2.26403075808257,2.26403075808257,2.26403075808257,2.26403075808257,2.26403075808257,2.26403075808257,2.26403075808257,2.26403075808257,2.26403075808257,2.26403075808257,2.26403075808257,2.26403075808257,2.26403075808257,2.26403075808257,2.26403075808257,2.26403075808257,2.26403075808257,2.26403075808257,2.26403075808257,2.26403075808257,2.26403075808257,2.26403075808257,2.26403075808257,2.26403075808257,2.26403075808257,2.26403075808257,2.26403075808257,2.26403075808257,2.26403075808257,2.26403075808257,2.26403075808257,2.26403075808257,2.26403075808257,2.26403075808257,2.26403075808257,2.26403075808257,2.26403075808257,2.26403075808257,2.26403075808257,2.26403075808257,2.26403075808257,2.26403075808257,2.26403075808257,2.26403075808257,2.26403075808257,2.26403075808257,2.26403075808257,2.26403075808257,2.26403075808257,2.26403075808257,2.26403075808257,2.26403075808257,2.26403075808257,2.26403075808257,2.26403075808257,2.26403075808257,2.26403075808257,2.26403075808257,2.26403075808257,2.26403075808257,2.26403075808257,2.26403075808257,2.26403075808257,2.26403075808257,2.26403075808257,2.26403075808257,2.26403075808257,2.26403075808257,2.26403075808257,2.26403075808257,2.26403075808257,2.26403075808257,2.26403075808257,2.26403075808257,2.26403075808257,2.26403075808257,2.26403075808257,2.26403075808257,2.26403075808257,2.26403075808257,2.26403075808257,2.26403075808257,2.26403075808257,2.26403075808257,2.26403075808257,2.26403075808257,2.26403075808257,2.26403075808257,2.26403075808257,2.26403075808257,2.26403075808257,2.26403075808257,2.26403075808257,2.26403075808257,2.26403075808257,2.26403075808257,2.26403075808257,2.26403075808257,2.26403075808257,2.26403075808257,2.26403075808257,2.26403075808257,2.26403075808257,2.26403075808257,2.26403075808257,2.26403075808257,2.26403075808257,2.26403075808257,2.26403075808257,2.26403075808257,2.26403075808257,2.26403075808257,2.26403075808257,2.26403075808257,2.26403075808257,2.26403075808257,2.26403075808257,2.26403075808257,2.26403075808257,2.26403075808257,2.26403075808257,2.26403075808257,2.26403075808257,2.26403075808257,2.26403075808257,2.26403075808257,2.26403075808257,2.26403075808257,2.26403075808257,2.26403075808257,2.26403075808257,2.26403075808257,2.26403075808257,2.26403075808257,2.26403075808257,2.26403075808257,2.26403075808257,2.26403075808257,2.26403075808257,2.26403075808257,2.26403075808257,2.26403075808257,2.26403075808257,2.26403075808257,2.26403075808257,2.26403075808257,2.26403075808257,2.26403075808257,2.26403075808257,2.26403075808257,2.26403075808257,2.26403075808257,2.26403075808257,2.26403075808257,2.26403075808257,2.26403075808257,2.26403075808257,2.26403075808257,2.26403075808257,2.26403075808257,2.26403075808257,6.826947471655832,6.213214684950108,6.213214684950108,6.099352106114787,6.099352106114787,6.099352106114787,6.099352106114787,6.099352106114787,6.099352106114787,6.099352106114787,6.099352106114787,6.099352106114787,6.099352106114787,6.099352106114787,6.099352106114787,6.099352106114787,6.099352106114787,6.099352106114787,6.099352106114787,6.099352106114787,6.099352106114787,6.099352106114787,6.099352106114787,6.099352106114787,6.099352106114787,6.099352106114787,6.099352106114787,6.099352106114787,6.099352106114787,6.099352106114787,6.099352106114787,6.058580703778742,5.554290284992366,5.554290284992366,5.554290284992366,5.554290284992366,5.554290284992366,5.534359634721841,5.534359634721841,5.408354345528667,5.408354345528667,5.408354345528667,5.408354345528667,5.408354345528667,5.408354345528667,5.408354345528667,5.408354345528667,5.408354345528667,5.303503145355879,5.303503145355879,5.303503145355879,5.303503145355879,5.303503145355879,5.303503145355879,5.303503145355879,5.303503145355879,5.303503145355879,5.303503145355879,5.303503145355879,5.303503145355879,5.303503145355879,5.303503145355879,5.303503145355879,5.303503145355879,5.303503145355879,5.303503145355879,5.303503145355879,5.303503145355879,5.303503145355879,5.303503145355879,5.303503145355879,5.303503145355879,5.303503145355879,5.303503145355879,5.303503145355879,5.303503145355879,5.303503145355879,5.303503145355879,5.303503145355879,5.303503145355879,5.303503145355879,5.303503145355879,5.303503145355879,5.303503145355879,5.303503145355879,5.303503145355879,5.303503145355879,5.303503145355879,5.303503145355879,5.303503145355879,5.303503145355879,5.303503145355879,5.303503145355879,5.303503145355879,5.303503145355879,4.831063405219099,4.16516890166118,4.089554168909735,4.089554168909735,4.089554168909735,4.089554168909735,4.089554168909735,4.089554168909735,4.089554168909735,4.089554168909735,4.089554168909735,4.089554168909735,4.089554168909735,4.089554168909735,4.089554168909735,4.089554168909735,4.089554168909735,4.089554168909735,4.089554168909735,4.089554168909735,4.089554168909735,4.089554168909735,4.089554168909735,4.089554168909735,4.089554168909735,4.089554168909735,4.089554168909735,4.089554168909735,4.089554168909735,4.089554168909735,4.089554168909735,4.089554168909735,4.089554168909735,4.089554168909735,4.089554168909735,4.089554168909735,4.089554168909735,4.089554168909735,4.089554168909735,4.089554168909735,4.089554168909735,4.089554168909735,4.089554168909735,4.089554168909735,4.089554168909735,4.089554168909735,4.089554168909735,4.089554168909735,4.089554168909735,4.089554168909735,4.089554168909735,4.089554168909735,4.089554168909735,4.089554168909735,4.089554168909735,4.089554168909735,4.089554168909735,4.089554168909735,4.089554168909735,4.089554168909735,4.089554168909735,4.089554168909735,4.089554168909735,4.089554168909735,4.089554168909735,4.089554168909735,4.089554168909735,4.089554168909735,4.089554168909735,4.089554168909735,4.089554168909735,4.089554168909735,4.089554168909735,4.089554168909735,4.089554168909735,4.089554168909735,4.089554168909735,4.089554168909735,4.089554168909735,4.089554168909735,4.089554168909735,4.089554168909735,4.089554168909735,4.089554168909735,4.089554168909735,4.089554168909735,4.089554168909735,4.089554168909735,4.089554168909735,4.089554168909735,4.089554168909735,4.089554168909735,4.089554168909735,4.089554168909735,4.089554168909735,4.089554168909735,4.089554168909735,4.089554168909735,4.089554168909735,4.089554168909735,4.089554168909735,4.089554168909735,4.089554168909735,4.089554168909735,4.089554168909735,4.089554168909735,4.089554168909735,4.089554168909735,4.089554168909735,4.089554168909735,4.089554168909735,4.089554168909735,4.089554168909735,3.932639016722835,3.4278448433073527,3.4278448433073527,3.4278448433073527,3.206913663168082,3.206913663168082,3.206913663168082,3.206913663168082,3.206913663168082,3.206913663168082,3.206913663168082,3.206913663168082,3.206913663168082,3.206913663168082,3.206913663168082,3.206913663168082,3.206913663168082,3.206913663168082,3.206913663168082,3.206913663168082,3.206913663168082,3.206913663168082,3.206913663168082,3.206913663168082,3.206913663168082,3.206913663168082,3.206913663168082,3.206913663168082,3.206913663168082,3.206913663168082,3.206913663168082,3.206913663168082,3.206913663168082,3.206913663168082,3.206913663168082,3.206913663168082,3.206913663168082,3.206913663168082,3.206913663168082,3.206913663168082,3.206913663168082,3.206913663168082,3.206913663168082,3.206913663168082,3.206913663168082,3.206913663168082,3.206913663168082,3.206913663168082,3.206913663168082,3.206913663168082,3.206913663168082,3.206913663168082,3.206913663168082,3.206913663168082,3.206913663168082,3.206913663168082,3.206913663168082,3.206913663168082,3.206913663168082,3.206913663168082,3.206913663168082,3.206913663168082,3.206913663168082,3.206913663168082,3.206913663168082,3.206913663168082,3.206913663168082,3.206913663168082,3.206913663168082,3.206913663168082,3.206913663168082,3.206913663168082,3.206913663168082,3.206913663168082,1.8455981379359614,1.8455981379359614,1.8455981379359614,1.8455981379359614,1.8455981379359614,1.8455981379359614,1.8455981379359614,1.8455981379359614,1.8455981379359614,1.8455981379359614,1.8455981379359614,1.8455981379359614,1.8455981379359614,1.8455981379359614,1.8455981379359614,1.8455981379359614,1.8455981379359614,1.8455981379359614,1.8455981379359614,1.8455981379359614,1.8455981379359614,1.8455981379359614,1.8455981379359614,1.8455981379359614,1.8455981379359614,1.8455981379359614,1.8455981379359614,1.8455981379359614,1.8455981379359614,1.8455981379359614,1.8455981379359614,1.8455981379359614,1.8455981379359614,1.8455981379359614,1.8455981379359614,1.8455981379359614,1.8455981379359614,1.8455981379359614,1.8455981379359614,1.8455981379359614,1.8455981379359614,1.8455981379359614,1.8455981379359614,1.8455981379359614,1.8455981379359614,1.8455981379359614,1.8455981379359614,1.8455981379359614,1.8455981379359614,1.8455981379359614,1.8455981379359614,1.8455981379359614,1.8455981379359614,1.8455981379359614,1.8455981379359614,1.8455981379359614,1.8455981379359614,1.8455981379359614,1.8455981379359614,1.8455981379359614,1.8455981379359614,1.8455981379359614,1.8455981379359614,1.8455981379359614,1.8455981379359614,1.8455981379359614,1.8455981379359614,1.8455981379359614,1.8455981379359614,1.8455981379359614,1.8455981379359614,1.8455981379359614,1.8455981379359614,1.8455981379359614,1.8455981379359614,1.8455981379359614,1.8455981379359614,1.8455981379359614,1.8455981379359614,1.8455981379359614,1.8455981379359614,1.8455981379359614,1.8455981379359614,1.8455981379359614,1.8455981379359614,1.8455981379359614,1.8455981379359614,1.8455981379359614,1.8455981379359614,1.8455981379359614,1.8455981379359614,1.8455981379359614,1.8455981379359614,1.8455981379359614,1.8455981379359614,1.8455981379359614,1.8455981379359614,1.8455981379359614,1.8455981379359614,1.8455981379359614,1.8455981379359614,1.8455981379359614,1.8455981379359614,1.8455981379359614,1.8455981379359614,1.8455981379359614,1.8455981379359614,1.8455981379359614,1.8455981379359614,1.8455981379359614,1.8455981379359614,1.8455981379359614,1.8455981379359614,1.8455981379359614,1.8455981379359614,1.8455981379359614,1.8455981379359614,1.8455981379359614,1.8455981379359614,1.8455981379359614,1.8455981379359614,1.8455981379359614,1.8455981379359614,1.8455981379359614,1.8455981379359614,1.8455981379359614,1.8455981379359614,1.8455981379359614,1.8455981379359614,1.8455981379359614,1.8455981379359614,1.8455981379359614,1.8455981379359614,1.8455981379359614,1.8455981379359614,1.8455981379359614,1.8455981379359614,1.8455981379359614,1.8455981379359614,1.8455981379359614,1.8455981379359614,1.8455981379359614,1.8455981379359614,1.8455981379359614,1.8455981379359614,1.8455981379359614,1.8455981379359614,1.8455981379359614,1.8455981379359614,1.8455981379359614,1.8455981379359614,1.8455981379359614,1.8455981379359614,1.8455981379359614,1.8455981379359614,1.8455981379359614,1.8455981379359614,1.8455981379359614,1.8455981379359614,1.8455981379359614,1.8455981379359614,1.8455981379359614,1.8455981379359614,1.8455981379359614,1.8455981379359614,1.8455981379359614,1.8455981379359614,1.8455981379359614,1.8455981379359614,1.8455981379359614,1.8455981379359614,1.8455981379359614,1.8455981379359614,1.8455981379359614,1.8455981379359614,1.8455981379359614,1.8455981379359614,1.8455981379359614,1.8455981379359614,1.8455981379359614,1.8455981379359614,1.8455981379359614,1.8455981379359614,1.8455981379359614,1.8455981379359614,1.8455981379359614,1.8455981379359614,1.8455981379359614,1.8455981379359614,1.8455981379359614,1.8455981379359614,1.8455981379359614,1.8455981379359614,1.8455981379359614,1.8455981379359614,1.8455981379359614,1.8455981379359614,1.8455981379359614,1.8455981379359614,1.8455981379359614,1.8455981379359614,1.8455981379359614,1.8455981379359614,1.8455981379359614,1.8455981379359614,1.8455981379359614,1.8455981379359614,1.8455981379359614,1.8455981379359614,1.8455981379359614,1.8455981379359614,1.8455981379359614,1.8455981379359614,1.8455981379359614,1.8455981379359614,1.8455981379359614,1.8455981379359614,1.8455981379359614,1.8455981379359614,1.8455981379359614,1.8455981379359614,1.8455981379359614,1.8455981379359614,1.8455981379359614,1.8455981379359614,1.8455981379359614,1.8455981379359614,1.8455981379359614,1.8455981379359614,1.8455981379359614,1.8455981379359614,1.8455981379359614,1.8455981379359614,1.8455981379359614,1.8455981379359614,1.8455981379359614,1.8455981379359614,1.8455981379359614,1.8455981379359614,1.8455981379359614,1.8455981379359614,1.8455981379359614,1.8455981379359614,1.8455981379359614,1.8455981379359614,1.8455981379359614,1.8455981379359614,1.8455981379359614,1.8455981379359614,1.8455981379359614,1.8455981379359614,1.8455981379359614,1.8455981379359614,1.8455981379359614,1.8455981379359614,1.8455981379359614,1.8455981379359614,1.8455981379359614,1.8455981379359614,1.8455981379359614,1.8455981379359614,1.8455981379359614,1.8455981379359614,1.8455981379359614,1.8455981379359614,1.8455981379359614,1.8455981379359614,1.8455981379359614,1.8455981379359614,1.8455981379359614,1.8455981379359614,1.8455981379359614,1.8455981379359614,1.8455981379359614,1.8455981379359614,1.8455981379359614,1.8455981379359614,1.8455981379359614,1.8455981379359614,1.8455981379359614,1.8455981379359614,1.8455981379359614,1.8455981379359614,1.8455981379359614,1.8455981379359614,1.8455981379359614,1.8455981379359614,1.8455981379359614,1.8455981379359614,1.8455981379359614,1.8455981379359614,1.8455981379359614,1.8455981379359614,1.8455981379359614,1.8455981379359614,1.8455981379359614,1.8455981379359614,1.8455981379359614,1.8455981379359614,1.8455981379359614,1.8455981379359614,1.8455981379359614,1.8455981379359614,1.8455981379359614,1.8455981379359614,1.8455981379359614,1.8455981379359614,1.8455981379359614,1.8455981379359614,1.8455981379359614,1.8455981379359614,1.8455981379359614,1.8455981379359614,1.8455981379359614,1.8455981379359614,1.8455981379359614,1.8455981379359614,1.8455981379359614,1.8455981379359614,1.8455981379359614,1.8455981379359614,1.8455981379359614,1.8455981379359614,1.8455981379359614,1.8455981379359614,1.8455981379359614,1.8455981379359614,1.8455981379359614,1.8455981379359614,1.8455981379359614,1.8455981379359614,1.8455981379359614,1.8455981379359614,1.8455981379359614,1.8455981379359614,1.8455981379359614,1.8455981379359614,1.8455981379359614,1.8455981379359614,1.8455981379359614,1.8455981379359614,1.8455981379359614,1.8455981379359614,1.8455981379359614,1.8455981379359614,1.8455981379359614,1.8455981379359614,1.8455981379359614,1.8455981379359614,1.8455981379359614,1.8455981379359614,1.8455981379359614,1.8455981379359614,1.8455981379359614,1.8455981379359614,1.8455981379359614,1.8455981379359614,1.8455981379359614,1.8455981379359614,1.8455981379359614,1.8455981379359614,1.8455981379359614,1.8455981379359614,1.8455981379359614,1.8455981379359614,1.8455981379359614,1.8455981379359614,1.8455981379359614,1.8455981379359614,1.8455981379359614,1.8455981379359614,1.8455981379359614,1.8455981379359614,1.8455981379359614,1.8455981379359614,1.8455981379359614,1.8455981379359614,1.8455981379359614,1.8455981379359614,1.8455981379359614,1.8455981379359614,1.8455981379359614,1.8455981379359614,1.8455981379359614,1.8455981379359614,1.8455981379359614,1.8455981379359614,1.8455981379359614,1.8455981379359614,1.8455981379359614,1.8455981379359614,1.8455981379359614,1.8455981379359614,1.8455981379359614,1.8455981379359614,1.8455981379359614,1.8455981379359614,1.8455981379359614,1.8455981379359614,1.8455981379359614,1.8455981379359614,1.8455981379359614,1.8455981379359614,1.8455981379359614,1.8455981379359614,1.8455981379359614,1.8455981379359614,1.8455981379359614,1.8455981379359614,1.8455981379359614,1.8455981379359614,1.8455981379359614,1.8455981379359614,1.8455981379359614,1.8455981379359614,1.8455981379359614,1.8455981379359614,1.8455981379359614,1.8455981379359614,1.8455981379359614,1.8455981379359614,1.8455981379359614,1.8455981379359614,1.8455981379359614,1.8455981379359614,1.8455981379359614,1.8455981379359614,1.8455981379359614,1.8455981379359614,1.8455981379359614,1.8455981379359614,1.8455981379359614,1.8455981379359614,1.8455981379359614,1.8455981379359614,1.8455981379359614,1.8455981379359614,1.8455981379359614,1.8455981379359614,1.8455981379359614,1.8455981379359614,1.8455981379359614,1.8455981379359614,1.8455981379359614,1.8455981379359614,1.8455981379359614,1.8455981379359614,1.8455981379359614,1.8455981379359614,1.8455981379359614,1.8455981379359614,1.8455981379359614,1.8455981379359614,1.8455981379359614,1.8455981379359614,1.8455981379359614,1.8455981379359614,1.8455981379359614,1.8455981379359614,1.8455981379359614,1.8455981379359614,1.8455981379359614,1.8455981379359614,1.8455981379359614,1.8455981379359614,1.8455981379359614,1.8455981379359614,1.8455981379359614,1.8455981379359614,1.8455981379359614,1.8455981379359614,1.8455981379359614,1.8455981379359614,1.8455981379359614,1.8455981379359614,1.8455981379359614,1.8455981379359614,1.8455981379359614,1.8455981379359614,1.8455981379359614,1.8455981379359614,1.8455981379359614,1.8455981379359614,1.8455981379359614,1.8455981379359614,1.8455981379359614,1.8455981379359614,1.8455981379359614,1.8455981379359614,1.8455981379359614,1.8455981379359614,1.8455981379359614,1.8455981379359614,1.8455981379359614,1.8455981379359614,1.8455981379359614,1.8455981379359614,1.8455981379359614,1.8455981379359614,1.8455981379359614,1.8455981379359614,1.8455981379359614,1.8455981379359614,1.8455981379359614,1.8455981379359614,1.8455981379359614,1.8455981379359614,1.8455981379359614,1.8455981379359614,1.8455981379359614,1.8455981379359614,1.8455981379359614,1.8455981379359614,1.8455981379359614,1.8455981379359614,1.8455981379359614,1.8455981379359614,1.8455981379359614,1.8455981379359614,1.8455981379359614,1.8455981379359614,1.8455981379359614,1.8455981379359614,1.8455981379359614,1.8455981379359614,1.8455981379359614,1.8455981379359614,1.8455981379359614,1.8455981379359614,1.8455981379359614,1.8455981379359614,1.8455981379359614,1.8455981379359614,1.8455981379359614,1.8455981379359614,1.8455981379359614,1.8455981379359614,1.8455981379359614,1.8455981379359614,1.8455981379359614,1.8455981379359614,1.8455981379359614,1.8455981379359614,1.8455981379359614,1.8455981379359614,1.8455981379359614,1.8455981379359614,1.8455981379359614,1.8455981379359614,1.8455981379359614,1.8455981379359614,1.8455981379359614,1.8455981379359614,1.8455981379359614,1.8455981379359614,1.8455981379359614,1.8455981379359614,1.8455981379359614,1.8455981379359614,1.8455981379359614,1.8455981379359614,1.8455981379359614,1.8455981379359614,1.8455981379359614,1.8455981379359614,1.8455981379359614,1.8455981379359614,1.8455981379359614,1.8455981379359614,1.8455981379359614,1.8455981379359614,1.8455981379359614,1.8455981379359614,1.8455981379359614,1.8455981379359614,1.8455981379359614,1.8455981379359614,1.8455981379359614,1.8455981379359614,1.8455981379359614,1.8455981379359614,1.8455981379359614,1.8455981379359614,1.8455981379359614,1.8455981379359614,1.8455981379359614,1.8455981379359614,1.8455981379359614,1.8455981379359614,1.8455981379359614,1.8455981379359614,1.8455981379359614,1.8455981379359614,1.8455981379359614,1.8455981379359614,1.8455981379359614,1.8455981379359614,1.8455981379359614,1.8455981379359614,1.8455981379359614,1.8455981379359614,1.8455981379359614,1.8455981379359614,1.8455981379359614,1.8455981379359614,1.8455981379359614,1.8455981379359614,1.8455981379359614,1.8455981379359614,1.8455981379359614,1.8455981379359614,1.8455981379359614,1.8455981379359614,1.8455981379359614,1.8455981379359614,1.8455981379359614,1.8455981379359614,1.8455981379359614,1.8455981379359614,1.8455981379359614,1.8455981379359614,1.8455981379359614,1.8455981379359614,1.8455981379359614,1.8455981379359614,1.8455981379359614,1.8455981379359614,1.8455981379359614,1.8455981379359614,1.8455981379359614,1.8455981379359614,1.8455981379359614,1.8455981379359614,1.8455981379359614,1.8455981379359614,1.8455981379359614,1.8455981379359614,1.8455981379359614,1.8455981379359614,1.8455981379359614,1.8455981379359614,1.8455981379359614,1.8455981379359614,1.8455981379359614,1.8455981379359614,1.8455981379359614,1.8455981379359614,1.8455981379359614,1.8455981379359614,1.8455981379359614,1.8455981379359614,1.8455981379359614,1.8455981379359614,1.8455981379359614,1.8455981379359614,1.8455981379359614,1.8455981379359614,1.8455981379359614,1.8455981379359614,1.8455981379359614,1.8455981379359614,1.8455981379359614,1.8455981379359614,1.8455981379359614,1.8455981379359614,1.8455981379359614,1.8455981379359614,1.8455981379359614,1.8455981379359614,1.8455981379359614,1.8455981379359614,1.8455981379359614,1.8455981379359614,1.8455981379359614,1.8455981379359614,1.8455981379359614,1.8455981379359614,1.8455981379359614,1.8455981379359614,1.8455981379359614,1.8455981379359614,1.8455981379359614,1.8455981379359614,1.8455981379359614,1.8455981379359614,1.8455981379359614,1.8455981379359614,1.8455981379359614,1.8455981379359614,1.8455981379359614,1.8455981379359614,1.8455981379359614,1.8455981379359614,1.8455981379359614,1.8455981379359614,1.8455981379359614,1.8455981379359614,1.8455981379359614,1.8455981379359614,1.8455981379359614,1.8455981379359614,1.8455981379359614,1.8455981379359614,1.8455981379359614,1.8455981379359614,1.8455981379359614,1.8455981379359614,1.8455981379359614,1.8455981379359614,1.8455981379359614,1.8455981379359614,1.8455981379359614,1.8455981379359614,1.8455981379359614,1.8455981379359614,1.8455981379359614,1.8455981379359614,1.8455981379359614,7.681614953456516,7.169972845422143,7.169972845422143,7.169972845422143,7.03021195260792,7.03021195260792,7.03021195260792,6.812491011709796,6.812491011709796,6.812491011709796,6.812491011709796,6.812491011709796,6.56986901919982,6.56986901919982,6.568540635157269,6.568540635157269,6.568540635157269,6.568540635157269,6.568540635157269,6.568540635157269,6.568540635157269,6.559132618810936,6.559132618810936,6.559132618810936,6.559132618810936,6.559132618810936,6.559132618810936,6.559132618810936,6.559132618810936,6.559132618810936,6.559132618810936,6.559132618810936,6.559132618810936,6.559132618810936,6.431703481342788,6.431703481342788,6.431703481342788,6.431703481342788,6.431703481342788,6.431703481342788,6.431703481342788,6.431703481342788,6.431703481342788,6.431703481342788,6.431703481342788,6.431703481342788,6.431703481342788,6.431703481342788,6.431703481342788,6.431703481342788,6.431703481342788,6.431703481342788,6.431703481342788,6.431703481342788,6.431703481342788,6.431703481342788,6.431703481342788,6.38422648848066,6.38422648848066,6.38422648848066,6.38422648848066,6.38422648848066,6.38422648848066,6.38422648848066,6.38422648848066,6.38422648848066,6.38422648848066,6.38422648848066,6.38422648848066,6.38422648848066,6.38422648848066,6.38422648848066,6.38422648848066,6.38422648848066,6.38422648848066,6.38422648848066,6.38422648848066,6.38422648848066,6.38422648848066,6.38422648848066,6.38422648848066,6.38422648848066,6.38422648848066,6.38422648848066,6.38422648848066,6.38422648848066,6.38422648848066,6.38422648848066,6.38422648848066,6.38422648848066,6.38422648848066,6.38422648848066,6.38422648848066,6.38422648848066,6.38422648848066,6.38422648848066,6.38422648848066,5.7732089710766505,5.7732089710766505,5.7732089710766505,5.7232076782104775,5.7232076782104775,5.568998567550591,5.568998567550591,5.502856234720469,4.832729062803802,4.660445482561048,4.660445482561048,4.660445482561048,4.660445482561048,4.660445482561048,4.660445482561048,4.660445482561048,4.660445482561048,4.660445482561048,4.660445482561048,4.660445482561048,4.660445482561048,4.660445482561048,4.660445482561048,4.660445482561048,4.660445482561048,4.660445482561048,4.660445482561048,4.660445482561048,4.660445482561048,4.660445482561048,4.660445482561048,4.660445482561048,4.660445482561048,4.660445482561048,4.660445482561048,4.660445482561048,4.660445482561048,4.660445482561048,4.660445482561048,4.660445482561048,4.660445482561048,4.660445482561048,4.660445482561048,4.660445482561048,4.660445482561048,4.660445482561048,4.660445482561048,4.660445482561048,4.660445482561048,4.660445482561048,4.660445482561048,4.660445482561048,4.660445482561048,4.660445482561048,4.660445482561048,4.660445482561048,4.660445482561048,4.660445482561048,4.660445482561048,4.660445482561048,4.660445482561048,4.660445482561048,4.660445482561048,4.660445482561048,4.660445482561048,4.660445482561048,4.660445482561048,4.660445482561048,4.660445482561048,4.660445482561048,4.660445482561048,2.8602909251187594,2.690651266656676,2.690651266656676,2.690651266656676,2.690651266656676,2.690651266656676,2.690651266656676,2.690651266656676,2.690651266656676,2.690651266656676,2.690651266656676,2.690651266656676,2.690651266656676,2.690651266656676,2.690651266656676,2.690651266656676,2.690651266656676,2.690651266656676,2.690651266656676,2.690651266656676,2.690651266656676,2.690651266656676,2.690651266656676,2.690651266656676,2.690651266656676,2.690651266656676,2.690651266656676,2.690651266656676,2.690651266656676,2.690651266656676,2.690651266656676,2.690651266656676,2.690651266656676,2.690651266656676,2.690651266656676,2.690651266656676,2.690651266656676,2.690651266656676,2.690651266656676,2.690651266656676,2.690651266656676,2.690651266656676,2.690651266656676,2.690651266656676,2.690651266656676,2.690651266656676,2.690651266656676,2.690651266656676,2.690651266656676,2.690651266656676,2.690651266656676,2.690651266656676,2.690651266656676,2.690651266656676,2.690651266656676,2.690651266656676,2.690651266656676,2.690651266656676,2.690651266656676,2.690651266656676,2.690651266656676,2.690651266656676,2.690651266656676,2.690651266656676,2.690651266656676,2.690651266656676,2.690651266656676,2.690651266656676,2.690651266656676,2.690651266656676,2.690651266656676,2.690651266656676,2.690651266656676,2.690651266656676,2.690651266656676,2.690651266656676,2.690651266656676,2.690651266656676,2.690651266656676,2.690651266656676,2.690651266656676,2.690651266656676,2.690651266656676,2.690651266656676,2.690651266656676,2.690651266656676,2.690651266656676,2.690651266656676,2.690651266656676,2.690651266656676,2.690651266656676,2.690651266656676,2.690651266656676,2.690651266656676,2.690651266656676,2.690651266656676,2.690651266656676,2.690651266656676,2.690651266656676,2.690651266656676,2.690651266656676,2.690651266656676,2.690651266656676,2.690651266656676,2.690651266656676,2.690651266656676,2.690651266656676,2.690651266656676,2.690651266656676,2.690651266656676,2.690651266656676,2.690651266656676,2.690651266656676,2.690651266656676,2.690651266656676,2.690651266656676,2.690651266656676,2.690651266656676,2.690651266656676,2.690651266656676,2.690651266656676,2.690651266656676,2.690651266656676,2.690651266656676,2.690651266656676,2.690651266656676,2.690651266656676,2.690651266656676,2.690651266656676,2.690651266656676,2.690651266656676,2.690651266656676,2.690651266656676,2.690651266656676,2.690651266656676,2.690651266656676,2.690651266656676,2.690651266656676,2.690651266656676,2.690651266656676,2.690651266656676,2.690651266656676,2.690651266656676,2.690651266656676,2.690651266656676,2.690651266656676,2.690651266656676,2.690651266656676,2.690651266656676,2.690651266656676,2.690651266656676,2.690651266656676,2.690651266656676,2.690651266656676,2.690651266656676,2.690651266656676,2.690651266656676,2.690651266656676,2.690651266656676,2.690651266656676,2.690651266656676,2.690651266656676,2.690651266656676,2.690651266656676,2.690651266656676,2.690651266656676,2.690651266656676,2.690651266656676,2.690651266656676,2.690651266656676,2.690651266656676,2.690651266656676,2.690651266656676,2.690651266656676,2.690651266656676,2.690651266656676,2.690651266656676,2.690651266656676,2.690651266656676,2.690651266656676,2.690651266656676,2.690651266656676,2.690651266656676,2.690651266656676,2.690651266656676,2.690651266656676,2.690651266656676,2.690651266656676,2.690651266656676,2.690651266656676,2.690651266656676,2.690651266656676,2.690651266656676,2.690651266656676,2.690651266656676,2.690651266656676,2.690651266656676,2.690651266656676,2.690651266656676,2.690651266656676,2.690651266656676,2.690651266656676,2.690651266656676,2.690651266656676,2.690651266656676,2.690651266656676,2.690651266656676,2.690651266656676,2.690651266656676,2.690651266656676,2.690651266656676,2.690651266656676,2.690651266656676,2.690651266656676,2.690651266656676,2.690651266656676,2.690651266656676,2.690651266656676,2.690651266656676,2.690651266656676,2.690651266656676,2.690651266656676,2.690651266656676,2.690651266656676,2.690651266656676,2.690651266656676,2.690651266656676,2.690651266656676,2.690651266656676,2.690651266656676,2.690651266656676,2.690651266656676,2.690651266656676,2.690651266656676,2.690651266656676,2.690651266656676,2.690651266656676,2.690651266656676,2.690651266656676,2.690651266656676,2.690651266656676,2.690651266656676,2.690651266656676,2.690651266656676,2.690651266656676,2.690651266656676,2.690651266656676,2.690651266656676,2.690651266656676,2.690651266656676,2.690651266656676,2.690651266656676,2.690651266656676,2.690651266656676,2.690651266656676,2.690651266656676,2.690651266656676,2.690651266656676,2.690651266656676,2.690651266656676,2.690651266656676,2.690651266656676,2.690651266656676,2.690651266656676,2.690651266656676,2.690651266656676,2.690651266656676,2.690651266656676,2.690651266656676,2.690651266656676,2.690651266656676,2.690651266656676,2.690651266656676,2.690651266656676,2.690651266656676,2.690651266656676,2.690651266656676,2.690651266656676,2.690651266656676,2.690651266656676,2.690651266656676,2.690651266656676,2.690651266656676,2.690651266656676,2.690651266656676,2.690651266656676,2.690651266656676,2.690651266656676,2.690651266656676,2.690651266656676,2.690651266656676,2.690651266656676,2.690651266656676,2.690651266656676,2.690651266656676,2.690651266656676,2.690651266656676,2.690651266656676,2.690651266656676,2.690651266656676,2.690651266656676,2.690651266656676,2.690651266656676,2.690651266656676,2.690651266656676,2.690651266656676,2.690651266656676,2.690651266656676,2.690651266656676,2.690651266656676,2.690651266656676,2.690651266656676,2.690651266656676,2.690651266656676,2.690651266656676,2.690651266656676,2.690651266656676,2.690651266656676,2.690651266656676,2.690651266656676,2.690651266656676,2.690651266656676,2.690651266656676,2.690651266656676,2.690651266656676,2.690651266656676,2.690651266656676,2.690651266656676,2.690651266656676,2.690651266656676,2.690651266656676,2.690651266656676,2.690651266656676,2.690651266656676,2.690651266656676,2.690651266656676,2.690651266656676,2.690651266656676,2.690651266656676,2.690651266656676,2.690651266656676,2.690651266656676,2.690651266656676,2.690651266656676,2.690651266656676,2.690651266656676,2.690651266656676,2.690651266656676,2.690651266656676,2.690651266656676,2.690651266656676,2.690651266656676,2.690651266656676,2.690651266656676,2.690651266656676,2.690651266656676,2.690651266656676,2.690651266656676,2.690651266656676,2.690651266656676,2.690651266656676,2.690651266656676,2.690651266656676,2.690651266656676,2.690651266656676,2.690651266656676,2.690651266656676,2.690651266656676,2.690651266656676,2.690651266656676,2.690651266656676,2.690651266656676,2.690651266656676,2.690651266656676,2.690651266656676,2.690651266656676,2.690651266656676,2.690651266656676,2.690651266656676,2.690651266656676,2.690651266656676,2.690651266656676,2.690651266656676,2.690651266656676,2.690651266656676,2.690651266656676,2.690651266656676,2.690651266656676,2.690651266656676,2.690651266656676,2.690651266656676,2.690651266656676,2.690651266656676,2.690651266656676,2.690651266656676,2.690651266656676,2.690651266656676,2.690651266656676,2.690651266656676,2.690651266656676,2.690651266656676,2.690651266656676,2.690651266656676,2.690651266656676,2.690651266656676,2.690651266656676,2.690651266656676,2.690651266656676,2.690651266656676,2.690651266656676,2.690651266656676,2.690651266656676,2.690651266656676,2.690651266656676,2.690651266656676,2.690651266656676,2.690651266656676,2.690651266656676,2.690651266656676,2.690651266656676,2.690651266656676,2.690651266656676,2.690651266656676,2.690651266656676,2.690651266656676,2.690651266656676,2.690651266656676,2.690651266656676,2.690651266656676,2.690651266656676,2.690651266656676,2.690651266656676,2.690651266656676,2.690651266656676,2.690651266656676,2.690651266656676,2.690651266656676,2.690651266656676,2.690651266656676,2.690651266656676,2.690651266656676,2.690651266656676,2.690651266656676,2.690651266656676,2.690651266656676,2.690651266656676,2.690651266656676,2.690651266656676,2.690651266656676,2.690651266656676,2.690651266656676,2.690651266656676,2.690651266656676,2.690651266656676,2.690651266656676,2.690651266656676,2.690651266656676,2.690651266656676,2.690651266656676,2.690651266656676,2.690651266656676,2.690651266656676,2.690651266656676,2.690651266656676,2.690651266656676,2.690651266656676,2.690651266656676,2.690651266656676,2.690651266656676,2.690651266656676,2.690651266656676,2.690651266656676,2.690651266656676,2.690651266656676,2.690651266656676,2.690651266656676,2.690651266656676,2.690651266656676,2.690651266656676,2.690651266656676,2.690651266656676,2.690651266656676,2.690651266656676,2.690651266656676,2.690651266656676,2.690651266656676,2.690651266656676,2.690651266656676,2.690651266656676,2.690651266656676,2.690651266656676,2.690651266656676,2.690651266656676,2.690651266656676,2.690651266656676,2.690651266656676,2.690651266656676,2.690651266656676,2.690651266656676,2.690651266656676,2.690651266656676,2.690651266656676,2.690651266656676,2.690651266656676,2.690651266656676,2.690651266656676,2.690651266656676,2.690651266656676,2.690651266656676,2.690651266656676,2.690651266656676,2.690651266656676,2.690651266656676,2.690651266656676,2.690651266656676,2.690651266656676,2.690651266656676,2.690651266656676,2.690651266656676,2.690651266656676,2.690651266656676,2.690651266656676,2.690651266656676,2.690651266656676,2.690651266656676,2.690651266656676,2.690651266656676,2.690651266656676,2.690651266656676,2.690651266656676,2.690651266656676,2.690651266656676,2.690651266656676,2.690651266656676,2.690651266656676,2.690651266656676,2.690651266656676,2.690651266656676,2.690651266656676,2.690651266656676,2.690651266656676,2.690651266656676,2.690651266656676,2.690651266656676,2.690651266656676,2.690651266656676,2.690651266656676,2.690651266656676,2.690651266656676,2.690651266656676,2.690651266656676,2.690651266656676,2.690651266656676,2.690651266656676,2.690651266656676,2.690651266656676,2.690651266656676,2.690651266656676,2.690651266656676,2.690651266656676,2.690651266656676,2.690651266656676,2.690651266656676,2.690651266656676,2.690651266656676,2.690651266656676,2.690651266656676,2.690651266656676,2.690651266656676,2.690651266656676,2.690651266656676,2.690651266656676,2.690651266656676,2.690651266656676,2.690651266656676,2.690651266656676,2.690651266656676,2.690651266656676,2.690651266656676,2.690651266656676,2.690651266656676,2.690651266656676,2.690651266656676,2.690651266656676,2.690651266656676,2.690651266656676,2.690651266656676,2.690651266656676,2.690651266656676,2.690651266656676,2.690651266656676,2.690651266656676,2.690651266656676,2.690651266656676,2.690651266656676,2.690651266656676,2.690651266656676,2.690651266656676,2.690651266656676,2.690651266656676,2.690651266656676,2.690651266656676,2.690651266656676,2.690651266656676,2.690651266656676,2.690651266656676,2.690651266656676,2.690651266656676,2.690651266656676,2.690651266656676,2.690651266656676,2.690651266656676,2.690651266656676,2.690651266656676,2.690651266656676,2.690651266656676,2.690651266656676,2.690651266656676,2.690651266656676,2.690651266656676,2.690651266656676,2.690651266656676,2.690651266656676,2.690651266656676,2.690651266656676,2.690651266656676,2.690651266656676,2.690651266656676,2.690651266656676,2.690651266656676,2.690651266656676,2.690651266656676,2.690651266656676,2.690651266656676,2.690651266656676,2.690651266656676,2.690651266656676,2.690651266656676,2.690651266656676,2.690651266656676,2.690651266656676,2.690651266656676,2.690651266656676,2.690651266656676,2.690651266656676,2.690651266656676,2.690651266656676,2.690651266656676,2.690651266656676,2.690651266656676,2.690651266656676,2.690651266656676,2.690651266656676,2.690651266656676,2.690651266656676,2.690651266656676,2.690651266656676,2.690651266656676,2.690651266656676,2.690651266656676,2.690651266656676,2.690651266656676,2.690651266656676,2.690651266656676,2.690651266656676,2.690651266656676,2.690651266656676,2.690651266656676,2.690651266656676,2.690651266656676,2.690651266656676,2.690651266656676,2.690651266656676,2.690651266656676,2.690651266656676,2.690651266656676,2.690651266656676,2.690651266656676,2.690651266656676,2.690651266656676,2.690651266656676,2.690651266656676,2.690651266656676,2.690651266656676,2.690651266656676,2.690651266656676,2.690651266656676,2.690651266656676,2.690651266656676,2.690651266656676,2.690651266656676,2.690651266656676,2.690651266656676,2.690651266656676,2.690651266656676,2.690651266656676,2.690651266656676,2.690651266656676,2.690651266656676,2.690651266656676,2.690651266656676,2.690651266656676,2.690651266656676,2.690651266656676,2.690651266656676,2.690651266656676,2.690651266656676,2.690651266656676,2.690651266656676,2.690651266656676,2.690651266656676,2.690651266656676,2.690651266656676,2.690651266656676,2.690651266656676,2.690651266656676,2.690651266656676,2.690651266656676,2.690651266656676,2.690651266656676,2.690651266656676,2.690651266656676,2.690651266656676,2.690651266656676,2.690651266656676,2.690651266656676,2.690651266656676,2.690651266656676,2.690651266656676,2.690651266656676,2.690651266656676,2.690651266656676,2.690651266656676,2.690651266656676,2.690651266656676,2.690651266656676,2.690651266656676,2.690651266656676,2.690651266656676,2.690651266656676,2.690651266656676,2.690651266656676,2.690651266656676,2.690651266656676,2.690651266656676,2.690651266656676,2.690651266656676,2.690651266656676,2.690651266656676,2.690651266656676,2.690651266656676,2.690651266656676,2.690651266656676,2.690651266656676,2.690651266656676,2.690651266656676,2.690651266656676,2.690651266656676,2.690651266656676,2.690651266656676,2.690651266656676,2.690651266656676,2.690651266656676,2.690651266656676,2.690651266656676,2.690651266656676,2.690651266656676,2.690651266656676,2.690651266656676,2.690651266656676,2.690651266656676,2.690651266656676,2.690651266656676,2.690651266656676,2.690651266656676,2.690651266656676,2.690651266656676,2.690651266656676,2.690651266656676,2.690651266656676,2.690651266656676,2.690651266656676,2.690651266656676,2.690651266656676,2.690651266656676,2.690651266656676,2.690651266656676,2.690651266656676,2.690651266656676,2.690651266656676,2.690651266656676,2.690651266656676,2.690651266656676,2.690651266656676,2.690651266656676,2.690651266656676,2.690651266656676,2.690651266656676,2.690651266656676,2.690651266656676,2.690651266656676,2.690651266656676,2.690651266656676,2.690651266656676,2.690651266656676,2.690651266656676,2.690651266656676,2.690651266656676,2.690651266656676,2.690651266656676,2.690651266656676,2.690651266656676,2.690651266656676,2.690651266656676,2.690651266656676,2.690651266656676,2.690651266656676,2.690651266656676,2.690651266656676,2.690651266656676,2.690651266656676,2.690651266656676,2.690651266656676,2.690651266656676,2.690651266656676,2.690651266656676,2.690651266656676,2.690651266656676,2.690651266656676,2.690651266656676,2.690651266656676,2.690651266656676,7.169101641791036,7.169101641791036,6.505491782503468,6.505491782503468,6.505491782503468,6.505491782503468,6.505491782503468,6.505491782503468,6.505491782503468,6.505491782503468,6.505491782503468,6.505491782503468,6.505491782503468,6.505491782503468,6.505491782503468,6.505491782503468,6.505491782503468,6.505491782503468,6.505491782503468,6.505491782503468,6.505491782503468,6.505491782503468,6.505491782503468,6.1577550807071395,5.93887975654935,5.93887975654935,5.93887975654935,5.93887975654935,5.800359247910119,5.800359247910119,5.800359247910119,5.794740935169961,5.794740935169961,5.794740935169961,5.794740935169961,5.794740935169961,5.794740935169961,5.794740935169961,5.794740935169961,5.794740935169961,5.514254815701286,5.514254815701286,5.514254815701286,5.514254815701286,5.514254815701286,5.514254815701286,5.514254815701286,5.514254815701286,5.514254815701286,5.514254815701286,5.514254815701286,5.514254815701286,5.514254815701286,5.514254815701286,5.514254815701286,5.514254815701286,5.514254815701286,5.514254815701286,5.514254815701286,5.514254815701286,5.514254815701286,5.514254815701286,5.514254815701286,5.514254815701286,5.514254815701286,5.514254815701286,5.514254815701286,5.514254815701286,5.514254815701286,5.514254815701286,5.514254815701286,5.514254815701286,5.514254815701286,5.514254815701286,5.514254815701286,5.514254815701286,5.514254815701286,5.514254815701286,5.514254815701286,5.514254815701286,5.514254815701286,5.514254815701286,5.514254815701286,5.514254815701286,5.514254815701286,5.514254815701286,5.514254815701286,5.514254815701286,5.514254815701286,5.514254815701286,5.514254815701286,5.514254815701286,5.514254815701286,5.514254815701286,5.514254815701286,5.514254815701286,5.514254815701286,5.514254815701286,5.514254815701286,5.514254815701286,5.514254815701286,5.514254815701286,5.514254815701286,5.514254815701286,5.514254815701286,5.514254815701286,5.514254815701286,5.514254815701286,5.514254815701286,5.514254815701286,5.514254815701286,5.514254815701286,5.514254815701286,5.514254815701286,5.514254815701286,5.514254815701286,5.514254815701286,5.514254815701286,5.514254815701286,5.514254815701286,5.514254815701286,5.514254815701286,5.514254815701286,5.514254815701286,5.388903287912823,5.388903287912823,4.691248472258946,4.691248472258946,4.691248472258946,4.691248472258946,4.691248472258946,4.691248472258946,4.691248472258946,4.691248472258946,4.691248472258946,4.691248472258946,4.691248472258946,4.691248472258946,4.691248472258946,4.691248472258946,4.691248472258946,4.691248472258946,4.691248472258946,4.691248472258946,4.691248472258946,4.691248472258946,4.691248472258946,4.691248472258946,4.691248472258946,4.691248472258946,4.691248472258946,4.691248472258946,4.691248472258946,4.691248472258946,4.691248472258946,4.691248472258946,4.691248472258946,4.691248472258946,4.691248472258946,4.691248472258946,4.691248472258946,4.691248472258946,4.691248472258946,4.691248472258946,4.691248472258946,4.691248472258946,4.691248472258946,4.691248472258946,4.691248472258946,4.691248472258946,4.691248472258946,4.691248472258946,4.691248472258946,4.691248472258946,4.691248472258946,4.691248472258946,4.691248472258946,4.691248472258946,4.691248472258946,4.691248472258946,4.691248472258946,4.691248472258946,4.691248472258946,4.691248472258946,4.691248472258946,4.691248472258946,4.691248472258946,4.691248472258946,4.691248472258946,4.691248472258946,4.691248472258946,4.691248472258946,4.691248472258946,4.691248472258946,4.691248472258946,4.691248472258946,4.691248472258946,4.691248472258946,4.691248472258946,4.691248472258946,4.691248472258946,4.691248472258946,4.691248472258946,4.691248472258946,4.691248472258946,4.691248472258946,4.691248472258946,4.691248472258946,4.691248472258946,4.691248472258946,4.691248472258946,4.691248472258946,4.691248472258946,4.691248472258946,4.691248472258946,4.660028901376984,4.660028901376984,4.660028901376984,4.660028901376984,4.660028901376984,4.660028901376984,4.660028901376984,4.660028901376984,4.660028901376984,4.660028901376984,4.660028901376984,4.660028901376984,4.660028901376984,4.660028901376984,4.660028901376984,4.660028901376984,4.660028901376984,4.660028901376984,4.660028901376984,4.660028901376984,4.660028901376984,4.660028901376984,4.660028901376984,4.660028901376984,4.660028901376984,4.660028901376984,4.660028901376984,4.660028901376984,4.660028901376984,4.660028901376984,4.660028901376984,4.660028901376984,4.660028901376984,4.660028901376984,4.660028901376984,4.660028901376984,4.660028901376984,4.660028901376984,4.660028901376984,4.660028901376984,4.660028901376984,4.660028901376984,4.660028901376984,4.660028901376984,4.660028901376984,4.660028901376984,4.660028901376984,4.660028901376984,4.660028901376984,4.660028901376984,4.660028901376984,4.660028901376984,4.660028901376984,4.660028901376984,4.660028901376984,4.660028901376984,4.660028901376984,4.660028901376984,4.660028901376984,4.660028901376984,4.660028901376984,4.660028901376984,4.660028901376984,4.660028901376984,4.660028901376984,4.660028901376984,4.660028901376984,4.660028901376984,4.660028901376984,4.660028901376984,4.660028901376984,4.660028901376984,4.660028901376984,4.660028901376984,4.660028901376984,4.660028901376984,4.660028901376984,4.660028901376984,4.660028901376984,4.660028901376984,4.660028901376984,4.660028901376984,4.660028901376984,4.660028901376984,4.660028901376984,4.660028901376984,4.660028901376984,4.660028901376984,4.660028901376984,4.660028901376984,4.660028901376984,4.660028901376984,4.660028901376984,4.660028901376984,4.660028901376984,4.660028901376984,4.660028901376984,4.660028901376984,4.660028901376984,4.660028901376984,4.660028901376984,4.660028901376984,4.660028901376984,4.660028901376984,4.660028901376984,4.660028901376984,4.660028901376984,4.660028901376984,4.660028901376984,4.660028901376984,4.660028901376984,4.660028901376984,4.660028901376984,4.660028901376984,4.660028901376984,4.660028901376984,4.660028901376984,4.660028901376984,4.660028901376984,4.660028901376984,4.660028901376984,4.660028901376984,4.660028901376984,4.660028901376984,4.660028901376984,4.660028901376984,4.660028901376984,4.660028901376984,4.660028901376984,4.660028901376984,4.660028901376984,4.660028901376984,4.660028901376984,4.660028901376984,4.660028901376984,4.660028901376984,4.660028901376984,4.660028901376984,4.660028901376984,4.660028901376984,4.660028901376984,4.660028901376984,4.660028901376984,4.660028901376984,4.660028901376984,4.660028901376984,4.660028901376984,4.660028901376984,4.660028901376984,4.660028901376984,4.660028901376984,4.660028901376984,4.660028901376984,4.660028901376984,4.660028901376984,4.660028901376984,4.660028901376984,4.660028901376984,4.660028901376984,4.660028901376984,4.660028901376984,4.660028901376984,4.660028901376984,4.660028901376984,4.660028901376984,4.660028901376984,4.660028901376984,4.660028901376984,4.660028901376984,4.660028901376984,4.660028901376984,4.660028901376984,4.660028901376984,4.660028901376984,4.660028901376984,4.660028901376984,4.660028901376984,4.660028901376984,4.660028901376984,4.660028901376984,4.660028901376984,4.660028901376984,4.660028901376984,4.660028901376984,4.660028901376984,4.660028901376984,4.660028901376984,4.660028901376984,4.660028901376984,4.660028901376984,4.660028901376984,4.660028901376984,4.660028901376984,4.660028901376984,4.660028901376984,4.660028901376984,4.660028901376984,4.660028901376984,4.660028901376984,4.660028901376984,4.660028901376984,4.660028901376984,4.660028901376984,4.660028901376984,4.660028901376984,4.660028901376984,4.660028901376984,4.660028901376984,4.660028901376984,4.660028901376984,4.660028901376984,4.660028901376984,4.660028901376984,4.660028901376984,4.660028901376984,4.660028901376984,4.660028901376984,4.660028901376984,4.660028901376984,4.660028901376984,4.660028901376984,4.660028901376984,4.660028901376984,4.660028901376984,4.660028901376984,4.660028901376984,4.660028901376984,4.660028901376984,4.660028901376984,4.660028901376984,4.660028901376984,4.660028901376984,4.660028901376984,4.660028901376984,4.660028901376984,4.660028901376984,4.660028901376984,4.660028901376984,4.660028901376984,4.660028901376984,4.660028901376984,4.660028901376984,4.660028901376984,4.660028901376984,4.660028901376984,4.660028901376984,4.660028901376984,4.660028901376984,4.660028901376984,4.660028901376984,4.660028901376984,4.660028901376984,4.660028901376984,4.660028901376984,4.660028901376984,4.660028901376984,4.660028901376984,4.660028901376984,4.660028901376984,4.660028901376984,4.660028901376984,4.660028901376984,4.660028901376984,4.660028901376984,4.660028901376984,4.660028901376984,4.660028901376984,4.660028901376984,4.660028901376984,4.660028901376984,4.660028901376984,4.660028901376984,4.660028901376984,4.660028901376984,4.660028901376984,4.660028901376984,4.660028901376984,4.660028901376984,4.660028901376984,4.660028901376984,4.660028901376984,4.660028901376984,4.660028901376984,4.660028901376984,4.660028901376984,4.660028901376984,4.660028901376984,4.660028901376984,4.660028901376984,4.660028901376984,4.660028901376984,4.660028901376984,4.660028901376984,4.660028901376984,4.660028901376984,4.660028901376984,4.660028901376984,4.660028901376984,4.660028901376984,4.660028901376984,4.660028901376984,4.660028901376984,4.660028901376984,4.660028901376984,4.660028901376984,4.660028901376984,4.660028901376984,4.660028901376984,4.660028901376984,4.660028901376984,4.660028901376984,4.660028901376984,4.660028901376984,4.660028901376984,4.660028901376984,4.660028901376984,4.660028901376984,4.660028901376984,4.660028901376984,4.660028901376984,4.660028901376984,4.660028901376984,4.660028901376984,4.660028901376984,4.660028901376984,4.660028901376984,4.660028901376984,4.660028901376984,4.660028901376984,4.660028901376984,4.660028901376984,4.660028901376984,4.660028901376984,4.660028901376984,4.660028901376984,4.660028901376984,4.660028901376984,4.660028901376984,4.660028901376984,4.660028901376984,4.660028901376984,4.660028901376984,4.660028901376984,4.660028901376984,4.660028901376984,4.660028901376984,4.660028901376984,4.660028901376984,4.660028901376984,4.660028901376984,4.660028901376984,4.660028901376984,4.660028901376984,4.660028901376984,4.660028901376984,4.660028901376984,4.660028901376984,4.660028901376984,4.660028901376984,4.660028901376984,4.660028901376984,4.660028901376984,4.660028901376984,4.660028901376984,4.660028901376984,4.660028901376984,4.660028901376984,4.660028901376984,4.660028901376984,4.660028901376984,4.660028901376984,4.660028901376984,4.660028901376984,4.660028901376984,4.660028901376984,4.660028901376984,4.660028901376984,4.660028901376984,4.660028901376984,4.660028901376984,4.660028901376984,4.660028901376984,4.660028901376984,4.660028901376984,4.660028901376984,4.660028901376984,4.660028901376984,4.660028901376984,4.660028901376984,4.660028901376984,4.660028901376984,4.660028901376984,4.660028901376984,4.660028901376984,4.660028901376984,4.660028901376984,4.660028901376984,4.660028901376984,4.660028901376984,4.660028901376984,4.660028901376984,4.660028901376984,4.660028901376984,4.660028901376984,4.660028901376984,4.660028901376984,4.660028901376984,4.660028901376984,4.660028901376984,4.660028901376984,4.660028901376984,4.660028901376984,4.660028901376984,4.660028901376984,4.660028901376984,4.660028901376984,4.660028901376984,4.660028901376984,4.660028901376984,4.660028901376984,4.660028901376984,4.660028901376984,4.660028901376984,4.660028901376984,4.660028901376984,4.660028901376984,4.660028901376984,4.660028901376984,4.660028901376984,4.660028901376984,4.660028901376984,4.660028901376984,4.660028901376984,4.660028901376984,4.660028901376984,4.660028901376984,4.660028901376984,4.660028901376984,4.660028901376984,4.660028901376984,4.660028901376984,4.660028901376984,4.660028901376984,4.660028901376984,4.660028901376984,4.660028901376984,4.660028901376984,4.660028901376984,4.660028901376984,4.660028901376984,4.660028901376984,4.660028901376984,4.660028901376984,4.660028901376984,4.660028901376984,4.660028901376984,4.660028901376984,4.660028901376984,4.660028901376984,4.660028901376984,4.660028901376984,4.660028901376984,4.660028901376984,4.660028901376984,4.660028901376984,4.660028901376984,4.660028901376984,4.660028901376984,4.660028901376984,4.660028901376984,4.660028901376984,4.660028901376984,4.660028901376984,4.660028901376984,4.660028901376984,4.660028901376984,4.660028901376984,4.660028901376984,4.660028901376984,4.660028901376984,4.660028901376984,4.660028901376984,4.660028901376984,4.660028901376984,4.660028901376984,4.660028901376984,4.660028901376984,4.660028901376984,4.660028901376984,4.660028901376984,4.660028901376984,4.660028901376984,4.660028901376984,4.660028901376984,4.660028901376984,4.660028901376984,4.660028901376984,4.660028901376984,4.660028901376984,4.660028901376984,4.660028901376984,4.660028901376984,4.660028901376984,4.660028901376984,4.660028901376984,4.660028901376984,4.660028901376984,4.660028901376984,4.660028901376984,4.660028901376984,4.660028901376984,4.660028901376984,4.660028901376984,4.660028901376984,4.660028901376984,4.660028901376984,4.660028901376984,4.660028901376984,4.660028901376984,4.660028901376984,4.660028901376984,4.660028901376984,4.660028901376984,4.660028901376984,4.660028901376984,4.660028901376984,4.660028901376984,4.660028901376984,4.660028901376984,4.660028901376984,4.660028901376984,4.660028901376984,4.660028901376984,4.660028901376984,4.660028901376984,4.660028901376984,4.660028901376984,4.660028901376984,4.660028901376984,4.660028901376984,4.660028901376984,4.660028901376984,4.660028901376984,4.660028901376984,4.660028901376984,4.660028901376984,4.660028901376984,4.660028901376984,4.660028901376984,4.660028901376984,4.660028901376984,4.660028901376984,4.660028901376984,4.660028901376984,4.660028901376984,4.660028901376984,4.660028901376984,4.660028901376984,4.660028901376984,4.660028901376984,4.660028901376984,4.660028901376984,4.660028901376984,4.660028901376984,4.660028901376984,4.660028901376984,4.660028901376984,4.660028901376984,4.660028901376984,4.660028901376984,4.660028901376984,4.660028901376984,4.660028901376984,4.660028901376984,4.660028901376984,4.660028901376984,4.660028901376984,4.660028901376984,4.660028901376984,4.660028901376984,4.660028901376984,4.660028901376984,4.660028901376984,4.660028901376984,4.660028901376984,4.660028901376984,4.660028901376984,4.660028901376984,4.660028901376984,4.660028901376984,4.660028901376984,4.660028901376984,4.660028901376984,4.660028901376984,4.660028901376984,4.660028901376984,4.660028901376984,4.660028901376984,4.660028901376984,4.660028901376984,4.660028901376984,4.660028901376984,4.660028901376984,4.660028901376984,4.660028901376984,4.660028901376984,4.660028901376984,4.660028901376984,4.660028901376984,4.660028901376984,4.660028901376984,4.660028901376984,4.660028901376984,4.660028901376984,4.660028901376984,4.660028901376984,4.660028901376984,4.660028901376984,4.660028901376984,4.660028901376984,4.660028901376984,4.660028901376984,4.660028901376984,4.660028901376984,4.660028901376984,4.660028901376984,4.660028901376984,4.660028901376984,4.660028901376984,4.660028901376984,4.660028901376984,4.660028901376984,4.660028901376984,4.660028901376984,4.660028901376984,4.660028901376984,4.660028901376984,4.660028901376984,4.660028901376984,4.660028901376984,4.660028901376984,4.660028901376984,4.660028901376984,4.660028901376984,4.660028901376984,4.660028901376984,4.660028901376984,4.660028901376984,4.660028901376984,4.660028901376984,4.660028901376984,4.660028901376984,4.660028901376984,4.660028901376984,4.660028901376984,4.660028901376984,4.660028901376984,4.660028901376984,4.660028901376984,4.660028901376984,4.660028901376984,4.660028901376984,4.660028901376984,4.660028901376984,4.660028901376984,4.660028901376984,4.660028901376984,4.660028901376984,4.660028901376984,4.660028901376984,4.660028901376984,4.660028901376984,4.660028901376984,4.660028901376984,4.660028901376984,4.660028901376984,4.660028901376984,4.660028901376984,4.660028901376984,4.660028901376984,4.660028901376984,4.660028901376984,4.660028901376984,4.660028901376984,4.660028901376984,4.660028901376984,4.660028901376984,4.660028901376984,4.660028901376984,4.660028901376984,4.660028901376984,4.660028901376984,4.660028901376984,4.660028901376984,4.660028901376984,4.660028901376984,4.660028901376984,4.660028901376984,4.660028901376984,4.660028901376984,4.660028901376984,4.660028901376984,4.660028901376984,4.660028901376984,4.660028901376984,4.660028901376984,4.660028901376984,4.660028901376984,4.660028901376984,4.660028901376984,4.660028901376984,4.660028901376984,4.660028901376984,4.660028901376984,4.660028901376984,4.660028901376984,4.660028901376984,4.660028901376984,4.660028901376984,4.660028901376984,4.660028901376984,4.660028901376984,4.660028901376984,4.660028901376984,4.660028901376984,4.660028901376984,4.660028901376984,4.660028901376984,4.660028901376984,4.660028901376984,4.660028901376984,4.660028901376984,4.660028901376984,4.660028901376984,4.660028901376984,4.660028901376984,4.660028901376984,4.660028901376984,4.660028901376984,4.660028901376984,4.660028901376984,4.660028901376984,4.660028901376984,4.660028901376984,4.660028901376984,4.660028901376984,4.660028901376984,4.660028901376984,4.660028901376984,4.660028901376984,4.660028901376984,4.660028901376984,4.660028901376984,4.660028901376984,4.660028901376984,4.660028901376984,4.660028901376984,4.660028901376984,4.660028901376984,4.660028901376984,4.660028901376984,4.660028901376984,4.660028901376984,4.660028901376984,4.660028901376984,4.660028901376984,4.660028901376984,4.660028901376984,4.660028901376984,4.660028901376984,4.660028901376984,4.660028901376984,4.660028901376984,4.660028901376984,4.660028901376984,4.660028901376984,4.660028901376984,4.660028901376984,4.660028901376984,4.660028901376984,4.660028901376984,4.660028901376984,4.660028901376984,4.660028901376984,4.660028901376984,9.180230753448718,9.180230753448718,8.710284414799528,8.710284414799528,8.710284414799528,8.710284414799528,8.710284414799528,8.286561668289185,8.286561668289185,8.286561668289185,8.286561668289185,8.286561668289185,8.286561668289185,8.286561668289185,8.286561668289185,8.286561668289185,8.286561668289185,8.286561668289185,8.286561668289185,8.286561668289185,8.286561668289185,8.286561668289185,8.286561668289185,8.286561668289185,8.286561668289185,8.286561668289185,8.246215303429617,8.246215303429617,8.038647375116495,8.038647375116495,8.038647375116495,8.038647375116495,8.038647375116495,8.038647375116495,8.038647375116495,8.038647375116495,8.038647375116495,8.038647375116495,8.038647375116495,8.038647375116495,8.038647375116495,8.038647375116495,8.038647375116495,8.038647375116495,8.038647375116495,8.038647375116495,8.038647375116495,8.038647375116495,8.038647375116495,8.038647375116495,8.038647375116495,8.038647375116495,8.038647375116495,8.038647375116495,8.038647375116495,8.038647375116495,8.038647375116495,8.038647375116495,8.038647375116495,8.038647375116495,8.038647375116495,8.038647375116495,8.038647375116495,8.038647375116495,8.038647375116495,8.038647375116495,8.038647375116495,8.038647375116495,8.038647375116495,8.038647375116495,8.038647375116495,8.038647375116495,8.038647375116495,8.038647375116495,8.038647375116495,8.038647375116495,8.038647375116495,8.038647375116495,8.038647375116495,8.038647375116495,8.038647375116495,8.038647375116495,8.038647375116495,8.038647375116495,8.038647375116495,8.038647375116495,8.038647375116495,8.038647375116495,8.038647375116495,8.038647375116495,8.038647375116495,8.038647375116495,8.038647375116495,8.038647375116495,8.038647375116495,8.038647375116495,8.038647375116495,8.038647375116495,8.038647375116495,8.038647375116495,8.038647375116495,8.038647375116495,8.038647375116495,8.038647375116495,8.038647375116495,8.038647375116495,8.038647375116495,8.038647375116495,8.038647375116495,8.038647375116495,8.038647375116495,8.038647375116495,8.038647375116495,8.038647375116495,8.038647375116495,8.038647375116495,8.038647375116495,7.805626046417792,6.650611646028186,6.650611646028186,6.650611646028186,6.650611646028186,6.650611646028186,6.650611646028186,6.650611646028186,6.650611646028186,6.650611646028186,6.650611646028186,6.650611646028186,6.650611646028186,6.650611646028186,6.650611646028186,6.650611646028186,6.650611646028186,6.650611646028186,6.384845580193359,6.384845580193359,6.384845580193359,6.384845580193359,5.995601434266201,5.995601434266201,5.995601434266201,5.995601434266201,5.917964103109445,5.917964103109445,5.917964103109445,5.917964103109445,5.917964103109445,5.917964103109445,5.917964103109445,5.917964103109445,5.917964103109445,5.917964103109445,5.917964103109445,5.917964103109445,5.917964103109445,5.917964103109445,5.917964103109445,5.917964103109445,5.917964103109445,5.917964103109445,5.917964103109445,5.917964103109445,5.917964103109445,5.917964103109445,5.917964103109445,5.917964103109445,5.917964103109445,5.917964103109445,5.917964103109445,5.917964103109445,5.917964103109445,5.917964103109445,5.917964103109445,5.917964103109445,5.917964103109445,5.917964103109445,5.917964103109445,5.917964103109445,5.917964103109445,5.917964103109445,5.917964103109445,5.917964103109445,5.917964103109445,5.917964103109445,5.917964103109445,5.917964103109445,5.917964103109445,5.917964103109445,5.917964103109445,5.917964103109445,5.917964103109445,5.917964103109445,5.917964103109445,5.917964103109445,5.917964103109445,5.917964103109445,5.917964103109445,5.917964103109445,5.917964103109445,5.917964103109445,5.917964103109445,5.917964103109445,5.917964103109445,5.917964103109445,5.917964103109445,5.917964103109445,5.917964103109445,5.917964103109445,5.917964103109445,5.917964103109445,5.917964103109445,5.917964103109445,5.917964103109445,5.917964103109445,5.917964103109445,5.917964103109445,5.917964103109445,5.917964103109445,5.917964103109445,5.917964103109445,5.917964103109445,5.917964103109445,5.917964103109445,5.917964103109445,5.917964103109445,5.917964103109445,5.917964103109445,5.917964103109445,5.917964103109445,5.917964103109445,5.917964103109445,5.917964103109445,5.917964103109445,5.917964103109445,5.917964103109445,5.917964103109445,5.917964103109445,5.917964103109445,5.917964103109445,5.917964103109445,5.917964103109445,5.917964103109445,5.917964103109445,5.917964103109445,5.917964103109445,5.917964103109445,5.917964103109445,5.917964103109445,5.917964103109445,5.917964103109445,5.917964103109445,5.917964103109445,5.917964103109445,5.917964103109445,5.917964103109445,5.917964103109445,5.917964103109445,5.917964103109445,5.917964103109445,5.917964103109445,5.917964103109445,5.917964103109445,5.917964103109445,5.917964103109445,5.917964103109445,5.917964103109445,5.917964103109445,5.917964103109445,5.917964103109445,5.917964103109445,5.917964103109445,5.917964103109445,5.917964103109445,5.917964103109445,5.917964103109445,5.917964103109445,5.917964103109445,5.917964103109445,5.917964103109445,5.917964103109445,5.917964103109445,5.917964103109445,5.917964103109445,5.917964103109445,5.917964103109445,5.917964103109445,5.917964103109445,5.917964103109445,5.917964103109445,5.917964103109445,5.917964103109445,5.917964103109445,5.917964103109445,5.917964103109445,5.917964103109445,5.917964103109445,5.917964103109445,5.917964103109445,5.917964103109445,5.917964103109445,5.917964103109445,5.917964103109445,5.917964103109445,5.917964103109445,5.917964103109445,5.917964103109445,5.917964103109445,5.917964103109445,5.917964103109445,5.917964103109445,5.917964103109445,5.917964103109445,5.917964103109445,5.917964103109445,5.917964103109445,5.917964103109445,5.917964103109445,5.917964103109445,5.917964103109445,5.917964103109445,5.917964103109445,5.917964103109445,5.917964103109445,5.917964103109445,5.917964103109445,5.917964103109445,5.917964103109445,5.917964103109445,5.917964103109445,5.917964103109445,5.917964103109445,5.917964103109445,5.917964103109445,5.917964103109445,5.917964103109445,5.917964103109445,5.855749684201865,5.855749684201865,5.855749684201865,5.855749684201865,5.855749684201865,5.855749684201865,5.855749684201865,5.855749684201865,5.855749684201865,5.855749684201865,5.855749684201865,5.855749684201865,5.855749684201865,5.855749684201865,5.855749684201865,5.855749684201865,5.855749684201865,5.855749684201865,5.855749684201865,5.855749684201865,5.855749684201865,5.855749684201865,5.855749684201865,5.855749684201865,5.855749684201865,5.855749684201865,5.855749684201865,5.855749684201865,5.855749684201865,5.855749684201865,5.855749684201865,5.855749684201865,5.855749684201865,5.855749684201865,5.855749684201865,5.855749684201865,5.855749684201865,5.855749684201865,5.855749684201865,5.855749684201865,5.855749684201865,5.855749684201865,5.855749684201865,5.855749684201865,5.855749684201865,5.855749684201865,5.855749684201865,5.855749684201865,5.855749684201865,5.855749684201865,5.855749684201865,5.855749684201865,5.855749684201865,5.855749684201865,5.855749684201865,5.855749684201865,5.855749684201865,5.855749684201865,5.855749684201865,5.855749684201865,5.855749684201865,5.855749684201865,5.855749684201865,5.855749684201865,5.855749684201865,5.855749684201865,5.855749684201865,5.855749684201865,5.855749684201865,5.855749684201865,5.855749684201865,5.855749684201865,5.855749684201865,5.855749684201865,5.855749684201865,5.855749684201865,5.855749684201865,5.855749684201865,5.855749684201865,5.855749684201865,5.855749684201865,5.855749684201865,5.855749684201865,5.855749684201865,5.855749684201865,5.855749684201865,5.855749684201865,5.855749684201865,5.855749684201865,5.855749684201865,5.855749684201865,5.855749684201865,5.855749684201865,5.855749684201865,5.855749684201865,5.855749684201865,5.855749684201865,5.855749684201865,5.855749684201865,5.855749684201865,5.855749684201865,5.855749684201865,5.855749684201865,5.855749684201865,5.855749684201865,5.855749684201865,5.855749684201865,5.855749684201865,5.855749684201865,5.855749684201865,5.855749684201865,5.855749684201865,5.855749684201865,5.855749684201865,5.855749684201865,5.855749684201865,5.855749684201865,5.855749684201865,3.8053766087422396,3.8053766087422396,3.8053766087422396,3.8053766087422396,3.8053766087422396,3.8053766087422396,3.8053766087422396,3.8053766087422396,3.8053766087422396,3.8053766087422396,3.8053766087422396,3.8053766087422396,3.8053766087422396,3.8053766087422396,3.8053766087422396,3.8053766087422396,3.8053766087422396,3.8053766087422396,3.8053766087422396,3.8053766087422396,3.8053766087422396,3.8053766087422396,3.8053766087422396,3.8053766087422396,3.8053766087422396,3.8053766087422396,3.8053766087422396,3.8053766087422396,3.8053766087422396,3.8053766087422396,3.8053766087422396,3.8053766087422396,3.8053766087422396,3.8053766087422396,3.8053766087422396,3.8053766087422396,3.8053766087422396,3.8053766087422396,3.8053766087422396,3.8053766087422396,3.8053766087422396,3.8053766087422396,3.8053766087422396,3.8053766087422396,3.8053766087422396,3.8053766087422396,3.8053766087422396,3.8053766087422396,3.8053766087422396,3.8053766087422396,3.8053766087422396,3.8053766087422396,3.8053766087422396,3.8053766087422396,3.8053766087422396,3.8053766087422396,3.8053766087422396,3.8053766087422396,3.8053766087422396,3.8053766087422396,3.8053766087422396,3.8053766087422396,3.8053766087422396,3.8053766087422396,3.8053766087422396,3.8053766087422396,3.8053766087422396,3.8053766087422396,3.8053766087422396,3.8053766087422396,3.8053766087422396,3.8053766087422396,3.8053766087422396,3.8053766087422396,3.8053766087422396,3.8053766087422396,3.8053766087422396,3.8053766087422396,3.8053766087422396,3.8053766087422396,3.8053766087422396,3.8053766087422396,3.8053766087422396,3.8053766087422396,3.8053766087422396,3.8053766087422396,3.8053766087422396,3.8053766087422396,3.8053766087422396,3.8053766087422396,3.8053766087422396,3.8053766087422396,3.8053766087422396,3.8053766087422396,3.8053766087422396,3.8053766087422396,3.8053766087422396,3.8053766087422396,3.8053766087422396,3.8053766087422396,3.8053766087422396,3.8053766087422396,3.8053766087422396,3.8053766087422396,3.8053766087422396,3.8053766087422396,3.8053766087422396,3.8053766087422396,3.8053766087422396,3.8053766087422396,3.8053766087422396,3.8053766087422396,3.8053766087422396,3.8053766087422396,3.8053766087422396,3.8053766087422396,3.8053766087422396,3.8053766087422396,3.8053766087422396,3.8053766087422396,3.8053766087422396,3.8053766087422396,3.8053766087422396,3.8053766087422396,3.8053766087422396,3.8053766087422396,3.8053766087422396,3.8053766087422396,3.8053766087422396,3.8053766087422396,3.8053766087422396,3.8053766087422396,3.8053766087422396,3.8053766087422396,3.8053766087422396,3.8053766087422396,3.8053766087422396,3.8053766087422396,3.8053766087422396,3.8053766087422396,3.8053766087422396,3.8053766087422396,3.8053766087422396,3.8053766087422396,3.8053766087422396,3.8053766087422396,3.8053766087422396,3.8053766087422396,3.8053766087422396,3.8053766087422396,3.8053766087422396,3.8053766087422396,3.8053766087422396,3.8053766087422396,3.8053766087422396,3.8053766087422396,3.8053766087422396,3.8053766087422396,3.8053766087422396,3.8053766087422396,3.8053766087422396,3.8053766087422396,3.8053766087422396,3.8053766087422396,3.8053766087422396,3.8053766087422396,3.8053766087422396,3.8053766087422396,3.8053766087422396,3.8053766087422396,3.8053766087422396,3.8053766087422396,3.8053766087422396,3.8053766087422396,3.8053766087422396,3.8053766087422396,3.8053766087422396,3.8053766087422396,3.8053766087422396,3.8053766087422396,3.8053766087422396,3.8053766087422396,3.8053766087422396,3.8053766087422396,3.8053766087422396,3.8053766087422396,3.8053766087422396,3.8053766087422396,3.8053766087422396,3.8053766087422396,3.8053766087422396,3.8053766087422396,3.8053766087422396,3.8053766087422396,3.8053766087422396,3.8053766087422396,3.8053766087422396,3.8053766087422396,3.8053766087422396,3.8053766087422396,3.8053766087422396,3.8053766087422396,3.8053766087422396,3.8053766087422396,3.8053766087422396,3.8053766087422396,3.8053766087422396,3.8053766087422396,3.8053766087422396,3.8053766087422396,3.8053766087422396,3.8053766087422396,3.8053766087422396,3.8053766087422396,3.8053766087422396,3.8053766087422396,3.8053766087422396,3.8053766087422396,3.8053766087422396,3.8053766087422396,3.8053766087422396,3.8053766087422396,3.8053766087422396,3.8053766087422396,3.8053766087422396,3.8053766087422396,3.8053766087422396,3.8053766087422396,3.8053766087422396,3.8053766087422396,3.8053766087422396,3.8053766087422396,3.8053766087422396,3.8053766087422396,3.8053766087422396,3.8053766087422396,3.8053766087422396,3.8053766087422396,3.8053766087422396,3.8053766087422396,3.8053766087422396,3.8053766087422396,3.8053766087422396,3.8053766087422396,3.8053766087422396,3.8053766087422396,3.8053766087422396,3.8053766087422396,3.8053766087422396,3.8053766087422396,3.8053766087422396,3.8053766087422396,3.8053766087422396,3.8053766087422396,3.8053766087422396,3.8053766087422396,3.8053766087422396,3.8053766087422396,3.8053766087422396,3.8053766087422396,3.8053766087422396,3.8053766087422396,3.8053766087422396,3.8053766087422396,3.8053766087422396,3.8053766087422396,3.8053766087422396,3.8053766087422396,3.8053766087422396,3.8053766087422396,3.8053766087422396,3.8053766087422396,3.8053766087422396,3.8053766087422396,3.8053766087422396,3.8053766087422396,3.8053766087422396,3.8053766087422396,3.8053766087422396,3.8053766087422396,3.8053766087422396,3.8053766087422396,3.8053766087422396,3.8053766087422396,3.8053766087422396,3.8053766087422396,3.8053766087422396,3.8053766087422396,3.8053766087422396,3.8053766087422396,3.8053766087422396,3.8053766087422396,3.8053766087422396,3.8053766087422396,3.8053766087422396,3.8053766087422396,3.8053766087422396,3.8053766087422396,3.8053766087422396,3.8053766087422396,3.8053766087422396,3.8053766087422396,3.8053766087422396,3.8053766087422396,3.8053766087422396,3.8053766087422396,3.8053766087422396,3.8053766087422396,3.8053766087422396,3.8053766087422396,3.8053766087422396,3.8053766087422396,3.8053766087422396,3.8053766087422396,3.8053766087422396,3.8053766087422396,3.8053766087422396,3.8053766087422396,3.8053766087422396,3.8053766087422396,3.8053766087422396,3.8053766087422396,3.8053766087422396,3.8053766087422396,3.8053766087422396,3.8053766087422396,3.8053766087422396,3.8053766087422396,3.8053766087422396,3.8053766087422396,3.8053766087422396,3.8053766087422396,3.8053766087422396,3.8053766087422396,3.8053766087422396,3.8053766087422396,3.8053766087422396,3.8053766087422396,3.8053766087422396,3.8053766087422396,3.8053766087422396,3.8053766087422396,3.8053766087422396,3.8053766087422396,3.8053766087422396,3.8053766087422396,3.8053766087422396,3.8053766087422396,3.8053766087422396,3.8053766087422396,3.8053766087422396,3.8053766087422396,3.8053766087422396,3.8053766087422396,3.8053766087422396,3.8053766087422396,3.8053766087422396,3.8053766087422396,3.8053766087422396,3.8053766087422396,3.8053766087422396,3.8053766087422396,3.8053766087422396,3.8053766087422396,3.8053766087422396,3.8053766087422396,3.8053766087422396,3.8053766087422396,3.8053766087422396,3.8053766087422396,3.8053766087422396,3.8053766087422396,3.8053766087422396,3.8053766087422396,3.8053766087422396,3.8053766087422396,3.8053766087422396,3.8053766087422396,3.8053766087422396,3.8053766087422396,3.8053766087422396,3.8053766087422396,3.8053766087422396,3.8053766087422396,3.8053766087422396,3.8053766087422396,3.8053766087422396,3.8053766087422396,3.8053766087422396,3.8053766087422396,3.8053766087422396,3.8053766087422396,3.8053766087422396,3.8053766087422396,3.8053766087422396,3.8053766087422396,3.8053766087422396,3.8053766087422396,3.8053766087422396,3.8053766087422396,3.8053766087422396,3.8053766087422396,3.8053766087422396,3.8053766087422396,3.8053766087422396,3.8053766087422396,3.8053766087422396,3.8053766087422396,3.8053766087422396,3.8053766087422396,3.8053766087422396,3.8053766087422396,3.8053766087422396,3.8053766087422396,3.8053766087422396,3.8053766087422396,3.8053766087422396,3.8053766087422396,3.8053766087422396,3.8053766087422396,3.8053766087422396,3.8053766087422396,3.8053766087422396,3.8053766087422396,3.8053766087422396,3.8053766087422396,3.8053766087422396,3.8053766087422396,3.8053766087422396,3.8053766087422396,3.8053766087422396,3.8053766087422396,3.8053766087422396,3.8053766087422396,3.8053766087422396,3.8053766087422396,3.8053766087422396,3.8053766087422396,3.8053766087422396,3.8053766087422396,3.8053766087422396,3.8053766087422396,3.8053766087422396,3.8053766087422396,3.8053766087422396,3.8053766087422396,3.8053766087422396,3.8053766087422396,3.8053766087422396,3.8053766087422396,3.8053766087422396,3.8053766087422396,3.8053766087422396,3.8053766087422396,3.8053766087422396,3.8053766087422396,3.8053766087422396,3.8053766087422396,3.8053766087422396,3.8053766087422396,3.8053766087422396,3.8053766087422396,3.8053766087422396,3.8053766087422396,3.8053766087422396,3.8053766087422396,3.8053766087422396,3.8053766087422396,3.8053766087422396,3.8053766087422396,3.8053766087422396,3.8053766087422396,3.8053766087422396,3.8053766087422396,3.8053766087422396,3.8053766087422396,3.8053766087422396,3.8053766087422396,3.8053766087422396,3.8053766087422396,3.8053766087422396,3.8053766087422396,3.8053766087422396,3.8053766087422396,3.8053766087422396,3.8053766087422396,3.8053766087422396,3.8053766087422396,3.8053766087422396,3.8053766087422396,3.8053766087422396,3.8053766087422396,3.8053766087422396,3.8053766087422396,3.8053766087422396,3.8053766087422396,3.8053766087422396,3.8053766087422396,3.8053766087422396,3.8053766087422396,3.8053766087422396,3.8053766087422396,3.8053766087422396,3.8053766087422396,3.8053766087422396,3.8053766087422396,3.8053766087422396,3.8053766087422396,3.8053766087422396,3.8053766087422396,3.8053766087422396,3.8053766087422396,3.8053766087422396,3.8053766087422396,3.8053766087422396,3.8053766087422396,3.8053766087422396,3.8053766087422396,3.8053766087422396,3.8053766087422396,3.8053766087422396,3.8053766087422396,3.8053766087422396,3.8053766087422396,3.8053766087422396,3.8053766087422396,3.8053766087422396,3.8053766087422396,3.8053766087422396,3.8053766087422396,3.8053766087422396,3.8053766087422396,3.8053766087422396,3.8053766087422396,3.8053766087422396,3.8053766087422396,3.8053766087422396,3.8053766087422396,3.8053766087422396,3.8053766087422396,3.8053766087422396,3.8053766087422396,3.8053766087422396,3.8053766087422396,3.8053766087422396,7.442992712503187,6.655051913572044,6.655051913572044,6.655051913572044,6.167214459697915,5.826325880923629,5.737459643758838,5.737459643758838,5.737459643758838,5.737459643758838,5.737459643758838,5.737459643758838,5.737459643758838,5.531093937650304,5.469335044814023,5.469335044814023,5.469335044814023,5.469335044814023,5.469335044814023,5.469335044814023,5.469335044814023,5.469335044814023,5.469335044814023,5.469335044814023,5.469335044814023,5.469335044814023,5.469335044814023,5.469335044814023,5.469335044814023,5.469335044814023,5.469335044814023,5.469335044814023,5.469335044814023,5.277262861240911,5.277262861240911,5.277262861240911,5.277262861240911,5.277262861240911,4.3903625154018275,4.3903625154018275,4.3903625154018275,4.3903625154018275,4.3903625154018275,4.3903625154018275,4.3903625154018275,4.3903625154018275,4.3903625154018275,4.3903625154018275,4.3903625154018275,4.3903625154018275,4.171502877752588,4.171502877752588,4.171502877752588,4.171502877752588,4.171502877752588,4.171502877752588,4.171502877752588,4.171502877752588,4.171502877752588,4.171502877752588,4.171502877752588,4.171502877752588,4.171502877752588,4.171502877752588,4.171502877752588,4.171502877752588,4.171502877752588,4.171502877752588,4.171502877752588,4.171502877752588,4.171502877752588,4.171502877752588,4.171502877752588,4.171502877752588,4.171502877752588,4.171502877752588,4.171502877752588,4.171502877752588,4.171502877752588,4.171502877752588,4.171502877752588,4.171502877752588,4.171502877752588,4.171502877752588,4.171502877752588,4.171502877752588,4.171502877752588,4.171502877752588,4.171502877752588,4.171502877752588,4.171502877752588,4.171502877752588,4.171502877752588,4.171502877752588,4.171502877752588,4.171502877752588,4.171502877752588,4.171502877752588,4.171502877752588,4.171502877752588,4.171502877752588,4.171502877752588,4.171502877752588,4.171502877752588,4.171502877752588,4.171502877752588,4.171502877752588,4.171502877752588,4.171502877752588,4.171502877752588,4.171502877752588,4.171502877752588,4.171502877752588,4.171502877752588,4.171502877752588,4.171502877752588,4.171502877752588,4.171502877752588,4.171502877752588,4.171502877752588,4.171502877752588,4.171502877752588,4.171502877752588,4.171502877752588,4.171502877752588,4.171502877752588,4.171502877752588,4.171502877752588,4.171502877752588,4.171502877752588,4.171502877752588,4.171502877752588,4.171502877752588,4.171502877752588,4.171502877752588,4.171502877752588,4.171502877752588,4.171502877752588,4.171502877752588,4.171502877752588,4.171502877752588,4.171502877752588,4.171502877752588,4.171502877752588,3.9053536885359907,3.9053536885359907,3.9053536885359907,3.9053536885359907,3.9053536885359907,3.336029992111454,3.336029992111454,3.336029992111454,3.336029992111454,3.336029992111454,3.336029992111454,3.336029992111454,3.336029992111454,3.336029992111454,3.336029992111454,3.336029992111454,3.336029992111454,3.336029992111454,3.336029992111454,3.336029992111454,3.336029992111454,3.336029992111454,3.336029992111454,3.336029992111454,3.336029992111454,3.336029992111454,3.336029992111454,3.336029992111454,3.336029992111454,3.336029992111454,3.336029992111454,3.336029992111454,3.336029992111454,3.336029992111454,3.336029992111454,3.336029992111454,3.336029992111454,3.336029992111454,3.336029992111454,3.336029992111454,3.336029992111454,3.336029992111454,3.336029992111454,3.336029992111454,3.336029992111454,3.336029992111454,3.336029992111454,3.336029992111454,3.336029992111454,3.336029992111454,3.336029992111454,3.336029992111454,3.336029992111454,3.336029992111454,3.336029992111454,3.336029992111454,3.336029992111454,3.336029992111454,3.336029992111454,3.336029992111454,3.336029992111454,3.336029992111454,3.336029992111454,3.336029992111454,3.336029992111454,3.336029992111454,3.336029992111454,3.336029992111454,3.336029992111454,3.336029992111454,3.336029992111454,3.336029992111454,3.336029992111454,3.336029992111454,3.336029992111454,3.336029992111454,3.336029992111454,3.336029992111454,3.336029992111454,3.336029992111454,3.336029992111454,3.336029992111454,3.336029992111454,3.336029992111454,3.336029992111454,3.336029992111454,3.336029992111454,3.336029992111454,3.336029992111454,3.336029992111454,3.336029992111454,3.336029992111454,3.336029992111454,3.336029992111454,3.336029992111454,3.336029992111454,3.336029992111454,3.336029992111454,3.336029992111454,3.336029992111454,3.336029992111454,3.336029992111454,3.336029992111454,3.336029992111454,3.336029992111454,3.336029992111454,3.336029992111454,3.336029992111454,3.336029992111454,3.336029992111454,3.336029992111454,3.336029992111454,3.336029992111454,3.336029992111454,3.336029992111454,3.336029992111454,3.336029992111454,3.336029992111454,3.336029992111454,3.336029992111454,3.336029992111454,3.336029992111454,3.336029992111454,3.336029992111454,3.336029992111454,3.336029992111454,3.336029992111454,3.336029992111454,3.336029992111454,3.336029992111454,3.336029992111454,3.336029992111454,3.336029992111454,3.336029992111454,3.336029992111454,3.336029992111454,3.336029992111454,3.336029992111454,3.336029992111454,3.336029992111454,3.336029992111454,3.336029992111454,3.336029992111454,3.336029992111454,3.336029992111454,3.336029992111454,3.336029992111454,3.336029992111454,3.336029992111454,3.336029992111454,3.336029992111454,3.336029992111454,3.336029992111454,3.336029992111454,3.336029992111454,3.336029992111454,3.336029992111454,3.336029992111454,3.336029992111454,3.336029992111454,3.336029992111454,3.336029992111454,3.336029992111454,3.336029992111454,3.336029992111454,3.336029992111454,3.336029992111454,3.336029992111454,3.336029992111454,3.336029992111454,3.336029992111454,3.336029992111454,3.336029992111454,3.336029992111454,3.336029992111454,3.336029992111454,3.336029992111454,3.336029992111454,3.336029992111454,3.336029992111454,3.336029992111454,3.336029992111454,3.336029992111454,3.336029992111454,3.336029992111454,3.336029992111454,3.336029992111454,3.336029992111454,3.336029992111454,3.336029992111454,3.336029992111454,3.336029992111454,3.336029992111454,3.336029992111454,3.336029992111454,3.336029992111454,3.336029992111454,3.336029992111454,3.336029992111454,3.336029992111454,3.336029992111454,3.336029992111454,3.336029992111454,3.336029992111454,3.336029992111454,3.336029992111454,3.336029992111454,3.336029992111454,3.336029992111454,3.336029992111454,3.336029992111454,3.336029992111454,3.336029992111454,3.336029992111454,3.336029992111454,3.336029992111454,3.336029992111454,3.336029992111454,3.336029992111454,3.336029992111454,3.336029992111454,3.336029992111454,3.336029992111454,3.336029992111454,3.336029992111454,3.336029992111454,3.336029992111454,3.336029992111454,3.336029992111454,3.336029992111454,3.336029992111454,3.336029992111454,3.336029992111454,3.336029992111454,3.336029992111454,3.336029992111454,3.336029992111454,3.336029992111454,3.336029992111454,3.336029992111454,3.336029992111454,3.336029992111454,3.336029992111454,3.336029992111454,3.336029992111454,3.336029992111454,3.336029992111454,3.336029992111454,3.336029992111454,3.336029992111454,3.336029992111454,3.336029992111454,3.336029992111454,3.336029992111454,3.336029992111454,3.336029992111454,3.336029992111454,3.336029992111454,3.336029992111454,3.336029992111454,3.336029992111454,3.336029992111454,3.336029992111454,3.336029992111454,3.336029992111454,3.336029992111454,3.336029992111454,3.336029992111454,3.336029992111454,3.336029992111454,3.336029992111454,3.336029992111454,3.336029992111454,3.336029992111454,3.336029992111454,3.336029992111454,3.336029992111454,3.336029992111454,3.336029992111454,3.336029992111454,3.336029992111454,3.336029992111454,3.336029992111454,3.336029992111454,3.336029992111454,3.336029992111454,3.336029992111454,3.336029992111454,3.336029992111454,3.336029992111454,3.336029992111454,3.336029992111454,3.336029992111454,3.336029992111454,3.336029992111454,3.336029992111454,3.336029992111454,3.336029992111454,3.336029992111454,3.336029992111454,3.336029992111454,3.336029992111454,3.336029992111454,3.336029992111454,3.336029992111454,3.336029992111454,3.336029992111454,3.336029992111454,3.336029992111454,3.336029992111454,3.336029992111454,3.336029992111454,3.336029992111454,3.336029992111454,3.336029992111454,3.336029992111454,3.336029992111454,3.336029992111454,3.336029992111454,3.336029992111454,3.336029992111454,3.336029992111454,3.336029992111454,3.336029992111454,3.336029992111454,3.336029992111454,3.336029992111454,3.336029992111454,3.336029992111454,3.336029992111454,3.336029992111454,3.336029992111454,3.336029992111454,3.336029992111454,3.336029992111454,3.336029992111454,3.336029992111454,3.336029992111454,3.336029992111454,3.336029992111454,3.336029992111454,3.336029992111454,3.336029992111454,3.336029992111454,3.336029992111454,3.336029992111454,3.336029992111454,3.336029992111454,3.336029992111454,3.336029992111454,3.336029992111454,3.336029992111454,3.336029992111454,3.336029992111454,3.336029992111454,3.336029992111454,3.336029992111454,3.336029992111454,3.336029992111454,3.336029992111454,3.336029992111454,3.336029992111454,3.336029992111454,3.336029992111454,3.336029992111454,3.336029992111454,3.336029992111454,3.336029992111454,3.336029992111454,3.336029992111454,3.336029992111454,3.336029992111454,3.336029992111454,3.336029992111454,3.336029992111454,3.336029992111454,3.336029992111454,3.336029992111454,3.336029992111454,3.336029992111454,3.336029992111454,3.336029992111454,3.336029992111454,3.336029992111454,3.336029992111454,3.336029992111454,3.336029992111454,3.336029992111454,3.336029992111454,3.336029992111454,3.336029992111454,3.336029992111454,3.336029992111454,3.336029992111454,3.336029992111454,3.336029992111454,3.336029992111454,3.336029992111454,3.336029992111454,3.336029992111454,3.336029992111454,3.336029992111454,3.336029992111454,3.336029992111454,3.336029992111454,3.336029992111454,3.336029992111454,3.336029992111454,3.336029992111454,3.336029992111454,3.336029992111454,3.336029992111454,3.336029992111454,3.336029992111454,3.336029992111454,3.336029992111454,3.336029992111454,3.336029992111454,3.336029992111454,3.336029992111454,3.336029992111454,3.336029992111454,3.336029992111454,3.336029992111454,3.336029992111454,3.336029992111454,3.336029992111454,3.336029992111454,3.336029992111454,3.336029992111454,3.336029992111454,3.336029992111454,3.336029992111454,3.336029992111454,3.336029992111454,3.336029992111454,3.336029992111454,3.336029992111454,3.336029992111454,3.336029992111454,3.336029992111454,3.336029992111454,3.336029992111454,3.336029992111454,3.336029992111454,3.336029992111454,3.336029992111454,3.336029992111454,3.336029992111454,3.336029992111454,3.336029992111454,3.336029992111454,3.336029992111454,3.336029992111454,3.336029992111454,3.336029992111454,3.336029992111454,3.336029992111454,3.336029992111454,3.336029992111454,3.336029992111454,3.336029992111454,3.336029992111454,3.336029992111454,3.336029992111454,3.336029992111454,3.336029992111454,3.336029992111454,3.336029992111454,3.336029992111454,3.336029992111454,3.336029992111454,3.336029992111454,3.336029992111454,3.336029992111454,3.336029992111454,3.336029992111454,3.336029992111454,3.336029992111454,3.336029992111454,3.336029992111454,3.336029992111454,3.336029992111454,3.336029992111454,3.336029992111454,3.336029992111454,3.336029992111454,3.336029992111454,3.336029992111454,3.336029992111454,3.336029992111454,3.336029992111454,3.336029992111454,3.336029992111454,3.336029992111454,3.336029992111454,3.336029992111454,3.336029992111454,3.336029992111454,3.336029992111454,3.336029992111454,3.336029992111454,3.336029992111454,3.336029992111454,3.336029992111454,3.336029992111454,3.336029992111454,3.336029992111454,3.336029992111454,3.336029992111454,3.336029992111454,3.336029992111454,3.336029992111454,3.336029992111454,3.336029992111454,3.336029992111454,3.336029992111454,3.336029992111454,3.336029992111454,3.336029992111454,3.336029992111454,3.336029992111454,3.336029992111454,3.336029992111454,3.336029992111454,3.336029992111454,3.336029992111454,3.336029992111454,3.336029992111454,3.336029992111454,3.336029992111454,3.336029992111454,3.336029992111454,3.336029992111454,3.336029992111454,3.336029992111454,3.336029992111454,3.336029992111454,3.336029992111454,3.336029992111454,3.336029992111454,3.336029992111454,3.336029992111454,3.336029992111454,3.336029992111454,3.336029992111454,3.336029992111454,3.336029992111454,3.336029992111454,3.336029992111454,3.336029992111454,3.336029992111454,3.336029992111454,3.336029992111454,3.336029992111454,3.336029992111454,3.336029992111454,3.336029992111454,3.336029992111454,3.336029992111454,3.336029992111454,3.336029992111454,3.336029992111454,3.336029992111454,3.336029992111454,3.336029992111454,3.336029992111454,3.336029992111454,3.336029992111454,3.336029992111454,3.336029992111454,3.336029992111454,3.336029992111454,3.336029992111454,3.336029992111454,3.336029992111454,3.336029992111454,3.336029992111454,3.336029992111454,3.336029992111454,3.336029992111454,3.336029992111454,3.336029992111454,3.336029992111454,3.336029992111454,3.336029992111454,3.336029992111454,3.336029992111454,3.336029992111454,3.336029992111454,3.336029992111454,3.336029992111454,3.336029992111454,3.336029992111454,3.336029992111454,3.336029992111454,3.336029992111454,3.336029992111454,3.336029992111454,3.336029992111454,3.336029992111454,3.336029992111454,3.336029992111454,3.336029992111454,3.336029992111454,3.336029992111454,3.336029992111454,3.336029992111454,3.336029992111454,3.336029992111454,3.336029992111454,3.336029992111454,3.336029992111454,3.336029992111454,3.336029992111454,3.336029992111454,3.336029992111454,3.336029992111454,3.336029992111454,3.336029992111454,3.336029992111454,3.336029992111454,3.336029992111454,3.336029992111454,3.336029992111454,3.336029992111454,3.336029992111454,3.336029992111454,3.336029992111454,3.336029992111454,3.336029992111454,3.336029992111454,3.336029992111454,3.336029992111454,3.336029992111454,3.336029992111454,3.336029992111454,3.336029992111454,3.336029992111454,3.336029992111454,3.336029992111454,3.336029992111454,3.336029992111454,3.336029992111454,3.336029992111454,3.336029992111454,3.336029992111454,3.336029992111454,3.336029992111454,3.336029992111454,3.336029992111454,3.336029992111454,3.336029992111454,3.336029992111454,3.336029992111454,3.336029992111454,3.336029992111454,3.336029992111454,3.336029992111454,3.336029992111454,3.336029992111454,3.336029992111454,3.336029992111454,3.336029992111454,3.336029992111454,3.336029992111454,3.336029992111454,3.336029992111454,3.336029992111454,3.336029992111454,3.336029992111454,3.336029992111454,3.336029992111454,3.336029992111454,3.336029992111454,3.336029992111454,3.336029992111454,3.336029992111454,3.336029992111454,3.336029992111454,3.336029992111454,3.336029992111454,3.336029992111454,3.336029992111454,3.336029992111454,3.336029992111454,3.336029992111454,3.336029992111454,3.336029992111454,3.336029992111454,3.336029992111454,3.336029992111454,3.336029992111454,3.336029992111454,3.336029992111454,3.336029992111454,3.336029992111454,3.336029992111454,3.336029992111454,3.336029992111454,3.336029992111454,3.336029992111454,3.336029992111454,3.336029992111454,3.336029992111454,3.336029992111454,3.336029992111454,3.336029992111454,3.336029992111454,3.336029992111454,3.336029992111454,3.336029992111454,3.336029992111454,3.336029992111454,3.336029992111454,3.336029992111454,3.336029992111454,3.336029992111454,3.336029992111454,3.336029992111454,3.336029992111454,3.336029992111454,3.336029992111454,3.336029992111454,3.336029992111454,3.336029992111454,3.336029992111454,3.336029992111454,3.336029992111454,3.336029992111454,3.336029992111454,3.336029992111454,3.336029992111454,3.336029992111454,3.336029992111454,3.336029992111454,3.336029992111454,3.336029992111454,3.336029992111454,3.336029992111454,3.336029992111454,3.336029992111454,3.336029992111454,3.336029992111454,3.336029992111454,3.336029992111454,3.336029992111454,3.336029992111454,3.336029992111454,3.336029992111454,3.336029992111454,3.336029992111454,3.336029992111454,3.336029992111454,3.336029992111454,3.336029992111454,3.336029992111454,3.336029992111454,3.336029992111454,3.336029992111454,3.336029992111454,3.336029992111454,3.336029992111454,3.336029992111454,3.336029992111454,3.336029992111454,3.336029992111454,3.336029992111454,3.336029992111454,3.336029992111454,3.336029992111454,3.336029992111454,3.336029992111454,3.336029992111454,3.336029992111454,3.336029992111454,3.336029992111454,3.336029992111454,3.336029992111454,3.336029992111454,3.336029992111454,3.336029992111454,3.336029992111454,3.336029992111454,3.336029992111454,3.336029992111454,3.336029992111454,3.336029992111454,3.336029992111454,3.336029992111454,3.336029992111454,3.336029992111454,3.336029992111454,3.336029992111454,3.336029992111454,3.336029992111454,3.336029992111454,3.336029992111454,3.336029992111454,3.336029992111454,3.336029992111454,3.336029992111454,3.336029992111454,3.336029992111454,3.336029992111454,3.336029992111454,3.336029992111454,3.336029992111454,3.336029992111454,3.336029992111454,3.336029992111454,3.336029992111454,3.336029992111454,3.336029992111454,3.336029992111454,3.336029992111454,3.336029992111454,3.336029992111454,3.336029992111454,3.336029992111454,3.336029992111454,3.336029992111454,3.336029992111454,3.336029992111454,3.336029992111454,3.336029992111454,3.336029992111454,3.336029992111454,3.336029992111454,3.336029992111454,3.336029992111454,3.336029992111454,3.336029992111454,3.336029992111454,3.336029992111454,3.336029992111454,3.336029992111454,3.336029992111454,3.336029992111454,3.336029992111454,3.336029992111454,3.336029992111454,3.336029992111454,3.336029992111454,3.336029992111454,3.336029992111454,3.336029992111454,3.336029992111454,3.336029992111454,3.336029992111454,3.336029992111454,3.336029992111454,3.336029992111454,3.336029992111454,3.336029992111454,3.336029992111454,7.811255502162503,7.069899047979503,7.069899047979503,7.000440336501946,7.000440336501946,7.000440336501946,7.000440336501946,7.000440336501946,7.000440336501946,7.000440336501946,7.000440336501946,7.000440336501946,7.000440336501946,7.000440336501946,7.000440336501946,7.000440336501946,7.000440336501946,7.000440336501946,7.000440336501946,7.000440336501946,7.000440336501946,7.000440336501946,7.000440336501946,7.000440336501946,7.000440336501946,7.000440336501946,7.000440336501946,7.000440336501946,7.000440336501946,7.000440336501946,7.000440336501946,7.000440336501946,7.000440336501946,7.000440336501946,7.000440336501946,7.000440336501946,7.000440336501946,7.000440336501946,7.000440336501946,7.000440336501946,6.9417099234035025,6.9417099234035025,6.9417099234035025,6.9417099234035025,6.9417099234035025,5.652216597032088,5.652216597032088,5.296944634163369,5.296944634163369,5.296944634163369,5.296944634163369,5.296944634163369,5.296944634163369,5.296944634163369,5.296944634163369,5.296944634163369,5.296944634163369,5.296944634163369,5.296944634163369,5.296944634163369,5.296944634163369,5.296944634163369,5.296944634163369,5.296944634163369,5.296944634163369,5.296944634163369,5.296944634163369,5.296944634163369,5.296944634163369,5.296944634163369,5.296944634163369,5.296944634163369,5.296944634163369,5.296944634163369,5.296944634163369,5.296944634163369,5.296944634163369,5.296944634163369,5.296944634163369,5.296944634163369,4.81604766449334,4.81604766449334,4.81604766449334,4.81604766449334,4.81604766449334,4.81604766449334,4.81604766449334,4.81604766449334,4.81604766449334,4.81604766449334,4.81604766449334,4.81604766449334,4.81604766449334,4.81604766449334,4.81604766449334,4.81604766449334,4.81604766449334,4.81604766449334,4.81604766449334,4.81604766449334,4.81604766449334,4.81604766449334,4.81604766449334,4.81604766449334,4.81604766449334,4.81604766449334,4.81604766449334,4.81604766449334,4.81604766449334,4.81604766449334,4.81604766449334,4.81604766449334,4.81604766449334,4.81604766449334,4.81604766449334,4.81604766449334,4.81604766449334,4.81604766449334,4.81604766449334,4.81604766449334,4.81604766449334,4.81604766449334,4.81604766449334,4.81604766449334,4.81604766449334,4.81604766449334,4.81604766449334,4.81604766449334,4.81604766449334,4.81604766449334,4.81604766449334,4.81604766449334,4.81604766449334,4.81604766449334,4.81604766449334,4.81604766449334,4.81604766449334,4.81604766449334,4.81604766449334,4.81604766449334,4.81604766449334,4.81604766449334,4.81604766449334,4.81604766449334,4.81604766449334,4.81604766449334,4.81604766449334,4.81604766449334,4.81604766449334,4.81604766449334,4.81604766449334,4.81604766449334,4.81604766449334,4.81604766449334,4.81604766449334,4.81604766449334,4.81604766449334,4.81604766449334,4.81604766449334,4.81604766449334,4.81604766449334,4.81604766449334,4.81604766449334,4.81604766449334,4.81604766449334,4.81604766449334,4.81604766449334,4.81604766449334,4.81604766449334,4.81604766449334,4.81604766449334,4.81604766449334,4.81604766449334,4.81604766449334,4.81604766449334,4.81604766449334,4.81604766449334,4.81604766449334,4.81604766449334,4.81604766449334,4.81604766449334,4.81604766449334,4.81604766449334,4.81604766449334,4.81604766449334,4.81604766449334,4.81604766449334,4.81604766449334,4.81604766449334,4.81604766449334,4.81604766449334,4.81604766449334,4.81604766449334,4.81604766449334,4.81604766449334,4.81604766449334,4.81604766449334,4.81604766449334,4.81604766449334,4.81604766449334,4.81604766449334,4.81604766449334,4.81604766449334,4.81604766449334,4.81604766449334,4.81604766449334,4.81604766449334,4.81604766449334,4.81604766449334,4.81604766449334,4.81604766449334,4.81604766449334,4.81604766449334,4.81604766449334,4.81604766449334,4.81604766449334,4.81604766449334,4.81604766449334,4.81604766449334,4.81604766449334,4.81604766449334,4.81604766449334,4.81604766449334,4.81604766449334,4.81604766449334,4.81604766449334,4.81604766449334,4.81604766449334,4.81604766449334,4.81604766449334,4.81604766449334,4.81604766449334,4.81604766449334,4.81604766449334,4.81604766449334,4.81604766449334,4.81604766449334,4.81604766449334,4.81604766449334,4.81604766449334,4.81604766449334,4.81604766449334,4.81604766449334,4.81604766449334,4.81604766449334,4.81604766449334,4.81604766449334,4.81604766449334,4.81604766449334,4.81604766449334,4.81604766449334,4.81604766449334,4.81604766449334,4.81604766449334,4.81604766449334,4.81604766449334,4.81604766449334,4.81604766449334,4.81604766449334,4.81604766449334,4.81604766449334,4.81604766449334,4.81604766449334,4.81604766449334,4.81604766449334,4.81604766449334,4.81604766449334,4.81604766449334,4.81604766449334,4.81604766449334,4.81604766449334,4.81604766449334,4.81604766449334,4.81604766449334,4.81604766449334,4.81604766449334,4.81604766449334,4.81604766449334,4.81604766449334,4.81604766449334,4.81604766449334,4.81604766449334,4.81604766449334,4.81604766449334,4.81604766449334,4.81604766449334,4.81604766449334,4.81604766449334,4.81604766449334,4.81604766449334,4.81604766449334,4.81604766449334,4.81604766449334,4.81604766449334,4.81604766449334,4.81604766449334,4.81604766449334,4.81604766449334,4.81604766449334,4.81604766449334,4.81604766449334,4.81604766449334,4.81604766449334,4.81604766449334,4.81604766449334,4.81604766449334,4.81604766449334,4.81604766449334,4.81604766449334,4.81604766449334,4.81604766449334,4.81604766449334,4.81604766449334,4.81604766449334,4.81604766449334,4.81604766449334,4.81604766449334,4.81604766449334,4.81604766449334,4.81604766449334,4.81604766449334,4.81604766449334,4.81604766449334,4.81604766449334,4.81604766449334,4.81604766449334,4.81604766449334,4.81604766449334,4.81604766449334,4.81604766449334,4.81604766449334,4.81604766449334,4.81604766449334,4.81604766449334,4.81604766449334,4.81604766449334,4.81604766449334,4.81604766449334,4.81604766449334,4.81604766449334,4.81604766449334,4.81604766449334,4.81604766449334,4.81604766449334,4.81604766449334,4.81604766449334,4.81604766449334,4.81604766449334,4.81604766449334,4.81604766449334,4.81604766449334,4.81604766449334,4.81604766449334,4.81604766449334,4.81604766449334,4.81604766449334,4.81604766449334,4.81604766449334,4.81604766449334,4.81604766449334,4.81604766449334,4.81604766449334,4.81604766449334,4.81604766449334,4.81604766449334,4.81604766449334,4.81604766449334,4.686455580317715,4.369970438493605,4.36873276204986,4.36873276204986,4.363157789689388,4.363157789689388,4.363157789689388,4.363157789689388,4.363157789689388,4.363157789689388,4.363157789689388,4.363157789689388,4.363157789689388,4.363157789689388,4.363157789689388,4.363157789689388,4.363157789689388,4.363157789689388,4.363157789689388,4.363157789689388,4.363157789689388,4.363157789689388,4.363157789689388,4.363157789689388,4.303238961242626,4.303238961242626,4.303238961242626,4.303238961242626,4.303238961242626,4.303238961242626,4.303238961242626,4.303238961242626,4.303238961242626,4.303238961242626,4.303238961242626,4.303238961242626,4.303238961242626,4.303238961242626,4.303238961242626,4.303238961242626,4.303238961242626,4.303238961242626,4.303238961242626,4.303238961242626,4.303238961242626,4.303238961242626,4.303238961242626,4.303238961242626,4.303238961242626,4.303238961242626,4.303238961242626,4.303238961242626,4.303238961242626,4.303238961242626,4.303238961242626,4.303238961242626,4.303238961242626,4.303238961242626,4.303238961242626,4.303238961242626,4.303238961242626,4.303238961242626,4.303238961242626,4.303238961242626,4.303238961242626,4.303238961242626,4.303238961242626,4.303238961242626,4.303238961242626,4.303238961242626,4.303238961242626,4.303238961242626,4.303238961242626,4.303238961242626,4.303238961242626,4.303238961242626,4.303238961242626,4.303238961242626,4.303238961242626,4.303238961242626,4.303238961242626,4.303238961242626,4.303238961242626,4.303238961242626,4.303238961242626,4.303238961242626,4.303238961242626,4.303238961242626,4.303238961242626,4.303238961242626,4.303238961242626,4.303238961242626,4.303238961242626,4.303238961242626,4.303238961242626,4.303238961242626,4.303238961242626,4.303238961242626,4.303238961242626,4.303238961242626,4.303238961242626,4.303238961242626,4.303238961242626,4.303238961242626,4.303238961242626,4.303238961242626,4.303238961242626,4.303238961242626,4.303238961242626,4.303238961242626,4.303238961242626,4.303238961242626,4.303238961242626,4.303238961242626,4.303238961242626,4.303238961242626,4.303238961242626,4.303238961242626,4.303238961242626,4.303238961242626,4.303238961242626,4.303238961242626,4.303238961242626,4.303238961242626,4.303238961242626,4.303238961242626,4.303238961242626,4.303238961242626,4.303238961242626,4.303238961242626,4.303238961242626,4.303238961242626,4.303238961242626,4.303238961242626,4.303238961242626,4.303238961242626,4.303238961242626,4.303238961242626,4.303238961242626,4.303238961242626,4.303238961242626,4.303238961242626,4.303238961242626,4.303238961242626,4.303238961242626,4.303238961242626,4.303238961242626,4.303238961242626,4.303238961242626,4.303238961242626,4.303238961242626,4.303238961242626,4.303238961242626,4.303238961242626,4.303238961242626,4.303238961242626,4.303238961242626,4.303238961242626,4.303238961242626,4.303238961242626,4.303238961242626,4.303238961242626,4.303238961242626,4.303238961242626,4.303238961242626,4.303238961242626,4.303238961242626,4.303238961242626,4.303238961242626,4.303238961242626,4.303238961242626,4.303238961242626,4.303238961242626,4.303238961242626,4.303238961242626,4.303238961242626,4.303238961242626,4.303238961242626,4.303238961242626,4.303238961242626,4.303238961242626,4.303238961242626,4.303238961242626,4.303238961242626,4.303238961242626,4.303238961242626,4.303238961242626,4.303238961242626,4.303238961242626,4.303238961242626,4.303238961242626,4.303238961242626,4.303238961242626,4.303238961242626,4.303238961242626,4.303238961242626,4.303238961242626,4.303238961242626,4.303238961242626,4.303238961242626,4.303238961242626,4.303238961242626,4.303238961242626,4.303238961242626,4.303238961242626,4.303238961242626,4.303238961242626,4.303238961242626,4.303238961242626,4.303238961242626,4.303238961242626,4.303238961242626,4.303238961242626,4.303238961242626,4.303238961242626,4.303238961242626,4.303238961242626,4.303238961242626,4.303238961242626,4.303238961242626,4.303238961242626,4.303238961242626,4.303238961242626,4.303238961242626,4.303238961242626,4.303238961242626,4.303238961242626,4.303238961242626,4.303238961242626,4.303238961242626,4.303238961242626,4.303238961242626,4.303238961242626,4.303238961242626,4.303238961242626,4.303238961242626,4.303238961242626,4.303238961242626,4.303238961242626,4.303238961242626,4.303238961242626,4.303238961242626,4.303238961242626,4.303238961242626,4.303238961242626,4.303238961242626,4.303238961242626,4.303238961242626,4.303238961242626,4.303238961242626,4.303238961242626,4.303238961242626,4.303238961242626,4.303238961242626,4.303238961242626,4.303238961242626,4.303238961242626,4.303238961242626,4.303238961242626,4.303238961242626,4.303238961242626,4.303238961242626,4.303238961242626,4.303238961242626,4.303238961242626,4.303238961242626,4.303238961242626,4.303238961242626,4.303238961242626,4.303238961242626,4.303238961242626,4.303238961242626,4.303238961242626,4.303238961242626,4.303238961242626,4.303238961242626,4.303238961242626,4.303238961242626,4.303238961242626,4.303238961242626,4.303238961242626,4.303238961242626,4.303238961242626,4.303238961242626,4.303238961242626,4.303238961242626,4.303238961242626,4.303238961242626,4.303238961242626,4.303238961242626,4.303238961242626,4.303238961242626,4.303238961242626,4.303238961242626,4.303238961242626,4.303238961242626,4.303238961242626,4.303238961242626,4.303238961242626,4.303238961242626,4.303238961242626,4.303238961242626,4.303238961242626,4.303238961242626,4.303238961242626,4.303238961242626,4.303238961242626,4.303238961242626,4.303238961242626,4.303238961242626,4.303238961242626,4.303238961242626,4.303238961242626,4.303238961242626,4.303238961242626,4.303238961242626,4.303238961242626,4.303238961242626,4.303238961242626,4.303238961242626,4.303238961242626,4.303238961242626,4.303238961242626,4.303238961242626,4.303238961242626,4.303238961242626,4.303238961242626,4.303238961242626,4.303238961242626,4.303238961242626,4.303238961242626,4.303238961242626,4.303238961242626,4.303238961242626,4.303238961242626,4.303238961242626,4.303238961242626,4.303238961242626,4.303238961242626,4.303238961242626,4.303238961242626,4.303238961242626,4.303238961242626,4.303238961242626,4.303238961242626,4.303238961242626,4.303238961242626,4.303238961242626,4.303238961242626,4.303238961242626,4.303238961242626,4.303238961242626,4.303238961242626,4.303238961242626,4.303238961242626,4.303238961242626,4.303238961242626,4.303238961242626,4.303238961242626,4.303238961242626,4.303238961242626,4.303238961242626,4.303238961242626,4.303238961242626,4.303238961242626,4.303238961242626,4.303238961242626,4.303238961242626,4.303238961242626,4.303238961242626,4.303238961242626,4.303238961242626,4.303238961242626,4.303238961242626,4.303238961242626,4.303238961242626,4.303238961242626,4.303238961242626,4.303238961242626,4.303238961242626,4.303238961242626,4.303238961242626,4.303238961242626,4.303238961242626,4.303238961242626,4.303238961242626,4.303238961242626,4.303238961242626,4.303238961242626,4.303238961242626,4.303238961242626,4.303238961242626,4.303238961242626,4.303238961242626,4.303238961242626,4.303238961242626,4.303238961242626,4.303238961242626,4.303238961242626,4.303238961242626,4.303238961242626,4.303238961242626,4.303238961242626,4.303238961242626,4.303238961242626,4.303238961242626,4.303238961242626,4.303238961242626,4.303238961242626,4.303238961242626,4.303238961242626,4.303238961242626,4.303238961242626,4.303238961242626,4.303238961242626,4.303238961242626,4.303238961242626,4.303238961242626,4.303238961242626,4.303238961242626,4.303238961242626,4.303238961242626,4.303238961242626,4.303238961242626,4.303238961242626,4.303238961242626,4.303238961242626,4.303238961242626,4.303238961242626,4.303238961242626,4.303238961242626,4.303238961242626,4.303238961242626,4.303238961242626,4.303238961242626,4.303238961242626,4.303238961242626,4.303238961242626,4.303238961242626,4.303238961242626,4.303238961242626,4.303238961242626,4.303238961242626,4.303238961242626,4.303238961242626,4.303238961242626,4.303238961242626,4.303238961242626,4.303238961242626,4.303238961242626,4.303238961242626,4.303238961242626,4.303238961242626,4.303238961242626,4.303238961242626,4.303238961242626,4.303238961242626,4.303238961242626,4.303238961242626,4.303238961242626,4.303238961242626,4.303238961242626,4.303238961242626,4.303238961242626,4.303238961242626,4.303238961242626,4.303238961242626,4.303238961242626,4.303238961242626,4.303238961242626,4.303238961242626,4.303238961242626,4.303238961242626,4.303238961242626,4.303238961242626,4.303238961242626,4.303238961242626,4.303238961242626,4.303238961242626,4.303238961242626,4.303238961242626,4.303238961242626,4.303238961242626,4.303238961242626,4.303238961242626,4.303238961242626,4.303238961242626,4.303238961242626,4.303238961242626,4.303238961242626,4.303238961242626,4.303238961242626,4.303238961242626,4.303238961242626,4.303238961242626,4.303238961242626,4.303238961242626,4.303238961242626,4.303238961242626,4.303238961242626,4.303238961242626,4.303238961242626,4.303238961242626,4.303238961242626,4.303238961242626,4.303238961242626,4.303238961242626,4.303238961242626,4.303238961242626,4.303238961242626,4.303238961242626,4.303238961242626,4.303238961242626,4.303238961242626,4.303238961242626,4.303238961242626,4.303238961242626,4.303238961242626,4.303238961242626,4.303238961242626,4.303238961242626,4.303238961242626,4.303238961242626,4.303238961242626,4.303238961242626,4.303238961242626,4.303238961242626,4.303238961242626,4.303238961242626,4.303238961242626,4.303238961242626,4.303238961242626,4.303238961242626,4.303238961242626,4.303238961242626,4.303238961242626,4.303238961242626,4.303238961242626,4.303238961242626,4.303238961242626,4.303238961242626,4.303238961242626,4.303238961242626,4.303238961242626,4.303238961242626,4.303238961242626,4.303238961242626,4.303238961242626,4.303238961242626,4.303238961242626,4.303238961242626,4.303238961242626,4.303238961242626,4.303238961242626,4.303238961242626,4.303238961242626,4.303238961242626,4.303238961242626,4.303238961242626,4.303238961242626,4.303238961242626,4.303238961242626,4.303238961242626,4.303238961242626,4.303238961242626,4.303238961242626,4.303238961242626,4.303238961242626,4.303238961242626,4.303238961242626,4.303238961242626,4.303238961242626,4.303238961242626,4.303238961242626,4.303238961242626,4.303238961242626,4.303238961242626,4.303238961242626,4.303238961242626,4.303238961242626,4.303238961242626,4.303238961242626,4.303238961242626,4.303238961242626,4.303238961242626,4.303238961242626,4.303238961242626,4.303238961242626,4.303238961242626,4.303238961242626,4.303238961242626,4.303238961242626,4.303238961242626,4.303238961242626,4.303238961242626,4.303238961242626,4.303238961242626,4.303238961242626,4.303238961242626,4.303238961242626,4.303238961242626,4.303238961242626,4.303238961242626,4.303238961242626,4.303238961242626,4.303238961242626,4.303238961242626,4.303238961242626,4.303238961242626,4.303238961242626,4.303238961242626,4.303238961242626,4.303238961242626,4.303238961242626,4.303238961242626,4.303238961242626,4.303238961242626,4.303238961242626,4.303238961242626,4.303238961242626,4.303238961242626,4.303238961242626,4.303238961242626,4.303238961242626,4.303238961242626,4.303238961242626,4.303238961242626,4.303238961242626,4.303238961242626,4.303238961242626,4.303238961242626,4.303238961242626,4.303238961242626,9.52691962960188,9.52691962960188,9.52691962960188,9.52691962960188,9.52691962960188,9.441513188289282,9.441513188289282,9.204143111853844,8.564525079753135,8.564525079753135,8.509836036995857,8.509836036995857,8.509836036995857,8.509836036995857,8.509836036995857,8.509836036995857,8.509836036995857,8.509836036995857,8.509836036995857,8.509836036995857,8.40807359999181,8.40807359999181,8.40807359999181,8.40807359999181,8.40807359999181,8.38368677780703,8.38368677780703,8.38368677780703,8.38368677780703,8.38368677780703,8.38368677780703,8.38368677780703,8.38368677780703,8.38368677780703,8.38368677780703,8.38368677780703,8.38368677780703,8.38368677780703,8.38368677780703,8.38368677780703,8.38368677780703,8.38368677780703,8.38368677780703,8.38368677780703,8.38368677780703,8.38368677780703,8.38368677780703,8.38368677780703,8.38368677780703,8.38368677780703,8.38368677780703,8.38368677780703,8.38368677780703,8.38368677780703,8.38368677780703,8.38368677780703,8.38368677780703,8.38368677780703,8.38368677780703,8.38368677780703,8.352655435687135,8.352655435687135,8.352655435687135,8.352655435687135,8.352655435687135,8.352655435687135,8.352655435687135,8.352655435687135,8.352655435687135,8.352655435687135,8.352655435687135,8.352655435687135,8.352655435687135,8.352655435687135,8.352655435687135,8.352655435687135,8.352655435687135,8.352655435687135,8.352655435687135,8.176861357835895,8.176861357835895,8.176861357835895,8.176861357835895,8.176861357835895,8.176861357835895,8.176861357835895,8.170315047194425,8.170315047194425,8.170315047194425,8.170315047194425,8.170315047194425,8.170315047194425,8.170315047194425,8.170315047194425,8.170315047194425,8.170315047194425,8.170315047194425,8.170315047194425,8.170315047194425,8.170315047194425,8.170315047194425,8.170315047194425,8.170315047194425,8.170315047194425,8.170315047194425,8.170315047194425,8.170315047194425,8.170315047194425,8.170315047194425,8.126609509369656,8.126609509369656,8.126609509369656,8.126609509369656,8.126609509369656,8.126609509369656,8.126609509369656,8.126609509369656,8.126609509369656,8.126609509369656,8.126609509369656,8.126609509369656,8.126609509369656,8.126609509369656,8.126609509369656,8.126609509369656,8.126609509369656,8.126609509369656,8.126609509369656,7.010922184004851,7.010922184004851,7.010922184004851,6.433372808254055,6.433372808254055,6.433372808254055,6.3819689312236285,6.3819689312236285,6.280559853317076,6.024660748488685,6.024660748488685,6.024660748488685,6.024660748488685,6.024660748488685,6.024660748488685,6.024660748488685,6.024660748488685,6.024660748488685,6.024660748488685,6.024660748488685,6.024660748488685,6.024660748488685,6.024660748488685,6.024660748488685,6.024660748488685,6.024660748488685,6.024660748488685,6.024660748488685,6.024660748488685,6.024660748488685,6.024660748488685,6.024660748488685,6.024660748488685,6.024660748488685,6.024660748488685,6.024660748488685,6.024660748488685,6.024660748488685,6.024660748488685,6.024660748488685,6.024660748488685,6.024660748488685,6.024660748488685,6.024660748488685,6.024660748488685,6.024660748488685,6.024660748488685,6.024660748488685,6.024660748488685,6.024660748488685,6.024660748488685,6.024660748488685,6.024660748488685,6.024660748488685,6.024660748488685,6.024660748488685,6.024660748488685,6.024660748488685,6.024660748488685,6.024660748488685,6.024660748488685,6.024660748488685,6.024660748488685,6.024660748488685,6.024660748488685,6.024660748488685,6.024660748488685,6.024660748488685,6.024660748488685,6.024660748488685,6.024660748488685,6.024660748488685,6.024660748488685,6.024660748488685,6.024660748488685,6.024660748488685,6.024660748488685,6.024660748488685,6.024660748488685,6.024660748488685,6.024660748488685,6.024660748488685,6.024660748488685,6.024660748488685,6.024660748488685,6.024660748488685,6.024660748488685,6.024660748488685,6.024660748488685,6.024660748488685,6.024660748488685,6.024660748488685,6.024660748488685,6.024660748488685,6.024660748488685,6.024660748488685,6.024660748488685,6.024660748488685,6.024660748488685,6.024660748488685,6.024660748488685,6.024660748488685,6.024660748488685,6.024660748488685,6.024660748488685,6.024660748488685,6.024660748488685,6.024660748488685,6.024660748488685,5.8598649268174405,5.8598649268174405,5.756665184107704,5.756665184107704,5.756665184107704,5.756665184107704,5.756665184107704,5.756665184107704,5.756665184107704,5.756665184107704,5.756665184107704,5.756665184107704,5.756665184107704,5.756665184107704,5.756665184107704,5.756665184107704,5.756665184107704,5.756665184107704,5.756665184107704,5.756665184107704,5.756665184107704,5.756665184107704,5.756665184107704,5.756665184107704,5.756665184107704,5.756665184107704,5.756665184107704,5.756665184107704,5.756665184107704,5.756665184107704,5.756665184107704,5.756665184107704,5.756665184107704,5.756665184107704,5.756665184107704,5.756665184107704,5.756665184107704,5.756665184107704,5.756665184107704,5.756665184107704,5.756665184107704,5.756665184107704,5.756665184107704,5.756665184107704,5.756665184107704,5.756665184107704,5.756665184107704,5.756665184107704,5.756665184107704,5.756665184107704,5.756665184107704,5.756665184107704,5.756665184107704,5.756665184107704,5.756665184107704,5.756665184107704,5.756665184107704,5.756665184107704,5.756665184107704,5.756665184107704,5.756665184107704,5.756665184107704,5.756665184107704,5.756665184107704,5.756665184107704,5.756665184107704,5.756665184107704,5.756665184107704,5.756665184107704,5.756665184107704,5.756665184107704,5.756665184107704,5.756665184107704,5.756665184107704,5.756665184107704,5.756665184107704,5.756665184107704,5.756665184107704,5.756665184107704,5.756665184107704,5.756665184107704,5.756665184107704,5.756665184107704,5.756665184107704,5.756665184107704,5.756665184107704,5.756665184107704,5.756665184107704,5.756665184107704,5.756665184107704,5.756665184107704,5.756665184107704,5.756665184107704,5.756665184107704,5.756665184107704,5.756665184107704,5.756665184107704,5.756665184107704,5.756665184107704,5.756665184107704,5.756665184107704,5.756665184107704,5.756665184107704,5.756665184107704,5.756665184107704,5.756665184107704,5.756665184107704,5.756665184107704,5.756665184107704,5.756665184107704,5.756665184107704,5.756665184107704,5.756665184107704,5.756665184107704,5.756665184107704,5.756665184107704,5.756665184107704,5.756665184107704,5.756665184107704,5.756665184107704,5.756665184107704,5.756665184107704,5.756665184107704,5.756665184107704,5.756665184107704,5.756665184107704,5.756665184107704,5.756665184107704,5.756665184107704,5.756665184107704,5.756665184107704,5.756665184107704,5.756665184107704,5.756665184107704,5.756665184107704,5.756665184107704,5.756665184107704,5.756665184107704,5.756665184107704,5.756665184107704,5.756665184107704,5.756665184107704,5.756665184107704,5.756665184107704,5.756665184107704,5.756665184107704,5.756665184107704,5.756665184107704,5.756665184107704,5.756665184107704,5.756665184107704,5.756665184107704,5.756665184107704,5.756665184107704,5.756665184107704,5.756665184107704,5.756665184107704,5.756665184107704,5.756665184107704,5.756665184107704,5.756665184107704,5.756665184107704,5.756665184107704,5.756665184107704,5.756665184107704,5.756665184107704,5.756665184107704,5.756665184107704,5.756665184107704,5.756665184107704,5.756665184107704,5.756665184107704,5.756665184107704,5.756665184107704,5.756665184107704,5.756665184107704,5.756665184107704,5.756665184107704,5.756665184107704,5.756665184107704,5.756665184107704,5.756665184107704,5.756665184107704,5.756665184107704,5.756665184107704,5.756665184107704,5.756665184107704,5.756665184107704,5.756665184107704,5.756665184107704,5.756665184107704,5.756665184107704,5.756665184107704,5.756665184107704,5.756665184107704,5.756665184107704,5.756665184107704,5.756665184107704,5.756665184107704,5.756665184107704,5.756665184107704,5.756665184107704,5.756665184107704,5.756665184107704,5.756665184107704,5.756665184107704,5.756665184107704,5.756665184107704,5.756665184107704,5.756665184107704,5.756665184107704,5.756665184107704,5.756665184107704,5.756665184107704,5.756665184107704,5.756665184107704,5.756665184107704,5.756665184107704,5.756665184107704,5.756665184107704,5.756665184107704,5.756665184107704,5.756665184107704,5.756665184107704,5.756665184107704,5.756665184107704,5.756665184107704,5.756665184107704,5.756665184107704,5.756665184107704,5.756665184107704,5.756665184107704,5.756665184107704,5.756665184107704,5.756665184107704,5.756665184107704,5.756665184107704,5.756665184107704,5.756665184107704,5.756665184107704,5.756665184107704,5.756665184107704,5.756665184107704,5.756665184107704,5.756665184107704,5.756665184107704,5.756665184107704,5.756665184107704,5.756665184107704,5.756665184107704,5.756665184107704,5.756665184107704,5.756665184107704,5.756665184107704,5.756665184107704,5.756665184107704,5.756665184107704,5.756665184107704,5.756665184107704,5.756665184107704,5.756665184107704,5.756665184107704,5.756665184107704,5.756665184107704,5.756665184107704,5.756665184107704,5.756665184107704,5.756665184107704,5.756665184107704,5.756665184107704,5.756665184107704,5.756665184107704,5.756665184107704,5.756665184107704,5.756665184107704,5.756665184107704,5.756665184107704,5.756665184107704,5.756665184107704,5.756665184107704,5.756665184107704,5.756665184107704,5.756665184107704,5.756665184107704,5.756665184107704,5.756665184107704,5.756665184107704,5.756665184107704,5.756665184107704,5.756665184107704,5.756665184107704,5.756665184107704,5.756665184107704,5.756665184107704,5.756665184107704,5.756665184107704,5.756665184107704,5.756665184107704,5.756665184107704,5.756665184107704,5.756665184107704,5.756665184107704,5.756665184107704,5.756665184107704,5.756665184107704,5.756665184107704,5.756665184107704,5.756665184107704,5.756665184107704,5.756665184107704,5.756665184107704,5.756665184107704,5.756665184107704,5.756665184107704,5.756665184107704,5.756665184107704,5.756665184107704,5.756665184107704,5.756665184107704,5.756665184107704,5.756665184107704,5.756665184107704,5.756665184107704,5.756665184107704,5.756665184107704,5.756665184107704,5.756665184107704,5.756665184107704,5.756665184107704,5.756665184107704,5.756665184107704,5.756665184107704,5.756665184107704,5.756665184107704,5.756665184107704,5.756665184107704,5.756665184107704,5.756665184107704,5.756665184107704,5.756665184107704,5.756665184107704,5.756665184107704,5.756665184107704,5.756665184107704,5.756665184107704,5.756665184107704,5.756665184107704,5.756665184107704,5.756665184107704,5.756665184107704,5.756665184107704,5.756665184107704,5.756665184107704,5.756665184107704,5.756665184107704,5.756665184107704,5.756665184107704,5.756665184107704,5.756665184107704,5.756665184107704,5.756665184107704,5.756665184107704,5.756665184107704,5.756665184107704,5.756665184107704,5.756665184107704,5.756665184107704,5.756665184107704,5.756665184107704,5.756665184107704,5.756665184107704,5.756665184107704,5.756665184107704,5.756665184107704,5.756665184107704,5.756665184107704,5.756665184107704,5.756665184107704,5.756665184107704,5.756665184107704,5.756665184107704,5.756665184107704,5.756665184107704,5.756665184107704,5.756665184107704,5.756665184107704,5.756665184107704,5.756665184107704,5.756665184107704,5.756665184107704,5.756665184107704,5.756665184107704,5.756665184107704,5.756665184107704,5.756665184107704,5.756665184107704,5.756665184107704,5.756665184107704,5.756665184107704,5.756665184107704,5.756665184107704,5.756665184107704,5.756665184107704,5.756665184107704,5.756665184107704,5.756665184107704,5.756665184107704,5.756665184107704,5.756665184107704,5.756665184107704,5.756665184107704,5.756665184107704,5.756665184107704,5.756665184107704,5.756665184107704,5.756665184107704,5.756665184107704,5.756665184107704,5.756665184107704,5.756665184107704,5.756665184107704,5.756665184107704,5.756665184107704,5.756665184107704,5.756665184107704,5.756665184107704,5.756665184107704,5.756665184107704,5.756665184107704,5.756665184107704,5.756665184107704,5.756665184107704,5.756665184107704,5.756665184107704,5.756665184107704,5.756665184107704,5.756665184107704,5.756665184107704,5.756665184107704,5.756665184107704,5.756665184107704,5.756665184107704,5.756665184107704,5.756665184107704,5.756665184107704,5.756665184107704,5.756665184107704,5.756665184107704,5.756665184107704,5.756665184107704,5.756665184107704,5.756665184107704,5.756665184107704,5.756665184107704,5.756665184107704,5.756665184107704,5.756665184107704,5.756665184107704,5.756665184107704,5.756665184107704,5.756665184107704,5.756665184107704,5.756665184107704,5.756665184107704,5.756665184107704,5.756665184107704,5.756665184107704,5.756665184107704,5.756665184107704,5.756665184107704,5.756665184107704,5.756665184107704,5.756665184107704,5.756665184107704,5.756665184107704,5.756665184107704,5.756665184107704,5.756665184107704,5.756665184107704,5.756665184107704,5.756665184107704,5.756665184107704,5.756665184107704,5.756665184107704,5.756665184107704,5.756665184107704,5.756665184107704,5.756665184107704,5.756665184107704,5.756665184107704,5.756665184107704,5.756665184107704,5.756665184107704,5.756665184107704,5.756665184107704,5.756665184107704,5.756665184107704,5.756665184107704,5.756665184107704,5.756665184107704,5.756665184107704,5.756665184107704,5.756665184107704,5.756665184107704,5.756665184107704,5.756665184107704,5.756665184107704,5.756665184107704,5.756665184107704,5.756665184107704,5.756665184107704,5.756665184107704,5.756665184107704,5.756665184107704,5.756665184107704,5.756665184107704,5.756665184107704,5.756665184107704,5.756665184107704,5.756665184107704,5.756665184107704,5.756665184107704,5.756665184107704,5.756665184107704,5.756665184107704,5.756665184107704,5.756665184107704,5.756665184107704,5.756665184107704,5.756665184107704,5.756665184107704,5.756665184107704,5.756665184107704,5.756665184107704,5.756665184107704,5.756665184107704,5.756665184107704,5.756665184107704,5.756665184107704,5.756665184107704,5.756665184107704,5.756665184107704,5.756665184107704,5.756665184107704,5.756665184107704,5.756665184107704,5.756665184107704,5.756665184107704,5.756665184107704,5.756665184107704,5.756665184107704,5.756665184107704,5.756665184107704,5.756665184107704,5.756665184107704,5.756665184107704,5.756665184107704,5.756665184107704,5.756665184107704,5.756665184107704,5.756665184107704,5.756665184107704,5.756665184107704,5.756665184107704,5.756665184107704,5.756665184107704,5.756665184107704,5.756665184107704,5.756665184107704,5.756665184107704,5.756665184107704,5.756665184107704,5.756665184107704,5.756665184107704,5.756665184107704,5.756665184107704,5.756665184107704,5.756665184107704,5.756665184107704,5.756665184107704,5.756665184107704,5.756665184107704,5.756665184107704,5.756665184107704,5.756665184107704,5.756665184107704,5.756665184107704,5.756665184107704,5.756665184107704,5.756665184107704,5.756665184107704,5.756665184107704,5.756665184107704,5.756665184107704,5.756665184107704,5.756665184107704,5.756665184107704,5.756665184107704,5.756665184107704,5.756665184107704,5.756665184107704,5.756665184107704,5.756665184107704,5.756665184107704,5.756665184107704,5.756665184107704,5.756665184107704,5.756665184107704,5.756665184107704,5.756665184107704,5.756665184107704,5.756665184107704,5.756665184107704,5.756665184107704,5.756665184107704,5.756665184107704,5.756665184107704,5.756665184107704,5.756665184107704,5.756665184107704,5.756665184107704,5.756665184107704,5.756665184107704,5.756665184107704,5.756665184107704,5.756665184107704,5.756665184107704,5.756665184107704,5.756665184107704,5.756665184107704,5.756665184107704,5.756665184107704,5.756665184107704,5.756665184107704,5.756665184107704,5.756665184107704,5.756665184107704,5.756665184107704,5.756665184107704,5.756665184107704,5.756665184107704,5.756665184107704,5.756665184107704,5.756665184107704,5.756665184107704,5.756665184107704,5.756665184107704,5.756665184107704,5.756665184107704,5.756665184107704,5.756665184107704,5.756665184107704,5.756665184107704,5.756665184107704,5.756665184107704,5.756665184107704,5.756665184107704,5.756665184107704,5.756665184107704,5.756665184107704,5.756665184107704,5.756665184107704,5.756665184107704,5.756665184107704,5.756665184107704,5.756665184107704,5.756665184107704,5.756665184107704,5.756665184107704,5.756665184107704,5.756665184107704,5.756665184107704,5.756665184107704,5.756665184107704,5.756665184107704,5.756665184107704,5.756665184107704,5.756665184107704,5.756665184107704,5.756665184107704,5.756665184107704,5.756665184107704,5.756665184107704,5.756665184107704,5.756665184107704,5.756665184107704,5.756665184107704,5.756665184107704,5.756665184107704,5.756665184107704,5.756665184107704,5.756665184107704,5.756665184107704,5.756665184107704,5.756665184107704,5.756665184107704,5.756665184107704,5.756665184107704,5.756665184107704,5.756665184107704,5.756665184107704,5.756665184107704,5.756665184107704,5.756665184107704,5.756665184107704,5.756665184107704,5.756665184107704,5.756665184107704,5.756665184107704,5.756665184107704,5.756665184107704,5.756665184107704,5.756665184107704,5.756665184107704,5.756665184107704,5.756665184107704,5.756665184107704,5.756665184107704,5.756665184107704,5.756665184107704,5.756665184107704,5.756665184107704,5.756665184107704,5.756665184107704,5.756665184107704,5.756665184107704,5.756665184107704,5.756665184107704,5.756665184107704,5.756665184107704,5.756665184107704,5.756665184107704,5.756665184107704,5.756665184107704,5.756665184107704,5.756665184107704,5.756665184107704,5.756665184107704,5.756665184107704,5.756665184107704,5.756665184107704,5.756665184107704,5.756665184107704,5.756665184107704,5.756665184107704,5.756665184107704,5.756665184107704,5.756665184107704,5.756665184107704,5.756665184107704,5.756665184107704,5.756665184107704,5.756665184107704,5.756665184107704,5.756665184107704,5.756665184107704,5.756665184107704,5.756665184107704,5.756665184107704,5.756665184107704,5.756665184107704,5.756665184107704,5.756665184107704,5.91878263329403,5.530046962944748,5.528107502899683,5.528107502899683,5.525461817422297,5.525461817422297,5.525461817422297,5.525461817422297,5.525461817422297,4.969051783614027,4.868587864026302,4.868587864026302,4.8210653236982095,4.8210653236982095,4.8210653236982095,4.8210653236982095,4.8210653236982095,4.8210653236982095,4.8210653236982095,4.8210653236982095,4.8210653236982095,4.8210653236982095,4.8210653236982095,4.8210653236982095,4.8210653236982095,4.8210653236982095,4.8210653236982095,4.8210653236982095,4.8210653236982095,4.8210653236982095,4.8210653236982095,4.8210653236982095,4.8210653236982095,4.8210653236982095,4.8210653236982095,4.8210653236982095,4.8210653236982095,4.8210653236982095,4.8210653236982095,4.8210653236982095,4.8210653236982095,4.8210653236982095,4.8210653236982095,4.8210653236982095,4.8210653236982095,4.8210653236982095,4.8210653236982095,4.8210653236982095,4.8210653236982095,4.8210653236982095,4.8210653236982095,4.8210653236982095,4.8210653236982095,4.8210653236982095,4.8210653236982095,4.8210653236982095,4.8210653236982095,4.8210653236982095,4.8210653236982095,4.8210653236982095,4.8210653236982095,4.8210653236982095,4.8210653236982095,4.8210653236982095,4.8210653236982095,4.8210653236982095,4.8210653236982095,4.8210653236982095,4.8210653236982095,4.8210653236982095,4.8210653236982095,4.8210653236982095,4.8210653236982095,4.78344011271623,4.78344011271623,4.78344011271623,4.78344011271623,4.78344011271623,4.78344011271623,4.78344011271623,4.78344011271623,4.78344011271623,4.78344011271623,4.78344011271623,4.78344011271623,4.78344011271623,4.78344011271623,4.78344011271623,4.78344011271623,4.78344011271623,4.78344011271623,4.78344011271623,4.78344011271623,4.78344011271623,4.78344011271623,4.78344011271623,4.78344011271623,4.78344011271623,4.78344011271623,4.78344011271623,4.78344011271623,4.78344011271623,4.78344011271623,4.78344011271623,4.78344011271623,4.78344011271623,4.78344011271623,4.78344011271623,4.78344011271623,4.78344011271623,4.78344011271623,4.78344011271623,4.78344011271623,4.78344011271623,4.78344011271623,4.78344011271623,4.78344011271623,4.78344011271623,4.78344011271623,4.78344011271623,4.78344011271623,4.78344011271623,4.78344011271623,4.78344011271623,4.78344011271623,4.78344011271623,4.78344011271623,4.78344011271623,4.78344011271623,4.78344011271623,4.782430893686373,4.782430893686373,4.15736535731971,3.5355348765454293,3.5355348765454293,3.5355348765454293,3.5355348765454293,3.5355348765454293,3.5355348765454293,3.5355348765454293,3.5355348765454293,3.5355348765454293,3.5355348765454293,3.5355348765454293,3.5355348765454293,3.5355348765454293,3.5355348765454293,3.5355348765454293,3.5355348765454293,3.5355348765454293,3.5355348765454293,3.5355348765454293,3.5355348765454293,3.5355348765454293,3.5355348765454293,3.5355348765454293,3.5355348765454293,3.5355348765454293,3.5355348765454293,3.5355348765454293,3.5355348765454293,3.5355348765454293,3.5355348765454293,3.5355348765454293,3.5355348765454293,3.5355348765454293,3.5355348765454293,3.5355348765454293,3.5355348765454293,3.5355348765454293,3.5355348765454293,3.5355348765454293,3.5355348765454293,3.5355348765454293,3.5355348765454293,3.5355348765454293,3.5355348765454293,3.5355348765454293,3.5355348765454293,3.5355348765454293,3.5355348765454293,3.5355348765454293,3.5355348765454293,3.5355348765454293,3.5355348765454293,3.5355348765454293,3.5355348765454293,3.5355348765454293,3.5355348765454293,3.5355348765454293,3.5355348765454293,3.5355348765454293,3.5355348765454293,3.5355348765454293,3.5355348765454293,3.5355348765454293,3.5355348765454293,3.5355348765454293,3.5355348765454293,3.5355348765454293,3.5355348765454293,3.5355348765454293,3.5355348765454293,3.5355348765454293,2.362715465208301,2.362715465208301,2.362715465208301,2.362715465208301,2.362715465208301,2.362715465208301,2.362715465208301,2.362715465208301,2.362715465208301,2.362715465208301,2.362715465208301,2.362715465208301,2.362715465208301,2.362715465208301,2.362715465208301,2.362715465208301,2.362715465208301,2.362715465208301,2.362715465208301,2.362715465208301,2.362715465208301,2.362715465208301,2.362715465208301,2.362715465208301,2.362715465208301,2.362715465208301,2.362715465208301,2.362715465208301,2.362715465208301,2.362715465208301,2.362715465208301,2.362715465208301,2.362715465208301,2.362715465208301,2.362715465208301,2.362715465208301,2.362715465208301,2.362715465208301,2.362715465208301,2.362715465208301,2.362715465208301,2.362715465208301,2.362715465208301,2.362715465208301,2.362715465208301,2.362715465208301,2.362715465208301,2.362715465208301,2.362715465208301,2.362715465208301,2.362715465208301,2.362715465208301,2.362715465208301,2.362715465208301,2.362715465208301,2.362715465208301,2.362715465208301,2.362715465208301,2.362715465208301,2.362715465208301,2.362715465208301,2.362715465208301,2.362715465208301,2.362715465208301,2.362715465208301,2.362715465208301,2.362715465208301,2.362715465208301,2.362715465208301,2.362715465208301,2.362715465208301,2.362715465208301,2.362715465208301,2.362715465208301,2.362715465208301,2.362715465208301,2.362715465208301,2.362715465208301,2.362715465208301,2.362715465208301,2.362715465208301,2.362715465208301,2.362715465208301,2.362715465208301,2.362715465208301,2.362715465208301,2.362715465208301,2.362715465208301,2.362715465208301,2.362715465208301,2.362715465208301,2.362715465208301,2.362715465208301,2.362715465208301,2.362715465208301,2.362715465208301,2.362715465208301,2.362715465208301,2.362715465208301,2.362715465208301,2.362715465208301,2.362715465208301,2.362715465208301,2.362715465208301,2.362715465208301,2.362715465208301,2.362715465208301,2.362715465208301,2.362715465208301,2.362715465208301,2.362715465208301,2.362715465208301,2.362715465208301,2.362715465208301,2.362715465208301,2.362715465208301,2.362715465208301,2.362715465208301,2.362715465208301,2.362715465208301,2.362715465208301,2.362715465208301,2.362715465208301,2.362715465208301,2.362715465208301,2.362715465208301,2.362715465208301,2.362715465208301,2.362715465208301,2.362715465208301,2.362715465208301,2.362715465208301,2.362715465208301,2.362715465208301,2.362715465208301,2.362715465208301,2.362715465208301,2.362715465208301,2.362715465208301,2.362715465208301,2.362715465208301,2.362715465208301,2.362715465208301,2.362715465208301,2.362715465208301,2.362715465208301,2.362715465208301,2.362715465208301,2.362715465208301,2.362715465208301,2.362715465208301,2.362715465208301,2.362715465208301,2.362715465208301,2.362715465208301,2.362715465208301,2.362715465208301,2.362715465208301,2.362715465208301,2.362715465208301,2.362715465208301,2.362715465208301,2.362715465208301,2.362715465208301,2.362715465208301,2.362715465208301,2.362715465208301,2.362715465208301,2.362715465208301,2.362715465208301,2.362715465208301,2.362715465208301,2.362715465208301,2.362715465208301,2.362715465208301,2.362715465208301,2.362715465208301,2.362715465208301,2.362715465208301,2.362715465208301,2.362715465208301,2.362715465208301,2.362715465208301,2.362715465208301,2.362715465208301,2.362715465208301,2.362715465208301,2.362715465208301,2.362715465208301,2.362715465208301,2.362715465208301,2.362715465208301,2.362715465208301,2.362715465208301,2.362715465208301,2.362715465208301,2.362715465208301,2.362715465208301,2.362715465208301,2.362715465208301,2.362715465208301,2.362715465208301,2.362715465208301,2.362715465208301,2.362715465208301,2.362715465208301,2.362715465208301,2.362715465208301,2.362715465208301,2.362715465208301,2.362715465208301,2.362715465208301,2.362715465208301,2.362715465208301,2.362715465208301,2.362715465208301,2.362715465208301,2.362715465208301,2.362715465208301,2.362715465208301,2.362715465208301,2.362715465208301,2.362715465208301,2.362715465208301,2.362715465208301,2.362715465208301,2.362715465208301,2.362715465208301,2.362715465208301,2.362715465208301,2.362715465208301,2.362715465208301,2.362715465208301,2.362715465208301,2.362715465208301,2.362715465208301,2.362715465208301,2.362715465208301,2.362715465208301,2.362715465208301,2.362715465208301,2.362715465208301,2.362715465208301,2.362715465208301,2.362715465208301,2.362715465208301,2.362715465208301,2.362715465208301,2.362715465208301,2.362715465208301,2.362715465208301,2.362715465208301,2.362715465208301,2.362715465208301,2.362715465208301,2.362715465208301,2.362715465208301,2.362715465208301,2.362715465208301,2.362715465208301,2.362715465208301,2.362715465208301,2.362715465208301,2.362715465208301,2.362715465208301,2.362715465208301,2.362715465208301,2.362715465208301,2.362715465208301,2.362715465208301,2.362715465208301,2.362715465208301,2.362715465208301,2.362715465208301,2.362715465208301,2.362715465208301,2.362715465208301,2.362715465208301,2.362715465208301,2.362715465208301,2.362715465208301,2.362715465208301,2.362715465208301,2.362715465208301,2.362715465208301,2.362715465208301,2.362715465208301,2.362715465208301,2.362715465208301,2.362715465208301,2.362715465208301,2.362715465208301,2.362715465208301,2.362715465208301,2.362715465208301,2.362715465208301,2.362715465208301,2.362715465208301,2.362715465208301,2.362715465208301,2.362715465208301,2.362715465208301,2.362715465208301,2.362715465208301,2.362715465208301,2.362715465208301,2.362715465208301,2.362715465208301,2.362715465208301,2.362715465208301,2.362715465208301,2.362715465208301,2.362715465208301,2.362715465208301,2.362715465208301,2.362715465208301,2.362715465208301,2.362715465208301,2.362715465208301,2.362715465208301,2.362715465208301,2.362715465208301,2.362715465208301,2.362715465208301,2.362715465208301,2.362715465208301,2.362715465208301,2.362715465208301,2.362715465208301,2.362715465208301,2.362715465208301,2.362715465208301,2.362715465208301,2.362715465208301,2.362715465208301,2.362715465208301,2.362715465208301,2.362715465208301,2.362715465208301,2.362715465208301,2.362715465208301,2.362715465208301,2.362715465208301,2.362715465208301,2.362715465208301,2.362715465208301,2.362715465208301,2.362715465208301,2.362715465208301,2.362715465208301,2.362715465208301,2.362715465208301,2.362715465208301,2.362715465208301,2.362715465208301,2.362715465208301,2.362715465208301,2.362715465208301,2.362715465208301,2.362715465208301,2.362715465208301,2.362715465208301,2.362715465208301,2.362715465208301,2.362715465208301,2.362715465208301,2.362715465208301,2.362715465208301,2.362715465208301,2.362715465208301,2.362715465208301,2.362715465208301,2.362715465208301,2.362715465208301,2.362715465208301,2.362715465208301,2.362715465208301,2.362715465208301,2.362715465208301,2.362715465208301,2.362715465208301,2.362715465208301,2.362715465208301,2.362715465208301,2.362715465208301,2.362715465208301,2.362715465208301,2.362715465208301,2.362715465208301,2.362715465208301,2.362715465208301,2.362715465208301,2.362715465208301,2.362715465208301,2.362715465208301,2.362715465208301,2.362715465208301,2.362715465208301,2.362715465208301,2.362715465208301,2.362715465208301,2.362715465208301,2.362715465208301,2.362715465208301,2.362715465208301,2.362715465208301,2.362715465208301,2.362715465208301,2.362715465208301,2.362715465208301,2.362715465208301,2.362715465208301,2.362715465208301,2.362715465208301,2.362715465208301,2.362715465208301,2.362715465208301,2.362715465208301,2.362715465208301,2.362715465208301,2.362715465208301,2.362715465208301,2.362715465208301,2.362715465208301,2.362715465208301,2.362715465208301,2.362715465208301,2.362715465208301,2.362715465208301,2.362715465208301,2.362715465208301,2.362715465208301,2.362715465208301,2.362715465208301,2.362715465208301,2.362715465208301,2.362715465208301,2.362715465208301,2.362715465208301,2.362715465208301,2.362715465208301,2.362715465208301,2.362715465208301,2.362715465208301,2.362715465208301,2.362715465208301,2.362715465208301,2.362715465208301,2.362715465208301,2.362715465208301,2.362715465208301,2.362715465208301,2.362715465208301,2.362715465208301,2.362715465208301,2.362715465208301,2.362715465208301,2.362715465208301,2.362715465208301,2.362715465208301,2.362715465208301,2.362715465208301,2.362715465208301,2.362715465208301,2.362715465208301,2.362715465208301,2.362715465208301,2.362715465208301,2.362715465208301,2.362715465208301,2.362715465208301,2.362715465208301,2.362715465208301,2.362715465208301,2.362715465208301,2.362715465208301,2.362715465208301,2.362715465208301,2.362715465208301,2.362715465208301,2.362715465208301,2.362715465208301,2.362715465208301,2.362715465208301,2.362715465208301,2.362715465208301,2.362715465208301,2.362715465208301,2.362715465208301,2.362715465208301,2.362715465208301,2.362715465208301,2.362715465208301,2.362715465208301,2.362715465208301,2.362715465208301,2.362715465208301,2.362715465208301,2.362715465208301,2.362715465208301,2.362715465208301,2.362715465208301,2.362715465208301,2.362715465208301,2.362715465208301,2.362715465208301,2.362715465208301,2.362715465208301,2.362715465208301,2.362715465208301,2.362715465208301,2.362715465208301,2.362715465208301,2.362715465208301,2.362715465208301,2.362715465208301,2.362715465208301,2.362715465208301,2.362715465208301,2.362715465208301,2.362715465208301,2.362715465208301,2.362715465208301,2.362715465208301,2.362715465208301,2.362715465208301,2.362715465208301,2.362715465208301,2.362715465208301,2.362715465208301,2.362715465208301,2.362715465208301,2.362715465208301,2.362715465208301,2.362715465208301,2.362715465208301,2.362715465208301,2.362715465208301,2.362715465208301,2.362715465208301,2.362715465208301,2.362715465208301,2.362715465208301,2.362715465208301,2.362715465208301,2.362715465208301,2.362715465208301,2.362715465208301,2.362715465208301,2.362715465208301,2.362715465208301,2.362715465208301,2.362715465208301,2.362715465208301,2.362715465208301,2.362715465208301,2.362715465208301,2.362715465208301,2.362715465208301,2.362715465208301,2.362715465208301,2.362715465208301,2.362715465208301,2.362715465208301,2.362715465208301,2.362715465208301,2.362715465208301,2.362715465208301,2.362715465208301,2.362715465208301,2.362715465208301,2.362715465208301,2.362715465208301,2.362715465208301,2.362715465208301,2.362715465208301,2.362715465208301,2.362715465208301,2.362715465208301,2.362715465208301,2.362715465208301,2.362715465208301,2.362715465208301,2.362715465208301,2.362715465208301,2.362715465208301,2.362715465208301,2.362715465208301,2.362715465208301,2.362715465208301,2.362715465208301,2.362715465208301,2.362715465208301,2.362715465208301,2.362715465208301,2.362715465208301,2.362715465208301,2.362715465208301,2.362715465208301,2.362715465208301,2.362715465208301,2.362715465208301,2.362715465208301,2.362715465208301,2.362715465208301,2.362715465208301,2.362715465208301,2.362715465208301,2.362715465208301,2.362715465208301,2.362715465208301,2.362715465208301,2.362715465208301,2.362715465208301,2.362715465208301,2.362715465208301,2.362715465208301,2.362715465208301,2.362715465208301,2.362715465208301,2.362715465208301,2.362715465208301,2.362715465208301,2.362715465208301,2.362715465208301,2.362715465208301,2.362715465208301,2.362715465208301,2.362715465208301,2.362715465208301,2.362715465208301,2.362715465208301,2.362715465208301,2.362715465208301,2.362715465208301,2.362715465208301,2.362715465208301,2.362715465208301,2.362715465208301,2.362715465208301,2.362715465208301,2.362715465208301,2.362715465208301,2.362715465208301,2.362715465208301,2.362715465208301,2.362715465208301,2.362715465208301,2.362715465208301,2.362715465208301,2.362715465208301,2.362715465208301,2.362715465208301,2.362715465208301,2.362715465208301,2.362715465208301,2.362715465208301,2.362715465208301,2.362715465208301,2.362715465208301,2.362715465208301,2.362715465208301,2.362715465208301,2.362715465208301,2.362715465208301,2.362715465208301,2.362715465208301,2.362715465208301,2.362715465208301,2.362715465208301,2.362715465208301,2.362715465208301,2.362715465208301,2.362715465208301,2.362715465208301,2.362715465208301,2.362715465208301,2.362715465208301,2.362715465208301,2.362715465208301,2.362715465208301,2.362715465208301,2.362715465208301,2.362715465208301,2.362715465208301,2.362715465208301,2.362715465208301,2.362715465208301,2.362715465208301,2.362715465208301,2.362715465208301,2.362715465208301,2.362715465208301,2.362715465208301,2.362715465208301,2.362715465208301,2.362715465208301,2.362715465208301,2.362715465208301,2.362715465208301,2.362715465208301,2.362715465208301,2.362715465208301,2.362715465208301,2.362715465208301,2.362715465208301,2.362715465208301,2.362715465208301,2.362715465208301,2.362715465208301,2.362715465208301,2.362715465208301,2.362715465208301,2.362715465208301,2.362715465208301,2.362715465208301,2.362715465208301,2.362715465208301,2.362715465208301,2.362715465208301,2.362715465208301,2.362715465208301,2.362715465208301,2.362715465208301,2.362715465208301,2.362715465208301,2.362715465208301,2.362715465208301,2.362715465208301,2.362715465208301,2.362715465208301,2.362715465208301,2.362715465208301,2.362715465208301,2.362715465208301,2.362715465208301,2.362715465208301,2.362715465208301,2.362715465208301,2.362715465208301,2.362715465208301,2.362715465208301,2.362715465208301,2.362715465208301,2.362715465208301,2.362715465208301,2.362715465208301,2.362715465208301,2.362715465208301,2.362715465208301,2.362715465208301,2.362715465208301,2.362715465208301,2.362715465208301,2.362715465208301,2.362715465208301,2.362715465208301,2.362715465208301,2.362715465208301,2.362715465208301,2.362715465208301,2.362715465208301,2.362715465208301,2.362715465208301,2.362715465208301,2.362715465208301,2.362715465208301,2.362715465208301,2.362715465208301,2.362715465208301,2.362715465208301,2.362715465208301,2.362715465208301,2.362715465208301,2.362715465208301,2.362715465208301,2.362715465208301,2.362715465208301,2.362715465208301,2.362715465208301,2.362715465208301,2.362715465208301,2.362715465208301,2.362715465208301,2.362715465208301,2.362715465208301,2.362715465208301,2.362715465208301,2.362715465208301,2.362715465208301,2.362715465208301,2.362715465208301,2.362715465208301,2.362715465208301,2.362715465208301,2.362715465208301,8.666190096587997,8.666190096587997,8.666190096587997,8.633619385323586,8.633619385323586,8.633619385323586,8.51412842232752,8.51412842232752,8.51412842232752,8.51412842232752,8.51412842232752,8.51412842232752,8.51412842232752,8.51412842232752,8.26625226546835,8.26625226546835,8.26625226546835,8.26625226546835,8.18171086386483,8.18171086386483,8.18171086386483,8.18171086386483,8.18171086386483,8.162778621498063,8.162778621498063,8.162778621498063,8.162778621498063,8.162778621498063,8.162778621498063,8.162778621498063,8.162778621498063,8.162778621498063,8.162778621498063,8.162778621498063,8.162778621498063,8.162778621498063,8.162778621498063,8.162778621498063,8.162778621498063,8.162778621498063,8.162778621498063,8.162778621498063,8.162778621498063,8.162778621498063,8.162778621498063,8.162778621498063,8.162778621498063,8.162778621498063,8.162778621498063,8.162778621498063,8.162778621498063,8.162778621498063,8.162778621498063,8.162778621498063,8.162778621498063,8.162778621498063,8.162778621498063,8.162778621498063,8.162778621498063,8.162778621498063,8.162778621498063,8.162778621498063,8.162778621498063,8.162778621498063,8.162778621498063,8.162778621498063,8.162778621498063,8.162778621498063,8.162778621498063,8.162778621498063,8.162778621498063,7.993132783613711,7.993132783613711,7.993132783613711,7.993132783613711,7.993132783613711,7.993132783613711,7.993132783613711,7.993132783613711,7.993132783613711,7.993132783613711,7.993132783613711,7.993132783613711,7.993132783613711,7.993132783613711,7.993132783613711,7.993132783613711,7.993132783613711,7.993132783613711,7.993132783613711,7.993132783613711,7.990196128682075,7.990196128682075,7.951593896018544,7.951593896018544,7.951593896018544,7.951593896018544,7.951593896018544,7.951593896018544,7.951593896018544,7.944929245518564,7.944929245518564,7.944929245518564,7.944929245518564,7.792333221945947,7.792333221945947,7.685488125846106,7.685488125846106,7.685488125846106,7.685488125846106,7.685488125846106,7.685488125846106,7.685488125846106,7.684130254117296,7.684130254117296,7.684130254117296,7.684130254117296,7.684130254117296,7.565290512838102,7.565290512838102,7.565290512838102,7.565290512838102,7.565290512838102,7.565290512838102,7.565290512838102,7.565290512838102,7.565290512838102,7.565290512838102,7.565290512838102,7.565290512838102,7.565290512838102,7.565290512838102,7.565290512838102,7.565290512838102,7.565290512838102,7.565290512838102,7.565290512838102,7.565290512838102,7.565290512838102,7.565290512838102,7.565290512838102,7.565290512838102,7.565290512838102,7.565290512838102,7.565290512838102,7.565290512838102,7.565290512838102,7.565290512838102,7.565290512838102,7.565290512838102,7.565290512838102,7.565290512838102,7.565290512838102,7.565290512838102,7.565290512838102,7.565290512838102,7.565290512838102,7.565290512838102,7.565290512838102,7.565290512838102,7.565290512838102,7.565290512838102,7.565290512838102,7.565290512838102,7.565290512838102,7.565290512838102,7.565290512838102,7.565290512838102,7.565290512838102,7.565290512838102,7.565290512838102,7.565290512838102,7.565290512838102,7.565290512838102,7.565290512838102,7.565290512838102,7.565290512838102,7.565290512838102,7.565290512838102,7.565290512838102,7.565290512838102,7.565290512838102,7.565290512838102,7.565290512838102,7.565290512838102,7.565290512838102,7.565290512838102,7.565290512838102,7.565290512838102,7.565290512838102,7.565290512838102,7.565290512838102,7.565290512838102,7.565290512838102,7.565290512838102,7.565290512838102,7.565290512838102,7.565290512838102,7.565290512838102,7.565290512838102,7.565290512838102,7.565290512838102,7.565290512838102,7.565290512838102,7.565290512838102,7.565290512838102,7.565290512838102,7.565290512838102,7.565290512838102,7.565290512838102,7.565290512838102,7.565290512838102,7.565290512838102,7.565290512838102,7.565290512838102,7.565290512838102,7.565290512838102,7.565290512838102,7.565290512838102,7.565290512838102,7.565290512838102,7.565290512838102,7.565290512838102,7.565290512838102,7.565290512838102,7.565290512838102,7.565290512838102,7.565290512838102,7.565290512838102,7.565290512838102,7.565290512838102,7.565290512838102,7.565290512838102,7.565290512838102,7.565290512838102,7.565290512838102,7.565290512838102,7.565290512838102,7.565290512838102,7.565290512838102,7.565290512838102,7.565290512838102,7.565290512838102,7.565290512838102,7.565290512838102,7.565290512838102,7.565290512838102,7.565290512838102,7.565290512838102,7.565290512838102,7.565290512838102,7.565290512838102,7.565290512838102,7.565290512838102,7.565290512838102,7.565290512838102,7.565290512838102,7.565290512838102,7.565290512838102,7.565290512838102,7.565290512838102,7.565290512838102,7.565290512838102,7.565290512838102,7.565290512838102,7.565290512838102,7.565290512838102,7.565290512838102,7.565290512838102,6.807487244446286,6.658376950958451,6.658376950958451,6.658376950958451,6.658376950958451,6.638174803251227,6.432028583611202,6.414979859631509,6.414979859631509,6.414979859631509,6.207439203460967,6.207439203460967,6.207439203460967,6.207439203460967,6.207439203460967,6.199465257664333,6.021312127191681,6.021312127191681,6.021312127191681,6.017447390546655,6.017447390546655,6.017447390546655,6.017447390546655,6.017447390546655,6.017447390546655,6.017447390546655,6.017447390546655,6.017447390546655,6.017447390546655,6.017447390546655,6.017447390546655,6.017447390546655,6.017447390546655,6.017447390546655,5.635358943640665,5.635358943640665,5.635358943640665,5.635358943640665,5.635358943640665,5.635358943640665,5.635358943640665,5.635358943640665,5.635358943640665,5.635358943640665,5.635358943640665,5.635358943640665,5.635358943640665,5.635358943640665,5.635358943640665,5.635358943640665,5.635358943640665,5.635358943640665,5.635358943640665,5.635358943640665,5.635358943640665,5.635358943640665,5.635358943640665,5.635358943640665,5.635358943640665,5.635358943640665,5.635358943640665,5.635358943640665,5.635358943640665,5.635358943640665,5.635358943640665,5.635358943640665,5.635358943640665,5.635358943640665,5.635358943640665,5.635358943640665,5.635358943640665,5.635358943640665,5.635358943640665,5.635358943640665,5.635358943640665,5.635358943640665,5.635358943640665,5.635358943640665,5.635358943640665,5.635358943640665,5.635358943640665,5.635358943640665,5.635358943640665,5.635358943640665,5.635358943640665,5.635358943640665,5.635358943640665,5.635358943640665,5.635358943640665,5.635358943640665,5.635358943640665,5.635358943640665,5.635358943640665,5.635358943640665,5.635358943640665,5.635358943640665,5.635358943640665,5.635358943640665,5.635358943640665,5.635358943640665,5.635358943640665,5.635358943640665,5.635358943640665,5.635358943640665,5.635358943640665,5.635358943640665,5.635358943640665,5.635358943640665,5.635358943640665,5.635358943640665,5.635358943640665,5.635358943640665,5.635358943640665,5.635358943640665,5.635358943640665,5.635358943640665,5.635358943640665,5.635358943640665,5.635358943640665,5.635358943640665,5.635358943640665,5.635358943640665,5.635358943640665,5.635358943640665,5.635358943640665,5.635358943640665,5.635358943640665,5.635358943640665,5.635358943640665,5.635358943640665,5.635358943640665,5.635358943640665,5.635358943640665,5.635358943640665,5.635358943640665,5.635358943640665,5.635358943640665,5.635358943640665,5.635358943640665,5.635358943640665,5.635358943640665,5.635358943640665,5.635358943640665,5.635358943640665,5.635358943640665,5.635358943640665,5.635358943640665,5.635358943640665,5.635358943640665,5.635358943640665,5.635358943640665,5.635358943640665,5.635358943640665,5.635358943640665,5.635358943640665,5.635358943640665,5.635358943640665,5.635358943640665,5.635358943640665,5.635358943640665,5.635358943640665,5.114813193693877,5.096742499518129,5.096742499518129,5.096742499518129,5.096742499518129,5.096742499518129,5.096742499518129,5.096742499518129,5.096742499518129,5.096742499518129,5.096742499518129,5.096742499518129,5.096742499518129,5.096742499518129,5.096742499518129,5.096742499518129,5.096742499518129,5.096742499518129,5.096742499518129,5.096742499518129,5.096742499518129,5.096742499518129,5.096742499518129,5.096742499518129,5.096742499518129,4.892617481283363,4.892617481283363,4.892617481283363,4.892617481283363,4.892617481283363,4.892617481283363,4.892617481283363,4.892617481283363,4.892617481283363,4.892617481283363,4.892617481283363,4.892617481283363,4.892617481283363,4.892617481283363,4.892617481283363,4.892617481283363,4.892617481283363,4.892617481283363,4.892617481283363,4.892617481283363,4.892617481283363,4.892617481283363,4.892617481283363,4.892617481283363,4.892617481283363,4.892617481283363,4.892617481283363,4.892617481283363,4.892617481283363,4.892617481283363,4.892617481283363,4.892617481283363,4.892617481283363,4.892617481283363,4.892617481283363,4.892617481283363,4.892617481283363,4.892617481283363,4.892617481283363,4.892617481283363,4.892617481283363,4.892617481283363,4.890001151082847,4.890001151082847,4.890001151082847,4.890001151082847,4.890001151082847,4.890001151082847,4.890001151082847,4.890001151082847,4.890001151082847,4.890001151082847,4.890001151082847,4.890001151082847,4.890001151082847,4.890001151082847,4.890001151082847,4.890001151082847,4.890001151082847,4.890001151082847,4.890001151082847,4.890001151082847,4.890001151082847,4.890001151082847,4.890001151082847,4.890001151082847,4.890001151082847,4.890001151082847,4.890001151082847,4.890001151082847,4.890001151082847,4.890001151082847,4.890001151082847,4.890001151082847,4.890001151082847,4.890001151082847,4.890001151082847,4.890001151082847,4.890001151082847,4.890001151082847,4.890001151082847,4.890001151082847,4.890001151082847,4.890001151082847,4.890001151082847,4.890001151082847,4.890001151082847,4.890001151082847,4.890001151082847,4.890001151082847,4.890001151082847,4.890001151082847,4.890001151082847,4.890001151082847,4.890001151082847,4.890001151082847,4.890001151082847,4.890001151082847,4.890001151082847,4.890001151082847,4.890001151082847,4.890001151082847,4.890001151082847,4.890001151082847,4.890001151082847,4.890001151082847,4.890001151082847,4.890001151082847,4.890001151082847,4.890001151082847,4.890001151082847,4.890001151082847,4.890001151082847,4.890001151082847,4.890001151082847,4.890001151082847,4.890001151082847,4.890001151082847,4.890001151082847,4.890001151082847,4.890001151082847,4.890001151082847,4.890001151082847,4.890001151082847,4.890001151082847,4.890001151082847,4.890001151082847,4.890001151082847,4.890001151082847,4.890001151082847,4.890001151082847,4.890001151082847,4.890001151082847,4.890001151082847,4.890001151082847,4.890001151082847,4.890001151082847,4.890001151082847,4.890001151082847,4.890001151082847,4.890001151082847,4.890001151082847,4.890001151082847,4.890001151082847,4.890001151082847,4.890001151082847,4.890001151082847,4.890001151082847,4.890001151082847,4.890001151082847,4.890001151082847,4.85199431887323,4.85199431887323,4.85199431887323,4.85199431887323,4.85199431887323,4.85199431887323,4.85199431887323,4.85199431887323,4.85199431887323,4.85199431887323,4.85199431887323,4.85199431887323,4.85199431887323,4.85199431887323,4.85199431887323,4.85199431887323,4.85199431887323,4.85199431887323,4.85199431887323,4.85199431887323,4.85199431887323,4.85199431887323,4.85199431887323,4.85199431887323,4.85199431887323,4.85199431887323,4.85199431887323,4.85199431887323,4.85199431887323,4.85199431887323,4.85199431887323,4.85199431887323,4.85199431887323,4.85199431887323,4.85199431887323,4.85199431887323,4.85199431887323,4.85199431887323,4.85199431887323,4.85199431887323,4.85199431887323,4.85199431887323,4.85199431887323,4.85199431887323,4.85199431887323,4.85199431887323,4.85199431887323,4.85199431887323,4.85199431887323,4.85199431887323,4.85199431887323,4.85199431887323,4.85199431887323,4.85199431887323,4.85199431887323,4.85199431887323,4.85199431887323,4.85199431887323,4.85199431887323,4.85199431887323,4.85199431887323,4.85199431887323,4.85199431887323,4.85199431887323,4.85199431887323,4.85199431887323,4.85199431887323,4.85199431887323,4.85199431887323,4.85199431887323,4.85199431887323,4.85199431887323,4.85199431887323,4.85199431887323,4.85199431887323,4.85199431887323,4.85199431887323,4.85199431887323,4.85199431887323,4.85199431887323,4.85199431887323,4.85199431887323,4.85199431887323,4.85199431887323,4.85199431887323,4.85199431887323,4.85199431887323,4.85199431887323,4.85199431887323,4.85199431887323,4.85199431887323,4.85199431887323,4.85199431887323,4.85199431887323,4.85199431887323,4.85199431887323,4.85199431887323,4.85199431887323,4.85199431887323,4.85199431887323,4.85199431887323,4.85199431887323,4.85199431887323,4.85199431887323,4.85199431887323,4.85199431887323,4.85199431887323,4.85199431887323,4.85199431887323,4.85199431887323,4.85199431887323,4.797868849833755,4.797868849833755,4.797868849833755,4.797868849833755,4.797868849833755,4.797868849833755,4.797868849833755,4.797868849833755,4.797868849833755,4.797868849833755,4.797868849833755,4.797868849833755,4.797868849833755,4.797868849833755,4.797868849833755,4.797868849833755,4.797868849833755,4.797868849833755,4.797868849833755,4.797868849833755,4.797868849833755,4.797868849833755,4.797868849833755,4.797868849833755,4.797868849833755,4.797868849833755,4.797868849833755,4.797868849833755,4.797868849833755,4.797868849833755,4.797868849833755,4.797868849833755,4.797868849833755,4.797868849833755,4.797868849833755,4.797868849833755,4.797868849833755,4.797868849833755,4.797868849833755,4.797868849833755,4.797868849833755,4.797868849833755,4.797868849833755,4.797868849833755,4.797868849833755,4.797868849833755,4.797868849833755,4.797868849833755,4.797868849833755,4.797868849833755,4.477397873972975,4.477397873972975,4.477397873972975,4.477397873972975,4.477397873972975,4.477397873972975,4.477397873972975,4.477397873972975,4.477397873972975,4.477397873972975,4.477397873972975,4.477397873972975,4.477397873972975,4.477397873972975,4.477397873972975,4.477397873972975,4.477397873972975,4.477397873972975,4.477397873972975,4.477397873972975,4.477397873972975,4.477397873972975,4.477397873972975,4.477397873972975,4.477397873972975,4.477397873972975,4.477397873972975,4.477397873972975,4.477397873972975,4.477397873972975,4.477397873972975,4.477397873972975,4.477397873972975,4.477397873972975,4.477397873972975,4.477397873972975,4.477397873972975,4.477397873972975,4.477397873972975,4.477397873972975,4.477397873972975,4.477397873972975,4.477397873972975,4.477397873972975,4.477397873972975,4.477397873972975,4.477397873972975,4.477397873972975,4.477397873972975,4.477397873972975,4.477397873972975,4.477397873972975,4.477397873972975,4.477397873972975,4.477397873972975,4.477397873972975,4.477397873972975,4.477397873972975,4.477397873972975,4.477397873972975,4.477397873972975,4.477397873972975,4.477397873972975,4.477397873972975,4.477397873972975,4.477397873972975,4.477397873972975,4.477397873972975,4.477397873972975,4.477397873972975,4.477397873972975,4.477397873972975,4.477397873972975,4.477397873972975,4.477397873972975,4.477397873972975,4.477397873972975,4.477397873972975,4.477397873972975,4.477397873972975,4.477397873972975,4.477397873972975,4.477397873972975,4.477397873972975,4.477397873972975,4.477397873972975,4.477397873972975,4.477397873972975,4.477397873972975,4.477397873972975,4.477397873972975,4.477397873972975,4.477397873972975,4.477397873972975,4.477397873972975,4.477397873972975,4.477397873972975,4.477397873972975,4.477397873972975,4.477397873972975,4.477397873972975,4.477397873972975,4.477397873972975,4.477397873972975,4.477397873972975,4.477397873972975,4.477397873972975,4.477397873972975,4.477397873972975,4.477397873972975,4.477397873972975,4.477397873972975,4.477397873972975,4.477397873972975,4.477397873972975,4.477397873972975,4.477397873972975,4.477397873972975,4.477397873972975,4.477397873972975,4.477397873972975,4.477397873972975,4.477397873972975,4.477397873972975,4.477397873972975,4.477397873972975,4.477397873972975,4.477397873972975,4.477397873972975,4.477397873972975,4.477397873972975,4.477397873972975,4.477397873972975,4.477397873972975,4.477397873972975,4.477397873972975,4.477397873972975,4.477397873972975,4.083269745950274,4.083269745950274,4.083269745950274,4.083269745950274,4.083269745950274,4.083269745950274,4.083269745950274,4.083269745950274,4.083269745950274,4.083269745950274,4.083269745950274,4.083269745950274,4.083269745950274,4.083269745950274,4.083269745950274,4.083269745950274,4.083269745950274,4.083269745950274,4.083269745950274,4.083269745950274,4.083269745950274,4.083269745950274,4.083269745950274,4.083269745950274,4.083269745950274,4.083269745950274,4.083269745950274,4.083269745950274,4.083269745950274,4.083269745950274,4.083269745950274,4.083269745950274,4.083269745950274,4.083269745950274,4.083269745950274,4.083269745950274,4.083269745950274,4.083269745950274,4.083269745950274,4.083269745950274,4.083269745950274,4.083269745950274,4.083269745950274,4.083269745950274,4.083269745950274,4.083269745950274,4.083269745950274,4.083269745950274,4.083269745950274,4.083269745950274,4.083269745950274,4.083269745950274,4.083269745950274,4.083269745950274,4.083269745950274,4.083269745950274,4.083269745950274,4.083269745950274,4.083269745950274,4.083269745950274,4.083269745950274,4.083269745950274,4.083269745950274,4.083269745950274,4.083269745950274,4.083269745950274,4.083269745950274,4.083269745950274,4.083269745950274,4.083269745950274,4.083269745950274,4.083269745950274,4.083269745950274,4.083269745950274,4.083269745950274,4.083269745950274,4.083269745950274,4.083269745950274,4.083269745950274,4.083269745950274,4.083269745950274,4.083269745950274,4.083269745950274,4.083269745950274,4.083269745950274,4.083269745950274,4.083269745950274,4.083269745950274,4.083269745950274,4.083269745950274,4.083269745950274,4.083269745950274,4.083269745950274,4.083269745950274,4.083269745950274,5.879459173245667,5.639369968857869,5.639369968857869,5.639369968857869,5.2384668292379075,5.2384668292379075,5.204596831337854,5.204596831337854,5.204596831337854,5.204596831337854,5.204596831337854,4.598858367753116,4.598858367753116,4.598858367753116,4.598858367753116,4.598858367753116,4.5637130091753795,4.5637130091753795,4.5637130091753795,4.5637130091753795,4.5637130091753795,4.5637130091753795,4.5637130091753795,4.5637130091753795,4.5637130091753795,4.5637130091753795,4.5637130091753795,4.5637130091753795,4.5637130091753795,4.5637130091753795,4.5637130091753795,4.5637130091753795,4.5637130091753795,4.5637130091753795,4.5637130091753795,4.5637130091753795,4.5637130091753795,4.5637130091753795,4.5637130091753795,4.5637130091753795,4.5637130091753795,4.5637130091753795,4.5637130091753795,4.5637130091753795,4.5637130091753795,4.5637130091753795,4.5637130091753795,4.5637130091753795,4.5637130091753795,4.5637130091753795,4.5637130091753795,4.5637130091753795,4.5637130091753795,4.5637130091753795,4.5637130091753795,4.5637130091753795,4.5637130091753795,4.5637130091753795,4.5637130091753795,4.5637130091753795,4.5637130091753795,4.5637130091753795,4.5637130091753795,4.5637130091753795,4.5637130091753795,4.5637130091753795,4.5637130091753795,4.5637130091753795,4.5637130091753795,4.5637130091753795,4.5637130091753795,4.5637130091753795,4.5637130091753795,4.5637130091753795,4.5637130091753795,4.5637130091753795,4.5637130091753795,4.5637130091753795,4.435870993664836,4.3982197359976745,4.007464852989432,4.007464852989432,3.988543390250063,3.988543390250063,3.988543390250063,3.988543390250063,3.988543390250063,3.988543390250063,3.988543390250063,3.988543390250063,3.988543390250063,3.988543390250063,3.988543390250063,3.988543390250063,3.988543390250063,3.988543390250063,3.988543390250063,3.988543390250063,3.988543390250063,3.988543390250063,3.988543390250063,3.988543390250063,3.988543390250063,3.988543390250063,3.988543390250063,3.988543390250063,3.988543390250063,3.988543390250063,3.988543390250063,3.988543390250063,3.988543390250063,3.988543390250063,3.988543390250063,3.988543390250063,3.988543390250063,3.988543390250063,3.988543390250063,3.988543390250063,3.988543390250063,3.988543390250063,3.988543390250063,3.988543390250063,3.988543390250063,3.988543390250063,3.988543390250063,3.988543390250063,3.988543390250063,3.988543390250063,3.988543390250063,3.988543390250063,3.988543390250063,3.988543390250063,3.988543390250063,3.988543390250063,3.988543390250063,3.988543390250063,3.988543390250063,3.988543390250063,3.988543390250063,3.988543390250063,3.988543390250063,3.988543390250063,3.988543390250063,3.988543390250063,3.988543390250063,3.988543390250063,3.988543390250063,3.988543390250063,3.988543390250063,3.988543390250063,3.988543390250063,3.988543390250063,3.988543390250063,3.988543390250063,3.988543390250063,3.988543390250063,3.988543390250063,3.988543390250063,3.988543390250063,3.988543390250063,3.988543390250063,3.988543390250063,3.988543390250063,3.988543390250063,3.988543390250063,3.988543390250063,3.988543390250063,3.988543390250063,3.988543390250063,3.988543390250063,3.988543390250063,3.988543390250063,3.988543390250063,3.988543390250063,3.988543390250063,3.988543390250063,3.988543390250063,3.988543390250063,3.988543390250063,3.988543390250063,3.988543390250063,3.988543390250063,3.988543390250063,3.988543390250063,3.988543390250063,3.988543390250063,3.988543390250063,3.988543390250063,3.8946680583125115,3.8946680583125115,3.8946680583125115,3.6612968713322496,3.6468129421009055,3.6468129421009055,3.6468129421009055,3.6468129421009055,3.6468129421009055,3.6468129421009055,3.6468129421009055,3.6468129421009055,3.6468129421009055,3.6468129421009055,3.6468129421009055,3.6468129421009055,3.6468129421009055,3.6468129421009055,3.6468129421009055,3.6468129421009055,3.6468129421009055,3.6468129421009055,3.6468129421009055,3.6468129421009055,3.6468129421009055,3.6468129421009055,3.6468129421009055,3.6468129421009055,3.6468129421009055,3.6468129421009055,3.6468129421009055,3.6468129421009055,3.6468129421009055,3.6468129421009055,3.6468129421009055,3.6468129421009055,3.6468129421009055,3.6468129421009055,3.6468129421009055,3.6468129421009055,3.6468129421009055,3.6468129421009055,3.6468129421009055,3.6468129421009055,3.6468129421009055,3.6468129421009055,3.6468129421009055,3.6468129421009055,3.6468129421009055,3.6468129421009055,3.6468129421009055,3.6468129421009055,3.6468129421009055,3.6468129421009055,3.6468129421009055,3.6468129421009055,3.6468129421009055,3.6468129421009055,3.6468129421009055,3.6468129421009055,3.6468129421009055,3.6468129421009055,3.6468129421009055,3.6468129421009055,3.6468129421009055,3.6468129421009055,3.6468129421009055,3.6468129421009055,3.6468129421009055,3.6468129421009055,3.6468129421009055,3.6468129421009055,3.6468129421009055,3.6468129421009055,3.6468129421009055,3.6468129421009055,3.6468129421009055,3.6468129421009055,3.6468129421009055,3.6468129421009055,3.6468129421009055,3.6468129421009055,3.6468129421009055,3.6468129421009055,3.6468129421009055,3.6468129421009055,3.6468129421009055,3.6468129421009055,3.6468129421009055,3.6468129421009055,3.6468129421009055,3.6468129421009055,3.6468129421009055,3.6468129421009055,3.6468129421009055,3.6468129421009055,3.6468129421009055,3.6468129421009055,3.6468129421009055,3.6468129421009055,3.6468129421009055,3.6468129421009055,3.6468129421009055,3.6468129421009055,3.6468129421009055,3.6468129421009055,3.6468129421009055,3.6468129421009055,3.6468129421009055,3.6468129421009055,3.6468129421009055,3.6468129421009055,2.2745214067335624,2.2745214067335624,2.2745214067335624,2.2745214067335624,2.2745214067335624,2.2745214067335624,2.2745214067335624,2.2745214067335624,2.2745214067335624,2.2745214067335624,2.2745214067335624,2.2745214067335624,2.2745214067335624,2.2745214067335624,2.2745214067335624,2.2745214067335624,2.2745214067335624,2.2745214067335624,2.2745214067335624,2.2745214067335624,2.2745214067335624,2.2745214067335624,2.2745214067335624,2.2745214067335624,2.2745214067335624,2.2745214067335624,2.2745214067335624,2.2745214067335624,2.2745214067335624,2.2745214067335624,2.2745214067335624,2.2745214067335624,2.2745214067335624,2.2745214067335624,2.2745214067335624,2.2745214067335624,2.2745214067335624,2.2745214067335624,2.2745214067335624,2.2745214067335624,2.2745214067335624,2.2745214067335624,2.2745214067335624,2.2745214067335624,2.2745214067335624,2.2745214067335624,2.2745214067335624,2.2745214067335624,2.2745214067335624,2.2745214067335624,2.2745214067335624,2.2745214067335624,2.2745214067335624,2.2745214067335624,2.2745214067335624,2.2745214067335624,2.2745214067335624,2.2745214067335624,2.2745214067335624,2.2745214067335624,2.2745214067335624,2.2745214067335624,2.2745214067335624,2.2745214067335624,2.2745214067335624,2.2745214067335624,2.2745214067335624,2.2745214067335624,2.2745214067335624,2.2745214067335624,2.2745214067335624,2.2745214067335624,2.2745214067335624,2.2745214067335624,2.2745214067335624,2.2745214067335624,2.2745214067335624,2.2745214067335624,2.2745214067335624,2.2745214067335624,2.2745214067335624,2.2745214067335624,2.2745214067335624,2.2745214067335624,2.2745214067335624,2.2745214067335624,2.2745214067335624,2.2745214067335624,2.2745214067335624,2.2745214067335624,2.2745214067335624,2.2745214067335624,2.2745214067335624,2.2745214067335624,2.2745214067335624,2.2745214067335624,2.2745214067335624,2.2745214067335624,2.2745214067335624,2.2745214067335624,2.2745214067335624,2.2745214067335624,2.2745214067335624,2.2745214067335624,2.2745214067335624,2.2745214067335624,2.2745214067335624,2.2745214067335624,2.2745214067335624,2.2745214067335624,2.2745214067335624,2.2745214067335624,2.2745214067335624,2.2745214067335624,2.2745214067335624,2.2745214067335624,2.2745214067335624,2.2745214067335624,2.2745214067335624,2.2745214067335624,2.2745214067335624,2.2745214067335624,2.2745214067335624,2.2745214067335624,2.2745214067335624,2.2745214067335624,2.2745214067335624,2.2745214067335624,2.2745214067335624,2.2745214067335624,2.2745214067335624,2.2745214067335624,2.2745214067335624,2.2745214067335624,2.2745214067335624,2.2745214067335624,2.2745214067335624,2.2745214067335624,2.2745214067335624,2.2745214067335624,2.2745214067335624,2.2745214067335624,2.2745214067335624,2.2745214067335624,2.2745214067335624,2.2745214067335624,2.2745214067335624,2.2745214067335624,2.2745214067335624,2.2745214067335624,2.2745214067335624,2.2745214067335624,2.2745214067335624,2.2745214067335624,2.2745214067335624,2.2745214067335624,2.2745214067335624,2.2745214067335624,2.2745214067335624,2.2745214067335624,2.2745214067335624,2.2745214067335624,2.2745214067335624,2.2745214067335624,2.2745214067335624,2.2745214067335624,2.2745214067335624,2.2745214067335624,2.2745214067335624,2.2745214067335624,2.2745214067335624,2.2745214067335624,2.2745214067335624,2.2745214067335624,2.2745214067335624,2.2745214067335624,2.2745214067335624,2.2745214067335624,2.2745214067335624,2.2745214067335624,2.2745214067335624,2.2745214067335624,2.2745214067335624,2.2745214067335624,2.2745214067335624,2.2745214067335624,2.2745214067335624,2.2745214067335624,2.2745214067335624,2.2745214067335624,2.2745214067335624,2.2745214067335624,2.2745214067335624,2.2745214067335624,2.2745214067335624,2.2745214067335624,2.2745214067335624,2.2745214067335624,2.2745214067335624,2.2745214067335624,2.2745214067335624,2.2745214067335624,2.2745214067335624,2.2745214067335624,2.2745214067335624,2.2745214067335624,2.2745214067335624,2.2745214067335624,2.2745214067335624,2.2745214067335624,2.2745214067335624,2.2745214067335624,2.2745214067335624,2.2745214067335624,2.2745214067335624,2.2745214067335624,2.2745214067335624,2.2745214067335624,2.2745214067335624,2.2745214067335624,2.2745214067335624,2.2745214067335624,2.2745214067335624,2.2745214067335624,2.2745214067335624,2.2745214067335624,2.2745214067335624,2.2745214067335624,2.2745214067335624,2.2745214067335624,2.2745214067335624,2.2745214067335624,2.2745214067335624,2.2745214067335624,2.2745214067335624,2.2745214067335624,2.2745214067335624,2.2745214067335624,2.2745214067335624,2.2745214067335624,2.2745214067335624,2.2745214067335624,2.2745214067335624,2.2745214067335624,2.2745214067335624,2.2745214067335624,2.2745214067335624,2.2745214067335624,2.2745214067335624,2.2745214067335624,2.2745214067335624,2.2745214067335624,2.2745214067335624,2.2745214067335624,2.2745214067335624,2.2745214067335624,2.2745214067335624,2.2745214067335624,2.2745214067335624,2.2745214067335624,2.2745214067335624,2.2745214067335624,2.2745214067335624,2.2745214067335624,2.2745214067335624,2.2745214067335624,2.2745214067335624,2.2745214067335624,2.2745214067335624,2.2745214067335624,2.2745214067335624,2.2745214067335624,2.2745214067335624,2.2745214067335624,2.2745214067335624,2.2745214067335624,2.2745214067335624,2.2745214067335624,2.2745214067335624,2.2745214067335624,2.2745214067335624,2.2745214067335624,2.2745214067335624,2.2745214067335624,2.2745214067335624,2.2745214067335624,2.2745214067335624,2.2745214067335624,2.2745214067335624,2.2745214067335624,2.2745214067335624,2.2745214067335624,2.2745214067335624,2.2745214067335624,2.2745214067335624,2.2745214067335624,2.2745214067335624,2.2745214067335624,2.2745214067335624,2.2745214067335624,2.2745214067335624,2.2745214067335624,2.2745214067335624,2.2745214067335624,2.2745214067335624,2.2745214067335624,2.2745214067335624,2.2745214067335624,2.2745214067335624,2.2745214067335624,2.2745214067335624,2.2745214067335624,2.2745214067335624,2.2745214067335624,2.2745214067335624,2.2745214067335624,2.2745214067335624,2.2745214067335624,2.2745214067335624,2.2745214067335624,2.2745214067335624,2.2745214067335624,2.2745214067335624,2.2745214067335624,2.2745214067335624,2.2745214067335624,2.2745214067335624,2.2745214067335624,2.2745214067335624,2.2745214067335624,2.2745214067335624,2.2745214067335624,2.2745214067335624,2.2745214067335624,2.2745214067335624,2.2745214067335624,2.2745214067335624,2.2745214067335624,2.2745214067335624,2.2745214067335624,2.2745214067335624,2.2745214067335624,2.2745214067335624,2.2745214067335624,2.2745214067335624,2.2745214067335624,2.2745214067335624,2.2745214067335624,2.2745214067335624,2.2745214067335624,2.2745214067335624,2.2745214067335624,2.2745214067335624,2.2745214067335624,2.2745214067335624,2.2745214067335624,2.2745214067335624,2.2745214067335624,2.2745214067335624,2.2745214067335624,2.2745214067335624,2.2745214067335624,2.2745214067335624,2.2745214067335624,2.2745214067335624,2.2745214067335624,2.2745214067335624,2.2745214067335624,2.2745214067335624,2.2745214067335624,2.2745214067335624,2.2745214067335624,2.2745214067335624,2.2745214067335624,2.2745214067335624,2.2745214067335624,2.2745214067335624,2.2745214067335624,2.2745214067335624,2.2745214067335624,2.2745214067335624,2.2745214067335624,2.2745214067335624,2.2745214067335624,2.2745214067335624,2.2745214067335624,2.2745214067335624,2.2745214067335624,2.2745214067335624,2.2745214067335624,2.2745214067335624,2.2745214067335624,2.2745214067335624,2.2745214067335624,2.2745214067335624,2.2745214067335624,2.2745214067335624,2.2745214067335624,2.2745214067335624,2.2745214067335624,2.2745214067335624,2.2745214067335624,2.2745214067335624,2.2745214067335624,2.2745214067335624,2.2745214067335624,2.2745214067335624,2.2745214067335624,2.2745214067335624,2.2745214067335624,2.2745214067335624,2.2745214067335624,2.2745214067335624,2.2745214067335624,2.2745214067335624,2.2745214067335624,2.2745214067335624,2.2745214067335624,2.2745214067335624,2.2745214067335624,2.2745214067335624,2.2745214067335624,2.2745214067335624,2.2745214067335624,2.2745214067335624,2.2745214067335624,2.2745214067335624,2.2745214067335624,2.2745214067335624,2.2745214067335624,2.2745214067335624,2.2745214067335624,2.2745214067335624,2.2745214067335624,2.2745214067335624,2.2745214067335624,2.2745214067335624,2.2745214067335624,2.2745214067335624,2.2745214067335624,2.2745214067335624,2.2745214067335624,2.2745214067335624,2.2745214067335624,2.2745214067335624,2.2745214067335624,2.2745214067335624,2.2745214067335624,2.2745214067335624,2.2745214067335624,2.2745214067335624,2.2745214067335624,2.2745214067335624,2.2745214067335624,2.2745214067335624,2.2745214067335624,2.2745214067335624,2.2745214067335624,2.2745214067335624,2.2745214067335624,2.2745214067335624,2.2745214067335624,2.2745214067335624,2.2745214067335624,2.2745214067335624,2.2745214067335624,2.2745214067335624,2.2745214067335624,2.2745214067335624,2.2745214067335624,2.2745214067335624,2.2745214067335624,2.2745214067335624,2.2745214067335624,2.2745214067335624,2.2745214067335624,2.2745214067335624,2.2745214067335624,2.2745214067335624,2.2745214067335624,2.2745214067335624,2.2745214067335624,2.2745214067335624,2.2745214067335624,2.2745214067335624,2.2745214067335624,2.2745214067335624,2.2745214067335624,2.2745214067335624,2.2745214067335624,2.2745214067335624,2.2745214067335624,2.2745214067335624,2.2745214067335624,2.2745214067335624,2.2745214067335624,2.2745214067335624,2.2745214067335624,2.2745214067335624,2.2745214067335624,2.2745214067335624,2.2745214067335624,2.2745214067335624,2.2745214067335624,2.2745214067335624,2.2745214067335624,2.2745214067335624,2.2745214067335624,2.2745214067335624,2.2745214067335624,2.2745214067335624,2.2745214067335624,2.2745214067335624,2.2745214067335624,2.2745214067335624,2.2745214067335624,2.2745214067335624,2.2745214067335624,2.2745214067335624,2.2745214067335624,2.2745214067335624,2.2745214067335624,2.2745214067335624,2.2745214067335624,2.2745214067335624,2.2745214067335624,2.2745214067335624,2.2745214067335624,2.2745214067335624,2.2745214067335624,2.2745214067335624,2.2745214067335624,2.2745214067335624,2.2745214067335624,2.2745214067335624,2.2745214067335624,2.2745214067335624,2.2745214067335624,2.2745214067335624,2.2745214067335624,2.2745214067335624,2.2745214067335624,2.2745214067335624,2.2745214067335624,2.2745214067335624,2.2745214067335624,2.2745214067335624,2.2745214067335624,2.2745214067335624,2.2745214067335624,2.2745214067335624,2.2745214067335624,2.2745214067335624,2.2745214067335624,2.2745214067335624,2.2745214067335624,2.2745214067335624,2.2745214067335624,2.2745214067335624,2.2745214067335624,2.2745214067335624,2.2745214067335624,2.2745214067335624,2.2745214067335624,2.2745214067335624,2.2745214067335624,2.2745214067335624,2.2745214067335624,2.2745214067335624,2.2745214067335624,2.2745214067335624,2.2745214067335624,2.2745214067335624,2.2745214067335624,2.2745214067335624,2.2745214067335624,2.2745214067335624,2.2745214067335624,2.2745214067335624,2.2745214067335624,2.2745214067335624,2.2745214067335624,2.2745214067335624,2.2745214067335624,2.2745214067335624,2.2745214067335624,2.2745214067335624,2.2745214067335624,2.2745214067335624,2.2745214067335624,2.2745214067335624,2.2745214067335624,2.2745214067335624,2.2745214067335624,2.2745214067335624,2.2745214067335624,2.2745214067335624,2.2745214067335624,2.2745214067335624,2.2745214067335624,2.2745214067335624,2.2745214067335624,2.2745214067335624,2.2745214067335624,2.2745214067335624,2.2745214067335624,2.2745214067335624,2.2745214067335624,2.2745214067335624,2.2745214067335624,2.2745214067335624,2.2745214067335624,2.2745214067335624,2.2745214067335624,2.2745214067335624,2.2745214067335624,2.2745214067335624,2.2745214067335624,2.2745214067335624,2.2745214067335624,2.2745214067335624,2.2745214067335624,2.2745214067335624,2.2745214067335624,2.2745214067335624,2.2745214067335624,2.2745214067335624,2.2745214067335624,2.2745214067335624,2.2745214067335624,2.2745214067335624,2.2745214067335624,2.2745214067335624,2.2745214067335624,2.2745214067335624,2.2745214067335624,2.2745214067335624,2.2745214067335624,2.2745214067335624,2.2745214067335624,2.2745214067335624,2.2745214067335624,2.2745214067335624,2.2745214067335624,2.2745214067335624,2.2745214067335624,2.2745214067335624,2.2745214067335624,2.2745214067335624,2.2745214067335624,2.2745214067335624,2.2745214067335624,2.2745214067335624,2.2745214067335624,2.2745214067335624,2.2745214067335624,2.2745214067335624,2.2745214067335624,2.2745214067335624,2.2745214067335624,2.2745214067335624,2.2745214067335624,2.2745214067335624,2.2745214067335624,2.2745214067335624,2.2745214067335624,2.2745214067335624,2.2745214067335624,2.2745214067335624,2.2745214067335624,2.2745214067335624,2.2745214067335624,2.2745214067335624,2.2745214067335624,2.2745214067335624,2.2745214067335624,2.2745214067335624,2.2745214067335624,2.2745214067335624,2.2745214067335624,2.2745214067335624,2.2745214067335624,2.2745214067335624,2.2745214067335624,2.2745214067335624,2.2745214067335624,2.2745214067335624,2.2745214067335624,2.2745214067335624,2.2745214067335624,2.2745214067335624,2.2745214067335624,2.2745214067335624,2.2745214067335624,2.2745214067335624,2.2745214067335624,2.2745214067335624,2.2745214067335624,2.2745214067335624,2.2745214067335624,7.996243435245611,7.38994742784734,7.38994742784734,7.38994742784734,7.38994742784734,7.38994742784734,6.5527680295106085,6.5527680295106085,6.5527680295106085,6.5527680295106085,6.5527680295106085,6.5527680295106085,6.5527680295106085,6.5527680295106085,6.5527680295106085,6.5527680295106085,6.5527680295106085,6.5527680295106085,6.5527680295106085,6.5527680295106085,6.5527680295106085,6.5527680295106085,6.5527680295106085,6.5527680295106085,6.5527680295106085,6.5527680295106085,6.4398146816595085,6.358278684848271,6.358278684848271,6.358278684848271,6.358278684848271,6.358278684848271,6.358278684848271,6.358278684848271,6.358278684848271,6.358278684848271,6.358278684848271,6.358278684848271,6.0516851126110165,6.0516851126110165,6.0516851126110165,6.0516851126110165,6.0516851126110165,6.0516851126110165,6.0516851126110165,6.0516851126110165,6.0516851126110165,6.0516851126110165,6.0516851126110165,6.0516851126110165,6.0516851126110165,6.0516851126110165,6.0516851126110165,6.0516851126110165,6.0516851126110165,6.0516851126110165,6.0516851126110165,6.0516851126110165,6.0516851126110165,6.0516851126110165,6.0516851126110165,6.0516851126110165,6.0516851126110165,6.0516851126110165,6.0516851126110165,6.0516851126110165,6.0516851126110165,6.0516851126110165,6.0516851126110165,6.0516851126110165,6.0516851126110165,6.0516851126110165,6.0516851126110165,6.0516851126110165,6.0516851126110165,6.0516851126110165,6.0516851126110165,6.0516851126110165,6.0516851126110165,6.0516851126110165,6.0516851126110165,6.0516851126110165,6.0516851126110165,6.0516851126110165,6.0516851126110165,6.0516851126110165,6.0516851126110165,6.0516851126110165,6.0516851126110165,6.0516851126110165,6.0516851126110165,6.0516851126110165,6.0516851126110165,6.0516851126110165,6.0516851126110165,6.0516851126110165,6.0516851126110165,6.0516851126110165,6.0516851126110165,6.0516851126110165,6.0516851126110165,6.0516851126110165,6.0516851126110165,6.0516851126110165,6.0516851126110165,6.0516851126110165,6.0516851126110165,6.0516851126110165,6.0516851126110165,6.0516851126110165,6.0516851126110165,6.0516851126110165,6.0516851126110165,6.0516851126110165,6.0516851126110165,6.0516851126110165,6.0516851126110165,6.0516851126110165,6.0516851126110165,6.0516851126110165,6.0516851126110165,6.0516851126110165,6.0516851126110165,6.0516851126110165,6.0516851126110165,6.0516851126110165,6.0516851126110165,6.0516851126110165,6.0516851126110165,6.0516851126110165,6.0516851126110165,6.0516851126110165,6.0516851126110165,6.0516851126110165,6.0516851126110165,6.0516851126110165,6.0516851126110165,6.0516851126110165,6.0516851126110165,6.0516851126110165,6.0516851126110165,6.0516851126110165,6.0516851126110165,6.0516851126110165,6.0516851126110165,6.0516851126110165,6.0516851126110165,6.0516851126110165,6.0516851126110165,6.0516851126110165,5.406976272514107,5.406976272514107,5.406976272514107,5.406976272514107,5.135839377004416,5.0252648896188035,4.889437098810549,4.889437098810549,4.889437098810549,4.8307467508154724,4.828213913679651,4.828213913679651,4.828213913679651,4.828213913679651,4.828213913679651,4.828213913679651,4.828213913679651,4.828213913679651,4.828213913679651,4.828213913679651,4.828213913679651,4.828213913679651,4.828213913679651,4.828213913679651,4.828213913679651,4.828213913679651,4.828213913679651,4.828213913679651,4.828213913679651,4.828213913679651,4.828213913679651,4.828213913679651,4.828213913679651,4.828213913679651,4.828213913679651,4.828213913679651,4.828213913679651,4.828213913679651,4.828213913679651,4.828213913679651,4.828213913679651,4.828213913679651,4.828213913679651,4.828213913679651,4.828213913679651,4.828213913679651,4.828213913679651,4.828213913679651,4.828213913679651,4.828213913679651,4.828213913679651,4.828213913679651,4.828213913679651,4.828213913679651,4.828213913679651,4.828213913679651,4.828213913679651,4.828213913679651,4.828213913679651,4.828213913679651,4.828213913679651,4.828213913679651,4.828213913679651,4.828213913679651,4.828213913679651,4.828213913679651,4.828213913679651,4.828213913679651,4.828213913679651,4.828213913679651,4.828213913679651,4.828213913679651,4.828213913679651,4.828213913679651,4.828213913679651,4.828213913679651,4.828213913679651,4.828213913679651,4.828213913679651,4.828213913679651,4.828213913679651,4.828213913679651,4.828213913679651,4.828213913679651,4.828213913679651,4.828213913679651,4.828213913679651,4.828213913679651,4.828213913679651,4.69929381159586,4.69929381159586,4.5057228702869025,4.5057228702869025,4.5057228702869025,4.474463202504906,4.474463202504906,4.474463202504906,4.474463202504906,4.474463202504906,4.474463202504906,4.474463202504906,4.474463202504906,4.474463202504906,4.474463202504906,4.474463202504906,4.474463202504906,4.474463202504906,4.474463202504906,4.474463202504906,4.474463202504906,4.051532528495588,4.051532528495588,4.051532528495588,4.051532528495588,4.051532528495588,4.051532528495588,4.051532528495588,4.051532528495588,4.051532528495588,4.051532528495588,4.051532528495588,4.051532528495588,4.051532528495588,4.051532528495588,4.051532528495588,4.051532528495588,4.051532528495588,4.051532528495588,4.051532528495588,4.051532528495588,4.051532528495588,4.051532528495588,4.051532528495588,4.051532528495588,4.051532528495588,4.051532528495588,4.051532528495588,4.051532528495588,4.051532528495588,4.051532528495588,4.051532528495588,4.051532528495588,4.051532528495588,4.051532528495588,4.051532528495588,4.051532528495588,4.051532528495588,4.051532528495588,4.051532528495588,4.051532528495588,4.051532528495588,4.051532528495588,4.051532528495588,4.051532528495588,4.051532528495588,4.051532528495588,4.051532528495588,4.051532528495588,4.051532528495588,4.051532528495588,4.051532528495588,4.051532528495588,4.051532528495588,4.051532528495588,4.051532528495588,4.051532528495588,4.051532528495588,4.051532528495588,4.051532528495588,4.051532528495588,4.051532528495588,4.051532528495588,4.051532528495588,4.051532528495588,4.051532528495588,4.051532528495588,4.051532528495588,4.051532528495588,4.051532528495588,4.051532528495588,4.051532528495588,4.051532528495588,4.051532528495588,4.051532528495588,4.051532528495588,4.051532528495588,4.051532528495588,4.051532528495588,4.051532528495588,4.051532528495588,4.051532528495588,4.051532528495588,4.051532528495588,4.051532528495588,4.051532528495588,4.051532528495588,4.051532528495588,4.051532528495588,4.051532528495588,4.051532528495588,4.051532528495588,4.051532528495588,4.051532528495588,4.051532528495588,4.051532528495588,4.051532528495588,4.051532528495588,4.051532528495588,4.051532528495588,4.051532528495588,4.051532528495588,4.051532528495588,4.051532528495588,4.051532528495588,4.051532528495588,4.051532528495588,4.051532528495588,4.051532528495588,4.051532528495588,4.051532528495588,4.051532528495588,4.051532528495588,4.051532528495588,4.051532528495588,4.051532528495588,4.051532528495588,4.051532528495588,4.051532528495588,4.051532528495588,4.051532528495588,4.051532528495588,4.051532528495588,4.051532528495588,4.051532528495588,4.051532528495588,4.051532528495588,4.051532528495588,4.051532528495588,4.051532528495588,4.051532528495588,4.051532528495588,4.051532528495588,4.051532528495588,4.051532528495588,4.051532528495588,4.051532528495588,4.051532528495588,4.051532528495588,4.051532528495588,4.051532528495588,4.051532528495588,4.051532528495588,4.051532528495588,4.051532528495588,4.051532528495588,4.051532528495588,4.051532528495588,4.051532528495588,4.051532528495588,4.051532528495588,4.051532528495588,4.051532528495588,4.051532528495588,4.051532528495588,4.051532528495588,4.051532528495588,4.051532528495588,4.051532528495588,4.051532528495588,4.051532528495588,4.051532528495588,4.051532528495588,4.051532528495588,4.051532528495588,4.051532528495588,4.051532528495588,4.051532528495588,4.051532528495588,4.051532528495588,4.051532528495588,4.051532528495588,4.051532528495588,4.051532528495588,4.051532528495588,4.051532528495588,4.051532528495588,4.051532528495588,4.051532528495588,4.051532528495588,4.051532528495588,4.051532528495588,4.051532528495588,4.051532528495588,4.051532528495588,4.051532528495588,4.051532528495588,4.051532528495588,4.051532528495588,4.051532528495588,4.051532528495588,4.051532528495588,4.051532528495588,4.051532528495588,4.051532528495588,4.051532528495588,4.051532528495588,4.051532528495588,4.051532528495588,4.051532528495588,4.051532528495588,4.051532528495588,4.051532528495588,4.051532528495588,4.051532528495588,4.051532528495588,4.051532528495588,4.051532528495588,4.051532528495588,4.051532528495588,4.051532528495588,4.051532528495588,4.051532528495588,4.051532528495588,4.051532528495588,4.051532528495588,4.051532528495588,4.051532528495588,4.051532528495588,4.051532528495588,4.051532528495588,4.051532528495588,4.051532528495588,4.051532528495588,4.051532528495588,4.051532528495588,4.051532528495588,4.051532528495588,4.051532528495588,4.051532528495588,4.051532528495588,4.051532528495588,4.051532528495588,4.051532528495588,4.051532528495588,4.051532528495588,4.051532528495588,4.051532528495588,4.051532528495588,4.051532528495588,4.051532528495588,4.051532528495588,4.051532528495588,4.051532528495588,4.051532528495588,4.051532528495588,4.051532528495588,4.051532528495588,4.051532528495588,4.051532528495588,4.051532528495588,4.051532528495588,4.051532528495588,4.051532528495588,4.051532528495588,4.051532528495588,4.051532528495588,4.051532528495588,4.051532528495588,4.051532528495588,4.051532528495588,4.051532528495588,4.051532528495588,4.051532528495588,4.051532528495588,4.051532528495588,4.051532528495588,4.051532528495588,4.051532528495588,4.051532528495588,4.051532528495588,4.051532528495588,4.051532528495588,4.051532528495588,4.051532528495588,4.051532528495588,4.051532528495588,4.051532528495588,4.051532528495588,4.051532528495588,4.051532528495588,4.051532528495588,4.051532528495588,4.051532528495588,4.051532528495588,4.051532528495588,4.051532528495588,4.051532528495588,4.051532528495588,4.051532528495588,4.051532528495588,4.051532528495588,4.051532528495588,4.051532528495588,4.051532528495588,4.051532528495588,4.051532528495588,4.051532528495588,4.051532528495588,4.051532528495588,4.051532528495588,4.051532528495588,4.051532528495588,4.051532528495588,4.051532528495588,4.051532528495588,4.051532528495588,4.051532528495588,4.051532528495588,4.051532528495588,4.051532528495588,4.051532528495588,4.051532528495588,4.051532528495588,4.051532528495588,4.051532528495588,4.051532528495588,4.051532528495588,4.051532528495588,4.051532528495588,4.051532528495588,4.051532528495588,4.051532528495588,4.051532528495588,4.051532528495588,4.051532528495588,4.051532528495588,4.051532528495588,4.051532528495588,4.051532528495588,4.051532528495588,4.051532528495588,4.051532528495588,4.051532528495588,4.051532528495588,4.051532528495588,4.051532528495588,4.051532528495588,4.051532528495588,4.051532528495588,4.051532528495588,4.051532528495588,4.051532528495588,4.051532528495588,4.051532528495588,4.051532528495588,4.051532528495588,4.051532528495588,4.051532528495588,4.051532528495588,4.051532528495588,4.051532528495588,4.051532528495588,4.051532528495588,4.051532528495588,4.051532528495588,4.051532528495588,4.051532528495588,4.051532528495588,4.051532528495588,4.051532528495588,4.051532528495588,4.051532528495588,4.051532528495588,4.051532528495588,4.051532528495588,4.051532528495588,4.051532528495588,4.051532528495588,4.051532528495588,4.051532528495588,4.051532528495588,4.051532528495588,4.051532528495588,4.051532528495588,4.051532528495588,4.051532528495588,4.051532528495588,4.051532528495588,4.051532528495588,4.051532528495588,4.051532528495588,4.051532528495588,4.051532528495588,4.051532528495588,4.051532528495588,4.051532528495588,4.051532528495588,4.051532528495588,4.051532528495588,4.051532528495588,4.051532528495588,4.051532528495588,4.051532528495588,4.051532528495588,4.051532528495588,4.051532528495588,4.051532528495588,4.051532528495588,4.051532528495588,4.051532528495588,4.051532528495588,4.051532528495588,4.051532528495588,4.051532528495588,4.051532528495588,4.051532528495588,4.051532528495588,4.051532528495588,4.051532528495588,4.051532528495588,4.051532528495588,4.051532528495588,4.051532528495588,4.051532528495588,4.051532528495588,4.051532528495588,4.051532528495588,4.051532528495588,4.051532528495588,4.051532528495588,4.051532528495588,4.051532528495588,4.051532528495588,4.051532528495588,4.051532528495588,4.051532528495588,4.051532528495588,4.051532528495588,4.051532528495588,4.051532528495588,4.051532528495588,4.051532528495588,4.051532528495588,4.051532528495588,4.051532528495588,4.051532528495588,4.051532528495588,4.051532528495588,4.051532528495588,4.051532528495588,4.051532528495588,4.051532528495588,4.051532528495588,4.051532528495588,4.051532528495588,4.051532528495588,4.051532528495588,4.051532528495588,4.051532528495588,4.051532528495588,4.051532528495588,4.051532528495588,4.051532528495588,4.051532528495588,4.051532528495588,4.051532528495588,4.051532528495588,4.051532528495588,4.051532528495588,4.051532528495588,4.051532528495588,4.051532528495588,4.051532528495588,4.051532528495588,4.051532528495588,4.051532528495588,4.051532528495588,4.051532528495588,4.051532528495588,4.051532528495588,4.051532528495588,4.051532528495588,4.051532528495588,4.051532528495588,4.051532528495588,4.051532528495588,4.051532528495588,4.051532528495588,4.051532528495588,4.051532528495588,4.051532528495588,4.051532528495588,4.051532528495588,4.051532528495588,4.051532528495588,4.051532528495588,4.051532528495588,4.051532528495588,4.051532528495588,4.051532528495588,4.051532528495588,4.051532528495588,4.051532528495588,4.051532528495588,4.051532528495588,4.051532528495588,4.051532528495588,4.051532528495588,4.051532528495588,4.051532528495588,4.051532528495588,4.051532528495588,4.051532528495588,4.051532528495588,4.051532528495588,4.051532528495588,4.051532528495588,4.051532528495588,4.051532528495588,4.051532528495588,4.051532528495588,4.051532528495588,4.051532528495588,4.051532528495588,4.051532528495588,4.051532528495588,4.051532528495588,4.051532528495588,4.051532528495588,4.051532528495588,4.051532528495588,4.051532528495588,4.051532528495588,4.051532528495588,4.051532528495588,4.051532528495588,4.051532528495588,4.051532528495588,4.051532528495588,4.051532528495588,4.051532528495588,4.051532528495588,4.051532528495588,4.051532528495588,4.051532528495588,4.051532528495588,4.051532528495588,4.051532528495588,4.051532528495588,4.051532528495588,4.051532528495588,4.051532528495588,4.051532528495588,4.051532528495588,4.051532528495588,4.051532528495588,4.051532528495588,4.051532528495588,4.051532528495588,4.051532528495588,4.051532528495588,4.051532528495588,4.051532528495588,4.051532528495588,4.051532528495588,4.051532528495588,4.051532528495588,4.051532528495588,4.051532528495588,4.051532528495588,4.051532528495588,4.051532528495588,4.051532528495588,4.051532528495588,4.051532528495588,4.051532528495588,4.051532528495588,4.051532528495588,4.051532528495588,4.051532528495588,4.051532528495588,4.051532528495588,4.051532528495588,4.051532528495588,4.051532528495588,4.051532528495588,4.051532528495588,4.051532528495588,4.051532528495588,4.051532528495588,4.051532528495588,4.051532528495588,4.051532528495588,4.051532528495588,4.051532528495588,4.051532528495588,4.051532528495588,4.051532528495588,4.051532528495588,4.051532528495588,4.051532528495588,4.051532528495588,4.051532528495588,4.051532528495588,4.051532528495588,4.051532528495588,4.051532528495588,4.051532528495588,4.051532528495588,4.051532528495588,4.051532528495588,4.051532528495588,4.051532528495588,4.051532528495588,4.051532528495588,4.051532528495588,4.051532528495588,4.051532528495588,4.051532528495588,4.051532528495588,4.051532528495588,4.051532528495588,4.051532528495588,4.051532528495588,4.051532528495588,4.051532528495588,4.051532528495588,4.051532528495588,4.051532528495588,4.051532528495588,4.051532528495588,4.051532528495588,4.051532528495588,4.051532528495588,4.051532528495588,4.051532528495588,4.051532528495588,4.051532528495588,4.051532528495588,4.051532528495588,4.051532528495588,4.051532528495588,4.051532528495588,4.051532528495588,4.051532528495588,4.051532528495588,4.051532528495588,4.051532528495588,4.051532528495588,4.051532528495588,4.051532528495588,4.051532528495588,4.051532528495588,4.051532528495588,4.051532528495588,4.051532528495588,4.051532528495588,4.051532528495588,4.051532528495588,4.051532528495588,4.051532528495588,4.051532528495588,4.051532528495588,4.051532528495588,4.051532528495588,4.051532528495588,4.051532528495588,4.051532528495588,4.051532528495588,4.051532528495588,4.051532528495588,4.051532528495588,4.051532528495588,4.051532528495588,4.051532528495588,4.051532528495588,4.051532528495588,4.051532528495588,4.051532528495588,4.051532528495588,4.051532528495588,4.051532528495588,4.051532528495588,4.051532528495588,4.051532528495588,4.051532528495588,4.051532528495588,4.051532528495588,4.051532528495588,4.051532528495588,4.051532528495588,4.051532528495588,4.051532528495588,4.051532528495588,4.051532528495588,4.051532528495588,4.051532528495588,4.051532528495588,4.051532528495588,4.051532528495588,4.051532528495588,4.051532528495588,4.051532528495588,4.051532528495588,4.051532528495588,4.051532528495588,4.051532528495588,4.051532528495588,4.051532528495588,4.051532528495588,4.051532528495588,4.051532528495588,4.051532528495588,4.051532528495588,4.051532528495588,4.051532528495588,4.051532528495588,4.051532528495588,4.051532528495588,4.051532528495588,4.051532528495588,4.051532528495588,4.051532528495588,4.051532528495588,4.051532528495588,4.051532528495588,4.051532528495588,4.051532528495588,4.051532528495588,4.051532528495588,4.051532528495588,4.051532528495588,4.051532528495588,4.051532528495588,4.051532528495588,4.051532528495588,4.051532528495588,4.051532528495588,4.051532528495588,4.051532528495588,4.051532528495588,4.051532528495588,4.051532528495588,4.051532528495588,4.051532528495588,4.051532528495588,4.051532528495588,4.051532528495588,4.051532528495588,4.051532528495588,9.092255510358074,9.092255510358074,8.139518091560584,8.139518091560584,8.139518091560584,8.139518091560584,8.139518091560584,8.139518091560584,8.139518091560584,8.139518091560584,8.139518091560584,8.139518091560584,8.139518091560584,8.139518091560584,8.139518091560584,8.139518091560584,8.139518091560584,8.139518091560584,8.139518091560584,8.139518091560584,8.139518091560584,8.139518091560584,8.139518091560584,8.139518091560584,8.139518091560584,8.004988428524893,8.004988428524893,8.004988428524893,8.004988428524893,8.004988428524893,8.004988428524893,8.004988428524893,8.004988428524893,8.004988428524893,8.004988428524893,8.004988428524893,8.004988428524893,8.004988428524893,8.004988428524893,8.004988428524893,7.8824058344118555,7.8824058344118555,7.8824058344118555,7.8824058344118555,7.8824058344118555,7.8824058344118555,7.8824058344118555,7.8824058344118555,7.8824058344118555,7.8824058344118555,7.8824058344118555,7.8824058344118555,7.8824058344118555,7.8824058344118555,7.8824058344118555,7.8824058344118555,7.8824058344118555,7.8824058344118555,7.8824058344118555,7.8824058344118555,7.8824058344118555,7.8824058344118555,7.8824058344118555,7.8824058344118555,7.8824058344118555,7.8824058344118555,7.8824058344118555,7.8824058344118555,7.8824058344118555,7.8824058344118555,7.8824058344118555,7.8824058344118555,7.8824058344118555,7.8824058344118555,7.8824058344118555,7.8824058344118555,7.8824058344118555,7.8824058344118555,7.8824058344118555,7.8824058344118555,7.8824058344118555,7.8824058344118555,7.8824058344118555,7.8824058344118555,7.8824058344118555,7.8824058344118555,7.8824058344118555,7.8824058344118555,7.8824058344118555,7.8824058344118555,7.8824058344118555,7.8824058344118555,7.8824058344118555,7.8824058344118555,7.8824058344118555,7.8824058344118555,7.8824058344118555,7.8824058344118555,7.8824058344118555,7.8824058344118555,7.8824058344118555,7.8824058344118555,7.8824058344118555,7.8824058344118555,7.8824058344118555,7.8824058344118555,7.8824058344118555,7.8824058344118555,7.8824058344118555,7.386465355749337,7.376046540013915,6.449502043496673,6.449502043496673,6.449502043496673,6.401176523328136,6.401176523328136,6.401176523328136,6.401176523328136,6.401176523328136,6.401176523328136,6.401176523328136,6.272159857362161,6.272159857362161,6.272159857362161,6.272159857362161,6.0203712685463735,5.889279087104124,5.889279087104124,5.889279087104124,5.889279087104124,5.889279087104124,5.889279087104124,5.2235730748847224,5.2235730748847224,5.2235730748847224,5.2235730748847224,5.2235730748847224,5.2235730748847224,5.2235730748847224,5.2235730748847224,5.2235730748847224,5.2235730748847224,5.2235730748847224,5.2235730748847224,5.2235730748847224,5.2235730748847224,5.2235730748847224,5.2235730748847224,5.2235730748847224,5.2235730748847224,5.2235730748847224,5.2235730748847224,5.2235730748847224,5.2235730748847224,5.2235730748847224,5.2235730748847224,5.2235730748847224,5.2235730748847224,5.2235730748847224,5.2235730748847224,5.2235730748847224,5.2235730748847224,5.2235730748847224,5.2235730748847224,5.2235730748847224,5.2235730748847224,5.2235730748847224,5.2235730748847224,5.2235730748847224,5.2235730748847224,5.2235730748847224,5.2235730748847224,5.2235730748847224,5.2235730748847224,5.2235730748847224,5.2235730748847224,5.2235730748847224,5.2235730748847224,5.2235730748847224,5.2235730748847224,5.2235730748847224,5.2235730748847224,5.2235730748847224,5.2235730748847224,5.2235730748847224,5.2235730748847224,5.2235730748847224,5.2235730748847224,5.2235730748847224,5.2235730748847224,5.2235730748847224,5.2235730748847224,5.2235730748847224,5.2235730748847224,5.2235730748847224,5.2235730748847224,5.2235730748847224,5.2235730748847224,5.2235730748847224,5.2235730748847224,5.2235730748847224,5.2235730748847224,5.2235730748847224,5.2235730748847224,5.2235730748847224,5.2235730748847224,5.2235730748847224,5.2235730748847224,5.2235730748847224,5.2235730748847224,5.2235730748847224,5.2235730748847224,5.2235730748847224,5.2235730748847224,5.2235730748847224,5.2235730748847224,5.2235730748847224,5.2235730748847224,5.2235730748847224,5.2235730748847224,5.2235730748847224,5.2235730748847224,5.2235730748847224,5.2235730748847224,5.2235730748847224,5.2235730748847224,5.2235730748847224,5.2235730748847224,5.2235730748847224,5.2235730748847224,5.2235730748847224,5.2235730748847224,5.2235730748847224,5.2235730748847224,5.2235730748847224,5.2235730748847224,5.2235730748847224,5.2235730748847224,5.2235730748847224,5.2235730748847224,5.2235730748847224,5.2235730748847224,5.2235730748847224,5.2235730748847224,5.2235730748847224,5.2235730748847224,5.2235730748847224,5.2235730748847224,5.2235730748847224,5.2235730748847224,5.2235730748847224,5.2235730748847224,5.2235730748847224,5.2235730748847224,5.2235730748847224,5.2235730748847224,5.2235730748847224,5.2235730748847224,5.2235730748847224,5.2235730748847224,5.2235730748847224,5.2235730748847224,5.2235730748847224,5.2235730748847224,5.2235730748847224,5.2235730748847224,5.2235730748847224,5.2235730748847224,5.2235730748847224,5.2235730748847224,5.2235730748847224,5.2235730748847224,5.2235730748847224,5.2235730748847224,5.2235730748847224,5.2235730748847224,5.2235730748847224,5.2235730748847224,5.2235730748847224,5.2235730748847224,5.2235730748847224,5.2235730748847224,5.2235730748847224,5.2235730748847224,5.2235730748847224,3.9789083582347033,3.9789083582347033,3.9789083582347033,3.9789083582347033,3.9789083582347033,3.9789083582347033,3.9789083582347033,3.9789083582347033,3.9789083582347033,3.9789083582347033,3.9789083582347033,3.9789083582347033,3.9789083582347033,3.9789083582347033,3.9789083582347033,3.9789083582347033,3.9789083582347033,3.9789083582347033,3.9789083582347033,3.9789083582347033,3.9789083582347033,3.9789083582347033,3.9789083582347033,3.9789083582347033,3.9789083582347033,3.9789083582347033,3.9789083582347033,3.9789083582347033,3.9789083582347033,3.9789083582347033,3.9789083582347033,3.9789083582347033,3.9789083582347033,3.9789083582347033,3.9789083582347033,3.9789083582347033,3.9789083582347033,3.9789083582347033,3.9789083582347033,3.9789083582347033,3.9789083582347033,3.9789083582347033,3.9789083582347033,3.9789083582347033,3.9789083582347033,3.9789083582347033,3.9789083582347033,3.9789083582347033,3.9789083582347033,3.9789083582347033,3.9789083582347033,3.9789083582347033,3.9789083582347033,3.9789083582347033,3.9789083582347033,3.9789083582347033,3.9789083582347033,3.9789083582347033,3.9789083582347033,3.9789083582347033,3.9789083582347033,3.9789083582347033,3.9789083582347033,3.9789083582347033,3.9789083582347033,3.9789083582347033,3.9789083582347033,3.9789083582347033,3.9789083582347033,3.9789083582347033,3.9789083582347033,3.9789083582347033,3.9789083582347033,3.9789083582347033,3.9789083582347033,3.9789083582347033,3.9789083582347033,3.9789083582347033,3.9789083582347033,3.9789083582347033,3.9789083582347033,3.9789083582347033,3.9789083582347033,3.9789083582347033,3.9789083582347033,3.9789083582347033,3.9789083582347033,3.9789083582347033,3.9789083582347033,3.9789083582347033,3.9789083582347033,3.9789083582347033,3.9789083582347033,3.9789083582347033,3.9789083582347033,3.9789083582347033,3.9789083582347033,3.9789083582347033,3.9789083582347033,3.9789083582347033,3.9789083582347033,3.9789083582347033,3.9789083582347033,3.9789083582347033,3.9789083582347033,3.9789083582347033,3.9789083582347033,3.9789083582347033,3.9789083582347033,3.9789083582347033,3.9789083582347033,3.9789083582347033,3.9789083582347033,3.9789083582347033,3.9789083582347033,3.9789083582347033,3.9789083582347033,3.9789083582347033,3.9789083582347033,3.9789083582347033,3.9789083582347033,3.9789083582347033,3.9789083582347033,3.9789083582347033,3.9789083582347033,3.9789083582347033,3.9789083582347033,3.9789083582347033,3.9789083582347033,3.9789083582347033,3.9789083582347033,3.9789083582347033,3.9789083582347033,3.9789083582347033,3.9789083582347033,3.9789083582347033,3.9789083582347033,3.9789083582347033,3.9789083582347033,3.9789083582347033,3.9789083582347033,3.9789083582347033,3.9789083582347033,3.9789083582347033,3.9789083582347033,3.9789083582347033,3.9789083582347033,3.9789083582347033,3.9789083582347033,3.9789083582347033,3.9789083582347033,3.9789083582347033,3.9789083582347033,3.9789083582347033,3.9789083582347033,3.9789083582347033,3.9789083582347033,3.9789083582347033,3.9789083582347033,3.9789083582347033,3.9789083582347033,3.9789083582347033,3.9789083582347033,3.9789083582347033,3.9789083582347033,3.9789083582347033,3.9789083582347033,3.9789083582347033,3.9789083582347033,3.9789083582347033,3.9789083582347033,3.9789083582347033,3.9789083582347033,3.9789083582347033,3.9789083582347033,3.9789083582347033,3.9789083582347033,3.9789083582347033,3.9789083582347033,3.9789083582347033,3.9789083582347033,3.9789083582347033,3.9789083582347033,3.9789083582347033,3.9789083582347033,3.9789083582347033,3.9789083582347033,3.9789083582347033,3.9789083582347033,3.9789083582347033,3.9789083582347033,3.9789083582347033,3.9789083582347033,3.9789083582347033,3.9789083582347033,3.9789083582347033,3.9789083582347033,3.9789083582347033,3.9789083582347033,3.9789083582347033,3.9789083582347033,3.9789083582347033,3.9789083582347033,3.9789083582347033,3.9789083582347033,3.9789083582347033,3.9789083582347033,3.9789083582347033,3.9789083582347033,3.951534866440391,3.9475519643541883,3.9475519643541883,3.9475519643541883,3.9475519643541883,3.9475519643541883,3.9475519643541883,3.9475519643541883,3.9475519643541883,3.9475519643541883,3.9475519643541883,3.9475519643541883,3.9475519643541883,3.9475519643541883,3.9475519643541883,3.9475519643541883,3.9475519643541883,3.9475519643541883,3.9475519643541883,3.9475519643541883,3.9475519643541883,3.9475519643541883,3.9475519643541883,3.9475519643541883,3.9475519643541883,3.9475519643541883,3.9475519643541883,3.9475519643541883,3.9475519643541883,3.9475519643541883,3.9475519643541883,3.9475519643541883,3.9475519643541883,3.9475519643541883,3.9475519643541883,3.9475519643541883,3.9475519643541883,3.9475519643541883,3.9475519643541883,3.9475519643541883,3.9475519643541883,3.9475519643541883,3.9475519643541883,3.9475519643541883,3.9475519643541883,3.9475519643541883,3.9475519643541883,3.9475519643541883,3.9475519643541883,3.9475519643541883,3.9475519643541883,3.9475519643541883,3.9475519643541883,3.9475519643541883,3.9475519643541883,3.9475519643541883,3.9475519643541883,3.9475519643541883,3.9475519643541883,3.9475519643541883,3.9475519643541883,3.9475519643541883,3.9475519643541883,3.9475519643541883,3.9475519643541883,3.9475519643541883,3.9475519643541883,3.9475519643541883,3.9475519643541883,3.9475519643541883,3.9475519643541883,3.9475519643541883,3.9475519643541883,3.9475519643541883,3.9475519643541883,3.9475519643541883,3.9475519643541883,3.9475519643541883,3.9475519643541883,3.9475519643541883,3.9475519643541883,3.9475519643541883,3.9475519643541883,3.9475519643541883,3.9475519643541883,3.9475519643541883,3.9475519643541883,3.9475519643541883,3.9475519643541883,3.9475519643541883,3.9475519643541883,3.9475519643541883,3.9475519643541883,3.9475519643541883,3.9475519643541883,3.9475519643541883,3.9475519643541883,3.9475519643541883,3.9475519643541883,3.9475519643541883,3.9475519643541883,3.9475519643541883,3.9475519643541883,3.9475519643541883,3.9475519643541883,3.9475519643541883,3.9475519643541883,3.9475519643541883,3.9475519643541883,3.9475519643541883,3.9475519643541883,3.9475519643541883,3.9475519643541883,3.9475519643541883,3.9475519643541883,3.9475519643541883,3.9475519643541883,3.9475519643541883,3.9475519643541883,3.9475519643541883,3.9475519643541883,3.9475519643541883,3.9475519643541883,3.9475519643541883,3.9475519643541883,3.9475519643541883,3.9475519643541883,3.9475519643541883,3.9475519643541883,3.9475519643541883,3.9475519643541883,3.9475519643541883,3.9475519643541883,3.9475519643541883,3.9475519643541883,3.9475519643541883,3.9475519643541883,3.9475519643541883,3.9475519643541883,3.9475519643541883,3.9475519643541883,3.9475519643541883,3.9475519643541883,3.9475519643541883,3.9475519643541883,3.9475519643541883,3.9475519643541883,3.9475519643541883,3.9475519643541883,3.9475519643541883,3.9475519643541883,3.9475519643541883,3.9475519643541883,3.9475519643541883,3.9475519643541883,3.9475519643541883,3.9475519643541883,3.9475519643541883,3.9475519643541883,3.9475519643541883,3.9475519643541883,3.9475519643541883,3.9475519643541883,3.9475519643541883,3.9475519643541883,3.9475519643541883,3.9475519643541883,3.9475519643541883,3.9475519643541883,3.9475519643541883,3.9475519643541883,3.9475519643541883,3.9475519643541883,3.9475519643541883,3.9475519643541883,3.9475519643541883,3.9475519643541883,3.9475519643541883,3.9475519643541883,3.9475519643541883,3.9475519643541883,3.9475519643541883,3.9475519643541883,3.9475519643541883,3.9475519643541883,3.9475519643541883,3.9475519643541883,3.9475519643541883,3.9475519643541883,3.9475519643541883,3.9475519643541883,3.9475519643541883,3.9475519643541883,3.9475519643541883,3.9475519643541883,3.9475519643541883,3.9475519643541883,3.9475519643541883,3.9475519643541883,3.9475519643541883,3.9475519643541883,3.9475519643541883,3.9475519643541883,3.9475519643541883,3.9475519643541883,3.9475519643541883,3.9475519643541883,3.9475519643541883,3.9475519643541883,3.9475519643541883,3.9475519643541883,3.9475519643541883,3.9475519643541883,3.9475519643541883,3.9475519643541883,3.9475519643541883,3.9475519643541883,3.9475519643541883,3.9475519643541883,3.9475519643541883,3.9475519643541883,3.9475519643541883,3.9475519643541883,3.9475519643541883,3.9475519643541883,3.9475519643541883,3.9475519643541883,3.9475519643541883,3.9475519643541883,3.9475519643541883,3.9475519643541883,3.9475519643541883,3.9475519643541883,3.9475519643541883,3.9475519643541883,3.9475519643541883,3.9475519643541883,3.9475519643541883,3.9475519643541883,3.9475519643541883,3.9475519643541883,3.9475519643541883,3.9475519643541883,3.9475519643541883,3.9475519643541883,3.9475519643541883,3.9475519643541883,3.9475519643541883,3.9475519643541883,3.9475519643541883,3.9475519643541883,3.9475519643541883,3.9475519643541883,3.9475519643541883,3.9475519643541883,3.9475519643541883,3.9475519643541883,3.9475519643541883,3.9475519643541883,3.9475519643541883,3.9475519643541883,3.9475519643541883,3.9475519643541883,3.9475519643541883,3.9475519643541883,3.9475519643541883,3.9475519643541883,3.9475519643541883,3.9475519643541883,3.9475519643541883,3.9475519643541883,3.9475519643541883,3.9475519643541883,3.9475519643541883,3.9475519643541883,3.9475519643541883,3.9475519643541883,3.9475519643541883,3.9475519643541883,3.9475519643541883,3.9475519643541883,3.9475519643541883,3.9475519643541883,3.9475519643541883,3.9475519643541883,3.9475519643541883,3.9475519643541883,3.9475519643541883,3.9475519643541883,3.9475519643541883,3.9475519643541883,3.9475519643541883,3.9475519643541883,3.9475519643541883,3.9475519643541883,3.9475519643541883,3.9475519643541883,3.9475519643541883,3.9475519643541883,3.9475519643541883,3.9475519643541883,3.9475519643541883,3.9475519643541883,3.9475519643541883,3.9475519643541883,3.9475519643541883,3.9475519643541883,3.9475519643541883,3.9475519643541883,3.9475519643541883,3.9475519643541883,3.9475519643541883,3.9475519643541883,3.9475519643541883,3.9475519643541883,3.9475519643541883,3.9475519643541883,3.9475519643541883,3.9475519643541883,3.9475519643541883,3.9475519643541883,3.9475519643541883,3.9475519643541883,3.9475519643541883,3.9475519643541883,3.9475519643541883,3.9475519643541883,3.9475519643541883,3.9475519643541883,3.9475519643541883,3.9475519643541883,3.9475519643541883,3.9475519643541883,3.9475519643541883,3.9475519643541883,3.9475519643541883,3.9475519643541883,3.9475519643541883,3.9475519643541883,3.9475519643541883,3.9475519643541883,3.9475519643541883,3.9475519643541883,3.9475519643541883,3.9475519643541883,3.9475519643541883,3.9475519643541883,3.9475519643541883,3.9475519643541883,3.9475519643541883,3.9475519643541883,3.9475519643541883,3.9475519643541883,3.9475519643541883,3.9475519643541883,3.9475519643541883,3.9475519643541883,3.9475519643541883,3.9475519643541883,3.9475519643541883,3.9475519643541883,3.9475519643541883,3.9475519643541883,3.9475519643541883,3.9475519643541883,3.9475519643541883,3.9475519643541883,3.9475519643541883,3.9475519643541883,3.9475519643541883,3.9475519643541883,3.9475519643541883,3.9475519643541883,3.9475519643541883,3.9475519643541883,3.9475519643541883,3.9475519643541883,3.9475519643541883,3.9475519643541883,3.9475519643541883,3.9475519643541883,3.9475519643541883,3.9475519643541883,3.9475519643541883,3.9475519643541883,3.9475519643541883,3.9475519643541883,3.9475519643541883,3.9475519643541883,3.9475519643541883,3.9475519643541883,3.9475519643541883,3.9475519643541883,3.9475519643541883,3.9475519643541883,3.9475519643541883,3.9475519643541883,3.9475519643541883,3.9475519643541883,3.9475519643541883,3.9475519643541883,3.9475519643541883,3.9475519643541883,3.9475519643541883,3.9475519643541883,3.9475519643541883,3.9475519643541883,3.9475519643541883,3.9475519643541883,3.9475519643541883,3.9475519643541883,3.9475519643541883,3.9475519643541883,3.9475519643541883,3.9475519643541883,3.9475519643541883,3.9475519643541883,3.9475519643541883,3.9475519643541883,3.9475519643541883,3.9475519643541883,3.9475519643541883,3.9475519643541883,3.9475519643541883,3.9475519643541883,3.9475519643541883,3.9475519643541883,3.9475519643541883,3.9475519643541883,3.9475519643541883,3.9475519643541883,3.9475519643541883,3.9475519643541883,3.9475519643541883,3.9475519643541883,3.9475519643541883,3.9475519643541883,3.9475519643541883,3.9475519643541883,3.9475519643541883,3.9475519643541883,3.9475519643541883,3.9475519643541883,3.9475519643541883,3.9475519643541883,3.9475519643541883,3.9475519643541883,3.9475519643541883,3.9475519643541883,3.9475519643541883,3.9475519643541883,3.9475519643541883,3.9475519643541883,3.9475519643541883,3.9475519643541883,3.9475519643541883,3.9475519643541883,3.9475519643541883,3.9475519643541883,3.9475519643541883,3.9475519643541883,3.9475519643541883,3.9475519643541883,3.9475519643541883,3.9475519643541883,3.9475519643541883,3.9475519643541883,3.9475519643541883,3.9475519643541883,3.9475519643541883,3.9475519643541883,3.9475519643541883,3.9475519643541883,3.9475519643541883,3.9475519643541883,3.9475519643541883,3.9475519643541883,3.9475519643541883,3.9475519643541883,3.9475519643541883,3.9475519643541883,3.9475519643541883,3.9475519643541883,3.9475519643541883,3.9475519643541883,3.9475519643541883,3.9475519643541883,3.9475519643541883,3.9475519643541883,3.9475519643541883,3.9475519643541883,3.9475519643541883,3.9475519643541883,3.9475519643541883,3.9475519643541883,3.9475519643541883,3.9475519643541883,3.9475519643541883,3.9475519643541883,3.9475519643541883,3.9475519643541883,3.9475519643541883,3.9475519643541883,3.9475519643541883,3.9475519643541883,3.9475519643541883,6.406454034633341,6.406454034633341,5.774984160070293,5.774984160070293,5.774984160070293,5.774984160070293,5.774984160070293,5.774984160070293,5.774984160070293,5.774984160070293,5.774984160070293,5.774984160070293,5.774984160070293,5.774984160070293,5.774984160070293,5.774984160070293,5.774984160070293,5.641532986781455,5.641532986781455,5.623635964851038,5.623635964851038,5.623635964851038,5.623635964851038,5.623635964851038,5.623635964851038,5.623635964851038,5.623635964851038,5.623635964851038,5.623635964851038,5.623635964851038,5.623635964851038,5.623635964851038,5.623635964851038,5.623635964851038,5.623635964851038,5.623635964851038,5.623635964851038,5.623635964851038,5.623635964851038,5.623635964851038,5.623635964851038,5.623635964851038,5.623635964851038,5.623635964851038,5.623635964851038,5.623635964851038,5.623635964851038,5.623635964851038,5.570164000992036,5.570164000992036,5.570164000992036,5.570164000992036,5.570164000992036,5.570164000992036,5.570164000992036,5.570164000992036,5.570164000992036,5.570164000992036,5.570164000992036,5.570164000992036,5.570164000992036,5.570164000992036,5.570164000992036,5.570164000992036,5.570164000992036,5.570164000992036,5.570164000992036,5.570164000992036,5.570164000992036,5.570164000992036,5.570164000992036,5.570164000992036,5.570164000992036,5.570164000992036,5.570164000992036,5.570164000992036,5.570164000992036,5.570164000992036,5.570164000992036,5.570164000992036,5.570164000992036,5.570164000992036,5.570164000992036,5.570164000992036,5.570164000992036,5.570164000992036,5.570164000992036,5.570164000992036,5.570164000992036,5.570164000992036,5.570164000992036,5.570164000992036,5.570164000992036,5.570164000992036,5.570164000992036,5.570164000992036,5.570164000992036,5.570164000992036,5.570164000992036,5.570164000992036,5.570164000992036,5.570164000992036,5.570164000992036,5.570164000992036,5.570164000992036,5.570164000992036,5.570164000992036,5.570164000992036,5.570164000992036,5.570164000992036,5.570164000992036,5.570164000992036,5.570164000992036,5.570164000992036,5.570164000992036,5.570164000992036,5.570164000992036,5.570164000992036,5.570164000992036,5.570164000992036,5.570164000992036,5.570164000992036,5.570164000992036,5.570164000992036,5.570164000992036,5.570164000992036,5.570164000992036,5.570164000992036,5.570164000992036,5.570164000992036,5.570164000992036,5.570164000992036,5.570164000992036,5.570164000992036,5.570164000992036,5.570164000992036,5.570164000992036,5.570164000992036,5.570164000992036,5.570164000992036,5.570164000992036,5.570164000992035,5.570164000992035,5.570164000992035,5.570164000992035,5.570164000992035,5.570164000992035,5.570164000992035,5.570164000992035,5.570164000992035,5.570164000992035,5.570164000992035,5.570164000992035,5.570164000992035,5.570164000992035,5.570164000992035,5.570164000992035,5.570164000992035,5.570164000992035,5.570164000992035,5.570164000992035,5.570164000992035,5.570164000992035,5.570164000992035,5.570164000992035,5.570164000992035,5.570164000992035,5.570164000992035,5.570164000992035,5.570164000992035,5.570164000992035,5.570164000992035,5.570164000992035,5.570164000992035,5.570164000992035,5.570164000992035,5.570164000992035,5.570164000992035,5.570164000992035,5.570164000992035,5.570164000992035,5.570164000992035,5.570164000992035,5.570164000992035,5.570164000992035,5.570164000992035,5.570164000992035,5.570164000992035,5.570164000992035,5.570164000992035,5.570164000992035,5.570164000992035,5.570164000992035,5.570164000992035,5.570164000992035,5.570164000992035,5.570164000992035,5.570164000992035,5.570164000992035,5.570164000992035,5.570164000992035,5.570164000992035,5.570164000992035,5.570164000992035,5.570164000992035,5.570164000992035,5.570164000992035,5.570164000992035,5.570164000992035,5.570164000992035,5.570164000992035,5.570164000992035,5.570164000992035,5.570164000992035,5.570164000992035,5.570164000992035,5.570164000992035,5.570164000992035,5.570164000992035,5.570164000992035,5.570164000992035,5.570164000992035,5.570164000992035,5.570164000992035,5.570164000992035,5.570164000992035,5.570164000992035,5.570164000992035,5.570164000992035,5.570164000992035,5.570164000992035,5.570164000992035,5.570164000992035,5.570164000992035,5.570164000992035,5.570164000992035,5.570164000992035,5.570164000992035,5.570164000992035,5.570164000992035,5.570164000992035,5.570164000992035,5.570164000992035,5.570164000992035,5.570164000992035,5.570164000992035,5.570164000992035,4.916197337750851,4.916197337750851,4.910187451237256,4.910187451237256,4.910187451237256,4.910187451237256,4.845717542616625,4.845717542616625,4.845717542616625,4.845717542616625,4.845717542616625,4.845717542616625,4.845717542616625,4.845717542616625,4.845717542616625,4.845717542616625,4.845717542616625,4.845717542616625,4.845717542616625,4.845717542616625,4.845717542616625,4.845717542616625,4.845717542616625,4.845717542616625,4.845717542616625,4.845717542616625,4.845717542616625,4.845717542616625,4.845717542616625,4.845717542616625,4.845717542616625,4.845717542616625,4.845717542616625,4.845717542616625,4.845717542616625,4.845717542616625,4.845717542616625,4.845717542616625,4.845717542616625,4.845717542616625,4.845717542616625,4.845717542616625,4.845717542616625,4.845717542616625,4.845717542616625,4.845717542616625,4.845717542616625,4.845717542616625,4.845717542616625,4.845717542616625,4.845717542616625,4.845717542616625,4.845717542616625,4.845717542616625,4.845717542616625,4.845717542616625,4.845717542616625,4.845717542616625,4.845717542616625,4.845717542616625,4.845717542616625,4.845717542616625,4.845717542616625,4.845717542616625,4.845717542616625,4.845717542616625,4.845717542616625,4.845717542616625,4.845717542616625,4.845717542616625,4.845717542616625,4.845717542616625,4.845717542616625,4.845717542616625,4.845717542616625,4.845717542616625,4.845717542616625,4.845717542616625,4.845717542616625,4.845717542616625,4.845717542616625,4.845717542616625,4.845717542616625,4.845717542616625,4.845717542616625,4.845717542616625,4.845717542616625,4.845717542616625,4.845717542616625,4.845717542616625,4.845717542616625,4.845717542616625,4.845717542616625,4.845717542616625,4.845717542616625,4.845717542616625,4.845717542616625,4.845717542616625,4.845717542616625,4.845717542616625,4.845717542616625,4.845717542616625,4.845717542616625,4.845717542616625,4.845717542616625,4.845717542616625,4.845717542616625,4.845717542616625,4.845717542616625,4.845717542616625,4.845717542616625,4.845717542616625,4.845717542616625,4.845717542616625,4.845717542616625,4.845717542616625,4.845717542616625,4.845717542616625,4.845717542616625,4.845717542616625,4.845717542616625,4.845717542616625,4.845717542616625,4.845717542616625,4.845717542616625,4.845717542616625,4.845717542616625,4.845717542616625,4.845717542616625,4.845717542616625,4.845717542616625,4.845717542616625,4.845717542616625,4.845717542616625,4.845717542616625,4.845717542616625,4.845717542616625,4.845717542616625,4.845717542616625,4.845717542616625,4.845717542616625,4.845717542616625,4.845717542616625,4.845717542616625,4.845717542616625,4.845717542616625,4.845717542616625,4.845717542616625,4.845717542616625,4.845717542616625,4.845717542616625,4.845717542616625,4.845717542616625,4.845717542616625,4.845717542616625,4.845717542616625,4.845717542616625,4.845717542616625,4.845717542616625,4.845717542616625,4.845717542616625,4.845717542616625,4.845717542616625,4.845717542616625,4.845717542616625,4.845717542616625,4.845717542616625,4.845717542616625,4.845717542616625,4.845717542616625,4.845717542616625,4.845717542616625,4.845717542616625,4.845717542616625,4.845717542616625,4.845717542616625,4.845717542616625,4.845717542616625,4.845717542616625,4.845717542616625,4.845717542616625,4.845717542616625,4.845717542616625,4.845717542616625,4.845717542616625,4.845717542616625,4.845717542616625,4.845717542616625,4.845717542616625,4.845717542616625,4.845717542616625,4.845717542616625,4.845717542616625,4.845717542616625,4.845717542616625,4.845717542616625,4.845717542616625,4.845717542616625,4.845717542616625,4.845717542616625,4.845717542616625,4.845717542616625,4.845717542616625,4.845717542616625,4.845717542616625,4.845717542616625,4.845717542616625,4.845717542616625,4.845717542616625,4.845717542616625,4.845717542616625,4.845717542616625,4.845717542616625,4.845717542616625,4.845717542616625,4.845717542616625,4.845717542616625,4.845717542616625,4.845717542616625,4.845717542616625,4.845717542616625,4.845717542616625,4.845717542616625,4.845717542616625,4.845717542616625,4.845717542616625,4.845717542616625,4.845717542616625,4.845717542616625,4.845717542616625,4.845717542616625,4.845717542616625,4.845717542616625,4.845717542616625,4.845717542616625,4.845717542616625,4.845717542616625,4.845717542616625,4.845717542616625,4.845717542616625,4.845717542616625,4.845717542616625,4.845717542616625,4.845717542616625,4.845717542616625,4.845717542616625,4.845717542616625,4.845717542616625,4.845717542616625,4.845717542616625,4.845717542616625,4.845717542616625,4.845717542616625,4.845717542616625,4.845717542616625,4.845717542616625,4.845717542616625,4.845717542616625,4.845717542616625,4.845717542616625,4.845717542616625,4.845717542616625,4.845717542616625,4.845717542616625,4.845717542616625,4.845717542616625,4.845717542616625,4.845717542616625,4.845717542616625,4.845717542616625,4.845717542616625,4.845717542616625,4.845717542616625,4.845717542616625,4.845717542616625,4.845717542616625,4.845717542616625,4.845717542616625,4.845717542616625,4.845717542616625,4.845717542616625,4.845717542616625,4.845717542616625,4.845717542616625,4.845717542616625,4.845717542616625,4.845717542616625,4.845717542616625,4.845717542616625,4.845717542616625,4.845717542616625,4.845717542616625,4.845717542616625,4.845717542616625,4.845717542616625,4.845717542616625,4.845717542616625,4.845717542616625,4.845717542616625,4.845717542616625,4.845717542616625,4.845717542616625,4.845717542616625,4.845717542616625,4.845717542616625,4.845717542616625,4.845717542616625,4.845717542616625,4.845717542616625,4.845717542616625,4.845717542616625,4.845717542616625,4.845717542616625,4.845717542616625,4.845717542616625,4.845717542616625,4.845717542616625,4.845717542616625,4.845717542616625,4.845717542616625,4.845717542616625,4.845717542616625,4.845717542616625,4.845717542616625,4.845717542616625,4.845717542616625,4.845717542616625,4.845717542616625,4.845717542616625,4.845717542616625,4.845717542616625,4.845717542616625,4.845717542616625,4.845717542616625,4.845717542616625,4.845717542616625,4.845717542616625,4.845717542616625,4.845717542616625,4.845717542616625,4.845717542616625,4.845717542616625,4.845717542616625,4.845717542616625,4.845717542616625,4.845717542616625,4.845717542616625,4.845717542616625,4.845717542616625,4.845717542616625,4.845717542616625,4.845717542616625,4.845717542616625,4.845717542616625,4.845717542616625,4.845717542616625,4.845717542616625,4.845717542616625,4.845717542616625,4.845717542616625,4.845717542616625,4.845717542616625,4.845717542616625,4.845717542616625,4.845717542616625,4.845717542616625,4.845717542616625,4.845717542616625,4.845717542616625,4.845717542616625,4.845717542616625,4.845717542616625,4.845717542616625,4.845717542616625,4.845717542616625,4.845717542616625,4.845717542616625,4.845717542616625,4.845717542616625,4.845717542616625,4.845717542616625,4.845717542616625,4.845717542616625,4.845717542616625,4.845717542616625,4.845717542616625,4.845717542616625,4.845717542616625,4.845717542616625,4.845717542616625,4.845717542616625,4.845717542616625,4.845717542616625,4.845717542616625,4.845717542616625,4.845717542616625,4.845717542616625,4.845717542616625,4.845717542616625,4.845717542616625,4.845717542616625,4.845717542616625,4.845717542616625,4.845717542616625,4.845717542616625,4.845717542616625,4.845717542616625,4.845717542616625,4.845717542616625,4.845717542616625,4.845717542616625,4.845717542616625,4.845717542616625,4.845717542616625,4.845717542616625,4.845717542616625,4.845717542616625,4.845717542616625,4.845717542616625,4.845717542616625,4.845717542616625,4.845717542616625,4.845717542616625,4.845717542616625,4.845717542616625,4.845717542616625,4.845717542616625,4.845717542616625,4.845717542616625,4.845717542616625,4.845717542616625,4.845717542616625,4.845717542616625,4.845717542616625,4.845717542616625,4.845717542616625,4.845717542616625,4.845717542616625,4.845717542616625,4.845717542616625,4.845717542616625,4.845717542616625,4.845717542616625,4.845717542616625,4.845717542616625,4.845717542616625,4.845717542616625,4.845717542616625,4.845717542616625,4.845717542616625,4.845717542616625,4.845717542616625,4.845717542616625,4.845717542616625,4.845717542616625,4.845717542616625,4.845717542616625,4.845717542616625,4.845717542616625,4.845717542616625,4.845717542616625,4.845717542616625,4.845717542616625,4.845717542616625,4.845717542616625,4.845717542616625,4.845717542616625,4.845717542616625,4.845717542616625,4.845717542616625,4.845717542616625,4.845717542616625,4.845717542616625,4.845717542616625,4.845717542616625,4.845717542616625,4.845717542616625,4.845717542616625,4.845717542616625,4.845717542616625,4.845717542616625,4.845717542616625,4.845717542616625,4.845717542616625,4.845717542616625,4.845717542616625,4.845717542616625,4.845717542616625,4.845717542616625,4.845717542616625,4.845717542616625,4.845717542616625,4.845717542616625,4.845717542616625,4.845717542616625,4.845717542616625,4.845717542616625,4.845717542616625,4.845717542616625,4.845717542616625,4.845717542616625,4.845717542616625,4.845717542616625,4.845717542616625,4.845717542616625,4.845717542616625,4.845717542616625,4.845717542616625,4.845717542616625,4.845717542616625,4.845717542616625,4.845717542616625,4.845717542616625,4.845717542616625,4.845717542616625,4.845717542616625,4.845717542616625,4.845717542616625,4.845717542616625,4.845717542616625,4.845717542616625,4.845717542616625,4.845717542616625,4.845717542616625,4.845717542616625,4.845717542616625,4.845717542616625,4.845717542616625,4.845717542616625,4.845717542616625,4.845717542616625,4.845717542616625,4.845717542616625,4.845717542616625,4.845717542616625,4.845717542616625,4.845717542616625,4.845717542616625,4.845717542616625,4.845717542616625,4.845717542616625,4.845717542616625,4.845717542616625,4.845717542616625,4.845717542616625,4.845717542616625,4.845717542616625,4.845717542616625,4.845717542616625,4.845717542616625,4.845717542616625,4.845717542616625,4.845717542616625,4.845717542616625,4.845717542616625,4.845717542616625,4.845717542616625,4.845717542616625,4.845717542616625,4.845717542616625,4.845717542616625,4.845717542616625,4.845717542616625,4.845717542616625,4.845717542616625,4.845717542616625,4.845717542616625,4.845717542616625,4.845717542616625,4.845717542616625,4.845717542616625,4.845717542616625,4.845717542616625,4.845717542616625,4.845717542616625,4.845717542616625,4.845717542616625,4.845717542616625,4.845717542616625,4.845717542616625,4.845717542616625,4.845717542616625,4.845717542616625,4.845717542616625,4.845717542616625,4.845717542616625,4.845717542616625,4.845717542616625,4.845717542616625,4.845717542616625,4.845717542616625,4.845717542616625,4.845717542616625,4.845717542616625,4.845717542616625,4.845717542616625,4.845717542616625,4.845717542616625,4.845717542616625,4.845717542616625,4.845717542616625,4.845717542616625,4.845717542616625,4.845717542616625,4.845717542616625,4.845717542616625,4.845717542616625,4.845717542616625,4.845717542616625,4.845717542616625,4.845717542616625,4.845717542616625,4.845717542616625,4.845717542616625,4.845717542616625,4.845717542616625,4.845717542616625,4.845717542616625,4.845717542616625,4.845717542616625,4.845717542616625,4.845717542616625,4.845717542616625,4.845717542616625,4.845717542616625,4.845717542616625,4.845717542616625,4.845717542616625,4.845717542616625,4.845717542616625,4.845717542616625,4.845717542616625,4.845717542616625,4.845717542616625,4.845717542616625,4.845717542616625,4.845717542616625,4.845717542616625,4.845717542616625,4.845717542616625,4.845717542616625,4.845717542616625,4.845717542616625,4.845717542616625,4.845717542616625,4.845717542616625,4.845717542616625,4.845717542616625,4.845717542616625,4.845717542616625,4.845717542616625,4.845717542616625,4.845717542616625,4.845717542616625,4.845717542616625,4.845717542616625,4.845717542616625,4.845717542616625,4.845717542616625,4.845717542616625,4.845717542616625,4.845717542616625,4.845717542616625,4.845717542616625,4.845717542616625,4.845717542616625,4.845717542616625,4.845717542616625,4.845717542616625,4.845717542616625,4.845717542616625,4.845717542616625,4.845717542616625,4.845717542616625,4.845717542616625,4.845717542616625,4.845717542616625,4.845717542616625,4.845717542616625,4.845717542616625,4.845717542616625,4.845717542616625,4.845717542616625,4.845717542616625,4.845717542616625,4.845717542616625,4.845717542616625,4.845717542616625,4.845717542616625,4.845717542616625,4.845717542616625,4.845717542616625,4.845717542616625,4.845717542616625,4.845717542616625,4.845717542616625,4.845717542616625,4.845717542616625,4.845717542616625,4.845717542616625,4.845717542616625,4.845717542616625,4.845717542616625,4.845717542616625,4.845717542616625,4.845717542616625,4.845717542616625,4.845717542616625,4.845717542616625,4.845717542616625,4.845717542616625,4.845717542616625,4.845717542616625,4.845717542616625,4.845717542616625,4.845717542616625,4.845717542616625,4.845717542616625,4.845717542616625,4.845717542616625,4.845717542616625,4.845717542616625,4.845717542616625,4.845717542616625,4.845717542616625,4.845717542616625,4.845717542616625,4.845717542616625,4.845717542616625,4.845717542616625,4.845717542616625,4.845717542616625,4.845717542616625,4.845717542616625,4.845717542616625,4.845717542616625,4.845717542616625,4.845717542616625,4.845717542616625,4.845717542616625,4.845717542616625,4.845717542616625,4.845717542616625,4.845717542616625,4.845717542616625,4.845717542616625,4.845717542616625,4.845717542616625,4.845717542616625,4.845717542616625,4.845717542616625,4.845717542616625,4.845717542616625,8.87986173828608,7.623234091545667,7.623234091545667,7.623234091545667,7.623234091545667,7.623234091545667,7.623234091545667,7.623234091545667,7.289358992747548,7.289358992747548,7.289358992747548,7.094327993115498,7.094327993115498,7.094327993115498,7.094327993115498,7.094327993115498,7.094327993115498,7.094327993115498,7.094327993115498,7.094327993115498,7.094327993115498,7.094327993115498,7.094327993115498,7.094327993115498,7.094327993115498,7.094327993115498,7.094327993115498,7.094327993115498,6.850181425083042,6.850181425083042,6.850181425083042,6.8122134942875325,6.8122134942875325,6.8122134942875325,6.8122134942875325,6.8122134942875325,6.8122134942875325,6.8122134942875325,6.8122134942875325,6.8122134942875325,6.8122134942875325,6.8122134942875325,6.8122134942875325,6.8122134942875325,6.8122134942875325,6.8122134942875325,6.8122134942875325,6.8122134942875325,6.8122134942875325,6.8122134942875325,6.8122134942875325,6.8122134942875325,6.8122134942875325,6.8122134942875325,6.8122134942875325,6.8122134942875325,6.8122134942875325,6.8122134942875325,6.8122134942875325,6.8122134942875325,6.8122134942875325,6.8122134942875325,6.8122134942875325,6.8122134942875325,6.8122134942875325,6.8122134942875325,6.8122134942875325,6.8122134942875325,6.8122134942875325,6.8122134942875325,6.8122134942875325,6.8122134942875325,6.8122134942875325,6.8122134942875325,6.8122134942875325,6.8122134942875325,6.8122134942875325,6.8122134942875325,6.8122134942875325,6.8122134942875325,6.8122134942875325,6.8122134942875325,6.8122134942875325,6.8122134942875325,6.8122134942875325,6.8122134942875325,6.8122134942875325,6.8122134942875325,6.8122134942875325,6.8122134942875325,6.8122134942875325,6.8122134942875325,6.8122134942875325,6.8122134942875325,6.8122134942875325,6.8122134942875325,6.8122134942875325,6.8122134942875325,6.8122134942875325,6.8122134942875325,6.8122134942875325,6.8122134942875325,6.8122134942875325,6.8122134942875325,6.8122134942875325,6.8122134942875325,6.577462690406819,5.935467821485891,5.519094874728443,5.519094874728443,5.519094874728443,5.519094874728443,5.519094874728443,5.519094874728443,5.519094874728443,5.519094874728443,5.519094874728443,5.519094874728443,5.519094874728443,5.519094874728443,5.519094874728443,5.519094874728443,5.519094874728443,5.519094874728443,5.519094874728443,5.269813710153366,5.269813710153366,5.269813710153366,5.269813710153366,5.269813710153366,5.269813710153366,5.269813710153366,5.269813710153366,5.269813710153366,5.269813710153366,5.269813710153366,5.269813710153366,5.108493002006026,5.108493002006026,5.108493002006026,5.108493002006026,4.951814238890812,4.943651919997797,4.943651919997797,4.943651919997797,4.943651919997797,4.943651919997797,4.943651919997797,4.943651919997797,4.943651919997797,4.943651919997797,4.943651919997797,4.943651919997797,4.943651919997797,4.943651919997797,4.943651919997797,4.943651919997797,4.943651919997797,4.943651919997797,4.943651919997797,4.943651919997797,4.943651919997797,4.943651919997797,4.943651919997797,4.943651919997797,4.943651919997797,4.943651919997797,4.943651919997797,4.943651919997797,4.876796815015997,4.876796815015997,4.876796815015997,4.876796815015997,4.876796815015997,4.876796815015997,4.876796815015997,4.876796815015997,4.876796815015997,4.876796815015997,4.876796815015997,4.876796815015997,4.876796815015997,4.876796815015997,4.876796815015997,4.876796815015997,4.876796815015997,4.876796815015997,4.876796815015997,4.876796815015997,4.876796815015997,4.876796815015997,4.876796815015997,4.876796815015997,4.876796815015997,4.876796815015997,4.876796815015997,4.876796815015997,4.876796815015997,4.876796815015997,4.876796815015997,4.876796815015997,4.876796815015997,4.876796815015997,4.876796815015997,4.876796815015997,4.876796815015997,4.876796815015997,4.876796815015997,4.876796815015997,4.876796815015997,4.876796815015997,4.876796815015997,4.876796815015997,4.876796815015997,4.876796815015997,4.876796815015997,4.876796815015997,4.876796815015997,4.876796815015997,4.876796815015997,4.876796815015997,4.876796815015997,4.876796815015997,4.876796815015997,4.876796815015997,4.876796815015997,4.876796815015997,4.876796815015997,4.876796815015997,4.876796815015997,4.876796815015997,4.876796815015997,4.876796815015997,4.876796815015997,4.876796815015997,4.876796815015997,4.876796815015997,4.876796815015997,4.876796815015997,4.876796815015997,4.876796815015997,4.876796815015997,4.876796815015997,4.876796815015997,4.876796815015997,4.876796815015997,4.876796815015997,4.876796815015997,4.876796815015997,4.876796815015997,4.876796815015997,4.876796815015997,4.876796815015997,4.876796815015997,4.876796815015997,4.876796815015997,4.876796815015997,4.876796815015997,4.876796815015997,4.876796815015997,4.876796815015997,4.876796815015997,4.876796815015997,4.876796815015997,4.876796815015997,4.876796815015997,4.876796815015997,4.876796815015997,4.876796815015997,4.876796815015997,4.876796815015997,4.876796815015997,4.876796815015997,4.876796815015997,4.876796815015997,4.876796815015997,4.876796815015997,4.876796815015997,4.876796815015997,4.876796815015997,4.876796815015997,4.876796815015997,4.876796815015997,4.876796815015997,4.876796815015997,4.876796815015997,4.876796815015997,4.876796815015997,4.876796815015997,4.876796815015997,4.876796815015997,4.876796815015997,4.876796815015997,4.876796815015997,4.876796815015997,4.876796815015997,4.876796815015997,4.876796815015997,4.876796815015997,4.876796815015997,4.876796815015997,4.876796815015997,4.876796815015997,4.876796815015997,4.876796815015997,4.876796815015997,4.876796815015997,4.876796815015997,4.876796815015997,4.876796815015997,4.876796815015997,4.876796815015997,4.876796815015997,4.876796815015997,4.876796815015997,4.876796815015997,4.028564296284158,3.9424968111814107,3.9424968111814107,3.9424968111814107,3.9424968111814107,3.9424968111814107,3.9424968111814107,3.9424968111814107,3.9424968111814107,3.9424968111814107,3.9424968111814107,3.9424968111814107,3.9424968111814107,3.9424968111814107,3.9424968111814107,3.9424968111814107,3.9424968111814107,3.9424968111814107,3.9424968111814107,3.9424968111814107,3.8691633984313256,3.8691633984313256,3.8691633984313256,3.8691633984313256,3.8691633984313256,3.8691633984313256,3.8691633984313256,3.8691633984313256,3.8691633984313256,3.8691633984313256,3.8691633984313256,3.8691633984313256,3.8691633984313256,3.8691633984313256,3.8691633984313256,3.8691633984313256,3.8691633984313256,3.8691633984313256,3.8691633984313256,3.8691633984313256,3.8691633984313256,3.8691633984313256,3.8691633984313256,3.8691633984313256,3.8691633984313256,3.8691633984313256,3.8691633984313256,3.8691633984313256,3.8691633984313256,3.8691633984313256,3.8691633984313256,3.8691633984313256,3.8691633984313256,3.8691633984313256,3.8691633984313256,3.8691633984313256,3.8691633984313256,3.8691633984313256,3.8691633984313256,3.8691633984313256,3.8691633984313256,3.800165632827223,3.390925468708239,3.3833507635537186,3.3833507635537186,3.3833507635537186,3.3833507635537186,3.3833507635537186,3.3833507635537186,3.3833507635537186,3.3833507635537186,3.3833507635537186,3.3833507635537186,3.3833507635537186,3.3833507635537186,3.3833507635537186,3.3833507635537186,3.3833507635537186,3.3833507635537186,3.3833507635537186,3.3833507635537186,3.3833507635537186,3.3833507635537186,3.3833507635537186,3.3833507635537186,3.3833507635537186,3.3833507635537186,3.3833507635537186,3.3833507635537186,3.3833507635537186,3.3833507635537186,3.3833507635537186,3.3833507635537186,3.3833507635537186,3.3833507635537186,3.3833507635537186,3.3833507635537186,3.3833507635537186,3.3833507635537186,3.3833507635537186,3.3833507635537186,3.3833507635537186,3.3833507635537186,3.3833507635537186,3.3833507635537186,3.3833507635537186,3.3833507635537186,3.3833507635537186,3.3833507635537186,3.3833507635537186,3.3833507635537186,3.3833507635537186,3.3833507635537186,3.3833507635537186,3.3833507635537186,3.3833507635537186,3.3833507635537186,3.3833507635537186,3.3833507635537186,3.3833507635537186,3.3833507635537186,3.3833507635537186,3.3833507635537186,3.3833507635537186,3.3833507635537186,3.3833507635537186,3.3833507635537186,3.3833507635537186,3.3833507635537186,3.3833507635537186,3.3833507635537186,3.3833507635537186,3.3833507635537186,3.3833507635537186,3.3833507635537186,3.3833507635537186,3.3833507635537186,3.3833507635537186,3.3833507635537186,3.3833507635537186,3.3833507635537186,3.3833507635537186,3.3833507635537186,3.3833507635537186,3.3833507635537186,3.3833507635537186,3.3833507635537186,3.3833507635537186,3.3833507635537186,3.3833507635537186,3.3833507635537186,3.3833507635537186,3.3833507635537186,3.3833507635537186,3.3833507635537186,3.3833507635537186,3.3833507635537186,3.3833507635537186,3.3833507635537186,3.3833507635537186,3.3833507635537186,3.3833507635537186,3.3833507635537186,3.3833507635537186,3.3833507635537186,3.3833507635537186,3.3833507635537186,3.3833507635537186,3.3833507635537186,3.3833507635537186,3.3833507635537186,3.3833507635537186,3.3833507635537186,3.3833507635537186,3.3833507635537186,3.3833507635537186,3.3833507635537186,3.3833507635537186,3.3833507635537186,3.3833507635537186,3.3833507635537186,3.3833507635537186,3.3833507635537186,3.3833507635537186,3.3833507635537186,3.3833507635537186,3.3833507635537186,3.3833507635537186,3.3833507635537186,3.3833507635537186,3.3833507635537186,3.3833507635537186,3.3833507635537186,3.3833507635537186,3.3833507635537186,3.3833507635537186,3.3833507635537186,3.3833507635537186,3.3833507635537186,3.3833507635537186,3.3833507635537186,3.3833507635537186,3.3833507635537186,3.3833507635537186,3.3833507635537186,3.3833507635537186,3.3833507635537186,3.3833507635537186,3.3833507635537186,3.3833507635537186,3.3833507635537186,3.3833507635537186,3.3833507635537186,3.3833507635537186,3.3833507635537186,3.3833507635537186,3.3833507635537186,3.3833507635537186,3.3833507635537186,3.3833507635537186,3.3833507635537186,3.3833507635537186,3.3833507635537186,3.3833507635537186,3.3833507635537186,3.3833507635537186,3.3833507635537186,3.3833507635537186,3.3833507635537186,3.3833507635537186,3.3833507635537186,3.3833507635537186,3.3833507635537186,3.3833507635537186,3.3833507635537186,3.3833507635537186,3.3833507635537186,3.3833507635537186,3.3833507635537186,3.3833507635537186,3.3833507635537186,3.3833507635537186,3.3833507635537186,3.3833507635537186,3.3833507635537186,3.3833507635537186,3.3833507635537186,3.3833507635537186,3.3833507635537186,3.3833507635537186,3.3833507635537186,3.3833507635537186,3.3833507635537186,3.3833507635537186,3.3833507635537186,3.3833507635537186,3.3833507635537186,3.3833507635537186,3.3833507635537186,3.3833507635537186,3.3833507635537186,3.3833507635537186,3.3833507635537186,3.3833507635537186,3.3833507635537186,3.3833507635537186,3.3833507635537186,3.3833507635537186,3.3833507635537186,3.3833507635537186,3.3833507635537186,3.3833507635537186,3.3833507635537186,3.3833507635537186,3.3833507635537186,3.3833507635537186,3.3833507635537186,3.3833507635537186,3.3833507635537186,3.3833507635537186,3.3833507635537186,3.3833507635537186,3.3833507635537186,3.3833507635537186,3.3833507635537186,3.3833507635537186,3.3833507635537186,3.3833507635537186,3.3833507635537186,3.3833507635537186,3.3833507635537186,3.3833507635537186,3.3833507635537186,3.3833507635537186,3.3833507635537186,3.3833507635537186,3.3833507635537186,3.3833507635537186,3.3833507635537186,3.3833507635537186,3.3833507635537186,3.3833507635537186,3.3833507635537186,3.3833507635537186,3.3833507635537186,3.3833507635537186,3.3833507635537186,3.3833507635537186,3.3833507635537186,3.3833507635537186,3.3833507635537186,3.3833507635537186,3.3833507635537186,3.3833507635537186,3.3833507635537186,3.3833507635537186,3.3833507635537186,3.3833507635537186,3.3833507635537186,3.3833507635537186,3.3833507635537186,3.3833507635537186,3.3833507635537186,3.3833507635537186,3.3833507635537186,3.3833507635537186,3.3833507635537186,3.3833507635537186,3.3833507635537186,3.3833507635537186,3.3833507635537186,3.3833507635537186,3.3833507635537186,3.3833507635537186,3.3833507635537186,3.3833507635537186,3.3833507635537186,3.3833507635537186,3.3833507635537186,3.3833507635537186,3.3833507635537186,3.3833507635537186,3.3833507635537186,3.3833507635537186,3.3833507635537186,3.3833507635537186,3.3833507635537186,3.3833507635537186,3.3833507635537186,3.3833507635537186,3.3833507635537186,3.3833507635537186,3.3833507635537186,3.3833507635537186,3.3833507635537186,3.3833507635537186,3.3833507635537186,3.3833507635537186,3.3833507635537186,3.3833507635537186,3.3833507635537186,3.3833507635537186,3.3833507635537186,3.3833507635537186,3.3833507635537186,3.3833507635537186,3.3833507635537186,3.3833507635537186,3.3833507635537186,3.3833507635537186,3.3833507635537186,3.3833507635537186,3.3833507635537186,3.3833507635537186,3.3833507635537186,3.3833507635537186,3.3833507635537186,3.3833507635537186,3.3833507635537186,3.3833507635537186,3.3833507635537186,3.3833507635537186,3.3833507635537186,3.3833507635537186,3.3833507635537186,3.3833507635537186,3.3833507635537186,3.3833507635537186,3.3833507635537186,3.3833507635537186,3.3833507635537186,3.3833507635537186,3.3833507635537186,3.3833507635537186,3.3833507635537186,3.3833507635537186,3.3833507635537186,3.3833507635537186,3.3833507635537186,3.3833507635537186,3.3833507635537186,3.3833507635537186,3.3833507635537186,3.3833507635537186,3.3833507635537186,3.3833507635537186,3.3833507635537186,3.3833507635537186,3.3833507635537186,3.3833507635537186,3.3833507635537186,3.3833507635537186,3.3833507635537186,3.3833507635537186,3.3833507635537186,3.3833507635537186,3.3833507635537186,3.3833507635537186,3.3833507635537186,3.3833507635537186,3.3833507635537186,3.3833507635537186,3.3833507635537186,3.3833507635537186,3.3833507635537186,3.3833507635537186,3.3833507635537186,3.3833507635537186,3.3833507635537186,3.3833507635537186,3.3833507635537186,3.3833507635537186,3.3833507635537186,3.3833507635537186,3.3833507635537186,3.3833507635537186,3.3833507635537186,3.3833507635537186,3.3833507635537186,3.3833507635537186,3.3833507635537186,3.3833507635537186,3.3833507635537186,3.3833507635537186,3.3833507635537186,3.3833507635537186,3.3833507635537186,3.3833507635537186,3.3833507635537186,3.3833507635537186,3.3833507635537186,3.3833507635537186,3.3833507635537186,3.3833507635537186,3.3833507635537186,3.3833507635537186,3.3833507635537186,3.3833507635537186,3.3833507635537186,3.3833507635537186,3.3833507635537186,3.3833507635537186,3.3833507635537186,3.3833507635537186,3.3833507635537186,3.3833507635537186,3.3833507635537186,3.3833507635537186,3.3833507635537186,3.3833507635537186,3.3833507635537186,3.3833507635537186,3.3833507635537186,3.3833507635537186,3.3833507635537186,3.3833507635537186,3.3833507635537186,3.3833507635537186,3.3833507635537186,3.3833507635537186,3.3833507635537186,3.3833507635537186,3.3833507635537186,3.3833507635537186,3.3833507635537186,3.3833507635537186,3.3833507635537186,3.3833507635537186,3.3833507635537186,3.3833507635537186,3.3833507635537186,3.3833507635537186,3.3833507635537186,3.3833507635537186,3.3833507635537186,3.3833507635537186,3.3833507635537186,3.3833507635537186,3.3833507635537186,3.3833507635537186,3.3833507635537186,3.3833507635537186,3.3833507635537186,3.3833507635537186,3.3833507635537186,3.3833507635537186,3.3833507635537186,3.3833507635537186,3.3833507635537186,3.3833507635537186,3.3833507635537186,3.3833507635537186,3.3833507635537186,3.3833507635537186,3.3833507635537186,3.3833507635537186,3.3833507635537186,3.3833507635537186,3.3833507635537186,3.3833507635537186,3.3833507635537186,3.3833507635537186,3.3833507635537186,3.3833507635537186,3.3833507635537186,3.3833507635537186,3.3833507635537186,3.3833507635537186,3.3833507635537186,3.3833507635537186,3.3833507635537186,3.3833507635537186,3.3833507635537186,3.3833507635537186,3.3833507635537186,3.3833507635537186,3.3833507635537186,3.3833507635537186,3.3833507635537186,3.3833507635537186,3.3833507635537186,3.3833507635537186,3.3833507635537186,3.3833507635537186,3.3833507635537186,3.3833507635537186,3.3833507635537186,3.3833507635537186,3.3833507635537186,3.3833507635537186,3.3833507635537186,3.3833507635537186,3.3833507635537186,3.3833507635537186,3.3833507635537186,3.3833507635537186,3.3833507635537186,3.3833507635537186,3.3833507635537186,3.3833507635537186,3.3833507635537186,3.3833507635537186,3.3833507635537186,3.3833507635537186,3.3833507635537186,3.3833507635537186,3.3833507635537186,3.3833507635537186,3.3833507635537186,3.3833507635537186,3.3833507635537186,3.3833507635537186,3.3833507635537186,3.3833507635537186,3.3833507635537186,3.3833507635537186,3.3833507635537186,3.3833507635537186,3.3833507635537186,3.3833507635537186,3.3833507635537186,3.3833507635537186,3.3833507635537186,3.3833507635537186,3.3833507635537186,3.3833507635537186,3.3833507635537186,3.3833507635537186,3.3833507635537186,3.3833507635537186,3.3833507635537186,3.3833507635537186,3.3833507635537186,3.3833507635537186,3.3833507635537186,3.3833507635537186,3.3833507635537186,3.3833507635537186,3.3833507635537186,3.3833507635537186,3.3833507635537186,3.3833507635537186,3.3833507635537186,3.3833507635537186,3.3833507635537186,3.3833507635537186,3.3833507635537186,3.3833507635537186,3.3833507635537186,3.3833507635537186,3.3833507635537186,3.3833507635537186,3.3833507635537186,3.3833507635537186,3.3833507635537186,3.3833507635537186,3.3833507635537186,3.3833507635537186,3.3833507635537186,3.3833507635537186,3.3833507635537186,3.3833507635537186,3.3833507635537186,3.3833507635537186,3.3833507635537186,3.3833507635537186,3.3833507635537186,3.3833507635537186,3.3833507635537186,3.3833507635537186,3.3833507635537186,3.3833507635537186,3.3833507635537186,3.3833507635537186,3.3833507635537186,3.3833507635537186,3.3833507635537186,3.3833507635537186,3.3833507635537186,3.3833507635537186,3.3833507635537186,3.3833507635537186,3.3833507635537186,3.3833507635537186,3.3833507635537186,3.3833507635537186,3.3833507635537186,3.3833507635537186,3.3833507635537186,3.3833507635537186,3.3833507635537186,3.3833507635537186,3.3833507635537186,3.3833507635537186,3.3833507635537186,3.3833507635537186,3.3833507635537186,3.3833507635537186,3.3833507635537186,3.3833507635537186,3.3833507635537186,3.3833507635537186,3.3833507635537186,3.3833507635537186,3.3833507635537186,3.3833507635537186,3.3833507635537186,3.3833507635537186,3.3833507635537186,3.3833507635537186,3.3833507635537186,3.3833507635537186,3.3833507635537186,3.3833507635537186,3.3833507635537186,3.3833507635537186,3.3833507635537186,3.3833507635537186,3.3833507635537186,3.3833507635537186,3.3833507635537186,3.3833507635537186,3.3833507635537186,3.3833507635537186,6.990683329896704,6.711743296756105,6.711743296756105,6.193157579191899,6.193157579191899,6.193157579191899,6.193157579191899,5.9882266062236384,5.9882266062236384,5.9882266062236384,5.9882266062236384,5.9882266062236384,5.9882266062236384,5.9882266062236384,5.9882266062236384,5.9882266062236384,5.9882266062236384,5.683714976850491,5.609415042009994,5.609415042009994,5.505555751833754,5.505555751833754,5.505555751833754,5.505555751833754,5.505555751833754,5.505555751833754,5.505555751833754,5.505555751833754,5.330249373070055,5.330249373070055,5.330249373070055,5.330249373070055,5.330249373070055,5.330249373070055,5.330249373070055,5.330249373070055,5.330249373070055,5.330249373070055,5.330249373070055,5.330249373070055,5.330249373070055,5.330249373070055,5.330249373070055,5.330249373070055,5.330249373070055,5.330249373070055,5.330249373070055,5.063047228970971,5.063047228970971,5.063047228970971,5.063047228970971,5.063047228970971,5.063047228970971,5.063047228970971,5.063047228970971,5.063047228970971,5.063047228970971,5.063047228970971,5.063047228970971,5.063047228970971,5.063047228970971,5.063047228970971,5.063047228970971,5.063047228970971,5.063047228970971,5.063047228970971,5.063047228970971,5.063047228970971,5.063047228970971,5.063047228970971,5.063047228970971,5.063047228970971,5.063047228970971,5.063047228970971,5.063047228970971,5.063047228970971,5.063047228970971,5.063047228970971,5.063047228970971,5.063047228970971,5.063047228970971,5.063047228970971,5.063047228970971,5.063047228970971,5.063047228970971,5.063047228970971,5.063047228970971,5.063047228970971,5.063047228970971,5.063047228970971,5.063047228970971,5.063047228970971,5.063047228970971,5.063047228970971,5.063047228970971,5.063047228970971,5.063047228970971,5.063047228970971,5.063047228970971,5.063047228970971,5.063047228970971,5.063047228970971,5.063047228970971,5.063047228970971,5.063047228970971,5.063047228970971,5.063047228970971,5.063047228970971,5.063047228970971,5.063047228970971,5.063047228970971,5.063047228970971,5.063047228970971,5.063047228970971,5.063047228970971,5.063047228970971,5.063047228970971,5.063047228970971,5.063047228970971,5.063047228970971,5.063047228970971,5.063047228970971,5.063047228970971,5.063047228970971,5.063047228970971,5.063047228970971,5.063047228970971,5.063047228970971,5.063047228970971,5.063047228970971,5.063047228970971,5.063047228970971,5.063047228970971,5.063047228970971,5.063047228970971,5.063047228970971,5.063047228970971,5.063047228970971,5.063047228970971,5.063047228970971,5.063047228970971,5.063047228970971,5.063047228970971,5.063047228970971,5.063047228970971,5.063047228970971,5.063047228970971,5.009631835186441,5.009631835186441,5.009631835186441,5.009631835186441,5.009631835186441,5.009631835186441,5.009631835186441,5.009631835186441,5.009631835186441,5.009631835186441,5.009631835186441,5.009631835186441,5.009631835186441,5.009631835186441,5.009631835186441,5.009631835186441,5.009631835186441,5.009631835186441,5.009631835186441,5.009631835186441,5.009631835186441,5.009631835186441,5.009631835186441,5.009631835186441,5.009631835186441,5.009631835186441,5.009631835186441,5.009631835186441,5.009631835186441,5.009631835186441,5.009631835186441,5.009631835186441,5.009631835186441,5.009631835186441,5.009631835186441,5.009631835186441,5.009631835186441,5.009631835186441,5.009631835186441,5.009631835186441,5.009631835186441,5.009631835186441,5.009631835186441,5.009631835186441,5.009631835186441,5.009631835186441,5.009631835186441,5.009631835186441,5.009631835186441,5.009631835186441,5.009631835186441,5.009631835186441,5.009631835186441,5.009631835186441,5.009631835186441,5.009631835186441,4.607971730574115,3.9726614145872325,3.9726614145872325,3.9726614145872325,3.9726614145872325,3.9726614145872325,3.9726614145872325,3.9726614145872325,3.9726614145872325,3.9726614145872325,3.9726614145872325,3.9726614145872325,3.9726614145872325,3.9726614145872325,3.9726614145872325,3.9726614145872325,3.9726614145872325,3.9726614145872325,3.9726614145872325,3.9726614145872325,3.9726614145872325,3.9726614145872325,3.9726614145872325,3.9726614145872325,3.9726614145872325,3.9726614145872325,3.9726614145872325,3.9726614145872325,3.9726614145872325,3.9726614145872325,3.9726614145872325,3.9726614145872325,3.9726614145872325,3.9726614145872325,3.9726614145872325,3.9726614145872325,3.9726614145872325,3.9726614145872325,3.9726614145872325,3.9726614145872325,3.9726614145872325,3.9726614145872325,3.9726614145872325,3.9726614145872325,3.9726614145872325,3.9726614145872325,3.9726614145872325,3.9726614145872325,3.9726614145872325,3.9726614145872325,3.9726614145872325,3.9726614145872325,3.9726614145872325,3.9726614145872325,3.9726614145872325,3.9726614145872325,3.9726614145872325,3.9726614145872325,3.9726614145872325,3.9726614145872325,3.9726614145872325,3.9726614145872325,3.9726614145872325,3.9726614145872325,3.9726614145872325,3.9726614145872325,3.9726614145872325,3.9726614145872325,3.9726614145872325,3.9726614145872325,3.9726614145872325,3.9726614145872325,3.9726614145872325,3.9726614145872325,3.9726614145872325,3.9726614145872325,3.9726614145872325,3.9726614145872325,3.9726614145872325,3.9726614145872325,3.9726614145872325,3.9726614145872325,3.9726614145872325,3.9726614145872325,3.9726614145872325,3.9726614145872325,3.9726614145872325,3.9726614145872325,3.9726614145872325,3.9726614145872325,3.9726614145872325,3.9726614145872325,3.9726614145872325,3.9726614145872325,3.9726614145872325,3.9726614145872325,3.9726614145872325,3.9726614145872325,3.9726614145872325,3.9726614145872325,3.9726614145872325,3.9726614145872325,3.9726614145872325,3.9726614145872325,3.9726614145872325,3.9726614145872325,3.9726614145872325,3.9726614145872325,3.9726614145872325,3.9726614145872325,3.9726614145872325,3.9726614145872325,3.9726614145872325,3.9726614145872325,3.9726614145872325,3.9726614145872325,3.9726614145872325,3.9726614145872325,3.9726614145872325,3.9726614145872325,3.9726614145872325,3.9726614145872325,3.9726614145872325,3.9726614145872325,3.9726614145872325,3.9726614145872325,3.9726614145872325,2.657834430824738,2.631616559342973,2.631616559342973,2.631616559342973,2.631616559342973,2.631616559342973,2.631616559342973,2.631616559342973,2.631616559342973,2.631616559342973,2.631616559342973,2.631616559342973,2.631616559342973,2.631616559342973,2.631616559342973,2.631616559342973,2.631616559342973,2.631616559342973,2.631616559342973,2.631616559342973,2.631616559342973,2.631616559342973,2.631616559342973,2.631616559342973,2.631616559342973,2.631616559342973,2.631616559342973,2.631616559342973,2.631616559342973,2.631616559342973,2.631616559342973,2.631616559342973,2.631616559342973,2.631616559342973,2.631616559342973,2.631616559342973,2.631616559342973,2.631616559342973,2.631616559342973,2.631616559342973,2.631616559342973,2.631616559342973,2.631616559342973,2.631616559342973,2.631616559342973,2.631616559342973,2.631616559342973,2.631616559342973,2.631616559342973,2.631616559342973,2.631616559342973,2.631616559342973,2.631616559342973,2.631616559342973,2.631616559342973,2.631616559342973,2.631616559342973,2.631616559342973,2.631616559342973,2.631616559342973,2.631616559342973,2.631616559342973,2.631616559342973,2.631616559342973,2.631616559342973,2.631616559342973,2.631616559342973,2.631616559342973,2.631616559342973,2.631616559342973,2.631616559342973,2.631616559342973,2.631616559342973,2.631616559342973,2.631616559342973,2.631616559342973,2.631616559342973,2.631616559342973,2.631616559342973,2.631616559342973,2.631616559342973,2.631616559342973,2.631616559342973,2.631616559342973,2.631616559342973,2.631616559342973,2.631616559342973,2.631616559342973,2.631616559342973,2.631616559342973,2.631616559342973,2.631616559342973,2.631616559342973,2.631616559342973,2.631616559342973,2.631616559342973,2.631616559342973,2.631616559342973,2.631616559342973,2.631616559342973,2.631616559342973,2.631616559342973,2.631616559342973,2.631616559342973,2.631616559342973,2.631616559342973,2.631616559342973,2.631616559342973,2.631616559342973,2.631616559342973,2.631616559342973,2.631616559342973,2.631616559342973,2.631616559342973,2.631616559342973,2.631616559342973,2.631616559342973,2.631616559342973,2.631616559342973,2.631616559342973,2.631616559342973,2.631616559342973,2.631616559342973,2.631616559342973,2.631616559342973,2.631616559342973,2.631616559342973,2.631616559342973,2.631616559342973,2.631616559342973,2.631616559342973,2.631616559342973,2.631616559342973,2.631616559342973,2.631616559342973,2.631616559342973,2.631616559342973,2.631616559342973,2.631616559342973,2.631616559342973,2.631616559342973,2.631616559342973,2.631616559342973,2.631616559342973,2.631616559342973,2.631616559342973,2.631616559342973,1.3479562789379724,1.3479562789379724,1.3479562789379724,1.3479562789379724,1.3479562789379724,1.3479562789379724,1.3479562789379724,1.3479562789379724,1.3479562789379724,1.3479562789379724,1.3479562789379724,1.3479562789379724,1.3479562789379724,1.3479562789379724,1.3479562789379724,1.3479562789379724,1.3479562789379724,1.3479562789379724,1.3479562789379724,1.3479562789379724,1.3479562789379724,1.3479562789379724,1.3479562789379724,1.3479562789379724,1.3479562789379724,1.3479562789379724,1.3479562789379724,1.3479562789379724,1.3479562789379724,1.3479562789379724,1.3479562789379724,1.3479562789379724,1.3479562789379724,1.3479562789379724,1.3479562789379724,1.3479562789379724,1.3479562789379724,1.3479562789379724,1.3479562789379724,1.3479562789379724,1.3479562789379724,1.3479562789379724,1.3479562789379724,1.3479562789379724,1.3479562789379724,1.3479562789379724,1.3479562789379724,1.3479562789379724,1.3479562789379724,1.3479562789379724,1.3479562789379724,1.3479562789379724,1.3479562789379724,1.3479562789379724,1.3479562789379724,1.3479562789379724,1.3479562789379724,1.3479562789379724,1.3479562789379724,1.3479562789379724,1.3479562789379724,1.3479562789379724,1.3479562789379724,1.3479562789379724,1.3479562789379724,1.3479562789379724,1.3479562789379724,1.3479562789379724,1.3479562789379724,1.3479562789379724,1.3479562789379724,1.3479562789379724,1.3479562789379724,1.3479562789379724,1.3479562789379724,1.3479562789379724,1.3479562789379724,1.3479562789379724,1.3479562789379724,1.3479562789379724,1.3479562789379724,1.3479562789379724,1.3479562789379724,1.3479562789379724,1.3479562789379724,1.3479562789379724,1.3479562789379724,1.3479562789379724,1.3479562789379724,1.3479562789379724,1.3479562789379724,1.3479562789379724,1.3479562789379724,1.3479562789379724,1.3479562789379724,1.3479562789379724,1.3479562789379724,1.3479562789379724,1.3479562789379724,1.3479562789379724,1.3479562789379724,1.3479562789379724,1.3479562789379724,1.3479562789379724,1.3479562789379724,1.3479562789379724,1.3479562789379724,1.3479562789379724,1.3479562789379724,1.3479562789379724,1.3479562789379724,1.3479562789379724,1.3479562789379724,1.3479562789379724,1.3479562789379724,1.3479562789379724,1.3479562789379724,1.3479562789379724,1.3479562789379724,1.3479562789379724,1.3479562789379724,1.3479562789379724,1.3479562789379724,1.3479562789379724,1.3479562789379724,1.3479562789379724,1.3479562789379724,1.3479562789379724,1.3479562789379724,1.3479562789379724,1.3479562789379724,1.3479562789379724,1.3479562789379724,1.3479562789379724,1.3479562789379724,1.3479562789379724,1.3479562789379724,1.3479562789379724,1.3479562789379724,1.3479562789379724,1.3479562789379724,1.3479562789379724,1.3479562789379724,1.3479562789379724,1.3479562789379724,1.3479562789379724,1.3479562789379724,1.3479562789379724,1.3479562789379724,1.3479562789379724,1.3479562789379724,1.3479562789379724,1.3479562789379724,1.3479562789379724,1.3479562789379724,1.3479562789379724,1.3479562789379724,1.3479562789379724,1.3479562789379724,1.3479562789379724,1.3479562789379724,1.3479562789379724,1.3479562789379724,1.3479562789379724,1.3479562789379724,1.3479562789379724,1.3479562789379724,1.3479562789379724,1.3479562789379724,1.3479562789379724,1.3479562789379724,1.3479562789379724,1.3479562789379724,1.3479562789379724,1.3479562789379724,1.3479562789379724,1.3479562789379724,1.3479562789379724,1.3479562789379724,1.3479562789379724,1.3479562789379724,1.3479562789379724,1.3479562789379724,1.3479562789379724,1.3479562789379724,1.3479562789379724,1.3479562789379724,1.3479562789379724,1.3479562789379724,1.3479562789379724,1.3479562789379724,1.3479562789379724,1.3479562789379724,1.3479562789379724,1.3479562789379724,1.3479562789379724,1.3479562789379724,1.3479562789379724,1.3479562789379724,1.3479562789379724,1.3479562789379724,1.3479562789379724,1.3479562789379724,1.3479562789379724,1.3479562789379724,1.3479562789379724,1.3479562789379724,1.3479562789379724,1.3479562789379724,1.3479562789379724,1.3479562789379724,1.3479562789379724,1.3479562789379724,1.3479562789379724,1.3479562789379724,1.3479562789379724,1.3479562789379724,1.3479562789379724,1.3479562789379724,1.3479562789379724,1.3479562789379724,1.3479562789379724,1.3479562789379724,1.3479562789379724,1.3479562789379724,1.3479562789379724,1.3479562789379724,1.3479562789379724,1.3479562789379724,1.3479562789379724,1.3479562789379724,1.3479562789379724,1.3479562789379724,1.3479562789379724,1.3479562789379724,1.3479562789379724,1.3479562789379724,1.3479562789379724,1.3479562789379724,1.3479562789379724,1.3479562789379724,1.3479562789379724,1.3479562789379724,1.3479562789379724,1.3479562789379724,1.3479562789379724,1.3479562789379724,1.3479562789379724,1.3479562789379724,1.3479562789379724,1.3479562789379724,1.3479562789379724,1.3479562789379724,1.3479562789379724,1.3479562789379724,1.3479562789379724,1.3479562789379724,1.3479562789379724,1.3479562789379724,1.3479562789379724,1.3479562789379724,1.3479562789379724,1.3479562789379724,1.3479562789379724,1.3479562789379724,1.3479562789379724,1.3479562789379724,1.3479562789379724,1.3479562789379724,1.3479562789379724,1.3479562789379724,1.3479562789379724,1.3479562789379724,1.3479562789379724,1.3479562789379724,1.3479562789379724,1.3479562789379724,1.3479562789379724,1.3479562789379724,1.3479562789379724,1.3479562789379724,1.3479562789379724,1.3479562789379724,1.3479562789379724,1.3479562789379724,1.3479562789379724,1.3479562789379724,1.3479562789379724,1.3479562789379724,1.3479562789379724,1.3479562789379724,1.3479562789379724,1.3479562789379724,1.3479562789379724,1.3479562789379724,1.3479562789379724,1.3479562789379724,1.3479562789379724,1.3479562789379724,1.3479562789379724,1.3479562789379724,1.3479562789379724,1.3479562789379724,1.3479562789379724,1.3479562789379724,1.3479562789379724,1.3479562789379724,1.3479562789379724,1.3479562789379724,1.3479562789379724,1.3479562789379724,1.3479562789379724,1.3479562789379724,1.3479562789379724,1.3479562789379724,1.3479562789379724,1.3479562789379724,1.3479562789379724,1.3479562789379724,1.3479562789379724,1.3479562789379724,1.3479562789379724,1.3479562789379724,1.3479562789379724,1.3479562789379724,1.3479562789379724,1.3479562789379724,1.3479562789379724,1.3479562789379724,1.3479562789379724,1.3479562789379724,1.3479562789379724,1.3479562789379724,1.3479562789379724,1.3479562789379724,1.3479562789379724,1.3479562789379724,1.3479562789379724,1.3479562789379724,1.3479562789379724,1.3479562789379724,1.3479562789379724,1.3479562789379724,1.3479562789379724,1.3479562789379724,1.3479562789379724,1.3479562789379724,1.3479562789379724,1.3479562789379724,1.3479562789379724,1.3479562789379724,1.3479562789379724,1.3479562789379724,1.3479562789379724,1.3479562789379724,1.3479562789379724,1.3479562789379724,1.3479562789379724,1.3479562789379724,1.3479562789379724,1.3479562789379724,1.3479562789379724,1.3479562789379724,1.3479562789379724,1.3479562789379724,1.3479562789379724,1.3479562789379724,1.3479562789379724,1.3479562789379724,1.3479562789379724,1.3479562789379724,1.3479562789379724,1.3479562789379724,1.3479562789379724,1.3479562789379724,1.3479562789379724,1.3479562789379724,1.3479562789379724,1.3479562789379724,1.3479562789379724,1.3479562789379724,1.3479562789379724,1.3479562789379724,1.3479562789379724,1.3479562789379724,1.3479562789379724,1.3479562789379724,1.3479562789379724,1.3479562789379724,1.3479562789379724,1.3479562789379724,1.3479562789379724,1.3479562789379724,1.3479562789379724,1.3479562789379724,1.3479562789379724,1.3479562789379724,1.3479562789379724,1.3479562789379724,1.3479562789379724,1.3479562789379724,1.3479562789379724,1.3479562789379724,1.3479562789379724,1.3479562789379724,1.3479562789379724,1.3479562789379724,1.3479562789379724,1.3479562789379724,1.3479562789379724,1.3479562789379724,1.3479562789379724,1.3479562789379724,1.3479562789379724,1.3479562789379724,1.3479562789379724,1.3479562789379724,1.3479562789379724,1.3479562789379724,1.3479562789379724,1.3479562789379724,1.3479562789379724,1.3479562789379724,1.3479562789379724,1.3479562789379724,1.3479562789379724,1.3479562789379724,1.3479562789379724,1.3479562789379724,1.3479562789379724,1.3479562789379724,1.3479562789379724,1.3479562789379724,1.3479562789379724,1.3479562789379724,1.3479562789379724,1.3479562789379724,1.3479562789379724,1.3479562789379724,1.3479562789379724,1.3479562789379724,1.3479562789379724,1.3479562789379724,1.3479562789379724,1.3479562789379724,1.3479562789379724,1.3479562789379724,1.3479562789379724,1.3479562789379724,1.3479562789379724,1.3479562789379724,1.3479562789379724,1.3479562789379724,1.3479562789379724,1.3479562789379724,1.3479562789379724,1.3479562789379724,1.3479562789379724,1.3479562789379724,1.3479562789379724,1.3479562789379724,1.3479562789379724,1.3479562789379724,1.3479562789379724,1.3479562789379724,1.3479562789379724,1.3479562789379724,1.3479562789379724,1.3479562789379724,1.3479562789379724,1.3479562789379724,1.3479562789379724,1.3479562789379724,1.3479562789379724,1.3479562789379724,1.3479562789379724,1.3479562789379724,1.3479562789379724,1.3479562789379724,1.3479562789379724,1.3479562789379724,1.3479562789379724,1.3479562789379724,1.3479562789379724,1.3479562789379724,1.3479562789379724,1.3479562789379724,1.3479562789379724,1.3479562789379724,1.3479562789379724,1.3479562789379724,1.3479562789379724,1.3479562789379724,1.3479562789379724,1.3479562789379724,1.3479562789379724,1.3479562789379724,1.3479562789379724,1.3479562789379724,1.3479562789379724,1.3479562789379724,1.3479562789379724,1.3479562789379724,1.3479562789379724,1.3479562789379724,1.3479562789379724,1.3479562789379724,1.3479562789379724,1.3479562789379724,1.3479562789379724,1.3479562789379724,1.3479562789379724,1.3479562789379724,1.3479562789379724,1.3479562789379724,1.3479562789379724,1.3479562789379724,1.3479562789379724,1.3479562789379724,1.3479562789379724,1.3479562789379724,1.3479562789379724,1.3479562789379724,7.30386506512097,7.30386506512097,7.088471156648334,7.088471156648334,6.287210744917695,6.287210744917695,6.287210744917695,6.287210744917695,5.952745518254732,5.952745518254732,5.952745518254732,5.952745518254732,5.952745518254732,5.952745518254732,5.952745518254732,5.952745518254732,5.952745518254732,5.952745518254732,5.952745518254732,5.952745518254732,5.952745518254732,5.952745518254732,5.952745518254732,5.952745518254732,5.952745518254732,5.952745518254732,5.952745518254732,5.952745518254732,5.90489502221399,5.90489502221399,5.90489502221399,5.90489502221399,5.90489502221399,5.90489502221399,5.90489502221399,5.90489502221399,5.90489502221399,5.90489502221399,5.90489502221399,5.90489502221399,5.90489502221399,5.90489502221399,5.90489502221399,5.90489502221399,5.90489502221399,5.90489502221399,5.90489502221399,5.90489502221399,5.90489502221399,5.90489502221399,5.90489502221399,5.90489502221399,5.90489502221399,5.90489502221399,5.90489502221399,5.90489502221399,5.90489502221399,5.90489502221399,5.90489502221399,5.90489502221399,5.90489502221399,5.90489502221399,5.90489502221399,5.90489502221399,5.90489502221399,5.90489502221399,5.90489502221399,5.90489502221399,5.90489502221399,5.90489502221399,5.90489502221399,5.90489502221399,5.90489502221399,5.90489502221399,4.752386265578884,4.752386265578884,4.256486449729843,4.256486449729843,4.256486449729843,4.256486449729843,3.7808008508152784,3.7808008508152784,3.7808008508152784,3.739381899956013,3.739381899956013,3.739381899956013,3.739381899956013,3.739381899956013,3.739381899956013,3.739381899956013,3.739381899956013,3.739381899956013,3.739381899956013,3.739381899956013,3.739381899956013,3.739381899956013,3.739381899956013,3.739381899956013,3.739381899956013,3.739381899956013,3.739381899956013,3.739381899956013,3.739381899956013,3.739381899956013,3.739381899956013,3.739381899956013,3.739381899956013,3.739381899956013,3.739381899956013,3.739381899956013,3.739381899956013,3.739381899956013,3.739381899956013,3.739381899956013,3.739381899956013,3.739381899956013,3.739381899956013,3.739381899956013,3.739381899956013,3.739381899956013,3.739381899956013,3.739381899956013,3.739381899956013,3.4807077700202296,3.4807077700202296,3.4807077700202296,3.4807077700202296,3.4807077700202296,3.4807077700202296,3.4807077700202296,3.478700968697927,3.478700968697927,3.478700968697927,3.478700968697927,3.478700968697927,3.478700968697927,3.478700968697927,3.478700968697927,3.478700968697927,3.478700968697927,3.478700968697927,3.478700968697927,3.478700968697927,3.478700968697927,3.478700968697927,3.478700968697927,3.478700968697927,3.478700968697927,3.478700968697927,3.478700968697927,3.478700968697927,3.478700968697927,3.478700968697927,3.478700968697927,3.478700968697927,3.478700968697927,3.478700968697927,3.478700968697927,3.478700968697927,3.478700968697927,3.478700968697927,3.478700968697927,3.478700968697927,3.478700968697927,3.478700968697927,3.478700968697927,3.478700968697927,3.478700968697927,3.478700968697927,3.478700968697927,3.478700968697927,3.478700968697927,3.478700968697927,3.478700968697927,3.478700968697927,3.478700968697927,3.478700968697927,3.478700968697927,3.478700968697927,3.478700968697927,3.478700968697927,3.478700968697927,3.478700968697927,3.478700968697927,3.478700968697927,3.478700968697927,3.478700968697927,3.478700968697927,3.478700968697927,3.478700968697927,3.478700968697927,3.478700968697927,3.478700968697927,3.478700968697927,3.478700968697927,3.478700968697927,3.478700968697927,3.478700968697927,3.478700968697927,3.478700968697927,3.478700968697927,3.478700968697927,3.478700968697927,3.478700968697927,3.478700968697927,3.478700968697927,3.478700968697927,3.478700968697927,3.478700968697927,3.478700968697927,3.478700968697927,3.478700968697927,3.478700968697927,3.478700968697927,3.478700968697927,3.478700968697927,3.478700968697927,3.478700968697927,3.478700968697927,3.478700968697927,3.478700968697927,3.478700968697927,3.478700968697927,3.478700968697927,3.478700968697927,3.478700968697927,3.478700968697927,3.478700968697927,3.478700968697927,3.478700968697927,3.478700968697927,3.478700968697927,3.478700968697927,3.478700968697927,3.478700968697927,3.478700968697927,3.478700968697927,3.478700968697927,3.478700968697927,3.478700968697927,3.478700968697927,3.478700968697927,3.478700968697927,3.478700968697927,3.478700968697927,3.478700968697927,3.478700968697927,3.478700968697927,3.478700968697927,3.478700968697927,3.478700968697927,3.478700968697927,3.478700968697927,3.478700968697927,2.104477814452245,2.104477814452245,2.104477814452245,2.104477814452245,2.104477814452245,2.104477814452245,2.104477814452245,2.104477814452245,2.104477814452245,2.104477814452245,2.104477814452245,2.104477814452245,2.104477814452245,2.104477814452245,2.104477814452245,2.104477814452245,2.104477814452245,2.104477814452245,2.104477814452245,2.104477814452245,2.104477814452245,2.104477814452245,2.104477814452245,2.104477814452245,2.104477814452245,2.104477814452245,2.104477814452245,2.104477814452245,2.104477814452245,2.104477814452245,2.104477814452245,2.104477814452245,2.104477814452245,2.104477814452245,2.104477814452245,2.104477814452245,2.104477814452245,2.104477814452245,2.104477814452245,2.104477814452245,2.104477814452245,2.104477814452245,2.104477814452245,2.104477814452245,2.104477814452245,2.104477814452245,2.104477814452245,2.104477814452245,2.104477814452245,2.104477814452245,2.104477814452245,2.104477814452245,2.104477814452245,2.104477814452245,2.104477814452245,2.104477814452245,2.104477814452245,2.104477814452245,2.104477814452245,2.104477814452245,2.104477814452245,2.104477814452245,2.104477814452245,2.104477814452245,2.104477814452245,2.104477814452245,2.104477814452245,2.104477814452245,2.104477814452245,2.104477814452245,2.104477814452245,2.104477814452245,2.104477814452245,2.104477814452245,2.104477814452245,2.104477814452245,2.104477814452245,2.104477814452245,2.104477814452245,2.104477814452245,2.104477814452245,2.104477814452245,2.104477814452245,2.104477814452245,2.104477814452245,2.104477814452245,2.104477814452245,2.104477814452245,2.104477814452245,2.104477814452245,2.104477814452245,2.104477814452245,2.104477814452245,2.104477814452245,2.104477814452245,2.104477814452245,2.104477814452245,2.104477814452245,2.104477814452245,2.104477814452245,2.104477814452245,2.104477814452245,2.104477814452245,2.104477814452245,2.104477814452245,2.104477814452245,2.104477814452245,2.104477814452245,2.104477814452245,2.104477814452245,2.104477814452245,2.104477814452245,2.104477814452245,2.104477814452245,2.104477814452245,2.104477814452245,2.104477814452245,2.104477814452245,2.104477814452245,2.104477814452245,2.104477814452245,2.104477814452245,2.104477814452245,2.104477814452245,2.104477814452245,2.104477814452245,2.104477814452245,2.104477814452245,2.104477814452245,2.104477814452245,2.104477814452245,2.104477814452245,2.104477814452245,2.104477814452245,2.104477814452245,2.104477814452245,2.104477814452245,2.104477814452245,2.104477814452245,2.104477814452245,2.104477814452245,2.104477814452245,2.104477814452245,2.104477814452245,2.104477814452245,2.104477814452245,2.104477814452245,2.104477814452245,2.104477814452245,2.104477814452245,2.104477814452245,2.104477814452245,2.104477814452245,2.104477814452245,2.104477814452245,2.104477814452245,2.104477814452245,2.104477814452245,2.104477814452245,2.104477814452245,2.104477814452245,2.104477814452245,2.104477814452245,2.104477814452245,2.104477814452245,2.104477814452245,2.104477814452245,2.104477814452245,2.104477814452245,2.104477814452245,2.104477814452245,2.104477814452245,2.104477814452245,2.104477814452245,2.104477814452245,2.104477814452245,2.104477814452245,2.104477814452245,2.104477814452245,2.104477814452245,2.104477814452245,2.104477814452245,2.104477814452245,2.104477814452245,2.104477814452245,2.104477814452245,2.104477814452245,2.104477814452245,2.104477814452245,2.104477814452245,2.104477814452245,2.104477814452245,2.104477814452245,2.104477814452245,2.104477814452245,2.104477814452245,2.104477814452245,2.104477814452245,2.104477814452245,2.104477814452245,2.104477814452245,2.104477814452245,2.104477814452245,2.104477814452245,2.104477814452245,2.104477814452245,2.104477814452245,2.104477814452245,2.104477814452245,2.104477814452245,2.104477814452245,2.104477814452245,2.104477814452245,2.104477814452245,2.104477814452245,2.104477814452245,2.104477814452245,2.104477814452245,2.104477814452245,2.104477814452245,2.104477814452245,2.104477814452245,2.104477814452245,2.104477814452245,2.104477814452245,2.104477814452245,2.104477814452245,2.104477814452245,2.104477814452245,2.104477814452245,2.104477814452245,2.104477814452245,2.104477814452245,2.104477814452245,2.104477814452245,2.104477814452245,2.104477814452245,2.104477814452245,2.104477814452245,2.104477814452245,2.104477814452245,2.104477814452245,2.104477814452245,2.104477814452245,2.104477814452245,2.104477814452245,2.104477814452245,2.104477814452245,2.104477814452245,2.104477814452245,2.104477814452245,2.104477814452245,2.104477814452245,2.104477814452245,2.104477814452245,2.104477814452245,2.104477814452245,2.104477814452245,2.104477814452245,2.104477814452245,2.104477814452245,2.104477814452245,2.104477814452245,2.104477814452245,2.104477814452245,2.104477814452245,2.104477814452245,2.104477814452245,2.104477814452245,2.104477814452245,2.104477814452245,2.104477814452245,2.104477814452245,2.104477814452245,2.104477814452245,2.104477814452245,2.104477814452245,2.104477814452245,2.104477814452245,2.104477814452245,2.104477814452245,2.104477814452245,2.104477814452245,2.104477814452245,2.104477814452245,2.104477814452245,2.104477814452245,2.104477814452245,2.104477814452245,2.104477814452245,2.104477814452245,2.104477814452245,2.104477814452245,2.104477814452245,2.104477814452245,2.104477814452245,2.104477814452245,2.104477814452245,2.104477814452245,2.104477814452245,2.104477814452245,2.104477814452245,2.104477814452245,2.104477814452245,2.104477814452245,2.104477814452245,2.104477814452245,2.104477814452245,2.104477814452245,2.104477814452245,2.104477814452245,2.104477814452245,2.104477814452245,2.104477814452245,2.104477814452245,2.104477814452245,2.104477814452245,2.104477814452245,2.104477814452245,2.104477814452245,2.104477814452245,2.104477814452245,2.104477814452245,2.104477814452245,2.104477814452245,2.104477814452245,2.104477814452245,2.104477814452245,2.104477814452245,2.104477814452245,2.104477814452245,2.104477814452245,2.104477814452245,2.104477814452245,2.104477814452245,2.104477814452245,2.104477814452245,2.104477814452245,2.104477814452245,2.104477814452245,2.104477814452245,2.104477814452245,2.104477814452245,2.104477814452245,2.104477814452245,2.104477814452245,2.104477814452245,2.104477814452245,2.104477814452245,2.104477814452245,2.104477814452245,2.104477814452245,2.104477814452245,2.104477814452245,2.104477814452245,2.104477814452245,2.104477814452245,2.104477814452245,2.104477814452245,2.104477814452245,2.104477814452245,2.104477814452245,2.104477814452245,2.104477814452245,2.104477814452245,2.104477814452245,2.104477814452245,2.104477814452245,2.104477814452245,2.104477814452245,2.104477814452245,2.104477814452245,2.104477814452245,2.104477814452245,2.104477814452245,2.104477814452245,2.104477814452245,2.104477814452245,2.104477814452245,2.104477814452245,2.104477814452245,2.104477814452245,2.104477814452245,2.104477814452245,2.104477814452245,2.104477814452245,2.104477814452245,2.104477814452245,2.104477814452245,2.104477814452245,2.104477814452245,2.104477814452245,2.104477814452245,2.104477814452245,2.104477814452245,2.104477814452245,2.104477814452245,2.104477814452245,2.104477814452245,2.104477814452245,2.104477814452245,2.104477814452245,2.104477814452245,2.104477814452245,2.104477814452245,2.104477814452245,2.104477814452245,2.104477814452245,2.104477814452245,2.104477814452245,2.104477814452245,2.104477814452245,2.104477814452245,2.104477814452245,2.104477814452245,2.104477814452245,2.104477814452245,2.104477814452245,2.104477814452245,2.104477814452245,2.104477814452245,2.104477814452245,2.104477814452245,2.104477814452245,2.104477814452245,2.104477814452245,2.104477814452245,2.104477814452245,2.104477814452245,2.104477814452245,2.104477814452245,2.104477814452245,2.104477814452245,2.104477814452245,2.104477814452245,2.104477814452245,2.104477814452245,2.104477814452245,2.104477814452245,2.104477814452245,2.104477814452245,2.104477814452245,2.104477814452245,2.104477814452245,2.104477814452245,2.104477814452245,2.104477814452245,2.104477814452245,2.104477814452245,2.104477814452245,2.104477814452245,2.104477814452245,2.104477814452245,2.104477814452245,2.104477814452245,2.104477814452245,2.104477814452245,2.104477814452245,2.104477814452245,2.104477814452245,2.104477814452245,2.104477814452245,2.104477814452245,2.104477814452245,2.104477814452245,2.104477814452245,2.104477814452245,2.104477814452245,2.104477814452245,2.104477814452245,2.104477814452245,2.104477814452245,2.104477814452245,2.104477814452245,2.104477814452245,2.104477814452245,2.104477814452245,2.104477814452245,2.104477814452245,2.104477814452245,2.104477814452245,2.104477814452245,2.104477814452245,2.104477814452245,2.104477814452245,2.104477814452245,2.104477814452245,2.104477814452245,2.104477814452245,2.104477814452245,2.104477814452245,2.104477814452245,2.104477814452245,2.104477814452245,2.104477814452245,2.104477814452245,2.104477814452245,2.104477814452245,2.104477814452245,2.104477814452245,2.104477814452245,2.104477814452245,2.104477814452245,2.104477814452245,2.104477814452245,2.104477814452245,2.104477814452245,2.104477814452245,2.104477814452245,2.104477814452245,2.104477814452245,2.104477814452245,2.104477814452245,2.104477814452245,2.104477814452245,2.104477814452245,2.104477814452245,2.104477814452245,2.104477814452245,2.104477814452245,2.104477814452245,2.104477814452245,2.104477814452245,2.104477814452245,2.104477814452245,2.104477814452245,2.104477814452245,2.104477814452245,2.104477814452245,2.104477814452245,2.104477814452245,2.104477814452245,2.104477814452245,2.104477814452245,2.104477814452245,2.104477814452245,2.104477814452245,2.104477814452245,2.104477814452245,2.104477814452245,2.104477814452245,2.104477814452245,2.104477814452245,2.104477814452245,2.104477814452245,2.104477814452245,2.104477814452245,2.104477814452245,2.104477814452245,2.104477814452245,2.104477814452245,2.104477814452245,2.104477814452245,2.104477814452245,2.104477814452245,2.104477814452245,2.104477814452245,2.104477814452245,2.104477814452245,2.104477814452245,2.104477814452245,2.104477814452245,2.104477814452245,2.104477814452245,2.104477814452245,2.104477814452245,2.104477814452245,2.104477814452245,2.104477814452245,2.104477814452245,2.104477814452245,2.104477814452245,2.104477814452245,2.104477814452245,2.104477814452245,2.104477814452245,2.104477814452245,2.104477814452245,2.104477814452245,2.104477814452245,2.104477814452245,2.104477814452245,2.104477814452245,2.104477814452245,2.104477814452245,2.104477814452245,2.104477814452245,2.104477814452245,2.104477814452245,2.104477814452245,2.104477814452245,2.104477814452245,2.104477814452245,2.104477814452245,2.104477814452245,2.104477814452245,2.104477814452245,2.104477814452245,2.104477814452245,2.104477814452245,2.104477814452245,2.104477814452245,2.104477814452245,2.104477814452245,2.104477814452245,2.104477814452245,2.104477814452245,2.104477814452245,2.104477814452245,2.104477814452245,2.104477814452245,2.104477814452245,2.104477814452245,2.104477814452245,2.104477814452245,2.104477814452245,2.104477814452245,2.104477814452245,2.104477814452245,2.104477814452245,2.104477814452245,2.104477814452245,2.104477814452245,2.104477814452245,2.104477814452245,2.104477814452245,2.104477814452245,2.104477814452245,2.104477814452245,2.104477814452245,2.104477814452245,2.104477814452245,2.104477814452245,2.104477814452245,2.104477814452245,2.104477814452245,2.104477814452245,2.104477814452245,2.104477814452245,2.104477814452245,2.104477814452245,2.104477814452245,2.104477814452245,2.104477814452245,2.104477814452245,2.104477814452245,2.104477814452245,2.104477814452245,2.104477814452245,2.104477814452245,2.104477814452245,2.104477814452245,2.104477814452245,2.104477814452245,2.104477814452245,2.104477814452245,2.104477814452245,2.104477814452245,2.104477814452245,2.104477814452245,2.104477814452245,2.104477814452245,2.104477814452245,2.104477814452245,2.104477814452245,2.104477814452245,2.104477814452245,2.104477814452245,2.104477814452245,2.104477814452245,2.104477814452245,2.104477814452245,2.104477814452245,2.104477814452245,2.104477814452245,2.104477814452245,2.104477814452245,2.104477814452245,2.104477814452245,2.104477814452245,2.104477814452245,2.104477814452245,2.104477814452245,2.104477814452245,2.104477814452245,2.104477814452245,2.104477814452245,2.104477814452245,2.104477814452245,2.104477814452245,2.104477814452245,2.104477814452245,2.104477814452245,2.104477814452245,2.104477814452245,2.104477814452245,2.104477814452245,2.104477814452245,2.104477814452245,2.104477814452245,2.104477814452245,2.104477814452245,2.104477814452245,2.104477814452245,2.104477814452245,2.104477814452245,2.104477814452245,2.104477814452245,2.104477814452245,2.104477814452245,2.104477814452245,2.104477814452245,2.104477814452245,2.104477814452245,2.104477814452245,2.104477814452245,2.104477814452245,2.104477814452245,2.104477814452245,2.104477814452245,2.104477814452245,2.104477814452245,2.104477814452245,2.104477814452245,2.104477814452245,2.104477814452245,2.104477814452245,2.104477814452245,2.104477814452245,2.104477814452245,2.104477814452245,2.104477814452245,2.104477814452245,2.104477814452245,2.104477814452245,2.104477814452245,2.104477814452245,2.104477814452245,2.104477814452245,2.104477814452245,2.104477814452245,2.104477814452245,2.104477814452245,2.104477814452245,2.104477814452245,2.104477814452245,8.627161436444837,7.570981262667155,7.154174572455443,7.154174572455443,7.154174572455443,7.154174572455443,7.154174572455443,7.154174572455443,7.154174572455443,7.154174572455443,7.154174572455443,7.154174572455443,7.117414700253544,7.117414700253544,7.117414700253544,7.117414700253544,7.117414700253544,7.117414700253544,7.117414700253544,7.117414700253544,7.117414700253544,7.117414700253544,7.117414700253544,7.117414700253544,7.117414700253544,7.117414700253544,7.117414700253544,7.117414700253544,7.117414700253544,7.117414700253544,7.117414700253544,7.117414700253544,7.117414700253544,7.117414700253544,7.117414700253544,7.117414700253544,7.111424466497641,6.806551538781649,6.806551538781649,6.806551538781649,6.806551538781649,6.806551538781649,6.806551538781649,6.806551538781649,6.806551538781649,6.806551538781649,6.806551538781649,6.806551538781649,6.806551538781649,6.806551538781649,6.806551538781649,6.806551538781649,6.806551538781649,6.806551538781649,6.806551538781649,6.806551538781649,6.806551538781649,6.806551538781649,6.806551538781649,6.806551538781649,6.806551538781649,6.806551538781649,6.806551538781649,6.806551538781649,6.806551538781649,6.806551538781649,6.806551538781649,6.806551538781649,6.806551538781649,6.806551538781649,6.806551538781649,6.806551538781649,6.806551538781649,6.806551538781649,6.806551538781649,6.806551538781649,6.806551538781649,6.806551538781649,6.806551538781649,6.806551538781649,6.806551538781649,6.806551538781649,6.806551538781649,6.806551538781649,6.806551538781649,6.806551538781649,6.806551538781649,6.806551538781649,6.806551538781649,6.806551538781649,6.806551538781649,6.806551538781649,6.806551538781649,6.806551538781649,6.806551538781649,6.806551538781649,6.806551538781649,6.806551538781649,6.806551538781649,6.806551538781649,6.806551538781649,6.76179584322964,5.032999171082613,5.032999171082613,5.032999171082613,5.032999171082613,5.032999171082613,5.032999171082613,5.032999171082613,5.032999171082613,5.032999171082613,5.032999171082613,5.032999171082613,5.032999171082613,5.032999171082613,5.032999171082613,5.032999171082613,5.032999171082613,5.032999171082613,5.032999171082613,5.032999171082613,5.032999171082613,5.032999171082613,5.032999171082613,5.032999171082613,5.032999171082613,5.032999171082613,5.032999171082613,5.032999171082613,5.032999171082613,5.032999171082613,5.032999171082613,5.032999171082613,5.032999171082613,5.032999171082613,5.032999171082613,5.032999171082613,5.032999171082613,5.032999171082613,5.032999171082613,5.032999171082613,5.032999171082613,5.032999171082613,5.032999171082613,5.032999171082613,5.032999171082613,5.032999171082613,5.032999171082613,5.032999171082613,5.032999171082613,5.032999171082613,5.032999171082613,5.032999171082613,5.032999171082613,5.032999171082613,5.032999171082613,5.032999171082613,5.032999171082613,5.032999171082613,5.032999171082613,5.032999171082613,5.032999171082613,5.032999171082613,5.032999171082613,5.032999171082613,5.032999171082613,5.032999171082613,5.032999171082613,5.032999171082613,5.032999171082613,5.032999171082613,5.032999171082613,5.032999171082613,5.032999171082613,5.032999171082613,5.032999171082613,5.032999171082613,5.032999171082613,5.032999171082613,5.032999171082613,5.032999171082613,5.032999171082613,5.032999171082613,5.032999171082613,5.032999171082613,5.032999171082613,5.032999171082613,5.032999171082613,5.032999171082613,5.032999171082613,5.032999171082613,5.032999171082613,5.032999171082613,5.032999171082613,5.032999171082613,5.032999171082613,5.032999171082613,5.032999171082613,5.032999171082613,5.032999171082613,5.032999171082613,5.032999171082613,5.032999171082613,5.032999171082613,5.032999171082613,5.032999171082613,5.032999171082613,5.032999171082613,5.032999171082613,5.032999171082613,5.032999171082613,5.032999171082613,5.032999171082613,5.032999171082613,5.032999171082613,5.032999171082613,5.032999171082613,5.032999171082613,5.032999171082613,5.032999171082613,5.032999171082613,5.032999171082613,5.032999171082613,5.032999171082613,5.032999171082613,5.032999171082613,5.032999171082613,5.032999171082613,5.032999171082613,5.032999171082613,5.032999171082613,5.032999171082613,5.032999171082613,5.032999171082613,5.032999171082613,5.032999171082613,5.032999171082613,5.032999171082613,5.032999171082613,4.879895935970847,4.879895935970847,4.879895935970847,4.879895935970847,4.879895935970847,4.879895935970847,4.879895935970847,4.879895935970847,4.879895935970847,4.860123474903649,4.269314635924102,4.269314635924102,4.269314635924102,4.269314635924102,4.269314635924102,4.269314635924102,4.269314635924102,4.269314635924102,4.269314635924102,4.269314635924102,4.269314635924102,4.269314635924102,4.269314635924102,4.269314635924102,4.208144295474613,4.208144295474613,4.208144295474613,4.208144295474613,4.208144295474613,4.208144295474613,4.208144295474613,4.208144295474613,4.208144295474613,4.208144295474613,4.208144295474613,4.208144295474613,4.16106668097691,4.16106668097691,4.16106668097691,4.16106668097691,4.16106668097691,4.16106668097691,4.16106668097691,4.16106668097691,4.16106668097691,4.16106668097691,4.16106668097691,4.16106668097691,4.16106668097691,4.16106668097691,4.16106668097691,4.16106668097691,4.16106668097691,4.16106668097691,4.16106668097691,4.16106668097691,4.16106668097691,4.16106668097691,4.16106668097691,4.16106668097691,4.16106668097691,4.16106668097691,4.16106668097691,4.16106668097691,4.16106668097691,4.16106668097691,4.16106668097691,4.16106668097691,4.16106668097691,4.16106668097691,4.16106668097691,4.16106668097691,4.16106668097691,4.16106668097691,4.16106668097691,4.16106668097691,4.16106668097691,4.16106668097691,4.16106668097691,4.16106668097691,4.16106668097691,4.16106668097691,4.16106668097691,4.16106668097691,4.16106668097691,4.16106668097691,4.16106668097691,4.16106668097691,4.16106668097691,4.16106668097691,4.16106668097691,4.16106668097691,4.16106668097691,4.16106668097691,4.16106668097691,4.16106668097691,4.16106668097691,4.16106668097691,4.16106668097691,4.16106668097691,4.16106668097691,4.16106668097691,4.16106668097691,4.16106668097691,4.16106668097691,4.16106668097691,4.16106668097691,4.16106668097691,4.16106668097691,4.16106668097691,4.16106668097691,4.16106668097691,4.16106668097691,4.16106668097691,4.16106668097691,4.16106668097691,4.16106668097691,4.16106668097691,4.16106668097691,4.16106668097691,4.16106668097691,4.16106668097691,4.16106668097691,4.16106668097691,4.16106668097691,4.16106668097691,4.16106668097691,4.16106668097691,4.16106668097691,4.16106668097691,4.16106668097691,4.16106668097691,4.16106668097691,4.16106668097691,4.16106668097691,4.16106668097691,4.16106668097691,4.16106668097691,4.16106668097691,4.16106668097691,4.16106668097691,4.16106668097691,4.16106668097691,4.16106668097691,4.16106668097691,4.16106668097691,4.16106668097691,4.16106668097691,4.16106668097691,4.111414490127645,4.111414490127645,4.111414490127645,4.111414490127645,4.111414490127645,4.111414490127645,4.111414490127645,4.111414490127645,4.111414490127645,4.111414490127645,4.111414490127645,4.111414490127645,4.111414490127645,4.111414490127645,4.111414490127645,4.111414490127645,4.111414490127645,4.111414490127645,4.111414490127645,4.111414490127645,4.111414490127645,4.111414490127645,4.111414490127645,4.111414490127645,4.111414490127645,4.111414490127645,4.111414490127645,4.111414490127645,4.111414490127645,4.111414490127645,4.111414490127645,4.111414490127645,4.111414490127645,4.111414490127645,4.111414490127645,4.111414490127645,4.111414490127645,4.111414490127645,4.111414490127645,4.111414490127645,4.111414490127645,4.111414490127645,4.111414490127645,4.111414490127645,4.111414490127645,4.111414490127645,4.111414490127645,4.111414490127645,4.111414490127645,4.111414490127645,4.111414490127645,4.111414490127645,4.111414490127645,4.111414490127645,4.111414490127645,4.111414490127645,4.111414490127645,4.111414490127645,4.111414490127645,4.111414490127645,4.111414490127645,4.111414490127645,4.111414490127645,4.111414490127645,4.111414490127645,4.111414490127645,4.111414490127645,4.111414490127645,4.111414490127645,4.111414490127645,4.111414490127645,4.111414490127645,4.111414490127645,4.111414490127645,4.111414490127645,4.111414490127645,4.111414490127645,4.111414490127645,4.111414490127645,4.111414490127645,4.111414490127645,4.111414490127645,4.111414490127645,4.111414490127645,4.111414490127645,4.111414490127645,4.111414490127645,4.111414490127645,4.111414490127645,4.111414490127645,4.111414490127645,4.111414490127645,4.111414490127645,4.111414490127645,4.111414490127645,4.111414490127645,4.111414490127645,4.111414490127645,4.111414490127645,4.111414490127645,4.111414490127645,4.111414490127645,4.111414490127645,4.111414490127645,4.111414490127645,4.111414490127645,4.111414490127645,4.111414490127645,4.111414490127645,4.111414490127645,4.111414490127645,4.111414490127645,4.111414490127645,4.111414490127645,4.111414490127645,4.111414490127645,4.111414490127645,4.111414490127645,4.111414490127645,4.111414490127645,4.111414490127645,4.111414490127645,4.111414490127645,4.111414490127645,4.111414490127645,4.111414490127645,4.111414490127645,4.111414490127645,4.111414490127645,4.111414490127645,4.111414490127645,4.111414490127645,4.111414490127645,4.111414490127645,4.111414490127645,4.111414490127645,4.111414490127645,4.111414490127645,4.111414490127645,4.111414490127645,4.111414490127645,4.111414490127645,4.111414490127645,4.111414490127645,4.111414490127645,4.111414490127645,4.111414490127645,4.111414490127645,4.111414490127645,4.111414490127645,4.111414490127645,4.111414490127645,4.111414490127645,4.111414490127645,4.111414490127645,4.111414490127645,4.111414490127645,4.111414490127645,4.111414490127645,4.111414490127645,4.111414490127645,4.111414490127645,4.111414490127645,4.111414490127645,4.111414490127645,4.111414490127645,4.111414490127645,4.111414490127645,4.111414490127645,4.111414490127645,4.111414490127645,4.111414490127645,4.111414490127645,4.111414490127645,4.111414490127645,4.111414490127645,4.111414490127645,4.111414490127645,4.111414490127645,4.111414490127645,4.111414490127645,4.111414490127645,4.111414490127645,4.111414490127645,4.111414490127645,4.111414490127645,4.111414490127645,4.111414490127645,4.111414490127645,4.111414490127645,4.111414490127645,4.111414490127645,4.111414490127645,4.111414490127645,4.111414490127645,4.111414490127645,4.111414490127645,4.111414490127645,4.111414490127645,4.111414490127645,4.111414490127645,4.111414490127645,4.111414490127645,4.111414490127645,4.111414490127645,4.111414490127645,4.111414490127645,4.111414490127645,4.111414490127645,4.111414490127645,4.111414490127645,4.111414490127645,4.111414490127645,4.111414490127645,4.111414490127645,4.111414490127645,4.111414490127645,4.111414490127645,4.111414490127645,4.111414490127645,4.111414490127645,4.111414490127645,4.111414490127645,4.111414490127645,4.111414490127645,4.111414490127645,4.111414490127645,4.111414490127645,4.111414490127645,4.111414490127645,4.111414490127645,4.111414490127645,4.111414490127645,4.111414490127645,4.111414490127645,4.111414490127645,4.111414490127645,4.111414490127645,4.111414490127645,4.111414490127645,4.111414490127645,4.111414490127645,4.111414490127645,4.111414490127645,4.111414490127645,4.111414490127645,4.111414490127645,4.111414490127645,4.111414490127645,4.111414490127645,4.111414490127645,4.111414490127645,4.111414490127645,4.111414490127645,4.111414490127645,4.111414490127645,4.111414490127645,4.111414490127645,4.111414490127645,4.111414490127645,4.111414490127645,4.111414490127645,4.111414490127645,4.111414490127645,4.111414490127645,4.062936130044657,4.062936130044657,4.062936130044657,4.055478669828249,4.055478669828249,4.055478669828249,4.055478669828249,4.055478669828249,4.055478669828249,4.055478669828249,4.055478669828249,4.055478669828249,4.055478669828249,4.055478669828249,4.055478669828249,4.055478669828249,4.055478669828249,4.055478669828249,4.055478669828249,4.055478669828249,4.055478669828249,4.055478669828249,4.055478669828249,4.055478669828249,4.055478669828249,4.055478669828249,4.055478669828249,4.055478669828249,4.055478669828249,4.055478669828249,4.055478669828249,4.055478669828249,4.055478669828249,4.055478669828249,4.055478669828249,4.055478669828249,4.055478669828249,4.055478669828249,4.055478669828249,4.055478669828249,4.055478669828249,4.055478669828249,4.055478669828249,4.055478669828249,4.055478669828249,4.055478669828249,4.055478669828249,4.055478669828249,4.055478669828249,4.055478669828249,4.055478669828249,4.055478669828249,4.055478669828249,4.055478669828249,4.055478669828249,4.055478669828249,4.055478669828249,4.055478669828249,4.055478669828249,4.055478669828249,4.055478669828249,4.055478669828249,4.055478669828249,4.055478669828249,4.055478669828249,4.055478669828249,4.055478669828249,4.055478669828249,4.055478669828249,4.055478669828249,4.055478669828249,4.055478669828249,4.055478669828249,4.055478669828249,4.055478669828249,4.055478669828249,4.055478669828249,4.055478669828249,4.055478669828249,4.055478669828249,4.055478669828249,4.055478669828249,4.055478669828249,4.055478669828249,4.055478669828249,4.055478669828249,4.055478669828249,4.055478669828249,4.055478669828249,4.055478669828249,4.055478669828249,4.055478669828249,4.055478669828249,4.055478669828249,4.055478669828249,4.055478669828249,4.055478669828249,4.055478669828249,4.055478669828249,4.055478669828249,4.055478669828249,4.055478669828249,4.055478669828249,4.055478669828249,4.055478669828249,4.055478669828249,4.055478669828249,4.055478669828249,4.055478669828249,4.055478669828249,4.055478669828249,4.055478669828249,4.055478669828249,3.370449989553047,3.370449989553047,3.367921036591758,3.367921036591758,3.367921036591758,3.367921036591758,3.367921036591758,3.367921036591758,3.367921036591758,3.367921036591758,3.367921036591758,3.367921036591758,3.367921036591758,3.367921036591758,3.367921036591758,3.367921036591758,3.367921036591758,3.367921036591758,3.367921036591758,3.367921036591758,3.367921036591758,3.367921036591758,3.367921036591758,3.367921036591758,3.367921036591758,3.367921036591758,3.367921036591758,3.367921036591758,3.367921036591758,3.367921036591758,3.367921036591758,3.367921036591758,3.367921036591758,3.367921036591758,3.367921036591758,3.367921036591758,3.367921036591758,3.367921036591758,3.367921036591758,3.367921036591758,3.367921036591758,3.367921036591758,3.367921036591758,3.367921036591758,3.367921036591758,3.367921036591758,3.367921036591758,3.367921036591758,3.367921036591758,3.367921036591758,3.367921036591758,3.367921036591758,3.367921036591758,3.367921036591758,3.367921036591758,3.367921036591758,3.367921036591758,3.367921036591758,3.367921036591758,3.367921036591758,3.367921036591758,3.367921036591758,3.367921036591758,3.367921036591758,3.367921036591758,3.367921036591758,3.367921036591758,3.367921036591758,3.367921036591758,3.367921036591758,3.367921036591758,3.367921036591758,3.367921036591758,3.367921036591758,3.367921036591758,3.367921036591758,3.367921036591758,3.367921036591758,3.367921036591758,3.367921036591758,3.367921036591758,3.367921036591758,3.367921036591758,3.367921036591758,3.367921036591758,3.367921036591758,3.367921036591758,3.367921036591758,3.367921036591758,3.367921036591758,3.367921036591758,3.367921036591758,3.367921036591758,3.367921036591758,3.367921036591758,3.367921036591758,3.367921036591758,3.367921036591758,3.367921036591758,3.367921036591758,3.367921036591758,3.367921036591758,3.367921036591758,3.367921036591758,3.367921036591758,3.367921036591758,3.367921036591758,3.367921036591758,3.367921036591758,3.367921036591758,3.367921036591758,3.367921036591758,3.367921036591758,3.367921036591758,3.367921036591758,3.367921036591758,3.367921036591758,3.367921036591758,3.367921036591758,3.367921036591758,3.367921036591758,3.367921036591758,3.367921036591758,3.367921036591758,3.367921036591758,3.367921036591758,3.367921036591758,3.367921036591758,3.367921036591758,3.367921036591758,3.367921036591758,3.367921036591758,3.367921036591758,3.367921036591758,3.367921036591758,3.367921036591758,3.367921036591758,3.367921036591758,3.367921036591758,3.367921036591758,3.367921036591758,3.367921036591758,3.367921036591758,3.367921036591758,3.367921036591758,3.367921036591758,3.367921036591758,3.367921036591758,3.367921036591758,3.367921036591758,3.367921036591758,3.367921036591758,3.367921036591758,3.367921036591758,3.367921036591758,3.367921036591758,3.367921036591758,3.367921036591758,3.367921036591758,3.367921036591758,3.367921036591758,3.367921036591758,3.367921036591758,3.367921036591758,3.367921036591758,3.367921036591758,3.367921036591758,3.367921036591758,3.367921036591758,3.367921036591758,3.367921036591758,3.367921036591758,3.367921036591758,3.367921036591758,3.367921036591758,3.367921036591758,3.367921036591758,3.367921036591758,3.367921036591758,3.367921036591758,3.367921036591758,3.367921036591758,3.367921036591758,3.367921036591758,3.367921036591758,3.367921036591758,3.367921036591758,3.367921036591758,3.367921036591758,3.367921036591758,3.367921036591758,3.367921036591758,3.367921036591758,3.367921036591758,3.367921036591758,3.367921036591758,3.367921036591758,3.367921036591758,3.367921036591758,3.367921036591758,3.367921036591758,3.367921036591758,3.367921036591758,3.367921036591758,3.367921036591758,3.367921036591758,3.367921036591758,3.367921036591758,3.367921036591758,3.367921036591758,3.367921036591758,3.367921036591758,3.367921036591758,3.367921036591758,3.367921036591758,3.367921036591758,3.367921036591758,3.367921036591758,3.367921036591758,3.367921036591758,3.367921036591758,3.367921036591758,3.367921036591758,3.367921036591758,3.367921036591758,3.367921036591758,3.367921036591758,3.367921036591758,3.367921036591758,3.367921036591758,3.367921036591758,3.367921036591758,3.367921036591758,3.339650417855832,7.047462116045766,7.047462116045766,7.047462116045766,7.047462116045766,6.420827208264952,6.368619812190229,6.368619812190229,6.368619812190229,6.368619812190229,6.368619812190229,6.1862507637280455,6.1862507637280455,6.1862507637280455,6.1862507637280455,6.1862507637280455,6.1862507637280455,6.1862507637280455,6.1862507637280455,6.1862507637280455,6.1862507637280455,6.1862507637280455,6.1862507637280455,6.1862507637280455,6.1862507637280455,6.167418907280174,6.167418907280174,5.9722957361642415,5.9722957361642415,5.94846333332912,5.94846333332912,5.94846333332912,5.94846333332912,5.94846333332912,5.94846333332912,5.94846333332912,5.94846333332912,5.94846333332912,5.94846333332912,5.94846333332912,5.94846333332912,5.94846333332912,5.94846333332912,5.94846333332912,5.94846333332912,5.94846333332912,5.94846333332912,5.94846333332912,5.94846333332912,5.94846333332912,5.94846333332912,5.94846333332912,5.94846333332912,5.94846333332912,5.94846333332912,5.94846333332912,5.94846333332912,5.94846333332912,5.94846333332912,4.75771005104953,4.75771005104953,4.75771005104953,4.667042657525182,4.667042657525182,4.667042657525182,4.667042657525182,4.667042657525182,4.667042657525182,4.667042657525182,4.667042657525182,4.667042657525182,4.667042657525182,4.667042657525182,4.667042657525182,4.667042657525182,4.667042657525182,4.667042657525182,4.667042657525182,4.667042657525182,4.667042657525182,4.667042657525182,4.667042657525182,4.667042657525182,4.667042657525182,4.667042657525182,4.667042657525182,4.667042657525182,4.667042657525182,4.667042657525182,4.667042657525182,4.667042657525182,4.667042657525182,4.667042657525182,4.667042657525182,4.667042657525182,4.667042657525182,4.667042657525182,4.667042657525182,4.667042657525182,4.667042657525182,4.667042657525182,4.667042657525182,4.667042657525182,4.667042657525182,4.667042657525182,4.667042657525182,4.667042657525182,4.667042657525182,4.667042657525182,4.667042657525182,4.667042657525182,4.667042657525182,4.667042657525182,4.667042657525182,4.667042657525182,4.667042657525182,4.667042657525182,4.667042657525182,4.667042657525182,4.667042657525182,4.667042657525182,4.667042657525182,4.667042657525182,4.667042657525182,4.667042657525182,4.667042657525182,4.667042657525182,4.667042657525182,4.667042657525182,4.667042657525182,4.667042657525182,4.667042657525182,4.667042657525182,4.667042657525182,4.667042657525182,4.667042657525182,4.667042657525182,4.667042657525182,4.667042657525182,4.667042657525182,4.667042657525182,4.667042657525182,4.667042657525182,4.667042657525182,4.667042657525182,4.667042657525182,4.667042657525182,4.667042657525182,4.667042657525182,4.667042657525182,4.667042657525182,4.667042657525182,4.667042657525182,4.667042657525182,4.667042657525182,4.667042657525182,4.667042657525182,4.667042657525182,4.667042657525182,4.667042657525182,4.667042657525182,4.667042657525182,4.667042657525182,4.667042657525182,4.667042657525182,4.667042657525182,4.667042657525182,4.667042657525182,4.667042657525182,4.667042657525182,4.667042657525182,4.667042657525182,4.667042657525182,4.529360118474534,4.479686164557025,4.479686164557025,4.479686164557025,4.455271883635257,4.455271883635257,4.455271883635257,4.455271883635257,4.455271883635257,4.455271883635257,4.455271883635257,4.455271883635257,4.455271883635257,4.455271883635257,4.455271883635257,4.455271883635257,4.455271883635257,4.455271883635257,4.455271883635257,4.455271883635257,4.455271883635257,4.455271883635257,4.455271883635257,4.455271883635257,4.455271883635257,4.455271883635257,4.455271883635257,4.455271883635257,4.455271883635257,4.455271883635257,4.455271883635257,4.455271883635257,4.455271883635257,4.455271883635257,4.455271883635257,4.455271883635257,4.455271883635257,4.455271883635257,4.455271883635257,4.455271883635257,4.455271883635257,4.455271883635257,4.455271883635257,4.455271883635257,4.455271883635257,4.455271883635257,4.455271883635257,4.455271883635257,4.455271883635257,4.455271883635257,4.455271883635257,4.455271883635257,4.455271883635257,4.455271883635257,4.455271883635257,4.455271883635257,4.455271883635257,4.455271883635257,4.455271883635257,4.455271883635257,4.455271883635257,4.455271883635257,4.455271883635257,4.455271883635257,4.455271883635257,4.455271883635257,4.455271883635257,4.455271883635257,4.455271883635257,4.455271883635257,4.455271883635257,4.455271883635257,4.455271883635257,4.455271883635257,4.455271883635257,4.455271883635257,4.455271883635257,4.455271883635257,4.455271883635257,4.455271883635257,4.455271883635257,4.455271883635257,4.455271883635257,4.455271883635257,4.455271883635257,4.455271883635257,4.455271883635257,4.455271883635257,4.455271883635257,4.455271883635257,4.455271883635257,4.455271883635257,4.455271883635257,4.455271883635257,4.455271883635257,4.455271883635257,4.455271883635257,4.455271883635257,4.455271883635257,4.455271883635257,4.455271883635257,4.455271883635257,4.455271883635257,4.455271883635257,4.455271883635257,4.455271883635257,4.455271883635257,4.455271883635257,4.455271883635257,4.455271883635257,4.455271883635257,4.455271883635257,4.455271883635257,4.455271883635257,4.455271883635257,4.455271883635257,4.455271883635257,4.455271883635257,4.455271883635257,4.455271883635257,4.455271883635257,4.455271883635257,4.455271883635257,4.455271883635257,4.455271883635257,4.455271883635257,4.455271883635257,4.455271883635257,4.455271883635257,4.455271883635257,4.455271883635257,4.455271883635257,4.455271883635257,4.455271883635257,4.455271883635257,4.455271883635257,4.455271883635257,4.455271883635257,4.455271883635257,4.455271883635257,4.455271883635257,4.455271883635257,4.455271883635257,4.455271883635257,4.455271883635257,4.455271883635257,4.455271883635257,4.455271883635257,4.455271883635257,4.455271883635257,4.455271883635257,4.455271883635257,4.455271883635257,4.455271883635257,4.455271883635257,4.455271883635257,4.455271883635257,4.455271883635257,4.455271883635257,4.455271883635257,4.455271883635257,4.455271883635257,4.455271883635257,4.455271883635257,4.455271883635257,4.455271883635257,4.455271883635257,4.455271883635257,4.455271883635257,4.455271883635257,4.455271883635257,4.455271883635257,4.455271883635257,4.455271883635257,4.455271883635257,4.455271883635257,4.455271883635257,4.455271883635257,4.455271883635257,4.455271883635257,4.455271883635257,4.455271883635257,4.455271883635257,4.455271883635257,4.455271883635257,4.455271883635257,4.455271883635257,4.455271883635257,4.455271883635257,4.455271883635257,4.455271883635257,4.455271883635257,4.455271883635257,4.455271883635257,4.455271883635257,4.455271883635257,4.455271883635257,4.455271883635257,4.455271883635257,4.455271883635257,4.455271883635257,4.455271883635257,4.455271883635257,4.455271883635257,4.455271883635257,4.455271883635257,4.455271883635257,4.455271883635257,4.455271883635257,4.455271883635257,4.455271883635257,4.455271883635257,4.455271883635257,4.455271883635257,4.455271883635257,4.455271883635257,4.455271883635257,4.455271883635257,4.455271883635257,4.455271883635257,4.455271883635257,4.455271883635257,4.455271883635257,4.455271883635257,4.455271883635257,4.455271883635257,4.455271883635257,4.455271883635257,4.455271883635257,4.455271883635257,4.455271883635257,4.455271883635257,4.455271883635257,4.455271883635257,4.455271883635257,4.455271883635257,4.455271883635257,4.455271883635257,4.455271883635257,4.455271883635257,4.455271883635257,4.455271883635257,4.455271883635257,4.455271883635257,4.455271883635257,4.455271883635257,4.455271883635257,4.455271883635257,4.455271883635257,4.455271883635257,4.455271883635257,4.455271883635257,4.455271883635257,4.455271883635257,4.455271883635257,4.455271883635257,4.455271883635257,4.455271883635257,4.455271883635257,4.455271883635257,4.455271883635257,4.455271883635257,4.455271883635257,4.455271883635257,4.455271883635257,4.455271883635257,4.455271883635257,4.455271883635257,4.455271883635257,4.455271883635257,4.455271883635257,4.455271883635257,4.455271883635257,4.455271883635257,4.455271883635257,4.455271883635257,4.455271883635257,4.455271883635257,4.455271883635257,4.455271883635257,4.455271883635257,4.455271883635257,4.455271883635257,4.455271883635257,4.455271883635257,4.455271883635257,4.455271883635257,4.455271883635257,4.455271883635257,4.455271883635257,4.455271883635257,4.455271883635257,4.455271883635257,4.455271883635257,4.455271883635257,4.455271883635257,4.455271883635257,4.455271883635257,4.455271883635257,4.455271883635257,4.455271883635257,4.455271883635257,4.455271883635257,4.455271883635257,4.455271883635257,4.455271883635257,4.455271883635257,4.455271883635257,4.455271883635257,4.455271883635257,4.455271883635257,4.455271883635257,4.455271883635257,4.455271883635257,4.455271883635257,4.455271883635257,4.455271883635257,4.455271883635257,4.455271883635257,4.455271883635257,4.455271883635257,4.455271883635257,4.455271883635257,4.455271883635257,4.455271883635257,4.455271883635257,4.455271883635257,4.455271883635257,4.455271883635257,4.455271883635257,4.455271883635257,4.455271883635257,4.455271883635257,4.455271883635257,4.455271883635257,4.455271883635257,4.455271883635257,4.455271883635257,4.455271883635257,4.455271883635257,4.455271883635257,4.455271883635257,4.455271883635257,4.455271883635257,4.455271883635257,4.455271883635257,4.455271883635257,4.455271883635257,4.455271883635257,4.455271883635257,4.455271883635257,4.455271883635257,4.455271883635257,4.455271883635257,4.455271883635257,4.455271883635257,4.455271883635257,4.455271883635257,4.455271883635257,4.455271883635257,4.455271883635257,4.455271883635257,4.455271883635257,4.455271883635257,4.455271883635257,4.455271883635257,4.455271883635257,4.455271883635257,4.455271883635257,4.455271883635257,4.455271883635257,4.455271883635257,4.455271883635257,4.455271883635257,4.455271883635257,4.455271883635257,4.455271883635257,4.455271883635257,4.455271883635257,4.455271883635257,4.455271883635257,4.455271883635257,4.455271883635257,4.455271883635257,4.455271883635257,4.455271883635257,4.455271883635257,4.455271883635257,4.455271883635257,4.455271883635257,4.455271883635257,4.455271883635257,4.455271883635257,4.455271883635257,4.455271883635257,4.455271883635257,4.455271883635257,4.455271883635257,4.455271883635257,4.455271883635257,4.455271883635257,4.455271883635257,4.455271883635257,4.455271883635257,4.455271883635257,4.455271883635257,4.455271883635257,4.455271883635257,4.455271883635257,4.455271883635257,4.455271883635257,4.455271883635257,4.455271883635257,4.455271883635257,4.455271883635257,4.455271883635257,4.455271883635257,4.455271883635257,4.455271883635257,4.455271883635257,4.455271883635257,4.455271883635257,4.455271883635257,4.455271883635257,4.455271883635257,4.455271883635257,4.455271883635257,4.455271883635257,4.455271883635257,4.455271883635257,4.455271883635257,4.455271883635257,4.455271883635257,4.455271883635257,4.455271883635257,4.455271883635257,4.455271883635257,4.455271883635257,4.455271883635257,4.455271883635257,4.455271883635257,4.455271883635257,4.455271883635257,4.455271883635257,4.455271883635257,4.455271883635257,4.455271883635257,4.455271883635257,4.455271883635257,4.455271883635257,4.455271883635257,4.455271883635257,4.455271883635257,4.455271883635257,4.455271883635257,4.455271883635257,4.455271883635257,4.455271883635257,4.455271883635257,4.455271883635257,4.455271883635257,4.455271883635257,4.455271883635257,4.455271883635257,4.455271883635257,4.455271883635257,4.455271883635257,4.455271883635257,4.455271883635257,4.455271883635257,4.455271883635257,4.455271883635257,4.455271883635257,4.455271883635257,4.455271883635257,4.455271883635257,4.455271883635257,4.455271883635257,4.455271883635257,4.455271883635257,4.455271883635257,4.455271883635257,4.455271883635257,4.455271883635257,4.455271883635257,4.455271883635257,4.455271883635257,4.455271883635257,4.455271883635257,4.455271883635257,4.455271883635257,4.455271883635257,4.455271883635257,4.455271883635257,4.455271883635257,4.455271883635257,4.455271883635257,4.455271883635257,4.455271883635257,4.455271883635257,4.455271883635257,4.455271883635257,4.455271883635257,4.455271883635257,4.455271883635257,4.455271883635257,4.455271883635257,4.455271883635257,4.455271883635257,4.455271883635257,4.455271883635257,4.455271883635257,4.455271883635257,4.455271883635257,4.455271883635257,4.455271883635257,4.455271883635257,4.455271883635257,4.455271883635257,4.455271883635257,4.455271883635257,4.455271883635257,4.455271883635257,4.455271883635257,4.455271883635257,4.455271883635257,4.455271883635257,4.455271883635257,4.455271883635257,4.455271883635257,4.455271883635257,4.455271883635257,4.455271883635257,4.455271883635257,4.455271883635257,4.455271883635257,4.455271883635257,4.455271883635257,4.455271883635257,4.455271883635257,4.455271883635257,4.455271883635257,4.455271883635257,4.455271883635257,4.455271883635257,4.455271883635257,4.455271883635257,4.455271883635257,4.455271883635257,4.455271883635257,4.455271883635257,4.455271883635257,4.455271883635257,4.455271883635257,4.455271883635257,4.455271883635257,4.455271883635257,4.455271883635257,4.455271883635257,4.455271883635257,4.455271883635257,4.455271883635257,4.455271883635257,4.455271883635257,4.455271883635257,4.455271883635257,4.455271883635257,4.455271883635257,4.455271883635257,4.455271883635257,4.455271883635257,4.455271883635257,4.455271883635257,4.455271883635257,4.455271883635257,4.455271883635257,4.455271883635257,4.455271883635257,4.455271883635257,4.455271883635257,4.455271883635257,4.455271883635257,4.455271883635257,4.455271883635257,4.455271883635257,4.455271883635257,4.455271883635257,4.455271883635257,4.455271883635257,4.455271883635257,4.455271883635257,4.455271883635257,4.455271883635257,4.455271883635257,4.455271883635257,4.455271883635257,4.455271883635257,4.455271883635257,4.455271883635257,4.455271883635257,4.455271883635257,4.455271883635257,4.455271883635257,4.455271883635257,4.455271883635257,4.455271883635257,4.455271883635257,4.455271883635257,4.455271883635257,4.455271883635257,4.455271883635257,4.455271883635257,4.455271883635257,4.455271883635257,4.455271883635257,4.455271883635257,4.455271883635257,4.455271883635257,4.455271883635257,4.455271883635257,4.455271883635257,4.455271883635257,4.455271883635257,4.455271883635257,4.455271883635257,4.455271883635257,4.455271883635257,4.455271883635257,4.455271883635257,4.455271883635257,4.455271883635257,4.455271883635257,4.455271883635257,4.455271883635257,4.455271883635257,4.455271883635257,4.455271883635257,4.455271883635257,4.455271883635257,4.455271883635257,4.455271883635257,4.455271883635257,4.455271883635257,4.455271883635257,4.455271883635257,4.455271883635257,4.455271883635257,4.455271883635257,4.455271883635257,4.455271883635257,4.455271883635257,4.455271883635257,4.455271883635257,4.455271883635257,4.455271883635257,4.455271883635257,4.455271883635257,4.455271883635257,4.455271883635257,4.455271883635257,4.455271883635257,4.455271883635257,4.455271883635257,4.455271883635257,4.455271883635257,4.455271883635257,4.455271883635257,4.455271883635257,4.455271883635257,4.455271883635257,4.455271883635257,4.455271883635257,4.455271883635257,4.455271883635257,4.455271883635257,4.455271883635257,4.455271883635257,4.455271883635257,4.455271883635257,4.455271883635257,4.455271883635257,4.455271883635257,4.455271883635257,4.455271883635257,4.455271883635257,4.455271883635257,4.455271883635257,4.455271883635257,4.455271883635257,4.455271883635257,4.455271883635257,4.455271883635257,4.455271883635257,4.455271883635257,4.455271883635257,4.455271883635257,4.455271883635257,4.455271883635257,4.455271883635257,4.455271883635257,4.455271883635257,4.455271883635257,4.455271883635257,4.455271883635257,4.455271883635257,4.455271883635257,4.455271883635257,4.455271883635257,4.455271883635257,4.455271883635257,4.455271883635257,4.455271883635257,4.455271883635257,4.455271883635257,4.455271883635257,4.455271883635257,4.455271883635257,4.455271883635257,4.455271883635257,4.455271883635257,4.455271883635257,4.455271883635257,4.455271883635257,4.455271883635257,4.455271883635257,4.455271883635257,4.455271883635257,4.455271883635257,4.455271883635257,4.455271883635257,4.455271883635257,4.455271883635257,4.455271883635257,4.455271883635257,4.455271883635257,4.455271883635257,4.455271883635257,4.455271883635257,4.455271883635257,4.455271883635257,4.455271883635257,4.455271883635257,4.455271883635257,4.455271883635257,4.455271883635257,4.455271883635257,4.455271883635257,4.455271883635257,4.455271883635257,4.455271883635257,4.455271883635257,4.455271883635257,4.455271883635257,4.455271883635257,4.455271883635257,4.455271883635257,4.455271883635257,4.455271883635257,4.455271883635257,4.455271883635257,4.455271883635257,4.455271883635257,4.455271883635257,4.455271883635257,4.455271883635257,4.455271883635257,4.455271883635257,4.455271883635257,4.455271883635257,4.455271883635257,4.455271883635257,4.455271883635257,4.455271883635257,4.455271883635257,4.455271883635257,4.455271883635257,4.455271883635257,4.455271883635257,4.455271883635257,4.455271883635257,4.455271883635257,4.455271883635257,4.455271883635257,4.455271883635257,4.455271883635257,4.455271883635257,4.455271883635257,4.455271883635257,4.455271883635257,4.455271883635257,4.455271883635257,4.455271883635257,4.455271883635257,4.455271883635257,4.455271883635257,4.455271883635257,4.455271883635257,4.455271883635257,4.455271883635257,4.455271883635257,4.455271883635257,4.455271883635257,4.455271883635257,4.455271883635257,4.455271883635257,4.455271883635257,4.455271883635257,4.455271883635257,4.455271883635257,4.455271883635257,4.455271883635257,4.455271883635257,4.455271883635257,4.455271883635257,4.455271883635257,4.455271883635257,4.455271883635257,4.455271883635257,4.455271883635257,4.455271883635257,4.455271883635257,4.455271883635257,4.455271883635257,4.455271883635257,4.455271883635257,4.455271883635257,4.455271883635257,4.455271883635257,6.779123939069763,6.779123939069763,6.779123939069763,6.779123939069763,6.404172954196591,6.404172954196591,6.404172954196591,6.404172954196591,6.404172954196591,6.320530573163601,6.320530573163601,6.320530573163601,6.320530573163601,6.320530573163601,6.320530573163601,6.10820032186982,6.10820032186982,6.10820032186982,6.10820032186982,5.839761750250814,5.839761750250814,5.839761750250814,5.839761750250814,5.839761750250814,5.839761750250814,5.839761750250814,5.839761750250814,5.839761750250814,5.839761750250814,5.839761750250814,5.839761750250814,5.839761750250814,5.839761750250814,5.839761750250814,5.839761750250814,5.839761750250814,5.839761750250814,5.839761750250814,5.839761750250814,5.839761750250814,5.839761750250814,5.839761750250814,5.839761750250814,5.839761750250814,5.570164000992036,5.570164000992036,5.570164000992036,5.570164000992036,5.570164000992036,5.570164000992036,5.570164000992036,5.570164000992036,5.570164000992036,5.570164000992036,5.570164000992036,5.570164000992036,5.570164000992036,5.570164000992036,5.570164000992036,5.570164000992036,5.570164000992036,5.570164000992036,5.570164000992036,5.570164000992036,5.570164000992036,5.570164000992036,5.570164000992036,5.570164000992036,5.570164000992036,5.570164000992036,5.570164000992036,5.570164000992036,5.570164000992036,5.570164000992036,5.570164000992036,5.570164000992036,5.570164000992036,5.570164000992036,5.570164000992036,5.570164000992036,5.570164000992036,5.570164000992036,5.570164000992036,5.570164000992036,5.570164000992036,5.570164000992036,5.570164000992036,5.570164000992036,5.570164000992036,5.570164000992036,5.570164000992036,5.570164000992036,5.570164000992036,5.570164000992036,5.570164000992036,5.570164000992036,5.570164000992036,5.570164000992036,5.570164000992036,5.570164000992036,5.570164000992036,5.570164000992036,5.570164000992036,5.570164000992036,5.570164000992036,5.570164000992036,5.570164000992036,5.570164000992036,5.570164000992036,5.570164000992036,5.570164000992036,5.570164000992036,5.570164000992036,5.570164000992036,5.570164000992036,5.570164000992036,5.570164000992036,5.570164000992036,5.570164000992036,5.570164000992036,5.570164000992036,5.570164000992036,5.570164000992036,5.570164000992036,5.570164000992036,5.570164000992036,5.570164000992036,5.570164000992036,5.570164000992036,5.570164000992036,5.570164000992036,5.570164000992036,5.570164000992036,5.570164000992036,5.570164000992036,5.570164000992036,5.570164000992036,5.570164000992036,5.570164000992036,5.570164000992036,5.570164000992036,5.570164000992036,5.570164000992036,5.570164000992036,5.570164000992036,5.570164000992036,5.570164000992036,5.570164000992036,5.570164000992036,5.570164000992036,5.570164000992036,5.570164000992036,5.570164000992036,5.570164000992036,5.570164000992036,5.570164000992036,5.570164000992036,5.570164000992036,5.570164000992036,5.570164000992036,5.570164000992036,5.570164000992036,5.570164000992036,5.570164000992036,5.570164000992036,5.570164000992036,5.570164000992036,5.570164000992036,5.570164000992036,5.570164000992036,5.570164000992036,5.570164000992036,5.570164000992036,5.570164000992036,5.570164000992036,5.570164000992036,5.570164000992036,5.570164000992036,5.570164000992036,5.570164000992036,5.570164000992036,5.570164000992036,5.570164000992036,5.570164000992036,5.570164000992036,5.570164000992036,5.570164000992036,5.570164000992036,5.570164000992036,5.570164000992036,5.570164000992036,5.570164000992036,5.570164000992036,5.570164000992036,5.570164000992036,5.570164000992036,5.570164000992036,5.570164000992036,5.570164000992036,5.570164000992036,5.570164000992036,5.570164000992036,5.570164000992036,5.570164000992036,5.570164000992036,5.570164000992036,5.570164000992036,5.570164000992036,5.570164000992036,5.570164000992036,5.570164000992036,5.570164000992036,5.570164000992036,5.570164000992036,5.570164000992036,5.570164000992036,5.570164000992036,5.570164000992036,5.570164000992036,5.570164000992036,5.570164000992036,5.570164000992036,5.570164000992036,5.570164000992036,5.570164000992036,5.570164000992036,5.570164000992036,5.570164000992036,5.570164000992036,5.570164000992036,5.570164000992036,5.570164000992036,5.570164000992036,5.570164000992036,5.506229525865094,5.319085043307937,5.319085043307937,5.319085043307937,5.218572372667772,5.132478849624544,5.132478849624544,5.132478849624544,5.132478849624544,5.132478849624544,5.047325055774399,5.047325055774399,4.990027146969096,4.990027146969096,4.990027146969096,4.983877411942353,4.983877411942353,4.983877411942353,4.983877411942353,4.983877411942353,4.983877411942353,4.983877411942353,4.983877411942353,4.983877411942353,4.983877411942353,4.983877411942353,4.983877411942353,4.983877411942353,4.983877411942353,4.983877411942353,4.983877411942353,4.983877411942353,4.983877411942353,4.983877411942353,4.983877411942353,4.983877411942353,4.983877411942353,4.983877411942353,4.983877411942353,4.983877411942353,4.983877411942353,4.983877411942353,4.983877411942353,4.983877411942353,4.983877411942353,4.983877411942353,4.983877411942353,4.983877411942353,4.983877411942353,4.983877411942353,4.983877411942353,4.983877411942353,4.983877411942353,4.983877411942353,4.983877411942353,4.983877411942353,4.983877411942353,4.983877411942353,4.983877411942353,4.983877411942353,4.983877411942353,4.983877411942353,4.983877411942353,4.983877411942353,4.983877411942353,4.983877411942353,4.983877411942353,4.983877411942353,4.983877411942353,4.983877411942353,4.983877411942353,4.983877411942353,4.983877411942353,4.983877411942353,4.983877411942353,4.983877411942353,4.983877411942353,4.983877411942353,4.983877411942353,4.983877411942353,4.983877411942353,4.983877411942353,4.983877411942353,4.983877411942353,4.983877411942353,4.983877411942353,4.983877411942353,4.983877411942353,4.983877411942353,4.983877411942353,4.983877411942353,4.983877411942353,4.983877411942353,4.983877411942353,4.983877411942353,4.983877411942353,4.983877411942353,4.983877411942353,4.983877411942353,4.983877411942353,4.983877411942353,4.983877411942353,4.983877411942353,4.983877411942353,4.983877411942353,4.983877411942353,4.983877411942353,4.983877411942353,4.983877411942353,4.983877411942353,4.983877411942353,4.983877411942353,4.983877411942353,4.983877411942353,4.983877411942353,4.983877411942353,4.983877411942353,4.983877411942353,4.983877411942353,4.983877411942353,4.983877411942353,4.983877411942353,4.983877411942353,4.983877411942353,4.983877411942353,4.983877411942353,4.983877411942353,4.983877411942353,4.983877411942353,4.983877411942353,4.983877411942353,4.983877411942353,4.983877411942353,4.983877411942353,4.983877411942353,4.983877411942353,4.983877411942353,4.983877411942353,4.983877411942353,4.983877411942353,4.983877411942353,4.983877411942353,4.983877411942353,4.983877411942353,4.983877411942353,4.983877411942353,4.983877411942353,4.983877411942353,4.983877411942353,4.983877411942353,4.786634053389432,4.180845391287669,3.7776992049946125,3.7776992049946125,3.7776992049946125,3.7776992049946125,3.7776992049946125,3.7776992049946125,3.7776992049946125,3.7776992049946125,3.7776992049946125,3.7776992049946125,3.7776992049946125,3.7776992049946125,3.7776992049946125,3.7776992049946125,3.7776992049946125,3.7776992049946125,3.7776992049946125,3.7776992049946125,3.7776992049946125,3.7776992049946125,3.7776992049946125,3.7776992049946125,3.7776992049946125,3.7776992049946125,3.7776992049946125,3.7776992049946125,3.7776992049946125,3.7776992049946125,3.7776992049946125,3.7776992049946125,3.7776992049946125,3.7776992049946125,3.7776992049946125,3.7776992049946125,3.7776992049946125,3.7776992049946125,3.7776992049946125,3.6191984246489675,3.6191984246489675,3.6191984246489675,3.6191984246489675,3.6191984246489675,3.6191984246489675,3.6191984246489675,3.6191984246489675,3.6191984246489675,3.6191984246489675,3.6191984246489675,3.618412261964485,3.618412261964485,3.618412261964485,3.618412261964485,3.618412261964485,3.618412261964485,3.618412261964485,3.618412261964485,3.618412261964485,3.618412261964485,3.618412261964485,3.618412261964485,3.618412261964485,3.618412261964485,3.618412261964485,3.618412261964485,3.618412261964485,3.618412261964485,3.618412261964485,3.618412261964485,3.618412261964485,3.618412261964485,3.618412261964485,3.618412261964485,3.618412261964485,3.618412261964485,3.618412261964485,3.618412261964485,3.618412261964485,3.618412261964485,3.618412261964485,3.618412261964485,3.618412261964485,3.618412261964485,3.618412261964485,3.618412261964485,3.618412261964485,3.618412261964485,3.618412261964485,3.618412261964485,3.618412261964485,3.618412261964485,3.618412261964485,3.618412261964485,3.618412261964485,3.618412261964485,3.618412261964485,3.618412261964485,3.618412261964485,3.618412261964485,3.618412261964485,3.618412261964485,3.618412261964485,3.618412261964485,3.618412261964485,3.618412261964485,3.618412261964485,3.618412261964485,3.618412261964485,3.618412261964485,3.618412261964485,3.618412261964485,3.618412261964485,3.618412261964485,3.618412261964485,3.618412261964485,3.618412261964485,3.618412261964485,3.618412261964485,3.618412261964485,3.618412261964485,3.618412261964485,3.618412261964485,3.618412261964485,3.618412261964485,3.618412261964485,3.618412261964485,3.618412261964485,3.618412261964485,3.618412261964485,3.618412261964485,3.618412261964485,3.618412261964485,3.618412261964485,3.618412261964485,3.618412261964485,3.618412261964485,3.618412261964485,3.618412261964485,3.618412261964485,3.618412261964485,3.618412261964485,3.618412261964485,3.618412261964485,3.618412261964485,3.618412261964485,3.618412261964485,3.618412261964485,3.618412261964485,3.618412261964485,3.618412261964485,3.618412261964485,3.618412261964485,3.618412261964485,3.618412261964485,3.618412261964485,3.618412261964485,3.618412261964485,3.618412261964485,3.618412261964485,3.618412261964485,3.618412261964485,3.618412261964485,3.618412261964485,3.618412261964485,3.618412261964485,3.618412261964485,3.618412261964485,3.618412261964485,3.618412261964485,3.618412261964485,3.618412261964485,3.618412261964485,3.618412261964485,3.618412261964485,3.618412261964485,3.618412261964485,3.618412261964485,3.618412261964485,3.618412261964485,3.618412261964485,3.618412261964485,3.618412261964485,3.618412261964485,3.618412261964485,3.618412261964485,3.618412261964485,3.618412261964485,3.618412261964485,3.618412261964485,3.618412261964485,3.618412261964485,3.618412261964485,3.618412261964485,3.618412261964485,3.618412261964485,3.618412261964485,3.618412261964485,3.618412261964485,3.618412261964485,3.618412261964485,3.618412261964485,3.618412261964485,3.618412261964485,3.618412261964485,3.618412261964485,3.618412261964485,3.618412261964485,3.618412261964485,3.618412261964485,3.618412261964485,3.618412261964485,3.618412261964485,3.618412261964485,3.618412261964485,3.618412261964485,3.618412261964485,3.618412261964485,3.618412261964485,3.618412261964485,3.618412261964485,3.618412261964485,3.618412261964485,3.618412261964485,3.618412261964485,3.618412261964485,3.618412261964485,3.618412261964485,3.618412261964485,3.618412261964485,3.618412261964485,3.618412261964485,3.618412261964485,3.618412261964485,3.618412261964485,3.618412261964485,3.618412261964485,3.618412261964485,3.618412261964485,3.618412261964485,3.618412261964485,3.618412261964485,3.618412261964485,3.618412261964485,3.618412261964485,3.618412261964485,3.618412261964485,3.618412261964485,3.618412261964485,3.618412261964485,3.618412261964485,3.618412261964485,3.618412261964485,3.618412261964485,3.618412261964485,3.618412261964485,3.618412261964485,3.618412261964485,3.618412261964485,3.618412261964485,3.618412261964485,3.618412261964485,3.618412261964485,3.618412261964485,3.618412261964485,3.618412261964485,3.618412261964485,3.618412261964485,3.618412261964485,3.618412261964485,3.618412261964485,3.618412261964485,3.618412261964485,3.618412261964485,3.618412261964485,3.618412261964485,3.618412261964485,3.618412261964485,3.618412261964485,3.618412261964485,3.618412261964485,3.618412261964485,3.618412261964485,3.618412261964485,3.618412261964485,3.618412261964485,3.618412261964485,3.618412261964485,3.618412261964485,3.618412261964485,3.618412261964485,3.618412261964485,3.618412261964485,3.618412261964485,3.618412261964485,3.618412261964485,3.618412261964485,3.618412261964485,3.618412261964485,3.618412261964485,3.618412261964485,3.618412261964485,3.618412261964485,3.618412261964485,3.618412261964485,3.618412261964485,3.618412261964485,3.618412261964485,3.618412261964485,3.618412261964485,3.618412261964485,3.618412261964485,3.618412261964485,3.618412261964485,3.618412261964485,3.618412261964485,3.618412261964485,3.618412261964485,3.618412261964485,3.618412261964485,3.618412261964485,3.618412261964485,3.618412261964485,3.618412261964485,3.618412261964485,3.618412261964485,3.618412261964485,3.618412261964485,3.618412261964485,3.618412261964485,3.618412261964485,3.618412261964485,3.618412261964485,3.618412261964485,3.618412261964485,3.618412261964485,3.618412261964485,3.618412261964485,3.618412261964485,3.618412261964485,3.618412261964485,3.618412261964485,3.618412261964485,3.618412261964485,3.618412261964485,3.618412261964485,3.618412261964485,3.618412261964485,3.618412261964485,3.618412261964485,3.618412261964485,3.618412261964485,3.618412261964485,3.618412261964485,3.618412261964485,3.618412261964485,3.618412261964485,3.618412261964485,3.618412261964485,3.618412261964485,3.618412261964485,3.618412261964485,3.618412261964485,3.618412261964485,3.618412261964485,3.618412261964485,3.618412261964485,3.618412261964485,3.618412261964485,3.618412261964485,3.618412261964485,3.618412261964485,3.618412261964485,3.618412261964485,3.618412261964485,3.618412261964485,3.618412261964485,3.618412261964485,3.618412261964485,3.618412261964485,3.618412261964485,3.618412261964485,3.618412261964485,3.618412261964485,3.618412261964485,3.618412261964485,3.618412261964485,3.618412261964485,3.618412261964485,3.618412261964485,3.618412261964485,3.618412261964485,3.618412261964485,3.618412261964485,3.618412261964485,3.618412261964485,3.618412261964485,3.618412261964485,3.618412261964485,3.618412261964485,3.618412261964485,3.618412261964485,3.618412261964485,3.618412261964485,3.618412261964485,3.618412261964485,3.618412261964485,3.618412261964485,3.618412261964485,3.618412261964485,3.618412261964485,3.618412261964485,3.618412261964485,3.618412261964485,3.618412261964485,3.618412261964485,3.618412261964485,3.618412261964485,3.618412261964485,3.618412261964485,3.618412261964485,3.618412261964485,3.618412261964485,3.618412261964485,3.618412261964485,3.618412261964485,3.618412261964485,3.618412261964485,3.618412261964485,3.618412261964485,3.618412261964485,3.618412261964485,3.618412261964485,3.618412261964485,3.618412261964485,3.618412261964485,3.618412261964485,3.618412261964485,3.618412261964485,3.618412261964485,3.618412261964485,3.618412261964485,3.618412261964485,3.618412261964485,3.618412261964485,3.618412261964485,3.618412261964485,3.618412261964485,3.618412261964485,3.618412261964485,3.618412261964485,3.618412261964485,3.618412261964485,3.618412261964485,3.618412261964485,3.618412261964485,3.618412261964485,3.618412261964485,3.618412261964485,3.618412261964485,3.618412261964485,3.618412261964485,3.618412261964485,3.618412261964485,3.618412261964485,3.618412261964485,3.618412261964485,3.618412261964485,3.618412261964485,3.618412261964485,3.618412261964485,3.618412261964485,3.618412261964485,3.618412261964485,3.618412261964485,3.618412261964485,3.618412261964485,3.618412261964485,3.618412261964485,3.618412261964485,3.618412261964485,3.618412261964485,3.618412261964485,3.618412261964485,3.618412261964485,3.618412261964485,3.618412261964485,3.618412261964485,3.618412261964485,3.618412261964485,3.618412261964485,3.618412261964485,3.618412261964485,3.618412261964485,3.618412261964485,3.618412261964485,3.618412261964485,3.618412261964485,3.618412261964485,3.618412261964485,3.618412261964485,3.618412261964485,3.618412261964485,3.618412261964485,3.618412261964485,3.618412261964485,3.618412261964485,3.618412261964485,3.618412261964485,3.618412261964485,3.618412261964485,3.618412261964485,3.618412261964485,3.618412261964485,3.618412261964485,3.618412261964485,3.618412261964485,3.618412261964485,3.618412261964485,3.618412261964485,3.618412261964485,3.618412261964485,3.618412261964485,3.618412261964485,3.618412261964485,3.618412261964485,3.618412261964485,3.618412261964485,3.618412261964485,3.618412261964485,3.618412261964485,3.618412261964485,3.618412261964485,3.618412261964485,3.618412261964485,3.618412261964485,3.618412261964485,3.618412261964485,3.618412261964485,3.618412261964485,3.618412261964485,3.618412261964485,3.618412261964485,3.618412261964485,3.618412261964485,3.618412261964485,3.618412261964485,3.618412261964485,3.618412261964485,3.618412261964485,3.618412261964485,3.618412261964485,3.618412261964485,3.618412261964485,3.618412261964485,3.618412261964485,3.618412261964485,3.618412261964485,3.618412261964485,3.618412261964485,3.618412261964485,3.618412261964485,3.618412261964485,3.618412261964485,3.618412261964485,3.618412261964485,3.618412261964485,3.618412261964485,3.618412261964485,3.618412261964485,3.618412261964485,3.618412261964485,3.618412261964485,3.618412261964485,3.618412261964485,3.618412261964485,3.618412261964485,3.618412261964485,3.618412261964485,3.618412261964485,3.618412261964485,3.618412261964485,3.618412261964485,3.618412261964485,3.618412261964485,3.618412261964485,3.618412261964485,3.618412261964485,3.618412261964485,3.618412261964485,3.618412261964485,3.618412261964485,3.618412261964485,3.618412261964485,3.618412261964485,3.618412261964485,3.618412261964485,3.618412261964485,3.618412261964485,3.618412261964485,3.618412261964485,3.618412261964485,3.618412261964485,3.618412261964485,3.618412261964485,3.618412261964485,3.618412261964485,3.618412261964485,3.618412261964485,3.618412261964485,3.618412261964485,3.618412261964485,3.618412261964485,3.618412261964485,3.618412261964485,3.618412261964485,7.346978522191938,7.346978522191938,6.6620830906952175,6.6620830906952175,5.93456504677461,5.93456504677461,5.93456504677461,5.93456504677461,5.93456504677461,5.93456504677461,5.93456504677461,5.93456504677461,5.93456504677461,5.93456504677461,5.93456504677461,5.93456504677461,5.93456504677461,5.93456504677461,5.93456504677461,5.93456504677461,5.93456504677461,5.93456504677461,5.93456504677461,5.93456504677461,5.93456504677461,5.93456504677461,5.93456504677461,5.93456504677461,5.93456504677461,5.93456504677461,5.93456504677461,5.93456504677461,5.93456504677461,5.93456504677461,5.93456504677461,5.93456504677461,5.93456504677461,5.93456504677461,5.93456504677461,5.93456504677461,5.93456504677461,5.93456504677461,5.93456504677461,5.93456504677461,5.93456504677461,5.93456504677461,5.93456504677461,5.93456504677461,5.93456504677461,5.93456504677461,5.93456504677461,5.93456504677461,5.93456504677461,5.93456504677461,5.93456504677461,5.93456504677461,5.93456504677461,5.93456504677461,5.93456504677461,5.93456504677461,5.93456504677461,5.93456504677461,5.93456504677461,5.93456504677461,5.93456504677461,5.93456504677461,5.93456504677461,5.93456504677461,5.93456504677461,5.93456504677461,5.93456504677461,5.93456504677461,5.93456504677461,5.93456504677461,5.74516428380012,5.74516428380012,5.74516428380012,5.74516428380012,5.74516428380012,5.74516428380012,5.74516428380012,5.74516428380012,5.74516428380012,5.74516428380012,5.74516428380012,5.74516428380012,5.74516428380012,5.74516428380012,5.74516428380012,5.74516428380012,5.74516428380012,5.74516428380012,5.74516428380012,5.74516428380012,5.74516428380012,5.74516428380012,5.74516428380012,5.74516428380012,5.74516428380012,5.74516428380012,5.74516428380012,5.74516428380012,5.74516428380012,5.74516428380012,5.74516428380012,5.74516428380012,5.74516428380012,5.74516428380012,5.74516428380012,5.74516428380012,5.74516428380012,5.74516428380012,5.74516428380012,5.74516428380012,5.74516428380012,4.693142440717169,4.693142440717169,4.693142440717169,4.693142440717169,4.693142440717169,4.693142440717169,4.693142440717169,4.693142440717169,4.693142440717169,4.693142440717169,4.693142440717169,4.693142440717169,4.693142440717169,4.693142440717169,4.693142440717169,4.693142440717169,4.693142440717169,4.693142440717169,4.693142440717169,4.693142440717169,4.693142440717169,4.693142440717169,4.693142440717169,4.693142440717169,4.693142440717169,4.693142440717169,4.693142440717169,4.693142440717169,4.693142440717169,4.693142440717169,4.693142440717169,4.693142440717169,4.693142440717169,4.693142440717169,4.693142440717169,4.693142440717169,4.693142440717169,4.693142440717169,4.693142440717169,4.693142440717169,4.693142440717169,4.693142440717169,4.693142440717169,4.693142440717169,4.693142440717169,4.693142440717169,4.693142440717169,4.693142440717169,4.693142440717169,4.693142440717169,4.693142440717169,4.693142440717169,4.693142440717169,4.693142440717169,4.693142440717169,4.693142440717169,4.693142440717169,4.693142440717169,4.693142440717169,4.693142440717169,4.693142440717169,4.693142440717169,4.693142440717169,4.693142440717169,4.693142440717169,4.693142440717169,4.693142440717169,4.693142440717169,4.693142440717169,4.693142440717169,3.9897278678796555,3.9897278678796555,3.5756498678036444,3.5756498678036444,3.5756498678036444,3.5756498678036444,3.5756498678036444,3.5756498678036444,3.5756498678036444,3.5756498678036444,3.5756498678036444,3.5756498678036444,3.5756498678036444,3.5756498678036444,3.5756498678036444,3.5756498678036444,3.5756498678036444,3.5756498678036444,3.5756498678036444,3.5756498678036444,3.5756498678036444,3.5756498678036444,3.5756498678036444,3.5756498678036444,3.5756498678036444,3.5756498678036444,3.5756498678036444,3.5756498678036444,3.5756498678036444,3.5756498678036444,3.5756498678036444,3.5756498678036444,3.5756498678036444,3.5756498678036444,3.5756498678036444,3.5756498678036444,3.5756498678036444,3.5756498678036444,3.5756498678036444,3.5756498678036444,3.5756498678036444,3.5756498678036444,3.5756498678036444,3.5756498678036444,3.5756498678036444,3.5756498678036444,3.5756498678036444,3.5756498678036444,3.5756498678036444,3.5756498678036444,3.5756498678036444,3.5756498678036444,3.5756498678036444,3.5756498678036444,3.5756498678036444,3.5756498678036444,3.5756498678036444,3.5756498678036444,3.5756498678036444,3.5756498678036444,3.5756498678036444,3.5756498678036444,3.5756498678036444,3.5756498678036444,3.5756498678036444,3.5756498678036444,3.5756498678036444,3.5756498678036444,3.5756498678036444,3.5756498678036444,3.5756498678036444,3.5756498678036444,3.5756498678036444,3.5756498678036444,3.5756498678036444,3.5756498678036444,3.5756498678036444,3.5756498678036444,3.5756498678036444,3.5756498678036444,3.5756498678036444,3.5756498678036444,3.5756498678036444,3.5756498678036444,3.5756498678036444,3.5756498678036444,3.5756498678036444,3.5756498678036444,3.5756498678036444,3.5756498678036444,3.5756498678036444,3.5756498678036444,3.5756498678036444,3.5756498678036444,3.5756498678036444,3.5756498678036444,3.5756498678036444,3.5756498678036444,3.5756498678036444,3.5756498678036444,3.5756498678036444,3.5756498678036444,3.5756498678036444,3.5756498678036444,3.5756498678036444,3.5756498678036444,3.5756498678036444,3.5756498678036444,3.5756498678036444,3.5756498678036444,3.5756498678036444,3.5756498678036444,3.5756498678036444,3.5756498678036444,3.5756498678036444,3.5756498678036444,3.5756498678036444,3.5756498678036444,3.5756498678036444,3.5756498678036444,3.5756498678036444,3.5756498678036444,3.5756498678036444,3.5756498678036444,3.5756498678036444,3.5756498678036444,3.5756498678036444,3.5756498678036444,3.5756498678036444,3.5756498678036444,3.5756498678036444,3.5756498678036444,3.5756498678036444,3.5756498678036444,3.5756498678036444,3.5756498678036444,3.5756498678036444,3.5756498678036444,3.5756498678036444,3.5756498678036444,3.5756498678036444,3.5756498678036444,3.5756498678036444,3.5756498678036444,3.5756498678036444,3.5756498678036444,3.5756498678036444,3.5756498678036444,3.5756498678036444,3.5756498678036444,3.5756498678036444,3.5756498678036444,3.5756498678036444,3.5756498678036444,3.5756498678036444,3.5756498678036444,3.5756498678036444,3.5756498678036444,3.5756498678036444,3.5756498678036444,3.5756498678036444,3.5756498678036444,3.5756498678036444,3.5756498678036444,3.5756498678036444,1.552962300131665,1.552962300131665,1.552962300131665,1.552962300131665,1.552962300131665,1.552962300131665,1.552962300131665,1.552962300131665,1.552962300131665,1.552962300131665,1.552962300131665,1.552962300131665,1.552962300131665,1.552962300131665,1.552962300131665,1.552962300131665,1.552962300131665,1.552962300131665,1.552962300131665,1.552962300131665,1.552962300131665,1.552962300131665,1.552962300131665,1.552962300131665,1.552962300131665,1.552962300131665,1.552962300131665,1.552962300131665,1.552962300131665,1.552962300131665,1.552962300131665,1.552962300131665,1.552962300131665,1.552962300131665,1.552962300131665,1.552962300131665,1.552962300131665,1.552962300131665,1.552962300131665,1.552962300131665,1.552962300131665,1.552962300131665,1.552962300131665,1.552962300131665,1.552962300131665,1.552962300131665,1.552962300131665,1.552962300131665,1.552962300131665,1.552962300131665,1.552962300131665,1.552962300131665,1.552962300131665,1.552962300131665,1.552962300131665,1.552962300131665,1.552962300131665,1.552962300131665,1.552962300131665,1.552962300131665,1.552962300131665,1.552962300131665,1.552962300131665,1.552962300131665,1.552962300131665,1.552962300131665,1.552962300131665,1.552962300131665,1.552962300131665,1.552962300131665,1.552962300131665,1.552962300131665,1.552962300131665,1.552962300131665,1.552962300131665,1.552962300131665,1.552962300131665,1.552962300131665,1.552962300131665,1.552962300131665,1.552962300131665,1.552962300131665,1.552962300131665,1.552962300131665,1.552962300131665,1.552962300131665,1.552962300131665,1.552962300131665,1.552962300131665,1.552962300131665,1.552962300131665,1.552962300131665,1.552962300131665,1.552962300131665,1.552962300131665,1.552962300131665,1.552962300131665,1.552962300131665,1.552962300131665,1.552962300131665,1.552962300131665,1.552962300131665,1.552962300131665,1.552962300131665,1.552962300131665,1.552962300131665,1.552962300131665,1.552962300131665,1.552962300131665,1.552962300131665,1.552962300131665,1.552962300131665,1.552962300131665,1.552962300131665,1.552962300131665,1.552962300131665,1.552962300131665,1.552962300131665,1.552962300131665,1.552962300131665,1.552962300131665,1.552962300131665,1.552962300131665,1.552962300131665,1.552962300131665,1.552962300131665,1.552962300131665,1.552962300131665,1.552962300131665,1.552962300131665,1.552962300131665,1.552962300131665,1.552962300131665,1.552962300131665,1.552962300131665,1.552962300131665,1.552962300131665,1.552962300131665,1.552962300131665,1.552962300131665,1.552962300131665,1.552962300131665,1.552962300131665,1.552962300131665,1.552962300131665,1.552962300131665,1.552962300131665,1.552962300131665,1.552962300131665,1.552962300131665,1.552962300131665,1.552962300131665,1.552962300131665,1.552962300131665,1.552962300131665,1.552962300131665,1.552962300131665,1.552962300131665,1.552962300131665,1.552962300131665,1.552962300131665,1.552962300131665,1.552962300131665,1.552962300131665,1.552962300131665,1.552962300131665,1.552962300131665,1.552962300131665,1.552962300131665,1.552962300131665,1.552962300131665,1.552962300131665,1.552962300131665,1.552962300131665,1.552962300131665,1.552962300131665,1.552962300131665,1.552962300131665,1.552962300131665,1.552962300131665,1.552962300131665,1.552962300131665,1.552962300131665,1.552962300131665,1.552962300131665,1.552962300131665,1.552962300131665,1.552962300131665,1.552962300131665,1.552962300131665,1.552962300131665,1.552962300131665,1.552962300131665,1.552962300131665,1.552962300131665,1.552962300131665,1.552962300131665,1.552962300131665,1.552962300131665,1.552962300131665,1.552962300131665,1.552962300131665,1.552962300131665,1.552962300131665,1.552962300131665,1.552962300131665,1.552962300131665,1.552962300131665,1.552962300131665,1.552962300131665,1.552962300131665,1.552962300131665,1.552962300131665,1.552962300131665,1.552962300131665,1.552962300131665,1.552962300131665,1.552962300131665,1.552962300131665,1.552962300131665,1.552962300131665,1.552962300131665,1.552962300131665,1.552962300131665,1.552962300131665,1.552962300131665,1.552962300131665,1.552962300131665,1.552962300131665,1.552962300131665,1.552962300131665,1.552962300131665,1.552962300131665,1.552962300131665,1.552962300131665,1.552962300131665,1.552962300131665,1.552962300131665,1.552962300131665,1.552962300131665,1.552962300131665,1.552962300131665,1.552962300131665,1.552962300131665,1.552962300131665,1.552962300131665,1.552962300131665,1.552962300131665,1.552962300131665,1.552962300131665,1.552962300131665,1.552962300131665,1.552962300131665,1.552962300131665,1.552962300131665,1.552962300131665,1.552962300131665,1.552962300131665,1.552962300131665,1.552962300131665,1.552962300131665,1.552962300131665,1.552962300131665,1.552962300131665,1.552962300131665,1.552962300131665,1.552962300131665,1.552962300131665,1.552962300131665,1.552962300131665,1.552962300131665,1.552962300131665,1.552962300131665,1.552962300131665,1.552962300131665,1.552962300131665,1.552962300131665,1.552962300131665,1.552962300131665,1.552962300131665,1.552962300131665,1.552962300131665,1.552962300131665,1.552962300131665,1.552962300131665,1.552962300131665,1.552962300131665,1.552962300131665,1.552962300131665,1.552962300131665,1.552962300131665,1.552962300131665,1.552962300131665,1.552962300131665,1.552962300131665,1.552962300131665,1.552962300131665,1.552962300131665,1.552962300131665,1.552962300131665,1.552962300131665,1.552962300131665,1.552962300131665,1.552962300131665,1.552962300131665,1.552962300131665,1.552962300131665,1.552962300131665,1.552962300131665,1.552962300131665,1.552962300131665,1.552962300131665,1.552962300131665,1.552962300131665,1.552962300131665,1.552962300131665,1.552962300131665,1.552962300131665,1.552962300131665,1.552962300131665,1.552962300131665,1.552962300131665,1.552962300131665,1.552962300131665,1.552962300131665,1.552962300131665,1.552962300131665,1.552962300131665,1.552962300131665,1.552962300131665,1.552962300131665,1.552962300131665,1.552962300131665,1.552962300131665,1.552962300131665,1.552962300131665,1.552962300131665,1.552962300131665,1.552962300131665,1.552962300131665,1.552962300131665,1.552962300131665,1.552962300131665,1.552962300131665,1.552962300131665,1.552962300131665,1.552962300131665,1.552962300131665,1.552962300131665,1.552962300131665,1.552962300131665,1.552962300131665,1.552962300131665,1.552962300131665,1.552962300131665,1.552962300131665,1.552962300131665,1.552962300131665,1.552962300131665,1.552962300131665,1.552962300131665,1.552962300131665,1.552962300131665,1.552962300131665,1.552962300131665,1.552962300131665,1.552962300131665,1.552962300131665,1.552962300131665,1.552962300131665,1.552962300131665,1.552962300131665,1.552962300131665,1.552962300131665,1.552962300131665,1.552962300131665,1.552962300131665,1.552962300131665,1.552962300131665,1.552962300131665,1.552962300131665,1.552962300131665,1.552962300131665,1.552962300131665,1.552962300131665,1.552962300131665,1.552962300131665,1.552962300131665,1.552962300131665,1.552962300131665,1.552962300131665,1.552962300131665,1.552962300131665,1.552962300131665,1.552962300131665,1.552962300131665,1.552962300131665,1.552962300131665,1.552962300131665,1.552962300131665,1.552962300131665,1.552962300131665,1.552962300131665,1.552962300131665,1.552962300131665,1.552962300131665,1.552962300131665,1.552962300131665,1.552962300131665,1.552962300131665,1.552962300131665,1.552962300131665,1.552962300131665,1.552962300131665,1.552962300131665,1.552962300131665,1.552962300131665,1.552962300131665,1.552962300131665,1.552962300131665,1.552962300131665,1.552962300131665,1.552962300131665,1.552962300131665,1.552962300131665,1.552962300131665,1.552962300131665,1.552962300131665,1.552962300131665,1.552962300131665,1.552962300131665,1.552962300131665,1.552962300131665,1.552962300131665,1.552962300131665,1.552962300131665,1.552962300131665,1.552962300131665,1.552962300131665,1.552962300131665,1.552962300131665,1.552962300131665,1.552962300131665,1.552962300131665,1.552962300131665,1.552962300131665,1.552962300131665,1.552962300131665,1.552962300131665,1.552962300131665,1.552962300131665,1.552962300131665,1.552962300131665,1.552962300131665,1.552962300131665,1.552962300131665,1.552962300131665,1.552962300131665,1.552962300131665,1.552962300131665,1.552962300131665,1.552962300131665,1.552962300131665,1.552962300131665,1.552962300131665,1.552962300131665,1.552962300131665,1.552962300131665,1.552962300131665,1.552962300131665,1.552962300131665,1.552962300131665,1.552962300131665,1.552962300131665,1.552962300131665,1.552962300131665,1.552962300131665,1.552962300131665,1.552962300131665,1.552962300131665,1.552962300131665,1.552962300131665,1.552962300131665,1.552962300131665,1.552962300131665,1.552962300131665,1.552962300131665,1.552962300131665,1.552962300131665,1.552962300131665,1.552962300131665,1.552962300131665,1.552962300131665,1.552962300131665,1.552962300131665,1.552962300131665,1.552962300131665,1.552962300131665,1.552962300131665,1.552962300131665,1.552962300131665,1.552962300131665,1.552962300131665,1.552962300131665,1.552962300131665,1.552962300131665,1.552962300131665,1.552962300131665,1.552962300131665,1.552962300131665,1.552962300131665,1.552962300131665,1.552962300131665,1.552962300131665,1.552962300131665,1.552962300131665,1.552962300131665,1.552962300131665,1.552962300131665,1.552962300131665,1.552962300131665,1.552962300131665,1.552962300131665,1.552962300131665,1.552962300131665,1.552962300131665,1.552962300131665,1.552962300131665,1.552962300131665,1.552962300131665,1.552962300131665,1.552962300131665,1.552962300131665,1.552962300131665,1.552962300131665,1.552962300131665,1.552962300131665,1.552962300131665,1.552962300131665,1.552962300131665,1.552962300131665,1.552962300131665,1.552962300131665,1.552962300131665,1.552962300131665,1.552962300131665,1.552962300131665,1.552962300131665,1.552962300131665,1.552962300131665,1.552962300131665,1.552962300131665,1.552962300131665,1.552962300131665,1.552962300131665,1.552962300131665,1.552962300131665,1.552962300131665,1.552962300131665,1.552962300131665,1.552962300131665,1.552962300131665,1.552962300131665,1.552962300131665,1.552962300131665,1.552962300131665,1.552962300131665,1.552962300131665,1.552962300131665,1.552962300131665,1.552962300131665,1.552962300131665,1.552962300131665,1.552962300131665,1.552962300131665,1.552962300131665,1.552962300131665,1.552962300131665,1.552962300131665,1.552962300131665,1.552962300131665,1.552962300131665,1.552962300131665,1.552962300131665,1.552962300131665,1.552962300131665,1.552962300131665,1.552962300131665,1.552962300131665,1.552962300131665,1.552962300131665,1.552962300131665,1.552962300131665,1.552962300131665,1.552962300131665,1.552962300131665,1.552962300131665,1.552962300131665,1.552962300131665,1.552962300131665,1.552962300131665,1.552962300131665,1.552962300131665,1.552962300131665,1.552962300131665,1.552962300131665,1.552962300131665,1.552962300131665,1.552962300131665,1.552962300131665,1.552962300131665,1.552962300131665,1.552962300131665,1.552962300131665,1.552962300131665,1.552962300131665,1.552962300131665,1.552962300131665,1.552962300131665,1.552962300131665,1.552962300131665,1.552962300131665,1.552962300131665,1.552962300131665,1.552962300131665,1.552962300131665,1.552962300131665,1.552962300131665,1.552962300131665,1.552962300131665,1.552962300131665,1.552962300131665,1.552962300131665,1.552962300131665,1.552962300131665,1.552962300131665,1.552962300131665,1.552962300131665,1.552962300131665,1.552962300131665,1.552962300131665,1.552962300131665,1.552962300131665,1.552962300131665,1.552962300131665,1.552962300131665,1.552962300131665,1.552962300131665,1.552962300131665,1.552962300131665,8.831382554954557,8.831382554954557,8.662480293037053,8.662480293037053,7.799079685792789,7.799079685792789,7.796772789413779,7.796772789413779,7.796772789413779,7.796772789413779,7.796772789413779,7.796772789413779,7.796772789413779,7.796772789413779,7.796772789413779,7.796772789413779,7.796772789413779,7.796772789413779,7.796772789413779,7.796772789413779,7.796772789413779,7.796772789413779,7.796772789413779,7.796772789413779,7.760680027869065,7.760680027869065,7.760680027869065,7.760680027869065,7.760680027869065,7.760680027869065,7.760680027869065,7.760680027869065,7.760680027869065,7.760680027869065,7.760680027869065,7.760680027869065,7.760680027869065,7.760680027869065,7.760680027869065,7.760680027869065,7.760680027869065,7.760680027869065,7.760680027869065,7.760680027869065,7.760680027869065,7.760680027869065,7.760680027869065,7.760680027869065,7.760680027869065,7.760680027869065,7.760680027869065,7.760680027869065,7.760680027869065,7.760680027869065,7.760680027869065,7.760680027869065,7.760680027869065,7.760680027869065,7.760680027869065,7.760680027869065,7.760680027869065,7.760680027869065,7.760680027869065,7.40583183320115,7.40583183320115,7.40583183320115,7.40583183320115,7.40583183320115,7.40583183320115,7.40583183320115,7.40583183320115,7.40583183320115,7.40583183320115,7.40583183320115,7.40583183320115,7.40583183320115,7.40583183320115,7.40583183320115,7.40583183320115,7.40583183320115,7.40583183320115,7.40583183320115,7.40583183320115,7.40583183320115,7.40583183320115,7.40583183320115,7.40583183320115,7.40583183320115,7.40583183320115,7.40583183320115,7.40583183320115,7.40583183320115,7.40583183320115,7.40583183320115,7.40583183320115,7.40583183320115,7.40583183320115,7.40583183320115,7.40583183320115,7.40583183320115,7.40583183320115,7.40583183320115,7.40583183320115,7.40583183320115,7.40583183320115,7.40583183320115,7.40583183320115,7.40583183320115,7.40583183320115,7.40583183320115,7.40583183320115,7.40583183320115,7.40583183320115,7.40583183320115,7.40583183320115,7.40583183320115,6.202500181655458,6.202500181655458,5.696148410584474,5.696148410584474,5.696148410584474,5.696148410584474,5.696148410584474,5.696148410584474,5.696148410584474,5.696148410584474,5.696148410584474,5.696148410584474,5.696148410584474,5.696148410584474,5.696148410584474,5.696148410584474,5.696148410584474,5.696148410584474,5.696148410584474,5.520639167428262,5.520639167428262,5.520639167428262,5.520639167428262,5.520639167428262,5.520639167428262,5.520639167428262,5.520639167428262,5.520639167428262,5.520639167428262,5.520639167428262,5.520639167428262,5.520639167428262,5.520639167428262,5.520639167428262,5.520639167428262,5.520639167428262,5.520639167428262,5.520639167428262,5.520639167428262,5.520639167428262,5.520639167428262,5.520639167428262,5.520639167428262,5.520639167428262,5.520639167428262,5.520639167428262,5.520639167428262,5.520639167428262,5.520639167428262,5.520639167428262,5.520639167428262,5.520639167428262,5.520639167428262,5.520639167428262,5.520639167428262,5.520639167428262,5.520639167428262,5.520639167428262,5.520639167428262,5.520639167428262,5.520639167428262,5.520639167428262,5.520639167428262,5.520639167428262,5.520639167428262,5.520639167428262,5.520639167428262,5.520639167428262,5.520639167428262,5.520639167428262,5.520639167428262,5.520639167428262,5.520639167428262,5.520639167428262,5.520639167428262,5.520639167428262,5.520639167428262,5.520639167428262,5.520639167428262,5.520639167428262,5.520639167428262,5.520639167428262,5.520639167428262,5.520639167428262,5.520639167428262,5.520639167428262,5.520639167428262,5.520639167428262,5.520639167428262,5.520639167428262,5.520639167428262,5.520639167428262,5.520639167428262,5.520639167428262,5.520639167428262,5.520639167428262,5.520639167428262,5.520639167428262,5.520639167428262,5.520639167428262,5.520639167428262,5.520639167428262,5.520639167428262,5.520639167428262,5.520639167428262,5.520639167428262,5.520639167428262,5.520639167428262,5.520639167428262,5.520639167428262,5.520639167428262,5.520639167428262,5.520639167428262,5.520639167428262,5.520639167428262,5.520639167428262,5.520639167428262,5.520639167428262,5.520639167428262,5.520639167428262,5.520639167428262,5.520639167428262,5.520639167428262,5.520639167428262,5.520639167428262,5.520639167428262,5.520639167428262,5.520639167428262,5.520639167428262,5.520639167428262,5.520639167428262,5.520639167428262,5.520639167428262,5.520639167428262,5.520639167428262,5.520639167428262,5.520639167428262,5.520639167428262,5.520639167428262,4.692648063068635,4.0272812186859746,4.0272812186859746,4.0272812186859746,4.0272812186859746,4.0272812186859746,4.0272812186859746,4.0272812186859746,4.0272812186859746,4.0272812186859746,4.0272812186859746,4.0272812186859746,4.0272812186859746,4.0272812186859746,4.0272812186859746,4.0272812186859746,4.0272812186859746,4.0272812186859746,4.0272812186859746,4.0272812186859746,4.0272812186859746,4.0272812186859746,4.0272812186859746,4.0272812186859746,4.0272812186859746,4.0272812186859746,4.0272812186859746,4.0272812186859746,4.0272812186859746,4.0272812186859746,4.0272812186859746,4.0272812186859746,4.0272812186859746,4.0272812186859746,4.0272812186859746,4.0272812186859746,4.0272812186859746,4.0272812186859746,4.0272812186859746,4.0272812186859746,4.0272812186859746,4.0272812186859746,4.0272812186859746,4.0272812186859746,4.0272812186859746,4.0272812186859746,4.0272812186859746,4.0272812186859746,4.0272812186859746,4.0272812186859746,4.0272812186859746,4.0272812186859746,4.0272812186859746,4.0272812186859746,4.0272812186859746,4.0272812186859746,4.0272812186859746,4.0272812186859746,4.0272812186859746,4.0272812186859746,4.0272812186859746,4.0272812186859746,4.0272812186859746,4.0272812186859746,4.0272812186859746,4.0272812186859746,4.0272812186859746,4.0272812186859746,4.0272812186859746,4.0272812186859746,4.0272812186859746,4.0272812186859746,4.0272812186859746,4.0272812186859746,4.0272812186859746,4.0272812186859746,4.0272812186859746,4.0272812186859746,4.0272812186859746,4.0272812186859746,4.0272812186859746,4.0272812186859746,4.0272812186859746,4.0272812186859746,4.0272812186859746,4.0272812186859746,4.0272812186859746,4.0272812186859746,4.0272812186859746,4.0272812186859746,4.0272812186859746,4.0272812186859746,4.0272812186859746,4.0272812186859746,4.0272812186859746,4.0272812186859746,4.0272812186859746,4.0272812186859746,4.0272812186859746,4.0272812186859746,4.0272812186859746,4.0272812186859746,4.0272812186859746,4.0272812186859746,4.0272812186859746,4.0272812186859746,4.0272812186859746,4.0272812186859746,4.0272812186859746,4.0272812186859746,4.0272812186859746,4.0272812186859746,4.0272812186859746,4.0272812186859746,4.0272812186859746,4.0272812186859746,4.0272812186859746,4.0272812186859746,4.0272812186859746,4.0272812186859746,4.0272812186859746,4.0272812186859746,4.0272812186859746,4.0272812186859746,4.0272812186859746,4.0272812186859746,4.0272812186859746,4.0272812186859746,4.0272812186859746,4.0272812186859746,4.0272812186859746,4.0272812186859746,4.0272812186859746,4.0272812186859746,4.0272812186859746,4.0272812186859746,4.0272812186859746,4.0272812186859746,4.0272812186859746,4.0272812186859746,4.0272812186859746,4.0272812186859746,4.0272812186859746,4.0272812186859746,4.0272812186859746,4.0272812186859746,4.0272812186859746,4.0272812186859746,4.0272812186859746,4.0272812186859746,4.0272812186859746,4.0272812186859746,4.0272812186859746,4.0272812186859746,4.0272812186859746,4.0272812186859746,4.0272812186859746,4.0272812186859746,4.0272812186859746,4.0272812186859746,4.0272812186859746,4.0272812186859746,4.0272812186859746,4.0272812186859746,4.0272812186859746,4.0272812186859746,4.0272812186859746,4.0272812186859746,4.0272812186859746,4.0272812186859746,4.0272812186859746,4.0272812186859746,4.0272812186859746,4.0272812186859746,4.0272812186859746,4.0272812186859746,4.0272812186859746,4.0272812186859746,4.0272812186859746,4.0272812186859746,4.0272812186859746,4.0272812186859746,4.0272812186859746,4.0272812186859746,4.0272812186859746,4.0272812186859746,4.0272812186859746,4.0272812186859746,4.0272812186859746,4.0272812186859746,4.0272812186859746,4.0272812186859746,4.0272812186859746,4.0272812186859746,4.0272812186859746,4.0272812186859746,4.0272812186859746,4.0272812186859746,4.0272812186859746,4.0272812186859746,4.0272812186859746,4.0272812186859746,4.0272812186859746,4.0272812186859746,4.0272812186859746,4.0272812186859746,4.0272812186859746,4.0272812186859746,4.0272812186859746,4.0272812186859746,4.0272812186859746,4.0272812186859746,4.0272812186859746,4.0272812186859746,4.0272812186859746,4.0272812186859746,4.0272812186859746,4.0272812186859746,4.0272812186859746,4.0272812186859746,4.0272812186859746,4.0272812186859746,4.0272812186859746,4.0272812186859746,4.0272812186859746,4.0272812186859746,4.0272812186859746,4.0272812186859746,4.0272812186859746,4.0272812186859746,4.0272812186859746,4.0272812186859746,4.0272812186859746,4.0272812186859746,4.0272812186859746,4.0272812186859746,4.0272812186859746,4.0272812186859746,4.0272812186859746,4.0272812186859746,4.0272812186859746,4.0272812186859746,4.0272812186859746,4.0272812186859746,4.0272812186859746,4.0272812186859746,4.0272812186859746,4.0272812186859746,4.0272812186859746,4.0272812186859746,4.0272812186859746,4.0272812186859746,4.0272812186859746,4.0272812186859746,4.0272812186859746,4.0272812186859746,4.0272812186859746,4.0272812186859746,4.0272812186859746,4.0272812186859746,4.0272812186859746,4.0272812186859746,4.0272812186859746,4.0272812186859746,4.0272812186859746,4.0272812186859746,4.0272812186859746,4.0272812186859746,4.0272812186859746,4.0272812186859746,4.0272812186859746,4.0272812186859746,4.0272812186859746,4.0272812186859746,4.0272812186859746,4.0272812186859746,4.0272812186859746,4.0272812186859746,4.0272812186859746,4.0272812186859746,4.0272812186859746,4.0272812186859746,4.0272812186859746,4.0272812186859746,4.0272812186859746,4.0272812186859746,4.0272812186859746,4.0272812186859746,4.0272812186859746,4.0272812186859746,4.0272812186859746,4.0272812186859746,4.0272812186859746,4.0272812186859746,4.0272812186859746,4.0272812186859746,4.0272812186859746,4.0272812186859746,4.0272812186859746,4.0272812186859746,4.0272812186859746,4.0272812186859746,4.0272812186859746,4.0272812186859746,4.0272812186859746,4.0272812186859746,4.0272812186859746,4.0272812186859746,4.0272812186859746,4.0272812186859746,4.0272812186859746,4.0272812186859746,4.0272812186859746,4.0272812186859746,4.0272812186859746,4.0272812186859746,4.0272812186859746,4.0272812186859746,4.0272812186859746,4.0272812186859746,4.0272812186859746,4.0272812186859746,4.0272812186859746,4.0272812186859746,4.0272812186859746,4.0272812186859746,4.0272812186859746,4.0272812186859746,4.0272812186859746,4.0272812186859746,4.0272812186859746,4.0272812186859746,4.0272812186859746,4.0272812186859746,4.0272812186859746,4.0272812186859746,4.0272812186859746,4.0272812186859746,4.0272812186859746,4.0272812186859746,4.0272812186859746,4.0272812186859746,4.0272812186859746,4.0272812186859746,4.0272812186859746,4.0272812186859746,4.0272812186859746,4.0272812186859746,4.0272812186859746,4.0272812186859746,4.0272812186859746,4.0272812186859746,4.0272812186859746,4.0272812186859746,4.0272812186859746,4.0272812186859746,4.0272812186859746,4.0272812186859746,4.0272812186859746,4.0272812186859746,4.0272812186859746,4.0272812186859746,4.0272812186859746,4.0272812186859746,4.0272812186859746,4.0272812186859746,4.0272812186859746,4.0272812186859746,4.0272812186859746,4.0272812186859746,4.0272812186859746,4.0272812186859746,4.0272812186859746,4.0272812186859746,4.0272812186859746,4.0272812186859746,4.0272812186859746,4.0272812186859746,4.0272812186859746,4.0272812186859746,4.0272812186859746,4.0272812186859746,4.0272812186859746,4.0272812186859746,4.0272812186859746,4.0272812186859746,4.0272812186859746,4.0272812186859746,4.0272812186859746,4.0272812186859746,4.0272812186859746,4.0272812186859746,4.0272812186859746,4.0272812186859746,4.0272812186859746,4.0272812186859746,4.0272812186859746,4.0272812186859746,4.0272812186859746,4.0272812186859746,4.0272812186859746,4.0272812186859746,4.0272812186859746,4.0272812186859746,4.0272812186859746,4.0272812186859746,4.0272812186859746,4.0272812186859746,4.0272812186859746,4.0272812186859746,4.0272812186859746,4.0272812186859746,4.0272812186859746,4.0272812186859746,4.0272812186859746,4.0272812186859746,4.0272812186859746,4.0272812186859746,4.0272812186859746,4.0272812186859746,4.0272812186859746,4.0272812186859746,4.0272812186859746,4.0272812186859746,4.0272812186859746,4.0272812186859746,4.0272812186859746,4.0272812186859746,4.0272812186859746,4.0272812186859746,4.0272812186859746,4.0272812186859746,4.0272812186859746,4.0272812186859746,4.0272812186859746,4.0272812186859746,4.0272812186859746,4.0272812186859746,4.0272812186859746,4.0272812186859746,4.0272812186859746,4.0272812186859746,4.0272812186859746,4.0272812186859746,4.0272812186859746,4.0272812186859746,4.0272812186859746,4.0272812186859746,4.0272812186859746,4.0272812186859746,4.0272812186859746,4.0272812186859746,4.0272812186859746,4.0272812186859746,4.0272812186859746,4.0272812186859746,4.0272812186859746,4.0272812186859746,4.0272812186859746,4.0272812186859746,4.0272812186859746,4.0272812186859746,4.0272812186859746,4.0272812186859746,4.0272812186859746,4.0272812186859746,4.0272812186859746,4.0272812186859746,4.0272812186859746,4.0272812186859746,4.0272812186859746,4.0272812186859746,4.0272812186859746,4.0272812186859746,4.0272812186859746,4.0272812186859746,4.0272812186859746,4.0272812186859746,4.0272812186859746,4.0272812186859746,4.0272812186859746,4.0272812186859746,4.0272812186859746,4.0272812186859746,4.0272812186859746,4.0272812186859746,4.0272812186859746,4.0272812186859746,4.0272812186859746,4.0272812186859746,4.0272812186859746,4.0272812186859746,4.0272812186859746,4.0272812186859746,4.0272812186859746,4.0272812186859746,4.0272812186859746,4.0272812186859746,4.0272812186859746,4.0272812186859746,4.0272812186859746,4.0272812186859746,4.0272812186859746,4.0272812186859746,4.0272812186859746,4.0272812186859746,4.0272812186859746,4.0272812186859746,4.0272812186859746,4.0272812186859746,4.0272812186859746,4.0272812186859746,4.0272812186859746,4.0272812186859746,4.0272812186859746,4.0272812186859746,4.0272812186859746,4.0272812186859746,4.0272812186859746,4.0272812186859746,4.0272812186859746,4.0272812186859746,4.0272812186859746,4.0272812186859746,4.0272812186859746,4.0272812186859746,4.0272812186859746,4.0272812186859746,4.0272812186859746,4.0272812186859746,4.0272812186859746,4.0272812186859746,4.0272812186859746,4.0272812186859746,4.0272812186859746,4.0272812186859746,4.0272812186859746,4.0272812186859746,4.0272812186859746,4.0272812186859746,4.0272812186859746,4.0272812186859746,4.0272812186859746,4.0272812186859746,4.0272812186859746,4.0272812186859746,4.0272812186859746,4.0272812186859746,4.0272812186859746,4.0272812186859746,4.0272812186859746,4.0272812186859746,4.0272812186859746,4.0272812186859746,4.0272812186859746,4.0272812186859746,4.0272812186859746,4.0272812186859746,4.0272812186859746,4.0272812186859746,4.0272812186859746,4.0272812186859746,4.0272812186859746,4.0272812186859746,4.0272812186859746,4.0272812186859746,4.0272812186859746,4.0272812186859746,4.0272812186859746,4.0272812186859746,4.0272812186859746,4.0272812186859746,4.0272812186859746,4.0272812186859746,4.0272812186859746,4.0272812186859746,4.0272812186859746,4.0272812186859746,4.0272812186859746,4.0272812186859746,4.0272812186859746,4.0272812186859746,4.0272812186859746,4.0272812186859746,4.0272812186859746,4.0272812186859746,4.0272812186859746,4.0272812186859746,4.0272812186859746,4.0272812186859746,4.0272812186859746,4.0272812186859746,4.0272812186859746,4.0272812186859746,4.0272812186859746,4.0272812186859746,4.0272812186859746,4.0272812186859746,4.0272812186859746,4.0272812186859746,4.0272812186859746,4.0272812186859746,4.0272812186859746,4.0272812186859746,4.0272812186859746,4.0272812186859746,4.0272812186859746,4.0272812186859746,4.0272812186859746,4.0272812186859746,4.0272812186859746,4.0272812186859746,4.0272812186859746,4.0272812186859746,4.0272812186859746,4.0272812186859746,4.0272812186859746,4.0272812186859746,4.0272812186859746,4.0272812186859746,4.0272812186859746,4.0272812186859746,4.0272812186859746,4.0272812186859746,4.0272812186859746,4.0272812186859746,4.0272812186859746,4.0272812186859746,4.0272812186859746,4.0272812186859746,4.0272812186859746,4.0272812186859746,4.0272812186859746,4.0272812186859746,4.0272812186859746,4.0272812186859746,4.0272812186859746,4.0272812186859746,4.0272812186859746,4.0272812186859746,4.0272812186859746,4.0272812186859746,4.0272812186859746,4.0272812186859746,4.0272812186859746,4.0272812186859746,4.0272812186859746,4.0272812186859746,4.0272812186859746,4.0272812186859746,4.0272812186859746,4.0272812186859746,4.0272812186859746,4.0272812186859746,4.0272812186859746,4.0272812186859746,4.0272812186859746,4.0272812186859746,4.0272812186859746,4.0272812186859746,4.0272812186859746,4.0272812186859746,4.0272812186859746,4.0272812186859746,4.0272812186859746,4.0272812186859746,4.0272812186859746,4.0272812186859746,4.0272812186859746,4.0272812186859746,4.0272812186859746,4.0272812186859746,4.0272812186859746,4.0272812186859746,4.0272812186859746,4.0272812186859746,4.0272812186859746,4.0272812186859746,4.0272812186859746,4.0272812186859746,4.0272812186859746,4.0272812186859746,4.0272812186859746,4.0272812186859746,4.0272812186859746,4.0272812186859746,4.0272812186859746,4.0272812186859746,4.0272812186859746,4.0272812186859746,4.0272812186859746,4.0272812186859746,4.0272812186859746,4.0272812186859746,4.0272812186859746,4.0272812186859746,4.0272812186859746,4.0272812186859746,4.0272812186859746,4.0272812186859746,4.0272812186859746,4.0272812186859746,4.0272812186859746,4.0272812186859746,4.0272812186859746,4.0272812186859746,4.0272812186859746,4.0272812186859746,4.0272812186859746,4.0272812186859746,4.0272812186859746,4.0272812186859746,4.0272812186859746,4.0272812186859746,4.0272812186859746,4.0272812186859746,4.0272812186859746,4.0272812186859746,4.0272812186859746,4.0272812186859746,4.0272812186859746,4.0272812186859746,4.0272812186859746,4.0272812186859746,4.0272812186859746,4.0272812186859746,4.0272812186859746,4.0272812186859746,4.0272812186859746,4.0272812186859746,4.0272812186859746,4.0272812186859746,4.0272812186859746,4.0272812186859746,4.0272812186859746,4.0272812186859746,4.0272812186859746,4.0272812186859746,4.0272812186859746,4.0272812186859746,4.0272812186859746,4.0272812186859746,4.0272812186859746,4.0272812186859746,4.0272812186859746,7.443215230724833,5.99116133997662,5.959566242587096,5.959566242587096,5.956164242499953,5.740224597828595,5.3196977046319125,5.3196977046319125,5.3196977046319125,5.3196977046319125,5.164188104392438,5.164188104392438,5.164188104392438,5.164188104392438,5.164188104392438,5.164188104392438,5.164188104392438,5.164188104392438,5.164188104392438,5.164188104392438,5.164188104392438,5.164188104392438,5.164188104392438,5.164188104392438,5.142383283716927,5.142383283716927,5.142383283716927,5.142383283716927,5.142383283716927,5.142383283716927,5.142383283716927,5.142383283716927,5.142383283716927,5.142383283716927,5.142383283716927,5.142383283716927,5.142383283716927,5.142383283716927,5.142383283716927,5.142383283716927,5.142383283716927,5.142383283716927,5.142383283716927,5.142383283716927,5.142383283716927,5.142383283716927,5.142383283716927,5.142383283716927,5.142383283716927,5.142383283716927,5.142383283716927,5.142383283716927,5.142383283716927,5.142383283716927,5.142383283716927,5.142383283716927,5.142383283716927,5.142383283716927,5.142383283716927,5.142383283716927,5.142383283716927,5.142383283716927,5.142383283716927,5.142383283716927,5.142383283716927,5.142383283716927,5.142383283716927,5.142383283716927,5.142383283716927,5.142383283716927,5.142383283716927,5.142383283716927,5.142383283716927,5.142383283716927,5.142383283716927,5.142383283716927,5.142383283716927,5.142383283716927,5.142383283716927,5.142383283716927,4.151295520193393,4.151295520193393,3.648981008402266,3.5453694189896057,3.5453694189896057,3.5453694189896057,3.5453694189896057,3.5453694189896057,3.5453694189896057,3.5453694189896057,3.5453694189896057,3.5453694189896057,3.4373754164649766,3.4373754164649766,3.4373754164649766,3.4373754164649766,3.4373754164649766,3.4373754164649766,3.4373754164649766,3.4373754164649766,3.4373754164649766,3.4373754164649766,3.4373754164649766,3.4373754164649766,3.4373754164649766,3.4373754164649766,3.4373754164649766,3.4373754164649766,3.4373754164649766,3.4373754164649766,3.4373754164649766,3.4373754164649766,3.4373754164649766,3.4373754164649766,3.4373754164649766,3.4373754164649766,3.4373754164649766,3.4373754164649766,3.4373754164649766,3.4373754164649766,3.4373754164649766,3.4373754164649766,3.4373754164649766,3.4373754164649766,3.4373754164649766,3.4373754164649766,3.4373754164649766,3.4373754164649766,3.4373754164649766,3.4373754164649766,3.4373754164649766,3.4373754164649766,3.4373754164649766,3.4373754164649766,3.4373754164649766,3.4373754164649766,3.4373754164649766,3.4373754164649766,3.4373754164649766,3.4373754164649766,3.4373754164649766,3.4373754164649766,3.4373754164649766,3.4373754164649766,3.4373754164649766,3.4373754164649766,3.4373754164649766,3.4373754164649766,3.4373754164649766,3.4373754164649766,3.4373754164649766,3.4373754164649766,3.4373754164649766,3.4373754164649766,3.4373754164649766,3.4373754164649766,3.4373754164649766,3.4373754164649766,3.4373754164649766,3.4373754164649766,3.4373754164649766,3.4373754164649766,3.4373754164649766,3.4373754164649766,3.4373754164649766,3.4373754164649766,3.4373754164649766,3.4373754164649766,3.4373754164649766,3.4373754164649766,3.4373754164649766,3.4373754164649766,3.4373754164649766,3.4373754164649766,3.4373754164649766,3.4373754164649766,3.4373754164649766,3.4373754164649766,3.4373754164649766,3.4373754164649766,3.4373754164649766,3.4373754164649766,3.4373754164649766,3.4373754164649766,3.4373754164649766,3.4373754164649766,3.4373754164649766,3.4373754164649766,3.4373754164649766,3.4373754164649766,3.4373754164649766,3.4373754164649766,3.4373754164649766,3.4373754164649766,3.4373754164649766,3.4373754164649766,3.4373754164649766,3.4373754164649766,3.4373754164649766,3.4373754164649766,3.4373754164649766,3.4373754164649766,3.4373754164649766,3.4373754164649766,3.4373754164649766,3.4373754164649766,3.4373754164649766,3.4373754164649766,3.4373754164649766,3.4373754164649766,3.4373754164649766,3.4373754164649766,3.4373754164649766,3.4373754164649766,3.4373754164649766,3.4373754164649766,3.4373754164649766,3.4373754164649766,3.4373754164649766,3.4373754164649766,3.4373754164649766,3.4373754164649766,3.4373754164649766,3.4373754164649766,3.4373754164649766,3.4373754164649766,3.4373754164649766,3.4373754164649766,3.4373754164649766,3.4373754164649766,3.4373754164649766,3.4373754164649766,3.4373754164649766,3.4373754164649766,3.4373754164649766,2.038396879326647,2.038396879326647,2.038396879326647,2.038396879326647,2.038396879326647,2.038396879326647,2.038396879326647,2.038396879326647,2.038396879326647,2.038396879326647,2.038396879326647,2.038396879326647,2.038396879326647,2.038396879326647,2.038396879326647,2.038396879326647,2.038396879326647,2.038396879326647,2.038396879326647,2.038396879326647,2.038396879326647,2.038396879326647,2.038396879326647,2.038396879326647,2.038396879326647,2.038396879326647,2.038396879326647,2.038396879326647,2.038396879326647,2.038396879326647,2.038396879326647,2.038396879326647,2.038396879326647,2.038396879326647,2.038396879326647,2.038396879326647,2.038396879326647,2.038396879326647,2.038396879326647,2.038396879326647,2.038396879326647,2.038396879326647,2.038396879326647,2.038396879326647,2.038396879326647,2.038396879326647,2.038396879326647,2.038396879326647,2.038396879326647,2.038396879326647,2.038396879326647,2.038396879326647,2.038396879326647,2.038396879326647,2.038396879326647,2.038396879326647,2.038396879326647,2.038396879326647,2.038396879326647,2.038396879326647,2.038396879326647,2.038396879326647,2.038396879326647,2.038396879326647,2.038396879326647,2.038396879326647,2.038396879326647,2.038396879326647,2.038396879326647,2.038396879326647,2.038396879326647,2.038396879326647,2.038396879326647,2.038396879326647,2.038396879326647,2.038396879326647,2.038396879326647,2.038396879326647,2.038396879326647,2.038396879326647,2.038396879326647,2.038396879326647,2.038396879326647,2.038396879326647,2.038396879326647,2.038396879326647,2.038396879326647,2.038396879326647,2.038396879326647,2.038396879326647,2.038396879326647,2.038396879326647,2.038396879326647,2.038396879326647,2.038396879326647,2.038396879326647,2.038396879326647,2.038396879326647,2.038396879326647,2.038396879326647,2.038396879326647,2.038396879326647,2.038396879326647,2.038396879326647,2.038396879326647,2.038396879326647,2.038396879326647,2.038396879326647,2.038396879326647,2.038396879326647,2.038396879326647,2.038396879326647,2.038396879326647,2.038396879326647,2.038396879326647,2.038396879326647,2.038396879326647,2.038396879326647,2.038396879326647,2.038396879326647,2.038396879326647,2.038396879326647,2.038396879326647,2.038396879326647,2.038396879326647,2.038396879326647,2.038396879326647,2.038396879326647,2.038396879326647,2.038396879326647,2.038396879326647,2.038396879326647,2.038396879326647,2.038396879326647,2.038396879326647,2.038396879326647,2.038396879326647,2.038396879326647,2.038396879326647,2.038396879326647,2.038396879326647,2.038396879326647,2.038396879326647,2.038396879326647,2.038396879326647,2.038396879326647,2.038396879326647,2.038396879326647,2.038396879326647,2.038396879326647,2.038396879326647,2.038396879326647,2.038396879326647,2.038396879326647,2.038396879326647,2.038396879326647,2.038396879326647,2.038396879326647,2.038396879326647,2.038396879326647,2.038396879326647,2.038396879326647,2.038396879326647,2.038396879326647,2.038396879326647,2.038396879326647,2.038396879326647,2.038396879326647,2.038396879326647,2.038396879326647,2.038396879326647,2.038396879326647,2.038396879326647,2.038396879326647,2.038396879326647,2.038396879326647,2.038396879326647,2.038396879326647,2.038396879326647,2.038396879326647,2.038396879326647,2.038396879326647,2.038396879326647,2.038396879326647,2.038396879326647,2.038396879326647,2.038396879326647,2.038396879326647,2.038396879326647,2.038396879326647,2.038396879326647,2.038396879326647,2.038396879326647,2.038396879326647,2.038396879326647,2.038396879326647,2.038396879326647,2.038396879326647,2.038396879326647,2.038396879326647,2.038396879326647,2.038396879326647,2.038396879326647,2.038396879326647,2.038396879326647,2.038396879326647,2.038396879326647,2.038396879326647,2.038396879326647,2.038396879326647,2.038396879326647,2.038396879326647,2.038396879326647,2.038396879326647,2.038396879326647,2.038396879326647,2.038396879326647,2.038396879326647,2.038396879326647,2.038396879326647,2.038396879326647,2.038396879326647,2.038396879326647,2.038396879326647,2.038396879326647,2.038396879326647,2.038396879326647,2.038396879326647,2.038396879326647,2.038396879326647,2.038396879326647,2.038396879326647,2.038396879326647,2.038396879326647,2.038396879326647,2.038396879326647,2.038396879326647,2.038396879326647,2.038396879326647,2.038396879326647,2.038396879326647,2.038396879326647,2.038396879326647,2.038396879326647,2.038396879326647,2.038396879326647,2.038396879326647,2.038396879326647,2.038396879326647,2.038396879326647,2.038396879326647,2.038396879326647,2.038396879326647,2.038396879326647,2.038396879326647,2.038396879326647,2.038396879326647,2.038396879326647,2.038396879326647,2.038396879326647,2.038396879326647,2.038396879326647,2.038396879326647,2.038396879326647,2.038396879326647,2.038396879326647,2.038396879326647,2.038396879326647,2.038396879326647,2.038396879326647,2.038396879326647,2.038396879326647,2.038396879326647,2.038396879326647,2.038396879326647,2.038396879326647,2.038396879326647,2.038396879326647,2.038396879326647,2.038396879326647,2.038396879326647,2.038396879326647,2.038396879326647,2.038396879326647,2.038396879326647,2.038396879326647,2.038396879326647,2.038396879326647,2.038396879326647,2.038396879326647,2.038396879326647,2.038396879326647,2.038396879326647,2.038396879326647,2.038396879326647,2.038396879326647,2.038396879326647,2.038396879326647,2.038396879326647,2.038396879326647,2.038396879326647,2.038396879326647,2.038396879326647,2.038396879326647,2.038396879326647,2.038396879326647,2.038396879326647,2.038396879326647,2.038396879326647,2.038396879326647,2.038396879326647,2.038396879326647,2.038396879326647,2.038396879326647,2.038396879326647,2.038396879326647,2.038396879326647,2.038396879326647,2.038396879326647,2.038396879326647,2.038396879326647,2.038396879326647,2.038396879326647,2.038396879326647,2.038396879326647,2.038396879326647,2.038396879326647,2.038396879326647,2.038396879326647,2.038396879326647,2.038396879326647,2.038396879326647,2.038396879326647,2.038396879326647,2.038396879326647,2.038396879326647,2.038396879326647,2.038396879326647,2.038396879326647,2.038396879326647,2.038396879326647,2.038396879326647,2.038396879326647,2.038396879326647,2.038396879326647,2.038396879326647,2.038396879326647,2.038396879326647,2.038396879326647,2.038396879326647,2.038396879326647,2.038396879326647,2.038396879326647,2.038396879326647,2.038396879326647,2.038396879326647,2.038396879326647,2.038396879326647,2.038396879326647,2.038396879326647,2.038396879326647,2.038396879326647,2.038396879326647,2.038396879326647,2.038396879326647,2.038396879326647,2.038396879326647,2.038396879326647,2.038396879326647,2.038396879326647,2.038396879326647,2.038396879326647,2.038396879326647,2.038396879326647,2.038396879326647,2.038396879326647,2.038396879326647,2.038396879326647,2.038396879326647,2.038396879326647,2.038396879326647,2.038396879326647,2.038396879326647,2.038396879326647,2.038396879326647,2.038396879326647,2.038396879326647,2.038396879326647,2.038396879326647,2.038396879326647,2.038396879326647,2.038396879326647,2.038396879326647,2.038396879326647,2.038396879326647,2.038396879326647,2.038396879326647,2.038396879326647,2.038396879326647,2.038396879326647,2.038396879326647,2.038396879326647,2.038396879326647,2.038396879326647,2.038396879326647,2.038396879326647,2.038396879326647,2.038396879326647,2.038396879326647,2.038396879326647,2.038396879326647,2.038396879326647,2.038396879326647,2.038396879326647,2.038396879326647,2.038396879326647,2.038396879326647,2.038396879326647,2.038396879326647,2.038396879326647,2.038396879326647,2.038396879326647,2.038396879326647,2.038396879326647,2.038396879326647,2.038396879326647,2.038396879326647,2.038396879326647,2.038396879326647,2.038396879326647,2.038396879326647,2.038396879326647,2.038396879326647,2.038396879326647,2.038396879326647,2.038396879326647,2.038396879326647,2.038396879326647,2.038396879326647,2.038396879326647,2.038396879326647,2.038396879326647,2.038396879326647,2.038396879326647,2.038396879326647,2.038396879326647,2.038396879326647,2.038396879326647,2.038396879326647,2.038396879326647,2.038396879326647,2.038396879326647,2.038396879326647,2.038396879326647,2.038396879326647,2.038396879326647,2.038396879326647,2.038396879326647,2.038396879326647,2.038396879326647,2.038396879326647,2.038396879326647,2.038396879326647,2.038396879326647,2.038396879326647,2.038396879326647,2.038396879326647,2.038396879326647,2.038396879326647,2.038396879326647,2.038396879326647,2.038396879326647,2.038396879326647,2.038396879326647,2.038396879326647,2.038396879326647,2.038396879326647,2.038396879326647,2.038396879326647,2.038396879326647,2.038396879326647,2.038396879326647,2.038396879326647,2.038396879326647,2.038396879326647,2.038396879326647,2.038396879326647,2.038396879326647,2.038396879326647,2.038396879326647,2.038396879326647,2.038396879326647,2.038396879326647,2.038396879326647,2.038396879326647,2.038396879326647,2.038396879326647,2.038396879326647,2.038396879326647,2.038396879326647,2.038396879326647,2.038396879326647,2.038396879326647,2.038396879326647,2.038396879326647,2.038396879326647,2.038396879326647,2.038396879326647,2.038396879326647,2.038396879326647,2.038396879326647,2.038396879326647,2.038396879326647,2.038396879326647,2.038396879326647,2.038396879326647,2.038396879326647,2.038396879326647,2.038396879326647,2.038396879326647,2.038396879326647,2.038396879326647,2.038396879326647,2.038396879326647,2.038396879326647,2.038396879326647,2.038396879326647,2.038396879326647,2.038396879326647,2.038396879326647,2.038396879326647,2.038396879326647,2.038396879326647,2.038396879326647,2.038396879326647,2.038396879326647,2.038396879326647,2.038396879326647,2.038396879326647,2.038396879326647,2.038396879326647,2.038396879326647,2.038396879326647,2.038396879326647,2.038396879326647,2.038396879326647,2.038396879326647,2.038396879326647,2.038396879326647,2.038396879326647,2.038396879326647,2.038396879326647,2.038396879326647,2.038396879326647,2.038396879326647,2.038396879326647,2.038396879326647,2.038396879326647,2.038396879326647,2.038396879326647,2.038396879326647,2.038396879326647,2.038396879326647,2.038396879326647,2.038396879326647,2.038396879326647,2.038396879326647,2.038396879326647,2.038396879326647,2.038396879326647,2.038396879326647,2.038396879326647,2.038396879326647,2.038396879326647,2.038396879326647,2.038396879326647,2.038396879326647,2.038396879326647,2.038396879326647,2.038396879326647,2.038396879326647,2.038396879326647,2.038396879326647,2.038396879326647,2.038396879326647,2.038396879326647,2.038396879326647,2.038396879326647,2.038396879326647,2.038396879326647,2.038396879326647,2.038396879326647,2.038396879326647,2.038396879326647,2.038396879326647,2.038396879326647,2.038396879326647,2.038396879326647,2.038396879326647,2.038396879326647,2.038396879326647,2.038396879326647,2.038396879326647,2.038396879326647,2.038396879326647,2.038396879326647,2.038396879326647,2.038396879326647,2.038396879326647,2.038396879326647,2.038396879326647,2.038396879326647,2.038396879326647,2.038396879326647,2.038396879326647,2.038396879326647,2.038396879326647,2.038396879326647,2.038396879326647,2.038396879326647,2.038396879326647,2.038396879326647,2.038396879326647,2.038396879326647,2.038396879326647,2.038396879326647,2.038396879326647,2.038396879326647,2.038396879326647,2.038396879326647,2.038396879326647,2.038396879326647,2.038396879326647,2.038396879326647,2.038396879326647,2.038396879326647,2.038396879326647,2.038396879326647,2.038396879326647,2.038396879326647,2.038396879326647,2.038396879326647,2.038396879326647,2.038396879326647,2.038396879326647,2.038396879326647,2.038396879326647,2.038396879326647,2.038396879326647,2.038396879326647,2.038396879326647,2.038396879326647,2.038396879326647,2.038396879326647,2.038396879326647,2.038396879326647,2.038396879326647,2.038396879326647,2.038396879326647,2.038396879326647,2.038396879326647,2.038396879326647,2.038396879326647,2.038396879326647,2.038396879326647,2.038396879326647,2.038396879326647,2.038396879326647,2.038396879326647,2.038396879326647,2.038396879326647,2.038396879326647,2.038396879326647,2.038396879326647,2.038396879326647,2.038396879326647,2.038396879326647,2.038396879326647,2.038396879326647,2.038396879326647,2.038396879326647,2.038396879326647,2.038396879326647,2.038396879326647,2.038396879326647,2.038396879326647,2.038396879326647,2.038396879326647,2.038396879326647,2.038396879326647,2.038396879326647,2.038396879326647,2.038396879326647,2.038396879326647,2.038396879326647,2.038396879326647,2.038396879326647,2.038396879326647,2.038396879326647,2.038396879326647,2.038396879326647,2.038396879326647,2.038396879326647,2.038396879326647,2.038396879326647,2.038396879326647,2.038396879326647,2.038396879326647,2.038396879326647,2.038396879326647,2.038396879326647,2.038396879326647,2.038396879326647,2.038396879326647,2.038396879326647,2.038396879326647,2.038396879326647,2.038396879326647,2.038396879326647,2.038396879326647,2.038396879326647,2.038396879326647,2.038396879326647,2.038396879326647,2.038396879326647,2.038396879326647,2.038396879326647,2.038396879326647,2.038396879326647,2.038396879326647,2.038396879326647,2.038396879326647,2.038396879326647,2.038396879326647,2.038396879326647,2.038396879326647,2.038396879326647,2.038396879326647,2.038396879326647,2.038396879326647,2.038396879326647,2.038396879326647,2.038396879326647,2.038396879326647,2.038396879326647,2.038396879326647,2.038396879326647,2.038396879326647,2.038396879326647,2.038396879326647,2.038396879326647,2.038396879326647,2.038396879326647,2.038396879326647,2.038396879326647,2.038396879326647,2.038396879326647,2.038396879326647,2.038396879326647,2.038396879326647,2.038396879326647,2.038396879326647,2.038396879326647,2.038396879326647,2.038396879326647,6.514778361189596,6.430465008491871,6.430465008491871,6.188778385742338,6.188778385742338,6.188778385742338,6.147148280902509,6.147148280902509,6.147148280902509,5.8304438421632145,5.8304438421632145,5.8304438421632145,5.8304438421632145,5.8304438421632145,5.8304438421632145,5.8304438421632145,5.8304438421632145,5.8304438421632145,5.8304438421632145,5.8304438421632145,5.8304438421632145,5.8304438421632145,5.8304438421632145,5.8304438421632145,5.8304438421632145,5.8304438421632145,5.8304438421632145,5.8304438421632145,5.8304438421632145,5.8304438421632145,5.8304438421632145,5.8304438421632145,4.993168192442961,4.993168192442961,4.993168192442961,4.477834207936513,4.199282304131553,4.199282304131553,4.199282304131553,4.199282304131553,4.199282304131553,4.199282304131553,4.199282304131553,4.199282304131553,4.199282304131553,4.199282304131553,4.199282304131553,4.199282304131553,4.199282304131553,4.199282304131553,4.199282304131553,4.199282304131553,4.199282304131553,4.199282304131553,4.199282304131553,4.199282304131553,4.199282304131553,4.199282304131553,4.199282304131553,4.199282304131553,4.199282304131553,4.199282304131553,4.199282304131553,4.199282304131553,4.199282304131553,4.199282304131553,4.199282304131553,4.199282304131553,4.199282304131553,4.199282304131553,4.199282304131553,4.199282304131553,4.199282304131553,4.199282304131553,4.199282304131553,4.199282304131553,4.199282304131553,4.199282304131553,4.199282304131553,3.601054605968991,3.48372681525809,3.48372681525809,3.48372681525809,3.2179112657741915,3.2179112657741915,3.2179112657741915,3.2179112657741915,3.2179112657741915,3.2179112657741915,3.2179112657741915,3.2179112657741915,3.2179112657741915,3.2179112657741915,3.2179112657741915,3.2179112657741915,3.2179112657741915,3.2179112657741915,3.2179112657741915,3.2179112657741915,3.2179112657741915,3.2179112657741915,3.2179112657741915,3.2179112657741915,3.2179112657741915,3.2179112657741915,3.2179112657741915,3.2179112657741915,3.2179112657741915,3.2179112657741915,3.2179112657741915,3.2179112657741915,3.2179112657741915,3.2179112657741915,3.2179112657741915,3.2179112657741915,3.2179112657741915,3.2179112657741915,3.2179112657741915,3.2179112657741915,3.2179112657741915,3.2179112657741915,3.2179112657741915,3.2179112657741915,2.858362300964801,2.6577400299454768,2.6577400299454768,2.6577400299454768,2.6577400299454768,2.6577400299454768,2.6577400299454768,2.6577400299454768,2.6577400299454768,2.6577400299454768,2.6577400299454768,2.6577400299454768,2.6577400299454768,2.6577400299454768,2.6577400299454768,2.6577400299454768,2.6577400299454768,2.6577400299454768,2.6577400299454768,2.6577400299454768,2.6577400299454768,2.6577400299454768,2.6577400299454768,2.6577400299454768,2.6577400299454768,2.6577400299454768,2.6577400299454768,2.6577400299454768,2.6577400299454768,2.6577400299454768,2.6577400299454768,2.6577400299454768,2.6577400299454768,2.6577400299454768,2.6577400299454768,2.6577400299454768,2.6577400299454768,2.6577400299454768,2.6577400299454768,2.6577400299454768,2.6577400299454768,2.6577400299454768,2.6577400299454768,2.6577400299454768,2.6577400299454768,2.6577400299454768,2.6577400299454768,2.6577400299454768,2.6577400299454768,2.6577400299454768,2.6577400299454768,2.6577400299454768,2.6577400299454768,2.6577400299454768,2.6577400299454768,2.6577400299454768,2.6577400299454768,2.6577400299454768,2.6577400299454768,2.6577400299454768,2.6577400299454768,2.6577400299454768,2.6577400299454768,2.6577400299454768,2.6577400299454768,2.6577400299454768,2.6577400299454768,2.6577400299454768,2.6577400299454768,2.6577400299454768,2.6577400299454768,2.6577400299454768,2.6577400299454768,2.6577400299454768,2.6577400299454768,2.6577400299454768,2.6577400299454768,2.6577400299454768,2.6577400299454768,2.6577400299454768,2.6577400299454768,2.6577400299454768,2.6577400299454768,2.6577400299454768,2.6577400299454768,2.6577400299454768,2.6577400299454768,2.6577400299454768,2.6577400299454768,2.6577400299454768,2.6577400299454768,2.6577400299454768,2.6577400299454768,2.6577400299454768,2.6577400299454768,2.6577400299454768,2.6577400299454768,2.6577400299454768,2.6577400299454768,2.6577400299454768,2.6577400299454768,2.6577400299454768,2.6577400299454768,2.6577400299454768,2.6577400299454768,2.6577400299454768,2.6577400299454768,2.6577400299454768,2.6577400299454768,2.6577400299454768,2.6577400299454768,2.6577400299454768,2.6577400299454768,2.6577400299454768,2.6577400299454768,2.6577400299454768,2.6577400299454768,2.6577400299454768,2.6577400299454768,2.6577400299454768,2.6577400299454768,2.6577400299454768,2.6577400299454768,2.6577400299454768,2.6577400299454768,2.6577400299454768,2.6577400299454768,2.6577400299454768,2.6577400299454768,2.6577400299454768,2.6577400299454768,2.6577400299454768,2.6577400299454768,2.6577400299454768,2.6577400299454768,2.6577400299454768,2.6577400299454768,2.6577400299454768,2.6577400299454768,2.6577400299454768,2.6577400299454768,2.6577400299454768,2.6577400299454768,2.6577400299454768,2.6577400299454768,2.6577400299454768,2.6577400299454768,2.6577400299454768,2.6577400299454768,2.6577400299454768,2.6577400299454768,2.6577400299454768,2.6577400299454768,2.6577400299454768,2.6577400299454768,2.6577400299454768,2.6577400299454768,2.6577400299454768,2.6577400299454768,2.6577400299454768,2.6577400299454768,2.6577400299454768,2.6577400299454768,2.6577400299454768,2.6577400299454768,2.6577400299454768,2.6577400299454768,2.6577400299454768,2.6577400299454768,2.6577400299454768,2.6577400299454768,2.6577400299454768,2.6577400299454768,2.6577400299454768,2.6577400299454768,2.6577400299454768,2.6577400299454768,2.6577400299454768,2.6577400299454768,2.6577400299454768,2.6577400299454768,2.6577400299454768,2.6577400299454768,2.6577400299454768,2.6577400299454768,2.6577400299454768,2.6577400299454768,2.6577400299454768,2.6577400299454768,2.6577400299454768,2.6577400299454768,2.6577400299454768,2.6577400299454768,2.6577400299454768,2.6577400299454768,2.6577400299454768,2.6577400299454768,2.6577400299454768,2.6577400299454768,2.6577400299454768,2.6577400299454768,2.6577400299454768,2.6577400299454768,2.6577400299454768,2.6577400299454768,2.6577400299454768,2.6577400299454768,2.6577400299454768,2.6577400299454768,2.6577400299454768,2.6577400299454768,2.6577400299454768,2.6577400299454768,2.6577400299454768,2.6577400299454768,2.6577400299454768,2.6577400299454768,2.6577400299454768,2.6577400299454768,2.6577400299454768,2.6577400299454768,2.6577400299454768,2.6577400299454768,2.6577400299454768,2.6577400299454768,2.6577400299454768,2.6577400299454768,2.6577400299454768,2.6577400299454768,2.6577400299454768,2.6577400299454768,2.6577400299454768,2.6577400299454768,2.6577400299454768,2.6577400299454768,2.6577400299454768,2.6577400299454768,2.6577400299454768,2.6577400299454768,2.6577400299454768,2.6577400299454768,2.6577400299454768,2.6577400299454768,2.6577400299454768,2.6577400299454768,2.6577400299454768,2.6577400299454768,2.6577400299454768,2.6577400299454768,2.6577400299454768,2.6577400299454768,2.6577400299454768,2.6577400299454768,2.6577400299454768,2.6577400299454768,2.6577400299454768,2.6577400299454768,2.6577400299454768,2.6577400299454768,2.6577400299454768,2.6577400299454768,2.6577400299454768,2.6577400299454768,2.6577400299454768,2.6577400299454768,2.6577400299454768,2.6577400299454768,2.6577400299454768,2.6577400299454768,2.6577400299454768,2.6577400299454768,2.6577400299454768,2.6577400299454768,2.6577400299454768,2.6577400299454768,2.6577400299454768,2.6577400299454768,2.6577400299454768,2.6577400299454768,2.6577400299454768,2.6577400299454768,2.6577400299454768,2.6577400299454768,2.6577400299454768,2.6577400299454768,2.6577400299454768,2.6577400299454768,2.6577400299454768,2.6577400299454768,2.6577400299454768,2.6577400299454768,2.6577400299454768,2.6577400299454768,2.6577400299454768,2.6577400299454768,2.6577400299454768,2.6577400299454768,2.6577400299454768,2.6577400299454768,2.6577400299454768,2.6577400299454768,2.6577400299454768,2.6577400299454768,2.6577400299454768,2.6577400299454768,2.6577400299454768,2.6577400299454768,2.6577400299454768,2.6577400299454768,2.6577400299454768,2.6577400299454768,2.6577400299454768,2.6577400299454768,2.6577400299454768,2.6577400299454768,2.6577400299454768,2.6577400299454768,2.6577400299454768,2.6577400299454768,2.6577400299454768,2.6577400299454768,2.6577400299454768,2.6577400299454768,2.6577400299454768,2.6577400299454768,2.6577400299454768,2.6577400299454768,2.6577400299454768,2.6577400299454768,2.6577400299454768,2.6577400299454768,2.6577400299454768,2.6577400299454768,2.6577400299454768,2.6577400299454768,2.6577400299454768,2.6577400299454768,2.6577400299454768,2.6577400299454768,2.6577400299454768,2.6577400299454768,2.6577400299454768,2.6577400299454768,2.6577400299454768,2.6577400299454768,2.6577400299454768,2.6577400299454768,2.6577400299454768,2.6577400299454768,2.6577400299454768,2.6577400299454768,2.6577400299454768,2.6577400299454768,2.6577400299454768,2.6577400299454768,2.6577400299454768,2.6577400299454768,2.6577400299454768,2.6577400299454768,2.6577400299454768,2.6577400299454768,2.6577400299454768,2.6577400299454768,2.6577400299454768,2.6577400299454768,2.6577400299454768,2.6577400299454768,2.6577400299454768,2.6577400299454768,2.6577400299454768,2.6577400299454768,2.6577400299454768,2.6577400299454768,2.6577400299454768,2.6577400299454768,2.6577400299454768,2.6577400299454768,2.6577400299454768,2.6577400299454768,2.6577400299454768,2.6577400299454768,2.6577400299454768,2.6577400299454768,2.6577400299454768,2.6577400299454768,2.6577400299454768,2.6577400299454768,2.6577400299454768,2.6577400299454768,2.6577400299454768,2.6577400299454768,2.6577400299454768,2.6577400299454768,2.6577400299454768,2.6577400299454768,2.6577400299454768,2.6577400299454768,2.6577400299454768,2.6577400299454768,2.6577400299454768,2.6577400299454768,2.6577400299454768,2.6577400299454768,2.6577400299454768,2.6577400299454768,2.6577400299454768,2.6577400299454768,2.6577400299454768,2.6577400299454768,2.6577400299454768,2.6577400299454768,2.6577400299454768,2.6577400299454768,2.6577400299454768,2.6577400299454768,2.6577400299454768,2.6577400299454768,2.6577400299454768,2.6577400299454768,2.6577400299454768,2.6577400299454768,2.6577400299454768,2.6577400299454768,2.6577400299454768,2.6577400299454768,2.6577400299454768,2.6577400299454768,2.6577400299454768,2.6577400299454768,2.6577400299454768,2.6577400299454768,2.6577400299454768,2.6577400299454768,2.6577400299454768,2.6577400299454768,2.6577400299454768,2.6577400299454768,2.6577400299454768,2.6577400299454768,2.6577400299454768,2.6577400299454768,2.6577400299454768,2.6577400299454768,2.6577400299454768,2.6577400299454768,2.6577400299454768,2.6577400299454768,2.6577400299454768,2.6577400299454768,2.6577400299454768,2.6577400299454768,2.6577400299454768,2.6577400299454768,2.6577400299454768,2.6577400299454768,2.6577400299454768,2.6577400299454768,2.6577400299454768,2.6577400299454768,2.6577400299454768,2.6577400299454768,2.6577400299454768,2.6577400299454768,2.6577400299454768,2.6577400299454768,2.6577400299454768,2.6577400299454768,2.6577400299454768,2.6577400299454768,2.6577400299454768,2.6577400299454768,2.6577400299454768,2.6577400299454768,2.6577400299454768,2.6577400299454768,2.6577400299454768,2.6577400299454768,2.6577400299454768,2.6577400299454768,2.6577400299454768,2.6577400299454768,2.6577400299454768,2.6577400299454768,2.6577400299454768,2.6577400299454768,2.6577400299454768,2.6577400299454768,2.6577400299454768,2.6577400299454768,2.6577400299454768,2.6577400299454768,2.6577400299454768,2.6577400299454768,2.6577400299454768,2.6577400299454768,2.6577400299454768,2.6577400299454768,2.6577400299454768,2.6577400299454768,2.6577400299454768,2.6577400299454768,2.6577400299454768,2.6577400299454768,2.6577400299454768,2.6577400299454768,2.6577400299454768,2.6577400299454768,2.6577400299454768,2.6577400299454768,2.6577400299454768,2.6577400299454768,2.6577400299454768,2.6577400299454768,2.6577400299454768,2.6577400299454768,2.6577400299454768,2.6577400299454768,2.6577400299454768,2.6577400299454768,2.6577400299454768,2.6577400299454768,2.6577400299454768,2.6577400299454768,2.6577400299454768,2.6577400299454768,2.6577400299454768,2.6577400299454768,2.6577400299454768,2.6577400299454768,2.6577400299454768,2.6577400299454768,2.6577400299454768,2.6577400299454768,2.6577400299454768,2.6577400299454768,2.6577400299454768,2.6577400299454768,2.6577400299454768,2.6577400299454768,2.6577400299454768,2.6577400299454768,2.6577400299454768,2.6577400299454768,2.6577400299454768,2.6577400299454768,2.6577400299454768,2.6577400299454768,2.6577400299454768,2.6577400299454768,2.6577400299454768,2.6577400299454768,2.6577400299454768,2.6577400299454768,2.6577400299454768,2.6577400299454768,2.6577400299454768,2.6577400299454768,2.6577400299454768,2.6577400299454768,2.6577400299454768,2.6577400299454768,2.6577400299454768,2.6577400299454768,2.6577400299454768,2.6577400299454768,2.6577400299454768,2.6577400299454768,2.6577400299454768,2.6577400299454768,2.6577400299454768,2.6577400299454768,2.6577400299454768,2.6577400299454768,2.6577400299454768,2.6577400299454768,2.6577400299454768,2.6577400299454768,2.6577400299454768,2.6577400299454768,2.6577400299454768,2.6577400299454768,2.6577400299454768,2.6577400299454768,2.6577400299454768,2.6577400299454768,2.6577400299454768,2.6577400299454768,2.6577400299454768,2.6577400299454768,2.6577400299454768,2.6577400299454768,2.6577400299454768,2.6577400299454768,2.6577400299454768,2.6577400299454768,2.6577400299454768,2.6577400299454768,2.6577400299454768,2.6577400299454768,2.6577400299454768,2.6577400299454768,2.6577400299454768,2.6577400299454768,2.6577400299454768,2.6577400299454768,2.6577400299454768,2.6577400299454768,2.6577400299454768,2.6577400299454768,2.6577400299454768,2.6577400299454768,2.6577400299454768,2.6577400299454768,2.6577400299454768,2.6577400299454768,2.6577400299454768,2.6577400299454768,2.6577400299454768,2.6577400299454768,2.6577400299454768,2.6577400299454768,2.6577400299454768,2.6577400299454768,2.6577400299454768,2.6577400299454768,2.6577400299454768,2.6577400299454768,2.6577400299454768,2.6577400299454768,2.6577400299454768,2.6577400299454768,2.6577400299454768,2.6577400299454768,2.6577400299454768,2.6577400299454768,2.6577400299454768,2.6577400299454768,2.6577400299454768,2.6577400299454768,2.6577400299454768,2.6577400299454768,2.6577400299454768,2.6577400299454768,2.6577400299454768,2.6577400299454768,2.6577400299454768,2.6577400299454768,2.6577400299454768,2.6577400299454768,2.6577400299454768,2.6577400299454768,2.6577400299454768,2.6577400299454768,2.6577400299454768,2.6577400299454768,2.6577400299454768,2.6577400299454768,2.6577400299454768,2.6577400299454768,2.6577400299454768,2.6577400299454768,2.6577400299454768,2.6577400299454768,2.6577400299454768,2.6577400299454768,2.6577400299454768,2.6577400299454768,2.6577400299454768,2.6577400299454768,2.6577400299454768,2.6577400299454768,2.6577400299454768,2.6577400299454768,2.6577400299454768,2.6577400299454768,2.6577400299454768,2.6577400299454768,2.6577400299454768,2.6577400299454768,2.6577400299454768,2.6577400299454768,2.6577400299454768,2.6577400299454768,2.6577400299454768,2.6577400299454768,2.6577400299454768,2.6577400299454768,2.6577400299454768,2.6577400299454768,2.6577400299454768,2.6577400299454768,2.6577400299454768,2.6577400299454768,2.6577400299454768,2.6577400299454768,2.6577400299454768,2.6577400299454768,2.6577400299454768,2.6577400299454768,2.6577400299454768,2.6577400299454768,2.6577400299454768,2.6577400299454768,2.6577400299454768,2.6577400299454768,2.6577400299454768,2.6577400299454768,2.6577400299454768,2.6577400299454768,2.6577400299454768,2.6577400299454768,2.6577400299454768,2.6577400299454768,2.6577400299454768,2.6577400299454768,2.6577400299454768,2.6577400299454768,2.6577400299454768,2.6577400299454768,2.6577400299454768,2.6577400299454768,2.6577400299454768,2.6577400299454768,2.6577400299454768,2.6577400299454768,2.6577400299454768,2.6577400299454768,2.6577400299454768,2.6577400299454768,2.6577400299454768,2.6577400299454768,2.6577400299454768,2.6577400299454768,2.6577400299454768,2.6577400299454768,2.6577400299454768,2.6577400299454768,2.6577400299454768,2.6577400299454768,2.6577400299454768,2.6577400299454768,2.6577400299454768,2.6577400299454768,2.6577400299454768,2.6577400299454768,2.6577400299454768,2.6577400299454768,2.6577400299454768,2.6577400299454768,2.6577400299454768,2.6577400299454768,2.6577400299454768,2.6577400299454768,2.6577400299454768,2.6577400299454768,2.6577400299454768,2.6577400299454768,2.6577400299454768,2.6577400299454768,2.6577400299454768,2.6577400299454768,2.6577400299454768,2.6577400299454768,2.6577400299454768,2.6577400299454768,2.6577400299454768,2.6577400299454768,2.6577400299454768,2.6577400299454768,2.6577400299454768,2.6577400299454768,2.6577400299454768,2.6577400299454768,2.6577400299454768,2.6577400299454768,2.6577400299454768,2.6577400299454768,2.6577400299454768,2.6577400299454768,2.6577400299454768,2.6577400299454768,2.6577400299454768,2.6577400299454768,2.6577400299454768,2.6577400299454768,2.6577400299454768,2.6577400299454768,2.6577400299454768,2.6577400299454768,2.6577400299454768,2.6577400299454768,2.6577400299454768,2.6577400299454768,2.6577400299454768,2.6577400299454768,2.6577400299454768,2.6577400299454768,2.6577400299454768,2.6577400299454768,2.6577400299454768,2.6577400299454768,2.6577400299454768,2.6577400299454768,2.6577400299454768,2.6577400299454768,2.6577400299454768,2.6577400299454768,2.6577400299454768,2.6577400299454768,2.6577400299454768,2.6577400299454768,2.6577400299454768,2.6577400299454768,2.6577400299454768,2.6577400299454768,2.6577400299454768,2.6577400299454768,2.6577400299454768,2.6577400299454768,2.6577400299454768,2.6577400299454768,2.6577400299454768,2.6577400299454768,2.6577400299454768,2.6577400299454768,2.6577400299454768,2.6577400299454768,2.6577400299454768,2.6577400299454768,2.6577400299454768,2.6577400299454768,2.6577400299454768,2.6577400299454768,2.6577400299454768,2.6577400299454768,2.6577400299454768,2.6577400299454768,2.6577400299454768,2.6577400299454768,2.6577400299454768,2.6577400299454768,2.6577400299454768,2.6577400299454768,2.6577400299454768,2.6577400299454768,2.6577400299454768,2.6577400299454768,2.6577400299454768,2.6577400299454768,2.6577400299454768,2.6577400299454768,2.6577400299454768,2.6577400299454768,2.6577400299454768,2.6577400299454768,2.6577400299454768,2.6577400299454768,2.6577400299454768,2.6577400299454768,2.6577400299454768,2.6577400299454768,2.6577400299454768,2.6577400299454768,2.6577400299454768,2.6577400299454768,2.6577400299454768,2.6577400299454768,2.6577400299454768,2.6577400299454768,2.6577400299454768,2.6577400299454768,2.6577400299454768,2.6577400299454768,2.6577400299454768,2.6577400299454768,2.6577400299454768,2.6577400299454768,7.0023008140512575,6.9521832462802085,6.9521832462802085,6.9521832462802085,6.921912069859336,6.921912069859336,6.921912069859336,6.75500271866677,6.700310070069568,6.5310703747225585,6.5310703747225585,6.5310703747225585,6.5310703747225585,6.5310703747225585,6.5310703747225585,6.5310703747225585,6.5310703747225585,6.5310703747225585,6.5310703747225585,6.5310703747225585,6.5310703747225585,6.5310703747225585,6.5310703747225585,6.5310703747225585,6.5310703747225585,6.5310703747225585,6.5310703747225585,6.5310703747225585,6.5310703747225585,6.526910406898131,6.526910406898131,6.526910406898131,6.526910406898131,6.324832832190197,6.324832832190197,6.324832832190197,6.324832832190197,6.324832832190197,6.324832832190197,6.324832832190197,6.049528934687181,6.049528934687181,6.049528934687181,6.049528934687181,5.736819750983444,5.704438977938271,5.704438977938271,5.573036996344853,5.573036996344853,5.573036996344853,5.573036996344853,5.573036996344853,5.536449560569905,5.536449560569905,5.536449560569905,5.536449560569905,5.536449560569905,5.536449560569905,5.536449560569905,5.536449560569905,5.536449560569905,5.536449560569905,5.536449560569905,5.536449560569905,5.536449560569905,5.536449560569905,5.536449560569905,5.536449560569905,5.536449560569905,5.536449560569905,5.536449560569905,5.536449560569905,5.536449560569905,5.536449560569905,5.536449560569905,5.536449560569905,5.536449560569905,5.536449560569905,5.536449560569905,5.469846983373506,5.094684752725429,5.094684752725429,4.216622295724158,4.216622295724158,4.216622295724158,4.216622295724158,4.216622295724158,4.216622295724158,4.216622295724158,4.216622295724158,4.216622295724158,4.216622295724158,4.216622295724158,4.216622295724158,4.216622295724158,4.216622295724158,4.216622295724158,4.216622295724158,4.216622295724158,4.216622295724158,4.216622295724158,4.216622295724158,4.216622295724158,4.216622295724158,4.216622295724158,4.216622295724158,4.216622295724158,4.216622295724158,4.216622295724158,4.216622295724158,4.216622295724158,4.216622295724158,4.216622295724158,4.216622295724158,4.216622295724158,4.216622295724158,4.216622295724158,4.216622295724158,4.216622295724158,4.216622295724158,4.216622295724158,4.216622295724158,4.216622295724158,4.216622295724158,4.216622295724158,4.216622295724158,4.216622295724158,4.216622295724158,4.216622295724158,4.216622295724158,4.216622295724158,4.216622295724158,4.216622295724158,4.216622295724158,4.216622295724158,4.216622295724158,4.216622295724158,4.216622295724158,4.216622295724158,4.216622295724158,4.216622295724158,4.216622295724158,4.216622295724158,4.216622295724158,4.216622295724158,4.216622295724158,4.216622295724158,4.216622295724158,4.216622295724158,4.216622295724158,4.216622295724158,4.216622295724158,4.216622295724158,4.216622295724158,4.216622295724158,4.216622295724158,4.216622295724158,4.216622295724158,4.216622295724158,4.216622295724158,4.216622295724158,4.216622295724158,4.216622295724158,4.216622295724158,4.216622295724158,4.216622295724158,4.216622295724158,4.216622295724158,4.216622295724158,4.216622295724158,4.216622295724158,4.216622295724158,4.216622295724158,4.216622295724158,4.216622295724158,4.216622295724158,4.216622295724158,4.216622295724158,4.216622295724158,4.216622295724158,4.216622295724158,4.216622295724158,4.216622295724158,4.216622295724158,4.216622295724158,4.216622295724158,4.216622295724158,4.216622295724158,4.216622295724158,4.216622295724158,4.216622295724158,4.216622295724158,4.216622295724158,4.216622295724158,4.216622295724158,4.216622295724158,4.216622295724158,4.216622295724158,4.216622295724158,4.216622295724158,4.216622295724158,4.216622295724158,3.6697685108002442,3.3897975251066126,3.3897975251066126,3.3897975251066126,3.3897975251066126,3.3897975251066126,3.3897975251066126,3.3897975251066126,3.3897975251066126,3.3897975251066126,3.3897975251066126,3.3897975251066126,3.3897975251066126,3.3897975251066126,3.3897975251066126,3.3897975251066126,3.3897975251066126,3.3897975251066126,3.3897975251066126,3.3897975251066126,3.3897975251066126,3.3897975251066126,3.3897975251066126,3.3897975251066126,3.3897975251066126,3.3897975251066126,3.3897975251066126,3.3897975251066126,3.3897975251066126,3.3897975251066126,3.3897975251066126,3.3897975251066126,3.3897975251066126,3.3897975251066126,3.3897975251066126,3.3897975251066126,3.3897975251066126,3.3897975251066126,3.3897975251066126,3.3897975251066126,3.3897975251066126,3.3897975251066126,3.3897975251066126,3.3897975251066126,3.3897975251066126,3.3897975251066126,3.3897975251066126,3.3897975251066126,3.3897975251066126,3.3897975251066126,3.3897975251066126,3.3897975251066126,3.3897975251066126,3.3897975251066126,3.3897975251066126,3.3897975251066126,3.3897975251066126,3.3897975251066126,3.3897975251066126,3.3897975251066126,3.3897975251066126,3.3897975251066126,3.3897975251066126,3.3897975251066126,3.3897975251066126,3.3897975251066126,3.3897975251066126,3.3897975251066126,3.3897975251066126,3.3897975251066126,3.3897975251066126,3.3897975251066126,3.3897975251066126,3.3897975251066126,3.3897975251066126,3.3897975251066126,3.3897975251066126,3.3897975251066126,3.3897975251066126,3.3897975251066126,3.3897975251066126,3.3897975251066126,3.3897975251066126,3.3897975251066126,3.3897975251066126,3.3897975251066126,3.3897975251066126,3.3897975251066126,3.3897975251066126,3.3897975251066126,3.3897975251066126,3.3897975251066126,3.3897975251066126,3.3897975251066126,3.3897975251066126,3.3897975251066126,3.3897975251066126,3.3897975251066126,3.3897975251066126,3.3897975251066126,3.3897975251066126,3.3897975251066126,3.3897975251066126,3.3897975251066126,3.3897975251066126,3.3897975251066126,3.3897975251066126,3.3897975251066126,3.3897975251066126,3.3897975251066126,3.3897975251066126,3.3897975251066126,3.3897975251066126,3.3897975251066126,3.3897975251066126,3.3897975251066126,3.3897975251066126,3.3897975251066126,3.3897975251066126,3.3897975251066126,3.3897975251066126,3.3897975251066126,3.3897975251066126,3.3897975251066126,3.3897975251066126,3.3897975251066126,3.3897975251066126,3.3897975251066126,3.3897975251066126,3.3897975251066126,3.3897975251066126,3.3897975251066126,3.3897975251066126,3.3897975251066126,3.3897975251066126,3.3897975251066126,3.3897975251066126,3.3897975251066126,3.3897975251066126,3.3897975251066126,3.3897975251066126,3.3897975251066126,3.3897975251066126,3.3897975251066126,3.3897975251066126,3.3897975251066126,3.3897975251066126,3.3897975251066126,3.3897975251066126,3.3897975251066126,3.3897975251066126,3.3897975251066126,3.3897975251066126,3.3897975251066126,3.3897975251066126,3.3897975251066126,3.3897975251066126,3.3897975251066126,3.3897975251066126,3.3897975251066126,3.3897975251066126,3.3897975251066126,3.3897975251066126,3.3897975251066126,3.3897975251066126,3.3897975251066126,3.3897975251066126,3.3897975251066126,2.4671069253314393,2.4671069253314393,2.361813357563026,2.361813357563026,2.361813357563026,2.361813357563026,2.361813357563026,2.361813357563026,2.361813357563026,2.361813357563026,2.361813357563026,2.361813357563026,2.361813357563026,2.361813357563026,2.361813357563026,2.361813357563026,2.361813357563026,2.361813357563026,2.361813357563026,2.361813357563026,2.361813357563026,2.361813357563026,2.361813357563026,2.361813357563026,2.361813357563026,2.361813357563026,2.361813357563026,2.361813357563026,2.361813357563026,2.361813357563026,2.361813357563026,2.361813357563026,2.361813357563026,2.361813357563026,2.361813357563026,2.361813357563026,2.361813357563026,2.361813357563026,2.361813357563026,2.361813357563026,2.361813357563026,2.361813357563026,2.361813357563026,2.361813357563026,2.361813357563026,2.361813357563026,2.361813357563026,2.361813357563026,2.361813357563026,2.361813357563026,2.361813357563026,2.361813357563026,2.361813357563026,2.361813357563026,2.361813357563026,2.361813357563026,2.361813357563026,2.361813357563026,2.361813357563026,2.361813357563026,2.361813357563026,2.361813357563026,2.361813357563026,2.361813357563026,2.361813357563026,2.361813357563026,2.361813357563026,2.361813357563026,2.361813357563026,2.361813357563026,2.361813357563026,2.361813357563026,2.361813357563026,2.361813357563026,2.361813357563026,2.361813357563026,2.361813357563026,2.361813357563026,2.361813357563026,2.361813357563026,2.361813357563026,2.361813357563026,2.361813357563026,2.361813357563026,2.361813357563026,2.361813357563026,2.361813357563026,2.361813357563026,2.361813357563026,2.361813357563026,2.361813357563026,2.361813357563026,2.361813357563026,2.361813357563026,2.361813357563026,2.361813357563026,2.361813357563026,2.361813357563026,2.361813357563026,2.361813357563026,2.361813357563026,2.361813357563026,2.361813357563026,2.361813357563026,2.361813357563026,2.361813357563026,2.361813357563026,2.361813357563026,2.361813357563026,2.361813357563026,2.361813357563026,2.361813357563026,2.361813357563026,2.361813357563026,2.361813357563026,2.361813357563026,2.361813357563026,2.361813357563026,2.361813357563026,2.361813357563026,2.361813357563026,2.361813357563026,2.361813357563026,2.361813357563026,2.361813357563026,2.361813357563026,2.361813357563026,2.361813357563026,2.361813357563026,2.361813357563026,2.361813357563026,2.361813357563026,2.361813357563026,2.361813357563026,2.361813357563026,2.361813357563026,2.361813357563026,2.361813357563026,2.361813357563026,2.361813357563026,2.361813357563026,2.361813357563026,2.361813357563026,2.361813357563026,2.361813357563026,2.361813357563026,2.361813357563026,2.361813357563026,2.361813357563026,2.361813357563026,2.361813357563026,2.361813357563026,2.361813357563026,2.361813357563026,2.361813357563026,2.361813357563026,2.361813357563026,2.361813357563026,2.361813357563026,2.361813357563026,2.361813357563026,2.361813357563026,2.361813357563026,2.361813357563026,2.361813357563026,2.361813357563026,2.361813357563026,2.361813357563026,2.361813357563026,2.361813357563026,2.361813357563026,2.361813357563026,2.361813357563026,2.361813357563026,2.361813357563026,2.361813357563026,2.361813357563026,2.361813357563026,2.361813357563026,2.361813357563026,2.361813357563026,2.361813357563026,2.361813357563026,2.361813357563026,2.361813357563026,2.361813357563026,2.361813357563026,2.361813357563026,2.361813357563026,2.361813357563026,2.361813357563026,2.361813357563026,2.361813357563026,2.361813357563026,2.361813357563026,2.361813357563026,2.361813357563026,2.361813357563026,2.361813357563026,2.361813357563026,2.361813357563026,2.361813357563026,2.361813357563026,2.361813357563026,2.361813357563026,2.361813357563026,2.361813357563026,2.361813357563026,2.361813357563026,2.361813357563026,2.361813357563026,2.361813357563026,2.361813357563026,2.361813357563026,2.361813357563026,2.361813357563026,2.361813357563026,2.361813357563026,2.361813357563026,2.361813357563026,2.361813357563026,2.361813357563026,2.361813357563026,2.361813357563026,2.361813357563026,2.361813357563026,2.361813357563026,2.361813357563026,2.361813357563026,2.361813357563026,2.361813357563026,2.361813357563026,2.361813357563026,2.361813357563026,2.361813357563026,2.361813357563026,2.361813357563026,2.361813357563026,2.361813357563026,2.361813357563026,2.361813357563026,2.361813357563026,2.361813357563026,2.361813357563026,2.361813357563026,2.361813357563026,2.361813357563026,2.361813357563026,2.361813357563026,2.361813357563026,2.361813357563026,2.361813357563026,2.361813357563026,2.361813357563026,2.361813357563026,2.361813357563026,2.361813357563026,2.361813357563026,2.361813357563026,2.361813357563026,2.361813357563026,2.361813357563026,2.361813357563026,2.361813357563026,2.361813357563026,2.361813357563026,2.361813357563026,2.361813357563026,2.361813357563026,2.361813357563026,2.361813357563026,2.361813357563026,2.361813357563026,2.361813357563026,2.361813357563026,2.361813357563026,2.361813357563026,2.361813357563026,2.361813357563026,2.361813357563026,2.361813357563026,2.361813357563026,2.361813357563026,2.361813357563026,2.361813357563026,2.361813357563026,2.361813357563026,2.361813357563026,2.361813357563026,2.361813357563026,2.361813357563026,2.361813357563026,2.361813357563026,2.361813357563026,2.361813357563026,2.361813357563026,2.361813357563026,2.361813357563026,2.361813357563026,2.361813357563026,2.361813357563026,2.361813357563026,2.361813357563026,2.361813357563026,2.361813357563026,2.361813357563026,2.361813357563026,2.361813357563026,2.361813357563026,2.361813357563026,2.361813357563026,2.361813357563026,2.361813357563026,2.361813357563026,2.361813357563026,2.361813357563026,2.361813357563026,2.361813357563026,2.361813357563026,2.361813357563026,2.361813357563026,2.361813357563026,2.361813357563026,2.361813357563026,2.361813357563026,2.361813357563026,2.361813357563026,2.361813357563026,2.361813357563026,2.361813357563026,2.361813357563026,2.361813357563026,2.361813357563026,2.361813357563026,2.361813357563026,2.361813357563026,2.361813357563026,2.361813357563026,2.361813357563026,2.361813357563026,2.361813357563026,2.361813357563026,2.361813357563026,2.361813357563026,2.361813357563026,2.361813357563026,2.361813357563026,2.361813357563026,2.361813357563026,2.361813357563026,2.361813357563026,2.361813357563026,2.361813357563026,2.361813357563026,2.361813357563026,2.361813357563026,2.361813357563026,2.361813357563026,2.361813357563026,2.361813357563026,2.361813357563026,2.361813357563026,2.361813357563026,2.361813357563026,2.361813357563026,2.361813357563026,2.361813357563026,2.361813357563026,2.361813357563026,2.361813357563026,2.361813357563026,2.361813357563026,2.361813357563026,2.361813357563026,2.361813357563026,2.361813357563026,2.361813357563026,2.361813357563026,2.361813357563026,2.361813357563026,2.361813357563026,2.361813357563026,2.361813357563026,2.361813357563026,2.361813357563026,2.361813357563026,2.361813357563026,2.361813357563026,2.361813357563026,2.361813357563026,2.361813357563026,2.361813357563026,2.361813357563026,2.361813357563026,2.361813357563026,2.361813357563026,2.361813357563026,2.361813357563026,2.361813357563026,2.361813357563026,2.361813357563026,2.361813357563026,2.361813357563026,2.361813357563026,2.361813357563026,2.361813357563026,2.361813357563026,2.361813357563026,2.361813357563026,2.361813357563026,2.361813357563026,2.361813357563026,2.361813357563026,2.361813357563026,2.361813357563026,2.361813357563026,2.361813357563026,2.361813357563026,2.361813357563026,2.361813357563026,2.361813357563026,2.361813357563026,2.361813357563026,2.361813357563026,2.361813357563026,2.361813357563026,2.361813357563026,2.361813357563026,2.361813357563026,2.361813357563026,2.361813357563026,2.361813357563026,2.361813357563026,2.361813357563026,2.361813357563026,2.361813357563026,2.361813357563026,2.361813357563026,2.361813357563026,2.361813357563026,2.361813357563026,2.361813357563026,2.361813357563026,2.361813357563026,2.361813357563026,2.361813357563026,2.361813357563026,2.361813357563026,2.361813357563026,2.361813357563026,2.361813357563026,2.361813357563026,2.361813357563026,2.361813357563026,2.361813357563026,2.361813357563026,2.361813357563026,2.361813357563026,2.361813357563026,2.361813357563026,2.361813357563026,2.361813357563026,2.361813357563026,2.361813357563026,2.361813357563026,2.361813357563026,2.361813357563026,2.361813357563026,2.361813357563026,2.361813357563026,2.361813357563026,2.361813357563026,2.361813357563026,2.361813357563026,2.361813357563026,2.361813357563026,2.361813357563026,2.361813357563026,2.361813357563026,2.361813357563026,2.361813357563026,2.361813357563026,2.361813357563026,2.361813357563026,2.361813357563026,2.361813357563026,2.361813357563026,2.361813357563026,2.361813357563026,2.361813357563026,2.361813357563026,2.361813357563026,2.361813357563026,2.361813357563026,2.361813357563026,2.361813357563026,2.361813357563026,2.361813357563026,2.361813357563026,2.361813357563026,2.361813357563026,2.361813357563026,2.361813357563026,2.361813357563026,2.361813357563026,2.361813357563026,2.361813357563026,2.361813357563026,2.361813357563026,2.361813357563026,2.361813357563026,2.361813357563026,2.361813357563026,2.361813357563026,2.361813357563026,2.361813357563026,2.361813357563026,2.361813357563026,2.361813357563026,2.361813357563026,2.361813357563026,2.361813357563026,2.361813357563026,2.361813357563026,2.361813357563026,2.361813357563026,2.361813357563026,2.361813357563026,2.361813357563026,2.361813357563026,2.361813357563026,2.361813357563026,2.361813357563026,2.361813357563026,2.361813357563026,2.361813357563026,2.361813357563026,2.361813357563026,2.361813357563026,2.361813357563026,2.361813357563026,2.361813357563026,2.361813357563026,2.361813357563026,2.361813357563026,2.361813357563026,2.361813357563026,2.361813357563026,2.361813357563026,2.361813357563026,2.361813357563026,2.361813357563026,2.361813357563026,2.361813357563026,2.361813357563026,2.361813357563026,2.361813357563026,2.361813357563026,2.361813357563026,2.361813357563026,2.361813357563026,2.361813357563026,2.361813357563026,2.361813357563026,2.361813357563026,2.361813357563026,2.361813357563026,2.361813357563026,2.361813357563026,2.361813357563026,2.361813357563026,2.361813357563026,2.361813357563026,2.361813357563026,2.361813357563026,2.361813357563026,2.361813357563026,2.361813357563026,2.361813357563026,2.361813357563026,2.361813357563026,2.361813357563026,2.361813357563026,2.361813357563026,2.361813357563026,2.361813357563026,2.361813357563026,2.361813357563026,2.361813357563026,2.361813357563026,2.361813357563026,2.361813357563026,2.361813357563026,2.361813357563026,2.361813357563026,2.361813357563026,2.361813357563026,2.361813357563026,2.361813357563026,2.361813357563026,2.361813357563026,2.361813357563026,2.361813357563026,2.361813357563026,2.361813357563026,2.361813357563026,2.361813357563026,2.361813357563026,2.361813357563026,2.361813357563026,2.361813357563026,2.361813357563026,2.361813357563026,2.361813357563026,2.361813357563026,2.361813357563026,2.361813357563026,2.361813357563026,2.361813357563026,2.361813357563026,2.361813357563026,2.361813357563026,2.361813357563026,2.361813357563026,2.361813357563026,2.361813357563026,2.361813357563026,2.361813357563026,2.361813357563026,2.361813357563026,8.175643837182035,6.4542556658753725,6.4542556658753725,6.4542556658753725,6.384444103755883,6.384444103755883,6.384444103755883,6.384444103755883,6.166607346238824,6.166607346238824,6.166607346238824,6.166607346238824,6.166607346238824,6.166607346238824,6.166607346238824,6.166607346238824,6.166607346238824,6.166607346238824,6.166607346238824,6.166607346238824,6.166607346238824,6.166607346238824,6.166607346238824,6.166607346238824,6.166607346238824,6.166607346238824,6.166607346238824,6.166607346238824,6.166607346238824,6.166607346238824,6.166607346238824,6.166607346238824,6.166607346238824,6.166607346238824,6.166607346238824,6.166607346238824,6.1622584699170035,6.1622584699170035,6.1622584699170035,6.1622584699170035,6.1622584699170035,6.1622584699170035,6.1622584699170035,6.1622584699170035,6.1622584699170035,6.1622584699170035,6.1622584699170035,6.1622584699170035,6.1622584699170035,6.1622584699170035,6.1622584699170035,6.1622584699170035,6.1622584699170035,6.1622584699170035,6.1622584699170035,6.1622584699170035,6.1622584699170035,6.1622584699170035,6.1622584699170035,6.1622584699170035,6.1622584699170035,6.1622584699170035,6.1622584699170035,6.1622584699170035,6.1622584699170035,6.1622584699170035,6.1622584699170035,6.1622584699170035,6.1622584699170035,6.1622584699170035,6.1622584699170035,5.572928087562247,4.905875619012626,4.905875619012626,4.905875619012626,4.905875619012626,4.905875619012626,4.905875619012626,4.905875619012626,4.905875619012626,4.905875619012626,4.905875619012626,4.905875619012626,4.905875619012626,4.905875619012626,4.905875619012626,4.905875619012626,4.905875619012626,4.905875619012626,4.905875619012626,4.905875619012626,4.905875619012626,4.905875619012626,4.905875619012626,4.905875619012626,4.905875619012626,4.905875619012626,4.905875619012626,4.905875619012626,4.905875619012626,4.905875619012626,4.905875619012626,4.905875619012626,4.905875619012626,4.905875619012626,4.905875619012626,4.905875619012626,4.905875619012626,4.905875619012626,4.905875619012626,4.905875619012626,4.905875619012626,4.905875619012626,4.905875619012626,4.905875619012626,4.905875619012626,4.905875619012626,4.905875619012626,4.905875619012626,4.905875619012626,4.905875619012626,4.905875619012626,4.905875619012626,4.905875619012626,4.905875619012626,4.905875619012626,4.905875619012626,4.905875619012626,4.905875619012626,4.905875619012626,4.905875619012626,4.905875619012626,4.905875619012626,4.905875619012626,4.905875619012626,4.905875619012626,4.905875619012626,4.905875619012626,4.905875619012626,4.905875619012626,4.905875619012626,4.905875619012626,4.905875619012626,4.905875619012626,4.905875619012626,4.905875619012626,4.905875619012626,4.905875619012626,4.905875619012626,4.905875619012626,4.905875619012626,4.905875619012626,4.905875619012626,4.905875619012626,4.905875619012626,4.905875619012626,4.905875619012626,4.905875619012626,4.905875619012626,4.905875619012626,4.905875619012626,4.905875619012626,4.905875619012626,4.905875619012626,4.905875619012626,4.905875619012626,4.905875619012626,4.905875619012626,4.905875619012626,4.905875619012626,4.905875619012626,4.905875619012626,4.905875619012626,4.905875619012626,4.905875619012626,4.905875619012626,4.707922580966588,4.707922580966588,4.707922580966588,4.707922580966588,4.707922580966588,4.707922580966588,4.707922580966588,4.707922580966588,4.707922580966588,4.707922580966588,4.707922580966588,4.707922580966588,4.707922580966588,4.707922580966588,4.707922580966588,4.707922580966588,4.707922580966588,4.707922580966588,4.707922580966588,4.707922580966588,4.707922580966588,4.707922580966588,4.707922580966588,4.707922580966588,4.707922580966588,4.707922580966588,4.707922580966588,4.707922580966588,4.707922580966588,4.707922580966588,4.707922580966588,4.707922580966588,4.707922580966588,4.707922580966588,4.707922580966588,4.707922580966588,4.707922580966588,4.707922580966588,4.707922580966588,4.707922580966588,4.707922580966588,4.707922580966588,4.707922580966588,4.707922580966588,4.707922580966588,4.707922580966588,4.707922580966588,4.707922580966588,4.707922580966588,4.707922580966588,4.707922580966588,4.707922580966588,4.707922580966588,4.707922580966588,4.707922580966588,4.707922580966588,4.707922580966588,4.707922580966588,4.707922580966588,4.707922580966588,4.707922580966588,4.707922580966588,4.707922580966588,4.707922580966588,4.707922580966588,4.707922580966588,4.707922580966588,4.707922580966588,4.707922580966588,4.707922580966588,4.707922580966588,4.707922580966588,4.707922580966588,4.707922580966588,4.707922580966588,4.707922580966588,4.707922580966588,4.707922580966588,4.707922580966588,4.707922580966588,4.707922580966588,4.707922580966588,4.707922580966588,4.707922580966588,4.707922580966588,4.707922580966588,4.707922580966588,4.707922580966588,4.707922580966588,4.707922580966588,4.707922580966588,4.707922580966588,4.707922580966588,4.707922580966588,4.707922580966588,4.707922580966588,4.707922580966588,4.707922580966588,4.707922580966588,4.707922580966588,4.707922580966588,4.707922580966588,4.707922580966588,4.707922580966588,4.707922580966588,4.707922580966588,4.707922580966588,4.707922580966588,4.707922580966588,4.707922580966588,4.707922580966588,4.707922580966588,4.707922580966588,4.707922580966588,4.707922580966588,4.707922580966588,4.707922580966588,4.707922580966588,4.707922580966588,4.707922580966588,4.707922580966588,4.707922580966588,4.707922580966588,4.516444999153195,3.973939967189101,3.973939967189101,3.973939967189101,3.850249947360499,3.850249947360499,3.850249947360499,3.850249947360499,3.850249947360499,3.850249947360499,3.850249947360499,3.850249947360499,3.850249947360499,3.850249947360499,3.850249947360499,3.850249947360499,3.850249947360499,3.850249947360499,3.850249947360499,3.850249947360499,3.850249947360499,3.850249947360499,3.850249947360499,3.850249947360499,3.850249947360499,3.850249947360499,3.850249947360499,3.850249947360499,3.850249947360499,3.850249947360499,3.850249947360499,3.850249947360499,3.850249947360499,3.850249947360499,3.850249947360499,3.850249947360499,3.850249947360499,3.850249947360499,3.850249947360499,3.850249947360499,3.850249947360499,3.850249947360499,3.850249947360499,3.850249947360499,3.850249947360499,3.850249947360499,3.850249947360499,3.850249947360499,3.850249947360499,3.850249947360499,3.850249947360499,3.850249947360499,3.850249947360499,3.850249947360499,3.850249947360499,3.850249947360499,3.850249947360499,3.850249947360499,3.850249947360499,3.850249947360499,3.850249947360499,3.850249947360499,3.850249947360499,3.850249947360499,3.850249947360499,3.850249947360499,3.850249947360499,3.850249947360499,3.850249947360499,3.850249947360499,3.850249947360499,3.850249947360499,3.850249947360499,3.850249947360499,3.850249947360499,3.850249947360499,3.850249947360499,3.850249947360499,3.850249947360499,3.850249947360499,3.850249947360499,3.850249947360499,3.850249947360499,3.850249947360499,3.850249947360499,3.850249947360499,3.850249947360499,3.850249947360499,3.850249947360499,3.850249947360499,3.850249947360499,3.850249947360499,3.850249947360499,3.850249947360499,3.850249947360499,3.850249947360499,3.850249947360499,3.850249947360499,3.850249947360499,3.850249947360499,3.850249947360499,3.850249947360499,3.850249947360499,3.850249947360499,3.850249947360499,3.850249947360499,3.850249947360499,3.850249947360499,3.850249947360499,3.850249947360499,3.850249947360499,3.850249947360499,3.850249947360499,3.850249947360499,3.850249947360499,3.850249947360499,3.850249947360499,3.850249947360499,3.850249947360499,3.850249947360499,3.850249947360499,3.850249947360499,3.850249947360499,3.850249947360499,3.850249947360499,3.850249947360499,3.850249947360499,3.850249947360499,3.850249947360499,3.850249947360499,3.850249947360499,3.850249947360499,3.850249947360499,3.850249947360499,3.850249947360499,3.850249947360499,3.850249947360499,3.850249947360499,3.850249947360499,3.850249947360499,3.850249947360499,3.850249947360499,3.850249947360499,3.850249947360499,3.850249947360499,3.850249947360499,3.850249947360499,3.850249947360499,3.850249947360499,3.850249947360499,3.850249947360499,3.850249947360499,3.850249947360499,3.850249947360499,3.850249947360499,3.850249947360499,3.850249947360499,3.850249947360499,3.850249947360499,3.850249947360499,3.850249947360499,3.850249947360499,3.850249947360499,3.850249947360499,3.850249947360499,3.850249947360499,3.209040548895798,3.209040548895798,3.209040548895798,3.209040548895798,3.209040548895798,3.209040548895798,3.209040548895798,3.209040548895798,3.209040548895798,3.209040548895798,3.209040548895798,3.209040548895798,3.209040548895798,3.209040548895798,3.209040548895798,3.209040548895798,3.209040548895798,3.209040548895798,3.209040548895798,3.209040548895798,3.209040548895798,3.209040548895798,3.209040548895798,3.209040548895798,3.209040548895798,3.209040548895798,3.209040548895798,3.209040548895798,3.209040548895798,3.209040548895798,3.209040548895798,3.209040548895798,3.209040548895798,3.209040548895798,3.209040548895798,3.209040548895798,3.209040548895798,3.209040548895798,3.209040548895798,3.209040548895798,3.209040548895798,3.209040548895798,3.209040548895798,3.209040548895798,3.209040548895798,3.209040548895798,3.209040548895798,3.209040548895798,3.209040548895798,3.209040548895798,3.209040548895798,3.209040548895798,3.209040548895798,3.209040548895798,3.209040548895798,3.209040548895798,3.209040548895798,3.209040548895798,3.209040548895798,3.209040548895798,3.209040548895798,3.209040548895798,3.209040548895798,3.209040548895798,3.209040548895798,3.209040548895798,3.209040548895798,3.209040548895798,3.209040548895798,3.209040548895798,3.209040548895798,3.209040548895798,3.209040548895798,3.209040548895798,3.209040548895798,3.209040548895798,3.209040548895798,3.209040548895798,3.209040548895798,3.209040548895798,3.209040548895798,3.209040548895798,3.209040548895798,3.209040548895798,3.209040548895798,3.209040548895798,3.209040548895798,3.209040548895798,3.209040548895798,3.209040548895798,3.209040548895798,3.209040548895798,3.209040548895798,3.209040548895798,3.209040548895798,3.209040548895798,3.209040548895798,3.209040548895798,3.209040548895798,3.209040548895798,3.209040548895798,3.209040548895798,3.209040548895798,3.209040548895798,3.209040548895798,3.209040548895798,3.209040548895798,3.209040548895798,3.209040548895798,3.209040548895798,3.209040548895798,3.209040548895798,3.209040548895798,3.209040548895798,3.209040548895798,3.209040548895798,3.209040548895798,3.209040548895798,3.209040548895798,3.209040548895798,3.209040548895798,3.209040548895798,1.8751236746492832,1.8751236746492832,1.8751236746492832,1.8751236746492832,1.8751236746492832,1.8751236746492832,1.8751236746492832,1.8751236746492832,1.8751236746492832,1.8751236746492832,1.8751236746492832,1.8751236746492832,1.8751236746492832,1.8751236746492832,1.8751236746492832,1.8751236746492832,1.8751236746492832,1.8751236746492832,1.8751236746492832,1.8751236746492832,1.8751236746492832,1.8751236746492832,1.8751236746492832,1.8751236746492832,1.8751236746492832,1.8751236746492832,1.8751236746492832,1.8751236746492832,1.8751236746492832,1.8751236746492832,1.8751236746492832,1.8751236746492832,1.8751236746492832,1.8751236746492832,1.8751236746492832,1.8751236746492832,1.8751236746492832,1.8751236746492832,1.8751236746492832,1.8751236746492832,1.8751236746492832,1.8751236746492832,1.8751236746492832,1.8751236746492832,1.8751236746492832,1.8751236746492832,1.8751236746492832,1.8751236746492832,1.8751236746492832,1.8751236746492832,1.8751236746492832,1.8751236746492832,1.8751236746492832,1.8751236746492832,1.8751236746492832,1.8751236746492832,1.8751236746492832,1.8751236746492832,1.8751236746492832,1.8751236746492832,1.8751236746492832,1.8751236746492832,1.8751236746492832,1.8751236746492832,1.8751236746492832,1.8751236746492832,1.8751236746492832,1.8751236746492832,1.8751236746492832,1.8751236746492832,1.8751236746492832,1.8751236746492832,1.8751236746492832,1.8751236746492832,1.8751236746492832,1.8751236746492832,1.8751236746492832,1.8751236746492832,1.8751236746492832,1.8751236746492832,1.8751236746492832,1.8751236746492832,1.8751236746492832,1.8751236746492832,1.8751236746492832,1.8751236746492832,1.8751236746492832,1.8751236746492832,1.8751236746492832,1.8751236746492832,1.8751236746492832,1.8751236746492832,1.8751236746492832,1.8751236746492832,1.8751236746492832,1.8751236746492832,1.8751236746492832,1.8751236746492832,1.8751236746492832,1.8751236746492832,1.8751236746492832,1.8751236746492832,1.8751236746492832,1.8751236746492832,1.8751236746492832,1.8751236746492832,1.8751236746492832,1.8751236746492832,1.8751236746492832,1.8751236746492832,1.8751236746492832,1.8751236746492832,1.8751236746492832,1.8751236746492832,1.8751236746492832,1.8751236746492832,1.8751236746492832,1.8751236746492832,1.8751236746492832,1.8751236746492832,1.8751236746492832,1.8751236746492832,1.8751236746492832,1.8751236746492832,1.8751236746492832,1.8751236746492832,1.8751236746492832,1.8751236746492832,1.8751236746492832,1.8751236746492832,1.8751236746492832,1.8751236746492832,1.8751236746492832,1.8751236746492832,1.8751236746492832,1.8751236746492832,1.8751236746492832,1.8751236746492832,1.8751236746492832,1.8751236746492832,1.8751236746492832,1.8751236746492832,1.8751236746492832,1.8751236746492832,1.8751236746492832,1.8751236746492832,1.8751236746492832,1.8751236746492832,1.8751236746492832,1.8751236746492832,1.8751236746492832,1.8751236746492832,1.8751236746492832,1.8751236746492832,1.8751236746492832,1.8751236746492832,1.8751236746492832,1.8751236746492832,1.8751236746492832,1.8751236746492832,1.8751236746492832,1.8751236746492832,1.8751236746492832,1.8751236746492832,1.8751236746492832,1.8751236746492832,1.8751236746492832,1.8751236746492832,1.8751236746492832,1.8751236746492832,1.8751236746492832,1.8751236746492832,1.8751236746492832,1.8751236746492832,1.8751236746492832,1.8751236746492832,1.8751236746492832,1.8751236746492832,1.8751236746492832,1.8751236746492832,1.8751236746492832,1.8751236746492832,1.8751236746492832,1.8751236746492832,1.8751236746492832,1.8751236746492832,1.8751236746492832,1.8751236746492832,1.8751236746492832,1.8751236746492832,1.8751236746492832,1.8751236746492832,1.8751236746492832,1.8751236746492832,1.8751236746492832,1.8751236746492832,1.8751236746492832,1.8751236746492832,1.8751236746492832,1.8751236746492832,1.8751236746492832,1.8751236746492832,1.8751236746492832,1.8751236746492832,1.8751236746492832,1.8751236746492832,1.8751236746492832,1.8751236746492832,1.8751236746492832,1.8751236746492832,1.8751236746492832,1.8751236746492832,1.8751236746492832,1.8751236746492832,1.8751236746492832,1.8751236746492832,1.8751236746492832,1.8751236746492832,1.8751236746492832,1.8751236746492832,1.8751236746492832,1.8751236746492832,1.8751236746492832,1.8751236746492832,1.8751236746492832,1.8751236746492832,1.8751236746492832,1.8751236746492832,1.8751236746492832,1.8751236746492832,1.8751236746492832,1.8751236746492832,1.8751236746492832,1.8751236746492832,1.8751236746492832,1.8751236746492832,1.8751236746492832,1.8751236746492832,1.8751236746492832,1.8751236746492832,1.8751236746492832,1.8751236746492832,1.8751236746492832,1.8751236746492832,1.8751236746492832,1.8751236746492832,1.8751236746492832,1.8751236746492832,1.8751236746492832,1.8751236746492832,1.8751236746492832,1.8751236746492832,1.8751236746492832,1.8751236746492832,1.8751236746492832,1.8751236746492832,1.8751236746492832,1.8751236746492832,1.8751236746492832,1.8751236746492832,1.8751236746492832,1.8751236746492832,1.8751236746492832,1.8751236746492832,1.8751236746492832,1.8751236746492832,1.8751236746492832,1.8751236746492832,1.8751236746492832,1.8751236746492832,1.8751236746492832,1.8751236746492832,1.8751236746492832,1.8751236746492832,1.8751236746492832,1.8751236746492832,1.8751236746492832,1.8751236746492832,1.8751236746492832,1.8751236746492832,1.8751236746492832,1.8751236746492832,1.8751236746492832,1.8751236746492832,1.8751236746492832,1.8751236746492832,1.8751236746492832,1.8751236746492832,1.8751236746492832,1.8751236746492832,1.8751236746492832,1.8751236746492832,1.8751236746492832,1.8751236746492832,1.8751236746492832,1.8751236746492832,1.8751236746492832,1.8751236746492832,1.8751236746492832,1.8751236746492832,1.8751236746492832,1.8751236746492832,1.8751236746492832,1.8751236746492832,1.8751236746492832,1.8751236746492832,1.8751236746492832,1.8751236746492832,1.8751236746492832,1.8751236746492832,1.8751236746492832,1.8751236746492832,1.8751236746492832,1.8751236746492832,1.8751236746492832,1.8751236746492832,1.8751236746492832,1.8751236746492832,1.8751236746492832,1.8751236746492832,1.8751236746492832,1.8751236746492832,1.8751236746492832,1.8751236746492832,1.8751236746492832,1.8751236746492832,1.8751236746492832,1.8751236746492832,1.8751236746492832,1.8751236746492832,1.8751236746492832,1.8751236746492832,1.8751236746492832,1.8751236746492832,1.8751236746492832,1.8751236746492832,1.8751236746492832,1.8751236746492832,1.8751236746492832,1.8751236746492832,1.8751236746492832,1.8751236746492832,1.8751236746492832,1.8751236746492832,1.8751236746492832,1.8751236746492832,1.8751236746492832,1.8751236746492832,1.8751236746492832,1.8751236746492832,1.8751236746492832,1.8751236746492832,1.8751236746492832,1.8751236746492832,1.8751236746492832,1.8751236746492832,1.8751236746492832,1.8751236746492832,1.8751236746492832,1.8751236746492832,1.8751236746492832,1.8751236746492832,1.8751236746492832,1.8751236746492832,1.8751236746492832,1.8751236746492832,1.8751236746492832,1.8751236746492832,1.8751236746492832,1.8751236746492832,1.8751236746492832,1.8751236746492832,1.8751236746492832,1.8751236746492832,1.8751236746492832,1.8751236746492832,1.8751236746492832,1.8751236746492832,1.8751236746492832,1.8751236746492832,1.8751236746492832,1.8751236746492832,1.8751236746492832,1.8751236746492832,1.8751236746492832,1.8751236746492832,1.8751236746492832,1.8751236746492832,1.8751236746492832,1.8751236746492832,1.8751236746492832,1.8751236746492832,1.8751236746492832,1.8751236746492832,1.8751236746492832,1.8751236746492832,1.8751236746492832,1.8751236746492832,1.8751236746492832,1.8751236746492832,1.8751236746492832,1.8751236746492832,1.8751236746492832,1.8751236746492832,1.8751236746492832,1.8751236746492832,1.8751236746492832,1.8751236746492832,1.8751236746492832,1.8751236746492832,1.8751236746492832,1.8751236746492832,1.8751236746492832,9.102431287499163,9.102431287499163,9.102431287499163,9.102431287499163,9.102431287499163,9.102431287499163,9.102431287499163,9.102431287499163,9.102431287499163,7.3679224161995425,7.094042689672049,7.094042689672049,7.094042689672049,7.094042689672049,7.094042689672049,7.094042689672049,7.094042689672049,7.094042689672049,7.094042689672049,7.094042689672049,7.094042689672049,7.0896530975287115,7.0896530975287115,7.0896530975287115,7.0896530975287115,7.0896530975287115,7.0896530975287115,7.0896530975287115,7.0896530975287115,7.0896530975287115,7.0896530975287115,7.0896530975287115,7.0896530975287115,7.088396811776764,7.088396811776764,7.088396811776764,7.088396811776764,7.088396811776764,7.088396811776764,7.088396811776764,7.088396811776764,7.088396811776764,7.088396811776764,7.088396811776764,7.088396811776764,7.088396811776764,7.088396811776764,7.088396811776764,7.088396811776764,7.088396811776764,7.088396811776764,7.088396811776764,7.088396811776764,7.088396811776764,7.088396811776764,7.088396811776764,7.088396811776764,7.088396811776764,7.088396811776764,7.088396811776764,7.088396811776764,7.088396811776764,7.088396811776764,7.088396811776764,7.088396811776764,7.088396811776764,7.088396811776764,7.088396811776764,7.088396811776764,7.088396811776764,7.088396811776764,7.088396811776764,7.088396811776764,7.088396811776764,7.088396811776764,7.088396811776764,6.778486623020114,6.341577928884396,6.341577928884396,6.341577928884396,6.341577928884396,6.341577928884396,6.326552033117766,6.326552033117766,5.909287023089416,5.909287023089416,5.909287023089416,5.540907072007156,5.540907072007156,5.540907072007156,5.540907072007156,5.540907072007156,5.540907072007156,5.540907072007156,5.540907072007156,5.540907072007156,5.540907072007156,5.540907072007156,5.540907072007156,5.540907072007156,5.540907072007156,5.540907072007156,5.540907072007156,5.540907072007156,5.540907072007156,5.540907072007156,5.540907072007156,5.540907072007156,5.540907072007156,5.540907072007156,5.540907072007156,5.540907072007156,5.540907072007156,5.540907072007156,5.540907072007156,5.540907072007156,5.540907072007156,5.540907072007156,5.540907072007156,5.540907072007156,5.540907072007156,5.540907072007156,5.540907072007156,5.540907072007156,5.540907072007156,5.540907072007156,5.540907072007156,5.540907072007156,5.540907072007156,5.540907072007156,5.540907072007156,5.540907072007156,5.540907072007156,5.540907072007156,5.540907072007156,5.540907072007156,5.540907072007156,5.540907072007156,5.540907072007156,5.540907072007156,5.540907072007156,5.540907072007156,5.540907072007156,5.540907072007156,5.540907072007156,5.540907072007156,5.540907072007156,5.540907072007156,5.540907072007156,5.540907072007156,5.540907072007156,5.540907072007156,5.540907072007156,5.540907072007156,5.540907072007156,5.540907072007156,5.540907072007156,5.540907072007156,5.540907072007156,5.540907072007156,5.540907072007156,5.540907072007156,5.540907072007156,5.540907072007156,5.503477017529932,5.503477017529932,5.503477017529932,5.497680203992325,5.497680203992325,5.497680203992325,5.497680203992325,5.497680203992325,5.497680203992325,5.497680203992325,5.497680203992325,5.497680203992325,5.497680203992325,5.497680203992325,5.497680203992325,5.497680203992325,5.497680203992325,5.497680203992325,5.497680203992325,5.497680203992325,5.497680203992325,5.497680203992325,5.497680203992325,5.497680203992325,5.497680203992325,5.497680203992325,5.497680203992325,5.497680203992325,5.497680203992325,5.497680203992325,5.497680203992325,5.497680203992325,5.497680203992325,5.497680203992325,5.497680203992325,5.497680203992325,5.497680203992325,5.497680203992325,5.497680203992325,5.497680203992325,5.497680203992325,5.497680203992325,5.497680203992325,5.497680203992325,5.497680203992325,5.497680203992325,5.497680203992325,5.497680203992325,5.497680203992325,5.497680203992325,5.497680203992325,5.497680203992325,5.497680203992325,5.497680203992325,5.497680203992325,5.497680203992325,5.497680203992325,5.497680203992325,5.497680203992325,5.497680203992325,5.497680203992325,5.497680203992325,5.497680203992325,5.497680203992325,5.497680203992325,5.497680203992325,5.497680203992325,5.497680203992325,5.497680203992325,5.497680203992325,5.497680203992325,5.497680203992325,5.497680203992325,5.497680203992325,5.497680203992325,5.497680203992325,5.497680203992325,5.497680203992325,5.497680203992325,5.497680203992325,5.497680203992325,5.497680203992325,5.497680203992325,5.497680203992325,5.497680203992325,5.497680203992325,5.497680203992325,5.32898723679337,5.32898723679337,5.32898723679337,5.32898723679337,5.32898723679337,5.32898723679337,5.32898723679337,5.32898723679337,5.32898723679337,5.32898723679337,5.32898723679337,5.32898723679337,5.32898723679337,5.32898723679337,5.32898723679337,5.32898723679337,5.32898723679337,5.32898723679337,5.32898723679337,5.32898723679337,5.32898723679337,5.32898723679337,5.32898723679337,5.32898723679337,5.32898723679337,5.32898723679337,5.32898723679337,5.32898723679337,5.32898723679337,5.32898723679337,5.32898723679337,5.32898723679337,5.32898723679337,5.32898723679337,5.32898723679337,5.32898723679337,5.32898723679337,5.32898723679337,5.32898723679337,5.32898723679337,5.32898723679337,5.32898723679337,5.32898723679337,5.32898723679337,5.32898723679337,5.32898723679337,5.32898723679337,5.32898723679337,5.32898723679337,5.32898723679337,5.32898723679337,5.32898723679337,5.32898723679337,5.32898723679337,5.32898723679337,5.32898723679337,5.32898723679337,5.32898723679337,5.32898723679337,5.32898723679337,5.32898723679337,5.32898723679337,5.32898723679337,5.32898723679337,5.32898723679337,5.32898723679337,5.32898723679337,5.32898723679337,5.32898723679337,5.32898723679337,5.32898723679337,5.32898723679337,5.32898723679337,5.32898723679337,5.32898723679337,5.32898723679337,5.32898723679337,5.32898723679337,5.32898723679337,5.32898723679337,5.32898723679337,5.32898723679337,5.32898723679337,5.32898723679337,5.32898723679337,5.32898723679337,5.32898723679337,5.32898723679337,5.32898723679337,5.32898723679337,5.32898723679337,5.32898723679337,5.32898723679337,5.32898723679337,5.32898723679337,5.32898723679337,5.32898723679337,5.32898723679337,5.32898723679337,5.32898723679337,5.32898723679337,5.32898723679337,5.32898723679337,5.32898723679337,5.32898723679337,5.32898723679337,5.32898723679337,5.32898723679337,5.32898723679337,5.32898723679337,5.32898723679337,5.32898723679337,5.32898723679337,5.32898723679337,5.32898723679337,5.32898723679337,5.32898723679337,5.32898723679337,5.32898723679337,5.32898723679337,5.32898723679337,5.32898723679337,5.32898723679337,5.32898723679337,5.32898723679337,5.32898723679337,5.32898723679337,5.32898723679337,5.32898723679337,5.32898723679337,5.32898723679337,5.32898723679337,5.32898723679337,5.32898723679337,5.32898723679337,5.32898723679337,5.32898723679337,5.32898723679337,5.32898723679337,5.32898723679337,5.32898723679337,5.32898723679337,5.32898723679337,5.32898723679337,5.32898723679337,5.326936130967713,5.299950878823783,5.299950878823783,5.299950878823783,5.299950878823783,5.299950878823783,5.299950878823783,5.299950878823783,5.299950878823783,5.299950878823783,5.299950878823783,5.299950878823783,5.299950878823783,5.299950878823783,5.299950878823783,5.299950878823783,5.299950878823783,5.299950878823783,5.299950878823783,5.299950878823783,5.299950878823783,5.299950878823783,5.299950878823783,5.299950878823783,5.299950878823783,5.299950878823783,5.299950878823783,5.299950878823783,5.299950878823783,5.299950878823783,5.299950878823783,5.299950878823783,5.299950878823783,5.299950878823783,5.299950878823783,5.299950878823783,5.299950878823783,5.299950878823783,5.299950878823783,5.299950878823783,5.299950878823783,5.299950878823783,5.299950878823783,5.299950878823783,5.299950878823783,5.299950878823783,5.299950878823783,5.299950878823783,5.299950878823783,5.299950878823783,5.299950878823783,4.469387780781861,4.469387780781861,4.469387780781861,4.469387780781861,4.469387780781861,4.469387780781861,4.469387780781861,4.469387780781861,4.469387780781861,4.469387780781861,4.469387780781861,4.469387780781861,4.469387780781861,4.469387780781861,4.469387780781861,4.469387780781861,4.469387780781861,4.469387780781861,4.469387780781861,4.469387780781861,4.469387780781861,4.469387780781861,4.469387780781861,4.469387780781861,4.469387780781861,4.469387780781861,4.469387780781861,4.469387780781861,4.469387780781861,4.469387780781861,4.469387780781861,4.469387780781861,4.469387780781861,4.469387780781861,4.469387780781861,4.469387780781861,4.469387780781861,4.469387780781861,4.469387780781861,4.469387780781861,4.469387780781861,4.469387780781861,4.469387780781861,4.469387780781861,4.469387780781861,4.469387780781861,4.469387780781861,4.469387780781861,4.469387780781861,4.469387780781861,4.469387780781861,4.469387780781861,4.469387780781861,4.469387780781861,4.469387780781861,4.469387780781861,4.469387780781861,4.469387780781861,4.469387780781861,4.469387780781861,4.469387780781861,4.469387780781861,4.469387780781861,4.469387780781861,4.469387780781861,4.469387780781861,4.469387780781861,4.469387780781861,4.469387780781861,4.469387780781861,4.469387780781861,4.469387780781861,4.469387780781861,4.469387780781861,4.469387780781861,4.469387780781861,4.469387780781861,4.469387780781861,4.469387780781861,4.469387780781861,4.469387780781861,4.469387780781861,4.469387780781861,4.469387780781861,4.469387780781861,4.469387780781861,4.469387780781861,4.469387780781861,4.469387780781861,4.469387780781861,4.469387780781861,4.469387780781861,4.469387780781861,4.469387780781861,4.469387780781861,4.469387780781861,4.469387780781861,4.469387780781861,4.469387780781861,4.469387780781861,4.469387780781861,4.469387780781861,4.469387780781861,4.469387780781861,4.469387780781861,4.469387780781861,4.469387780781861,4.469387780781861,4.469387780781861,4.469387780781861,4.469387780781861,4.469387780781861,4.469387780781861,4.469387780781861,4.469387780781861,4.469387780781861,4.469387780781861,4.469387780781861,4.469387780781861,4.469387780781861,4.469387780781861,4.469387780781861,4.469387780781861,4.469387780781861,4.469387780781861,4.469387780781861,4.469387780781861,4.469387780781861,4.469387780781861,4.469387780781861,4.469387780781861,4.469387780781861,4.469387780781861,4.469387780781861,4.469387780781861,4.469387780781861,4.469387780781861,4.469387780781861,4.469387780781861,4.469387780781861,4.469387780781861,4.469387780781861,4.469387780781861,4.469387780781861,4.469387780781861,4.469387780781861,4.469387780781861,4.469387780781861,4.469387780781861,4.469387780781861,4.469387780781861,4.469387780781861,4.469387780781861,4.469387780781861,4.469387780781861,4.469387780781861,4.469387780781861,4.469387780781861,4.469387780781861,4.469387780781861,4.469387780781861,4.469387780781861,4.469387780781861,4.469387780781861,4.469387780781861,4.469387780781861,4.469387780781861,4.469387780781861,4.469387780781861,4.469387780781861,4.469387780781861,4.469387780781861,4.469387780781861,4.469387780781861,4.469387780781861,4.469387780781861,4.469387780781861,4.469387780781861,4.469387780781861,4.469387780781861,4.469387780781861,4.469387780781861,4.469387780781861,4.469387780781861,4.469387780781861,4.469387780781861,4.469387780781861,4.469387780781861,4.469387780781861,4.469387780781861,4.469387780781861,4.469387780781861,4.469387780781861,4.469387780781861,4.469387780781861,4.469387780781861,4.469387780781861,4.469387780781861,4.469387780781861,4.469387780781861,4.469387780781861,4.469387780781861,4.469387780781861,4.469387780781861,4.469387780781861,4.469387780781861,4.469387780781861,4.469387780781861,4.469387780781861,4.469387780781861,4.469387780781861,4.469387780781861,4.469387780781861,4.469387780781861,4.469387780781861,4.469387780781861,4.469387780781861,4.469387780781861,4.469387780781861,4.469387780781861,4.469387780781861,4.469387780781861,4.469387780781861,4.469387780781861,4.469387780781861,4.469387780781861,4.469387780781861,4.469387780781861,4.469387780781861,4.469387780781861,4.469387780781861,4.469387780781861,4.469387780781861,4.469387780781861,4.469387780781861,4.469387780781861,4.469387780781861,4.469387780781861,4.469387780781861,4.469387780781861,4.469387780781861,4.469387780781861,4.469387780781861,4.469387780781861,4.469387780781861,4.469387780781861,4.469387780781861,4.469387780781861,4.469387780781861,4.469387780781861,4.469387780781861,4.469387780781861,4.469387780781861,4.469387780781861,4.469387780781861,4.469387780781861,4.469387780781861,4.469387780781861,4.469387780781861,4.469387780781861,4.469387780781861,4.469387780781861,4.469387780781861,4.469387780781861,4.469387780781861,4.469387780781861,4.469387780781861,4.469387780781861,4.469387780781861,4.469387780781861,4.469387780781861,4.469387780781861,4.469387780781861,4.469387780781861,4.469387780781861,4.469387780781861,4.469387780781861,4.469387780781861,4.469387780781861,4.469387780781861,4.469387780781861,4.469387780781861,4.469387780781861,4.469387780781861,4.469387780781861,4.469387780781861,4.469387780781861,4.469387780781861,4.469387780781861,4.469387780781861,4.469387780781861,4.469387780781861,4.469387780781861,4.469387780781861,4.469387780781861,4.469387780781861,4.469387780781861,4.469387780781861,4.469387780781861,4.469387780781861,4.469387780781861,4.469387780781861,4.469387780781861,4.469387780781861,4.469387780781861,4.469387780781861,4.469387780781861,4.469387780781861,4.469387780781861,4.469387780781861,4.469387780781861,4.469387780781861,4.469387780781861,4.469387780781861,4.469387780781861,4.469387780781861,4.469387780781861,4.469387780781861,4.469387780781861,4.469387780781861,4.469387780781861,4.469387780781861,4.469387780781861,4.469387780781861,4.469387780781861,4.469387780781861,4.469387780781861,4.469387780781861,4.469387780781861,4.469387780781861,4.469387780781861,4.469387780781861,4.469387780781861,4.469387780781861,4.469387780781861,4.469387780781861,4.469387780781861,4.469387780781861,4.469387780781861,4.469387780781861,4.469387780781861,4.469387780781861,4.469387780781861,4.469387780781861,4.469387780781861,4.469387780781861,4.469387780781861,4.469387780781861,4.469387780781861,4.469387780781861,4.469387780781861,4.469387780781861,4.469387780781861,4.469387780781861,4.469387780781861,4.469387780781861,4.469387780781861,4.469387780781861,4.469387780781861,4.469387780781861,4.469387780781861,4.469387780781861,4.469387780781861,4.469387780781861,4.469387780781861,4.469387780781861,4.469387780781861,4.469387780781861,4.469387780781861,4.469387780781861,4.469387780781861,4.469387780781861,4.469387780781861,4.469387780781861,4.469387780781861,4.469387780781861,4.469387780781861,4.469387780781861,4.469387780781861,4.469387780781861,4.469387780781861,4.469387780781861,4.469387780781861,4.469387780781861,4.469387780781861,4.469387780781861,4.469387780781861,4.469387780781861,4.469387780781861,4.469387780781861,4.469387780781861,4.469387780781861,4.469387780781861,4.469387780781861,4.469387780781861,4.469387780781861,4.469387780781861,4.469387780781861,4.469387780781861,4.469387780781861,4.469387780781861,4.469387780781861,4.469387780781861,4.469387780781861,4.469387780781861,4.469387780781861,4.469387780781861,4.469387780781861,4.469387780781861,4.469387780781861,4.469387780781861,4.469387780781861,4.469387780781861,4.469387780781861,4.469387780781861,4.469387780781861,4.469387780781861,4.469387780781861,4.469387780781861,4.469387780781861,4.469387780781861,4.469387780781861,4.469387780781861,4.469387780781861,4.469387780781861,4.469387780781861,4.469387780781861,4.469387780781861,4.469387780781861,4.469387780781861,4.469387780781861,4.469387780781861,4.469387780781861,4.469387780781861,4.469387780781861,4.469387780781861,4.469387780781861,4.469387780781861,4.469387780781861,4.469387780781861,4.469387780781861,4.469387780781861,4.469387780781861,4.469387780781861,4.469387780781861,4.469387780781861,4.469387780781861,4.469387780781861,4.469387780781861,4.469387780781861,4.469387780781861,4.469387780781861,4.469387780781861,4.469387780781861,4.469387780781861,4.469387780781861,4.469387780781861,4.469387780781861,4.469387780781861,4.469387780781861,4.469387780781861,4.469387780781861,4.469387780781861,4.469387780781861,4.469387780781861,4.469387780781861,4.469387780781861,4.469387780781861,4.469387780781861,4.469387780781861,4.469387780781861,4.469387780781861,4.469387780781861,4.469387780781861,4.469387780781861,4.469387780781861,4.469387780781861,4.469387780781861,4.469387780781861,4.469387780781861,4.469387780781861,4.469387780781861,4.469387780781861,4.469387780781861,4.469387780781861,4.469387780781861,4.469387780781861,4.469387780781861,4.469387780781861,4.469387780781861,4.469387780781861,4.469387780781861,4.469387780781861,4.469387780781861,4.469387780781861,4.469387780781861,4.469387780781861,4.469387780781861,4.469387780781861,4.469387780781861,4.469387780781861,4.469387780781861,4.469387780781861,4.469387780781861,4.469387780781861,4.469387780781861,4.469387780781861,4.469387780781861,4.469387780781861,4.469387780781861,4.469387780781861,4.469387780781861,4.469387780781861,4.469387780781861,4.469387780781861,4.469387780781861,4.469387780781861,4.469387780781861,4.469387780781861,4.469387780781861,4.469387780781861,4.469387780781861,4.469387780781861,4.469387780781861,4.469387780781861,4.469387780781861,4.469387780781861,4.469387780781861,4.469387780781861,4.469387780781861,4.469387780781861,4.469387780781861,4.469387780781861,4.469387780781861,4.469387780781861,4.469387780781861,4.469387780781861,4.469387780781861,4.469387780781861,4.469387780781861,4.469387780781861,4.469387780781861,4.469387780781861,4.469387780781861,4.469387780781861,4.469387780781861,4.469387780781861,4.469387780781861,4.469387780781861,4.469387780781861,4.469387780781861,4.469387780781861,4.469387780781861,6.601271731873694,6.601271731873694,6.601271731873694,6.601271731873694,6.601271731873694,6.601271731873694,6.601271731873694,6.601271731873694,6.601271731873694,6.601271731873694,6.601271731873694,6.601271731873694,6.601271731873694,6.601271731873694,6.601271731873694,6.601271731873694,6.601271731873694,6.601271731873694,6.601271731873694,6.601271731873694,6.601271731873694,6.601271731873694,6.601271731873694,6.601271731873694,6.262023124988287,6.262023124988287,6.262023124988287,6.262023124988287,6.262023124988287,6.262023124988287,6.262023124988287,6.262023124988287,6.262023124988287,6.262023124988287,6.262023124988287,6.262023124988287,6.262023124988287,6.262023124988287,6.262023124988287,6.262023124988287,6.262023124988287,6.262023124988287,6.262023124988287,6.262023124988287,6.262023124988287,6.262023124988287,6.262023124988287,6.262023124988287,6.262023124988287,6.262023124988287,6.262023124988287,6.262023124988287,6.262023124988287,5.9693025535989985,5.9693025535989985,5.933355413999262,5.933355413999262,5.933355413999262,5.933355413999262,5.933355413999262,5.933355413999262,5.933355413999262,5.887889424372329,5.887889424372329,5.887889424372329,5.887889424372329,5.887889424372329,5.887889424372329,5.887889424372329,5.887889424372329,5.887889424372329,5.887889424372329,5.887889424372329,5.887889424372329,5.887889424372329,5.887889424372329,5.887889424372329,5.887889424372329,5.887889424372329,5.887889424372329,5.887889424372329,5.887889424372329,5.887889424372329,5.887889424372329,5.887889424372329,5.887889424372329,5.887889424372329,5.887889424372329,5.887889424372329,5.887889424372329,5.887889424372329,5.887889424372329,5.887889424372329,5.887889424372329,5.887889424372329,5.761595420088153,5.761595420088153,5.761595420088153,5.761595420088153,5.761595420088153,5.761595420088153,5.761595420088153,5.761595420088153,5.761595420088153,5.761595420088153,5.761595420088153,5.761595420088153,5.761595420088153,5.761595420088153,5.761595420088153,5.761595420088153,5.761595420088153,5.761595420088153,5.761595420088153,5.761595420088153,5.761595420088153,5.761595420088153,5.761595420088153,5.761595420088153,5.761595420088153,5.761595420088153,5.761595420088153,5.761595420088153,5.761595420088153,5.761595420088153,5.761595420088153,5.761595420088153,5.761595420088153,5.761595420088153,5.761595420088153,5.761595420088153,5.761595420088153,5.761595420088153,5.761595420088153,5.761595420088153,4.6960943351298186,4.609291090901178,4.609291090901178,4.609291090901178,4.609291090901178,4.609291090901178,4.609291090901178,4.609291090901178,4.609291090901178,4.609291090901178,4.609291090901178,4.609291090901178,4.609291090901178,4.609291090901178,4.609291090901178,4.609291090901178,4.609291090901178,4.609291090901178,4.609291090901178,4.609291090901178,4.609291090901178,4.609291090901178,4.609291090901178,4.609291090901178,4.609291090901178,4.5051727132446855,4.5051727132446855,4.5051727132446855,4.5051727132446855,4.5051727132446855,4.5051727132446855,4.5051727132446855,4.5051727132446855,4.5051727132446855,4.5051727132446855,4.458067298812888,4.374756761097853,4.374756761097853,4.374756761097853,4.374756761097853,4.374756761097853,4.374756761097853,4.374756761097853,4.374756761097853,4.374756761097853,4.374756761097853,4.374756761097853,4.374756761097853,4.374756761097853,4.374756761097853,4.374756761097853,4.374756761097853,4.374756761097853,4.374756761097853,4.374756761097853,4.374756761097853,4.374756761097853,4.374756761097853,4.374756761097853,4.374756761097853,4.374756761097853,4.374756761097853,4.374756761097853,4.374756761097853,4.374756761097853,4.374756761097853,4.374756761097853,4.374756761097853,4.374756761097853,4.374756761097853,4.374756761097853,4.374756761097853,4.374756761097853,4.374756761097853,4.374756761097853,4.374756761097853,4.374756761097853,4.374756761097853,4.374756761097853,4.374756761097853,4.374756761097853,4.374756761097853,4.374756761097853,4.374756761097853,4.374756761097853,4.374756761097853,4.374756761097853,4.374756761097853,4.374756761097853,4.374756761097853,4.374756761097853,4.374756761097853,4.374756761097853,4.374756761097853,4.374756761097853,4.374756761097853,4.374756761097853,4.374756761097853,4.374756761097853,4.374756761097853,4.374756761097853,4.374756761097853,4.374756761097853,4.374756761097853,4.374756761097853,4.374756761097853,4.374756761097853,4.374756761097853,4.374756761097853,4.374756761097853,4.374756761097853,4.374756761097853,4.374756761097853,4.374756761097853,4.374756761097853,4.374756761097853,4.374756761097853,4.374756761097853,4.374756761097853,4.374756761097853,4.374756761097853,4.374756761097853,4.374756761097853,4.374756761097853,4.374756761097853,4.374756761097853,4.374756761097853,4.374756761097853,4.374756761097853,4.374756761097853,4.374756761097853,4.374756761097853,4.374756761097853,4.374756761097853,4.374756761097853,4.374756761097853,4.374756761097853,4.374756761097853,4.374756761097853,4.374756761097853,4.374756761097853,4.374756761097853,4.374756761097853,4.374756761097853,4.374756761097853,4.374756761097853,4.374756761097853,4.374756761097853,4.374756761097853,4.374756761097853,4.374756761097853,4.374756761097853,4.374756761097853,4.374756761097853,4.374756761097853,4.374756761097853,4.374756761097853,4.374756761097853,4.374756761097853,4.374756761097853,4.374756761097853,4.374756761097853,4.374756761097853,4.374756761097853,4.374756761097853,4.374756761097853,4.374756761097853,4.374756761097853,4.374756761097853,4.374756761097853,4.374756761097853,4.374756761097853,4.374756761097853,4.374756761097853,4.374756761097853,4.374756761097853,4.374756761097853,4.374756761097853,4.374756761097853,4.374756761097853,4.374756761097853,4.374756761097853,4.374756761097853,4.374756761097853,4.374756761097853,4.374756761097853,4.374756761097853,4.374756761097853,4.374756761097853,4.374756761097853,4.374756761097853,4.374756761097853,4.374756761097853,4.374756761097853,4.374756761097853,4.374756761097853,4.374756761097853,4.374756761097853,4.374756761097853,4.374756761097853,4.374756761097853,4.374756761097853,4.374756761097853,4.374756761097853,4.374756761097853,4.374756761097853,4.374756761097853,4.374756761097853,4.374756761097853,4.374756761097853,4.374756761097853,4.374756761097853,4.374756761097853,4.374756761097853,4.374756761097853,4.374756761097853,4.374756761097853,4.374756761097853,4.374756761097853,4.374756761097853,4.374756761097853,4.374756761097853,4.374756761097853,4.374756761097853,4.374756761097853,4.374756761097853,4.374756761097853,4.374756761097853,4.374756761097853,4.374756761097853,4.374756761097853,4.374756761097853,4.374756761097853,4.374756761097853,4.374756761097853,4.374756761097853,4.374756761097853,4.374756761097853,4.374756761097853,4.374756761097853,4.374756761097853,4.374756761097853,4.374756761097853,4.374756761097853,4.374756761097853,4.374756761097853,4.374756761097853,4.374756761097853,4.374756761097853,4.374756761097853,4.374756761097853,4.374756761097853,4.374756761097853,4.374756761097853,4.374756761097853,4.374756761097853,4.374756761097853,4.374756761097853,4.374756761097853,4.374756761097853,4.374756761097853,4.374756761097853,4.374756761097853,4.374756761097853,4.374756761097853,4.374756761097853,4.374756761097853,4.374756761097853,4.374756761097853,4.374756761097853,4.374756761097853,4.374756761097853,4.374756761097853,4.374756761097853,4.374756761097853,4.374756761097853,4.374756761097853,4.374756761097853,4.374756761097853,4.374756761097853,4.374756761097853,4.374756761097853,4.374756761097853,4.374756761097853,4.374756761097853,4.374756761097853,4.374756761097853,4.374756761097853,4.374756761097853,4.374756761097853,4.374756761097853,4.374756761097853,4.374756761097853,4.374756761097853,4.374756761097853,4.374756761097853,4.374756761097853,4.374756761097853,4.374756761097853,4.374756761097853,4.374756761097853,4.374756761097853,4.374756761097853,4.374756761097853,4.374756761097853,4.374756761097853,4.374756761097853,4.374756761097853,4.374756761097853,4.374756761097853,4.374756761097853,4.374756761097853,4.374756761097853,4.374756761097853,4.374756761097853,4.374756761097853,4.374756761097853,4.374756761097853,4.374756761097853,4.374756761097853,4.374756761097853,4.374756761097853,4.374756761097853,4.374756761097853,4.374756761097853,4.374756761097853,4.374756761097853,4.374756761097853,4.374756761097853,4.374756761097853,4.374756761097853,4.374756761097853,4.374756761097853,4.374756761097853,4.374756761097853,4.374756761097853,4.374756761097853,4.374756761097853,4.374756761097853,4.374756761097853,4.374756761097853,4.374756761097853,4.374756761097853,4.374756761097853,4.374756761097853,4.374756761097853,4.374756761097853,4.374756761097853,4.374756761097853,4.374756761097853,4.374756761097853,4.374756761097853,4.374756761097853,4.374756761097853,4.374756761097853,4.374756761097853,4.374756761097853,4.374756761097853,4.374756761097853,4.374756761097853,4.374756761097853,4.374756761097853,4.374756761097853,4.374756761097853,4.374756761097853,4.374756761097853,4.374756761097853,4.374756761097853,4.374756761097853,4.374756761097853,4.374756761097853,4.374756761097853,4.374756761097853,4.374756761097853,4.374756761097853,4.374756761097853,4.374756761097853,4.374756761097853,4.374756761097853,4.374756761097853,4.374756761097853,4.374756761097853,4.374756761097853,4.374756761097853,4.374756761097853,4.374756761097853,4.374756761097853,4.374756761097853,4.374756761097853,4.374756761097853,4.374756761097853,4.374756761097853,4.374756761097853,4.374756761097853,4.374756761097853,4.374756761097853,4.374756761097853,4.374756761097853,4.374756761097853,4.374756761097853,4.374756761097853,4.374756761097853,4.374756761097853,4.374756761097853,4.374756761097853,4.374756761097853,4.374756761097853,4.374756761097853,4.374756761097853,4.374756761097853,4.374756761097853,4.374756761097853,4.374756761097853,4.374756761097853,4.374756761097853,4.374756761097853,4.374756761097853,4.374756761097853,4.374756761097853,4.374756761097853,4.374756761097853,4.374756761097853,4.374756761097853,4.374756761097853,4.374756761097853,4.374756761097853,4.374756761097853,4.374756761097853,4.374756761097853,4.374756761097853,4.374756761097853,4.374756761097853,4.374756761097853,4.374756761097853,4.374756761097853,4.374756761097853,4.374756761097853,4.374756761097853,4.374756761097853,4.374756761097853,4.374756761097853,4.374756761097853,4.374756761097853,4.374756761097853,4.374756761097853,4.374756761097853,4.374756761097853,4.374756761097853,4.374756761097853,4.374756761097853,4.374756761097853,4.374756761097853,4.374756761097853,4.374756761097853,4.374756761097853,4.374756761097853,4.374756761097853,4.374756761097853,4.374756761097853,4.374756761097853,4.374756761097853,4.374756761097853,4.374756761097853,4.374756761097853,4.374756761097853,4.374756761097853,4.374756761097853,4.374756761097853,4.374756761097853,4.374756761097853,4.374756761097853,4.374756761097853,4.374756761097853,4.374756761097853,4.374756761097853,4.374756761097853,4.374756761097853,4.374756761097853,4.374756761097853,4.374756761097853,4.374756761097853,4.374756761097853,4.374756761097853,4.374756761097853,4.374756761097853,4.374756761097853,4.374756761097853,4.374756761097853,4.374756761097853,4.374756761097853,4.374756761097853,4.374756761097853,4.374756761097853,4.374756761097853,4.374756761097853,4.374756761097853,4.374756761097853,4.374756761097853,4.374756761097853,4.374756761097853,4.374756761097853,4.374756761097853,4.374756761097853,4.374756761097853,4.374756761097853,4.374756761097853,4.374756761097853,4.374756761097853,4.374756761097853,4.374756761097853,4.374756761097853,4.374756761097853,4.374756761097853,4.374756761097853,4.374756761097853,4.374756761097853,4.374756761097853,4.374756761097853,4.374756761097853,4.374756761097853,4.374756761097853,4.374756761097853,4.374756761097853,4.374756761097853,4.374756761097853,4.374756761097853,4.374756761097853,4.374756761097853,4.374756761097853,4.374756761097853,4.374756761097853,4.374756761097853,4.374756761097853,4.374756761097853,4.374756761097853,4.374756761097853,4.374756761097853,4.374756761097853,4.374756761097853,4.374756761097853,4.374756761097853,4.374756761097853,4.374756761097853,4.374756761097853,4.374756761097853,4.374756761097853,4.374756761097853,4.374756761097853,4.374756761097853,4.374756761097853,4.374756761097853,4.374756761097853,4.374756761097853,4.374756761097853,4.374756761097853,4.374756761097853,4.374756761097853,4.374756761097853,4.374756761097853,4.374756761097853,4.374756761097853,4.374756761097853,4.374756761097853,4.374756761097853,4.374756761097853,4.374756761097853,4.374756761097853,4.374756761097853,4.374756761097853,4.374756761097853,4.374756761097853,4.374756761097853,4.374756761097853,4.374756761097853,4.374756761097853,4.374756761097853,4.374756761097853,4.374756761097853,4.374756761097853,4.374756761097853,4.374756761097853,4.374756761097853,4.374756761097853,4.374756761097853,4.374756761097853,4.374756761097853,4.374756761097853,4.374756761097853,4.374756761097853,2.6670678147839864,2.6670678147839864,2.6670678147839864,2.6670678147839864,2.6670678147839864,2.6670678147839864,2.6670678147839864,2.6670678147839864,2.6670678147839864,2.6670678147839864,2.6670678147839864,2.6670678147839864,2.6670678147839864,2.6670678147839864,2.6670678147839864,2.6670678147839864,2.6670678147839864,2.6670678147839864,2.6670678147839864,2.6670678147839864,2.6670678147839864,2.6670678147839864,2.6670678147839864,2.6670678147839864,2.6670678147839864,2.6670678147839864,2.6670678147839864,2.6670678147839864,2.6670678147839864,2.6670678147839864,2.6670678147839864,2.6670678147839864,2.6670678147839864,2.6670678147839864,2.6670678147839864,2.6670678147839864,2.6670678147839864,2.6670678147839864,2.6670678147839864,2.6670678147839864,2.6670678147839864,2.6670678147839864,2.6670678147839864,2.6670678147839864,2.6670678147839864,2.6670678147839864,2.6670678147839864,2.6670678147839864,2.6670678147839864,2.6670678147839864,2.6670678147839864,2.6670678147839864,2.6670678147839864,2.6670678147839864,2.6670678147839864,2.6670678147839864,2.6670678147839864,2.6670678147839864,2.6670678147839864,2.6670678147839864,2.6670678147839864,2.6670678147839864,2.6670678147839864,2.6670678147839864,2.6670678147839864,2.6670678147839864,2.6670678147839864,2.6670678147839864,2.6670678147839864,2.6670678147839864,2.6670678147839864,2.6670678147839864,2.6670678147839864,2.6670678147839864,2.6670678147839864,2.6670678147839864,2.6670678147839864,2.6670678147839864,2.6670678147839864,2.6670678147839864,2.6670678147839864,2.6670678147839864,2.6670678147839864,2.6670678147839864,2.6670678147839864,2.6670678147839864,2.6670678147839864,2.6670678147839864,2.6670678147839864,2.6670678147839864,2.6670678147839864,2.6670678147839864,2.6670678147839864,2.6670678147839864,2.6670678147839864,2.6670678147839864,2.6670678147839864,2.6670678147839864,2.6670678147839864,2.6670678147839864,2.6670678147839864,2.6670678147839864,2.6670678147839864,2.6670678147839864,2.6670678147839864,2.6670678147839864,2.6670678147839864,2.6670678147839864,2.6670678147839864,2.6670678147839864,2.6670678147839864,2.6670678147839864,2.6670678147839864,2.6670678147839864,2.6670678147839864,2.6670678147839864,2.6670678147839864,2.6670678147839864,2.6670678147839864,2.6670678147839864,2.6670678147839864,2.6670678147839864,2.6670678147839864,2.6670678147839864,2.6670678147839864,2.6670678147839864,2.6670678147839864,2.6670678147839864,2.6670678147839864,2.6670678147839864,2.6670678147839864,2.6670678147839864,2.6670678147839864,2.6670678147839864,2.6670678147839864,2.6670678147839864,2.6670678147839864,2.6670678147839864,2.6670678147839864,2.6670678147839864,2.6670678147839864,2.6670678147839864,2.6670678147839864,1.2682038585029405,1.2682038585029405,1.2682038585029405,1.2682038585029405,1.2682038585029405,1.2682038585029405,1.2682038585029405,1.2682038585029405,1.2682038585029405,1.2682038585029405,1.2682038585029405,1.2682038585029405,1.2682038585029405,1.2682038585029405,1.2682038585029405,1.2682038585029405,1.2682038585029405,1.2682038585029405,1.2682038585029405,1.2682038585029405,1.2682038585029405,1.2682038585029405,1.2682038585029405,1.2682038585029405,1.2682038585029405,1.2682038585029405,1.2682038585029405,1.2682038585029405,1.2682038585029405,1.2682038585029405,1.2682038585029405,1.2682038585029405,1.2682038585029405,1.2682038585029405,1.2682038585029405,1.2682038585029405,1.2682038585029405,1.2682038585029405,1.2682038585029405,1.2682038585029405,1.2682038585029405,1.2682038585029405,1.2682038585029405,1.2682038585029405,1.2682038585029405,1.2682038585029405,1.2682038585029405,1.2682038585029405,1.2682038585029405,1.2682038585029405,1.2682038585029405,1.2682038585029405,1.2682038585029405,1.2682038585029405,1.2682038585029405,1.2682038585029405,1.2682038585029405,1.2682038585029405,1.2682038585029405,1.2682038585029405,1.2682038585029405,1.2682038585029405,1.2682038585029405,1.2682038585029405,1.2682038585029405,1.2682038585029405,1.2682038585029405,1.2682038585029405,1.2682038585029405,1.2682038585029405,1.2682038585029405,1.2682038585029405,1.2682038585029405,1.2682038585029405,1.2682038585029405,1.2682038585029405,1.2682038585029405,1.2682038585029405,1.2682038585029405,1.2682038585029405,1.2682038585029405,1.2682038585029405,1.2682038585029405,1.2682038585029405,1.2682038585029405,1.2682038585029405,1.2682038585029405,1.2682038585029405,1.2682038585029405,1.2682038585029405,1.2682038585029405,1.2682038585029405,1.2682038585029405,1.2682038585029405,1.2682038585029405,1.2682038585029405,1.2682038585029405,1.2682038585029405,1.2682038585029405,1.2682038585029405,1.2682038585029405,1.2682038585029405,1.2682038585029405,1.2682038585029405,1.2682038585029405,1.2682038585029405,1.2682038585029405,1.2682038585029405,1.2682038585029405,1.2682038585029405,1.2682038585029405,1.2682038585029405,1.2682038585029405,1.2682038585029405,1.2682038585029405,1.2682038585029405,1.2682038585029405,1.2682038585029405,1.2682038585029405,1.2682038585029405,1.2682038585029405,1.2682038585029405,1.2682038585029405,1.2682038585029405,1.2682038585029405,1.2682038585029405,1.2682038585029405,1.2682038585029405,1.2682038585029405,1.2682038585029405,1.2682038585029405,1.2682038585029405,1.2682038585029405,7.2301291842832605,7.2301291842832605,7.167954025562835,7.167954025562835,7.167954025562835,7.167954025562835,7.167954025562835,6.875060884941851,6.875060884941851,6.875060884941851,6.875060884941851,6.875060884941851,6.666514048835058,6.666514048835058,6.666514048835058,6.666514048835058,6.666514048835058,6.666514048835058,6.666514048835058,6.666514048835058,6.666514048835058,6.666514048835058,6.666514048835058,6.666514048835058,6.666514048835058,6.666514048835058,6.082986276610975,6.082986276610975,6.082986276610975,6.082986276610975,6.082986276610975,6.082986276610975,6.082986276610975,6.082986276610975,6.082986276610975,6.082986276610975,6.082986276610975,6.082986276610975,6.082986276610975,6.082986276610975,6.082986276610975,6.082986276610975,6.082986276610975,6.082986276610975,6.082986276610975,6.082986276610975,6.082986276610975,6.082986276610975,6.082986276610975,6.082986276610975,6.082986276610975,6.082986276610975,6.082986276610975,6.082986276610975,6.082986276610975,6.082986276610975,6.082986276610975,6.082986276610975,6.082986276610975,6.082986276610975,6.082986276610975,6.082986276610975,6.082986276610975,6.082986276610975,6.082986276610975,6.082986276610975,6.082986276610975,6.082986276610975,6.082986276610975,6.082986276610975,6.082986276610975,6.082986276610975,6.082986276610975,6.082986276610975,6.082986276610975,6.082986276610975,6.082986276610975,6.082986276610975,6.082986276610975,6.082986276610975,6.082986276610975,6.082986276610975,6.082986276610975,6.082986276610975,6.082986276610975,6.082986276610975,6.082986276610975,6.082986276610975,6.082986276610975,6.082986276610975,5.390607334257509,5.390607334257509,5.390607334257509,5.390607334257508,5.318709402183648,5.318709402183648,5.318709402183648,5.318709402183648,5.318709402183648,5.318709402183648,5.318709402183648,5.318709402183648,5.318709402183648,5.318709402183648,5.318709402183648,5.318709402183648,5.318709402183648,5.318709402183648,5.318709402183648,5.190147290915902,5.190147290915902,5.190147290915902,5.190147290915902,5.190147290915902,5.190147290915902,5.190147290915902,4.95439955156147,4.95439955156147,4.95439955156147,4.95439955156147,4.95439955156147,4.95439955156147,4.95439955156147,4.95439955156147,4.95439955156147,4.95439955156147,4.95439955156147,4.95439955156147,4.95439955156147,4.95439955156147,4.95439955156147,4.95439955156147,4.95439955156147,4.95439955156147,4.95439955156147,4.95439955156147,4.95439955156147,4.95439955156147,4.95439955156147,4.95439955156147,4.95439955156147,4.95439955156147,4.95439955156147,4.95439955156147,4.95439955156147,4.95439955156147,4.95439955156147,4.95439955156147,4.95439955156147,4.95439955156147,4.95439955156147,4.95439955156147,4.95439955156147,4.95439955156147,4.95439955156147,4.95439955156147,4.95439955156147,4.95439955156147,4.95439955156147,4.95439955156147,4.95439955156147,4.95439955156147,4.95439955156147,4.95439955156147,4.95439955156147,4.95439955156147,4.95439955156147,4.95439955156147,4.95439955156147,4.95439955156147,4.95439955156147,4.95439955156147,4.95439955156147,4.95439955156147,4.95439955156147,4.95439955156147,4.95439955156147,4.95439955156147,4.95439955156147,4.95439955156147,4.95439955156147,4.95439955156147,4.95439955156147,4.95439955156147,4.95439955156147,4.95439955156147,4.95439955156147,4.95439955156147,4.95439955156147,4.95439955156147,4.95439955156147,4.27205075474785,4.27205075474785,4.27205075474785,4.27205075474785,4.27205075474785,4.27205075474785,4.27205075474785,4.27205075474785,4.27205075474785,4.27205075474785,4.27205075474785,4.27205075474785,4.27205075474785,4.27205075474785,4.27205075474785,4.27205075474785,4.27205075474785,4.27205075474785,4.27205075474785,4.224403739460381,4.224403739460381,4.224403739460381,4.224403739460381,4.224403739460381,4.224403739460381,4.224403739460381,4.224403739460381,4.224403739460381,4.224403739460381,4.224403739460381,4.224403739460381,4.224403739460381,4.224403739460381,4.224403739460381,4.224403739460381,4.224403739460381,4.224403739460381,4.224403739460381,4.224403739460381,4.224403739460381,4.224403739460381,4.224403739460381,4.224403739460381,4.224403739460381,4.224403739460381,4.224403739460381,4.224403739460381,4.224403739460381,4.224403739460381,4.224403739460381,4.224403739460381,4.224403739460381,4.224403739460381,4.224403739460381,4.224403739460381,4.224403739460381,4.224403739460381,4.224403739460381,4.224403739460381,4.224403739460381,4.224403739460381,4.224403739460381,4.224403739460381,4.224403739460381,4.224403739460381,4.224403739460381,4.224403739460381,4.224403739460381,4.224403739460381,4.224403739460381,4.224403739460381,4.224403739460381,4.224403739460381,4.224403739460381,4.224403739460381,4.224403739460381,4.224403739460381,4.224403739460381,4.224403739460381,4.224403739460381,4.224403739460381,4.224403739460381,4.224403739460381,4.224403739460381,4.224403739460381,4.224403739460381,4.224403739460381,4.224403739460381,4.224403739460381,4.224403739460381,4.224403739460381,4.224403739460381,4.224403739460381,4.224403739460381,4.224403739460381,4.224403739460381,4.224403739460381,4.224403739460381,4.224403739460381,4.224403739460381,4.224403739460381,4.224403739460381,4.224403739460381,4.224403739460381,4.224403739460381,4.224403739460381,4.224403739460381,4.224403739460381,4.224403739460381,4.224403739460381,4.224403739460381,4.224403739460381,4.224403739460381,4.224403739460381,4.224403739460381,4.224403739460381,4.224403739460381,4.224403739460381,4.224403739460381,4.224403739460381,4.224403739460381,4.224403739460381,4.224403739460381,4.224403739460381,4.224403739460381,4.224403739460381,4.224403739460381,4.224403739460381,4.224403739460381,4.224403739460381,4.224403739460381,4.224403739460381,4.224403739460381,4.224403739460381,4.224403739460381,4.224403739460381,4.224403739460381,4.224403739460381,4.224403739460381,4.224403739460381,4.224403739460381,4.224403739460381,4.224403739460381,4.224403739460381,4.224403739460381,4.224403739460381,4.224403739460381,4.224403739460381,4.224403739460381,4.224403739460381,4.224403739460381,4.224403739460381,4.224403739460381,4.224403739460381,4.224403739460381,4.224403739460381,4.224403739460381,4.224403739460381,4.224403739460381,4.224403739460381,4.224403739460381,4.224403739460381,4.224403739460381,4.224403739460381,4.224403739460381,4.224403739460381,4.224403739460381,4.224403739460381,4.224403739460381,4.224403739460381,4.224403739460381,4.224403739460381,4.224403739460381,4.224403739460381,4.224403739460381,4.224403739460381,4.224403739460381,4.224403739460381,4.224403739460381,4.224403739460381,4.224403739460381,4.224403739460381,4.224403739460381,4.224403739460381,4.224403739460381,4.224403739460381,4.224403739460381,4.224403739460381,4.224403739460381,4.224403739460381,4.224403739460381,4.224403739460381,4.224403739460381,4.224403739460381,4.224403739460381,4.224403739460381,4.224403739460381,4.224403739460381,4.224403739460381,4.224403739460381,4.224403739460381,4.224403739460381,4.224403739460381,4.224403739460381,4.224403739460381,4.224403739460381,4.224403739460381,4.224403739460381,4.224403739460381,4.224403739460381,4.224403739460381,4.224403739460381,4.224403739460381,4.224403739460381,4.224403739460381,4.224403739460381,4.224403739460381,4.224403739460381,4.224403739460381,4.224403739460381,4.224403739460381,4.224403739460381,4.224403739460381,4.224403739460381,4.224403739460381,4.224403739460381,4.224403739460381,4.224403739460381,4.224403739460381,4.224403739460381,4.224403739460381,4.224403739460381,4.224403739460381,4.224403739460381,4.224403739460381,4.224403739460381,4.224403739460381,4.224403739460381,4.224403739460381,4.224403739460381,4.224403739460381,4.224403739460381,4.224403739460381,4.224403739460381,4.224403739460381,4.224403739460381,4.224403739460381,4.224403739460381,4.224403739460381,4.224403739460381,4.224403739460381,4.224403739460381,4.224403739460381,4.224403739460381,4.224403739460381,4.224403739460381,4.224403739460381,4.224403739460381,4.224403739460381,4.224403739460381,4.224403739460381,4.224403739460381,4.224403739460381,4.224403739460381,4.224403739460381,4.224403739460381,4.224403739460381,4.224403739460381,4.224403739460381,4.224403739460381,4.224403739460381,4.224403739460381,4.224403739460381,4.224403739460381,4.224403739460381,4.224403739460381,4.224403739460381,4.224403739460381,4.224403739460381,4.224403739460381,4.224403739460381,4.224403739460381,4.224403739460381,4.224403739460381,4.224403739460381,4.224403739460381,4.224403739460381,4.224403739460381,4.224403739460381,4.224403739460381,4.224403739460381,4.224403739460381,4.224403739460381,4.224403739460381,4.224403739460381,4.224403739460381,4.224403739460381,4.224403739460381,4.224403739460381,4.224403739460381,4.224403739460381,4.224403739460381,4.224403739460381,4.224403739460381,4.224403739460381,4.224403739460381,4.224403739460381,4.224403739460381,4.224403739460381,4.224403739460381,4.224403739460381,4.224403739460381,4.224403739460381,4.224403739460381,4.224403739460381,4.224403739460381,4.224403739460381,4.224403739460381,4.224403739460381,4.224403739460381,4.224403739460381,4.224403739460381,4.224403739460381,4.224403739460381,4.224403739460381,4.224403739460381,4.224403739460381,4.224403739460381,4.224403739460381,4.224403739460381,4.224403739460381,4.224403739460381,4.224403739460381,4.224403739460381,4.224403739460381,4.224403739460381,4.224403739460381,4.224403739460381,4.224403739460381,4.224403739460381,4.224403739460381,4.224403739460381,4.224403739460381,4.224403739460381,4.224403739460381,4.224403739460381,4.224403739460381,4.224403739460381,4.224403739460381,4.224403739460381,4.224403739460381,4.224403739460381,4.224403739460381,4.224403739460381,4.224403739460381,4.224403739460381,4.224403739460381,4.224403739460381,4.224403739460381,4.224403739460381,4.224403739460381,4.224403739460381,4.224403739460381,4.224403739460381,4.224403739460381,4.224403739460381,4.224403739460381,4.224403739460381,4.224403739460381,4.224403739460381,4.224403739460381,4.224403739460381,4.224403739460381,4.224403739460381,4.224403739460381,4.224403739460381,4.224403739460381,4.224403739460381,4.224403739460381,4.224403739460381,4.224403739460381,4.224403739460381,4.224403739460381,4.224403739460381,4.224403739460381,4.224403739460381,4.224403739460381,4.224403739460381,4.224403739460381,4.224403739460381,4.224403739460381,4.224403739460381,4.224403739460381,4.224403739460381,4.224403739460381,4.224403739460381,4.224403739460381,4.224403739460381,4.224403739460381,4.224403739460381,4.224403739460381,4.224403739460381,4.224403739460381,4.224403739460381,4.224403739460381,4.224403739460381,4.224403739460381,4.224403739460381,4.224403739460381,4.224403739460381,4.224403739460381,4.224403739460381,4.224403739460381,4.224403739460381,4.224403739460381,4.224403739460381,4.224403739460381,4.224403739460381,4.224403739460381,4.224403739460381,4.224403739460381,4.224403739460381,4.224403739460381,4.224403739460381,4.224403739460381,4.224403739460381,4.224403739460381,4.224403739460381,4.224403739460381,4.224403739460381,4.224403739460381,4.224403739460381,4.224403739460381,4.224403739460381,4.224403739460381,4.224403739460381,4.224403739460381,4.224403739460381,4.224403739460381,4.224403739460381,4.224403739460381,4.224403739460381,4.224403739460381,4.224403739460381,4.224403739460381,4.224403739460381,4.224403739460381,4.224403739460381,4.224403739460381,4.224403739460381,4.224403739460381,4.224403739460381,4.224403739460381,4.224403739460381,4.224403739460381,4.224403739460381,4.224403739460381,4.224403739460381,4.224403739460381,4.224403739460381,4.224403739460381,4.224403739460381,4.224403739460381,4.224403739460381,4.224403739460381,4.224403739460381,4.224403739460381,4.224403739460381,4.224403739460381,4.224403739460381,4.224403739460381,4.224403739460381,4.224403739460381,4.224403739460381,4.224403739460381,4.224403739460381,4.224403739460381,4.224403739460381,4.224403739460381,4.224403739460381,4.224403739460381,4.224403739460381,4.224403739460381,4.224403739460381,4.224403739460381,4.224403739460381,4.224403739460381,4.224403739460381,4.224403739460381,4.224403739460381,4.224403739460381,4.224403739460381,4.224403739460381,4.224403739460381,4.224403739460381,4.224403739460381,4.224403739460381,4.224403739460381,4.224403739460381,4.224403739460381,4.224403739460381,4.224403739460381,4.224403739460381,4.224403739460381,4.224403739460381,4.224403739460381,4.224403739460381,4.224403739460381,4.224403739460381,4.224403739460381,4.224403739460381,4.224403739460381,4.224403739460381,4.224403739460381,4.224403739460381,4.224403739460381,4.224403739460381,4.224403739460381,4.224403739460381,4.224403739460381,4.224403739460381,4.224403739460381,4.224403739460381,4.224403739460381,4.224403739460381,4.224403739460381,4.224403739460381,4.224403739460381,4.224403739460381,4.224403739460381,4.224403739460381,4.224403739460381,4.224403739460381,4.224403739460381,4.224403739460381,4.224403739460381,4.224403739460381,4.224403739460381,4.224403739460381,4.224403739460381,4.224403739460381,4.224403739460381,4.224403739460381,4.224403739460381,4.224403739460381,4.224403739460381,4.224403739460381,4.224403739460381,4.224403739460381,4.224403739460381,4.224403739460381,4.224403739460381,4.224403739460381,4.224403739460381,4.224403739460381,4.224403739460381,4.224403739460381,4.224403739460381,4.224403739460381,4.224403739460381,4.224403739460381,4.224403739460381,4.224403739460381,4.224403739460381,4.224403739460381,4.224403739460381,4.224403739460381,4.224403739460381,4.224403739460381,4.224403739460381,4.224403739460381,4.224403739460381,4.224403739460381,4.224403739460381,4.224403739460381,4.224403739460381,4.224403739460381,4.224403739460381,4.224403739460381,4.224403739460381,4.224403739460381,4.224403739460381,4.224403739460381,4.224403739460381,4.224403739460381,4.224403739460381,4.224403739460381,4.224403739460381,4.224403739460381,4.224403739460381,4.224403739460381,4.224403739460381,4.224403739460381,4.224403739460381,4.224403739460381,4.224403739460381,4.224403739460381,4.224403739460381,4.224403739460381,4.224403739460381,4.224403739460381,4.224403739460381,4.224403739460381,4.224403739460381,4.224403739460381,4.224403739460381,4.224403739460381,4.224403739460381,4.224403739460381,4.224403739460381,4.224403739460381,4.224403739460381,4.224403739460381,4.224403739460381,4.224403739460381,4.224403739460381,4.224403739460381,4.224403739460381,4.224403739460381,4.224403739460381,4.224403739460381,4.224403739460381,4.224403739460381,4.224403739460381,4.224403739460381,4.224403739460381,4.224403739460381,4.224403739460381,4.224403739460381,4.224403739460381,4.224403739460381,4.224403739460381,4.224403739460381,4.224403739460381,4.224403739460381,4.224403739460381,4.224403739460381,4.224403739460381,4.224403739460381,4.224403739460381,4.224403739460381,4.224403739460381,4.224403739460381,4.224403739460381,4.224403739460381,4.224403739460381,4.224403739460381,4.224403739460381,4.224403739460381,4.224403739460381,4.224403739460381,4.224403739460381,4.224403739460381,4.224403739460381,4.224403739460381,4.224403739460381,4.224403739460381,4.224403739460381,4.224403739460381,4.224403739460381,4.224403739460381,4.224403739460381,4.224403739460381,4.224403739460381,4.224403739460381,4.224403739460381,4.224403739460381,4.224403739460381,4.224403739460381,4.224403739460381,4.224403739460381,4.224403739460381,4.224403739460381,4.224403739460381,4.224403739460381,4.224403739460381,4.224403739460381,4.224403739460381,4.224403739460381,4.224403739460381,4.224403739460381,4.224403739460381,4.224403739460381,4.224403739460381,4.224403739460381,4.224403739460381,4.224403739460381,4.224403739460381,4.224403739460381,4.224403739460381,4.224403739460381,4.224403739460381,4.224403739460381,4.224403739460381,4.224403739460381,4.224403739460381,4.224403739460381,4.224403739460381,4.224403739460381,4.224403739460381,4.224403739460381,4.224403739460381,4.224403739460381,4.224403739460381,4.224403739460381,4.224403739460381,4.224403739460381,4.224403739460381,4.224403739460381,4.224403739460381,4.224403739460381,4.224403739460381,4.224403739460381,4.224403739460381,4.224403739460381,4.224403739460381,4.224403739460381,4.224403739460381,4.224403739460381,4.224403739460381,4.224403739460381,4.224403739460381,4.224403739460381,4.224403739460381,4.224403739460381,4.224403739460381,4.224403739460381,4.224403739460381,4.224403739460381,4.224403739460381,4.224403739460381,4.224403739460381,4.224403739460381,4.224403739460381,4.224403739460381,4.224403739460381,4.224403739460381,4.224403739460381,4.224403739460381,4.224403739460381,4.224403739460381,4.224403739460381,4.224403739460381,4.224403739460381,4.224403739460381,4.224403739460381,4.224403739460381,4.224403739460381,4.224403739460381,4.224403739460381,4.224403739460381,4.224403739460381,4.224403739460381,4.224403739460381,4.224403739460381,4.224403739460381,4.224403739460381,4.224403739460381,4.224403739460381,4.224403739460381,4.224403739460381,4.224403739460381,4.224403739460381,4.224403739460381,4.224403739460381,4.224403739460381,4.224403739460381,4.224403739460381,4.224403739460381,4.224403739460381,4.224403739460381,4.224403739460381,4.224403739460381,4.224403739460381,4.224403739460381,4.224403739460381,4.224403739460381,4.224403739460381,4.224403739460381,4.224403739460381,4.224403739460381,4.224403739460381,4.224403739460381,4.224403739460381,4.224403739460381,4.224403739460381,4.224403739460381,4.224403739460381,4.224403739460381,4.224403739460381,4.224403739460381,4.224403739460381,4.224403739460381,4.224403739460381,4.224403739460381,4.224403739460381,4.224403739460381,4.224403739460381,4.224403739460381,4.224403739460381,4.224403739460381,4.224403739460381,4.224403739460381,4.224403739460381,4.224403739460381,4.224403739460381,4.224403739460381,4.224403739460381,4.224403739460381,7.358550429638213,7.358550429638213,6.790517789203607,6.790517789203607,6.270271093436472,6.270271093436472,6.270271093436472,6.270271093436472,6.270271093436472,6.270271093436472,6.270271093436472,6.270271093436472,6.270271093436472,6.270271093436472,6.270271093436472,6.270271093436472,6.270271093436472,6.270271093436472,6.270271093436472,6.270271093436472,6.270271093436472,6.270271093436472,6.270271093436472,6.270271093436472,6.25779443283672,6.25779443283672,6.25779443283672,6.25779443283672,6.25779443283672,6.25779443283672,6.25779443283672,6.25779443283672,6.25779443283672,6.25779443283672,6.25779443283672,6.25779443283672,6.25779443283672,6.25779443283672,6.25779443283672,6.25779443283672,6.25779443283672,6.25779443283672,6.25779443283672,6.242136540341393,6.242136540341393,6.242136540341393,6.242136540341393,6.242136540341393,6.242136540341393,6.242136540341393,6.242136540341393,6.242136540341393,6.242136540341393,6.242136540341393,6.242136540341393,6.242136540341393,6.242136540341393,6.242136540341393,6.242136540341393,6.242136540341393,6.242136540341393,6.242136540341393,6.242136540341393,6.242136540341393,6.242136540341393,6.242136540341393,6.242136540341393,6.242136540341393,6.242136540341393,6.242136540341393,4.406822617095647,4.287481167593946,4.276646304845823,4.213995092005222,4.213995092005222,4.213995092005222,4.213995092005222,4.120815934878654,3.961441174710384,3.961441174710384,3.961441174710384,3.961441174710384,3.961441174710384,3.961441174710384,3.961441174710384,3.961441174710384,3.961441174710384,3.961441174710384,3.961441174710384,3.961441174710384,3.961441174710384,3.961441174710384,3.961441174710384,3.961441174710384,3.961441174710384,3.961441174710384,3.961441174710384,3.961441174710384,3.961256177669709,3.961256177669709,3.961256177669709,3.961256177669709,3.961256177669709,3.961256177669709,3.961256177669709,3.961256177669709,3.961256177669709,3.961256177669709,3.961256177669709,3.961256177669709,3.961256177669709,3.961256177669709,3.961256177669709,3.961256177669709,3.961256177669709,3.961256177669709,3.961256177669709,3.961256177669709,3.961256177669709,3.961256177669709,3.9470927003887777,3.9470927003887777,3.9470927003887777,3.9470927003887777,3.9470927003887777,3.9470927003887777,3.9470927003887777,3.9470927003887777,3.9470927003887777,3.9470927003887777,3.9470927003887777,3.9470927003887777,3.9470927003887777,3.9470927003887777,3.9470927003887777,3.9470927003887777,3.9470927003887777,3.9470927003887777,3.9470927003887777,3.9470927003887777,3.9470927003887777,3.9470927003887777,3.9470927003887777,3.9470927003887777,3.9470927003887777,3.9470927003887777,3.9470927003887777,3.9470927003887777,3.9470927003887777,3.9470927003887777,3.9470927003887777,3.9470927003887777,3.9470927003887777,3.9470927003887777,3.9470927003887777,3.9470927003887777,3.9470927003887777,3.9470927003887777,3.9470927003887777,3.9470927003887777,3.9470927003887777,3.9470927003887777,3.9470927003887777,3.9470927003887777,3.9470927003887777,3.9470927003887777,3.9470927003887777,3.9470927003887777,3.9470927003887777,3.9470927003887777,3.9470927003887777,3.9470927003887777,3.9470927003887777,3.9470927003887777,3.9470927003887777,3.9470927003887777,3.9470927003887777,3.9470927003887777,3.9470927003887777,3.9470927003887777,3.9470927003887777,3.9470927003887777,3.9470927003887777,3.9470927003887777,3.9470927003887777,3.9470927003887777,3.9470927003887777,3.9470927003887777,3.9470927003887777,3.9470927003887777,3.9470927003887777,3.9470927003887777,3.9470927003887777,3.9470927003887777,3.9470927003887777,3.866676009075404,3.866676009075404,3.866676009075404,3.866676009075404,3.866676009075404,3.866676009075404,3.866676009075404,3.866676009075404,3.866676009075404,3.866676009075404,3.866676009075404,3.866676009075404,3.866676009075404,3.866676009075404,3.863983896527778,3.863983896527778,3.863983896527778,3.863983896527778,3.863983896527778,3.863983896527778,3.863983896527778,3.863983896527778,3.863983896527778,3.863983896527778,3.863983896527778,3.863983896527778,3.863983896527778,3.863983896527778,3.863983896527778,3.863983896527778,3.863983896527778,3.863983896527778,3.863983896527778,3.863983896527778,3.863983896527778,3.863983896527778,3.863983896527778,3.863983896527778,3.863983896527778,3.863983896527778,3.863983896527778,3.863983896527778,3.863983896527778,3.863983896527778,3.863983896527778,3.863983896527778,3.863983896527778,3.863983896527778,3.863983896527778,3.863983896527778,3.863983896527778,3.863983896527778,3.863983896527778,3.863983896527778,2.093644390953871,2.093644390953871,2.093644390953871,2.093644390953871,2.093644390953871,2.093644390953871,2.093644390953871,2.093644390953871,2.093644390953871,2.093644390953871,2.093644390953871,2.093644390953871,2.093644390953871,2.093644390953871,2.093644390953871,2.093644390953871,2.093644390953871,2.093644390953871,2.093644390953871,2.093644390953871,2.093644390953871,2.093644390953871,2.093644390953871,2.093644390953871,2.093644390953871,2.093644390953871,2.093644390953871,2.093644390953871,2.093644390953871,2.093644390953871,2.093644390953871,2.093644390953871,2.093644390953871,2.093644390953871,2.093644390953871,2.093644390953871,2.093644390953871,2.093644390953871,2.093644390953871,2.093644390953871,2.093644390953871,2.093644390953871,2.093644390953871,2.093644390953871,2.093644390953871,2.093644390953871,2.093644390953871,2.093644390953871,2.093644390953871,2.093644390953871,2.093644390953871,2.093644390953871,2.093644390953871,2.093644390953871,2.093644390953871,2.093644390953871,2.093644390953871,2.093644390953871,2.093644390953871,2.093644390953871,2.093644390953871,2.093644390953871,2.093644390953871,2.093644390953871,2.093644390953871,2.093644390953871,2.093644390953871,2.093644390953871,2.093644390953871,2.093644390953871,2.093644390953871,2.093644390953871,2.093644390953871,2.093644390953871,2.093644390953871,2.093644390953871,2.093644390953871,2.093644390953871,2.093644390953871,2.093644390953871,2.093644390953871,2.093644390953871,2.093644390953871,2.093644390953871,2.093644390953871,2.093644390953871,2.093644390953871,2.093644390953871,2.093644390953871,2.093644390953871,2.093644390953871,2.093644390953871,2.093644390953871,2.093644390953871,2.093644390953871,2.093644390953871,2.093644390953871,2.093644390953871,2.093644390953871,2.093644390953871,2.093644390953871,2.093644390953871,2.093644390953871,2.093644390953871,2.093644390953871,2.093644390953871,2.093644390953871,2.093644390953871,2.093644390953871,2.093644390953871,2.093644390953871,2.093644390953871,2.093644390953871,2.093644390953871,2.093644390953871,2.093644390953871,2.093644390953871,2.093644390953871,2.093644390953871,2.093644390953871,2.093644390953871,2.093644390953871,2.093644390953871,2.093644390953871,2.093644390953871,2.093644390953871,2.093644390953871,2.093644390953871,2.093644390953871,2.093644390953871,2.093644390953871,2.093644390953871,2.093644390953871,2.093644390953871,2.093644390953871,2.093644390953871,2.093644390953871,2.093644390953871,2.093644390953871,2.093644390953871,2.093644390953871,2.093644390953871,2.093644390953871,2.093644390953871,2.093644390953871,2.093644390953871,2.093644390953871,2.093644390953871,0.5969757889927375,0.5969757889927375,0.5969757889927375,0.5969757889927375,0.5969757889927375,0.5969757889927375,0.5969757889927375,0.5969757889927375,0.5969757889927375,0.5969757889927375,0.5969757889927375,0.5969757889927375,0.5969757889927375,0.5969757889927375,0.5969757889927375,0.5969757889927375,0.5969757889927375,0.5969757889927375,0.5969757889927375,0.5969757889927375,0.5969757889927375,0.5969757889927375,0.5969757889927375,0.5969757889927375,0.5969757889927375,0.5969757889927375,0.5969757889927375,0.5969757889927375,0.5969757889927375,0.5969757889927375,0.5969757889927375,0.5969757889927375,0.5969757889927375,0.5969757889927375,0.5969757889927375,0.5969757889927375,0.5969757889927375,0.5969757889927375,0.5969757889927375,0.5969757889927375,0.5969757889927375,0.5969757889927375,0.5969757889927375,0.5969757889927375,0.5969757889927375,0.5969757889927375,0.5969757889927375,0.5969757889927375,0.5969757889927375,0.5969757889927375,0.5969757889927375,0.5969757889927375,0.5969757889927375,0.5969757889927375,0.5969757889927375,0.5969757889927375,0.5969757889927375,0.5969757889927375,0.5969757889927375,0.5969757889927375,0.5969757889927375,0.5969757889927375,0.5969757889927375,0.5969757889927375,0.5969757889927375,0.5969757889927375,0.5969757889927375,0.5969757889927375,0.5969757889927375,0.5969757889927375,0.5969757889927375,0.5969757889927375,0.5969757889927375,0.5969757889927375,0.5969757889927375,0.5969757889927375,0.5969757889927375,0.5969757889927375,0.5969757889927375,0.5969757889927375,0.5969757889927375,0.5969757889927375,0.5969757889927375,0.5969757889927375,0.5969757889927375,0.5969757889927375,0.5969757889927375,0.5969757889927375,0.5969757889927375,0.5969757889927375,0.5969757889927375,0.5969757889927375,0.5969757889927375,0.5969757889927375,0.5969757889927375,0.5969757889927375,0.5969757889927375,0.5969757889927375,0.5969757889927375,0.5969757889927375,0.5969757889927375,0.5969757889927375,0.5969757889927375,0.5969757889927375,0.5969757889927375,0.5969757889927375,0.5969757889927375,0.5969757889927375,0.5969757889927375,0.5969757889927375,0.5969757889927375,0.5969757889927375,0.5969757889927375,0.5969757889927375,0.5969757889927375,0.5969757889927375,0.5969757889927375,0.5969757889927375,0.5969757889927375,0.5969757889927375,0.5969757889927375,0.5969757889927375,0.5969757889927375,0.5969757889927375,0.5969757889927375,0.5969757889927375,0.5969757889927375,0.5969757889927375,0.5969757889927375,0.5969757889927375,0.5969757889927375,0.5969757889927375,0.5969757889927375,0.5969757889927375,0.5969757889927375,0.5969757889927375,0.5969757889927375,0.5969757889927375,0.5969757889927375,0.5969757889927375,0.5969757889927375,0.5969757889927375,0.5969757889927375,0.5969757889927375,0.5969757889927375,0.5969757889927375,0.5969757889927375,0.5969757889927375,0.5969757889927375,0.5969757889927375,0.5969757889927375,0.5969757889927375,0.5969757889927375,0.5969757889927375,0.5969757889927375,0.5969757889927375,0.5969757889927375,0.5969757889927375,0.5969757889927375,0.5969757889927375,0.5969757889927375,0.5969757889927375,0.5969757889927375,0.5969757889927375,0.5969757889927375,0.5969757889927375,0.5969757889927375,0.5969757889927375,0.5969757889927375,0.5969757889927375,0.5969757889927375,0.5969757889927375,0.5969757889927375,0.5969757889927375,0.5969757889927375,0.5969757889927375,0.5969757889927375,0.5969757889927375,0.5969757889927375,0.5969757889927375,0.5969757889927375,0.5969757889927375,0.5969757889927375,0.5969757889927375,0.5969757889927375,0.5969757889927375,0.5969757889927375,0.5969757889927375,0.5969757889927375,0.5969757889927375,0.5969757889927375,0.5969757889927375,0.5969757889927375,0.5969757889927375,0.5969757889927375,0.5969757889927375,0.5969757889927375,0.5969757889927375,0.5969757889927375,0.5969757889927375,0.5969757889927375,0.5969757889927375,0.5969757889927375,0.5969757889927375,0.5969757889927375,0.5969757889927375,0.5969757889927375,0.5969757889927375,0.5969757889927375,0.5969757889927375,0.5969757889927375,0.5969757889927375,0.5969757889927375,0.5969757889927375,0.5969757889927375,0.5969757889927375,0.5969757889927375,0.5969757889927375,0.5969757889927375,0.5969757889927375,0.5969757889927375,0.5969757889927375,0.5969757889927375,0.5969757889927375,0.5969757889927375,0.5969757889927375,0.5969757889927375,0.5969757889927375,0.5969757889927375,0.5969757889927375,0.5969757889927375,0.5969757889927375,0.5969757889927375,0.5969757889927375,0.5969757889927375,0.5969757889927375,0.5969757889927375,0.5969757889927375,0.5969757889927375,0.5969757889927375,0.5969757889927375,0.5969757889927375,0.5969757889927375,0.5969757889927375,0.5969757889927375,0.5969757889927375,0.5969757889927375,0.5969757889927375,0.5969757889927375,0.5969757889927375,0.5969757889927375,0.5969757889927375,0.5969757889927375,0.5969757889927375,0.5969757889927375,0.5969757889927375,0.5969757889927375,0.5969757889927375,0.5969757889927375,0.5969757889927375,0.5969757889927375,0.5969757889927375,0.5969757889927375,0.5969757889927375,0.5969757889927375,0.5969757889927375,0.5969757889927375,0.5969757889927375,0.5969757889927375,0.5969757889927375,0.5969757889927375,0.5969757889927375,0.5969757889927375,0.5969757889927375,0.5969757889927375,0.5969757889927375,0.5969757889927375,0.5969757889927375,0.5969757889927375,0.5969757889927375,0.5969757889927375,0.5969757889927375,0.5969757889927375,0.5969757889927375,0.5969757889927375,0.5969757889927375,0.5969757889927375,0.5969757889927375,0.5969757889927375,0.5969757889927375,0.5969757889927375,0.5969757889927375,0.5969757889927375,0.5969757889927375,0.5969757889927375,0.5969757889927375,0.5969757889927375,0.5969757889927375,0.5969757889927375,0.5969757889927375,0.5969757889927375,0.5969757889927375,0.5969757889927375,0.5969757889927375,0.5969757889927375,0.5969757889927375,0.5969757889927375,0.5969757889927375,0.5969757889927375,0.5969757889927375,0.5969757889927375,0.5969757889927375,0.5969757889927375,0.5969757889927375,0.5969757889927375,0.5969757889927375,0.5969757889927375,0.5969757889927375,0.5969757889927375,0.5969757889927375,0.5969757889927375,0.5969757889927375,0.5969757889927375,0.5969757889927375,0.5969757889927375,0.5969757889927375,0.5969757889927375,0.5969757889927375,0.5969757889927375,0.5969757889927375,0.5969757889927375,0.5969757889927375,0.5969757889927375,0.5969757889927375,0.5969757889927375,0.5969757889927375,0.5969757889927375,0.5969757889927375,0.5969757889927375,0.5969757889927375,0.5969757889927375,0.5969757889927375,0.5969757889927375,0.5969757889927375,0.5969757889927375,0.5969757889927375,0.5969757889927375,0.5969757889927375,0.5969757889927375,0.5969757889927375,0.5969757889927375,0.5969757889927375,0.5969757889927375,0.5969757889927375,0.5969757889927375,0.5969757889927375,0.5969757889927375,0.5969757889927375,0.5969757889927375,0.5969757889927375,0.5969757889927375,0.5969757889927375,0.5969757889927375,0.5969757889927375,0.5969757889927375,0.5969757889927375,0.5969757889927375,0.5969757889927375,0.5969757889927375,0.5969757889927375,0.5969757889927375,0.5969757889927375,0.5969757889927375,0.5969757889927375,0.5969757889927375,0.5969757889927375,0.5969757889927375,0.5969757889927375,0.5969757889927375,0.5969757889927375,0.5969757889927375,0.5969757889927375,0.5969757889927375,0.5969757889927375,0.5969757889927375,0.5969757889927375,0.5969757889927375,0.5969757889927375,0.5969757889927375,0.5969757889927375,0.5969757889927375,0.5969757889927375,0.5969757889927375,0.5969757889927375,0.5969757889927375,0.5969757889927375,0.5969757889927375,0.5969757889927375,0.5969757889927375,0.5969757889927375,0.5969757889927375,0.5969757889927375,0.5969757889927375,0.5969757889927375,0.5969757889927375,0.5969757889927375,0.5969757889927375,0.5969757889927375,0.5969757889927375,0.5969757889927375,0.5969757889927375,0.5969757889927375,0.5969757889927375,0.5969757889927375,0.5969757889927375,0.5969757889927375,0.5969757889927375,0.5969757889927375,0.5969757889927375,0.5969757889927375,0.5969757889927375,0.5969757889927375,0.5969757889927375,0.5969757889927375,0.5969757889927375,0.5969757889927375,0.5969757889927375,0.5969757889927375,0.5969757889927375,0.5969757889927375,0.5969757889927375,0.5969757889927375,0.5969757889927375,0.5969757889927375,0.5969757889927375,0.5969757889927375,0.5969757889927375,0.5969757889927375,0.5969757889927375,0.5969757889927375,0.5969757889927375,0.5969757889927375,0.5969757889927375,0.5969757889927375,0.5969757889927375,0.5969757889927375,0.5969757889927375,0.5969757889927375,0.5969757889927375,0.5969757889927375,0.5969757889927375,0.5969757889927375,0.5969757889927375,0.5969757889927375,0.5969757889927375,0.5969757889927375,0.5969757889927375,0.5969757889927375,0.5969757889927375,0.5969757889927375,0.5969757889927375,0.5969757889927375,0.5969757889927375,0.5969757889927375,0.5969757889927375,0.5969757889927375,0.5969757889927375,0.5969757889927375,0.5969757889927375,0.5969757889927375,0.5969757889927375,0.5969757889927375,0.5969757889927375,0.5969757889927375,0.5969757889927375,0.5969757889927375,0.5969757889927375,0.5969757889927375,0.5969757889927375,0.5969757889927375,0.5969757889927375,0.5969757889927375,0.5969757889927375,0.5969757889927375,0.5969757889927375,0.5969757889927375,0.5969757889927375,0.5969757889927375,0.5969757889927375,0.5969757889927375,0.5969757889927375,0.5969757889927375,0.5969757889927375,0.5969757889927375,0.5969757889927375,0.5969757889927375,0.5969757889927375,0.5969757889927375,0.5969757889927375,0.5969757889927375,0.5969757889927375,0.5969757889927375,0.5969757889927375,0.5969757889927375,0.5969757889927375,0.5969757889927375,0.5969757889927375,0.5969757889927375,0.5969757889927375,0.5969757889927375,0.5969757889927375,0.5969757889927375,0.5969757889927375,0.5969757889927375,0.5969757889927375,0.5969757889927375,0.5969757889927375,0.5969757889927375,0.5969757889927375,0.5969757889927375,0.5969757889927375,0.5969757889927375,0.5969757889927375,0.5969757889927375,0.5969757889927375,0.5969757889927375,0.5969757889927375,0.5969757889927375,0.5969757889927375,0.5969757889927375,0.5969757889927375,0.5969757889927375,0.5969757889927375,0.5969757889927375,0.5969757889927375,0.5969757889927375,0.5969757889927375,0.5969757889927375,0.5969757889927375,0.5969757889927375,0.5969757889927375,0.5969757889927375,0.5969757889927375,0.5969757889927375,0.5969757889927375,0.5969757889927375,0.5969757889927375,0.5969757889927375,0.5969757889927375,0.5969757889927375,0.5969757889927375,0.5969757889927375,0.5969757889927375,0.5969757889927375,0.5969757889927375,0.5969757889927375,0.5969757889927375,0.5969757889927375,0.5969757889927375,0.5969757889927375,0.5969757889927375,0.5969757889927375,0.5969757889927375,0.5969757889927375,0.5969757889927375,0.5969757889927375,0.5969757889927375,0.5969757889927375,0.5969757889927375,0.5969757889927375,0.5969757889927375,0.5969757889927375,0.5969757889927375,0.5969757889927375,0.5969757889927375,0.5969757889927375,0.5969757889927375,0.5969757889927375,0.5969757889927375,0.5969757889927375,0.5969757889927375,0.5969757889927375,0.5969757889927375,0.5969757889927375,0.5969757889927375,0.5969757889927375,0.5969757889927375,0.5969757889927375,0.5969757889927375,0.5969757889927375,0.5969757889927375,0.5969757889927375,0.5969757889927375,0.5969757889927375,0.5969757889927375,0.5969757889927375,0.5969757889927375,0.5969757889927375,0.5969757889927375,0.5969757889927375,0.5969757889927375,0.5969757889927375,0.5969757889927375,8.282586295778598,7.787865004052829,7.170451327636348,7.170451327636348,7.170451327636348,7.170451327636348,7.170451327636348,7.1330685445978625,7.1330685445978625,7.100305448063716,7.100305448063716,7.100305448063716,6.788020334688383,6.788020334688383,6.788020334688383,6.788020334688383,6.788020334688383,6.544260467008141,6.544260467008141,6.544260467008141,6.544260467008141,6.544260467008141,6.544260467008141,6.544260467008141,6.544260467008141,6.544260467008141,6.544260467008141,6.544260467008141,6.544260467008141,6.544260467008141,6.544260467008141,6.544260467008141,6.544260467008141,6.544260467008141,6.544260467008141,6.2105839318369584,6.2105839318369584,5.2898399414762105,5.2898399414762105,5.10312925821208,5.10312925821208,5.10312925821208,5.10312925821208,5.10312925821208,5.10312925821208,5.10312925821208,5.10312925821208,5.10312925821208,5.10312925821208,5.10312925821208,5.10312925821208,5.10312925821208,5.10312925821208,5.10312925821208,5.10312925821208,5.10312925821208,5.10312925821208,5.10312925821208,5.10312925821208,5.10312925821208,5.10312925821208,5.10312925821208,5.10312925821208,5.10312925821208,5.10312925821208,5.10312925821208,5.10312925821208,5.10312925821208,5.10312925821208,5.10312925821208,5.10312925821208,5.10312925821208,5.10312925821208,5.10312925821208,5.10312925821208,5.10312925821208,5.10312925821208,5.10312925821208,5.10312925821208,5.10312925821208,5.10312925821208,5.10312925821208,5.10312925821208,5.10312925821208,5.10312925821208,5.10312925821208,5.10312925821208,5.10312925821208,5.10312925821208,5.10312925821208,5.10312925821208,5.10312925821208,5.10312925821208,5.10312925821208,5.10312925821208,5.10312925821208,5.10312925821208,5.10312925821208,5.10312925821208,5.10312925821208,5.10312925821208,5.10312925821208,5.10312925821208,5.10312925821208,5.10312925821208,5.10312925821208,5.10312925821208,5.10312925821208,5.10312925821208,5.10312925821208,5.10312925821208,5.10312925821208,5.10312925821208,5.10312925821208,5.10312925821208,5.10312925821208,5.10312925821208,5.10312925821208,5.10312925821208,5.10312925821208,5.10312925821208,5.10312925821208,5.10312925821208,5.10312925821208,5.10312925821208,5.10312925821208,5.10312925821208,5.10312925821208,5.10312925821208,5.10312925821208,5.10312925821208,5.10312925821208,5.10312925821208,5.10312925821208,5.10312925821208,5.10312925821208,5.10312925821208,5.10312925821208,5.10312925821208,5.10312925821208,5.10312925821208,5.10312925821208,5.10312925821208,5.10312925821208,5.10312925821208,5.10312925821208,5.10312925821208,5.10312925821208,5.10312925821208,5.10312925821208,5.10312925821208,5.10312925821208,5.10312925821208,5.10312925821208,5.10312925821208,5.10312925821208,5.10312925821208,5.10312925821208,5.10312925821208,5.10312925821208,5.10312925821208,5.10312925821208,5.10312925821208,5.10312925821208,5.10312925821208,5.10312925821208,5.10312925821208,5.10312925821208,5.10312925821208,5.10312925821208,5.10312925821208,5.10312925821208,5.10312925821208,5.10312925821208,5.10312925821208,5.10312925821208,4.570103916825844,4.570103916825844,4.570103916825844,4.570103916825844,4.570103916825844,4.545670588870424,4.545670588870424,4.545670588870424,4.545670588870424,4.545670588870424,4.461268922564037,4.461268922564037,3.969436434259978,3.969436434259978,3.969436434259978,3.969436434259978,3.969436434259978,3.969436434259978,3.969436434259978,3.969436434259978,3.969436434259978,3.969436434259978,3.969436434259978,3.969436434259978,3.969436434259978,3.969436434259978,3.969436434259978,3.969436434259978,3.969436434259978,3.969436434259978,3.969436434259978,3.969436434259978,3.969436434259978,3.969436434259978,3.969436434259978,3.969436434259978,3.969436434259978,3.969436434259978,3.969436434259978,3.969436434259978,3.969436434259978,3.969436434259978,3.969436434259978,3.969436434259978,3.969436434259978,3.969436434259978,3.969436434259978,3.969436434259978,3.969436434259978,3.969436434259978,3.969436434259978,3.969436434259978,3.969436434259978,3.969436434259978,3.969436434259978,3.969436434259978,3.969436434259978,3.969436434259978,3.969436434259978,3.969436434259978,3.969436434259978,3.969436434259978,3.969436434259978,3.969436434259978,3.969436434259978,3.969436434259978,3.969436434259978,3.969436434259978,3.969436434259978,3.969436434259978,3.969436434259978,3.969436434259978,3.969436434259978,3.969436434259978,3.969436434259978,3.969436434259978,3.969436434259978,3.969436434259978,3.969436434259978,3.969436434259978,3.969436434259978,3.969436434259978,3.969436434259978,3.969436434259978,3.969436434259978,3.969436434259978,3.969436434259978,3.969436434259978,3.969436434259978,3.969436434259978,3.969436434259978,3.969436434259978,3.969436434259978,3.969436434259978,3.969436434259978,3.969436434259978,3.969436434259978,3.969436434259978,3.969436434259978,3.969436434259978,3.969436434259978,3.969436434259978,3.969436434259978,3.969436434259978,3.969436434259978,3.969436434259978,3.969436434259978,3.969436434259978,3.969436434259978,3.969436434259978,3.969436434259978,3.969436434259978,3.969436434259978,3.969436434259978,3.969436434259978,3.969436434259978,3.969436434259978,3.969436434259978,3.969436434259978,3.969436434259978,3.969436434259978,3.969436434259978,3.969436434259978,3.969436434259978,3.969436434259978,3.969436434259978,3.969436434259978,3.969436434259978,3.969436434259978,3.969436434259978,3.969436434259978,3.969436434259978,3.969436434259978,3.969436434259978,3.969436434259978,3.969436434259978,3.969436434259978,3.969436434259978,3.969436434259978,3.969436434259978,3.969436434259978,3.969436434259978,3.969436434259978,3.969436434259978,3.969436434259978,3.969436434259978,3.969436434259978,3.969436434259978,3.969436434259978,3.969436434259978,3.969436434259978,3.969436434259978,3.969436434259978,3.969436434259978,3.969436434259978,3.969436434259978,3.969436434259978,3.969436434259978,3.969436434259978,3.969436434259978,3.969436434259978,3.969436434259978,3.969436434259978,3.969436434259978,3.969436434259978,3.969436434259978,3.969436434259978,3.969436434259978,3.969436434259978,3.969436434259978,3.969436434259978,3.969436434259978,3.969436434259978,3.969436434259978,3.969436434259978,3.969436434259978,3.969436434259978,3.969436434259978,3.969436434259978,3.969436434259978,3.969436434259978,3.969436434259978,3.969436434259978,3.969436434259978,3.969436434259978,3.969436434259978,3.969436434259978,3.969436434259978,3.969436434259978,3.969436434259978,3.969436434259978,3.969436434259978,3.969436434259978,3.969436434259978,3.969436434259978,3.969436434259978,3.969436434259978,3.969436434259978,3.969436434259978,3.969436434259978,3.969436434259978,3.969436434259978,3.969436434259978,3.969436434259978,3.969436434259978,3.969436434259978,3.969436434259978,3.969436434259978,3.969436434259978,3.969436434259978,3.969436434259978,3.969436434259978,3.969436434259978,3.969436434259978,3.969436434259978,3.969436434259978,3.969436434259978,3.969436434259978,3.969436434259978,3.969436434259978,3.969436434259978,3.969436434259978,3.969436434259978,3.969436434259978,3.969436434259978,3.969436434259978,3.969436434259978,3.969436434259978,3.969436434259978,3.969436434259978,3.969436434259978,3.969436434259978,3.969436434259978,3.969436434259978,3.969436434259978,3.969436434259978,3.969436434259978,3.969436434259978,3.969436434259978,3.969436434259978,3.969436434259978,3.969436434259978,3.969436434259978,3.969436434259978,3.969436434259978,3.969436434259978,3.969436434259978,3.969436434259978,3.969436434259978,3.969436434259978,3.969436434259978,3.969436434259978,3.969436434259978,3.969436434259978,3.969436434259978,3.969436434259978,3.969436434259978,3.969436434259978,3.969436434259978,3.969436434259978,3.969436434259978,3.969436434259978,3.969436434259978,3.969436434259978,3.969436434259978,3.969436434259978,3.969436434259978,3.969436434259978,3.969436434259978,3.969436434259978,3.969436434259978,3.969436434259978,3.969436434259978,3.969436434259978,3.969436434259978,3.969436434259978,3.969436434259978,3.969436434259978,3.969436434259978,3.969436434259978,3.969436434259978,3.969436434259978,3.969436434259978,3.969436434259978,3.969436434259978,3.969436434259978,3.969436434259978,3.969436434259978,3.969436434259978,3.969436434259978,3.969436434259978,3.969436434259978,3.969436434259978,3.969436434259978,3.969436434259978,3.969436434259978,3.969436434259978,3.969436434259978,3.969436434259978,3.969436434259978,3.969436434259978,3.969436434259978,3.969436434259978,3.969436434259978,3.969436434259978,3.969436434259978,3.969436434259978,3.969436434259978,3.969436434259978,3.969436434259978,3.969436434259978,3.969436434259978,3.969436434259978,3.969436434259978,3.969436434259978,3.969436434259978,3.969436434259978,3.969436434259978,3.969436434259978,3.969436434259978,3.969436434259978,3.969436434259978,3.969436434259978,3.969436434259978,3.969436434259978,3.969436434259978,3.969436434259978,3.969436434259978,3.969436434259978,3.969436434259978,3.969436434259978,3.969436434259978,3.969436434259978,3.969436434259978,3.969436434259978,3.969436434259978,3.969436434259978,3.969436434259978,3.969436434259978,3.969436434259978,3.969436434259978,3.969436434259978,3.969436434259978,3.969436434259978,3.969436434259978,3.969436434259978,3.969436434259978,3.969436434259978,3.969436434259978,3.969436434259978,3.969436434259978,3.969436434259978,3.969436434259978,3.969436434259978,3.969436434259978,3.969436434259978,3.969436434259978,3.969436434259978,3.969436434259978,3.969436434259978,3.969436434259978,3.969436434259978,3.969436434259978,3.969436434259978,3.969436434259978,3.969436434259978,3.969436434259978,3.969436434259978,3.969436434259978,3.969436434259978,3.969436434259978,3.969436434259978,3.969436434259978,3.969436434259978,3.969436434259978,3.969436434259978,3.969436434259978,3.969436434259978,3.969436434259978,3.969436434259978,3.969436434259978,3.969436434259978,3.969436434259978,3.969436434259978,3.969436434259978,3.969436434259978,3.969436434259978,3.969436434259978,3.969436434259978,3.969436434259978,3.969436434259978,3.969436434259978,3.969436434259978,3.969436434259978,3.969436434259978,3.969436434259978,3.969436434259978,3.969436434259978,3.969436434259978,3.969436434259978,3.969436434259978,3.969436434259978,3.969436434259978,3.969436434259978,3.969436434259978,3.969436434259978,3.969436434259978,3.969436434259978,3.969436434259978,3.969436434259978,3.969436434259978,3.969436434259978,3.969436434259978,3.969436434259978,3.969436434259978,3.969436434259978,3.969436434259978,3.969436434259978,3.969436434259978,3.969436434259978,3.969436434259978,3.969436434259978,3.969436434259978,3.969436434259978,3.969436434259978,3.969436434259978,3.969436434259978,3.969436434259978,3.969436434259978,3.969436434259978,3.969436434259978,3.969436434259978,3.969436434259978,3.969436434259978,3.969436434259978,3.969436434259978,3.969436434259978,3.969436434259978,3.969436434259978,3.969436434259978,3.969436434259978,3.969436434259978,3.969436434259978,3.969436434259978,3.969436434259978,3.969436434259978,3.969436434259978,3.969436434259978,3.969436434259978,3.969436434259978,3.969436434259978,3.969436434259978,3.969436434259978,3.969436434259978,3.969436434259978,3.969436434259978,3.969436434259978,3.969436434259978,3.969436434259978,3.969436434259978,3.969436434259978,3.969436434259978,3.969436434259978,3.969436434259978,3.969436434259978,3.969436434259978,3.969436434259978,3.969436434259978,3.969436434259978,3.969436434259978,3.969436434259978,3.969436434259978,3.969436434259978,3.969436434259978,3.969436434259978,3.969436434259978,3.969436434259978,3.969436434259978,3.969436434259978,3.969436434259978,3.969436434259978,3.969436434259978,3.969436434259978,3.969436434259978,3.969436434259978,3.969436434259978,3.969436434259978,3.969436434259978,3.969436434259978,3.969436434259978,3.969436434259978,3.969436434259978,3.969436434259978,3.969436434259978,3.969436434259978,3.969436434259978,3.969436434259978,3.969436434259978,3.969436434259978,3.969436434259978,3.969436434259978,3.969436434259978,3.969436434259978,3.969436434259978,3.969436434259978,3.969436434259978,3.969436434259978,3.969436434259978,3.969436434259978,3.969436434259978,3.969436434259978,3.969436434259978,3.969436434259978,3.969436434259978,3.969436434259978,3.969436434259978,3.969436434259978,3.969436434259978,3.969436434259978,3.969436434259978,3.969436434259978,3.969436434259978,3.969436434259978,3.969436434259978,3.969436434259978,3.969436434259978,3.969436434259978,3.969436434259978,3.969436434259978,3.969436434259978,3.969436434259978,3.969436434259978,3.969436434259978,3.969436434259978,3.969436434259978,3.969436434259978,3.969436434259978,3.969436434259978,3.969436434259978,3.969436434259978,3.969436434259978,3.969436434259978,3.969436434259978,3.969436434259978,3.969436434259978,3.969436434259978,3.969436434259978,3.969436434259978,3.969436434259978,3.969436434259978,3.969436434259978,3.969436434259978,3.969436434259978,3.969436434259978,3.969436434259978,3.969436434259978,3.969436434259978,3.969436434259978,3.969436434259978,3.969436434259978,3.969436434259978,3.969436434259978,3.969436434259978,3.969436434259978,3.969436434259978,3.969436434259978,3.969436434259978,3.969436434259978,3.969436434259978,3.969436434259978,3.969436434259978,3.969436434259978,3.969436434259978,3.969436434259978,3.969436434259978,3.969436434259978,3.969436434259978,3.969436434259978,3.969436434259978,3.969436434259978,3.969436434259978,3.969436434259978,3.969436434259978,3.969436434259978,3.969436434259978,3.969436434259978,3.969436434259978,3.969436434259978,3.969436434259978,3.969436434259978,3.969436434259978,3.969436434259978,3.969436434259978,3.969436434259978,3.969436434259978,3.969436434259978,3.969436434259978,3.969436434259978,3.969436434259978,3.969436434259978,3.969436434259978,3.969436434259978,3.969436434259978,3.969436434259978,3.969436434259978,3.969436434259978,3.969436434259978,3.969436434259978,3.969436434259978,3.969436434259978,3.969436434259978,3.969436434259978,3.969436434259978,3.969436434259978,3.969436434259978,3.969436434259978,3.969436434259978,3.969436434259978,3.969436434259978,3.969436434259978,3.969436434259978,3.969436434259978,3.969436434259978,3.969436434259978,3.969436434259978,3.969436434259978,3.969436434259978,3.969436434259978,3.969436434259978,3.969436434259978,3.969436434259978,3.969436434259978,3.969436434259978,3.969436434259978,3.969436434259978,3.969436434259978,3.969436434259978,3.969436434259978,3.969436434259978,3.969436434259978,3.969436434259978,3.969436434259978,3.969436434259978,3.969436434259978,3.969436434259978,3.969436434259978,3.969436434259978,3.969436434259978,3.969436434259978,3.969436434259978,3.969436434259978,3.969436434259978,3.969436434259978,3.969436434259978,3.969436434259978,3.969436434259978,3.969436434259978,3.969436434259978,3.969436434259978,3.969436434259978,3.969436434259978,3.969436434259978,3.969436434259978,3.969436434259978,3.969436434259978,3.969436434259978,3.969436434259978,3.969436434259978,3.969436434259978,3.969436434259978,3.969436434259978,3.969436434259978,3.969436434259978,3.969436434259978,3.969436434259978,3.969436434259978,3.969436434259978,3.969436434259978,3.969436434259978,3.969436434259978,3.969436434259978,3.969436434259978,3.969436434259978,3.969436434259978,3.969436434259978,3.969436434259978,3.969436434259978,3.969436434259978,3.969436434259978,3.969436434259978,3.969436434259978,3.969436434259978,3.969436434259978,3.969436434259978,3.969436434259978,3.969436434259978,3.969436434259978,3.969436434259978,3.969436434259978,3.969436434259978,3.969436434259978,3.969436434259978,3.969436434259978,3.969436434259978,3.969436434259978,3.969436434259978,3.969436434259978,3.969436434259978,3.969436434259978,3.969436434259978,3.969436434259978,3.969436434259978,3.969436434259978,3.969436434259978,3.969436434259978,3.969436434259978,3.969436434259978,3.969436434259978,3.969436434259978,3.969436434259978,3.969436434259978,3.969436434259978,3.969436434259978,3.969436434259978,3.969436434259978,3.969436434259978,3.969436434259978,3.969436434259978,3.969436434259978,3.969436434259978,3.969436434259978,3.969436434259978,3.969436434259978,3.969436434259978,3.969436434259978,3.969436434259978,3.969436434259978,3.969436434259978,3.969436434259978,3.969436434259978,3.969436434259978,3.969436434259978,3.969436434259978,3.969436434259978,3.969436434259978,3.969436434259978,3.969436434259978,3.969436434259978,3.969436434259978,3.969436434259978,3.969436434259978,3.969436434259978,3.969436434259978,3.969436434259978,3.969436434259978,3.969436434259978,3.969436434259978,3.969436434259978,3.969436434259978,3.969436434259978,3.969436434259978,3.969436434259978,3.969436434259978,3.969436434259978,3.969436434259978,3.969436434259978,3.969436434259978,3.969436434259978,3.969436434259978,3.969436434259978,3.969436434259978,3.969436434259978,3.969436434259978,3.969436434259978,3.969436434259978,3.969436434259978,3.969436434259978,3.969436434259978,3.969436434259978,3.969436434259978,3.969436434259978,3.969436434259978,3.969436434259978,3.969436434259978,3.969436434259978,3.969436434259978,3.969436434259978,3.969436434259978,3.969436434259978,3.969436434259978,3.969436434259978,3.969436434259978,3.969436434259978,3.969436434259978,3.969436434259978,3.969436434259978,3.969436434259978,3.969436434259978,3.969436434259978,3.969436434259978,3.969436434259978,3.969436434259978,3.969436434259978,3.969436434259978,3.969436434259978,3.969436434259978,3.969436434259978,3.969436434259978,3.969436434259978,3.969436434259978,3.969436434259978,3.969436434259978,3.969436434259978,3.969436434259978,3.969436434259978,3.969436434259978,3.969436434259978,3.969436434259978,3.969436434259978,3.969436434259978,3.969436434259978,3.969436434259978,3.969436434259978,3.969436434259978,8.90507712885428,8.800817527215763,8.800817527215763,7.89635557165491,7.89635557165491,7.575098385548289,7.575098385548289,7.312862624644554,7.312862624644554,7.312862624644554,7.312862624644554,7.312862624644554,7.312862624644554,7.312862624644554,7.312862624644554,7.312862624644554,7.312862624644554,7.312862624644554,7.312862624644554,7.312862624644554,7.312862624644554,7.312862624644554,7.312862624644554,7.312862624644554,7.312862624644554,7.312862624644554,7.312862624644554,7.312862624644554,7.312862624644554,7.312862624644554,7.312862624644554,7.312862624644554,7.312862624644554,7.312862624644554,7.312862624644554,7.312862624644554,7.312862624644554,7.312862624644554,7.312862624644554,7.312862624644554,7.312862624644554,7.312862624644554,7.312862624644554,7.312862624644554,7.312862624644554,7.312862624644554,7.312862624644554,7.312862624644554,7.312862624644554,7.312862624644554,7.312862624644554,7.312862624644554,7.312862624644554,7.312862624644554,7.312862624644554,7.312862624644554,6.3352441206411685,6.3352441206411685,6.3352441206411685,6.3352441206411685,6.3352441206411685,6.3352441206411685,6.3352441206411685,6.3352441206411685,6.3352441206411685,5.675030115459116,5.675030115459116,5.6331183138573415,5.6331183138573415,5.6331183138573415,5.6331183138573415,5.6331183138573415,5.6331183138573415,5.6331183138573415,5.6331183138573415,5.6331183138573415,5.6331183138573415,5.6331183138573415,5.448340655619202,5.448340655619202,5.448340655619202,5.448340655619202,5.448340655619202,5.448340655619202,5.448340655619202,5.448340655619202,5.448340655619202,5.448340655619202,5.448340655619202,5.448340655619202,5.448340655619202,5.448340655619202,5.448340655619202,5.448340655619202,5.448340655619202,5.448340655619202,5.448340655619202,5.448340655619202,5.448340655619202,5.448340655619202,5.448340655619202,5.448340655619202,5.448340655619202,5.448340655619202,5.448340655619202,5.448340655619202,5.448340655619202,5.448340655619202,5.448340655619202,5.448340655619202,5.448340655619202,5.448340655619202,5.448340655619202,5.448340655619202,5.448340655619202,5.448340655619202,5.448340655619202,5.448340655619202,5.448340655619202,5.448340655619202,5.448340655619202,5.448340655619202,5.448340655619202,5.448340655619202,5.448340655619202,5.448340655619202,5.448340655619202,5.448340655619202,5.448340655619202,5.448340655619202,5.448340655619202,5.448340655619202,5.448340655619202,5.448340655619202,5.448340655619202,5.448340655619202,5.448340655619202,5.448340655619202,5.448340655619202,5.448340655619202,5.448340655619202,5.448340655619202,5.448340655619202,5.448340655619202,5.448340655619202,5.448340655619202,5.448340655619202,5.448340655619202,5.448340655619202,5.448340655619202,5.448340655619202,5.448340655619202,5.448340655619202,5.448340655619202,5.448340655619202,5.448340655619202,5.448340655619202,5.448340655619202,5.448340655619202,5.448340655619202,5.448340655619202,5.448340655619202,5.448340655619202,5.3982653455610885,5.3982653455610885,5.3982653455610885,5.3982653455610885,5.3982653455610885,5.3982653455610885,5.3982653455610885,5.3982653455610885,5.382749502777619,5.382749502777619,5.382749502777619,5.382749502777619,5.382749502777619,5.382749502777619,5.382749502777619,5.382749502777619,5.382749502777619,5.382749502777619,5.382749502777619,5.382749502777619,5.382749502777619,5.382749502777619,5.382749502777619,5.382749502777619,5.382749502777619,5.382749502777619,5.382749502777619,5.382749502777619,5.382749502777619,5.382749502777619,5.382749502777619,5.382749502777619,5.382749502777619,5.382749502777619,5.382749502777619,5.382749502777619,5.382749502777619,5.382749502777619,5.382749502777619,5.382749502777619,5.382749502777619,5.382749502777619,5.382749502777619,5.382749502777619,5.382749502777619,5.382749502777619,5.382749502777619,5.382749502777619,5.382749502777619,5.382749502777619,5.382749502777619,5.382749502777619,5.382749502777619,5.382749502777619,5.382749502777619,5.382749502777619,5.382749502777619,5.382749502777619,5.382749502777619,5.382749502777619,5.382749502777619,5.382749502777619,5.382749502777619,5.382749502777619,5.382749502777619,4.758558705568998,4.758558705568998,4.758558705568998,4.758558705568998,4.758558705568998,4.758558705568998,4.758558705568998,4.758558705568998,4.758558705568998,4.758558705568998,4.758558705568998,4.758558705568998,4.758558705568998,4.758558705568998,4.758558705568998,4.758558705568998,4.758558705568998,4.758558705568998,4.758558705568998,4.758558705568998,4.758558705568998,4.758558705568998,4.758558705568998,4.758558705568998,4.758558705568998,4.758558705568998,4.758558705568998,4.758558705568998,4.758558705568998,4.758558705568998,4.758558705568998,4.758558705568998,4.758558705568998,4.758558705568998,4.758558705568998,4.758558705568998,4.758558705568998,4.758558705568998,4.758558705568998,4.758558705568998,4.758558705568998,4.758558705568998,4.758558705568998,4.758558705568998,4.758558705568998,4.758558705568998,4.758558705568998,4.758558705568998,4.758558705568998,4.758558705568998,4.758558705568998,4.758558705568998,4.758558705568998,4.758558705568998,4.758558705568998,4.758558705568998,4.758558705568998,4.758558705568998,4.758558705568998,4.758558705568998,4.758558705568998,4.758558705568998,4.758558705568998,4.758558705568998,4.758558705568998,4.758558705568998,4.758558705568998,4.758558705568998,4.758558705568998,4.758558705568998,4.758558705568998,4.758558705568998,4.758558705568998,4.758558705568998,4.758558705568998,4.758558705568998,4.758558705568998,4.758558705568998,4.758558705568998,4.758558705568998,4.758558705568998,4.758558705568998,4.758558705568998,4.758558705568998,4.758558705568998,4.758558705568998,4.758558705568998,4.758558705568998,4.758558705568998,4.758558705568998,4.758558705568998,4.758558705568998,4.758558705568998,4.758558705568998,4.758558705568998,4.758558705568998,4.758558705568998,4.758558705568998,4.758558705568998,4.758558705568998,4.758558705568998,4.758558705568998,4.758558705568998,4.758558705568998,4.758558705568998,4.758558705568998,4.758558705568998,4.758558705568998,4.758558705568998,4.758558705568998,4.758558705568998,4.758558705568998,4.758558705568998,4.758558705568998,4.758558705568998,4.758558705568998,4.758558705568998,4.758558705568998,4.758558705568998,4.758558705568998,4.758558705568998,4.758558705568998,4.758558705568998,4.758558705568998,4.758558705568998,4.758558705568998,4.758558705568998,4.758558705568998,4.758558705568998,4.758558705568998,4.758558705568998,4.758558705568998,4.758558705568998,4.758558705568998,4.758558705568998,4.758558705568998,4.758558705568998,4.758558705568998,4.758558705568998,4.758558705568998,4.758558705568998,4.758558705568998,4.758558705568998,4.758558705568998,4.758558705568998,4.758558705568998,4.758558705568998,4.758558705568998,4.758558705568998,4.758558705568998,4.758558705568998,4.758558705568998,4.758558705568998,4.758558705568998,4.758558705568998,4.758558705568998,4.758558705568998,4.758558705568998,4.758558705568998,4.758558705568998,4.758558705568998,4.758558705568998,4.758558705568998,4.758558705568998,4.758558705568998,4.758558705568998,4.758558705568998,4.758558705568998,4.758558705568998,4.758558705568998,4.758558705568998,4.758558705568998,4.758558705568998,4.758558705568998,4.758558705568998,4.758558705568998,4.758558705568998,4.758558705568998,4.758558705568998,4.758558705568998,4.758558705568998,4.758558705568998,4.758558705568998,4.758558705568998,4.758558705568998,4.758558705568998,4.758558705568998,4.758558705568998,4.758558705568998,4.758558705568998,4.758558705568998,4.758558705568998,4.758558705568998,4.758558705568998,4.758558705568998,4.758558705568998,4.758558705568998,4.758558705568998,4.746138408984821,4.746138408984821,4.746138408984821,4.736541371296796,4.736541371296796,4.736541371296796,4.736541371296796,4.736541371296796,4.736541371296796,4.736541371296796,4.736541371296796,4.736541371296796,4.736541371296796,4.736541371296796,4.736541371296796,4.736541371296796,4.736541371296796,4.736541371296796,4.736541371296796,4.606500129395496,4.606500129395496,4.606500129395496,4.606500129395496,4.606500129395496,4.606500129395496,4.606500129395496,4.606500129395496,4.606500129395496,4.606500129395496,4.606500129395496,4.606500129395496,4.606500129395496,4.606500129395496,4.606500129395496,4.606500129395496,4.606500129395496,4.606500129395496,4.606500129395496,4.606500129395496,4.606500129395496,4.606500129395496,4.606500129395496,4.606500129395496,4.606500129395496,4.606500129395496,4.606500129395496,4.606500129395496,4.606500129395496,4.606500129395496,4.606500129395496,4.606500129395496,4.606500129395496,4.606500129395496,4.606500129395496,4.606500129395496,4.606500129395496,4.606500129395496,4.606500129395496,4.606500129395496,4.606500129395496,4.606500129395496,4.606500129395496,4.606500129395496,4.606500129395496,4.606500129395496,4.606500129395496,4.606500129395496,4.606500129395496,4.606500129395496,4.606500129395496,4.606500129395496,4.606500129395496,4.606500129395496,4.606500129395496,4.606500129395496,4.606500129395496,4.606500129395496,4.606500129395496,4.606500129395496,4.606500129395496,4.606500129395496,4.606500129395496,4.606500129395496,4.606500129395496,4.606500129395496,4.606500129395496,4.606500129395496,4.606500129395496,4.606500129395496,4.606500129395496,4.606500129395496,4.606500129395496,4.606500129395496,4.606500129395496,4.606500129395496,4.606500129395496,4.606500129395496,4.606500129395496,4.606500129395496,4.606500129395496,4.606500129395496,4.606500129395496,4.606500129395496,4.606500129395496,4.606500129395496,4.606500129395496,4.606500129395496,4.606500129395496,4.606500129395496,4.606500129395496,4.606500129395496,4.606500129395496,4.606500129395496,4.606500129395496,4.606500129395496,4.606500129395496,4.606500129395496,4.606500129395496,4.606500129395496,4.606500129395496,4.606500129395496,4.606500129395496,4.606500129395496,4.606500129395496,4.606500129395496,4.606500129395496,4.606500129395496,4.606500129395496,4.606500129395496,4.606500129395496,4.606500129395496,4.606500129395496,4.606500129395496,4.606500129395496,4.606500129395496,4.606500129395496,4.606500129395496,4.606500129395496,4.606500129395496,4.606500129395496,4.606500129395496,4.606500129395496,4.606500129395496,4.606500129395496,4.606500129395496,4.606500129395496,4.606500129395496,4.606500129395496,4.606500129395496,4.606500129395496,4.606500129395496,4.606500129395496,4.606500129395496,4.606500129395496,4.606500129395496,4.606500129395496,4.606500129395496,4.606500129395496,4.606500129395496,4.606500129395496,4.606500129395496,4.606500129395496,4.606500129395496,4.606500129395496,4.606500129395496,4.606500129395496,4.606500129395496,4.606500129395496,4.606500129395496,4.606500129395496,4.606500129395496,4.606500129395496,4.606500129395496,4.606500129395496,4.606500129395496,4.606500129395496,4.606500129395496,4.606500129395496,4.606500129395496,4.606500129395496,4.606500129395496,4.606500129395496,4.606500129395496,4.606500129395496,4.606500129395496,4.606500129395496,4.606500129395496,4.606500129395496,4.606500129395496,4.606500129395496,4.606500129395496,4.606500129395496,4.606500129395496,4.606500129395496,4.606500129395496,4.606500129395496,4.606500129395496,4.606500129395496,4.606500129395496,4.606500129395496,4.606500129395496,4.606500129395496,4.606500129395496,4.606500129395496,4.606500129395496,4.606500129395496,4.606500129395496,4.606500129395496,4.606500129395496,4.606500129395496,4.606500129395496,4.606500129395496,4.606500129395496,4.606500129395496,4.606500129395496,4.606500129395496,4.606500129395496,4.606500129395496,4.606500129395496,4.606500129395496,4.606500129395496,4.606500129395496,4.606500129395496,4.606500129395496,4.606500129395496,4.606500129395496,4.606500129395496,4.606500129395496,4.606500129395496,4.606500129395496,4.606500129395496,4.606500129395496,4.606500129395496,4.606500129395496,4.606500129395496,4.606500129395496,4.606500129395496,4.606500129395496,4.606500129395496,4.606500129395496,4.606500129395496,4.606500129395496,4.606500129395496,4.606500129395496,4.606500129395496,4.606500129395496,4.606500129395496,4.606500129395496,4.606500129395496,4.606500129395496,4.606500129395496,4.606500129395496,4.606500129395496,4.606500129395496,4.606500129395496,4.606500129395496,4.606500129395496,4.606500129395496,4.606500129395496,4.606500129395496,4.606500129395496,4.606500129395496,4.606500129395496,4.606500129395496,4.606500129395496,4.606500129395496,4.606500129395496,4.606500129395496,4.606500129395496,4.606500129395496,4.606500129395496,4.606500129395496,4.606500129395496,4.606500129395496,4.606500129395496,4.606500129395496,4.606500129395496,4.606500129395496,4.606500129395496,4.606500129395496,4.606500129395496,4.606500129395496,4.606500129395496,4.606500129395496,4.606500129395496,4.606500129395496,4.606500129395496,4.606500129395496,4.606500129395496,4.606500129395496,4.606500129395496,4.606500129395496,4.606500129395496,4.606500129395496,4.606500129395496,4.606500129395496,4.606500129395496,4.606500129395496,4.606500129395496,4.606500129395496,4.606500129395496,4.606500129395496,4.606500129395496,4.606500129395496,4.606500129395496,4.606500129395496,4.606500129395496,4.606500129395496,4.606500129395496,4.606500129395496,4.606500129395496,4.606500129395496,4.606500129395496,4.606500129395496,4.606500129395496,4.606500129395496,4.606500129395496,4.606500129395496,4.606500129395496,4.606500129395496,4.606500129395496,4.606500129395496,4.606500129395496,4.606500129395496,4.606500129395496,4.606500129395496,4.606500129395496,4.606500129395496,4.606500129395496,4.606500129395496,4.606500129395496,4.606500129395496,4.606500129395496,4.606500129395496,4.606500129395496,4.606500129395496,4.606500129395496,4.606500129395496,4.606500129395496,4.606500129395496,4.606500129395496,4.606500129395496,4.606500129395496,4.606500129395496,4.606500129395496,4.606500129395496,4.606500129395496,4.606500129395496,4.606500129395496,4.606500129395496,4.606500129395496,4.606500129395496,4.606500129395496,4.606500129395496,4.606500129395496,4.606500129395496,4.606500129395496,4.606500129395496,4.606500129395496,4.606500129395496,4.606500129395496,4.606500129395496,4.606500129395496,4.606500129395496,4.606500129395496,4.606500129395496,4.606500129395496,4.606500129395496,4.606500129395496,4.606500129395496,4.606500129395496,4.606500129395496,4.606500129395496,4.606500129395496,4.606500129395496,4.606500129395496,4.606500129395496,4.606500129395496,4.606500129395496,4.606500129395496,4.606500129395496,4.606500129395496,4.606500129395496,4.606500129395496,4.606500129395496,4.606500129395496,4.606500129395496,4.606500129395496,4.606500129395496,4.606500129395496,4.606500129395496,4.606500129395496,4.606500129395496,4.606500129395496,4.606500129395496,4.606500129395496,4.606500129395496,4.606500129395496,4.606500129395496,4.606500129395496,4.606500129395496,4.606500129395496,4.606500129395496,4.606500129395496,4.606500129395496,4.606500129395496,4.606500129395496,4.606500129395496,4.606500129395496,4.606500129395496,4.606500129395496,4.606500129395496,4.606500129395496,4.606500129395496,4.606500129395496,4.606500129395496,4.606500129395496,4.606500129395496,4.606500129395496,4.606500129395496,4.606500129395496,4.606500129395496,4.606500129395496,4.606500129395496,4.606500129395496,4.606500129395496,4.606500129395496,4.606500129395496,4.606500129395496,4.606500129395496,4.606500129395496,4.606500129395496,4.606500129395496,4.606500129395496,4.606500129395496,4.606500129395496,4.606500129395496,4.606500129395496,4.606500129395496,4.606500129395496,4.606500129395496,4.606500129395496,4.606500129395496,4.606500129395496,4.606500129395496,4.606500129395496,4.606500129395496,4.606500129395496,4.606500129395496,4.606500129395496,4.606500129395496,4.606500129395496,4.606500129395496,4.606500129395496,4.606500129395496,4.606500129395496,4.606500129395496,4.606500129395496,4.606500129395496,4.606500129395496,4.606500129395496,4.606500129395496,4.606500129395496,4.606500129395496,4.606500129395496,4.606500129395496,4.606500129395496,4.606500129395496,4.606500129395496,4.606500129395496,4.606500129395496,4.606500129395496,4.606500129395496,4.606500129395496,4.606500129395496,4.606500129395496,4.606500129395496,4.606500129395496,4.606500129395496,4.606500129395496,4.606500129395496,4.606500129395496,4.606500129395496,4.606500129395496,4.606500129395496,4.606500129395496,4.606500129395496,4.606500129395496,4.606500129395496,4.606500129395496,4.606500129395496,4.606500129395496,4.606500129395496,4.606500129395496,4.606500129395496,4.606500129395496,4.606500129395496,4.606500129395496,4.606500129395496,4.606500129395496,4.606500129395496,4.606500129395496,4.606500129395496,4.606500129395496,4.606500129395496,4.606500129395496,4.606500129395496,4.606500129395496,4.606500129395496,4.606500129395496,4.606500129395496,4.606500129395496,4.606500129395496,4.606500129395496,4.606500129395496,4.606500129395496,4.606500129395496,4.606500129395496,4.606500129395496,4.606500129395496,4.606500129395496,4.606500129395496,4.606500129395496,4.606500129395496,4.606500129395496,4.606500129395496,4.606500129395496,4.606500129395496,4.606500129395496,4.606500129395496,4.606500129395496,4.606500129395496,4.606500129395496,4.606500129395496,4.606500129395496,4.606500129395496,4.606500129395496,4.606500129395496,4.606500129395496,4.606500129395496,4.606500129395496,4.606500129395496,4.606500129395496,4.606500129395496,4.606500129395496,4.606500129395496,4.606500129395496,4.606500129395496,4.606500129395496,4.606500129395496,4.606500129395496,4.606500129395496,4.606500129395496,4.606500129395496,4.606500129395496,4.606500129395496,4.606500129395496,4.606500129395496,4.606500129395496,4.606500129395496,4.606500129395496,4.606500129395496,4.606500129395496,4.606500129395496,4.606500129395496,4.606500129395496,4.606500129395496,4.606500129395496,4.606500129395496,4.606500129395496,4.606500129395496,4.606500129395496,4.606500129395496,4.606500129395496,6.110407042619678,6.09758231222935,6.09758231222935,6.09758231222935,6.09758231222935,6.09758231222935,6.09758231222935,6.09758231222935,5.457399089264032,5.457399089264032,5.157839518629181,5.157839518629181,5.157839518629181,5.157839518629181,4.937086039772458,4.937086039772458,4.937086039772458,4.883242111865151,4.883242111865151,4.883242111865151,4.883242111865151,4.883242111865151,4.883242111865151,4.883242111865151,4.883242111865151,4.883242111865151,4.883242111865151,4.883242111865151,4.883242111865151,4.883242111865151,4.883242111865151,4.883242111865151,4.883242111865151,4.883242111865151,4.883242111865151,4.883242111865151,4.883242111865151,4.883242111865151,4.883242111865151,4.883242111865151,4.883242111865151,4.883242111865151,4.883242111865151,4.883242111865151,4.883242111865151,4.883242111865151,4.883242111865151,4.883242111865151,4.883242111865151,4.883242111865151,4.883242111865151,4.883242111865151,4.883242111865151,4.883242111865151,4.883242111865151,4.3324121005268434,4.3324121005268434,4.3324121005268434,4.3324121005268434,4.3324121005268434,4.3324121005268434,4.3324121005268434,4.3324121005268434,4.3324121005268434,4.253203760570321,3.4812492021468633,3.4812492021468633,3.4812492021468633,3.4812492021468633,3.4812492021468633,3.4812492021468633,3.4812492021468633,3.4812492021468633,3.4812492021468633,3.4812492021468633,3.4812492021468633,3.4812492021468633,3.4812492021468633,3.4812492021468633,3.4812492021468633,3.4812492021468633,3.4812492021468633,3.4812492021468633,3.4812492021468633,3.4812492021468633,3.4812492021468633,3.424700528808323,3.424700528808323,3.424700528808323,3.424700528808323,3.424700528808323,3.424700528808323,3.424700528808323,3.424700528808323,3.424700528808323,3.424700528808323,3.424700528808323,3.424700528808323,3.424700528808323,3.424700528808323,3.424700528808323,3.424700528808323,3.424700528808323,3.424700528808323,3.424700528808323,3.424700528808323,3.424700528808323,3.424700528808323,3.424700528808323,3.424700528808323,3.424700528808323,3.424700528808323,3.424700528808323,3.424700528808323,3.424700528808323,3.424700528808323,3.424700528808323,3.424700528808323,3.424700528808323,3.424700528808323,3.424700528808323,3.424700528808323,3.424700528808323,3.424700528808323,3.424700528808323,3.424700528808323,3.424700528808323,3.424700528808323,3.424700528808323,3.424700528808323,3.424700528808323,3.424700528808323,3.424700528808323,3.424700528808323,3.424700528808323,3.424700528808323,3.424700528808323,3.424700528808323,3.424700528808323,3.424700528808323,3.424700528808323,3.424700528808323,3.424700528808323,3.424700528808323,3.424700528808323,3.424700528808323,3.424700528808323,3.424700528808323,3.424700528808323,3.424700528808323,3.424700528808323,3.424700528808323,3.424700528808323,3.424700528808323,3.424700528808323,3.424700528808323,3.424700528808323,3.424700528808323,3.424700528808323,3.424700528808323,3.424700528808323,3.424700528808323,3.424700528808323,3.424700528808323,3.424700528808323,3.424700528808323,3.424700528808323,3.424700528808323,3.424700528808323,3.424700528808323,3.424700528808323,3.424700528808323,3.424700528808323,3.424700528808323,3.424700528808323,3.424700528808323,3.424700528808323,3.424700528808323,3.424700528808323,3.424700528808323,3.424700528808323,3.424700528808323,3.424700528808323,3.424700528808323,3.424700528808323,3.424700528808323,3.424700528808323,3.424700528808323,3.424700528808323,3.424700528808323,3.424700528808323,3.424700528808323,3.424700528808323,3.424700528808323,3.424700528808323,3.424700528808323,3.424700528808323,3.424700528808323,3.424700528808323,3.424700528808323,3.424700528808323,3.424700528808323,3.424700528808323,3.424700528808323,3.424700528808323,3.424700528808323,3.424700528808323,3.424700528808323,3.424700528808323,3.424700528808323,3.424700528808323,3.424700528808323,3.424700528808323,3.424700528808323,3.424700528808323,3.424700528808323,3.424700528808323,3.424700528808323,3.424700528808323,3.424700528808323,3.424700528808323,3.424700528808323,3.424700528808323,3.424700528808323,3.424700528808323,3.424700528808323,3.424700528808323,3.424700528808323,3.424700528808323,3.424700528808323,3.424700528808323,3.424700528808323,3.424700528808323,3.424700528808323,3.424700528808323,3.424700528808323,3.424700528808323,3.424700528808323,3.424700528808323,3.424700528808323,3.424700528808323,3.424700528808323,3.424700528808323,3.424700528808323,3.424700528808323,3.424700528808323,3.424700528808323,3.424700528808323,3.424700528808323,3.424700528808323,3.424700528808323,3.424700528808323,3.424700528808323,3.424700528808323,3.424700528808323,3.424700528808323,3.424700528808323,3.424700528808323,3.424700528808323,3.424700528808323,3.424700528808323,3.424700528808323,3.424700528808323,3.424700528808323,3.424700528808323,3.424700528808323,3.424700528808323,3.424700528808323,3.424700528808323,3.424700528808323,3.424700528808323,3.424700528808323,3.424700528808323,3.424700528808323,3.424700528808323,3.424700528808323,3.424700528808323,3.424700528808323,3.424700528808323,3.424700528808323,3.424700528808323,3.424700528808323,3.424700528808323,3.424700528808323,3.424700528808323,3.424700528808323,3.424700528808323,3.424700528808323,3.424700528808323,3.424700528808323,3.424700528808323,3.424700528808323,3.424700528808323,3.424700528808323,3.424700528808323,3.424700528808323,3.424700528808323,3.424700528808323,3.424700528808323,3.424700528808323,3.424700528808323,3.424700528808323,3.424700528808323,3.424700528808323,3.424700528808323,3.424700528808323,3.424700528808323,3.424700528808323,3.424700528808323,3.424700528808323,3.424700528808323,3.424700528808323,3.424700528808323,3.424700528808323,3.424700528808323,3.424700528808323,3.424700528808323,3.424700528808323,3.424700528808323,3.424700528808323,3.424700528808323,3.424700528808323,3.424700528808323,3.424700528808323,3.424700528808323,3.424700528808323,3.424700528808323,3.424700528808323,3.424700528808323,3.424700528808323,3.424700528808323,3.424700528808323,3.424700528808323,3.424700528808323,3.424700528808323,3.424700528808323,3.424700528808323,3.424700528808323,3.424700528808323,3.424700528808323,3.424700528808323,3.424700528808323,3.424700528808323,3.424700528808323,3.424700528808323,3.424700528808323,3.424700528808323,3.424700528808323,3.424700528808323,3.424700528808323,3.424700528808323,3.424700528808323,3.424700528808323,3.424700528808323,3.424700528808323,3.424700528808323,3.424700528808323,3.424700528808323,3.424700528808323,3.424700528808323,3.424700528808323,3.424700528808323,3.424700528808323,3.424700528808323,3.424700528808323,3.424700528808323,3.424700528808323,3.424700528808323,3.424700528808323,3.424700528808323,3.424700528808323,3.424700528808323,3.424700528808323,3.424700528808323,3.424700528808323,3.424700528808323,3.424700528808323,3.424700528808323,3.424700528808323,3.424700528808323,3.424700528808323,3.424700528808323,3.424700528808323,3.424700528808323,3.424700528808323,3.424700528808323,3.424700528808323,3.424700528808323,3.424700528808323,3.424700528808323,3.424700528808323,3.424700528808323,3.424700528808323,3.424700528808323,3.424700528808323,3.424700528808323,3.424700528808323,3.424700528808323,3.424700528808323,3.424700528808323,3.424700528808323,3.424700528808323,3.424700528808323,3.424700528808323,3.424700528808323,3.424700528808323,3.424700528808323,3.424700528808323,3.424700528808323,3.424700528808323,3.424700528808323,3.424700528808323,3.424700528808323,3.424700528808323,3.424700528808323,3.424700528808323,3.424700528808323,3.424700528808323,3.424700528808323,3.424700528808323,3.424700528808323,3.424700528808323,3.424700528808323,3.424700528808323,3.424700528808323,3.424700528808323,3.424700528808323,3.424700528808323,3.424700528808323,3.424700528808323,3.424700528808323,3.424700528808323,3.424700528808323,3.424700528808323,3.424700528808323,3.424700528808323,3.424700528808323,3.424700528808323,3.424700528808323,3.424700528808323,3.424700528808323,3.424700528808323,3.424700528808323,3.424700528808323,3.424700528808323,3.424700528808323,3.424700528808323,3.424700528808323,3.424700528808323,3.424700528808323,3.424700528808323,3.424700528808323,3.424700528808323,3.424700528808323,3.424700528808323,3.424700528808323,3.424700528808323,3.424700528808323,3.424700528808323,3.424700528808323,3.424700528808323,3.424700528808323,3.424700528808323,3.424700528808323,3.424700528808323,3.424700528808323,3.424700528808323,3.424700528808323,3.424700528808323,3.424700528808323,3.424700528808323,3.424700528808323,3.424700528808323,3.424700528808323,3.424700528808323,3.424700528808323,3.424700528808323,3.424700528808323,3.424700528808323,3.424700528808323,3.424700528808323,3.424700528808323,3.424700528808323,3.424700528808323,3.424700528808323,3.424700528808323,3.424700528808323,3.424700528808323,3.424700528808323,3.424700528808323,3.424700528808323,3.424700528808323,3.424700528808323,3.424700528808323,3.424700528808323,3.424700528808323,3.424700528808323,3.424700528808323,3.424700528808323,3.424700528808323,3.424700528808323,3.424700528808323,3.424700528808323,3.424700528808323,3.424700528808323,3.424700528808323,3.424700528808323,3.424700528808323,3.424700528808323,3.424700528808323,3.424700528808323,3.424700528808323,3.424700528808323,3.424700528808323,3.424700528808323,3.424700528808323,3.424700528808323,3.424700528808323,3.424700528808323,3.424700528808323,3.424700528808323,3.424700528808323,3.424700528808323,3.424700528808323,3.424700528808323,3.424700528808323,3.424700528808323,3.424700528808323,3.424700528808323,3.424700528808323,3.424700528808323,3.424700528808323,3.424700528808323,3.424700528808323,3.424700528808323,3.424700528808323,3.424700528808323,3.424700528808323,3.424700528808323,3.424700528808323,3.424700528808323,3.424700528808323,3.424700528808323,3.424700528808323,3.424700528808323,3.424700528808323,3.424700528808323,3.424700528808323,3.424700528808323,3.424700528808323,3.424700528808323,3.424700528808323,3.424700528808323,3.424700528808323,3.424700528808323,3.424700528808323,3.424700528808323,3.424700528808323,3.424700528808323,3.424700528808323,3.424700528808323,3.424700528808323,3.424700528808323,3.424700528808323,3.424700528808323,3.424700528808323,3.424700528808323,3.424700528808323,3.424700528808323,3.424700528808323,3.424700528808323,3.424700528808323,3.424700528808323,3.424700528808323,3.424700528808323,3.424700528808323,3.424700528808323,3.424700528808323,3.424700528808323,3.424700528808323,3.424700528808323,3.424700528808323,3.424700528808323,3.424700528808323,3.424700528808323,3.424700528808323,3.424700528808323,3.424700528808323,3.424700528808323,3.424700528808323,3.424700528808323,3.424700528808323,3.424700528808323,3.424700528808323,3.424700528808323,3.424700528808323,3.424700528808323,3.424700528808323,3.424700528808323,3.424700528808323,3.424700528808323,3.424700528808323,3.424700528808323,3.424700528808323,3.424700528808323,3.424700528808323,3.424700528808323,3.424700528808323,3.424700528808323,3.424700528808323,3.424700528808323,3.424700528808323,3.424700528808323,3.424700528808323,3.424700528808323,3.424700528808323,3.424700528808323,3.424700528808323,3.424700528808323,3.424700528808323,3.424700528808323,3.424700528808323,3.424700528808323,3.424700528808323,3.424700528808323,3.424700528808323,3.424700528808323,3.424700528808323,3.424700528808323,3.424700528808323,3.424700528808323,3.424700528808323,3.424700528808323,3.424700528808323,3.424700528808323,3.424700528808323,3.424700528808323,3.424700528808323,3.424700528808323,3.424700528808323,3.424700528808323,3.424700528808323,3.424700528808323,3.424700528808323,3.424700528808323,3.424700528808323,3.424700528808323,3.424700528808323,3.424700528808323,3.424700528808323,3.424700528808323,3.424700528808323,3.424700528808323,3.424700528808323,3.424700528808323,3.424700528808323,3.424700528808323,3.424700528808323,3.424700528808323,3.424700528808323,3.424700528808323,3.424700528808323,3.424700528808323,3.424700528808323,3.424700528808323,3.424700528808323,3.424700528808323,3.424700528808323,3.424700528808323,3.424700528808323,3.424700528808323,3.424700528808323,3.424700528808323,3.424700528808323,3.424700528808323,3.424700528808323,3.424700528808323,3.424700528808323,3.424700528808323,3.424700528808323,3.424700528808323,3.424700528808323,3.424700528808323,3.424700528808323,3.424700528808323,3.424700528808323,3.424700528808323,3.424700528808323,3.424700528808323,3.424700528808323,3.424700528808323,3.424700528808323,3.424700528808323,3.424700528808323,3.424700528808323,3.424700528808323,3.424700528808323,3.424700528808323,3.424700528808323,3.424700528808323,3.424700528808323,3.424700528808323,3.424700528808323,3.424700528808323,3.424700528808323,3.424700528808323,3.424700528808323,3.424700528808323,3.424700528808323,3.424700528808323,3.424700528808323,3.424700528808323,3.424700528808323,3.424700528808323,3.424700528808323,3.424700528808323,3.424700528808323,3.424700528808323,3.424700528808323,3.424700528808323,3.424700528808323,3.424700528808323,3.424700528808323,3.424700528808323,3.424700528808323,3.424700528808323,3.424700528808323,3.424700528808323,3.424700528808323,3.424700528808323,3.424700528808323,3.424700528808323,3.424700528808323,3.424700528808323,3.424700528808323,3.424700528808323,3.424700528808323,3.424700528808323,3.424700528808323,3.424700528808323,3.424700528808323,3.424700528808323,3.424700528808323,3.424700528808323,3.424700528808323,3.424700528808323,3.424700528808323,3.424700528808323,3.424700528808323,3.424700528808323,3.424700528808323,3.424700528808323,3.424700528808323,3.424700528808323,3.424700528808323,3.424700528808323,3.424700528808323,3.424700528808323,3.424700528808323,3.424700528808323,3.424700528808323,3.424700528808323,3.424700528808323,3.424700528808323,3.424700528808323,3.424700528808323,3.424700528808323,3.424700528808323,3.424700528808323,3.424700528808323,3.424700528808323,3.424700528808323,3.424700528808323,3.424700528808323,3.424700528808323,3.424700528808323,3.424700528808323,3.424700528808323,3.424700528808323,3.424700528808323,3.424700528808323,3.424700528808323,3.424700528808323,3.424700528808323,3.424700528808323,3.424700528808323,3.424700528808323,3.424700528808323,3.424700528808323,3.424700528808323,3.424700528808323,3.424700528808323,3.424700528808323,3.424700528808323,3.424700528808323,3.424700528808323,3.424700528808323,3.424700528808323,3.424700528808323,3.424700528808323,3.424700528808323,3.424700528808323,3.424700528808323,3.424700528808323,3.424700528808323,3.424700528808323,3.424700528808323,3.424700528808323,3.424700528808323,3.424700528808323,3.424700528808323,3.424700528808323,3.424700528808323,3.424700528808323,3.424700528808323,3.424700528808323,3.424700528808323,3.424700528808323,3.424700528808323,3.424700528808323,3.424700528808323,3.424700528808323,3.424700528808323,3.424700528808323,3.424700528808323,3.424700528808323,3.424700528808323,3.424700528808323,3.424700528808323,3.424700528808323,3.424700528808323,3.424700528808323,3.424700528808323,3.424700528808323,3.424700528808323,3.424700528808323,3.424700528808323,3.424700528808323,3.424700528808323,3.424700528808323,3.424700528808323,3.424700528808323,3.424700528808323,3.424700528808323,3.424700528808323,3.424700528808323,3.424700528808323,3.424700528808323,3.424700528808323,3.424700528808323,3.424700528808323,3.424700528808323,3.424700528808323,3.424700528808323,3.424700528808323,3.424700528808323,3.424700528808323,3.424700528808323,3.424700528808323,3.424700528808323,3.424700528808323,3.424700528808323,3.424700528808323,3.424700528808323,3.424700528808323,3.424700528808323,3.424700528808323,3.424700528808323,3.424700528808323,3.424700528808323,3.424700528808323,3.424700528808323,3.424700528808323,3.424700528808323,3.424700528808323,3.424700528808323,3.424700528808323,3.424700528808323,3.424700528808323,3.424700528808323,3.424700528808323,3.424700528808323,3.424700528808323,3.424700528808323,3.424700528808323,3.424700528808323,3.424700528808323,3.424700528808323,3.424700528808323,3.424700528808323,3.424700528808323,3.424700528808323,3.424700528808323,3.424700528808323,3.424700528808323,3.424700528808323,3.424700528808323,3.424700528808323,3.424700528808323,3.424700528808323,3.424700528808323,3.424700528808323,3.424700528808323,3.424700528808323,3.424700528808323,3.424700528808323,3.424700528808323,3.424700528808323,3.424700528808323,3.424700528808323,3.424700528808323,3.424700528808323,3.424700528808323,3.424700528808323,3.424700528808323,3.424700528808323,3.424700528808323,3.424700528808323,3.424700528808323,3.424700528808323,3.424700528808323,3.424700528808323,3.424700528808323,3.424700528808323,3.424700528808323,3.424700528808323,3.424700528808323,3.424700528808323,3.424700528808323,3.424700528808323,3.424700528808323,3.424700528808323,3.424700528808323,3.424700528808323,3.424700528808323,3.424700528808323,3.424700528808323,3.424700528808323,3.424700528808323,3.424700528808323,3.424700528808323,3.424700528808323,3.424700528808323,3.424700528808323,3.424700528808323,3.424700528808323,3.424700528808323,3.424700528808323,3.424700528808323,3.424700528808323,3.424700528808323,3.424700528808323,3.424700528808323,3.424700528808323,3.424700528808323,3.424700528808323,3.424700528808323,3.424700528808323,3.424700528808323,3.424700528808323,3.424700528808323,3.424700528808323,3.424700528808323,3.424700528808323,3.424700528808323,3.424700528808323,3.424700528808323,3.424700528808323,3.424700528808323,3.424700528808323,3.424700528808323,3.424700528808323,3.424700528808323,3.424700528808323,3.424700528808323,3.424700528808323,3.424700528808323,3.424700528808323,3.424700528808323,3.424700528808323,3.424700528808323,3.424700528808323,3.424700528808323,3.424700528808323,3.424700528808323,3.424700528808323,3.424700528808323,3.424700528808323,3.424700528808323,3.424700528808323,3.424700528808323,3.424700528808323,3.424700528808323,3.424700528808323,3.424700528808323,3.424700528808323,3.424700528808323,3.424700528808323,3.424700528808323,3.424700528808323,7.181356236920646,7.181356236920646,6.491020454418446,6.491020454418446,6.491020454418446,5.646480165932919,5.646480165932919,5.646480165932919,5.646480165932919,5.646480165932919,5.646480165932919,5.646480165932919,5.646480165932919,5.646480165932919,5.646480165932919,5.646480165932919,5.646480165932919,5.646480165932919,5.646480165932919,5.646480165932919,5.646480165932919,5.646480165932919,5.646480165932919,5.646480165932919,5.646480165932919,5.646480165932919,5.646480165932919,5.646480165932919,5.646480165932919,5.646480165932919,5.646480165932919,5.646480165932919,5.646480165932919,5.646480165932919,5.646480165932919,5.646480165932919,5.646480165932919,5.646480165932919,5.646480165932919,5.646480165932919,5.646480165932919,5.646480165932919,5.646480165932919,5.646480165932919,5.646480165932919,4.306064295176035,4.306064295176035,4.306064295176035,4.306064295176035,4.306064295176035,4.306064295176035,4.306064295176035,4.306064295176035,4.306064295176035,4.306064295176035,4.306064295176035,4.306064295176035,4.306064295176035,4.306064295176035,4.306064295176035,4.306064295176035,4.306064295176035,4.306064295176035,4.306064295176035,4.306064295176035,4.306064295176035,4.306064295176035,4.306064295176035,4.306064295176035,4.306064295176035,4.306064295176035,4.306064295176035,4.306064295176035,4.306064295176035,4.306064295176035,4.306064295176035,4.306064295176035,4.306064295176035,4.306064295176035,4.306064295176035,4.306064295176035,4.306064295176035,4.306064295176035,4.306064295176035,4.306064295176035,4.306064295176035,4.306064295176035,4.306064295176035,4.306064295176035,4.306064295176035,4.306064295176035,4.306064295176035,4.306064295176035,4.306064295176035,4.306064295176035,4.306064295176035,4.306064295176035,4.306064295176035,4.306064295176035,4.306064295176035,4.306064295176035,4.306064295176035,4.306064295176035,4.306064295176035,4.306064295176035,4.306064295176035,4.306064295176035,4.306064295176035,4.306064295176035,4.306064295176035,4.306064295176035,4.306064295176035,4.306064295176035,4.306064295176035,4.306064295176035,4.306064295176035,4.306064295176035,4.306064295176035,4.306064295176035,4.306064295176035,4.306064295176035,4.306064295176035,4.306064295176035,4.306064295176035,4.306064295176035,4.306064295176035,4.306064295176035,4.306064295176035,4.306064295176035,4.306064295176035,4.306064295176035,4.306064295176035,4.306064295176035,4.306064295176035,4.306064295176035,4.306064295176035,4.306064295176035,4.306064295176035,4.306064295176035,4.306064295176035,4.306064295176035,4.306064295176035,4.306064295176035,4.306064295176035,4.306064295176035,4.306064295176035,4.306064295176035,4.306064295176035,4.306064295176035,4.306064295176035,4.306064295176035,4.306064295176035,4.306064295176035,4.306064295176035,4.306064295176035,4.306064295176035,4.306064295176035,4.306064295176035,4.306064295176035,4.306064295176035,4.306064295176035,4.306064295176035,4.306064295176035,4.306064295176035,4.306064295176035,4.306064295176035,4.306064295176035,4.306064295176035,4.306064295176035,4.306064295176035,4.306064295176035,4.306064295176035,4.306064295176035,4.306064295176035,4.306064295176035,4.306064295176035,4.306064295176035,4.306064295176035,4.306064295176035,4.306064295176035,4.306064295176035,4.306064295176035,4.306064295176035,4.306064295176035,4.306064295176035,4.306064295176035,4.306064295176035,4.306064295176035,4.306064295176035,4.306064295176035,4.306064295176035,4.306064295176035,4.306064295176035,4.306064295176035,4.306064295176035,4.306064295176035,4.306064295176035,4.306064295176035,4.306064295176035,4.306064295176035,4.306064295176035,4.306064295176035,4.306064295176035,4.306064295176035,4.306064295176035,4.306064295176035,4.306064295176035,4.306064295176035,4.306064295176035,4.306064295176035,4.306064295176035,4.306064295176035,4.306064295176035,4.306064295176035,4.306064295176035,4.306064295176035,4.306064295176035,4.306064295176035,4.306064295176035,4.306064295176035,4.306064295176035,4.306064295176035,4.306064295176035,4.306064295176035,4.306064295176035,4.306064295176035,4.306064295176035,4.306064295176035,4.306064295176035,4.306064295176035,4.306064295176035,4.306064295176035,4.306064295176035,4.306064295176035,4.306064295176035,4.306064295176035,4.306064295176035,4.306064295176035,4.306064295176035,4.306064295176035,4.306064295176035,4.306064295176035,4.306064295176035,4.306064295176035,4.306064295176035,4.306064295176035,4.306064295176035,4.306064295176035,4.306064295176035,4.306064295176035,4.306064295176035,4.306064295176035,4.306064295176035,3.6601656993203484,3.6601656993203484,3.6601656993203484,3.6601656993203484,3.6601656993203484,3.6601656993203484,3.6601656993203484,3.6601656993203484,3.6601656993203484,3.6601656993203484,3.6601656993203484,3.6601656993203484,3.6601656993203484,3.6601656993203484,3.6601656993203484,3.6601656993203484,3.6601656993203484,3.6601656993203484,3.6601656993203484,3.6601656993203484,3.6601656993203484,3.6601656993203484,3.6601656993203484,3.6601656993203484,3.6601656993203484,3.6601656993203484,3.6601656993203484,3.6601656993203484,3.6601656993203484,3.6601656993203484,3.6601656993203484,3.6601656993203484,3.6601656993203484,3.6601656993203484,3.6601656993203484,3.6601656993203484,3.6601656993203484,3.6601656993203484,3.6601656993203484,3.6601656993203484,3.6601656993203484,3.6601656993203484,3.6601656993203484,3.6601656993203484,3.6601656993203484,3.6601656993203484,3.6601656993203484,3.6601656993203484,3.6601656993203484,3.6601656993203484,3.6601656993203484,3.6601656993203484,3.6601656993203484,3.6601656993203484,3.6601656993203484,3.6601656993203484,3.6601656993203484,3.6601656993203484,3.6601656993203484,3.6601656993203484,3.6601656993203484,3.6601656993203484,3.6601656993203484,3.6601656993203484,3.6601656993203484,3.6601656993203484,3.6601656993203484,3.6601656993203484,3.6601656993203484,3.6601656993203484,3.6601656993203484,3.6601656993203484,3.6601656993203484,3.6601656993203484,3.6601656993203484,3.6601656993203484,3.6601656993203484,3.6601656993203484,3.6601656993203484,3.6601656993203484,3.6601656993203484,3.6601656993203484,3.6601656993203484,3.6601656993203484,3.6601656993203484,3.6601656993203484,3.6601656993203484,3.6601656993203484,3.6601656993203484,3.6601656993203484,3.6601656993203484,3.6601656993203484,3.6601656993203484,3.6601656993203484,3.6601656993203484,3.6601656993203484,3.6601656993203484,3.6601656993203484,3.6601656993203484,3.6601656993203484,3.6601656993203484,3.6601656993203484,3.6601656993203484,3.6601656993203484,3.6601656993203484,3.6601656993203484,3.6601656993203484,3.6601656993203484,3.6601656993203484,3.6601656993203484,3.6601656993203484,3.6601656993203484,3.6601656993203484,3.6601656993203484,3.6601656993203484,3.6601656993203484,3.6601656993203484,3.6601656993203484,3.6601656993203484,3.6601656993203484,3.6601656993203484,3.6601656993203484,3.6601656993203484,3.6601656993203484,3.6601656993203484,3.6601656993203484,3.6601656993203484,3.6601656993203484,3.6601656993203484,3.6601656993203484,3.6601656993203484,3.6601656993203484,3.6601656993203484,3.6601656993203484,3.6601656993203484,3.6601656993203484,3.6601656993203484,3.6601656993203484,3.6601656993203484,3.6601656993203484,3.6601656993203484,3.6601656993203484,3.6601656993203484,3.6601656993203484,3.6601656993203484,3.6601656993203484,3.6601656993203484,3.6601656993203484,3.6601656993203484,3.6601656993203484,3.6601656993203484,3.6601656993203484,3.6601656993203484,3.6601656993203484,3.6601656993203484,3.6601656993203484,3.6601656993203484,3.6601656993203484,3.6601656993203484,3.6601656993203484,3.6601656993203484,3.6601656993203484,3.6601656993203484,3.6601656993203484,3.6601656993203484,3.6601656993203484,3.6601656993203484,3.6601656993203484,3.6601656993203484,3.6601656993203484,3.6601656993203484,3.6601656993203484,3.6601656993203484,3.6601656993203484,3.6601656993203484,3.6601656993203484,3.6601656993203484,3.6601656993203484,3.6601656993203484,3.6601656993203484,3.6601656993203484,3.6601656993203484,3.6601656993203484,3.6601656993203484,3.6601656993203484,3.6601656993203484,3.6601656993203484,3.6601656993203484,3.6601656993203484,3.6601656993203484,3.6601656993203484,3.6601656993203484,3.6601656993203484,3.6601656993203484,3.6601656993203484,3.6601656993203484,3.6601656993203484,3.6601656993203484,3.6601656993203484,3.6601656993203484,3.6601656993203484,3.6601656993203484,3.6601656993203484,3.6601656993203484,3.6601656993203484,3.6601656993203484,3.6601656993203484,3.6601656993203484,3.6601656993203484,3.6601656993203484,3.6601656993203484,3.6601656993203484,3.6601656993203484,3.6601656993203484,3.6601656993203484,3.6601656993203484,3.6601656993203484,3.6601656993203484,3.6601656993203484,3.6601656993203484,3.6601656993203484,3.6601656993203484,3.6601656993203484,3.6601656993203484,3.6601656993203484,3.6601656993203484,3.6601656993203484,3.6601656993203484,3.6601656993203484,3.6601656993203484,3.6601656993203484,3.6601656993203484,3.6601656993203484,3.6601656993203484,3.6601656993203484,3.6601656993203484,3.6601656993203484,3.6601656993203484,3.6601656993203484,3.6601656993203484,3.6601656993203484,3.6601656993203484,3.6601656993203484,3.6601656993203484,3.6601656993203484,3.6601656993203484,3.6601656993203484,3.6601656993203484,3.6601656993203484,3.6601656993203484,3.6601656993203484,3.6601656993203484,3.6601656993203484,3.6601656993203484,3.6601656993203484,3.6601656993203484,3.6601656993203484,3.6601656993203484,3.6601656993203484,3.6601656993203484,3.6601656993203484,3.6601656993203484,3.6601656993203484,3.6601656993203484,3.6601656993203484,3.6601656993203484,3.6601656993203484,3.6601656993203484,3.6601656993203484,3.6601656993203484,3.6601656993203484,3.6601656993203484,3.6601656993203484,3.6601656993203484,3.6601656993203484,3.6601656993203484,3.6601656993203484,3.6601656993203484,3.6601656993203484,3.6601656993203484,3.6601656993203484,3.6601656993203484,3.6601656993203484,3.6601656993203484,3.6601656993203484,3.6601656993203484,3.6601656993203484,3.6601656993203484,3.6601656993203484,3.6601656993203484,3.6601656993203484,3.6601656993203484,3.6601656993203484,3.6601656993203484,3.6601656993203484,3.6601656993203484,3.6601656993203484,3.6601656993203484,3.6601656993203484,3.6601656993203484,3.6601656993203484,3.6601656993203484,3.6601656993203484,3.6601656993203484,3.6601656993203484,3.6601656993203484,3.6601656993203484,3.6601656993203484,3.6601656993203484,3.6601656993203484,3.6601656993203484,3.6601656993203484,3.6601656993203484,3.6601656993203484,3.6601656993203484,3.6601656993203484,3.6601656993203484,3.6601656993203484,3.6601656993203484,3.6601656993203484,3.6601656993203484,3.6601656993203484,3.6601656993203484,3.6601656993203484,3.6601656993203484,3.6601656993203484,3.6601656993203484,3.6601656993203484,3.6601656993203484,3.6601656993203484,3.6601656993203484,3.6601656993203484,3.6601656993203484,3.6601656993203484,3.6601656993203484,3.6601656993203484,3.6601656993203484,3.6601656993203484,3.6601656993203484,3.6601656993203484,3.6601656993203484,3.6601656993203484,3.6601656993203484,3.6601656993203484,3.6601656993203484,3.6601656993203484,3.6601656993203484,3.6601656993203484,3.6601656993203484,3.6601656993203484,3.6601656993203484,3.6601656993203484,3.6601656993203484,3.6601656993203484,3.6601656993203484,3.6601656993203484,3.6601656993203484,3.6601656993203484,3.6601656993203484,3.6601656993203484,3.6601656993203484,3.6601656993203484,3.6601656993203484,3.6601656993203484,3.6601656993203484,3.6601656993203484,3.6601656993203484,3.6601656993203484,3.6601656993203484,3.6601656993203484,3.6601656993203484,3.6601656993203484,3.6601656993203484,3.6601656993203484,3.6601656993203484,3.6601656993203484,3.6601656993203484,3.6601656993203484,3.6601656993203484,3.6601656993203484,3.6601656993203484,3.6601656993203484,3.6601656993203484,3.6601656993203484,3.6601656993203484,3.6601656993203484,3.6601656993203484,3.6601656993203484,3.6601656993203484,3.6601656993203484,3.6601656993203484,3.6601656993203484,3.6601656993203484,3.6601656993203484,3.6601656993203484,3.6601656993203484,3.6601656993203484,3.6601656993203484,3.6601656993203484,3.6601656993203484,3.6601656993203484,3.6601656993203484,3.6601656993203484,3.6601656993203484,3.6601656993203484,3.6601656993203484,3.6601656993203484,3.6601656993203484,3.6601656993203484,3.6601656993203484,3.6601656993203484,3.6601656993203484,3.6601656993203484,3.6601656993203484,3.6601656993203484,3.6601656993203484,3.6601656993203484,3.6601656993203484,3.6601656993203484,3.6601656993203484,3.6601656993203484,3.6601656993203484,3.6601656993203484,3.6601656993203484,3.6601656993203484,3.6601656993203484,3.6601656993203484,3.6601656993203484,3.6601656993203484,3.6601656993203484,3.6601656993203484,3.6601656993203484,3.6601656993203484,3.6601656993203484,3.6601656993203484,3.6601656993203484,3.6601656993203484,3.6601656993203484,3.6601656993203484,3.6601656993203484,3.6601656993203484,3.6601656993203484,3.6601656993203484,3.6601656993203484,3.6601656993203484,3.6601656993203484,3.6601656993203484,3.6601656993203484,3.6601656993203484,3.6601656993203484,3.6601656993203484,3.6601656993203484,3.6601656993203484,3.6601656993203484,3.6601656993203484,3.6601656993203484,3.6601656993203484,3.6601656993203484,3.6601656993203484,3.6601656993203484,3.6601656993203484,3.6601656993203484,3.6601656993203484,3.6601656993203484,3.6601656993203484,3.6601656993203484,3.6601656993203484,3.6601656993203484,3.6601656993203484,3.6601656993203484,3.6601656993203484,3.6601656993203484,3.6601656993203484,3.6601656993203484,3.6601656993203484,3.6601656993203484,3.6601656993203484,3.6601656993203484,3.6601656993203484,3.6601656993203484,3.6601656993203484,3.6601656993203484,3.6601656993203484,3.6601656993203484,3.6601656993203484,3.6601656993203484,3.6601656993203484,3.6601656993203484,3.6601656993203484,3.6601656993203484,3.6601656993203484,3.6601656993203484,3.6601656993203484,3.6601656993203484,3.6601656993203484,3.6601656993203484,3.6601656993203484,3.6601656993203484,3.6601656993203484,3.6601656993203484,3.6601656993203484,3.6601656993203484,3.6601656993203484,3.6601656993203484,3.6601656993203484,3.6601656993203484,3.6601656993203484,3.6601656993203484,3.6601656993203484,3.6601656993203484,3.6601656993203484,3.6601656993203484,3.6601656993203484,3.6601656993203484,3.6601656993203484,3.6601656993203484,3.6601656993203484,3.6601656993203484,3.6601656993203484,3.6601656993203484,3.6601656993203484,3.6601656993203484,3.6601656993203484,3.6601656993203484,3.6601656993203484,3.6601656993203484,3.6601656993203484,3.6601656993203484,3.6601656993203484,3.6601656993203484,3.6601656993203484,3.6601656993203484,3.6601656993203484,3.6601656993203484,3.6601656993203484,3.6601656993203484,3.6601656993203484,3.6601656993203484,3.6601656993203484,3.6601656993203484,3.6601656993203484,3.6601656993203484,3.6601656993203484,3.6601656993203484,3.6601656993203484,3.6601656993203484,3.6601656993203484,3.6601656993203484,3.6601656993203484,3.6601656993203484,3.6601656993203484,3.6601656993203484,3.6601656993203484,3.6601656993203484,3.6601656993203484,3.6601656993203484,3.6601656993203484,3.6601656993203484,3.6601656993203484,3.6601656993203484,3.6601656993203484,3.6601656993203484,3.6601656993203484,3.6601656993203484,3.6601656993203484,3.6601656993203484,3.6601656993203484,3.6601656993203484,3.6601656993203484,3.6601656993203484,3.6601656993203484,3.6601656993203484,3.6601656993203484,3.6601656993203484,3.6601656993203484,3.6601656993203484,3.6601656993203484,3.6601656993203484,3.6601656993203484,3.6601656993203484,3.6601656993203484,3.6601656993203484,3.6601656993203484,3.6601656993203484,3.6601656993203484,3.6601656993203484,3.6601656993203484,3.6601656993203484,3.6601656993203484,3.6601656993203484,3.6601656993203484,3.6601656993203484,3.6601656993203484,3.6601656993203484,3.6601656993203484,3.6601656993203484,3.6601656993203484,3.6601656993203484,3.6601656993203484,3.6601656993203484,3.6601656993203484,3.6601656993203484,3.6601656993203484,3.6601656993203484,3.6601656993203484,3.6601656993203484,3.6601656993203484,3.6601656993203484,3.6601656993203484,3.6601656993203484,3.6601656993203484,3.6601656993203484,3.6601656993203484,3.6601656993203484,3.6601656993203484,3.6601656993203484,3.6601656993203484,3.6601656993203484,3.6601656993203484,3.6601656993203484,3.6601656993203484,3.6601656993203484,3.6601656993203484,3.6601656993203484,3.6601656993203484,3.6601656993203484,3.6601656993203484,3.6601656993203484,3.6601656993203484,3.6601656993203484,3.6601656993203484,3.6601656993203484,3.6601656993203484,3.6601656993203484,3.6601656993203484,3.6601656993203484,3.6601656993203484,3.6601656993203484,3.6601656993203484,3.6601656993203484,3.6601656993203484,3.6601656993203484,3.6601656993203484,3.6601656993203484,3.6601656993203484,3.6601656993203484,3.6601656993203484,3.6601656993203484,3.6601656993203484,3.6601656993203484,3.6601656993203484,3.6601656993203484,3.6601656993203484,3.6601656993203484,3.6601656993203484,3.6601656993203484,3.6601656993203484,3.6601656993203484,3.6601656993203484,3.6601656993203484,3.6601656993203484,3.6601656993203484,3.6601656993203484,3.6601656993203484,3.6601656993203484,3.6601656993203484,3.6601656993203484,3.6601656993203484,3.6601656993203484,3.6601656993203484,3.6601656993203484,3.6601656993203484,3.6601656993203484,3.6601656993203484,3.6601656993203484,3.6601656993203484,3.6601656993203484,3.6601656993203484,3.6601656993203484,3.6601656993203484,3.6601656993203484,3.6601656993203484,3.6601656993203484,3.6601656993203484,3.6601656993203484,3.6601656993203484,3.6601656993203484,3.6601656993203484,3.6601656993203484,3.6601656993203484,3.6601656993203484,3.6601656993203484,3.6601656993203484,3.6601656993203484,3.6601656993203484,3.6601656993203484,3.6601656993203484,3.6601656993203484,3.6601656993203484,3.6601656993203484,3.6601656993203484,3.6601656993203484,3.6601656993203484,3.6601656993203484,3.6601656993203484,3.6601656993203484,3.6601656993203484,3.6601656993203484,3.6601656993203484,3.6601656993203484,3.6601656993203484,3.6601656993203484,3.6601656993203484,3.6601656993203484,3.6601656993203484,3.6601656993203484,3.6601656993203484,3.6601656993203484,3.6601656993203484,3.6601656993203484,3.6601656993203484,3.6601656993203484,3.6601656993203484,3.6601656993203484,3.6601656993203484,3.6601656993203484,3.6601656993203484,3.6601656993203484,3.6601656993203484,3.6601656993203484,3.6601656993203484,3.6601656993203484,3.6601656993203484,3.6601656993203484,3.6601656993203484,3.6601656993203484,3.6601656993203484,3.6601656993203484,3.6601656993203484,3.6601656993203484,3.6601656993203484,3.6601656993203484,3.6601656993203484,3.6601656993203484,3.6601656993203484,3.6601656993203484,3.6601656993203484,7.360757835906257,6.40792577905433,5.844866639833688,5.598803693495774,5.598803693495774,5.598803693495774,5.598803693495774,5.598803693495774,5.598803693495774,5.598803693495774,5.598803693495774,5.598803693495774,5.598803693495774,5.598803693495774,5.598803693495774,5.598803693495774,5.598803693495774,5.598803693495774,5.598803693495774,5.598803693495774,5.598803693495774,5.598803693495774,5.598803693495774,5.598803693495774,5.598803693495774,5.598803693495774,5.598803693495774,5.598803693495774,5.598803693495774,5.598803693495774,5.598803693495774,5.598803693495774,5.598803693495774,5.598803693495774,5.598803693495774,5.598803693495774,5.598803693495774,5.598803693495774,5.598803693495774,5.598803693495774,5.598803693495774,5.598803693495774,5.598803693495774,5.598803693495774,5.598803693495774,5.598803693495774,5.598803693495774,5.598803693495774,5.598803693495774,5.598803693495774,5.598803693495774,5.598803693495774,5.598803693495774,5.598803693495774,5.598803693495774,5.598803693495774,5.598803693495774,5.598803693495774,5.598803693495774,5.598803693495774,5.598803693495774,5.598803693495774,5.598803693495774,5.598803693495774,5.598803693495774,5.598803693495774,5.598803693495774,5.598803693495774,5.598803693495774,5.598803693495774,5.598803693495774,5.598803693495774,5.598803693495774,5.598803693495774,5.598803693495774,5.598803693495774,5.598803693495774,5.598803693495774,5.598803693495774,5.598803693495774,5.598803693495774,5.598803693495774,5.598803693495774,5.598803693495774,5.598803693495774,5.598803693495774,5.598803693495774,5.598803693495774,5.598803693495774,5.598803693495774,4.937926928010464,4.937926928010464,4.937926928010464,4.937926928010464,4.937926928010464,4.937926928010464,4.937926928010464,4.937926928010464,4.937926928010464,4.937926928010464,4.937926928010464,4.937926928010464,4.937926928010464,4.937926928010464,4.937926928010464,4.937926928010464,4.937926928010464,4.937926928010464,4.937926928010464,4.937926928010464,4.937926928010464,4.937926928010464,4.937926928010464,4.937926928010464,4.937926928010464,4.937926928010464,4.937926928010464,4.937926928010464,4.937926928010464,4.937926928010464,4.937926928010464,4.937926928010464,4.937926928010464,4.937926928010464,4.937926928010464,4.937926928010464,4.937926928010464,4.937926928010464,4.937926928010464,4.937926928010464,4.937926928010464,4.937926928010464,4.937926928010464,4.937926928010464,4.937926928010464,4.937926928010464,4.937926928010464,4.937926928010464,4.937926928010464,4.937926928010464,4.937926928010464,4.937926928010464,4.937926928010464,4.937926928010464,4.937926928010464,4.937926928010464,4.937926928010464,4.937926928010464,4.937926928010464,4.937926928010464,4.937926928010464,4.937926928010464,4.937926928010464,4.937926928010464,4.937926928010464,4.937926928010464,4.937926928010464,4.937926928010464,4.937926928010464,4.937926928010464,4.937926928010464,4.937926928010464,4.937926928010464,4.937926928010464,4.937926928010464,4.937926928010464,4.937926928010464,4.937926928010464,4.937926928010464,4.937926928010464,4.937926928010464,4.937926928010464,4.937926928010464,4.937926928010464,4.937926928010464,4.937926928010464,4.937926928010464,4.937926928010464,4.937926928010464,4.937926928010464,4.937926928010464,4.937926928010464,4.937926928010464,4.937926928010464,4.937926928010464,4.937926928010464,4.937926928010464,4.937926928010464,4.937926928010464,4.937926928010464,4.937926928010464,4.937926928010464,4.937926928010464,4.937926928010464,4.937926928010464,4.937926928010464,4.937926928010464,4.937926928010464,4.937926928010464,4.937926928010464,4.937926928010464,4.937926928010464,4.937926928010464,4.937926928010464,4.937926928010464,4.937926928010464,4.937926928010464,4.937926928010464,4.937926928010464,4.937926928010464,4.937926928010464,4.937926928010464,4.937926928010464,4.937926928010464,4.937926928010464,4.937926928010464,4.937926928010464,4.937926928010464,4.937926928010464,4.937926928010464,4.937926928010464,4.937926928010464,4.937926928010464,4.937926928010464,4.937926928010464,4.937926928010464,4.937926928010464,4.937926928010464,4.937926928010464,4.937926928010464,4.937926928010464,4.937926928010464,4.937926928010464,4.937926928010464,4.937926928010464,4.937926928010464,4.937926928010464,4.937926928010464,4.937926928010464,4.937926928010464,4.937926928010464,4.937926928010464,4.937926928010464,4.937926928010464,4.937926928010464,4.937926928010464,4.937926928010464,4.937926928010464,4.937926928010464,4.937926928010464,4.937926928010464,4.937926928010464,4.937926928010464,4.937926928010464,4.937926928010464,4.937926928010464,4.937926928010464,4.937926928010464,4.937926928010464,4.937926928010464,4.937926928010464,4.937926928010464,4.937926928010464,4.937926928010464,4.937926928010464,4.937926928010464,4.937926928010464,4.937926928010464,4.937926928010464,4.937926928010464,4.937926928010464,4.937926928010464,4.937926928010464,4.937926928010464,4.937926928010464,4.937926928010464,4.937926928010464,4.937926928010464,4.937926928010464,4.937926928010464,4.937926928010464,4.937926928010464,4.937926928010464,4.937926928010464,4.937926928010464,4.937926928010464,4.937926928010464,4.937926928010464,4.937926928010464,4.937926928010464,4.937926928010464,4.937926928010464,4.937926928010464,4.937926928010464,4.937926928010464,4.937926928010464,4.937926928010464,4.937926928010464,4.937926928010464,4.937926928010464,4.937926928010464,4.937926928010464,4.937926928010464,4.937926928010464,4.937926928010464,4.937926928010464,4.937926928010464,4.937926928010464,4.937926928010464,4.937926928010464,4.937926928010464,4.706567393696742,4.706567393696742,4.4966383717031135,4.4966383717031135,4.4966383717031135,4.4966383717031135,4.27144499610343,4.27144499610343,4.27144499610343,4.27144499610343,4.27144499610343,4.27144499610343,4.27144499610343,4.27144499610343,4.27144499610343,3.809503472304794,3.809503472304794,3.809503472304794,3.809503472304794,3.809503472304794,3.809503472304794,3.809503472304794,3.809503472304794,3.809503472304794,3.809503472304794,3.809503472304794,3.809503472304794,3.809503472304794,3.809503472304794,3.809503472304794,3.809503472304794,3.809503472304794,3.809503472304794,3.809503472304794,3.809503472304794,3.809503472304794,3.809503472304794,3.809503472304794,3.809503472304794,3.809503472304794,3.809503472304794,3.809503472304794,3.809503472304794,3.809503472304794,3.809503472304794,3.809503472304794,3.809503472304794,3.809503472304794,3.809503472304794,3.809503472304794,3.809503472304794,3.809503472304794,3.809503472304794,3.809503472304794,3.809503472304794,3.809503472304794,3.809503472304794,3.809503472304794,3.809503472304794,3.809503472304794,3.809503472304794,3.809503472304794,3.809503472304794,3.809503472304794,3.809503472304794,3.809503472304794,3.809503472304794,3.809503472304794,3.809503472304794,3.809503472304794,3.809503472304794,3.809503472304794,3.809503472304794,3.809503472304794,3.809503472304794,3.809503472304794,3.809503472304794,3.809503472304794,3.809503472304794,3.809503472304794,3.809503472304794,3.809503472304794,3.809503472304794,3.809503472304794,3.809503472304794,3.809503472304794,3.809503472304794,3.809503472304794,3.809503472304794,3.809503472304794,3.809503472304794,3.809503472304794,3.809503472304794,3.809503472304794,3.809503472304794,3.809503472304794,3.809503472304794,3.809503472304794,3.809503472304794,3.809503472304794,3.809503472304794,3.809503472304794,3.809503472304794,3.809503472304794,3.809503472304794,3.809503472304794,3.809503472304794,3.809503472304794,3.809503472304794,3.809503472304794,3.809503472304794,3.809503472304794,3.809503472304794,3.809503472304794,3.809503472304794,3.809503472304794,3.809503472304794,3.809503472304794,3.809503472304794,3.809503472304794,3.809503472304794,3.809503472304794,3.809503472304794,3.809503472304794,3.809503472304794,3.809503472304794,3.809503472304794,3.809503472304794,3.809503472304794,3.809503472304794,3.809503472304794,3.809503472304794,3.809503472304794,3.809503472304794,3.809503472304794,3.809503472304794,3.809503472304794,3.809503472304794,3.809503472304794,3.809503472304794,3.809503472304794,3.809503472304794,3.809503472304794,3.809503472304794,3.809503472304794,3.809503472304794,3.809503472304794,3.809503472304794,3.809503472304794,3.809503472304794,3.809503472304794,3.809503472304794,3.809503472304794,3.809503472304794,3.809503472304794,3.809503472304794,3.809503472304794,3.809503472304794,3.809503472304794,3.809503472304794,3.809503472304794,3.809503472304794,3.809503472304794,3.809503472304794,3.809503472304794,3.809503472304794,3.809503472304794,3.809503472304794,3.809503472304794,3.809503472304794,3.809503472304794,3.809503472304794,3.809503472304794,3.809503472304794,3.809503472304794,3.809503472304794,3.809503472304794,3.809503472304794,3.809503472304794,3.809503472304794,3.809503472304794,3.809503472304794,3.809503472304794,3.809503472304794,3.809503472304794,3.809503472304794,3.809503472304794,3.809503472304794,3.809503472304794,3.809503472304794,3.809503472304794,3.809503472304794,3.809503472304794,3.809503472304794,3.809503472304794,3.809503472304794,3.809503472304794,3.809503472304794,3.809503472304794,3.809503472304794,3.809503472304794,3.809503472304794,3.809503472304794,3.809503472304794,3.809503472304794,3.809503472304794,3.809503472304794,3.809503472304794,3.809503472304794,3.809503472304794,3.809503472304794,3.809503472304794,3.809503472304794,3.809503472304794,3.809503472304794,3.809503472304794,3.809503472304794,3.809503472304794,3.809503472304794,3.809503472304794,3.809503472304794,3.809503472304794,3.809503472304794,3.809503472304794,3.809503472304794,3.809503472304794,3.809503472304794,3.809503472304794,3.809503472304794,3.809503472304794,3.809503472304794,3.809503472304794,3.809503472304794,3.809503472304794,3.809503472304794,3.809503472304794,3.809503472304794,3.809503472304794,3.809503472304794,3.809503472304794,3.809503472304794,3.809503472304794,3.809503472304794,3.809503472304794,3.809503472304794,3.809503472304794,3.809503472304794,3.809503472304794,3.809503472304794,3.809503472304794,3.809503472304794,3.809503472304794,3.809503472304794,3.809503472304794,3.809503472304794,3.809503472304794,3.809503472304794,3.809503472304794,3.809503472304794,3.809503472304794,3.809503472304794,3.809503472304794,3.809503472304794,3.809503472304794,3.809503472304794,3.809503472304794,3.809503472304794,3.809503472304794,3.809503472304794,3.809503472304794,3.809503472304794,3.809503472304794,3.809503472304794,3.809503472304794,3.809503472304794,3.809503472304794,3.809503472304794,3.809503472304794,3.809503472304794,3.809503472304794,3.809503472304794,3.809503472304794,3.809503472304794,3.809503472304794,3.809503472304794,3.809503472304794,3.809503472304794,3.809503472304794,3.809503472304794,3.809503472304794,3.809503472304794,3.809503472304794,3.809503472304794,3.809503472304794,3.809503472304794,3.809503472304794,3.809503472304794,3.809503472304794,3.809503472304794,3.809503472304794,3.809503472304794,3.809503472304794,3.809503472304794,3.809503472304794,3.809503472304794,3.809503472304794,3.809503472304794,3.809503472304794,3.809503472304794,3.809503472304794,3.809503472304794,3.809503472304794,3.809503472304794,3.809503472304794,3.809503472304794,3.809503472304794,3.809503472304794,3.809503472304794,3.809503472304794,3.809503472304794,3.809503472304794,3.809503472304794,3.809503472304794,3.809503472304794,3.809503472304794,3.809503472304794,3.809503472304794,3.809503472304794,3.809503472304794,3.809503472304794,3.809503472304794,3.809503472304794,3.809503472304794,3.809503472304794,3.809503472304794,3.809503472304794,3.809503472304794,3.809503472304794,3.809503472304794,3.809503472304794,3.809503472304794,3.809503472304794,3.809503472304794,3.809503472304794,3.809503472304794,3.809503472304794,3.809503472304794,3.809503472304794,3.809503472304794,3.809503472304794,3.809503472304794,3.809503472304794,3.809503472304794,3.809503472304794,3.809503472304794,3.809503472304794,3.809503472304794,3.809503472304794,3.809503472304794,3.809503472304794,3.809503472304794,3.809503472304794,3.809503472304794,3.809503472304794,3.809503472304794,3.809503472304794,3.809503472304794,3.809503472304794,3.809503472304794,3.809503472304794,3.809503472304794,3.809503472304794,3.809503472304794,3.809503472304794,3.809503472304794,3.809503472304794,3.809503472304794,3.809503472304794,3.809503472304794,3.809503472304794,3.809503472304794,3.809503472304794,3.809503472304794,3.809503472304794,3.809503472304794,3.809503472304794,3.809503472304794,3.809503472304794,3.809503472304794,3.809503472304794,3.809503472304794,3.809503472304794,3.809503472304794,3.809503472304794,3.809503472304794,3.809503472304794,3.809503472304794,3.809503472304794,3.809503472304794,3.809503472304794,3.809503472304794,3.809503472304794,3.809503472304794,3.809503472304794,3.809503472304794,3.809503472304794,3.809503472304794,3.809503472304794,3.809503472304794,3.809503472304794,3.809503472304794,3.809503472304794,3.809503472304794,3.809503472304794,3.809503472304794,3.809503472304794,3.809503472304794,3.809503472304794,3.809503472304794,3.809503472304794,3.809503472304794,3.809503472304794,3.809503472304794,3.809503472304794,3.809503472304794,3.809503472304794,3.809503472304794,3.809503472304794,3.809503472304794,3.809503472304794,3.809503472304794,3.809503472304794,3.809503472304794,3.809503472304794,3.809503472304794,3.809503472304794,3.809503472304794,3.809503472304794,3.809503472304794,3.809503472304794,3.809503472304794,3.809503472304794,3.809503472304794,3.809503472304794,3.809503472304794,3.809503472304794,3.809503472304794,3.809503472304794,3.809503472304794,3.809503472304794,3.809503472304794,3.809503472304794,3.809503472304794,3.809503472304794,3.809503472304794,3.809503472304794,3.809503472304794,3.809503472304794,3.809503472304794,3.809503472304794,3.809503472304794,3.809503472304794,3.809503472304794,3.809503472304794,3.809503472304794,3.809503472304794,3.809503472304794,3.809503472304794,3.809503472304794,3.809503472304794,3.809503472304794,3.809503472304794,3.809503472304794,3.809503472304794,3.809503472304794,3.809503472304794,3.809503472304794,3.809503472304794,3.809503472304794,3.809503472304794,3.809503472304794,3.809503472304794,3.809503472304794,3.809503472304794,3.809503472304794,3.809503472304794,3.809503472304794,3.809503472304794,3.809503472304794,3.809503472304794,3.809503472304794,3.809503472304794,3.809503472304794,3.809503472304794,3.809503472304794,3.809503472304794,3.809503472304794,3.809503472304794,3.809503472304794,3.809503472304794,3.809503472304794,3.809503472304794,3.809503472304794,3.809503472304794,3.809503472304794,3.809503472304794,3.809503472304794,3.809503472304794,3.809503472304794,3.809503472304794,3.809503472304794,3.809503472304794,3.809503472304794,3.809503472304794,3.809503472304794,3.809503472304794,3.809503472304794,3.809503472304794,3.809503472304794,3.809503472304794,3.809503472304794,3.809503472304794,3.809503472304794,3.809503472304794,3.809503472304794,3.809503472304794,3.809503472304794,3.809503472304794,3.809503472304794,3.809503472304794,3.809503472304794,3.809503472304794,3.809503472304794,3.809503472304794,3.809503472304794,3.809503472304794,3.809503472304794,3.809503472304794,3.809503472304794,3.809503472304794,3.809503472304794,3.809503472304794,3.809503472304794,3.809503472304794,3.809503472304794,3.809503472304794,3.809503472304794,3.809503472304794,3.809503472304794,3.809503472304794,3.809503472304794,3.809503472304794,3.809503472304794,3.809503472304794,3.809503472304794,3.809503472304794,3.809503472304794,3.809503472304794,3.809503472304794,3.809503472304794,3.809503472304794,3.809503472304794,3.809503472304794,3.809503472304794,3.809503472304794,3.809503472304794,3.809503472304794,3.809503472304794,3.809503472304794,3.809503472304794,3.809503472304794,3.809503472304794,3.809503472304794,3.809503472304794,3.809503472304794,3.809503472304794,3.809503472304794,3.809503472304794,3.809503472304794,3.809503472304794,3.809503472304794,3.809503472304794,3.809503472304794,3.809503472304794,3.809503472304794,3.809503472304794,3.809503472304794,3.809503472304794,3.809503472304794,3.809503472304794,3.809503472304794,3.809503472304794,3.809503472304794,3.809503472304794,3.809503472304794,3.809503472304794,3.809503472304794,3.809503472304794,3.809503472304794,3.809503472304794,3.809503472304794,3.809503472304794,3.809503472304794,3.809503472304794,3.809503472304794,3.809503472304794,3.809503472304794,3.809503472304794,3.809503472304794,3.809503472304794,3.809503472304794,3.809503472304794,3.809503472304794,3.809503472304794,3.809503472304794,3.809503472304794,3.809503472304794,3.809503472304794,3.809503472304794,3.809503472304794,3.809503472304794,3.809503472304794,3.809503472304794,3.809503472304794,3.809503472304794,3.809503472304794,3.809503472304794,3.809503472304794,3.809503472304794,3.809503472304794,3.809503472304794,3.809503472304794,3.809503472304794,3.809503472304794,3.809503472304794,3.809503472304794,3.809503472304794,3.809503472304794,3.809503472304794,3.809503472304794,3.809503472304794,3.809503472304794,3.809503472304794,3.809503472304794,3.809503472304794,3.809503472304794,3.809503472304794,3.809503472304794,3.809503472304794,3.809503472304794,3.809503472304794,3.809503472304794,3.809503472304794,3.809503472304794,3.809503472304794,3.809503472304794,3.809503472304794,3.809503472304794,3.809503472304794,3.809503472304794,3.809503472304794,3.809503472304794,3.809503472304794,3.809503472304794,3.809503472304794,3.809503472304794,3.809503472304794,3.809503472304794,3.809503472304794,3.809503472304794,3.809503472304794,3.809503472304794,3.809503472304794,3.809503472304794,3.809503472304794,3.809503472304794,3.809503472304794,3.809503472304794,3.809503472304794,3.809503472304794,3.809503472304794,3.809503472304794,3.809503472304794,3.809503472304794,3.809503472304794,3.809503472304794,3.809503472304794,3.809503472304794,3.809503472304794,8.174400800134862,8.174400800134862,8.174400800134862,8.174400800134862,8.174400800134862,8.174400800134862,8.132718738998411,8.132718738998411,8.132718738998411,8.132718738998411,8.132718738998411,8.132718738998411,8.132718738998411,8.132718738998411,8.132718738998411,8.132718738998411,8.132718738998411,8.132718738998411,8.132718738998411,8.132718738998411,8.132718738998411,8.132718738998411,8.132718738998411,8.132718738998411,8.132718738998411,8.132718738998411,8.132718738998411,8.132718738998411,8.132718738998411,8.132718738998411,8.132718738998411,8.132718738998411,8.132718738998411,8.132718738998411,8.033955449605138,8.033955449605138,8.033955449605138,8.033955449605138,8.033955449605138,8.033955449605138,8.033955449605138,8.033955449605138,8.033955449605138,8.033955449605138,8.033955449605138,8.033955449605138,8.033955449605138,8.033955449605138,8.033955449605138,8.033955449605138,8.033955449605138,8.033955449605138,8.033955449605138,8.033955449605138,8.033955449605138,8.033955449605138,8.033955449605138,8.033955449605138,7.306739014315269,7.1469609037823085,7.104207235908728,7.104207235908728,7.104207235908728,7.104207235908728,7.104207235908728,7.104207235908728,7.104207235908728,7.104207235908728,7.104207235908728,7.104207235908728,7.104207235908728,7.104207235908728,6.8867400869359106,6.582132859608078,6.582132859608078,6.582132859608078,6.582132859608078,6.582132859608078,6.582132859608078,6.582132859608078,6.582132859608078,6.582132859608078,6.582132859608078,6.582132859608078,6.582132859608078,6.514824723169543,6.514824723169543,6.514824723169543,6.514824723169543,6.514824723169543,6.514824723169543,6.514824723169543,6.514824723169543,6.514824723169543,6.514824723169543,6.514824723169543,6.514824723169543,6.514824723169543,6.514824723169543,6.514824723169543,6.514824723169543,6.514824723169543,6.514824723169543,6.514824723169543,6.514824723169543,6.514824723169543,6.514824723169543,6.514824723169543,6.514824723169543,6.514824723169543,6.514824723169543,6.514824723169543,6.514824723169543,6.514824723169543,6.514824723169543,6.514824723169543,6.514824723169543,6.514824723169543,6.514824723169543,6.514824723169543,6.514824723169543,6.514824723169543,6.514824723169543,6.514824723169543,6.514824723169543,6.514824723169543,6.514824723169543,6.514824723169543,6.514824723169543,6.514824723169543,6.514824723169543,6.514824723169543,6.514824723169543,6.514824723169543,6.514824723169543,6.514824723169543,6.514824723169543,6.514824723169543,6.514824723169543,6.514824723169543,6.514824723169543,6.514824723169543,6.514824723169543,6.514824723169543,6.514824723169543,6.514824723169543,6.514824723169543,6.514824723169543,6.514824723169543,6.514824723169543,6.514824723169543,6.514824723169543,6.514824723169543,6.514824723169543,6.514824723169543,6.514824723169543,6.514824723169543,6.514824723169543,6.514824723169543,6.514824723169543,6.514824723169543,6.514824723169543,6.514824723169543,6.514824723169543,6.514824723169543,6.514824723169543,6.514824723169543,6.514824723169543,6.514824723169543,6.514824723169543,6.514824723169543,6.514824723169543,6.514824723169543,6.514824723169543,6.514824723169543,6.514824723169543,6.514824723169543,6.514824723169543,6.514824723169543,6.514824723169543,6.514824723169543,6.514824723169543,6.514824723169543,6.514824723169543,6.514824723169543,6.514824723169543,6.514824723169543,6.514824723169543,6.514824723169543,6.514824723169543,6.514824723169543,6.514824723169543,6.514824723169543,6.514824723169543,6.514824723169543,6.514824723169543,6.514824723169543,6.514824723169543,6.514824723169543,6.514824723169543,6.514824723169543,6.514824723169543,6.514824723169543,6.514824723169543,6.514824723169543,6.514824723169543,6.514824723169543,6.514824723169543,6.514824723169543,6.514824723169543,6.514824723169543,6.514824723169543,6.514824723169543,6.514824723169543,6.514824723169543,6.514824723169543,6.514824723169543,6.514824723169543,6.514824723169543,6.514824723169543,6.514824723169543,6.514824723169543,6.514824723169543,6.514824723169543,6.514824723169543,6.514824723169543,6.514824723169543,6.514824723169543,6.514824723169543,6.514824723169543,6.514824723169543,6.514824723169543,6.514824723169543,6.514824723169543,6.514824723169543,6.514824723169543,6.514824723169543,6.514824723169543,6.514824723169543,6.514824723169543,6.514824723169543,6.514824723169543,6.514824723169543,6.514824723169543,6.514824723169543,6.514824723169543,6.514824723169543,6.514824723169543,6.514824723169543,6.514824723169543,5.217330225718495,5.217330225718495,5.217330225718495,5.217330225718495,5.217330225718495,5.217330225718495,5.217330225718495,5.217330225718495,5.217330225718495,5.217330225718495,5.217330225718495,5.217330225718495,5.217330225718495,5.217330225718495,5.217330225718495,5.217330225718495,5.217330225718495,5.217330225718495,5.217330225718495,5.217330225718495,5.217330225718495,5.217330225718495,5.217330225718495,5.217330225718495,5.217330225718495,5.217330225718495,5.217330225718495,5.217330225718495,5.217330225718495,5.217330225718495,5.217330225718495,5.217330225718495,5.217330225718495,5.217330225718495,5.217330225718495,5.217330225718495,5.217330225718495,5.217330225718495,5.217330225718495,5.217330225718495,5.217330225718495,5.217330225718495,5.217330225718495,5.217330225718495,5.217330225718495,5.217330225718495,5.217330225718495,5.217330225718495,5.217330225718495,5.217330225718495,5.217330225718495,5.217330225718495,5.217330225718495,5.217330225718495,5.149377785333417,5.149377785333417,5.149377785333417,5.149377785333417,5.149377785333417,5.149377785333417,5.149377785333417,5.149377785333417,5.149377785333417,5.149377785333417,5.149377785333417,5.149377785333417,5.149377785333417,5.149377785333417,5.149377785333417,5.149377785333417,5.149377785333417,5.149377785333417,5.149377785333417,5.149377785333417,5.149377785333417,5.149377785333417,5.149377785333417,5.149377785333417,5.149377785333417,5.149377785333417,5.149377785333417,5.149377785333417,5.149377785333417,5.149377785333417,5.149377785333417,5.149377785333417,5.149377785333417,5.149377785333417,5.149377785333417,5.149377785333417,5.149377785333417,5.149377785333417,5.149377785333417,5.149377785333417,5.149377785333417,5.149377785333417,5.149377785333417,5.149377785333417,5.149377785333417,5.149377785333417,5.149377785333417,5.149377785333417,5.149377785333417,5.149377785333417,5.149377785333417,5.149377785333417,5.149377785333417,5.149377785333417,5.149377785333417,5.149377785333417,5.149377785333417,5.149377785333417,5.149377785333417,5.149377785333417,5.149377785333417,5.149377785333417,5.149377785333417,5.149377785333417,5.149377785333417,5.149377785333417,5.149377785333417,5.149377785333417,5.149377785333417,5.149377785333417,5.149377785333417,5.149377785333417,5.149377785333417,5.149377785333417,5.149377785333417,5.149377785333417,5.149377785333417,5.149377785333417,5.149377785333417,5.149377785333417,5.149377785333417,5.149377785333417,5.149377785333417,5.149377785333417,5.149377785333417,5.149377785333417,5.149377785333417,5.149377785333417,5.149377785333417,5.149377785333417,5.149377785333417,5.149377785333417,5.149377785333417,5.149377785333417,5.149377785333417,5.149377785333417,5.149377785333417,5.149377785333417,5.149377785333417,5.149377785333417,5.149377785333417,5.149377785333417,5.149377785333417,5.149377785333417,5.149377785333417,5.149377785333417,5.149377785333417,5.149377785333417,5.149377785333417,5.149377785333417,5.149377785333417,5.149377785333417,5.149377785333417,5.149377785333417,5.149377785333417,5.149377785333417,5.149377785333417,5.149377785333417,5.149377785333417,5.149377785333417,5.149377785333417,5.149377785333417,5.149377785333417,5.149377785333417,5.149377785333417,5.149377785333417,5.149377785333417,5.149377785333417,5.149377785333417,5.149377785333417,5.149377785333417,5.149377785333417,5.149377785333417,5.149377785333417,5.149377785333417,5.149377785333417,5.149377785333417,5.149377785333417,5.149377785333417,5.149377785333417,5.149377785333417,5.149377785333417,5.149377785333417,5.149377785333417,5.149377785333417,5.149377785333417,5.149377785333417,5.149377785333417,5.149377785333417,5.149377785333417,5.149377785333417,5.149377785333417,5.149377785333417,5.149377785333417,5.149377785333417,5.149377785333417,5.149377785333417,5.149377785333417,5.149377785333417,5.149377785333417,5.149377785333417,5.149377785333417,5.149377785333417,5.149377785333417,5.149377785333417,5.149377785333417,5.149377785333417,5.149377785333417,5.149377785333417,5.149377785333417,5.149377785333417,5.149377785333417,5.149377785333417,5.149377785333417,5.149377785333417,5.149377785333417,5.149377785333417,5.149377785333417,5.149377785333417,5.149377785333417,5.149377785333417,5.149377785333417,5.149377785333417,5.149377785333417,5.149377785333417,5.149377785333417,5.149377785333417,5.149377785333417,5.149377785333417,5.149377785333417,5.149377785333417,5.149377785333417,5.149377785333417,5.149377785333417,5.149377785333417,5.149377785333417,5.149377785333417,5.149377785333417,5.149377785333417,5.149377785333417,5.149377785333417,5.149377785333417,5.149377785333417,5.149377785333417,5.149377785333417,5.149377785333417,5.149377785333417,5.149377785333417,5.149377785333417,5.149377785333417,5.149377785333417,5.149377785333417,5.149377785333417,5.149377785333417,5.149377785333417,5.149377785333417,5.149377785333417,5.149377785333417,5.149377785333417,5.149377785333417,5.149377785333417,5.149377785333417,5.149377785333417,5.149377785333417,5.149377785333417,5.149377785333417,5.149377785333417,5.149377785333417,5.149377785333417,5.149377785333417,5.149377785333417,5.149377785333417,5.149377785333417,5.149377785333417,5.149377785333417,5.149377785333417,5.149377785333417,5.149377785333417,5.149377785333417,5.149377785333417,5.149377785333417,5.149377785333417,5.149377785333417,5.149377785333417,5.149377785333417,5.149377785333417,5.149377785333417,5.149377785333417,5.149377785333417,5.149377785333417,5.149377785333417,5.149377785333417,5.149377785333417,5.149377785333417,5.149377785333417,5.149377785333417,5.149377785333417,5.149377785333417,5.149377785333417,5.149377785333417,5.149377785333417,5.149377785333417,5.149377785333417,5.149377785333417,5.149377785333417,5.149377785333417,5.149377785333417,5.149377785333417,5.149377785333417,5.149377785333417,5.149377785333417,5.149377785333417,5.149377785333417,5.149377785333417,5.149377785333417,5.149377785333417,5.149377785333417,5.149377785333417,5.149377785333417,5.149377785333417,5.149377785333417,5.149377785333417,5.149377785333417,5.149377785333417,5.149377785333417,5.149377785333417,5.149377785333417,5.149377785333417,5.149377785333417,5.149377785333417,5.149377785333417,5.149377785333417,5.149377785333417,5.149377785333417,5.149377785333417,5.149377785333417,5.149377785333417,5.149377785333417,5.149377785333417,5.149377785333417,5.149377785333417,5.149377785333417,5.149377785333417,5.149377785333417,5.149377785333417,5.149377785333417,5.149377785333417,5.149377785333417,5.149377785333417,5.149377785333417,5.149377785333417,5.149377785333417,5.149377785333417,5.149377785333417,5.149377785333417,5.149377785333417,5.149377785333417,5.149377785333417,5.149377785333417,5.149377785333417,5.149377785333417,5.149377785333417,5.149377785333417,5.149377785333417,5.149377785333417,5.149377785333417,5.149377785333417,5.149377785333417,5.149377785333417,5.149377785333417,5.149377785333417,5.149377785333417,5.149377785333417,5.149377785333417,5.149377785333417,5.149377785333417,5.149377785333417,5.149377785333417,5.149377785333417,5.149377785333417,5.149377785333417,5.149377785333417,5.149377785333417,5.149377785333417,5.149377785333417,5.149377785333417,5.149377785333417,5.149377785333417,5.149377785333417,5.149377785333417,5.149377785333417,5.149377785333417,5.149377785333417,5.149377785333417,5.149377785333417,5.149377785333417,5.149377785333417,5.149377785333417,5.149377785333417,5.149377785333417,5.149377785333417,5.149377785333417,5.149377785333417,5.149377785333417,5.149377785333417,5.149377785333417,5.149377785333417,5.149377785333417,5.149377785333417,5.149377785333417,5.149377785333417,5.149377785333417,5.149377785333417,5.149377785333417,5.149377785333417,5.149377785333417,5.149377785333417,5.149377785333417,5.149377785333417,5.149377785333417,5.149377785333417,5.149377785333417,5.149377785333417,5.149377785333417,5.149377785333417,5.149377785333417,5.149377785333417,5.149377785333417,5.149377785333417,5.149377785333417,5.149377785333417,5.149377785333417,5.149377785333417,5.149377785333417,5.149377785333417,5.149377785333417,5.149377785333417,5.149377785333417,5.149377785333417,5.149377785333417,5.149377785333417,5.149377785333417,5.149377785333417,5.149377785333417,5.149377785333417,5.149377785333417,5.149377785333417,5.149377785333417,5.149377785333417,5.149377785333417,5.149377785333417,5.149377785333417,5.149377785333417,5.149377785333417,5.149377785333417,5.149377785333417,5.149377785333417,5.149377785333417,5.149377785333417,5.149377785333417,5.149377785333417,5.149377785333417,5.149377785333417,5.149377785333417,5.149377785333417,5.149377785333417,5.149377785333417,5.149377785333417,5.149377785333417,5.149377785333417,5.149377785333417,5.149377785333417,5.149377785333417,5.149377785333417,5.149377785333417,5.149377785333417,5.149377785333417,5.149377785333417,5.149377785333417,5.149377785333417,5.149377785333417,5.149377785333417,5.149377785333417,5.149377785333417,5.149377785333417,5.149377785333417,5.149377785333417,5.149377785333417,5.149377785333417,5.149377785333417,5.149377785333417,5.149377785333417,5.149377785333417,5.149377785333417,5.149377785333417,5.149377785333417,5.149377785333417,5.149377785333417,5.149377785333417,5.149377785333417,5.149377785333417,5.149377785333417,5.149377785333417,5.149377785333417,5.149377785333417,5.149377785333417,5.149377785333417,5.149377785333417,5.149377785333417,5.149377785333417,5.149377785333417,5.149377785333417,5.149377785333417,5.149377785333417,5.149377785333417,5.149377785333417,5.149377785333417,5.149377785333417,5.149377785333417,5.149377785333417,5.149377785333417,5.149377785333417,5.149377785333417,5.149377785333417,5.149377785333417,5.149377785333417,5.149377785333417,5.149377785333417,5.149377785333417,5.149377785333417,5.149377785333417,5.149377785333417,5.149377785333417,5.149377785333417,5.149377785333417,5.149377785333417,5.149377785333417,5.149377785333417,5.149377785333417,5.149377785333417,5.149377785333417,5.149377785333417,5.149377785333417,5.149377785333417,5.149377785333417,5.149377785333417,5.149377785333417,5.149377785333417,5.149377785333417,5.149377785333417,5.149377785333417,5.149377785333417,5.149377785333417,5.149377785333417,5.149377785333417,5.149377785333417,5.149377785333417,5.149377785333417,5.149377785333417,5.149377785333417,5.149377785333417,5.149377785333417,5.149377785333417,5.149377785333417,5.149377785333417,5.149377785333417,5.149377785333417,5.149377785333417,5.149377785333417,5.149377785333417,5.149377785333417,5.149377785333417,5.149377785333417,5.149377785333417,5.149377785333417,5.149377785333417,5.149377785333417,5.149377785333417,5.149377785333417,5.149377785333417,5.149377785333417,5.149377785333417,5.149377785333417,5.149377785333417,5.149377785333417,5.149377785333417,5.149377785333417,5.149377785333417,5.149377785333417,5.149377785333417,5.149377785333417,5.149377785333417,5.149377785333417,5.149377785333417,5.149377785333417,5.149377785333417,5.149377785333417,5.149377785333417,5.149377785333417,5.149377785333417,5.149377785333417,5.149377785333417,5.149377785333417,5.149377785333417,5.149377785333417,5.149377785333417,5.149377785333417,5.149377785333417,5.149377785333417,5.149377785333417,5.149377785333417,5.149377785333417,5.149377785333417,5.149377785333417,5.149377785333417,5.149377785333417,5.149377785333417,5.149377785333417,5.149377785333417,5.149377785333417,5.149377785333417,5.149377785333417,5.149377785333417,5.149377785333417,5.149377785333417,5.149377785333417,5.149377785333417,5.149377785333417,5.149377785333417,5.149377785333417,5.149377785333417,5.149377785333417,5.149377785333417,5.149377785333417,5.149377785333417,5.149377785333417,5.149377785333417,5.149377785333417,5.149377785333417,5.149377785333417,5.149377785333417,5.149377785333417,5.149377785333417,5.149377785333417,5.149377785333417,5.149377785333417,5.149377785333417,5.149377785333417,5.149377785333417,5.149377785333417,5.149377785333417,5.149377785333417,5.149377785333417,5.149377785333417,5.149377785333417,5.149377785333417,5.149377785333417,5.149377785333417,5.149377785333417,5.149377785333417,5.149377785333417,5.149377785333417,5.149377785333417,5.149377785333417,5.149377785333417,5.149377785333417,5.149377785333417,5.149377785333417,5.149377785333417,5.149377785333417,5.149377785333417,5.149377785333417,5.149377785333417,5.149377785333417,5.149377785333417,5.149377785333417,5.149377785333417,5.149377785333417,5.149377785333417,5.149377785333417,5.149377785333417,5.149377785333417,5.149377785333417,5.149377785333417,5.149377785333417,5.149377785333417,5.149377785333417,5.149377785333417,5.149377785333417,5.149377785333417,5.149377785333417,5.149377785333417,5.149377785333417,5.149377785333417,5.149377785333417,5.149377785333417,5.149377785333417,5.149377785333417,5.149377785333417,5.149377785333417,5.149377785333417,5.149377785333417,5.149377785333417,5.149377785333417,5.149377785333417,5.149377785333417,5.149377785333417,5.149377785333417,5.149377785333417,5.149377785333417,5.149377785333417,5.149377785333417,5.149377785333417,5.149377785333417,5.149377785333417,5.149377785333417,5.149377785333417,5.149377785333417,5.149377785333417,5.149377785333417,5.149377785333417,5.149377785333417,5.149377785333417,5.149377785333417,5.149377785333417,5.149377785333417,5.149377785333417,5.149377785333417,5.149377785333417,5.149377785333417,5.149377785333417,5.149377785333417,5.149377785333417,5.149377785333417,5.149377785333417,5.149377785333417,7.962369160101833,7.962369160101833,7.843215922348342,7.843215922348342,7.843215922348342,7.843215922348342,7.843215922348342,7.843215922348342,7.799657887510869,7.799657887510869,7.799657887510869,7.799657887510869,7.799657887510869,7.799657887510869,7.799657887510869,7.799657887510869,7.799657887510869,7.799657887510869,7.799657887510869,7.799657887510869,7.799657887510869,7.799657887510869,7.799657887510869,7.799657887510869,7.799657887510869,7.799657887510869,7.799657887510869,7.799657887510869,7.799657887510869,7.799657887510869,7.799657887510869,7.799657887510869,7.799657887510869,7.799657887510869,7.799657887510869,7.799657887510869,7.799657887510869,7.799657887510869,7.799657887510869,7.799657887510869,7.799657887510869,7.799657887510869,7.799657887510869,7.799657887510869,7.799657887510869,7.799657887510869,7.799657887510869,6.173327071319718,6.173327071319718,6.169646985144579,6.169646985144579,6.169646985144579,6.169646985144579,6.169646985144579,6.169646985144579,6.169646985144579,6.169646985144579,6.169646985144579,6.169646985144579,6.169646985144579,6.169646985144579,6.169646985144579,6.169646985144579,6.169646985144579,6.169646985144579,6.169646985144579,6.169646985144579,6.169646985144579,6.169646985144579,6.169646985144579,6.169646985144579,6.169646985144579,6.169646985144579,6.169646985144579,6.169646985144579,6.169646985144579,6.169646985144579,6.169646985144579,6.169646985144579,6.169646985144579,6.169646985144579,6.169646985144579,6.169646985144579,6.169646985144579,6.169646985144579,6.169646985144579,6.169646985144579,6.169646985144579,6.169646985144579,6.169646985144579,6.169646985144579,6.169646985144579,6.169646985144579,6.169646985144579,6.169646985144579,6.169646985144579,6.169646985144579,6.169646985144579,6.169646985144579,6.169646985144579,6.169646985144579,6.169646985144579,6.169646985144579,6.169646985144579,6.169646985144579,6.169646985144579,6.169646985144579,6.169646985144579,6.169646985144579,6.169646985144579,6.169646985144579,6.169646985144579,6.169646985144579,6.169646985144579,6.169646985144579,6.169646985144579,6.169646985144579,6.169646985144579,6.169646985144579,6.169646985144579,6.169646985144579,6.169646985144579,6.169646985144579,5.483103036955262,5.483103036955262,5.483103036955262,5.483103036955262,5.483103036955262,5.483103036955262,5.483103036955262,5.483103036955262,5.483103036955262,5.483103036955262,5.483103036955262,5.483103036955262,5.429983002320678,5.429983002320678,5.429983002320678,5.429983002320678,5.429983002320678,5.429983002320678,5.429983002320678,5.429983002320678,5.429983002320678,5.429983002320678,5.429983002320678,5.429983002320678,5.429983002320678,5.429983002320678,5.429983002320678,5.429983002320678,5.429983002320678,5.429983002320678,5.429983002320678,5.429983002320678,5.429983002320678,5.429983002320678,5.429983002320678,5.429983002320678,5.429983002320678,5.429983002320678,5.429983002320678,5.429983002320678,5.429983002320678,5.429983002320678,5.429983002320678,5.429983002320678,5.429983002320678,5.429983002320678,5.429983002320678,5.429983002320678,5.429983002320678,5.429983002320678,5.429983002320678,5.429983002320678,5.429983002320678,5.429983002320678,5.429983002320678,5.429983002320678,5.429983002320678,5.429983002320678,5.429983002320678,5.429983002320678,5.429983002320678,5.429983002320678,5.429983002320678,5.429983002320678,5.429983002320678,5.429983002320678,5.403401594822213,5.403401594822213,5.403401594822213,5.403401594822213,5.403401594822213,5.403401594822213,5.403401594822213,5.403401594822213,5.403401594822213,5.403401594822213,5.403401594822213,5.403401594822213,5.403401594822213,5.403401594822213,5.403401594822213,5.403401594822213,5.403401594822213,5.403401594822213,5.403401594822213,5.403401594822213,5.403401594822213,5.403401594822213,5.403401594822213,5.403401594822213,5.403401594822213,5.403401594822213,5.403401594822213,5.403401594822213,5.403401594822213,5.403401594822213,5.403401594822213,5.403401594822213,5.403401594822213,5.403401594822213,5.403401594822213,5.403401594822213,5.403401594822213,5.403401594822213,5.403401594822213,5.403401594822213,5.403401594822213,5.403401594822213,5.403401594822213,5.403401594822213,5.403401594822213,5.403401594822213,5.403401594822213,5.403401594822213,5.403401594822213,5.403401594822213,5.403401594822213,5.403401594822213,5.403401594822213,5.403401594822213,5.403401594822213,5.403401594822213,5.403401594822213,5.403401594822213,5.403401594822213,5.403401594822213,5.403401594822213,5.403401594822213,5.403401594822213,5.403401594822213,5.403401594822213,5.403401594822213,5.403401594822213,5.403401594822213,5.403401594822213,5.403401594822213,5.403401594822213,5.403401594822213,5.403401594822213,5.403401594822213,5.403401594822213,5.403401594822213,5.403401594822213,5.403401594822213,5.403401594822213,5.403401594822213,5.403401594822213,5.403401594822213,5.403401594822213,5.403401594822213,5.403401594822213,5.403401594822213,5.403401594822213,5.403401594822213,5.403401594822213,5.403401594822213,5.403401594822213,5.403401594822213,5.403401594822213,5.403401594822213,5.403401594822213,5.403401594822213,5.403401594822213,5.403401594822213,5.403401594822213,5.403401594822213,5.403401594822213,5.403401594822213,5.403401594822213,5.403401594822213,5.403401594822213,5.403401594822213,5.403401594822213,5.403401594822213,5.403401594822213,5.403401594822213,5.403401594822213,5.403401594822213,5.403401594822213,5.403401594822213,5.403401594822213,5.403401594822213,5.403401594822213,5.403401594822213,5.403401594822213,5.403401594822213,5.403401594822213,5.403401594822213,5.403401594822213,5.403401594822213,5.403401594822213,5.403401594822213,5.403401594822213,5.403401594822213,5.403401594822213,5.403401594822213,5.403401594822213,5.403401594822213,5.403401594822213,5.403401594822213,5.403401594822213,5.403401594822213,5.403401594822213,5.403401594822213,5.403401594822213,5.403401594822213,5.403401594822213,5.403401594822213,5.403401594822213,5.403401594822213,5.403401594822213,5.403401594822213,5.403401594822213,5.403401594822213,5.403401594822213,5.403401594822213,5.403401594822213,5.403401594822213,5.403401594822213,5.403401594822213,5.403401594822213,5.403401594822213,5.403401594822213,5.403401594822213,5.403401594822213,5.403401594822213,5.403401594822213,5.403401594822213,5.403401594822213,5.403401594822213,5.403401594822213,5.403401594822213,5.403401594822213,5.403401594822213,5.403401594822213,5.403401594822213,5.403401594822213,5.403401594822213,5.403401594822213,5.403401594822213,5.403401594822213,5.403401594822213,5.403401594822213,5.403401594822213,5.403401594822213,5.403401594822213,5.403401594822213,5.403401594822213,5.403401594822213,5.403401594822213,5.403401594822213,5.403401594822213,5.403401594822213,5.403401594822213,5.403401594822213,5.403401594822213,5.403401594822213,5.403401594822213,5.403401594822213,5.403401594822213,5.403401594822213,5.403401594822213,5.403401594822213,5.403401594822213,5.403401594822213,5.403401594822213,5.403401594822213,5.403401594822213,5.403401594822213,5.403401594822213,5.403401594822213,5.403401594822213,5.403401594822213,5.403401594822213,5.403401594822213,5.403401594822213,5.403401594822213,5.403401594822213,5.403401594822213,5.403401594822213,5.403401594822213,5.403401594822213,5.403401594822213,5.403401594822213,5.403401594822213,5.403401594822213,5.403401594822213,5.403401594822213,5.403401594822213,5.403401594822213,5.403401594822213,5.403401594822213,5.403401594822213,5.403401594822213,5.403401594822213,5.403401594822213,5.403401594822213,5.403401594822213,5.403401594822213,5.403401594822213,5.403401594822213,5.403401594822213,5.403401594822213,5.403401594822213,5.403401594822213,5.403401594822213,5.403401594822213,5.403401594822213,5.403401594822213,5.403401594822213,5.403401594822213,5.403401594822213,5.403401594822213,5.403401594822213,5.403401594822213,5.403401594822213,5.403401594822213,5.403401594822213,5.403401594822213,5.403401594822213,5.403401594822213,5.403401594822213,5.403401594822213,5.403401594822213,5.403401594822213,5.403401594822213,5.403401594822213,5.403401594822213,5.403401594822213,5.403401594822213,5.403401594822213,5.403401594822213,5.403401594822213,5.403401594822213,5.403401594822213,5.403401594822213,5.403401594822213,5.403401594822213,5.403401594822213,5.403401594822213,5.403401594822213,5.403401594822213,5.403401594822213,5.403401594822213,5.403401594822213,5.403401594822213,5.403401594822213,5.403401594822213,5.403401594822213,5.403401594822213,5.403401594822213,5.403401594822213,5.403401594822213,5.403401594822213,5.403401594822213,5.403401594822213,5.403401594822213,5.403401594822213,5.403401594822213,5.403401594822213,5.403401594822213,5.403401594822213,5.403401594822213,5.403401594822213,5.403401594822213,5.403401594822213,5.403401594822213,5.403401594822213,5.403401594822213,5.403401594822213,5.403401594822213,5.403401594822213,5.403401594822213,5.403401594822213,5.403401594822213,5.403401594822213,5.403401594822213,5.403401594822213,5.403401594822213,5.403401594822213,5.403401594822213,5.403401594822213,5.403401594822213,5.403401594822213,5.403401594822213,5.403401594822213,5.403401594822213,5.403401594822213,5.403401594822213,5.403401594822213,5.403401594822213,5.403401594822213,5.403401594822213,5.403401594822213,5.403401594822213,5.403401594822213,5.403401594822213,5.403401594822213,5.403401594822213,5.403401594822213,5.403401594822213,5.403401594822213,5.403401594822213,5.403401594822213,5.403401594822213,5.403401594822213,5.403401594822213,5.403401594822213,5.403401594822213,5.403401594822213,5.403401594822213,5.403401594822213,5.403401594822213,5.403401594822213,5.403401594822213,5.403401594822213,5.403401594822213,5.403401594822213,5.403401594822213,5.403401594822213,5.403401594822213,5.403401594822213,5.403401594822213,5.403401594822213,5.403401594822213,5.403401594822213,5.403401594822213,5.403401594822213,5.403401594822213,5.403401594822213,5.403401594822213,5.403401594822213,5.403401594822213,5.403401594822213,5.403401594822213,5.403401594822213,5.403401594822213,5.403401594822213,5.403401594822213,5.403401594822213,5.403401594822213,5.403401594822213,5.403401594822213,5.403401594822213,5.403401594822213,5.403401594822213,5.403401594822213,5.403401594822213,5.403401594822213,5.403401594822213,5.403401594822213,5.403401594822213,5.403401594822213,5.403401594822213,5.403401594822213,5.403401594822213,5.403401594822213,5.403401594822213,5.403401594822213,5.403401594822213,5.403401594822213,5.403401594822213,5.403401594822213,5.403401594822213,5.403401594822213,5.403401594822213,5.403401594822213,5.403401594822213,5.403401594822213,5.403401594822213,5.403401594822213,5.403401594822213,5.403401594822213,5.403401594822213,5.403401594822213,5.403401594822213,5.403401594822213,5.403401594822213,5.403401594822213,5.403401594822213,5.403401594822213,5.403401594822213,5.403401594822213,5.403401594822213,5.403401594822213,5.403401594822213,5.403401594822213,5.403401594822213,5.403401594822213,5.403401594822213,5.403401594822213,5.403401594822213,5.403401594822213,5.403401594822213,5.403401594822213,5.403401594822213,5.403401594822213,5.403401594822213,5.403401594822213,5.403401594822213,5.403401594822213,5.403401594822213,5.403401594822213,5.403401594822213,5.403401594822213,5.403401594822213,5.403401594822213,5.403401594822213,5.403401594822213,5.403401594822213,5.403401594822213,5.403401594822213,5.403401594822213,5.403401594822213,5.403401594822213,5.403401594822213,5.403401594822213,5.403401594822213,5.403401594822213,5.403401594822213,5.403401594822213,5.403401594822213,5.403401594822213,5.403401594822213,5.403401594822213,5.403401594822213,5.403401594822213,5.403401594822213,5.403401594822213,5.403401594822213,5.403401594822213,5.403401594822213,5.403401594822213,5.403401594822213,5.403401594822213,5.403401594822213,5.403401594822213,5.403401594822213,5.403401594822213,5.403401594822213,5.403401594822213,5.403401594822213,5.403401594822213,5.403401594822213,5.403401594822213,5.403401594822213,5.403401594822213,5.403401594822213,5.403401594822213,5.403401594822213,5.403401594822213,5.403401594822213,5.403401594822213,5.403401594822213,5.403401594822213,5.403401594822213,5.403401594822213,5.403401594822213,5.403401594822213,5.403401594822213,5.403401594822213,5.403401594822213,5.403401594822213,5.403401594822213,5.403401594822213,5.403401594822213,5.403401594822213,5.403401594822213,5.403401594822213,5.403401594822213,5.403401594822213,5.403401594822213,5.403401594822213,5.403401594822213,5.403401594822213,5.403401594822213,5.403401594822213,5.403401594822213,5.403401594822213,5.403401594822213,5.403401594822213,5.403401594822213,5.403401594822213,5.403401594822213,5.403401594822213,5.403401594822213,5.403401594822213,5.403401594822213,5.403401594822213,5.403401594822213,5.403401594822213,5.403401594822213,5.403401594822213,5.403401594822213,5.403401594822213,5.403401594822213,5.403401594822213,5.403401594822213,5.403401594822213,5.403401594822213,5.403401594822213,5.403401594822213,5.403401594822213,5.403401594822213,5.403401594822213,5.403401594822213,5.403401594822213,5.403401594822213,5.403401594822213,5.403401594822213,5.403401594822213,5.403401594822213,5.403401594822213,5.403401594822213,5.403401594822213,5.403401594822213,5.403401594822213,5.403401594822213,5.403401594822213,5.403401594822213,5.403401594822213,5.403401594822213,5.403401594822213,5.403401594822213,5.403401594822213,5.403401594822213,5.403401594822213,5.403401594822213,5.403401594822213,5.403401594822213,5.403401594822213,5.403401594822213,5.403401594822213,5.403401594822213,5.403401594822213,5.403401594822213,5.403401594822213,5.403401594822213,5.146236234551238,5.146236234551238,5.146236234551238,5.146236234551238,5.146236234551238,5.146236234551238,5.146236234551238,5.146236234551238,5.146236234551238,5.146236234551238,5.146236234551238,5.146236234551238,5.146236234551238,5.146236234551238,5.146236234551238,5.146236234551238,5.146236234551238,5.146236234551238,5.146236234551238,5.146236234551238,5.146236234551238,5.146236234551238,5.146236234551238,5.146236234551238,5.146236234551238,5.146236234551238,5.146236234551238,5.146236234551238,5.146236234551238,5.146236234551238,5.146236234551238,5.146236234551238,5.146236234551238,5.146236234551238,5.146236234551238,5.146236234551238,5.146236234551238,5.146236234551238,5.146236234551238,4.912735710650063,4.912735710650063,4.912735710650063,4.912735710650063,4.908305078198768,4.908305078198768,4.908305078198768,4.908305078198768,4.908305078198768,4.908305078198768,4.908305078198768,4.908305078198768,4.908305078198768,4.908305078198768,4.908305078198768,4.908305078198768,4.908305078198768,4.908305078198768,4.908305078198768,4.908305078198768,4.908305078198768,4.908305078198768,4.908305078198768,4.908305078198768,4.908305078198768,4.908305078198768,4.908305078198768,4.908305078198768,4.908305078198768,4.908305078198768,4.908305078198768,4.908305078198768,4.908305078198768,4.908305078198768,4.908305078198768,4.908305078198768,4.908305078198768,4.908305078198768,4.908305078198768,4.908305078198768,4.908305078198768,4.908305078198768,4.908305078198768,4.908305078198768,4.908305078198768,4.908305078198768,4.908305078198768,4.908305078198768,4.908305078198768,4.908305078198768,4.908305078198768,4.908305078198768,4.908305078198768,4.908305078198768,4.908305078198768,4.908305078198768,4.908305078198768,4.908305078198768,4.908305078198768,4.908305078198768,4.908305078198768,4.908305078198768,4.908305078198768,4.908305078198768,4.908305078198768,4.908305078198768,4.908305078198768,4.908305078198768,4.908305078198768,4.908305078198768,4.908305078198768,4.908305078198768,4.908305078198768,4.908305078198768,4.908305078198768,4.908305078198768,4.908305078198768,4.908305078198768,4.908305078198768,4.908305078198768,4.908305078198768,4.908305078198768,4.908305078198768,4.908305078198768,4.908305078198768,4.908305078198768,4.908305078198768,4.908305078198768,4.908305078198768,4.908305078198768,4.908305078198768,4.908305078198768,4.826802243612429,4.826802243612429,4.826802243612429,4.826802243612429,4.826802243612429,4.826802243612429,4.826802243612429,4.826802243612429,4.826802243612429,4.826802243612429,4.826802243612429,4.826802243612429,4.826802243612429,4.826802243612429,4.826802243612429,4.826802243612429,4.826802243612429,4.826802243612429,4.826802243612429,4.826802243612429,4.826802243612429,4.826802243612429,4.826802243612429,4.826802243612429,4.826802243612429,4.826802243612429,4.826802243612429,4.826802243612429,4.826802243612429,4.826802243612429,4.826802243612429,4.826802243612429,4.826802243612429,4.826802243612429,4.826802243612429,4.826802243612429,4.826802243612429,4.826802243612429,4.826802243612429,4.826802243612429,4.826802243612429,4.826802243612429,4.826802243612429,4.826802243612429,4.826802243612429,4.826802243612429,4.826802243612429,4.826802243612429,4.826802243612429,4.826802243612429,4.826802243612429,4.826802243612429,4.826802243612429,4.826802243612429,4.826802243612429,4.826802243612429,4.826802243612429,4.826802243612429,4.826802243612429,4.826802243612429,4.826802243612429,4.826802243612429,4.826802243612429,4.826802243612429,4.826802243612429,4.826802243612429,4.826802243612429,4.826802243612429,4.826802243612429,4.826802243612429,4.826802243612429,4.826802243612429,4.826802243612429,4.826802243612429,4.826802243612429,4.826802243612429,4.826802243612429,4.826802243612429,4.826802243612429,4.826802243612429,4.826802243612429,4.826802243612429,4.826802243612429,4.826802243612429,4.826802243612429,4.826802243612429,4.826802243612429,4.826802243612429,4.826802243612429,4.826802243612429,4.826802243612429,4.826802243612429,4.826802243612429,4.826802243612429,4.826802243612429,4.826802243612429,4.826802243612429,4.826802243612429,4.826802243612429,4.826802243612429,4.826802243612429,4.826802243612429,4.826802243612429,4.826802243612429,4.826802243612429,4.826802243612429,4.826802243612429,4.826802243612429,9.075627929892669,9.010751876917322,9.010751876917322,9.010751876917322,9.010751876917322,9.010751876917322,9.010751876917322,9.010751876917322,9.010751876917322,9.010751876917322,9.010751876917322,8.976622424275243,8.976622424275243,8.976622424275243,8.875322784679554,8.682373742086707,8.492985489546289,8.492985489546289,8.492985489546289,8.492985489546289,8.0998067316571,8.0998067316571,8.0998067316571,8.079165665380978,8.079165665380978,8.079165665380978,8.079165665380978,8.079165665380978,8.079165665380978,8.079165665380978,8.079165665380978,8.079165665380978,8.079165665380978,8.079165665380978,8.079165665380978,7.932878896483693,7.932878896483693,7.932878896483693,7.932878896483693,7.932878896483693,7.932878896483693,7.932878896483693,7.932878896483693,7.932878896483693,7.932878896483693,7.88298068555318,7.88298068555318,7.88298068555318,7.88298068555318,7.88298068555318,7.88298068555318,7.836773076050518,7.836773076050518,7.836773076050518,7.836773076050518,7.836773076050518,7.836773076050518,7.836773076050518,7.836773076050518,7.836773076050518,7.836773076050518,7.836773076050518,7.836773076050518,7.836773076050518,7.836773076050518,7.836773076050518,7.836773076050518,7.836773076050518,7.836773076050518,7.029536706451509,7.029536706451509,7.029536706451509,7.029536706451509,7.029536706451509,6.877463110207502,6.877463110207502,6.6859448115163875,6.6859448115163875,6.6859448115163875,6.6859448115163875,6.6859448115163875,6.6859448115163875,6.6859448115163875,6.6859448115163875,6.6859448115163875,6.496184965462873,6.496184965462873,6.496184965462873,6.496184965462873,6.496184965462873,6.496184965462873,6.496184965462873,6.496184965462873,6.496184965462873,6.496184965462873,6.496184965462873,6.496184965462873,6.496184965462873,6.496184965462873,6.496184965462873,6.496184965462873,6.496184965462873,6.496184965462873,6.496184965462873,6.496184965462873,6.496184965462873,6.496184965462873,6.496184965462873,6.496184965462873,6.496184965462873,6.496184965462873,6.496184965462873,6.496184965462873,6.496184965462873,6.496184965462873,6.496184965462873,6.496184965462873,6.496184965462873,6.496184965462873,6.496184965462873,6.496184965462873,6.496184965462873,6.496184965462873,6.496184965462873,6.496184965462873,6.496184965462873,6.496184965462873,6.496184965462873,6.496184965462873,6.496184965462873,6.496184965462873,6.496184965462873,6.496184965462873,6.496184965462873,6.496184965462873,6.496184965462873,6.2921371721566155,6.2921371721566155,6.2921371721566155,6.2921371721566155,6.2921371721566155,6.2921371721566155,6.2921371721566155,6.2921371721566155,6.2921371721566155,6.2921371721566155,6.2921371721566155,6.2921371721566155,6.2921371721566155,6.2921371721566155,6.2921371721566155,6.2921371721566155,6.2921371721566155,6.2921371721566155,6.2921371721566155,6.2921371721566155,6.251750296177532,6.241064466249446,6.241064466249446,6.241064466249446,6.241064466249446,6.241064466249446,6.241064466249446,6.241064466249446,6.241064466249446,6.241064466249446,6.241064466249446,6.241064466249446,6.241064466249446,6.241064466249446,6.241064466249446,6.241064466249446,6.241064466249446,6.241064466249446,6.241064466249446,6.241064466249446,6.241064466249446,6.241064466249446,6.241064466249446,6.241064466249446,6.241064466249446,6.241064466249446,6.241064466249446,6.241064466249446,6.241064466249446,6.241064466249446,6.241064466249446,6.241064466249446,6.241064466249446,6.241064466249446,6.241064466249446,6.241064466249446,6.241064466249446,6.241064466249446,6.241064466249446,6.241064466249446,6.241064466249446,6.241064466249446,6.241064466249446,6.241064466249446,6.241064466249446,6.241064466249446,6.241064466249446,6.241064466249446,6.241064466249446,6.241064466249446,6.241064466249446,6.241064466249446,6.241064466249446,6.241064466249446,6.241064466249446,6.241064466249446,6.241064466249446,6.241064466249446,6.241064466249446,6.241064466249446,6.241064466249446,6.241064466249446,6.241064466249446,6.241064466249446,6.241064466249446,6.241064466249446,6.241064466249446,6.241064466249446,6.241064466249446,6.241064466249446,6.241064466249446,6.241064466249446,6.241064466249446,6.241064466249446,6.241064466249446,6.241064466249446,6.241064466249446,6.241064466249446,6.241064466249446,6.241064466249446,6.241064466249446,6.241064466249446,6.241064466249446,6.241064466249446,6.241064466249446,6.241064466249446,6.241064466249446,6.241064466249446,6.241064466249446,6.241064466249446,6.241064466249446,6.241064466249446,6.241064466249446,6.241064466249446,6.241064466249446,6.241064466249446,6.241064466249446,6.241064466249446,6.241064466249446,6.241064466249446,6.241064466249446,6.241064466249446,6.241064466249446,6.241064466249446,6.241064466249446,6.241064466249446,6.241064466249446,6.241064466249446,6.241064466249446,6.241064466249446,6.241064466249446,6.241064466249446,6.241064466249446,6.241064466249446,6.241064466249446,6.241064466249446,6.241064466249446,6.241064466249446,6.241064466249446,6.241064466249446,6.241064466249446,6.241064466249446,6.241064466249446,6.241064466249446,6.241064466249446,6.241064466249446,6.241064466249446,6.241064466249446,6.241064466249446,6.241064466249446,6.241064466249446,6.241064466249446,6.241064466249446,6.241064466249446,6.241064466249446,6.241064466249446,6.241064466249446,6.241064466249446,6.241064466249446,6.241064466249446,6.241064466249446,6.241064466249446,6.241064466249446,6.241064466249446,6.241064466249446,6.241064466249446,6.241064466249446,6.241064466249446,6.241064466249446,6.241064466249446,6.241064466249446,6.241064466249446,6.241064466249446,6.241064466249446,6.241064466249446,6.241064466249446,6.241064466249446,6.241064466249446,6.241064466249446,6.241064466249446,6.241064466249446,6.152046549811684,5.996831509902119,5.57302299644779,5.57302299644779,5.57302299644779,5.57302299644779,5.57302299644779,5.57302299644779,5.57302299644779,5.57302299644779,5.57302299644779,5.57302299644779,5.57302299644779,5.57302299644779,5.57302299644779,5.57302299644779,5.57302299644779,5.57302299644779,5.57302299644779,5.57302299644779,5.57302299644779,5.57302299644779,5.57302299644779,5.57302299644779,5.57302299644779,5.57302299644779,5.57302299644779,5.57302299644779,5.57302299644779,5.57302299644779,5.57302299644779,5.57302299644779,5.57302299644779,5.57302299644779,5.57302299644779,5.57302299644779,5.57302299644779,5.57302299644779,5.57302299644779,5.57302299644779,5.57302299644779,5.57302299644779,5.57302299644779,5.57302299644779,5.57302299644779,5.57302299644779,5.57302299644779,5.57302299644779,5.57302299644779,5.57302299644779,5.57302299644779,5.57302299644779,5.57302299644779,5.57302299644779,5.57302299644779,5.57302299644779,5.57302299644779,5.57302299644779,5.57302299644779,5.57302299644779,5.57302299644779,5.57302299644779,5.57302299644779,5.57302299644779,5.57302299644779,5.57302299644779,5.57302299644779,5.57302299644779,5.57302299644779,5.57302299644779,5.57302299644779,5.57302299644779,5.57302299644779,5.57302299644779,5.57302299644779,5.57302299644779,5.57302299644779,5.57302299644779,5.57302299644779,5.57302299644779,5.57302299644779,5.57302299644779,5.57302299644779,5.57302299644779,5.57302299644779,5.57302299644779,5.57302299644779,5.57302299644779,5.57302299644779,5.57302299644779,5.57302299644779,5.57302299644779,5.57302299644779,5.57302299644779,5.57302299644779,5.57302299644779,5.57302299644779,5.57302299644779,5.57302299644779,5.57302299644779,5.57302299644779,5.57302299644779,5.57302299644779,5.57302299644779,5.57302299644779,5.57302299644779,5.57302299644779,5.57302299644779,5.57302299644779,5.57302299644779,5.57302299644779,5.57302299644779,5.57302299644779,5.57302299644779,5.57302299644779,5.57302299644779,5.57302299644779,5.57302299644779,5.57302299644779,5.57302299644779,5.57302299644779,5.57302299644779,5.57302299644779,5.57302299644779,5.57302299644779,5.57302299644779,5.57302299644779,5.57302299644779,5.57302299644779,5.57302299644779,5.57302299644779,5.57302299644779,5.57302299644779,5.57302299644779,5.57302299644779,5.57302299644779,5.57302299644779,5.57302299644779,5.57302299644779,5.57302299644779,5.57302299644779,5.57302299644779,5.57302299644779,5.57302299644779,5.57302299644779,5.57302299644779,5.57302299644779,5.57302299644779,5.57302299644779,5.57302299644779,5.57302299644779,5.57302299644779,5.57302299644779,5.57302299644779,5.57302299644779,5.57302299644779,5.57302299644779,5.57302299644779,5.57302299644779,5.57302299644779,5.57302299644779,5.57302299644779,5.57302299644779,5.57302299644779,5.57302299644779,5.57302299644779,5.57302299644779,5.57302299644779,4.4201070072347095,4.4201070072347095,4.4201070072347095,4.4201070072347095,4.4201070072347095,4.4201070072347095,4.4201070072347095,4.4201070072347095,4.4201070072347095,4.4201070072347095,4.4201070072347095,4.4201070072347095,4.4201070072347095,4.4201070072347095,4.4201070072347095,4.4201070072347095,4.4201070072347095,4.4201070072347095,4.4201070072347095,4.4201070072347095,4.4201070072347095,4.4201070072347095,4.4201070072347095,4.4201070072347095,4.4201070072347095,4.4201070072347095,4.4201070072347095,4.4201070072347095,4.4201070072347095,4.4201070072347095,4.4201070072347095,4.4201070072347095,4.4201070072347095,4.4201070072347095,4.4201070072347095,4.4201070072347095,4.4201070072347095,4.4201070072347095,4.4201070072347095,4.4201070072347095,4.4201070072347095,4.4201070072347095,4.4201070072347095,4.4201070072347095,4.4201070072347095,4.4201070072347095,4.4201070072347095,4.4201070072347095,4.4201070072347095,4.4201070072347095,4.4201070072347095,4.4201070072347095,4.4201070072347095,4.4201070072347095,4.4201070072347095,4.4201070072347095,4.4201070072347095,4.4201070072347095,4.4201070072347095,4.4201070072347095,4.4201070072347095,4.4201070072347095,4.4201070072347095,4.4201070072347095,4.4201070072347095,4.4201070072347095,4.4201070072347095,4.4201070072347095,4.4201070072347095,4.4201070072347095,4.4201070072347095,4.4201070072347095,4.4201070072347095,4.4201070072347095,4.4201070072347095,4.4201070072347095,4.4201070072347095,4.4201070072347095,4.4201070072347095,4.4201070072347095,4.4201070072347095,4.4201070072347095,4.4201070072347095,4.4201070072347095,4.4201070072347095,4.4201070072347095,4.4201070072347095,4.4201070072347095,4.4201070072347095,4.4201070072347095,4.4201070072347095,4.4201070072347095,4.4201070072347095,4.4201070072347095,4.4201070072347095,4.4201070072347095,4.4201070072347095,4.4201070072347095,4.4201070072347095,4.4201070072347095,4.4201070072347095,4.4201070072347095,4.4201070072347095,4.4201070072347095,4.4201070072347095,4.4201070072347095,4.4201070072347095,4.4201070072347095,4.4201070072347095,4.4201070072347095,4.4201070072347095,4.4201070072347095,4.4201070072347095,4.4201070072347095,4.4201070072347095,4.4201070072347095,4.4201070072347095,4.4201070072347095,4.4201070072347095,4.4201070072347095,4.4201070072347095,4.4201070072347095,4.4201070072347095,4.4201070072347095,4.4201070072347095,4.4201070072347095,4.4201070072347095,4.4201070072347095,4.4201070072347095,4.4201070072347095,4.4201070072347095,4.4201070072347095,4.4201070072347095,4.4201070072347095,4.4201070072347095,4.4201070072347095,4.4201070072347095,4.4201070072347095,4.4201070072347095,4.4201070072347095,4.4201070072347095,4.4201070072347095,4.4201070072347095,4.4201070072347095,4.4201070072347095,4.4201070072347095,4.4201070072347095,4.4201070072347095,4.4201070072347095,4.4201070072347095,4.4201070072347095,4.4201070072347095,4.4201070072347095,4.4201070072347095,4.4201070072347095,4.4201070072347095,4.4201070072347095,4.4201070072347095,4.4201070072347095,4.4201070072347095,4.4201070072347095,4.4201070072347095,4.4201070072347095,4.4201070072347095,4.4201070072347095,4.4201070072347095,4.4201070072347095,4.4201070072347095,4.4201070072347095,4.4201070072347095,4.4201070072347095,4.4201070072347095,4.4201070072347095,4.4201070072347095,4.4201070072347095,4.4201070072347095,4.4201070072347095,4.4201070072347095,4.4201070072347095,4.4201070072347095,4.4201070072347095,4.4201070072347095,4.4201070072347095,4.4201070072347095,4.4201070072347095,4.4201070072347095,4.4201070072347095,4.4201070072347095,4.4201070072347095,4.4201070072347095,4.4201070072347095,4.4201070072347095,4.4201070072347095,4.4201070072347095,4.4201070072347095,4.4201070072347095,4.4201070072347095,4.4201070072347095,4.4201070072347095,4.4201070072347095,4.4201070072347095,4.4201070072347095,4.4201070072347095,4.4201070072347095,4.4201070072347095,4.4201070072347095,4.4201070072347095,4.4201070072347095,4.4201070072347095,4.4201070072347095,4.4201070072347095,4.4201070072347095,4.4201070072347095,4.4201070072347095,4.4201070072347095,4.4201070072347095,4.4201070072347095,4.4201070072347095,4.4201070072347095,4.4201070072347095,4.4201070072347095,4.4201070072347095,4.4201070072347095,4.4201070072347095,4.4201070072347095,4.4201070072347095,4.4201070072347095,4.4201070072347095,4.4201070072347095,4.4201070072347095,4.4201070072347095,4.4201070072347095,4.4201070072347095,4.4201070072347095,4.4201070072347095,4.4201070072347095,4.4201070072347095,4.4201070072347095,4.4201070072347095,4.4201070072347095,4.4201070072347095,4.4201070072347095,4.4201070072347095,4.4201070072347095,4.4201070072347095,4.4201070072347095,4.4201070072347095,4.4201070072347095,4.4201070072347095,4.4201070072347095,4.4201070072347095,4.4201070072347095,4.4201070072347095,4.4201070072347095,4.4201070072347095,4.4201070072347095,4.4201070072347095,4.4201070072347095,4.4201070072347095,4.4201070072347095,4.4201070072347095,4.4201070072347095,4.4201070072347095,4.4201070072347095,4.4201070072347095,4.4201070072347095,4.4201070072347095,4.4201070072347095,4.4201070072347095,4.4201070072347095,4.4201070072347095,4.4201070072347095,4.4201070072347095,4.4201070072347095,4.4201070072347095,4.4201070072347095,4.4201070072347095,4.4201070072347095,4.4201070072347095,4.4201070072347095,4.4201070072347095,4.4201070072347095,4.4201070072347095,4.4201070072347095,4.4201070072347095,4.4201070072347095,4.4201070072347095,4.4201070072347095,4.4201070072347095,4.4201070072347095,4.4201070072347095,4.4201070072347095,4.4201070072347095,4.4201070072347095,4.4201070072347095,4.4201070072347095,4.4201070072347095,4.4201070072347095,4.4201070072347095,4.4201070072347095,4.4201070072347095,4.4201070072347095,4.4201070072347095,4.4201070072347095,4.4201070072347095,4.4201070072347095,4.4201070072347095,4.4201070072347095,4.4201070072347095,4.4201070072347095,4.4201070072347095,4.4201070072347095,4.4201070072347095,4.4201070072347095,4.4201070072347095,4.4201070072347095,4.4201070072347095,4.4201070072347095,4.4201070072347095,4.4201070072347095,4.4201070072347095,4.4201070072347095,4.4201070072347095,4.4201070072347095,4.4201070072347095,4.4201070072347095,4.4201070072347095,4.4201070072347095,4.4201070072347095,4.4201070072347095,4.4201070072347095,4.4201070072347095,4.4201070072347095,4.4201070072347095,4.4201070072347095,4.4201070072347095,4.4201070072347095,4.4201070072347095,4.4201070072347095,4.4201070072347095,4.4201070072347095,4.4201070072347095,4.4201070072347095,4.4201070072347095,4.4201070072347095,4.4201070072347095,4.4201070072347095,4.4201070072347095,4.4201070072347095,4.4201070072347095,4.4201070072347095,4.4201070072347095,4.4201070072347095,4.4201070072347095,4.4201070072347095,4.4201070072347095,4.4201070072347095,4.4201070072347095,4.4201070072347095,4.4201070072347095,4.4201070072347095,4.4201070072347095,4.4201070072347095,4.4201070072347095,4.4201070072347095,4.4201070072347095,4.4201070072347095,4.4201070072347095,4.4201070072347095,4.4201070072347095,4.4201070072347095,4.4201070072347095,4.4201070072347095,4.4201070072347095,4.4201070072347095,4.4201070072347095,4.4201070072347095,4.4201070072347095,4.4201070072347095,4.4201070072347095,4.4201070072347095,4.4201070072347095,4.4201070072347095,4.4201070072347095,4.4201070072347095,4.4201070072347095,4.4201070072347095,4.4201070072347095,4.4201070072347095,4.4201070072347095,4.4201070072347095,4.4201070072347095,4.4201070072347095,4.4201070072347095,4.4201070072347095,4.4201070072347095,4.4201070072347095,4.4201070072347095,4.4201070072347095,4.4201070072347095,4.4201070072347095,4.4201070072347095,4.4201070072347095,4.4201070072347095,4.4201070072347095,4.4201070072347095,4.4201070072347095,4.4201070072347095,4.4201070072347095,4.4201070072347095,4.4201070072347095,4.4201070072347095,4.4201070072347095,4.4201070072347095,4.4201070072347095,4.4201070072347095,4.4201070072347095,4.4201070072347095,4.4201070072347095,4.4201070072347095,4.4201070072347095,4.4201070072347095,4.4201070072347095,4.4201070072347095,4.4201070072347095,4.4201070072347095,4.4201070072347095,4.4201070072347095,4.4201070072347095,4.4201070072347095,4.4201070072347095,4.4201070072347095,4.4201070072347095,4.4201070072347095,4.4201070072347095,4.4201070072347095,4.4201070072347095,4.4201070072347095,4.4201070072347095,4.4201070072347095,4.4201070072347095,4.4201070072347095,4.4201070072347095,4.4201070072347095,4.4201070072347095,4.4201070072347095,4.4201070072347095,4.4201070072347095,4.4201070072347095,4.4201070072347095,4.4201070072347095,4.4201070072347095,4.4201070072347095,4.4201070072347095,4.4201070072347095,4.4201070072347095,4.4201070072347095,4.4201070072347095,4.4201070072347095,4.4201070072347095,4.4201070072347095,4.4201070072347095,4.4201070072347095,4.4201070072347095,4.4201070072347095,4.4201070072347095,4.4201070072347095,4.4201070072347095,4.4201070072347095,4.4201070072347095,4.4201070072347095,4.4201070072347095,4.4201070072347095,4.4201070072347095,4.4201070072347095,4.4201070072347095,4.4201070072347095,4.4201070072347095,4.4201070072347095,4.4201070072347095,4.4201070072347095,4.4201070072347095,4.4201070072347095,4.4201070072347095,4.4201070072347095,4.4201070072347095,4.4201070072347095,4.4201070072347095,4.4201070072347095,4.4201070072347095,4.4201070072347095,4.4201070072347095,4.4201070072347095,4.4201070072347095,4.4201070072347095,4.4201070072347095,4.4201070072347095,4.4201070072347095,4.4201070072347095,4.4201070072347095,4.4201070072347095,4.4201070072347095,4.4201070072347095,4.4201070072347095,4.4201070072347095,4.4201070072347095,4.4201070072347095,4.4201070072347095,4.4201070072347095,4.4201070072347095,4.4201070072347095,4.4201070072347095,4.4201070072347095,4.4201070072347095,4.4201070072347095,6.863353889866795,6.863353889866795,6.863353889866795,6.863353889866795,6.527847296165285,6.527847296165285,6.527847296165285,6.527847296165285,6.527847296165285,5.904273591175775,5.904273591175775,5.904273591175775,5.401224511146516,5.401224511146516,4.575142062822565,4.575142062822565,4.575142062822565,4.504227175010619,4.504227175010619,4.504227175010619,4.504227175010619,4.504227175010619,4.504227175010619,4.504227175010619,4.504227175010619,4.504227175010619,4.504227175010619,4.504227175010619,4.504227175010619,4.504227175010619,4.504227175010619,4.504227175010619,4.504227175010619,4.504227175010619,4.504227175010619,4.504227175010619,4.504227175010619,4.504227175010619,4.504227175010619,4.504227175010619,4.504227175010619,4.504227175010619,4.504227175010619,4.504227175010619,4.504227175010619,4.504227175010619,4.504227175010619,4.504227175010619,4.504227175010619,4.504227175010619,4.504227175010619,4.504227175010619,4.504227175010619,4.504227175010619,4.504227175010619,4.504227175010619,4.504227175010619,4.504227175010619,4.504227175010619,4.504227175010619,4.504227175010619,4.446123603218029,4.446123603218029,4.446123603218029,4.446123603218029,4.446123603218029,4.446123603218029,4.446123603218029,4.446123603218029,4.446123603218029,4.446123603218029,4.3121891352379205,4.3121891352379205,4.228977448379584,3.845205534806127,3.845205534806127,3.845205534806127,3.845205534806127,3.845205534806127,3.845205534806127,3.845205534806127,3.845205534806127,3.845205534806127,3.845205534806127,3.845205534806127,3.845205534806127,3.845205534806127,3.845205534806127,3.845205534806127,3.845205534806127,3.845205534806127,3.845205534806127,3.845205534806127,3.845205534806127,3.845205534806127,3.845205534806127,3.845205534806127,3.845205534806127,3.845205534806127,3.845205534806127,3.845205534806127,3.845205534806127,3.845205534806127,3.845205534806127,3.845205534806127,3.845205534806127,3.845205534806127,3.845205534806127,3.845205534806127,3.845205534806127,3.845205534806127,3.845205534806127,3.845205534806127,3.845205534806127,3.845205534806127,3.845205534806127,3.845205534806127,3.845205534806127,3.845205534806127,3.845205534806127,3.845205534806127,3.845205534806127,3.845205534806127,3.845205534806127,3.845205534806127,3.845205534806127,3.845205534806127,3.845205534806127,3.845205534806127,3.845205534806127,3.845205534806127,3.845205534806127,3.845205534806127,3.845205534806127,3.845205534806127,3.845205534806127,3.845205534806127,3.845205534806127,3.845205534806127,3.845205534806127,3.845205534806127,3.845205534806127,3.845205534806127,3.845205534806127,3.845205534806127,3.845205534806127,3.845205534806127,3.845205534806127,3.845205534806127,3.845205534806127,3.845205534806127,3.845205534806127,3.845205534806127,3.845205534806127,3.845205534806127,3.845205534806127,3.845205534806127,3.845205534806127,3.845205534806127,3.845205534806127,3.845205534806127,3.845205534806127,3.845205534806127,3.845205534806127,3.845205534806127,3.845205534806127,3.845205534806127,3.845205534806127,3.845205534806127,3.845205534806127,3.845205534806127,3.845205534806127,3.845205534806127,3.845205534806127,3.845205534806127,3.845205534806127,3.845205534806127,3.845205534806127,3.845205534806127,3.845205534806127,3.845205534806127,3.845205534806127,3.845205534806127,3.845205534806127,3.845205534806127,3.845205534806127,3.845205534806127,3.845205534806127,3.845205534806127,3.845205534806127,3.845205534806127,3.845205534806127,3.845205534806127,3.845205534806127,3.845205534806127,3.845205534806127,3.845205534806127,3.845205534806127,3.845205534806127,3.845205534806127,3.845205534806127,3.845205534806127,3.845205534806127,3.845205534806127,3.845205534806127,3.845205534806127,3.845205534806127,3.845205534806127,3.845205534806127,3.845205534806127,3.845205534806127,3.845205534806127,3.845205534806127,3.845205534806127,3.845205534806127,3.845205534806127,3.845205534806127,3.845205534806127,3.845205534806127,3.845205534806127,3.845205534806127,3.845205534806127,3.845205534806127,3.845205534806127,3.845205534806127,3.845205534806127,3.845205534806127,3.845205534806127,3.845205534806127,3.845205534806127,3.845205534806127,3.845205534806127,3.845205534806127,3.845205534806127,3.845205534806127,3.845205534806127,3.845205534806127,3.845205534806127,3.845205534806127,3.845205534806127,3.845205534806127,3.845205534806127,3.845205534806127,3.845205534806127,3.845205534806127,3.845205534806127,3.845205534806127,3.845205534806127,3.845205534806127,3.845205534806127,3.845205534806127,3.845205534806127,3.845205534806127,3.845205534806127,3.845205534806127,3.845205534806127,3.845205534806127,3.845205534806127,3.845205534806127,3.845205534806127,3.845205534806127,3.845205534806127,3.845205534806127,3.845205534806127,3.845205534806127,3.845205534806127,3.845205534806127,3.845205534806127,3.845205534806127,3.845205534806127,3.845205534806127,3.845205534806127,3.845205534806127,3.845205534806127,3.845205534806127,3.845205534806127,3.845205534806127,3.845205534806127,3.845205534806127,3.845205534806127,3.845205534806127,3.845205534806127,3.845205534806127,3.845205534806127,3.845205534806127,3.845205534806127,3.845205534806127,3.845205534806127,3.845205534806127,3.845205534806127,3.845205534806127,3.845205534806127,3.845205534806127,3.845205534806127,3.845205534806127,3.845205534806127,3.845205534806127,3.845205534806127,3.845205534806127,3.845205534806127,3.845205534806127,3.845205534806127,3.845205534806127,3.845205534806127,3.845205534806127,3.845205534806127,3.845205534806127,3.845205534806127,3.845205534806127,3.845205534806127,3.845205534806127,3.845205534806127,3.845205534806127,3.845205534806127,3.845205534806127,3.845205534806127,3.826917404571067,3.826917404571067,3.826917404571067,3.826917404571067,3.826917404571067,3.826917404571067,3.826917404571067,3.826917404571067,3.826917404571067,3.826917404571067,3.826917404571067,3.826917404571067,3.826917404571067,3.826917404571067,3.826917404571067,3.826917404571067,3.826917404571067,3.826917404571067,3.826917404571067,3.826917404571067,3.591462862227673,3.591462862227673,3.591462862227673,3.591462862227673,3.591462862227673,3.591462862227673,3.591462862227673,3.591462862227673,3.591462862227673,3.591462862227673,3.591462862227673,3.591462862227673,3.591462862227673,3.591462862227673,3.591462862227673,3.591462862227673,3.591462862227673,3.591462862227673,3.591462862227673,3.591462862227673,3.591462862227673,3.591462862227673,3.591462862227673,3.591462862227673,3.591462862227673,3.591462862227673,3.591462862227673,3.591462862227673,3.591462862227673,3.591462862227673,3.591462862227673,3.591462862227673,3.591462862227673,3.591462862227673,3.591462862227673,3.591462862227673,3.591462862227673,3.591462862227673,3.591462862227673,3.591462862227673,3.591462862227673,3.591462862227673,3.591462862227673,3.591462862227673,3.591462862227673,3.591462862227673,3.591462862227673,3.591462862227673,3.591462862227673,3.591462862227673,3.591462862227673,3.591462862227673,3.591462862227673,3.591462862227673,3.591462862227673,3.591462862227673,3.591462862227673,3.591462862227673,3.591462862227673,3.591462862227673,3.591462862227673,3.591462862227673,3.591462862227673,3.591462862227673,3.591462862227673,3.591462862227673,3.591462862227673,3.591462862227673,3.591462862227673,3.591462862227673,3.591462862227673,3.591462862227673,3.591462862227673,3.591462862227673,3.591462862227673,3.591462862227673,3.591462862227673,3.591462862227673,3.591462862227673,3.591462862227673,3.591462862227673,3.591462862227673,3.591462862227673,3.591462862227673,3.591462862227673,3.591462862227673,3.591462862227673,3.591462862227673,3.591462862227673,3.591462862227673,3.591462862227673,3.591462862227673,3.591462862227673,3.591462862227673,3.591462862227673,3.591462862227673,3.591462862227673,3.591462862227673,3.591462862227673,3.591462862227673,3.591462862227673,3.591462862227673,3.591462862227673,3.591462862227673,3.591462862227673,3.591462862227673,3.591462862227673,3.591462862227673,3.591462862227673,3.591462862227673,3.591462862227673,3.591462862227673,3.591462862227673,3.591462862227673,3.591462862227673,3.591462862227673,3.591462862227673,3.591462862227673,3.591462862227673,3.591462862227673,3.591462862227673,3.591462862227673,3.591462862227673,3.591462862227673,3.591462862227673,3.591462862227673,3.591462862227673,3.591462862227673,3.591462862227673,3.591462862227673,3.591462862227673,3.591462862227673,3.591462862227673,3.591462862227673,3.591462862227673,3.591462862227673,3.591462862227673,3.591462862227673,3.591462862227673,3.591462862227673,3.591462862227673,3.591462862227673,3.591462862227673,3.591462862227673,3.591462862227673,3.591462862227673,3.591462862227673,3.591462862227673,3.591462862227673,3.591462862227673,2.90979269898667,2.90979269898667,2.90979269898667,2.90979269898667,2.90979269898667,2.90979269898667,2.90979269898667,2.90979269898667,2.90979269898667,2.90979269898667,2.90979269898667,2.90979269898667,2.90979269898667,2.90979269898667,2.90979269898667,2.90979269898667,2.90979269898667,2.90979269898667,2.90979269898667,2.90979269898667,2.90979269898667,2.90979269898667,2.90979269898667,2.90979269898667,2.90979269898667,2.90979269898667,2.90979269898667,2.90979269898667,2.90979269898667,2.90979269898667,2.90979269898667,2.90979269898667,2.90979269898667,2.90979269898667,2.90979269898667,2.90979269898667,2.90979269898667,2.90979269898667,2.90979269898667,2.90979269898667,2.90979269898667,2.90979269898667,2.90979269898667,2.90979269898667,2.90979269898667,2.90979269898667,2.90979269898667,2.90979269898667,2.90979269898667,2.90979269898667,2.90979269898667,2.90979269898667,2.90979269898667,2.90979269898667,2.90979269898667,2.90979269898667,2.90979269898667,2.90979269898667,2.90979269898667,2.90979269898667,2.90979269898667,2.90979269898667,2.90979269898667,2.90979269898667,2.90979269898667,2.90979269898667,2.90979269898667,2.90979269898667,2.90979269898667,2.90979269898667,2.90979269898667,2.90979269898667,2.90979269898667,2.90979269898667,2.90979269898667,2.90979269898667,2.90979269898667,2.90979269898667,2.90979269898667,2.90979269898667,2.90979269898667,2.90979269898667,2.90979269898667,2.90979269898667,2.90979269898667,2.90979269898667,2.90979269898667,2.90979269898667,2.90979269898667,2.90979269898667,2.90979269898667,2.90979269898667,2.90979269898667,2.90979269898667,2.90979269898667,2.90979269898667,2.90979269898667,2.90979269898667,2.90979269898667,2.90979269898667,2.90979269898667,2.90979269898667,2.90979269898667,2.90979269898667,2.90979269898667,2.90979269898667,2.90979269898667,2.90979269898667,2.90979269898667,2.90979269898667,2.90979269898667,2.90979269898667,2.90979269898667,2.90979269898667,2.90979269898667,2.90979269898667,2.90979269898667,2.90979269898667,2.90979269898667,2.90979269898667,2.90979269898667,2.90979269898667,2.90979269898667,2.90979269898667,2.90979269898667,2.90979269898667,2.90979269898667,2.90979269898667,2.90979269898667,2.90979269898667,2.90979269898667,2.90979269898667,2.90979269898667,2.90979269898667,2.90979269898667,2.90979269898667,2.90979269898667,2.90979269898667,2.90979269898667,2.90979269898667,2.90979269898667,2.90979269898667,2.90979269898667,2.90979269898667,2.90979269898667,2.90979269898667,2.90979269898667,2.90979269898667,2.90979269898667,2.90979269898667,2.90979269898667,2.90979269898667,2.90979269898667,2.90979269898667,2.90979269898667,2.90979269898667,2.90979269898667,2.90979269898667,2.90979269898667,2.90979269898667,2.90979269898667,2.90979269898667,2.90979269898667,2.90979269898667,2.90979269898667,2.90979269898667,2.90979269898667,2.90979269898667,2.90979269898667,2.90979269898667,2.90979269898667,2.90979269898667,2.90979269898667,2.90979269898667,2.90979269898667,2.90979269898667,2.90979269898667,2.90979269898667,2.90979269898667,2.90979269898667,2.90979269898667,2.90979269898667,2.90979269898667,2.90979269898667,2.90979269898667,2.90979269898667,2.90979269898667,2.90979269898667,2.90979269898667,2.90979269898667,2.90979269898667,2.90979269898667,2.90979269898667,2.90979269898667,2.90979269898667,2.90979269898667,2.90979269898667,2.90979269898667,2.90979269898667,2.90979269898667,2.90979269898667,2.90979269898667,2.90979269898667,2.90979269898667,2.90979269898667,2.90979269898667,2.90979269898667,2.90979269898667,2.90979269898667,2.90979269898667,2.90979269898667,2.90979269898667,2.90979269898667,2.90979269898667,2.90979269898667,2.90979269898667,2.90979269898667,2.90979269898667,2.90979269898667,2.90979269898667,2.90979269898667,2.90979269898667,2.90979269898667,2.90979269898667,2.90979269898667,2.90979269898667,2.90979269898667,2.90979269898667,2.90979269898667,2.90979269898667,2.90979269898667,2.90979269898667,2.90979269898667,2.90979269898667,2.90979269898667,2.90979269898667,2.90979269898667,2.90979269898667,2.90979269898667,2.90979269898667,2.90979269898667,2.90979269898667,2.90979269898667,2.90979269898667,2.90979269898667,2.90979269898667,2.90979269898667,2.90979269898667,2.90979269898667,2.90979269898667,2.90979269898667,2.90979269898667,2.90979269898667,2.90979269898667,2.90979269898667,2.90979269898667,2.90979269898667,2.90979269898667,2.90979269898667,2.90979269898667,2.90979269898667,2.90979269898667,2.90979269898667,2.90979269898667,2.90979269898667,2.90979269898667,2.90979269898667,2.90979269898667,2.90979269898667,2.90979269898667,2.90979269898667,2.90979269898667,2.90979269898667,2.90979269898667,2.90979269898667,2.90979269898667,2.90979269898667,2.90979269898667,2.90979269898667,2.90979269898667,2.90979269898667,2.90979269898667,2.90979269898667,2.90979269898667,2.90979269898667,2.90979269898667,2.90979269898667,2.90979269898667,2.90979269898667,2.90979269898667,2.90979269898667,2.90979269898667,2.90979269898667,2.90979269898667,2.90979269898667,2.90979269898667,2.90979269898667,2.90979269898667,2.90979269898667,2.90979269898667,2.90979269898667,2.90979269898667,2.90979269898667,2.90979269898667,2.90979269898667,2.90979269898667,2.90979269898667,2.90979269898667,2.90979269898667,2.90979269898667,2.90979269898667,2.90979269898667,2.90979269898667,2.90979269898667,2.90979269898667,2.90979269898667,2.90979269898667,2.90979269898667,2.90979269898667,2.90979269898667,2.90979269898667,2.90979269898667,2.90979269898667,2.90979269898667,2.90979269898667,2.90979269898667,2.90979269898667,2.90979269898667,2.90979269898667,2.90979269898667,2.90979269898667,2.90979269898667,2.90979269898667,2.90979269898667,2.90979269898667,2.90979269898667,2.90979269898667,2.90979269898667,2.90979269898667,2.90979269898667,2.90979269898667,2.90979269898667,2.90979269898667,2.90979269898667,2.90979269898667,2.90979269898667,2.90979269898667,2.90979269898667,2.90979269898667,2.90979269898667,2.90979269898667,2.90979269898667,2.90979269898667,2.90979269898667,2.90979269898667,2.90979269898667,2.90979269898667,2.90979269898667,2.90979269898667,2.90979269898667,2.90979269898667,2.90979269898667,2.90979269898667,2.90979269898667,2.90979269898667,2.90979269898667,2.90979269898667,2.90979269898667,2.90979269898667,2.90979269898667,2.90979269898667,2.90979269898667,2.90979269898667,2.90979269898667,2.90979269898667,2.90979269898667,2.90979269898667,2.90979269898667,2.90979269898667,2.90979269898667,2.90979269898667,2.90979269898667,2.90979269898667,2.90979269898667,2.90979269898667,2.90979269898667,2.90979269898667,2.90979269898667,2.90979269898667,2.90979269898667,2.90979269898667,2.90979269898667,2.90979269898667,2.90979269898667,2.90979269898667,2.90979269898667,2.90979269898667,2.90979269898667,2.90979269898667,2.90979269898667,2.90979269898667,2.90979269898667,2.90979269898667,2.90979269898667,2.90979269898667,2.90979269898667,2.90979269898667,2.90979269898667,2.90979269898667,2.90979269898667,2.90979269898667,2.90979269898667,2.90979269898667,2.90979269898667,2.90979269898667,2.90979269898667,2.90979269898667,2.90979269898667,2.90979269898667,2.90979269898667,2.90979269898667,2.90979269898667,2.90979269898667,2.90979269898667,2.90979269898667,2.90979269898667,2.90979269898667,2.90979269898667,2.90979269898667,2.90979269898667,2.90979269898667,2.90979269898667,2.90979269898667,2.90979269898667,2.90979269898667,2.90979269898667,2.90979269898667,2.90979269898667,2.90979269898667,2.90979269898667,2.90979269898667,2.90979269898667,2.90979269898667,2.90979269898667,2.90979269898667,2.90979269898667,2.90979269898667,2.90979269898667,2.90979269898667,2.90979269898667,2.90979269898667,2.90979269898667,2.90979269898667,2.90979269898667,2.90979269898667,2.90979269898667,2.90979269898667,2.90979269898667,2.90979269898667,2.90979269898667,2.90979269898667,2.90979269898667,2.90979269898667,2.90979269898667,2.90979269898667,2.90979269898667,2.90979269898667,2.90979269898667,2.90979269898667,2.90979269898667,2.90979269898667,2.90979269898667,2.90979269898667,2.90979269898667,2.90979269898667,2.90979269898667,2.90979269898667,2.90979269898667,2.90979269898667,2.90979269898667,2.90979269898667,2.90979269898667,2.90979269898667,2.90979269898667,2.90979269898667,2.90979269898667,2.90979269898667,2.90979269898667,2.90979269898667,2.90979269898667,2.90979269898667,2.90979269898667,2.90979269898667,2.90979269898667,2.90979269898667,2.90979269898667,2.90979269898667,2.90979269898667,2.90979269898667,2.90979269898667,2.90979269898667,2.90979269898667,2.90979269898667,2.90979269898667,2.90979269898667,2.90979269898667,2.90979269898667,2.90979269898667,2.90979269898667,2.90979269898667,2.90979269898667,2.90979269898667,2.90979269898667,2.90979269898667,7.457254410557452,7.457254410557452,7.457254410557452,7.457254410557452,7.457254410557452,7.457254410557452,7.301198174038746,7.301198174038746,7.301198174038746,7.301198174038746,7.301198174038746,7.301198174038746,7.301198174038746,7.301198174038746,7.301198174038746,7.301198174038746,7.301198174038746,7.301198174038746,7.301198174038746,7.301198174038746,7.301198174038746,7.301198174038746,7.301198174038746,7.301198174038746,7.301198174038746,7.301198174038746,7.301198174038746,7.301198174038746,7.301198174038746,7.301198174038746,7.301198174038746,7.301198174038746,7.301198174038746,7.301198174038746,7.301198174038746,7.301198174038746,7.301198174038746,7.301198174038746,7.301198174038746,7.301198174038746,7.301198174038746,7.301198174038746,7.301198174038746,7.301198174038746,7.301198174038746,7.301198174038746,7.301198174038746,7.301198174038746,6.704223805014134,5.935005474136296,5.853556568391235,5.853556568391235,5.853556568391235,5.853556568391235,5.853556568391235,5.853556568391235,5.853556568391235,5.588129172822524,5.588129172822524,5.456106062107203,5.456106062107203,5.456106062107203,5.456106062107203,5.456106062107203,5.456106062107203,5.456106062107203,5.456106062107203,5.456106062107203,5.456106062107203,5.456106062107203,5.324384437066892,5.324384437066892,5.324384437066892,5.324384437066892,5.324384437066892,5.324384437066892,5.324384437066892,5.324384437066892,5.324384437066892,5.324384437066892,5.324384437066892,5.324384437066892,5.324384437066892,5.324384437066892,5.324384437066892,5.324384437066892,5.324384437066892,5.324384437066892,5.324384437066892,5.324384437066892,5.324384437066892,5.324384437066892,5.314225520698391,5.314225520698391,5.314225520698391,5.314225520698391,5.314225520698391,5.314225520698391,5.314225520698391,5.314225520698391,5.314225520698391,5.309070777530818,5.309070777530818,5.309070777530818,5.309070777530818,5.309070777530818,5.309070777530818,5.309070777530818,5.309070777530818,5.309070777530818,5.309070777530818,5.309070777530818,5.309070777530818,5.309070777530818,5.309070777530818,5.309070777530818,5.309070777530818,5.309070777530818,5.309070777530818,5.309070777530818,5.309070777530818,5.309070777530818,5.309070777530818,5.309070777530818,5.309070777530818,5.309070777530818,5.309070777530818,5.309070777530818,5.309070777530818,5.309070777530818,5.309070777530818,5.309070777530818,5.309070777530818,5.309070777530818,5.309070777530818,5.309070777530818,5.309070777530818,5.309070777530818,5.309070777530818,5.309070777530818,5.309070777530818,5.309070777530818,5.309070777530818,5.309070777530818,5.309070777530818,5.309070777530818,5.309070777530818,5.309070777530818,5.309070777530818,5.309070777530818,5.309070777530818,5.309070777530818,5.309070777530818,5.309070777530818,5.309070777530818,5.309070777530818,5.309070777530818,5.309070777530818,5.309070777530818,5.309070777530818,5.309070777530818,5.309070777530818,5.309070777530818,5.309070777530818,5.309070777530818,5.309070777530818,5.309070777530818,5.309070777530818,5.309070777530818,5.309070777530818,5.309070777530818,5.309070777530818,5.309070777530818,5.309070777530818,5.309070777530818,5.309070777530818,5.309070777530818,5.309070777530818,5.309070777530818,5.309070777530818,5.309070777530818,5.2362532890240585,5.2362532890240585,5.2362532890240585,5.2362532890240585,5.2362532890240585,5.2362532890240585,5.2362532890240585,5.2362532890240585,5.2362532890240585,5.2362532890240585,5.2362532890240585,5.2362532890240585,5.2362532890240585,5.2362532890240585,5.2362532890240585,5.2362532890240585,5.2362532890240585,5.2362532890240585,5.2362532890240585,5.2362532890240585,5.2362532890240585,5.2362532890240585,5.2362532890240585,5.2362532890240585,5.2362532890240585,5.2362532890240585,5.2362532890240585,5.2362532890240585,5.2362532890240585,5.2362532890240585,5.2362532890240585,5.2362532890240585,5.2362532890240585,5.2362532890240585,5.2362532890240585,5.2362532890240585,5.2362532890240585,5.2362532890240585,5.2362532890240585,5.2362532890240585,5.2362532890240585,5.2362532890240585,5.2362532890240585,5.2362532890240585,5.2362532890240585,5.2362532890240585,5.2362532890240585,5.2362532890240585,5.2362532890240585,5.2362532890240585,5.2362532890240585,5.2362532890240585,5.2362532890240585,5.2362532890240585,5.2362532890240585,5.2362532890240585,5.2362532890240585,5.2362532890240585,5.2362532890240585,5.2362532890240585,5.2362532890240585,5.2362532890240585,5.2362532890240585,5.2362532890240585,5.2362532890240585,5.2362532890240585,5.2362532890240585,5.2362532890240585,5.2362532890240585,5.2362532890240585,5.2362532890240585,5.2362532890240585,5.2362532890240585,5.2362532890240585,5.2362532890240585,5.2362532890240585,5.2362532890240585,5.2362532890240585,5.2362532890240585,5.2362532890240585,5.2362532890240585,5.2362532890240585,5.2362532890240585,5.2362532890240585,5.2362532890240585,5.2362532890240585,5.2362532890240585,5.2362532890240585,5.2362532890240585,5.2362532890240585,5.2362532890240585,5.2362532890240585,5.2362532890240585,5.2362532890240585,5.2362532890240585,5.2362532890240585,5.2362532890240585,5.2362532890240585,5.2362532890240585,5.2362532890240585,5.2362532890240585,5.2362532890240585,5.2362532890240585,5.2362532890240585,5.2362532890240585,5.2362532890240585,5.2362532890240585,5.2362532890240585,5.2362532890240585,5.2362532890240585,5.2362532890240585,5.2362532890240585,5.2362532890240585,5.2362532890240585,5.2362532890240585,5.2362532890240585,5.2362532890240585,5.2362532890240585,5.2362532890240585,5.2362532890240585,5.2362532890240585,5.2362532890240585,5.2362532890240585,5.2362532890240585,5.2362532890240585,5.2362532890240585,5.2362532890240585,5.2362532890240585,5.2362532890240585,5.2362532890240585,5.2362532890240585,5.2362532890240585,5.2362532890240585,5.2362532890240585,5.2362532890240585,5.2362532890240585,5.2362532890240585,5.2362532890240585,5.2362532890240585,5.2362532890240585,5.2362532890240585,5.2362532890240585,5.2362532890240585,5.2362532890240585,5.2362532890240585,5.2362532890240585,5.2362532890240585,5.2362532890240585,5.2362532890240585,5.2362532890240585,5.2362532890240585,5.2362532890240585,5.2362532890240585,5.2362532890240585,5.2362532890240585,5.2362532890240585,5.2362532890240585,5.2362532890240585,5.2362532890240585,5.2362532890240585,5.2362532890240585,5.2362532890240585,5.2362532890240585,5.2362532890240585,5.2362532890240585,5.2362532890240585,5.2362532890240585,5.2362532890240585,5.2362532890240585,5.2362532890240585,5.2362532890240585,5.2362532890240585,5.2362532890240585,5.2362532890240585,5.2362532890240585,5.2362532890240585,5.2362532890240585,5.2362532890240585,5.2362532890240585,5.2362532890240585,5.2362532890240585,5.2362532890240585,5.2362532890240585,5.2362532890240585,5.2362532890240585,5.2362532890240585,5.2362532890240585,5.2362532890240585,5.2362532890240585,5.2362532890240585,5.2362532890240585,5.2362532890240585,5.2362532890240585,5.2362532890240585,5.2362532890240585,5.2362532890240585,5.2362532890240585,5.2362532890240585,5.2362532890240585,5.2362532890240585,5.2362532890240585,5.2362532890240585,5.2362532890240585,5.2362532890240585,5.2362532890240585,5.2362532890240585,5.2362532890240585,5.2362532890240585,5.2362532890240585,5.2362532890240585,5.2362532890240585,5.2362532890240585,5.2362532890240585,5.2362532890240585,5.2362532890240585,5.2362532890240585,5.2362532890240585,5.2362532890240585,5.2362532890240585,5.2362532890240585,5.2362532890240585,5.2362532890240585,5.2362532890240585,5.2362532890240585,5.2362532890240585,5.2362532890240585,5.2362532890240585,5.2362532890240585,5.2362532890240585,5.2362532890240585,5.2362532890240585,5.2362532890240585,5.2362532890240585,5.2362532890240585,5.2362532890240585,5.2362532890240585,5.2362532890240585,5.2362532890240585,5.2362532890240585,5.2362532890240585,5.2362532890240585,5.2362532890240585,5.2362532890240585,5.2362532890240585,5.2362532890240585,5.2362532890240585,5.2362532890240585,5.2362532890240585,5.2362532890240585,5.2362532890240585,5.2362532890240585,5.2362532890240585,5.2362532890240585,5.2362532890240585,5.2362532890240585,5.2362532890240585,4.488533162857912,4.488533162857912,4.488533162857912,4.488533162857912,4.4748637619131,4.4748637619131,4.4748637619131,4.4748637619131,4.4748637619131,4.468446122258704,4.468446122258704,4.468446122258704,4.468446122258704,4.468446122258704,4.468446122258704,4.468446122258704,4.468446122258704,4.468446122258704,4.468446122258704,4.468446122258704,4.468446122258704,4.468446122258704,4.468446122258704,4.468446122258704,4.468446122258704,4.468446122258704,4.468446122258704,4.468446122258704,4.468446122258704,4.468446122258704,4.468446122258704,4.468446122258704,4.468446122258704,4.468446122258704,4.468446122258704,4.468446122258704,4.468446122258704,4.468446122258704,4.468446122258704,4.468446122258704,4.468446122258704,4.468446122258704,4.468446122258704,4.468446122258704,4.468446122258704,4.468446122258704,4.468446122258704,4.468446122258704,4.468446122258704,4.468446122258704,4.468446122258704,4.468446122258704,4.468446122258704,4.468446122258704,4.468446122258704,4.468446122258704,4.468446122258704,4.468446122258704,4.468446122258704,4.468446122258704,4.468446122258704,4.468446122258704,4.468446122258703,4.468446122258703,4.468446122258703,4.468446122258703,4.468446122258703,4.468446122258703,4.468446122258703,4.468446122258703,4.468446122258703,4.468446122258703,4.468446122258703,4.468446122258703,4.468446122258703,4.468446122258703,4.468446122258703,4.468446122258703,4.468446122258703,4.468446122258703,4.468446122258703,4.468446122258703,4.468446122258703,4.468446122258703,4.468446122258703,4.468446122258703,4.468446122258703,4.468446122258703,4.468446122258703,4.468446122258703,4.468446122258703,4.468446122258703,4.468446122258703,4.468446122258703,4.10539379831777,4.10539379831777,4.10539379831777,4.10539379831777,4.10539379831777,4.10539379831777,4.10539379831777,4.10539379831777,4.10539379831777,4.10539379831777,4.10539379831777,4.10539379831777,4.10539379831777,4.10539379831777,4.10539379831777,4.10539379831777,4.10539379831777,4.10539379831777,4.10539379831777,4.10539379831777,4.10539379831777,4.10539379831777,4.10539379831777,4.10539379831777,4.10539379831777,4.10539379831777,4.10539379831777,4.10539379831777,4.10539379831777,4.10539379831777,4.10539379831777,4.10539379831777,4.10539379831777,4.10539379831777,4.10539379831777,4.10539379831777,4.10539379831777,4.10539379831777,4.10539379831777,4.10539379831777,4.10539379831777,4.10539379831777,4.10539379831777,4.10539379831777,4.10539379831777,4.10539379831777,4.10539379831777,4.10539379831777,4.10539379831777,4.10539379831777,4.10539379831777,4.10539379831777,4.10539379831777,4.10539379831777,4.10539379831777,4.10539379831777,4.10539379831777,4.10539379831777,4.10539379831777,4.10539379831777,4.10539379831777,4.10539379831777,4.10539379831777,4.10539379831777,4.10539379831777,4.10539379831777,4.10539379831777,4.10539379831777,4.10539379831777,4.10539379831777,4.10539379831777,4.10539379831777,4.10539379831777,4.10539379831777,4.10539379831777,4.10539379831777,4.10539379831777,4.10539379831777,4.10539379831777,4.10539379831777,4.10539379831777,4.10539379831777,4.10539379831777,4.10539379831777,4.10539379831777,4.10539379831777,4.10539379831777,4.10539379831777,4.10539379831777,4.10539379831777,4.10539379831777,4.10539379831777,4.10539379831777,4.10539379831777,4.10539379831777,4.10539379831777,4.10539379831777,4.10539379831777,4.10539379831777,4.10539379831777,4.10539379831777,4.10539379831777,4.10539379831777,4.10539379831777,4.10539379831777,4.10539379831777,4.10539379831777,4.10539379831777,4.10539379831777,4.10539379831777,4.10539379831777,4.10539379831777,4.10539379831777,4.10539379831777,4.10539379831777,4.10539379831777,4.10539379831777,4.10539379831777,4.10539379831777,4.10539379831777,4.10539379831777,4.10539379831777,4.10539379831777,4.10539379831777,4.10539379831777,4.10539379831777,4.10539379831777,4.10539379831777,4.10539379831777,4.10539379831777,4.10539379831777,4.10539379831777,4.10539379831777,4.10539379831777,4.10539379831777,4.10539379831777,4.10539379831777,4.10539379831777,4.10539379831777,4.10539379831777,4.10539379831777,4.10539379831777,4.10539379831777,4.10539379831777,4.10539379831777,4.10539379831777,4.10539379831777,4.10539379831777,4.10539379831777,4.10539379831777,4.10539379831777,4.10539379831777,4.10539379831777,4.10539379831777,4.10539379831777,4.10539379831777,4.10539379831777,4.10539379831777,4.10539379831777,4.10539379831777,4.10539379831777,4.10539379831777,4.10539379831777,4.10539379831777,4.10539379831777,4.10539379831777,4.10539379831777,4.10539379831777,4.10539379831777,4.10539379831777,4.10539379831777,4.10539379831777,4.10539379831777,4.10539379831777,4.10539379831777,4.10539379831777,4.10539379831777,4.10539379831777,3.4759078452738157,3.4759078452738157,3.4759078452738157,3.4759078452738157,3.4759078452738157,3.4759078452738157,3.4759078452738157,3.4759078452738157,3.4759078452738157,3.4759078452738157,3.4759078452738157,3.4759078452738157,3.4759078452738157,3.4759078452738157,3.4759078452738157,3.4759078452738157,3.4759078452738157,3.4759078452738157,3.4759078452738157,3.4759078452738157,3.4759078452738157,3.4759078452738157,3.4759078452738157,3.4759078452738157,3.4759078452738157,3.4759078452738157,3.4759078452738157,3.4759078452738157,3.4759078452738157,3.4759078452738157,3.4759078452738157,3.4759078452738157,3.4759078452738157,3.4759078452738157,3.4759078452738157,3.4759078452738157,3.4759078452738157,3.4759078452738157,3.4759078452738157,3.4759078452738157,3.4759078452738157,3.4759078452738157,3.4759078452738157,3.4759078452738157,3.4759078452738157,3.4759078452738157,3.4759078452738157,3.4759078452738157,3.4759078452738157,3.4759078452738157,3.4759078452738157,3.4759078452738157,3.4759078452738157,3.4759078452738157,3.4759078452738157,3.4759078452738157,3.4759078452738157,3.4759078452738157,3.4759078452738157,3.4759078452738157,3.4759078452738157,3.4759078452738157,3.4759078452738157,3.4759078452738157,3.4759078452738157,3.4759078452738157,3.4759078452738157,3.4759078452738157,3.4759078452738157,3.4759078452738157,3.4759078452738157,3.4759078452738157,3.4759078452738157,3.4759078452738157,3.4759078452738157,3.4759078452738157,3.4759078452738157,3.4759078452738157,3.4759078452738157,3.4759078452738157,3.4759078452738157,3.4759078452738157,3.4759078452738157,3.4759078452738157,3.4759078452738157,3.4759078452738157,3.4759078452738157,3.4759078452738157,3.4759078452738157,3.4759078452738157,3.4759078452738157,3.4759078452738157,3.4759078452738157,3.4759078452738157,3.4759078452738157,3.4759078452738157,3.4759078452738157,3.4759078452738157,3.4759078452738157,3.4759078452738157,3.4759078452738157,3.4759078452738157,3.4759078452738157,3.4759078452738157,3.4759078452738157,3.4759078452738157,3.4759078452738157,3.4759078452738157,3.4759078452738157,3.4759078452738157,3.4759078452738157,3.4759078452738157,3.4759078452738157,3.4759078452738157,3.4759078452738157,3.4759078452738157,3.4759078452738157,3.4759078452738157,3.4759078452738157,3.4759078452738157,3.4759078452738157,3.4759078452738157,3.4759078452738157,3.4759078452738157,3.4759078452738157,3.4759078452738157,3.4759078452738157,3.4759078452738157,3.4759078452738157,3.4759078452738157,3.4759078452738157,3.4759078452738157,3.4759078452738157,3.4759078452738157,3.4759078452738157,3.4759078452738157,3.4759078452738157,3.4759078452738157,3.4759078452738157,3.4759078452738157,3.4759078452738157,3.4759078452738157,3.4759078452738157,3.4759078452738157,3.4759078452738157,3.4759078452738157,3.4759078452738157,3.4759078452738157,3.4759078452738157,3.4759078452738157,3.4759078452738157,3.4759078452738157,3.4759078452738157,3.4759078452738157,3.4759078452738157,3.4759078452738157,3.4759078452738157,3.4759078452738157,3.4759078452738157,3.4759078452738157,3.4759078452738157,3.4759078452738157,3.4759078452738157,3.4759078452738157,3.4759078452738157,3.4759078452738157,3.4759078452738157,3.4759078452738157,3.4759078452738157,3.4759078452738157,3.4759078452738157,3.4759078452738157,3.4759078452738157,3.4759078452738157,3.4759078452738157,3.4759078452738157,3.4759078452738157,3.4759078452738157,3.4759078452738157,3.4759078452738157,3.4759078452738157,3.4759078452738157,3.4759078452738157,3.4759078452738157,3.4759078452738157,3.4759078452738157,3.4759078452738157,3.4759078452738157,3.4759078452738157,3.4759078452738157,3.4759078452738157,3.4759078452738157,3.4759078452738157,3.4759078452738157,3.4759078452738157,3.4759078452738157,3.4759078452738157,3.4759078452738157,3.4759078452738157,3.4759078452738157,3.4759078452738157,3.4759078452738157,3.4759078452738157,3.4759078452738157,3.4759078452738157,3.4759078452738157,3.4759078452738157,3.4759078452738157,3.4759078452738157,3.4759078452738157,3.4759078452738157,3.4759078452738157,3.4759078452738157,3.4759078452738157,3.4759078452738157,3.4759078452738157,3.4759078452738157,3.4759078452738157,3.4759078452738157,3.4759078452738157,3.4759078452738157,3.4759078452738157,3.4759078452738157,3.4759078452738157,3.4759078452738157,3.4759078452738157,3.4759078452738157,3.4759078452738157,3.4759078452738157,3.4759078452738157,3.4759078452738157,3.4759078452738157,3.4759078452738157,3.4759078452738157,3.4759078452738157,3.4759078452738157,3.4759078452738157,3.4759078452738157,3.4759078452738157,3.4759078452738157,3.4759078452738157,3.4759078452738157,3.4759078452738157,3.4759078452738157,3.4759078452738157,3.4759078452738157,3.4759078452738157,3.4759078452738157,3.4759078452738157,3.4759078452738157,3.4759078452738157,3.4759078452738157,3.4759078452738157,3.4759078452738157,3.4759078452738157,3.4759078452738157,3.4759078452738157,3.4759078452738157,3.4759078452738157,3.4759078452738157,3.4759078452738157,3.4759078452738157,3.4759078452738157,3.4759078452738157,3.4759078452738157,3.4759078452738157,3.4759078452738157,3.4759078452738157,3.4759078452738157,3.4759078452738157,3.4759078452738157,3.4759078452738157,3.4759078452738157,3.4759078452738157,3.4759078452738157,3.4759078452738157,3.4759078452738157,3.4759078452738157,3.4759078452738157,3.4759078452738157,3.4759078452738157,3.4759078452738157,3.4759078452738157,3.4759078452738157,3.4759078452738157,3.4759078452738157,3.4759078452738157,3.4759078452738157,3.4759078452738157,3.4759078452738157,3.4759078452738157,7.4030141931506925,7.4030141931506925,7.031222646511471,7.031222646511471,6.814616056600804,6.814616056600804,6.3302748194875464,6.3302748194875464,6.3302748194875464,6.3302748194875464,6.3302748194875464,6.3302748194875464,5.889527703546794,5.889527703546794,5.889527703546794,5.889527703546794,5.889527703546794,5.889527703546794,5.889527703546794,5.889527703546794,5.889527703546794,5.889527703546794,5.889527703546794,5.889527703546794,5.889527703546794,5.889527703546794,5.889527703546794,5.889527703546794,5.889527703546794,5.889527703546794,5.889527703546794,5.889527703546794,5.889527703546794,5.889527703546794,5.889527703546794,5.889527703546794,5.889527703546794,5.889527703546794,5.889527703546794,5.889527703546794,5.889527703546794,5.889527703546794,5.889527703546794,5.889527703546794,5.889527703546794,5.889527703546794,5.889527703546794,5.889527703546794,5.889527703546794,5.889527703546794,5.889527703546794,5.889527703546794,5.889527703546794,5.889527703546794,5.889527703546794,5.889527703546794,5.889527703546794,5.889527703546794,5.889527703546794,5.889527703546794,5.889527703546794,5.889527703546794,5.889527703546794,5.889527703546794,5.889527703546794,5.889527703546794,5.889527703546794,5.889527703546794,5.889527703546794,5.889527703546794,5.889527703546794,5.889527703546794,5.889527703546794,5.889527703546794,4.765391966772046,4.75360977451183,4.75360977451183,4.75360977451183,4.75360977451183,4.75360977451183,4.75360977451183,4.694267041172399,4.694267041172399,4.694267041172399,4.694267041172399,4.694267041172399,4.694267041172399,4.694267041172399,4.694267041172399,4.603207602296203,4.603207602296203,4.603207602296203,4.446679263489704,4.446679263489704,4.439146941756101,4.439146941756101,4.439146941756101,4.439146941756101,4.439146941756101,4.439146941756101,4.439146941756101,4.439146941756101,4.439146941756101,4.439146941756101,4.439146941756101,4.439146941756101,4.439146941756101,4.4058173405362,4.321208740207249,4.321208740207249,4.317025117427474,4.317025117427474,4.317025117427474,4.317025117427474,4.317025117427474,4.317025117427474,4.317025117427474,4.317025117427474,4.317025117427474,4.317025117427474,4.317025117427474,4.317025117427474,4.317025117427474,4.317025117427474,4.317025117427474,4.317025117427474,4.317025117427474,4.317025117427474,4.317025117427474,4.317025117427474,4.317025117427474,4.317025117427474,4.317025117427474,4.317025117427474,4.317025117427474,4.317025117427474,4.317025117427474,4.317025117427474,4.317025117427474,4.317025117427474,4.317025117427474,4.317025117427474,4.317025117427474,4.317025117427474,4.317025117427474,4.317025117427474,4.317025117427474,4.317025117427474,4.317025117427474,4.317025117427474,4.317025117427474,4.317025117427474,4.317025117427474,4.317025117427474,4.317025117427474,4.317025117427474,4.317025117427474,4.317025117427474,4.317025117427474,4.317025117427474,4.317025117427474,4.317025117427474,4.317025117427474,4.317025117427474,4.317025117427474,4.317025117427474,4.317025117427474,4.317025117427474,4.317025117427474,4.317025117427474,4.317025117427474,4.317025117427474,4.317025117427474,4.317025117427474,4.317025117427474,4.317025117427474,4.317025117427474,4.317025117427474,4.317025117427474,4.317025117427474,4.317025117427474,4.317025117427474,4.317025117427474,4.317025117427474,4.317025117427474,4.317025117427474,4.317025117427474,4.317025117427474,4.317025117427474,4.317025117427474,4.317025117427474,4.317025117427474,4.317025117427474,4.317025117427474,4.317025117427474,4.317025117427474,4.317025117427474,4.317025117427474,4.317025117427474,4.317025117427474,4.317025117427474,4.317025117427474,4.317025117427474,4.317025117427474,4.317025117427474,4.317025117427474,4.317025117427474,4.317025117427474,4.317025117427474,4.317025117427474,4.317025117427474,4.317025117427474,4.317025117427474,4.28179167628175,4.28179167628175,4.28179167628175,4.28179167628175,4.28179167628175,4.28179167628175,4.28179167628175,4.28179167628175,4.28179167628175,4.28179167628175,4.28179167628175,4.28179167628175,4.28179167628175,4.28179167628175,4.28179167628175,4.28179167628175,4.28179167628175,4.28179167628175,4.28179167628175,4.28179167628175,4.28179167628175,4.28179167628175,4.28179167628175,4.28179167628175,4.28179167628175,4.28179167628175,4.28179167628175,4.28179167628175,4.28179167628175,4.28179167628175,4.28179167628175,4.28179167628175,4.28179167628175,4.28179167628175,4.28179167628175,4.28179167628175,4.28179167628175,4.28179167628175,4.28179167628175,4.28179167628175,4.28179167628175,4.28179167628175,4.28179167628175,4.28179167628175,4.28179167628175,4.28179167628175,4.28179167628175,4.28179167628175,4.28179167628175,4.28179167628175,4.28179167628175,4.28179167628175,4.28179167628175,4.28179167628175,4.28179167628175,4.28179167628175,4.28179167628175,4.28179167628175,4.28179167628175,4.28179167628175,4.28179167628175,4.28179167628175,4.28179167628175,4.28179167628175,4.28179167628175,4.28179167628175,4.28179167628175,4.28179167628175,4.28179167628175,4.28179167628175,4.28179167628175,4.28179167628175,4.28179167628175,4.28179167628175,4.28179167628175,4.28179167628175,4.28179167628175,4.28179167628175,4.28179167628175,4.28179167628175,4.28179167628175,4.28179167628175,4.28179167628175,4.28179167628175,4.28179167628175,4.28179167628175,4.28179167628175,4.28179167628175,4.28179167628175,4.28179167628175,4.28179167628175,4.28179167628175,4.28179167628175,4.28179167628175,4.28179167628175,4.28179167628175,4.28179167628175,4.28179167628175,4.28179167628175,4.28179167628175,4.28179167628175,4.28179167628175,4.28179167628175,4.28179167628175,4.28179167628175,4.28179167628175,4.28179167628175,4.28179167628175,4.28179167628175,4.28179167628175,4.28179167628175,4.28179167628175,4.28179167628175,4.28179167628175,4.28179167628175,4.28179167628175,4.28179167628175,4.28179167628175,4.28179167628175,4.28179167628175,4.28179167628175,4.28179167628175,4.28179167628175,4.28179167628175,4.28179167628175,4.28179167628175,4.28179167628175,4.28179167628175,4.28179167628175,4.28179167628175,4.28179167628175,4.28179167628175,4.28179167628175,4.28179167628175,4.28179167628175,4.28179167628175,4.28179167628175,4.28179167628175,4.28179167628175,4.28179167628175,4.28179167628175,4.28179167628175,4.28179167628175,4.28179167628175,4.28179167628175,4.28179167628175,4.28179167628175,4.28179167628175,4.28179167628175,4.28179167628175,4.28179167628175,4.28179167628175,4.28179167628175,4.28179167628175,4.28179167628175,4.28179167628175,4.28179167628175,4.28179167628175,4.28179167628175,4.28179167628175,4.28179167628175,4.28179167628175,4.28179167628175,4.28179167628175,4.28179167628175,4.28179167628175,4.28179167628175,4.28179167628175,4.28179167628175,4.28179167628175,4.28179167628175,4.28179167628175,4.28179167628175,4.28179167628175,4.28179167628175,4.28179167628175,4.28179167628175,4.28179167628175,4.28179167628175,4.28179167628175,4.28179167628175,4.28179167628175,4.28179167628175,4.28179167628175,4.28179167628175,4.28179167628175,4.28179167628175,4.28179167628175,4.28179167628175,4.28179167628175,4.28179167628175,4.28179167628175,4.28179167628175,4.28179167628175,4.28179167628175,4.28179167628175,4.28179167628175,4.28179167628175,4.28179167628175,4.28179167628175,4.28179167628175,4.28179167628175,4.28179167628175,4.28179167628175,4.28179167628175,4.28179167628175,4.28179167628175,4.28179167628175,4.28179167628175,4.28179167628175,4.28179167628175,4.28179167628175,4.28179167628175,4.28179167628175,4.28179167628175,4.28179167628175,4.28179167628175,4.28179167628175,4.28179167628175,4.28179167628175,4.28179167628175,4.28179167628175,4.28179167628175,4.28179167628175,4.28179167628175,4.28179167628175,4.28179167628175,4.28179167628175,4.28179167628175,4.28179167628175,4.28179167628175,4.28179167628175,4.28179167628175,4.28179167628175,4.28179167628175,4.28179167628175,4.28179167628175,4.28179167628175,4.28179167628175,4.28179167628175,4.28179167628175,4.28179167628175,4.28179167628175,4.28179167628175,4.28179167628175,4.28179167628175,4.28179167628175,4.28179167628175,4.28179167628175,4.28179167628175,4.28179167628175,4.28179167628175,4.28179167628175,4.28179167628175,4.28179167628175,4.28179167628175,4.28179167628175,4.28179167628175,4.28179167628175,4.28179167628175,4.28179167628175,4.28179167628175,4.28179167628175,4.28179167628175,4.28179167628175,4.28179167628175,4.28179167628175,4.28179167628175,4.28179167628175,4.28179167628175,4.28179167628175,4.28179167628175,4.28179167628175,4.28179167628175,4.28179167628175,4.28179167628175,4.28179167628175,4.28179167628175,4.28179167628175,4.28179167628175,4.28179167628175,4.28179167628175,4.28179167628175,4.28179167628175,4.28179167628175,4.28179167628175,4.28179167628175,4.28179167628175,4.28179167628175,4.28179167628175,4.28179167628175,4.28179167628175,4.28179167628175,4.28179167628175,4.28179167628175,4.28179167628175,4.28179167628175,4.28179167628175,4.28179167628175,4.28179167628175,4.28179167628175,4.28179167628175,4.28179167628175,4.28179167628175,4.28179167628175,4.28179167628175,4.28179167628175,4.28179167628175,4.28179167628175,4.28179167628175,4.28179167628175,4.28179167628175,4.28179167628175,4.28179167628175,4.28179167628175,4.28179167628175,4.28179167628175,4.28179167628175,4.28179167628175,4.28179167628175,4.28179167628175,4.28179167628175,4.28179167628175,4.28179167628175,4.28179167628175,4.28179167628175,4.28179167628175,4.28179167628175,4.28179167628175,4.28179167628175,4.28179167628175,4.28179167628175,4.28179167628175,4.28179167628175,4.28179167628175,4.28179167628175,4.28179167628175,4.28179167628175,4.28179167628175,4.28179167628175,4.28179167628175,4.28179167628175,4.28179167628175,4.28179167628175,4.28179167628175,4.28179167628175,4.28179167628175,4.28179167628175,4.28179167628175,4.28179167628175,4.28179167628175,4.28179167628175,4.28179167628175,4.28179167628175,4.28179167628175,4.28179167628175,4.28179167628175,4.28179167628175,4.28179167628175,4.28179167628175,4.28179167628175,4.28179167628175,4.28179167628175,4.28179167628175,4.28179167628175,4.28179167628175,4.28179167628175,4.28179167628175,4.28179167628175,4.28179167628175,4.28179167628175,4.28179167628175,4.28179167628175,4.28179167628175,4.28179167628175,4.28179167628175,4.28179167628175,4.28179167628175,4.28179167628175,4.28179167628175,4.28179167628175,4.28179167628175,4.28179167628175,4.28179167628175,4.28179167628175,4.28179167628175,4.28179167628175,4.28179167628175,4.28179167628175,4.28179167628175,4.28179167628175,4.28179167628175,4.28179167628175,4.28179167628175,4.28179167628175,4.28179167628175,4.28179167628175,4.28179167628175,4.28179167628175,4.28179167628175,4.28179167628175,4.28179167628175,4.28179167628175,4.28179167628175,4.28179167628175,4.28179167628175,4.28179167628175,4.28179167628175,4.28179167628175,4.28179167628175,4.28179167628175,4.28179167628175,4.28179167628175,4.28179167628175,4.28179167628175,4.28179167628175,4.28179167628175,4.28179167628175,4.28179167628175,4.28179167628175,4.28179167628175,4.28179167628175,4.28179167628175,4.28179167628175,4.28179167628175,4.28179167628175,4.28179167628175,4.28179167628175,4.28179167628175,4.28179167628175,4.28179167628175,4.28179167628175,4.28179167628175,4.28179167628175,4.28179167628175,4.28179167628175,4.28179167628175,4.28179167628175,4.28179167628175,4.28179167628175,4.28179167628175,4.28179167628175,4.28179167628175,4.28179167628175,4.28179167628175,4.28179167628175,4.28179167628175,4.28179167628175,4.28179167628175,4.28179167628175,4.28179167628175,4.28179167628175,4.28179167628175,4.28179167628175,4.28179167628175,4.28179167628175,4.28179167628175,4.28179167628175,4.28179167628175,4.28179167628175,4.28179167628175,4.28179167628175,4.28179167628175,4.28179167628175,4.28179167628175,4.28179167628175,4.28179167628175,4.28179167628175,4.28179167628175,4.28179167628175,4.28179167628175,4.28179167628175,4.28179167628175,4.28179167628175,4.28179167628175,4.28179167628175,4.28179167628175,4.28179167628175,4.28179167628175,4.28179167628175,4.28179167628175,4.28179167628175,4.28179167628175,4.28179167628175,4.28179167628175,4.28179167628175,4.28179167628175,4.28179167628175,4.28179167628175,4.28179167628175,4.28179167628175,4.28179167628175,4.28179167628175,4.28179167628175,4.28179167628175,4.28179167628175,4.28179167628175,4.28179167628175,4.28179167628175,4.28179167628175,4.28179167628175,4.28179167628175,4.28179167628175,4.28179167628175,4.28179167628175,4.28179167628175,4.28179167628175,4.28179167628175,4.28179167628175,4.28179167628175,4.28179167628175,4.28179167628175,4.28179167628175,4.28179167628175,4.28179167628175,4.28179167628175,4.28179167628175,4.28179167628175,4.28179167628175,4.28179167628175,4.28179167628175,4.28179167628175,4.28179167628175,4.28179167628175,4.28179167628175,4.28179167628175,4.28179167628175,4.28179167628175,4.28179167628175,4.28179167628175,4.28179167628175,4.28179167628175,4.28179167628175,4.28179167628175,4.28179167628175,4.28179167628175,4.28179167628175,4.28179167628175,4.28179167628175,4.28179167628175,4.28179167628175,4.28179167628175,4.28179167628175,4.28179167628175,4.28179167628175,4.28179167628175,4.28179167628175,4.28179167628175,4.28179167628175,4.28179167628175,4.28179167628175,4.28179167628175,4.28179167628175,4.28179167628175,4.28179167628175,4.28179167628175,4.28179167628175,4.28179167628175,4.28179167628175,4.28179167628175,4.28179167628175,4.28179167628175,4.28179167628175,4.28179167628175,4.28179167628175,4.28179167628175,4.28179167628175,4.28179167628175,4.28179167628175,4.28179167628175,4.28179167628175,4.28179167628175,4.28179167628175,4.28179167628175,4.28179167628175,4.28179167628175,4.28179167628175,4.28179167628175,4.28179167628175,4.28179167628175,4.28179167628175,4.28179167628175,4.28179167628175,4.28179167628175,4.28179167628175,4.28179167628175,4.28179167628175,4.28179167628175,4.28179167628175,4.28179167628175,4.28179167628175,4.28179167628175,4.28179167628175,4.28179167628175,4.28179167628175,4.28179167628175,4.28179167628175,4.28179167628175,4.28179167628175,4.28179167628175,4.28179167628175,4.28179167628175,4.28179167628175,4.28179167628175,4.28179167628175,4.28179167628175,4.28179167628175,4.28179167628175,4.28179167628175,4.28179167628175,4.28179167628175,4.28179167628175,4.28179167628175,4.28179167628175,4.28179167628175,4.28179167628175,4.28179167628175,4.28179167628175,4.28179167628175,4.28179167628175,4.28179167628175,4.28179167628175,4.28179167628175,4.28179167628175,4.28179167628175,4.28179167628175,4.28179167628175,4.28179167628175,4.28179167628175,4.28179167628175,4.28179167628175,4.28179167628175,4.28179167628175,4.28179167628175,4.28179167628175,4.28179167628175,4.28179167628175,4.28179167628175,4.28179167628175,4.28179167628175,4.28179167628175,4.28179167628175,4.28179167628175,4.28179167628175,4.28179167628175,4.28179167628175,4.28179167628175,4.28179167628175,4.28179167628175,4.28179167628175,4.28179167628175,4.28179167628175,4.28179167628175,4.28179167628175,4.28179167628175,4.28179167628175,4.28179167628175,4.28179167628175,4.28179167628175,4.28179167628175,4.28179167628175,4.28179167628175,4.28179167628175,4.28179167628175,4.28179167628175,4.28179167628175,4.28179167628175,4.28179167628175,4.28179167628175,4.28179167628175,4.28179167628175,4.28179167628175,4.28179167628175,4.28179167628175,4.28179167628175,4.28179167628175,4.28179167628175,4.28179167628175,4.28179167628175,4.28179167628175,4.28179167628175,4.28179167628175,4.28179167628175,4.28179167628175,4.28179167628175,4.28179167628175,4.28179167628175,4.28179167628175,4.28179167628175,4.28179167628175,4.28179167628175,4.28179167628175,4.28179167628175,4.28179167628175,4.28179167628175,4.28179167628175,4.28179167628175,4.28179167628175,4.28179167628175,4.28179167628175,4.28179167628175,4.28179167628175,4.28179167628175,4.28179167628175,4.28179167628175,4.28179167628175,4.28179167628175,4.28179167628175,4.28179167628175,4.28179167628175,4.28179167628175,4.28179167628175,4.28179167628175,4.28179167628175,4.28179167628175,4.28179167628175,4.28179167628175,4.28179167628175,4.28179167628175,4.28179167628175,4.28179167628175,4.28179167628175,4.28179167628175,4.28179167628175,4.28179167628175,4.28179167628175,4.28179167628175,4.28179167628175,4.28179167628175,4.28179167628175,4.28179167628175,4.28179167628175,4.28179167628175,4.28179167628175,4.28179167628175,4.28179167628175,4.28179167628175,4.28179167628175,4.28179167628175,4.28179167628175,4.28179167628175,4.28179167628175,4.28179167628175,4.28179167628175,4.28179167628175,4.28179167628175,4.28179167628175,4.28179167628175,4.28179167628175,4.28179167628175,4.28179167628175,4.28179167628175,4.28179167628175,4.28179167628175,4.28179167628175,4.28179167628175,4.28179167628175,4.28179167628175,4.28179167628175,4.28179167628175,4.28179167628175,4.28179167628175,4.28179167628175,4.28179167628175,4.28179167628175,4.28179167628175,4.28179167628175,4.28179167628175,4.28179167628175,4.28179167628175,4.28179167628175,4.28179167628175,4.28179167628175,4.28179167628175,4.28179167628175,4.28179167628175,4.28179167628175,4.28179167628175,4.28179167628175,4.28179167628175,4.28179167628175,4.28179167628175,4.28179167628175,4.28179167628175,4.28179167628175,4.28179167628175,4.28179167628175,7.9294946242014195,7.9294946242014195,7.9294946242014195,7.17947426305745,7.17947426305745,7.17947426305745,7.17947426305745,7.17947426305745,7.17947426305745,7.17947426305745,7.17947426305745,7.17947426305745,7.17947426305745,7.17947426305745,7.17947426305745,7.17947426305745,7.17947426305745,7.17947426305745,7.17947426305745,7.17947426305745,7.17947426305745,7.17947426305745,7.17947426305745,7.17947426305745,6.792339368542374,6.563187425181008,6.563187425181008,6.563187425181008,6.563187425181008,6.563187425181008,6.563187425181008,6.563187425181008,6.563187425181008,6.563187425181008,6.563187425181008,6.563187425181008,6.563187425181008,6.563187425181008,6.563187425181008,6.563187425181008,6.563187425181008,6.563187425181008,6.563187425181008,6.563187425181008,6.563187425181008,6.563187425181008,6.563187425181008,6.563187425181008,6.500645824293277,6.500645824293277,6.500645824293277,6.500645824293277,6.500645824293277,6.500645824293277,6.500645824293277,6.500645824293277,6.500645824293277,6.500645824293277,6.500645824293277,6.346562707438804,6.346562707438804,6.346562707438804,6.346562707438804,6.346562707438804,6.346562707438804,6.346562707438804,6.346562707438804,6.346562707438804,6.346562707438804,6.346562707438804,6.346562707438804,6.346562707438804,6.346562707438804,6.346562707438804,6.231025896772957,6.231025896772957,6.231025896772957,6.231025896772957,6.231025896772957,6.231025896772957,6.231025896772957,6.231025896772957,6.231025896772957,6.231025896772957,6.231025896772957,6.231025896772957,6.231025896772957,6.231025896772957,6.231025896772957,6.231025896772957,6.231025896772957,6.231025896772957,6.231025896772957,6.231025896772957,6.231025896772957,6.231025896772957,6.231025896772957,6.231025896772957,6.231025896772957,6.231025896772957,6.231025896772957,6.231025896772957,6.231025896772957,6.231025896772957,6.231025896772957,6.231025896772957,6.231025896772957,6.231025896772957,6.231025896772957,6.231025896772957,6.231025896772957,6.231025896772957,6.231025896772957,6.231025896772957,6.231025896772957,6.231025896772957,6.231025896772957,6.231025896772957,6.231025896772957,6.231025896772957,6.231025896772957,6.231025896772957,6.231025896772957,6.231025896772957,6.231025896772957,6.231025896772957,6.231025896772957,6.231025896772957,6.231025896772957,6.231025896772957,6.231025896772957,6.231025896772957,6.231025896772957,6.231025896772957,6.231025896772957,6.231025896772957,6.231025896772957,6.231025896772957,6.231025896772957,6.231025896772957,6.231025896772957,6.231025896772957,6.231025896772957,6.231025896772957,6.231025896772957,6.231025896772957,6.231025896772957,6.231025896772957,6.231025896772957,6.231025896772957,6.231025896772957,6.231025896772957,6.231025896772957,6.231025896772957,6.231025896772957,6.231025896772957,6.231025896772957,6.231025896772957,6.231025896772957,6.231025896772957,6.231025896772957,6.231025896772957,6.231025896772957,6.231025896772957,6.231025896772957,6.231025896772957,6.231025896772957,6.231025896772957,6.231025896772957,6.231025896772957,6.231025896772957,6.231025896772957,6.231025896772957,6.231025896772957,6.231025896772957,6.231025896772957,6.231025896772957,6.231025896772957,6.231025896772957,6.231025896772957,6.231025896772957,6.231025896772957,6.231025896772957,6.231025896772957,6.231025896772957,6.231025896772957,6.231025896772957,6.231025896772957,6.231025896772957,6.231025896772957,6.231025896772957,6.231025896772957,6.231025896772957,6.231025896772957,6.231025896772957,6.231025896772957,6.231025896772957,6.231025896772957,6.231025896772957,6.231025896772957,6.231025896772957,6.231025896772957,6.231025896772957,6.231025896772957,6.231025896772957,6.231025896772957,6.231025896772957,6.231025896772957,6.231025896772957,6.231025896772957,5.82142080275597,5.82142080275597,5.82142080275597,5.82142080275597,5.82142080275597,5.82142080275597,5.82142080275597,5.82142080275597,5.82142080275597,5.82142080275597,5.82142080275597,5.82142080275597,5.82142080275597,5.82142080275597,5.82142080275597,5.82142080275597,5.82142080275597,5.82142080275597,5.82142080275597,5.82142080275597,5.82142080275597,5.82142080275597,5.82142080275597,5.82142080275597,5.8083887123845095,5.8083887123845095,5.8083887123845095,5.8083887123845095,5.8083887123845095,5.788928546751508,5.788928546751508,5.536391081393107,5.536391081393107,5.536391081393107,5.5190788340034285,5.5190788340034285,5.5190788340034285,5.5190788340034285,5.5190788340034285,5.5190788340034285,5.5190788340034285,5.5190788340034285,5.5190788340034285,5.5190788340034285,5.5190788340034285,5.5190788340034285,5.5190788340034285,5.5190788340034285,5.5190788340034285,5.5190788340034285,5.5190788340034285,5.5190788340034285,5.5190788340034285,5.5190788340034285,5.5190788340034285,5.5190788340034285,5.5190788340034285,5.5190788340034285,5.505301822631326,5.505301822631326,5.243539144244144,5.243539144244144,5.243539144244144,5.243539144244144,5.243539144244144,5.243539144244144,5.243539144244144,5.243539144244144,5.243539144244144,5.243539144244144,5.243539144244144,5.243539144244144,5.243539144244144,5.243539144244144,5.243539144244144,5.243539144244144,5.243539144244144,5.243539144244144,5.243539144244144,5.243539144244144,5.243539144244144,5.243539144244144,5.243539144244144,5.243539144244144,5.243539144244144,5.243539144244144,5.063498370253934,5.063498370253934,5.063498370253934,5.063498370253934,5.063498370253934,5.063498370253934,5.063498370253934,5.063498370253934,5.063498370253934,5.063498370253934,5.063498370253934,5.063498370253934,5.063498370253934,5.063498370253934,5.063498370253934,5.063498370253934,5.063498370253934,5.063498370253934,5.063498370253934,5.063498370253934,5.063498370253934,5.063498370253934,5.063498370253934,5.063498370253934,5.063498370253934,5.063498370253934,5.063498370253934,5.063498370253934,5.063498370253934,5.063498370253934,5.063498370253934,5.063498370253934,5.063498370253934,5.063498370253934,5.063498370253934,5.063498370253934,5.063498370253934,5.063498370253934,5.063498370253934,5.063498370253934,5.063498370253934,5.063498370253934,5.063498370253934,5.063498370253934,5.063498370253934,5.063498370253934,5.063498370253934,5.063498370253934,5.063498370253934,5.063498370253934,5.063498370253934,5.063498370253934,5.063498370253934,5.063498370253934,5.063498370253934,5.063498370253934,5.063498370253934,5.063498370253934,5.063498370253934,5.063498370253934,5.063498370253934,5.063498370253934,5.063498370253934,5.063498370253934,5.063498370253934,5.063498370253934,5.063498370253934,5.063498370253934,5.063498370253934,5.063498370253934,5.063498370253934,5.063498370253934,5.063498370253934,5.063498370253934,5.063498370253934,5.063498370253934,5.063498370253934,5.063498370253934,5.063498370253934,5.063498370253934,5.063498370253934,5.063498370253934,5.063498370253934,5.063498370253934,5.063498370253934,5.063498370253934,5.063498370253934,5.063498370253934,5.063498370253934,5.063498370253934,5.063498370253934,5.063498370253934,5.063498370253934,5.063498370253934,5.063498370253934,5.063498370253934,5.063498370253934,5.063498370253934,5.063498370253934,5.063498370253934,5.063498370253934,5.063498370253934,5.063498370253934,5.063498370253934,5.063498370253934,5.063498370253934,5.063498370253934,5.063498370253934,5.063498370253934,5.063498370253934,5.063498370253934,5.063498370253934,5.063498370253934,5.063498370253934,5.063498370253934,5.063498370253934,5.063498370253934,5.063498370253934,4.868834000364444,4.868834000364444,4.868834000364444,4.868834000364444,4.868834000364444,4.868834000364444,4.868834000364444,4.868834000364444,4.868834000364444,4.868834000364444,4.868834000364444,4.868834000364444,4.868834000364444,4.868834000364444,4.868834000364444,4.868834000364444,4.868834000364444,4.868834000364444,4.868834000364444,4.8252522858172435,4.8252522858172435,4.8252522858172435,4.8252522858172435,4.8252522858172435,4.8252522858172435,4.8252522858172435,4.8252522858172435,4.8252522858172435,4.8252522858172435,4.8252522858172435,4.8252522858172435,4.8252522858172435,4.8252522858172435,4.8252522858172435,4.8252522858172435,4.8252522858172435,4.8252522858172435,4.8252522858172435,4.8252522858172435,4.8252522858172435,4.8252522858172435,4.8252522858172435,4.8252522858172435,4.8252522858172435,4.8252522858172435,4.8252522858172435,4.8252522858172435,4.8252522858172435,4.8252522858172435,4.8252522858172435,4.8252522858172435,4.8252522858172435,4.8252522858172435,4.8252522858172435,4.8252522858172435,4.8252522858172435,4.8252522858172435,4.8252522858172435,4.8252522858172435,4.8252522858172435,4.8252522858172435,4.8252522858172435,4.8252522858172435,4.8252522858172435,4.8252522858172435,4.8252522858172435,4.8252522858172435,4.8252522858172435,4.8252522858172435,4.8252522858172435,4.8252522858172435,4.8252522858172435,4.8252522858172435,4.8252522858172435,4.8252522858172435,4.8252522858172435,4.8252522858172435,4.8252522858172435,4.8252522858172435,4.8252522858172435,4.8252522858172435,4.8252522858172435,4.8252522858172435,4.8252522858172435,4.500450347029483,4.421376574966843,4.421376574966843,4.421376574966843,4.421376574966843,4.421376574966843,4.421376574966843,4.421376574966843,4.421376574966843,4.421376574966843,4.421376574966843,4.421376574966843,4.2599412110782895,4.2599412110782895,4.2599412110782895,4.2599412110782895,4.2599412110782895,4.2599412110782895,4.2599412110782895,4.2599412110782895,4.2599412110782895,4.2599412110782895,4.2599412110782895,4.2599412110782895,4.2599412110782895,4.2599412110782895,4.2599412110782895,4.2599412110782895,4.2599412110782895,4.2599412110782895,4.2599412110782895,4.2599412110782895,4.2599412110782895,4.2599412110782895,4.2599412110782895,4.2599412110782895,4.2599412110782895,4.2599412110782895,4.2599412110782895,4.2599412110782895,4.2599412110782895,4.2599412110782895,4.2599412110782895,4.2599412110782895,4.2599412110782895,4.2599412110782895,4.2599412110782895,4.2599412110782895,4.2599412110782895,4.2599412110782895,4.2599412110782895,4.2599412110782895,4.2599412110782895,4.2599412110782895,4.2599412110782895,4.2599412110782895,4.2599412110782895,4.2599412110782895,4.2599412110782895,4.2599412110782895,4.2599412110782895,4.2599412110782895,4.2599412110782895,4.2599412110782895,4.2599412110782895,4.2599412110782895,4.2599412110782895,4.2599412110782895,4.2599412110782895,4.2599412110782895,4.2599412110782895,4.2599412110782895,4.2599412110782895,4.2599412110782895,4.2599412110782895,4.2599412110782895,4.2599412110782895,4.2599412110782895,4.2599412110782895,4.2599412110782895,4.2599412110782895,4.2599412110782895,4.2599412110782895,4.2599412110782895,4.2599412110782895,4.2599412110782895,4.2599412110782895,4.2599412110782895,4.2599412110782895,4.2599412110782895,4.2599412110782895,4.2599412110782895,4.2599412110782895,4.2599412110782895,4.2599412110782895,3.8230742787236713,3.8230742787236713,3.2621107369331632,3.2621107369331632,3.2621107369331632,3.2621107369331632,3.2621107369331632,3.2621107369331632,3.2621107369331632,3.2621107369331632,3.2621107369331632,3.2621107369331632,3.2621107369331632,3.2621107369331632,3.2621107369331632,3.2621107369331632,3.2621107369331632,3.2621107369331632,3.2621107369331632,3.2621107369331632,3.2621107369331632,3.2621107369331632,3.2621107369331632,3.2621107369331632,3.2621107369331632,3.2621107369331632,3.2621107369331632,3.2621107369331632,3.2621107369331632,3.2621107369331632,3.2621107369331632,3.2621107369331632,3.2621107369331632,3.2621107369331632,3.2621107369331632,3.2621107369331632,3.2621107369331632,3.2621107369331632,3.2621107369331632,3.2621107369331632,3.2621107369331632,3.2621107369331632,3.2621107369331632,3.2621107369331632,3.2621107369331632,3.2621107369331632,3.2621107369331632,3.2621107369331632,3.2621107369331632,3.2621107369331632,3.2621107369331632,3.2621107369331632,3.2621107369331632,3.2621107369331632,3.2621107369331632,3.2621107369331632,3.2621107369331632,3.2621107369331632,3.2621107369331632,3.2621107369331632,3.2621107369331632,3.2621107369331632,3.2621107369331632,3.2621107369331632,3.2621107369331632,3.2621107369331632,3.2621107369331632,3.2621107369331632,3.2621107369331632,3.2621107369331632,3.2621107369331632,3.2621107369331632,3.2621107369331632,3.2621107369331632,3.2621107369331632,3.2621107369331632,3.2621107369331632,3.2621107369331632,3.2621107369331632,3.2621107369331632,3.2621107369331632,3.2621107369331632,3.2621107369331632,3.2621107369331632,3.2621107369331632,3.2621107369331632,3.2621107369331632,3.2621107369331632,3.2621107369331632,3.2621107369331632,3.2621107369331632,3.2621107369331632,3.2621107369331632,3.2621107369331632,3.2621107369331632,3.2621107369331632,3.2621107369331632,3.2621107369331632,3.2621107369331632,3.2621107369331632,3.2621107369331632,3.2621107369331632,3.2621107369331632,3.2621107369331632,3.2621107369331632,3.2621107369331632,3.2621107369331632,3.2621107369331632,3.2621107369331632,3.2621107369331632,3.2621107369331632,3.2621107369331632,3.2621107369331632,3.2621107369331632,3.2621107369331632,3.2621107369331632,3.2621107369331632,3.2621107369331632,3.2621107369331632,3.2621107369331632,3.2621107369331632,3.2621107369331632,3.2621107369331632,3.2621107369331632,3.2621107369331632,3.2621107369331632,3.2621107369331632,3.2621107369331632,3.2621107369331632,3.2621107369331632,3.2621107369331632,3.2621107369331632,3.2621107369331632,3.2621107369331632,3.2621107369331632,3.2621107369331632,3.2621107369331632,3.2621107369331632,3.2621107369331632,3.2621107369331632,3.2621107369331632,3.2621107369331632,3.2621107369331632,3.2621107369331632,3.2621107369331632,3.2621107369331632,3.2621107369331632,3.2621107369331632,3.2621107369331632,3.2621107369331632,3.2621107369331632,3.2621107369331632,3.2621107369331632,3.2621107369331632,3.2621107369331632,3.2621107369331632,3.2621107369331632,3.2621107369331632,3.2621107369331632,3.2621107369331632,3.2621107369331632,3.2621107369331632,3.2621107369331632,3.2621107369331632,3.2621107369331632,3.2621107369331632,3.2621107369331632,3.2621107369331632,3.2621107369331632,3.2621107369331632,3.2621107369331632,3.2621107369331632,3.2621107369331632,3.2621107369331632,3.2621107369331632,3.2621107369331632,3.2621107369331632,3.2621107369331632,3.2621107369331632,3.2621107369331632,3.2621107369331632,3.2621107369331632,3.2621107369331632,3.2621107369331632,3.2621107369331632,3.2621107369331632,3.2621107369331632,3.2621107369331632,3.2621107369331632,3.2621107369331632,3.2621107369331632,3.2621107369331632,3.2621107369331632,3.2621107369331632,3.2621107369331632,3.2621107369331632,3.2621107369331632,3.2621107369331632,3.2621107369331632,3.2621107369331632,3.2621107369331632,3.2621107369331632,3.2621107369331632,3.2621107369331632,3.2621107369331632,3.2621107369331632,3.2621107369331632,3.2621107369331632,3.2621107369331632,3.2621107369331632,3.2621107369331632,3.2621107369331632,3.2621107369331632,3.2621107369331632,3.2621107369331632,3.2621107369331632,3.2621107369331632,3.2621107369331632,3.2621107369331632,3.2621107369331632,3.2621107369331632,3.2621107369331632,3.2621107369331632,3.2621107369331632,3.2621107369331632,3.2621107369331632,3.2621107369331632,3.2621107369331632,3.2621107369331632,3.2621107369331632,3.2621107369331632,3.2621107369331632,3.2621107369331632,3.2621107369331632,3.2621107369331632,3.2621107369331632,3.2621107369331632,3.2621107369331632,3.2621107369331632,3.2621107369331632,3.2621107369331632,3.2621107369331632,3.2621107369331632,3.2621107369331632,3.2621107369331632,3.2621107369331632,3.2621107369331632,3.2621107369331632,3.2621107369331632,3.2621107369331632,3.2621107369331632,3.2621107369331632,3.2621107369331632,3.2621107369331632,3.2621107369331632,3.2621107369331632,3.2621107369331632,3.2621107369331632,3.2621107369331632,3.2621107369331632,3.2621107369331632,3.2621107369331632,3.2621107369331632,3.2621107369331632,3.2621107369331632,3.2621107369331632,3.2621107369331632,3.2621107369331632,3.2621107369331632,3.2621107369331632,3.2621107369331632,3.2621107369331632,3.2621107369331632,3.2621107369331632,3.2621107369331632,3.2621107369331632,3.2621107369331632,3.2621107369331632,3.2621107369331632,3.2621107369331632,3.2621107369331632,3.2621107369331632,3.2621107369331632,3.2621107369331632,3.2621107369331632,3.2621107369331632,3.2621107369331632,3.2621107369331632,3.2621107369331632,3.2621107369331632,3.2621107369331632,3.2621107369331632,3.2621107369331632,3.2621107369331632,3.2621107369331632,3.2621107369331632,3.2621107369331632,3.2621107369331632,3.2621107369331632,3.2621107369331632,3.2621107369331632,3.2621107369331632,3.2621107369331632,3.2621107369331632,3.2621107369331632,3.2621107369331632,3.2621107369331632,3.2621107369331632,3.2621107369331632,3.2621107369331632,3.2621107369331632,3.2621107369331632,3.2621107369331632,3.2621107369331632,3.2621107369331632,3.2621107369331632,3.2621107369331632,3.2621107369331632,3.2621107369331632,3.2621107369331632,3.2621107369331632,3.2621107369331632,3.2621107369331632,3.2621107369331632,3.2621107369331632,3.2621107369331632,3.2621107369331632,3.2621107369331632,3.2621107369331632,3.2621107369331632,3.2621107369331632,3.2621107369331632,3.2621107369331632,3.2621107369331632,3.2621107369331632,3.2621107369331632,3.2621107369331632,3.2621107369331632,3.2621107369331632,3.2621107369331632,3.2621107369331632,3.2621107369331632,3.2621107369331632,3.2621107369331632,3.2621107369331632,3.2621107369331632,3.2621107369331632,3.2621107369331632,3.2621107369331632,3.2621107369331632,3.2621107369331632,3.2621107369331632,3.2621107369331632,3.2621107369331632,3.2621107369331632,3.2621107369331632,3.2621107369331632,3.2621107369331632,3.2621107369331632,3.2621107369331632,3.2621107369331632,3.2621107369331632,3.2621107369331632,3.2621107369331632,3.2621107369331632,3.2621107369331632,3.2621107369331632,3.2621107369331632,3.2621107369331632,3.2621107369331632,3.2621107369331632,3.2621107369331632,3.2621107369331632,3.2621107369331632,3.2621107369331632,3.2621107369331632,3.2621107369331632,3.2621107369331632,3.2621107369331632,3.2621107369331632,3.2621107369331632,3.2621107369331632,3.2621107369331632,3.2621107369331632,3.2621107369331632,3.2621107369331632,3.2621107369331632,3.2621107369331632,3.2621107369331632,3.2621107369331632,3.2621107369331632,3.2621107369331632,3.2621107369331632,3.2621107369331632,3.2621107369331632,3.2621107369331632,3.2621107369331632,3.2621107369331632,3.2621107369331632,3.2621107369331632,3.2621107369331632,3.2621107369331632,3.2621107369331632,3.2621107369331632,3.2621107369331632,3.2621107369331632,3.2621107369331632,9.170641465781474,8.944501891622988,7.336727519072477,7.336727519072477,7.336727519072477,7.0522532911433125,7.0522532911433125,7.0522532911433125,7.0522532911433125,7.0522532911433125,7.0522532911433125,7.0522532911433125,7.049494579524411,7.049494579524411,7.049494579524411,7.049494579524411,7.049494579524411,7.049494579524411,7.049494579524411,7.049494579524411,7.049494579524411,7.049494579524411,7.049494579524411,7.049494579524411,7.049494579524411,7.049494579524411,7.049494579524411,7.049494579524411,7.049494579524411,7.049494579524411,7.049494579524411,7.049494579524411,7.049494579524411,7.049494579524411,7.049494579524411,7.049494579524411,7.049494579524411,7.049494579524411,7.049494579524411,7.049494579524411,7.049494579524411,7.049494579524411,7.049494579524411,7.049494579524411,7.049494579524411,7.049494579524411,7.049494579524411,7.049494579524411,7.049494579524411,7.049494579524411,7.049494579524411,7.049494579524411,7.049494579524411,7.049494579524411,7.049494579524411,7.049494579524411,7.049494579524411,7.049494579524411,7.049494579524411,7.049494579524411,7.049494579524411,7.049494579524411,7.049494579524411,7.049494579524411,7.049494579524411,7.049494579524411,7.049494579524411,7.049494579524411,7.049494579524411,7.049494579524411,7.049494579524411,7.049494579524411,7.049494579524411,7.049494579524411,7.049494579524411,7.049494579524411,7.049494579524411,7.049494579524411,7.049494579524411,7.049494579524411,7.049494579524411,7.049494579524411,7.049494579524411,7.049494579524411,7.049494579524411,7.049494579524411,7.049494579524411,7.049494579524411,7.049494579524411,7.049494579524411,7.049494579524411,7.049494579524411,7.049494579524411,7.049494579524411,7.049494579524411,7.049494579524411,7.049494579524411,7.049494579524411,7.049494579524411,7.049494579524411,7.049494579524411,7.049494579524411,7.049494579524411,7.049494579524411,7.049494579524411,7.049494579524411,7.049494579524411,7.049494579524411,7.049494579524411,7.049494579524411,7.049494579524411,7.049494579524411,7.049494579524411,7.049494579524411,7.049494579524411,7.049494579524411,7.049494579524411,7.049494579524411,7.049494579524411,7.049494579524411,7.049494579524411,7.049494579524411,7.049494579524411,7.049494579524411,7.049494579524411,7.049494579524411,7.049494579524411,7.049494579524411,7.049494579524411,7.049494579524411,7.049494579524411,7.049494579524411,7.049494579524411,7.049494579524411,7.049494579524411,7.049494579524411,7.049494579524411,7.049494579524411,7.049494579524411,7.049494579524411,7.049494579524411,7.049494579524411,7.049494579524411,7.049494579524411,7.049494579524411,7.049494579524411,7.049494579524411,7.049494579524411,7.049494579524411,7.049494579524411,5.185206849486374,5.185206849486374,5.185206849486374,5.185206849486374,5.185206849486374,5.185206849486374,5.185206849486374,5.185206849486374,5.185206849486374,5.185206849486374,5.185206849486374,5.185206849486374,5.185206849486374,5.185206849486374,5.185206849486374,5.185206849486374,5.185206849486374,5.185206849486374,5.185206849486374,5.185206849486374,5.185206849486374,5.185206849486374,5.185206849486374,5.185206849486374,5.185206849486374,5.185206849486374,5.185206849486374,5.185206849486374,5.185206849486374,5.185206849486374,5.185206849486374,5.185206849486374,5.185206849486374,5.185206849486374,5.185206849486374,5.185206849486374,5.185206849486374,5.185206849486374,5.185206849486374,5.185206849486374,5.185206849486374,5.185206849486374,5.0716232363526625,5.0716232363526625,5.0716232363526625,5.0716232363526625,5.0716232363526625,5.0716232363526625,5.0716232363526625,5.0716232363526625,5.0716232363526625,5.0716232363526625,5.0716232363526625,5.0716232363526625,5.0716232363526625,5.0716232363526625,5.0716232363526625,5.0716232363526625,5.0716232363526625,5.0716232363526625,5.0716232363526625,5.0716232363526625,5.0716232363526625,5.0716232363526625,5.0716232363526625,5.0716232363526625,5.0716232363526625,5.0716232363526625,5.0716232363526625,5.0716232363526625,5.0716232363526625,5.0716232363526625,5.0716232363526625,5.0716232363526625,5.0716232363526625,5.0716232363526625,5.0716232363526625,5.0716232363526625,5.0716232363526625,5.0716232363526625,5.0716232363526625,5.0716232363526625,5.0716232363526625,5.0716232363526625,5.0716232363526625,5.0716232363526625,5.0716232363526625,5.0716232363526625,5.0716232363526625,5.0716232363526625,5.0716232363526625,5.0716232363526625,5.0716232363526625,5.0716232363526625,5.0716232363526625,5.0716232363526625,5.0716232363526625,5.0716232363526625,5.0716232363526625,5.0716232363526625,5.0716232363526625,5.0716232363526625,5.0716232363526625,5.0716232363526625,4.978980948226004,4.978980948226004,4.978980948226004,4.8127511946340205,4.8127511946340205,4.788416038901304,4.788416038901304,4.788416038901304,4.788416038901304,4.788416038901304,4.788416038901304,4.788416038901304,4.788416038901304,4.773650707490884,4.773650707490884,4.773650707490884,4.773650707490884,4.773650707490884,4.773650707490884,4.773650707490884,4.773650707490884,4.773650707490884,4.773650707490884,4.773650707490884,4.773650707490884,4.773650707490884,4.773650707490884,4.773650707490884,4.773650707490884,4.773650707490884,4.773650707490884,4.773650707490884,4.773650707490884,4.773650707490884,4.773650707490884,4.773650707490884,4.773650707490884,4.773650707490884,4.773650707490883,4.773650707490883,4.773650707490883,4.773650707490883,4.773650707490883,4.773650707490883,4.773650707490883,4.773650707490883,4.773650707490883,4.773650707490883,4.773650707490883,4.773650707490883,4.773650707490883,4.773650707490883,4.773650707490883,4.773650707490883,4.773650707490883,4.773650707490883,4.773650707490883,4.773650707490883,4.773650707490883,4.773650707490883,4.773650707490883,4.773650707490883,4.773650707490883,4.773650707490883,4.773650707490883,4.773650707490883,4.773650707490883,4.773650707490883,4.773650707490883,4.773650707490883,4.773650707490883,4.773650707490883,4.773650707490883,4.773650707490883,4.773650707490883,4.773650707490883,4.773650707490883,4.773650707490883,4.773650707490883,4.773650707490883,4.773650707490883,4.773650707490883,4.773650707490883,4.773650707490883,4.773650707490883,4.773650707490883,4.773650707490883,4.773650707490883,4.773650707490883,4.773650707490883,4.773650707490883,4.773650707490883,4.773650707490883,4.773650707490883,4.773650707490883,4.773650707490883,4.773650707490883,4.773650707490883,4.773650707490883,4.773650707490883,4.773650707490883,4.773650707490883,4.773650707490883,4.773650707490883,4.773650707490883,4.773650707490883,4.773650707490883,4.773650707490883,4.773650707490883,4.773650707490883,4.773650707490883,4.773650707490883,4.773650707490883,4.773650707490883,4.773650707490883,4.773650707490883,4.773650707490883,4.773650707490883,4.773650707490883,4.773650707490883,4.773650707490883,4.773650707490883,4.773650707490883,4.773650707490883,4.773650707490883,4.773650707490883,4.773650707490883,4.773650707490883,4.773650707490883,4.773650707490883,4.773650707490883,4.773650707490883,4.773650707490883,4.773650707490883,4.773650707490883,4.773650707490883,4.773650707490883,4.773650707490883,4.773650707490883,4.773650707490883,4.773650707490883,4.773650707490883,4.773650707490883,4.773650707490883,4.773650707490883,4.773650707490883,4.773650707490883,4.773650707490883,4.773650707490883,4.773650707490883,4.773650707490883,4.773650707490883,4.773650707490883,4.773650707490883,4.773650707490883,4.773650707490883,4.773650707490883,4.773650707490883,4.773650707490883,4.773650707490883,4.773650707490883,4.773650707490883,4.773650707490883,4.773650707490883,4.773650707490883,4.773650707490883,4.773650707490883,4.773650707490883,4.773650707490883,4.773650707490883,4.773650707490883,4.773650707490883,4.773650707490883,4.773650707490883,4.773650707490883,4.773650707490883,4.773650707490883,4.773650707490883,4.773650707490883,4.773650707490883,4.773650707490883,4.773650707490883,4.773650707490883,4.773650707490883,4.773650707490883,4.773650707490883,4.773650707490883,4.773650707490883,4.773650707490883,4.773650707490883,4.773650707490883,4.773650707490883,4.773650707490883,4.773650707490883,4.773650707490883,4.773650707490883,4.773650707490883,4.773650707490883,4.773650707490883,4.773650707490883,4.773650707490883,4.773650707490883,4.773650707490883,4.773650707490883,4.773650707490883,4.773650707490883,4.773650707490883,4.773650707490883,4.773650707490883,4.773650707490883,4.773650707490883,4.773650707490883,4.773650707490883,4.773650707490883,4.773650707490883,4.773650707490883,4.773650707490883,4.773650707490883,4.773650707490883,4.773650707490883,4.773650707490883,4.773650707490883,4.773650707490883,4.773650707490883,4.773650707490883,4.773650707490883,4.773650707490883,4.773650707490883,4.773650707490883,4.773650707490883,4.773650707490883,4.773650707490883,4.773650707490883,4.773650707490883,4.773650707490883,4.773650707490883,4.773650707490883,4.773650707490883,4.773650707490883,4.773650707490883,4.773650707490883,4.773650707490883,4.773650707490883,4.773650707490883,4.773650707490883,4.773650707490883,4.773650707490883,4.773650707490883,4.773650707490883,4.773650707490883,2.048063700551347,2.048063700551347,2.048063700551347,2.048063700551347,2.048063700551347,2.048063700551347,2.048063700551347,2.048063700551347,2.048063700551347,2.048063700551347,2.048063700551347,2.048063700551347,2.048063700551347,2.048063700551347,2.048063700551347,2.048063700551347,2.048063700551347,2.048063700551347,2.048063700551347,2.048063700551347,2.048063700551347,2.048063700551347,2.048063700551347,2.048063700551347,2.048063700551347,2.048063700551347,2.048063700551347,2.048063700551347,2.048063700551347,2.048063700551347,2.048063700551347,2.048063700551347,2.048063700551347,2.048063700551347,2.048063700551347,2.048063700551347,2.048063700551347,2.048063700551347,2.048063700551347,2.048063700551347,2.048063700551347,2.048063700551347,2.048063700551347,2.048063700551347,2.048063700551347,2.048063700551347,2.048063700551347,2.048063700551347,2.048063700551347,2.048063700551347,2.048063700551347,2.048063700551347,2.048063700551347,2.048063700551347,2.048063700551347,2.048063700551347,2.048063700551347,2.048063700551347,2.048063700551347,2.048063700551347,2.048063700551347,2.048063700551347,2.048063700551347,2.048063700551347,2.048063700551347,2.048063700551347,2.048063700551347,2.048063700551347,2.048063700551347,2.048063700551347,2.048063700551347,2.048063700551347,2.048063700551347,2.048063700551347,2.048063700551347,2.048063700551347,2.048063700551347,2.048063700551347,2.048063700551347,2.048063700551347,2.048063700551347,2.048063700551347,2.048063700551347,2.048063700551347,2.048063700551347,2.048063700551347,2.048063700551347,2.048063700551347,2.048063700551347,2.048063700551347,2.048063700551347,2.048063700551347,2.048063700551347,2.048063700551347,2.048063700551347,2.048063700551347,2.048063700551347,2.048063700551347,2.048063700551347,2.048063700551347,2.048063700551347,2.048063700551347,2.048063700551347,2.048063700551347,2.048063700551347,2.048063700551347,2.048063700551347,2.048063700551347,2.048063700551347,2.048063700551347,2.048063700551347,2.048063700551347,2.048063700551347,2.048063700551347,2.048063700551347,2.048063700551347,2.048063700551347,2.048063700551347,2.048063700551347,2.048063700551347,2.048063700551347,2.048063700551347,2.048063700551347,2.048063700551347,2.048063700551347,2.048063700551347,2.048063700551347,2.048063700551347,2.048063700551347,2.048063700551347,2.048063700551347,2.048063700551347,2.048063700551347,2.048063700551347,2.048063700551347,2.048063700551347,2.048063700551347,2.048063700551347,2.048063700551347,2.048063700551347,2.048063700551347,2.048063700551347,2.048063700551347,2.048063700551347,2.048063700551347,2.048063700551347,2.048063700551347,2.048063700551347,2.048063700551347,2.048063700551347,2.048063700551347,2.048063700551347,2.048063700551347,2.048063700551347,2.048063700551347,2.048063700551347,2.048063700551347,2.048063700551347,2.048063700551347,2.048063700551347,2.048063700551347,2.048063700551347,2.048063700551347,2.048063700551347,2.048063700551347,2.048063700551347,2.048063700551347,2.048063700551347,2.048063700551347,2.048063700551347,2.048063700551347,2.048063700551347,2.048063700551347,2.048063700551347,2.048063700551347,2.048063700551347,2.048063700551347,2.048063700551347,2.048063700551347,2.048063700551347,2.048063700551347,2.048063700551347,2.048063700551347,2.048063700551347,2.048063700551347,2.048063700551347,2.048063700551347,2.048063700551347,2.048063700551347,2.048063700551347,2.048063700551347,2.048063700551347,2.048063700551347,2.048063700551347,2.048063700551347,2.048063700551347,2.048063700551347,2.048063700551347,2.048063700551347,2.048063700551347,2.048063700551347,2.048063700551347,2.048063700551347,2.048063700551347,2.048063700551347,2.048063700551347,2.048063700551347,2.048063700551347,2.048063700551347,2.048063700551347,2.048063700551347,2.048063700551347,2.048063700551347,2.048063700551347,2.048063700551347,2.048063700551347,2.048063700551347,2.048063700551347,2.048063700551347,2.048063700551347,2.048063700551347,2.048063700551347,2.048063700551347,2.048063700551347,2.048063700551347,2.048063700551347,2.048063700551347,2.048063700551347,2.048063700551347,2.048063700551347,2.048063700551347,2.048063700551347,2.048063700551347,2.048063700551347,2.048063700551347,2.048063700551347,2.048063700551347,2.048063700551347,2.048063700551347,2.048063700551347,2.048063700551347,2.048063700551347,2.048063700551347,2.048063700551347,2.048063700551347,2.048063700551347,2.048063700551347,2.048063700551347,2.048063700551347,2.048063700551347,2.048063700551347,2.048063700551347,2.048063700551347,2.048063700551347,2.048063700551347,2.048063700551347,2.048063700551347,2.048063700551347,2.048063700551347,2.048063700551347,2.048063700551347,2.048063700551347,2.048063700551347,2.048063700551347,2.048063700551347,2.048063700551347,2.048063700551347,2.048063700551347,2.048063700551347,2.048063700551347,2.048063700551347,2.048063700551347,2.048063700551347,2.048063700551347,2.048063700551347,2.048063700551347,2.048063700551347,2.048063700551347,2.048063700551347,2.048063700551347,2.048063700551347,2.048063700551347,2.048063700551347,2.048063700551347,2.048063700551347,2.048063700551347,2.048063700551347,2.048063700551347,2.048063700551347,2.048063700551347,2.048063700551347,2.048063700551347,2.048063700551347,2.048063700551347,2.048063700551347,2.048063700551347,2.048063700551347,2.048063700551347,2.048063700551347,2.048063700551347,2.048063700551347,2.048063700551347,2.048063700551347,2.048063700551347,2.048063700551347,2.048063700551347,2.048063700551347,2.048063700551347,2.048063700551347,2.048063700551347,2.048063700551347,2.048063700551347,2.048063700551347,2.048063700551347,2.048063700551347,2.048063700551347,2.048063700551347,2.048063700551347,2.048063700551347,2.048063700551347,2.048063700551347,2.048063700551347,2.048063700551347,2.048063700551347,2.048063700551347,2.048063700551347,2.048063700551347,2.048063700551347,2.048063700551347,2.048063700551347,2.048063700551347,2.048063700551347,2.048063700551347,2.048063700551347,2.048063700551347,2.048063700551347,2.048063700551347,2.048063700551347,2.048063700551347,2.048063700551347,2.048063700551347,2.048063700551347,2.048063700551347,2.048063700551347,2.048063700551347,2.048063700551347,2.048063700551347,2.048063700551347,2.048063700551347,2.048063700551347,2.048063700551347,2.048063700551347,2.048063700551347,2.048063700551347,2.048063700551347,2.048063700551347,2.048063700551347,2.048063700551347,2.048063700551347,2.048063700551347,2.048063700551347,2.048063700551347,2.048063700551347,2.048063700551347,2.048063700551347,2.048063700551347,2.048063700551347,2.048063700551347,2.048063700551347,2.048063700551347,2.048063700551347,2.048063700551347,2.048063700551347,2.048063700551347,2.048063700551347,2.048063700551347,2.048063700551347,2.048063700551347,2.048063700551347,2.048063700551347,2.048063700551347,2.048063700551347,2.048063700551347,2.048063700551347,2.048063700551347,2.048063700551347,2.048063700551347,2.048063700551347,2.048063700551347,2.048063700551347,2.048063700551347,2.048063700551347,2.048063700551347,2.048063700551347,2.048063700551347,2.048063700551347,2.048063700551347,2.048063700551347,2.048063700551347,2.048063700551347,2.048063700551347,2.048063700551347,2.048063700551347,2.048063700551347,2.048063700551347,2.048063700551347,2.048063700551347,2.048063700551347,2.048063700551347,2.048063700551347,2.048063700551347,2.048063700551347,2.048063700551347,2.048063700551347,2.048063700551347,2.048063700551347,2.048063700551347,2.048063700551347,2.048063700551347,2.048063700551347,2.048063700551347,2.048063700551347,2.048063700551347,2.048063700551347,2.048063700551347,2.048063700551347,2.048063700551347,2.048063700551347,2.048063700551347,2.048063700551347,2.048063700551347,2.048063700551347,2.048063700551347,2.048063700551347,2.048063700551347,2.048063700551347,2.048063700551347,2.048063700551347,2.048063700551347,2.048063700551347,2.048063700551347,2.048063700551347,2.048063700551347,2.048063700551347,2.048063700551347,2.048063700551347,2.048063700551347,2.048063700551347,2.048063700551347,2.048063700551347,2.048063700551347,2.048063700551347,2.048063700551347,2.048063700551347,2.048063700551347,2.048063700551347,2.048063700551347,2.048063700551347,2.048063700551347,2.048063700551347,2.048063700551347,2.048063700551347,2.048063700551347,2.048063700551347,2.048063700551347,2.048063700551347,2.048063700551347,2.048063700551347,2.048063700551347,2.048063700551347,2.048063700551347,2.048063700551347,2.048063700551347,2.048063700551347,2.048063700551347,2.048063700551347,2.048063700551347,2.048063700551347,2.048063700551347,2.048063700551347,2.048063700551347,2.048063700551347,2.048063700551347,2.048063700551347,2.048063700551347,2.048063700551347,2.048063700551347,2.048063700551347,2.048063700551347,2.048063700551347,2.048063700551347,2.048063700551347,2.048063700551347,2.048063700551347,2.048063700551347,2.048063700551347,7.063891051555597,7.063891051555597,7.063891051555597,7.023135587079205,7.023135587079205,7.023135587079205,7.023135587079205,7.023135587079205,7.023135587079205,7.023135587079205,7.023135587079205,7.023135587079205,7.023135587079205,7.023135587079205,7.023135587079205,7.023135587079205,7.023135587079205,7.023135587079205,7.023135587079205,7.023135587079205,7.023135587079205,7.023135587079205,7.023135587079205,7.023135587079205,7.023135587079205,7.023135587079205,7.023135587079205,7.023135587079205,7.023135587079205,7.023135587079205,7.023135587079205,7.023135587079205,7.023135587079205,7.023135587079205,7.023135587079205,7.023135587079205,7.023135587079205,7.023135587079205,7.023135587079205,7.023135587079205,7.023135587079205,7.023135587079205,7.023135587079205,7.023135587079205,7.023135587079205,7.023135587079205,7.023135587079205,7.023135587079205,7.023135587079205,6.990079633048729,6.990079633048729,6.786938300403044,6.786938300403044,6.786938300403044,6.786938300403044,6.786938300403044,6.786938300403044,6.786938300403044,6.786938300403044,6.786938300403044,6.786938300403044,6.786938300403044,6.786938300403044,6.786938300403044,6.786938300403044,6.786938300403044,6.786938300403044,6.786938300403044,6.786938300403044,6.786938300403044,6.786938300403044,6.786938300403044,6.786938300403044,6.786938300403044,6.786938300403044,6.786938300403044,6.786938300403044,6.786938300403044,6.786938300403044,6.786938300403044,6.786938300403044,6.786938300403044,6.786938300403044,6.786938300403044,6.786938300403044,6.786938300403044,6.786938300403044,6.786938300403044,6.786938300403044,6.786938300403044,6.786938300403044,6.786938300403044,6.786938300403044,6.786938300403044,6.786938300403044,6.786938300403044,6.786938300403044,6.786938300403044,6.786938300403044,6.786938300403044,6.786938300403044,6.786938300403044,6.786938300403044,6.786938300403044,6.786938300403044,6.786938300403044,6.786938300403044,6.786938300403044,6.786938300403044,6.786938300403044,6.786938300403044,6.786938300403044,6.786938300403044,6.786938300403044,6.786938300403044,6.786938300403044,6.786938300403044,6.786938300403044,6.786938300403044,6.786938300403044,6.786938300403044,6.786938300403044,6.786938300403044,6.786938300403044,6.786938300403044,6.786938300403044,6.786938300403044,6.786938300403044,6.786938300403044,6.786938300403044,6.786938300403044,6.786938300403044,6.786938300403044,6.786938300403044,6.786938300403044,6.786938300403044,6.786938300403044,6.786938300403044,6.786938300403044,6.786938300403044,6.786938300403044,6.786938300403044,6.786938300403044,6.786938300403044,6.786938300403044,6.786938300403044,6.786938300403044,6.786938300403044,6.786938300403044,6.786938300403044,6.786938300403044,6.786938300403044,6.786938300403044,6.786938300403044,6.786938300403044,6.786938300403044,6.786938300403044,6.786938300403044,6.786938300403044,6.786938300403044,6.786938300403044,6.786938300403044,6.786938300403044,6.786938300403044,6.786938300403044,6.786938300403044,6.786938300403044,6.786938300403044,6.786938300403044,6.786938300403044,6.786938300403044,6.786938300403044,6.786938300403044,6.786938300403044,6.786938300403044,6.786938300403044,6.786938300403044,6.786938300403044,5.8813804380392805,5.569518249537101,5.569518249537101,5.569518249537101,5.569518249537101,5.569518249537101,5.569518249537101,5.569518249537101,5.569518249537101,5.569518249537101,5.569518249537101,5.569518249537101,5.569518249537101,5.569518249537101,5.569518249537101,5.569518249537101,5.569518249537101,5.569518249537101,5.17260353180724,5.1220092841461,5.1220092841461,5.1220092841461,5.1220092841461,5.1220092841461,5.1220092841461,5.1220092841461,5.1220092841461,5.1220092841461,5.1220092841461,5.1220092841461,5.1220092841461,5.1220092841461,5.1220092841461,5.1220092841461,5.1220092841461,5.1220092841461,5.1220092841461,5.1220092841461,5.1220092841461,5.1220092841461,5.1220092841461,4.988569051772733,4.988569051772733,4.988569051772733,4.988569051772733,4.988569051772733,4.988569051772733,4.988569051772733,4.988569051772733,4.988569051772733,4.988569051772733,4.988569051772733,4.988569051772733,4.988569051772733,4.988569051772733,4.988569051772733,4.988569051772733,4.988569051772733,4.988569051772733,4.988569051772733,4.988569051772733,4.988569051772733,4.988569051772733,4.988569051772733,4.988569051772733,4.988569051772733,4.988569051772733,4.988569051772733,4.988569051772733,4.988569051772733,4.988569051772733,4.988569051772733,4.988569051772733,4.988569051772733,4.988569051772733,4.988569051772733,4.988569051772733,4.988569051772733,4.988569051772733,4.988569051772733,4.988569051772733,4.988569051772733,4.988569051772733,4.988569051772733,4.988569051772733,4.988569051772733,4.988569051772733,4.988569051772733,4.988569051772733,4.988569051772733,4.988569051772733,4.988569051772733,4.988569051772733,4.988569051772733,4.988569051772733,4.988569051772733,4.988569051772733,4.988569051772733,4.988569051772733,4.988569051772733,4.988569051772733,4.988569051772733,4.988569051772733,4.988569051772733,4.988569051772733,4.988569051772733,4.988569051772733,4.988569051772733,4.988569051772733,4.988569051772733,4.988569051772733,4.988569051772733,4.988569051772733,4.988569051772733,4.988569051772733,4.988569051772733,4.988569051772733,4.988569051772733,4.988569051772733,4.988569051772733,4.988569051772733,4.988569051772733,4.988569051772733,4.988569051772733,4.988569051772733,4.988569051772733,4.988569051772733,4.988569051772733,4.988569051772733,4.988569051772733,4.988569051772733,4.988569051772733,2.158872465741163,2.158872465741163,2.158872465741163,2.158872465741163,2.158872465741163,2.158872465741163,2.158872465741163,2.158872465741163,2.158872465741163,2.158872465741163,2.158872465741163,2.158872465741163,2.158872465741163,2.158872465741163,2.158872465741163,2.158872465741163,2.158872465741163,2.158872465741163,2.158872465741163,2.158872465741163,2.158872465741163,2.158872465741163,2.158872465741163,2.158872465741163,2.158872465741163,2.158872465741163,2.158872465741163,2.158872465741163,2.158872465741163,2.158872465741163,2.158872465741163,2.158872465741163,2.158872465741163,2.158872465741163,2.158872465741163,2.158872465741163,2.158872465741163,2.158872465741163,2.158872465741163,2.158872465741163,2.158872465741163,2.158872465741163,2.158872465741163,2.158872465741163,2.158872465741163,2.158872465741163,2.158872465741163,2.158872465741163,2.158872465741163,2.158872465741163,2.158872465741163,2.158872465741163,2.158872465741163,2.158872465741163,2.158872465741163,2.158872465741163,2.158872465741163,2.158872465741163,2.158872465741163,2.158872465741163,2.158872465741163,2.158872465741163,2.158872465741163,2.158872465741163,2.158872465741163,2.158872465741163,2.158872465741163,2.158872465741163,2.158872465741163,2.158872465741163,2.158872465741163,2.158872465741163,2.158872465741163,2.158872465741163,2.158872465741163,2.158872465741163,2.158872465741163,2.158872465741163,2.158872465741163,2.158872465741163,2.158872465741163,2.158872465741163,2.158872465741163,2.158872465741163,2.158872465741163,2.158872465741163,2.158872465741163,2.158872465741163,2.158872465741163,2.158872465741163,2.158872465741163,2.158872465741163,2.158872465741163,2.158872465741163,2.158872465741163,2.158872465741163,2.158872465741163,2.158872465741163,2.158872465741163,2.158872465741163,2.158872465741163,2.158872465741163,2.158872465741163,2.158872465741163,2.158872465741163,2.158872465741163,2.158872465741163,2.158872465741163,2.158872465741163,2.158872465741163,2.158872465741163,2.158872465741163,2.158872465741163,2.158872465741163,2.158872465741163,2.158872465741163,2.158872465741163,2.158872465741163,2.158872465741163,2.158872465741163,2.158872465741163,2.158872465741163,2.158872465741163,2.158872465741163,2.158872465741163,2.158872465741163,2.158872465741163,2.158872465741163,2.158872465741163,2.158872465741163,2.158872465741163,2.158872465741163,2.158872465741163,2.158872465741163,2.158872465741163,2.158872465741163,2.158872465741163,2.158872465741163,2.158872465741163,2.158872465741163,2.158872465741163,2.158872465741163,2.158872465741163,2.158872465741163,2.158872465741163,2.158872465741163,2.158872465741163,2.158872465741163,2.158872465741163,2.158872465741163,2.158872465741163,2.158872465741163,2.158872465741163,2.158872465741163,2.158872465741163,2.158872465741163,2.158872465741163,2.158872465741163,2.158872465741163,2.158872465741163,2.158872465741163,2.158872465741163,2.158872465741163,2.158872465741163,2.158872465741163,2.158872465741163,2.158872465741163,2.158872465741163,2.158872465741163,2.158872465741163,2.158872465741163,2.158872465741163,2.158872465741163,2.158872465741163,2.158872465741163,2.158872465741163,2.158872465741163,2.158872465741163,2.158872465741163,2.158872465741163,2.158872465741163,2.158872465741163,2.158872465741163,2.158872465741163,2.158872465741163,2.158872465741163,2.158872465741163,2.158872465741163,2.158872465741163,2.158872465741163,2.158872465741163,2.158872465741163,2.158872465741163,2.158872465741163,2.158872465741163,2.158872465741163,2.158872465741163,2.158872465741163,2.158872465741163,2.158872465741163,2.158872465741163,2.158872465741163,2.158872465741163,2.158872465741163,2.158872465741163,2.158872465741163,2.158872465741163,2.158872465741163,2.158872465741163,2.158872465741163,2.158872465741163,2.158872465741163,2.158872465741163,2.158872465741163,2.158872465741163,2.158872465741163,2.158872465741163,2.158872465741163,2.158872465741163,2.158872465741163,2.158872465741163,2.158872465741163,2.158872465741163,2.158872465741163,2.158872465741163,2.158872465741163,2.158872465741163,2.158872465741163,2.158872465741163,2.158872465741163,2.158872465741163,2.158872465741163,2.158872465741163,2.158872465741163,2.158872465741163,2.158872465741163,2.158872465741163,2.158872465741163,2.158872465741163,2.158872465741163,2.158872465741163,2.158872465741163,2.158872465741163,2.158872465741163,2.158872465741163,2.158872465741163,2.158872465741163,2.158872465741163,2.158872465741163,2.158872465741163,2.158872465741163,2.158872465741163,2.158872465741163,2.158872465741163,2.158872465741163,2.158872465741163,2.158872465741163,2.158872465741163,2.158872465741163,2.158872465741163,2.158872465741163,2.158872465741163,2.158872465741163,2.158872465741163,2.158872465741163,2.158872465741163,2.158872465741163,2.158872465741163,2.158872465741163,2.158872465741163,2.158872465741163,2.158872465741163,2.158872465741163,2.158872465741163,2.158872465741163,2.158872465741163,2.158872465741163,2.158872465741163,2.158872465741163,2.158872465741163,2.158872465741163,2.158872465741163,2.158872465741163,2.158872465741163,2.158872465741163,2.158872465741163,2.158872465741163,2.158872465741163,2.158872465741163,2.158872465741163,2.158872465741163,2.158872465741163,2.158872465741163,2.158872465741163,2.158872465741163,2.158872465741163,2.158872465741163,2.158872465741163,2.158872465741163,2.158872465741163,2.158872465741163,2.158872465741163,2.158872465741163,2.158872465741163,2.158872465741163,2.158872465741163,2.158872465741163,2.158872465741163,2.158872465741163,2.158872465741163,2.158872465741163,2.158872465741163,2.158872465741163,2.158872465741163,2.158872465741163,2.158872465741163,2.158872465741163,2.158872465741163,2.158872465741163,2.158872465741163,2.158872465741163,2.158872465741163,2.158872465741163,2.158872465741163,2.158872465741163,2.158872465741163,2.158872465741163,2.158872465741163,2.158872465741163,2.158872465741163,2.158872465741163,2.158872465741163,2.158872465741163,2.158872465741163,2.158872465741163,2.158872465741163,2.158872465741163,2.158872465741163,2.158872465741163,2.158872465741163,2.158872465741163,2.158872465741163,2.158872465741163,2.158872465741163,2.158872465741163,2.158872465741163,2.158872465741163,2.158872465741163,2.158872465741163,2.158872465741163,2.158872465741163,2.158872465741163,2.158872465741163,2.158872465741163,2.158872465741163,2.158872465741163,2.158872465741163,2.158872465741163,2.158872465741163,2.158872465741163,2.158872465741163,2.158872465741163,2.158872465741163,2.158872465741163,2.158872465741163,2.158872465741163,2.158872465741163,2.158872465741163,2.158872465741163,2.158872465741163,2.158872465741163,2.158872465741163,2.158872465741163,2.158872465741163,2.158872465741163,2.158872465741163,2.158872465741163,2.158872465741163,2.158872465741163,2.158872465741163,2.158872465741163,2.158872465741163,2.158872465741163,2.158872465741163,2.158872465741163,2.158872465741163,2.158872465741163,2.158872465741163,2.158872465741163,2.158872465741163,2.158872465741163,2.158872465741163,2.158872465741163,2.158872465741163,2.158872465741163,2.158872465741163,2.158872465741163,2.158872465741163,2.158872465741163,2.158872465741163,2.158872465741163,2.158872465741163,2.158872465741163,2.158872465741163,2.158872465741163,2.158872465741163,2.158872465741163,2.158872465741163,2.158872465741163,2.158872465741163,2.158872465741163,2.158872465741163,2.158872465741163,2.158872465741163,2.158872465741163,2.158872465741163,2.158872465741163,2.158872465741163,2.158872465741163,2.158872465741163,2.158872465741163,2.158872465741163,2.158872465741163,2.158872465741163,2.158872465741163,2.158872465741163,2.158872465741163,2.158872465741163,2.158872465741163,2.158872465741163,2.158872465741163,2.158872465741163,2.158872465741163,2.158872465741163,2.158872465741163,2.158872465741163,2.158872465741163,2.158872465741163,2.158872465741163,2.158872465741163,2.158872465741163,2.158872465741163,2.158872465741163,2.158872465741163,2.158872465741163,2.158872465741163,2.158872465741163,2.158872465741163,2.158872465741163,2.158872465741163,2.158872465741163,2.158872465741163,2.158872465741163,2.158872465741163,2.158872465741163,2.158872465741163,2.158872465741163,2.158872465741163,2.158872465741163,2.158872465741163,2.158872465741163,2.158872465741163,2.158872465741163,2.158872465741163,2.158872465741163,2.158872465741163,2.158872465741163,2.158872465741163,2.158872465741163,2.158872465741163,2.158872465741163,2.158872465741163,2.158872465741163,2.158872465741163,2.158872465741163,2.158872465741163,2.158872465741163,2.158872465741163,2.158872465741163,2.158872465741163,2.158872465741163,2.158872465741163,2.158872465741163,2.158872465741163,2.158872465741163,2.158872465741163,2.158872465741163,2.158872465741163,2.158872465741163,2.158872465741163,2.158872465741163,2.158872465741163,2.158872465741163,2.158872465741163,2.158872465741163,2.158872465741163,2.158872465741163,2.158872465741163,2.158872465741163,2.158872465741163,2.158872465741163,2.158872465741163,2.158872465741163,2.158872465741163,2.158872465741163,2.158872465741163,2.158872465741163,2.158872465741163,2.158872465741163,2.158872465741163,2.158872465741163,2.158872465741163,2.158872465741163,2.158872465741163,2.158872465741163,2.158872465741163,2.158872465741163,2.158872465741163,2.158872465741163,2.158872465741163,2.158872465741163,2.158872465741163,2.158872465741163,2.158872465741163,2.158872465741163,2.158872465741163,2.158872465741163,2.158872465741163,2.158872465741163,2.158872465741163,2.158872465741163,2.158872465741163,2.158872465741163,2.158872465741163,2.158872465741163,2.158872465741163,2.158872465741163,2.158872465741163,2.158872465741163,2.158872465741163,2.158872465741163,2.158872465741163,2.158872465741163,2.158872465741163,2.158872465741163,2.158872465741163,2.158872465741163,2.158872465741163,2.158872465741163,2.158872465741163,2.158872465741163,2.158872465741163,2.158872465741163,2.158872465741163,2.158872465741163,2.158872465741163,2.158872465741163,2.158872465741163,2.158872465741163,2.158872465741163,2.158872465741163,2.158872465741163,2.158872465741163,2.158872465741163,2.158872465741163,2.158872465741163,2.158872465741163,2.158872465741163,2.158872465741163,2.158872465741163,2.158872465741163,2.158872465741163,2.158872465741163,2.158872465741163,2.158872465741163,2.158872465741163,2.158872465741163,2.158872465741163,2.158872465741163,2.158872465741163,2.158872465741163,2.158872465741163,2.158872465741163,2.158872465741163,2.158872465741163,2.158872465741163,2.158872465741163,2.158872465741163,2.158872465741163,2.158872465741163,2.158872465741163,2.158872465741163,2.158872465741163,2.158872465741163,2.158872465741163,2.158872465741163,2.158872465741163,2.158872465741163,2.158872465741163,2.158872465741163,2.158872465741163,2.158872465741163,2.158872465741163,2.158872465741163,2.158872465741163,2.158872465741163,2.158872465741163,2.158872465741163,2.158872465741163,2.158872465741163,2.158872465741163,2.158872465741163,2.158872465741163,2.158872465741163,2.158872465741163,2.158872465741163,2.158872465741163,2.158872465741163,2.158872465741163,2.158872465741163,2.158872465741163,2.158872465741163,2.158872465741163,2.158872465741163,2.158872465741163,2.158872465741163,2.158872465741163,2.158872465741163,2.158872465741163,2.158872465741163,2.158872465741163,2.158872465741163,2.158872465741163,2.158872465741163,2.158872465741163,2.158872465741163,2.158872465741163,2.158872465741163,2.158872465741163,2.158872465741163,2.158872465741163,2.158872465741163,2.158872465741163,2.158872465741163,2.158872465741163,2.158872465741163,2.158872465741163,2.158872465741163,2.158872465741163,2.158872465741163,2.158872465741163,2.158872465741163,2.158872465741163,2.158872465741163,2.158872465741163,2.158872465741163,2.158872465741163,2.158872465741163,2.158872465741163,2.158872465741163,2.158872465741163,2.158872465741163,2.158872465741163,2.158872465741163,2.158872465741163,2.158872465741163,2.158872465741163,2.158872465741163,2.158872465741163,2.158872465741163,2.158872465741163,2.158872465741163,2.158872465741163,2.158872465741163,2.158872465741163,2.158872465741163,2.158872465741163,2.158872465741163,2.158872465741163,2.158872465741163,2.158872465741163,2.158872465741163,2.158872465741163,2.158872465741163,2.158872465741163,2.158872465741163,2.158872465741163,2.158872465741163,2.158872465741163,2.158872465741163,7.001312930079627,7.001312930079627,7.001312930079627,7.001312930079627,7.001312930079627,7.001312930079627,7.001312930079627,6.954035736124669,6.954035736124669,6.813749081342591,6.813749081342591,6.813749081342591,6.813749081342591,6.813749081342591,6.813749081342591,6.798190829034994,6.798190829034994,6.798190829034994,6.798190829034994,6.798190829034994,6.798190829034994,6.798190829034994,6.798190829034994,6.798190829034994,6.798190829034994,6.798190829034994,6.798190829034994,6.798190829034994,6.798190829034994,6.798190829034994,6.798190829034994,6.798190829034994,6.798190829034994,6.798190829034994,6.798190829034994,6.798190829034994,6.798190829034994,6.798190829034994,6.798190829034994,6.798190829034994,6.798190829034994,6.798190829034994,6.798190829034994,6.798190829034994,6.798190829034994,6.798190829034994,6.675174857130752,6.236704485450975,6.236704485450975,6.236704485450975,6.124631567632274,6.124631567632274,6.124631567632274,6.124631567632274,5.806269560371607,5.447765523149372,5.447765523149372,5.447765523149372,5.447765523149372,5.447765523149372,5.447765523149372,5.447765523149372,5.447765523149372,5.447765523149372,5.447765523149372,5.447765523149372,5.447765523149372,5.447765523149372,5.447765523149372,5.447765523149372,5.447765523149372,5.302611437902437,4.911217146193615,4.911217146193615,4.911217146193615,4.911217146193615,4.911217146193615,4.911217146193615,4.911217146193615,4.911217146193615,4.911217146193615,4.911217146193615,4.911217146193615,4.911217146193615,4.911217146193615,4.911217146193615,4.911217146193615,4.911217146193615,4.911217146193615,4.911217146193615,4.911217146193615,4.821426073108399,4.821426073108399,4.821426073108399,4.821426073108399,4.821426073108399,4.518557947081197,4.464930377703234,4.464930377703234,4.464930377703234,4.219446415841257,4.219446415841257,4.219446415841257,4.219446415841257,4.219446415841257,4.219446415841257,4.219446415841257,4.219446415841257,4.219446415841257,4.219446415841257,4.219446415841257,4.219446415841257,4.219446415841257,4.219446415841257,4.219446415841257,4.219446415841257,4.219446415841257,4.219446415841257,4.219446415841257,4.219446415841257,4.219446415841257,4.219446415841257,4.219446415841257,4.219446415841257,4.219446415841257,4.219446415841257,4.219446415841257,4.219446415841257,4.219446415841257,4.219446415841257,4.219446415841257,4.219446415841257,4.219446415841257,4.219446415841257,4.219446415841257,4.219446415841257,4.219446415841257,4.219446415841257,4.219446415841257,4.219446415841257,4.219446415841257,4.219446415841257,4.219446415841257,4.219446415841257,4.219446415841257,4.219446415841257,4.219446415841257,4.219446415841257,4.219446415841257,4.219446415841257,4.219446415841257,4.219446415841257,4.219446415841257,4.219446415841257,4.219446415841257,4.219446415841257,4.219446415841257,4.219446415841257,4.219446415841257,4.219446415841257,4.219446415841257,4.219446415841257,4.219446415841257,4.219446415841257,4.219446415841257,4.219446415841257,4.219446415841257,4.219446415841257,4.219446415841257,4.219446415841257,4.219446415841257,4.219446415841257,4.219446415841257,4.219446415841257,4.219446415841257,4.219446415841257,4.219446415841257,4.219446415841257,4.219446415841257,4.219446415841257,4.219446415841257,4.219446415841257,4.219446415841257,4.219446415841257,4.219446415841257,4.219446415841257,4.219446415841257,4.219446415841257,4.219446415841257,4.219446415841257,4.219446415841257,4.219446415841257,4.219446415841257,4.219446415841257,4.219446415841257,4.219446415841257,4.219446415841257,4.219446415841257,4.219446415841257,4.219446415841257,4.219446415841257,4.219446415841257,4.219446415841257,4.219446415841257,4.219446415841257,4.219446415841257,4.219446415841257,4.219446415841257,4.219446415841257,4.219446415841257,4.219446415841257,4.219446415841257,4.219446415841257,4.219446415841257,4.219446415841257,4.219446415841257,4.219446415841257,4.219446415841257,4.219446415841257,4.219446415841257,4.219446415841257,4.219446415841257,4.219446415841257,4.219446415841257,4.219446415841257,4.219446415841257,4.219446415841257,4.219446415841257,4.219446415841257,4.219446415841257,4.219446415841257,4.219446415841257,4.219446415841257,4.219446415841257,4.219446415841257,4.219446415841257,4.219446415841257,4.219446415841257,4.219446415841257,4.219446415841257,4.219446415841257,4.219446415841257,4.219446415841257,4.219446415841257,4.219446415841257,4.219446415841257,4.219446415841257,4.219446415841257,4.219446415841257,4.219446415841257,4.219446415841257,4.219446415841257,4.219446415841257,4.219446415841257,4.219446415841257,4.219446415841257,4.219446415841257,4.219446415841257,4.219446415841257,4.219446415841257,4.219446415841257,4.219446415841257,4.219446415841257,4.219446415841257,4.219446415841257,4.219446415841257,4.068604451120995,3.771236863590172,3.771236863590172,3.771236863590172,3.771236863590172,3.771236863590172,3.771236863590172,3.771236863590172,3.771236863590172,3.771236863590172,3.771236863590172,3.771236863590172,3.771236863590172,3.771236863590172,3.771236863590172,3.771236863590172,3.771236863590172,3.771236863590172,3.771236863590172,3.771236863590172,3.771236863590172,3.6602237364600287,3.6602237364600287,3.6602237364600287,3.6602237364600287,3.6602237364600287,3.6602237364600287,3.6602237364600287,3.6602237364600287,3.6602237364600287,3.6602237364600287,3.6602237364600287,3.6602237364600287,3.6602237364600287,3.6602237364600287,3.6602237364600287,3.6602237364600287,3.6602237364600287,3.6602237364600287,3.6602237364600287,3.6602237364600287,3.6602237364600287,3.6602237364600287,3.6602237364600287,3.6602237364600287,3.6602237364600287,3.6602237364600287,3.6602237364600287,3.6602237364600287,3.6602237364600287,3.6602237364600287,3.6602237364600287,3.6602237364600287,3.6602237364600287,3.6602237364600287,3.6602237364600287,3.6602237364600287,3.6602237364600287,3.6602237364600287,3.6602237364600287,3.6602237364600287,3.6602237364600287,3.6602237364600287,3.6602237364600287,3.6602237364600287,3.6602237364600287,3.6602237364600287,3.6602237364600287,3.6602237364600287,3.6602237364600287,3.6602237364600287,3.6602237364600287,3.6602237364600287,3.6602237364600287,3.6602237364600287,3.6602237364600287,3.6602237364600287,3.6602237364600287,3.6602237364600287,3.6602237364600287,3.6602237364600287,3.6602237364600287,3.6602237364600287,3.6602237364600287,3.6602237364600287,3.6602237364600287,3.6602237364600287,3.6602237364600287,3.6602237364600287,3.6602237364600287,3.6602237364600287,3.6602237364600287,3.6602237364600287,3.6602237364600287,3.6602237364600287,3.6602237364600287,3.6602237364600287,3.6602237364600287,3.6602237364600287,3.6602237364600287,3.6602237364600287,3.6602237364600287,3.6602237364600287,3.6602237364600287,3.6602237364600287,3.6602237364600287,3.6602237364600287,3.6602237364600287,3.6602237364600287,3.6602237364600287,3.6602237364600287,3.6602237364600287,3.6602237364600287,3.6602237364600287,3.6602237364600287,3.6602237364600287,3.6602237364600287,3.6602237364600287,3.6602237364600287,3.6602237364600287,3.6602237364600287,3.6602237364600287,3.6602237364600287,3.6602237364600287,3.6602237364600287,3.6602237364600287,3.6602237364600287,3.6602237364600287,3.6602237364600287,3.6602237364600287,3.6602237364600287,3.6602237364600287,3.6602237364600287,3.6602237364600287,3.6602237364600287,3.6602237364600287,3.6602237364600287,3.6602237364600287,3.6602237364600287,3.6602237364600287,3.6602237364600287,3.6602237364600287,3.6602237364600287,3.6602237364600287,3.6602237364600287,3.6602237364600287,3.6602237364600287,3.6602237364600287,3.6602237364600287,3.6602237364600287,3.6602237364600287,3.6602237364600287,3.6602237364600287,3.6602237364600287,3.6602237364600287,3.6602237364600287,3.6602237364600287,3.6602237364600287,3.6602237364600287,3.6602237364600287,3.6602237364600287,3.6602237364600287,3.6602237364600287,3.6602237364600287,3.6602237364600287,3.6602237364600287,3.6602237364600287,3.6602237364600287,3.6602237364600287,3.6602237364600287,3.6602237364600287,3.6602237364600287,3.6602237364600287,3.6602237364600287,3.6602237364600287,3.6602237364600287,3.6602237364600287,3.6602237364600287,2.9816464148475585,2.9816464148475585,2.9816464148475585,2.9816464148475585,2.9816464148475585,2.9816464148475585,2.9816464148475585,2.9816464148475585,2.9816464148475585,2.9816464148475585,2.9816464148475585,2.9816464148475585,2.9816464148475585,2.9816464148475585,2.9816464148475585,2.9816464148475585,2.9816464148475585,2.9816464148475585,2.9816464148475585,2.9816464148475585,2.9816464148475585,2.9816464148475585,2.9816464148475585,2.9816464148475585,2.9816464148475585,2.9816464148475585,2.9816464148475585,2.9816464148475585,2.9816464148475585,2.9816464148475585,2.9816464148475585,2.9816464148475585,2.9816464148475585,2.9816464148475585,2.9816464148475585,2.9816464148475585,2.9816464148475585,2.9816464148475585,2.9816464148475585,2.9816464148475585,2.9816464148475585,2.9816464148475585,2.9816464148475585,2.9816464148475585,2.9816464148475585,2.9816464148475585,2.9816464148475585,2.9816464148475585,2.9816464148475585,2.9816464148475585,2.9816464148475585,2.9816464148475585,2.9816464148475585,2.9816464148475585,2.9816464148475585,2.9816464148475585,2.9816464148475585,2.9816464148475585,2.9816464148475585,2.9816464148475585,2.9816464148475585,2.9816464148475585,2.9816464148475585,2.9816464148475585,2.9816464148475585,2.9816464148475585,2.9816464148475585,2.9816464148475585,2.9816464148475585,2.9816464148475585,2.9816464148475585,2.9816464148475585,2.9816464148475585,2.9816464148475585,2.9816464148475585,2.9816464148475585,2.9816464148475585,2.9816464148475585,2.9816464148475585,2.9816464148475585,2.9816464148475585,2.9816464148475585,2.9816464148475585,2.9816464148475585,2.9816464148475585,2.9816464148475585,2.9816464148475585,2.9816464148475585,2.9816464148475585,2.9816464148475585,2.9816464148475585,2.9816464148475585,2.9816464148475585,2.9816464148475585,2.9816464148475585,2.9816464148475585,2.9816464148475585,2.9816464148475585,2.9816464148475585,2.9816464148475585,2.9816464148475585,2.9816464148475585,2.9816464148475585,2.9816464148475585,2.9816464148475585,2.9816464148475585,2.9816464148475585,2.9816464148475585,2.9816464148475585,2.9816464148475585,2.9816464148475585,2.9816464148475585,2.9816464148475585,2.9816464148475585,2.9816464148475585,2.9816464148475585,2.9816464148475585,2.9816464148475585,2.9816464148475585,2.9816464148475585,2.9816464148475585,2.9816464148475585,2.9816464148475585,2.9816464148475585,2.9816464148475585,2.9816464148475585,2.9816464148475585,2.9816464148475585,2.9816464148475585,2.9816464148475585,2.9816464148475585,2.9816464148475585,2.9816464148475585,2.9816464148475585,2.9816464148475585,2.9816464148475585,2.9816464148475585,2.9816464148475585,2.9816464148475585,2.9816464148475585,2.9816464148475585,2.9816464148475585,2.9816464148475585,2.9816464148475585,2.9816464148475585,2.9816464148475585,2.9816464148475585,2.9816464148475585,2.9816464148475585,2.9816464148475585,2.9816464148475585,2.9816464148475585,2.9816464148475585,2.9816464148475585,2.9816464148475585,2.9816464148475585,2.9816464148475585,2.9816464148475585,2.9816464148475585,2.9816464148475585,2.9816464148475585,2.9816464148475585,2.9816464148475585,2.9816464148475585,2.9816464148475585,2.9816464148475585,2.9816464148475585,2.9816464148475585,2.9816464148475585,2.9816464148475585,2.9816464148475585,2.9816464148475585,2.9816464148475585,2.9816464148475585,2.9816464148475585,2.9816464148475585,2.9816464148475585,2.9816464148475585,2.9816464148475585,2.9816464148475585,2.9816464148475585,2.9816464148475585,2.9816464148475585,2.9816464148475585,2.9816464148475585,2.9816464148475585,2.9816464148475585,2.9816464148475585,2.9816464148475585,2.9816464148475585,2.9816464148475585,2.9816464148475585,2.9816464148475585,2.9816464148475585,2.9816464148475585,2.9816464148475585,2.9816464148475585,2.9816464148475585,2.9816464148475585,2.9816464148475585,2.9816464148475585,2.9816464148475585,2.9816464148475585,2.9816464148475585,2.9816464148475585,2.9816464148475585,2.9816464148475585,2.9816464148475585,2.9816464148475585,2.9816464148475585,2.9816464148475585,2.9816464148475585,2.9816464148475585,2.9816464148475585,2.9816464148475585,2.9816464148475585,2.9816464148475585,2.9816464148475585,2.9816464148475585,2.9816464148475585,2.9816464148475585,2.9816464148475585,2.9816464148475585,2.9816464148475585,2.9816464148475585,2.9816464148475585,2.9816464148475585,2.9816464148475585,2.9816464148475585,2.9816464148475585,2.9816464148475585,2.9816464148475585,2.9816464148475585,2.9816464148475585,2.9816464148475585,2.9816464148475585,2.9816464148475585,2.9816464148475585,2.9816464148475585,2.9816464148475585,2.9816464148475585,2.9816464148475585,2.9816464148475585,2.9816464148475585,2.9816464148475585,2.9816464148475585,2.9816464148475585,2.9816464148475585,2.9816464148475585,2.9816464148475585,2.9816464148475585,2.9816464148475585,2.9816464148475585,2.9816464148475585,2.9816464148475585,2.9816464148475585,2.9816464148475585,2.9816464148475585,2.9816464148475585,2.9816464148475585,2.9816464148475585,2.9816464148475585,2.9816464148475585,2.9816464148475585,2.9816464148475585,2.9816464148475585,2.9816464148475585,2.9816464148475585,2.9816464148475585,2.9816464148475585,2.9816464148475585,2.9816464148475585,2.9816464148475585,2.9816464148475585,2.9816464148475585,2.9816464148475585,2.9816464148475585,2.9816464148475585,2.9816464148475585,2.9816464148475585,2.9816464148475585,2.9816464148475585,2.9816464148475585,2.9816464148475585,2.9816464148475585,2.9816464148475585,2.9816464148475585,2.9816464148475585,2.9816464148475585,2.9816464148475585,2.9816464148475585,2.9816464148475585,2.9816464148475585,2.9816464148475585,2.9816464148475585,2.9816464148475585,2.9816464148475585,2.9816464148475585,2.9816464148475585,2.9816464148475585,2.9816464148475585,2.9816464148475585,2.9816464148475585,2.9816464148475585,2.9816464148475585,2.9816464148475585,2.9816464148475585,2.9816464148475585,2.9816464148475585,2.9816464148475585,2.9816464148475585,2.9816464148475585,2.9816464148475585,2.9816464148475585,2.9816464148475585,2.9816464148475585,2.9816464148475585,2.9816464148475585,2.9816464148475585,2.9816464148475585,2.9816464148475585,2.9816464148475585,2.9816464148475585,2.9816464148475585,2.9816464148475585,2.9816464148475585,2.9816464148475585,2.9816464148475585,2.9816464148475585,2.9816464148475585,2.9816464148475585,2.9816464148475585,2.9816464148475585,2.9816464148475585,2.9816464148475585,2.9816464148475585,2.9816464148475585,2.9816464148475585,2.9816464148475585,2.9816464148475585,2.9816464148475585,2.9816464148475585,2.9816464148475585,2.9816464148475585,2.9816464148475585,2.9816464148475585,2.9816464148475585,2.9816464148475585,2.9816464148475585,2.9816464148475585,2.9816464148475585,2.9816464148475585,2.9816464148475585,2.9816464148475585,2.9816464148475585,2.9816464148475585,2.9816464148475585,2.9816464148475585,2.9816464148475585,2.9816464148475585,2.9816464148475585,2.9816464148475585,2.9816464148475585,2.9816464148475585,2.9816464148475585,2.9816464148475585,2.9816464148475585,2.9816464148475585,2.9816464148475585,2.9816464148475585,2.9816464148475585,2.9816464148475585,2.9816464148475585,2.9816464148475585,2.9816464148475585,2.9816464148475585,2.9816464148475585,2.9816464148475585,2.9816464148475585,2.9816464148475585,2.9816464148475585,2.9816464148475585,2.9816464148475585,2.9816464148475585,2.9816464148475585,2.9816464148475585,2.9816464148475585,2.9816464148475585,2.9816464148475585,2.9816464148475585,2.9816464148475585,2.9816464148475585,2.9816464148475585,2.9816464148475585,2.9816464148475585,2.9816464148475585,2.9816464148475585,2.9816464148475585,2.9816464148475585,2.9816464148475585,2.9816464148475585,2.9816464148475585,2.9816464148475585,2.9816464148475585,2.9816464148475585,2.9816464148475585,2.9816464148475585,2.9816464148475585,2.9816464148475585,2.9816464148475585,2.9816464148475585,2.9816464148475585,2.9816464148475585,2.9816464148475585,2.9816464148475585,2.9816464148475585,2.9816464148475585,2.9816464148475585,2.9816464148475585,2.9816464148475585,2.9816464148475585,2.9816464148475585,2.9816464148475585,2.9816464148475585,2.9816464148475585,2.9816464148475585,2.9816464148475585,2.9816464148475585,2.9816464148475585,2.9816464148475585,2.9816464148475585,2.9816464148475585,2.9816464148475585,2.9816464148475585,2.9816464148475585,2.9816464148475585,2.9816464148475585,2.9816464148475585,2.9816464148475585,2.9816464148475585,2.9816464148475585,2.9816464148475585,2.9816464148475585,2.9816464148475585,2.9816464148475585,2.9816464148475585,2.9816464148475585,2.9816464148475585,2.9816464148475585,2.9816464148475585,2.9816464148475585,2.9816464148475585,2.9816464148475585,2.9816464148475585,2.9816464148475585,2.9816464148475585,2.9816464148475585,2.9816464148475585,2.9816464148475585,2.9816464148475585,2.9816464148475585,2.9816464148475585,2.9816464148475585,2.9816464148475585,2.9816464148475585,2.9816464148475585,2.9816464148475585,2.9816464148475585,2.9816464148475585,2.9816464148475585,2.9816464148475585,2.9816464148475585,2.9816464148475585,2.9816464148475585,2.9816464148475585,2.9816464148475585,2.9816464148475585,2.9816464148475585,2.9816464148475585,2.9816464148475585,2.9816464148475585,2.9816464148475585,2.9816464148475585,2.9816464148475585,2.9816464148475585,2.9816464148475585,2.9816464148475585,2.9816464148475585,2.9816464148475585,2.9816464148475585,2.9816464148475585,2.9816464148475585,2.9816464148475585,2.9816464148475585,2.9816464148475585,2.9816464148475585,2.9816464148475585,2.9816464148475585,2.9816464148475585,2.9816464148475585,2.9816464148475585,2.9816464148475585,2.9816464148475585,2.9816464148475585,2.9816464148475585,2.9816464148475585,2.9816464148475585,2.9816464148475585,2.9816464148475585,2.9816464148475585,2.9816464148475585,2.9816464148475585,2.9816464148475585,2.9816464148475585,2.9816464148475585,2.9816464148475585,2.9816464148475585,2.9816464148475585,2.9816464148475585,2.9816464148475585,2.9816464148475585,2.9816464148475585,2.9816464148475585,2.9816464148475585,2.9816464148475585,2.9816464148475585,2.9816464148475585,2.9816464148475585,2.9816464148475585,2.9816464148475585,2.9816464148475585,2.9816464148475585,2.9816464148475585,2.9816464148475585,2.9816464148475585,2.9816464148475585,2.9816464148475585,2.9816464148475585,2.9816464148475585,2.9816464148475585,2.9816464148475585,2.9816464148475585,2.9816464148475585,2.9816464148475585,2.9816464148475585,2.9816464148475585,2.9816464148475585,2.9816464148475585,2.9816464148475585,2.9816464148475585,2.9816464148475585,2.9816464148475585,2.9816464148475585,2.9816464148475585,2.9816464148475585,2.9816464148475585,8.22159433482518,8.22159433482518,8.22159433482518,8.01476171759714,8.01476171759714,8.01476171759714,8.01476171759714,8.01476171759714,8.01476171759714,8.01476171759714,8.01476171759714,8.01476171759714,8.01476171759714,8.01476171759714,8.01476171759714,8.01476171759714,8.01476171759714,8.01476171759714,7.591479472941574,7.591479472941574,7.591479472941574,7.591479472941574,7.591479472941574,7.591479472941574,7.591479472941574,7.591479472941574,7.591479472941574,7.591479472941574,7.591479472941574,7.591479472941574,7.591479472941574,7.5681967737672915,7.5681967737672915,7.5681967737672915,7.5681967737672915,7.5681967737672915,7.5681967737672915,7.5681967737672915,7.5681967737672915,7.5681967737672915,7.5681967737672915,7.5681967737672915,7.5681967737672915,7.5681967737672915,7.5681967737672915,7.5681967737672915,7.5681967737672915,7.5681967737672915,7.5681967737672915,7.5681967737672915,7.5681967737672915,7.5681967737672915,7.5681967737672915,7.5681967737672915,7.5681967737672915,7.5681967737672915,7.5681967737672915,7.5681967737672915,7.5681967737672915,7.5681967737672915,7.5681967737672915,7.44732197512954,7.439308587094816,7.439308587094816,7.439308587094816,7.439308587094816,7.439308587094816,7.439308587094816,7.439308587094816,7.439308587094816,7.439308587094816,7.439308587094816,7.439308587094816,7.439308587094816,7.439308587094816,7.439308587094816,7.439308587094816,7.439308587094816,7.439308587094816,7.439308587094816,7.439308587094816,7.439308587094816,7.439308587094816,7.439308587094816,7.439308587094816,7.439308587094816,7.439308587094816,7.439308587094816,7.439308587094816,7.439308587094816,7.439308587094816,7.439308587094816,7.439308587094816,7.439308587094816,7.439308587094816,7.439308587094816,7.439308587094816,7.439308587094816,7.439308587094816,7.439308587094816,7.439308587094816,7.439308587094816,7.439308587094816,7.439308587094816,7.439308587094816,7.439308587094816,7.439308587094816,7.439308587094816,7.439308587094816,7.439308587094816,7.439308587094816,7.439308587094816,7.439308587094816,7.439308587094816,7.439308587094816,7.439308587094816,7.439308587094816,5.883048621694439,5.883048621694439,5.54046703677709,5.54046703677709,5.54046703677709,5.54046703677709,5.54046703677709,5.54046703677709,5.54046703677709,5.54046703677709,5.54046703677709,5.54046703677709,5.54046703677709,5.54046703677709,5.54046703677709,5.54046703677709,5.54046703677709,5.54046703677709,5.54046703677709,5.54046703677709,5.54046703677709,5.54046703677709,5.54046703677709,5.54046703677709,5.54046703677709,5.54046703677709,5.54046703677709,5.54046703677709,5.54046703677709,5.54046703677709,5.54046703677709,5.54046703677709,5.54046703677709,5.54046703677709,5.54046703677709,5.54046703677709,5.54046703677709,5.54046703677709,5.54046703677709,5.54046703677709,5.324620273051193,5.324620273051193,5.324620273051193,5.324620273051193,5.324620273051193,5.324620273051193,5.324620273051193,5.324620273051193,5.324620273051193,5.324620273051193,5.324620273051193,5.324620273051193,5.324620273051193,5.324620273051193,5.324620273051193,5.075214829639435,5.075214829639435,5.075214829639435,5.075214829639435,5.075214829639435,5.075214829639435,5.075214829639435,5.075214829639435,5.075214829639435,5.075214829639435,5.075214829639435,5.075214829639435,5.075214829639435,5.075214829639435,5.075214829639435,5.075214829639435,5.075214829639435,5.075214829639435,5.075214829639435,5.075214829639435,5.075214829639435,5.075214829639435,5.075214829639435,5.075214829639435,5.075214829639435,5.075214829639435,5.075214829639435,5.075214829639435,5.075214829639435,5.075214829639435,5.075214829639435,5.075214829639435,5.075214829639435,5.075214829639435,5.075214829639435,5.075214829639435,5.075214829639435,5.075214829639435,5.075214829639435,5.075214829639435,5.075214829639435,5.075214829639435,5.075214829639435,5.075214829639435,5.075214829639435,5.075214829639435,5.075214829639435,5.075214829639435,5.075214829639435,5.075214829639435,5.075214829639435,5.075214829639435,5.075214829639435,5.075214829639435,5.075214829639435,5.075214829639435,5.075214829639435,5.075214829639435,5.075214829639435,5.075214829639435,5.075214829639435,5.075214829639435,5.075214829639435,5.075214829639435,5.075214829639435,5.075214829639435,5.075214829639435,5.075214829639435,5.075214829639435,5.075214829639435,5.075214829639435,5.075214829639435,5.075214829639435,5.075214829639435,5.075214829639435,5.075214829639435,5.075214829639435,5.075214829639435,5.075214829639435,5.075214829639435,5.075214829639435,5.075214829639435,5.075214829639435,5.075214829639435,5.075214829639435,5.075214829639435,5.075214829639435,5.075214829639435,5.075214829639435,5.075214829639435,5.075214829639435,5.075214829639435,5.075214829639435,5.075214829639435,5.075214829639435,5.075214829639435,5.075214829639435,5.075214829639435,5.075214829639435,5.075214829639435,5.075214829639435,5.075214829639435,5.075214829639435,5.075214829639435,5.075214829639435,5.075214829639435,5.075214829639435,5.075214829639435,5.075214829639435,5.075214829639435,5.075214829639435,5.075214829639435,5.075214829639435,5.075214829639435,5.075214829639435,5.075214829639435,5.075214829639435,5.075214829639435,5.075214829639435,5.075214829639435,5.075214829639435,5.075214829639435,5.075214829639435,5.075214829639435,5.075214829639435,5.075214829639435,5.075214829639435,5.075214829639435,5.075214829639435,5.075214829639435,4.828538984013121,4.7671611596047665,4.715142426145158,4.692893290578175,4.692893290578175,4.692893290578175,4.692893290578175,4.692893290578175,4.692893290578175,4.692893290578175,4.692893290578175,4.692893290578175,4.692893290578175,4.692893290578175,4.692893290578175,4.692893290578175,4.692893290578175,4.692893290578175,4.692893290578175,4.692893290578175,4.692893290578175,4.692893290578175,4.692893290578175,4.692893290578175,4.692893290578175,4.692893290578175,4.692893290578175,4.692893290578175,4.692893290578175,4.692893290578175,4.692893290578175,4.692893290578175,4.692893290578175,4.692893290578175,4.692893290578175,4.692893290578175,4.692893290578175,4.692893290578175,4.692893290578175,4.692893290578175,4.692893290578175,4.692893290578175,4.692893290578175,4.692893290578175,4.692893290578175,4.692893290578175,4.692893290578175,4.692893290578175,4.692893290578175,4.692893290578175,4.692893290578175,4.692893290578175,4.692893290578175,4.692893290578175,4.692893290578175,4.692893290578175,4.692893290578175,4.692893290578175,4.692893290578175,4.692893290578175,4.692893290578175,4.692893290578175,4.692893290578175,4.692893290578175,4.692893290578175,4.692893290578175,4.692893290578175,4.692893290578175,4.692893290578175,4.692893290578175,4.692893290578175,4.692893290578175,4.692893290578175,4.692893290578175,4.692893290578175,4.692893290578175,4.692893290578175,4.692893290578175,4.692893290578175,4.692893290578175,4.692893290578175,4.692893290578175,4.692893290578175,4.692893290578175,4.692893290578175,4.692893290578175,4.692893290578175,4.692893290578175,4.692893290578175,4.692893290578175,4.692893290578175,4.692893290578175,4.692893290578175,4.692893290578175,4.692893290578175,4.692893290578175,4.692893290578175,4.692893290578175,4.692893290578175,4.692893290578175,4.692893290578175,4.692893290578175,4.692893290578175,4.692893290578175,4.692893290578175,4.692893290578175,4.692893290578175,4.692893290578175,4.692893290578175,4.692893290578175,4.692893290578175,4.692893290578175,4.692893290578175,4.692893290578175,4.692893290578175,4.692893290578175,4.692893290578175,4.692893290578175,4.692893290578175,4.692893290578175,4.692893290578175,4.692893290578175,4.692893290578175,4.692893290578175,4.692893290578175,4.692893290578175,4.692893290578175,4.692893290578175,4.692893290578175,4.692893290578175,4.692893290578175,4.692893290578175,4.692893290578175,4.692893290578175,4.692893290578175,4.692893290578175,4.692893290578175,4.692893290578175,4.692893290578175,4.692893290578175,4.692893290578175,4.692893290578175,4.692893290578175,4.692893290578175,4.692893290578175,4.692893290578175,4.692893290578175,4.692893290578175,4.692893290578175,4.692893290578175,4.692893290578175,4.692893290578175,4.692893290578175,4.692893290578175,4.692893290578175,4.692893290578175,4.692893290578175,4.692893290578175,4.692893290578175,4.692893290578175,4.692893290578175,4.692893290578175,4.692893290578175,4.692893290578175,4.692893290578175,4.692893290578175,4.692893290578175,4.692893290578175,4.692893290578175,4.692893290578175,4.692893290578175,4.692893290578175,4.692893290578175,4.692893290578175,4.692893290578175,4.692893290578175,4.692893290578175,4.692893290578175,4.692893290578175,4.692893290578175,4.692893290578175,4.692893290578175,4.692893290578175,4.692893290578175,4.692893290578175,4.692893290578175,4.692893290578175,4.692893290578175,4.692893290578175,4.692893290578175,4.692893290578175,4.692893290578175,4.692893290578175,4.692893290578175,4.692893290578175,4.692893290578175,4.692893290578175,4.692893290578175,4.692893290578175,4.692893290578175,4.692893290578175,4.692893290578175,4.692893290578175,4.692893290578175,4.692893290578175,4.692893290578175,4.692893290578175,4.692893290578175,4.692893290578175,4.692893290578175,4.692893290578175,4.692893290578175,4.692893290578175,4.692893290578175,4.692893290578175,4.692893290578175,4.692893290578175,4.692893290578175,4.692893290578175,4.692893290578175,4.692893290578175,4.692893290578175,4.692893290578175,4.692893290578175,4.692893290578175,4.692893290578175,4.692893290578175,4.692893290578175,4.692893290578175,4.692893290578175,4.692893290578175,4.692893290578175,4.692893290578175,4.692893290578175,4.692893290578175,4.692893290578175,4.692893290578175,4.692893290578175,4.692893290578175,4.692893290578175,4.692893290578175,4.692893290578175,4.692893290578175,4.692893290578175,4.692893290578175,4.692893290578175,4.692893290578175,4.692893290578175,4.692893290578175,4.692893290578175,4.692893290578175,4.692893290578175,4.692893290578175,4.692893290578175,4.692893290578175,4.692893290578175,4.692893290578175,4.692893290578175,4.692893290578175,4.692893290578175,4.692893290578175,4.692893290578175,4.692893290578175,4.692893290578175,4.692893290578175,4.692893290578175,4.692893290578175,4.692893290578175,4.692893290578175,4.692893290578175,4.692893290578175,4.692893290578175,4.692893290578175,4.692893290578175,4.692893290578175,4.692893290578175,4.692893290578175,4.692893290578175,4.692893290578175,4.692893290578175,4.692893290578175,4.692893290578175,4.692893290578175,4.692893290578175,4.692893290578175,4.692893290578175,4.692893290578175,4.692893290578175,4.692893290578175,4.692893290578175,4.692893290578175,4.692893290578175,4.692893290578175,4.692893290578175,4.692893290578175,4.692893290578175,4.692893290578175,4.692893290578175,4.692893290578175,4.692893290578175,4.692893290578175,4.692893290578175,4.692893290578175,4.692893290578175,4.692893290578175,4.692893290578175,4.692893290578175,4.692893290578175,4.692893290578175,4.692893290578175,4.692893290578175,4.692893290578175,4.692893290578175,4.692893290578175,4.692893290578175,4.692893290578175,4.692893290578175,4.692893290578175,4.692893290578175,4.692893290578175,4.692893290578175,4.692893290578175,4.692893290578175,4.692893290578175,4.692893290578175,4.692893290578175,4.692893290578175,4.692893290578175,4.692893290578175,4.692893290578175,4.692893290578175,4.692893290578175,4.692893290578175,4.692893290578175,4.692893290578175,4.692893290578175,4.692893290578175,4.692893290578175,4.692893290578175,4.692893290578175,4.692893290578175,4.692893290578175,4.692893290578175,4.692893290578175,4.692893290578175,4.692893290578175,4.692893290578175,4.692893290578175,4.692893290578175,4.692893290578175,4.692893290578175,4.692893290578175,4.692893290578175,4.692893290578175,4.692893290578175,4.692893290578175,4.692893290578175,4.692893290578175,4.692893290578175,4.692893290578175,4.692893290578175,4.692893290578175,4.692893290578175,4.692893290578175,4.692893290578175,4.692893290578175,4.692893290578175,4.692893290578175,4.692893290578175,4.692893290578175,4.692893290578175,4.692893290578175,4.692893290578175,4.692893290578175,4.692893290578175,4.692893290578175,4.692893290578175,4.692893290578175,4.692893290578175,4.692893290578175,4.692893290578175,4.692893290578175,4.692893290578175,4.692893290578175,4.692893290578175,4.692893290578175,4.692893290578175,4.692893290578175,4.692893290578175,4.692893290578175,4.692893290578175,4.692893290578175,4.692893290578175,4.692893290578175,4.692893290578175,4.692893290578175,4.692893290578175,4.692893290578175,4.692893290578175,4.692893290578175,4.692893290578175,4.692893290578175,4.692893290578175,4.692893290578175,4.692893290578175,4.692893290578175,4.692893290578175,4.692893290578175,4.692893290578175,4.692893290578175,4.692893290578175,4.692893290578175,4.692893290578175,4.692893290578175,4.692893290578175,4.692893290578175,4.692893290578175,4.692893290578175,4.692893290578175,4.692893290578175,4.692893290578175,4.692893290578175,4.692893290578175,4.692893290578175,4.692893290578175,4.692893290578175,4.692893290578175,4.692893290578175,4.692893290578175,4.692893290578175,4.692893290578175,4.692893290578175,4.692893290578175,4.692893290578175,4.692893290578175,4.692893290578175,4.692893290578175,4.692893290578175,4.692893290578175,4.692893290578175,4.692893290578175,4.692893290578175,4.692893290578175,4.692893290578175,4.692893290578175,4.692893290578175,4.692893290578175,4.692893290578175,4.692893290578175,4.692893290578175,4.692893290578175,4.692893290578175,4.692893290578175,4.692893290578175,4.692893290578175,4.692893290578175,4.692893290578175,4.692893290578175,4.692893290578175,4.692893290578175,4.692893290578175,4.692893290578175,4.692893290578175,4.692893290578175,4.692893290578175,4.692893290578175,4.692893290578175,4.692893290578175,4.692893290578175,4.692893290578175,4.692893290578175,4.692893290578175,4.692893290578175,4.692893290578175,4.692893290578175,4.692893290578175,4.692893290578175,4.692893290578175,4.692893290578175,4.692893290578175,4.692893290578175,4.692893290578175,4.692893290578175,4.692893290578175,4.692893290578175,4.692893290578175,4.692893290578175,4.692893290578175,4.692893290578175,4.692893290578175,4.692893290578175,4.692893290578175,4.692893290578175,4.692893290578175,4.692893290578175,4.692893290578175,4.692893290578175,4.692893290578175,4.692893290578175,4.692893290578175,4.692893290578175,4.692893290578175,4.692893290578175,4.692893290578175,4.692893290578175,4.692893290578175,4.692893290578175,4.692893290578175,4.692893290578175,4.692893290578175,4.692893290578175,4.692893290578175,4.692893290578175,4.692893290578175,4.692893290578175,4.692893290578175,4.692893290578175,4.692893290578175,4.692893290578175,4.692893290578175,4.692893290578175,4.692893290578175,4.692893290578175,4.692893290578175,4.692893290578175,4.692893290578175,4.692893290578175,4.692893290578175,4.692893290578175,4.692893290578175,4.692893290578175,4.692893290578175,4.692893290578175,4.692893290578175,4.692893290578175,4.692893290578175,4.692893290578175,4.692893290578175,4.692893290578175,4.692893290578175,4.692893290578175,4.692893290578175,4.692893290578175,4.692893290578175,4.692893290578175,4.692893290578175,4.692893290578175,4.692893290578175,4.692893290578175,4.692893290578175,4.692893290578175,4.692893290578175,4.692893290578175,4.692893290578175,4.692893290578175,4.692893290578175,4.692893290578175,4.692893290578175,4.692893290578175,4.692893290578175,4.692893290578175,4.692893290578175,4.692893290578175,4.692893290578175,4.692893290578175,4.692893290578175,4.692893290578175,4.692893290578175,4.692893290578175,4.692893290578175,4.692893290578175,4.692893290578175,4.692893290578175,4.692893290578175,4.692893290578175,4.692893290578175,4.692893290578175,4.692893290578175,4.692893290578175,4.692893290578175,4.692893290578175,4.692893290578175,4.692893290578175,4.692893290578175,4.692893290578175,4.692893290578175,4.692893290578175,4.692893290578175,4.692893290578175,4.692893290578175,4.692893290578175,4.692893290578175,4.692893290578175,4.692893290578175,4.692893290578175,4.692893290578175,4.692893290578175,4.692893290578175,4.692893290578175,4.692893290578175,4.692893290578175,4.692893290578175,4.692893290578175,4.692893290578175,4.692893290578175,4.692893290578175,4.692893290578175,4.692893290578175,4.692893290578175,4.692893290578175,4.692893290578175,4.692893290578175,4.692893290578175,4.692893290578175,4.692893290578175,4.692893290578175,4.692893290578175,4.692893290578175,4.692893290578175,4.692893290578175,4.692893290578175,4.692893290578175,4.692893290578175,4.692893290578175,4.692893290578175,4.692893290578175,4.692893290578175,4.692893290578175,4.692893290578175,4.692893290578175,4.692893290578175,4.692893290578175,4.692893290578175,4.692893290578175,4.692893290578175,4.692893290578175,4.692893290578175,4.692893290578175,4.692893290578175,4.692893290578175,4.692893290578175,4.692893290578175,4.692893290578175,4.692893290578175,4.692893290578175,4.692893290578175,4.692893290578175,4.692893290578175,4.692893290578175,4.692893290578175,4.692893290578175,4.692893290578175,4.692893290578175,4.692893290578175,4.692893290578175,4.692893290578175,4.692893290578175,4.692893290578175,4.692893290578175,4.692893290578175,4.692893290578175,4.692893290578175,4.692893290578175,4.692893290578175,4.692893290578175,4.692893290578175,4.692893290578175,4.692893290578175,4.692893290578175,4.692893290578175,4.692893290578175,4.692893290578175,4.692893290578175,4.692893290578175,4.692893290578175,4.692893290578175,4.692893290578175,4.692893290578175,4.692893290578175,4.692893290578175,4.692893290578175,4.692893290578175,4.692893290578175,4.692893290578175,4.692893290578175,4.692893290578175,4.692893290578175,4.692893290578175,4.692893290578175,4.692893290578175,4.692893290578175,4.692893290578175,4.692893290578175,4.692893290578175,4.692893290578175,4.692893290578175,4.692893290578175,4.692893290578175,6.251996725905341,5.329150159748735,5.329150159748735,5.329150159748735,5.328983049179843,5.328983049179843,5.2688903224673815,5.2343241875038515,5.2343241875038515,5.2343241875038515,5.2343241875038515,5.2343241875038515,5.2343241875038515,5.2343241875038515,5.2343241875038515,5.2343241875038515,5.2343241875038515,5.2343241875038515,5.2343241875038515,5.2343241875038515,5.2343241875038515,5.2343241875038515,5.2343241875038515,5.2343241875038515,5.2343241875038515,5.2343241875038515,5.2343241875038515,5.2343241875038515,5.2343241875038515,5.2343241875038515,5.2343241875038515,5.2343241875038515,5.2343241875038515,5.2343241875038515,5.2343241875038515,5.2343241875038515,5.2343241875038515,5.2343241875038515,5.2343241875038515,5.2343241875038515,5.2343241875038515,5.2343241875038515,5.2343241875038515,5.2343241875038515,5.2343241875038515,5.2343241875038515,5.2343241875038515,5.2343241875038515,5.2343241875038515,5.2343241875038515,5.2343241875038515,5.2343241875038515,5.2343241875038515,5.2343241875038515,5.2343241875038515,5.2343241875038515,5.2343241875038515,5.2343241875038515,5.2343241875038515,5.2343241875038515,5.2343241875038515,5.2343241875038515,5.2343241875038515,5.2343241875038515,5.2343241875038515,5.2343241875038515,5.2343241875038515,5.2343241875038515,5.2343241875038515,5.2343241875038515,5.2343241875038515,5.2343241875038515,5.2343241875038515,5.2343241875038515,5.2343241875038515,5.2343241875038515,5.2343241875038515,5.2343241875038515,5.2343241875038515,5.2343241875038515,5.2343241875038515,5.2343241875038515,5.2343241875038515,5.2343241875038515,5.2343241875038515,5.2343241875038515,5.2343241875038515,5.2343241875038515,5.2343241875038515,5.2343241875038515,5.2343241875038515,5.2343241875038515,5.234324187503851,5.234324187503851,5.234324187503851,5.234324187503851,5.234324187503851,5.234324187503851,5.234324187503851,5.234324187503851,5.234324187503851,5.234324187503851,5.234324187503851,5.234324187503851,5.234324187503851,5.234324187503851,5.234324187503851,5.234324187503851,5.234324187503851,5.234324187503851,5.234324187503851,5.234324187503851,5.234324187503851,5.234324187503851,5.234324187503851,5.234324187503851,5.234324187503851,5.234324187503851,5.234324187503851,5.234324187503851,5.234324187503851,5.234324187503851,5.234324187503851,5.234324187503851,5.234324187503851,5.234324187503851,5.234324187503851,5.234324187503851,5.234324187503851,5.234324187503851,5.234324187503851,5.234324187503851,5.234324187503851,5.234324187503851,5.234324187503851,5.234324187503851,5.234324187503851,5.234324187503851,5.234324187503851,5.234324187503851,5.234324187503851,5.234324187503851,5.234324187503851,5.234324187503851,5.234324187503851,5.234324187503851,5.234324187503851,5.234324187503851,5.234324187503851,5.234324187503851,5.234324187503851,5.234324187503851,5.234324187503851,5.234324187503851,5.234324187503851,5.234324187503851,5.234324187503851,5.234324187503851,5.234324187503851,5.234324187503851,5.234324187503851,5.234324187503851,5.234324187503851,5.234324187503851,5.234324187503851,5.234324187503851,5.234324187503851,5.234324187503851,5.234324187503851,5.234324187503851,5.234324187503851,5.234324187503851,5.234324187503851,5.234324187503851,5.234324187503851,5.234324187503851,5.234324187503851,5.234324187503851,5.234324187503851,5.234324187503851,5.234324187503851,5.234324187503851,5.234324187503851,5.234324187503851,5.234324187503851,5.234324187503851,5.234324187503851,5.234324187503851,5.234324187503851,5.234324187503851,5.234324187503851,5.234324187503851,5.234324187503851,5.234324187503851,5.234324187503851,5.234324187503851,5.234324187503851,5.234324187503851,5.234324187503851,5.234324187503851,5.234324187503851,5.234324187503851,5.234324187503851,5.234324187503851,5.234324187503851,4.482864364429321,4.431261986771827,4.431261986771827,4.431261986771827,3.649266034489754,3.649266034489754,3.649266034489754,3.649266034489754,3.649266034489754,3.649266034489754,3.649266034489754,3.649266034489754,3.649266034489754,3.649266034489754,3.649266034489754,3.649266034489754,3.649266034489754,3.649266034489754,3.649266034489754,3.649266034489754,3.3938640887168705,3.3938640887168705,3.3938640887168705,3.3938640887168705,3.3938640887168705,3.3938640887168705,3.3938640887168705,3.3938640887168705,3.3938640887168705,3.3938640887168705,3.3938640887168705,3.3938640887168705,3.3938640887168705,3.3938640887168705,3.3938640887168705,3.3938640887168705,3.3938640887168705,3.3938640887168705,3.3938640887168705,3.3938640887168705,3.3938640887168705,3.3938640887168705,3.3938640887168705,3.3938640887168705,3.3938640887168705,3.3938640887168705,3.3938640887168705,3.3938640887168705,3.3938640887168705,3.3938640887168705,3.3938640887168705,3.3938640887168705,3.3938640887168705,3.3938640887168705,3.3938640887168705,3.3938640887168705,3.3938640887168705,3.3938640887168705,3.3938640887168705,3.3938640887168705,3.3938640887168705,3.3938640887168705,3.3938640887168705,3.3938640887168705,3.3938640887168705,3.3938640887168705,3.3938640887168705,3.3938640887168705,3.3938640887168705,3.3938640887168705,3.3938640887168705,3.3938640887168705,3.3938640887168705,3.3938640887168705,3.3938640887168705,3.3938640887168705,3.3938640887168705,3.3938640887168705,3.3938640887168705,3.3938640887168705,3.3938640887168705,3.3938640887168705,3.3938640887168705,3.3938640887168705,3.3938640887168705,3.3938640887168705,3.3938640887168705,3.3938640887168705,3.3938640887168705,3.3938640887168705,3.3938640887168705,3.3938640887168705,3.3938640887168705,3.3938640887168705,3.3938640887168705,3.3938640887168705,3.3938640887168705,3.3938640887168705,3.3938640887168705,3.3938640887168705,3.3938640887168705,3.3938640887168705,3.3938640887168705,3.3938640887168705,3.3938640887168705,3.3938640887168705,3.3938640887168705,3.3938640887168705,3.3938640887168705,3.3938640887168705,3.3938640887168705,3.3938640887168705,3.3938640887168705,3.3938640887168705,3.3938640887168705,3.3938640887168705,3.3938640887168705,3.3938640887168705,3.3938640887168705,3.3938640887168705,3.3938640887168705,3.3938640887168705,3.3938640887168705,3.3938640887168705,3.3938640887168705,3.3938640887168705,3.3938640887168705,3.3938640887168705,3.3938640887168705,3.3938640887168705,3.3938640887168705,3.3938640887168705,3.3938640887168705,3.3938640887168705,3.3938640887168705,3.3938640887168705,3.3938640887168705,3.3938640887168705,3.3938640887168705,3.3938640887168705,3.3938640887168705,3.3938640887168705,3.3938640887168705,3.3938640887168705,3.3938640887168705,3.3938640887168705,3.3938640887168705,3.3938640887168705,3.3938640887168705,3.3938640887168705,3.3938640887168705,3.3938640887168705,3.3938640887168705,3.3938640887168705,3.3938640887168705,3.3938640887168705,3.3938640887168705,3.3938640887168705,3.3938640887168705,3.3938640887168705,3.3938640887168705,3.3938640887168705,3.3938640887168705,3.3938640887168705,3.3938640887168705,3.3938640887168705,3.3938640887168705,3.3938640887168705,3.3938640887168705,3.3938640887168705,3.3938640887168705,3.3938640887168705,3.3938640887168705,3.3938640887168705,3.3938640887168705,3.3938640887168705,3.3938640887168705,3.3938640887168705,3.3938640887168705,3.3938640887168705,3.3938640887168705,3.3938640887168705,3.3938640887168705,2.2094280255786316,2.2094280255786316,2.2094280255786316,2.2094280255786316,2.2094280255786316,2.2094280255786316,2.2094280255786316,2.2094280255786316,2.2094280255786316,2.2094280255786316,2.2094280255786316,2.2094280255786316,2.2094280255786316,2.2094280255786316,2.2094280255786316,2.2094280255786316,2.2094280255786316,2.2094280255786316,2.2094280255786316,2.2094280255786316,2.2094280255786316,2.2094280255786316,2.2094280255786316,2.2094280255786316,2.2094280255786316,2.2094280255786316,2.2094280255786316,2.2094280255786316,2.2094280255786316,2.2094280255786316,2.2094280255786316,2.2094280255786316,2.2094280255786316,2.2094280255786316,2.2094280255786316,2.2094280255786316,2.2094280255786316,2.2094280255786316,2.2094280255786316,2.2094280255786316,2.2094280255786316,2.2094280255786316,2.2094280255786316,2.2094280255786316,2.2094280255786316,2.2094280255786316,2.2094280255786316,2.2094280255786316,2.2094280255786316,2.2094280255786316,2.2094280255786316,2.2094280255786316,2.2094280255786316,2.2094280255786316,2.2094280255786316,2.2094280255786316,2.2094280255786316,2.2094280255786316,2.2094280255786316,2.2094280255786316,2.2094280255786316,2.2094280255786316,2.2094280255786316,2.2094280255786316,2.2094280255786316,2.2094280255786316,2.2094280255786316,2.2094280255786316,2.2094280255786316,2.2094280255786316,2.2094280255786316,2.2094280255786316,2.2094280255786316,2.2094280255786316,2.2094280255786316,2.2094280255786316,2.2094280255786316,2.2094280255786316,2.2094280255786316,2.2094280255786316,2.2094280255786316,2.2094280255786316,2.2094280255786316,2.2094280255786316,2.2094280255786316,2.2094280255786316,2.2094280255786316,2.2094280255786316,2.2094280255786316,2.2094280255786316,2.2094280255786316,2.2094280255786316,2.2094280255786316,2.2094280255786316,2.2094280255786316,2.2094280255786316,2.2094280255786316,2.2094280255786316,2.2094280255786316,2.2094280255786316,2.2094280255786316,2.2094280255786316,2.2094280255786316,2.2094280255786316,2.2094280255786316,2.2094280255786316,2.2094280255786316,2.2094280255786316,2.2094280255786316,2.2094280255786316,2.2094280255786316,2.2094280255786316,2.2094280255786316,2.2094280255786316,2.2094280255786316,2.2094280255786316,2.2094280255786316,2.2094280255786316,2.2094280255786316,2.2094280255786316,2.2094280255786316,2.2094280255786316,2.2094280255786316,2.2094280255786316,2.2094280255786316,2.2094280255786316,2.2094280255786316,2.2094280255786316,2.2094280255786316,2.2094280255786316,2.2094280255786316,2.2094280255786316,2.2094280255786316,2.2094280255786316,2.2094280255786316,2.2094280255786316,2.2094280255786316,2.2094280255786316,2.2094280255786316,2.2094280255786316,2.2094280255786316,2.2094280255786316,2.2094280255786316,2.2094280255786316,2.2094280255786316,2.2094280255786316,2.2094280255786316,2.2094280255786316,2.2094280255786316,2.2094280255786316,2.2094280255786316,2.2094280255786316,2.2094280255786316,2.2094280255786316,2.2094280255786316,2.2094280255786316,2.2094280255786316,2.2094280255786316,2.2094280255786316,2.2094280255786316,2.2094280255786316,2.2094280255786316,2.2094280255786316,0.03201056330590352,0.03201056330590352,0.03201056330590352,0.03201056330590352,0.03201056330590352,0.03201056330590352,0.03201056330590352,0.03201056330590352,0.03201056330590352,0.03201056330590352,0.03201056330590352,0.03201056330590352,0.03201056330590352,0.03201056330590352,0.03201056330590352,0.03201056330590352,0.03201056330590352,0.03201056330590352,0.03201056330590352,0.03201056330590352,0.03201056330590352,0.03201056330590352,0.03201056330590352,0.03201056330590352,0.03201056330590352,0.03201056330590352,0.03201056330590352,0.03201056330590352,0.03201056330590352,0.03201056330590352,0.03201056330590352,0.03201056330590352,0.03201056330590352,0.03201056330590352,0.03201056330590352,0.03201056330590352,0.03201056330590352,0.03201056330590352,0.03201056330590352,0.03201056330590352,0.03201056330590352,0.03201056330590352,0.03201056330590352,0.03201056330590352,0.03201056330590352,0.03201056330590352,0.03201056330590352,0.03201056330590352,0.03201056330590352,0.03201056330590352,0.03201056330590352,0.03201056330590352,0.03201056330590352,0.03201056330590352,0.03201056330590352,0.03201056330590352,0.03201056330590352,0.03201056330590352,0.03201056330590352,0.03201056330590352,0.03201056330590352,0.03201056330590352,0.03201056330590352,0.03201056330590352,0.03201056330590352,0.03201056330590352,0.03201056330590352,0.03201056330590352,0.03201056330590352,0.03201056330590352,0.03201056330590352,0.03201056330590352,0.03201056330590352,0.03201056330590352,0.03201056330590352,0.03201056330590352,0.03201056330590352,0.03201056330590352,0.03201056330590352,0.03201056330590352,0.03201056330590352,0.03201056330590352,0.03201056330590352,0.03201056330590352,0.03201056330590352,0.03201056330590352,0.03201056330590352,0.03201056330590352,0.03201056330590352,0.03201056330590352,0.03201056330590352,0.03201056330590352,0.03201056330590352,0.03201056330590352,0.03201056330590352,0.03201056330590352,0.03201056330590352,0.03201056330590352,0.03201056330590352,0.03201056330590352,0.03201056330590352,0.03201056330590352,0.03201056330590352,0.03201056330590352,0.03201056330590352,0.03201056330590352,0.03201056330590352,0.03201056330590352,0.03201056330590352,0.03201056330590352,0.03201056330590352,0.03201056330590352,0.03201056330590352,0.03201056330590352,0.03201056330590352,0.03201056330590352,0.03201056330590352,0.03201056330590352,0.03201056330590352,0.03201056330590352,0.03201056330590352,0.03201056330590352,0.03201056330590352,0.03201056330590352,0.03201056330590352,0.03201056330590352,0.03201056330590352,0.03201056330590352,0.03201056330590352,0.03201056330590352,0.03201056330590352,0.03201056330590352,0.03201056330590352,0.03201056330590352,0.03201056330590352,0.03201056330590352,0.03201056330590352,0.03201056330590352,0.03201056330590352,0.03201056330590352,0.03201056330590352,0.03201056330590352,0.03201056330590352,0.03201056330590352,0.03201056330590352,0.03201056330590352,0.03201056330590352,0.03201056330590352,0.03201056330590352,0.03201056330590352,0.03201056330590352,0.03201056330590352,0.03201056330590352,0.03201056330590352,0.03201056330590352,0.03201056330590352,0.03201056330590352,0.03201056330590352,0.03201056330590352,0.03201056330590352,0.03201056330590352,0.03201056330590352,0.03201056330590352,0.03201056330590352,0.03201056330590352,0.03201056330590352,0.03201056330590352,0.03201056330590352,0.03201056330590352,0.03201056330590352,0.03201056330590352,0.03201056330590352,0.03201056330590352,0.03201056330590352,0.03201056330590352,0.03201056330590352,0.03201056330590352,0.03201056330590352,0.03201056330590352,0.03201056330590352,0.03201056330590352,0.03201056330590352,0.03201056330590352,0.03201056330590352,0.03201056330590352,0.03201056330590352,0.03201056330590352,0.03201056330590352,0.03201056330590352,0.03201056330590352,0.03201056330590352,0.03201056330590352,0.03201056330590352,0.03201056330590352,0.03201056330590352,0.03201056330590352,0.03201056330590352,0.03201056330590352,0.03201056330590352,0.03201056330590352,0.03201056330590352,0.03201056330590352,0.03201056330590352,0.03201056330590352,0.03201056330590352,0.03201056330590352,0.03201056330590352,0.03201056330590352,0.03201056330590352,0.03201056330590352,0.03201056330590352,0.03201056330590352,0.03201056330590352,0.03201056330590352,0.03201056330590352,0.03201056330590352,0.03201056330590352,0.03201056330590352,0.03201056330590352,0.03201056330590352,0.03201056330590352,0.03201056330590352,0.03201056330590352,0.03201056330590352,0.03201056330590352,0.03201056330590352,0.03201056330590352,0.03201056330590352,0.03201056330590352,0.03201056330590352,0.03201056330590352,0.03201056330590352,0.03201056330590352,0.03201056330590352,0.03201056330590352,0.03201056330590352,0.03201056330590352,0.03201056330590352,0.03201056330590352,0.03201056330590352,0.03201056330590352,0.03201056330590352,0.03201056330590352,0.03201056330590352,0.03201056330590352,0.03201056330590352,0.03201056330590352,0.03201056330590352,0.03201056330590352,0.03201056330590352,0.03201056330590352,0.03201056330590352,0.03201056330590352,0.03201056330590352,0.03201056330590352,0.03201056330590352,0.03201056330590352,0.03201056330590352,0.03201056330590352,0.03201056330590352,0.03201056330590352,0.03201056330590352,0.03201056330590352,0.03201056330590352,0.03201056330590352,0.03201056330590352,0.03201056330590352,0.03201056330590352,0.03201056330590352,0.03201056330590352,0.03201056330590352,0.03201056330590352,0.03201056330590352,0.03201056330590352,0.03201056330590352,0.03201056330590352,0.03201056330590352,0.03201056330590352,0.03201056330590352,0.03201056330590352,0.03201056330590352,0.03201056330590352,0.03201056330590352,0.03201056330590352,0.03201056330590352,0.03201056330590352,0.03201056330590352,0.03201056330590352,0.03201056330590352,0.03201056330590352,0.03201056330590352,0.03201056330590352,0.03201056330590352,0.03201056330590352,0.03201056330590352,0.03201056330590352,0.03201056330590352,0.03201056330590352,0.03201056330590352,0.03201056330590352,0.03201056330590352,0.03201056330590352,0.03201056330590352,0.03201056330590352,0.03201056330590352,0.03201056330590352,0.03201056330590352,0.03201056330590352,0.03201056330590352,0.03201056330590352,0.03201056330590352,0.03201056330590352,0.03201056330590352,0.03201056330590352,0.03201056330590352,0.03201056330590352,0.03201056330590352,0.03201056330590352,0.03201056330590352,0.03201056330590352,0.03201056330590352,0.03201056330590352,0.03201056330590352,0.03201056330590352,0.03201056330590352,0.03201056330590352,0.03201056330590352,0.03201056330590352,0.03201056330590352,0.03201056330590352,0.03201056330590352,0.03201056330590352,0.03201056330590352,0.03201056330590352,0.03201056330590352,0.03201056330590352,0.03201056330590352,0.03201056330590352,0.03201056330590352,0.03201056330590352,0.03201056330590352,0.03201056330590352,0.03201056330590352,0.03201056330590352,0.03201056330590352,0.03201056330590352,0.03201056330590352,0.03201056330590352,0.03201056330590352,0.03201056330590352,0.03201056330590352,0.03201056330590352,0.03201056330590352,0.03201056330590352,0.03201056330590352,0.03201056330590352,0.03201056330590352,0.03201056330590352,0.03201056330590352,0.03201056330590352,0.03201056330590352,0.03201056330590352,0.03201056330590352,0.03201056330590352,0.03201056330590352,0.03201056330590352,0.03201056330590352,0.03201056330590352,0.03201056330590352,0.03201056330590352,0.03201056330590352,0.03201056330590352,0.03201056330590352,0.03201056330590352,0.03201056330590352,0.03201056330590352,0.03201056330590352,0.03201056330590352,0.03201056330590352,0.03201056330590352,0.03201056330590352,0.03201056330590352,0.03201056330590352,0.03201056330590352,0.03201056330590352,0.03201056330590352,0.03201056330590352,0.03201056330590352,0.03201056330590352,0.03201056330590352,0.03201056330590352,0.03201056330590352,0.03201056330590352,0.03201056330590352,0.03201056330590352,0.03201056330590352,0.03201056330590352,0.03201056330590352,0.03201056330590352,0.03201056330590352,0.03201056330590352,0.03201056330590352,0.03201056330590352,0.03201056330590352,0.03201056330590352,0.03201056330590352,0.03201056330590352,0.03201056330590352,0.03201056330590352,0.03201056330590352,0.03201056330590352,0.03201056330590352,0.03201056330590352,0.03201056330590352,0.03201056330590352,0.03201056330590352,0.03201056330590352,0.03201056330590352,0.03201056330590352,0.03201056330590352,0.03201056330590352,0.03201056330590352,0.03201056330590352,0.03201056330590352,0.03201056330590352,0.03201056330590352,0.03201056330590352,0.03201056330590352,0.03201056330590352,0.03201056330590352,0.03201056330590352,0.03201056330590352,0.03201056330590352,0.03201056330590352,0.03201056330590352,0.03201056330590352,0.03201056330590352,0.03201056330590352,0.03201056330590352,0.03201056330590352,0.03201056330590352,0.03201056330590352,0.03201056330590352,0.03201056330590352,0.03201056330590352,0.03201056330590352,0.03201056330590352,0.03201056330590352,0.03201056330590352,6.468130801611389,6.468130801611389,6.468130801611389,6.468130801611389,6.468130801611389,6.468130801611389,6.468130801611389,6.386841847777532,6.386841847777532,6.386841847777532,6.386841847777532,6.386841847777532,6.386841847777532,6.386841847777532,6.386841847777532,6.386841847777532,6.386841847777532,6.386841847777532,6.386841847777532,6.386841847777532,6.265452317994186,6.265452317994186,6.265452317994186,6.265452317994186,6.265452317994186,6.108483265697659,6.108483265697659,6.108483265697659,6.108483265697659,6.053496820015872,6.053496820015872,6.053496820015872,6.053496820015872,6.053496820015872,6.053496820015872,6.053496820015872,6.053496820015872,6.053496820015872,6.053496820015872,6.053496820015872,6.053496820015872,6.053496820015872,6.053496820015872,6.053496820015872,6.053496820015872,6.053496820015872,6.053496820015872,6.053496820015872,6.053496820015872,6.053496820015872,6.053496820015872,6.053496820015872,6.053496820015872,6.053496820015872,6.053496820015872,6.053496820015872,6.053496820015872,6.053496820015872,6.053496820015872,6.053496820015872,6.053496820015872,6.053496820015872,6.053496820015872,6.053496820015872,6.053496820015872,6.053496820015872,6.053496820015872,6.053496820015872,6.053496820015872,6.053496820015872,6.053496820015872,6.053496820015872,6.053496820015872,6.053496820015872,6.053496820015872,6.053496820015872,6.053496820015872,6.053496820015872,6.053496820015872,6.053496820015872,6.053496820015872,6.053496820015872,6.053496820015872,6.053496820015872,6.053496820015872,6.053496820015872,6.053496820015872,5.444875175515442,5.444875175515442,5.444875175515442,5.436158234782514,5.436158234782514,5.436158234782514,5.436158234782514,5.436158234782514,5.436158234782514,5.436158234782514,5.436158234782514,5.376817732217532,5.376817732217532,5.376817732217532,5.376817732217532,5.376817732217532,4.905088087690917,4.905088087690917,4.818756139168115,4.818756139168115,4.818756139168115,4.818756139168115,4.818756139168115,4.818756139168115,4.818756139168115,4.818756139168115,4.818756139168115,4.818756139168115,4.818756139168115,4.777726712483344,4.777726712483344,4.777726712483344,4.777726712483344,4.621902185265517,4.507047765966841,4.507047765966841,4.507047765966841,4.507047765966841,4.507047765966841,4.507047765966841,4.507047765966841,4.507047765966841,4.507047765966841,4.507047765966841,4.507047765966841,4.507047765966841,4.507047765966841,4.507047765966841,4.507047765966841,4.507047765966841,4.507047765966841,4.507047765966841,4.507047765966841,4.507047765966841,4.507047765966841,4.507047765966841,4.507047765966841,4.507047765966841,4.507047765966841,4.507047765966841,4.507047765966841,4.507047765966841,4.507047765966841,4.507047765966841,4.507047765966841,4.507047765966841,4.507047765966841,4.507047765966841,4.507047765966841,4.507047765966841,4.507047765966841,4.507047765966841,4.507047765966841,4.507047765966841,4.507047765966841,4.507047765966841,4.507047765966841,4.507047765966841,4.507047765966841,4.507047765966841,4.507047765966841,4.507047765966841,4.507047765966841,4.507047765966841,4.507047765966841,4.507047765966841,4.507047765966841,4.507047765966841,4.507047765966841,4.507047765966841,4.507047765966841,4.507047765966841,4.507047765966841,4.507047765966841,4.507047765966841,4.507047765966841,4.507047765966841,4.507047765966841,4.507047765966841,4.507047765966841,4.507047765966841,4.507047765966841,4.507047765966841,4.507047765966841,4.507047765966841,4.507047765966841,4.507047765966841,4.507047765966841,4.507047765966841,4.507047765966841,4.507047765966841,4.507047765966841,4.507047765966841,4.507047765966841,4.507047765966841,4.507047765966841,4.507047765966841,4.507047765966841,4.507047765966841,4.507047765966841,4.507047765966841,4.507047765966841,4.507047765966841,4.507047765966841,4.507047765966841,4.507047765966841,4.507047765966841,4.507047765966841,4.507047765966841,4.507047765966841,4.507047765966841,4.507047765966841,4.507047765966841,4.507047765966841,4.507047765966841,4.507047765966841,4.507047765966841,4.507047765966841,4.507047765966841,4.507047765966841,4.507047765966841,4.507047765966841,4.507047765966841,4.507047765966841,4.507047765966841,4.507047765966841,4.507047765966841,4.507047765966841,4.507047765966841,4.507047765966841,4.507047765966841,4.507047765966841,4.507047765966841,4.507047765966841,4.507047765966841,4.507047765966841,4.507047765966841,4.507047765966841,4.507047765966841,4.507047765966841,4.507047765966841,4.507047765966841,4.507047765966841,4.273050680844739,4.273050680844739,4.273050680844739,4.273050680844739,4.273050680844739,4.273050680844739,4.273050680844739,4.273050680844739,4.273050680844739,4.273050680844739,4.273050680844739,4.273050680844739,4.273050680844739,4.273050680844739,4.273050680844739,4.273050680844739,4.273050680844739,4.273050680844739,4.273050680844739,4.273050680844739,4.273050680844739,4.273050680844739,4.273050680844739,4.273050680844739,4.273050680844739,4.273050680844739,4.273050680844739,4.273050680844739,4.273050680844739,4.273050680844739,4.273050680844739,4.273050680844739,4.273050680844739,4.273050680844739,4.273050680844739,4.273050680844739,4.273050680844739,4.273050680844739,4.273050680844739,4.273050680844739,4.273050680844739,4.273050680844739,4.273050680844739,4.273050680844739,4.273050680844739,4.273050680844739,4.273050680844739,4.273050680844739,4.273050680844739,4.273050680844739,4.273050680844739,4.273050680844739,4.273050680844739,4.273050680844739,4.273050680844739,4.273050680844739,4.273050680844739,4.273050680844739,4.273050680844739,4.273050680844739,4.273050680844739,4.273050680844739,4.273050680844739,4.273050680844739,4.273050680844739,4.273050680844739,4.273050680844739,4.273050680844739,4.273050680844739,4.273050680844739,4.273050680844739,4.273050680844739,4.273050680844739,4.273050680844739,4.273050680844739,4.273050680844739,4.273050680844739,4.273050680844739,4.273050680844739,4.273050680844739,4.273050680844739,4.273050680844739,4.273050680844739,4.273050680844739,4.273050680844739,4.273050680844739,4.273050680844739,4.273050680844739,4.273050680844739,4.273050680844739,4.273050680844739,4.273050680844739,4.273050680844739,4.273050680844739,4.273050680844739,4.273050680844739,4.273050680844739,4.273050680844739,4.273050680844739,4.273050680844739,4.273050680844739,4.273050680844739,4.273050680844739,4.273050680844739,4.273050680844739,4.273050680844739,4.273050680844739,4.273050680844739,4.273050680844739,4.273050680844739,4.273050680844739,4.273050680844739,4.273050680844739,4.273050680844739,4.273050680844739,4.273050680844739,4.273050680844739,4.273050680844739,4.273050680844739,4.273050680844739,4.273050680844739,4.273050680844739,4.273050680844739,4.273050680844739,4.265843336490567,4.265843336490567,4.265843336490567,4.265843336490567,4.265843336490567,4.265843336490567,4.265843336490567,4.265843336490567,4.265843336490567,4.265843336490567,4.265843336490567,4.265843336490567,4.265843336490567,4.265843336490567,4.265843336490567,4.265843336490567,4.265843336490567,4.265843336490567,4.265843336490567,4.265843336490567,4.265843336490567,4.265843336490567,4.265843336490567,4.265843336490567,4.265843336490567,4.265843336490567,4.265843336490567,4.265843336490567,4.265843336490567,4.265843336490567,4.265843336490567,4.265843336490567,4.265843336490567,4.265843336490567,4.265843336490567,4.265843336490567,4.265843336490567,4.265843336490567,4.265843336490567,4.265843336490567,4.265843336490567,4.265843336490567,4.265843336490567,4.265843336490567,4.265843336490567,4.265843336490567,4.265843336490567,4.265843336490567,4.265843336490567,4.265843336490567,4.265843336490567,4.265843336490567,4.265843336490567,4.265843336490567,4.265843336490567,4.265843336490567,4.265843336490567,4.265843336490567,4.265843336490567,4.265843336490567,4.265843336490567,4.265843336490567,4.265843336490567,4.265843336490567,4.265843336490567,4.265843336490567,4.265843336490567,4.265843336490567,4.265843336490567,4.265843336490567,4.265843336490567,4.265843336490567,4.265843336490567,4.265843336490567,4.265843336490567,4.265843336490567,4.265843336490567,4.265843336490567,4.265843336490567,4.265843336490567,4.265843336490567,4.265843336490567,4.265843336490567,4.265843336490567,4.265843336490567,4.265843336490567,4.265843336490567,4.265843336490567,4.265843336490567,4.265843336490567,4.265843336490567,4.265843336490567,4.265843336490567,4.265843336490567,4.265843336490567,4.265843336490567,4.265843336490567,4.265843336490567,4.265843336490567,4.265843336490567,4.265843336490567,4.265843336490567,4.265843336490567,4.265843336490567,4.265843336490567,4.265843336490567,4.265843336490567,4.265843336490567,4.265843336490567,4.265843336490567,4.265843336490567,4.265843336490567,4.265843336490567,4.265843336490567,4.265843336490567,4.265843336490567,4.265843336490567,4.265843336490567,4.265843336490567,4.265843336490567,4.265843336490567,4.265843336490567,4.265843336490567,4.265843336490567,4.265843336490567,4.265843336490567,4.265843336490567,4.265843336490567,4.265843336490567,4.265843336490567,4.265843336490567,4.265843336490567,4.265843336490567,4.265843336490567,4.265843336490567,3.9882565505170886,3.8437831067179835,3.744841651302043,3.744841651302043,3.744841651302043,3.744841651302043,3.744841651302043,3.744841651302043,3.744841651302043,3.744841651302043,3.744841651302043,3.744841651302043,3.744841651302043,3.744841651302043,3.744841651302043,3.744841651302043,3.744841651302043,3.744841651302043,3.744841651302043,3.6426190610516485,3.6426190610516485,3.6426190610516485,3.6426190610516485,3.6426190610516485,3.6426190610516485,3.6426190610516485,3.6426190610516485,3.6426190610516485,3.6426190610516485,3.6426190610516485,3.6426190610516485,3.6426190610516485,3.6426190610516485,3.6426190610516485,3.6426190610516485,3.6426190610516485,3.6426190610516485,3.6426190610516485,3.6426190610516485,3.6426190610516485,3.6426190610516485,3.6426190610516485,3.6426190610516485,3.6426190610516485,3.6426190610516485,3.6426190610516485,3.6426190610516485,3.6426190610516485,3.6426190610516485,3.6426190610516485,3.6426190610516485,3.6426190610516485,3.6426190610516485,3.6426190610516485,3.6426190610516485,3.6426190610516485,3.6426190610516485,3.6426190610516485,3.6426190610516485,3.6426190610516485,3.6426190610516485,3.6426190610516485,3.6426190610516485,3.6426190610516485,3.6426190610516485,3.6426190610516485,3.6426190610516485,3.6426190610516485,3.6426190610516485,3.6426190610516485,3.6426190610516485,3.6426190610516485,3.6426190610516485,3.6426190610516485,3.6426190610516485,3.6426190610516485,3.6426190610516485,3.6426190610516485,3.6426190610516485,3.6426190610516485,3.6426190610516485,3.6426190610516485,3.6426190610516485,3.6426190610516485,3.6426190610516485,3.6426190610516485,3.6426190610516485,3.6426190610516485,3.6426190610516485,3.6426190610516485,3.6426190610516485,3.6426190610516485,3.6426190610516485,3.6426190610516485,3.6426190610516485,3.6426190610516485,3.6426190610516485,3.6426190610516485,3.6426190610516485,3.6426190610516485,3.6426190610516485,3.6426190610516485,3.6426190610516485,3.6426190610516485,3.6426190610516485,3.6426190610516485,3.6426190610516485,3.6426190610516485,3.6426190610516485,3.6426190610516485,3.6426190610516485,3.6426190610516485,3.6426190610516485,3.6426190610516485,3.6426190610516485,3.6426190610516485,3.6426190610516485,3.6426190610516485,3.6426190610516485,3.6426190610516485,3.6426190610516485,3.6426190610516485,3.6426190610516485,3.6426190610516485,3.6426190610516485,3.6426190610516485,3.6426190610516485,3.6426190610516485,3.6426190610516485,3.6426190610516485,3.6426190610516485,3.6426190610516485,3.6426190610516485,3.6426190610516485,3.6426190610516485,3.6426190610516485,3.6426190610516485,3.6426190610516485,3.6426190610516485,3.6426190610516485,3.6426190610516485,3.6426190610516485,3.6426190610516485,3.6426190610516485,3.6426190610516485,3.6426190610516485,3.6426190610516485,3.6426190610516485,3.6426190610516485,3.6426190610516485,3.6426190610516485,3.6426190610516485,3.6426190610516485,3.6426190610516485,3.6426190610516485,3.6426190610516485,3.6426190610516485,3.6426190610516485,3.6426190610516485,3.6426190610516485,3.6426190610516485,3.6426190610516485,3.6426190610516485,3.6426190610516485,3.6426190610516485,3.6426190610516485,3.6426190610516485,3.6426190610516485,3.6426190610516485,3.6426190610516485,3.6426190610516485,3.6426190610516485,3.6426190610516485,3.6426190610516485,3.6426190610516485,3.6426190610516485,3.6426190610516485,3.6426190610516485,3.6426190610516485,3.6426190610516485,3.6426190610516485,3.6426190610516485,3.6426190610516485,3.6426190610516485,3.6426190610516485,3.6426190610516485,3.6426190610516485,3.6426190610516485,3.6426190610516485,3.6426190610516485,3.6426190610516485,3.6426190610516485,3.6426190610516485,3.6426190610516485,3.6426190610516485,3.6426190610516485,3.6426190610516485,3.6426190610516485,3.6426190610516485,3.6426190610516485,3.6426190610516485,3.6426190610516485,3.6426190610516485,3.6426190610516485,3.6426190610516485,3.6426190610516485,3.6426190610516485,3.6426190610516485,3.6426190610516485,3.6426190610516485,3.6426190610516485,3.6426190610516485,3.6426190610516485,3.6426190610516485,3.6426190610516485,3.6426190610516485,3.6426190610516485,3.6426190610516485,3.6426190610516485,3.6426190610516485,3.6426190610516485,3.6426190610516485,3.6426190610516485,3.6426190610516485,3.6426190610516485,3.6426190610516485,3.6426190610516485,3.6426190610516485,3.6426190610516485,3.6426190610516485,3.6426190610516485,3.6426190610516485,3.6426190610516485,3.6426190610516485,3.6426190610516485,3.6426190610516485,3.6426190610516485,3.6426190610516485,3.6426190610516485,3.6426190610516485,3.6426190610516485,3.6426190610516485,3.6426190610516485,3.6426190610516485,3.6426190610516485,3.6426190610516485,3.6426190610516485,3.6426190610516485,3.6426190610516485,3.6426190610516485,3.6426190610516485,3.6426190610516485,3.6426190610516485,3.6426190610516485,3.6426190610516485,3.6426190610516485,3.6426190610516485,3.6426190610516485,3.6426190610516485,3.6426190610516485,3.6426190610516485,3.6426190610516485,3.6426190610516485,3.6426190610516485,3.6426190610516485,3.6426190610516485,3.6426190610516485,3.6426190610516485,3.6426190610516485,3.6426190610516485,3.6426190610516485,3.6426190610516485,3.6426190610516485,3.6426190610516485,3.6426190610516485,3.6426190610516485,3.6426190610516485,3.6426190610516485,3.6426190610516485,3.6426190610516485,3.6426190610516485,3.6426190610516485,3.6426190610516485,3.6426190610516485,3.6426190610516485,3.6426190610516485,3.6426190610516485,3.6426190610516485,3.6426190610516485,3.6426190610516485,3.6426190610516485,3.6426190610516485,3.6426190610516485,3.6426190610516485,3.6426190610516485,3.6426190610516485,3.6426190610516485,3.6426190610516485,3.6426190610516485,3.6426190610516485,3.6426190610516485,3.6426190610516485,3.6426190610516485,3.6426190610516485,3.6426190610516485,3.6426190610516485,3.6426190610516485,3.6426190610516485,3.6426190610516485,3.6426190610516485,3.6426190610516485,3.6426190610516485,3.6426190610516485,3.6426190610516485,3.6426190610516485,3.6426190610516485,3.6426190610516485,3.6426190610516485,3.6426190610516485,3.6426190610516485,3.6426190610516485,3.6426190610516485,3.6426190610516485,3.6426190610516485,3.6426190610516485,3.6426190610516485,3.6426190610516485,3.6426190610516485,3.6426190610516485,3.6426190610516485,3.6426190610516485,3.6426190610516485,3.6426190610516485,3.6426190610516485,3.6426190610516485,3.6426190610516485,3.6426190610516485,3.6426190610516485,3.6426190610516485,3.6426190610516485,3.6426190610516485,3.6426190610516485,3.6426190610516485,3.6426190610516485,3.6426190610516485,3.6426190610516485,3.6426190610516485,3.6426190610516485,3.6426190610516485,3.6426190610516485,3.6426190610516485,3.6426190610516485,3.6426190610516485,3.6426190610516485,3.6426190610516485,3.6426190610516485,3.6426190610516485,3.6426190610516485,3.6426190610516485,3.6426190610516485,3.6426190610516485,3.6426190610516485,3.6426190610516485,3.6426190610516485,3.6426190610516485,3.6426190610516485,3.6426190610516485,3.6426190610516485,3.6426190610516485,3.6426190610516485,3.6426190610516485,3.6426190610516485,3.6426190610516485,3.6426190610516485,3.6426190610516485,3.6426190610516485,3.6426190610516485,3.6426190610516485,3.6426190610516485,3.6426190610516485,3.6426190610516485,3.6426190610516485,3.6426190610516485,3.6426190610516485,3.6426190610516485,3.6426190610516485,3.6426190610516485,3.6426190610516485,3.6426190610516485,3.6426190610516485,3.6426190610516485,3.6426190610516485,3.6426190610516485,3.6426190610516485,3.6426190610516485,3.6426190610516485,3.6426190610516485,3.6426190610516485,3.6426190610516485,3.6426190610516485,3.6426190610516485,3.6426190610516485,3.6426190610516485,3.6426190610516485,3.6426190610516485,3.6426190610516485,3.6426190610516485,3.6426190610516485,3.6426190610516485,3.6426190610516485,3.6426190610516485,3.6426190610516485,3.6426190610516485,3.6426190610516485,3.6426190610516485,3.6426190610516485,3.6426190610516485,3.6426190610516485,3.6426190610516485,3.6426190610516485,3.6426190610516485,3.6426190610516485,3.6426190610516485,3.6426190610516485,3.6426190610516485,3.6426190610516485,3.6426190610516485,3.6426190610516485,3.6426190610516485,3.6426190610516485,3.6426190610516485,3.6426190610516485,3.6426190610516485,3.6426190610516485,3.6426190610516485,3.6426190610516485,3.6426190610516485,3.6426190610516485,3.6426190610516485,3.6426190610516485,3.6426190610516485,3.6426190610516485,3.6426190610516485,3.6426190610516485,3.6426190610516485,3.6426190610516485,3.6426190610516485,3.6426190610516485,3.6426190610516485,3.6426190610516485,3.6426190610516485,3.6426190610516485,3.6426190610516485,3.6426190610516485,3.6426190610516485,3.6426190610516485,3.6426190610516485,3.6426190610516485,3.6426190610516485,3.6426190610516485,3.6426190610516485,3.6426190610516485,3.6426190610516485,3.6426190610516485,3.6426190610516485,3.6426190610516485,3.6426190610516485,3.6426190610516485,3.6426190610516485,3.6426190610516485,3.6426190610516485,3.6426190610516485,3.6426190610516485,3.6426190610516485,3.6426190610516485,3.6426190610516485,3.6426190610516485,3.6426190610516485,3.6426190610516485,3.6426190610516485,3.6426190610516485,3.6426190610516485,3.6426190610516485,3.6426190610516485,3.6426190610516485,3.6426190610516485,3.6426190610516485,3.6426190610516485,3.6426190610516485,3.6426190610516485,3.6426190610516485,9.497733507723266,8.885199146805885,8.885199146805885,8.885199146805885,8.885199146805885,8.789392012065735,8.789392012065735,8.52858990771883,8.448016131842273,8.448016131842273,7.785158461270535,7.785158461270535,7.785158461270535,7.785158461270535,7.785158461270535,7.785158461270535,7.785158461270535,7.785158461270535,7.785158461270535,7.785158461270535,7.453014378557625,7.140110110334224,7.140110110334224,7.140110110334224,7.140110110334224,7.140110110334224,7.140110110334224,7.140110110334224,7.140110110334224,7.140110110334224,7.140110110334224,7.140110110334224,7.140110110334224,7.140110110334224,7.140110110334224,7.140110110334224,7.140110110334224,7.140110110334224,7.140110110334224,7.140110110334224,7.140110110334224,7.140110110334224,7.140110110334224,7.140110110334224,7.140110110334224,7.140110110334224,7.140110110334224,7.140110110334224,7.140110110334224,7.140110110334224,7.140110110334224,7.140110110334224,7.140110110334224,7.140110110334224,7.140110110334224,7.140110110334224,7.140110110334224,7.140110110334224,7.140110110334224,7.140110110334224,7.140110110334224,7.140110110334224,7.140110110334224,7.140110110334224,7.140110110334224,7.140110110334224,7.140110110334224,7.140110110334224,7.140110110334224,7.140110110334224,7.140110110334224,7.140110110334224,7.140110110334224,7.140110110334224,7.140110110334224,7.140110110334224,7.140110110334224,7.140110110334224,7.140110110334224,7.140110110334224,7.140110110334224,7.140110110334224,7.140110110334224,7.140110110334224,7.140110110334224,7.140110110334224,7.140110110334224,7.140110110334224,7.140110110334224,7.140110110334224,7.140110110334224,7.140110110334224,7.140110110334224,7.140110110334224,7.140110110334224,7.140110110334224,7.140110110334224,7.140110110334224,7.140110110334224,7.140110110334224,7.140110110334224,7.140110110334224,7.140110110334224,7.140110110334224,7.140110110334224,7.140110110334224,7.140110110334224,7.140110110334224,7.140110110334224,7.140110110334224,7.140110110334224,7.140110110334224,7.140110110334224,7.140110110334224,7.140110110334224,7.140110110334224,7.140110110334224,7.140110110334224,7.140110110334224,7.140110110334224,7.140110110334224,7.140110110334224,7.140110110334224,7.0131646627211435,6.784445117824126,6.618586226527212,6.618586226527212,6.560871540098113,6.560871540098113,6.490103816671304,5.477785544229474,5.477785544229474,5.477785544229474,5.477785544229474,5.477785544229474,5.477785544229474,5.477785544229474,5.477785544229474,5.477785544229474,5.477785544229474,5.477785544229474,5.477785544229474,5.477785544229474,5.477785544229474,5.477785544229474,5.477785544229474,5.477785544229474,5.477785544229474,5.477785544229474,5.477785544229474,5.477785544229474,5.477785544229474,5.477785544229474,5.477785544229474,5.477785544229474,5.477785544229474,5.477785544229474,5.477785544229474,5.477785544229474,5.477785544229474,5.477785544229474,5.477785544229474,5.477785544229474,5.477785544229474,5.477785544229474,5.477785544229474,5.477785544229474,5.477785544229474,5.477785544229474,5.477785544229474,5.477785544229474,5.477785544229474,5.477785544229474,5.477785544229474,5.477785544229474,5.477785544229474,5.477785544229474,5.477785544229474,5.477785544229474,5.477785544229474,5.477785544229474,5.477785544229474,5.477785544229474,5.477785544229474,5.477785544229474,5.477785544229474,5.477785544229474,5.477785544229474,5.477785544229474,5.477785544229474,5.477785544229474,5.477785544229474,5.477785544229474,5.477785544229474,5.477785544229474,5.477785544229474,5.477785544229474,5.477785544229474,5.477785544229474,5.477785544229474,5.477785544229474,5.477785544229474,5.477785544229474,5.477785544229474,5.477785544229474,5.477785544229474,5.477785544229474,5.477785544229474,5.477785544229474,5.477785544229474,5.477785544229474,5.477785544229474,5.477785544229474,5.477785544229474,5.477785544229474,5.477785544229474,5.477785544229474,5.477785544229474,5.477785544229474,5.477785544229474,5.477785544229474,5.477785544229474,5.477785544229474,5.477785544229474,5.477785544229474,5.477785544229474,5.477785544229474,5.477785544229474,5.477785544229474,5.477785544229474,5.477785544229474,5.477785544229474,5.477785544229474,5.477785544229474,5.477785544229474,5.477785544229474,5.477785544229474,5.477785544229474,5.477785544229474,5.477785544229474,5.477785544229474,5.477785544229474,5.477785544229474,5.477785544229474,5.477785544229474,5.477785544229474,5.477785544229474,5.477785544229474,5.477785544229474,5.477785544229474,5.477785544229474,5.477785544229474,5.477785544229474,5.477785544229474,5.477785544229474,5.477785544229474,5.477785544229474,5.477785544229474,5.278447935466029,4.72726665179799,4.627130976132689,4.627130976132689,4.627130976132689,4.627130976132689,4.627130976132689,4.627130976132689,4.627130976132689,4.627130976132689,4.627130976132689,4.627130976132689,4.627130976132689,4.627130976132689,4.627130976132689,4.627130976132689,4.627130976132689,4.627130976132689,4.627130976132689,4.627130976132689,4.627130976132689,4.6080048827264335,4.6080048827264335,4.6080048827264335,4.6080048827264335,4.6080048827264335,4.6080048827264335,4.6080048827264335,4.6080048827264335,4.6080048827264335,4.6080048827264335,4.6080048827264335,4.6080048827264335,4.6080048827264335,4.6080048827264335,4.6080048827264335,4.6080048827264335,4.6080048827264335,4.6080048827264335,4.6080048827264335,4.6080048827264335,4.6080048827264335,4.6080048827264335,4.6080048827264335,4.6080048827264335,4.6080048827264335,4.6080048827264335,4.6080048827264335,4.6080048827264335,4.6080048827264335,4.6080048827264335,4.6080048827264335,4.6080048827264335,4.6080048827264335,4.6080048827264335,4.6080048827264335,4.6080048827264335,4.6080048827264335,4.6080048827264335,4.6080048827264335,4.6080048827264335,4.6080048827264335,4.6080048827264335,4.6080048827264335,4.6080048827264335,4.6080048827264335,4.6080048827264335,4.6080048827264335,4.6080048827264335,4.6080048827264335,4.6080048827264335,4.6080048827264335,4.6080048827264335,4.6080048827264335,4.6080048827264335,4.6080048827264335,4.6080048827264335,4.6080048827264335,4.6080048827264335,4.6080048827264335,4.6080048827264335,4.6080048827264335,4.6080048827264335,4.6080048827264335,4.6080048827264335,4.6080048827264335,4.6080048827264335,4.6080048827264335,4.6080048827264335,4.6080048827264335,4.6080048827264335,4.6080048827264335,4.6080048827264335,4.6080048827264335,4.6080048827264335,4.6080048827264335,4.6080048827264335,4.6080048827264335,4.6080048827264335,4.6080048827264335,4.6080048827264335,4.6080048827264335,4.6080048827264335,4.6080048827264335,4.6080048827264335,4.6080048827264335,4.6080048827264335,4.6080048827264335,4.197238555070068,4.03455213940605,4.03455213940605,4.03455213940605,4.03455213940605,4.03455213940605,4.03455213940605,4.03455213940605,4.03455213940605,4.03455213940605,4.03455213940605,4.03455213940605,4.03455213940605,4.03455213940605,4.03455213940605,4.03455213940605,4.03455213940605,4.03455213940605,4.03455213940605,4.03455213940605,4.03455213940605,4.03455213940605,4.03455213940605,4.03455213940605,4.03455213940605,4.03455213940605,4.03455213940605,4.03455213940605,4.03455213940605,4.03455213940605,4.03455213940605,4.03455213940605,4.03455213940605,4.03455213940605,4.03455213940605,4.03455213940605,4.03455213940605,4.03455213940605,4.03455213940605,4.03455213940605,4.03455213940605,4.03455213940605,4.03455213940605,4.03455213940605,4.03455213940605,4.03455213940605,4.03455213940605,4.03455213940605,4.03455213940605,4.03455213940605,4.03455213940605,4.03455213940605,4.03455213940605,4.03455213940605,4.03455213940605,4.03455213940605,4.03455213940605,4.03455213940605,4.03455213940605,4.03455213940605,4.03455213940605,4.03455213940605,4.03455213940605,4.03455213940605,4.03455213940605,4.03455213940605,4.03455213940605,4.03455213940605,4.03455213940605,4.03455213940605,4.03455213940605,4.03455213940605,4.03455213940605,4.03455213940605,4.03455213940605,4.03455213940605,4.03455213940605,4.03455213940605,4.03455213940605,4.03455213940605,4.03455213940605,4.03455213940605,4.03455213940605,4.03455213940605,4.03455213940605,4.03455213940605,4.03455213940605,4.03455213940605,4.03455213940605,4.03455213940605,4.03455213940605,4.03455213940605,4.03455213940605,4.03455213940605,4.03455213940605,4.03455213940605,4.03455213940605,4.03455213940605,4.03455213940605,4.03455213940605,4.03455213940605,4.03455213940605,4.03455213940605,4.03455213940605,4.03455213940605,4.03455213940605,4.03455213940605,4.03455213940605,4.03455213940605,4.03455213940605,4.03455213940605,4.03455213940605,4.03455213940605,4.03455213940605,4.03455213940605,4.03455213940605,4.03455213940605,4.03455213940605,4.03455213940605,4.03455213940605,4.03455213940605,4.03455213940605,4.03455213940605,4.03455213940605,4.03455213940605,4.03455213940605,4.03455213940605,4.03455213940605,4.03455213940605,4.03455213940605,4.03455213940605,4.03455213940605,4.03455213940605,4.03455213940605,4.03455213940605,4.03455213940605,4.03455213940605,4.03455213940605,4.03455213940605,4.03455213940605,4.03455213940605,4.03455213940605,4.03455213940605,4.03455213940605,4.03455213940605,4.03455213940605,4.03455213940605,4.03455213940605,4.03455213940605,4.03455213940605,4.03455213940605,4.03455213940605,4.03455213940605,4.03455213940605,4.03455213940605,4.03455213940605,4.03455213940605,4.03455213940605,4.03455213940605,4.03455213940605,4.03455213940605,4.03455213940605,4.03455213940605,4.03455213940605,4.03455213940605,4.03455213940605,4.03455213940605,4.03455213940605,4.03455213940605,4.03455213940605,4.03455213940605,4.03455213940605,4.03455213940605,4.03455213940605,4.03455213940605,4.03455213940605,4.03455213940605,4.03455213940605,4.03455213940605,2.230648164977809,2.230648164977809,2.230648164977809,2.230648164977809,2.230648164977809,2.230648164977809,2.230648164977809,2.230648164977809,2.230648164977809,2.230648164977809,2.230648164977809,2.230648164977809,2.230648164977809,2.230648164977809,2.230648164977809,2.230648164977809,2.230648164977809,2.230648164977809,2.230648164977809,2.230648164977809,2.230648164977809,2.230648164977809,2.230648164977809,2.230648164977809,2.230648164977809,2.230648164977809,2.230648164977809,2.230648164977809,2.230648164977809,2.230648164977809,2.230648164977809,2.230648164977809,2.230648164977809,2.230648164977809,2.230648164977809,2.230648164977809,2.230648164977809,2.230648164977809,2.230648164977809,2.230648164977809,2.230648164977809,2.230648164977809,2.230648164977809,2.230648164977809,2.230648164977809,2.230648164977809,2.230648164977809,2.230648164977809,2.230648164977809,2.230648164977809,2.230648164977809,2.230648164977809,2.230648164977809,2.230648164977809,2.230648164977809,2.230648164977809,2.230648164977809,2.230648164977809,2.230648164977809,2.230648164977809,2.230648164977809,2.230648164977809,2.230648164977809,2.230648164977809,2.230648164977809,2.230648164977809,2.230648164977809,2.230648164977809,2.230648164977809,2.230648164977809,2.230648164977809,2.230648164977809,2.230648164977809,2.230648164977809,2.230648164977809,2.230648164977809,2.230648164977809,2.230648164977809,2.230648164977809,2.230648164977809,2.230648164977809,2.230648164977809,2.230648164977809,2.230648164977809,2.230648164977809,2.230648164977809,2.230648164977809,2.230648164977809,2.230648164977809,2.230648164977809,2.230648164977809,2.230648164977809,2.230648164977809,2.230648164977809,2.230648164977809,2.230648164977809,2.230648164977809,2.230648164977809,2.230648164977809,2.230648164977809,2.230648164977809,2.230648164977809,2.230648164977809,2.230648164977809,2.230648164977809,2.230648164977809,2.230648164977809,2.230648164977809,2.230648164977809,2.230648164977809,2.230648164977809,2.230648164977809,2.230648164977809,2.230648164977809,2.230648164977809,2.230648164977809,2.230648164977809,2.230648164977809,2.230648164977809,2.230648164977809,2.230648164977809,2.230648164977809,2.230648164977809,2.230648164977809,2.230648164977809,2.230648164977809,2.230648164977809,2.230648164977809,2.230648164977809,2.230648164977809,2.230648164977809,2.230648164977809,2.230648164977809,2.230648164977809,2.230648164977809,2.230648164977809,2.230648164977809,2.230648164977809,2.230648164977809,2.230648164977809,2.230648164977809,2.230648164977809,2.230648164977809,2.230648164977809,2.230648164977809,2.230648164977809,2.230648164977809,2.230648164977809,2.230648164977809,2.230648164977809,2.230648164977809,2.230648164977809,2.230648164977809,2.230648164977809,2.230648164977809,2.230648164977809,2.230648164977809,2.230648164977809,2.230648164977809,2.230648164977809,2.230648164977809,2.230648164977809,2.230648164977809,2.230648164977809,2.230648164977809,2.230648164977809,2.230648164977809,2.230648164977809,2.230648164977809,2.230648164977809,2.230648164977809,2.230648164977809,2.230648164977809,2.230648164977809,2.230648164977809,2.230648164977809,2.230648164977809,2.230648164977809,2.230648164977809,2.230648164977809,0.4571352766327939,0.4571352766327939,0.4571352766327939,0.4571352766327939,0.4571352766327939,0.4571352766327939,0.4571352766327939,0.4571352766327939,0.4571352766327939,0.4571352766327939,0.4571352766327939,0.4571352766327939,0.4571352766327939,0.4571352766327939,0.4571352766327939,0.4571352766327939,0.4571352766327939,0.4571352766327939,0.4571352766327939,0.4571352766327939,0.4571352766327939,0.4571352766327939,0.4571352766327939,0.4571352766327939,0.4571352766327939,0.4571352766327939,0.4571352766327939,0.4571352766327939,0.4571352766327939,0.4571352766327939,0.4571352766327939,0.4571352766327939,0.4571352766327939,0.4571352766327939,0.4571352766327939,0.4571352766327939,0.4571352766327939,0.4571352766327939,0.4571352766327939,0.4571352766327939,0.4571352766327939,0.4571352766327939,0.4571352766327939,0.4571352766327939,0.4571352766327939,0.4571352766327939,0.4571352766327939,0.4571352766327939,0.4571352766327939,0.4571352766327939,0.4571352766327939,0.4571352766327939,0.4571352766327939,0.4571352766327939,0.4571352766327939,0.4571352766327939,0.4571352766327939,0.4571352766327939,0.4571352766327939,0.4571352766327939,0.4571352766327939,0.4571352766327939,0.4571352766327939,0.4571352766327939,0.4571352766327939,0.4571352766327939,0.4571352766327939,0.4571352766327939,0.4571352766327939,0.4571352766327939,0.4571352766327939,0.4571352766327939,0.4571352766327939,0.4571352766327939,0.4571352766327939,0.4571352766327939,0.4571352766327939,0.4571352766327939,0.4571352766327939,0.4571352766327939,0.4571352766327939,0.4571352766327939,0.4571352766327939,0.4571352766327939,0.4571352766327939,0.4571352766327939,0.4571352766327939,0.4571352766327939,0.4571352766327939,0.4571352766327939,0.4571352766327939,0.4571352766327939,0.4571352766327939,0.4571352766327939,0.4571352766327939,0.4571352766327939,0.4571352766327939,0.4571352766327939,0.4571352766327939,0.4571352766327939,0.4571352766327939,0.4571352766327939,0.4571352766327939,0.4571352766327939,0.4571352766327939,0.4571352766327939,0.4571352766327939,0.4571352766327939,0.4571352766327939,0.4571352766327939,0.4571352766327939,0.4571352766327939,0.4571352766327939,0.4571352766327939,0.4571352766327939,0.4571352766327939,0.4571352766327939,0.4571352766327939,0.4571352766327939,0.4571352766327939,0.4571352766327939,0.4571352766327939,0.4571352766327939,0.4571352766327939,0.4571352766327939,0.4571352766327939,0.4571352766327939,0.4571352766327939,0.4571352766327939,0.4571352766327939,0.4571352766327939,0.4571352766327939,0.4571352766327939,0.4571352766327939,0.4571352766327939,0.4571352766327939,0.4571352766327939,0.4571352766327939,0.4571352766327939,0.4571352766327939,0.4571352766327939,0.4571352766327939,0.4571352766327939,0.4571352766327939,0.4571352766327939,0.4571352766327939,0.4571352766327939,0.4571352766327939,0.4571352766327939,0.4571352766327939,0.4571352766327939,0.4571352766327939,0.4571352766327939,0.4571352766327939,0.4571352766327939,0.4571352766327939,0.4571352766327939,0.4571352766327939,0.4571352766327939,0.4571352766327939,0.4571352766327939,0.4571352766327939,0.4571352766327939,0.4571352766327939,0.4571352766327939,0.4571352766327939,0.4571352766327939,0.4571352766327939,0.4571352766327939,0.4571352766327939,0.4571352766327939,0.4571352766327939,0.4571352766327939,0.4571352766327939,0.4571352766327939,0.4571352766327939,0.4571352766327939,0.4571352766327939,0.4571352766327939,0.4571352766327939,0.4571352766327939,0.4571352766327939,0.4571352766327939,0.4571352766327939,0.4571352766327939,0.4571352766327939,0.4571352766327939,0.4571352766327939,0.4571352766327939,0.4571352766327939,0.4571352766327939,0.4571352766327939,0.4571352766327939,0.4571352766327939,0.4571352766327939,0.4571352766327939,0.4571352766327939,0.4571352766327939,0.4571352766327939,0.4571352766327939,0.4571352766327939,0.4571352766327939,0.4571352766327939,0.4571352766327939,0.4571352766327939,0.4571352766327939,0.4571352766327939,0.4571352766327939,0.4571352766327939,0.4571352766327939,0.4571352766327939,0.4571352766327939,0.4571352766327939,0.4571352766327939,0.4571352766327939,0.4571352766327939,0.4571352766327939,0.4571352766327939,0.4571352766327939,0.4571352766327939,0.4571352766327939,0.4571352766327939,0.4571352766327939,0.4571352766327939,0.4571352766327939,0.4571352766327939,0.4571352766327939,0.4571352766327939,0.4571352766327939,0.4571352766327939,0.4571352766327939,0.4571352766327939,0.4571352766327939,0.4571352766327939,0.4571352766327939,0.4571352766327939,0.4571352766327939,0.4571352766327939,0.4571352766327939,0.4571352766327939,0.4571352766327939,0.4571352766327939,0.4571352766327939,0.4571352766327939,0.4571352766327939,0.4571352766327939,0.4571352766327939,0.4571352766327939,0.4571352766327939,0.4571352766327939,0.4571352766327939,0.4571352766327939,0.4571352766327939,0.4571352766327939,0.4571352766327939,0.4571352766327939,0.4571352766327939,0.4571352766327939,0.4571352766327939,0.4571352766327939,0.4571352766327939,0.4571352766327939,0.4571352766327939,0.4571352766327939,0.4571352766327939,0.4571352766327939,0.4571352766327939,0.4571352766327939,0.4571352766327939,0.4571352766327939,0.4571352766327939,0.4571352766327939,0.4571352766327939,0.4571352766327939,0.4571352766327939,7.646229453174476,7.646229453174476,7.646229453174476,7.440709990880125,7.440709990880125,7.440709990880125,7.440709990880125,7.440709990880125,7.255899559097798,6.205235179941564,6.205235179941564,6.205235179941564,6.110182914104254,6.110182914104254,6.110182914104254,6.110182914104254,6.110182914104254,6.110182914104254,6.110182914104254,6.110182914104254,6.110182914104254,6.110182914104254,6.110182914104254,6.110182914104254,6.110182914104254,6.110182914104254,6.110182914104254,6.110182914104254,6.110182914104254,6.110182914104254,6.110182914104254,6.110182914104254,6.110182914104254,6.110182914104254,6.110182914104254,6.110182914104254,6.110182914104254,6.110182914104254,6.110182914104254,6.110182914104254,6.110182914104254,6.110182914104254,6.110182914104254,6.110182914104254,6.110182914104254,6.110182914104254,6.110182914104254,6.110182914104254,6.110182914104254,6.110182914104254,6.110182914104254,6.110182914104254,6.110182914104254,6.110182914104254,6.110182914104254,6.110182914104254,6.110182914104254,6.110182914104254,6.110182914104254,6.110182914104254,6.110182914104254,6.110182914104254,6.110182914104254,6.110182914104254,6.110182914104254,6.110182914104254,6.110182914104254,6.110182914104254,6.110182914104254,6.110182914104254,6.110182914104254,6.110182914104254,6.110182914104254,6.110182914104254,6.110182914104254,6.110182914104254,6.110182914104254,6.110182914104254,6.110182914104254,6.110182914104254,6.110182914104254,6.110182914104254,6.110182914104254,6.110182914104254,6.110182914104254,6.110182914104254,6.110182914104254,6.110182914104254,6.110182914104254,6.110182914104254,6.110182914104254,6.110182914104254,6.110182914104254,6.110182914104254,6.110182914104254,6.110182914104254,6.110182914104254,6.110182914104254,6.110182914104254,6.110182914104254,6.110182914104254,6.110182914104254,6.110182914104254,6.110182914104254,6.110182914104254,6.110182914104254,6.110182914104254,6.110182914104254,6.110182914104254,6.110182914104254,6.110182914104254,6.110182914104254,6.110182914104254,6.110182914104254,6.110182914104254,6.110182914104254,6.110182914104254,6.110182914104254,6.110182914104254,6.110182914104254,6.110182914104254,6.110182914104254,6.110182914104254,6.110182914104254,6.110182914104254,6.110182914104254,6.110182914104254,6.110182914104254,6.110182914104254,6.110182914104254,6.110182914104254,6.110182914104254,6.110182914104254,6.110182914104254,6.110182914104254,6.110182914104254,6.110182914104254,6.110182914104254,6.110182914104254,6.110182914104254,6.110182914104254,6.110182914104254,6.110182914104254,6.110182914104254,6.110182914104254,6.110182914104254,6.110182914104254,6.110182914104254,6.110182914104254,6.110182914104254,6.110182914104254,6.110182914104254,6.110182914104254,6.110182914104254,6.110182914104254,6.110182914104254,6.110182914104254,6.110182914104254,6.110182914104254,6.110182914104254,6.110182914104254,6.110182914104254,6.110182914104254,6.110182914104254,6.110182914104254,6.110182914104254,6.110182914104254,6.110182914104254,6.110182914104254,6.110182914104254,6.110182914104254,6.110182914104254,6.110182914104254,6.110182914104254,6.110182914104254,6.110182914104254,6.110182914104254,6.110182914104254,6.110182914104254,6.110182914104254,6.110182914104254,6.110182914104254,6.110182914104254,6.110182914104254,6.110182914104254,5.470939677584866,3.6889662342501364,3.6889662342501364,3.6889662342501364,3.6889662342501364,3.6889662342501364,3.6889662342501364,3.688684350626011,3.688684350626011,3.688684350626011,3.688684350626011,3.688684350626011,3.688684350626011,3.688684350626011,3.688684350626011,3.688684350626011,3.688684350626011,3.688684350626011,3.688684350626011,3.688684350626011,3.688684350626011,3.688684350626011,3.688684350626011,3.688684350626011,3.688684350626011,3.688684350626011,3.688684350626011,3.688684350626011,3.688684350626011,3.688684350626011,3.688684350626011,3.688684350626011,3.688684350626011,3.688684350626011,3.688684350626011,3.688684350626011,3.688684350626011,3.688684350626011,3.688684350626011,3.688684350626011,3.688684350626011,3.688684350626011,3.688684350626011,3.688684350626011,3.688684350626011,3.688684350626011,3.688684350626011,3.688684350626011,3.688684350626011,3.688684350626011,3.688684350626011,3.688684350626011,3.688684350626011,3.688684350626011,3.688684350626011,3.688684350626011,3.688684350626011,3.688684350626011,3.688684350626011,3.688684350626011,3.688684350626011,3.688684350626011,3.688684350626011,3.688684350626011,3.688684350626011,3.688684350626011,3.688684350626011,3.688684350626011,3.688684350626011,3.688684350626011,3.688684350626011,3.688684350626011,3.688684350626011,3.688684350626011,3.688684350626011,3.688684350626011,3.688684350626011,3.688684350626011,3.688684350626011,3.688684350626011,3.688684350626011,3.688684350626011,3.688684350626011,3.688684350626011,3.688684350626011,3.688684350626011,3.688684350626011,3.688684350626011,3.688684350626011,3.688684350626011,3.688684350626011,3.688684350626011,3.688684350626011,3.688684350626011,3.688684350626011,3.688684350626011,3.688684350626011,3.688684350626011,3.688684350626011,3.688684350626011,3.688684350626011,3.688684350626011,3.688684350626011,3.688684350626011,3.688684350626011,3.688684350626011,3.688684350626011,3.688684350626011,3.688684350626011,3.688684350626011,3.688684350626011,3.688684350626011,3.688684350626011,3.688684350626011,3.688684350626011,3.688684350626011,3.688684350626011,3.688684350626011,3.688684350626011,3.688684350626011,3.688684350626011,3.688684350626011,3.688684350626011,3.688684350626011,3.688684350626011,3.688684350626011,3.688684350626011,3.688684350626011,3.688684350626011,3.688684350626011,3.688684350626011,3.688684350626011,3.688684350626011,3.688684350626011,3.688684350626011,3.688684350626011,3.688684350626011,3.688684350626011,3.688684350626011,3.688684350626011,3.688684350626011,3.688684350626011,3.688684350626011,3.688684350626011,3.688684350626011,3.688684350626011,3.688684350626011,3.688684350626011,3.688684350626011,3.688684350626011,3.688684350626011,3.688684350626011,3.688684350626011,3.688684350626011,3.688684350626011,3.688684350626011,3.688684350626011,3.688684350626011,3.688684350626011,3.688684350626011,3.688684350626011,3.688684350626011,3.688684350626011,3.688684350626011,3.688684350626011,3.688684350626011,3.688684350626011,3.688684350626011,3.688684350626011,3.688684350626011,3.688684350626011,3.688684350626011,3.688684350626011,3.688684350626011,3.688684350626011,3.688684350626011,3.688684350626011,3.688684350626011,3.688684350626011,3.688684350626011,2.8860372492558786,2.8860372492558786,2.8860372492558786,2.8860372492558786,2.8860372492558786,2.8860372492558786,2.8860372492558786,2.8860372492558786,2.8860372492558786,2.8860372492558786,2.8860372492558786,2.8860372492558786,2.8860372492558786,2.8860372492558786,2.8860372492558786,2.8860372492558786,2.8860372492558786,2.8860372492558786,2.8860372492558786,2.8860372492558786,2.8860372492558786,2.8860372492558786,2.8860372492558786,2.8860372492558786,2.8860372492558786,2.8860372492558786,2.8860372492558786,2.8860372492558786,2.8860372492558786,2.8860372492558786,2.8860372492558786,2.8860372492558786,2.8860372492558786,2.8860372492558786,2.8860372492558786,2.8860372492558786,2.8860372492558786,2.8860372492558786,2.8860372492558786,2.8860372492558786,2.8860372492558786,2.8860372492558786,2.8860372492558786,2.8860372492558786,2.8860372492558786,2.8860372492558786,2.8860372492558786,2.8860372492558786,2.8860372492558786,2.8860372492558786,2.8860372492558786,2.8860372492558786,2.8860372492558786,2.8860372492558786,2.8860372492558786,2.8860372492558786,2.8860372492558786,2.8860372492558786,2.8860372492558786,2.8860372492558786,2.8860372492558786,2.8860372492558786,2.8860372492558786,2.8860372492558786,2.8860372492558786,2.8860372492558786,2.8860372492558786,2.8860372492558786,2.8860372492558786,2.8860372492558786,2.8860372492558786,2.8860372492558786,2.8860372492558786,2.8860372492558786,2.8860372492558786,2.8860372492558786,2.8860372492558786,2.8860372492558786,2.8860372492558786,2.8860372492558786,2.8860372492558786,2.8860372492558786,2.8860372492558786,2.8860372492558786,2.8860372492558786,2.8860372492558786,2.8860372492558786,2.8860372492558786,2.8860372492558786,2.8860372492558786,2.8860372492558786,2.8860372492558786,2.8860372492558786,2.8860372492558786,2.8860372492558786,2.8860372492558786,2.8860372492558786,2.8860372492558786,2.8860372492558786,2.8860372492558786,2.8860372492558786,2.8860372492558786,2.8860372492558786,2.8860372492558786,2.8860372492558786,2.8860372492558786,2.8860372492558786,2.8860372492558786,2.8860372492558786,2.8860372492558786,2.8860372492558786,2.8860372492558786,2.8860372492558786,2.8860372492558786,2.8860372492558786,2.8860372492558786,2.8860372492558786,2.8860372492558786,2.8860372492558786,2.8860372492558786,2.8860372492558786,2.8860372492558786,2.8860372492558786,2.8860372492558786,2.8860372492558786,2.8860372492558786,2.8860372492558786,2.8860372492558786,2.8860372492558786,2.8860372492558786,2.8860372492558786,2.8860372492558786,2.8860372492558786,2.8860372492558786,2.8860372492558786,2.8860372492558786,2.8860372492558786,2.8860372492558786,2.8860372492558786,2.8860372492558786,2.8860372492558786,2.8860372492558786,2.8860372492558786,2.8860372492558786,2.8860372492558786,2.8860372492558786,2.8860372492558786,2.8860372492558786,2.8860372492558786,2.8860372492558786,2.8860372492558786,2.8860372492558786,2.8860372492558786,2.8860372492558786,2.8860372492558786,2.8860372492558786,2.8860372492558786,2.8860372492558786,2.8860372492558786,2.8860372492558786,2.8860372492558786,2.8860372492558786,2.8860372492558786,2.8860372492558786,2.8860372492558786,2.8860372492558786,2.8860372492558786,2.8860372492558786,2.8860372492558786,2.8860372492558786,2.8860372492558786,2.8860372492558786,2.8860372492558786,2.8860372492558786,2.8860372492558786,2.8860372492558786,2.8860372492558786,2.8860372492558786,2.8860372492558786,2.8860372492558786,2.8860372492558786,2.8860372492558786,2.8860372492558786,2.8860372492558786,2.8860372492558786,2.8860372492558786,2.8860372492558786,2.8860372492558786,2.8860372492558786,2.8860372492558786,2.8860372492558786,2.8860372492558786,2.8860372492558786,2.8860372492558786,2.8860372492558786,2.8860372492558786,2.8860372492558786,2.8860372492558786,2.8860372492558786,2.8860372492558786,2.8860372492558786,2.8860372492558786,2.8860372492558786,2.8860372492558786,2.8860372492558786,2.8860372492558786,2.8860372492558786,2.8860372492558786,2.8860372492558786,2.8860372492558786,2.8860372492558786,2.8860372492558786,2.8860372492558786,2.8860372492558786,2.8860372492558786,2.8860372492558786,2.8860372492558786,2.8860372492558786,2.8860372492558786,2.8860372492558786,2.8860372492558786,2.8860372492558786,2.8860372492558786,2.8860372492558786,2.8860372492558786,2.8860372492558786,2.8860372492558786,2.8860372492558786,2.8860372492558786,2.8860372492558786,2.8860372492558786,2.8860372492558786,2.8860372492558786,2.8860372492558786,2.8860372492558786,2.8860372492558786,2.8860372492558786,2.8860372492558786,2.8860372492558786,2.8860372492558786,2.8860372492558786,2.8860372492558786,2.8860372492558786,2.8860372492558786,2.8860372492558786,2.8860372492558786,2.8860372492558786,2.8860372492558786,2.8860372492558786,2.8860372492558786,2.8860372492558786,2.8860372492558786,2.8860372492558786,2.8860372492558786,2.8860372492558786,2.8860372492558786,2.8860372492558786,2.8860372492558786,2.8860372492558786,2.8860372492558786,2.8860372492558786,2.8860372492558786,2.8860372492558786,2.8860372492558786,2.8860372492558786,2.8860372492558786,2.8860372492558786,2.8860372492558786,2.8860372492558786,2.8860372492558786,2.8860372492558786,2.8860372492558786,2.8860372492558786,2.8860372492558786,2.8860372492558786,2.8860372492558786,2.8860372492558786,2.8860372492558786,2.8860372492558786,2.8860372492558786,2.8860372492558786,2.8860372492558786,2.8860372492558786,2.8860372492558786,2.8860372492558786,2.8860372492558786,2.8860372492558786,2.8860372492558786,2.8860372492558786,2.8860372492558786,2.8860372492558786,2.8860372492558786,2.8860372492558786,2.8860372492558786,2.8860372492558786,2.8860372492558786,2.8860372492558786,2.8860372492558786,2.8860372492558786,2.8860372492558786,2.8860372492558786,2.8860372492558786,2.8860372492558786,2.8860372492558786,2.8860372492558786,2.8860372492558786,2.8860372492558786,2.8860372492558786,2.8860372492558786,2.8860372492558786,2.8860372492558786,2.8860372492558786,2.8860372492558786,2.8860372492558786,2.8860372492558786,2.8860372492558786,2.8860372492558786,2.8860372492558786,2.8860372492558786,2.8860372492558786,2.8860372492558786,2.8860372492558786,2.8860372492558786,2.8860372492558786,2.8860372492558786,2.8860372492558786,2.8860372492558786,2.8860372492558786,2.8860372492558786,2.8860372492558786,2.8860372492558786,2.8860372492558786,2.8860372492558786,2.8860372492558786,2.8860372492558786,2.8860372492558786,2.8860372492558786,2.8860372492558786,2.8860372492558786,2.8860372492558786,2.8860372492558786,2.8860372492558786,2.8860372492558786,2.8860372492558786,2.8860372492558786,2.8860372492558786,2.8860372492558786,2.8860372492558786,2.8860372492558786,2.8860372492558786,2.8860372492558786,2.8860372492558786,2.8860372492558786,2.8860372492558786,2.8860372492558786,2.8860372492558786,2.8860372492558786,2.8860372492558786,2.8860372492558786,2.8860372492558786,2.8860372492558786,2.8860372492558786,2.8860372492558786,2.8860372492558786,2.8860372492558786,2.8860372492558786,2.8860372492558786,2.8860372492558786,2.8860372492558786,2.8860372492558786,2.8860372492558786,2.8860372492558786,2.8860372492558786,2.8860372492558786,2.8860372492558786,2.8860372492558786,2.8860372492558786,2.8860372492558786,2.8860372492558786,2.8860372492558786,2.8860372492558786,2.8860372492558786,2.8860372492558786,2.8860372492558786,2.8860372492558786,2.8860372492558786,2.8860372492558786,2.8860372492558786,2.8860372492558786,2.8860372492558786,2.8860372492558786,2.8860372492558786,2.8860372492558786,2.8860372492558786,2.8860372492558786,2.8860372492558786,2.8860372492558786,2.8860372492558786,2.8860372492558786,2.8860372492558786,2.8860372492558786,2.8860372492558786,2.8860372492558786,2.8860372492558786,2.8860372492558786,2.8860372492558786,2.8860372492558786,2.8860372492558786,2.8860372492558786,2.8860372492558786,2.8860372492558786,2.8860372492558786,2.8860372492558786,2.8860372492558786,2.8860372492558786,2.8860372492558786,2.8860372492558786,2.8860372492558786,2.8860372492558786,2.8860372492558786,2.8860372492558786,2.8860372492558786,2.8860372492558786,2.8860372492558786,2.8860372492558786,2.8860372492558786,2.8860372492558786,2.8860372492558786,2.8860372492558786,2.8860372492558786,2.8860372492558786,2.8860372492558786,2.8860372492558786,2.8860372492558786,2.8860372492558786,2.8860372492558786,2.8860372492558786,2.8860372492558786,2.8860372492558786,2.8860372492558786,2.8860372492558786,2.8860372492558786,2.8860372492558786,2.8860372492558786,2.8860372492558786,2.8860372492558786,2.8860372492558786,2.8860372492558786,2.8860372492558786,2.8860372492558786,2.8860372492558786,2.8860372492558786,2.8860372492558786,2.8860372492558786,2.8860372492558786,2.8860372492558786,2.8860372492558786,2.8860372492558786,2.8860372492558786,2.8860372492558786,2.8860372492558786,2.8860372492558786,2.8860372492558786,2.8860372492558786,2.8860372492558786,2.8860372492558786,2.8860372492558786,2.8860372492558786,2.8860372492558786,2.8860372492558786,2.8860372492558786,2.8860372492558786,2.8860372492558786,2.8860372492558786,2.8860372492558786,2.8860372492558786,2.8860372492558786,2.8860372492558786,2.8860372492558786,2.8860372492558786,2.8860372492558786,2.8860372492558786,2.8860372492558786,2.8860372492558786,2.8860372492558786,2.8860372492558786,2.8860372492558786,2.8860372492558786,2.8860372492558786,2.8860372492558786,2.8860372492558786,2.8860372492558786,2.8860372492558786,2.8860372492558786,2.8860372492558786,2.8860372492558786,2.8860372492558786,2.8860372492558786,2.8860372492558786,2.8860372492558786,2.8860372492558786,2.8860372492558786,2.8860372492558786,2.8860372492558786,2.8860372492558786,2.8860372492558786,2.8860372492558786,2.8860372492558786,2.8860372492558786,2.8860372492558786,2.8860372492558786,2.8860372492558786,2.8860372492558786,2.8860372492558786,2.8860372492558786,2.8860372492558786,2.8860372492558786,2.8860372492558786,2.8860372492558786,2.8860372492558786,2.8860372492558786,2.8860372492558786,2.8860372492558786,2.8860372492558786,2.8860372492558786,2.8860372492558786,2.8860372492558786,2.8860372492558786,2.8860372492558786,2.8860372492558786,2.8860372492558786,2.8860372492558786,2.8860372492558786,2.8860372492558786,2.8860372492558786,2.8860372492558786,2.8860372492558786,2.8860372492558786,2.8860372492558786,2.8860372492558786,2.8860372492558786,2.8860372492558786,2.8860372492558786,2.8860372492558786,2.8860372492558786,2.8860372492558786,2.8860372492558786,2.8860372492558786,2.8860372492558786,2.8860372492558786,2.8860372492558786,2.8860372492558786,2.8860372492558786,2.8860372492558786,2.8860372492558786,2.8860372492558786,2.8860372492558786,2.8860372492558786,2.8860372492558786,2.8860372492558786,2.8860372492558786,2.8860372492558786,2.8860372492558786,2.8860372492558786,2.8860372492558786,2.8860372492558786,2.8860372492558786,2.8860372492558786,2.8860372492558786,2.8860372492558786,2.8860372492558786,2.8860372492558786,2.8860372492558786,2.8860372492558786,2.8860372492558786,2.8860372492558786,2.8860372492558786,2.8860372492558786,2.8860372492558786,2.8860372492558786,2.8860372492558786,2.8860372492558786,2.8860372492558786,2.8860372492558786,2.8860372492558786,2.8860372492558786,2.8860372492558786,2.8860372492558786,2.8860372492558786,2.8860372492558786,2.8860372492558786,2.8860372492558786,2.8860372492558786,2.8860372492558786,2.8860372492558786,2.8860372492558786,2.8860372492558786,2.8860372492558786,2.8860372492558786,2.8860372492558786,2.8860372492558786,2.8860372492558786,2.8860372492558786,2.8860372492558786,2.8860372492558786,2.8860372492558786,2.8860372492558786,2.8860372492558786,2.8860372492558786,2.8860372492558786,2.8860372492558786,2.8860372492558786,2.8860372492558786,2.8860372492558786,2.8860372492558786,2.8860372492558786,2.8860372492558786,2.8860372492558786,2.8860372492558786,2.8860372492558786,2.8860372492558786,2.8860372492558786,2.8860372492558786,2.8860372492558786,2.8860372492558786,2.8860372492558786,2.8860372492558786,2.8860372492558786,2.8860372492558786,2.8860372492558786,2.8860372492558786,2.8860372492558786,2.8860372492558786,2.8860372492558786,2.8860372492558786,6.168464856062527,6.168464856062527,6.147884118306288,6.147884118306288,6.147884118306288,6.147884118306288,6.147884118306288,6.147884118306288,5.842528115208808,5.781198181269897,5.781198181269897,5.781198181269897,5.781198181269897,5.781198181269897,5.781198181269897,5.781198181269897,5.781198181269897,5.781198181269897,5.781198181269897,5.781198181269897,5.781198181269897,5.781198181269897,5.781198181269897,5.781198181269897,5.781198181269897,5.781198181269897,5.781198181269897,5.781198181269897,5.781198181269897,5.781198181269897,5.781198181269897,5.781198181269897,5.781198181269897,5.781198181269897,5.781198181269897,5.781198181269897,5.781198181269897,5.66726723391959,5.66726723391959,5.66726723391959,5.66726723391959,5.66726723391959,5.66726723391959,5.66726723391959,5.66726723391959,5.66726723391959,5.66726723391959,5.66726723391959,5.66726723391959,5.66726723391959,5.66726723391959,5.66726723391959,5.66726723391959,5.66726723391959,5.66726723391959,5.66726723391959,5.66726723391959,5.66726723391959,5.66726723391959,5.66726723391959,5.66726723391959,5.66726723391959,5.66726723391959,5.66726723391959,5.66726723391959,5.66726723391959,5.66726723391959,5.66726723391959,5.66726723391959,5.66726723391959,5.66726723391959,5.66726723391959,5.66726723391959,5.66726723391959,5.66726723391959,5.66726723391959,5.66726723391959,5.66726723391959,5.66726723391959,5.66726723391959,5.66726723391959,5.66726723391959,5.66726723391959,5.66726723391959,5.66726723391959,5.66726723391959,5.66726723391959,5.66726723391959,5.66726723391959,5.66726723391959,5.66726723391959,5.66726723391959,5.66726723391959,5.66726723391959,5.66726723391959,5.66726723391959,5.66726723391959,5.66726723391959,5.66726723391959,5.66726723391959,5.66726723391959,5.66726723391959,5.66726723391959,5.66726723391959,5.66726723391959,5.66726723391959,5.66726723391959,5.66726723391959,5.66726723391959,5.66726723391959,5.66726723391959,5.66726723391959,5.66726723391959,5.66726723391959,5.66726723391959,5.66726723391959,5.66726723391959,5.66726723391959,5.66726723391959,5.66726723391959,5.66726723391959,5.66726723391959,5.66726723391959,5.66726723391959,5.66726723391959,5.66726723391959,5.66726723391959,5.66726723391959,5.66726723391959,5.66726723391959,5.66726723391959,5.66726723391959,5.66726723391959,5.66726723391959,5.66726723391959,5.66726723391959,5.66726723391959,5.66726723391959,5.66726723391959,5.66726723391959,5.66726723391959,5.66726723391959,5.66726723391959,5.66726723391959,5.66726723391959,5.66726723391959,5.66726723391959,5.66726723391959,5.66726723391959,5.66726723391959,5.66726723391959,5.4684007495724245,5.4086016316914804,5.4086016316914804,5.358082360018865,5.358082360018865,5.358082360018865,5.358082360018865,5.358082360018865,5.358082360018865,5.358082360018865,5.358082360018865,5.34935080803369,5.34935080803369,5.34935080803369,5.34935080803369,5.34935080803369,5.34935080803369,5.34935080803369,5.34935080803369,5.34935080803369,5.34935080803369,5.34935080803369,5.34935080803369,5.34935080803369,5.34935080803369,5.34935080803369,5.34935080803369,5.34935080803369,5.34935080803369,5.34935080803369,5.34935080803369,5.34935080803369,5.34935080803369,5.34935080803369,5.34935080803369,5.34935080803369,5.34935080803369,5.34935080803369,5.34935080803369,5.34935080803369,5.34935080803369,5.34935080803369,5.34935080803369,5.34935080803369,5.34935080803369,5.34935080803369,5.34935080803369,5.34935080803369,5.34935080803369,5.34935080803369,5.34935080803369,5.34935080803369,5.34935080803369,5.34935080803369,5.34935080803369,5.34935080803369,5.34935080803369,5.34935080803369,5.34935080803369,5.34935080803369,5.34935080803369,5.34935080803369,5.34935080803369,5.34935080803369,5.34935080803369,5.349350808033689,5.349350808033689,5.349350808033689,5.349350808033689,5.349350808033689,5.349350808033689,5.349350808033689,5.349350808033689,5.349350808033689,5.349350808033689,5.349350808033689,5.349350808033689,5.349350808033689,5.349350808033689,5.349350808033689,5.349350808033689,5.349350808033689,5.349350808033689,5.349350808033689,5.349350808033689,5.349350808033689,5.349350808033689,5.349350808033689,5.349350808033689,5.349350808033689,5.349350808033689,5.349350808033689,5.349350808033689,5.349350808033689,5.349350808033689,5.349350808033689,5.349350808033689,5.349350808033689,5.349350808033689,5.349350808033689,5.349350808033689,5.349350808033689,5.349350808033689,5.349350808033689,5.349350808033689,5.349350808033689,5.349350808033689,5.349350808033689,5.349350808033689,5.349350808033689,5.349350808033689,5.349350808033689,5.349350808033689,5.349350808033689,5.349350808033689,5.349350808033689,5.349350808033689,5.349350808033689,5.349350808033689,5.349350808033689,5.349350808033689,5.349350808033689,5.349350808033689,5.349350808033689,5.349350808033689,5.349350808033689,5.349350808033689,5.349350808033689,5.349350808033689,5.349350808033689,5.349350808033689,5.349350808033689,5.349350808033689,5.349350808033689,5.349350808033689,5.106147257794821,4.923454065081333,4.923454065081333,4.923454065081333,4.923454065081333,4.923454065081333,4.923454065081333,4.923454065081333,4.923454065081333,4.923454065081333,4.923454065081333,4.923454065081333,4.923454065081333,4.923454065081333,4.923454065081333,4.923454065081333,4.923454065081333,4.923454065081333,4.923454065081333,4.75594148407242,4.75594148407242,4.75594148407242,4.75594148407242,4.75594148407242,4.75594148407242,4.705819594504874,4.688874625848699,4.580508982679061,4.580508982679061,4.580508982679061,4.4541399512625865,4.4541399512625865,4.26960307600659,4.26960307600659,4.26960307600659,4.26960307600659,4.26960307600659,4.26960307600659,4.26960307600659,4.26960307600659,4.26960307600659,4.26960307600659,4.26960307600659,4.26960307600659,4.26960307600659,4.26960307600659,4.26960307600659,4.26960307600659,4.26960307600659,4.26960307600659,4.26960307600659,4.26960307600659,4.26960307600659,4.26960307600659,4.26960307600659,4.26960307600659,4.26960307600659,4.26960307600659,4.26960307600659,4.26960307600659,4.26960307600659,4.26960307600659,4.26960307600659,4.26960307600659,4.26960307600659,4.26960307600659,4.26960307600659,4.26960307600659,4.26960307600659,4.26960307600659,4.26960307600659,4.26960307600659,4.26960307600659,4.26960307600659,4.26960307600659,4.26960307600659,4.26960307600659,4.26960307600659,4.26960307600659,4.26960307600659,4.26960307600659,4.26960307600659,4.26960307600659,4.26960307600659,4.26960307600659,4.26960307600659,4.26960307600659,4.26960307600659,4.26960307600659,4.26960307600659,4.26960307600659,4.26960307600659,4.26960307600659,4.26960307600659,4.26960307600659,4.26960307600659,4.26960307600659,4.26960307600659,4.26960307600659,4.26960307600659,4.26960307600659,4.26960307600659,4.26960307600659,4.26960307600659,4.26960307600659,4.26960307600659,4.26960307600659,4.26960307600659,4.26960307600659,4.26960307600659,4.26960307600659,4.26960307600659,4.26960307600659,4.26960307600659,4.26960307600659,4.26960307600659,4.26960307600659,4.26960307600659,4.26960307600659,4.26960307600659,4.26960307600659,4.26960307600659,4.26960307600659,4.26960307600659,4.26960307600659,4.26960307600659,4.26960307600659,4.26960307600659,4.26960307600659,4.26960307600659,4.26960307600659,4.26960307600659,4.26960307600659,4.26960307600659,4.26960307600659,4.26960307600659,4.26960307600659,4.26960307600659,4.26960307600659,4.26960307600659,4.26960307600659,4.26960307600659,4.26960307600659,4.26960307600659,4.26960307600659,4.26960307600659,4.26960307600659,4.26960307600659,4.26960307600659,4.26960307600659,4.26960307600659,4.26960307600659,4.26960307600659,4.26960307600659,4.26960307600659,4.26960307600659,4.26960307600659,4.26960307600659,4.26960307600659,4.26960307600659,4.26960307600659,4.26960307600659,4.26960307600659,4.26960307600659,4.26960307600659,4.26960307600659,4.26960307600659,4.26960307600659,4.26960307600659,4.26960307600659,4.26960307600659,4.26960307600659,4.26960307600659,4.26960307600659,4.26960307600659,4.26960307600659,4.247042035230585,4.0650655759066066,4.0650655759066066,4.0650655759066066,4.0650655759066066,4.0650655759066066,4.0650655759066066,4.0650655759066066,3.9456817231527945,3.9456817231527945,3.9456817231527945,3.9456817231527945,3.9456817231527945,3.9456817231527945,3.9456817231527945,3.9456817231527945,3.9456817231527945,3.9456817231527945,3.9456817231527945,3.9456817231527945,3.9456817231527945,3.9456817231527945,3.9456817231527945,3.9456817231527945,3.9456817231527945,3.9456817231527945,3.9456817231527945,3.9456817231527945,3.9456817231527945,3.9456817231527945,3.9456817231527945,3.9456817231527945,3.9456817231527945,3.9456817231527945,3.9456817231527945,3.9456817231527945,3.9456817231527945,3.9456817231527945,3.9456817231527945,3.9456817231527945,3.9456817231527945,3.9456817231527945,3.9456817231527945,3.9456817231527945,3.9456817231527945,3.9456817231527945,3.9456817231527945,3.9456817231527945,3.9456817231527945,3.9456817231527945,3.9456817231527945,3.9456817231527945,3.9456817231527945,3.9456817231527945,3.9456817231527945,3.9456817231527945,3.9456817231527945,3.9456817231527945,3.9456817231527945,3.9456817231527945,3.9456817231527945,3.9456817231527945,3.9456817231527945,3.9456817231527945,3.9456817231527945,3.9456817231527945,3.9456817231527945,3.9456817231527945,3.9456817231527945,3.9456817231527945,3.9456817231527945,3.9456817231527945,3.9456817231527945,3.9456817231527945,3.9456817231527945,3.9456817231527945,3.9456817231527945,3.9456817231527945,3.9456817231527945,3.9456817231527945,3.9456817231527945,3.9456817231527945,3.9456817231527945,3.9456817231527945,3.9456817231527945,3.9456817231527945,3.9456817231527945,3.9456817231527945,3.9456817231527945,3.9456817231527945,3.9456817231527945,3.9456817231527945,3.9456817231527945,3.9456817231527945,3.9456817231527945,3.9456817231527945,3.9456817231527945,3.9456817231527945,3.9456817231527945,3.9456817231527945,3.9456817231527945,3.9456817231527945,3.9456817231527945,3.9456817231527945,3.9456817231527945,3.9456817231527945,3.9456817231527945,3.9456817231527945,3.9456817231527945,3.9456817231527945,3.9456817231527945,3.9456817231527945,3.9456817231527945,3.9456817231527945,3.9456817231527945,3.9456817231527945,3.9456817231527945,3.9456817231527945,3.9456817231527945,3.9456817231527945,3.9456817231527945,3.9456817231527945,3.9456817231527945,3.9456817231527945,3.9456817231527945,3.9456817231527945,3.9456817231527945,3.9456817231527945,3.9456817231527945,3.9456817231527945,3.9456817231527945,3.9456817231527945,3.9456817231527945,3.9456817231527945,3.9456817231527945,3.9456817231527945,3.9456817231527945,3.9456817231527945,3.9456817231527945,3.9456817231527945,3.9456817231527945,3.9456817231527945,3.9456817231527945,3.9456817231527945,3.9456817231527945,3.9456817231527945,3.9456817231527945,3.9456817231527945,3.9456817231527945,3.9456817231527945,3.9456817231527945,3.9456817231527945,3.9456817231527945,3.9456817231527945,3.9456817231527945,3.9456817231527945,3.9456817231527945,3.9456817231527945,3.9456817231527945,3.9456817231527945,3.9456817231527945,3.9456817231527945,3.9456817231527945,3.9456817231527945,3.9456817231527945,3.9456817231527945,3.9456817231527945,3.9456817231527945,3.9456817231527945,3.9456817231527945,3.9456817231527945,3.9456817231527945,3.9456817231527945,3.9456817231527945,3.9456817231527945,3.9456817231527945,3.9456817231527945,3.9456817231527945,3.9456817231527945,3.9456817231527945,3.9456817231527945,3.9456817231527945,3.9456817231527945,3.9456817231527945,3.9456817231527945,3.9456817231527945,3.9456817231527945,3.9456817231527945,3.9456817231527945,3.9456817231527945,3.9456817231527945,3.9456817231527945,3.9456817231527945,3.9456817231527945,3.9456817231527945,3.9456817231527945,3.9456817231527945,3.9456817231527945,3.9456817231527945,3.9456817231527945,3.9456817231527945,3.9456817231527945,3.9456817231527945,3.9456817231527945,3.9456817231527945,3.9456817231527945,3.9456817231527945,3.9456817231527945,3.9456817231527945,3.9456817231527945,3.9456817231527945,3.9456817231527945,3.9456817231527945,3.9456817231527945,3.9456817231527945,3.9456817231527945,3.9456817231527945,3.9456817231527945,3.9456817231527945,3.9456817231527945,3.9456817231527945,3.9456817231527945,3.9456817231527945,3.9456817231527945,3.9456817231527945,3.9456817231527945,3.9456817231527945,3.9456817231527945,3.9456817231527945,3.9456817231527945,3.9456817231527945,3.9456817231527945,3.9456817231527945,3.9456817231527945,3.9456817231527945,3.9456817231527945,3.9456817231527945,3.9456817231527945,3.9456817231527945,3.9456817231527945,3.9456817231527945,3.9456817231527945,3.9456817231527945,3.9456817231527945,3.9456817231527945,3.9456817231527945,3.9456817231527945,3.9456817231527945,3.9456817231527945,3.9456817231527945,3.9456817231527945,3.9456817231527945,3.9456817231527945,3.9456817231527945,3.9456817231527945,3.9456817231527945,3.9456817231527945,3.9456817231527945,3.9456817231527945,3.9456817231527945,3.9456817231527945,3.9456817231527945,3.9456817231527945,3.9456817231527945,3.9456817231527945,3.9456817231527945,3.9456817231527945,3.9456817231527945,3.9456817231527945,3.9456817231527945,3.9456817231527945,3.9456817231527945,3.9456817231527945,3.9456817231527945,3.9456817231527945,3.9456817231527945,3.9456817231527945,3.9456817231527945,3.9456817231527945,3.9456817231527945,3.9456817231527945,3.9456817231527945,3.9456817231527945,3.9456817231527945,3.9456817231527945,3.9456817231527945,3.9456817231527945,3.9456817231527945,3.9456817231527945,3.9456817231527945,3.9456817231527945,3.9456817231527945,3.9456817231527945,3.9456817231527945,3.9456817231527945,3.9456817231527945,3.9456817231527945,3.9456817231527945,3.9456817231527945,3.9456817231527945,3.9456817231527945,3.9456817231527945,3.9456817231527945,3.9456817231527945,3.9456817231527945,3.9456817231527945,3.9456817231527945,3.9456817231527945,3.9456817231527945,3.9456817231527945,3.9456817231527945,3.9456817231527945,3.9456817231527945,3.9456817231527945,3.9456817231527945,3.9456817231527945,3.9456817231527945,3.9456817231527945,3.9456817231527945,3.9456817231527945,3.9456817231527945,3.9456817231527945,3.9456817231527945,3.9456817231527945,3.9456817231527945,3.9456817231527945,3.9456817231527945,3.9456817231527945,3.9456817231527945,3.9456817231527945,3.9456817231527945,3.9456817231527945,3.9456817231527945,3.9456817231527945,3.9456817231527945,3.9456817231527945,3.9456817231527945,3.9456817231527945,3.9456817231527945,3.9456817231527945,3.9456817231527945,3.9456817231527945,3.9456817231527945,3.9456817231527945,3.9456817231527945,3.9456817231527945,3.9456817231527945,3.9456817231527945,3.9456817231527945,3.9456817231527945,3.9456817231527945,3.9456817231527945,3.9456817231527945,3.9456817231527945,3.9456817231527945,3.9456817231527945,3.9456817231527945,3.9456817231527945,3.9456817231527945,3.9456817231527945,3.9456817231527945,3.9456817231527945,3.9456817231527945,3.9456817231527945,3.9456817231527945,3.9456817231527945,3.9456817231527945,3.9456817231527945,3.9456817231527945,3.9456817231527945,3.9456817231527945,3.9456817231527945,3.9456817231527945,3.9456817231527945,3.9456817231527945,3.9456817231527945,3.9456817231527945,3.9456817231527945,3.9456817231527945,3.9456817231527945,3.9456817231527945,3.9456817231527945,3.9456817231527945,3.9456817231527945,3.9456817231527945,3.9456817231527945,3.9456817231527945,3.9456817231527945,3.9456817231527945,3.9456817231527945,3.9456817231527945,3.9456817231527945,3.9456817231527945,3.9456817231527945,3.9456817231527945,3.9456817231527945,3.9456817231527945,3.9456817231527945,3.9456817231527945,3.9456817231527945,3.9456817231527945,3.9456817231527945,3.9456817231527945,3.9456817231527945,3.9456817231527945,3.9456817231527945,3.9456817231527945,3.9456817231527945,3.9456817231527945,3.9456817231527945,3.9456817231527945,3.9456817231527945,3.9456817231527945,3.9456817231527945,3.9456817231527945,3.9456817231527945,3.9456817231527945,3.9456817231527945,3.9456817231527945,3.9456817231527945,3.9456817231527945,3.9456817231527945,3.9456817231527945,3.9456817231527945,3.9456817231527945,3.9456817231527945,3.9456817231527945,3.9456817231527945,3.9456817231527945,3.9456817231527945,3.9456817231527945,3.9456817231527945,3.9456817231527945,3.9456817231527945,3.9456817231527945,3.9456817231527945,3.9456817231527945,3.9456817231527945,3.9456817231527945,3.9456817231527945,3.9456817231527945,3.9456817231527945,3.9456817231527945,3.9456817231527945,3.9456817231527945,3.9456817231527945,3.9456817231527945,3.9456817231527945,3.9456817231527945,3.9456817231527945,3.9456817231527945,3.9456817231527945,3.9456817231527945,3.9456817231527945,3.9456817231527945,3.9456817231527945,3.9456817231527945,3.9456817231527945,3.9456817231527945,3.9456817231527945,3.9456817231527945,3.9456817231527945,3.9456817231527945,3.9456817231527945,3.9456817231527945,3.9456817231527945,3.9456817231527945,3.9456817231527945,3.9456817231527945,3.9456817231527945,3.9456817231527945,3.9456817231527945,3.9456817231527945,3.9456817231527945,3.9456817231527945,3.9456817231527945,3.9456817231527945,3.9456817231527945,3.9456817231527945,3.9456817231527945,3.9456817231527945,3.9456817231527945,3.9456817231527945,3.9456817231527945,3.9456817231527945,3.9456817231527945,3.9456817231527945,3.9456817231527945,3.9456817231527945,3.9456817231527945,3.9456817231527945,3.9456817231527945,3.9456817231527945,3.9456817231527945,3.9456817231527945,3.9456817231527945,3.9456817231527945,3.9456817231527945,3.9456817231527945,3.9456817231527945,3.9456817231527945,3.9456817231527945,3.9456817231527945,3.9456817231527945,3.9456817231527945,3.9456817231527945,3.9456817231527945,3.9456817231527945,3.9456817231527945,3.9456817231527945,3.9456817231527945,3.9456817231527945,3.9456817231527945,3.9456817231527945,3.9456817231527945,3.9456817231527945,3.9456817231527945,3.9456817231527945,3.9456817231527945,3.9456817231527945,3.9456817231527945,3.9456817231527945,3.9456817231527945,3.9456817231527945,3.9456817231527945,3.9456817231527945,3.9456817231527945,3.9456817231527945,3.9456817231527945,3.9456817231527945,3.9456817231527945,3.9456817231527945,3.9456817231527945,3.9456817231527945,3.9456817231527945,3.9456817231527945,3.9456817231527945,3.9456817231527945,9.386147344409954,8.088617074500089,7.983535221060366,7.781656570831772,7.781656570831772,7.697660142638885,7.697660142638885,7.697660142638885,7.697660142638885,7.697660142638885,7.603227705302929,7.603227705302929,7.603227705302929,7.603227705302929,7.603227705302929,6.906777413280572,6.906777413280572,6.906777413280572,6.906777413280572,6.906777413280572,6.906777413280572,6.906777413280572,6.906777413280572,6.906777413280572,6.906777413280572,6.906777413280572,6.906777413280572,6.906777413280572,6.906777413280572,6.906777413280572,6.906777413280572,6.906777413280572,6.906777413280572,6.906777413280572,6.906777413280572,6.906777413280572,6.906777413280572,6.906777413280572,6.906777413280572,6.906777413280572,6.906777413280572,6.906777413280572,6.906777413280572,6.906777413280572,6.906777413280572,6.906777413280572,6.906777413280572,6.906777413280572,6.906777413280572,6.906777413280572,6.906777413280572,6.906777413280572,6.906777413280572,6.906777413280572,6.906777413280572,6.906777413280572,6.906777413280572,6.906777413280572,6.906777413280572,6.906777413280572,6.906777413280572,6.774635300868093,6.774635300868093,6.774635300868093,6.774635300868093,6.774635300868093,6.774635300868093,6.774635300868093,6.774635300868093,6.774635300868093,6.774635300868093,6.774635300868093,6.774635300868093,6.774635300868093,6.774635300868093,6.598054475235015,6.598054475235015,6.402365231809322,6.402365231809322,6.402365231809322,6.402365231809322,6.402365231809322,6.402365231809322,6.402365231809322,6.402365231809322,6.402365231809322,6.402365231809322,6.402365231809322,6.402365231809322,6.402365231809322,6.402365231809322,6.402365231809322,6.402365231809322,6.402365231809322,6.402365231809322,6.402365231809322,6.402365231809322,6.402365231809322,6.402365231809322,6.402365231809322,6.402365231809322,6.402365231809322,6.402365231809322,6.402365231809322,6.402365231809322,6.402365231809322,6.402365231809322,6.402365231809322,6.402365231809322,6.402365231809322,6.402365231809322,6.402365231809322,6.402365231809322,6.402365231809322,6.402365231809322,6.402365231809322,6.402365231809322,6.402365231809322,6.402365231809322,6.402365231809322,6.402365231809322,6.402365231809322,6.402365231809322,6.402365231809322,6.402365231809322,6.402365231809322,6.402365231809322,6.402365231809322,6.402365231809322,6.402365231809322,6.402365231809322,6.402365231809322,6.402365231809322,6.402365231809322,6.402365231809322,6.402365231809322,6.402365231809322,6.402365231809322,6.402365231809322,6.402365231809322,6.402365231809322,6.402365231809322,6.402365231809322,6.402365231809322,6.402365231809322,6.402365231809322,6.402365231809322,6.402365231809322,6.402365231809322,6.402365231809322,6.402365231809322,6.402365231809322,6.402365231809322,6.402365231809322,6.402365231809322,6.402365231809322,6.402365231809322,6.402365231809322,6.402365231809322,6.402365231809322,6.402365231809322,6.402365231809322,6.402365231809322,6.402365231809322,6.402365231809322,6.402365231809322,6.402365231809322,6.402365231809322,6.402365231809322,6.402365231809322,6.402365231809322,6.402365231809322,6.402365231809322,6.402365231809322,6.402365231809322,6.402365231809322,6.402365231809322,6.402365231809322,6.402365231809322,6.402365231809322,6.402365231809322,6.402365231809322,6.402365231809322,6.402365231809322,6.402365231809322,6.402365231809322,6.402365231809322,6.402365231809322,6.402365231809322,6.402365231809322,6.402365231809322,6.402365231809322,6.402365231809322,6.402365231809322,6.402365231809322,6.402365231809322,6.402365231809322,6.402365231809322,6.402365231809322,6.402365231809322,6.402365231809322,6.402365231809322,6.402365231809322,6.402365231809322,6.402365231809322,6.402365231809322,6.402365231809322,6.402365231809322,6.402365231809322,6.402365231809322,6.402365231809322,6.402365231809322,6.402365231809322,6.402365231809322,6.402365231809322,6.402365231809322,6.402365231809322,6.402365231809322,6.402365231809322,6.402365231809322,6.402365231809322,6.402365231809322,6.402365231809322,6.402365231809322,6.402365231809322,6.402365231809322,6.402365231809322,6.402365231809322,6.402365231809322,6.402365231809322,6.402365231809322,6.402365231809322,6.402365231809322,6.402365231809322,6.402365231809322,6.402365231809322,6.402365231809322,6.402365231809322,6.402365231809322,6.402365231809322,6.402365231809322,6.402365231809322,6.402365231809322,6.402365231809322,6.402365231809322,6.402365231809322,6.402365231809322,6.402365231809322,6.402365231809322,6.402365231809322,6.402365231809322,6.402365231809322,6.402365231809322,6.402365231809322,6.402365231809322,6.402365231809322,6.402365231809322,6.402365231809322,6.402365231809322,6.402365231809322,6.402365231809322,6.402365231809322,6.402365231809322,6.402365231809322,6.402365231809322,6.402365231809322,6.402365231809322,6.402365231809322,6.402365231809322,6.402365231809322,6.402365231809322,6.402365231809322,6.402365231809322,6.402365231809322,6.402365231809322,6.402365231809322,6.402365231809322,6.402365231809322,6.402365231809322,6.402365231809322,6.402365231809322,6.402365231809322,6.402365231809322,6.402365231809322,6.402365231809322,6.402365231809322,6.402365231809322,6.402365231809322,6.402365231809322,6.402365231809322,6.402365231809322,6.402365231809322,6.402365231809322,6.402365231809322,6.402365231809322,6.402365231809322,6.402365231809322,6.402365231809322,6.402365231809322,6.402365231809322,6.402365231809322,6.402365231809322,6.402365231809322,6.402365231809322,6.402365231809322,6.402365231809322,6.402365231809322,6.402365231809322,5.821937188872046,5.821937188872046,5.5849773134756235,5.286438264868031,5.286438264868031,5.286438264868031,5.286438264868031,5.286438264868031,5.286438264868031,5.286438264868031,5.286438264868031,5.286438264868031,5.286438264868031,5.286438264868031,5.286438264868031,5.286438264868031,5.286438264868031,5.286438264868031,5.286438264868031,5.286438264868031,5.286438264868031,5.286438264868031,5.286438264868031,5.286438264868031,5.286438264868031,5.286438264868031,5.286438264868031,5.286438264868031,5.286438264868031,5.286438264868031,5.286438264868031,5.286438264868031,5.286438264868031,5.286438264868031,5.286438264868031,5.286438264868031,5.286438264868031,5.286438264868031,5.286438264868031,5.286438264868031,5.286438264868031,5.286438264868031,5.286438264868031,5.286438264868031,5.286438264868031,5.286438264868031,5.286438264868031,5.286438264868031,5.286438264868031,5.286438264868031,5.286438264868031,5.286438264868031,5.286438264868031,5.286438264868031,5.286438264868031,5.286438264868031,5.286438264868031,5.286438264868031,5.286438264868031,5.286438264868031,5.286438264868031,5.286438264868031,5.286438264868031,5.286438264868031,5.286438264868031,5.286438264868031,5.286438264868031,5.286438264868031,5.286438264868031,5.286438264868031,5.286438264868031,5.286438264868031,5.286438264868031,5.286438264868031,5.286438264868031,5.286438264868031,5.286438264868031,5.286438264868031,5.286438264868031,5.286438264868031,5.286438264868031,5.286438264868031,5.286438264868031,5.286438264868031,5.286438264868031,5.286438264868031,5.286438264868031,5.286438264868031,5.286438264868031,5.286438264868031,5.286438264868031,5.286438264868031,5.286438264868031,5.286438264868031,5.286438264868031,5.286438264868031,5.286438264868031,5.286438264868031,5.286438264868031,5.286438264868031,5.286438264868031,5.286438264868031,5.286438264868031,5.286438264868031,5.286438264868031,5.286438264868031,5.286438264868031,5.286438264868031,5.286438264868031,5.286438264868031,5.286438264868031,5.286438264868031,5.286438264868031,5.286438264868031,5.286438264868031,5.286438264868031,5.286438264868031,5.286438264868031,5.286438264868031,5.286438264868031,5.286438264868031,5.286438264868031,5.286438264868031,5.286438264868031,5.286438264868031,5.286438264868031,5.286438264868031,5.286438264868031,5.286438264868031,5.286438264868031,5.286438264868031,5.286438264868031,5.286438264868031,5.286438264868031,5.286438264868031,5.286438264868031,5.286438264868031,5.286438264868031,5.286438264868031,5.286438264868031,5.286438264868031,5.286438264868031,5.286438264868031,5.286438264868031,5.286438264868031,5.286438264868031,5.286438264868031,5.286438264868031,5.286438264868031,5.286438264868031,5.286438264868031,5.286438264868031,5.286438264868031,5.286438264868031,5.286438264868031,5.286438264868031,5.286438264868031,5.286438264868031,5.286438264868031,5.286438264868031,5.286438264868031,5.286438264868031,5.286438264868031,5.286438264868031,5.286438264868031,5.286438264868031,5.286438264868031,5.286438264868031,5.286438264868031,5.286438264868031,5.286438264868031,5.286438264868031,5.286438264868031,5.286438264868031,5.286438264868031,5.286438264868031,5.286438264868031,5.286438264868031,5.286438264868031,5.286438264868031,5.286438264868031,5.286438264868031,5.286438264868031,5.286438264868031,5.286438264868031,5.286438264868031,5.286438264868031,5.286438264868031,5.286438264868031,5.286438264868031,5.286438264868031,5.286438264868031,5.286438264868031,5.286438264868031,5.286438264868031,5.286438264868031,5.286438264868031,5.286438264868031,5.286438264868031,5.286438264868031,5.286438264868031,5.286438264868031,5.286438264868031,5.286438264868031,5.286438264868031,5.286438264868031,5.286438264868031,5.286438264868031,5.286438264868031,5.286438264868031,5.286438264868031,5.286438264868031,5.286438264868031,5.286438264868031,5.286438264868031,5.286438264868031,5.286438264868031,5.286438264868031,4.928542280265665,4.478575770168916,4.478575770168916,4.478575770168916,4.478575770168916,4.478575770168916,4.478575770168916,4.478575770168916,4.478575770168916,4.478575770168916,4.478575770168916,4.478575770168916,4.478575770168916,4.478575770168916,4.478575770168916,4.478575770168916,4.478575770168916,4.478575770168916,4.478575770168916,4.478575770168916,4.478575770168916,4.478575770168916,4.478575770168916,4.478575770168916,4.478575770168916,4.478575770168916,4.478575770168916,4.478575770168916,4.478575770168916,4.478575770168916,4.478575770168916,4.478575770168916,4.478575770168916,4.478575770168916,4.478575770168916,4.478575770168916,4.478575770168916,4.478575770168916,4.478575770168916,4.478575770168916,4.478575770168916,4.478575770168916,4.478575770168916,4.478575770168916,4.478575770168916,4.478575770168916,4.478575770168916,4.478575770168916,4.478575770168916,4.478575770168916,4.478575770168916,4.478575770168916,4.478575770168916,4.478575770168916,4.478575770168916,4.478575770168916,4.478575770168916,4.478575770168916,4.478575770168916,4.478575770168916,4.478575770168916,4.478575770168916,4.478575770168916,4.478575770168916,4.478575770168916,4.478575770168916,4.478575770168916,4.478575770168916,4.478575770168916,4.478575770168916,4.478575770168916,4.478575770168916,4.478575770168916,4.478575770168916,4.478575770168916,4.478575770168916,4.478575770168916,4.478575770168916,4.478575770168916,4.478575770168916,4.478575770168916,4.478575770168916,4.478575770168916,4.478575770168916,4.478575770168916,4.478575770168916,4.478575770168916,4.478575770168916,4.478575770168916,4.478575770168916,4.478575770168916,4.478575770168916,4.478575770168916,4.478575770168916,4.478575770168916,4.478575770168916,4.478575770168916,4.478575770168916,4.478575770168916,4.478575770168916,4.478575770168916,4.478575770168916,4.478575770168916,4.478575770168916,4.478575770168916,4.478575770168916,4.478575770168916,4.478575770168916,4.478575770168916,4.478575770168916,4.478575770168916,4.478575770168916,4.478575770168916,4.478575770168916,4.478575770168916,4.478575770168916,4.478575770168916,4.478575770168916,4.478575770168916,4.478575770168916,4.478575770168916,4.478575770168916,4.478575770168916,4.478575770168916,4.478575770168916,4.478575770168916,4.478575770168916,4.478575770168916,4.478575770168916,4.478575770168916,4.478575770168916,4.478575770168916,4.478575770168916,4.478575770168916,4.478575770168916,4.478575770168916,4.478575770168916,4.478575770168916,4.478575770168916,4.478575770168916,4.478575770168916,4.478575770168916,4.478575770168916,4.478575770168916,4.478575770168916,4.478575770168916,4.478575770168916,4.478575770168916,4.478575770168916,4.478575770168916,4.478575770168916,4.478575770168916,4.478575770168916,4.478575770168916,4.478575770168916,4.478575770168916,4.478575770168916,4.478575770168916,4.478575770168916,4.478575770168916,4.478575770168916,4.478575770168916,4.478575770168916,4.478575770168916,4.478575770168916,4.478575770168916,4.478575770168916,4.478575770168916,4.478575770168916,4.478575770168916,4.478575770168916,4.478575770168916,4.478575770168916,4.478575770168916,4.478575770168916,4.478575770168916,4.478575770168916,4.478575770168916,4.478575770168916,4.478575770168916,4.478575770168916,4.478575770168916,4.478575770168916,4.478575770168916,4.478575770168916,4.478575770168916,4.478575770168916,4.478575770168916,4.478575770168916,4.478575770168916,4.478575770168916,4.478575770168916,4.478575770168916,4.478575770168916,4.478575770168916,4.478575770168916,4.478575770168916,4.478575770168916,4.478575770168916,4.478575770168916,4.478575770168916,4.478575770168916,4.478575770168916,4.478575770168916,4.478575770168916,4.478575770168916,4.478575770168916,4.478575770168916,4.478575770168916,4.478575770168916,4.478575770168916,4.478575770168916,4.478575770168916,4.478575770168916,4.478575770168916,4.478575770168916,4.478575770168916,4.478575770168916,4.478575770168916,4.478575770168916,4.478575770168916,4.478575770168916,4.478575770168916,4.478575770168916,4.478575770168916,4.478575770168916,4.478575770168916,4.478575770168916,4.478575770168916,4.478575770168916,4.478575770168916,4.478575770168916,4.478575770168916,4.478575770168916,4.478575770168916,4.478575770168916,4.478575770168916,4.478575770168916,4.478575770168916,4.478575770168916,4.478575770168916,4.478575770168916,4.478575770168916,4.478575770168916,4.478575770168916,4.478575770168916,4.478575770168916,4.478575770168916,4.478575770168916,4.478575770168916,4.478575770168916,4.478575770168916,4.478575770168916,4.478575770168916,4.478575770168916,4.478575770168916,4.478575770168916,4.478575770168916,4.478575770168916,4.478575770168916,4.478575770168916,4.478575770168916,4.478575770168916,4.478575770168916,4.478575770168916,4.478575770168916,4.478575770168916,4.478575770168916,4.478575770168916,4.478575770168916,4.478575770168916,4.478575770168916,4.478575770168916,4.478575770168916,4.478575770168916,4.478575770168916,4.478575770168916,4.478575770168916,4.478575770168916,4.478575770168916,4.478575770168916,4.478575770168916,4.478575770168916,4.478575770168916,4.478575770168916,4.478575770168916,4.478575770168916,4.478575770168916,4.478575770168916,4.478575770168916,4.478575770168916,4.478575770168916,4.478575770168916,4.478575770168916,4.478575770168916,4.478575770168916,4.478575770168916,4.478575770168916,4.478575770168916,4.478575770168916,4.478575770168916,4.478575770168916,4.478575770168916,4.478575770168916,4.478575770168916,4.478575770168916,4.478575770168916,4.478575770168916,4.478575770168916,4.478575770168916,4.478575770168916,4.478575770168916,4.478575770168916,4.478575770168916,4.478575770168916,4.478575770168916,4.478575770168916,4.478575770168916,4.478575770168916,4.478575770168916,4.478575770168916,4.478575770168916,4.478575770168916,4.478575770168916,4.478575770168916,4.478575770168916,4.478575770168916,4.478575770168916,4.478575770168916,4.478575770168916,4.478575770168916,4.478575770168916,4.478575770168916,4.478575770168916,4.478575770168916,4.478575770168916,4.478575770168916,4.478575770168916,4.478575770168916,4.478575770168916,4.478575770168916,4.478575770168916,4.478575770168916,4.478575770168916,4.478575770168916,4.478575770168916,4.478575770168916,4.478575770168916,4.478575770168916,4.478575770168916,4.478575770168916,4.478575770168916,4.478575770168916,4.478575770168916,4.478575770168916,4.478575770168916,4.478575770168916,4.478575770168916,4.478575770168916,4.478575770168916,4.478575770168916,4.478575770168916,4.478575770168916,4.478575770168916,4.478575770168916,4.478575770168916,4.478575770168916,4.478575770168916,4.478575770168916,4.478575770168916,4.478575770168916,4.478575770168916,4.478575770168916,4.478575770168916,4.478575770168916,4.478575770168916,4.478575770168916,4.478575770168916,4.478575770168916,4.478575770168916,4.478575770168916,4.478575770168916,4.478575770168916,4.478575770168916,4.478575770168916,4.478575770168916,4.478575770168916,4.478575770168916,4.478575770168916,4.478575770168916,4.478575770168916,4.478575770168916,4.478575770168916,4.478575770168916,4.478575770168916,4.478575770168916,4.478575770168916,4.478575770168916,4.478575770168916,4.478575770168916,4.478575770168916,4.478575770168916,4.478575770168916,4.478575770168916,4.478575770168916,4.478575770168916,4.478575770168916,4.478575770168916,4.478575770168916,4.478575770168916,4.478575770168916,4.478575770168916,4.478575770168916,4.478575770168916,4.478575770168916,4.478575770168916,4.478575770168916,4.478575770168916,4.478575770168916,4.478575770168916,4.478575770168916,4.478575770168916,4.478575770168916,4.478575770168916,4.478575770168916,4.478575770168916,4.478575770168916,4.478575770168916,4.478575770168916,4.478575770168916,4.478575770168916,4.478575770168916,4.478575770168916,4.478575770168916,4.478575770168916,4.478575770168916,4.478575770168916,4.478575770168916,4.478575770168916,4.478575770168916,4.478575770168916,4.478575770168916,4.478575770168916,4.478575770168916,4.478575770168916,4.478575770168916,4.478575770168916,4.478575770168916,4.478575770168916,4.478575770168916,4.478575770168916,4.478575770168916,4.478575770168916,4.478575770168916,4.478575770168916,4.478575770168916,4.478575770168916,4.478575770168916,4.478575770168916,4.478575770168916,4.478575770168916,4.478575770168916,4.478575770168916,4.478575770168916,4.478575770168916,4.478575770168916,4.478575770168916,4.478575770168916,4.478575770168916,4.478575770168916,4.478575770168916,4.478575770168916,4.478575770168916,4.478575770168916,8.027757518074365,7.649773099490354,7.649773099490354,7.649773099490354,7.451736602093129,7.451736602093129,7.216491942346268,7.216491942346268,7.216491942346268,7.216491942346268,7.216491942346268,7.216491942346268,7.216491942346268,7.216491942346268,7.216491942346268,7.216491942346268,7.216491942346268,7.216491942346268,6.889323207563576,6.889323207563576,6.889323207563576,6.889323207563576,6.889323207563576,6.889323207563576,6.889323207563576,6.889323207563576,6.889323207563576,6.889323207563576,6.889323207563576,6.889323207563576,6.889323207563576,6.889323207563576,6.889323207563576,6.889323207563576,6.889323207563576,6.889323207563576,6.889323207563576,6.889323207563576,6.889323207563576,6.889323207563576,6.889323207563576,6.889323207563576,6.889323207563576,6.889323207563576,6.889323207563576,6.889323207563576,6.889323207563576,6.889323207563576,6.889323207563576,6.889323207563576,6.889323207563576,6.889323207563576,6.889323207563576,6.889323207563576,6.889323207563576,6.889323207563576,6.889323207563576,6.889323207563576,6.889323207563576,6.889323207563576,6.889323207563576,6.889323207563576,6.889323207563576,6.889323207563576,6.889323207563576,6.889323207563576,6.889323207563576,6.889323207563576,6.889323207563576,6.889323207563576,6.68124938337337,6.679424475777531,6.679424475777531,6.679424475777531,6.679424475777531,6.679424475777531,6.679424475777531,6.67942447577753,6.67942447577753,6.67942447577753,6.67942447577753,6.67942447577753,6.67942447577753,6.67942447577753,6.67942447577753,6.67942447577753,6.67942447577753,6.67942447577753,6.67942447577753,6.67942447577753,6.67942447577753,6.67942447577753,6.67942447577753,6.67942447577753,6.678797609884166,6.678797609884166,6.567234583451067,6.567234583451067,6.567234583451067,6.567234583451067,6.567234583451067,6.567234583451067,6.567234583451067,6.567234583451067,6.567234583451067,6.567234583451067,6.567234583451067,6.567234583451067,6.567234583451067,6.567234583451067,6.567234583451067,6.567234583451067,6.567234583451067,6.567234583451067,6.567234583451067,6.567234583451067,6.567234583451067,6.567234583451067,6.567234583451067,6.567234583451067,6.567234583451067,6.567234583451067,6.567234583451067,6.567234583451067,6.567234583451067,6.567234583451067,6.567234583451067,6.567234583451067,6.567234583451067,6.567234583451067,6.567234583451067,6.567234583451067,6.567234583451067,6.567234583451067,6.567234583451067,6.567234583451067,6.567234583451067,6.567234583451067,6.567234583451067,6.567234583451067,6.567234583451067,6.567234583451067,6.567234583451067,6.567234583451067,6.567234583451067,6.567234583451067,6.567234583451067,6.567234583451067,6.567234583451067,6.567234583451067,6.567234583451067,6.567234583451067,6.567234583451067,6.567234583451067,6.567234583451067,6.567234583451067,6.567234583451067,6.567234583451067,6.567234583451067,6.567234583451067,6.567234583451067,6.567234583451067,6.567234583451067,6.567234583451067,6.567234583451067,6.567234583451067,6.567234583451067,6.567234583451067,6.567234583451067,6.567234583451067,6.567234583451067,6.567234583451067,6.567234583451067,6.567234583451067,6.567234583451067,6.567234583451067,6.567234583451067,6.567234583451067,6.567234583451067,6.567234583451067,6.567234583451067,6.567234583451067,6.567234583451067,6.567234583451067,6.567234583451067,6.567234583451067,6.567234583451067,6.567234583451067,6.567234583451067,6.567234583451067,6.567234583451067,6.567234583451067,6.567234583451067,6.567234583451067,6.567234583451067,6.567234583451067,6.567234583451067,6.567234583451067,6.567234583451067,6.567234583451067,6.567234583451067,6.567234583451067,6.567234583451067,6.567234583451067,6.567234583451067,6.567234583451067,6.567234583451067,6.567234583451067,6.567234583451067,6.567234583451067,6.567234583451067,6.567234583451067,6.567234583451067,6.567234583451067,6.567234583451067,6.567234583451067,6.567234583451067,6.567234583451067,6.567234583451067,6.567234583451067,6.567234583451067,6.567234583451067,6.567234583451067,6.567234583451067,6.567234583451067,6.567234583451067,6.567234583451067,6.567234583451067,6.567234583451067,6.567234583451067,6.567234583451067,6.567234583451067,6.567234583451067,6.567234583451067,6.567234583451067,6.567234583451067,6.567234583451067,6.567234583451067,6.567234583451067,6.567234583451067,6.567234583451067,6.567234583451067,6.567234583451067,6.567234583451067,6.567234583451067,6.567234583451067,6.567234583451067,6.567234583451067,6.567234583451067,6.567234583451067,6.567234583451067,6.567234583451067,6.567234583451067,6.567234583451067,6.567234583451067,6.567234583451067,6.567234583451067,6.567234583451067,6.567234583451067,6.567234583451067,6.567234583451067,6.567234583451067,6.567234583451067,6.567234583451067,6.567234583451067,6.567234583451067,6.567234583451067,6.567234583451067,6.567234583451067,6.567234583451067,6.567234583451067,6.567234583451067,6.567234583451067,6.567234583451067,6.567234583451067,6.567234583451067,6.567234583451067,6.567234583451067,6.567234583451067,6.567234583451067,6.567234583451067,6.567234583451067,6.567234583451067,6.567234583451067,6.567234583451067,6.567234583451067,6.567234583451067,6.567234583451067,6.567234583451067,6.567234583451067,6.567234583451067,6.567234583451067,6.567234583451067,6.567234583451067,6.567234583451067,6.567234583451067,6.567234583451067,6.567234583451067,6.567234583451067,6.567234583451067,6.567234583451067,6.567234583451067,6.567234583451067,6.567234583451067,6.567234583451067,6.567234583451067,6.567234583451067,6.567234583451067,6.567234583451067,6.567234583451067,6.567234583451067,6.567234583451067,6.567234583451067,6.567234583451067,6.567234583451067,6.567234583451067,6.567234583451067,6.567234583451067,6.567234583451067,6.567234583451067,6.567234583451067,6.567234583451067,6.567234583451067,6.567234583451067,6.567234583451067,6.567234583451067,6.567234583451067,6.567234583451067,6.567234583451067,6.567234583451067,6.567234583451067,6.567234583451067,6.567234583451067,6.567234583451067,6.567234583451067,6.567234583451067,6.567234583451067,6.567234583451067,6.567234583451067,6.567234583451067,6.567234583451067,6.567234583451067,6.567234583451067,6.567234583451067,6.567234583451067,6.567234583451067,6.567234583451067,6.567234583451067,6.567234583451067,6.567234583451067,6.567234583451067,6.567234583451067,6.567234583451067,6.567234583451067,6.567234583451067,6.567234583451067,6.567234583451067,6.567234583451067,6.567234583451067,6.567234583451067,6.567234583451067,6.567234583451067,6.567234583451067,6.567234583451067,6.567234583451067,6.567234583451067,6.567234583451067,6.567234583451067,6.567234583451067,6.5024087396525605,6.187449428576679,6.187449428576679,5.988056365311171,5.988056365311171,5.988056365311171,5.857542113187538,5.706945510995495,5.418611730109521,5.418611730109521,5.262203040036196,5.262203040036196,5.242197144186319,5.242197144186319,5.242197144186319,5.242197144186319,5.242197144186319,5.242197144186319,5.242197144186319,5.242197144186319,5.242197144186319,5.242197144186319,5.242197144186319,5.242197144186319,5.242197144186319,5.242197144186319,5.242197144186319,5.242197144186319,5.242197144186319,5.242197144186319,5.242197144186319,5.242197144186319,5.242197144186319,5.242197144186319,5.242197144186319,5.242197144186319,5.242197144186319,5.242197144186319,5.242197144186319,5.242197144186319,5.242197144186319,5.242197144186319,5.242197144186319,5.242197144186319,5.242197144186319,5.242197144186319,5.242197144186319,5.242197144186319,5.242197144186319,5.242197144186319,5.242197144186319,5.242197144186319,5.242197144186319,5.242197144186319,5.242197144186319,5.242197144186319,5.242197144186319,5.242197144186319,5.242197144186319,5.242197144186319,5.242197144186319,5.242197144186319,5.242197144186319,5.242197144186319,5.242197144186319,5.242197144186319,5.242197144186319,5.242197144186319,5.242197144186319,5.242197144186319,5.242197144186319,5.242197144186319,5.242197144186319,5.242197144186319,5.242197144186319,5.242197144186319,5.242197144186319,5.242197144186319,5.242197144186319,5.242197144186319,5.242197144186319,5.242197144186319,5.242197144186319,5.242197144186319,5.242197144186319,5.242197144186319,5.242197144186319,5.242197144186319,5.242197144186319,5.242197144186319,5.242197144186319,5.242197144186319,5.242197144186319,5.242197144186319,5.242197144186319,5.242197144186319,5.242197144186319,5.242197144186319,5.242197144186319,5.242197144186319,5.242197144186319,5.242197144186319,5.242197144186319,5.242197144186319,5.242197144186319,5.242197144186319,5.242197144186319,5.242197144186319,5.242197144186319,5.242197144186319,5.242197144186319,5.242197144186319,5.242197144186319,5.242197144186319,5.242197144186319,5.242197144186319,5.242197144186319,5.242197144186319,5.242197144186319,5.242197144186319,5.242197144186319,5.242197144186319,5.242197144186319,5.242197144186319,5.242197144186319,5.242197144186319,5.242197144186319,5.242197144186319,5.242197144186319,5.242197144186319,5.242197144186319,5.242197144186319,5.242197144186319,5.242197144186319,5.242197144186319,5.242197144186319,5.242197144186319,5.242197144186319,5.242197144186319,5.242197144186319,5.242197144186319,5.242197144186319,5.242197144186319,5.242197144186319,5.242197144186319,5.242197144186319,5.242197144186319,5.242197144186319,5.242197144186319,5.242197144186319,5.242197144186319,5.242197144186319,5.242197144186319,5.242197144186319,5.242197144186319,5.242197144186319,5.242197144186319,5.242197144186319,5.242197144186319,5.242197144186319,5.242197144186319,5.242197144186319,5.242197144186319,5.242197144186319,5.242197144186319,5.242197144186319,5.242197144186319,5.242197144186319,5.242197144186319,5.242197144186319,5.242197144186319,5.242197144186319,5.242197144186319,5.242197144186319,5.242197144186319,5.242197144186319,5.242197144186319,5.242197144186319,5.242197144186319,5.242197144186319,5.242197144186319,5.242197144186319,5.242197144186319,5.242197144186319,5.242197144186319,5.242197144186319,5.242197144186319,5.242197144186319,5.242197144186319,5.242197144186319,5.242197144186319,5.242197144186319,5.242197144186319,5.242197144186319,5.242197144186319,5.242197144186319,5.242197144186319,5.242197144186319,5.242197144186319,5.242197144186319,5.242197144186319,5.242197144186319,5.242197144186319,5.242197144186319,5.242197144186319,5.242197144186319,5.242197144186319,5.242197144186319,5.242197144186319,5.242197144186319,5.242197144186319,5.242197144186319,5.242197144186319,5.242197144186319,5.242197144186319,5.242197144186319,5.242197144186319,5.242197144186319,5.242197144186319,5.242197144186319,5.242197144186319,5.242197144186319,5.242197144186319,5.242197144186319,5.242197144186319,5.242197144186319,5.242197144186319,5.242197144186319,5.242197144186319,5.242197144186319,5.242197144186319,5.242197144186319,5.242197144186319,5.242197144186319,5.242197144186319,5.242197144186319,5.242197144186319,5.242197144186319,5.242197144186319,5.242197144186319,5.242197144186319,5.242197144186319,5.242197144186319,5.242197144186319,5.242197144186319,5.242197144186319,5.242197144186319,5.242197144186319,5.242197144186319,5.242197144186319,5.242197144186319,5.242197144186319,5.242197144186319,5.242197144186319,5.242197144186319,5.242197144186319,5.242197144186319,5.242197144186319,5.242197144186319,5.242197144186319,5.242197144186319,5.242197144186319,5.242197144186319,5.242197144186319,5.242197144186319,5.242197144186319,5.242197144186319,5.242197144186319,5.242197144186319,5.242197144186319,5.242197144186319,5.242197144186319,5.242197144186319,5.242197144186319,5.242197144186319,5.242197144186319,5.242197144186319,5.242197144186319,5.242197144186319,5.242197144186319,5.242197144186319,5.242197144186319,5.242197144186319,5.242197144186319,5.242197144186319,5.242197144186319,5.242197144186319,5.242197144186319,5.242197144186319,5.242197144186319,5.242197144186319,5.242197144186319,5.242197144186319,5.242197144186319,5.242197144186319,5.242197144186319,5.242197144186319,5.242197144186319,5.242197144186319,5.242197144186319,5.242197144186319,5.242197144186319,5.242197144186319,5.242197144186319,5.242197144186319,5.242197144186319,5.242197144186319,5.242197144186319,5.242197144186319,5.242197144186319,5.242197144186319,5.242197144186319,5.242197144186319,5.242197144186319,5.242197144186319,5.242197144186319,5.242197144186319,5.242197144186319,5.242197144186319,5.242197144186319,5.242197144186319,5.242197144186319,5.242197144186319,5.242197144186319,5.242197144186319,5.242197144186319,5.242197144186319,5.242197144186319,5.242197144186319,5.242197144186319,5.242197144186319,5.242197144186319,5.242197144186319,5.242197144186319,5.242197144186319,5.242197144186319,5.242197144186319,5.242197144186319,5.242197144186319,5.242197144186319,5.242197144186319,5.242197144186319,5.242197144186319,5.242197144186319,5.242197144186319,5.242197144186319,5.242197144186319,5.242197144186319,5.242197144186319,5.242197144186319,5.242197144186319,5.242197144186319,5.242197144186319,5.242197144186319,5.242197144186319,5.242197144186319,5.242197144186319,5.242197144186319,5.242197144186319,5.242197144186319,5.242197144186319,5.242197144186319,5.242197144186319,5.242197144186319,5.242197144186319,5.242197144186319,5.242197144186319,5.242197144186319,5.242197144186319,5.242197144186319,5.242197144186319,5.242197144186319,5.242197144186319,5.242197144186319,5.242197144186319,5.242197144186319,5.242197144186319,5.242197144186319,5.242197144186319,5.242197144186319,5.242197144186319,5.242197144186319,5.242197144186319,5.242197144186319,5.242197144186319,5.242197144186319,5.242197144186319,5.242197144186319,5.242197144186319,5.242197144186319,5.242197144186319,5.242197144186319,5.242197144186319,5.242197144186319,5.242197144186319,5.242197144186319,5.242197144186319,5.242197144186319,5.242197144186319,5.242197144186319,5.242197144186319,5.242197144186319,5.242197144186319,5.242197144186319,5.242197144186319,5.242197144186319,5.242197144186319,5.242197144186319,5.242197144186319,5.242197144186319,5.242197144186319,5.242197144186319,5.242197144186319,5.242197144186319,5.242197144186319,5.242197144186319,5.242197144186319,5.242197144186319,5.242197144186319,5.242197144186319,5.242197144186319,5.242197144186319,5.242197144186319,5.242197144186319,5.242197144186319,5.242197144186319,5.242197144186319,5.242197144186319,5.242197144186319,5.242197144186319,5.242197144186319,5.242197144186319,5.242197144186319,5.242197144186319,5.242197144186319,5.242197144186319,5.242197144186319,5.242197144186319,5.242197144186319,5.242197144186319,5.242197144186319,5.242197144186319,5.242197144186319,5.242197144186319,5.242197144186319,5.242197144186319,5.242197144186319,5.242197144186319,5.242197144186319,5.242197144186319,5.242197144186319,5.242197144186319,5.242197144186319,5.242197144186319,5.242197144186319,5.242197144186319,5.242197144186319,5.242197144186319,5.242197144186319,5.242197144186319,5.242197144186319,5.242197144186319,5.242197144186319,5.242197144186319,5.242197144186319,5.242197144186319,5.242197144186319,5.242197144186319,5.242197144186319,5.242197144186319,5.242197144186319,5.242197144186319,5.242197144186319,5.242197144186319,5.242197144186319,5.242197144186319,5.242197144186319,5.242197144186319,5.242197144186319,5.242197144186319,5.242197144186319,5.242197144186319,5.242197144186319,5.242197144186319,5.242197144186319,5.242197144186319,5.242197144186319,5.242197144186319,5.242197144186319,5.242197144186319,5.242197144186319,5.242197144186319,5.242197144186319,5.242197144186319,5.242197144186319,5.242197144186319,5.242197144186319,5.242197144186319,5.242197144186319,5.242197144186319,5.242197144186319,5.242197144186319,5.242197144186319,5.242197144186319,5.242197144186319,5.242197144186319,5.242197144186319,5.242197144186319,5.242197144186319,5.242197144186319,5.242197144186319,5.242197144186319,5.242197144186319,5.242197144186319,5.242197144186319,5.242197144186319,5.242197144186319,5.242197144186319,5.242197144186319,5.242197144186319,5.242197144186319,5.242197144186319,5.242197144186319,5.242197144186319,5.242197144186319,5.242197144186319,5.242197144186319,5.242197144186319,5.242197144186319,5.242197144186319,5.242197144186319,5.242197144186319,5.242197144186319,5.242197144186319,5.242197144186319,5.242197144186319,5.242197144186319,5.242197144186319,5.242197144186319,5.242197144186319,5.242197144186319,5.242197144186319,5.242197144186319,5.242197144186319,5.242197144186319,5.242197144186319,5.242197144186319,5.242197144186319,5.242197144186319,5.242197144186319,5.242197144186319,5.242197144186319,5.242197144186319,5.242197144186319,5.242197144186319,5.242197144186319,5.242197144186319,5.242197144186319,5.242197144186319,5.242197144186319,5.242197144186319,5.242197144186319,5.242197144186319,5.242197144186319,5.242197144186319,5.242197144186319,5.242197144186319,5.242197144186319,5.242197144186319,5.242197144186319,5.242197144186319,5.242197144186319,5.242197144186319,5.242197144186319,5.242197144186319,5.242197144186319,5.242197144186319,5.242197144186319,5.242197144186319,5.242197144186319,5.242197144186319,5.242197144186319,5.242197144186319,5.242197144186319,5.242197144186319,5.242197144186319,5.242197144186319,5.242197144186319,5.242197144186319,5.242197144186319,5.242197144186319,5.242197144186319,5.242197144186319,5.242197144186319,5.242197144186319,5.242197144186319,5.242197144186319,5.242197144186319,5.242197144186319,5.242197144186319,5.242197144186319,5.242197144186319,5.242197144186319,5.242197144186319,5.242197144186319,5.242197144186319,5.242197144186319,5.242197144186319,5.242197144186319,5.242197144186319,5.242197144186319,5.242197144186319,5.242197144186319,5.242197144186319,5.242197144186319,5.242197144186319,5.242197144186319,5.242197144186319,5.242197144186319,5.242197144186319,5.242197144186319,5.242197144186319,5.242197144186319,5.242197144186319,5.242197144186319,5.242197144186319,5.242197144186319,5.242197144186319,5.242197144186319,5.242197144186319,5.242197144186319,9.03306059892273,8.95455363456094,7.437652047414671,7.203825713166744,7.203825713166744,7.203825713166744,7.203825713166744,7.203825713166744,7.203825713166744,7.203825713166744,7.203825713166744,7.203825713166744,6.92933817172195,6.92933817172195,6.92933817172195,6.92933817172195,6.92933817172195,6.92933817172195,6.92933817172195,6.92933817172195,6.92933817172195,6.92933817172195,6.92933817172195,6.92933817172195,6.92933817172195,6.92933817172195,6.92933817172195,6.92933817172195,6.92933817172195,6.92933817172195,6.92933817172195,6.847406759979165,6.847406759979165,6.847406759979165,6.847406759979165,6.847406759979165,6.847406759979165,6.847406759979165,6.847406759979165,6.847406759979165,6.847406759979165,6.847406759979165,6.825039650771967,6.825039650771967,6.825039650771967,6.825039650771967,6.825039650771967,6.825039650771967,6.80722160725905,6.80722160725905,6.80722160725905,6.80722160725905,6.80722160725905,6.758405084280435,6.758405084280435,6.758405084280435,6.758405084280435,6.758405084280435,6.758405084280435,6.758405084280435,6.758405084280435,6.758405084280435,6.758405084280435,6.758405084280435,6.758405084280435,6.758405084280435,6.758405084280435,6.758405084280435,6.758405084280435,6.758405084280435,6.758405084280435,6.758405084280435,6.758405084280435,6.758405084280435,6.758405084280435,6.758405084280435,6.758405084280435,6.758405084280435,6.758405084280435,6.758405084280435,6.758405084280435,6.758405084280435,6.758405084280435,6.758405084280435,6.758405084280435,6.758405084280435,6.758405084280435,6.758405084280435,6.758405084280435,6.758405084280435,6.758405084280435,6.758405084280435,6.758405084280435,6.758405084280435,6.758405084280435,6.758405084280435,6.758405084280435,6.758405084280435,6.758405084280435,6.758405084280435,6.758405084280435,6.758405084280435,6.758405084280435,6.758405084280435,6.758405084280435,6.758405084280435,6.758405084280435,6.758405084280435,6.758405084280435,6.758405084280435,6.758405084280435,6.758405084280435,6.758405084280435,6.758405084280435,6.758405084280435,6.758405084280435,6.758405084280435,6.758405084280435,6.758405084280435,6.758405084280435,6.758405084280435,6.758405084280435,6.758405084280435,6.758405084280435,6.758405084280435,6.757979547816145,6.757979547816145,6.757979547816145,6.757979547816145,6.757979547816145,6.757979547816145,6.757979547816145,6.757979547816145,6.757979547816145,6.757979547816145,6.757979547816145,6.757979547816145,6.757979547816145,6.757979547816145,6.757979547816145,6.757979547816145,6.757979547816145,6.757979547816145,6.757979547816145,6.757979547816145,6.757979547816145,6.757979547816145,6.757979547816145,6.757979547816145,6.757979547816145,6.757979547816145,6.757979547816145,6.757979547816145,6.757979547816145,6.757979547816145,6.757979547816145,6.757979547816145,6.757979547816145,6.757979547816145,6.757979547816145,6.757979547816145,6.757979547816145,6.757979547816145,6.757979547816145,6.757979547816145,6.757979547816145,6.757979547816145,6.757979547816145,6.757979547816145,6.757979547816145,6.757979547816145,6.757979547816145,6.757979547816145,6.757979547816145,6.757979547816145,6.757979547816145,6.757979547816145,6.757979547816145,6.757979547816145,6.757979547816145,6.757979547816145,6.757979547816145,6.757979547816145,6.757979547816145,6.757979547816145,6.757979547816145,6.757979547816145,6.757979547816145,6.757979547816145,6.757979547816145,6.757979547816145,6.757979547816145,6.75784103775966,6.75784103775966,6.75784103775966,6.75784103775966,6.75784103775966,6.75784103775966,6.75784103775966,6.75784103775966,6.75784103775966,6.75784103775966,6.75784103775966,6.75784103775966,6.75784103775966,6.75784103775966,6.7431082390291825,6.7431082390291825,6.7431082390291825,6.725290195516265,6.725290195516265,6.725290195516265,6.725290195516265,6.725290195516265,6.725290195516265,6.725290195516265,6.725290195516265,6.725290195516265,6.725290195516265,6.725290195516265,6.725290195516265,6.725290195516265,6.725290195516265,6.725290195516265,6.725290195516265,6.725290195516265,6.725290195516265,6.725290195516265,6.725290195516265,6.725290195516265,6.725290195516265,6.725290195516265,6.725290195516265,6.725290195516265,6.725290195516265,6.725290195516265,6.725290195516265,6.725290195516265,6.725290195516265,6.725290195516265,6.725290195516265,6.725290195516265,6.725290195516265,6.725290195516265,6.725290195516265,6.725290195516265,6.725290195516265,6.725290195516265,6.725290195516265,6.725290195516265,6.725290195516265,6.725290195516265,6.725290195516265,6.725290195516265,6.725290195516265,6.725290195516265,6.725290195516265,6.725290195516265,6.725290195516265,6.725290195516265,6.725290195516265,6.725290195516265,6.425643997914531,6.425643997914531,6.425643997914531,6.425643997914531,6.425643997914531,6.425643997914531,6.425643997914531,6.425643997914531,6.386282149680166,6.386282149680166,6.386282149680166,6.144263398207174,6.064721506407384,6.064721506407384,6.064721506407384,5.369564869764973,5.369564869764973,5.369564869764973,5.369564869764973,5.369564869764973,5.369564869764973,5.369564869764973,5.369564869764973,5.369564869764973,5.369564869764973,5.369564869764973,5.369564869764973,5.369564869764973,5.369564869764973,5.369564869764973,5.369564869764973,5.369564869764973,5.369564869764973,5.369564869764973,5.369564869764973,5.369564869764973,5.369564869764973,5.369564869764973,5.369564869764973,5.369564869764973,5.369564869764973,5.369564869764973,5.369564869764973,5.369564869764973,5.369564869764973,5.369564869764973,5.369564869764973,5.369564869764973,5.369564869764973,5.369564869764973,5.369564869764973,5.369564869764973,5.369564869764973,5.369564869764973,5.369564869764973,5.369564869764973,5.369564869764973,5.369564869764973,5.369564869764973,5.369564869764973,5.369564869764973,5.369564869764973,5.369564869764973,5.369564869764973,5.369564869764973,5.369564869764973,5.369564869764973,5.369564869764973,5.369564869764973,5.369564869764973,5.369564869764973,5.369564869764973,5.369564869764973,5.369564869764973,5.369564869764973,5.369564869764973,5.369564869764973,5.369564869764973,5.369564869764973,5.369564869764973,5.369564869764973,5.369564869764973,5.369564869764973,5.369564869764973,5.369564869764973,5.369564869764973,5.369564869764973,5.369564869764973,5.369564869764973,5.369564869764973,5.369564869764973,5.369564869764973,5.369564869764973,5.369564869764973,5.369564869764973,5.369564869764973,5.369564869764973,5.369564869764973,5.369564869764973,5.369564869764973,5.369564869764973,5.369564869764973,5.369564869764973,5.369564869764973,5.369564869764973,5.369564869764973,5.369564869764973,5.369564869764973,5.369564869764973,5.369564869764973,5.369564869764973,5.369564869764973,5.369564869764973,5.369564869764973,5.369564869764973,5.369564869764973,5.369564869764973,5.369564869764973,5.369564869764973,5.369564869764973,5.369564869764973,5.369564869764973,5.369564869764973,5.369564869764973,5.369564869764973,5.369564869764973,5.369564869764973,5.369564869764973,5.369564869764973,5.369564869764973,5.369564869764973,5.369564869764973,5.369564869764973,5.369564869764973,5.369564869764973,5.369564869764973,5.369564869764973,5.369564869764973,5.369564869764973,5.369564869764973,5.369564869764973,5.369564869764973,5.369564869764973,5.369564869764973,5.369564869764973,5.369564869764973,5.369564869764973,5.369564869764973,5.369564869764973,4.011200966788998,3.764589638346756,3.764589638346756,3.764589638346756,3.764589638346756,3.764589638346756,3.764589638346756,3.764589638346756,3.764589638346756,3.764589638346756,3.764589638346756,3.764589638346756,3.764589638346756,3.764589638346756,3.764589638346756,3.764589638346756,3.764589638346756,3.764589638346756,3.764589638346756,3.764589638346756,3.764589638346756,3.764589638346756,3.764589638346756,3.764589638346756,3.764589638346756,3.764589638346756,3.764589638346756,3.764589638346756,3.764589638346756,3.764589638346756,3.764589638346756,3.764589638346756,3.764589638346756,3.764589638346756,3.764589638346756,3.764589638346756,3.764589638346756,3.764589638346756,3.764589638346756,3.764589638346756,3.764589638346756,3.764589638346756,3.764589638346756,3.764589638346756,3.764589638346756,3.764589638346756,3.764589638346756,3.764589638346756,3.764589638346756,3.764589638346756,3.764589638346756,3.764589638346756,3.764589638346756,3.764589638346756,3.764589638346756,3.764589638346756,3.764589638346756,3.764589638346756,3.764589638346756,3.764589638346756,3.764589638346756,3.764589638346756,3.764589638346756,3.764589638346756,3.764589638346756,3.764589638346756,3.764589638346756,3.764589638346756,3.764589638346756,3.764589638346756,3.764589638346756,3.764589638346756,3.764589638346756,3.764589638346756,3.764589638346756,3.764589638346756,3.764589638346756,3.764589638346756,3.764589638346756,3.764589638346756,3.764589638346756,3.764589638346756,3.764589638346756,3.764589638346756,3.764589638346756,3.764589638346756,3.764589638346756,3.764589638346756,3.764589638346756,3.764589638346756,3.764589638346756,3.764589638346756,3.764589638346756,3.764589638346756,3.764589638346756,3.764589638346756,3.764589638346756,3.764589638346756,3.764589638346756,3.764589638346756,3.764589638346756,3.764589638346756,3.764589638346756,3.764589638346756,3.764589638346756,3.764589638346756,3.764589638346756,3.764589638346756,3.764589638346756,3.764589638346756,3.764589638346756,3.764589638346756,3.764589638346756,3.764589638346756,3.764589638346756,3.764589638346756,3.764589638346756,3.764589638346756,3.764589638346756,3.764589638346756,3.764589638346756,3.764589638346756,3.764589638346756,3.764589638346756,3.764589638346756,3.764589638346756,3.764589638346756,3.764589638346756,3.764589638346756,3.764589638346756,3.764589638346756,3.764589638346756,1.65134092373837,1.65134092373837,1.65134092373837,1.65134092373837,1.65134092373837,1.65134092373837,1.65134092373837,1.65134092373837,1.65134092373837,1.65134092373837,1.65134092373837,1.65134092373837,1.65134092373837,1.65134092373837,1.65134092373837,1.65134092373837,1.65134092373837,1.65134092373837,1.65134092373837,1.65134092373837,1.65134092373837,1.65134092373837,1.65134092373837,1.65134092373837,1.65134092373837,1.65134092373837,1.65134092373837,1.65134092373837,1.65134092373837,1.65134092373837,1.65134092373837,1.65134092373837,1.65134092373837,1.65134092373837,1.65134092373837,1.65134092373837,1.65134092373837,1.65134092373837,1.65134092373837,1.65134092373837,1.65134092373837,1.65134092373837,1.65134092373837,1.65134092373837,1.65134092373837,1.65134092373837,1.65134092373837,1.65134092373837,1.65134092373837,1.65134092373837,1.65134092373837,1.65134092373837,1.65134092373837,1.65134092373837,1.65134092373837,1.65134092373837,1.65134092373837,1.65134092373837,1.65134092373837,1.65134092373837,1.65134092373837,1.65134092373837,1.65134092373837,1.65134092373837,1.65134092373837,1.65134092373837,1.65134092373837,1.65134092373837,1.65134092373837,1.65134092373837,1.65134092373837,1.65134092373837,1.65134092373837,1.65134092373837,1.65134092373837,1.65134092373837,1.65134092373837,1.65134092373837,1.65134092373837,1.65134092373837,1.65134092373837,1.65134092373837,1.65134092373837,1.65134092373837,1.65134092373837,1.65134092373837,1.65134092373837,1.65134092373837,1.65134092373837,1.65134092373837,1.65134092373837,1.65134092373837,1.65134092373837,1.65134092373837,1.65134092373837,1.65134092373837,1.65134092373837,1.65134092373837,1.65134092373837,1.65134092373837,1.65134092373837,1.65134092373837,1.65134092373837,1.65134092373837,1.65134092373837,1.65134092373837,1.65134092373837,1.65134092373837,1.65134092373837,1.65134092373837,1.65134092373837,1.65134092373837,1.65134092373837,1.65134092373837,1.65134092373837,1.65134092373837,1.65134092373837,1.65134092373837,1.65134092373837,1.65134092373837,1.65134092373837,1.65134092373837,1.65134092373837,1.65134092373837,1.65134092373837,1.65134092373837,1.65134092373837,1.65134092373837,1.65134092373837,1.65134092373837,1.65134092373837,1.65134092373837,1.65134092373837,1.65134092373837,1.65134092373837,1.65134092373837,1.65134092373837,1.65134092373837,1.65134092373837,1.65134092373837,1.65134092373837,1.65134092373837,1.65134092373837,1.65134092373837,1.65134092373837,1.65134092373837,1.65134092373837,1.65134092373837,1.65134092373837,1.65134092373837,1.65134092373837,1.65134092373837,1.65134092373837,1.65134092373837,1.65134092373837,1.65134092373837,1.65134092373837,1.65134092373837,1.65134092373837,1.65134092373837,1.65134092373837,1.65134092373837,1.65134092373837,1.65134092373837,1.65134092373837,1.65134092373837,1.65134092373837,1.65134092373837,1.65134092373837,1.65134092373837,1.65134092373837,1.65134092373837,1.65134092373837,1.65134092373837,1.65134092373837,1.65134092373837,1.65134092373837,1.65134092373837,1.65134092373837,1.65134092373837,1.65134092373837,1.65134092373837,1.65134092373837,1.65134092373837,1.65134092373837,1.65134092373837,1.65134092373837,1.65134092373837,1.65134092373837,1.65134092373837,1.65134092373837,1.65134092373837,1.65134092373837,1.65134092373837,1.65134092373837,1.65134092373837,1.65134092373837,1.65134092373837,1.65134092373837,1.65134092373837,1.65134092373837,1.65134092373837,1.65134092373837,1.65134092373837,1.65134092373837,1.65134092373837,1.65134092373837,1.65134092373837,1.65134092373837,1.65134092373837,1.65134092373837,1.65134092373837,1.65134092373837,1.65134092373837,1.65134092373837,1.65134092373837,1.65134092373837,1.65134092373837,1.65134092373837,1.65134092373837,1.65134092373837,1.65134092373837,1.65134092373837,1.65134092373837,1.65134092373837,1.65134092373837,1.65134092373837,1.65134092373837,1.65134092373837,1.65134092373837,1.65134092373837,1.65134092373837,1.65134092373837,1.65134092373837,1.65134092373837,1.65134092373837,1.65134092373837,1.65134092373837,1.65134092373837,1.65134092373837,1.65134092373837,1.65134092373837,1.65134092373837,1.65134092373837,1.65134092373837,1.65134092373837,1.65134092373837,1.65134092373837,1.65134092373837,1.65134092373837,1.65134092373837,1.65134092373837,1.65134092373837,1.65134092373837,1.65134092373837,1.65134092373837,1.65134092373837,1.65134092373837,1.65134092373837,1.65134092373837,1.65134092373837,1.65134092373837,1.65134092373837,1.65134092373837,1.65134092373837,1.65134092373837,1.65134092373837,1.65134092373837,1.65134092373837,1.65134092373837,1.65134092373837,1.65134092373837,1.65134092373837,1.65134092373837,1.65134092373837,1.65134092373837,1.65134092373837,1.65134092373837,1.65134092373837,1.65134092373837,1.65134092373837,1.65134092373837,1.65134092373837,1.65134092373837,1.65134092373837,1.65134092373837,1.65134092373837,1.65134092373837,1.65134092373837,1.65134092373837,1.65134092373837,1.65134092373837,1.65134092373837,1.65134092373837,1.65134092373837,1.65134092373837,1.65134092373837,1.65134092373837,1.65134092373837,1.65134092373837,1.65134092373837,1.65134092373837,1.65134092373837,1.65134092373837,1.65134092373837,1.65134092373837,1.65134092373837,1.65134092373837,1.65134092373837,1.65134092373837,1.65134092373837,1.65134092373837,1.65134092373837,1.65134092373837,1.65134092373837,1.65134092373837,1.65134092373837,1.65134092373837,1.65134092373837,1.65134092373837,1.65134092373837,1.65134092373837,1.65134092373837,1.65134092373837,1.65134092373837,1.65134092373837,1.65134092373837,1.65134092373837,1.65134092373837,1.65134092373837,1.65134092373837,1.65134092373837,1.65134092373837,1.65134092373837,1.65134092373837,1.65134092373837,1.65134092373837,1.65134092373837,1.65134092373837,1.65134092373837,1.65134092373837,1.65134092373837,1.65134092373837,1.65134092373837,1.65134092373837,1.65134092373837,1.65134092373837,1.65134092373837,1.65134092373837,1.65134092373837,1.65134092373837,1.65134092373837,1.65134092373837,1.65134092373837,1.65134092373837,1.65134092373837,1.65134092373837,1.65134092373837,1.65134092373837,1.65134092373837,1.65134092373837,1.65134092373837,1.65134092373837,1.65134092373837,1.65134092373837,1.65134092373837,1.65134092373837,1.65134092373837,1.65134092373837,1.65134092373837,1.65134092373837,1.65134092373837,1.65134092373837,1.65134092373837,1.65134092373837,1.65134092373837,1.65134092373837,1.65134092373837,1.65134092373837,1.65134092373837,1.65134092373837,1.65134092373837,1.65134092373837,1.65134092373837,1.65134092373837,1.65134092373837,1.65134092373837,1.65134092373837,1.65134092373837,1.65134092373837,1.65134092373837,1.65134092373837,1.65134092373837,1.65134092373837,1.65134092373837,1.65134092373837,1.65134092373837,1.65134092373837,1.65134092373837,1.65134092373837,1.65134092373837,1.65134092373837,1.65134092373837,1.65134092373837,1.65134092373837,1.65134092373837,1.65134092373837,1.65134092373837,1.65134092373837,1.65134092373837,1.65134092373837,1.65134092373837,1.65134092373837,1.65134092373837,1.65134092373837,1.65134092373837,1.65134092373837,1.65134092373837,1.65134092373837,1.65134092373837,1.65134092373837,1.65134092373837,1.65134092373837,1.65134092373837,1.65134092373837,1.65134092373837,1.65134092373837,1.65134092373837,1.65134092373837,1.65134092373837,1.65134092373837,1.65134092373837,1.65134092373837,1.65134092373837,1.65134092373837,1.65134092373837,1.65134092373837,1.65134092373837,1.65134092373837,1.65134092373837,1.65134092373837,1.65134092373837,1.65134092373837,1.65134092373837,1.65134092373837,1.65134092373837,1.65134092373837,1.65134092373837,1.65134092373837,1.65134092373837,1.65134092373837,1.65134092373837,1.65134092373837,1.65134092373837,1.65134092373837,1.65134092373837,1.65134092373837,6.092680288498077,6.092680288498077,6.092680288498077,6.033066713527736,5.554943662709891,5.554943662709891,5.554943662709891,5.420303172732993,5.420303172732993,5.420303172732993,5.406714902161356,5.406714902161356,5.1159648771157125,5.1159648771157125,5.1159648771157125,5.1159648771157125,5.1159648771157125,5.1159648771157125,5.102376606544076,5.102376606544076,5.102376606544076,5.102376606544076,5.102376606544076,5.102376606544076,5.102376606544076,5.102376606544076,5.102376606544076,5.102376606544076,5.102376606544076,5.102376606544076,5.102376606544076,5.102376606544076,5.102376606544076,5.102376606544076,5.102376606544076,5.102376606544076,5.102376606544076,5.102376606544076,5.102376606544076,5.102376606544076,5.102376606544076,5.102376606544076,5.102376606544076,5.102376606544076,5.102376606544076,5.102376606544076,5.102376606544076,5.102376606544076,5.102376606544076,5.102376606544076,5.102376606544076,5.102376606544076,5.102376606544076,5.102376606544076,5.102376606544076,5.102376606544076,5.102376606544076,5.102376606544076,5.102376606544076,5.102376606544076,5.102376606544076,5.102376606544076,5.102376606544076,5.102376606544076,5.102376606544076,5.102376606544076,5.102376606544076,5.102376606544076,5.102376606544076,5.102376606544076,5.102376606544076,5.102376606544076,5.102376606544076,5.102376606544076,5.102376606544076,5.102376606544076,5.102376606544076,5.102376606544076,5.102376606544076,5.102376606544076,5.102376606544076,5.102376606544076,5.102376606544076,5.102376606544076,5.102376606544076,5.102376606544076,5.102376606544076,5.102376606544076,5.102376606544076,5.102376606544076,5.102376606544076,5.102376606544076,5.102376606544076,5.102376606544076,5.102376606544076,5.102376606544076,5.102376606544076,5.102376606544076,5.102376606544076,5.102376606544076,5.102376606544076,5.102376606544076,5.102376606544076,5.102376606544076,5.102376606544076,5.102376606544076,5.102376606544076,5.102376606544076,5.102376606544076,5.102376606544076,5.102376606544076,5.102376606544076,5.102376606544076,5.102376606544076,5.102376606544076,5.102376606544076,5.102376606544076,5.102376606544076,5.102376606544076,5.102376606544076,5.102376606544076,5.102376606544076,5.102376606544076,5.102376606544076,5.102376606544076,5.102376606544076,5.102376606544076,5.102376606544076,5.102376606544076,5.102376606544076,5.102376606544076,5.102376606544076,5.102376606544076,5.102376606544076,5.102376606544076,5.102376606544076,5.102376606544076,5.102376606544076,5.102376606544076,5.102376606544076,5.102376606544076,5.102376606544076,5.102376606544076,5.102376606544076,5.102376606544076,5.102376606544076,5.102376606544076,5.102376606544076,5.102376606544076,5.102376606544076,5.102376606544076,5.102376606544076,4.693194275954409,4.6691791214477645,4.6691791214477645,4.555448643381431,4.27482936642335,3.9032146323864163,3.9032146323864163,3.9032146323864163,3.9032146323864163,3.9032146323864163,3.9032146323864163,3.9032146323864163,3.9032146323864163,3.9032146323864163,3.9032146323864163,3.9032146323864163,3.9032146323864163,3.9032146323864163,3.9032146323864163,3.9032146323864163,3.9032146323864163,3.9032146323864163,3.9032146323864163,3.9032146323864163,3.9032146323864163,3.9032146323864163,3.9032146323864163,3.9032146323864163,3.9032146323864163,3.9032146323864163,3.9032146323864163,3.9032146323864163,3.9032146323864163,3.9032146323864163,3.9032146323864163,3.9032146323864163,3.9032146323864163,3.9032146323864163,3.9032146323864163,3.9032146323864163,3.9032146323864163,3.9032146323864163,3.9032146323864163,3.9032146323864163,3.9032146323864163,3.9032146323864163,3.9032146323864163,3.9032146323864163,3.9032146323864163,3.9032146323864163,3.9032146323864163,3.9032146323864163,3.9032146323864163,3.9032146323864163,3.9032146323864163,3.9032146323864163,3.9032146323864163,3.9032146323864163,3.9032146323864163,3.9032146323864163,3.9032146323864163,3.9032146323864163,3.9032146323864163,3.9032146323864163,3.9032146323864163,3.9032146323864163,3.9032146323864163,3.9032146323864163,3.9032146323864163,3.9032146323864163,3.9032146323864163,3.9032146323864163,3.9032146323864163,3.9032146323864163,3.9032146323864163,3.9032146323864163,3.9032146323864163,3.9032146323864163,3.9032146323864163,3.9032146323864163,3.9032146323864163,3.9032146323864163,3.9032146323864163,3.9032146323864163,3.9032146323864163,3.9032146323864163,3.9032146323864163,3.9032146323864163,3.9032146323864163,3.9032146323864163,3.9032146323864163,3.9032146323864163,3.9032146323864163,3.9032146323864163,3.9032146323864163,3.9032146323864163,3.9032146323864163,3.9032146323864163,3.9032146323864163,3.9032146323864163,3.9032146323864163,3.9032146323864163,3.9032146323864163,3.9032146323864163,3.9032146323864163,3.9032146323864163,3.9032146323864163,3.9032146323864163,3.9032146323864163,3.9032146323864163,3.9032146323864163,3.9032146323864163,3.9032146323864163,3.9032146323864163,3.9032146323864163,3.9032146323864163,3.9032146323864163,3.9032146323864163,3.9032146323864163,3.9032146323864163,3.9032146323864163,3.9032146323864163,3.9032146323864163,3.9032146323864163,3.9032146323864163,3.9032146323864163,3.9032146323864163,3.9032146323864163,3.9032146323864163,3.9032146323864163,3.9032146323864163,3.9032146323864163,3.9032146323864163,3.9032146323864163,3.9032146323864163,3.9032146323864163,3.9032146323864163,3.9032146323864163,3.9032146323864163,3.9032146323864163,3.9032146323864163,3.9032146323864163,3.9032146323864163,3.9032146323864163,3.9032146323864163,3.9032146323864163,3.9032146323864163,3.9032146323864163,3.9032146323864163,3.9032146323864163,3.9032146323864163,3.9032146323864163,3.9032146323864163,3.9032146323864163,3.9032146323864163,3.9032146323864163,3.9032146323864163,3.9032146323864163,3.9032146323864163,3.9032146323864163,3.9032146323864163,3.9032146323864163,3.9032146323864163,3.9032146323864163,3.9032146323864163,3.9032146323864163,3.9032146323864163,3.9032146323864163,3.9032146323864163,3.9032146323864163,3.9032146323864163,3.9032146323864163,3.9032146323864163,3.9032146323864163,3.9032146323864163,3.9032146323864163,3.9032146323864163,3.9032146323864163,3.9032146323864163,3.9032146323864163,3.9032146323864163,3.9032146323864163,3.9032146323864163,3.9032146323864163,3.9032146323864163,3.9032146323864163,3.9032146323864163,3.9032146323864163,3.9032146323864163,3.9032146323864163,3.9032146323864163,3.9032146323864163,3.9032146323864163,3.9032146323864163,3.9032146323864163,3.9032146323864163,3.9032146323864163,3.9032146323864163,3.9032146323864163,3.9032146323864163,3.9032146323864163,3.9032146323864163,3.9032146323864163,3.9032146323864163,3.9032146323864163,3.9032146323864163,3.9032146323864163,3.9032146323864163,3.9032146323864163,3.9032146323864163,3.9032146323864163,3.9032146323864163,3.9032146323864163,3.9032146323864163,3.9032146323864163,3.9032146323864163,3.9032146323864163,3.9032146323864163,3.9032146323864163,3.9032146323864163,3.9032146323864163,3.9032146323864163,3.9032146323864163,3.9032146323864163,3.9032146323864163,3.9032146323864163,3.9032146323864163,3.9032146323864163,3.9032146323864163,3.9032146323864163,3.9032146323864163,3.9032146323864163,3.9032146323864163,3.9032146323864163,3.9032146323864163,3.9032146323864163,3.9032146323864163,3.9032146323864163,3.9032146323864163,3.9032146323864163,3.9032146323864163,3.9032146323864163,3.9032146323864163,3.9032146323864163,3.9032146323864163,3.9032146323864163,3.9032146323864163,3.9032146323864163,3.9032146323864163,3.9032146323864163,3.9032146323864163,3.9032146323864163,3.9032146323864163,3.9032146323864163,3.9032146323864163,3.9032146323864163,3.9032146323864163,3.9032146323864163,3.9032146323864163,3.9032146323864163,3.9032146323864163,3.9032146323864163,3.9032146323864163,3.9032146323864163,3.9032146323864163,3.9032146323864163,3.9032146323864163,3.9032146323864163,3.9032146323864163,3.9032146323864163,3.9032146323864163,3.9032146323864163,3.9032146323864163,3.9032146323864163,3.9032146323864163,3.9032146323864163,3.9032146323864163,3.9032146323864163,3.9032146323864163,3.9032146323864163,3.9032146323864163,3.9032146323864163,3.9032146323864163,3.9032146323864163,3.9032146323864163,3.9032146323864163,3.9032146323864163,3.9032146323864163,3.9032146323864163,3.9032146323864163,3.9032146323864163,3.9032146323864163,3.9032146323864163,3.9032146323864163,3.9032146323864163,3.9032146323864163,3.9032146323864163,3.9032146323864163,3.9032146323864163,3.9032146323864163,3.9032146323864163,3.9032146323864163,3.9032146323864163,3.9032146323864163,3.9032146323864163,3.9032146323864163,3.9032146323864163,3.9032146323864163,3.9032146323864163,3.9032146323864163,3.9032146323864163,3.9032146323864163,3.9032146323864163,3.9032146323864163,3.9032146323864163,3.9032146323864163,3.9032146323864163,3.9032146323864163,3.9032146323864163,3.9032146323864163,3.9032146323864163,3.9032146323864163,3.9032146323864163,3.9032146323864163,3.9032146323864163,3.9032146323864163,3.9032146323864163,3.9032146323864163,3.9032146323864163,3.9032146323864163,3.9032146323864163,3.9032146323864163,3.9032146323864163,3.9032146323864163,3.9032146323864163,3.9032146323864163,3.9032146323864163,3.9032146323864163,3.9032146323864163,3.9032146323864163,3.9032146323864163,3.9032146323864163,3.9032146323864163,3.9032146323864163,3.9032146323864163,3.9032146323864163,3.9032146323864163,3.9032146323864163,3.9032146323864163,3.9032146323864163,3.9032146323864163,3.9032146323864163,3.9032146323864163,3.9032146323864163,3.9032146323864163,3.9032146323864163,3.9032146323864163,3.9032146323864163,3.9032146323864163,3.9032146323864163,3.9032146323864163,3.9032146323864163,3.9032146323864163,3.9032146323864163,3.9032146323864163,3.9032146323864163,3.9032146323864163,3.9032146323864163,3.9032146323864163,3.9032146323864163,3.9032146323864163,3.9032146323864163,3.9032146323864163,3.9032146323864163,3.9032146323864163,3.9032146323864163,3.9032146323864163,3.9032146323864163,3.9032146323864163,3.9032146323864163,3.9032146323864163,3.9032146323864163,3.9032146323864163,3.9032146323864163,3.9032146323864163,3.9032146323864163,3.9032146323864163,3.9032146323864163,3.9032146323864163,3.9032146323864163,3.9032146323864163,3.9032146323864163,3.9032146323864163,3.9032146323864163,3.9032146323864163,3.9032146323864163,3.9032146323864163,3.9032146323864163,3.9032146323864163,3.9032146323864163,3.9032146323864163,3.9032146323864163,3.9032146323864163,3.9032146323864163,3.9032146323864163,3.9032146323864163,3.9032146323864163,3.9032146323864163,3.9032146323864163,3.9032146323864163,3.9032146323864163,3.9032146323864163,3.9032146323864163,3.9032146323864163,3.9032146323864163,3.9032146323864163,3.9032146323864163,3.9032146323864163,3.9032146323864163,3.9032146323864163,3.9032146323864163,3.9032146323864163,3.9032146323864163,3.9032146323864163,3.9032146323864163,3.9032146323864163,3.9032146323864163,3.9032146323864163,3.9032146323864163,3.9032146323864163,3.9032146323864163,3.9032146323864163,3.9032146323864163,3.9032146323864163,3.9032146323864163,3.9032146323864163,3.9032146323864163,3.9032146323864163,3.9032146323864163,3.9032146323864163,3.9032146323864163,3.9032146323864163,3.9032146323864163,3.9032146323864163,3.9032146323864163,3.9032146323864163,3.9032146323864163,3.9032146323864163,3.9032146323864163,3.9032146323864163,3.9032146323864163,3.9032146323864163,3.9032146323864163,3.9032146323864163,3.9032146323864163,3.9032146323864163,3.9032146323864163,3.9032146323864163,3.9032146323864163,3.9032146323864163,3.9032146323864163,3.9032146323864163,3.9032146323864163,3.9032146323864163,3.9032146323864163,3.9032146323864163,3.9032146323864163,3.9032146323864163,3.9032146323864163,3.9032146323864163,3.9032146323864163,3.9032146323864163,3.9032146323864163,3.9032146323864163,3.9032146323864163,3.9032146323864163,3.9032146323864163,3.9032146323864163,3.9032146323864163,3.9032146323864163,3.9032146323864163,3.9032146323864163,3.9032146323864163,3.9032146323864163,3.9032146323864163,3.9032146323864163,3.9032146323864163,3.9032146323864163,3.9032146323864163,3.9032146323864163,3.9032146323864163,3.9032146323864163,3.9032146323864163,3.9032146323864163,3.9032146323864163,3.9032146323864163,3.9032146323864163,3.9032146323864163,3.9032146323864163,3.9032146323864163,3.9032146323864163,3.9032146323864163,3.9032146323864163,3.9032146323864163,3.9032146323864163,3.9032146323864163,3.9032146323864163,3.9032146323864163,3.9032146323864163,3.9032146323864163,3.9032146323864163,3.9032146323864163,3.9032146323864163,3.9032146323864163,3.9032146323864163,3.9032146323864163,3.9032146323864163,3.9032146323864163,3.9032146323864163,3.9032146323864163,3.9032146323864163,3.9032146323864163,3.9032146323864163,3.9032146323864163,3.9032146323864163,3.9032146323864163,3.9032146323864163,3.9032146323864163,3.9032146323864163,3.9032146323864163,3.9032146323864163,3.9032146323864163,3.9032146323864163,3.9032146323864163,3.9032146323864163,3.9032146323864163,3.9032146323864163,3.9032146323864163,3.9032146323864163,3.9032146323864163,3.9032146323864163,3.9032146323864163,3.9032146323864163,3.9032146323864163,3.9032146323864163,3.9032146323864163,3.9032146323864163,3.9032146323864163,3.9032146323864163,3.9032146323864163,3.9032146323864163,3.9032146323864163,3.9032146323864163,3.9032146323864163,3.9032146323864163,3.9032146323864163,3.9032146323864163,3.9032146323864163,3.9032146323864163,3.9032146323864163,3.9032146323864163,3.9032146323864163,3.9032146323864163,3.9032146323864163,3.9032146323864163,3.9032146323864163,3.9032146323864163,3.9032146323864163,3.9032146323864163,3.9032146323864163,3.9032146323864163,3.9032146323864163,3.9032146323864163,3.9032146323864163,3.9032146323864163,3.9032146323864163,3.9032146323864163,3.9032146323864163,3.9032146323864163,3.9032146323864163,3.9032146323864163,3.9032146323864163,3.9032146323864163,3.9032146323864163,3.9032146323864163,3.9032146323864163,3.9032146323864163,3.9032146323864163,3.9032146323864163,3.9032146323864163,3.9032146323864163,3.9032146323864163,3.9032146323864163,3.9032146323864163,3.9032146323864163,3.9032146323864163,3.9032146323864163,3.9032146323864163,3.9032146323864163,3.9032146323864163,3.9032146323864163,3.9032146323864163,3.9032146323864163,3.9032146323864163,3.9032146323864163,3.9032146323864163,3.9032146323864163,3.9032146323864163,3.9032146323864163,3.9032146323864163,3.9032146323864163,3.9032146323864163,3.9032146323864163,3.9032146323864163,3.9032146323864163,3.9032146323864163,3.9032146323864163,3.9032146323864163,3.9032146323864163,3.9032146323864163,3.9032146323864163,3.9032146323864163,3.9032146323864163,3.9032146323864163,3.9032146323864163,3.9032146323864163,3.9032146323864163,3.9032146323864163,3.9032146323864163,3.9032146323864163,3.9032146323864163,3.9032146323864163,3.9032146323864163,3.9032146323864163,3.9032146323864163,3.9032146323864163,3.9032146323864163,3.9032146323864163,3.9032146323864163,3.9032146323864163,3.9032146323864163,3.9032146323864163,3.9032146323864163,3.9032146323864163,3.9032146323864163,3.9032146323864163,3.9032146323864163,3.9032146323864163,3.9032146323864163,3.9032146323864163,3.9032146323864163,3.9032146323864163,3.9032146323864163,3.9032146323864163,3.9032146323864163,3.9032146323864163,3.9032146323864163,3.9032146323864163,3.9032146323864163,3.9032146323864163,3.9032146323864163,3.9032146323864163,3.9032146323864163,3.9032146323864163,3.9032146323864163,3.9032146323864163,3.9032146323864163,3.9032146323864163,3.9032146323864163,3.9032146323864163,3.9032146323864163,3.9032146323864163,3.9032146323864163,3.9032146323864163,3.9032146323864163,3.9032146323864163,3.9032146323864163,3.9032146323864163,3.9032146323864163,3.9032146323864163,3.9032146323864163,3.9032146323864163,3.9032146323864163,3.9032146323864163,3.9032146323864163,3.9032146323864163,3.9032146323864163,3.9032146323864163,3.9032146323864163,3.9032146323864163,3.9032146323864163,3.9032146323864163,3.9032146323864163,3.9032146323864163,3.9032146323864163,3.9032146323864163,3.9032146323864163,3.9032146323864163,3.9032146323864163,3.9032146323864163,3.9032146323864163,3.9032146323864163,3.9032146323864163,3.9032146323864163,3.9032146323864163,3.9032146323864163,3.9032146323864163,3.9032146323864163,3.9032146323864163,3.9032146323864163,3.9032146323864163,3.9032146323864163,3.9032146323864163,3.9032146323864163,3.9032146323864163,3.9032146323864163,3.9032146323864163,3.9032146323864163,3.9032146323864163,3.9032146323864163,3.9032146323864163,3.9032146323864163,3.9032146323864163,3.9032146323864163,3.9032146323864163,3.9032146323864163,3.9032146323864163,3.9032146323864163,3.9032146323864163,3.9032146323864163,3.9032146323864163,3.9032146323864163,3.9032146323864163,3.9032146323864163,3.9032146323864163,3.9032146323864163,3.9032146323864163,3.9032146323864163,3.9032146323864163,3.9032146323864163,3.9032146323864163,3.9032146323864163,3.9032146323864163,3.9032146323864163,3.9032146323864163,3.9032146323864163,3.9032146323864163,3.9032146323864163,3.9032146323864163,3.9032146323864163,3.9032146323864163,3.9032146323864163,3.9032146323864163,3.9032146323864163,3.9032146323864163,3.9032146323864163,3.9032146323864163,3.9032146323864163,3.9032146323864163,3.9032146323864163,3.9032146323864163,3.9032146323864163,3.9032146323864163,3.9032146323864163,3.9032146323864163,3.9032146323864163,3.9032146323864163,3.9032146323864163,3.9032146323864163,3.9032146323864163,3.9032146323864163,3.9032146323864163,3.9032146323864163,3.9032146323864163,3.9032146323864163,3.9032146323864163,3.9032146323864163,3.9032146323864163,3.9032146323864163,3.9032146323864163,3.9032146323864163,3.9032146323864163,3.9032146323864163,3.9032146323864163,3.9032146323864163,3.9032146323864163,3.9032146323864163,3.9032146323864163,3.9032146323864163,3.9032146323864163,3.9032146323864163,3.9032146323864163,3.9032146323864163,3.9032146323864163,3.9032146323864163,3.9032146323864163,3.9032146323864163,3.9032146323864163,3.9032146323864163,3.9032146323864163,3.9032146323864163,3.9032146323864163,3.9032146323864163,3.9032146323864163,3.9032146323864163,3.9032146323864163,3.9032146323864163,3.9032146323864163,3.9032146323864163,3.9032146323864163,3.9032146323864163,3.9032146323864163,3.9032146323864163,3.9032146323864163,3.9032146323864163,3.9032146323864163,3.9032146323864163,3.9032146323864163,3.9032146323864163,3.9032146323864163,3.9032146323864163,3.9032146323864163,3.9032146323864163,3.9032146323864163,3.9032146323864163,3.9032146323864163,3.9032146323864163,3.9032146323864163,3.9032146323864163,3.9032146323864163,3.9032146323864163,3.9032146323864163,3.9032146323864163,3.9032146323864163,3.9032146323864163,3.9032146323864163,3.9032146323864163,3.9032146323864163,3.9032146323864163,3.9032146323864163,3.9032146323864163,3.9032146323864163,3.9032146323864163,3.9032146323864163,3.9032146323864163,3.9032146323864163,3.9032146323864163,3.9032146323864163,9.883361689425026,8.807562581783117,8.807562581783117,8.807562581783117,8.807562581783117,8.807562581783117,8.807562581783117,8.807562581783117,8.807562581783117,8.807562581783117,8.485680221292403,8.485680221292403,8.485680221292403,8.485680221292403,8.485680221292403,8.340722451189206,8.340722451189206,8.340722451189206,8.340722451189206,8.340722451189206,8.340722451189206,8.340722451189206,8.340722451189206,8.340722451189206,8.340722451189206,8.340722451189206,8.340722451189206,8.340722451189206,8.340722451189206,8.340722451189206,8.340722451189206,8.340722451189206,8.340722451189206,8.340722451189206,8.340722451189206,8.340722451189206,8.340722451189206,8.340722451189206,8.340722451189206,8.340722451189206,8.340722451189206,8.128892640703523,8.128892640703523,8.128892640703523,8.128892640703523,8.128892640703523,8.128892640703523,8.128892640703523,8.128892640703523,8.128892640703523,8.128892640703523,8.128892640703523,8.128892640703523,8.128892640703523,8.128892640703523,8.128892640703523,8.091777127001047,8.091777127001047,8.091777127001047,8.091777127001047,8.091777127001047,8.091777127001047,8.091777127001047,8.091777127001047,8.091777127001047,8.091777127001047,8.091777127001047,8.091777127001047,8.091777127001047,8.091777127001047,8.091777127001047,8.091777127001047,8.091777127001047,8.091777127001047,8.091777127001047,8.091777127001047,8.091777127001047,8.091777127001047,8.091777127001047,8.091777127001047,8.091777127001047,8.091777127001047,8.091777127001047,8.091777127001047,8.091777127001047,8.091777127001047,8.091777127001047,8.091777127001047,8.091777127001047,8.091777127001047,8.091777127001047,8.091777127001047,8.091777127001047,8.091777127001047,8.091777127001047,8.091777127001047,8.091777127001047,8.091777127001047,8.091777127001047,8.091777127001047,8.091777127001047,8.091777127001047,8.091777127001047,8.091777127001047,8.091777127001047,8.091777127001047,8.091777127001047,8.091777127001047,8.091777127001047,8.091777127001047,8.091777127001047,8.091777127001047,8.091777127001047,8.091777127001047,8.091777127001047,8.091777127001047,8.091777127001047,8.091777127001047,8.091777127001047,8.091777127001047,8.091777127001047,8.091777127001047,8.091777127001047,8.091777127001047,8.091777127001047,8.091777127001047,8.091777127001047,8.091777127001047,8.091777127001047,8.091777127001047,8.091777127001047,8.091777127001047,8.091777127001047,8.091777127001047,8.091777127001047,8.091777127001047,8.091777127001047,8.091777127001047,8.091777127001047,8.091777127001047,8.091777127001047,8.091777127001047,8.091777127001047,8.091777127001047,8.091777127001047,8.091777127001047,8.091777127001047,8.091777127001047,8.091777127001047,8.091777127001047,8.091777127001047,8.091777127001047,8.091777127001047,8.091777127001047,8.091777127001047,8.091777127001047,8.091777127001047,8.091777127001047,8.091777127001047,8.091777127001047,8.091777127001047,8.091777127001047,8.091777127001047,8.091777127001047,8.091777127001047,8.091777127001047,8.091777127001047,8.091777127001047,8.091777127001047,8.091777127001047,8.091777127001047,8.091777127001047,8.091777127001047,8.091777127001047,8.091777127001047,8.091777127001047,8.091777127001047,8.091777127001047,8.091777127001047,8.091777127001047,8.091777127001047,8.091777127001047,8.091777127001047,8.091777127001047,8.091777127001047,8.091777127001047,6.533115901048997,6.354640709706286,6.038387578207062,5.516451678111547,5.516451678111547,5.516451678111547,5.413211264694464,5.413211264694464,5.413211264694464,5.413211264694464,5.413211264694464,5.413211264694464,5.413211264694464,5.413211264694464,5.413211264694464,5.413211264694464,5.413211264694464,5.413211264694464,5.413211264694464,5.39962380050543,5.39962380050543,5.39962380050543,5.39962380050543,5.39962380050543,5.146783822709267,5.146783822709267,5.146783822709267,5.146783822709267,5.146783822709267,5.146783822709267,5.146783822709267,5.146783822709267,5.146783822709267,5.146783822709267,5.146783822709267,5.146783822709267,5.08227369911246,5.08227369911246,5.08227369911246,5.08227369911246,5.08227369911246,5.08227369911246,5.08227369911246,5.08227369911246,5.08227369911246,5.08227369911246,5.08227369911246,5.08227369911246,5.08227369911246,5.08227369911246,5.08227369911246,5.08227369911246,5.08227369911246,5.08227369911246,5.08227369911246,5.08227369911246,5.08227369911246,5.08227369911246,5.08227369911246,5.08227369911246,5.08227369911246,5.08227369911246,5.08227369911246,5.08227369911246,5.08227369911246,5.08227369911246,5.08227369911246,5.08227369911246,5.08227369911246,5.08227369911246,5.08227369911246,5.08227369911246,5.08227369911246,5.08227369911246,5.08227369911246,5.08227369911246,5.08227369911246,5.08227369911246,5.08227369911246,5.08227369911246,5.08227369911246,5.08227369911246,5.08227369911246,5.08227369911246,5.08227369911246,5.08227369911246,5.08227369911246,5.08227369911246,5.08227369911246,5.08227369911246,5.08227369911246,5.08227369911246,5.08227369911246,5.08227369911246,5.08227369911246,5.08227369911246,5.08227369911246,5.08227369911246,5.08227369911246,5.08227369911246,5.08227369911246,5.08227369911246,5.08227369911246,5.08227369911246,5.08227369911246,5.08227369911246,5.08227369911246,5.08227369911246,5.08227369911246,5.08227369911246,5.08227369911246,5.08227369911246,5.08227369911246,5.08227369911246,5.08227369911246,5.08227369911246,5.08227369911246,5.08227369911246,5.08227369911246,5.08227369911246,5.08227369911246,5.08227369911246,5.08227369911246,5.08227369911246,5.08227369911246,5.08227369911246,5.08227369911246,5.08227369911246,5.08227369911246,5.08227369911246,5.08227369911246,5.08227369911246,5.08227369911246,5.08227369911246,5.08227369911246,5.08227369911246,5.08227369911246,5.08227369911246,5.08227369911246,5.08227369911246,5.08227369911246,5.08227369911246,5.08227369911246,5.08227369911246,5.08227369911246,5.08227369911246,5.08227369911246,5.08227369911246,5.08227369911246,5.08227369911246,5.08227369911246,5.08227369911246,5.08227369911246,5.08227369911246,5.08227369911246,5.08227369911246,5.08227369911246,5.08227369911246,5.08227369911246,5.08227369911246,5.08227369911246,5.08227369911246,5.08227369911246,5.08227369911246,5.08227369911246,5.08227369911246,5.08227369911246,5.08227369911246,5.08227369911246,5.08227369911246,5.08227369911246,5.08227369911246,5.08227369911246,4.3042090433453,4.3042090433453,4.3042090433453,4.3042090433453,4.3042090433453,4.3042090433453,4.3042090433453,4.3042090433453,4.3042090433453,4.3042090433453,4.3042090433453,4.3042090433453,4.3042090433453,4.3042090433453,4.3042090433453,4.3042090433453,4.3042090433453,4.3042090433453,4.3042090433453,4.3042090433453,4.3042090433453,4.3042090433453,4.3042090433453,4.3042090433453,4.3042090433453,4.3042090433453,4.3042090433453,4.3042090433453,4.3042090433453,4.3042090433453,4.3042090433453,4.3042090433453,4.3042090433453,4.3042090433453,4.3042090433453,4.3042090433453,4.3042090433453,4.3042090433453,4.3042090433453,4.3042090433453,4.3042090433453,4.3042090433453,4.3042090433453,4.3042090433453,4.3042090433453,4.3042090433453,4.3042090433453,4.3042090433453,4.3042090433453,4.3042090433453,4.3042090433453,4.3042090433453,4.3042090433453,4.3042090433453,4.3042090433453,4.3042090433453,4.3042090433453,4.3042090433453,4.3042090433453,4.3042090433453,4.3042090433453,4.3042090433453,4.3042090433453,4.3042090433453,4.3042090433453,4.3042090433453,4.3042090433453,4.3042090433453,4.3042090433453,4.3042090433453,4.3042090433453,4.3042090433453,4.3042090433453,4.3042090433453,4.3042090433453,4.3042090433453,4.3042090433453,4.3042090433453,4.3042090433453,4.3042090433453,4.3042090433453,4.3042090433453,4.3042090433453,4.3042090433453,4.3042090433453,4.3042090433453,4.3042090433453,4.3042090433453,4.3042090433453,4.3042090433453,4.3042090433453,4.3042090433453,4.3042090433453,4.3042090433453,4.3042090433453,4.3042090433453,4.3042090433453,4.3042090433453,4.3042090433453,4.3042090433453,4.3042090433453,4.3042090433453,4.3042090433453,4.3042090433453,4.3042090433453,4.3042090433453,4.3042090433453,4.3042090433453,4.3042090433453,4.3042090433453,4.3042090433453,4.3042090433453,4.3042090433453,4.3042090433453,4.3042090433453,4.3042090433453,4.3042090433453,4.3042090433453,4.3042090433453,4.3042090433453,4.3042090433453,4.3042090433453,4.3042090433453,4.3042090433453,4.3042090433453,4.3042090433453,4.3042090433453,4.3042090433453,4.3042090433453,4.3042090433453,4.3042090433453,4.3042090433453,4.3042090433453,4.3042090433453,4.3042090433453,4.3042090433453,4.3042090433453,4.3042090433453,4.3042090433453,4.3042090433453,4.3042090433453,4.3042090433453,4.3042090433453,4.3042090433453,4.3042090433453,4.3042090433453,4.3042090433453,4.3042090433453,4.3042090433453,4.3042090433453,4.3042090433453,4.3042090433453,4.3042090433453,4.3042090433453,4.3042090433453,4.3042090433453,4.3042090433453,4.3042090433453,4.3042090433453,4.3042090433453,4.3042090433453,4.3042090433453,4.3042090433453,4.3042090433453,4.3042090433453,4.3042090433453,4.3042090433453,4.3042090433453,4.3042090433453,4.3042090433453,4.3042090433453,4.3042090433453,4.3042090433453,4.3042090433453,4.3042090433453,4.3042090433453,4.3042090433453,4.3042090433453,4.3042090433453,4.3042090433453,4.3042090433453,4.3042090433453,4.3042090433453,4.3042090433453,4.3042090433453,4.3042090433453,4.3042090433453,4.3042090433453,4.3042090433453,4.3042090433453,4.3042090433453,4.3042090433453,4.3042090433453,4.3042090433453,4.3042090433453,4.3042090433453,4.3042090433453,4.3042090433453,4.3042090433453,4.3042090433453,4.3042090433453,4.3042090433453,4.3042090433453,4.3042090433453,4.3042090433453,4.3042090433453,4.3042090433453,4.3042090433453,4.3042090433453,4.3042090433453,4.3042090433453,4.3042090433453,4.3042090433453,4.3042090433453,4.3042090433453,4.3042090433453,4.3042090433453,4.3042090433453,4.3042090433453,4.3042090433453,4.3042090433453,4.3042090433453,4.3042090433453,4.3042090433453,4.3042090433453,4.3042090433453,4.3042090433453,4.3042090433453,4.3042090433453,4.3042090433453,4.3042090433453,4.3042090433453,4.3042090433453,4.3042090433453,4.3042090433453,4.3042090433453,4.3042090433453,4.3042090433453,4.3042090433453,4.3042090433453,4.3042090433453,4.3042090433453,4.3042090433453,4.3042090433453,4.3042090433453,4.3042090433453,4.3042090433453,4.3042090433453,4.3042090433453,4.3042090433453,4.3042090433453,4.3042090433453,4.3042090433453,4.3042090433453,4.3042090433453,4.3042090433453,4.3042090433453,4.3042090433453,4.3042090433453,4.3042090433453,4.3042090433453,4.3042090433453,4.3042090433453,4.3042090433453,4.3042090433453,4.3042090433453,4.3042090433453,4.3042090433453,4.3042090433453,4.3042090433453,4.3042090433453,4.3042090433453,4.3042090433453,4.3042090433453,4.3042090433453,4.3042090433453,4.3042090433453,4.3042090433453,4.3042090433453,4.3042090433453,4.3042090433453,4.3042090433453,4.3042090433453,4.3042090433453,4.3042090433453,4.3042090433453,4.3042090433453,4.3042090433453,4.3042090433453,4.3042090433453,4.3042090433453,4.3042090433453,4.3042090433453,4.3042090433453,4.3042090433453,4.3042090433453,4.3042090433453,4.3042090433453,4.3042090433453,4.3042090433453,4.3042090433453,4.3042090433453,4.3042090433453,4.3042090433453,4.3042090433453,4.3042090433453,4.3042090433453,4.3042090433453,4.3042090433453,4.3042090433453,4.3042090433453,4.3042090433453,4.3042090433453,4.3042090433453,4.3042090433453,4.3042090433453,4.3042090433453,4.3042090433453,4.3042090433453,4.3042090433453,4.3042090433453,4.3042090433453,4.3042090433453,4.3042090433453,4.3042090433453,4.3042090433453,4.3042090433453,4.3042090433453,4.3042090433453,4.3042090433453,4.3042090433453,4.3042090433453,4.3042090433453,4.3042090433453,4.3042090433453,4.3042090433453,4.3042090433453,4.3042090433453,4.3042090433453,4.3042090433453,4.3042090433453,4.3042090433453,4.3042090433453,4.3042090433453,4.3042090433453,4.3042090433453,4.3042090433453,4.3042090433453,4.3042090433453,4.3042090433453,4.3042090433453,4.3042090433453,4.3042090433453,4.3042090433453,4.3042090433453,4.3042090433453,4.3042090433453,4.3042090433453,4.3042090433453,4.3042090433453,4.3042090433453,4.3042090433453,4.3042090433453,4.3042090433453,4.3042090433453,4.3042090433453,4.3042090433453,4.3042090433453,4.3042090433453,4.3042090433453,4.3042090433453,4.3042090433453,4.3042090433453,4.3042090433453,4.3042090433453,4.3042090433453,4.3042090433453,4.3042090433453,4.3042090433453,4.3042090433453,4.3042090433453,4.3042090433453,4.3042090433453,4.3042090433453,4.3042090433453,4.3042090433453,4.3042090433453,4.3042090433453,4.3042090433453,4.3042090433453,4.3042090433453,4.3042090433453,4.3042090433453,4.3042090433453,4.3042090433453,4.3042090433453,4.3042090433453,4.3042090433453,4.3042090433453,4.3042090433453,4.3042090433453,4.3042090433453,4.3042090433453,4.3042090433453,4.3042090433453,4.3042090433453,4.3042090433453,4.3042090433453,4.3042090433453,4.3042090433453,4.3042090433453,4.3042090433453,4.3042090433453,4.3042090433453,4.3042090433453,4.3042090433453,4.3042090433453,4.3042090433453,4.3042090433453,4.3042090433453,4.3042090433453,4.3042090433453,4.3042090433453,4.3042090433453,4.3042090433453,4.3042090433453,4.3042090433453,4.3042090433453,4.3042090433453,4.3042090433453,4.3042090433453,4.3042090433453,4.3042090433453,4.3042090433453,4.3042090433453,4.3042090433453,4.3042090433453,4.3042090433453,4.3042090433453,4.3042090433453,4.3042090433453,4.3042090433453,4.3042090433453,4.3042090433453,4.3042090433453,4.3042090433453,4.3042090433453,4.3042090433453,4.3042090433453,4.3042090433453,4.3042090433453,4.3042090433453,4.3042090433453,4.3042090433453,4.3042090433453,4.3042090433453,4.3042090433453,4.3042090433453,4.3042090433453,4.3042090433453,4.3042090433453,4.3042090433453,4.3042090433453,4.3042090433453,4.3042090433453,4.3042090433453,4.3042090433453,4.3042090433453,4.3042090433453,4.3042090433453,4.3042090433453,4.3042090433453,4.3042090433453,4.3042090433453,4.3042090433453,4.3042090433453,4.3042090433453,4.3042090433453,4.3042090433453,4.3042090433453,4.3042090433453,4.3042090433453,4.3042090433453,4.3042090433453,4.3042090433453,4.3042090433453,4.3042090433453,4.3042090433453,4.3042090433453,4.3042090433453,4.3042090433453,4.3042090433453,4.3042090433453,4.3042090433453,4.3042090433453,4.3042090433453,4.3042090433453,4.3042090433453,4.3042090433453,4.3042090433453,4.3042090433453,4.3042090433453,4.3042090433453,4.3042090433453,4.3042090433453,4.3042090433453,4.3042090433453,4.3042090433453,4.3042090433453,4.3042090433453,4.3042090433453,4.3042090433453,4.3042090433453,4.3042090433453,4.3042090433453,4.3042090433453,4.3042090433453,4.3042090433453,4.3042090433453,4.3042090433453,4.3042090433453,4.3042090433453,4.3042090433453,4.3042090433453,4.3042090433453,4.3042090433453,4.3042090433453,4.3042090433453,4.3042090433453,4.3042090433453,4.3042090433453,4.3042090433453,4.3042090433453,4.3042090433453,4.3042090433453,4.3042090433453,4.3042090433453,4.3042090433453,4.3042090433453,4.3042090433453,4.3042090433453,4.3042090433453,4.3042090433453,4.3042090433453,4.3042090433453,4.3042090433453,4.3042090433453,4.3042090433453,4.3042090433453,4.3042090433453,4.3042090433453,4.3042090433453,4.3042090433453,4.3042090433453,4.3042090433453,4.3042090433453,4.3042090433453,4.3042090433453,4.3042090433453,4.3042090433453,4.3042090433453,4.3042090433453,4.3042090433453,4.3042090433453,4.3042090433453,4.3042090433453,4.3042090433453,4.3042090433453,4.3042090433453,4.3042090433453,4.3042090433453,4.3042090433453,4.3042090433453,4.3042090433453,4.3042090433453,4.3042090433453,4.3042090433453,4.3042090433453,4.3042090433453,4.3042090433453,4.3042090433453,4.3042090433453,4.3042090433453,4.3042090433453,4.3042090433453,4.3042090433453,4.3042090433453,4.3042090433453,4.3042090433453,4.3042090433453,4.3042090433453,4.3042090433453,4.3042090433453,4.3042090433453,4.3042090433453,4.3042090433453,4.3042090433453,4.3042090433453,4.3042090433453,4.3042090433453,4.3042090433453,4.3042090433453,4.3042090433453,4.3042090433453,4.3042090433453,4.3042090433453,4.3042090433453,4.3042090433453,4.3042090433453,4.3042090433453,4.3042090433453,4.3042090433453,4.3042090433453,4.3042090433453,4.3042090433453,4.3042090433453,4.3042090433453,4.3042090433453,4.3042090433453,4.3042090433453,4.3042090433453,4.3042090433453,4.3042090433453,4.3042090433453,4.3042090433453,4.3042090433453,4.3042090433453,4.3042090433453,4.3042090433453,4.3042090433453,4.3042090433453,4.3042090433453,4.3042090433453,4.3042090433453,4.3042090433453,4.3042090433453,4.3042090433453,4.3042090433453,4.3042090433453,4.3042090433453,4.3042090433453,10.497559656384118,9.976119811979261,9.976119811979261,9.976119811979261,9.976119811979261,9.802407001092101,9.7581041735739,9.50327969449551,9.50327969449551,9.50327969449551,9.50327969449551,9.480666180167354,9.480666180167354,9.480666180167354,9.480666180167354,9.480666180167354,9.480666180167354,9.480666180167354,9.480666180167354,9.008434326034479,9.008434326034479,8.984939692485778,8.984939692485778,8.827746992940778,8.827746992940778,8.827746992940778,8.823009739322085,8.823009739322085,8.823009739322085,8.823009739322085,8.823009739322085,8.823009739322085,8.823009739322085,8.823009739322085,8.823009739322085,8.823009739322085,8.823009739322085,8.823009739322085,8.823009739322085,8.823009739322085,8.796537036915886,8.796537036915886,8.796537036915886,8.796537036915886,8.796537036915886,8.796537036915886,8.796537036915886,8.796537036915886,8.796537036915886,8.796537036915886,8.796537036915886,8.796537036915886,8.796537036915886,8.796537036915886,8.796537036915886,8.796537036915886,8.796537036915886,8.796537036915886,8.796537036915886,8.796537036915886,8.796537036915886,8.796537036915886,8.796537036915886,8.796537036915886,8.796537036915886,8.796537036915886,8.796537036915886,8.796537036915886,8.796537036915886,8.796537036915886,8.796537036915886,8.796537036915886,8.796537036915886,8.796537036915886,8.796537036915886,8.796537036915886,8.796537036915886,8.796537036915886,8.796537036915886,8.796537036915886,8.796537036915886,8.796537036915886,8.796537036915886,8.796537036915886,8.796537036915886,8.796537036915886,8.796537036915886,8.796537036915886,8.796537036915886,8.796537036915886,8.796537036915886,8.796537036915886,8.796537036915886,8.796537036915886,8.796537036915886,8.796537036915886,7.521669089450436,7.521669089450436,7.521669089450436,7.296803643000677,7.296803643000677,7.296803643000677,7.296803643000677,7.296803643000677,6.551337713270321,6.551337713270321,6.551337713270321,6.551337713270321,6.551337713270321,6.551337713270321,6.551337713270321,6.551337713270321,6.551337713270321,6.551337713270321,6.551337713270321,6.551337713270321,6.551337713270321,6.551337713270321,6.551337713270321,6.551337713270321,6.551337713270321,6.536685451661903,6.536685451661903,6.536685451661903,6.536685451661903,6.536685451661903,6.536685451661903,6.536685451661903,6.536685451661903,6.536685451661903,6.536685451661903,6.536685451661903,6.536685451661903,6.536685451661903,6.536685451661903,6.536685451661903,6.536685451661903,6.536685451661903,6.536685451661903,6.536685451661903,6.536685451661903,6.536685451661903,6.536685451661903,6.536685451661903,6.536685451661903,6.536685451661903,6.536685451661903,6.536685451661903,6.536685451661903,6.536685451661903,6.536685451661903,6.536685451661903,6.536685451661902,6.536685451661902,6.536685451661902,6.536685451661902,6.536685451661902,6.536685451661902,6.536685451661902,6.536685451661902,6.536685451661902,6.536685451661902,6.536685451661902,6.536685451661902,6.536685451661902,6.536685451661902,6.536685451661902,6.536685451661902,6.536685451661902,6.536685451661902,6.536685451661902,6.536685451661902,6.536685451661902,6.536685451661902,6.536685451661902,6.536685451661902,6.536685451661902,6.536685451661902,6.536685451661902,6.536685451661902,6.536685451661902,6.536685451661902,6.536685451661902,6.536685451661902,6.536685451661902,6.536685451661902,6.536685451661902,6.536685451661902,6.536685451661902,6.536685451661902,6.536685451661902,6.536685451661902,6.536685451661902,6.536685451661902,6.536685451661902,6.536685451661902,6.536685451661902,6.536685451661902,6.536685451661902,6.536685451661902,6.536685451661902,6.536685451661902,6.536685451661902,6.536685451661902,6.536685451661902,6.536685451661902,6.536685451661902,6.536685451661902,6.536685451661902,6.536685451661902,6.536685451661902,6.536685451661902,6.536685451661902,6.536685451661902,6.536685451661902,6.536685451661902,6.536685451661902,6.536685451661902,6.536685451661902,6.536685451661902,6.536685451661902,6.536685451661902,6.536685451661902,6.536685451661902,6.536685451661902,6.536685451661902,6.536685451661902,6.536685451661902,6.536685451661902,6.536685451661902,6.536685451661902,6.536685451661902,6.536685451661902,6.536685451661902,6.536685451661902,6.536685451661902,6.536685451661902,6.536685451661902,6.536685451661902,6.536685451661902,6.536685451661902,6.536685451661902,6.536685451661902,6.536685451661902,6.536685451661902,6.536685451661902,6.536685451661902,6.536685451661902,6.536685451661902,6.536685451661902,6.536685451661902,6.536685451661902,6.536685451661902,6.536685451661902,6.536685451661902,6.536685451661902,6.536685451661902,6.536685451661902,6.536685451661902,6.536685451661902,6.536685451661902,6.536685451661902,6.536685451661902,6.536685451661902,6.536685451661902,6.536685451661902,6.536685451661902,6.536685451661902,6.536685451661902,6.536685451661902,6.536685451661902,6.536685451661902,6.536685451661902,6.536685451661902,6.536685451661902,6.536685451661902,6.536685451661902,6.536685451661902,6.536685451661902,6.536685451661902,6.536685451661902,6.536685451661902,6.536685451661902,6.536685451661902,6.536685451661902,6.536685451661902,6.536685451661902,6.536685451661902,6.536685451661902,6.536685451661902,6.536685451661902,6.536685451661902,6.536685451661902,6.536685451661902,6.536685451661902,6.536685451661902,6.536685451661902,5.22800848874062,5.22800848874062,5.22800848874062,5.22800848874062,5.22800848874062,5.22800848874062,5.22800848874062,5.22800848874062,5.22800848874062,5.22800848874062,5.021922314503138,5.021922314503138,5.021922314503138,5.021922314503138,5.021922314503138,5.021922314503138,5.021922314503138,5.021922314503138,5.021922314503138,5.021922314503138,5.021922314503138,5.021922314503138,5.021922314503138,5.021922314503138,5.021922314503138,5.021922314503138,5.021922314503138,5.021922314503138,5.021922314503138,5.021922314503138,5.021922314503138,5.021922314503138,5.021922314503138,5.021922314503138,5.021922314503138,5.021922314503138,5.021922314503138,5.021922314503138,5.021922314503138,5.021922314503138,5.021922314503138,5.021922314503138,5.021922314503138,5.021922314503138,5.021922314503138,5.021922314503138,5.021922314503138,5.021922314503138,5.021922314503138,5.021922314503138,5.021922314503138,5.021922314503138,5.021922314503138,5.021922314503138,5.021922314503138,5.021922314503138,5.021922314503138,5.021922314503138,5.021922314503138,5.021922314503138,5.021922314503138,5.021922314503138,5.021922314503138,5.021922314503138,5.021922314503138,5.021922314503138,5.021922314503138,5.021922314503138,5.021922314503138,5.021922314503138,5.021922314503138,5.021922314503138,5.021922314503138,5.021922314503138,5.021922314503138,5.021922314503138,5.021922314503138,5.021922314503138,5.021922314503138,5.021922314503138,5.021922314503138,5.021922314503138,5.021922314503138,5.021922314503138,5.021922314503138,5.021922314503138,5.021922314503138,5.021922314503138,5.021922314503138,5.021922314503138,5.021922314503138,5.021922314503138,5.021922314503138,5.021922314503138,5.021922314503138,5.021922314503138,5.021922314503138,5.021922314503138,5.021922314503138,5.021922314503138,5.021922314503138,5.021922314503138,5.021922314503138,5.021922314503138,5.021922314503138,5.021922314503138,5.021922314503138,5.021922314503138,5.021922314503138,5.021922314503138,5.021922314503138,5.021922314503138,5.021922314503138,5.021922314503138,5.021922314503138,5.021922314503138,5.021922314503138,5.021922314503138,5.021922314503138,5.021922314503138,5.021922314503138,5.021922314503138,5.021922314503138,5.021922314503138,5.021922314503138,5.021922314503138,5.021922314503138,5.021922314503138,5.021922314503138,5.021922314503138,5.021922314503138,5.021922314503138,5.021922314503138,5.021922314503138,5.021922314503138,5.021922314503138,5.021922314503138,5.021922314503138,5.021922314503138,5.021922314503138,5.021922314503138,5.021922314503138,5.021922314503138,5.021922314503138,5.021922314503138,5.021922314503138,5.021922314503138,5.021922314503138,5.021922314503138,5.021922314503138,5.021922314503138,5.021922314503138,5.021922314503138,5.021922314503138,5.021922314503138,5.021922314503138,5.021922314503138,5.021922314503138,5.021922314503138,5.021922314503138,5.021922314503138,5.021922314503138,5.021922314503138,5.021922314503138,5.021922314503138,5.021922314503138,5.021922314503138,5.021922314503138,5.021922314503138,5.021922314503138,5.021922314503138,5.021922314503138,5.021922314503138,5.021922314503138,5.021922314503138,5.021922314503138,5.021922314503138,5.021922314503138,5.021922314503138,5.021922314503138,5.021922314503138,5.021922314503138,5.021922314503138,5.021922314503138,5.021922314503138,5.021922314503138,5.021922314503138,5.021922314503138,5.021922314503138,5.021922314503138,5.021922314503138,5.021922314503138,5.021922314503138,5.021922314503138,5.021922314503138,5.021922314503138,5.021922314503138,5.021922314503138,5.021922314503138,5.021922314503138,5.021922314503138,5.021922314503138,5.021922314503138,5.021922314503138,5.021922314503138,5.021922314503138,5.021922314503138,5.021922314503138,5.021922314503138,5.021922314503138,5.021922314503138,5.021922314503138,5.021922314503138,5.021922314503138,5.021922314503138,5.021922314503138,5.021922314503138,5.021922314503138,5.021922314503138,5.021922314503138,5.021922314503138,5.021922314503138,5.021922314503138,5.021922314503138,5.021922314503138,5.021922314503138,5.021922314503138,5.021922314503138,5.021922314503138,5.021922314503138,5.021922314503138,5.021922314503138,5.021922314503138,5.021922314503138,5.021922314503138,5.021922314503138,5.021922314503138,5.021922314503138,5.021922314503138,5.021922314503138,5.021922314503138,5.021922314503138,5.021922314503138,5.021922314503138,5.021922314503138,5.021922314503138,5.021922314503138,5.021922314503138,5.021922314503138,5.021922314503138,5.021922314503138,5.021922314503138,5.021922314503138,5.021922314503138,5.021922314503138,5.021922314503138,5.021922314503138,5.021922314503138,5.021922314503138,5.021922314503138,5.021922314503138,5.021922314503138,5.021922314503138,5.021922314503138,5.021922314503138,5.021922314503138,5.021922314503138,5.021922314503138,5.021922314503138,5.021922314503138,5.021922314503138,5.021922314503138,5.021922314503138,5.021922314503138,5.021922314503138,5.021922314503138,5.021922314503138,5.021922314503138,5.021922314503138,5.021922314503138,5.021922314503138,5.021922314503138,5.021922314503138,5.021922314503138,5.021922314503138,5.021922314503138,5.021922314503138,5.021922314503138,5.021922314503138,5.021922314503138,5.021922314503138,5.021922314503138,5.021922314503138,5.021922314503138,5.021922314503138,5.021922314503138,5.021922314503138,5.021922314503138,5.021922314503138,5.021922314503138,5.021922314503138,5.021922314503138,5.021922314503138,5.021922314503138,5.021922314503138,5.021922314503138,5.021922314503138,5.021922314503138,5.021922314503138,5.021922314503138,5.021922314503138,5.021922314503138,5.021922314503138,5.021922314503138,5.021922314503138,5.021922314503138,5.021922314503138,5.021922314503138,5.021922314503138,5.021922314503138,5.021922314503138,5.021922314503138,5.021922314503138,5.021922314503138,5.021922314503138,5.021922314503138,5.021922314503138,5.021922314503138,5.021922314503138,5.021922314503138,5.021922314503138,5.021922314503138,5.021922314503138,5.021922314503138,5.021922314503138,5.021922314503138,5.021922314503138,5.021922314503138,5.021922314503138,5.021922314503138,5.021922314503138,5.021922314503138,5.021922314503138,5.021922314503138,5.021922314503138,5.021922314503138,5.021922314503138,5.021922314503138,5.021922314503138,5.021922314503138,5.021922314503138,5.021922314503138,5.021922314503138,5.021922314503138,5.021922314503138,5.021922314503138,5.021922314503138,5.021922314503138,5.021922314503138,5.021922314503138,5.021922314503138,5.021922314503138,5.021922314503138,5.021922314503138,5.021922314503138,5.021922314503138,5.021922314503138,5.021922314503138,5.021922314503138,5.021922314503138,5.021922314503138,5.021922314503138,5.021922314503138,5.021922314503138,5.021922314503138,5.021922314503138,5.021922314503138,5.021922314503138,5.021922314503138,5.021922314503138,5.021922314503138,5.021922314503138,5.021922314503138,5.021922314503138,5.021922314503138,5.021922314503138,5.021922314503138,5.021922314503138,5.021922314503138,5.021922314503138,5.021922314503138,5.021922314503138,5.021922314503138,5.021922314503138,5.021922314503138,5.021922314503138,5.021922314503138,5.021922314503138,5.021922314503138,5.021922314503138,5.021922314503138,5.021922314503138,5.021922314503138,5.021922314503138,5.021922314503138,5.021922314503138,5.021922314503138,5.021922314503138,5.021922314503138,5.021922314503138,5.021922314503138,5.021922314503138,5.021922314503138,5.021922314503138,5.021922314503138,5.021922314503138,5.021922314503138,5.021922314503138,5.021922314503138,5.021922314503138,5.021922314503138,5.021922314503138,5.021922314503138,5.021922314503138,5.021922314503138,5.021922314503138,5.021922314503138,5.021922314503138,5.021922314503138,5.021922314503138,5.021922314503138,5.021922314503138,5.021922314503138,5.021922314503138,5.021922314503138,5.021922314503138,5.021922314503138,5.021922314503138,5.021922314503138,5.021922314503138,5.021922314503138,5.021922314503138,5.021922314503138,5.021922314503138,5.021922314503138,5.021922314503138,5.021922314503138,5.021922314503138,5.021922314503138,5.021922314503138,5.021922314503138,5.021922314503138,5.021922314503138,5.021922314503138,5.021922314503138,5.021922314503138,5.021922314503138,5.021922314503138,5.021922314503138,5.021922314503138,5.021922314503138,5.021922314503138,5.021922314503138,5.021922314503138,5.021922314503138,5.021922314503138,5.021922314503138,5.021922314503138,5.021922314503138,5.021922314503138,5.021922314503138,5.021922314503138,5.021922314503138,5.021922314503138,5.021922314503138,5.021922314503138,5.021922314503138,5.021922314503138,5.021922314503138,5.021922314503138,5.021922314503138,5.021922314503138,5.021922314503138,5.021922314503138,5.021922314503138,5.021922314503138,5.021922314503138,5.021922314503138,5.021922314503138,5.021922314503138,5.021922314503138,5.021922314503138,5.021922314503138,5.021922314503138,5.021922314503138,5.021922314503138,5.021922314503138,5.021922314503138,5.021922314503138,5.021922314503138,5.021922314503138,5.021922314503138,5.021922314503138,5.021922314503138,5.021922314503138,5.021922314503138,5.021922314503138,5.021922314503138,5.021922314503138,5.021922314503138,5.021922314503138,5.021922314503138,5.021922314503138,5.021922314503138,5.021922314503138,5.021922314503138,5.021922314503138,5.021922314503138,5.021922314503138,5.021922314503138,5.021922314503138,5.021922314503138,5.021922314503138,5.021922314503138,5.021922314503138,5.021922314503138,5.021922314503138,5.021922314503138,5.021922314503138,5.021922314503138,5.021922314503138,5.021922314503138,5.021922314503138,5.021922314503138,5.021922314503138,5.021922314503138,5.021922314503138,5.021922314503138,5.021922314503138,5.021922314503138,5.021922314503138,5.021922314503138,5.021922314503138,5.021922314503138,5.021922314503138,5.021922314503138,5.021922314503138,5.021922314503138,5.021922314503138,5.021922314503138,5.021922314503138,5.021922314503138,5.021922314503138,5.021922314503138,5.021922314503138,5.021922314503138,5.021922314503138,5.021922314503138,5.021922314503138,5.021922314503138,5.021922314503138,5.021922314503138,5.021922314503138,5.021922314503138,5.021922314503138,5.021922314503138,5.021922314503138,5.021922314503138,5.021922314503138,5.021922314503138,5.021922314503138,5.021922314503138,5.021922314503138,5.021922314503138,5.021922314503138,5.021922314503138,5.021922314503138,5.021922314503138,5.021922314503138,5.021922314503138,5.021922314503138,5.021922314503138,5.021922314503138,5.021922314503138,5.021922314503138,5.021922314503138,5.021922314503138,5.021922314503138,5.021922314503138,5.021922314503138,5.021922314503138,5.021922314503138,5.021922314503138,5.021922314503138,5.021922314503138,5.021922314503138,5.021922314503138,5.021922314503138,5.021922314503138,5.021922314503138,5.021922314503138,5.021922314503138,5.021922314503138,5.021922314503138,5.021922314503138,5.021922314503138,5.021922314503138,5.021922314503138,5.021922314503138,5.021922314503138,5.021922314503138,5.021922314503138,5.021922314503138,5.021922314503138,5.021922314503138,5.021922314503138,5.021922314503138,5.021922314503138,5.021922314503138,5.021922314503138,5.021922314503138,5.021922314503138,5.021922314503138,5.021922314503138,5.021922314503138,5.021922314503138,5.021922314503138,5.021922314503138,5.021922314503138,5.021922314503138,5.021922314503138,5.021922314503138,5.021922314503138,5.021922314503138,5.021922314503138,5.021922314503138,5.021922314503138,5.021922314503138,5.021922314503138,5.021922314503138,5.021922314503138,5.021922314503138,5.021922314503138,5.021922314503138,5.021922314503138,5.021922314503138,5.021922314503138,5.021922314503138,5.021922314503138,5.021922314503138,5.021922314503138,5.021922314503138,5.021922314503138,5.021922314503138,5.021922314503138,5.021922314503138,5.021922314503138,5.021922314503138,5.021922314503138,5.021922314503138,5.021922314503138,5.021922314503138,5.021922314503138,5.021922314503138,5.021922314503138,5.021922314503138,5.021922314503138,5.021922314503138,5.021922314503138,5.021922314503138,5.021922314503138,5.021922314503138,5.021922314503138,5.021922314503138,5.021922314503138,5.021922314503138,5.021922314503138,5.021922314503138,5.021922314503138,5.021922314503138,5.021922314503138,5.021922314503138,5.021922314503138,5.021922314503138,5.021922314503138,5.021922314503138,5.021922314503138,5.021922314503138,5.021922314503138,5.021922314503138,5.021922314503138,5.021922314503138,5.021922314503138,5.021922314503138,5.021922314503138,5.021922314503138,5.021922314503138,5.021922314503138,5.021922314503138,5.021922314503138,5.021922314503138,5.021922314503138,5.021922314503138,8.477789746013636,8.477789746013636,8.444357014431988,7.984420523036104,7.923641354730354,7.866781970605814,7.866781970605814,7.866781970605814,7.866781970605814,7.866781970605814,7.866781970605814,7.866781970605814,7.866781970605814,7.866781970605814,7.5871557248522485,7.5871557248522485,7.5871557248522485,7.5871557248522485,7.5871557248522485,7.5871557248522485,7.5871557248522485,7.5739466971390375,7.5739466971390375,7.5739466971390375,7.5739466971390375,7.5739466971390375,7.5739466971390375,7.5739466971390375,7.5739466971390375,7.5739466971390375,7.5739466971390375,7.5739466971390375,7.5739466971390375,7.5739466971390375,7.5739466971390375,7.5739466971390375,7.5739466971390375,7.5739466971390375,7.5739466971390375,7.5739466971390375,7.5739466971390375,7.5739466971390375,7.5739466971390375,7.5739466971390375,7.5739466971390375,7.5739466971390375,7.5739466971390375,7.5739466971390375,7.5739466971390375,7.5739466971390375,7.5739466971390375,7.5670131688803846,7.5670131688803846,7.5670131688803846,7.5670131688803846,7.5670131688803846,7.5670131688803846,7.530840528232883,7.530840528232883,7.530840528232883,7.530840528232883,7.530840528232883,7.530840528232883,7.530840528232883,7.530840528232883,7.530840528232883,7.530840528232883,7.530840528232883,7.530840528232883,7.530840528232883,7.530840528232883,7.530840528232883,7.530840528232883,7.530840528232883,7.530840528232883,7.530840528232883,7.530840528232883,7.530840528232883,7.530840528232883,7.530840528232883,7.530840528232883,7.530840528232883,7.530840528232883,7.530840528232883,7.530840528232883,7.530840528232883,7.530840528232883,7.530840528232883,7.530840528232883,7.530840528232883,7.530840528232883,7.530840528232883,7.530840528232883,7.530840528232883,7.530840528232883,7.530840528232883,7.530840528232883,7.530840528232883,7.530840528232883,7.530840528232883,7.530840528232883,7.530840528232883,7.530840528232883,7.530840528232883,7.530840528232883,7.530840528232883,7.530840528232883,7.530840528232883,7.530840528232883,7.530840528232883,7.530840528232883,7.530840528232883,7.530840528232883,7.530840528232883,7.530840528232883,7.530840528232883,7.530840528232883,7.530840528232883,7.530840528232883,7.530840528232883,7.530840528232883,7.530840528232883,7.530840528232883,7.530840528232883,7.530840528232883,7.530840528232883,7.530840528232883,7.530840528232883,7.530840528232883,7.530840528232883,7.530840528232883,7.530840528232883,7.530840528232883,7.530840528232883,7.530840528232883,7.530840528232883,7.530840528232883,7.530840528232883,7.530840528232883,7.530840528232883,7.530840528232883,7.530840528232883,7.530840528232883,7.530840528232883,7.530840528232883,7.530840528232883,7.530840528232883,7.530840528232883,7.530840528232883,7.530840528232883,7.530840528232883,7.530840528232883,7.530840528232883,7.530840528232883,7.530840528232883,7.530840528232883,7.530840528232883,7.530840528232883,7.530840528232883,7.530840528232883,7.530840528232883,7.530840528232883,7.530840528232883,7.530840528232883,7.530840528232883,7.530840528232883,7.530053294641263,7.530053294641263,7.530053294641263,7.530053294641263,7.530053294641263,7.530053294641263,7.530053294641263,7.530053294641263,7.530053294641263,7.530053294641263,7.530053294641263,7.530053294641263,7.530053294641263,7.530053294641263,7.530053294641263,7.530053294641263,7.530053294641263,7.530053294641263,7.530053294641263,7.530053294641263,7.530053294641263,7.530053294641263,7.530053294641263,7.530053294641263,7.530053294641263,7.530053294641263,7.530053294641263,7.530053294641263,7.530053294641263,7.530053294641263,7.530053294641263,7.530053294641263,7.530053294641263,7.530053294641263,7.530053294641263,7.530053294641263,7.530053294641263,7.530053294641263,7.530053294641263,7.530053294641263,7.530053294641263,7.530053294641263,7.530053294641263,7.530053294641263,7.530053294641263,7.530053294641263,7.530053294641263,7.530053294641263,7.530053294641263,7.530053294641263,7.530053294641263,7.530053294641263,7.530053294641263,7.530053294641263,7.530053294641263,7.530053294641263,7.530053294641263,7.530053294641263,7.530053294641263,7.530053294641263,7.530053294641263,7.530053294641263,7.530053294641263,7.530053294641263,7.530053294641263,7.530053294641263,7.530053294641263,7.530053294641263,7.530053294641263,7.530053294641263,7.530053294641263,7.530053294641263,7.530053294641263,7.530053294641263,7.530053294641263,7.530053294641263,7.530053294641263,7.530053294641263,7.530053294641263,7.530053294641263,7.530053294641263,7.530053294641263,7.530053294641263,7.530053294641263,7.530053294641263,7.530053294641263,7.530053294641263,7.530053294641263,7.530053294641263,7.530053294641263,7.530053294641263,7.530053294641263,7.530053294641263,7.530053294641263,7.530053294641263,7.530053294641263,7.530053294641263,7.530053294641263,7.530053294641263,7.530053294641263,7.530053294641263,7.530053294641263,7.530053294641263,7.530053294641263,7.530053294641263,7.530053294641263,7.530053294641263,7.530053294641263,7.530053294641263,7.530053294641263,7.530053294641263,7.530053294641263,7.530053294641263,7.530053294641263,7.530053294641263,7.530053294641263,7.530053294641263,7.530053294641263,7.530053294641263,7.530053294641263,7.530053294641263,7.530053294641263,7.530053294641263,7.530053294641263,7.530053294641263,7.530053294641263,7.530053294641263,7.530053294641263,7.530053294641263,7.530053294641263,7.530053294641263,7.530053294641263,7.530053294641263,7.530053294641263,7.530053294641263,7.530053294641263,7.530053294641263,7.530053294641263,7.530053294641263,7.530053294641263,7.530053294641263,7.530053294641263,7.530053294641263,7.530053294641263,7.530053294641263,7.530053294641263,7.530053294641263,7.530053294641263,7.530053294641263,7.530053294641263,7.530053294641263,6.694731731683115,6.446248748528522,6.446248748528522,6.446248748528522,6.446248748528522,6.380453173899617,6.380453173899617,6.367254207287979,6.367254207287979,6.367254207287979,6.367254207287979,6.367254207287979,6.367254207287979,6.166532554156841,6.166532554156841,6.166532554156841,5.3411828006862665,5.3411828006862665,5.3411828006862665,5.3411828006862665,5.3411828006862665,5.3411828006862665,5.3411828006862665,5.3411828006862665,5.3411828006862665,5.3411828006862665,5.3411828006862665,5.3411828006862665,5.3411828006862665,5.3411828006862665,5.3411828006862665,5.3411828006862665,5.3411828006862665,5.3411828006862665,5.3411828006862665,5.3411828006862665,5.3411828006862665,5.3411828006862665,5.3411828006862665,5.3411828006862665,5.3411828006862665,5.3411828006862665,5.3411828006862665,5.3411828006862665,5.3411828006862665,5.3411828006862665,5.3411828006862665,5.3411828006862665,5.3411828006862665,5.3411828006862665,5.3411828006862665,5.3411828006862665,5.3411828006862665,5.3411828006862665,5.3411828006862665,5.3411828006862665,5.3411828006862665,5.3411828006862665,5.3411828006862665,5.3411828006862665,5.3411828006862665,5.3411828006862665,5.3411828006862665,5.3411828006862665,5.3411828006862665,5.3411828006862665,5.3411828006862665,5.3411828006862665,5.3411828006862665,5.3411828006862665,5.3411828006862665,5.3411828006862665,5.3411828006862665,5.3411828006862665,5.3411828006862665,5.3411828006862665,5.3411828006862665,5.3411828006862665,5.3411828006862665,5.3411828006862665,5.3411828006862665,5.3411828006862665,5.3411828006862665,5.3411828006862665,5.3411828006862665,5.3411828006862665,5.3411828006862665,5.3411828006862665,5.3411828006862665,5.3411828006862665,5.3411828006862665,5.3411828006862665,5.3411828006862665,5.3411828006862665,5.3411828006862665,5.3411828006862665,5.3411828006862665,5.3411828006862665,5.3411828006862665,5.3411828006862665,5.3411828006862665,5.3411828006862665,5.3411828006862665,5.3411828006862665,5.3411828006862665,5.3411828006862665,5.3411828006862665,5.3411828006862665,5.3411828006862665,5.3411828006862665,5.3411828006862665,5.3411828006862665,5.3411828006862665,5.3411828006862665,5.3411828006862665,5.3411828006862665,5.3411828006862665,5.3411828006862665,5.3411828006862665,5.3411828006862665,5.3411828006862665,5.3411828006862665,5.3411828006862665,5.3411828006862665,5.3411828006862665,5.3411828006862665,5.3411828006862665,5.3411828006862665,5.3411828006862665,5.3411828006862665,5.3411828006862665,5.3411828006862665,5.3411828006862665,5.3411828006862665,5.3411828006862665,5.3411828006862665,5.3411828006862665,5.3411828006862665,5.3411828006862665,5.3411828006862665,5.3411828006862665,5.3411828006862665,5.3411828006862665,5.3411828006862665,5.3411828006862665,5.3411828006862665,5.3411828006862665,5.3411828006862665,5.3411828006862665,5.3411828006862665,5.3411828006862665,5.3411828006862665,5.3411828006862665,5.3411828006862665,5.3411828006862665,5.3411828006862665,5.3411828006862665,5.3411828006862665,5.3411828006862665,5.3411828006862665,5.3411828006862665,5.3411828006862665,5.3411828006862665,5.3411828006862665,5.3411828006862665,5.3411828006862665,5.3411828006862665,5.3411828006862665,5.3411828006862665,5.3411828006862665,5.3411828006862665,5.3411828006862665,5.3411828006862665,5.3411828006862665,5.3411828006862665,5.3411828006862665,5.3411828006862665,5.3411828006862665,5.3411828006862665,5.3411828006862665,5.3411828006862665,5.3411828006862665,5.3411828006862665,4.581868969142783,4.4631458915075015,4.4631458915075015,4.4631458915075015,4.4631458915075015,4.4631458915075015,4.4631458915075015,4.4631458915075015,4.4631458915075015,4.4631458915075015,4.4631458915075015,4.4631458915075015,4.4631458915075015,4.4631458915075015,4.4631458915075015,4.4631458915075015,4.4631458915075015,4.4631458915075015,4.4631458915075015,4.4631458915075015,4.4631458915075015,4.4631458915075015,4.4631458915075015,4.4631458915075015,4.4631458915075015,4.4631458915075015,4.4631458915075015,4.4631458915075015,4.4631458915075015,4.4631458915075015,4.4631458915075015,4.4631458915075015,4.4631458915075015,4.4631458915075015,4.4631458915075015,4.4631458915075015,4.4631458915075015,4.4631458915075015,4.4631458915075015,4.4631458915075015,4.4631458915075015,4.4631458915075015,4.4631458915075015,4.4631458915075015,4.4631458915075015,4.4631458915075015,4.4631458915075015,4.4631458915075015,4.4631458915075015,4.4631458915075015,4.4631458915075015,4.4631458915075015,4.4631458915075015,4.4631458915075015,4.4631458915075015,4.4631458915075015,4.4631458915075015,4.4631458915075015,4.4631458915075015,4.4631458915075015,4.4631458915075015,4.4631458915075015,4.4631458915075015,4.4631458915075015,4.4631458915075015,4.4631458915075015,4.4631458915075015,4.4631458915075015,4.4631458915075015,4.4631458915075015,4.4631458915075015,4.4631458915075015,4.4631458915075015,4.4631458915075015,4.4631458915075015,4.4631458915075015,4.4631458915075015,4.4631458915075015,4.4631458915075015,4.4631458915075015,4.4631458915075015,4.4631458915075015,4.4631458915075015,4.4631458915075015,4.4631458915075015,4.4631458915075015,4.4631458915075015,4.4631458915075015,4.4631458915075015,4.4631458915075015,4.4631458915075015,4.4631458915075015,4.4631458915075015,4.4631458915075015,4.4631458915075015,4.4631458915075015,4.4631458915075015,4.4631458915075015,4.4631458915075015,4.4631458915075015,4.4631458915075015,4.4631458915075015,4.4631458915075015,4.4631458915075015,4.4631458915075015,4.4631458915075015,4.4631458915075015,4.4631458915075015,4.4631458915075015,4.4631458915075015,4.4631458915075015,4.4631458915075015,4.4631458915075015,4.4631458915075015,4.4631458915075015,4.4631458915075015,4.4631458915075015,4.4631458915075015,4.4631458915075015,4.4631458915075015,4.4631458915075015,4.4631458915075015,4.4631458915075015,4.4631458915075015,4.4631458915075015,4.4631458915075015,4.4631458915075015,4.4631458915075015,4.4631458915075015,4.4631458915075015,4.4631458915075015,4.4631458915075015,4.4631458915075015,4.4631458915075015,4.4631458915075015,4.4631458915075015,4.4631458915075015,4.4631458915075015,4.4631458915075015,4.4631458915075015,4.4631458915075015,4.4631458915075015,4.4631458915075015,4.4631458915075015,4.4631458915075015,4.4631458915075015,4.4631458915075015,4.4631458915075015,4.4631458915075015,4.4631458915075015,4.4631458915075015,4.4631458915075015,4.4631458915075015,4.4631458915075015,4.4631458915075015,4.4631458915075015,4.4631458915075015,4.4631458915075015,4.4631458915075015,4.4631458915075015,4.4631458915075015,4.4631458915075015,4.4631458915075015,4.4631458915075015,4.4631458915075015,4.4631458915075015,4.4631458915075015,4.4631458915075015,4.4631458915075015,4.4631458915075015,4.4631458915075015,4.4631458915075015,4.4631458915075015,4.4631458915075015,4.4631458915075015,4.4631458915075015,4.4631458915075015,4.4631458915075015,4.4631458915075015,4.4631458915075015,4.4631458915075015,4.4631458915075015,4.4631458915075015,4.4631458915075015,4.4631458915075015,4.4631458915075015,4.4631458915075015,4.4631458915075015,4.4631458915075015,4.4631458915075015,4.4631458915075015,4.4631458915075015,4.4631458915075015,4.4631458915075015,4.4631458915075015,4.4631458915075015,4.4631458915075015,4.4631458915075015,4.4631458915075015,4.4631458915075015,4.4631458915075015,4.4631458915075015,4.4631458915075015,4.4631458915075015,4.4631458915075015,4.4631458915075015,4.4631458915075015,4.4631458915075015,4.4631458915075015,4.4631458915075015,4.4631458915075015,4.4631458915075015,4.4631458915075015,4.4631458915075015,4.4631458915075015,4.4631458915075015,4.4631458915075015,4.4631458915075015,4.4631458915075015,4.4631458915075015,4.4631458915075015,4.4631458915075015,4.4631458915075015,4.4631458915075015,4.4631458915075015,4.4631458915075015,4.4631458915075015,4.4631458915075015,4.4631458915075015,4.4631458915075015,4.4631458915075015,4.4631458915075015,4.4631458915075015,4.4631458915075015,4.4631458915075015,4.4631458915075015,4.4631458915075015,4.4631458915075015,4.4631458915075015,4.4631458915075015,4.4631458915075015,4.4631458915075015,4.4631458915075015,4.4631458915075015,4.4631458915075015,4.4631458915075015,4.4631458915075015,4.4631458915075015,4.4631458915075015,4.4631458915075015,4.4631458915075015,4.4631458915075015,4.4631458915075015,4.4631458915075015,4.4631458915075015,4.4631458915075015,4.4631458915075015,4.4631458915075015,4.4631458915075015,4.4631458915075015,4.4631458915075015,4.4631458915075015,4.4631458915075015,4.4631458915075015,4.4631458915075015,4.4631458915075015,4.4631458915075015,4.4631458915075015,4.4631458915075015,4.4631458915075015,4.4631458915075015,4.4631458915075015,4.4631458915075015,4.4631458915075015,4.4631458915075015,4.4631458915075015,4.4631458915075015,4.4631458915075015,4.4631458915075015,4.4631458915075015,4.4631458915075015,4.4631458915075015,4.4631458915075015,4.4631458915075015,4.4631458915075015,4.4631458915075015,4.4631458915075015,4.4631458915075015,4.4631458915075015,4.4631458915075015,4.4631458915075015,4.4631458915075015,4.4631458915075015,4.4631458915075015,4.4631458915075015,4.4631458915075015,4.4631458915075015,4.4631458915075015,4.4631458915075015,4.4631458915075015,4.4631458915075015,4.4631458915075015,4.4631458915075015,4.4631458915075015,4.4631458915075015,4.4631458915075015,4.4631458915075015,4.4631458915075015,4.4631458915075015,4.4631458915075015,4.4631458915075015,4.4631458915075015,4.4631458915075015,4.4631458915075015,4.4631458915075015,4.4631458915075015,4.4631458915075015,4.4631458915075015,4.4631458915075015,4.4631458915075015,4.4631458915075015,4.4631458915075015,4.4631458915075015,4.4631458915075015,4.4631458915075015,4.4631458915075015,4.4631458915075015,4.4631458915075015,4.4631458915075015,4.4631458915075015,4.4631458915075015,4.4631458915075015,4.4631458915075015,4.4631458915075015,4.4631458915075015,4.4631458915075015,4.4631458915075015,4.4631458915075015,4.4631458915075015,4.4631458915075015,4.4631458915075015,4.4631458915075015,4.4631458915075015,4.4631458915075015,4.4631458915075015,4.4631458915075015,4.4631458915075015,4.4631458915075015,4.4631458915075015,4.4631458915075015,4.4631458915075015,4.4631458915075015,4.4631458915075015,4.4631458915075015,4.4631458915075015,4.4631458915075015,4.4631458915075015,4.4631458915075015,4.4631458915075015,4.4631458915075015,4.4631458915075015,4.4631458915075015,4.4631458915075015,4.4631458915075015,4.4631458915075015,4.4631458915075015,4.4631458915075015,4.4631458915075015,4.4631458915075015,4.4631458915075015,4.4631458915075015,4.4631458915075015,4.4631458915075015,4.4631458915075015,4.4631458915075015,4.4631458915075015,4.4631458915075015,4.4631458915075015,4.4631458915075015,4.4631458915075015,4.4631458915075015,4.4631458915075015,4.4631458915075015,4.4631458915075015,4.4631458915075015,4.4631458915075015,4.4631458915075015,4.4631458915075015,4.4631458915075015,4.4631458915075015,4.4631458915075015,4.4631458915075015,4.4631458915075015,4.4631458915075015,4.4631458915075015,4.4631458915075015,4.4631458915075015,4.4631458915075015,4.4631458915075015,4.4631458915075015,4.4631458915075015,4.4631458915075015,4.4631458915075015,4.4631458915075015,4.4631458915075015,4.4631458915075015,4.4631458915075015,4.4631458915075015,4.4631458915075015,4.4631458915075015,4.4631458915075015,4.4631458915075015,4.4631458915075015,4.4631458915075015,4.4631458915075015,4.4631458915075015,4.4631458915075015,4.4631458915075015,4.4631458915075015,4.4631458915075015,4.4631458915075015,4.4631458915075015,4.4631458915075015,4.4631458915075015,4.4631458915075015,4.4631458915075015,4.4631458915075015,4.4631458915075015,4.4631458915075015,4.4631458915075015,4.4631458915075015,4.4631458915075015,4.4631458915075015,4.4631458915075015,4.4631458915075015,4.4631458915075015,4.4631458915075015,4.4631458915075015,4.4631458915075015,4.4631458915075015,4.4631458915075015,4.4631458915075015,4.4631458915075015,4.4631458915075015,4.4631458915075015,4.4631458915075015,4.4631458915075015,4.4631458915075015,4.4631458915075015,4.4631458915075015,4.4631458915075015,4.4631458915075015,4.4631458915075015,4.4631458915075015,4.4631458915075015,4.4631458915075015,4.4631458915075015,4.4631458915075015,4.4631458915075015,4.4631458915075015,4.4631458915075015,4.4631458915075015,4.4631458915075015,4.4631458915075015,4.4631458915075015,4.4631458915075015,4.4631458915075015,4.4631458915075015,4.4631458915075015,4.4631458915075015,4.4631458915075015,4.4631458915075015,4.4631458915075015,4.4631458915075015,4.4631458915075015,4.4631458915075015,4.4631458915075015,4.4631458915075015,4.4631458915075015,4.4631458915075015,4.4631458915075015,4.4631458915075015,4.4631458915075015,4.4631458915075015,4.4631458915075015,4.4631458915075015,4.4631458915075015,4.4631458915075015,4.4631458915075015,4.4631458915075015,4.4631458915075015,4.4631458915075015,4.4631458915075015,4.4631458915075015,4.4631458915075015,4.4631458915075015,4.4631458915075015,4.4631458915075015,4.4631458915075015,4.4631458915075015,6.610429383923569,6.610429383923569,6.610429383923569,6.610429383923569,6.610429383923569,6.610429383923569,6.610429383923569,6.610429383923569,6.610429383923569,6.610429383923569,6.610429383923569,6.610429383923569,6.610429383923569,6.610429383923569,6.610429383923569,6.5078816943511075,6.5078816943511075,6.5078816943511075,6.5078816943511075,6.5078816943511075,6.5078816943511075,6.5078816943511075,6.5078816943511075,6.5078816943511075,6.5078816943511075,6.5078816943511075,6.5078816943511075,6.5078816943511075,6.5078816943511075,6.5078816943511075,6.5078816943511075,6.5078816943511075,6.5078816943511075,6.5078816943511075,6.5078816943511075,6.5078816943511075,6.5078816943511075,6.5078816943511075,6.481332948746637,6.481332948746637,6.481332948746637,6.481332948746637,6.481332948746637,6.481332948746637,6.481332948746637,6.481332948746637,6.481332948746637,6.481332948746637,6.481332948746637,6.481332948746637,6.481332948746637,6.481332948746637,6.481332948746637,6.481332948746637,6.481332948746637,6.481332948746637,6.481332948746637,6.481332948746637,6.481332948746637,6.481332948746637,6.481332948746637,6.481332948746637,6.481332948746637,6.481332948746637,6.481332948746637,6.481332948746637,6.481332948746637,6.481332948746637,6.481332948746637,6.481332948746637,6.481332948746637,6.481332948746637,6.481332948746637,6.481332948746637,6.481332948746637,6.481332948746637,6.481332948746637,6.481332948746637,6.481332948746637,6.481332948746637,6.481332948746637,6.481332948746637,6.481332948746637,6.481332948746637,6.481332948746637,6.481332948746637,6.481332948746637,6.481332948746637,6.481332948746637,6.481332948746637,6.481332948746637,6.481332948746637,6.481332948746637,6.481332948746637,6.481332948746637,6.481332948746637,5.755492086297281,4.781332964630661,4.781332964630661,4.52294681637749,4.52294681637749,4.52294681637749,4.52294681637749,4.52294681637749,4.52294681637749,4.52294681637749,4.52294681637749,4.52294681637749,4.52294681637749,4.52294681637749,4.52294681637749,4.52294681637749,4.52294681637749,4.52294681637749,4.52294681637749,4.52294681637749,4.52294681637749,4.52294681637749,4.52294681637749,4.52294681637749,4.52294681637749,4.52294681637749,4.52294681637749,4.52294681637749,4.52294681637749,4.52294681637749,4.52294681637749,4.52294681637749,4.52294681637749,4.52294681637749,4.52294681637749,4.52294681637749,4.52294681637749,4.52294681637749,4.52294681637749,4.52294681637749,4.52294681637749,4.52294681637749,4.52294681637749,4.52294681637749,4.384403985656374,4.384403985656374,4.384403985656374,4.384403985656374,4.384403985656374,4.384403985656374,4.36931742998162,4.36931742998162,4.36931742998162,4.36931742998162,4.36931742998162,4.36931742998162,4.36931742998162,4.36931742998162,4.36931742998162,4.36931742998162,4.36931742998162,4.36931742998162,4.36931742998162,4.36931742998162,4.36931742998162,4.36931742998162,4.36931742998162,4.36931742998162,4.36931742998162,4.36931742998162,4.36931742998162,4.36931742998162,4.36931742998162,4.36931742998162,4.36931742998162,4.36931742998162,4.36931742998162,4.36931742998162,4.36931742998162,4.36931742998162,4.36931742998162,4.36931742998162,4.36931742998162,4.36931742998162,4.36931742998162,4.352519179542289,4.352519179542289,4.352519179542289,4.352519179542289,4.352519179542289,4.352519179542289,4.352519179542289,4.352519179542289,4.352519179542289,4.352519179542289,4.352519179542289,4.352519179542289,4.352519179542289,4.352519179542289,4.352519179542289,4.352519179542289,4.352519179542289,4.352519179542289,4.352519179542289,4.352519179542289,4.352519179542289,4.352519179542289,4.352519179542289,4.352519179542289,4.352519179542289,4.352519179542289,4.352519179542289,4.352519179542289,4.352519179542289,4.352519179542289,4.352519179542289,4.352519179542289,4.352519179542289,4.352519179542289,4.352519179542289,4.352519179542289,4.352519179542289,4.352519179542289,4.352519179542289,4.352519179542289,4.352519179542289,4.352519179542289,4.352519179542289,4.352519179542289,4.352519179542289,4.352519179542289,4.352519179542289,4.352519179542289,4.352519179542289,4.352519179542289,4.352519179542289,4.352519179542289,4.352519179542289,4.352519179542289,4.352519179542289,4.352519179542289,4.352519179542289,4.352519179542289,4.352519179542289,4.352519179542289,4.352519179542289,4.352519179542289,4.352519179542289,4.352519179542289,4.352519179542289,4.352519179542289,4.352519179542289,4.352519179542289,4.352519179542289,4.352519179542289,4.352519179542289,4.352519179542289,4.352519179542289,4.352519179542289,4.352519179542289,4.352519179542289,4.352519179542289,4.352519179542289,4.352519179542289,4.352519179542289,4.352519179542289,4.352519179542289,4.352519179542289,4.352519179542289,4.352519179542289,4.352519179542289,4.352519179542289,4.352519179542289,4.352519179542289,4.352519179542289,4.352519179542289,4.352519179542289,4.352519179542289,4.352519179542289,4.352519179542289,4.352519179542289,4.352519179542289,4.352519179542289,4.352519179542289,4.352519179542289,4.352519179542289,4.352519179542289,4.352519179542289,4.352519179542289,4.352519179542289,4.352519179542289,4.352519179542289,4.352519179542289,4.352519179542289,4.352519179542289,4.352519179542289,4.352519179542289,4.352519179542289,4.352519179542289,4.352519179542289,4.352519179542289,4.352519179542289,4.352519179542289,4.352519179542289,4.352519179542289,4.352519179542289,4.352519179542289,4.352519179542289,4.352519179542289,4.352519179542289,4.352519179542289,4.352519179542289,4.352519179542289,4.352519179542289,4.352519179542289,4.352519179542289,4.352519179542289,4.352519179542289,4.352519179542289,4.352519179542289,4.352519179542289,4.352519179542289,4.352519179542289,4.352519179542289,4.352519179542289,4.352519179542289,4.352519179542289,4.352519179542289,4.352519179542289,4.352519179542289,4.352519179542289,4.352519179542289,4.352519179542289,4.352519179542289,4.352519179542289,4.352519179542289,4.352519179542289,4.352519179542289,4.352519179542289,4.352519179542289,4.352519179542289,4.352519179542289,4.352519179542289,4.352519179542289,4.352519179542289,4.352519179542289,4.352519179542289,4.352519179542289,4.352519179542289,4.352519179542289,4.352519179542289,4.352519179542289,4.352519179542289,4.352519179542289,4.352519179542289,4.352519179542289,4.352519179542289,4.352519179542289,4.352519179542289,4.352519179542289,4.352519179542289,4.352519179542289,4.352519179542289,4.352519179542289,4.352519179542289,4.352519179542289,4.352519179542289,4.352519179542289,4.352519179542289,4.352519179542289,4.352519179542289,4.352519179542289,4.352519179542289,4.352519179542289,4.352519179542289,4.352519179542289,4.352519179542289,4.352519179542289,4.352519179542289,4.352519179542289,4.352519179542289,4.352519179542289,4.352519179542289,4.352519179542289,4.352519179542289,4.352519179542289,4.352519179542289,4.352519179542289,4.352519179542289,4.352519179542289,4.352519179542289,4.352519179542289,4.352519179542289,4.352519179542289,4.352519179542289,4.352519179542289,4.352519179542289,4.352519179542289,4.352519179542289,4.352519179542289,4.352519179542289,4.352519179542289,4.352519179542289,4.352519179542289,4.352519179542289,4.352519179542289,4.352519179542289,4.352519179542289,4.352519179542289,4.352519179542289,4.352519179542289,4.352519179542289,4.352519179542289,4.352519179542289,4.352519179542289,4.352519179542289,4.352519179542289,4.352519179542289,4.352519179542289,4.352519179542289,4.352519179542289,4.352519179542289,4.352519179542289,4.352519179542289,4.352519179542289,4.352519179542289,4.352519179542289,4.352519179542289,4.352519179542289,4.352519179542289,4.352519179542289,4.352519179542289,4.352519179542289,4.352519179542289,4.352519179542289,4.352519179542289,4.352519179542289,4.352519179542289,4.352519179542289,4.352519179542289,4.352519179542289,4.352519179542289,4.352519179542289,4.352519179542289,4.352519179542289,4.352519179542289,4.352519179542289,4.352519179542289,4.352519179542289,4.352519179542289,4.352519179542289,4.352519179542289,4.352519179542289,4.352519179542289,4.352519179542289,4.352519179542289,4.352519179542289,4.352519179542289,4.352519179542289,4.352519179542289,4.352519179542289,4.352519179542289,4.352519179542289,4.352519179542289,4.352519179542289,4.352519179542289,4.352519179542289,4.352519179542289,4.352519179542289,4.352519179542289,4.352519179542289,4.352519179542289,4.352519179542289,4.352519179542289,4.352519179542289,4.352519179542289,4.352519179542289,4.352519179542289,4.352519179542289,4.352519179542289,4.352519179542289,4.352519179542289,4.352519179542289,4.352519179542289,4.352519179542289,4.352519179542289,4.352519179542289,4.352519179542289,4.352519179542289,4.352519179542289,4.352519179542289,4.352519179542289,4.352519179542289,4.352519179542289,4.352519179542289,4.352519179542289,4.352519179542289,4.352519179542289,4.352519179542289,4.352519179542289,4.352519179542289,4.352519179542289,4.175578589720162,4.175578589720162,4.175578589720162,4.175578589720162,3.9034639784055662,3.9034639784055662,3.9034639784055662,3.9034639784055662,3.8788596043800343,3.8788596043800343,3.8788596043800343,3.8788596043800343,3.8788596043800343,3.8788596043800343,3.8788596043800343,3.8788596043800343,3.8788596043800343,3.8781836024314584,3.8781836024314584,3.8781836024314584,3.8781836024314584,3.8781836024314584,3.8781836024314584,3.8781836024314584,3.8781836024314584,3.8781836024314584,3.8781836024314584,3.8781836024314584,3.8781836024314584,3.8781836024314584,3.8781836024314584,3.8772932765791106,3.8772932765791106,3.8772932765791106,3.8772932765791106,3.6455393824648454,3.6455393824648454,3.6455393824648454,3.6455393824648454,3.6455393824648454,3.6455393824648454,3.6455393824648454,3.6455393824648454,3.6455393824648454,3.6455393824648454,3.6455393824648454,3.6455393824648454,3.6455393824648454,3.6455393824648454,3.6455393824648454,3.6455393824648454,3.6455393824648454,3.6455393824648454,3.6455393824648454,3.6455393824648454,3.6455393824648454,3.6455393824648454,3.6455393824648454,3.6455393824648454,3.6455393824648454,3.6455393824648454,3.6455393824648454,3.6455393824648454,3.6455393824648454,3.6455393824648454,3.6455393824648454,3.6455393824648454,3.6455393824648454,3.6455393824648454,3.6455393824648454,3.6455393824648454,3.6455393824648454,3.6455393824648454,3.6455393824648454,3.6455393824648454,3.6455393824648454,3.6455393824648454,3.6455393824648454,3.6455393824648454,3.6455393824648454,3.6455393824648454,3.6455393824648454,3.6455393824648454,3.6455393824648454,3.6455393824648454,3.6455393824648454,3.6455393824648454,3.6455393824648454,3.6455393824648454,3.6455393824648454,3.6455393824648454,3.6455393824648454,3.6455393824648454,3.6455393824648454,3.6455393824648454,3.6455393824648454,3.6455393824648454,3.6455393824648454,3.6455393824648454,3.6455393824648454,3.6455393824648454,3.6455393824648454,3.6455393824648454,3.6455393824648454,3.6455393824648454,3.6455393824648454,3.6455393824648454,3.6455393824648454,3.6455393824648454,3.6455393824648454,3.6455393824648454,3.6455393824648454,3.6455393824648454,3.6455393824648454,3.6455393824648454,3.6455393824648454,3.6455393824648454,3.6455393824648454,3.6455393824648454,3.6455393824648454,3.6455393824648454,3.6455393824648454,3.6455393824648454,3.6455393824648454,3.6455393824648454,3.6455393824648454,3.6455393824648454,3.6455393824648454,3.6455393824648454,3.6455393824648454,3.6455393824648454,3.6455393824648454,3.6455393824648454,3.6455393824648454,3.6455393824648454,3.6455393824648454,3.6455393824648454,3.6455393824648454,3.6455393824648454,3.6455393824648454,3.6455393824648454,3.6455393824648454,3.6455393824648454,3.6455393824648454,3.6455393824648454,3.6455393824648454,3.6455393824648454,3.6455393824648454,3.6455393824648454,3.6455393824648454,3.6455393824648454,3.6455393824648454,3.6455393824648454,3.6455393824648454,3.6455393824648454,3.6455393824648454,3.6455393824648454,3.6455393824648454,3.6455393824648454,3.6455393824648454,3.6455393824648454,3.6455393824648454,3.6455393824648454,3.6455393824648454,3.6455393824648454,2.8490885344298564,2.8428113899308087,2.8428113899308087,2.8428113899308087,2.8428113899308087,2.8428113899308087,2.8428113899308087,2.8428113899308087,2.8428113899308087,2.8428113899308087,2.8428113899308087,2.8428113899308087,2.8428113899308087,2.8428113899308087,2.8428113899308087,2.8428113899308087,2.8428113899308087,2.8428113899308087,2.8428113899308087,2.8428113899308087,2.8428113899308087,2.8428113899308087,2.8428113899308087,2.8428113899308087,2.8428113899308087,2.8428113899308087,2.8428113899308087,2.8428113899308087,2.8428113899308087,2.8428113899308087,2.8428113899308087,2.8428113899308087,2.8428113899308087,2.8428113899308087,2.8428113899308087,2.8428113899308087,2.8428113899308087,2.8428113899308087,2.8428113899308087,2.8428113899308087,2.8428113899308087,2.8428113899308087,2.8428113899308087,2.8428113899308087,2.8428113899308087,2.8428113899308087,2.8428113899308087,2.8428113899308087,2.8428113899308087,2.8428113899308087,2.8428113899308087,2.8428113899308087,2.8428113899308087,2.8428113899308087,2.8428113899308087,2.8428113899308087,2.8428113899308087,2.8428113899308087,2.8428113899308087,2.8428113899308087,2.8428113899308087,2.8428113899308087,2.8428113899308087,2.8428113899308087,2.8428113899308087,2.8428113899308087,2.8428113899308087,2.8428113899308087,2.8428113899308087,2.8428113899308087,2.8428113899308087,2.8428113899308087,2.8428113899308087,2.8428113899308087,2.8428113899308087,2.8428113899308087,2.8428113899308087,2.8428113899308087,2.8428113899308087,2.8428113899308087,2.8428113899308087,2.8428113899308087,2.8428113899308087,2.8428113899308087,2.8428113899308087,2.8428113899308087,2.8428113899308087,2.8428113899308087,2.8428113899308087,2.8428113899308087,2.8428113899308087,2.8428113899308087,2.8428113899308087,2.8428113899308087,2.8428113899308087,2.8428113899308087,2.8428113899308087,2.8428113899308087,2.8428113899308087,2.8428113899308087,2.8428113899308087,2.8428113899308087,2.8428113899308087,2.8428113899308087,2.8428113899308087,2.8428113899308087,2.8428113899308087,2.8428113899308087,2.8428113899308087,2.8428113899308087,2.8428113899308087,2.8428113899308087,2.8428113899308087,2.8428113899308087,2.8428113899308087,2.8428113899308087,2.8428113899308087,2.8428113899308087,2.8428113899308087,2.8428113899308087,2.8428113899308087,2.8428113899308087,2.8428113899308087,2.8428113899308087,2.8428113899308087,2.8428113899308087,2.8428113899308087,2.8428113899308087,2.8428113899308087,2.8428113899308087,2.8428113899308087,2.8428113899308087,2.8428113899308087,2.8428113899308087,2.8428113899308087,2.8428113899308087,2.8428113899308087,2.8428113899308087,2.8428113899308087,2.8428113899308087,2.8428113899308087,2.8428113899308087,2.8428113899308087,2.8428113899308087,2.8428113899308087,2.8428113899308087,2.8428113899308087,2.8428113899308087,2.8428113899308087,2.8428113899308087,2.8428113899308087,2.8428113899308087,2.8428113899308087,2.8428113899308087,2.8428113899308087,2.8428113899308087,2.8428113899308087,2.8428113899308087,2.8428113899308087,2.8428113899308087,2.8428113899308087,2.8428113899308087,2.8428113899308087,2.8428113899308087,2.8428113899308087,2.8428113899308087,2.8428113899308087,2.8428113899308087,2.8428113899308087,2.8428113899308087,2.8428113899308087,2.8428113899308087,2.8428113899308087,2.8428113899308087,2.8428113899308087,2.8428113899308087,2.8428113899308087,2.8428113899308087,2.8428113899308087,2.8428113899308087,2.8428113899308087,2.8428113899308087,2.8428113899308087,2.8428113899308087,2.8428113899308087,2.8428113899308087,2.8428113899308087,2.8428113899308087,2.8428113899308087,2.8428113899308087,2.8428113899308087,2.8428113899308087,2.8428113899308087,2.8428113899308087,2.8428113899308087,2.8428113899308087,2.8428113899308087,2.8428113899308087,2.8428113899308087,2.8428113899308087,2.8428113899308087,2.8428113899308087,2.8428113899308087,2.8428113899308087,2.8428113899308087,2.8428113899308087,2.8428113899308087,2.8428113899308087,2.8428113899308087,2.8428113899308087,2.8428113899308087,2.8428113899308087,2.8428113899308087,2.8428113899308087,2.8428113899308087,2.8428113899308087,2.8428113899308087,2.8428113899308087,2.8428113899308087,2.8428113899308087,2.8428113899308087,2.8428113899308087,2.8428113899308087,2.8428113899308087,2.8428113899308087,2.8428113899308087,2.8428113899308087,2.8428113899308087,2.8428113899308087,2.8428113899308087,2.8428113899308087,2.8428113899308087,2.8428113899308087,2.8428113899308087,2.8428113899308087,2.8428113899308087,2.8428113899308087,2.8428113899308087,2.8428113899308087,2.8428113899308087,2.8428113899308087,2.8428113899308087,2.8428113899308087,2.8428113899308087,2.8428113899308087,2.8428113899308087,2.8428113899308087,2.8428113899308087,2.8428113899308087,2.8428113899308087,2.8428113899308087,2.8428113899308087,2.8428113899308087,2.8428113899308087,2.8428113899308087,2.8428113899308087,2.8428113899308087,2.8428113899308087,2.8428113899308087,2.8428113899308087,2.8428113899308087,2.8428113899308087,2.8428113899308087,2.8428113899308087,2.8428113899308087,2.8428113899308087,2.8428113899308087,2.8428113899308087,2.8428113899308087,2.8428113899308087,2.8428113899308087,2.8428113899308087,2.8428113899308087,2.8428113899308087,2.8428113899308087,2.8428113899308087,2.8428113899308087,2.8428113899308087,2.8428113899308087,2.8428113899308087,2.8428113899308087,2.8428113899308087,2.8428113899308087,2.8428113899308087,2.8428113899308087,2.8428113899308087,2.8428113899308087,2.8428113899308087,2.8428113899308087,2.8428113899308087,2.8428113899308087,2.8428113899308087,2.8428113899308087,2.8428113899308087,2.8428113899308087,2.8428113899308087,2.8428113899308087,2.8428113899308087,2.8428113899308087,2.8428113899308087,2.8428113899308087,2.8428113899308087,2.8428113899308087,2.8428113899308087,2.8428113899308087,2.8428113899308087,2.8428113899308087,2.8428113899308087,2.8428113899308087,2.8428113899308087,2.8428113899308087,2.8428113899308087,2.8428113899308087,2.8428113899308087,2.8428113899308087,2.8428113899308087,2.8428113899308087,2.8428113899308087,2.8428113899308087,2.8428113899308087,2.8428113899308087,2.8428113899308087,2.8428113899308087,2.8428113899308087,2.8428113899308087,2.8428113899308087,2.8428113899308087,2.8428113899308087,2.8428113899308087,2.8428113899308087,2.8428113899308087,2.8428113899308087,2.8428113899308087,2.8428113899308087,2.8428113899308087,2.8428113899308087,2.8428113899308087,8.359799107871229,8.359799107871229,8.305393691239955,8.305393691239955,8.063805924382455,8.063805924382455,8.063805924382455,8.063805924382455,8.063805924382455,8.063805924382455,8.063805924382455,8.063805924382455,8.063805924382455,8.063805924382455,8.063805924382455,8.063805924382455,8.063805924382455,8.063805924382455,8.063805924382455,8.063805924382455,8.063805924382455,8.063805924382455,8.063805924382455,8.063805924382455,8.063805924382455,7.729754574268325,7.729754574268325,7.729754574268325,7.729754574268325,7.729754574268325,7.729754574268325,7.729754574268325,7.729754574268325,7.729754574268325,7.729754574268325,7.729754574268325,7.729754574268325,7.729754574268325,7.729754574268325,7.729754574268325,7.729754574268325,7.729754574268325,7.729754574268325,7.729754574268325,7.729754574268325,7.729754574268325,7.729754574268325,7.729754574268325,7.729754574268325,7.729754574268325,7.729754574268325,7.729754574268325,7.729754574268325,7.729754574268325,7.729754574268325,7.729754574268325,7.729754574268325,7.729754574268325,7.729754574268325,7.729754574268325,7.729754574268325,7.729754574268325,7.729754574268325,7.729754574268325,7.729754574268325,7.729754574268325,7.729754574268325,7.729754574268325,7.729754574268325,7.729754574268325,7.729754574268325,7.729754574268325,7.729754574268325,7.729754574268325,7.729754574268325,7.729754574268325,7.729754574268325,7.729754574268325,7.729754574268325,7.729754574268325,7.729754574268325,7.729754574268325,7.729754574268325,7.729754574268325,7.729754574268325,7.729754574268325,7.729754574268325,7.729754574268325,7.729754574268325,7.729754574268325,7.729754574268325,7.729754574268325,7.729754574268325,7.729754574268325,7.729754574268325,7.729754574268325,7.729754574268325,7.729754574268325,7.729754574268325,7.729754574268325,7.729754574268325,7.729754574268325,7.729754574268325,7.729754574268325,7.729754574268325,7.729754574268325,7.729754574268325,7.729754574268325,7.729754574268325,7.729754574268325,7.729754574268325,7.729754574268325,7.729754574268325,7.729754574268325,7.729754574268325,7.729754574268325,7.729754574268325,7.729754574268325,7.729754574268325,7.729754574268324,7.729754574268324,7.729754574268324,7.729754574268324,7.729754574268324,7.729754574268324,7.729754574268324,7.729754574268324,7.729754574268324,7.729754574268324,7.729754574268324,7.729754574268324,7.729754574268324,7.729754574268324,7.729754574268324,7.729754574268324,7.729754574268324,7.729754574268324,7.729754574268324,7.729754574268324,7.729754574268324,7.729754574268324,7.729754574268324,7.729754574268324,7.729754574268324,7.729754574268324,7.729754574268324,7.729754574268324,7.729754574268324,7.729754574268324,7.729754574268324,7.729754574268324,7.729754574268324,7.729754574268324,7.729754574268324,7.729754574268324,7.729754574268324,7.729754574268324,7.729754574268324,7.729754574268324,7.729754574268324,7.729754574268324,7.729754574268324,7.729754574268324,7.729754574268324,7.729754574268324,7.729754574268324,7.729754574268324,7.729754574268324,7.729754574268324,7.729754574268324,7.729754574268324,7.729754574268324,7.729754574268324,7.729754574268324,7.729754574268324,7.729754574268324,7.729754574268324,7.729754574268324,7.729754574268324,7.729754574268324,7.729754574268324,7.729754574268324,7.623940252064948,7.2414695187376505,6.83092714664572,6.83092714664572,6.83092714664572,6.83092714664572,6.83092714664572,6.83092714664572,6.83092714664572,6.450893933678753,5.841272666952313,5.841272666952313,5.841272666952313,5.841272666952313,5.841272666952313,5.841272666952313,5.841272666952313,5.841272666952313,5.841272666952313,5.841272666952313,5.841272666952313,5.841272666952313,5.841272666952313,5.841272666952313,5.841272666952313,5.841272666952313,5.841272666952313,5.841272666952313,5.841272666952313,5.841272666952313,5.841272666952313,5.841272666952313,5.841272666952313,5.841272666952313,5.841272666952313,5.841272666952313,5.841272666952313,5.841272666952313,5.841272666952313,5.841272666952313,5.841272666952313,5.841272666952313,5.841272666952313,5.841272666952313,5.841272666952313,5.841272666952313,5.841272666952313,5.841272666952313,5.841272666952313,5.841272666952313,5.841272666952313,5.841272666952313,5.841272666952313,5.841272666952313,5.841272666952313,5.841272666952313,5.841272666952313,5.841272666952313,5.841272666952313,5.841272666952313,5.841272666952313,5.841272666952313,5.841272666952313,5.841272666952313,5.841272666952313,5.841272666952313,5.841272666952313,5.841272666952313,5.841272666952313,5.841272666952313,5.841272666952313,5.841272666952313,5.841272666952313,5.841272666952313,5.841272666952313,5.841272666952313,5.841272666952313,5.841272666952313,5.841272666952313,5.841272666952313,5.841272666952313,5.841272666952313,5.841272666952313,5.841272666952313,5.841272666952313,5.841272666952313,5.841272666952313,5.841272666952313,5.841272666952313,5.841272666952313,5.841272666952313,5.841272666952313,5.841272666952313,5.841272666952313,5.841272666952313,5.841272666952313,5.841272666952313,5.841272666952313,5.841272666952313,5.841272666952313,5.841272666952313,5.841272666952313,5.841272666952313,5.841272666952313,5.841272666952313,5.841272666952313,5.841272666952313,5.841272666952313,5.841272666952313,5.841272666952313,5.841272666952313,5.841272666952313,5.841272666952313,5.841272666952313,5.841272666952313,5.841272666952313,5.841272666952313,5.841272666952313,5.841272666952313,5.841272666952313,5.841272666952313,5.841272666952313,5.841272666952313,5.841272666952313,5.841272666952313,5.841272666952313,5.841272666952313,5.841272666952313,5.841272666952313,5.841272666952313,5.841272666952313,5.841272666952313,5.841272666952313,5.841272666952313,5.841272666952313,5.841272666952313,5.841272666952313,5.841272666952313,5.841272666952313,5.841272666952313,5.841272666952313,5.841272666952313,5.841272666952313,5.841272666952313,5.841272666952313,5.841272666952313,5.841272666952313,5.841272666952313,5.841272666952313,5.841272666952313,5.841272666952313,5.841272666952313,5.841272666952313,5.841272666952313,5.841272666952313,5.841272666952313,5.841272666952313,5.841272666952313,5.841272666952313,5.841272666952313,5.841272666952313,5.841272666952313,5.841272666952313,5.841272666952313,5.841272666952313,5.841272666952313,5.841272666952313,5.841272666952313,5.841272666952313,5.841272666952313,5.841272666952313,5.841272666952313,5.841272666952313,5.841272666952313,5.841272666952313,5.841272666952313,5.841272666952313,5.841272666952313,5.841272666952313,5.841272666952313,5.841272666952313,5.841272666952313,5.841272666952313,5.841272666952313,5.841272666952313,5.841272666952313,5.841272666952313,5.841272666952313,5.841272666952313,5.841272666952313,5.841272666952313,5.841272666952313,5.841272666952313,5.841272666952313,5.841272666952313,5.841272666952313,5.841272666952313,5.841272666952313,5.841272666952313,5.841272666952313,5.841272666952313,5.841272666952313,5.841272666952313,5.841272666952313,5.841272666952313,5.841272666952313,5.841272666952313,5.841272666952313,5.841272666952313,5.841272666952313,5.841272666952313,5.841272666952313,5.841272666952313,5.841272666952313,5.841272666952313,5.841272666952313,5.841272666952313,5.841272666952313,5.841272666952313,5.841272666952313,5.841272666952313,5.841272666952313,5.841272666952313,5.841272666952313,5.841272666952313,5.841272666952313,5.841272666952313,5.841272666952313,5.841272666952313,5.841272666952313,5.841272666952313,5.841272666952313,5.841272666952313,5.841272666952313,5.841272666952313,5.841272666952313,5.841272666952313,5.841272666952313,5.841272666952313,5.841272666952313,5.841272666952313,5.841272666952313,5.841272666952313,5.841272666952313,5.841272666952313,5.841272666952313,5.841272666952313,5.841272666952313,5.841272666952313,5.841272666952313,5.841272666952313,5.841272666952313,5.841272666952313,5.841272666952313,5.841272666952313,5.841272666952313,5.841272666952313,5.841272666952313,5.841272666952313,5.841272666952313,5.841272666952313,5.841272666952313,5.841272666952313,5.841272666952313,5.841272666952313,5.841272666952313,5.841272666952313,5.841272666952313,5.841272666952313,5.841272666952313,5.841272666952313,5.841272666952313,5.841272666952313,5.841272666952313,5.841272666952313,5.841272666952313,5.841272666952313,5.841272666952313,5.841272666952313,5.841272666952313,5.841272666952313,5.841272666952313,5.841272666952313,5.841272666952313,5.841272666952313,5.841272666952313,5.841272666952313,5.841272666952313,5.841272666952313,5.841272666952313,5.841272666952313,5.841272666952313,5.841272666952313,5.841272666952313,5.841272666952313,5.841272666952313,5.841272666952313,5.841272666952313,5.841272666952313,5.841272666952313,5.841272666952313,5.841272666952313,5.841272666952313,5.841272666952313,5.841272666952313,5.841272666952313,5.841272666952313,5.266661639277641,5.266661639277641,5.266661639277641,5.266661639277641,5.266661639277641,5.266661639277641,5.266661639277641,5.266661639277641,5.266661639277641,5.266661639277641,5.266661639277641,5.266661639277641,5.266661639277641,5.266661639277641,5.266661639277641,5.266661639277641,5.266661639277641,5.266661639277641,5.266661639277641,5.266661639277641,5.266661639277641,5.266661639277641,5.266661639277641,5.266661639277641,5.266661639277641,5.266661639277641,5.266661639277641,5.266661639277641,5.266661639277641,5.266661639277641,5.266661639277641,5.266661639277641,5.266661639277641,5.266661639277641,5.266661639277641,5.266661639277641,5.266661639277641,5.266661639277641,5.266661639277641,5.266661639277641,5.266661639277641,4.95106433851515,4.95106433851515,4.95106433851515,4.95106433851515,4.95106433851515,4.95106433851515,4.95106433851515,4.95106433851515,4.95106433851515,4.95106433851515,4.95106433851515,4.95106433851515,4.95106433851515,4.95106433851515,4.95106433851515,4.95106433851515,4.95106433851515,4.95106433851515,4.95106433851515,4.95106433851515,4.95106433851515,4.95106433851515,4.95106433851515,4.95106433851515,4.95106433851515,4.95106433851515,4.95106433851515,4.95106433851515,4.95106433851515,4.95106433851515,4.95106433851515,4.95106433851515,4.95106433851515,4.95106433851515,4.95106433851515,4.95106433851515,4.95106433851515,4.95106433851515,4.95106433851515,4.95106433851515,4.95106433851515,4.95106433851515,4.95106433851515,4.95106433851515,4.95106433851515,4.95106433851515,4.95106433851515,4.95106433851515,4.95106433851515,4.95106433851515,4.95106433851515,4.95106433851515,4.95106433851515,4.95106433851515,4.95106433851515,4.95106433851515,4.95106433851515,4.95106433851515,4.95106433851515,4.95106433851515,4.95106433851515,4.95106433851515,4.95106433851515,4.95106433851515,4.95106433851515,4.95106433851515,4.95106433851515,4.95106433851515,4.95106433851515,4.95106433851515,4.95106433851515,4.95106433851515,4.95106433851515,4.95106433851515,4.95106433851515,4.95106433851515,4.95106433851515,4.95106433851515,4.95106433851515,4.95106433851515,4.95106433851515,4.95106433851515,4.95106433851515,4.95106433851515,4.95106433851515,4.95106433851515,4.95106433851515,4.95106433851515,4.95106433851515,4.95106433851515,4.95106433851515,4.95106433851515,4.95106433851515,4.95106433851515,4.95106433851515,4.95106433851515,4.95106433851515,4.95106433851515,4.95106433851515,4.95106433851515,4.95106433851515,4.95106433851515,4.95106433851515,4.95106433851515,4.95106433851515,4.95106433851515,4.95106433851515,4.95106433851515,4.95106433851515,4.95106433851515,4.95106433851515,4.95106433851515,4.95106433851515,4.95106433851515,4.95106433851515,4.95106433851515,4.95106433851515,4.95106433851515,4.95106433851515,4.95106433851515,4.95106433851515,4.95106433851515,4.95106433851515,4.95106433851515,4.95106433851515,4.95106433851515,4.95106433851515,4.95106433851515,4.95106433851515,4.95106433851515,4.95106433851515,4.95106433851515,4.95106433851515,4.95106433851515,4.95106433851515,4.95106433851515,4.95106433851515,4.95106433851515,4.95106433851515,4.95106433851515,4.95106433851515,4.95106433851515,4.95106433851515,4.95106433851515,4.95106433851515,4.95106433851515,4.95106433851515,4.95106433851515,4.95106433851515,4.95106433851515,4.95106433851515,4.95106433851515,4.95106433851515,4.95106433851515,4.95106433851515,4.95106433851515,4.95106433851515,4.95106433851515,4.95106433851515,4.95106433851515,4.95106433851515,4.95106433851515,4.95106433851515,4.95106433851515,4.95106433851515,4.95106433851515,4.95106433851515,4.95106433851515,4.95106433851515,4.95106433851515,4.95106433851515,4.95106433851515,4.95106433851515,4.95106433851515,4.95106433851515,4.95106433851515,4.95106433851515,4.95106433851515,4.95106433851515,4.95106433851515,4.95106433851515,4.95106433851515,4.95106433851515,4.95106433851515,4.95106433851515,4.95106433851515,4.95106433851515,4.95106433851515,4.95106433851515,4.95106433851515,4.95106433851515,4.95106433851515,4.95106433851515,4.95106433851515,4.95106433851515,4.95106433851515,4.95106433851515,4.95106433851515,4.95106433851515,4.95106433851515,4.95106433851515,4.95106433851515,4.95106433851515,4.95106433851515,4.95106433851515,4.95106433851515,4.95106433851515,4.95106433851515,4.95106433851515,4.95106433851515,4.95106433851515,4.95106433851515,4.95106433851515,4.95106433851515,4.95106433851515,4.95106433851515,4.95106433851515,4.95106433851515,4.95106433851515,4.95106433851515,4.95106433851515,4.95106433851515,4.95106433851515,4.95106433851515,4.95106433851515,4.95106433851515,4.95106433851515,4.95106433851515,4.95106433851515,4.95106433851515,4.95106433851515,4.95106433851515,4.95106433851515,4.95106433851515,4.95106433851515,4.95106433851515,4.95106433851515,4.95106433851515,4.95106433851515,4.95106433851515,4.95106433851515,4.95106433851515,4.95106433851515,4.95106433851515,4.95106433851515,4.95106433851515,4.95106433851515,4.95106433851515,4.95106433851515,4.95106433851515,4.95106433851515,4.95106433851515,4.95106433851515,4.95106433851515,4.95106433851515,4.95106433851515,4.95106433851515,4.95106433851515,4.95106433851515,4.95106433851515,4.95106433851515,4.95106433851515,4.95106433851515,4.95106433851515,4.95106433851515,4.95106433851515,4.95106433851515,4.95106433851515,4.95106433851515,4.95106433851515,4.95106433851515,4.95106433851515,4.95106433851515,4.95106433851515,4.95106433851515,4.95106433851515,4.95106433851515,4.95106433851515,4.95106433851515,4.95106433851515,4.95106433851515,4.95106433851515,4.95106433851515,4.95106433851515,4.95106433851515,4.95106433851515,4.95106433851515,4.95106433851515,4.95106433851515,4.95106433851515,4.95106433851515,4.95106433851515,4.95106433851515,4.95106433851515,4.95106433851515,4.95106433851515,4.95106433851515,4.95106433851515,4.95106433851515,4.95106433851515,4.95106433851515,4.95106433851515,4.95106433851515,4.95106433851515,4.95106433851515,4.95106433851515,4.95106433851515,4.95106433851515,4.95106433851515,4.95106433851515,4.95106433851515,4.95106433851515,4.95106433851515,4.95106433851515,4.95106433851515,4.95106433851515,4.95106433851515,4.95106433851515,4.95106433851515,4.95106433851515,4.95106433851515,4.95106433851515,4.95106433851515,4.95106433851515,4.95106433851515,4.95106433851515,4.95106433851515,4.95106433851515,4.95106433851515,4.95106433851515,4.95106433851515,4.95106433851515,4.95106433851515,4.95106433851515,4.95106433851515,4.95106433851515,4.95106433851515,4.95106433851515,4.95106433851515,4.95106433851515,4.95106433851515,4.95106433851515,4.95106433851515,4.95106433851515,4.95106433851515,4.95106433851515,4.95106433851515,4.95106433851515,4.95106433851515,4.95106433851515,4.95106433851515,4.95106433851515,4.95106433851515,4.95106433851515,4.95106433851515,4.95106433851515,4.95106433851515,4.95106433851515,4.95106433851515,4.95106433851515,4.95106433851515,4.95106433851515,4.95106433851515,4.95106433851515,4.95106433851515,4.95106433851515,4.95106433851515,4.95106433851515,4.95106433851515,4.95106433851515,4.95106433851515,4.95106433851515,4.95106433851515,4.95106433851515,4.95106433851515,4.95106433851515,4.95106433851515,4.95106433851515,4.95106433851515,4.95106433851515,4.95106433851515,4.95106433851515,4.95106433851515,4.95106433851515,4.95106433851515,4.95106433851515,4.95106433851515,4.95106433851515,4.95106433851515,4.95106433851515,4.95106433851515,4.95106433851515,4.95106433851515,4.95106433851515,4.95106433851515,4.95106433851515,4.95106433851515,4.95106433851515,4.95106433851515,4.95106433851515,4.95106433851515,4.95106433851515,4.95106433851515,4.95106433851515,4.95106433851515,4.95106433851515,4.95106433851515,4.95106433851515,4.95106433851515,4.95106433851515,4.95106433851515,4.95106433851515,4.95106433851515,4.95106433851515,4.95106433851515,4.95106433851515,4.95106433851515,4.95106433851515,4.95106433851515,4.95106433851515,4.95106433851515,4.95106433851515,4.95106433851515,4.95106433851515,4.95106433851515,4.95106433851515,4.95106433851515,4.95106433851515,4.95106433851515,4.95106433851515,4.95106433851515,4.95106433851515,4.95106433851515,4.95106433851515,4.95106433851515,4.95106433851515,4.95106433851515,4.95106433851515,4.95106433851515,4.95106433851515,4.95106433851515,4.95106433851515,4.95106433851515,4.95106433851515,4.95106433851515,4.95106433851515,4.95106433851515,4.95106433851515,4.95106433851515,4.95106433851515,4.95106433851515,4.95106433851515,4.95106433851515,4.95106433851515,4.95106433851515,4.95106433851515,4.95106433851515,4.95106433851515,4.95106433851515,4.95106433851515,4.95106433851515,4.95106433851515,4.95106433851515,4.95106433851515,4.95106433851515,4.95106433851515,4.95106433851515,4.95106433851515,4.95106433851515,4.95106433851515,7.437210750878638,6.742552951090835,6.742552951090835,6.295878382254759,6.295878382254759,6.295878382254759,6.295878382254759,6.295878382254759,6.295878382254759,6.295878382254759,6.295878382254759,6.295878382254759,6.295878382254759,6.295878382254759,6.295878382254759,6.295878382254759,6.295878382254759,6.295878382254759,6.295878382254759,6.295878382254759,6.295878382254759,6.295878382254759,6.295878382254759,6.295878382254759,6.295878382254759,6.145718571085406,6.145718571085406,6.145718571085406,6.145718571085406,6.145718571085406,6.145718571085406,6.145718571085406,6.145718571085406,6.145718571085406,6.145718571085406,6.145718571085406,6.145718571085406,6.145718571085406,6.145718571085406,6.145718571085406,6.145718571085406,6.145718571085406,6.145718571085406,6.145718571085406,6.145718571085406,6.145718571085406,6.145718571085406,6.145718571085406,6.145718571085406,6.145718571085406,6.145718571085406,6.145718571085406,6.145718571085406,6.145718571085406,6.145718571085406,6.145718571085406,6.145718571085406,6.145718571085406,6.145718571085406,6.145718571085406,6.145718571085406,6.145718571085406,6.145718571085406,6.145718571085406,6.145718571085406,6.145718571085406,6.145718571085406,6.145718571085406,6.145718571085406,6.145718571085406,6.145718571085406,6.145718571085406,6.145718571085406,6.145718571085406,6.145718571085406,6.145718571085406,6.145718571085406,6.145718571085406,6.145718571085406,6.145718571085406,6.145718571085406,6.145718571085406,6.145718571085406,6.145718571085406,6.145718571085406,6.145718571085406,6.145718571085406,6.145718571085406,6.145718571085406,6.145718571085406,6.145718571085406,6.145718571085406,6.145718571085406,6.145718571085406,6.145718571085406,6.145718571085406,6.145718571085406,6.145718571085406,5.09689793322142,4.1295161532313225,4.1295161532313225,4.1295161532313225,4.1295161532313225,4.1295161532313225,4.1295161532313225,4.1295161532313225,4.1295161532313225,4.1295161532313225,4.1295161532313225,4.1295161532313225,4.1295161532313225,4.1295161532313225,4.1295161532313225,4.1295161532313225,4.1295161532313225,4.1295161532313225,4.1295161532313225,4.1295161532313225,4.05345145126617,4.05345145126617,4.05345145126617,4.05345145126617,4.05345145126617,4.05345145126617,4.05345145126617,4.047645055150897,4.047645055150897,4.047645055150897,4.047645055150897,4.047645055150897,4.047645055150897,4.047645055150897,4.047645055150897,4.047645055150897,4.047645055150897,4.047645055150897,4.047645055150897,3.543195223423434,3.543195223423434,3.543195223423434,3.543195223423434,3.543195223423434,3.543195223423434,3.543195223423434,3.543195223423434,3.543195223423434,3.543195223423434,3.543195223423434,3.543195223423434,3.5160800549644335,3.5160800549644335,3.5160800549644335,3.5160800549644335,3.5160800549644335,3.5160800549644335,3.5160800549644335,3.5160800549644335,3.5160800549644335,3.5160800549644335,3.5160800549644335,3.5160800549644335,3.5160800549644335,3.5160800549644335,3.5160800549644335,3.5160800549644335,3.5160800549644335,3.5160800549644335,3.5160800549644335,3.5160800549644335,3.5160800549644335,3.5160800549644335,3.5160800549644335,3.5160800549644335,3.5160800549644335,3.5160800549644335,3.5160800549644335,3.5160800549644335,3.5160800549644335,3.5160800549644335,3.5160800549644335,3.5160800549644335,3.5160800549644335,3.5160800549644335,3.5160800549644335,3.5160800549644335,3.5160800549644335,3.5160800549644335,3.5160800549644335,3.5160800549644335,3.5160800549644335,3.5160800549644335,3.5160800549644335,3.5160800549644335,3.5160800549644335,3.5160800549644335,3.5160800549644335,3.5160800549644335,3.5160800549644335,3.5160800549644335,3.5160800549644335,3.5160800549644335,3.5160800549644335,3.5160800549644335,3.5160800549644335,3.5160800549644335,3.5160800549644335,3.5160800549644335,3.5160800549644335,3.5160800549644335,3.5160800549644335,3.5160800549644335,3.5160800549644335,3.5160800549644335,3.5160800549644335,3.5160800549644335,3.5160800549644335,3.5160800549644335,3.5160800549644335,3.5160800549644335,3.5160800549644335,3.5160800549644335,3.5160800549644335,3.5160800549644335,3.5160800549644335,3.5160800549644335,3.5160800549644335,3.5160800549644335,3.5160800549644335,3.5160800549644335,3.5160800549644335,3.5160800549644335,3.5160800549644335,3.5160800549644335,3.5160800549644335,3.5160800549644335,3.5160800549644335,3.5160800549644335,3.5160800549644335,3.5160800549644335,3.5160800549644335,3.5160800549644335,3.5160800549644335,3.5160800549644335,3.5160800549644335,3.5160800549644335,3.5160800549644335,3.5160800549644335,3.5160800549644335,3.5160800549644335,3.5160800549644335,3.5160800549644335,3.5160800549644335,3.5160800549644335,3.5160800549644335,3.5160800549644335,3.5160800549644335,3.5160800549644335,3.5160800549644335,3.5160800549644335,3.5160800549644335,3.5160800549644335,3.5160800549644335,3.5160800549644335,3.5160800549644335,3.5160800549644335,3.5160800549644335,3.5160800549644335,3.5160800549644335,3.5160800549644335,3.5160800549644335,3.5160800549644335,2.709421039836837,2.709421039836837,2.709421039836837,2.709421039836837,2.709421039836837,2.709421039836837,2.709421039836837,2.709421039836837,2.709421039836837,2.709421039836837,2.709421039836837,2.709421039836837,2.709421039836837,2.709421039836837,2.709421039836837,2.709421039836837,2.709421039836837,2.709421039836837,2.709421039836837,2.709421039836837,2.709421039836837,2.709421039836837,2.709421039836837,2.709421039836837,2.709421039836837,2.709421039836837,2.709421039836837,2.709421039836837,2.709421039836837,2.709421039836837,2.709421039836837,2.709421039836837,2.709421039836837,2.709421039836837,2.709421039836837,2.709421039836837,2.709421039836837,2.709421039836837,2.709421039836837,2.709421039836837,2.709421039836837,2.709421039836837,2.709421039836837,2.709421039836837,2.709421039836837,2.709421039836837,2.709421039836837,2.709421039836837,2.709421039836837,2.709421039836837,2.709421039836837,2.709421039836837,2.709421039836837,2.709421039836837,2.709421039836837,2.709421039836837,2.709421039836837,2.709421039836837,2.709421039836837,2.709421039836837,2.709421039836837,2.709421039836837,2.709421039836837,2.709421039836837,2.709421039836837,2.709421039836837,2.709421039836837,2.709421039836837,2.709421039836837,2.709421039836837,2.709421039836837,2.709421039836837,2.709421039836837,2.709421039836837,2.709421039836837,2.709421039836837,2.709421039836837,2.709421039836837,2.709421039836837,2.709421039836837,2.709421039836837,2.709421039836837,2.709421039836837,2.709421039836837,2.709421039836837,2.709421039836837,2.709421039836837,2.709421039836837,2.709421039836837,2.709421039836837,2.709421039836837,2.709421039836837,2.709421039836837,2.709421039836837,2.709421039836837,2.709421039836837,2.709421039836837,2.709421039836837,2.709421039836837,2.709421039836837,2.709421039836837,2.709421039836837,2.709421039836837,2.709421039836837,2.709421039836837,2.709421039836837,2.709421039836837,2.709421039836837,2.709421039836837,2.709421039836837,2.709421039836837,2.709421039836837,2.709421039836837,2.709421039836837,2.709421039836837,2.709421039836837,2.709421039836837,2.709421039836837,2.709421039836837,2.709421039836837,2.709421039836837,2.709421039836837,2.709421039836837,2.709421039836837,2.709421039836837,2.709421039836837,2.709421039836837,2.709421039836837,2.709421039836837,2.709421039836837,2.709421039836837,2.709421039836837,2.709421039836837,2.709421039836837,2.709421039836837,2.709421039836837,2.709421039836837,2.709421039836837,2.709421039836837,2.709421039836837,2.709421039836837,2.709421039836837,2.709421039836837,2.709421039836837,2.709421039836837,2.709421039836837,2.709421039836837,2.709421039836837,2.709421039836837,2.709421039836837,2.709421039836837,2.709421039836837,2.709421039836837,2.709421039836837,2.709421039836837,2.709421039836837,2.709421039836837,2.709421039836837,2.709421039836837,2.709421039836837,2.709421039836837,2.709421039836837,2.709421039836837,2.709421039836837,2.709421039836837,2.709421039836837,2.709421039836837,2.709421039836837,2.709421039836837,2.709421039836837,2.709421039836837,2.709421039836837,2.709421039836837,2.709421039836837,2.709421039836837,2.709421039836837,2.709421039836837,2.709421039836837,2.709421039836837,2.709421039836837,2.709421039836837,2.709421039836837,2.709421039836837,2.709421039836837,2.709421039836837,2.709421039836837,2.709421039836837,2.709421039836837,2.709421039836837,2.709421039836837,2.709421039836837,2.709421039836837,2.709421039836837,2.709421039836837,2.709421039836837,2.709421039836837,2.709421039836837,2.709421039836837,2.709421039836837,2.709421039836837,2.709421039836837,2.709421039836837,2.709421039836837,2.709421039836837,2.709421039836837,2.709421039836837,2.709421039836837,2.709421039836837,2.709421039836837,2.709421039836837,2.709421039836837,2.709421039836837,2.709421039836837,2.709421039836837,2.709421039836837,2.709421039836837,2.709421039836837,2.709421039836837,2.709421039836837,2.709421039836837,2.709421039836837,2.709421039836837,2.709421039836837,2.709421039836837,2.709421039836837,2.709421039836837,2.709421039836837,2.709421039836837,2.709421039836837,2.709421039836837,2.709421039836837,2.709421039836837,2.709421039836837,2.709421039836837,2.709421039836837,2.709421039836837,2.709421039836837,2.709421039836837,2.709421039836837,2.709421039836837,2.709421039836837,2.709421039836837,2.709421039836837,2.709421039836837,2.709421039836837,2.709421039836837,2.709421039836837,2.709421039836837,2.709421039836837,2.709421039836837,2.709421039836837,2.709421039836837,2.709421039836837,2.709421039836837,2.709421039836837,2.709421039836837,2.709421039836837,2.709421039836837,2.709421039836837,2.709421039836837,2.709421039836837,2.709421039836837,2.709421039836837,2.709421039836837,2.709421039836837,2.709421039836837,2.709421039836837,2.709421039836837,2.709421039836837,2.709421039836837,2.709421039836837,2.709421039836837,2.709421039836837,2.709421039836837,2.709421039836837,2.709421039836837,2.709421039836837,2.709421039836837,2.709421039836837,2.709421039836837,2.709421039836837,2.709421039836837,2.709421039836837,2.709421039836837,2.709421039836837,2.709421039836837,2.709421039836837,2.709421039836837,2.709421039836837,2.709421039836837,2.709421039836837,2.709421039836837,2.709421039836837,2.709421039836837,2.709421039836837,2.709421039836837,2.709421039836837,2.709421039836837,2.709421039836837,2.709421039836837,2.709421039836837,2.709421039836837,2.709421039836837,2.709421039836837,2.709421039836837,2.709421039836837,2.709421039836837,2.709421039836837,2.709421039836837,2.709421039836837,2.709421039836837,2.709421039836837,2.709421039836837,2.709421039836837,2.709421039836837,2.709421039836837,2.709421039836837,2.709421039836837,2.709421039836837,2.709421039836837,2.709421039836837,2.709421039836837,2.709421039836837,2.709421039836837,2.709421039836837,2.709421039836837,2.709421039836837,2.709421039836837,2.709421039836837,2.709421039836837,2.709421039836837,2.709421039836837,2.709421039836837,2.709421039836837,2.709421039836837,2.709421039836837,2.709421039836837,2.709421039836837,2.709421039836837,2.709421039836837,2.709421039836837,2.709421039836837,2.709421039836837,2.709421039836837,2.709421039836837,2.709421039836837,2.709421039836837,2.709421039836837,2.709421039836837,2.709421039836837,2.709421039836837,2.709421039836837,2.709421039836837,2.709421039836837,2.709421039836837,2.709421039836837,2.709421039836837,2.709421039836837,2.709421039836837,2.709421039836837,2.709421039836837,2.709421039836837,2.709421039836837,2.709421039836837,2.709421039836837,2.709421039836837,2.709421039836837,2.709421039836837,2.709421039836837,2.709421039836837,2.709421039836837,2.709421039836837,2.709421039836837,2.709421039836837,2.709421039836837,2.709421039836837,2.709421039836837,2.709421039836837,2.709421039836837,2.709421039836837,2.709421039836837,2.709421039836837,2.709421039836837,2.709421039836837,2.709421039836837,2.709421039836837,2.709421039836837,2.709421039836837,2.709421039836837,2.709421039836837,2.709421039836837,2.709421039836837,2.709421039836837,2.709421039836837,2.709421039836837,2.709421039836837,2.709421039836837,2.709421039836837,2.709421039836837,2.709421039836837,2.709421039836837,2.709421039836837,2.709421039836837,2.709421039836837,2.709421039836837,2.709421039836837,2.709421039836837,2.709421039836837,2.709421039836837,2.709421039836837,2.709421039836837,2.709421039836837,2.709421039836837,2.709421039836837,2.709421039836837,2.709421039836837,2.709421039836837,2.709421039836837,2.709421039836837,2.709421039836837,2.709421039836837,2.709421039836837,2.709421039836837,2.709421039836837,2.709421039836837,2.709421039836837,2.709421039836837,2.709421039836837,2.709421039836837,2.709421039836837,2.709421039836837,2.709421039836837,2.709421039836837,2.709421039836837,2.709421039836837,2.709421039836837,2.709421039836837,2.709421039836837,2.709421039836837,2.709421039836837,2.709421039836837,2.709421039836837,2.709421039836837,2.709421039836837,2.709421039836837,2.709421039836837,2.709421039836837,2.709421039836837,2.709421039836837,2.709421039836837,2.709421039836837,2.709421039836837,2.709421039836837,2.709421039836837,2.709421039836837,2.709421039836837,2.709421039836837,2.709421039836837,2.709421039836837,2.709421039836837,2.709421039836837,2.709421039836837,2.709421039836837,2.709421039836837,2.709421039836837,2.709421039836837,2.709421039836837,2.709421039836837,2.709421039836837,2.709421039836837,2.709421039836837,2.709421039836837,2.709421039836837,2.709421039836837,2.709421039836837,2.709421039836837,2.709421039836837,2.709421039836837,2.709421039836837,2.709421039836837,2.709421039836837,2.709421039836837,2.709421039836837,2.709421039836837,2.709421039836837,2.709421039836837,2.709421039836837,2.709421039836837,2.709421039836837,2.709421039836837,2.709421039836837,2.709421039836837,2.709421039836837,2.709421039836837,2.709421039836837,2.709421039836837,2.709421039836837,2.709421039836837,2.709421039836837,2.709421039836837,2.709421039836837,2.709421039836837,2.709421039836837,2.709421039836837,2.709421039836837,2.709421039836837,2.709421039836837,2.709421039836837,2.709421039836837,2.709421039836837,2.709421039836837,2.709421039836837,2.709421039836837,2.709421039836837,2.709421039836837,2.709421039836837,2.709421039836837,2.709421039836837,2.709421039836837,2.709421039836837,2.709421039836837,2.709421039836837,2.709421039836837,2.709421039836837,2.709421039836837,2.709421039836837,2.709421039836837,2.709421039836837,2.709421039836837,2.709421039836837,2.709421039836837,2.709421039836837,2.709421039836837,2.709421039836837,2.709421039836837,2.709421039836837,2.709421039836837,2.709421039836837,2.709421039836837,2.709421039836837,2.709421039836837,2.709421039836837,2.709421039836837,2.709421039836837,2.709421039836837,2.709421039836837,2.709421039836837,2.709421039836837,2.709421039836837,2.709421039836837,2.709421039836837,2.709421039836837,2.709421039836837,2.709421039836837,2.709421039836837,2.709421039836837,2.709421039836837,2.709421039836837,2.709421039836837,2.709421039836837,2.709421039836837,2.709421039836837,2.709421039836837,2.709421039836837,2.709421039836837,2.709421039836837,2.709421039836837,2.709421039836837,2.709421039836837,2.709421039836837,2.709421039836837,2.709421039836837,2.709421039836837,2.709421039836837,2.709421039836837,2.709421039836837,2.709421039836837,2.709421039836837,2.709421039836837,2.709421039836837,2.709421039836837,2.709421039836837,2.709421039836837,2.709421039836837,2.709421039836837,2.709421039836837,2.709421039836837,2.709421039836837,2.709421039836837,2.709421039836837,2.709421039836837,2.709421039836837,2.709421039836837,2.709421039836837,2.709421039836837,2.709421039836837,2.709421039836837,2.709421039836837,2.709421039836837,2.709421039836837,2.709421039836837,2.709421039836837,2.709421039836837,2.709421039836837,2.709421039836837,2.709421039836837,2.709421039836837,2.709421039836837,2.709421039836837,2.709421039836837,2.709421039836837,2.709421039836837,2.709421039836837,2.709421039836837,2.709421039836837,2.709421039836837,2.709421039836837,2.709421039836837,2.709421039836837,2.709421039836837,2.709421039836837,2.709421039836837,2.709421039836837,2.709421039836837,2.709421039836837,2.709421039836837,2.709421039836837,2.709421039836837,2.709421039836837,2.709421039836837,2.709421039836837,2.709421039836837,2.709421039836837,2.709421039836837,2.709421039836837,2.709421039836837,2.709421039836837,2.709421039836837,2.709421039836837,2.709421039836837,2.709421039836837,2.709421039836837,2.709421039836837,2.709421039836837,2.709421039836837,2.709421039836837,2.709421039836837,2.709421039836837,2.709421039836837,2.709421039836837,2.709421039836837,2.709421039836837,2.709421039836837,2.709421039836837,2.709421039836837,2.709421039836837,2.709421039836837,2.709421039836837,2.709421039836837,2.709421039836837,2.709421039836837,2.709421039836837,2.709421039836837,2.709421039836837,2.709421039836837,2.709421039836837,2.709421039836837,2.709421039836837,2.709421039836837,2.709421039836837,2.709421039836837,2.709421039836837,2.709421039836837,2.709421039836837,2.709421039836837,2.709421039836837,2.709421039836837,2.709421039836837,2.709421039836837,2.709421039836837,2.709421039836837,2.709421039836837,2.709421039836837,2.709421039836837,2.709421039836837,2.709421039836837,2.709421039836837,2.709421039836837,2.709421039836837,2.709421039836837,2.709421039836837,2.709421039836837,2.709421039836837,2.709421039836837,2.709421039836837,2.709421039836837,2.709421039836837,2.709421039836837,2.709421039836837,2.709421039836837,2.709421039836837,2.709421039836837,2.709421039836837,2.709421039836837,2.709421039836837,2.709421039836837,2.709421039836837,2.709421039836837,2.709421039836837,2.709421039836837,2.709421039836837,2.709421039836837,2.709421039836837,2.709421039836837,2.709421039836837,2.709421039836837,2.709421039836837,2.709421039836837,2.709421039836837,2.709421039836837,2.709421039836837,2.709421039836837,2.709421039836837,2.709421039836837,2.709421039836837,2.709421039836837,2.709421039836837,2.709421039836837,2.709421039836837,7.72732208260832,7.72732208260832,7.72732208260832,7.72732208260832,7.72732208260832,7.72732208260832,7.72732208260832,7.72732208260832,7.72732208260832,7.72732208260832,7.72732208260832,7.72732208260832,7.72732208260832,7.72732208260832,7.72732208260832,7.72732208260832,7.72732208260832,7.72732208260832,7.72732208260832,7.72732208260832,7.72732208260832,7.72732208260832,7.72732208260832,7.72732208260832,7.386701488074802,7.386701488074802,7.386701488074802,7.386701488074802,7.386701488074802,7.334493092617896,7.334493092617896,7.334493092617896,7.334493092617896,7.334493092617896,7.334493092617896,7.334493092617896,7.334493092617896,7.334493092617896,7.334493092617896,7.334493092617896,7.334493092617896,7.334493092617896,7.334493092617896,7.334493092617896,7.334493092617896,7.334493092617896,7.334493092617896,7.334493092617896,7.334493092617896,7.334493092617896,7.334493092617896,7.334493092617896,7.334493092617896,7.334493092617896,7.334493092617896,7.334493092617896,7.334493092617896,7.334493092617896,7.334493092617896,7.334493092617896,7.334493092617896,7.334493092617896,7.334493092617896,7.334493092617896,7.334493092617896,7.334493092617896,7.334493092617896,7.334493092617896,7.334493092617896,7.334493092617896,7.334493092617896,7.334493092617896,7.334493092617896,7.334493092617896,7.334493092617896,7.334493092617896,7.334493092617896,7.334493092617896,7.334493092617896,7.334493092617896,7.334493092617896,7.334493092617896,7.334493092617896,7.334493092617896,7.334493092617896,7.334493092617896,7.334493092617896,7.334493092617896,7.334493092617896,7.334493092617896,7.334493092617896,7.334493092617896,7.334493092617896,7.334493092617896,7.334493092617896,7.334493092617896,7.326501292571393,7.326501292571393,7.326501292571393,7.326501292571393,7.326501292571393,7.326501292571393,7.326501292571393,7.326501292571393,7.326501292571393,7.326501292571393,7.326501292571393,7.326501292571393,7.326501292571393,7.326501292571393,7.326501292571393,7.326501292571393,7.326501292571393,7.326501292571393,7.326501292571393,7.326501292571393,7.326501292571393,7.326501292571393,7.326501292571393,7.326501292571393,7.326501292571393,7.326501292571393,7.326501292571393,7.326501292571393,7.326501292571393,7.326501292571393,7.326501292571393,7.326501292571393,7.326501292571393,7.326501292571393,7.326501292571393,7.326501292571393,7.326501292571393,7.326501292571393,7.326501292571393,7.326501292571393,7.326501292571393,7.325315415745383,7.325315415745383,7.325315415745383,7.325315415745383,7.325315415745383,7.325315415745383,7.325315415745383,7.325315415745383,7.325315415745383,7.325315415745383,7.325315415745383,7.325315415745383,7.325315415745383,7.325315415745383,7.325315415745383,7.325315415745383,7.325315415745383,7.325315415745383,7.325315415745383,7.325315415745383,7.325315415745383,7.325315415745383,7.325315415745383,7.325315415745383,7.325315415745383,7.325315415745383,7.325315415745383,7.325315415745383,7.325315415745383,7.325315415745383,7.325315415745383,7.318728613178233,7.318728613178233,7.318728613178233,7.318728613178233,7.318728613178233,7.318728613178233,7.318728613178233,7.318728613178233,7.318728613178233,7.318728613178233,7.318728613178233,7.318728613178233,7.318728613178233,7.318728613178233,7.318728613178233,7.318728613178233,7.318728613178233,7.318728613178233,7.318728613178233,7.318728613178233,7.318728613178233,7.318728613178233,7.318728613178233,7.318728613178233,7.318728613178233,7.318728613178233,7.318728613178233,7.318728613178233,7.318728613178233,7.318728613178233,7.318728613178233,7.318728613178233,7.318728613178233,7.318728613178233,7.318728613178233,7.318728613178233,7.318728613178233,7.318728613178233,7.318728613178233,7.318728613178233,7.318728613178233,7.318728613178233,7.318728613178233,7.318728613178233,7.318728613178233,7.318728613178233,7.318728613178233,7.318728613178233,7.318728613178233,7.318728613178233,7.318728613178233,7.318728613178233,7.318728613178233,7.318728613178233,7.318728613178233,7.318728613178233,7.318728613178233,7.318728613178233,7.318728613178233,7.318728613178233,7.318728613178233,7.318728613178233,7.318728613178233,7.318728613178233,7.318728613178233,7.318728613178233,7.318728613178233,7.318728613178233,7.318728613178233,7.318728613178233,7.318728613178233,7.318728613178233,7.318728613178233,7.318728613178233,7.318728613178233,7.318728613178233,7.318728613178233,7.318728613178233,7.318728613178233,7.318728613178233,7.318728613178233,7.318728613178233,7.318728613178233,7.318728613178233,7.318728613178233,7.318728613178233,7.318728613178233,7.318728613178233,7.318728613178233,7.318728613178233,7.318728613178233,7.318728613178233,7.318728613178233,7.318728613178233,7.318728613178233,7.318728613178233,7.318728613178233,7.318728613178233,7.318728613178233,7.318728613178233,7.318728613178233,7.318728613178233,7.318728613178233,7.318728613178233,7.318728613178233,7.318728613178233,7.318728613178233,7.318728613178233,7.318728613178233,7.318728613178233,7.318728613178233,7.318728613178233,7.318728613178233,7.318728613178233,7.318728613178233,7.318728613178233,7.318728613178233,7.318728613178233,7.318728613178233,7.318728613178233,7.318728613178233,7.318728613178233,7.318728613178233,7.318728613178233,7.318728613178233,7.318728613178233,7.318728613178233,7.318728613178233,7.318728613178233,7.318728613178233,7.318728613178233,7.318728613178233,7.318728613178233,7.318728613178233,7.318728613178233,7.318728613178233,7.318728613178233,7.318728613178233,7.318728613178233,7.318728613178233,7.318728613178233,7.318728613178233,7.318728613178233,7.318728613178233,7.318728613178233,7.318728613178233,7.318728613178233,7.318728613178233,7.318728613178233,7.318728613178233,7.318728613178233,7.318728613178233,7.318728613178233,7.318728613178233,7.318728613178233,7.318728613178233,7.318728613178233,7.318728613178233,7.318728613178233,7.318728613178233,7.318728613178233,7.318728613178233,7.318728613178233,7.318728613178233,7.318728613178233,7.318728613178233,7.318728613178233,7.318728613178233,7.318728613178233,7.318728613178233,7.318728613178233,7.318728613178233,7.318728613178233,7.318728613178233,7.318728613178233,7.318728613178233,7.318728613178233,7.318728613178233,7.318728613178233,7.318728613178233,7.318728613178233,7.318728613178233,7.318728613178233,7.318728613178233,7.318728613178233,7.318728613178233,7.318728613178233,7.318728613178233,7.318728613178233,7.318728613178233,7.318728613178233,7.318728613178233,7.318728613178233,7.318728613178233,7.318728613178233,7.318728613178233,7.318728613178233,7.318728613178233,7.318728613178233,7.318728613178233,7.318728613178233,7.318728613178233,7.318728613178233,7.318728613178233,7.318728613178233,7.318728613178233,7.318728613178233,7.318728613178233,7.318728613178233,7.318728613178233,7.318728613178233,7.318728613178233,7.318728613178233,7.318728613178233,7.318728613178233,7.318728613178233,7.318728613178233,7.318728613178233,7.318728613178233,7.318728613178233,7.318728613178233,7.318728613178233,7.318728613178233,7.318728613178233,7.318728613178233,7.318728613178233,7.318728613178233,7.318728613178233,7.318728613178233,7.318728613178233,7.318728613178233,7.318728613178233,7.318728613178233,7.318728613178233,7.318728613178233,7.318728613178233,7.318728613178233,7.318728613178233,6.996293736248562,6.996293736248562,6.996293736248562,6.996293736248562,6.996293736248562,6.721547523643976,6.721547523643976,6.721547523643976,6.517092867901189,6.198862892338428,6.198862892338428,5.917719970418012,5.917719970418012,5.716026164065392,5.716026164065392,5.639305657347417,5.639305657347417,5.639305657347417,5.481178581149724,5.481178581149724,5.481178581149724,5.481178581149724,5.481178581149724,5.481178581149724,5.481178581149724,5.481178581149724,5.481178581149724,5.481178581149724,5.481178581149724,5.481178581149724,5.481178581149724,5.481178581149724,5.481178581149724,5.481178581149724,5.481178581149724,5.481178581149724,5.481178581149724,5.481178581149724,5.481178581149724,5.481178581149724,5.481178581149724,5.481178581149724,5.481178581149724,5.481178581149724,5.481178581149724,5.481178581149724,5.481178581149724,5.481178581149724,5.481178581149724,5.481178581149724,5.481178581149724,5.481178581149724,5.481178581149724,5.481178581149724,5.481178581149724,5.481178581149724,5.481178581149724,5.481178581149724,5.481178581149724,5.481178581149724,5.481178581149724,5.481178581149724,5.481178581149724,5.481178581149724,5.481178581149724,5.481178581149724,5.481178581149724,5.481178581149724,5.481178581149724,5.481178581149724,5.481178581149724,5.481178581149724,5.481178581149724,5.481178581149724,5.481178581149724,5.481178581149724,5.481178581149724,5.481178581149724,5.481178581149724,5.481178581149724,5.481178581149724,5.481178581149724,5.481178581149724,5.481178581149724,5.481178581149724,5.481178581149724,5.481178581149724,5.481178581149724,5.481178581149724,5.481178581149724,5.481178581149724,5.481178581149724,5.481178581149724,5.481178581149724,5.481178581149724,5.481178581149724,5.481178581149724,5.481178581149724,5.481178581149724,5.481178581149724,5.481178581149724,5.481178581149724,5.481178581149724,5.481178581149724,5.481178581149724,5.481178581149724,5.481178581149724,5.481178581149724,5.481178581149724,5.481178581149724,5.481178581149724,5.481178581149724,5.481178581149724,5.481178581149724,5.481178581149724,5.481178581149724,5.481178581149724,5.481178581149724,5.481178581149724,5.481178581149724,5.481178581149724,5.481178581149724,5.481178581149724,5.481178581149724,5.481178581149724,5.481178581149724,5.481178581149724,5.481178581149724,5.481178581149724,5.481178581149724,5.481178581149724,5.481178581149724,5.481178581149724,5.481178581149724,5.481178581149724,5.481178581149724,5.481178581149724,5.481178581149724,5.481178581149724,5.481178581149724,5.481178581149724,5.481178581149724,5.481178581149724,5.481178581149724,5.481178581149724,5.481178581149724,5.481178581149724,5.481178581149724,5.481178581149724,5.481178581149724,5.481178581149724,5.481178581149724,5.481178581149724,5.481178581149724,5.481178581149724,5.481178581149724,5.481178581149724,5.481178581149724,5.481178581149724,5.481178581149724,5.481178581149724,5.481178581149724,5.481178581149724,5.481178581149724,5.481178581149724,5.481178581149724,5.481178581149724,5.481178581149724,5.481178581149724,5.481178581149724,5.481178581149724,5.481178581149724,5.481178581149724,5.481178581149724,5.481178581149724,5.481178581149724,5.481178581149724,5.481178581149724,5.481178581149724,5.481178581149724,5.481178581149724,5.481178581149724,5.481178581149724,5.481178581149724,5.481178581149724,5.481178581149724,5.481178581149724,5.481178581149724,5.481178581149724,5.481178581149724,5.481178581149724,5.481178581149724,5.481178581149724,5.481178581149724,5.481178581149724,5.481178581149724,5.481178581149724,5.481178581149724,5.481178581149724,5.481178581149724,5.481178581149724,5.481178581149724,5.481178581149724,5.481178581149724,5.481178581149724,5.481178581149724,5.481178581149724,5.481178581149724,5.481178581149724,5.481178581149724,5.481178581149724,5.481178581149724,5.481178581149724,5.481178581149724,5.481178581149724,5.481178581149724,5.481178581149724,5.481178581149724,5.481178581149724,5.481178581149724,5.481178581149724,5.481178581149724,5.481178581149724,5.481178581149724,5.481178581149724,5.481178581149724,5.481178581149724,5.481178581149724,5.481178581149724,5.481178581149724,5.481178581149724,5.481178581149724,5.481178581149724,5.481178581149724,5.481178581149724,5.481178581149724,5.481178581149724,5.481178581149724,5.481178581149724,5.481178581149724,5.481178581149724,5.481178581149724,5.481178581149724,5.481178581149724,5.481178581149724,5.481178581149724,5.481178581149724,5.481178581149724,5.481178581149724,5.481178581149724,5.481178581149724,5.481178581149724,5.481178581149724,5.481178581149724,5.481178581149724,5.481178581149724,5.481178581149724,5.481178581149724,5.481178581149724,5.481178581149724,5.481178581149724,5.481178581149724,5.481178581149724,5.481178581149724,5.481178581149724,5.481178581149724,5.481178581149724,5.481178581149724,5.481178581149724,5.481178581149724,5.481178581149724,5.481178581149724,5.481178581149724,5.481178581149724,5.481178581149724,5.481178581149724,5.481178581149724,5.481178581149724,5.481178581149724,5.481178581149724,5.481178581149724,5.481178581149724,5.481178581149724,5.481178581149724,5.481178581149724,5.481178581149724,5.481178581149724,5.481178581149724,5.481178581149724,5.481178581149724,5.481178581149724,5.481178581149724,5.481178581149724,5.481178581149724,5.481178581149724,5.481178581149724,5.481178581149724,5.481178581149724,5.481178581149724,5.481178581149724,5.481178581149724,5.481178581149724,5.481178581149724,5.481178581149724,5.481178581149724,5.481178581149724,5.481178581149724,5.481178581149724,5.481178581149724,5.481178581149724,5.481178581149724,5.481178581149724,5.481178581149724,5.481178581149724,5.481178581149724,5.481178581149724,5.481178581149724,5.481178581149724,5.481178581149724,5.481178581149724,5.481178581149724,5.481178581149724,5.481178581149724,5.481178581149724,5.481178581149724,5.481178581149724,5.481178581149724,5.481178581149724,5.481178581149724,5.481178581149724,5.481178581149724,5.481178581149724,5.481178581149724,5.481178581149724,5.481178581149724,5.481178581149724,5.481178581149724,5.481178581149724,5.481178581149724,5.481178581149724,5.481178581149724,5.481178581149724,5.481178581149724,5.481178581149724,5.481178581149724,5.481178581149724,5.481178581149724,5.481178581149724,5.481178581149724,5.481178581149724,5.481178581149724,5.481178581149724,5.481178581149724,5.481178581149724,5.481178581149724,5.481178581149724,5.481178581149724,5.481178581149724,5.481178581149724,5.481178581149724,5.481178581149724,5.481178581149724,5.481178581149724,5.481178581149724,5.481178581149724,5.481178581149724,5.481178581149724,5.481178581149724,5.481178581149724,5.481178581149724,5.481178581149724,5.481178581149724,5.481178581149724,5.481178581149724,5.481178581149724,5.481178581149724,5.481178581149724,5.481178581149724,5.481178581149724,5.481178581149724,5.481178581149724,5.481178581149724,5.481178581149724,5.481178581149724,5.481178581149724,5.481178581149724,5.481178581149724,5.481178581149724,5.481178581149724,5.481178581149724,5.481178581149724,5.481178581149724,5.481178581149724,5.481178581149724,5.481178581149724,5.481178581149724,5.481178581149724,5.481178581149724,5.481178581149724,5.481178581149724,5.481178581149724,5.481178581149724,5.481178581149724,5.481178581149724,5.481178581149724,5.481178581149724,5.481178581149724,5.481178581149724,5.481178581149724,5.481178581149724,5.481178581149724,5.481178581149724,5.481178581149724,5.481178581149724,5.481178581149724,5.481178581149724,5.481178581149724,5.481178581149724,5.481178581149724,5.481178581149724,5.481178581149724,5.481178581149724,5.481178581149724,5.481178581149724,5.481178581149724,5.481178581149724,5.481178581149724,5.481178581149724,5.481178581149724,5.481178581149724,5.481178581149724,5.481178581149724,5.481178581149724,5.481178581149724,5.481178581149724,5.481178581149724,5.481178581149724,5.481178581149724,5.481178581149724,5.481178581149724,5.481178581149724,5.481178581149724,5.481178581149724,5.481178581149724,5.481178581149724,5.481178581149724,5.481178581149724,5.481178581149724,5.481178581149724,5.481178581149724,5.481178581149724,5.481178581149724,5.481178581149724,5.481178581149724,5.481178581149724,5.481178581149724,5.481178581149724,5.481178581149724,5.481178581149724,5.481178581149724,5.481178581149724,5.481178581149724,5.481178581149724,5.481178581149724,5.481178581149724,5.481178581149724,5.481178581149724,5.481178581149724,5.481178581149724,5.481178581149724,5.481178581149724,5.481178581149724,5.481178581149724,5.481178581149724,5.481178581149724,5.481178581149724,5.481178581149724,5.481178581149724,5.481178581149724,5.481178581149724,5.481178581149724,5.481178581149724,5.481178581149724,5.481178581149724,5.481178581149724,5.481178581149724,5.481178581149724,5.481178581149724,5.481178581149724,5.481178581149724,5.481178581149724,5.481178581149724,5.481178581149724,5.481178581149724,5.481178581149724,5.481178581149724,5.481178581149724,5.481178581149724,5.481178581149724,5.481178581149724,5.481178581149724,5.481178581149724,5.481178581149724,5.481178581149724,5.481178581149724,5.481178581149724,5.481178581149724,5.481178581149724,5.481178581149724,5.481178581149724,5.481178581149724,5.481178581149724,5.481178581149724,5.481178581149724,5.481178581149724,5.481178581149724,5.481178581149724,5.481178581149724,5.481178581149724,5.481178581149724,5.481178581149724,5.481178581149724,5.481178581149724,5.481178581149724,5.481178581149724,5.481178581149724,5.481178581149724,5.481178581149724,5.481178581149724,5.481178581149724,5.481178581149724,5.481178581149724,5.481178581149724,5.481178581149724,5.481178581149724,5.481178581149724,5.481178581149724,5.481178581149724,5.481178581149724,5.481178581149724,5.481178581149724,5.481178581149724,5.481178581149724,5.481178581149724,5.481178581149724,5.481178581149724,5.481178581149724,5.481178581149724,5.481178581149724,5.481178581149724,5.481178581149724,5.481178581149724,5.481178581149724,5.481178581149724,5.481178581149724,5.481178581149724,5.481178581149724,5.481178581149724,5.481178581149724,5.481178581149724,5.481178581149724,5.481178581149724,5.481178581149724,5.481178581149724,5.481178581149724,5.481178581149724,5.481178581149724,5.481178581149724,5.481178581149724,5.481178581149724,5.481178581149724,5.481178581149724,5.481178581149724,5.481178581149724,5.481178581149724,5.481178581149724,5.481178581149724,5.481178581149724,5.481178581149724,5.481178581149724,5.481178581149724,5.481178581149724,5.481178581149724,5.481178581149724,5.481178581149724,5.481178581149724,5.481178581149724,5.481178581149724,5.481178581149724,5.481178581149724,5.481178581149724,5.481178581149724,5.481178581149724,5.481178581149724,7.767335902056949,7.61523199075486,7.173143398004457,7.173143398004457,7.173143398004457,7.173143398004457,7.173143398004457,7.173143398004457,7.173143398004457,7.173143398004457,7.173143398004457,6.751467607682283,6.46075276200567,6.46075276200567,6.46075276200567,6.46075276200567,6.46075276200567,6.46075276200567,6.352528563864465,6.352528563864465,6.352528563864465,6.352528563864465,6.352528563864465,6.352528563864465,6.352528563864465,6.352528563864465,6.352528563864465,6.352528563864465,6.352528563864465,6.352528563864465,6.352528563864465,6.352528563864465,6.352528563864465,6.352528563864465,6.352528563864465,6.352528563864465,6.352528563864465,6.352528563864465,6.352528563864465,6.352528563864465,6.352528563864465,6.352528563864465,6.352528563864465,6.352528563864465,6.352528563864465,6.352528563864465,6.352528563864465,6.352528563864465,6.352528563864465,6.352528563864465,6.352528563864465,6.352528563864465,6.352528563864465,6.352528563864465,6.352528563864465,6.352528563864465,6.352528563864465,6.352528563864465,6.352528563864465,6.352528563864465,6.352528563864465,6.352528563864465,6.352528563864465,6.352528563864465,6.352528563864465,6.352528563864465,6.352528563864465,6.352528563864465,6.352528563864465,6.352528563864465,6.352528563864465,6.352528563864465,6.164975239341948,6.164975239341948,6.164975239341948,6.164975239341948,6.164975239341948,6.164975239341948,6.164975239341948,6.164975239341948,6.164975239341948,6.164975239341948,6.164975239341948,6.164975239341948,6.164975239341948,6.164975239341948,6.164975239341948,6.164975239341948,6.164975239341948,6.164975239341948,6.164975239341948,6.164975239341948,6.164975239341948,6.164975239341948,6.164975239341948,6.164975239341948,6.164975239341948,6.164975239341948,6.164975239341948,6.164975239341948,6.164975239341948,6.164975239341948,6.164975239341948,6.164975239341948,6.164975239341948,6.164975239341948,6.164975239341948,6.145093670784344,6.145093670784344,6.145093670784344,6.145093670784344,6.145093670784344,6.145093670784344,6.145093670784344,6.145093670784344,6.145093670784344,6.145093670784344,6.145093670784344,6.145093670784344,6.145093670784344,6.145093670784344,6.145093670784344,6.145093670784344,6.145093670784344,6.145093670784344,6.145093670784344,6.145093670784344,6.145093670784344,6.145093670784344,6.145093670784344,6.145093670784344,6.145093670784344,6.145093670784344,6.145093670784344,6.145093670784344,6.145093670784344,6.145093670784344,6.145093670784344,6.145093670784344,6.145093670784344,6.145093670784344,6.145093670784344,6.145093670784344,6.145093670784344,6.145093670784344,6.145093670784344,6.145093670784344,6.145093670784344,6.145093670784344,6.145093670784344,6.145093670784344,6.145093670784344,6.145093670784344,6.145093670784344,6.145093670784344,6.145093670784344,6.145093670784344,6.145093670784344,6.145093670784344,6.145093670784344,6.145093670784344,6.145093670784344,6.145093670784344,6.145093670784344,6.145093670784344,6.145093670784344,6.145093670784344,6.145093670784344,6.145093670784344,6.145093670784344,6.145093670784344,6.145093670784344,6.145093670784344,6.145093670784344,6.145093670784344,6.145093670784344,6.145093670784344,6.145093670784344,6.145093670784344,6.145093670784344,6.145093670784344,6.145093670784344,6.145093670784344,6.145093670784344,6.145093670784344,6.145093670784344,6.145093670784344,6.145093670784344,6.145093670784344,6.145093670784344,6.145093670784344,6.145093670784344,6.145093670784344,6.145093670784344,6.145093670784344,6.145093670784344,6.145093670784344,6.145093670784344,6.145093670784344,6.145093670784344,6.145093670784344,6.145093670784344,6.145093670784344,6.145093670784344,6.145093670784344,6.145093670784344,6.145093670784344,6.145093670784344,6.145093670784344,6.145093670784344,6.145093670784344,6.145093670784344,6.145093670784344,6.145093670784344,6.145093670784344,6.145093670784344,6.145093670784344,6.145093670784344,6.145093670784344,6.145093670784344,6.145093670784344,6.145093670784344,6.145093670784344,6.145093670784344,6.145093670784344,6.145093670784344,6.145093670784344,6.145093670784344,6.145093670784344,6.145093670784344,6.145093670784344,6.145093670784344,6.145093670784344,6.145093670784344,6.145093670784344,6.145093670784344,6.145093670784344,6.145093670784344,6.145093670784344,6.145093670784344,6.145093670784344,6.145093670784344,6.145093670784344,6.145093670784344,6.145093670784344,6.145093670784344,6.145093670784344,6.145093670784344,6.145093670784344,6.145093670784344,6.145093670784344,6.145093670784344,6.145093670784344,6.145093670784344,6.145093670784344,6.145093670784344,6.145093670784344,6.145093670784344,6.145093670784344,6.145093670784344,6.145093670784344,6.145093670784344,6.145093670784344,6.145093670784344,6.145093670784344,6.145093670784344,6.145093670784344,6.145093670784344,6.145093670784344,6.145093670784344,6.145093670784344,6.145093670784344,6.145093670784344,6.145093670784344,6.145093670784344,6.145093670784344,6.145093670784344,6.145093670784344,6.145093670784344,6.145093670784344,6.145093670784344,6.145093670784344,6.145093670784344,6.145093670784344,6.145093670784344,6.145093670784344,6.145093670784344,6.145093670784344,6.145093670784344,6.145093670784344,6.145093670784344,6.145093670784344,6.145093670784344,6.145093670784344,5.879292663638357,5.879292663638357,5.879292663638357,5.879292663638357,5.879292663638357,5.879292663638357,5.879292663638357,5.879292663638357,5.879292663638357,5.879292663638357,5.879292663638357,5.879292663638357,5.879292663638357,5.879292663638357,5.879292663638357,5.879292663638357,5.879292663638357,5.879292663638357,5.879292663638357,5.879292663638357,5.879292663638357,5.879292663638357,5.879292663638357,5.879292663638357,5.879292663638357,5.879292663638357,5.879292663638357,5.879292663638357,5.879292663638357,5.879292663638357,5.879292663638357,5.879292663638357,5.879292663638357,5.879292663638357,5.879292663638357,5.879292663638357,5.879292663638357,5.879292663638357,5.879292663638357,5.879292663638357,5.879292663638357,5.879292663638357,5.879292663638357,5.879292663638357,5.879292663638357,5.879292663638357,5.879292663638357,5.879292663638357,5.879292663638357,5.879292663638357,5.879292663638357,5.879292663638357,5.879292663638357,5.879292663638357,5.879292663638357,5.879292663638357,5.879292663638357,5.879292663638357,5.879292663638357,5.879292663638357,5.879292663638357,5.879292663638357,5.879292663638357,5.879292663638357,5.879292663638357,5.879292663638357,5.879292663638357,5.879292663638357,5.879292663638357,5.879292663638357,5.879292663638357,5.879292663638357,5.879292663638357,5.879292663638357,5.879292663638357,5.879292663638357,5.879292663638357,5.879292663638357,5.879292663638357,5.879292663638357,5.879292663638357,5.879292663638357,5.879292663638357,5.879292663638357,5.879292663638357,5.879292663638357,5.879292663638357,5.879292663638357,5.879292663638357,5.879292663638357,5.879292663638357,5.879292663638357,5.879292663638357,5.879292663638357,5.879292663638357,5.879292663638357,5.879292663638357,5.879292663638357,5.879292663638357,5.879292663638357,5.879292663638357,5.879292663638357,5.879292663638357,5.879292663638357,5.879292663638357,5.879292663638357,5.879292663638357,5.879292663638357,5.879292663638357,5.879292663638357,5.879292663638357,5.879292663638357,5.879292663638357,5.879292663638357,5.879292663638357,5.879292663638357,5.879292663638357,5.879292663638357,5.879292663638357,5.879292663638357,5.879292663638357,5.879292663638357,5.879292663638357,5.879292663638357,5.879292663638357,5.879292663638357,5.879292663638357,5.879292663638357,5.879292663638357,5.879292663638357,5.879292663638357,5.879292663638357,5.879292663638357,5.879292663638357,5.879292663638357,5.879292663638357,5.879292663638357,5.879292663638357,5.879292663638357,5.879292663638357,5.879292663638357,5.879292663638357,5.879292663638357,5.879292663638357,5.879292663638357,5.879292663638357,5.879292663638357,5.879292663638357,5.879292663638357,5.879292663638357,5.879292663638357,5.879292663638357,5.879292663638357,5.879292663638357,5.879292663638357,5.879292663638357,5.879292663638357,5.879292663638357,5.879292663638357,5.879292663638357,5.879292663638357,5.879292663638357,5.879292663638357,5.879292663638357,5.879292663638357,5.879292663638357,5.879292663638357,5.879292663638357,5.879292663638357,5.879292663638357,5.879292663638357,5.879292663638357,5.879292663638357,5.879292663638357,5.879292663638357,5.879292663638357,5.879292663638357,5.879292663638357,5.879292663638357,5.879292663638357,5.879292663638357,5.879292663638357,5.879292663638357,5.879292663638357,5.879292663638357,5.879292663638357,5.879292663638357,5.879292663638357,5.879292663638357,5.879292663638357,5.879292663638357,5.879292663638357,5.879292663638357,5.879292663638357,5.879292663638357,5.879292663638357,5.879292663638357,5.879292663638357,5.879292663638357,5.879292663638357,5.879292663638357,5.879292663638357,5.879292663638357,5.879292663638357,5.879292663638357,5.879292663638357,5.879292663638357,5.879292663638357,5.879292663638357,5.879292663638357,5.879292663638357,5.879292663638357,5.879292663638357,5.879292663638357,5.879292663638357,5.879292663638357,5.879292663638357,5.879292663638357,5.879292663638357,5.879292663638357,5.879292663638357,5.879292663638357,5.879292663638357,5.879292663638357,5.879292663638357,5.879292663638357,5.879292663638357,5.879292663638357,5.879292663638357,5.879292663638357,5.879292663638357,5.879292663638357,5.879292663638357,5.879292663638357,5.879292663638357,5.879292663638357,5.879292663638357,5.879292663638357,5.879292663638357,5.879292663638357,5.879292663638357,5.879292663638357,5.879292663638357,5.879292663638357,5.879292663638357,5.879292663638357,5.879292663638357,5.879292663638357,5.879292663638357,5.879292663638357,5.879292663638357,5.879292663638357,5.879292663638357,5.879292663638357,5.879292663638357,5.879292663638357,5.879292663638357,5.879292663638357,5.879292663638357,5.879292663638357,5.879292663638357,5.879292663638357,5.879292663638357,5.879292663638357,5.879292663638357,5.879292663638357,5.879292663638357,5.879292663638357,5.879292663638357,4.921272156619461,4.921272156619461,4.921272156619461,4.921272156619461,4.921272156619461,4.921272156619461,4.7040782419195954,4.682390979871483,4.541597452836076,4.536914702487429,4.536914702487429,4.536914702487429,4.536914702487429,4.536914702487429,4.536914702487429,4.536914702487429,4.536914702487429,4.536914702487429,4.536914702487429,4.536914702487429,4.536914702487429,4.536914702487429,4.536914702487429,4.536914702487429,4.419282948181957,4.419282948181957,4.419282948181957,4.419282948181957,4.419282948181957,4.419282948181957,4.419282948181957,4.419282948181957,4.419282948181957,4.419282948181957,4.419282948181957,4.419282948181957,4.419282948181957,4.419282948181957,4.419282948181957,4.419282948181957,4.419282948181957,4.419282948181957,4.419282948181957,4.419282948181957,4.419282948181957,4.419282948181957,4.419282948181957,4.419282948181957,4.419282948181957,4.419282948181957,4.419282948181957,4.419282948181957,4.419282948181957,4.419282948181957,4.419282948181957,4.419282948181957,4.419282948181957,4.419282948181957,4.419282948181957,4.419282948181957,4.419282948181957,4.419282948181957,4.419282948181957,4.419282948181957,4.419282948181957,4.419282948181957,4.419282948181957,4.419282948181957,4.419282948181957,4.419282948181957,4.419282948181957,4.419282948181957,4.419282948181957,4.419282948181957,4.419282948181957,4.419282948181957,4.419282948181957,4.419282948181957,4.419282948181957,4.419282948181957,4.419282948181957,4.419282948181957,4.419282948181957,4.419282948181957,4.419282948181957,4.419282948181957,4.419282948181957,4.419282948181957,4.419282948181957,4.419282948181957,4.419282948181957,4.419282948181957,4.419282948181957,4.419282948181957,4.419282948181957,4.419282948181957,4.419282948181957,4.419282948181957,4.419282948181957,4.419282948181957,4.419282948181957,4.419282948181957,4.419282948181957,4.419282948181957,4.419282948181957,4.419282948181957,4.419282948181957,4.419282948181957,4.419282948181957,4.419282948181957,4.419282948181957,4.419282948181957,4.419282948181957,4.419282948181957,4.419282948181957,4.419282948181957,4.419282948181957,4.419282948181957,4.419282948181957,4.419282948181957,4.419282948181957,4.419282948181957,4.419282948181957,4.412666410894979,4.412666410894979,4.412666410894979,4.412666410894979,4.412666410894979,4.412666410894979,4.412666410894979,4.412666410894979,4.412666410894979,4.412666410894979,4.412666410894979,4.412666410894979,4.412666410894979,4.412666410894979,4.412666410894979,4.412666410894979,4.412666410894979,4.412666410894979,4.412666410894979,4.412666410894979,4.412666410894979,4.412666410894979,4.412666410894979,4.412666410894979,4.412666410894979,4.412666410894979,4.412666410894979,4.412666410894979,4.412666410894979,4.412666410894979,4.412666410894979,4.412666410894979,4.412666410894979,4.412666410894979,4.412666410894979,4.412666410894979,4.412666410894979,4.412666410894979,4.412666410894979,4.412666410894979,4.412666410894979,4.412666410894979,4.412666410894979,4.412666410894979,4.412666410894979,4.412666410894979,4.412666410894979,4.412666410894979,4.412666410894979,4.412666410894979,4.412666410894979,4.412666410894979,4.412666410894979,4.412666410894979,4.412666410894979,4.412666410894979,4.412666410894979,4.412666410894979,4.412666410894979,4.412666410894979,4.412666410894979,4.412666410894979,4.412666410894979,4.412666410894979,4.412666410894979,4.412666410894979,4.412666410894979,4.412666410894979,4.412666410894979,4.412666410894979,4.412666410894979,4.412666410894979,4.412666410894979,4.412666410894979,4.412666410894979,4.412666410894979,4.412666410894979,4.412666410894979,4.412666410894979,4.392830832026144,4.392830832026144,4.392830832026144,4.392830832026144,4.392830832026144,4.392830832026144,4.392830832026144,4.392830832026144,4.392830832026144,4.392830832026144,4.392830832026144,4.392830832026144,4.392830832026144,4.392830832026144,4.392830832026144,4.392830832026144,4.392830832026144,4.392830832026144,4.392830832026144,4.392830832026144,4.392830832026144,4.392830832026144,4.392830832026144,4.392830832026144,4.392830832026144,4.392830832026144,4.392830832026144,4.392830832026144,4.392830832026144,4.392830832026144,4.392830832026144,4.392830832026144,4.392830832026144,4.392830832026144,4.392830832026144,4.392830832026144,4.392830832026144,4.392830832026144,4.392830832026144,4.392830832026144,4.392830832026144,4.392830832026144,4.392830832026144,4.392830832026144,4.392830832026144,4.392830832026144,4.392830832026144,4.392830832026144,4.392830832026144,4.392830832026144,4.392830832026144,4.392830832026144,4.392830832026144,4.392830832026144,4.392830832026144,4.392830832026144,4.392830832026144,4.392830832026144,4.392830832026144,4.392830832026144,4.392830832026144,4.392830832026144,4.392830832026144,4.392830832026144,4.392830832026144,4.392830832026144,4.392830832026144,4.392830832026144,4.392830832026144,4.392830832026144,4.392830832026144,4.392830832026144,4.392830832026144,4.392830832026144,4.392830832026144,4.392830832026144,4.392830832026144,4.392830832026144,4.392830832026144,4.392830832026144,4.392830832026144,4.392830832026144,4.392830832026144,4.392830832026144,4.392830832026144,4.392830832026144,4.392830832026144,4.392830832026144,4.392830832026144,4.392830832026144,4.392830832026144,4.392830832026144,4.392830832026144,4.392830832026144,4.392830832026144,4.392830832026144,4.392830832026144,4.392830832026144,4.392830832026144,4.392830832026144,4.392830832026144,4.392830832026144,4.392830832026144,4.392830832026144,4.392830832026144,4.392830832026144,4.392830832026144,4.392830832026144,4.392830832026144,4.392830832026144,4.392830832026144,4.392830832026144,4.392830832026144,4.392830832026144,4.392830832026144,4.392830832026144,4.392830832026144,4.392830832026144,4.392830832026144,4.392830832026144,4.392830832026144,4.392830832026144,4.392830832026144,4.392830832026144,4.392830832026144,4.392830832026144,4.392830832026144,4.392830832026144,4.392830832026144,4.392830832026144,4.392830832026144,4.392830832026144,4.392830832026144,4.392830832026144,4.392830832026144,4.392830832026144,4.392830832026144,4.392830832026144,4.392830832026144,4.392830832026144,4.392830832026144,4.392830832026144,4.392830832026144,4.392830832026144,4.392830832026144,4.392830832026144,4.392830832026144,4.392830832026144,4.392830832026144,4.392830832026144,4.392830832026144,4.392830832026144,4.392830832026144,4.392830832026144,4.392830832026144,4.392830832026144,4.392830832026144,4.392830832026144,4.392830832026144,4.392830832026144,4.392830832026144,4.392830832026144,4.392830832026144,4.392830832026144,4.392830832026144,4.392830832026144,4.392830832026144,4.392830832026144,4.392830832026144,4.392830832026144,4.392830832026144,4.392830832026144,4.392830832026144,4.392830832026144,4.392830832026144,4.392830832026144,4.392830832026144,4.392830832026144,4.392830832026144,4.392830832026144,4.392830832026144,4.392830832026144,4.392830832026144,4.392830832026144,4.392830832026144,4.392830832026144,4.392830832026144,4.392830832026144,4.392830832026144,4.392830832026144,4.392830832026144,4.392830832026144,4.392830832026144,4.392830832026144,4.392830832026144,4.392830832026144,4.392830832026144,4.392830832026144,4.392830832026144,4.392830832026144,4.392830832026144,4.392830832026144,4.392830832026144,4.392830832026144,4.392830832026144,4.392830832026144,4.392830832026144,4.392830832026144,4.392830832026144,4.392830832026144,4.392830832026144,4.392830832026144,4.392830832026144,4.392830832026144,4.392830832026144,4.392830832026144,4.392830832026144,4.392830832026144,4.392830832026144,4.392830832026144,4.392830832026144,4.392830832026144,4.392830832026144,4.392830832026144,4.392830832026144,4.392830832026144,4.392830832026144,4.392830832026144,4.392830832026144,4.392830832026144,4.392830832026144,4.392830832026144,4.392830832026144,4.392830832026144,4.392830832026144,8.554503475885483,8.554503475885483,7.8047688017974,7.8047688017974,7.8047688017974,7.8047688017974,7.8047688017974,7.8047688017974,7.8047688017974,7.658600141605105,7.658600141605105,7.658600141605105,7.658600141605105,7.658600141605105,7.658600141605105,7.658600141605105,7.658600141605105,7.658600141605105,7.484440378217405,7.484440378217405,7.484440378217405,7.484440378217405,7.395513969577082,7.395513969577082,7.395513969577082,7.395513969577082,7.395513969577082,7.395513969577082,7.395513969577082,7.395513969577082,7.395513969577082,7.395513969577082,7.395513969577082,7.395513969577082,7.395513969577082,7.395513969577082,7.395513969577082,7.395513969577082,7.395513969577082,7.324314608359875,7.324314608359875,7.324314608359875,7.324314608359875,7.324314608359875,7.324314608359875,7.324314608359875,7.324314608359875,7.324314608359875,7.324314608359875,7.324314608359875,7.324314608359875,7.324314608359875,7.324314608359875,7.0883109002955695,7.0883109002955695,7.0883109002955695,7.0883109002955695,7.0883109002955695,7.0883109002955695,7.0883109002955695,7.0883109002955695,7.0883109002955695,7.0883109002955695,7.0883109002955695,7.0883109002955695,7.0883109002955695,7.0883109002955695,7.0883109002955695,7.0883109002955695,7.0883109002955695,7.0883109002955695,7.0883109002955695,7.0883109002955695,7.0883109002955695,7.0883109002955695,7.0883109002955695,7.0883109002955695,7.0883109002955695,7.0883109002955695,7.0883109002955695,7.0883109002955695,7.0883109002955695,7.0883109002955695,7.0883109002955695,7.0883109002955695,7.0883109002955695,7.0883109002955695,7.0883109002955695,7.0883109002955695,7.0883109002955695,7.0883109002955695,7.0883109002955695,7.0883109002955695,7.0883109002955695,7.0883109002955695,7.0883109002955695,7.0883109002955695,7.0883109002955695,7.0883109002955695,7.0883109002955695,7.0883109002955695,7.0883109002955695,7.0883109002955695,7.0883109002955695,7.0883109002955695,7.0883109002955695,7.0883109002955695,7.0883109002955695,7.0883109002955695,7.0883109002955695,7.0883109002955695,7.0883109002955695,7.0883109002955695,7.0883109002955695,7.0883109002955695,7.0883109002955695,7.0883109002955695,7.0883109002955695,7.0883109002955695,7.0883109002955695,7.0883109002955695,7.0883109002955695,7.0883109002955695,7.0883109002955695,7.0883109002955695,7.0883109002955695,7.0883109002955695,7.0883109002955695,7.0883109002955695,7.0883109002955695,7.0883109002955695,7.0883109002955695,7.0883109002955695,7.0883109002955695,7.0883109002955695,7.0883109002955695,7.0883109002955695,7.0883109002955695,7.0883109002955695,7.0883109002955695,7.0883109002955695,7.0883109002955695,7.0883109002955695,7.0883109002955695,7.0883109002955695,7.0883109002955695,7.0883109002955695,7.0883109002955695,7.0883109002955695,7.0883109002955695,7.0883109002955695,7.0883109002955695,7.0883109002955695,7.0883109002955695,7.0883109002955695,7.0883109002955695,7.0883109002955695,7.0883109002955695,7.0883109002955695,7.0883109002955695,7.0883109002955695,7.0883109002955695,7.0883109002955695,7.0883109002955695,7.0883109002955695,7.0883109002955695,7.0883109002955695,7.0883109002955695,7.0883109002955695,7.0883109002955695,7.0883109002955695,7.0883109002955695,7.0883109002955695,7.0883109002955695,7.0883109002955695,7.0883109002955695,7.0883109002955695,7.0883109002955695,7.0883109002955695,7.0883109002955695,7.0883109002955695,7.0883109002955695,7.0883109002955695,7.0883109002955695,7.0883109002955695,7.0883109002955695,7.0883109002955695,7.0883109002955695,7.0883109002955695,7.0883109002955695,7.0883109002955695,7.0883109002955695,7.0883109002955695,7.0883109002955695,7.0883109002955695,7.0883109002955695,7.0883109002955695,7.0883109002955695,7.0883109002955695,7.0883109002955695,7.0883109002955695,7.0883109002955695,7.0883109002955695,7.0883109002955695,7.0883109002955695,7.0883109002955695,7.0883109002955695,7.0883109002955695,7.0883109002955695,7.0883109002955695,7.0883109002955695,7.0883109002955695,7.0883109002955695,7.0883109002955695,7.0883109002955695,7.0883109002955695,7.0883109002955695,7.0883109002955695,7.0883109002955695,7.0883109002955695,7.0883109002955695,7.0883109002955695,7.0883109002955695,7.0883109002955695,7.0883109002955695,7.0883109002955695,7.0883109002955695,7.0883109002955695,7.0883109002955695,7.0883109002955695,7.0883109002955695,7.0883109002955695,7.0883109002955695,7.0883109002955695,7.0883109002955695,7.0883109002955695,7.0883109002955695,7.0883109002955695,7.0883109002955695,7.0883109002955695,7.0883109002955695,7.0883109002955695,7.0883109002955695,7.0883109002955695,7.0883109002955695,7.0883109002955695,7.0883109002955695,7.0883109002955695,7.0883109002955695,7.0883109002955695,7.0883109002955695,7.0883109002955695,7.0883109002955695,7.0883109002955695,7.0883109002955695,7.0883109002955695,7.0883109002955695,7.0883109002955695,7.0883109002955695,7.0883109002955695,7.0883109002955695,7.0883109002955695,7.0883109002955695,7.0883109002955695,7.0883109002955695,7.0883109002955695,7.0883109002955695,7.0883109002955695,7.0883109002955695,7.0883109002955695,7.0883109002955695,7.0883109002955695,7.0883109002955695,7.0883109002955695,7.0883109002955695,7.0883109002955695,7.0883109002955695,7.0883109002955695,7.0883109002955695,7.0883109002955695,7.0883109002955695,7.0883109002955695,7.0883109002955695,7.0883109002955695,7.0883109002955695,7.0883109002955695,7.0883109002955695,7.0883109002955695,7.0883109002955695,7.0883109002955695,7.0883109002955695,7.0883109002955695,7.0883109002955695,7.0883109002955695,7.0883109002955695,7.0883109002955695,7.0883109002955695,7.0883109002955695,7.0883109002955695,7.0883109002955695,7.0883109002955695,7.0883109002955695,7.0883109002955695,7.0883109002955695,7.0883109002955695,7.0883109002955695,7.0883109002955695,6.354807617700137,5.882550689673538,5.882550689673538,5.815716957267144,5.636471926037863,5.259349108013315,5.151522063251213,5.151522063251213,5.151522063251213,5.151522063251213,5.151522063251213,5.151522063251213,5.151522063251213,5.151522063251213,5.151522063251213,5.151522063251213,5.151522063251213,5.151522063251213,5.151522063251213,5.151522063251213,5.151522063251213,5.151522063251213,5.151522063251213,5.151522063251213,5.151522063251213,5.151522063251213,5.151522063251213,5.151522063251213,5.151522063251213,5.151522063251213,5.151522063251213,5.151522063251213,5.151522063251213,5.151522063251213,5.151522063251213,5.151522063251213,5.151522063251213,5.151522063251213,5.151522063251213,5.151522063251213,5.151522063251213,5.151522063251213,5.151522063251213,5.151522063251213,5.151522063251213,5.151522063251213,5.151522063251213,5.151522063251213,5.151522063251213,5.151522063251213,5.151522063251213,5.151522063251213,5.151522063251213,5.151522063251213,5.151522063251213,5.151522063251213,5.151522063251213,5.151522063251213,5.151522063251213,5.151522063251213,5.151522063251213,5.151522063251213,5.151522063251213,5.151522063251213,5.151522063251213,5.151522063251213,5.151522063251213,5.151522063251213,5.151522063251213,5.151522063251213,5.151522063251213,5.1005707525903,5.1005707525903,5.1005707525903,5.1005707525903,5.054838860195619,5.054838860195619,5.054838860195619,5.054838860195619,5.054838860195619,5.054838860195619,5.054838860195619,5.054838860195619,5.054838860195619,5.054838860195619,5.054838860195619,5.054838860195619,5.002788821391604,5.002788821391604,5.002788821391604,5.002788821391604,5.002788821391604,5.002788821391604,5.002788821391604,5.002788821391604,5.002788821391604,4.966255318196784,4.850971261598743,4.850971261598743,4.850971261598743,4.850971261598743,4.850971261598743,4.850971261598743,4.850971261598743,4.850971261598743,4.850971261598743,4.850971261598743,4.850971261598743,4.850971261598743,4.850971261598743,4.850971261598743,4.850971261598743,4.850971261598743,4.850971261598743,4.850971261598743,4.850971261598743,4.850971261598743,4.850971261598743,4.850971261598743,4.850971261598743,4.850971261598743,4.850971261598743,4.850971261598743,4.850971261598743,4.850971261598743,4.850971261598743,4.850971261598743,4.850971261598743,4.850971261598743,4.850971261598743,4.850971261598743,4.850971261598743,4.850971261598743,4.850971261598743,4.850971261598743,4.850971261598743,4.850971261598743,4.850971261598743,4.850971261598743,4.850971261598743,4.850971261598743,4.850971261598743,4.850971261598743,4.850971261598743,4.850971261598743,4.850971261598743,4.850971261598743,4.850971261598743,4.850971261598743,4.850971261598743,4.850971261598743,4.850971261598743,4.850971261598743,4.850971261598743,4.850971261598743,4.850971261598743,4.850971261598743,4.850971261598743,4.850971261598743,4.850971261598743,4.850971261598743,4.850971261598743,4.850971261598743,4.850971261598743,4.850971261598743,4.850971261598743,4.850971261598743,4.850971261598743,4.850971261598743,4.850971261598743,4.850971261598743,4.850971261598743,4.850971261598743,4.850971261598743,4.850971261598743,4.850971261598743,4.850971261598743,4.850971261598743,4.850971261598743,4.850971261598743,4.850971261598743,4.850971261598743,4.850971261598743,4.850971261598743,4.850971261598743,4.850971261598743,4.850971261598743,4.850971261598743,4.850971261598743,4.850971261598743,4.850971261598743,4.850971261598743,4.850971261598743,4.850971261598743,4.850971261598743,4.850971261598743,4.850971261598743,4.850971261598743,4.850971261598743,4.850971261598743,4.850971261598743,4.850971261598743,4.850971261598743,4.850971261598743,4.850971261598743,4.850971261598743,4.850971261598743,4.850971261598743,4.850971261598743,4.850971261598743,4.850971261598743,4.850971261598743,4.850971261598743,4.850971261598743,4.850971261598743,4.850971261598743,4.850971261598743,4.850971261598743,4.850971261598743,4.850971261598743,4.850971261598743,4.850971261598743,4.850971261598743,4.850971261598743,4.850971261598743,4.850971261598743,4.850971261598743,4.850971261598743,4.850971261598743,4.850971261598743,4.850971261598743,4.850971261598743,4.850971261598743,4.850971261598743,4.850971261598743,4.850971261598743,4.850971261598743,4.850971261598743,4.850971261598743,4.850971261598743,4.850971261598743,4.850971261598743,4.850971261598743,4.850971261598743,4.850971261598743,4.850971261598743,4.850971261598743,4.850971261598743,4.850971261598743,4.850971261598743,4.850971261598743,4.850971261598743,4.850971261598743,4.850971261598743,4.850971261598743,4.850971261598743,4.850971261598743,4.850971261598743,4.850971261598743,4.850971261598743,4.850971261598743,4.850971261598743,4.850971261598743,4.850971261598743,4.850971261598743,4.850971261598743,4.850971261598743,4.850971261598743,4.850971261598743,4.850971261598743,4.850971261598743,4.850971261598743,4.850971261598743,4.850971261598743,4.850971261598743,4.850971261598743,4.850971261598743,4.850971261598743,4.850971261598743,4.850971261598743,4.850971261598743,4.850971261598743,4.850971261598743,4.850971261598743,4.850971261598743,4.850971261598743,4.850971261598743,4.850971261598743,4.850971261598743,4.850971261598743,4.850971261598743,4.850971261598743,4.850971261598743,4.850971261598743,4.850971261598743,4.850971261598743,4.850971261598743,4.850971261598743,4.850971261598743,4.850971261598743,4.850971261598743,4.850971261598743,4.850971261598743,4.850971261598743,4.850971261598743,4.850971261598743,4.850971261598743,4.850971261598743,4.850971261598743,4.850971261598743,4.850971261598743,4.850971261598743,4.850971261598743,4.850971261598743,4.850971261598743,4.850971261598743,4.850971261598743,4.850971261598743,4.850971261598743,4.850971261598743,4.850971261598743,4.850971261598743,4.850971261598743,4.850971261598743,4.850971261598743,4.850971261598743,4.850971261598743,4.850971261598743,4.850971261598743,4.850971261598743,4.850971261598743,4.850971261598743,4.850971261598743,4.850971261598743,4.850971261598743,4.850971261598743,4.850971261598743,4.850971261598743,4.850971261598743,4.850971261598743,4.850971261598743,4.850971261598743,4.850971261598743,4.850971261598743,4.850971261598743,4.850971261598743,4.850971261598743,4.850971261598743,4.850971261598743,4.850971261598743,4.850971261598743,4.850971261598743,4.850971261598743,4.850971261598743,4.850971261598743,4.850971261598743,4.850971261598743,4.850971261598743,4.850971261598743,4.850971261598743,4.850971261598743,4.850971261598743,4.850971261598743,4.850971261598743,4.850971261598743,4.850971261598743,4.850971261598743,4.850971261598743,4.850971261598743,4.850971261598743,4.850971261598743,4.850971261598743,4.850971261598743,4.850971261598743,4.850971261598743,4.850971261598743,4.850971261598743,4.850971261598743,4.850971261598743,4.850971261598743,4.850971261598743,4.850971261598743,4.850971261598743,4.850971261598743,4.850971261598743,4.850971261598743,4.850971261598743,4.850971261598743,4.850971261598743,4.850971261598743,4.850971261598743,4.850971261598743,4.850971261598743,4.850971261598743,4.850971261598743,4.850971261598743,4.850971261598743,4.850971261598743,4.850971261598743,4.850971261598743,4.850971261598743,4.850971261598743,4.850971261598743,4.850971261598743,4.850971261598743,4.850971261598743,4.850971261598743,4.850971261598743,4.850971261598743,4.850971261598743,4.850971261598743,4.850971261598743,4.850971261598743,4.850971261598743,4.850971261598743,4.850971261598743,4.850971261598743,4.850971261598743,4.850971261598743,4.850971261598743,4.850971261598743,4.850971261598743,4.850971261598743,4.850971261598743,4.850971261598743,4.850971261598743,4.850971261598743,4.850971261598743,4.850971261598743,4.850971261598743,4.850971261598743,4.850971261598743,4.850971261598743,4.850971261598743,4.850971261598743,4.850971261598743,4.850971261598743,4.850971261598743,4.850971261598743,4.850971261598743,4.850971261598743,4.850971261598743,4.850971261598743,4.850971261598743,4.850971261598743,4.850971261598743,4.850971261598743,4.850971261598743,4.850971261598743,4.850971261598743,4.850971261598743,4.850971261598743,4.850971261598743,4.850971261598743,4.850971261598743,4.850971261598743,4.850971261598743,4.850971261598743,4.850971261598743,4.850971261598743,4.850971261598743,4.850971261598743,4.850971261598743,4.850971261598743,4.850971261598743,4.850971261598743,4.209493467640759,4.209493467640759,4.1717695444200675,3.896655066905128,3.896655066905128,3.896655066905128,3.896655066905128,3.896655066905128,3.896655066905128,3.896655066905128,3.896655066905128,3.896655066905128,3.896655066905128,3.896655066905128,3.896655066905128,3.896655066905128,3.896655066905128,3.896655066905128,3.896655066905128,3.896655066905128,3.896655066905128,3.896655066905128,3.896655066905128,3.896655066905128,3.896655066905128,3.896655066905128,3.896655066905128,3.896655066905128,3.896655066905128,3.896655066905128,3.896655066905128,3.896655066905128,3.896655066905128,3.896655066905128,3.896655066905128,3.896655066905128,3.896655066905128,3.896655066905128,3.896655066905128,3.896655066905128,3.896655066905128,3.896655066905128,3.896655066905128,3.896655066905128,3.896655066905128,3.896655066905128,3.896655066905128,3.896655066905128,3.896655066905128,3.896655066905128,3.896655066905128,3.896655066905128,3.896655066905128,3.896655066905128,3.896655066905128,3.896655066905128,3.896655066905128,3.896655066905128,3.896655066905128,3.896655066905128,3.896655066905128,3.896655066905128,3.896655066905128,3.896655066905128,3.896655066905128,3.896655066905128,3.896655066905128,3.896655066905128,3.896655066905128,3.896655066905128,3.896655066905128,3.896655066905128,3.896655066905128,3.896655066905128,3.896655066905128,3.896655066905128,3.896655066905128,3.896655066905128,3.896655066905128,3.896655066905128,3.896655066905128,3.896655066905128,3.896655066905128,3.896655066905128,3.896655066905128,3.896655066905128,3.896655066905128,3.896655066905128,3.896655066905128,3.896655066905128,3.896655066905128,3.896655066905128,3.896655066905128,3.896655066905128,3.896655066905128,3.896655066905128,3.896655066905128,3.896655066905128,3.896655066905128,3.896655066905128,3.896655066905128,3.896655066905128,3.896655066905128,3.896655066905128,3.896655066905128,3.896655066905128,3.896655066905128,3.896655066905128,3.896655066905128,3.896655066905128,3.896655066905128,3.896655066905128,3.896655066905128,3.896655066905128,3.896655066905128,3.896655066905128,3.896655066905128,3.896655066905128,3.896655066905128,3.896655066905128,3.896655066905128,3.896655066905128,3.896655066905128,3.896655066905128,3.896655066905128,3.896655066905128,3.896655066905128,3.896655066905128,3.896655066905128,3.896655066905128,3.896655066905128,3.896655066905128,3.896655066905128,3.896655066905128,3.896655066905128,3.896655066905128,3.896655066905128,3.896655066905128,3.896655066905128,3.896655066905128,3.896655066905128,3.896655066905128,3.896655066905128,3.896655066905128,3.896655066905128,3.896655066905128,3.896655066905128,3.896655066905128,3.896655066905128,3.896655066905128,3.896655066905128,3.896655066905128,3.896655066905128,3.896655066905128,3.896655066905128,3.896655066905128,3.896655066905128,3.896655066905128,3.896655066905128,3.896655066905128,3.896655066905128,3.896655066905128,3.896655066905128,3.896655066905128,3.896655066905128,3.896655066905128,3.896655066905128,3.896655066905128,3.896655066905128,3.896655066905128,3.896655066905128,3.896655066905128,3.896655066905128,3.896655066905128,3.896655066905128,3.896655066905128,3.896655066905128,3.896655066905128,3.896655066905128,3.896655066905128,3.896655066905128,3.896655066905128,3.896655066905128,3.896655066905128,3.896655066905128,3.896655066905128,3.896655066905128,3.896655066905128,3.896655066905128,3.896655066905128,3.896655066905128,3.896655066905128,3.896655066905128,3.896655066905128,3.896655066905128,3.896655066905128,3.896655066905128,3.896655066905128,3.896655066905128,3.896655066905128,3.896655066905128,3.896655066905128,3.896655066905128,3.896655066905128,3.896655066905128,3.896655066905128,3.896655066905128,3.896655066905128,3.896655066905128,3.896655066905128,3.896655066905128,3.896655066905128,3.896655066905128,3.896655066905128,3.896655066905128,3.896655066905128,3.896655066905128,3.896655066905128,3.896655066905128,3.896655066905128,3.896655066905128,3.896655066905128,3.896655066905128,3.896655066905128,3.896655066905128,3.896655066905128,3.896655066905128,6.595580248682726,5.8787449259912545,5.8787449259912545,5.8787449259912545,5.8787449259912545,5.8787449259912545,5.8787449259912545,5.8787449259912545,5.8787449259912545,5.8787449259912545,5.8787449259912545,5.8787449259912545,5.8787449259912545,5.8787449259912545,5.8787449259912545,5.8787449259912545,5.8787449259912545,5.8787449259912545,5.8787449259912545,5.8787449259912545,5.8787449259912545,5.8787449259912545,5.8787449259912545,5.8787449259912545,5.8787449259912545,5.8787449259912545,5.8787449259912545,5.8787449259912545,5.8787449259912545,5.60525192145157,5.60525192145157,5.60525192145157,5.60525192145157,5.60525192145157,5.60525192145157,5.60525192145157,5.60525192145157,5.60525192145157,5.60525192145157,5.60525192145157,5.60525192145157,5.60525192145157,5.60525192145157,5.60525192145157,5.60525192145157,5.60525192145157,5.60525192145157,5.60525192145157,5.60525192145157,5.60525192145157,5.60525192145157,5.60525192145157,5.60525192145157,5.60525192145157,5.60525192145157,5.60525192145157,5.60525192145157,5.60525192145157,5.60525192145157,5.60525192145157,5.60525192145157,5.60525192145157,5.60525192145157,5.60525192145157,5.60525192145157,5.60525192145157,5.60525192145157,5.60525192145157,5.60525192145157,5.60525192145157,5.60525192145157,5.60525192145157,5.60525192145157,5.60525192145157,5.60525192145157,5.60525192145157,5.60525192145157,5.60525192145157,5.60525192145157,5.60525192145157,5.60525192145157,5.60525192145157,5.60525192145157,5.60525192145157,5.60525192145157,5.60525192145157,5.60525192145157,5.60525192145157,5.60525192145157,5.60525192145157,5.60525192145157,5.60525192145157,5.60525192145157,5.60525192145157,5.60525192145157,5.60525192145157,5.60525192145157,5.60525192145157,5.60525192145157,5.60525192145157,5.60525192145157,5.60525192145157,4.305307061321642,4.305307061321642,4.305307061321642,4.305307061321642,4.305307061321642,4.305307061321642,4.305307061321642,4.305307061321642,4.305307061321642,4.305307061321642,4.305307061321642,4.305307061321642,4.305307061321642,4.305307061321642,4.305307061321642,4.305307061321642,4.305307061321642,4.305307061321642,4.305307061321642,4.305307061321642,4.305307061321642,4.305307061321642,4.305307061321642,4.305307061321642,4.305307061321642,4.305307061321642,4.305307061321642,4.305307061321642,4.305307061321642,4.305307061321642,4.305307061321642,4.305307061321642,4.305307061321642,4.305307061321642,4.305307061321642,4.305307061321642,4.305307061321642,4.305307061321642,4.305307061321642,4.305307061321642,4.305307061321642,4.305307061321642,4.305307061321642,4.305307061321642,4.305307061321642,4.305307061321642,4.305307061321642,4.235510464458533,4.235510464458533,4.235510464458533,4.235510464458533,4.235510464458533,4.235510464458533,4.235510464458533,4.235510464458533,4.235510464458533,4.235510464458533,4.235510464458533,4.235510464458533,4.235510464458533,4.235510464458533,4.235510464458533,4.235510464458533,4.235510464458533,4.235510464458533,4.235510464458533,4.235510464458533,4.235510464458533,4.235510464458533,4.235510464458533,4.235510464458533,4.235510464458533,4.235510464458533,4.235510464458533,4.235510464458533,4.235510464458533,4.235510464458533,4.235510464458533,3.9480928680105283,3.9480928680105283,3.9480928680105283,3.9480928680105283,3.9480928680105283,3.9480928680105283,3.9480928680105283,3.9480928680105283,3.9480928680105283,3.9480928680105283,3.9480928680105283,3.9480928680105283,3.9480928680105283,3.9480928680105283,3.9480928680105283,3.9480928680105283,3.9480928680105283,3.9480928680105283,3.9480928680105283,3.9480928680105283,3.9480928680105283,3.9480928680105283,3.9480928680105283,3.9480928680105283,3.9480928680105283,3.9480928680105283,3.9480928680105283,3.9480928680105283,3.9480928680105283,3.9480928680105283,3.9480928680105283,3.9480928680105283,3.9480928680105283,3.9480928680105283,3.9480928680105283,3.9480928680105283,3.9480928680105283,3.9480928680105283,3.9480928680105283,3.9480928680105283,3.9480928680105283,3.9480928680105283,3.9480928680105283,3.9480928680105283,3.9480928680105283,3.9480928680105283,3.9480928680105283,3.9480928680105283,3.9480928680105283,3.9480928680105283,3.9480928680105283,3.9480928680105283,3.9480928680105283,3.9480928680105283,3.9480928680105283,3.9480928680105283,3.9480928680105283,3.9480928680105283,3.9480928680105283,3.9480928680105283,3.9480928680105283,3.9480928680105283,3.9480928680105283,3.9480928680105283,3.9480928680105283,3.9480928680105283,3.9480928680105283,3.9480928680105283,3.9480928680105283,3.9480928680105283,3.9480928680105283,3.9480928680105283,3.9480928680105283,3.9480928680105283,3.9480928680105283,3.9480928680105283,3.9480928680105283,3.9480928680105283,3.9480928680105283,3.9480928680105283,3.9480928680105283,3.9480928680105283,3.9480928680105283,3.9480928680105283,3.9480928680105283,3.9480928680105283,3.9480928680105283,3.9480928680105283,3.9480928680105283,3.9480928680105283,3.9480928680105283,3.9480928680105283,3.9480928680105283,3.9480928680105283,3.9480928680105283,3.9480928680105283,3.9480928680105283,3.9480928680105283,3.9480928680105283,3.9480928680105283,3.9480928680105283,3.9480928680105283,3.9480928680105283,3.9480928680105283,3.9480928680105283,3.9480928680105283,3.9480928680105283,3.9480928680105283,3.9480928680105283,3.9480928680105283,3.9480928680105283,3.9480928680105283,3.9480928680105283,3.9480928680105283,3.9480928680105283,3.9480928680105283,3.9480928680105283,3.9480928680105283,3.9480928680105283,3.9480928680105283,3.9480928680105283,3.9480928680105283,3.9480928680105283,3.9480928680105283,3.9480928680105283,3.9480928680105283,3.9480928680105283,3.9480928680105283,3.9480928680105283,3.9480928680105283,3.9480928680105283,3.9480928680105283,3.9480928680105283,3.9480928680105283,3.9480928680105283,3.9480928680105283,3.9480928680105283,3.9480928680105283,3.9480928680105283,3.9480928680105283,3.9480928680105283,3.9480928680105283,3.9480928680105283,3.9480928680105283,3.9480928680105283,3.9480928680105283,3.9480928680105283,3.9480928680105283,3.9480928680105283,3.9480928680105283,3.9480928680105283,3.9480928680105283,3.9480928680105283,3.9480928680105283,3.9480928680105283,3.9480928680105283,3.9480928680105283,3.9480928680105283,3.9480928680105283,3.9480928680105283,3.9480928680105283,3.9480928680105283,3.9480928680105283,3.9480928680105283,3.9480928680105283,3.9480928680105283,3.9480928680105283,3.9480928680105283,3.9480928680105283,3.9480928680105283,3.9480928680105283,3.9480928680105283,3.9480928680105283,3.9480928680105283,3.9480928680105283,3.9480928680105283,3.9480928680105283,3.9480928680105283,3.9480928680105283,3.9480928680105283,3.9480928680105283,3.9480928680105283,3.9480928680105283,3.9480928680105283,3.9480928680105283,3.9480928680105283,3.9480928680105283,3.9480928680105283,3.9480928680105283,3.9480928680105283,3.9480928680105283,3.9480928680105283,3.9480928680105283,3.9480928680105283,3.9480928680105283,3.9480928680105283,3.9480928680105283,3.9480928680105283,3.9480928680105283,3.9480928680105283,3.9480928680105283,3.9480928680105283,3.9480928680105283,3.9480928680105283,3.9480928680105283,3.9480928680105283,3.9480928680105283,3.9480928680105283,3.9480928680105283,3.9480928680105283,3.9480928680105283,3.9480928680105283,3.9480928680105283,3.9480928680105283,3.9480928680105283,3.9480928680105283,3.9480928680105283,3.9480928680105283,3.9480928680105283,3.9480928680105283,3.9480928680105283,3.9480928680105283,3.9480928680105283,3.9480928680105283,3.9480928680105283,3.9480928680105283,3.9480928680105283,3.9480928680105283,3.9480928680105283,3.9480928680105283,3.9480928680105283,3.9480928680105283,3.9480928680105283,3.9480928680105283,3.9480928680105283,3.9480928680105283,3.9480928680105283,3.9480928680105283,3.9480928680105283,3.9480928680105283,3.9480928680105283,3.9480928680105283,3.9480928680105283,3.9480928680105283,3.9480928680105283,3.9480928680105283,3.9480928680105283,3.9480928680105283,3.9480928680105283,3.9480928680105283,3.9480928680105283,3.9480928680105283,3.9480928680105283,3.9480928680105283,3.9480928680105283,3.9480928680105283,3.9480928680105283,3.9480928680105283,3.9480928680105283,3.9480928680105283,3.9480928680105283,3.9480928680105283,3.9480928680105283,3.9480928680105283,3.9480928680105283,3.9480928680105283,3.9480928680105283,3.9480928680105283,3.9480928680105283,3.9480928680105283,3.9480928680105283,3.9480928680105283,3.9480928680105283,3.9480928680105283,3.9480928680105283,3.9480928680105283,3.9480928680105283,3.9480928680105283,3.9480928680105283,3.9480928680105283,3.9480928680105283,3.9480928680105283,3.9480928680105283,3.9480928680105283,3.9480928680105283,3.9480928680105283,3.9480928680105283,3.9480928680105283,3.9480928680105283,3.9480928680105283,3.9480928680105283,3.9480928680105283,3.9480928680105283,3.9480928680105283,3.9480928680105283,3.9480928680105283,3.9480928680105283,3.9480928680105283,3.9480928680105283,3.9480928680105283,3.9480928680105283,3.9480928680105283,3.9480928680105283,3.9480928680105283,3.9480928680105283,3.9480928680105283,3.9480928680105283,3.9480928680105283,3.9480928680105283,3.9480928680105283,3.9480928680105283,3.9480928680105283,3.9480928680105283,3.9480928680105283,3.9480928680105283,3.9480928680105283,3.9480928680105283,3.9480928680105283,3.9480928680105283,3.9480928680105283,3.9480928680105283,3.9480928680105283,3.9480928680105283,3.9480928680105283,3.9480928680105283,3.9480928680105283,3.9480928680105283,3.9480928680105283,3.9480928680105283,3.9480928680105283,3.9480928680105283,3.9480928680105283,3.9480928680105283,3.9480928680105283,3.9480928680105283,3.9480928680105283,3.9480928680105283,3.9480928680105283,3.9480928680105283,3.9480928680105283,3.9480928680105283,3.9480928680105283,3.9480928680105283,3.9480928680105283,3.9480928680105283,3.9480928680105283,3.9480928680105283,3.9480928680105283,3.9480928680105283,3.9480928680105283,3.9480928680105283,3.9480928680105283,3.9480928680105283,3.9480928680105283,3.9480928680105283,3.9480928680105283,3.9480928680105283,3.9480928680105283,3.9480928680105283,3.9480928680105283,3.9480928680105283,3.9480928680105283,3.9480928680105283,3.9480928680105283,3.9480928680105283,3.9480928680105283,3.9480928680105283,3.9480928680105283,3.9480928680105283,3.9480928680105283,3.9480928680105283,3.9480928680105283,3.9480928680105283,3.9480928680105283,3.9480928680105283,3.9480928680105283,3.9480928680105283,3.9480928680105283,3.9480928680105283,3.9480928680105283,3.9480928680105283,3.9480928680105283,3.9480928680105283,3.9480928680105283,3.9480928680105283,3.9480928680105283,3.9480928680105283,3.9480928680105283,3.9480928680105283,3.9480928680105283,3.9480928680105283,3.9480928680105283,3.9480928680105283,3.9480928680105283,3.9480928680105283,3.9480928680105283,3.9480928680105283,3.9480928680105283,3.9480928680105283,3.9480928680105283,3.9480928680105283,3.9480928680105283,3.9480928680105283,3.9480928680105283,3.9480928680105283,3.9480928680105283,3.9480928680105283,3.9480928680105283,3.9480928680105283,3.9480928680105283,3.9480928680105283,3.9480928680105283,3.9480928680105283,3.9480928680105283,3.9480928680105283,3.9480928680105283,3.9480928680105283,3.9480928680105283,3.9480928680105283,3.9480928680105283,3.9480928680105283,3.9480928680105283,3.9480928680105283,3.9480928680105283,3.9480928680105283,3.9480928680105283,3.9480928680105283,3.9480928680105283,3.9480928680105283,3.9480928680105283,3.9480928680105283,3.9480928680105283,3.9480928680105283,3.9480928680105283,3.9480928680105283,3.9480928680105283,3.9480928680105283,3.9480928680105283,3.9480928680105283,3.9480928680105283,3.9480928680105283,3.9480928680105283,3.9480928680105283,3.9480928680105283,3.9480928680105283,3.9480928680105283,3.9480928680105283,3.9480928680105283,3.9480928680105283,3.9480928680105283,3.9480928680105283,3.9480928680105283,3.9480928680105283,3.9480928680105283,3.9480928680105283,3.9480928680105283,3.9480928680105283,3.9480928680105283,3.9480928680105283,3.9480928680105283,3.9480928680105283,3.9480928680105283,3.9480928680105283,3.9480928680105283,3.9480928680105283,3.9480928680105283,3.9480928680105283,3.9480928680105283,3.9480928680105283,3.9480928680105283,3.9480928680105283,3.9480928680105283,3.9480928680105283,3.9480928680105283,3.9480928680105283,3.9480928680105283,3.9480928680105283,3.9480928680105283,3.9480928680105283,3.9480928680105283,3.9480928680105283,3.9480928680105283,3.9480928680105283,3.9480928680105283,3.9480928680105283,3.9480928680105283,3.9480928680105283,3.9480928680105283,3.9480928680105283,3.9480928680105283,3.9480928680105283,3.9480928680105283,3.9480928680105283,3.9480928680105283,3.9480928680105283,3.9480928680105283,3.9480928680105283,3.9480928680105283,3.9480928680105283,3.9480928680105283,3.9480928680105283,3.9480928680105283,3.9480928680105283,3.9480928680105283,3.9480928680105283,3.9480928680105283,3.9480928680105283,3.9480928680105283,3.9480928680105283,3.9480928680105283,3.9480928680105283,3.9480928680105283,3.9480928680105283,3.9480928680105283,3.9480928680105283,3.9480928680105283,3.9480928680105283,3.9480928680105283,3.9480928680105283,3.9480928680105283,3.9480928680105283,3.9480928680105283,3.9480928680105283,3.9480928680105283,3.9480928680105283,3.9480928680105283,3.9480928680105283,3.9480928680105283,3.9480928680105283,3.9480928680105283,3.9480928680105283,3.9480928680105283,3.9480928680105283,3.9480928680105283,3.9480928680105283,3.9480928680105283,3.9480928680105283,3.9480928680105283,3.9480928680105283,3.9480928680105283,3.9480928680105283,3.9480928680105283,3.9480928680105283,3.9480928680105283,3.9480928680105283,3.9480928680105283,3.9480928680105283,3.9480928680105283,3.9480928680105283,3.9480928680105283,3.9480928680105283,3.9480928680105283,3.9480928680105283,3.9480928680105283,3.9480928680105283,3.9480928680105283,3.9480928680105283,3.9480928680105283,3.9480928680105283,3.9480928680105283,3.9480928680105283,3.9480928680105283,3.9480928680105283,3.9480928680105283,3.9480928680105283,3.9480928680105283,3.9480928680105283,3.9480928680105283,3.9480928680105283,3.9480928680105283,3.9480928680105283,3.9480928680105283,3.9480928680105283,3.9480928680105283,3.9480928680105283,3.9480928680105283,3.9480928680105283,3.9480928680105283,3.9480928680105283,3.9480928680105283,3.9480928680105283,3.9480928680105283,3.9480928680105283,3.9480928680105283,3.9480928680105283,3.9480928680105283,3.9480928680105283,3.9480928680105283,3.9480928680105283,3.9480928680105283,3.9480928680105283,3.9480928680105283,3.9480928680105283,3.9480928680105283,3.9480928680105283,3.9480928680105283,3.9480928680105283,3.9480928680105283,3.9480928680105283,3.9480928680105283,3.9480928680105283,3.9480928680105283,3.9480928680105283,3.9480928680105283,3.9480928680105283,3.9480928680105283,3.9480928680105283,3.9480928680105283,3.9480928680105283,3.9480928680105283,3.9480928680105283,3.9480928680105283,3.9480928680105283,3.9480928680105283,3.9480928680105283,3.9480928680105283,3.9480928680105283,3.9480928680105283,3.9480928680105283,3.9480928680105283,3.9480928680105283,3.9480928680105283,3.9480928680105283,3.9480928680105283,3.9480928680105283,3.9480928680105283,3.9480928680105283,3.9480928680105283,3.9480928680105283,3.9480928680105283,3.9480928680105283,3.9480928680105283,3.9480928680105283,3.9480928680105283,3.9480928680105283,3.9480928680105283,3.9480928680105283,3.9480928680105283,3.9480928680105283,3.9480928680105283,3.9480928680105283,3.9480928680105283,3.9480928680105283,3.9480928680105283,3.9480928680105283,3.9480928680105283,3.9480928680105283,3.9480928680105283,3.9480928680105283,3.9480928680105283,3.9480928680105283,3.9480928680105283,3.9480928680105283,3.9480928680105283,3.9480928680105283,3.9480928680105283,3.9480928680105283,3.9480928680105283,3.9480928680105283,3.9480928680105283,3.9480928680105283,3.9480928680105283,3.9480928680105283,3.9480928680105283,3.9480928680105283,3.9480928680105283,3.9480928680105283,3.9480928680105283,3.9480928680105283,3.9480928680105283,3.9480928680105283,3.9480928680105283,3.9480928680105283,3.9480928680105283,3.9480928680105283,3.9480928680105283,3.9480928680105283,3.9480928680105283,3.9480928680105283,3.9480928680105283,3.9480928680105283,3.9480928680105283,3.9480928680105283,3.9480928680105283,3.9480928680105283,3.9480928680105283,3.9480928680105283,3.9480928680105283,3.9480928680105283,3.9480928680105283,3.9480928680105283,3.9480928680105283,3.9480928680105283,3.9480928680105283,3.9480928680105283,3.9480928680105283,3.9480928680105283,3.9480928680105283,3.9480928680105283,3.9480928680105283,3.9480928680105283,3.9480928680105283,3.9480928680105283,3.9480928680105283,3.9480928680105283,3.9480928680105283,3.9480928680105283,3.9480928680105283,3.9480928680105283,3.9480928680105283,3.9480928680105283,3.9480928680105283,3.9480928680105283,3.9480928680105283,3.9480928680105283,3.9480928680105283,3.9480928680105283,3.9480928680105283,3.9480928680105283,3.9480928680105283,3.9480928680105283,3.9480928680105283,3.9480928680105283,3.9480928680105283,3.9480928680105283,3.9480928680105283,3.9480928680105283,3.9480928680105283,3.9480928680105283,3.9480928680105283,3.9480928680105283,3.9480928680105283,3.9480928680105283,3.9480928680105283,3.9480928680105283,3.9480928680105283,3.9480928680105283,3.9480928680105283,3.9480928680105283,3.9480928680105283,3.9480928680105283,3.9480928680105283,3.9480928680105283,3.9480928680105283,3.9480928680105283,3.9480928680105283,3.9480928680105283,3.9480928680105283,3.9480928680105283,3.9480928680105283,3.9480928680105283,3.9480928680105283,3.9480928680105283,3.9480928680105283,3.9480928680105283,3.9480928680105283,3.9480928680105283,3.9480928680105283,3.9480928680105283,3.9480928680105283,3.9480928680105283,3.9480928680105283,3.9480928680105283,3.9480928680105283,3.9480928680105283,3.9480928680105283,3.9480928680105283,3.9480928680105283,3.9480928680105283,3.9480928680105283,3.9480928680105283,3.9480928680105283,3.9480928680105283,3.9480928680105283,3.9480928680105283,3.9480928680105283,3.9480928680105283,3.9480928680105283,3.9480928680105283,3.9480928680105283,3.9480928680105283,3.9480928680105283,3.9480928680105283,3.9480928680105283,3.9480928680105283,3.9480928680105283,3.9480928680105283,3.9480928680105283,3.9480928680105283,3.9480928680105283,3.9480928680105283,3.9480928680105283,3.9480928680105283,3.9480928680105283,3.9480928680105283,3.9480928680105283,3.9480928680105283,3.9480928680105283,3.9480928680105283,3.9480928680105283,3.9480928680105283,3.9480928680105283,3.9480928680105283,3.9480928680105283,3.9480928680105283,3.9480928680105283,3.9480928680105283,3.9480928680105283,3.9480928680105283,3.9480928680105283,3.9480928680105283,3.9480928680105283,3.9480928680105283,3.9480928680105283,3.9480928680105283,3.9480928680105283,3.9480928680105283,3.9480928680105283,3.9480928680105283,3.9480928680105283,7.300633089203536,6.8052933902948025,6.8052933902948025,6.8052933902948025,6.8052933902948025,6.8052933902948025,6.8052933902948025,6.8052933902948025,6.8052933902948025,6.8052933902948025,6.8052933902948025,6.8052933902948025,6.8052933902948025,6.403822975947986,6.403822975947986,6.403822975947986,6.403822975947986,6.403822975947986,6.403822975947986,6.403822975947986,6.403822975947986,6.403822975947986,6.403822975947986,6.403822975947986,6.403822975947986,6.403822975947986,6.403822975947986,6.403822975947986,6.203801417565256,6.203801417565256,6.203801417565256,6.203801417565256,6.203801417565256,6.203801417565256,6.203801417565256,6.203801417565256,6.203801417565256,6.203801417565256,6.203801417565256,6.203801417565256,6.203801417565256,6.203801417565256,6.203801417565256,6.203801417565256,6.203801417565256,6.203801417565256,6.203801417565256,6.203801417565256,6.203801417565256,6.203801417565256,6.203801417565256,6.203801417565256,6.203801417565256,6.203801417565256,6.203801417565256,6.203801417565256,6.203801417565256,6.203801417565256,6.203801417565256,6.203801417565256,6.203801417565256,6.203801417565256,6.203801417565256,6.203801417565256,6.203801417565256,6.203801417565256,6.203801417565256,6.203801417565256,6.203801417565256,6.203801417565256,6.203801417565256,6.203801417565256,6.203801417565256,6.203801417565256,6.203801417565256,6.203801417565256,6.203801417565256,6.203801417565256,6.203801417565256,6.203801417565256,6.203801417565256,6.203801417565256,6.203801417565256,6.203801417565256,6.203801417565256,6.203801417565256,6.203801417565256,6.203801417565256,6.203801417565256,6.203801417565256,6.203801417565256,6.203801417565256,6.203801417565256,6.203801417565256,6.203801417565256,6.203801417565256,6.203801417565256,6.203801417565256,6.203801417565256,6.203801417565256,6.203801417565256,6.203801417565256,6.203801417565256,6.203801417565256,6.203801417565256,6.203801417565256,6.203801417565256,6.203801417565256,6.203801417565256,6.203801417565256,6.203801417565256,6.203801417565256,6.203801417565256,6.203801417565256,6.203801417565256,6.203801417565256,6.203801417565256,6.203801417565256,6.203801417565256,6.203801417565256,6.203801417565256,6.203801417565256,6.203801417565256,6.203801417565256,6.203801417565256,6.203801417565256,6.203801417565256,6.203801417565256,6.203801417565256,6.203801417565256,6.203801417565256,6.203801417565256,6.203801417565256,6.203801417565256,6.203801417565256,6.203801417565256,6.203801417565256,6.203801417565256,6.203801417565256,6.203801417565256,6.203801417565256,6.203801417565256,6.203801417565256,6.203801417565256,6.203801417565256,6.203801417565256,6.203801417565256,6.203801417565256,6.203801417565256,6.203801417565256,6.203801417565256,6.203801417565256,6.203801417565256,6.203801417565256,6.203801417565256,6.203801417565256,6.203801417565256,6.203801417565256,6.203801417565256,6.203801417565256,6.203801417565256,6.203801417565256,6.203801417565256,6.203801417565256,6.203801417565256,6.203801417565256,6.203801417565256,6.203801417565256,6.203801417565256,6.203801417565256,6.203801417565256,6.203801417565256,6.203801417565256,6.203801417565256,6.203801417565256,6.203801417565256,6.203801417565256,6.123777921355691,6.123777921355691,6.123777921355691,6.123777921355691,6.123777921355691,6.123777921355691,6.123777921355691,6.123777921355691,6.123777921355691,6.123777921355691,6.123777921355691,6.123777921355691,6.123777921355691,6.123777921355691,6.123777921355691,6.123777921355691,5.797752509465999,5.797752509465999,5.797752509465999,5.797752509465999,5.797752509465999,5.797752509465999,5.797752509465999,5.797752509465999,5.797752509465999,5.797752509465999,5.797752509465999,5.797752509465999,5.797752509465999,5.797752509465999,5.797752509465999,5.797752509465999,5.797752509465999,5.797752509465999,5.797752509465999,5.797752509465999,5.797752509465999,5.797752509465999,5.797752509465999,5.797752509465999,5.797752509465999,5.797752509465999,5.797752509465999,5.797752509465999,5.797752509465999,5.797752509465999,5.797752509465999,5.797752509465999,5.797752509465999,5.797752509465999,5.797752509465999,5.797752509465999,5.797752509465999,5.797752509465999,5.797752509465999,5.797752509465999,5.797752509465999,5.797752509465999,5.797752509465999,5.797752509465999,5.797752509465999,5.797752509465999,5.797752509465999,5.797752509465999,5.797752509465999,5.797752509465999,5.797752509465999,5.797752509465999,5.797752509465999,5.797752509465999,5.797752509465999,5.797752509465999,5.797752509465999,5.797752509465999,5.797752509465999,5.797752509465999,5.797752509465999,5.797752509465999,5.797752509465999,5.797752509465999,5.797752509465999,5.797752509465999,5.797752509465999,5.797752509465999,5.797752509465999,5.797752509465999,5.797752509465999,5.797752509465999,5.797752509465999,5.797752509465999,5.797752509465999,5.797752509465999,5.797752509465999,5.797752509465999,5.797752509465999,5.797752509465999,5.797752509465999,5.797752509465999,5.797752509465999,5.797752509465999,5.797752509465999,5.797752509465999,5.797752509465999,5.797752509465999,5.797752509465999,5.797752509465999,5.797752509465999,5.797752509465999,5.797752509465999,5.797752509465999,5.797752509465999,5.797752509465999,5.797752509465999,5.797752509465999,5.797752509465999,5.797752509465999,5.797752509465999,5.797752509465999,5.797752509465999,5.797752509465999,5.797752509465999,5.797752509465999,5.797752509465999,5.797752509465999,5.797752509465999,5.797752509465999,5.797752509465999,5.797752509465999,5.797752509465999,5.797752509465999,5.797752509465999,5.797752509465999,5.797752509465999,5.797752509465999,5.797752509465999,5.797752509465999,5.797752509465999,5.797752509465999,5.797752509465999,5.797752509465999,5.797752509465999,5.797752509465999,5.797752509465999,5.797752509465999,5.797752509465999,5.797752509465999,5.797752509465999,5.797752509465999,5.797752509465999,5.797752509465999,5.797752509465999,5.797752509465999,5.797752509465999,5.797752509465999,5.797752509465999,5.797752509465999,5.797752509465999,5.797752509465999,5.797752509465999,5.797752509465999,5.797752509465999,5.797752509465999,5.797752509465999,5.797752509465999,5.797752509465999,5.797752509465999,5.797752509465999,5.797752509465999,5.797752509465999,5.797752509465999,5.797752509465999,5.797752509465999,5.797752509465999,5.797752509465999,5.797752509465999,5.797752509465999,5.797752509465999,5.797752509465999,5.797752509465999,5.797752509465999,5.797752509465999,5.797752509465999,5.797752509465999,5.797752509465999,5.797752509465999,5.797752509465999,5.797752509465999,5.797752509465999,5.797752509465999,5.797752509465999,5.797752509465999,5.797752509465999,5.797752509465999,5.797752509465999,5.797752509465999,5.797752509465999,5.797752509465999,5.797752509465999,5.797752509465999,5.797752509465999,5.797752509465999,5.797752509465999,5.797752509465999,5.797752509465999,5.797752509465999,5.797752509465999,5.797752509465999,5.797752509465999,5.797752509465999,5.797752509465999,5.797752509465999,5.797752509465999,5.797752509465999,5.797752509465999,5.797752509465999,5.797752509465999,5.6755885700019055,5.6755885700019055,5.6755885700019055,5.568203723500891,5.568203723500891,5.568203723500891,5.568203723500891,5.568203723500891,5.343118673522424,5.343118673522424,5.343118673522424,5.343118673522424,5.343118673522424,5.343118673522424,5.343118673522424,5.091833230480103,5.091833230480103,5.091833230480103,5.091833230480103,5.091833230480103,5.091833230480103,5.091833230480103,5.091833230480103,5.091833230480103,5.091833230480103,5.091833230480103,5.091833230480103,5.091833230480103,5.091833230480103,5.091833230480103,5.091833230480103,5.091833230480103,5.091833230480103,5.091833230480103,5.091833230480103,5.091833230480103,5.091833230480103,5.091833230480103,5.091833230480103,5.091833230480103,5.091833230480103,5.091833230480103,5.091833230480103,5.091833230480103,5.091833230480103,5.091833230480103,5.091833230480103,5.091833230480103,5.091833230480103,5.091833230480103,5.091833230480103,5.091833230480103,5.091833230480103,5.091833230480103,5.091833230480103,5.091833230480103,5.091833230480103,5.091833230480103,5.091833230480103,5.091833230480103,5.091833230480103,5.091833230480103,5.091833230480103,5.091833230480103,5.091833230480103,5.091833230480103,5.091833230480103,5.091833230480103,5.091833230480103,5.091833230480103,5.091833230480103,5.091833230480103,5.091833230480103,5.091833230480103,5.091833230480103,5.091833230480103,5.091833230480103,5.091833230480103,5.091833230480103,5.091833230480103,5.091833230480103,5.091833230480103,5.091833230480103,5.091833230480103,5.091833230480103,5.091833230480103,5.091833230480103,5.091833230480103,5.091833230480103,5.091833230480103,5.091833230480103,5.091833230480103,5.091833230480103,5.091833230480103,5.091833230480103,5.091833230480103,5.091833230480103,5.091833230480103,5.091833230480103,5.091833230480103,5.091833230480103,5.091833230480103,5.091833230480103,5.091833230480103,5.091833230480103,5.091833230480103,5.091833230480103,5.091833230480103,5.091833230480103,5.091833230480103,5.091833230480103,5.091833230480103,5.091833230480103,5.091833230480103,5.091833230480103,5.091833230480103,5.091833230480103,5.091833230480103,5.091833230480103,5.091833230480103,5.091833230480103,5.091833230480103,5.091833230480103,5.091833230480103,5.091833230480103,5.091833230480103,5.091833230480103,5.091833230480103,5.091833230480103,5.091833230480103,5.091833230480103,5.091833230480103,5.091833230480103,5.091833230480103,5.091833230480103,5.091833230480103,5.091833230480103,5.091833230480103,5.091833230480103,5.091833230480103,5.091833230480103,5.091833230480103,5.091833230480103,5.091833230480103,5.091833230480103,5.091833230480103,5.091833230480103,5.091833230480103,5.091833230480103,5.091833230480103,5.091833230480103,5.091833230480103,5.091833230480103,5.091833230480103,5.091833230480103,5.091833230480103,5.091833230480103,5.091833230480103,5.091833230480103,5.091833230480103,5.091833230480103,5.091833230480103,5.091833230480103,5.091833230480103,5.091833230480103,5.091833230480103,5.091833230480103,5.091833230480103,5.091833230480103,5.091833230480103,5.091833230480103,5.091833230480103,5.091833230480103,5.091833230480103,5.091833230480103,5.091833230480103,5.091833230480103,5.091833230480103,5.091833230480103,5.091833230480103,5.091833230480103,5.091833230480103,5.091833230480103,5.091833230480103,5.091833230480103,5.091833230480103,5.091833230480103,5.091833230480103,5.091833230480103,5.091833230480103,5.091833230480103,5.091833230480103,5.091833230480103,5.091833230480103,5.091833230480103,5.091833230480103,5.091833230480103,5.091833230480103,5.091833230480103,5.091833230480103,5.091833230480103,5.091833230480103,5.091833230480103,5.091833230480103,5.091833230480103,5.091833230480103,5.091833230480103,5.091833230480103,5.091833230480103,5.091833230480103,5.091833230480103,5.091833230480103,5.091833230480103,5.091833230480103,5.091833230480103,5.091833230480103,5.091833230480103,5.091833230480103,5.091833230480103,5.091833230480103,5.091833230480103,5.091833230480103,5.091833230480103,5.091833230480103,5.091833230480103,5.091833230480103,5.091833230480103,5.091833230480103,5.091833230480103,5.091833230480103,5.091833230480103,5.091833230480103,5.091833230480103,5.091833230480103,5.091833230480103,5.091833230480103,5.091833230480103,5.091833230480103,5.091833230480103,5.091833230480103,5.091833230480103,5.091833230480103,5.091833230480103,5.091833230480103,5.091833230480103,5.091833230480103,5.091833230480103,5.091833230480103,5.091833230480103,5.091833230480103,5.091833230480103,5.091833230480103,5.091833230480103,5.091833230480103,5.091833230480103,5.091833230480103,5.091833230480103,5.091833230480103,5.091833230480103,5.091833230480103,5.091833230480103,5.091833230480103,5.091833230480103,5.091833230480103,5.091833230480103,5.091833230480103,5.091833230480103,5.091833230480103,5.091833230480103,5.091833230480103,5.091833230480103,5.091833230480103,5.091833230480103,5.091833230480103,5.091833230480103,5.091833230480103,5.091833230480103,5.091833230480103,5.091833230480103,5.091833230480103,5.091833230480103,5.091833230480103,5.091833230480103,5.091833230480103,5.091833230480103,5.091833230480103,5.091833230480103,5.091833230480103,5.091833230480103,5.091833230480103,5.091833230480103,5.091833230480103,5.091833230480103,5.091833230480103,5.091833230480103,5.091833230480103,5.091833230480103,5.091833230480103,5.091833230480103,5.091833230480103,5.091833230480103,5.091833230480103,5.091833230480103,5.091833230480103,5.091833230480103,5.091833230480103,5.091833230480103,5.091833230480103,5.091833230480103,5.091833230480103,5.091833230480103,5.091833230480103,5.091833230480103,5.091833230480103,5.091833230480103,5.091833230480103,5.091833230480103,5.091833230480103,5.091833230480103,5.091833230480103,5.091833230480103,5.091833230480103,5.091833230480103,5.091833230480103,5.091833230480103,5.091833230480103,5.091833230480103,5.091833230480103,5.091833230480103,5.091833230480103,5.091833230480103,5.091833230480103,5.091833230480103,5.091833230480103,5.091833230480103,5.091833230480103,5.091833230480103,5.091833230480103,5.091833230480103,5.091833230480103,5.091833230480103,5.091833230480103,5.091833230480103,5.091833230480103,5.091833230480103,5.091833230480103,5.091833230480103,5.091833230480103,5.091833230480103,5.091833230480103,5.091833230480103,5.091833230480103,5.091833230480103,5.091833230480103,5.091833230480103,5.091833230480103,5.091833230480103,5.091833230480103,5.091833230480103,5.091833230480103,5.091833230480103,5.091833230480103,5.091833230480103,5.091833230480103,5.091833230480103,5.091833230480103,5.091833230480103,5.091833230480103,5.091833230480103,5.091833230480103,5.091833230480103,5.091833230480103,5.091833230480103,5.091833230480103,4.393313690972252,4.364646258424737,4.364646258424737,4.364646258424737,4.364646258424737,4.364646258424737,4.364646258424737,4.364646258424737,4.364646258424737,4.364646258424737,4.364646258424737,4.364646258424737,4.364646258424737,4.364646258424737,4.364646258424737,4.364646258424737,4.364646258424737,4.364646258424737,4.364646258424737,4.364646258424737,4.364646258424737,4.364646258424737,4.364646258424737,4.364646258424737,4.364646258424737,4.364646258424737,4.364646258424737,4.364646258424737,4.364646258424737,4.364646258424737,4.364646258424737,4.364646258424737,4.364646258424737,4.364646258424737,4.364646258424737,4.364646258424737,4.364646258424737,4.364646258424737,4.364646258424737,4.364646258424737,4.364646258424737,4.364646258424737,4.364646258424737,4.364646258424737,4.364646258424737,4.364646258424737,4.364646258424737,4.364646258424737,4.364646258424737,4.364646258424737,4.364646258424737,4.364646258424737,4.364646258424737,4.364646258424737,4.364646258424737,4.364646258424737,4.364646258424737,4.364646258424737,4.364646258424737,4.364646258424737,4.364646258424737,4.364646258424737,4.364646258424737,4.364646258424737,4.364646258424737,4.364646258424737,4.364646258424737,4.364646258424737,4.364646258424737,4.364646258424737,4.364646258424737,4.364646258424737,4.364646258424737,4.364646258424737,4.364646258424737,4.364646258424737,4.364646258424737,4.364646258424737,4.364646258424737,4.364646258424737,4.364646258424737,4.364646258424737,4.364646258424737,4.364646258424737,4.364646258424737,4.364646258424737,4.364646258424737,4.364646258424737,4.364646258424737,4.364646258424737,4.364646258424737,4.364646258424737,4.364646258424737,4.364646258424737,4.364646258424737,4.364646258424737,4.364646258424737,4.364646258424737,4.364646258424737,4.364646258424737,4.364646258424737,4.364646258424737,4.364646258424737,4.364646258424737,4.364646258424737,4.364646258424737,4.364646258424737,4.364646258424737,4.364646258424737,4.364646258424737,4.364646258424737,4.364646258424737,4.364646258424737,4.364646258424737,4.364646258424737,4.364646258424737,4.364646258424737,4.364646258424737,4.364646258424737,4.364646258424737,4.364646258424737,4.364646258424737,4.364646258424737,4.364646258424737,4.364646258424737,4.364646258424737,4.364646258424737,4.364646258424737,4.364646258424737,4.364646258424737,4.364646258424737,4.364646258424737,4.364646258424737,4.364646258424737,4.364646258424737,4.364646258424737,3.6731691950721714,3.3221176541911714,3.3221176541911714,3.3221176541911714,3.3221176541911714,3.3221176541911714,3.0841009073211483,3.0841009073211483,3.0841009073211483,3.0841009073211483,3.0841009073211483,3.0841009073211483,3.0841009073211483,3.0841009073211483,3.0841009073211483,3.0841009073211483,3.0841009073211483,3.0841009073211483,3.0841009073211483,3.0841009073211483,3.0841009073211483,3.0841009073211483,3.0841009073211483,3.0841009073211483,3.0841009073211483,3.0841009073211483,3.0841009073211483,3.0841009073211483,3.0841009073211483,3.0841009073211483,3.0841009073211483,3.0841009073211483,3.0841009073211483,3.0841009073211483,3.0841009073211483,3.0841009073211483,3.0841009073211483,3.0841009073211483,3.0841009073211483,3.0841009073211483,3.0841009073211483,3.0841009073211483,3.0841009073211483,3.0841009073211483,3.0841009073211483,3.0841009073211483,3.0841009073211483,3.0841009073211483,3.0841009073211483,3.0841009073211483,3.0841009073211483,3.0841009073211483,3.0841009073211483,3.0841009073211483,3.0841009073211483,3.0841009073211483,3.0841009073211483,3.0841009073211483,3.0841009073211483,3.0841009073211483,3.0841009073211483,3.0841009073211483,3.0841009073211483,3.0841009073211483,3.0841009073211483,3.0841009073211483,3.0841009073211483,3.0841009073211483,3.0841009073211483,3.0841009073211483,3.0841009073211483,3.0841009073211483,3.0841009073211483,3.0841009073211483,3.0841009073211483,3.0841009073211483,3.0841009073211483,3.0841009073211483,3.0841009073211483,3.0841009073211483,3.0841009073211483,3.0841009073211483,3.0841009073211483,3.0841009073211483,3.0841009073211483,3.0841009073211483,3.0841009073211483,3.0841009073211483,3.0841009073211483,3.0841009073211483,3.0841009073211483,3.0841009073211483,3.0841009073211483,3.0841009073211483,3.0841009073211483,3.0841009073211483,3.0841009073211483,8.267675536865996,8.267675536865996,8.267675536865996,8.267675536865996,8.267675536865996,8.267675536865996,8.267675536865996,8.267675536865996,8.267675536865996,8.267675536865996,8.267675536865996,8.267675536865996,8.267675536865996,8.267675536865996,8.267675536865996,8.267675536865996,8.267675536865996,8.267675536865996,8.13088603447255,8.13088603447255,8.13088603447255,8.13088603447255,8.13088603447255,8.13088603447255,8.13088603447255,8.13088603447255,8.085633811819829,8.085633811819829,8.085633811819829,8.085633811819829,7.7774846960244615,7.7774846960244615,7.7774846960244615,7.624158294632877,7.624158294632877,7.624158294632877,7.43221007150561,7.43221007150561,7.43221007150561,7.43221007150561,7.43221007150561,7.43221007150561,7.43221007150561,7.43221007150561,7.43221007150561,7.43221007150561,7.43221007150561,7.43221007150561,7.43221007150561,7.43221007150561,7.43221007150561,7.43221007150561,7.43221007150561,7.43221007150561,7.43221007150561,7.43221007150561,7.43221007150561,7.43221007150561,7.43221007150561,7.43221007150561,7.43221007150561,7.43221007150561,7.43221007150561,7.43221007150561,7.43221007150561,7.43221007150561,7.43221007150561,7.43221007150561,7.43221007150561,7.43221007150561,7.43221007150561,7.43221007150561,7.43221007150561,7.43221007150561,7.43221007150561,7.43221007150561,7.43221007150561,7.43221007150561,7.43221007150561,7.43221007150561,7.43221007150561,7.43221007150561,7.43221007150561,7.43221007150561,7.43221007150561,7.43221007150561,7.43221007150561,7.43221007150561,7.43221007150561,7.43221007150561,7.43221007150561,7.43221007150561,7.43221007150561,7.43221007150561,7.43221007150561,7.43221007150561,7.43221007150561,7.43221007150561,7.43221007150561,7.43221007150561,7.43221007150561,7.43221007150561,7.43221007150561,7.43221007150561,7.14474002613137,6.805822025484905,6.805822025484905,6.455530145036473,5.983789661583616,5.983789661583616,5.983789661583616,5.983789661583616,5.983789661583616,5.983789661583616,5.983789661583616,5.983789661583616,5.983789661583616,5.8514805677235815,5.621310034766617,5.621310034766617,5.621310034766617,5.621310034766617,5.583646844273211,5.583646844273211,5.583646844273211,5.583646844273211,5.583646844273211,5.583646844273211,5.583646844273211,5.583646844273211,5.583646844273211,5.52617984879068,5.52617984879068,5.52617984879068,5.417421249995147,5.417421249995147,5.417421249995147,5.417421249995147,5.417421249995147,5.417421249995147,5.417421249995147,5.417421249995147,5.417421249995147,5.417421249995147,5.417421249995147,5.417421249995147,5.417421249995147,5.417421249995147,5.417421249995147,5.417421249995147,5.417421249995147,5.2892532563402925,5.2892532563402925,5.2892532563402925,5.2892532563402925,5.2892532563402925,5.2892532563402925,5.2892532563402925,5.2892532563402925,5.2892532563402925,5.2892532563402925,5.2892532563402925,5.2892532563402925,5.2892532563402925,5.2892532563402925,5.2892532563402925,5.2892532563402925,5.2892532563402925,5.2892532563402925,5.2892532563402925,5.2892532563402925,5.2892532563402925,5.2892532563402925,5.2892532563402925,5.2892532563402925,5.2892532563402925,5.2892532563402925,5.2892532563402925,5.2892532563402925,5.2892532563402925,5.2892532563402925,5.2892532563402925,5.2892532563402925,5.2892532563402925,5.2892532563402925,5.2892532563402925,5.2892532563402925,5.2892532563402925,5.2892532563402925,5.2892532563402925,5.2892532563402925,5.2892532563402925,5.2892532563402925,5.2892532563402925,5.2892532563402925,5.2892532563402925,5.2892532563402925,5.2892532563402925,5.2892532563402925,5.2892532563402925,5.2892532563402925,5.2892532563402925,5.2892532563402925,5.2892532563402925,5.2892532563402925,5.2892532563402925,5.2892532563402925,5.2892532563402925,5.2892532563402925,5.2892532563402925,5.2892532563402925,5.2892532563402925,5.2892532563402925,5.2892532563402925,5.2892532563402925,5.2892532563402925,5.2892532563402925,5.2892532563402925,5.2892532563402925,5.2892532563402925,5.2892532563402925,5.2892532563402925,5.2892532563402925,5.2892532563402925,5.2892532563402925,5.2892532563402925,5.2892532563402925,5.2892532563402925,5.2892532563402925,5.2892532563402925,5.2892532563402925,5.2892532563402925,5.2892532563402925,5.2892532563402925,5.2892532563402925,5.2892532563402925,5.2892532563402925,5.2892532563402925,5.2892532563402925,5.2892532563402925,5.2892532563402925,5.2892532563402925,5.2892532563402925,5.2892532563402925,5.2892532563402925,5.2892532563402925,5.2892532563402925,5.2892532563402925,5.2892532563402925,5.2892532563402925,5.2892532563402925,5.2892532563402925,5.2892532563402925,5.2892532563402925,5.2892532563402925,5.2892532563402925,5.2892532563402925,5.2892532563402925,5.2892532563402925,5.2892532563402925,5.2892532563402925,5.2892532563402925,5.2892532563402925,5.2892532563402925,5.164979054084926,5.164979054084926,5.164979054084926,5.164979054084926,5.164979054084926,5.164979054084926,5.164979054084926,5.164979054084926,5.164979054084926,5.164979054084926,5.164979054084926,5.155312735342339,5.155312735342339,5.155312735342339,5.155312735342339,5.155312735342339,5.155312735342339,5.155312735342339,5.155312735342339,4.951602081311215,4.951602081311215,4.951602081311215,4.951602081311215,4.9288134064659035,4.9288134064659035,4.9288134064659035,4.9288134064659035,4.9288134064659035,4.9288134064659035,4.9288134064659035,4.9288134064659035,4.9288134064659035,4.9288134064659035,4.9288134064659035,4.9288134064659035,4.9288134064659035,4.9288134064659035,4.9288134064659035,4.9288134064659035,4.9288134064659035,4.9288134064659035,4.9288134064659035,4.9288134064659035,4.9288134064659035,4.9288134064659035,4.9288134064659035,4.9288134064659035,4.9288134064659035,4.9288134064659035,4.9288134064659035,4.9288134064659035,4.9288134064659035,4.9288134064659035,4.9288134064659035,4.9288134064659035,4.9288134064659035,4.9288134064659035,4.9288134064659035,4.9288134064659035,4.9288134064659035,4.9288134064659035,4.9288134064659035,4.9288134064659035,4.9288134064659035,4.9288134064659035,4.9288134064659035,4.9288134064659035,4.9288134064659035,4.9288134064659035,4.9288134064659035,4.9288134064659035,4.9288134064659035,4.9288134064659035,4.9288134064659035,4.9288134064659035,4.9288134064659035,4.9288134064659035,4.9288134064659035,4.9288134064659035,4.9288134064659035,4.9288134064659035,4.9288134064659035,4.9288134064659035,4.9288134064659035,4.9288134064659035,4.9288134064659035,4.9288134064659035,4.9288134064659035,4.9288134064659035,4.9288134064659035,4.9288134064659035,4.9288134064659035,4.9288134064659035,4.9288134064659035,4.9288134064659035,4.9288134064659035,4.9288134064659035,4.9288134064659035,4.9288134064659035,4.9288134064659035,4.9288134064659035,4.9288134064659035,4.9288134064659035,4.9288134064659035,4.9288134064659035,4.9288134064659035,4.9288134064659035,4.9288134064659035,4.9288134064659035,4.9288134064659035,4.9288134064659035,4.9288134064659035,4.9288134064659035,4.9288134064659035,4.9288134064659035,4.9288134064659035,4.9288134064659035,4.9288134064659035,4.9288134064659035,4.9288134064659035,4.9288134064659035,4.9288134064659035,4.9288134064659035,4.9288134064659035,4.9288134064659035,4.9288134064659035,4.9288134064659035,4.9288134064659035,4.9288134064659035,4.9288134064659035,4.9288134064659035,4.9288134064659035,4.9288134064659035,4.9288134064659035,4.9288134064659035,4.9288134064659035,4.9288134064659035,4.9288134064659035,4.9288134064659035,4.9288134064659035,4.9288134064659035,4.9288134064659035,4.9288134064659035,4.9288134064659035,4.9288134064659035,4.9288134064659035,4.9288134064659035,4.9288134064659035,4.9288134064659035,4.9288134064659035,4.9288134064659035,4.9288134064659035,4.9288134064659035,4.9288134064659035,4.9288134064659035,4.9288134064659035,4.9288134064659035,4.9288134064659035,4.9288134064659035,4.9288134064659035,4.9288134064659035,4.9288134064659035,4.9288134064659035,4.9288134064659035,4.9288134064659035,4.9288134064659035,4.9288134064659035,4.9288134064659035,4.9288134064659035,4.9288134064659035,4.9288134064659035,4.9288134064659035,4.9288134064659035,4.9288134064659035,4.9288134064659035,4.9288134064659035,4.9288134064659035,4.9288134064659035,4.9288134064659035,4.9288134064659035,4.9288134064659035,4.9288134064659035,4.9288134064659035,4.9288134064659035,4.9288134064659035,4.9288134064659035,4.9288134064659035,4.9288134064659035,4.9288134064659035,4.9288134064659035,4.9288134064659035,4.9288134064659035,4.9288134064659035,4.9288134064659035,4.9288134064659035,4.9288134064659035,4.9288134064659035,4.9288134064659035,4.9288134064659035,4.9288134064659035,4.9288134064659035,4.9288134064659035,4.9288134064659035,4.9288134064659035,4.9288134064659035,4.9288134064659035,4.9288134064659035,4.9288134064659035,4.9288134064659035,4.9288134064659035,4.9288134064659035,4.9288134064659035,4.9288134064659035,4.9288134064659035,4.9288134064659035,4.9288134064659035,4.9288134064659035,4.9288134064659035,4.9288134064659035,4.9288134064659035,4.9288134064659035,4.9288134064659035,4.9288134064659035,4.9288134064659035,4.9288134064659035,4.9288134064659035,4.9288134064659035,4.9288134064659035,4.9288134064659035,4.9288134064659035,4.9288134064659035,4.9288134064659035,4.9288134064659035,4.9288134064659035,4.9288134064659035,4.9288134064659035,4.9288134064659035,4.9288134064659035,4.9288134064659035,4.9288134064659035,4.9288134064659035,4.9288134064659035,4.9288134064659035,4.9288134064659035,4.9288134064659035,4.9288134064659035,4.9288134064659035,4.9288134064659035,4.9288134064659035,4.9288134064659035,4.9288134064659035,4.9288134064659035,4.9288134064659035,4.9288134064659035,4.9288134064659035,4.9288134064659035,4.9288134064659035,4.9288134064659035,4.9288134064659035,4.9288134064659035,4.9288134064659035,4.9288134064659035,4.9288134064659035,4.9288134064659035,4.9288134064659035,4.9288134064659035,4.9288134064659035,4.9288134064659035,4.9288134064659035,4.9288134064659035,4.9288134064659035,4.9288134064659035,4.9288134064659035,4.9288134064659035,4.9288134064659035,4.9288134064659035,4.9288134064659035,4.9288134064659035,4.9288134064659035,4.9288134064659035,4.9288134064659035,4.9288134064659035,4.9288134064659035,4.9288134064659035,4.9288134064659035,4.9288134064659035,4.9288134064659035,4.9288134064659035,4.9288134064659035,4.9288134064659035,4.9288134064659035,4.9288134064659035,4.9288134064659035,4.9288134064659035,4.9288134064659035,4.9288134064659035,4.9288134064659035,4.9288134064659035,4.9288134064659035,4.9288134064659035,4.9288134064659035,4.9288134064659035,4.9288134064659035,4.9288134064659035,4.9288134064659035,4.9288134064659035,4.9288134064659035,4.9288134064659035,4.9288134064659035,4.9288134064659035,4.9288134064659035,4.9288134064659035,4.9288134064659035,4.9288134064659035,4.9288134064659035,4.9288134064659035,4.9288134064659035,4.9288134064659035,4.9288134064659035,4.9288134064659035,4.9288134064659035,4.9288134064659035,4.9288134064659035,4.9288134064659035,4.9288134064659035,4.9288134064659035,4.9288134064659035,4.895616037274492,4.895616037274492,4.895616037274492,4.895616037274492,4.895616037274492,4.895616037274492,4.895616037274492,4.895616037274492,4.895616037274492,4.895616037274492,4.895616037274492,4.895616037274492,4.895616037274492,4.895616037274492,4.895616037274492,4.895616037274492,4.895616037274492,4.895616037274492,4.895616037274492,4.895616037274492,4.895616037274492,4.895616037274492,4.895616037274492,4.895616037274492,4.895616037274492,4.895616037274492,4.895616037274492,4.895616037274492,4.895616037274492,4.895616037274492,4.895616037274492,4.895616037274492,4.895616037274492,4.895616037274492,4.895616037274492,4.895616037274492,4.895616037274492,4.895616037274492,4.895616037274492,4.895616037274492,4.895616037274492,4.895616037274492,4.895616037274492,4.895616037274492,4.895616037274492,4.895616037274492,4.895616037274492,4.895616037274492,4.895616037274492,4.895616037274492,4.895616037274492,4.895616037274492,4.895616037274492,4.895616037274492,4.895616037274492,4.895616037274492,4.895616037274492,4.895616037274492,4.895616037274492,4.895616037274492,4.895616037274492,4.895616037274492,4.895616037274492,4.895616037274492,4.895616037274492,4.895616037274492,4.895616037274492,4.895616037274492,4.895616037274492,4.895616037274492,4.895616037274492,4.895616037274492,4.895616037274492,4.895616037274492,4.895616037274492,4.895616037274492,4.895616037274492,4.895616037274492,4.895616037274492,4.895616037274492,4.895616037274492,4.895616037274492,4.895616037274492,4.895616037274492,4.895616037274492,4.895616037274492,4.895616037274492,4.895616037274492,4.895616037274492,4.895616037274492,4.895616037274492,4.895616037274492,4.895616037274492,4.895616037274492,4.895616037274492,4.895616037274492,4.895616037274492,4.895616037274492,4.895616037274492,4.895616037274492,4.895616037274492,4.895616037274492,4.895616037274492,4.895616037274492,4.895616037274492,4.895616037274492,4.895616037274492,4.895616037274492,4.895616037274492,4.895616037274492,4.895616037274492,4.895616037274492,4.895616037274492,4.895616037274492,4.895616037274492,4.895616037274492,4.895616037274492,4.895616037274492,4.895616037274492,4.895616037274492,4.895616037274492,4.895616037274492,4.895616037274492,4.895616037274492,4.895616037274492,4.895616037274492,4.895616037274492,4.895616037274492,4.895616037274492,4.895616037274492,4.895616037274492,4.895616037274492,4.895616037274492,4.895616037274492,4.895616037274492,4.895616037274492,4.895616037274492,4.895616037274492,4.895616037274492,4.895616037274492,4.895616037274492,4.895616037274492,4.895616037274492,4.895616037274492,4.895616037274492,4.895616037274492,4.895616037274492,4.895616037274492,4.895616037274492,4.895616037274492,4.895616037274492,4.895616037274492,4.895616037274492,4.895616037274492,4.895616037274492,4.895616037274492,4.895616037274492,4.895616037274492,4.895616037274492,4.895616037274492,4.895616037274492,4.895616037274492,4.895616037274492,4.895616037274492,4.895616037274492,4.895616037274492,4.895616037274492,4.895616037274492,4.895616037274492,4.895616037274492,4.895616037274492,4.895616037274492,4.895616037274492,4.895616037274492,4.895616037274492,4.895616037274492,4.895616037274492,4.895616037274492,4.895616037274492,4.895616037274492,4.895616037274492,4.895616037274492,4.895616037274492,4.895616037274492,4.895616037274492,4.895616037274492,4.895616037274492,4.895616037274492,4.895616037274492,4.895616037274492,4.895616037274492,4.895616037274492,4.895616037274492,4.895616037274492,4.895616037274492,4.895616037274492,4.895616037274492,4.895616037274492,4.895616037274492,4.895616037274492,4.895616037274492,4.895616037274492,4.895616037274492,4.895616037274492,4.895616037274492,4.895616037274492,4.895616037274492,4.895616037274492,4.895616037274492,4.895616037274492,4.895616037274492,4.895616037274492,4.895616037274492,4.895616037274492,4.895616037274492,4.895616037274492,4.895616037274492,4.895616037274492,4.895616037274492,4.895616037274492,4.895616037274492,4.895616037274492,4.895616037274492,4.895616037274492,4.895616037274492,4.895616037274492,4.895616037274492,4.895616037274492,4.895616037274492,4.895616037274492,4.895616037274492,4.895616037274492,4.895616037274492,4.895616037274492,4.895616037274492,4.895616037274492,4.895616037274492,4.895616037274492,4.895616037274492,4.895616037274492,4.895616037274492,4.895616037274492,4.895616037274492,4.895616037274492,4.895616037274492,4.895616037274492,4.895616037274492,4.895616037274492,4.895616037274492,4.895616037274492,4.895616037274492,4.895616037274492,4.895616037274492,4.895616037274492,4.895616037274492,4.895616037274492,4.895616037274492,4.895616037274492,4.895616037274492,4.895616037274492,4.895616037274492,4.895616037274492,4.895616037274492,4.895616037274492,4.895616037274492,4.895616037274492,4.895616037274492,4.895616037274492,4.895616037274492,4.895616037274492,4.895616037274492,4.895616037274492,4.895616037274492,4.895616037274492,4.895616037274492,4.895616037274492,4.895616037274492,4.895616037274492,4.895616037274492,4.895616037274492,4.895616037274492,4.895616037274492,4.895616037274492,4.895616037274492,4.895616037274492,4.895616037274492,4.895616037274492,4.895616037274492,4.895616037274492,4.895616037274492,4.895616037274492,4.895616037274492,4.895616037274492,4.895616037274492,4.895616037274492,4.895616037274492,4.895616037274492,4.895616037274492,4.895616037274492,4.895616037274492,4.895616037274492,4.895616037274492,4.895616037274492,4.895616037274492,4.895616037274492,4.895616037274492,4.895616037274492,4.895616037274492,4.895616037274492,4.895616037274492,4.895616037274492,4.895616037274492,4.895616037274492,4.895616037274492,4.895616037274492,4.895616037274492,4.895616037274492,4.895616037274492,4.895616037274492,4.895616037274492,4.895616037274492,4.895616037274492,4.895616037274492,4.895616037274492,4.895616037274492,4.895616037274492,4.895616037274492,4.895616037274492,4.895616037274492,4.895616037274492,4.895616037274492,4.895616037274492,4.895616037274492,4.895616037274492,4.895616037274492,4.895616037274492,4.895616037274492,4.895616037274492,4.895616037274492,4.895616037274492,4.895616037274492,4.895616037274492,4.895616037274492,4.895616037274492,4.895616037274492,4.895616037274492,4.895616037274492,4.895616037274492,4.895616037274492,4.895616037274492,4.895616037274492,4.895616037274492,4.895616037274492,4.895616037274492,4.895616037274492,4.895616037274492,4.895616037274492,4.895616037274492,4.895616037274492,4.895616037274492,4.895616037274492,4.895616037274492,4.895616037274492,4.895616037274492,4.895616037274492,4.895616037274492,4.895616037274492,4.895616037274492,4.895616037274492,4.895616037274492,4.895616037274492,4.895616037274492,4.895616037274492,4.895616037274492,4.895616037274492,4.895616037274492,4.895616037274492,4.895616037274492,4.895616037274492,4.895616037274492,4.895616037274492,4.895616037274492,4.895616037274492,4.895616037274492,4.895616037274492,4.895616037274492,4.895616037274492,4.895616037274492,4.895616037274492,4.895616037274492,4.895616037274492,4.895616037274492,4.895616037274492,4.895616037274492,4.895616037274492,4.895616037274492,4.895616037274492,4.895616037274492,4.895616037274492,4.895616037274492,4.895616037274492,4.895616037274492,4.895616037274492,4.895616037274492,4.895616037274492,4.895616037274492,4.895616037274492,4.895616037274492,4.895616037274492,7.957533695880719,7.95059034302243,7.95059034302243,7.95059034302243,7.95059034302243,7.95059034302243,7.95059034302243,7.95059034302243,7.95059034302243,7.95059034302243,7.95059034302243,7.95059034302243,7.95059034302243,7.95059034302243,7.337730412251804,7.337730412251804,7.337730412251804,7.337730412251804,7.337730412251804,7.337730412251804,7.337730412251804,7.337730412251804,7.337730412251804,7.337730412251804,7.337730412251804,6.528729447672785,6.528729447672785,6.528729447672785,6.528729447672785,6.528729447672785,6.528729447672785,6.528729447672785,6.528729447672785,6.457766529371915,6.457766529371915,6.457766529371915,6.457766529371915,6.457766529371915,6.457766529371915,6.457766529371915,6.457766529371915,6.457766529371915,6.457766529371915,6.457766529371915,6.457766529371915,6.457766529371915,6.457766529371915,6.415186849593507,6.415186849593507,6.415186849593507,6.415186849593507,6.415186849593507,6.415186849593507,6.415186849593507,6.415186849593507,6.284628961726987,6.284628961726987,6.284628961726987,6.284628961726987,6.284628961726987,6.284628961726987,6.284628961726987,6.284628961726987,6.284628961726987,6.284628961726987,6.155525866572338,6.155525866572338,6.155525866572338,6.155525866572338,6.155525866572338,6.155525866572338,6.155525866572338,6.155525866572338,6.155525866572338,6.155525866572338,6.155525866572338,6.155525866572338,6.155525866572338,6.155525866572338,6.155525866572338,6.155525866572338,6.155525866572338,6.155525866572338,6.155525866572338,6.155525866572338,6.155525866572338,6.155525866572338,6.155525866572338,6.155525866572338,6.155525866572338,6.155525866572338,6.155525866572338,6.155525866572338,6.155525866572338,6.155525866572338,6.155525866572338,6.155525866572338,6.155525866572338,6.155525866572338,6.155525866572338,6.155525866572338,6.155525866572338,6.155525866572338,6.155525866572338,6.155525866572338,6.155525866572338,6.155525866572338,6.155525866572338,6.155525866572338,6.155525866572338,6.155525866572338,6.155525866572338,6.155525866572338,6.155525866572338,6.155525866572338,6.155525866572338,6.155525866572338,6.155525866572338,6.155525866572338,6.155525866572338,6.155525866572338,6.155525866572338,6.155525866572338,6.155525866572338,6.155525866572338,6.155525866572338,6.155525866572338,6.155525866572338,6.155525866572338,6.155525866572338,6.155525866572338,6.155525866572338,6.155525866572338,6.155525866572338,6.155525866572338,6.155525866572338,6.155525866572338,6.155525866572338,6.155525866572338,6.155525866572338,6.155525866572338,6.155525866572338,6.155525866572338,6.155525866572338,6.155525866572338,6.155525866572338,6.155525866572338,6.155525866572338,6.155525866572338,6.155525866572338,6.155525866572338,6.155525866572338,6.155525866572338,6.155525866572338,6.155525866572338,6.155525866572338,6.155525866572338,6.155525866572338,6.155525866572338,6.155525866572338,6.155525866572338,6.155525866572338,6.155525866572338,6.155525866572338,6.155525866572338,6.155525866572338,6.155525866572338,6.155525866572338,6.155525866572338,6.155525866572338,6.155525866572338,6.155525866572338,6.155525866572338,6.155525866572338,6.155525866572338,6.155525866572338,6.155525866572338,6.155525866572338,6.155525866572338,6.155525866572338,6.155525866572338,6.155525866572338,6.155525866572338,6.155525866572338,6.155525866572338,6.155525866572338,6.155525866572338,6.155525866572338,6.155525866572338,6.155525866572338,6.155525866572338,6.155525866572338,6.155525866572338,6.155525866572338,6.155525866572338,6.155525866572338,6.155525866572338,6.155525866572338,6.155525866572338,6.155525866572338,6.155525866572338,6.155525866572338,6.155525866572338,6.155525866572338,6.155525866572338,6.155525866572338,6.155525866572338,6.155525866572338,6.155525866572338,6.155525866572338,6.155525866572338,6.155525866572338,6.155525866572338,6.155525866572338,6.155525866572338,6.155525866572338,6.155525866572338,6.155525866572338,6.155525866572338,6.155525866572338,6.155525866572338,6.155525866572338,6.155525866572338,6.155525866572338,6.155525866572338,6.155525866572338,6.155525866572338,6.155525866572338,6.155525866572338,6.155525866572338,6.155525866572338,6.155525866572338,6.155525866572338,6.155525866572338,6.155525866572338,6.155525866572338,6.155525866572338,6.155525866572338,6.155525866572338,6.155525866572338,6.155525866572338,6.155525866572338,6.155525866572338,6.155525866572338,6.155525866572338,6.155525866572338,6.155525866572338,6.155525866572338,6.155525866572338,6.155525866572338,6.155525866572338,6.155525866572338,6.155525866572338,6.155525866572338,6.155525866572338,6.155525866572338,6.155525866572338,6.155525866572338,6.155525866572338,6.155525866572338,6.155525866572338,6.155525866572338,6.155525866572338,6.155525866572338,6.155525866572338,6.155525866572338,6.155525866572338,6.155525866572338,6.155525866572338,6.155525866572338,6.155525866572338,6.155525866572338,6.155525866572338,6.155525866572338,6.155525866572338,6.155525866572338,6.155525866572338,6.155525866572338,6.155525866572338,6.155525866572338,6.155525866572338,5.990525878898883,5.990525878898883,5.990525878898883,5.990525878898883,5.990525878898883,5.990525878898883,5.990525878898883,5.990525878898883,5.990525878898883,5.990525878898883,5.990525878898883,5.990525878898883,5.990525878898883,5.990525878898883,5.990525878898883,5.990525878898883,5.990525878898883,5.990525878898883,5.990525878898883,5.990525878898883,5.990525878898883,5.990525878898883,5.990525878898883,5.990525878898883,5.943841216006858,5.943841216006858,5.943841216006858,5.943841216006858,5.943841216006858,5.943841216006858,5.943841216006858,5.943841216006858,5.943841216006858,5.943841216006858,5.943841216006858,5.943841216006858,5.943841216006858,5.943841216006858,5.943841216006858,5.943841216006858,5.943841216006858,5.943841216006858,5.943841216006858,5.943841216006858,5.943841216006858,5.943841216006858,5.943841216006858,5.943841216006858,5.943841216006858,5.943841216006858,5.71926131129097,5.71926131129097,5.71926131129097,5.71926131129097,5.71926131129097,5.71926131129097,5.71926131129097,5.71926131129097,5.71926131129097,5.71926131129097,5.71926131129097,5.71926131129097,5.71926131129097,5.71926131129097,5.71926131129097,5.71926131129097,5.71926131129097,5.71926131129097,5.71926131129097,5.71926131129097,5.71926131129097,5.71926131129097,5.71926131129097,5.71926131129097,5.71926131129097,5.71926131129097,5.71926131129097,5.71926131129097,5.71926131129097,5.71926131129097,5.71926131129097,5.71926131129097,5.71926131129097,5.71926131129097,5.71926131129097,5.71926131129097,5.674332265257571,5.674332265257571,5.674332265257571,5.674332265257571,5.674332265257571,5.674332265257571,5.674332265257571,5.674332265257571,5.674332265257571,5.674332265257571,5.674332265257571,5.629150370847232,5.629150370847232,5.629150370847232,5.629150370847232,5.629150370847232,5.629150370847232,5.629150370847232,5.629150370847232,5.629150370847232,5.629150370847232,5.629150370847232,5.629150370847232,5.629150370847232,5.629150370847232,5.629150370847232,5.629150370847232,5.629150370847232,5.629150370847232,5.629150370847232,5.629150370847232,5.629150370847232,5.629150370847232,5.629150370847232,5.629150370847232,5.629150370847232,5.629150370847232,5.629150370847232,5.629150370847232,5.629150370847232,5.629150370847232,5.629150370847232,5.629150370847232,5.629150370847232,5.629150370847232,5.629150370847232,5.629150370847232,5.629150370847232,5.629150370847232,5.629150370847232,5.629150370847232,5.629150370847232,5.629150370847232,5.629150370847232,5.629150370847232,5.629150370847232,5.629150370847232,5.629150370847232,5.629150370847232,5.629150370847232,5.629150370847232,5.629150370847232,5.629150370847232,5.629150370847232,5.629150370847232,5.629150370847232,5.629150370847232,5.629150370847232,5.629150370847232,5.629150370847232,5.629150370847232,5.629150370847232,5.629150370847232,5.629150370847232,5.629150370847232,5.629150370847232,5.629150370847232,5.629150370847232,5.629150370847232,5.629150370847232,5.629150370847232,5.629150370847232,5.629150370847232,5.629150370847232,5.629150370847232,5.629150370847232,5.629150370847232,5.629150370847232,5.629150370847232,5.629150370847232,5.629150370847232,5.629150370847232,5.629150370847232,5.629150370847232,5.629150370847232,5.629150370847232,5.629150370847232,5.629150370847232,5.629150370847232,5.629150370847232,5.629150370847232,5.629150370847232,5.629150370847232,5.629150370847232,5.629150370847232,5.629150370847232,5.629150370847232,5.629150370847232,5.629150370847232,5.629150370847232,5.629150370847232,5.629150370847232,5.629150370847232,5.629150370847232,5.629150370847232,5.629150370847232,5.629150370847232,5.629150370847232,5.629150370847232,5.629150370847232,5.629150370847232,5.629150370847232,5.629150370847232,5.629150370847232,5.629150370847232,5.629150370847232,5.629150370847232,5.629150370847232,5.629150370847232,5.629150370847232,5.629150370847232,5.629150370847232,5.629150370847232,5.629150370847232,5.629150370847232,5.629150370847232,5.629150370847232,5.629150370847232,5.629150370847232,5.629150370847232,5.629150370847232,5.629150370847232,5.629150370847232,5.629150370847232,5.629150370847232,5.546424784073194,5.546424784073194,5.546424784073194,5.48986664686627,5.48986664686627,5.48986664686627,5.48986664686627,5.48986664686627,5.48986664686627,5.48986664686627,5.48986664686627,5.48986664686627,5.48986664686627,5.48986664686627,5.48986664686627,5.48986664686627,5.48986664686627,5.48986664686627,5.48986664686627,5.48986664686627,5.48986664686627,5.48986664686627,5.48986664686627,5.48986664686627,5.48986664686627,5.48986664686627,5.48986664686627,5.48986664686627,5.48986664686627,5.48986664686627,5.48986664686627,5.48986664686627,5.48986664686627,5.48986664686627,5.48986664686627,5.48986664686627,5.48986664686627,5.48986664686627,5.48986664686627,5.48986664686627,5.48986664686627,5.48986664686627,5.48986664686627,5.48986664686627,5.48986664686627,5.48986664686627,5.48986664686627,5.48986664686627,5.48986664686627,5.48986664686627,5.48986664686627,5.48986664686627,5.48986664686627,5.48986664686627,5.48986664686627,5.48986664686627,5.48986664686627,5.48986664686627,5.48986664686627,5.48986664686627,5.48986664686627,5.48986664686627,5.48986664686627,5.48986664686627,5.48986664686627,5.48986664686627,5.48986664686627,5.48986664686627,5.48986664686627,5.48986664686627,5.48986664686627,5.48986664686627,5.48986664686627,5.48986664686627,5.48986664686627,5.48986664686627,5.48986664686627,5.48986664686627,5.48986664686627,5.48986664686627,5.48986664686627,5.48986664686627,5.48986664686627,5.48986664686627,5.48986664686627,5.48986664686627,5.48986664686627,5.48986664686627,5.48986664686627,5.48986664686627,5.48986664686627,5.48986664686627,5.48986664686627,5.48986664686627,5.48986664686627,5.48986664686627,5.48986664686627,5.48986664686627,5.48986664686627,5.48986664686627,5.48986664686627,5.48986664686627,5.48986664686627,5.48986664686627,5.48986664686627,5.48986664686627,5.48986664686627,5.48986664686627,5.48986664686627,5.48986664686627,5.48986664686627,5.48986664686627,5.48986664686627,5.48986664686627,5.48986664686627,5.48986664686627,5.48986664686627,5.48986664686627,5.48986664686627,5.48986664686627,5.48986664686627,5.48986664686627,5.48986664686627,5.48986664686627,5.48986664686627,5.48986664686627,5.48986664686627,5.48986664686627,5.48986664686627,5.48986664686627,5.48986664686627,5.48986664686627,5.48986664686627,5.48986664686627,5.48986664686627,5.48986664686627,5.48986664686627,5.48986664686627,5.48986664686627,5.48986664686627,5.48986664686627,5.48986664686627,5.48986664686627,5.48986664686627,5.48986664686627,5.48986664686627,5.48986664686627,5.48986664686627,5.48986664686627,5.48986664686627,5.48986664686627,5.48986664686627,5.48986664686627,5.48986664686627,5.48986664686627,5.48986664686627,5.48986664686627,5.48986664686627,5.48986664686627,5.48986664686627,5.48986664686627,5.48986664686627,5.48986664686627,5.48986664686627,5.48986664686627,5.48986664686627,5.48986664686627,5.48986664686627,5.48986664686627,5.48986664686627,5.48986664686627,5.48986664686627,5.48986664686627,5.48986664686627,5.48986664686627,5.48986664686627,5.48986664686627,5.48986664686627,5.48986664686627,5.48986664686627,5.48986664686627,5.48986664686627,5.48986664686627,5.48986664686627,5.48986664686627,5.48986664686627,5.48986664686627,5.48986664686627,5.48986664686627,5.48986664686627,5.48986664686627,5.48986664686627,5.48986664686627,5.48986664686627,5.48986664686627,5.48986664686627,5.48986664686627,5.48986664686627,5.48986664686627,5.48986664686627,5.48986664686627,5.48986664686627,5.48986664686627,5.48986664686627,5.48986664686627,5.48986664686627,5.48986664686627,5.48986664686627,5.48986664686627,5.48986664686627,5.48986664686627,5.48986664686627,5.48986664686627,5.48986664686627,5.48986664686627,5.48986664686627,5.48986664686627,5.48986664686627,5.48986664686627,5.48986664686627,5.48986664686627,5.48986664686627,5.48986664686627,5.48986664686627,5.48986664686627,5.48986664686627,5.48986664686627,5.48986664686627,5.48986664686627,5.48986664686627,5.48986664686627,5.48986664686627,5.48986664686627,5.48986664686627,5.48986664686627,5.48986664686627,5.48986664686627,5.48986664686627,5.48986664686627,5.48986664686627,5.48986664686627,5.48986664686627,5.48986664686627,5.48986664686627,5.48986664686627,5.48986664686627,5.48986664686627,5.48986664686627,5.48986664686627,5.48986664686627,5.48986664686627,5.48986664686627,5.48986664686627,5.48986664686627,5.48986664686627,5.48986664686627,5.48986664686627,5.48986664686627,5.48986664686627,5.48986664686627,5.48986664686627,5.48986664686627,5.48986664686627,5.48986664686627,5.48986664686627,5.48986664686627,5.48986664686627,5.48986664686627,5.48986664686627,5.48986664686627,5.48986664686627,5.48986664686627,5.48986664686627,5.48986664686627,5.48986664686627,5.48986664686627,5.48986664686627,5.48986664686627,5.48986664686627,5.48986664686627,5.48986664686627,5.48986664686627,5.48986664686627,5.48986664686627,5.48986664686627,5.48986664686627,5.48986664686627,5.48986664686627,5.48986664686627,5.48986664686627,5.48986664686627,5.48986664686627,5.48986664686627,5.48986664686627,5.48986664686627,5.48986664686627,5.48986664686627,5.48986664686627,5.48986664686627,5.48986664686627,5.48986664686627,5.48986664686627,5.48986664686627,5.48986664686627,5.48986664686627,5.48986664686627,5.48986664686627,5.48986664686627,5.48986664686627,5.48986664686627,5.48986664686627,5.48986664686627,5.48986664686627,5.48986664686627,5.48986664686627,5.48986664686627,5.48986664686627,5.48986664686627,5.48986664686627,5.48986664686627,5.48986664686627,5.48986664686627,5.48986664686627,5.48986664686627,5.48986664686627,5.48986664686627,5.48986664686627,5.48986664686627,5.48986664686627,5.48986664686627,5.48986664686627,5.48986664686627,5.48986664686627,5.48986664686627,5.48986664686627,5.48986664686627,5.48986664686627,5.48986664686627,5.48986664686627,5.48986664686627,5.48986664686627,5.48986664686627,5.48986664686627,5.48986664686627,5.48986664686627,5.48986664686627,5.48986664686627,5.48986664686627,5.48986664686627,5.48986664686627,5.48986664686627,5.48986664686627,5.48986664686627,5.48986664686627,5.48986664686627,5.48986664686627,5.48986664686627,5.48986664686627,5.48986664686627,5.48986664686627,5.48986664686627,5.48986664686627,5.48986664686627,5.48986664686627,5.48986664686627,5.48986664686627,5.48986664686627,5.48986664686627,5.48986664686627,5.48986664686627,5.48986664686627,5.48986664686627,5.48986664686627,5.48986664686627,5.48986664686627,5.48986664686627,5.48986664686627,5.48986664686627,5.48986664686627,5.48986664686627,5.48986664686627,5.48986664686627,5.48986664686627,5.48986664686627,5.48986664686627,5.48986664686627,5.48986664686627,5.48986664686627,5.48986664686627,5.48986664686627,5.48986664686627,5.48986664686627,5.48986664686627,5.48986664686627,5.48986664686627,5.48986664686627,5.48986664686627,5.48986664686627,5.48986664686627,5.48986664686627,5.48986664686627,5.48986664686627,5.48986664686627,5.48986664686627,5.48986664686627,5.48986664686627,5.48986664686627,5.48986664686627,5.48986664686627,5.48986664686627,5.48986664686627,5.48986664686627,5.48986664686627,5.48986664686627,5.48986664686627,5.48986664686627,5.48986664686627,5.48986664686627,5.48986664686627,5.48986664686627,5.48986664686627,5.48986664686627,5.48986664686627,5.48986664686627,5.48986664686627,5.48986664686627,5.48986664686627,5.48986664686627,5.48986664686627,5.48986664686627,5.48986664686627,5.48986664686627,5.48986664686627,5.48986664686627,5.48986664686627,5.48986664686627,5.48986664686627,5.48986664686627,5.48986664686627,5.48986664686627,5.48986664686627,5.48986664686627,5.48986664686627,5.48986664686627,5.48986664686627,5.48986664686627,5.48986664686627,5.48986664686627,5.48986664686627,5.48986664686627,5.48986664686627,5.48986664686627,5.48986664686627,5.48986664686627,5.48986664686627,5.48986664686627,5.48986664686627,5.48986664686627,5.48986664686627,5.48986664686627,5.48986664686627,5.48986664686627,5.48986664686627,5.48986664686627,5.48986664686627,5.48986664686627,5.48986664686627,5.48986664686627,5.48986664686627,5.48986664686627,5.48986664686627,5.48986664686627,5.48986664686627,5.48986664686627,5.48986664686627,5.48986664686627,5.48986664686627,5.48986664686627,5.48986664686627,5.48986664686627,5.48986664686627,5.48986664686627,5.48986664686627,5.48986664686627,5.48986664686627,5.48986664686627,5.48986664686627,5.48986664686627,6.214433575835677,6.214433575835677,6.214433575835677,6.094257012257748,6.094257012257748,6.094257012257748,6.094257012257748,5.870104679400101,5.870104679400101,5.870104679400101,5.870104679400101,5.870104679400101,5.870104679400101,5.870104679400101,5.870104679400101,5.870104679400101,5.870104679400101,5.781717123856109,5.781717123856109,5.781717123856109,5.781717123856109,5.781717123856109,5.747884568541487,5.747884568541487,5.747884568541487,5.747884568541487,5.747884568541487,5.747884568541487,5.747884568541487,5.747884568541487,5.747884568541487,5.747884568541487,5.747884568541487,5.747884568541487,5.747884568541487,5.747884568541487,5.747884568541487,5.747884568541487,5.747884568541487,5.747884568541487,5.747884568541487,5.747884568541487,5.747884568541487,5.747884568541487,5.747884568541487,5.747884568541487,5.747884568541487,5.747884568541487,5.747884568541487,5.747884568541487,5.747884568541487,5.747884568541487,5.747884568541487,5.747884568541487,5.747884568541487,5.747884568541487,5.747884568541487,5.747884568541487,5.747884568541487,5.747884568541487,5.747884568541487,5.747884568541487,5.747884568541487,5.747884568541487,5.747884568541487,5.747884568541487,5.747884568541487,5.747884568541487,5.747884568541487,5.747884568541487,5.747884568541487,5.747884568541487,5.747884568541487,5.747884568541487,5.747884568541487,5.747884568541487,5.747884568541487,5.747884568541487,5.747884568541487,5.747884568541487,5.747884568541487,5.747884568541487,5.747884568541487,5.747884568541487,5.747884568541487,5.747884568541487,5.747884568541487,5.747884568541487,5.747884568541487,5.747884568541487,5.747884568541487,5.747884568541487,5.747884568541487,5.747884568541487,5.747884568541487,5.747884568541487,5.747884568541487,5.747884568541487,5.747884568541487,5.747884568541487,5.747884568541487,5.747884568541487,5.747884568541487,5.747884568541487,5.747884568541487,5.747884568541487,5.747884568541487,5.747884568541487,5.747884568541487,5.747884568541487,5.747884568541487,5.747884568541487,5.747884568541487,5.747884568541487,5.747884568541487,5.747884568541487,5.747884568541487,5.747884568541487,5.747884568541487,5.747884568541487,5.747884568541487,5.747884568541487,5.747884568541487,5.747884568541487,5.747884568541487,5.747884568541487,5.747884568541487,5.747884568541487,5.747884568541487,5.747884568541487,5.747884568541487,5.747884568541487,5.747884568541487,5.747884568541487,5.747884568541487,5.747884568541487,5.747884568541487,5.747884568541487,5.747884568541487,5.747884568541487,5.747884568541487,5.747884568541487,5.747884568541487,5.747884568541487,5.747884568541487,5.747884568541487,5.747884568541487,5.747884568541487,5.747884568541487,5.747884568541487,5.747884568541487,5.747884568541487,5.747884568541487,5.747884568541487,5.747884568541487,5.747884568541487,5.747884568541487,5.747884568541487,5.747884568541487,5.747884568541487,5.747884568541487,5.747884568541487,5.747884568541487,5.747884568541487,5.747884568541487,5.747884568541487,5.747884568541487,5.747884568541487,5.747884568541487,5.747884568541487,5.747884568541487,5.747884568541487,5.747884568541487,5.747884568541487,5.747884568541487,5.399289805532578,4.793037815304147,4.793037815304147,4.793037815304147,4.793037815304147,4.793037815304147,4.793037815304147,4.793037815304147,4.729852046172228,4.2115741372396736,4.196720433570522,4.196720433570522,4.196720433570522,4.196720433570522,4.196720433570522,4.196720433570522,4.196720433570522,4.196720433570522,4.196720433570522,4.196720433570522,4.196720433570522,4.196720433570522,4.196720433570522,4.196720433570522,4.196720433570522,4.196720433570522,4.196720433570522,4.196720433570522,4.196720433570522,4.196720433570522,4.196720433570522,4.196720433570522,4.196720433570522,4.196720433570522,4.196720433570522,4.196720433570522,4.196720433570522,4.196720433570522,4.196720433570522,4.166420488273149,4.166420488273149,4.166420488273149,4.166420488273149,4.166420488273149,4.166420488273149,4.166420488273149,4.166420488273149,4.166420488273149,4.166420488273149,4.166420488273149,4.166420488273149,4.166420488273149,4.166420488273149,4.166420488273149,4.166420488273149,4.166420488273149,4.166420488273149,4.166420488273149,4.166420488273149,4.166420488273149,4.166420488273149,4.166420488273149,4.166420488273149,4.166420488273149,4.166420488273149,4.166420488273149,4.166420488273149,4.166420488273149,4.166420488273149,4.166420488273149,4.166420488273149,4.166420488273149,4.166420488273149,4.166420488273149,4.166420488273149,4.166420488273149,4.166420488273149,4.166420488273149,4.166420488273149,4.166420488273149,4.166420488273149,4.166420488273149,4.166420488273149,4.166420488273149,4.166420488273149,4.166420488273149,4.166420488273149,4.166420488273149,4.166420488273149,4.166420488273149,4.166420488273149,4.166420488273149,4.166420488273149,4.166420488273149,4.166420488273149,4.166420488273149,4.166420488273149,4.166420488273149,4.166420488273149,4.166420488273149,4.166420488273149,4.166420488273149,4.166420488273149,4.166420488273149,4.166420488273149,4.166420488273149,4.166420488273149,4.166420488273149,4.166420488273149,4.166420488273149,4.166420488273149,4.166420488273149,4.166420488273149,4.166420488273149,4.166420488273148,4.166420488273148,4.166420488273148,4.166420488273148,4.166420488273148,4.166420488273148,4.166420488273148,4.166420488273148,4.166420488273148,4.166420488273148,4.166420488273148,4.166420488273148,4.166420488273148,4.166420488273148,4.166420488273148,4.166420488273148,4.166420488273148,4.166420488273148,4.166420488273148,4.166420488273148,4.166420488273148,4.166420488273148,4.166420488273148,4.166420488273148,4.166420488273148,4.166420488273148,4.166420488273148,4.166420488273148,4.166420488273148,4.166420488273148,4.166420488273148,4.166420488273148,4.166420488273148,4.166420488273148,4.166420488273148,4.166420488273148,4.166420488273148,4.166420488273148,4.166420488273148,4.166420488273148,4.166420488273148,4.166420488273148,4.166420488273148,4.166420488273148,4.166420488273148,4.166420488273148,4.166420488273148,4.166420488273148,4.166420488273148,4.166420488273148,4.166420488273148,4.166420488273148,4.166420488273148,4.166420488273148,4.166420488273148,4.166420488273148,4.166420488273148,4.166420488273148,4.166420488273148,4.166420488273148,4.166420488273148,4.166420488273148,4.166420488273148,4.166420488273148,4.166420488273148,4.166420488273148,4.166420488273148,4.166420488273148,4.166420488273148,4.166420488273148,4.166420488273148,4.166420488273148,4.166420488273148,4.166420488273148,4.166420488273148,4.166420488273148,4.166420488273148,4.166420488273148,4.166420488273148,4.166420488273148,4.166420488273148,4.166420488273148,4.166420488273148,4.166420488273148,4.166420488273148,4.166420488273148,4.166420488273148,4.166420488273148,4.166420488273148,4.166420488273148,4.166420488273148,4.166420488273148,4.166420488273148,4.166420488273148,4.166420488273148,4.166420488273148,4.166420488273148,4.166420488273148,4.166420488273148,4.166420488273148,4.166420488273148,4.166420488273148,4.166420488273148,4.166420488273148,4.166420488273148,4.166420488273148,4.166420488273148,4.166420488273148,4.166420488273148,4.166420488273148,4.166420488273148,4.166420488273148,4.166420488273148,4.166420488273148,4.166420488273148,4.166420488273148,4.166420488273148,4.166420488273148,4.166420488273148,4.166420488273148,4.166420488273148,4.166420488273148,4.166420488273148,4.166420488273148,4.166420488273148,4.166420488273148,4.166420488273148,4.166420488273148,4.166420488273148,4.166420488273148,4.166420488273148,4.166420488273148,4.166420488273148,4.166420488273148,4.166420488273148,4.166420488273148,4.166420488273148,4.166420488273148,4.166420488273148,4.166420488273148,4.166420488273148,4.166420488273148,4.166420488273148,4.166420488273148,4.166420488273148,4.166420488273148,4.166420488273148,4.166420488273148,4.166420488273148,4.166420488273148,4.166420488273148,4.166420488273148,4.166420488273148,4.166420488273148,4.166420488273148,4.166420488273148,4.166420488273148,4.166420488273148,4.166420488273148,4.166420488273148,4.166420488273148,4.166420488273148,4.166420488273148,4.166420488273148,4.166420488273148,4.166420488273148,4.166420488273148,4.166420488273148,4.166420488273148,4.166420488273148,4.166420488273148,4.166420488273148,4.166420488273148,4.166420488273148,4.166420488273148,4.166420488273148,4.166420488273148,4.166420488273148,4.166420488273148,4.166420488273148,4.166420488273148,4.166420488273148,4.166420488273148,4.166420488273148,4.166420488273148,4.166420488273148,4.166420488273148,4.166420488273148,4.166420488273148,4.166420488273148,4.166420488273148,4.166420488273148,4.166420488273148,4.166420488273148,4.166420488273148,4.166420488273148,4.166420488273148,4.166420488273148,4.166420488273148,4.166420488273148,4.166420488273148,4.166420488273148,4.166420488273148,4.166420488273148,4.166420488273148,4.166420488273148,4.166420488273148,4.166420488273148,4.166420488273148,4.166420488273148,4.166420488273148,4.166420488273148,4.166420488273148,4.166420488273148,4.166420488273148,4.166420488273148,4.166420488273148,4.166420488273148,4.166420488273148,4.166420488273148,4.166420488273148,4.166420488273148,4.166420488273148,4.166420488273148,4.166420488273148,4.166420488273148,4.166420488273148,4.166420488273148,4.166420488273148,4.166420488273148,4.166420488273148,4.166420488273148,4.166420488273148,4.166420488273148,4.166420488273148,4.166420488273148,4.166420488273148,4.166420488273148,4.166420488273148,4.166420488273148,4.166420488273148,4.166420488273148,4.166420488273148,4.166420488273148,4.166420488273148,4.166420488273148,4.166420488273148,4.166420488273148,4.166420488273148,4.166420488273148,4.166420488273148,4.166420488273148,4.166420488273148,4.166420488273148,4.166420488273148,4.166420488273148,4.166420488273148,4.166420488273148,4.166420488273148,4.166420488273148,4.166420488273148,4.166420488273148,4.166420488273148,4.166420488273148,4.166420488273148,4.166420488273148,4.166420488273148,4.00885248406125,4.00885248406125,4.00885248406125,4.00885248406125,4.00885248406125,4.00885248406125,4.00885248406125,4.00885248406125,4.00885248406125,4.00885248406125,4.00885248406125,4.00885248406125,4.00885248406125,4.00885248406125,4.00885248406125,4.00885248406125,4.00885248406125,4.00885248406125,4.00885248406125,4.00885248406125,4.00885248406125,4.00885248406125,4.00885248406125,4.00885248406125,4.00885248406125,3.9999212202887606,3.9999212202887606,3.9999212202887606,3.9999212202887606,3.9999212202887606,3.9999212202887606,3.9999212202887606,3.9999212202887606,3.9999212202887606,3.9999212202887606,3.9999212202887606,3.9999212202887606,3.9999212202887606,3.9999212202887606,3.9999212202887606,3.9999212202887606,3.9999212202887606,3.9999212202887606,3.9999212202887606,3.9999212202887606,3.9999212202887606,3.9999212202887606,3.9999212202887606,3.9999212202887606,3.9999212202887606,3.9999212202887606,3.9999212202887606,3.9999212202887606,3.9999212202887606,3.9999212202887606,3.9999212202887606,3.9999212202887606,3.9999212202887606,3.9999212202887606,3.9999212202887606,3.9999212202887606,3.9999212202887606,3.9999212202887606,3.9999212202887606,3.9999212202887606,3.9999212202887606,3.9999212202887606,3.9999212202887606,3.9999212202887606,3.9999212202887606,3.9999212202887606,3.9999212202887606,3.9999212202887606,3.9999212202887606,3.9999212202887606,3.9999212202887606,3.9999212202887606,3.9999212202887606,3.9999212202887606,3.9999212202887606,3.9999212202887606,3.9999212202887606,3.9999212202887606,3.9999212202887606,3.9999212202887606,3.9999212202887606,3.9999212202887606,3.9999212202887606,3.9999212202887606,3.9999212202887606,3.9999212202887606,3.9999212202887606,3.9999212202887606,3.9999212202887606,3.9999212202887606,3.9999212202887606,3.9999212202887606,3.9999212202887606,3.9999212202887606,3.9999212202887606,3.9999212202887606,3.9999212202887606,3.9999212202887606,3.9999212202887606,3.9999212202887606,3.9999212202887606,3.9999212202887606,3.9999212202887606,3.9999212202887606,3.9999212202887606,3.9999212202887606,3.9999212202887606,3.9999212202887606,3.9999212202887606,3.9999212202887606,3.9999212202887606,3.9999212202887606,3.9999212202887606,3.9999212202887606,3.9999212202887606,3.9999212202887606,3.9999212202887606,3.9999212202887606,3.9999212202887606,3.9999212202887606,3.9999212202887606,3.9999212202887606,3.9999212202887606,3.9999212202887606,3.9999212202887606,3.9999212202887606,3.9999212202887606,3.9999212202887606,3.9999212202887606,3.9999212202887606,3.9999212202887606,3.9999212202887606,3.9999212202887606,3.9999212202887606,3.9999212202887606,3.9999212202887606,3.9999212202887606,3.9999212202887606,3.9999212202887606,3.9999212202887606,3.9999212202887606,3.9999212202887606,3.9999212202887606,3.9999212202887606,3.9999212202887606,3.9999212202887606,3.9999212202887606,3.9999212202887606,3.9999212202887606,3.9999212202887606,3.9999212202887606,3.9999212202887606,3.9999212202887606,3.9999212202887606,3.9999212202887606,3.9999212202887606,3.9999212202887606,3.9999212202887606,3.9999212202887606,3.9999212202887606,3.9999212202887606,3.9999212202887606,3.9999212202887606,3.9999212202887606,3.9999212202887606,3.9999212202887606,3.9999212202887606,3.9999212202887606,3.9999212202887606,3.9999212202887606,3.9999212202887606,3.9999212202887606,3.9999212202887606,3.9999212202887606,3.9999212202887606,3.9999212202887606,3.9999212202887606,3.9999212202887606,3.9999212202887606,3.9999212202887606,3.9999212202887606,3.9999212202887606,3.9999212202887606,3.9999212202887606,3.9999212202887606,3.9999212202887606,3.9999212202887606,3.9999212202887606,3.9999212202887606,3.9999212202887606,3.9999212202887606,3.9999212202887606,3.9999212202887606,3.9999212202887606,3.9999212202887606,3.9999212202887606,3.9999212202887606,3.9999212202887606,3.9999212202887606,3.9999212202887606,3.9999212202887606,3.9999212202887606,3.9999212202887606,3.9999212202887606,3.9999212202887606,3.9999212202887606,3.9999212202887606,3.9999212202887606,3.9999212202887606,3.9999212202887606,3.9999212202887606,3.9999212202887606,3.9999212202887606,3.9999212202887606,3.9999212202887606,3.9999212202887606,3.9999212202887606,3.9999212202887606,3.9999212202887606,3.9999212202887606,3.9999212202887606,3.9999212202887606,3.9999212202887606,3.9999212202887606,3.9999212202887606,3.9999212202887606,3.9999212202887606,3.9999212202887606,3.9999212202887606,3.9999212202887606,3.9999212202887606,3.9999212202887606,3.9999212202887606,3.9999212202887606,3.9999212202887606,3.9999212202887606,3.9999212202887606,3.9999212202887606,3.9999212202887606,3.9999212202887606,3.9999212202887606,3.9999212202887606,3.9999212202887606,3.9999212202887606,3.9999212202887606,3.9999212202887606,3.9999212202887606,3.9999212202887606,3.9999212202887606,3.9999212202887606,3.9999212202887606,3.9999212202887606,3.9999212202887606,3.9999212202887606,3.9999212202887606,3.9999212202887606,3.9999212202887606,3.9999212202887606,3.9999212202887606,3.9999212202887606,3.9999212202887606,3.9999212202887606,3.9999212202887606,3.9999212202887606,3.9999212202887606,3.9999212202887606,3.9999212202887606,3.9999212202887606,3.9999212202887606,3.9999212202887606,3.9999212202887606,3.9999212202887606,3.9999212202887606,3.9999212202887606,3.9999212202887606,3.9999212202887606,3.9999212202887606,3.9999212202887606,3.9999212202887606,3.9999212202887606,3.9999212202887606,3.9999212202887606,3.9999212202887606,3.9999212202887606,3.9999212202887606,3.9999212202887606,3.9999212202887606,3.9999212202887606,3.9999212202887606,3.9999212202887606,3.9999212202887606,3.9999212202887606,3.9999212202887606,3.9999212202887606,3.9999212202887606,3.9999212202887606,3.9999212202887606,3.9999212202887606,3.9999212202887606,3.9999212202887606,3.9999212202887606,3.9999212202887606,3.9999212202887606,3.9999212202887606,3.9999212202887606,3.9999212202887606,3.9999212202887606,3.9999212202887606,3.9999212202887606,3.9999212202887606,3.9999212202887606,3.9999212202887606,3.9999212202887606,3.9999212202887606,3.9999212202887606,3.9999212202887606,3.9999212202887606,3.9999212202887606,3.9999212202887606,3.9999212202887606,3.9999212202887606,3.9999212202887606,3.9999212202887606,3.9999212202887606,3.9999212202887606,3.9999212202887606,3.9999212202887606,3.9999212202887606,3.9999212202887606,3.9999212202887606,3.9999212202887606,3.9999212202887606,3.9999212202887606,3.9999212202887606,3.9999212202887606,3.9999212202887606,3.9999212202887606,3.9999212202887606,3.9999212202887606,3.9999212202887606,3.9999212202887606,3.9999212202887606,3.9999212202887606,3.9999212202887606,3.9999212202887606,3.9999212202887606,3.9999212202887606,3.9999212202887606,3.9999212202887606,3.9999212202887606,3.9999212202887606,3.9999212202887606,3.9999212202887606,3.9999212202887606,3.9999212202887606,3.9999212202887606,3.9999212202887606,3.9999212202887606,3.9999212202887606,3.9999212202887606,3.9999212202887606,3.9999212202887606,3.9999212202887606,3.9999212202887606,3.9999212202887606,3.9999212202887606,3.9999212202887606,3.9999212202887606,3.9999212202887606,3.9999212202887606,3.9999212202887606,3.9999212202887606,3.9999212202887606,3.9999212202887606,3.9999212202887606,3.9999212202887606,3.9999212202887606,3.9999212202887606,3.9999212202887606,3.9999212202887606,3.9999212202887606,3.9999212202887606,3.9999212202887606,3.9999212202887606,3.9999212202887606,3.9999212202887606,3.9999212202887606,3.9999212202887606,3.9999212202887606,3.9999212202887606,3.9999212202887606,3.9999212202887606,3.9999212202887606,3.9999212202887606,3.9999212202887606,3.9999212202887606,3.9999212202887606,3.9999212202887606,3.9999212202887606,3.9999212202887606,3.9999212202887606,3.9999212202887606,3.9999212202887606,3.9999212202887606,3.9999212202887606,3.9999212202887606,3.9999212202887606,3.9999212202887606,3.9999212202887606,3.9999212202887606,3.9999212202887606,3.9999212202887606,3.9999212202887606,3.9999212202887606,3.9999212202887606,3.9999212202887606,3.9999212202887606,3.9999212202887606,3.9999212202887606,3.9999212202887606,3.9999212202887606,3.9999212202887606,3.9999212202887606,3.9999212202887606,3.9999212202887606,3.9999212202887606,3.9999212202887606,3.9999212202887606,3.9999212202887606,3.9999212202887606,3.9999212202887606,3.9999212202887606,3.9999212202887606,3.9999212202887606,3.9999212202887606,3.9999212202887606,3.9999212202887606,3.9999212202887606,3.9999212202887606,8.246948708215276,8.246948708215276,8.246948708215276,8.246948708215276,7.724954079823336,7.724954079823336,7.724954079823336,7.489308540139706,7.489308540139706,7.489308540139706,7.489308540139706,7.489308540139706,7.489308540139706,7.489308540139706,7.489308540139706,7.489308540139706,7.489308540139706,7.489308540139706,6.991249768802309,6.991249768802309,6.991249768802309,6.991249768802309,6.991249768802309,6.991249768802309,6.991249768802309,6.991249768802309,6.991249768802309,6.761999202868012,6.761999202868012,6.761999202868012,6.761999202868012,6.761999202868012,6.761999202868012,6.761999202868012,6.307440836290347,6.307440836290347,6.307440836290347,6.307440836290347,6.307440836290347,6.307440836290347,6.307440836290347,6.307440836290347,6.307440836290347,6.307440836290347,6.307440836290347,6.307440836290347,6.307440836290347,6.307440836290347,6.307440836290347,6.307440836290347,6.307440836290347,6.307440836290347,6.307440836290347,6.307440836290347,6.307440836290347,6.307440836290347,6.307440836290347,6.307440836290347,6.307440836290347,6.307440836290347,6.307440836290347,6.307440836290347,6.307440836290347,6.307440836290347,6.307440836290347,6.307440836290347,6.307440836290347,6.307440836290347,6.307440836290347,6.307440836290347,6.307440836290347,6.307440836290347,6.307440836290347,6.307440836290347,6.307440836290347,6.307440836290347,6.307440836290347,6.307440836290347,6.307440836290347,6.307440836290347,6.307440836290347,6.307440836290347,6.307440836290347,6.307440836290347,6.307440836290347,6.307440836290347,6.307440836290347,6.307440836290347,6.307440836290347,6.307440836290347,6.307440836290347,6.307440836290347,6.307440836290347,6.307440836290347,6.307440836290347,6.307440836290347,6.307440836290347,6.307440836290347,6.307440836290347,6.307440836290347,6.307440836290347,6.307440836290347,6.307440836290347,6.307440836290347,6.307440836290347,6.307440836290347,6.307440836290347,6.307440836290347,6.307440836290347,6.307440836290347,6.307440836290347,6.307440836290347,6.307440836290347,6.307440836290347,6.307440836290347,6.307440836290347,6.307440836290347,6.307440836290347,6.307440836290347,6.307440836290347,6.307440836290347,6.307440836290347,6.307440836290347,6.307440836290347,6.307440836290347,6.307440836290347,6.307440836290347,6.307440836290347,6.307440836290347,6.307440836290347,6.307440836290347,6.307440836290347,6.307440836290347,6.307440836290347,6.307440836290347,6.307440836290347,6.307440836290347,6.307440836290347,6.307440836290347,6.307440836290347,6.307440836290347,6.307440836290347,6.307440836290347,6.307440836290347,6.307440836290347,6.307440836290347,6.307440836290347,6.307440836290347,6.307440836290347,6.307440836290347,6.307440836290347,6.307440836290347,6.307440836290347,6.307440836290347,6.307440836290347,6.307440836290347,6.307440836290347,6.307440836290347,6.307440836290347,6.307440836290347,6.307440836290347,6.307440836290347,6.307440836290347,6.307440836290347,6.307440836290347,6.307440836290347,6.307440836290345,6.307440836290345,6.307440836290345,6.307440836290345,6.307440836290345,6.307440836290345,6.307440836290345,6.307440836290345,6.307440836290345,6.307440836290345,6.307440836290345,6.307440836290345,6.307440836290345,6.307440836290345,6.307440836290345,6.307440836290345,6.307440836290345,6.307440836290345,6.307440836290345,6.307440836290345,6.307440836290345,6.307440836290345,6.307440836290345,6.307440836290345,6.307440836290345,6.307440836290345,6.307440836290345,6.307440836290345,6.307440836290345,6.307440836290345,6.307440836290345,6.307440836290345,6.307440836290345,6.307440836290345,6.307440836290345,6.307440836290345,6.307440836290345,6.307440836290345,6.30458860259956,6.30458860259956,6.30458860259956,6.30458860259956,6.30458860259956,6.30458860259956,6.30458860259956,6.30458860259956,6.30458860259956,6.30458860259956,6.30458860259956,6.30458860259956,6.30458860259956,6.30458860259956,6.30458860259956,6.30458860259956,6.30458860259956,6.30458860259956,6.30458860259956,6.30458860259956,6.30458860259956,6.30458860259956,6.30458860259956,6.30458860259956,6.30458860259956,6.30458860259956,6.30458860259956,6.30458860259956,6.30458860259956,6.30458860259956,6.30458860259956,6.30458860259956,6.30458860259956,6.10562903169877,6.10562903169877,6.10562903169877,6.10562903169877,6.10562903169877,6.10562903169877,6.10562903169877,6.10562903169877,6.10562903169877,6.10562903169877,6.10562903169877,6.10562903169877,6.10562903169877,6.10562903169877,6.10562903169877,6.10562903169877,6.10562903169877,6.10562903169877,6.10562903169877,6.10562903169877,6.10562903169877,6.10562903169877,6.10562903169877,6.10562903169877,6.10562903169877,6.10562903169877,6.10562903169877,6.10562903169877,6.10562903169877,6.10562903169877,6.10562903169877,6.10562903169877,6.10562903169877,6.10562903169877,6.10562903169877,6.10562903169877,6.10562903169877,6.10562903169877,6.10562903169877,6.10562903169877,6.10562903169877,6.10562903169877,6.10562903169877,6.10562903169877,6.10562903169877,6.10562903169877,6.10562903169877,6.10562903169877,6.10562903169877,6.10562903169877,6.10562903169877,6.10562903169877,6.10562903169877,6.10562903169877,6.10562903169877,6.10562903169877,6.10562903169877,6.10562903169877,6.10562903169877,6.10562903169877,6.10562903169877,6.10562903169877,6.10562903169877,6.10562903169877,6.10562903169877,6.10562903169877,6.10562903169877,6.10562903169877,6.10562903169877,6.10562903169877,6.10562903169877,6.10562903169877,6.10562903169877,6.10562903169877,6.10562903169877,6.10562903169877,6.10562903169877,6.10562903169877,6.10562903169877,6.10562903169877,6.10562903169877,6.10562903169877,6.10562903169877,6.10562903169877,6.10562903169877,6.10562903169877,6.10562903169877,6.10562903169877,6.10562903169877,6.10562903169877,6.10562903169877,6.10562903169877,6.10562903169877,6.10562903169877,6.10562903169877,6.10562903169877,6.10562903169877,6.10562903169877,6.10562903169877,6.10562903169877,6.10562903169877,6.10562903169877,6.10562903169877,6.10562903169877,6.10562903169877,6.10562903169877,6.10562903169877,6.10562903169877,6.10562903169877,6.10562903169877,6.10562903169877,6.10562903169877,6.10562903169877,6.10562903169877,6.10562903169877,6.10562903169877,6.10562903169877,6.10562903169877,6.10562903169877,6.10562903169877,6.10562903169877,6.10562903169877,6.10562903169877,6.10562903169877,6.10562903169877,6.10562903169877,6.10562903169877,6.10562903169877,6.10562903169877,6.10562903169877,6.10562903169877,6.10562903169877,6.10562903169877,6.10562903169877,6.10562903169877,6.10562903169877,6.10562903169877,6.10562903169877,6.10562903169877,6.10562903169877,6.10562903169877,6.10562903169877,6.10562903169877,6.10562903169877,6.10562903169877,6.10562903169877,6.10562903169877,6.10562903169877,6.10562903169877,6.10562903169877,6.10562903169877,6.10562903169877,6.10562903169877,6.10562903169877,6.10562903169877,6.10562903169877,6.10562903169877,6.10562903169877,6.10562903169877,6.10562903169877,6.10562903169877,6.10562903169877,6.10562903169877,6.10562903169877,6.10562903169877,6.10562903169877,6.10562903169877,6.10562903169877,6.10562903169877,6.10562903169877,6.10562903169877,6.10562903169877,6.10562903169877,6.10562903169877,6.10562903169877,6.10562903169877,6.10562903169877,6.10562903169877,6.10562903169877,6.10562903169877,6.10562903169877,6.10562903169877,6.10562903169877,6.10562903169877,6.10562903169877,6.10562903169877,6.10562903169877,6.10562903169877,6.10562903169877,6.10562903169877,6.10562903169877,6.10562903169877,6.10562903169877,6.10562903169877,6.10562903169877,6.10562903169877,6.10562903169877,6.10562903169877,6.10562903169877,6.10562903169877,6.10562903169877,6.10562903169877,6.10562903169877,6.10562903169877,6.10562903169877,6.10562903169877,6.10562903169877,6.10562903169877,6.10562903169877,6.10562903169877,6.10562903169877,6.10562903169877,6.10562903169877,6.10562903169877,6.10562903169877,6.10562903169877,6.10562903169877,6.10562903169877,6.10562903169877,6.10562903169877,6.10562903169877,6.10562903169877,6.10562903169877,6.10562903169877,6.10562903169877,6.10562903169877,6.10562903169877,5.928355227216317,5.928355227216317,5.928355227216317,5.928355227216317,4.522989824275213,4.522989824275213,4.522989824275213,4.522989824275213,4.522989824275213,4.522989824275213,4.522989824275213,4.522989824275213,4.522989824275213,4.522989824275213,4.522989824275213,4.522989824275213,4.522989824275213,4.522989824275213,4.522989824275213,4.522989824275213,4.522989824275213,4.522989824275213,4.522989824275213,4.522989824275213,4.522989824275213,4.522989824275213,4.522989824275213,4.522989824275213,4.522989824275213,4.522989824275213,4.522989824275213,4.522989824275213,4.522989824275213,4.522989824275213,4.522989824275213,4.522989824275213,4.522989824275213,4.522989824275213,4.522989824275213,4.522989824275213,4.522989824275213,4.522989824275213,4.522989824275213,4.522989824275213,4.522989824275213,4.522989824275213,4.522989824275213,4.522989824275213,4.522989824275213,4.522989824275213,4.522989824275213,4.522989824275213,4.522989824275213,4.522989824275213,4.522989824275213,4.522989824275213,4.522989824275213,4.522989824275213,4.522989824275213,4.522989824275213,4.522989824275213,4.522989824275213,4.522989824275213,4.522989824275213,4.522989824275213,4.522989824275213,4.522989824275213,4.522989824275213,4.522989824275213,4.522989824275213,4.522989824275213,4.522989824275213,4.522989824275213,4.522989824275213,4.522989824275213,4.522989824275213,4.522989824275213,4.522989824275213,4.522989824275213,4.522989824275213,4.522989824275213,4.522989824275213,4.522989824275213,4.522989824275213,4.522989824275213,4.522989824275213,4.522989824275213,4.522989824275213,4.522989824275213,4.522989824275213,4.522989824275213,4.522989824275213,4.522989824275213,4.522989824275213,4.522989824275213,4.522989824275213,4.522989824275213,4.522989824275213,4.522989824275213,4.522989824275213,4.522989824275213,4.522989824275213,4.522989824275213,4.522989824275213,4.522989824275213,4.522989824275213,4.522989824275213,4.522989824275213,4.522989824275213,4.522989824275213,4.522989824275213,4.522989824275213,4.522989824275213,4.522989824275213,4.522989824275213,4.522989824275213,4.522989824275213,4.522989824275213,4.522989824275213,4.522989824275213,4.522989824275213,4.522989824275213,4.522989824275213,4.522989824275213,4.522989824275213,4.522989824275213,4.522989824275213,4.522989824275213,4.522989824275213,4.522989824275213,4.522989824275213,4.522989824275213,4.522989824275213,4.522989824275213,4.522989824275213,4.522989824275213,4.522989824275213,4.522989824275213,4.522989824275213,4.522989824275213,4.522989824275213,4.522989824275213,4.522989824275213,4.522989824275213,4.522989824275213,4.522989824275213,4.522989824275213,4.522989824275213,4.522989824275213,4.522989824275213,4.522989824275213,4.522989824275213,4.522989824275213,4.522989824275213,4.522989824275213,4.522989824275213,4.522989824275213,4.522989824275213,4.522989824275213,4.522989824275213,4.522989824275213,4.522989824275213,4.522989824275213,4.522989824275213,4.522989824275213,4.522989824275213,4.522989824275213,4.522989824275213,4.522989824275213,4.522989824275213,4.522989824275213,4.522989824275213,4.522989824275213,4.522989824275213,4.522989824275213,4.522989824275213,4.522989824275213,4.522989824275213,4.522989824275213,4.522989824275213,4.522989824275213,4.522989824275213,4.522989824275213,4.522989824275213,4.522989824275213,4.522989824275213,4.522989824275213,4.522989824275213,4.522989824275213,4.522989824275213,4.522989824275213,4.522989824275213,4.522989824275213,4.522989824275213,4.522989824275213,4.522989824275213,4.522989824275213,4.522989824275213,4.522989824275213,4.522989824275213,4.522989824275213,4.522989824275213,4.522989824275213,4.522989824275213,4.522989824275213,4.522989824275213,4.522989824275213,4.522989824275213,4.522989824275213,4.522989824275213,4.522989824275213,4.522989824275213,4.522989824275213,4.522989824275213,4.522989824275213,4.522989824275213,4.522989824275213,4.522989824275213,4.522989824275213,4.522989824275213,4.522989824275213,4.522989824275213,4.522989824275213,4.522989824275213,4.522989824275213,4.522989824275213,4.522989824275213,4.522989824275213,4.522989824275213,4.522989824275213,4.522989824275213,4.522989824275213,4.522989824275213,4.522989824275213,4.522989824275213,4.522989824275213,4.522989824275213,4.522989824275213,4.522989824275213,4.522989824275213,4.522989824275213,4.522989824275213,4.522989824275213,4.522989824275213,4.522989824275213,4.522989824275213,4.522989824275213,4.522989824275213,4.522989824275213,4.522989824275213,4.522989824275213,4.522989824275213,4.522989824275213,4.522989824275213,4.522989824275213,4.522989824275213,4.522989824275213,4.522989824275213,4.522989824275213,4.522989824275213,4.522989824275213,4.522989824275213,4.522989824275213,4.522989824275213,4.522989824275213,4.522989824275213,4.522989824275213,4.522989824275213,4.522989824275213,4.522989824275213,4.522989824275213,4.522989824275213,4.522989824275213,4.522989824275213,4.522989824275213,4.522989824275213,4.522989824275213,4.522989824275213,4.522989824275213,4.522989824275213,4.522989824275213,4.522989824275213,4.522989824275213,4.522989824275213,4.522989824275213,4.522989824275213,4.522989824275213,4.522989824275213,4.522989824275213,4.522989824275213,4.522989824275213,4.522989824275213,4.522989824275213,4.522989824275213,4.522989824275213,4.522989824275213,4.522989824275213,4.522989824275213,4.522989824275213,4.522989824275213,4.522989824275213,4.522989824275213,4.522989824275213,4.522989824275213,4.522989824275213,4.522989824275213,4.522989824275213,4.522989824275213,4.522989824275213,4.522989824275213,4.522989824275213,4.522989824275213,4.522989824275213,4.522989824275213,4.522989824275213,4.522989824275213,4.522989824275213,4.522989824275213,4.522989824275213,4.522989824275213,4.522989824275213,4.522989824275213,4.522989824275213,4.522989824275213,4.522989824275213,4.522989824275213,4.522989824275213,4.522989824275213,4.522989824275213,4.522989824275213,4.522989824275213,4.522989824275213,4.522989824275213,4.522989824275213,4.522989824275213,4.522989824275213,4.522989824275213,4.522989824275213,4.522989824275213,4.522989824275213,4.522989824275213,4.522989824275213,4.522989824275213,4.522989824275213,4.522989824275213,4.522989824275213,4.522989824275213,4.522989824275213,4.522989824275213,4.522989824275213,4.522989824275213,4.522989824275213,4.522989824275213,4.522989824275213,4.522989824275213,4.522989824275213,4.522989824275213,4.522989824275213,4.522989824275213,4.522989824275213,4.522989824275213,4.522989824275213,4.522989824275213,4.522989824275213,4.522989824275213,4.522989824275213,4.522989824275213,4.522989824275213,4.522989824275213,4.522989824275213,4.522989824275213,4.522989824275213,4.522989824275213,4.522989824275213,4.522989824275213,4.522989824275213,4.522989824275213,4.522989824275213,4.522989824275213,4.522989824275213,4.522989824275213,4.522989824275213,4.522989824275213,4.522989824275213,4.522989824275213,4.522989824275213,4.522989824275213,4.522989824275213,4.522989824275213,4.522989824275213,4.522989824275213,4.522989824275213,4.522989824275213,4.522989824275213,4.522989824275213,4.522989824275213,4.522989824275213,4.522989824275213,4.522989824275213,4.522989824275213,4.522989824275213,4.522989824275213,4.522989824275213,4.522989824275213,4.522989824275213,4.522989824275213,4.522989824275213,4.522989824275213,4.522989824275213,4.522989824275213,4.522989824275213,4.522989824275213,4.522989824275213,4.522989824275213,4.522989824275213,4.522989824275213,4.522989824275213,4.522989824275213,4.522989824275213,4.522989824275213,4.522989824275213,4.522989824275213,4.522989824275213,4.522989824275213,4.522989824275213,4.522989824275213,4.522989824275213,4.522989824275213,4.522989824275213,4.522989824275213,4.522989824275213,4.522989824275213,4.522989824275213,4.522989824275213,4.522989824275213,4.522989824275213,4.522989824275213,4.522989824275213,4.522989824275213,4.522989824275213,4.522989824275213,4.522989824275213,4.522989824275213,4.522989824275213,4.522989824275213,4.522989824275213,4.522989824275213,4.522989824275213,4.522989824275213,4.522989824275213,4.522989824275213,4.522989824275213,4.522989824275213,4.522989824275213,4.522989824275213,4.522989824275213,4.522989824275213,4.522989824275213,4.522989824275213,4.522989824275213,4.522989824275213,4.522989824275213,4.522989824275213,4.522989824275213,4.522989824275213,4.522989824275213,4.522989824275213,4.522989824275213,4.522989824275213,4.522989824275213,4.522989824275213,4.522989824275213,4.522989824275213,4.522989824275213,4.522989824275213,4.522989824275213,4.522989824275213,4.522989824275213,4.522989824275213,4.522989824275213,4.522989824275213,4.522989824275213,4.522989824275213,4.522989824275213,4.522989824275213,4.522989824275213,4.522989824275213,4.522989824275213,4.522989824275213,4.522989824275213,4.522989824275213,4.522989824275213,4.522989824275213,4.522989824275213,4.522989824275213,4.522989824275213,4.522989824275213,4.522989824275213,4.522989824275213,4.522989824275213,4.522989824275213,4.522989824275213,4.522989824275213,4.522989824275213,4.522989824275213,4.522989824275213,4.522989824275213,4.522989824275213,4.522989824275213,4.522989824275213,4.522989824275213,4.522989824275213,4.522989824275213,4.522989824275213,4.522989824275213,4.522989824275213,4.522989824275213,4.522989824275213,4.522989824275213,4.522989824275213,4.522989824275213,4.522989824275213,4.522989824275213,4.522989824275213,4.522989824275213,4.522989824275213,4.522989824275213,4.522989824275213,4.522989824275213,4.522989824275213,4.522989824275213,4.522989824275213,4.522989824275213,4.522989824275213,4.522989824275213,4.522989824275213,5.295197362236623,5.228503440692366,5.190386869504542,5.190386869504542,5.190386869504542,5.190386869504542,5.190386869504542,5.190386869504542,5.190386869504542,5.190386869504542,5.190386869504542,5.190386869504542,5.190386869504542,5.190386869504542,5.190386869504542,5.190386869504542,5.190386869504542,5.190386869504542,5.190386869504542,5.190386869504542,5.190386869504542,5.190386869504542,5.190386869504542,5.190386869504542,5.190386869504542,5.190386869504542,5.190386869504542,5.190386869504542,5.190386869504542,5.190386869504542,5.190386869504542,5.190386869504542,5.190386869504542,5.190386869504542,5.190386869504542,5.190386869504542,5.190386869504542,5.190386869504542,5.190386869504542,5.190386869504542,5.190386869504542,5.190386869504542,5.190386869504542,5.190386869504542,5.190386869504542,5.190386869504542,5.190386869504542,5.190386869504542,5.190386869504542,5.190386869504542,5.190386869504542,5.190386869504542,5.190386869504542,5.190386869504542,5.190386869504542,5.190386869504542,5.190386869504542,5.190386869504542,5.190386869504542,5.190386869504542,5.190386869504542,5.190386869504542,5.190386869504542,5.190386869504542,5.190386869504542,5.190386869504542,5.190386869504542,5.190386869504542,5.190386869504542,5.190386869504542,5.190386869504542,5.190386869504542,5.190386869504542,5.190386869504542,5.190386869504542,5.190386869504542,5.190386869504542,5.190386869504542,5.190386869504542,5.190386869504542,5.190386869504542,5.190386869504542,5.190386869504542,5.190386869504542,5.190386869504542,5.190386869504542,5.190386869504542,5.190386869504542,5.190386869504542,5.190386869504542,5.190386869504542,5.190386869504542,5.190386869504542,5.190386869504542,5.190386869504542,5.190386869504542,5.190386869504542,5.190386869504542,5.190386869504542,5.190386869504542,5.190386869504542,5.190386869504542,5.190386869504542,5.190386869504542,5.190386869504542,5.190386869504542,5.190386869504542,5.190386869504542,5.190386869504542,5.190386869504542,5.190386869504542,5.190386869504542,5.190386869504542,5.190386869504542,5.190386869504542,5.190386869504542,5.190386869504542,5.190386869504542,5.190386869504542,5.190386869504542,5.190386869504542,5.190386869504542,5.190386869504542,5.190386869504542,5.190386869504542,5.190386869504542,5.190386869504542,5.190386869504542,5.190386869504542,5.190386869504542,5.190386869504542,5.190386869504542,5.190386869504542,5.190386869504542,5.190386869504542,5.190386869504542,5.190386869504542,5.190386869504542,5.190386869504542,5.190386869504542,5.190386869504542,5.190386869504542,5.190386869504542,5.190386869504542,5.190386869504542,5.190386869504542,5.190386869504542,5.190386869504542,5.190386869504542,5.190386869504542,5.190386869504542,5.190386869504542,5.190386869504542,5.190386869504542,5.190386869504542,5.190386869504542,5.190386869504542,5.190386869504542,5.190386869504542,5.190386869504542,5.190386869504542,5.190386869504542,5.190386869504542,5.190386869504542,5.190386869504542,5.190386869504542,5.190386869504542,5.190386869504542,5.190386869504542,5.190386869504542,5.190386869504542,5.190386869504542,5.190386869504542,5.190386869504542,5.190386869504542,5.190386869504542,5.190386869504542,5.190386869504542,5.190386869504542,5.190386869504542,5.190386869504542,5.190386869504542,5.190386869504542,5.190386869504542,5.190386869504542,5.190386869504542,5.190386869504542,5.190386869504542,5.190386869504542,5.190386869504542,5.190386869504542,5.190386869504542,5.190386869504542,5.190386869504542,5.190386869504542,5.190386869504542,5.190386869504542,5.190386869504542,5.190386869504542,5.132843819036625,5.036303841881011,5.022964554995721,5.022964554995721,5.022964554995721,5.022964554995721,5.022964554995721,5.022964554995721,5.022964554995721,4.697590627327145,4.697590627327145,4.682875381390248,4.682875381390248,4.682875381390248,4.682875381390248,4.682875381390248,4.682875381390248,4.682875381390248,4.682875381390248,4.682875381390248,4.682875381390248,4.682875381390248,4.682875381390248,4.682875381390248,4.682875381390248,4.682875381390248,4.682875381390248,4.682875381390248,4.682875381390248,4.682875381390248,4.682875381390248,4.682875381390248,4.682875381390248,4.682875381390248,4.682875381390248,4.682875381390248,4.682875381390248,4.682875381390248,4.682875381390248,4.659461513728792,4.659461513728792,4.659461513728792,4.659461513728792,4.659461513728792,4.659461513728792,4.659461513728792,4.659461513728792,4.659461513728792,4.659461513728792,4.659461513728792,4.659461513728792,4.659461513728792,4.659461513728792,4.659461513728792,4.659461513728792,4.659461513728792,4.659461513728792,4.659461513728792,4.659461513728792,4.659461513728792,4.659461513728792,4.659461513728792,4.659461513728792,4.59481305698284,4.1805497593954275,4.1805497593954275,3.9609779687577045,3.9609779687577045,3.9609779687577045,3.9609779687577045,3.9609779687577045,3.9609779687577045,3.9609779687577045,3.9609779687577045,3.9609779687577045,3.9609779687577045,3.9609779687577045,3.9609779687577045,3.9609779687577045,3.9609779687577045,3.9609779687577045,3.9609779687577045,3.9609779687577045,3.9609779687577045,3.9609779687577045,3.9609779687577045,3.9609779687577045,3.9609779687577045,3.9609779687577045,3.9609779687577045,3.9609779687577045,3.9609779687577045,3.9609779687577045,3.9609779687577045,3.9609779687577045,3.9609779687577045,3.9609779687577045,3.9609779687577045,3.9609779687577045,3.9609779687577045,3.9609779687577045,3.9609779687577045,3.9609779687577045,3.9609779687577045,3.9609779687577045,3.9609779687577045,3.9609779687577045,3.9609779687577045,3.9609779687577045,3.9609779687577045,3.9609779687577045,3.9609779687577045,3.9609779687577045,3.9609779687577045,3.9609779687577045,3.9609779687577045,3.9609779687577045,3.9609779687577045,3.9609779687577045,3.9609779687577045,3.9609779687577045,3.9609779687577045,3.9609779687577045,3.9609779687577045,3.9609779687577045,3.9609779687577045,3.9609779687577045,3.9609779687577045,3.9609779687577045,3.9609779687577045,3.9609779687577045,3.9609779687577045,3.9609779687577045,3.9609779687577045,3.9609779687577045,3.9609779687577045,3.9609779687577045,3.9609779687577045,3.9609779687577045,3.9609779687577045,3.9609779687577045,3.9609779687577045,3.9609779687577045,3.9609779687577045,3.9609779687577045,3.9609779687577045,3.9609779687577045,3.9609779687577045,3.9609779687577045,3.9609779687577045,3.9609779687577045,3.9609779687577045,3.9609779687577045,3.9609779687577045,3.9609779687577045,3.9609779687577045,3.9609779687577045,3.9609779687577045,3.9609779687577045,3.9609779687577045,3.9609779687577045,3.9609779687577045,3.9609779687577045,3.9609779687577045,3.9609779687577045,3.9609779687577045,3.9609779687577045,3.9609779687577045,3.9609779687577045,3.9609779687577045,3.9609779687577045,3.9609779687577045,3.9609779687577045,3.9609779687577045,3.9609779687577045,3.9609779687577045,3.9609779687577045,3.9609779687577045,3.9609779687577045,3.9609779687577045,3.9609779687577045,3.9609779687577045,3.9609779687577045,3.9609779687577045,3.9609779687577045,3.9609779687577045,3.9609779687577045,3.9609779687577045,3.9609779687577045,3.9609779687577045,3.9609779687577045,3.9609779687577045,3.9609779687577045,3.9609779687577045,3.9609779687577045,3.9609779687577045,3.9609779687577045,3.9609779687577045,3.9609779687577045,3.9609779687577045,3.9609779687577045,3.9609779687577045,3.9609779687577045,3.9609779687577045,3.9609779687577045,3.9609779687577045,3.9609779687577045,3.9609779687577045,3.9609779687577045,3.9609779687577045,3.9609779687577045,3.9609779687577045,3.9609779687577045,3.9609779687577045,3.9609779687577045,3.9609779687577045,3.9609779687577045,3.9609779687577045,3.9609779687577045,3.9609779687577045,3.9609779687577045,3.9609779687577045,3.9609779687577045,3.9609779687577045,3.9609779687577045,3.9609779687577045,3.9609779687577045,3.9609779687577045,3.9609779687577045,3.9609779687577045,3.9609779687577045,3.9609779687577045,3.9609779687577045,3.9609779687577045,3.9609779687577045,3.9609779687577045,3.9609779687577045,3.9609779687577045,3.9609779687577045,3.9609779687577045,3.9609779687577045,3.9609779687577045,3.9609779687577045,3.9609779687577045,3.9609779687577045,3.9609779687577045,3.9609779687577045,3.9609779687577045,3.9609779687577045,3.9609779687577045,3.9609779687577045,3.9609779687577045,3.9609779687577045,3.9609779687577045,3.9609779687577045,3.9609779687577045,3.9609779687577045,3.9609779687577045,3.9609779687577045,3.9609779687577045,3.9609779687577045,3.9609779687577045,3.9609779687577045,3.9609779687577045,3.9609779687577045,3.9609779687577045,3.9609779687577045,3.9609779687577045,3.9609779687577045,3.9609779687577045,3.9609779687577045,3.9609779687577045,3.9609779687577045,3.9609779687577045,3.9609779687577045,3.9609779687577045,3.9609779687577045,3.9609779687577045,3.9609779687577045,3.9609779687577045,3.9609779687577045,3.9609779687577045,3.9609779687577045,3.9609779687577045,3.9609779687577045,3.9609779687577045,3.9609779687577045,3.9609779687577045,3.9609779687577045,3.9609779687577045,3.9609779687577045,3.9609779687577045,3.9609779687577045,3.9609779687577045,3.9609779687577045,3.9609779687577045,3.9609779687577045,3.9609779687577045,3.9609779687577045,3.9609779687577045,3.9609779687577045,3.9609779687577045,3.9609779687577045,3.9609779687577045,3.9609779687577045,3.9609779687577045,3.9609779687577045,3.9609779687577045,3.9609779687577045,3.9609779687577045,3.9609779687577045,3.9609779687577045,3.9609779687577045,3.9609779687577045,3.9609779687577045,3.9609779687577045,3.9609779687577045,3.9609779687577045,3.9609779687577045,3.9609779687577045,3.9609779687577045,3.9609779687577045,3.9609779687577045,3.9609779687577045,3.9609779687577045,3.9609779687577045,3.9609779687577045,3.9609779687577045,3.9609779687577045,3.9609779687577045,3.9609779687577045,3.9609779687577045,3.9609779687577045,3.9609779687577045,3.9609779687577045,3.9609779687577045,3.9609779687577045,3.9609779687577045,3.9609779687577045,3.9609779687577045,3.9609779687577045,3.9609779687577045,3.9609779687577045,3.9609779687577045,3.9609779687577045,3.9609779687577045,3.9609779687577045,3.9609779687577045,3.9609779687577045,3.9609779687577045,3.9609779687577045,3.9609779687577045,3.9609779687577045,3.9609779687577045,3.9609779687577045,3.9609779687577045,3.9609779687577045,3.9609779687577045,3.9609779687577045,3.9609779687577045,3.9609779687577045,3.9609779687577045,3.9609779687577045,3.9609779687577045,3.9609779687577045,3.9609779687577045,3.9609779687577045,3.9609779687577045,3.9609779687577045,3.9609779687577045,3.9609779687577045,3.9609779687577045,3.9609779687577045,3.9609779687577045,3.9609779687577045,3.9609779687577045,3.9609779687577045,3.9609779687577045,3.9609779687577045,3.9609779687577045,3.9609779687577045,3.9609779687577045,3.9609779687577045,3.9609779687577045,3.9609779687577045,3.9609779687577045,3.9609779687577045,3.9609779687577045,3.9609779687577045,3.9609779687577045,3.9609779687577045,3.9609779687577045,3.9609779687577045,3.9609779687577045,3.9609779687577045,3.9609779687577045,3.9609779687577045,3.9609779687577045,3.9609779687577045,3.9609779687577045,3.9609779687577045,3.9609779687577045,3.9609779687577045,3.9609779687577045,3.9609779687577045,3.9609779687577045,3.9609779687577045,3.9609779687577045,3.9609779687577045,3.9609779687577045,3.9609779687577045,3.9609779687577045,3.9609779687577045,3.9609779687577045,3.9609779687577045,3.9609779687577045,3.9609779687577045,3.9609779687577045,3.9609779687577045,3.9609779687577045,3.9609779687577045,3.9609779687577045,3.9609779687577045,3.9609779687577045,3.9609779687577045,3.9609779687577045,3.9609779687577045,3.9609779687577045,3.9609779687577045,3.9609779687577045,3.9609779687577045,3.9609779687577045,3.9609779687577045,3.9609779687577045,3.9609779687577045,3.9609779687577045,3.9609779687577045,3.9609779687577045,3.9609779687577045,3.9609779687577045,3.9609779687577045,3.9609779687577045,3.9609779687577045,3.9609779687577045,3.9609779687577045,3.9609779687577045,3.9609779687577045,3.9609779687577045,3.9609779687577045,3.9609779687577045,3.9609779687577045,3.9609779687577045,3.9609779687577045,3.9609779687577045,3.9609779687577045,3.9609779687577045,3.9609779687577045,3.9609779687577045,3.9609779687577045,3.9609779687577045,3.9609779687577045,3.9609779687577045,3.9609779687577045,3.9609779687577045,3.9609779687577045,3.9609779687577045,3.9609779687577045,3.9609779687577045,3.9609779687577045,3.9609779687577045,3.9609779687577045,3.9609779687577045,3.9609779687577045,3.9609779687577045,3.9609779687577045,3.9609779687577045,3.9609779687577045,3.9609779687577045,3.9609779687577045,3.9609779687577045,3.9609779687577045,3.9609779687577045,3.9609779687577045,3.9609779687577045,3.9609779687577045,3.9609779687577045,3.9609779687577045,3.9609779687577045,3.9609779687577045,3.9609779687577045,3.9609779687577045,3.9609779687577045,3.9609779687577045,3.9609779687577045,3.9609779687577045,3.9609779687577045,3.9609779687577045,3.9609779687577045,3.9609779687577045,3.9609779687577045,3.9609779687577045,3.9609779687577045,3.9609779687577045,3.9609779687577045,3.9609779687577045,3.9609779687577045,3.9609779687577045,3.9609779687577045,3.9609779687577045,3.9609779687577045,3.9609779687577045,3.9609779687577045,3.9609779687577045,3.9609779687577045,3.9609779687577045,3.9609779687577045,3.9609779687577045,3.9609779687577045,3.9609779687577045,3.9609779687577045,3.9609779687577045,3.9609779687577045,3.9609779687577045,3.9609779687577045,3.9609779687577045,3.9609779687577045,3.9609779687577045,3.9609779687577045,3.9609779687577045,3.9609779687577045,3.9609779687577045,3.9609779687577045,3.9609779687577045,3.9609779687577045,3.9609779687577045,3.9609779687577045,3.9609779687577045,3.9609779687577045,3.9609779687577045,3.9609779687577045,3.9609779687577045,3.9609779687577045,3.9609779687577045,3.9609779687577045,3.9609779687577045,3.9609779687577045,3.9609779687577045,3.9609779687577045,3.9609779687577045,3.9609779687577045,3.9609779687577045,3.9609779687577045,3.9609779687577045,3.9609779687577045,3.9609779687577045,3.9609779687577045,3.9609779687577045,3.9609779687577045,3.9609779687577045,3.9609779687577045,3.9609779687577045,3.9609779687577045,3.9609779687577045,3.9609779687577045,3.9609779687577045,3.9609779687577045,3.9609779687577045,3.9609779687577045,3.9609779687577045,3.9609779687577045,3.9609779687577045,3.9609779687577045,3.9609779687577045,3.9609779687577045,3.9609779687577045,3.9609779687577045,3.9609779687577045,3.9609779687577045,3.9609779687577045,3.9609779687577045,3.9609779687577045,3.9609779687577045,3.9609779687577045,3.9609779687577045,3.9609779687577045,3.9609779687577045,3.9609779687577045,3.9609779687577045,3.9609779687577045,3.9609779687577045,3.9609779687577045,3.9609779687577045,3.9609779687577045,3.9609779687577045,3.9609779687577045,3.9609779687577045,3.9609779687577045,3.9609779687577045,3.9609779687577045,3.9609779687577045,3.9609779687577045,3.9609779687577045,3.9609779687577045,3.9609779687577045,3.9609779687577045,3.9609779687577045,3.9609779687577045,3.9609779687577045,3.9609779687577045,3.9609779687577045,3.9609779687577045,3.9609779687577045,3.9609779687577045,3.9609779687577045,3.9609779687577045,3.9609779687577045,3.9609779687577045,3.9609779687577045,3.9609779687577045,3.9609779687577045,3.9609779687577045,3.9609779687577045,3.9609779687577045,3.9609779687577045,3.9609779687577045,3.9609779687577045,3.9609779687577045,3.9609779687577045,3.9609779687577045,3.9609779687577045,3.9609779687577045,3.9609779687577045,3.9609779687577045,3.9609779687577045,3.9609779687577045,3.9609779687577045,3.9609779687577045,3.9609779687577045,3.9609779687577045,3.9609779687577045,3.9609779687577045,3.9609779687577045,3.9609779687577045,3.9609779687577045,3.9609779687577045,3.9609779687577045,3.9609779687577045,3.9609779687577045,3.9609779687577045,3.9609779687577045,3.9609779687577045,3.9609779687577045,3.9609779687577045,3.9609779687577045,3.9609779687577045,3.9609779687577045,3.9609779687577045,3.9609779687577045,3.9609779687577045,3.9609779687577045,3.9609779687577045,3.9609779687577045,3.9609779687577045,3.9609779687577045,3.9609779687577045,3.9609779687577045,3.9609779687577045,3.9609779687577045,3.9609779687577045,3.9609779687577045,3.9609779687577045,3.9609779687577045,3.9609779687577045,3.9609779687577045,3.9609779687577045,3.9609779687577045,3.9609779687577045,3.9609779687577045,3.9609779687577045,3.9609779687577045,3.9609779687577045,3.9609779687577045,3.9609779687577045,3.9609779687577045,3.9609779687577045,3.9609779687577045,3.9609779687577045,3.9609779687577045,3.9609779687577045,3.9609779687577045,3.9609779687577045,3.9609779687577045,3.9609779687577045,3.9609779687577045,3.9609779687577045,3.9609779687577045,3.9609779687577045,3.9609779687577045,3.9609779687577045,3.9609779687577045,3.9609779687577045,3.9609779687577045,3.9609779687577045,3.9609779687577045,3.9609779687577045,3.9609779687577045,3.9609779687577045,3.9609779687577045,3.9609779687577045,3.9609779687577045,3.9609779687577045,3.9609779687577045,3.9609779687577045,3.9609779687577045,3.9609779687577045,3.9609779687577045,3.9609779687577045,3.9609779687577045,3.9609779687577045,3.9609779687577045,3.9609779687577045,3.9609779687577045,3.9609779687577045,3.9609779687577045,3.9609779687577045,3.9609779687577045,3.9609779687577045,3.9609779687577045,3.9609779687577045,3.9609779687577045,3.9609779687577045,3.9609779687577045,3.9609779687577045,3.9609779687577045,3.9609779687577045,3.9609779687577045,3.9609779687577045,3.9609779687577045,3.9609779687577045,3.9609779687577045,3.9609779687577045,3.9609779687577045,3.9609779687577045,3.9609779687577045,3.9609779687577045,3.9609779687577045,3.9609779687577045,3.9609779687577045,3.9609779687577045,3.9609779687577045,3.9609779687577045,3.9609779687577045,3.9609779687577045,3.9609779687577045,3.9609779687577045,3.9609779687577045,3.9609779687577045,3.9609779687577045,3.9609779687577045,3.9609779687577045,3.9609779687577045,3.9609779687577045,3.9609779687577045,3.9609779687577045,3.9609779687577045,3.9609779687577045,3.9609779687577045,3.9609779687577045,3.9609779687577045,3.9609779687577045,3.9609779687577045,3.9609779687577045,3.9609779687577045,3.9609779687577045,3.9609779687577045,3.9609779687577045,3.9609779687577045,3.9609779687577045,3.9609779687577045,3.9609779687577045,3.9609779687577045,3.9609779687577045,3.9609779687577045,3.9609779687577045,3.9609779687577045,3.9609779687577045,3.9609779687577045,3.9609779687577045,3.9609779687577045,3.9609779687577045,3.9609779687577045,3.9609779687577045,3.9609779687577045,3.9609779687577045,3.9609779687577045,3.9609779687577045,3.9609779687577045,3.9609779687577045,3.9609779687577045,3.9609779687577045,3.9609779687577045,8.484718363755876,8.484718363755876,8.484718363755876,8.484718363755876,8.484718363755876,8.484718363755876,8.484718363755876,8.484718363755876,8.484718363755876,8.484718363755876,8.484718363755876,8.479407967446503,8.479407967446503,8.479407967446503,8.479407967446503,8.479407967446503,8.479407967446503,8.479407967446503,8.479407967446503,8.479407967446503,8.479407967446503,7.912587402326929,7.912587402326929,7.912587402326929,7.912587402326929,7.880198614520144,7.880198614520144,7.880198614520144,7.880198614520144,7.880198614520144,7.880198614520144,7.880198614520144,7.880198614520144,7.880198614520144,7.880198614520144,7.880198614520144,7.880198614520144,7.880198614520144,7.880198614520144,7.880198614520144,7.880198614520144,7.880198614520144,7.880198614520144,7.880198614520144,7.880198614520144,7.880198614520144,7.880198614520144,7.880198614520144,7.880198614520144,7.767317383114723,7.728916532960248,7.637386240646555,7.637386240646555,7.637386240646555,7.637386240646555,7.637386240646555,7.637386240646555,7.637386240646555,7.637386240646555,7.637386240646555,7.637386240646555,7.637386240646555,7.637386240646555,7.637386240646555,7.637386240646555,7.637386240646555,7.637386240646555,7.637386240646555,7.637386240646555,7.637386240646555,7.637386240646555,7.637386240646555,7.637386240646555,7.637386240646555,7.637386240646555,7.637386240646555,7.637386240646555,7.637386240646555,7.637386240646555,7.637386240646555,7.637386240646555,7.637386240646555,7.637386240646555,7.637386240646555,7.637386240646555,7.637386240646555,7.637386240646555,7.637386240646555,7.637386240646555,7.637386240646555,7.637386240646555,7.637386240646555,7.637386240646555,7.637386240646555,7.637386240646555,7.637386240646555,7.637386240646555,7.637386240646555,7.637386240646555,7.637386240646555,7.637386240646555,7.637386240646555,7.637386240646555,7.637386240646555,7.637386240646555,7.637386240646555,7.637386240646555,7.637386240646555,7.637386240646555,7.637386240646555,7.541510142713439,7.541510142713439,7.541510142713439,7.541510142713439,7.541510142713439,7.541510142713439,7.541510142713439,7.541510142713439,7.541510142713439,7.541510142713439,7.541510142713439,7.541510142713439,7.541510142713439,7.541510142713439,7.541510142713439,7.541510142713439,7.541510142713439,7.541510142713439,7.541510142713439,7.541510142713439,7.541510142713439,7.541510142713439,7.541510142713439,7.541510142713439,7.541510142713439,7.541510142713439,7.541510142713439,7.541510142713439,7.541510142713439,7.541510142713439,7.541510142713439,7.541510142713439,7.541510142713439,7.541510142713439,7.541510142713439,7.541510142713439,7.541510142713439,7.541510142713439,7.541510142713439,7.541510142713439,7.541510142713439,7.541510142713439,7.541510142713439,7.541510142713439,7.541510142713439,7.541510142713439,7.541510142713439,7.541510142713439,7.541510142713439,7.541510142713439,7.541510142713439,7.541510142713439,7.541510142713439,7.541510142713439,7.541510142713439,7.541510142713439,7.541510142713439,7.541510142713439,7.541510142713439,7.541510142713439,7.541510142713439,7.541510142713439,7.541510142713439,7.541510142713439,7.541510142713439,7.541510142713439,7.541510142713439,7.541510142713439,7.541510142713439,7.541510142713439,7.541510142713439,7.541510142713439,7.541510142713439,7.541510142713439,7.541510142713439,7.541510142713439,7.541510142713439,7.541510142713439,7.541510142713439,7.541510142713439,7.541510142713439,7.541510142713439,7.541510142713439,7.541510142713439,7.541510142713439,7.541510142713439,7.541510142713439,7.541510142713439,7.541510142713439,7.541510142713439,7.541510142713439,7.541510142713439,7.541510142713439,7.541510142713439,7.541510142713439,7.541510142713439,7.541510142713439,7.541510142713439,7.541510142713439,7.541510142713439,7.541510142713439,7.541510142713439,7.541510142713439,7.541510142713439,7.541510142713439,7.541510142713439,7.541510142713439,7.541510142713439,7.541510142713439,7.541510142713439,7.541510142713439,7.541510142713439,7.541510142713439,7.541510142713439,7.541510142713439,7.541510142713439,7.541510142713439,7.541510142713439,7.541510142713439,7.541510142713439,7.541510142713439,7.541510142713439,7.541510142713439,7.541510142713439,7.541510142713439,7.541510142713439,7.541510142713439,7.541510142713439,7.541510142713439,7.541510142713439,7.541510142713439,7.541510142713439,7.541510142713439,7.541510142713439,7.541510142713439,7.541510142713439,7.541510142713439,7.541510142713439,7.541510142713439,7.541510142713439,7.541510142713439,7.541510142713439,7.541510142713439,7.541510142713439,7.541510142713439,7.393643050522316,6.975749993860393,6.828693489339301,6.828693489339301,6.828693489339301,6.068882541541509,6.068882541541509,6.068882541541509,5.878594693091028,5.827627929005544,5.827627929005544,5.827627929005544,5.827627929005544,5.827627929005544,5.827627929005544,5.827627929005544,5.827627929005544,5.827627929005544,5.827627929005544,5.827627929005544,5.827627929005544,5.827627929005544,5.827627929005544,5.827627929005544,5.827627929005544,5.827627929005544,5.827627929005544,5.792869381961097,5.792869381961097,5.792869381961097,5.792869381961097,5.792869381961097,5.792869381961097,5.792869381961097,5.792869381961097,5.792869381961097,5.792869381961097,5.792869381961097,5.792869381961097,5.792869381961097,5.792869381961097,5.792869381961097,5.792869381961097,5.792869381961097,5.792869381961097,5.792869381961097,5.792869381961097,5.792869381961097,5.792869381961097,5.792869381961097,5.792869381961097,5.792869381961097,5.792869381961097,5.792869381961097,5.792869381961097,5.792869381961097,5.792869381961097,5.792869381961097,5.792869381961097,5.792869381961097,5.792869381961097,5.792869381961097,5.792869381961097,5.792869381961097,5.792869381961097,5.792869381961097,5.792869381961097,5.792869381961097,5.792869381961097,5.792869381961097,5.792869381961097,5.792869381961097,5.792869381961097,5.792869381961097,5.792869381961097,5.792869381961097,5.792869381961097,5.792869381961097,5.792869381961097,5.792869381961097,5.792869381961097,5.792869381961097,5.792869381961097,5.792869381961097,5.792869381961097,5.792869381961097,5.792869381961097,5.792869381961097,5.792869381961097,5.792869381961097,5.792869381961097,5.792869381961097,5.792869381961097,5.792869381961097,5.792869381961097,5.792869381961097,5.792869381961097,5.792869381961097,5.792869381961097,5.792869381961097,5.792869381961097,5.792869381961097,5.792869381961097,5.792869381961097,5.792869381961097,5.792869381961097,5.792869381961097,5.792869381961097,5.792869381961097,5.792869381961097,5.792869381961097,5.792869381961097,5.792869381961097,5.792869381961097,5.792869381961097,5.792869381961097,5.792869381961097,5.792869381961097,5.792869381961097,5.792869381961097,5.792869381961097,5.792869381961097,5.792869381961097,5.792869381961097,5.792869381961097,5.792869381961097,5.792869381961097,5.792869381961097,5.792869381961097,5.792869381961097,5.792869381961097,5.792869381961097,5.792869381961097,5.792869381961097,5.792869381961097,5.792869381961097,5.792869381961097,5.792869381961097,5.792869381961097,5.792869381961097,5.792869381961097,5.792869381961097,5.792869381961097,5.792869381961097,5.792869381961097,5.792869381961097,5.792869381961097,5.792869381961097,5.792869381961097,5.792869381961097,5.792869381961097,5.792869381961097,5.792869381961097,5.792869381961097,5.792869381961097,5.792869381961097,5.792869381961097,5.792869381961097,5.792869381961097,5.792869381961097,5.792869381961097,5.792869381961097,5.792869381961097,5.792869381961097,5.792869381961097,5.792869381961097,5.792869381961097,5.792869381961097,5.792869381961097,5.792869381961097,5.792869381961097,5.792869381961097,5.792869381961097,5.792869381961097,5.792869381961097,5.792869381961097,5.792869381961097,5.792869381961097,5.792869381961097,5.792869381961097,5.792869381961097,5.792869381961097,5.792869381961097,5.792869381961097,5.792869381961097,5.792869381961097,5.792869381961097,5.792869381961097,5.792869381961097,5.792869381961097,5.792869381961097,5.792869381961097,5.792869381961097,5.792869381961097,5.792869381961097,5.792869381961097,5.792869381961097,5.792869381961097,5.792869381961097,5.792869381961097,5.792869381961097,5.792869381961097,5.792869381961097,5.792869381961097,5.792869381961097,5.792869381961097,5.792869381961097,5.792869381961097,5.792869381961097,5.792869381961097,5.792869381961097,5.792869381961097,5.792869381961097,5.792869381961097,5.792869381961097,5.792869381961097,5.792869381961097,5.792869381961097,5.792869381961097,5.792869381961097,5.792869381961097,5.792869381961097,5.792869381961097,5.792869381961097,5.792869381961097,5.792869381961097,5.792869381961097,5.792869381961097,5.792869381961097,5.792869381961097,5.792869381961097,5.792869381961097,5.792869381961097,5.792869381961097,5.792869381961097,5.792869381961097,5.792869381961097,5.792869381961097,5.792869381961097,5.792869381961097,5.792869381961097,5.792869381961097,5.792869381961097,5.792869381961097,5.792869381961097,5.757702520934233,5.543099067219494,5.543099067219494,5.543099067219494,5.543099067219494,5.543099067219494,5.358810498610113,5.358810498610113,5.358810498610113,5.358810498610113,5.358810498610113,5.358810498610113,5.358810498610113,5.358810498610113,5.358810498610113,5.358810498610113,5.358810498610113,5.358810498610113,5.358810498610113,5.358810498610113,5.358810498610113,5.358810498610113,5.358810498610113,5.358810498610113,5.358810498610113,5.358810498610113,5.358810498610113,5.358810498610113,5.358810498610113,5.358810498610113,5.358810498610113,5.358810498610113,5.358810498610113,5.358810498610113,5.358810498610113,5.358810498610113,5.358810498610113,5.358810498610113,5.358810498610113,5.358810498610113,5.358810498610113,5.358810498610113,5.358810498610113,5.358810498610113,5.358810498610113,5.358810498610113,5.358810498610113,5.358810498610113,5.358810498610113,5.358810498610113,5.358810498610113,5.358810498610113,5.358810498610113,5.358810498610113,5.358810498610113,5.358810498610113,5.358810498610113,5.358810498610113,5.358810498610113,5.358810498610113,5.358810498610113,5.358810498610113,5.358810498610113,5.358810498610113,5.358810498610113,5.358810498610113,5.358810498610113,5.358810498610113,5.358810498610113,5.358810498610113,5.358810498610113,5.358810498610113,5.358810498610113,5.358810498610113,5.358810498610113,5.358810498610113,5.358810498610113,5.358810498610113,5.358810498610113,5.358810498610113,5.358810498610113,5.358810498610113,5.358810498610113,5.358810498610113,5.358810498610113,5.358810498610113,5.358810498610113,5.358810498610113,5.358810498610113,5.358810498610113,5.358810498610113,5.358810498610113,5.358810498610113,5.358810498610113,5.358810498610113,5.358810498610113,5.358810498610113,5.358810498610113,5.358810498610113,5.358810498610113,5.358810498610113,5.358810498610113,5.358810498610113,5.358810498610113,5.358810498610113,5.358810498610113,5.358810498610113,5.358810498610113,5.358810498610113,5.358810498610113,5.358810498610113,5.358810498610113,5.358810498610113,5.358810498610113,5.358810498610113,5.358810498610113,5.358810498610113,5.358810498610113,5.358810498610113,5.358810498610113,5.358810498610113,5.358810498610113,5.358810498610113,5.358810498610113,5.358810498610113,5.358810498610113,5.358810498610113,5.358810498610113,5.358810498610113,5.358810498610113,5.358810498610113,5.358810498610113,5.358810498610113,5.358810498610113,5.358810498610113,5.358810498610113,5.358810498610113,5.358810498610113,5.358810498610113,5.358810498610113,5.358810498610113,5.358810498610113,5.358810498610113,5.358810498610113,5.358810498610113,5.358810498610113,5.358810498610113,5.358810498610113,5.358810498610113,5.358810498610113,5.358810498610113,5.358810498610113,5.358810498610113,5.358810498610113,5.358810498610113,5.358810498610113,5.358810498610113,5.358810498610113,5.358810498610113,5.358810498610113,5.358810498610113,5.358810498610113,5.358810498610113,5.358810498610113,5.358810498610113,5.358810498610113,5.358810498610113,5.358810498610113,5.358810498610113,5.358810498610113,5.358810498610113,5.358810498610113,5.358810498610113,5.358810498610113,5.358810498610113,5.358810498610113,5.358810498610113,5.358810498610113,5.358810498610113,5.358810498610113,5.358810498610113,5.358810498610113,5.358810498610113,5.358810498610113,5.358810498610113,5.358810498610113,5.358810498610113,5.358810498610113,5.358810498610113,5.358810498610113,5.358810498610113,5.358810498610113,5.358810498610113,5.358810498610113,5.358810498610113,5.358810498610113,5.358810498610113,5.358810498610113,5.358810498610113,5.358810498610113,5.358810498610113,5.358810498610113,5.358810498610113,5.358810498610113,5.358810498610113,5.358810498610113,5.358810498610113,5.358810498610113,5.358810498610113,5.358810498610113,5.358810498610113,5.358810498610113,5.358810498610113,5.358810498610113,5.358810498610113,5.358810498610113,5.358810498610113,5.358810498610113,5.358810498610113,5.358810498610113,5.358810498610113,5.358810498610113,5.358810498610113,5.358810498610113,5.358810498610113,5.358810498610113,5.358810498610113,5.358810498610113,5.358810498610113,5.358810498610113,5.358810498610113,5.358810498610113,5.358810498610113,5.358810498610113,5.358810498610113,5.358810498610113,5.358810498610113,5.358810498610113,5.358810498610113,5.358810498610113,5.358810498610113,5.358810498610113,5.358810498610113,5.358810498610113,5.358810498610113,5.358810498610113,5.358810498610113,5.358810498610113,5.358810498610113,5.358810498610113,5.358810498610113,5.358810498610113,5.358810498610113,5.358810498610113,5.358810498610113,5.358810498610113,5.358810498610113,5.358810498610113,5.358810498610113,5.358810498610113,5.358810498610113,5.358810498610113,5.358810498610113,5.358810498610113,5.358810498610113,5.358810498610113,5.358810498610113,5.358810498610113,5.358810498610113,5.358810498610113,5.358810498610113,5.358810498610113,5.358810498610113,5.358810498610113,5.358810498610113,5.358810498610113,5.358810498610113,5.358810498610113,5.358810498610113,5.358810498610113,5.358810498610113,5.358810498610113,5.358810498610113,5.358810498610113,5.358810498610113,5.358810498610113,5.358810498610113,5.358810498610113,5.358810498610113,5.358810498610113,5.358810498610113,5.358810498610113,5.358810498610113,5.358810498610113,5.358810498610113,5.358810498610113,5.358810498610113,5.358810498610113,5.358810498610113,5.358810498610113,5.358810498610113,5.358810498610113,5.358810498610113,5.358810498610113,5.358810498610113,5.358810498610113,5.358810498610113,5.358810498610113,5.358810498610113,5.358810498610113,5.358810498610113,5.358810498610113,5.358810498610113,5.358810498610113,5.358810498610113,5.358810498610113,5.358810498610113,5.358810498610113,5.358810498610113,5.358810498610113,5.358810498610113,5.358810498610113,5.358810498610113,5.358810498610113,5.358810498610113,5.358810498610113,5.358810498610113,5.358810498610113,5.358810498610113,5.358810498610113,5.358810498610113,5.358810498610113,5.358810498610113,5.358810498610113,5.358810498610113,5.358810498610113,5.358810498610113,5.358810498610113,5.358810498610113,5.358810498610113,5.358810498610113,5.358810498610113,5.358810498610113,5.358810498610113,5.358810498610113,5.358810498610113,5.358810498610113,5.358810498610113,5.358810498610113,5.358810498610113,5.358810498610113,5.358810498610113,5.358810498610113,5.358810498610113,5.358810498610113,5.358810498610113,5.358810498610113,5.358810498610113,5.358810498610113,5.358810498610113,5.358810498610113,5.358810498610113,5.358810498610113,5.358810498610113,5.358810498610113,5.358810498610113,5.358810498610113,5.358810498610113,5.358810498610113,5.358810498610113,5.358810498610113,5.358810498610113,5.358810498610113,5.358810498610113,5.358810498610113,5.358810498610113,5.358810498610113,5.358810498610113,5.358810498610113,5.358810498610113,5.358810498610113,5.358810498610113,5.358810498610113,5.358810498610113,5.358810498610113,5.358810498610113,5.358810498610113,5.358810498610113,5.358810498610113,5.358810498610113,5.358810498610113,5.358810498610113,5.358810498610113,5.358810498610113,5.358810498610113,5.358810498610113,5.358810498610113,5.358810498610113,5.358810498610113,5.358810498610113,5.358810498610113,5.358810498610113,5.358810498610113,5.358810498610113,5.358810498610113,5.358810498610113,5.358810498610113,5.358810498610113,5.358810498610113,5.358810498610113,5.358810498610113,5.358810498610113,5.358810498610113,5.358810498610113,5.358810498610113,5.358810498610113,5.358810498610113,5.358810498610113,5.358810498610113,5.358810498610113,5.358810498610113,5.358810498610113,5.358810498610113,5.358810498610113,5.358810498610113,5.358810498610113,5.358810498610113,5.358810498610113,5.358810498610113,5.358810498610113,5.358810498610113,5.358810498610113,5.358810498610113,5.358810498610113,5.358810498610113,5.358810498610113,5.358810498610113,5.358810498610113,5.358810498610113,5.358810498610113,5.358810498610113,5.358810498610113,5.358810498610113,5.358810498610113,5.358810498610113,5.358810498610113,5.358810498610113,5.358810498610113,5.358810498610113,5.358810498610113,5.358810498610113,5.358810498610113,5.358810498610113,5.358810498610113,5.358810498610113,5.358810498610113,5.358810498610113,5.358810498610113,5.358810498610113,5.358810498610113,5.358810498610113,5.358810498610113,5.358810498610113,5.358810498610113,5.358810498610113,5.358810498610113,5.358810498610113,5.358810498610113,5.358810498610113,5.358810498610113,5.358810498610113,5.358810498610113,5.358810498610113,5.358810498610113,5.358810498610113,5.358810498610113,5.358810498610113,5.358810498610113,5.358810498610113,5.358810498610113,5.358810498610113,5.358810498610113,5.358810498610113,5.358810498610113,5.358810498610113,5.358810498610113,5.358810498610113,5.358810498610113,5.358810498610113,5.358810498610113,5.358810498610113,5.358810498610113,5.358810498610113,5.358810498610113,5.358810498610113,5.358810498610113,5.358810498610113,5.358810498610113,5.358810498610113,5.358810498610113,7.848386224266663,6.736476755231263,6.736476755231263,6.736476755231263,6.736476755231263,6.736476755231263,6.736476755231263,6.736476755231263,6.736476755231263,6.736476755231263,6.736476755231263,6.736476755231263,6.736476755231263,6.736476755231263,6.736476755231263,6.736476755231263,6.736476755231263,6.736476755231263,6.736476755231263,6.736476755231263,6.736476755231263,6.736476755231263,6.736476755231263,6.736476755231263,6.736476755231263,6.736476755231263,6.736476755231263,6.736476755231263,6.736476755231263,6.736476755231263,6.736476755231263,6.736476755231263,6.736476755231263,6.16384298972033,6.16384298972033,6.16384298972033,6.16384298972033,6.146007675651249,6.146007675651249,6.146007675651249,6.146007675651249,6.146007675651249,6.146007675651249,6.146007675651249,6.146007675651249,6.146007675651249,6.146007675651249,6.146007675651249,6.146007675651249,6.146007675651249,6.146007675651249,6.146007675651249,6.146007675651249,6.146007675651249,6.146007675651249,6.146007675651249,6.146007675651249,6.146007675651249,6.146007675651249,6.146007675651249,6.146007675651249,6.146007675651249,6.146007675651249,6.146007675651249,6.146007675651249,6.146007675651249,6.146007675651249,6.146007675651249,6.146007675651249,6.146007675651249,6.146007675651249,6.146007675651249,6.146007675651249,6.146007675651249,6.146007675651249,6.146007675651249,6.146007675651249,6.146007675651249,6.146007675651249,6.146007675651249,6.146007675651249,6.146007675651249,6.146007675651249,6.146007675651249,6.146007675651249,6.146007675651249,6.146007675651249,6.146007675651249,6.146007675651249,6.146007675651249,6.146007675651249,6.146007675651249,6.146007675651249,6.146007675651249,6.146007675651249,6.146007675651249,6.146007675651249,6.146007675651249,6.146007675651249,6.146007675651249,6.146007675651249,6.146007675651249,6.146007675651249,6.146007675651249,6.146007675651249,6.146007675651249,6.146007675651249,6.146007675651249,6.146007675651249,6.146007675651249,6.146007675651249,6.146007675651249,6.146007675651249,6.146007675651249,6.146007675651249,6.146007675651249,6.146007675651249,6.146007675651249,6.146007675651249,6.146007675651249,6.146007675651249,6.146007675651249,6.146007675651249,6.146007675651249,6.146007675651249,6.146007675651249,6.146007675651249,6.146007675651249,6.146007675651249,6.146007675651249,6.146007675651249,6.146007675651249,6.146007675651249,6.146007675651249,6.146007675651249,6.146007675651249,6.146007675651249,6.146007675651249,6.146007675651249,6.146007675651249,6.146007675651249,6.146007675651249,6.146007675651249,6.146007675651249,6.146007675651249,6.146007675651249,6.146007675651249,6.146007675651249,6.146007675651249,6.146007675651249,6.146007675651249,6.146007675651249,6.146007675651249,6.146007675651249,6.146007675651249,6.146007675651249,6.146007675651249,6.146007675651249,6.146007675651249,6.146007675651249,6.146007675651249,6.146007675651249,6.146007675651249,6.146007675651249,6.146007675651249,6.146007675651249,6.146007675651249,6.146007675651249,6.146007675651249,6.146007675651249,6.146007675651249,6.146007675651249,6.146007675651249,6.146007675651249,6.146007675651249,6.146007675651249,6.146007675651249,6.146007675651249,6.146007675651249,6.146007675651249,6.146007675651249,6.146007675651249,6.146007675651249,6.146007675651249,6.146007675651249,6.146007675651249,6.146007675651249,6.146007675651249,6.146007675651249,6.146007675651249,6.146007675651249,6.146007675651249,6.146007675651249,6.146007675651249,6.146007675651249,6.146007675651249,6.146007675651249,6.146007675651249,6.146007675651249,6.146007675651249,6.146007675651249,6.146007675651249,6.146007675651249,6.146007675651249,6.146007675651249,6.146007675651249,6.146007675651249,6.146007675651249,6.146007675651249,6.146007675651249,6.146007675651249,6.146007675651249,6.119439677105372,5.443555177087216,5.443555177087216,5.443555177087216,5.443555177087216,5.443555177087216,5.443555177087216,5.443555177087216,5.443555177087216,5.443555177087216,5.227370313805573,5.227370313805573,5.227370313805573,5.227370313805573,5.227370313805573,5.227370313805573,5.227370313805573,5.227370313805573,5.227370313805573,5.227370313805573,5.227370313805573,5.227370313805573,5.227370313805573,5.227370313805573,5.227370313805573,5.227370313805573,5.227370313805573,5.227370313805573,5.227370313805573,5.227370313805573,5.227370313805573,5.227370313805573,5.227370313805573,5.227370313805573,5.227370313805573,5.227370313805573,5.227370313805573,5.227370313805573,5.227370313805573,5.227370313805573,5.227370313805573,5.227370313805573,5.227370313805573,5.227370313805573,5.227370313805573,5.227370313805573,5.227370313805573,5.227370313805573,5.227370313805573,5.227370313805573,5.227370313805573,5.227370313805573,5.227370313805573,5.227370313805573,5.227370313805573,5.227370313805573,5.227370313805573,5.227370313805573,5.227370313805573,5.227370313805573,5.227370313805573,5.227370313805573,5.111155391129614,5.111155391129614,5.111155391129614,5.111155391129614,5.111155391129614,5.111155391129614,5.111155391129614,5.111155391129614,5.111155391129614,5.111155391129614,5.111155391129614,5.111155391129614,5.111155391129614,5.111155391129614,5.111155391129614,5.111155391129614,5.111155391129614,5.111155391129614,5.111155391129614,5.111155391129614,5.111155391129614,5.111155391129614,5.111155391129614,5.111155391129614,5.111155391129614,5.111155391129614,5.111155391129614,5.111155391129614,5.111155391129614,5.111155391129614,5.111155391129614,4.772452324052852,4.772452324052852,4.754674439216849,4.754674439216849,4.754674439216849,4.754674439216849,4.754674439216849,4.754674439216849,4.754674439216849,4.754674439216849,4.754674439216849,4.754674439216849,4.754674439216849,4.754674439216849,4.754674439216849,4.754674439216849,4.754674439216849,4.754674439216849,4.754674439216849,4.754674439216849,4.754674439216849,4.754674439216849,4.754674439216849,4.754674439216849,4.754674439216849,4.754674439216849,4.754674439216849,4.754674439216849,4.754674439216849,4.754674439216849,4.754674439216849,4.754674439216849,4.754674439216849,4.754674439216849,4.754674439216849,4.754674439216849,4.754674439216849,4.754674439216849,4.754674439216849,4.754674439216849,4.754674439216849,4.754674439216849,4.754674439216849,4.754674439216849,4.754674439216849,4.754674439216849,4.754674439216849,4.754674439216849,4.754674439216849,4.754674439216849,4.754674439216849,4.754674439216849,4.754674439216849,4.754674439216849,4.754674439216849,4.754674439216849,4.754674439216849,4.754674439216849,4.754674439216849,4.754674439216849,4.754674439216849,4.754674439216849,4.754674439216849,4.754674439216849,4.754674439216849,4.754674439216849,4.754674439216849,4.754674439216849,4.754674439216849,4.754674439216849,4.754674439216849,4.754674439216849,4.754674439216849,4.754674439216849,4.754674439216849,4.754674439216849,4.754674439216849,4.754674439216849,4.754674439216849,4.754674439216849,4.754674439216849,4.754674439216849,4.754674439216849,4.754674439216849,4.754674439216849,4.754674439216849,4.754674439216849,4.754674439216849,4.754674439216849,4.754674439216849,4.754674439216849,4.754674439216849,4.754674439216849,4.754674439216849,4.754674439216849,4.754674439216849,4.754674439216849,4.754674439216849,4.754674439216849,4.754674439216849,4.754674439216849,4.754674439216849,4.754674439216849,4.754674439216849,4.754674439216849,4.754674439216849,4.754674439216849,4.754674439216849,4.754674439216849,4.754674439216849,4.754674439216849,4.754674439216849,4.754674439216849,4.754674439216849,4.754674439216849,4.754674439216849,4.754674439216849,4.754674439216849,4.754674439216849,4.754674439216849,4.754674439216849,4.754674439216849,4.754674439216849,4.754674439216849,4.754674439216849,4.754674439216849,4.754674439216849,4.754674439216849,4.754674439216849,4.754674439216849,4.754674439216849,4.754674439216849,4.754674439216849,4.754674439216849,4.754674439216849,4.754674439216849,4.754674439216849,4.754674439216849,4.754674439216849,4.754674439216849,4.754674439216849,4.754674439216849,4.754674439216849,4.754674439216849,4.754674439216849,4.754674439216849,4.754674439216849,4.754674439216849,4.754674439216849,4.754674439216849,4.754674439216849,4.754674439216849,4.754674439216849,4.754674439216849,4.754674439216849,4.754674439216849,4.754674439216849,4.754674439216849,4.754674439216849,4.754674439216849,4.754674439216849,4.754674439216849,4.754674439216849,4.754674439216849,4.754674439216849,4.754674439216849,4.754674439216849,4.754674439216849,4.754674439216849,4.754674439216849,4.754674439216849,4.754674439216849,4.754674439216849,4.754674439216849,4.754674439216849,4.754674439216849,4.754674439216849,4.754674439216849,4.754674439216849,4.754674439216849,4.754674439216849,4.754674439216849,4.754674439216849,4.754674439216849,4.754674439216849,4.754674439216849,4.754674439216849,4.754674439216849,4.754674439216849,4.754674439216849,4.754674439216849,4.754674439216849,4.754674439216849,4.754674439216849,4.754674439216849,4.754674439216849,4.754674439216849,4.754674439216849,4.754674439216849,4.754674439216849,4.754674439216849,4.754674439216849,4.754674439216849,4.754674439216849,4.754674439216849,4.754674439216849,4.754674439216849,4.754674439216849,4.754674439216849,4.754674439216849,4.754674439216849,4.754674439216849,4.754674439216849,4.754674439216849,4.754674439216849,4.754674439216849,4.754674439216849,4.754674439216849,4.754674439216849,4.754674439216849,4.754674439216849,4.754674439216849,4.754674439216849,4.754674439216849,4.754674439216849,4.754674439216849,4.754674439216849,4.754674439216849,4.754674439216849,4.754674439216849,4.754674439216849,4.754674439216849,4.754674439216849,4.754674439216849,4.754674439216849,4.754674439216849,4.754674439216849,4.754674439216849,4.754674439216849,4.754674439216849,4.754674439216849,4.754674439216849,4.754674439216849,4.754674439216849,4.754674439216849,4.754674439216849,4.754674439216849,4.754674439216849,4.754674439216849,4.754674439216849,4.754674439216849,4.754674439216849,4.754674439216849,4.754674439216849,4.754674439216849,4.754674439216849,4.754674439216849,4.754674439216849,4.754674439216849,4.754674439216849,4.754674439216849,4.754674439216849,4.754674439216849,4.754674439216849,4.754674439216849,4.754674439216849,4.754674439216849,4.754674439216849,4.754674439216849,4.754674439216849,4.754674439216849,4.754674439216849,4.754674439216849,4.754674439216849,4.754674439216849,4.754674439216849,4.754674439216849,4.754674439216849,4.754674439216849,4.754674439216849,4.754674439216849,4.754674439216849,4.754674439216849,4.754674439216849,4.754674439216849,4.754674439216849,4.754674439216849,4.754674439216849,4.754674439216849,4.754674439216849,4.754674439216849,4.754674439216849,4.754674439216849,4.754674439216849,4.754674439216849,4.754674439216849,4.754674439216849,4.754674439216849,4.754674439216849,4.754674439216849,4.754674439216849,4.754674439216849,4.754674439216849,4.754674439216849,4.754674439216849,4.754674439216849,4.754674439216849,4.754674439216849,4.754674439216849,4.754674439216849,4.754674439216849,4.754674439216849,4.754674439216849,4.754674439216849,4.754674439216849,4.754674439216849,4.754674439216849,4.754674439216849,4.754674439216849,4.754674439216849,4.754674439216849,4.754674439216849,4.754674439216849,4.754674439216849,4.754674439216849,4.754674439216849,4.754674439216849,4.754674439216849,4.754674439216849,4.754674439216849,4.754674439216849,4.754674439216849,4.754674439216849,4.754674439216849,4.754674439216849,4.754674439216849,4.754674439216849,4.754674439216849,4.754674439216849,4.754674439216849,4.754674439216849,4.754674439216849,4.754674439216849,4.754674439216849,4.754674439216849,4.754674439216849,4.754674439216849,4.754674439216849,4.754674439216849,4.754674439216849,4.754674439216849,4.754674439216849,4.754674439216849,4.754674439216849,4.754674439216849,4.754674439216849,4.754674439216849,4.754674439216849,4.754674439216849,4.754674439216849,4.754674439216849,4.754674439216849,4.754674439216849,4.754674439216849,4.754674439216849,4.754674439216849,4.754674439216849,4.754674439216849,4.754674439216849,4.754674439216849,4.754674439216849,4.754674439216849,4.754674439216849,4.754674439216849,4.754674439216849,4.754674439216849,4.754674439216849,4.754674439216849,4.754674439216849,4.754674439216849,4.754674439216849,4.754674439216849,4.754674439216849,4.754674439216849,4.754674439216849,4.754674439216849,4.754674439216849,4.754674439216849,4.754674439216849,4.754674439216849,4.754674439216849,4.754674439216849,4.754674439216849,4.754674439216849,4.754674439216849,4.754674439216849,4.754674439216849,4.754674439216849,4.754674439216849,4.754674439216849,4.754674439216849,4.754674439216849,4.754674439216849,4.754674439216849,4.754674439216849,4.754674439216849,4.754674439216849,4.754674439216849,4.754674439216849,4.754674439216849,4.754674439216849,4.754674439216849,4.754674439216849,4.754674439216849,4.754674439216849,4.754674439216849,4.754674439216849,4.754674439216849,4.754674439216849,4.754674439216849,4.754674439216849,4.754674439216849,4.754674439216849,4.754674439216849,4.754674439216849,4.754674439216849,4.754674439216849,4.754674439216849,4.754674439216849,4.754674439216849,4.754674439216849,4.754674439216849,4.754674439216849,4.754674439216849,4.754674439216849,4.754674439216849,4.754674439216849,4.754674439216849,4.754674439216849,4.754674439216849,4.754674439216849,4.754674439216849,4.754674439216849,4.754674439216849,4.754674439216849,4.754674439216849,4.754674439216849,4.754674439216849,4.754674439216849,4.754674439216849,4.754674439216849,4.754674439216849,4.754674439216849,4.754674439216849,4.754674439216849,4.754674439216849,4.754674439216849,4.754674439216849,4.754674439216849,4.754674439216849,4.754674439216849,4.754674439216849,4.754674439216849,4.754674439216849,4.754674439216849,4.754674439216849,4.754674439216849,4.754674439216849,4.753231700494145,4.753231700494145,4.753231700494145,4.753231700494145,4.753231700494145,4.753231700494145,4.753231700494145,4.753231700494145,4.753231700494145,4.753231700494145,4.753231700494145,4.753231700494145,4.753231700494145,4.753231700494145,4.753231700494145,4.753231700494145,4.753231700494145,4.753231700494145,4.753231700494145,4.753231700494145,4.753231700494145,4.753231700494145,4.753231700494145,4.753231700494145,4.753231700494145,4.753231700494145,4.753231700494145,4.632524057115516,4.632524057115516,4.632524057115516,4.632524057115516,4.632524057115516,4.632524057115516,4.632524057115516,4.632524057115516,4.632524057115516,4.632524057115516,4.632524057115516,4.632524057115516,4.632524057115516,4.632524057115516,4.632524057115516,4.632524057115516,4.632524057115516,4.632524057115516,4.632524057115516,4.632524057115516,4.632524057115516,4.632524057115516,4.632524057115516,4.632524057115516,4.632524057115516,4.632524057115516,4.632524057115516,4.632524057115516,4.632524057115516,4.632524057115516,4.632524057115516,4.632524057115516,4.632524057115516,4.632524057115516,4.632524057115516,4.632524057115516,4.632524057115516,4.632524057115516,4.632524057115516,4.632524057115516,4.632524057115516,4.632524057115516,4.632524057115516,4.632524057115516,4.632524057115516,4.632524057115516,4.632524057115516,4.632524057115516,4.632524057115516,4.632524057115516,4.632524057115516,4.632524057115516,4.632524057115516,4.632524057115516,4.632524057115516,4.632524057115516,4.632524057115516,4.632524057115516,4.632524057115516,4.632524057115516,4.632524057115516,4.632524057115516,4.632524057115516,4.632524057115516,4.632524057115516,4.632524057115516,4.632524057115516,4.632524057115516,4.632524057115516,4.632524057115516,4.632524057115516,4.632524057115516,4.632524057115516,4.632524057115516,4.632524057115516,4.632524057115516,4.632524057115516,4.632524057115516,4.632524057115516,4.632524057115516,4.632524057115516,4.632524057115516,4.632524057115516,4.632524057115516,4.632524057115516,4.632524057115516,4.632524057115516,4.632524057115516,4.632524057115516,4.632524057115516,4.632524057115516,4.632524057115516,4.632524057115516,4.632524057115516,4.632524057115516,4.632524057115516,4.632524057115516,4.632524057115516,4.632524057115516,4.632524057115516,4.632524057115516,4.632524057115516,4.632524057115516,4.632524057115516,4.632524057115516,4.632524057115516,4.632524057115516,4.632524057115516,4.632524057115516,4.632524057115516,4.632524057115516,4.632524057115516,4.632524057115516,4.632524057115516,4.632524057115516,4.632524057115516,4.632524057115516,4.632524057115516,4.632524057115516,4.632524057115516,4.632524057115516,4.632524057115516,4.632524057115516,4.632524057115516,4.632524057115516,4.632524057115516,4.632524057115516,4.632524057115516,4.632524057115516,4.632524057115516,4.632524057115516,4.632524057115516,4.632524057115516,4.632524057115516,4.632524057115516,4.632524057115516,4.632524057115516,4.632524057115516,4.632524057115516,4.632524057115516,4.632524057115516,4.632524057115516,4.632524057115516,4.632524057115516,4.632524057115516,4.632524057115516,4.632524057115516,4.632524057115516,4.632524057115516,4.632524057115516,4.632524057115516,4.632524057115516,4.632524057115516,4.632524057115516,4.632524057115516,4.632524057115516,4.632524057115516,4.632524057115516,4.632524057115516,4.632524057115516,4.632524057115516,4.632524057115516,4.632524057115516,4.632524057115516,4.632524057115516,4.632524057115516,4.632524057115516,4.632524057115516,4.632524057115516,4.632524057115516,4.632524057115516,4.632524057115516,4.632524057115516,4.632524057115516,4.632524057115516,4.632524057115516,4.632524057115516,4.632524057115516,4.632524057115516,4.632524057115516,4.632524057115516,4.632524057115516,4.632524057115516,4.632524057115516,4.632524057115516,4.632524057115516,4.632524057115516,4.632524057115516,4.632524057115516,4.632524057115516,4.632524057115516,4.632524057115516,4.632524057115516,4.632524057115516,4.632524057115516,4.632524057115516,4.632524057115516,4.632524057115516,4.632524057115516,4.632524057115516,7.073642587353088,6.412753532063905,6.412753532063905,6.412753532063905,6.412753532063905,6.412753532063905,6.412753532063905,6.412753532063905,6.412753532063905,6.412753532063905,6.412753532063905,6.412753532063905,6.412753532063905,6.412753532063905,6.412753532063905,6.412753532063905,6.412753532063905,6.412753532063905,6.412753532063905,6.412753532063905,6.412753532063905,6.412753532063905,6.412753532063905,6.412753532063905,6.412753532063905,6.412753532063905,6.412753532063905,6.412753532063905,6.412753532063905,6.412753532063905,6.412753532063905,6.412753532063905,6.412753532063905,6.412753532063905,6.412753532063905,6.412753532063905,6.412753532063905,6.412753532063905,6.412753532063905,6.412753532063905,6.412753532063905,6.412753532063905,6.412753532063905,6.412753532063905,6.412753532063905,6.412753532063905,6.412753532063905,6.412753532063905,6.412753532063905,6.412753532063905,6.412753532063905,6.412753532063905,6.412753532063905,6.412753532063905,6.412753532063905,6.412753532063905,6.412753532063905,6.412753532063905,6.412753532063905,6.412753532063905,6.412753532063905,6.412753532063905,6.412753532063905,6.412753532063905,6.412753532063905,6.412753532063905,6.12870992904065,6.12870992904065,6.0774366748002695,6.049800365101482,5.760808167906553,5.760808167906553,5.760808167906553,5.760808167906553,5.760808167906553,5.760808167906553,5.760808167906553,5.760808167906553,5.760808167906553,5.760808167906553,5.760808167906553,5.760808167906553,5.760808167906553,5.760808167906553,5.760808167906553,5.760808167906553,5.760808167906553,5.760808167906553,5.760808167906553,5.760808167906553,5.760808167906553,5.760808167906553,5.760808167906553,5.760808167906553,5.760808167906553,5.760808167906553,5.760808167906553,5.760808167906553,5.760808167906553,5.760808167906553,5.760808167906553,5.760808167906553,5.760808167906553,5.760808167906553,5.760808167906553,5.760808167906553,5.760808167906553,5.760095483309897,5.759966646857638,5.759966646857638,5.759966646857638,5.759966646857638,5.759966646857638,5.759966646857638,5.759966646857638,5.759966646857638,5.759966646857638,5.759966646857638,5.759966646857638,5.759966646857638,5.759966646857638,5.759966646857638,5.759966646857638,5.759966646857638,5.759966646857638,5.759966646857638,5.759966646857638,5.759966646857638,5.759966646857638,5.759966646857638,5.759966646857638,5.759966646857638,5.759966646857638,5.759966646857638,5.759966646857638,5.759966646857638,5.759966646857638,5.759966646857638,5.759966646857638,5.759966646857638,5.759966646857638,5.759966646857638,5.759966646857638,5.759966646857638,5.759966646857638,5.759966646857638,5.759966646857638,5.759966646857638,5.759966646857638,5.759966646857638,5.759966646857638,5.755769695702744,5.755769695702744,5.755769695702744,5.755769695702744,5.755769695702744,5.755769695702744,5.755769695702744,5.755769695702744,5.755769695702744,5.755769695702744,5.755769695702744,5.755769695702744,5.755769695702744,5.755769695702744,5.755769695702744,5.755769695702744,5.755769695702744,5.755769695702744,5.755769695702744,5.755769695702744,5.755769695702744,5.755769695702744,5.755769695702744,5.755769695702744,5.755769695702744,5.755769695702744,5.755769695702744,5.755769695702744,5.755769695702744,5.755769695702744,5.755769695702744,5.755769695702744,5.755769695702744,5.755769695702744,5.755769695702744,5.755769695702744,5.755769695702744,5.755769695702744,5.755769695702744,5.755769695702744,5.755769695702744,5.755769695702744,5.755769695702744,5.755769695702744,5.755769695702744,5.755769695702744,5.755769695702744,5.755769695702744,5.755769695702744,5.755769695702744,5.755769695702744,5.755769695702744,5.755769695702744,5.755769695702744,5.755769695702744,5.755769695702744,5.755769695702744,5.755769695702744,5.755769695702744,5.755769695702744,5.755769695702744,5.755769695702744,5.755769695702744,5.755769695702744,5.755769695702744,5.755769695702744,5.755769695702744,5.755769695702744,5.755769695702744,5.755769695702744,5.755769695702744,5.755769695702744,5.755769695702744,5.755769695702744,5.755769695702744,5.755769695702744,5.755769695702744,5.755769695702744,5.755769695702744,5.755769695702744,5.755769695702744,5.755769695702744,5.755769695702744,5.755769695702744,5.755769695702744,5.755769695702744,5.755769695702744,5.755769695702744,5.755769695702744,5.755769695702744,5.755769695702744,5.755769695702744,5.755769695702744,5.755769695702744,5.755769695702744,5.755769695702744,5.755769695702744,5.755769695702744,5.755769695702744,5.755769695702744,5.755769695702744,5.755769695702744,5.755769695702744,5.755769695702744,5.755769695702744,5.755769695702744,5.755769695702744,5.755769695702744,5.755769695702744,5.755769695702744,5.755769695702744,5.755769695702744,5.755769695702744,5.755769695702744,5.755769695702744,5.755769695702744,5.755769695702744,5.755769695702744,5.755769695702744,5.755769695702744,5.755769695702744,5.755769695702744,5.755769695702744,5.755769695702744,5.755769695702744,5.755769695702744,5.755769695702744,5.755769695702744,5.755769695702744,5.755769695702744,5.755769695702744,5.755769695702744,5.755769695702744,5.755769695702744,5.755769695702744,5.755769695702744,5.755769695702744,5.755769695702744,5.755769695702744,5.755769695702744,5.755769695702744,5.755769695702744,5.755769695702744,5.755769695702744,5.755769695702744,5.755769695702744,5.755769695702744,5.755769695702744,5.755769695702744,5.755769695702744,5.755769695702744,5.755769695702744,5.755769695702744,5.755769695702744,5.755769695702744,5.755769695702744,5.755769695702744,5.755769695702744,5.161570038236685,4.998432729058673,4.998432729058673,4.998432729058673,4.998432729058673,4.998432729058673,4.998432729058673,4.998432729058673,4.998432729058673,4.998432729058673,4.998432729058673,4.99230296833817,4.99230296833817,4.99230296833817,4.99230296833817,4.99230296833817,4.99230296833817,4.99230296833817,4.99230296833817,4.99230296833817,4.99230296833817,4.99230296833817,4.99230296833817,4.99230296833817,4.99230296833817,4.99230296833817,4.99230296833817,4.99230296833817,4.99230296833817,4.99230296833817,4.99230296833817,4.99230296833817,4.99230296833817,4.99230296833817,4.99230296833817,4.99230296833817,4.99230296833817,4.99230296833817,4.99230296833817,4.99230296833817,4.99230296833817,4.99230296833817,4.99230296833817,4.99230296833817,4.99230296833817,4.99230296833817,4.99230296833817,4.99230296833817,4.99230296833817,4.99230296833817,4.99230296833817,4.99230296833817,4.99230296833817,4.99230296833817,4.99230296833817,4.99230296833817,4.99230296833817,4.99230296833817,4.99230296833817,4.99230296833817,4.99230296833817,4.99230296833817,4.99230296833817,4.99230296833817,4.99230296833817,4.99230296833817,4.99230296833817,4.99230296833817,4.99230296833817,4.99230296833817,4.99230296833817,4.99230296833817,4.99230296833817,4.99230296833817,4.99230296833817,4.99230296833817,4.99230296833817,4.99230296833817,4.99230296833817,4.99230296833817,4.99230296833817,4.99230296833817,4.99230296833817,4.99230296833817,4.99230296833817,4.99230296833817,4.99230296833817,4.99230296833817,4.99230296833817,4.99230296833817,4.99230296833817,4.99230296833817,4.99230296833817,4.99230296833817,4.99230296833817,4.99230296833817,4.99230296833817,4.99230296833817,4.99230296833817,4.99230296833817,4.99230296833817,4.99230296833817,4.99230296833817,4.99230296833817,4.99230296833817,4.99230296833817,4.99230296833817,4.99230296833817,4.99230296833817,4.99230296833817,4.99230296833817,4.99230296833817,4.99230296833817,4.99230296833817,4.99230296833817,4.99230296833817,4.99230296833817,4.99230296833817,4.99230296833817,4.99230296833817,4.99230296833817,4.99230296833817,4.99230296833817,4.99230296833817,4.99230296833817,4.99230296833817,4.99230296833817,4.99230296833817,4.99230296833817,4.99230296833817,4.99230296833817,4.99230296833817,4.99230296833817,4.99230296833817,4.99230296833817,4.99230296833817,4.99230296833817,4.99230296833817,4.99230296833817,4.99230296833817,4.99230296833817,4.99230296833817,4.99230296833817,4.99230296833817,4.99230296833817,4.99230296833817,4.99230296833817,4.99230296833817,4.99230296833817,4.99230296833817,4.99230296833817,4.99230296833817,4.99230296833817,4.99230296833817,4.99230296833817,4.99230296833817,4.99230296833817,4.99230296833817,4.99230296833817,4.99230296833817,4.99230296833817,4.99230296833817,4.99230296833817,4.99230296833817,4.99230296833817,4.99230296833817,4.99230296833817,4.99230296833817,4.99230296833817,4.99230296833817,4.99230296833817,4.99230296833817,4.99230296833817,4.99230296833817,4.99230296833817,4.99230296833817,4.99230296833817,4.99230296833817,4.99230296833817,4.99230296833817,4.99230296833817,4.99230296833817,4.99230296833817,4.99230296833817,4.99230296833817,4.99230296833817,4.99230296833817,4.99230296833817,4.99230296833817,4.99230296833817,4.99230296833817,4.99230296833817,4.99230296833817,4.99230296833817,4.99230296833817,4.99230296833817,4.99230296833817,4.99230296833817,4.99230296833817,4.99230296833817,4.99230296833817,4.99230296833817,4.99230296833817,4.99230296833817,4.99230296833817,4.99230296833817,4.99230296833817,4.99230296833817,4.99230296833817,4.99230296833817,4.99230296833817,4.99230296833817,4.99230296833817,4.99230296833817,4.99230296833817,4.99230296833817,4.99230296833817,4.99230296833817,4.99230296833817,4.99230296833817,4.99230296833817,4.99230296833817,4.99230296833817,4.99230296833817,4.99230296833817,4.99230296833817,4.99230296833817,4.99230296833817,4.99230296833817,4.99230296833817,4.99230296833817,4.99230296833817,4.99230296833817,4.99230296833817,4.99230296833817,4.99230296833817,4.99230296833817,4.99230296833817,4.99230296833817,4.99230296833817,4.99230296833817,4.99230296833817,4.99230296833817,4.99230296833817,4.99230296833817,4.99230296833817,4.99230296833817,4.99230296833817,4.99230296833817,4.99230296833817,4.99230296833817,4.99230296833817,4.99230296833817,4.99230296833817,4.99230296833817,4.99230296833817,4.99230296833817,4.99230296833817,4.99230296833817,4.99230296833817,4.99230296833817,4.99230296833817,4.99230296833817,4.99230296833817,4.99230296833817,4.99230296833817,4.99230296833817,4.99230296833817,4.99230296833817,4.99230296833817,4.99230296833817,4.99230296833817,4.99230296833817,4.99230296833817,4.99230296833817,4.99230296833817,4.99230296833817,4.99230296833817,4.99230296833817,4.99230296833817,4.99230296833817,4.99230296833817,4.99230296833817,4.99230296833817,4.99230296833817,4.99230296833817,4.99230296833817,4.99230296833817,4.99230296833817,4.99230296833817,4.99230296833817,4.99230296833817,4.99230296833817,4.99230296833817,4.99230296833817,4.99230296833817,4.99230296833817,4.99230296833817,4.99230296833817,4.99230296833817,4.99230296833817,4.99230296833817,4.974256682341418,4.974256682341418,4.974256682341418,4.974256682341418,4.971215528088008,4.971215528088008,4.971215528088008,4.971215528088008,4.760713131322487,4.760713131322487,4.760713131322487,4.760713131322487,4.760713131322487,4.760713131322487,4.760713131322487,4.760713131322487,4.760713131322487,4.760713131322487,4.760713131322487,4.760713131322487,4.760713131322487,4.760713131322487,4.760713131322487,4.760713131322487,4.760713131322487,4.760713131322487,4.760713131322487,4.760713131322487,4.760713131322487,4.760713131322487,4.760713131322487,4.760713131322487,4.760713131322487,4.760713131322487,4.760713131322487,4.760713131322487,4.760713131322487,4.760713131322487,4.760713131322487,4.760713131322487,4.760713131322487,4.760713131322487,4.760713131322487,4.760713131322487,4.760713131322487,4.760713131322487,4.760713131322487,4.760713131322487,4.760713131322487,4.760713131322487,4.760713131322487,4.760713131322487,4.760713131322487,4.760713131322487,4.760713131322487,4.760713131322487,4.760713131322487,4.760713131322487,4.760713131322487,4.760713131322487,4.760713131322487,4.760713131322487,4.760713131322487,4.760713131322487,4.760713131322487,4.760713131322487,4.760713131322487,4.760713131322487,4.760713131322487,4.760713131322487,4.760713131322487,4.760713131322487,4.760713131322487,4.760713131322487,4.760713131322487,4.760713131322487,4.760713131322487,4.760713131322487,4.760713131322487,4.760713131322487,4.760713131322487,4.760713131322487,4.760713131322487,4.760713131322487,4.760713131322487,4.760713131322487,4.760713131322487,4.760713131322487,4.760713131322487,4.760713131322487,4.760713131322487,4.760713131322487,4.760713131322487,4.760713131322487,4.760713131322487,4.760713131322487,4.760713131322487,4.760713131322487,4.760713131322487,4.760713131322487,4.760713131322487,4.760713131322487,4.760713131322487,4.760713131322487,4.760713131322487,4.760713131322487,4.760713131322487,4.760713131322487,4.760713131322487,4.760713131322487,4.760713131322487,4.760713131322487,4.760713131322487,4.760713131322487,4.760713131322487,4.760713131322487,4.760713131322487,4.760713131322487,4.760713131322487,4.760713131322487,4.760713131322487,4.760713131322487,4.760713131322487,4.760713131322487,4.760713131322487,4.760713131322487,4.760713131322487,4.760713131322487,4.760713131322487,4.760713131322487,4.760713131322487,4.760713131322487,4.760713131322487,4.760713131322487,4.760713131322487,4.760713131322487,4.760713131322487,4.760713131322487,4.760713131322487,4.760713131322487,4.760713131322487,4.760713131322487,4.760713131322487,4.760713131322487,4.760713131322487,4.760713131322487,4.760713131322487,4.760713131322487,4.760713131322487,4.760713131322487,4.760713131322487,4.760713131322487,4.760713131322487,4.760713131322487,4.760713131322487,4.760713131322487,4.760713131322487,4.760713131322487,4.760713131322487,4.760713131322487,4.760713131322487,4.760713131322487,4.760713131322487,4.760713131322487,4.760713131322487,4.760713131322487,4.760713131322487,4.760713131322487,4.760713131322487,4.760713131322487,4.760713131322487,4.760713131322487,4.760713131322487,4.760713131322487,4.760713131322487,4.760713131322487,4.760713131322487,4.760713131322487,4.760713131322487,4.760713131322487,4.760713131322487,4.760713131322487,4.760713131322487,4.760713131322487,4.760713131322487,4.760713131322487,4.760713131322487,4.760713131322487,4.760713131322487,4.760713131322487,4.760713131322487,4.760713131322487,4.760713131322487,4.760713131322487,4.760713131322487,4.760713131322487,4.760713131322487,4.760713131322487,4.760713131322487,4.760713131322487,4.760713131322487,4.760713131322487,4.760713131322487,4.760713131322487,4.760713131322487,4.760713131322487,4.458733181156006,4.458733181156006,4.458733181156006,4.458733181156006,4.458733181156006,4.458733181156006,4.458733181156006,4.458733181156006,4.458733181156006,4.458733181156006,4.458733181156006,4.458733181156006,4.458733181156006,4.458733181156006,4.458733181156006,4.458733181156006,4.458733181156006,4.458733181156006,4.458733181156006,4.458733181156006,4.458733181156006,4.458733181156006,4.458733181156006,4.458733181156006,4.458733181156006,4.458733181156006,4.458733181156006,4.458733181156006,4.458733181156006,4.458733181156006,4.458733181156006,4.458733181156006,4.458733181156006,4.458733181156006,4.458733181156006,4.458733181156006,4.458733181156006,4.458733181156006,4.458733181156006,4.458733181156006,4.458733181156006,4.458733181156006,4.458733181156006,4.458733181156006,4.458733181156006,4.458733181156006,4.458733181156006,4.458733181156006,4.458733181156006,4.458733181156006,4.458733181156006,4.458733181156006,4.458733181156006,4.458733181156006,4.458733181156006,4.458733181156006,4.458733181156006,4.458733181156006,4.458733181156006,4.458733181156006,4.458733181156006,4.458733181156006,4.458733181156006,4.458733181156006,4.458733181156006,4.458733181156006,4.458733181156006,4.458733181156006,4.458733181156006,4.458733181156006,4.458733181156006,4.458733181156006,4.458733181156006,4.458733181156006,4.458733181156006,4.458733181156006,4.458733181156006,4.458733181156006,4.458733181156006,4.458733181156006,4.458733181156006,4.458733181156006,4.458733181156006,4.458733181156006,4.458733181156006,4.458733181156006,4.458733181156006,4.458733181156006,4.458733181156006,4.458733181156006,4.458733181156006,4.458733181156006,4.458733181156006,4.458733181156006,4.458733181156006,4.458733181156006,4.458733181156006,4.458733181156006,4.458733181156006,4.458733181156006,4.458733181156006,4.458733181156006,4.458733181156006,4.458733181156006,4.458733181156006,4.458733181156006,4.458733181156006,4.458733181156006,4.458733181156006,4.458733181156006,4.458733181156006,4.458733181156006,4.458733181156006,4.458733181156006,4.458733181156006,4.458733181156006,4.458733181156006,4.458733181156006,4.458733181156006,4.458733181156006,4.458733181156006,4.458733181156006,4.458733181156006,4.458733181156006,4.458733181156006,4.458733181156006,4.458733181156006,4.458733181156006,4.458733181156006,4.458733181156006,4.458733181156006,4.458733181156006,4.458733181156006,4.458733181156006,4.458733181156006,4.458733181156006,4.458733181156006,4.458733181156006,4.458733181156006,4.458733181156006,4.458733181156006,4.458733181156006,4.458733181156006,4.458733181156006,4.458733181156006,4.458733181156006,4.458733181156006,4.458733181156006,4.458733181156006,4.458733181156006,4.458733181156006,4.458733181156006,4.458733181156006,4.458733181156006,4.458733181156006,4.458733181156006,4.458733181156006,4.458733181156006,4.458733181156006,4.458733181156006,4.458733181156006,4.458733181156006,4.458733181156006,4.458733181156006,4.458733181156006,4.458733181156006,4.458733181156006,4.458733181156006,4.458733181156006,4.458733181156006,4.458733181156006,4.458733181156006,4.458733181156006,4.458733181156006,4.458733181156006,4.458733181156006,4.458733181156006,4.458733181156006,4.458733181156006,4.458733181156006,4.458733181156006,4.458733181156006,4.458733181156006,8.028502619032839,8.028502619032839,8.028502619032839,8.028502619032839,8.028502619032839,8.028502619032839,8.028502619032839,8.028502619032839,8.028502619032839,8.028502619032839,8.028502619032839,8.028502619032839,8.028502619032839,8.028502619032839,8.028502619032839,8.028502619032839,8.028502619032839,8.028502619032839,8.028502619032839,8.028502619032839,8.028502619032839,8.028502619032839,8.028502619032839,8.028502619032839,8.028502619032839,8.028502619032839,8.028502619032839,8.028502619032839,8.028502619032839,8.028502619032839,8.028502619032839,8.028502619032839,8.028502619032839,8.028502619032839,8.028502619032839,8.028502619032839,8.028502619032839,8.028502619032839,8.028502619032839,8.028502619032839,8.028502619032839,8.028502619032839,8.028502619032839,8.028502619032839,8.028502619032839,8.028502619032839,8.028502619032839,8.028502619032839,8.028502619032839,8.028502619032839,8.028502619032839,8.028502619032839,8.028502619032839,8.028502619032839,8.028502619032839,8.028502619032839,8.028502619032839,8.028502619032839,8.028502619032839,8.028502619032839,8.028502619032839,8.028502619032839,8.028502619032839,8.028502619032839,8.028502619032839,8.028502619032839,8.028502619032839,8.028502619032839,8.028502619032839,8.028502619032839,8.028502619032839,8.028502619032839,8.028502619032839,8.028502619032839,8.028502619032839,8.028502619032839,8.028502619032839,8.028502619032839,8.028502619032839,8.028502619032839,8.028502619032839,8.028502619032839,8.028502619032839,8.028502619032839,8.028502619032839,8.028502619032839,8.028502619032839,8.028502619032839,8.028502619032839,8.028502619032839,8.028502619032839,8.028502619032839,8.028502619032839,8.028502619032839,8.028502619032839,8.028502619032839,8.028502619032839,8.028502619032839,8.028502619032839,8.028502619032839,8.028502619032839,8.028502619032839,8.028502619032839,8.028502619032839,8.028502619032839,8.028502619032839,8.028502619032839,8.028502619032839,8.028502619032839,8.028502619032839,8.028502619032839,8.028502619032839,8.028502619032839,8.028502619032839,8.028502619032839,8.028502619032839,8.028502619032839,8.028502619032839,8.028502619032839,8.028502619032839,8.028502619032839,8.028502619032839,8.028502619032839,8.028502619032839,8.028502619032839,8.028502619032839,8.028502619032839,8.028502619032839,8.028502619032839,8.028502619032839,8.028502619032839,8.028502619032839,8.028502619032839,8.028502619032839,8.028502619032839,8.028502619032839,8.028502619032839,8.028502619032839,8.028502619032839,8.028502619032839,8.028502619032839,8.028502619032839,8.028502619032839,8.028502619032839,8.028502619032839,8.028502619032839,8.028502619032839,8.028502619032839,8.028502619032839,8.028502619032839,8.028502619032839,8.028502619032839,8.028502619032839,6.3255481683938415,6.3255481683938415,6.3255481683938415,6.3255481683938415,6.3255481683938415,6.3255481683938415,6.3255481683938415,6.3255481683938415,6.3255481683938415,6.3255481683938415,6.3255481683938415,6.3255481683938415,6.3255481683938415,6.3255481683938415,6.3255481683938415,6.3255481683938415,6.3255481683938415,6.3255481683938415,6.3255481683938415,6.3255481683938415,6.3255481683938415,6.3255481683938415,6.3255481683938415,6.3255481683938415,6.3255481683938415,6.3255481683938415,6.3255481683938415,6.3255481683938415,6.3255481683938415,6.3255481683938415,6.3255481683938415,6.3255481683938415,6.3255481683938415,6.3255481683938415,6.3255481683938415,6.3255481683938415,6.3255481683938415,6.3255481683938415,6.3255481683938415,6.3255481683938415,6.3255481683938415,6.3255481683938415,6.3255481683938415,6.3255481683938415,6.3255481683938415,6.3255481683938415,6.3255481683938415,6.3255481683938415,6.3255481683938415,6.3255481683938415,6.3255481683938415,6.3255481683938415,6.3255481683938415,6.3255481683938415,6.3255481683938415,6.3255481683938415,6.3255481683938415,6.3255481683938415,6.3255481683938415,6.3255481683938415,6.3255481683938415,6.3255481683938415,6.3255481683938415,6.3255481683938415,6.3255481683938415,6.3255481683938415,6.3255481683938415,6.3255481683938415,6.108413513121928,6.108413513121928,5.83754368490418,5.83754368490418,5.83754368490418,5.83754368490418,5.83754368490418,5.83754368490418,5.83754368490418,5.83754368490418,5.83754368490418,5.83754368490418,5.83754368490418,5.83754368490418,5.83754368490418,5.83754368490418,5.83754368490418,5.83754368490418,5.83754368490418,5.83754368490418,5.83754368490418,5.83754368490418,5.83754368490418,5.83754368490418,5.83754368490418,5.83754368490418,5.83754368490418,5.83754368490418,5.83754368490418,5.83754368490418,5.83754368490418,5.83754368490418,5.83754368490418,5.83754368490418,5.83754368490418,5.83754368490418,5.83754368490418,5.83754368490418,5.83754368490418,5.83754368490418,5.83754368490418,5.83754368490418,5.83754368490418,5.83754368490418,5.83754368490418,5.83754368490418,5.83754368490418,5.83754368490418,5.83754368490418,5.83754368490418,5.83754368490418,5.83754368490418,5.83754368490418,5.83754368490418,5.83754368490418,5.83754368490418,5.83754368490418,5.83754368490418,5.83754368490418,5.83754368490418,5.83754368490418,5.83754368490418,5.83754368490418,5.83754368490418,5.83754368490418,5.83754368490418,5.83754368490418,5.83754368490418,5.83754368490418,5.83754368490418,5.83754368490418,5.83754368490418,5.83754368490418,5.83754368490418,5.83754368490418,5.83754368490418,5.83754368490418,5.83754368490418,5.83754368490418,5.83754368490418,5.83754368490418,5.83754368490418,5.83754368490418,5.83754368490418,5.83754368490418,5.83754368490418,5.83754368490418,5.83754368490418,5.83754368490418,5.83754368490418,5.83754368490418,5.83754368490418,5.83754368490418,5.83754368490418,5.83754368490418,5.83754368490418,5.83754368490418,5.83754368490418,5.83754368490418,5.83754368490418,5.83754368490418,5.83754368490418,5.83754368490418,5.83754368490418,5.83754368490418,5.83754368490418,5.83754368490418,5.83754368490418,5.83754368490418,5.83754368490418,5.83754368490418,5.83754368490418,5.83754368490418,5.83754368490418,5.83754368490418,5.83754368490418,5.83754368490418,5.83754368490418,5.83754368490418,5.83754368490418,5.83754368490418,5.83754368490418,5.808841185552967,5.808841185552967,5.808841185552967,5.808841185552967,5.808841185552967,5.808841185552967,5.808841185552967,5.808841185552967,5.716098000991195,5.716098000991195,5.716098000991195,5.716098000991195,5.716098000991195,5.531984752849961,5.531984752849961,5.531984752849961,5.531984752849961,5.531984752849961,5.531984752849961,5.531984752849961,5.531984752849961,5.531984752849961,5.531984752849961,5.531984752849961,5.531984752849961,5.531984752849961,5.531984752849961,5.531984752849961,5.531984752849961,5.531984752849961,5.531984752849961,5.531984752849961,5.531984752849961,5.531984752849961,5.531984752849961,5.531984752849961,5.531984752849961,5.531984752849961,5.531984752849961,5.531984752849961,5.525278997892889,5.525278997892889,5.525278997892889,5.525278997892889,5.525278997892889,5.525278997892889,5.525278997892889,5.525278997892889,5.525278997892889,5.525278997892889,5.525278997892889,5.525278997892889,5.525278997892889,5.525278997892889,5.525278997892889,5.525278997892889,5.525278997892889,5.525278997892889,5.525278997892889,5.525278997892889,5.525278997892889,5.525278997892889,5.525278997892889,5.525278997892889,5.525278997892889,5.525278997892889,5.525278997892889,5.525278997892889,5.525278997892889,5.525278997892889,5.525278997892889,5.525278997892889,5.525278997892889,5.525278997892889,5.525278997892889,5.525278997892889,5.525278997892889,5.525278997892889,5.525278997892889,5.525278997892889,5.525278997892889,5.525278997892889,5.525278997892889,5.525278997892889,5.525278997892889,5.525278997892889,5.525278997892889,5.525278997892889,5.525278997892889,5.525278997892889,5.525278997892889,5.525278997892889,5.525278997892889,5.525278997892889,5.525278997892889,5.525278997892889,5.525278997892889,5.525278997892889,5.525278997892889,5.525278997892889,5.525278997892889,5.525278997892889,5.525278997892889,5.525278997892889,5.525278997892889,5.525278997892889,5.525278997892889,5.525278997892889,5.525278997892889,5.525278997892889,5.525278997892889,5.525278997892889,5.525278997892889,5.525278997892889,5.525278997892889,5.525278997892889,5.525278997892889,5.525278997892889,5.525278997892889,5.525278997892889,5.525278997892889,5.525278997892889,5.525278997892889,5.525278997892889,5.525278997892889,5.525278997892889,5.525278997892889,5.525278997892889,5.525278997892889,5.525278997892889,5.525278997892889,5.525278997892889,5.525278997892889,5.521093476367493,5.521093476367493,5.521093476367493,5.521093476367493,5.521093476367493,5.521093476367493,5.521093476367493,5.521093476367493,5.521093476367493,5.521093476367493,5.521093476367493,5.521093476367493,5.521093476367493,5.521093476367493,5.521093476367493,5.521093476367493,5.521093476367493,5.521093476367493,5.521093476367493,5.521093476367493,5.521093476367493,5.521093476367493,5.521093476367493,5.521093476367493,5.521093476367493,5.521093476367493,5.521093476367493,5.521093476367493,5.521093476367493,5.521093476367493,5.521093476367493,5.521093476367493,5.521093476367493,5.521093476367493,5.521093476367493,5.521093476367493,5.521093476367493,5.521093476367493,5.521093476367493,5.521093476367493,5.521093476367493,5.521093476367493,5.521093476367493,5.521093476367493,5.521093476367493,5.521093476367493,5.521093476367493,5.521093476367493,5.521093476367493,5.521093476367493,5.521093476367493,5.521093476367493,5.521093476367493,5.521093476367493,5.521093476367493,5.521093476367493,5.521093476367493,5.521093476367493,5.521093476367493,5.521093476367493,5.521093476367493,5.521093476367493,5.521093476367493,5.521093476367493,5.521093476367493,5.521093476367493,5.521093476367493,5.521093476367493,5.521093476367493,5.521093476367493,5.521093476367493,5.521093476367493,5.521093476367493,5.521093476367493,5.521093476367493,5.521093476367493,5.521093476367493,5.521093476367493,5.521093476367493,5.521093476367493,5.521093476367493,5.521093476367493,5.521093476367493,5.521093476367493,5.521093476367493,5.521093476367493,5.521093476367493,5.521093476367493,5.521093476367493,5.521093476367493,5.521093476367493,5.521093476367493,5.521093476367493,5.521093476367493,5.521093476367493,5.521093476367493,5.521093476367493,5.521093476367493,5.521093476367493,5.521093476367493,5.521093476367493,5.521093476367493,5.521093476367493,5.521093476367493,5.521093476367493,5.521093476367493,5.521093476367493,5.521093476367493,5.521093476367493,5.521093476367493,5.521093476367493,5.521093476367493,5.521093476367493,5.521093476367493,5.521093476367493,5.521093476367493,5.521093476367493,5.521093476367493,5.521093476367493,5.521093476367493,5.521093476367493,5.521093476367493,5.521093476367493,5.521093476367493,5.521093476367493,5.521093476367493,5.521093476367493,5.521093476367493,5.521093476367493,5.521093476367493,5.521093476367493,5.521093476367493,5.521093476367493,5.521093476367493,5.521093476367493,5.521093476367493,5.521093476367493,5.521093476367493,5.521093476367493,5.521093476367493,5.521093476367493,5.521093476367493,5.521093476367493,5.521093476367493,5.521093476367493,5.521093476367493,5.521093476367493,5.521093476367493,5.521093476367493,5.521093476367493,5.521093476367493,5.521093476367493,5.521093476367493,5.521093476367493,5.521093476367493,5.521093476367493,5.521093476367493,5.521093476367493,5.521093476367493,5.521093476367493,5.521093476367493,5.521093476367493,5.521093476367493,5.521093476367493,5.521093476367493,5.521093476367493,5.521093476367493,5.521093476367493,5.521093476367493,5.521093476367493,5.521093476367493,5.521093476367493,5.521093476367493,5.521093476367493,5.521093476367493,5.521093476367493,5.521093476367493,5.521093476367493,5.521093476367493,5.521093476367493,5.521093476367493,5.521093476367493,5.521093476367493,5.521093476367493,5.521093476367493,5.521093476367493,5.521093476367493,5.521093476367493,5.521093476367493,5.521093476367493,5.521093476367493,5.521093476367493,5.521093476367493,5.521093476367493,5.521093476367493,5.521093476367493,5.521093476367493,5.521093476367493,5.521093476367493,5.521093476367493,5.521093476367493,5.521093476367493,5.521093476367493,5.521093476367493,3.931389531837506,3.903135634685874,3.903135634685874,3.903135634685874,3.903135634685874,3.903135634685874,3.903135634685874,3.903135634685874,3.903135634685874,3.903135634685874,3.903135634685874,3.903135634685874,3.903135634685874,3.903135634685874,3.903135634685874,3.903135634685874,3.903135634685874,3.903135634685874,3.903135634685874,3.903135634685874,3.903135634685874,3.903135634685874,3.903135634685874,3.903135634685874,3.903135634685874,3.903135634685874,3.903135634685874,3.903135634685874,3.903135634685874,3.903135634685874,3.903135634685874,3.903135634685874,3.903135634685874,3.903135634685874,3.903135634685874,3.903135634685874,3.903135634685874,3.903135634685874,3.903135634685874,3.903135634685874,3.903135634685874,3.903135634685874,3.903135634685874,3.903135634685874,3.903135634685874,3.903135634685874,3.903135634685874,3.903135634685874,3.903135634685874,3.903135634685874,3.903135634685874,3.903135634685874,3.903135634685874,3.903135634685874,3.903135634685874,3.903135634685874,3.903135634685874,3.903135634685874,3.903135634685874,3.903135634685874,3.9031356346858734,3.9031356346858734,3.9031356346858734,3.9031356346858734,3.9031356346858734,3.9031356346858734,3.9031356346858734,3.9031356346858734,3.9031356346858734,3.9031356346858734,3.9031356346858734,3.9031356346858734,3.9031356346858734,3.9031356346858734,3.9031356346858734,3.9031356346858734,3.9031356346858734,3.9031356346858734,3.9031356346858734,3.9031356346858734,3.9031356346858734,3.9031356346858734,3.9031356346858734,3.9031356346858734,3.9031356346858734,3.9031356346858734,3.9031356346858734,3.9031356346858734,3.9031356346858734,3.9031356346858734,3.9031356346858734,3.9031356346858734,3.9031356346858734,3.9031356346858734,3.9031356346858734,3.9031356346858734,3.9031356346858734,3.9031356346858734,3.9031356346858734,3.9031356346858734,3.9031356346858734,3.9031356346858734,3.9031356346858734,3.9031356346858734,3.9031356346858734,3.9031356346858734,3.9031356346858734,3.9031356346858734,3.9031356346858734,3.9031356346858734,3.9031356346858734,3.9031356346858734,3.9031356346858734,3.9031356346858734,3.9031356346858734,3.9031356346858734,3.9031356346858734,3.9031356346858734,3.9031356346858734,3.9031356346858734,3.9031356346858734,3.9031356346858734,3.9031356346858734,3.9031356346858734,3.9031356346858734,3.9031356346858734,3.9031356346858734,3.9031356346858734,3.9031356346858734,3.9031356346858734,3.9031356346858734,3.9031356346858734,3.9031356346858734,3.9031356346858734,3.9031356346858734,3.9031356346858734,3.9031356346858734,3.9031356346858734,3.9031356346858734,3.9031356346858734,3.9031356346858734,3.9031356346858734,3.9031356346858734,3.9031356346858734,3.9031356346858734,3.9031356346858734,3.9031356346858734,3.9031356346858734,3.9031356346858734,3.9031356346858734,3.9031356346858734,3.9031356346858734,3.9031356346858734,3.9031356346858734,3.9031356346858734,3.9031356346858734,3.9031356346858734,3.9031356346858734,3.9031356346858734,3.9031356346858734,3.9031356346858734,3.9031356346858734,3.9031356346858734,3.9031356346858734,3.9031356346858734,3.9031356346858734,3.9031356346858734,3.9031356346858734,3.9031356346858734,3.9031356346858734,3.9031356346858734,3.9031356346858734,3.9031356346858734,3.9031356346858734,3.9031356346858734,3.9031356346858734,3.9031356346858734,3.9031356346858734,3.9031356346858734,3.9031356346858734,3.9031356346858734,3.9031356346858734,3.9031356346858734,3.9031356346858734,3.9031356346858734,3.9031356346858734,3.9031356346858734,3.9031356346858734,3.9031356346858734,3.9031356346858734,3.9031356346858734,3.9031356346858734,3.9031356346858734,3.9031356346858734,3.9031356346858734,3.9031356346858734,3.9031356346858734,3.9031356346858734,3.9031356346858734,3.9031356346858734,3.9031356346858734,3.9031356346858734,3.9031356346858734,3.9031356346858734,3.9031356346858734,3.9031356346858734,3.9031356346858734,3.9031356346858734,3.9031356346858734,3.9031356346858734,3.9031356346858734,3.9031356346858734,3.9031356346858734,3.9031356346858734,3.9031356346858734,3.9031356346858734,3.9031356346858734,3.9031356346858734,3.9031356346858734,3.9031356346858734,3.9031356346858734,3.9031356346858734,3.9031356346858734,3.9031356346858734,3.9031356346858734,3.9031356346858734,3.9031356346858734,3.9031356346858734,3.9031356346858734,3.9031356346858734,3.9031356346858734,3.9031356346858734,3.9031356346858734,3.9031356346858734,3.9031356346858734,3.9031356346858734,3.9031356346858734,3.9031356346858734,3.9031356346858734,3.9031356346858734,3.9031356346858734,3.9031356346858734,3.9031356346858734,3.9031356346858734,3.9031356346858734,3.9031356346858734,3.9031356346858734,3.9031356346858734,3.9031356346858734,3.9031356346858734,3.9031356346858734,3.9031356346858734,3.9031356346858734,3.9031356346858734,3.9031356346858734,3.9031356346858734,3.9031356346858734,3.9031356346858734,3.9031356346858734,3.9031356346858734,3.9031356346858734,3.9031356346858734,3.9031356346858734,3.9031356346858734,3.9031356346858734,3.9031356346858734,3.9031356346858734,3.9031356346858734,3.9031356346858734,3.9031356346858734,3.9031356346858734,3.9031356346858734,3.9031356346858734,3.9031356346858734,3.9031356346858734,3.9031356346858734,3.9031356346858734,3.9031356346858734,3.9031356346858734,3.9031356346858734,3.9031356346858734,3.9031356346858734,3.9031356346858734,3.9031356346858734,3.9031356346858734,3.9031356346858734,3.9031356346858734,3.9031356346858734,3.9031356346858734,3.9031356346858734,3.9031356346858734,3.9031356346858734,3.9031356346858734,3.9031356346858734,3.9031356346858734,3.9031356346858734,3.9031356346858734,3.9031356346858734,3.9031356346858734,3.9031356346858734,3.9031356346858734,3.9031356346858734,3.9031356346858734,3.9031356346858734,3.9031356346858734,3.9031356346858734,3.9031356346858734,3.9031356346858734,3.9031356346858734,3.9031356346858734,3.9031356346858734,3.9031356346858734,3.9031356346858734,3.9031356346858734,3.9031356346858734,3.9031356346858734,3.9031356346858734,3.9031356346858734,3.9031356346858734,3.9031356346858734,7.3313851475823135,6.948065906710243,6.948065906710243,6.948065906710243,6.948065906710243,6.948065906710243,6.948065906710243,6.948065906710243,6.948065906710243,6.948065906710243,6.948065906710243,6.948065906710243,6.948065906710243,6.948065906710243,6.948065906710243,6.948065906710243,6.948065906710243,6.948065906710243,6.948065906710243,6.948065906710243,6.948065906710243,6.948065906710243,6.948065906710243,6.948065906710243,6.948065906710243,6.948065906710243,6.948065906710243,6.948065906710243,6.948065906710243,6.948065906710243,6.948065906710243,6.948065906710243,6.948065906710243,6.948065906710243,6.948065906710243,6.948065906710243,6.948065906710243,6.948065906710243,6.948065906710243,6.948065906710243,6.948065906710243,6.948065906710243,6.948065906710243,6.948065906710243,6.948065906710243,6.948065906710243,6.948065906710243,6.948065906710243,6.948065906710243,6.948065906710243,6.948065906710243,6.948065906710243,6.948065906710243,6.948065906710243,6.948065906710243,6.948065906710243,6.948065906710243,6.948065906710243,6.948065906710243,6.948065906710243,6.948065906710243,6.948065906710243,6.948065906710243,6.948065906710243,6.948065906710243,6.948065906710243,6.948065906710243,6.948065906710243,6.948065906710243,6.948065906710243,6.948065906710243,6.948065906710243,6.948065906710243,6.948065906710243,6.948065906710243,6.948065906710243,6.948065906710243,6.948065906710243,6.948065906710243,6.948065906710243,6.948065906710243,6.948065906710243,6.948065906710243,6.948065906710243,6.948065906710243,6.948065906710243,6.948065906710243,6.948065906710243,6.948065906710243,6.948065906710243,6.948065906710243,6.948065906710243,6.948065906710243,6.948065906710243,6.948065906710243,6.948065906710243,6.948065906710243,6.948065906710243,6.948065906710243,6.948065906710243,6.948065906710243,6.948065906710243,6.948065906710243,6.948065906710243,6.948065906710243,6.948065906710243,6.948065906710243,6.948065906710243,6.948065906710243,6.948065906710243,6.948065906710243,6.948065906710243,6.948065906710243,6.948065906710243,6.948065906710243,6.948065906710243,6.948065906710243,6.948065906710243,6.948065906710243,6.948065906710243,6.948065906710243,6.948065906710243,6.948065906710243,6.948065906710243,6.948065906710243,6.948065906710243,6.948065906710243,6.6002320391149,6.6002320391149,6.6002320391149,6.6002320391149,6.6002320391149,6.6002320391149,6.6002320391149,6.6002320391149,6.6002320391149,6.6002320391149,6.6002320391149,6.6002320391149,6.6002320391149,6.6002320391149,6.6002320391149,6.6002320391149,6.6002320391149,6.6002320391149,6.6002320391149,6.6002320391149,6.6002320391149,6.6002320391149,6.6002320391149,6.6002320391149,6.6002320391149,6.6002320391149,6.6002320391149,6.6002320391149,6.6002320391149,6.6002320391149,6.487137460328424,6.487137460328424,6.487137460328424,6.487137460328424,6.487137460328424,6.487137460328424,6.487137460328424,6.487137460328424,6.487137460328424,6.487137460328424,6.487137460328424,6.487137460328424,6.487137460328424,6.487137460328424,6.487137460328424,6.487137460328424,6.487137460328424,6.487137460328424,6.487137460328424,6.487137460328424,6.487137460328424,6.487137460328424,6.487137460328424,6.487137460328424,6.487137460328424,6.487137460328424,6.487137460328424,6.487137460328424,6.487137460328424,6.487137460328424,6.487137460328424,6.487137460328424,6.487137460328424,6.487137460328424,6.487137460328424,6.487137460328424,6.487137460328424,6.487137460328424,6.487137460328424,6.487137460328424,6.487137460328424,6.487137460328424,6.487137460328424,6.487137460328424,6.487137460328424,6.487137460328424,6.487137460328424,6.487137460328424,6.487137460328424,6.487137460328424,6.487137460328424,6.487137460328424,6.487137460328424,6.487137460328424,6.487137460328424,6.487137460328424,6.487137460328424,6.487137460328424,6.487137460328424,6.487137460328424,6.487137460328424,6.487137460328424,6.487137460328424,6.487137460328424,6.487137460328424,6.487137460328424,6.487137460328424,6.487137460328424,6.487137460328424,6.487137460328424,6.487137460328424,6.487137460328424,6.487137460328424,6.487137460328424,6.487137460328424,6.487137460328424,6.487137460328424,6.487137460328424,6.487137460328424,6.487137460328424,6.487137460328424,6.487137460328424,6.487137460328424,6.487137460328424,6.487137460328424,6.487137460328424,6.487137460328424,6.487137460328424,6.487137460328424,6.487137460328424,6.487137460328424,6.487137460328424,6.487137460328424,6.487137460328424,6.487137460328424,6.487137460328424,6.487137460328424,6.487137460328424,6.487137460328424,6.487137460328424,6.487137460328424,6.487137460328424,6.487137460328424,6.487137460328424,6.487137460328424,6.487137460328424,6.487137460328424,6.487137460328424,6.487137460328424,6.487137460328424,6.42996422156877,6.42996422156877,6.42996422156877,6.42996422156877,6.42996422156877,6.42996422156877,6.42996422156877,6.42996422156877,6.42996422156877,6.42996422156877,6.42996422156877,6.42996422156877,6.42996422156877,6.42996422156877,6.286752432994597,6.286752432994597,6.286752432994597,6.286752432994597,6.286752432994597,6.286752432994597,6.286752432994597,6.286752432994597,6.286752432994597,6.286752432994597,6.286752432994597,6.286752432994597,6.286752432994597,6.286752432994597,6.286752432994597,6.286752432994597,6.286752432994597,6.286752432994597,6.286752432994597,6.286752432994597,6.286752432994597,6.286752432994597,6.286752432994597,6.286752432994597,6.286752432994597,6.286752432994597,6.286752432994597,6.286752432994597,6.286752432994597,6.286752432994597,6.286752432994597,6.286752432994597,6.286752432994597,6.286752432994597,6.286752432994597,6.286752432994597,6.286752432994597,6.286752432994597,6.286752432994597,6.286752432994597,6.286752432994597,6.286752432994597,6.286752432994597,6.286752432994597,6.286752432994597,6.286752432994597,6.286752432994597,6.286752432994597,6.286752432994597,6.286752432994597,6.286752432994597,6.286752432994597,6.286752432994597,6.286752432994597,6.286752432994597,6.286752432994597,6.286752432994597,5.983156739593283,5.983156739593283,5.983156739593283,5.983156739593283,5.983156739593283,5.983156739593283,5.983156739593283,5.983156739593283,5.983156739593283,5.983156739593283,5.983156739593283,5.983156739593283,5.983156739593283,5.983156739593283,5.983156739593283,5.983156739593283,5.983156739593283,5.983156739593283,5.983156739593283,5.983156739593283,5.983156739593283,5.983156739593283,5.983156739593283,5.983156739593283,5.983156739593283,5.983156739593283,5.983156739593283,5.983156739593283,5.983156739593283,5.983156739593283,5.983156739593283,5.983156739593283,5.983156739593283,5.983156739593283,5.983156739593283,5.983156739593283,5.983156739593283,5.983156739593283,5.983156739593283,5.983156739593283,5.983156739593283,5.983156739593283,5.983156739593283,5.983156739593283,5.983156739593283,5.983156739593283,5.983156739593283,5.983156739593283,5.983156739593283,5.983156739593283,5.983156739593283,5.983156739593283,5.983156739593283,5.983156739593283,5.983156739593283,5.983156739593283,5.983156739593283,5.983156739593283,5.983156739593283,5.983156739593283,5.983156739593283,5.983156739593283,5.983156739593283,5.983156739593283,5.983156739593283,5.983156739593283,5.983156739593283,5.983156739593283,5.983156739593283,5.983156739593283,5.983156739593283,5.983156739593283,5.983156739593283,5.983156739593283,5.983156739593283,5.983156739593283,5.983156739593283,5.983156739593283,5.983156739593283,5.983156739593283,5.983156739593283,5.983156739593283,5.983156739593283,5.983156739593283,5.983156739593283,5.983156739593283,5.983156739593283,5.983156739593283,5.983156739593283,5.983156739593283,5.983156739593283,5.983156739593283,5.983156739593283,5.983156739593283,5.983156739593283,5.983156739593283,5.983156739593283,5.983156739593283,5.983156739593283,5.983156739593283,5.983156739593283,5.983156739593283,5.983156739593283,5.983156739593283,5.983156739593283,5.983156739593283,5.983156739593283,5.983156739593283,5.983156739593283,5.983156739593283,5.983156739593283,5.983156739593283,5.983156739593283,5.983156739593283,5.983156739593283,5.983156739593283,5.983156739593283,5.983156739593283,5.983156739593283,5.983156739593283,5.983156739593283,5.983156739593283,5.983156739593283,5.983156739593283,5.983156739593283,5.983156739593283,5.983156739593283,5.983156739593283,5.983156739593283,5.983156739593283,5.983156739593283,5.983156739593283,5.983156739593283,5.983156739593283,5.983156739593283,5.983156739593283,5.983156739593283,5.983156739593283,5.983156739593283,5.983156739593283,5.983156739593283,5.983156739593283,5.983156739593283,5.983156739593283,5.983156739593283,5.983156739593283,5.983156739593283,5.983156739593283,5.983156739593283,5.983156739593283,5.983156739593283,5.983156739593283,5.983156739593283,5.983156739593283,5.983156739593283,5.983156739593283,5.983156739593283,5.983156739593283,5.983156739593283,5.983156739593283,5.983156739593283,5.983156739593283,5.983156739593283,5.983156739593283,5.983156739593283,5.983156739593283,5.983156739593283,5.983156739593283,5.983156739593283,5.983156739593283,5.983156739593283,5.983156739593283,5.983156739593283,5.983156739593283,5.983156739593283,5.983156739593283,5.983156739593283,5.983156739593283,5.983156739593283,5.983156739593283,5.979793966316984,5.979793966316984,5.979793966316984,5.979793966316984,5.979793966316984,5.979793966316984,5.979793966316984,5.979793966316984,5.979793966316984,5.979793966316984,5.979793966316984,5.979793966316984,5.979793966316984,5.979793966316984,5.979793966316984,5.979793966316984,5.979793966316984,5.979793966316984,5.979793966316984,5.979793966316984,5.979793966316984,5.979793966316984,5.979793966316984,5.979793966316984,5.979793966316984,5.979793966316984,5.979793966316984,5.979793966316984,5.979793966316984,5.979793966316984,5.979793966316984,5.979793966316984,5.979793966316984,5.979793966316984,5.979793966316984,5.979793966316984,5.979793966316984,5.979793966316984,5.979793966316984,5.979793966316984,5.979793966316984,5.979793966316984,5.979793966316984,5.979793966316984,5.979793966316984,5.979793966316984,5.979793966316984,5.979793966316984,5.979793966316984,5.979793966316984,5.979793966316984,5.979793966316984,5.979793966316984,5.979793966316984,5.979793966316984,5.979793966316984,5.979793966316984,5.979793966316984,5.979793966316984,5.979793966316984,5.979793966316984,5.979793966316984,5.979793966316984,5.979793966316984,5.979793966316984,5.979793966316984,5.979793966316984,5.979793966316984,5.979793966316984,5.979793966316984,5.979793966316984,5.979793966316984,5.979793966316984,5.979793966316984,5.979793966316984,5.979793966316984,5.979793966316984,5.979793966316984,5.979793966316984,5.979793966316984,5.979793966316984,5.979793966316984,5.979793966316984,5.979793966316984,5.979793966316984,5.979793966316984,5.979793966316984,5.979793966316984,5.979793966316984,5.979793966316984,5.979793966316984,5.979793966316984,5.979793966316984,5.979793966316984,5.979793966316984,5.979793966316984,5.979793966316984,5.979793966316984,5.979793966316984,5.979793966316984,5.979793966316984,5.979793966316984,5.979793966316984,5.979793966316984,5.979793966316984,5.979793966316984,5.979793966316984,5.979793966316984,5.979793966316984,5.979793966316984,5.979793966316984,5.979793966316984,5.979793966316984,5.979793966316984,5.979793966316984,5.979793966316984,5.979793966316984,5.979793966316984,5.979793966316984,5.979793966316984,5.979793966316984,5.979793966316984,5.979793966316984,5.979793966316984,5.979793966316984,5.979793966316984,5.979793966316984,5.979793966316984,5.979793966316984,5.979793966316984,5.979793966316984,5.979793966316984,5.979793966316984,5.979793966316984,5.979793966316984,5.979793966316984,5.979793966316984,5.979793966316984,5.979793966316984,5.979793966316984,5.979793966316984,5.979793966316984,5.979793966316984,5.979793966316984,5.979793966316984,5.979793966316984,5.979793966316984,5.979793966316984,5.979793966316984,5.979793966316984,5.979793966316984,5.979793966316984,5.979793966316984,5.979793966316984,5.979793966316984,5.979793966316984,5.979793966316984,5.979793966316984,5.979793966316984,5.979793966316984,5.979793966316984,5.979793966316984,5.979793966316984,5.979793966316984,5.979793966316984,5.979793966316984,5.979793966316984,5.979793966316984,5.979793966316984,5.979793966316984,5.979793966316984,5.979793966316984,5.979793966316984,5.979793966316984,5.979793966316984,5.979793966316984,5.979793966316984,5.979793966316984,5.979793966316984,5.979793966316984,5.979793966316984,5.979793966316984,5.979793966316984,5.979793966316984,5.979793966316984,5.979793966316984,5.979793966316984,5.979793966316984,5.979793966316984,5.979793966316984,5.979793966316984,5.940082113054194,5.4687527511408165,5.095486808615954,5.095486808615954,5.095486808615954,5.095486808615954,5.095486808615954,5.095486808615954,5.095486808615954,5.095486808615954,5.065081514407174,4.788819777489039,4.788819777489039,4.788819777489039,4.788819777489039,4.788819777489039,4.788819777489039,4.788819777489039,4.788819777489039,4.788819777489039,4.788819777489039,4.788819777489039,4.788819777489039,4.788819777489039,4.788819777489039,4.788819777489039,4.788819777489039,4.788819777489039,4.788819777489039,4.788819777489039,4.788819777489039,4.788819777489039,4.788819777489039,4.788819777489039,4.788819777489039,4.788819777489039,4.788819777489039,4.788819777489039,4.788819777489039,4.788819777489039,4.788819777489039,4.788819777489039,4.788819777489039,4.788819777489039,4.788819777489039,4.788819777489039,4.788819777489039,4.788819777489039,4.788819777489039,4.788819777489039,4.788819777489039,4.788819777489039,4.788819777489039,4.788819777489039,4.788819777489039,4.788819777489039,4.788819777489039,4.788819777489039,4.788819777489039,4.788819777489039,4.788819777489039,4.788819777489039,4.788819777489039,4.788819777489039,4.788819777489039,4.788819777489039,4.788819777489039,4.788819777489039,4.788819777489039,4.788819777489039,4.788819777489039,4.5044311032492885,4.5044311032492885,4.5044311032492885,4.49506315340985,4.49506315340985,4.49506315340985,4.49506315340985,4.49506315340985,4.49506315340985,4.49506315340985,4.49506315340985,4.49506315340985,4.49506315340985,4.49506315340985,4.49506315340985,4.49506315340985,4.49506315340985,4.49506315340985,4.49506315340985,4.49506315340985,4.49506315340985,4.49506315340985,4.49506315340985,4.49506315340985,4.49506315340985,4.49506315340985,4.49506315340985,4.49506315340985,4.49506315340985,4.49506315340985,4.49506315340985,4.49506315340985,4.49506315340985,4.49506315340985,4.49506315340985,4.49506315340985,4.49506315340985,4.49506315340985,4.49506315340985,4.49506315340985,4.49506315340985,4.49506315340985,4.49506315340985,4.49506315340985,4.49506315340985,4.49506315340985,4.49506315340985,4.49506315340985,4.49506315340985,4.49506315340985,4.49506315340985,4.49506315340985,4.49506315340985,4.49506315340985,4.49506315340985,4.49506315340985,4.49506315340985,4.49506315340985,4.49506315340985,4.49506315340985,4.49506315340985,4.49506315340985,4.49506315340985,4.49506315340985,4.49506315340985,4.49506315340985,4.49506315340985,4.49506315340985,4.49506315340985,4.49506315340985,4.49506315340985,4.471987035950886,4.471987035950886,4.471987035950886,4.471987035950886,4.471987035950886,4.471987035950886,4.471987035950886,4.471987035950886,4.471987035950886,4.471987035950886,4.471987035950886,4.471987035950886,4.471987035950886,4.471987035950886,4.471987035950886,4.471987035950886,4.471987035950886,4.471987035950886,4.471987035950886,4.471987035950886,4.471987035950886,4.471987035950886,4.471987035950886,4.471987035950886,4.471987035950886,4.471987035950886,4.471987035950886,4.471987035950886,4.471987035950886,4.471987035950886,4.471987035950886,4.471987035950886,4.471987035950886,4.471987035950886,4.471987035950886,4.471987035950886,4.471987035950886,4.471987035950886,4.471987035950886,4.471987035950886,4.471987035950886,4.471987035950886,4.471987035950886,4.471987035950886,4.471987035950886,4.471987035950886,4.471987035950886,4.471987035950886,4.471987035950886,4.471987035950886,4.471987035950886,4.471987035950886,4.471987035950886,4.471987035950886,4.471987035950886,4.471987035950886,4.471987035950886,4.471987035950886,4.471987035950886,4.471987035950886,4.471987035950886,4.471987035950886,4.471987035950886,4.471987035950886,4.471987035950886,4.471987035950886,4.471987035950886,4.471987035950886,4.471987035950886,4.471987035950886,4.471987035950886,4.471987035950886,4.471987035950886,4.471987035950886,4.471987035950886,4.471987035950886,4.471987035950886,4.471987035950886,4.471987035950886,4.471987035950886,4.471987035950886,4.471987035950886,4.471987035950886,4.471987035950886,4.471987035950886,4.471987035950886,4.471987035950886,4.471987035950886,4.471987035950886,4.471987035950886,4.471987035950886,4.471987035950886,4.471987035950886,4.471987035950886,4.471987035950886,4.471987035950886,4.471987035950886,4.471987035950886,4.471987035950886,4.471987035950886,4.471987035950886,4.471987035950886,4.471987035950886,4.471987035950886,4.471987035950886,4.471987035950886,4.471987035950886,4.471987035950886,4.471987035950886,4.471987035950886,4.471987035950886,4.471987035950886,4.471987035950886,4.471987035950886,4.471987035950886,4.471987035950886,4.471987035950886,4.471987035950886,4.471987035950886,4.471987035950886,4.471987035950886,4.471987035950886,4.471987035950886,4.471987035950886,4.471987035950886,4.471987035950886,4.471987035950886,4.471987035950886,4.471987035950886,4.471987035950886,4.471987035950886,4.471987035950886,4.471987035950886,4.471987035950886,4.471987035950886,4.471987035950886,4.471987035950886,4.471987035950886,4.471987035950886,4.471987035950886,4.471987035950886,4.471987035950886,4.471987035950886,4.471987035950886,4.471987035950886,4.471987035950886,4.471987035950886,4.471987035950886,4.471987035950886,7.438051195864044,7.438051195864044,7.438051195864044,7.438051195864044,7.438051195864044,7.438051195864044,7.438051195864044,7.438051195864044,7.438051195864044,7.438051195864044,7.438051195864044,7.438051195864044,7.438051195864044,7.438051195864044,7.438051195864044,7.438051195864044,7.438051195864044,7.438051195864044,7.438051195864044,7.438051195864044,7.438051195864044,7.438051195864044,7.438051195864044,7.438051195864044,7.438051195864044,7.438051195864044,7.438051195864044,7.438051195864044,7.438051195864044,7.32148258033099,7.3020551054833875,7.3020551054833875,7.3020551054833875,7.3020551054833875,7.3020551054833875,7.3020551054833875,7.3020551054833875,7.3020551054833875,7.3020551054833875,7.3020551054833875,7.3020551054833875,7.3020551054833875,7.3020551054833875,7.3020551054833875,7.3020551054833875,7.3020551054833875,7.3020551054833875,7.3020551054833875,7.3020551054833875,7.3020551054833875,7.3020551054833875,7.3020551054833875,7.3020551054833875,7.3020551054833875,7.3020551054833875,7.3020551054833875,7.3020551054833875,7.3020551054833875,7.3020551054833875,7.3020551054833875,7.3020551054833875,7.3020551054833875,7.3020551054833875,7.3020551054833875,7.3020551054833875,7.3020551054833875,7.3020551054833875,7.3020551054833875,7.3020551054833875,7.3020551054833875,7.3020551054833875,7.3020551054833875,7.3020551054833875,7.3020551054833875,7.3020551054833875,7.3020551054833875,7.3020551054833875,7.3020551054833875,7.3020551054833875,7.3020551054833875,7.3020551054833875,7.3020551054833875,7.3020551054833875,7.3020551054833875,7.3020551054833875,7.3020551054833875,6.6801037254709374,6.6801037254709374,6.6801037254709374,6.6801037254709374,6.6801037254709374,6.6801037254709374,6.6801037254709374,6.6801037254709374,6.6801037254709374,6.6801037254709374,6.6801037254709374,6.6801037254709374,6.6801037254709374,6.6801037254709374,6.614581904396847,6.614581904396847,6.614581904396847,6.614581904396847,6.614581904396847,6.614581904396847,6.614581904396847,6.614581904396847,6.614581904396847,6.614581904396847,6.614581904396847,6.614581904396847,6.614581904396847,6.614581904396847,6.614581904396847,6.614581904396847,6.614581904396847,6.614581904396847,6.614581904396847,6.614581904396847,6.614581904396847,6.614581904396847,6.614581904396847,6.614581904396847,6.614581904396847,6.614581904396847,6.614581904396847,6.614581904396847,6.614581904396847,6.614581904396847,6.614581904396847,6.614581904396847,6.614581904396847,6.614581904396847,6.614581904396847,6.614581904396847,6.614581904396847,6.614581904396847,6.614581904396847,6.614581904396847,6.614581904396847,6.614581904396847,6.614581904396847,6.614581904396847,6.614581904396847,6.614581904396847,6.614581904396847,6.614581904396847,6.614581904396847,6.614581904396847,6.614581904396847,6.614581904396847,6.614581904396847,6.614581904396847,6.614581904396847,6.614581904396847,6.614581904396847,6.614581904396847,6.614581904396847,6.614581904396847,6.614581904396847,6.614581904396847,6.614581904396847,6.614581904396847,6.614581904396847,6.614581904396847,6.614581904396847,6.614581904396847,6.614581904396847,6.614581904396847,6.614581904396847,6.614581904396847,6.614581904396847,6.614581904396847,6.614581904396847,6.614581904396847,6.614581904396847,6.614581904396847,6.614581904396847,6.614581904396847,6.614581904396847,6.614581904396847,6.614581904396847,6.614581904396847,6.614581904396847,6.614581904396847,6.614581904396847,6.614581904396847,6.614581904396847,6.614581904396847,6.614581904396847,6.614581904396847,6.614581904396847,6.614581904396847,6.614581904396847,6.614581904396847,6.614581904396847,6.614581904396847,6.614581904396847,6.614581904396847,6.614581904396847,6.614581904396847,6.614581904396847,6.614581904396847,6.614581904396847,6.614581904396847,6.614581904396847,6.614581904396847,6.614581904396847,6.614581904396847,6.614581904396847,6.614581904396847,6.614581904396847,6.614581904396847,6.614581904396847,6.614581904396847,6.614581904396847,6.614581904396847,6.614581904396847,6.614581904396847,6.614581904396847,6.614581904396847,6.614581904396847,6.614581904396847,6.614581904396847,6.614581904396847,6.614581904396847,6.614581904396847,6.614581904396847,6.614581904396847,6.614581904396847,6.614581904396847,6.614581904396847,6.614581904396847,6.614581904396847,6.614581904396847,6.614581904396847,6.614581904396847,6.614581904396847,6.614581904396847,6.614581904396847,6.614581904396847,5.410723010141642,5.408696169044171,5.408696169044171,5.408696169044171,5.408696169044171,5.408696169044171,5.408696169044171,5.408696169044171,5.188817956031404,5.188817956031404,5.188817956031404,5.188817956031404,5.188817956031404,5.188817956031404,5.17332071618939,5.17332071618939,4.954440330682156,4.954440330682156,4.954440330682156,4.954440330682156,4.954440330682156,4.954440330682156,4.954440330682156,4.954440330682156,4.954440330682156,4.954440330682156,4.954440330682156,4.954440330682156,4.954440330682156,4.954440330682156,4.954440330682156,4.954440330682156,4.954440330682156,4.954440330682156,4.954440330682156,4.954440330682156,4.953882538582261,4.953882538582261,4.953882538582261,4.953882538582261,4.953882538582261,4.953882538582261,4.953882538582261,4.953882538582261,4.953882538582261,4.953882538582261,4.953882538582261,4.953882538582261,4.953882538582261,4.953882538582261,4.953882538582261,4.953882538582261,4.953882538582261,4.953882538582261,4.953882538582261,4.953882538582261,4.953882538582261,4.953882538582261,4.953882538582261,4.953882538582261,4.953882538582261,4.953882538582261,4.953882538582261,4.953882538582261,4.953882538582261,4.953882538582261,4.953882538582261,4.953882538582261,4.953882538582261,4.953882538582261,4.953882538582261,4.953882538582261,4.953882538582261,4.953882538582261,4.953882538582261,4.953882538582261,4.953882538582261,4.953882538582261,4.953882538582261,4.953882538582261,4.953882538582261,4.953882538582261,4.953882538582261,4.953882538582261,4.953882538582261,4.953882538582261,4.953882538582261,4.953882538582261,4.953882538582261,4.953882538582261,4.953882538582261,4.953882538582261,4.953882538582261,4.953882538582261,4.953882538582261,4.953882538582261,4.953882538582261,4.953882538582261,4.953882538582261,4.953882538582261,4.953882538582261,4.953882538582261,4.953882538582261,4.953882538582261,4.953882538582261,4.953882538582261,4.953882538582261,4.953882538582261,4.953882538582261,4.953882538582261,4.953882538582261,4.953882538582261,4.953882538582261,4.953882538582261,4.953882538582261,4.953882538582261,4.953882538582261,4.953882538582261,4.953882538582261,4.953882538582261,4.953882538582261,4.953882538582261,4.953882538582261,4.953882538582261,4.953882538582261,4.953882538582261,4.953882538582261,4.953882538582261,4.953882538582261,4.953882538582261,4.953882538582261,4.953882538582261,4.953882538582261,4.953882538582261,4.953882538582261,4.953882538582261,4.953882538582261,4.953882538582261,4.953882538582261,4.953882538582261,4.953882538582261,4.953882538582261,4.953882538582261,4.953882538582261,4.953882538582261,4.953882538582261,4.953882538582261,4.953882538582261,4.953882538582261,4.953882538582261,4.953882538582261,4.953882538582261,4.953882538582261,4.953882538582261,4.953882538582261,4.953882538582261,4.953882538582261,4.953882538582261,4.953882538582261,4.953882538582261,4.953882538582261,4.953882538582261,4.953882538582261,4.953882538582261,4.953882538582261,4.953882538582261,4.953882538582261,4.953882538582261,4.953882538582261,4.953882538582261,4.953882538582261,4.953882538582261,4.953882538582261,4.953882538582261,4.953882538582261,4.953882538582261,4.953882538582261,4.953882538582261,4.953882538582261,4.953882538582261,4.953882538582261,4.953882538582261,4.953882538582261,4.953882538582261,4.953882538582261,4.953882538582261,4.953882538582261,4.953882538582261,4.953882538582261,4.953882538582261,4.953882538582261,4.953882538582261,4.953882538582261,4.953882538582261,4.953882538582261,4.953882538582261,4.953882538582261,4.953882538582261,4.953882538582261,4.953882538582261,4.953882538582261,4.953882538582261,4.953882538582261,4.953882538582261,4.953882538582261,4.953882538582261,4.953882538582261,4.953882538582261,4.953882538582261,4.953882538582261,4.953882538582261,4.953882538582261,4.953882538582261,4.953882538582261,4.953882538582261,4.953882538582261,4.953882538582261,4.953882538582261,4.953882538582261,4.953882538582261,4.953882538582261,4.953882538582261,4.953882538582261,4.953882538582261,4.953882538582261,4.953882538582261,4.953882538582261,4.953882538582261,4.953882538582261,4.953882538582261,4.953882538582261,4.953882538582261,4.953882538582261,4.953882538582261,4.953882538582261,4.953882538582261,4.953882538582261,4.953882538582261,4.953882538582261,4.953882538582261,4.953882538582261,4.953882538582261,4.953882538582261,4.953882538582261,4.953882538582261,4.953882538582261,4.953882538582261,4.953882538582261,4.953882538582261,4.953882538582261,4.953882538582261,4.953882538582261,4.953882538582261,4.761526827342918,4.761526827342918,4.761526827342918,4.761526827342918,4.761526827342918,4.761526827342918,4.761526827342918,4.761526827342918,4.761526827342918,4.761526827342918,4.761526827342918,4.761526827342918,4.761526827342918,4.761526827342918,4.761526827342918,4.761526827342918,4.761526827342918,4.761526827342918,4.761526827342918,4.761526827342918,4.761526827342918,4.761526827342918,4.761526827342918,4.761526827342918,4.761526827342918,4.761526827342918,4.761526827342918,4.761526827342918,4.761526827342918,4.761526827342918,4.761526827342918,4.761526827342918,4.761526827342918,4.761526827342918,4.761526827342918,4.761526827342918,4.761526827342918,4.761526827342918,4.761526827342918,4.761526827342918,4.761526827342918,4.761526827342918,4.761526827342918,4.761526827342918,4.761526827342918,4.761526827342918,4.761526827342918,4.761526827342918,4.761526827342918,4.761526827342918,4.761526827342918,4.761526827342918,4.761526827342918,4.761526827342918,4.761526827342918,4.761526827342918,4.761526827342918,4.761526827342918,4.761526827342918,4.761526827342918,4.761526827342918,4.761526827342918,4.761526827342918,4.761526827342918,4.761526827342918,4.761526827342918,4.761526827342918,4.761526827342918,4.761526827342918,4.761526827342918,4.761526827342918,4.761526827342918,4.761526827342918,4.761526827342918,4.761526827342918,4.761526827342918,4.761526827342918,4.761526827342918,4.761526827342918,4.761526827342918,4.761526827342918,4.761526827342918,4.761526827342918,4.761526827342918,4.761526827342918,4.761526827342918,4.761526827342918,4.761526827342918,4.761526827342918,4.761526827342918,4.761526827342918,4.761526827342918,4.761526827342918,4.761526827342918,4.761526827342918,4.761526827342918,4.761526827342918,4.761526827342918,4.761526827342918,4.761526827342918,4.761526827342918,4.761526827342918,4.761526827342918,4.761526827342918,4.761526827342918,4.761526827342918,4.761526827342918,4.761526827342918,4.761526827342918,4.761526827342918,4.761526827342918,4.761526827342918,4.761526827342918,4.761526827342918,4.761526827342918,4.761526827342918,4.761526827342918,4.761526827342918,4.761526827342918,4.761526827342918,4.761526827342918,4.761526827342918,4.761526827342918,4.761526827342918,4.761526827342918,4.761526827342918,4.761526827342918,4.761526827342918,4.761526827342918,4.761526827342918,4.761526827342918,4.761526827342918,4.761526827342918,4.761526827342918,4.761526827342918,4.761526827342918,4.761526827342918,4.761526827342918,4.761526827342918,4.761526827342918,4.761526827342918,4.761526827342918,4.761526827342918,4.761526827342918,4.761526827342918,4.761526827342918,4.761526827342918,4.761526827342918,4.761526827342918,4.761526827342918,4.761526827342918,4.761526827342918,4.761526827342918,4.761526827342918,4.761526827342918,4.761526827342918,4.761526827342918,4.761526827342918,4.761526827342918,4.761526827342918,4.761526827342918,4.761526827342918,4.761526827342918,4.761526827342918,4.761526827342918,4.761526827342918,4.761526827342918,4.761526827342918,4.761526827342918,4.761526827342918,4.761526827342918,4.761526827342918,4.761526827342918,4.761526827342918,4.761526827342918,4.761526827342918,4.761526827342918,4.761526827342918,4.761526827342918,4.761526827342918,4.761526827342918,4.761526827342918,4.761526827342918,4.761526827342918,4.761526827342918,4.761526827342918,4.761526827342918,4.761526827342918,4.761526827342918,4.761526827342918,4.761526827342918,4.761526827342918,4.761526827342918,4.761526827342918,4.761526827342918,4.761526827342918,4.761526827342918,4.761526827342918,4.761526827342918,4.761526827342918,4.761526827342918,4.761526827342918,4.761526827342918,4.761526827342918,4.761526827342918,4.761526827342918,4.761526827342918,4.761526827342918,4.761526827342918,4.761526827342918,4.761526827342918,4.761526827342918,4.761526827342918,4.761526827342918,4.761526827342918,4.761526827342918,4.761526827342918,4.761526827342918,4.761526827342918,4.761526827342918,4.761526827342918,4.761526827342918,4.761526827342918,4.761526827342918,4.761526827342918,4.761526827342918,4.761526827342918,4.761526827342918,4.761526827342918,4.761526827342918,4.761526827342918,4.761526827342918,4.761526827342918,4.761526827342918,4.761526827342918,4.761526827342918,4.761526827342918,4.761526827342918,4.761526827342918,4.761526827342918,4.761526827342918,4.761526827342918,4.761526827342918,4.761526827342918,4.761526827342918,4.761526827342918,4.761526827342918,4.761526827342918,4.761526827342918,4.761526827342918,4.761526827342918,4.761526827342918,4.761526827342918,4.761526827342918,4.761526827342918,4.761526827342918,4.761526827342918,4.761526827342918,4.761526827342918,4.761526827342918,4.761526827342918,4.761526827342918,4.761526827342918,4.761526827342918,4.761526827342918,4.761526827342918,4.761526827342918,4.761526827342918,4.761526827342918,4.761526827342918,4.761526827342918,4.761526827342918,4.761526827342918,4.761526827342918,4.761526827342918,4.761526827342918,4.761526827342918,4.761526827342918,4.761526827342918,4.761526827342918,4.761526827342918,4.761526827342918,4.761526827342918,4.761526827342918,4.761526827342918,4.761526827342918,4.761526827342918,4.761526827342918,4.761526827342918,4.761526827342918,4.761526827342918,4.761526827342918,4.761526827342918,4.761526827342918,4.761526827342918,4.761526827342918,4.761526827342918,4.761526827342918,4.761526827342918,4.761526827342918,4.761526827342918,4.761526827342918,4.761526827342918,4.761526827342918,4.761526827342918,4.761526827342918,4.761526827342918,4.761526827342918,4.761526827342918,4.761526827342918,4.761526827342918,4.761526827342918,4.761526827342918,4.761526827342918,4.761526827342918,4.761526827342918,4.761526827342918,4.761526827342918,4.761526827342918,4.761526827342918,4.761526827342918,4.761526827342918,4.761526827342918,4.761526827342918,4.761526827342918,4.761526827342918,4.761526827342918,4.761526827342918,4.761526827342918,4.761526827342918,4.761526827342918,4.761526827342918,4.761526827342918,4.761526827342918,4.761526827342918,4.761526827342918,4.761526827342918,4.761526827342918,4.761526827342918,4.761526827342918,4.761526827342918,4.761526827342918,4.761526827342918,4.761526827342918,4.761526827342918,4.761526827342918,4.761526827342918,4.761526827342918,4.761526827342918,4.761526827342918,4.761526827342918,4.761526827342918,4.761526827342918,4.761526827342918,4.761526827342918,4.761526827342918,4.761526827342918,4.761526827342918,4.761526827342918,4.761526827342918,4.761526827342918,4.761526827342918,4.761526827342918,4.761526827342918,4.761526827342918,4.761526827342918,4.761526827342918,4.761526827342918,4.761526827342918,4.761526827342918,4.761526827342918,4.761526827342918,4.761526827342918,4.761526827342918,4.761526827342918,4.761526827342918,4.761526827342918,4.761526827342918,4.761526827342918,4.761526827342918,4.761526827342918,4.761526827342918,4.761526827342918,4.761526827342918,4.761526827342918,4.761526827342918,4.761526827342918,4.761526827342918,4.761526827342918,4.761526827342918,4.761526827342918,4.761526827342918,4.761526827342918,4.761526827342918,4.761526827342918,4.761526827342918,4.761526827342918,4.761526827342918,4.761526827342918,4.761526827342918,4.761526827342918,4.761526827342918,4.761526827342918,4.761526827342918,4.761526827342918,4.761526827342918,4.761526827342918,4.761526827342918,4.761526827342918,4.761526827342918,4.761526827342918,4.761526827342918,4.761526827342918,4.761526827342918,4.761526827342918,4.761526827342918,4.761526827342918,4.761526827342918,4.761526827342918,4.761526827342918,4.761526827342918,4.761526827342918,4.761526827342918,4.761526827342918,4.761526827342918,4.761526827342918,4.761526827342918,4.761526827342918,4.761526827342918,4.761526827342918,4.761526827342918,4.761526827342918,4.761526827342918,4.761526827342918,4.761526827342918,4.761526827342918,4.761526827342918,4.761526827342918,4.761526827342918,4.761526827342918,4.761526827342918,4.761526827342918,4.761526827342918,4.761526827342918,4.761526827342918,4.761526827342918,4.761526827342918,4.761526827342918,4.761526827342918,4.761526827342918,4.761526827342918,4.761526827342918,4.761526827342918,4.761526827342918,4.761526827342918,4.761526827342918,4.761526827342918,4.761526827342918,4.761526827342918,4.761526827342918,4.761526827342918,4.761526827342918,4.761526827342918,4.761526827342918,4.761526827342918,4.761526827342918,4.761526827342918,4.761526827342918,4.761526827342918,4.761526827342918,4.761526827342918,4.761526827342918,4.761526827342918,4.761526827342918,4.761526827342918,4.761526827342918,4.761526827342918,4.761526827342918,4.761526827342918,4.761526827342918,4.761526827342918,4.761526827342918,4.761526827342918,4.761526827342918,4.761526827342918,4.761526827342918,4.761526827342918,4.761526827342918,4.761526827342918,4.761526827342918,4.761526827342918,4.761526827342918,4.761526827342918,4.761526827342918,4.761526827342918,4.761526827342918,4.761526827342918,4.761526827342918,4.761526827342918,4.761526827342918,4.761526827342918,4.761526827342918,4.761526827342918,4.761526827342918,4.761526827342918,6.536188360013821,6.536188360013821,6.27393605304041,6.27393605304041,6.23844277651748,6.018420753560817,5.926431311997263,5.926431311997263,5.926431311997263,5.910557317028162,5.5707265576154805,5.474064845887076,5.474064845887076,5.474064845887076,5.474064845887076,5.474064845887076,5.474064845887076,5.474064845887076,5.474064845887076,5.474064845887076,5.474064845887076,5.474064845887076,5.474064845887076,5.474064845887076,5.474064845887076,5.474064845887076,5.474064845887076,5.474064845887076,5.474064845887076,5.474064845887076,5.2926143876670455,5.2926143876670455,5.2926143876670455,5.2926143876670455,5.2926143876670455,5.2926143876670455,5.2926143876670455,5.2926143876670455,5.2926143876670455,5.2926143876670455,5.2926143876670455,5.2926143876670455,5.2926143876670455,5.2926143876670455,5.2926143876670455,5.2926143876670455,5.2926143876670455,5.2926143876670455,5.2926143876670455,5.2926143876670455,5.2926143876670455,5.2926143876670455,5.2926143876670455,5.2926143876670455,5.2926143876670455,5.2926143876670455,5.2926143876670455,5.2926143876670455,5.2926143876670455,5.2926143876670455,5.2926143876670455,5.2926143876670455,5.2926143876670455,5.2926143876670455,5.2926143876670455,5.2926143876670455,5.2926143876670455,5.2926143876670455,5.2926143876670455,5.2926143876670455,5.2926143876670455,5.2926143876670455,5.2926143876670455,5.2926143876670455,5.2926143876670455,5.2926143876670455,5.2926143876670455,5.2926143876670455,5.2926143876670455,5.2926143876670455,5.2926143876670455,5.2926143876670455,5.2926143876670455,5.2926143876670455,5.2926143876670455,5.2926143876670455,5.2926143876670455,5.2926143876670455,5.2926143876670455,5.2926143876670455,5.2926143876670455,5.2926143876670455,5.2926143876670455,5.2926143876670455,5.2926143876670455,5.2926143876670455,5.2926143876670455,5.2926143876670455,5.2926143876670455,5.2926143876670455,5.2926143876670455,5.2926143876670455,5.2926143876670455,5.2926143876670455,5.2926143876670455,5.2926143876670455,5.2926143876670455,5.2926143876670455,5.2926143876670455,5.2926143876670455,5.2926143876670455,5.2926143876670455,5.2926143876670455,5.2926143876670455,5.2926143876670455,5.2926143876670455,5.2926143876670455,5.2926143876670455,5.2926143876670455,5.2926143876670455,5.2926143876670455,5.2926143876670455,5.2926143876670455,5.2926143876670455,5.2926143876670455,5.2926143876670455,5.2926143876670455,5.2926143876670455,5.2926143876670455,5.2926143876670455,5.2926143876670455,5.2926143876670455,5.2926143876670455,5.2926143876670455,5.2926143876670455,5.2926143876670455,5.2926143876670455,5.2926143876670455,5.2926143876670455,5.2926143876670455,5.2926143876670455,5.2926143876670455,5.2926143876670455,5.2926143876670455,5.2926143876670455,5.2926143876670455,5.2926143876670455,5.2926143876670455,5.2926143876670455,5.2926143876670455,5.2926143876670455,5.2926143876670455,5.2926143876670455,5.2926143876670455,5.2926143876670455,5.2926143876670455,5.2926143876670455,5.2926143876670455,5.265309181281614,5.265309181281614,5.265309181281614,5.265309181281614,5.265309181281614,5.265309181281614,5.265309181281614,5.265309181281614,5.265309181281614,5.265309181281614,5.265309181281614,5.265309181281614,5.265309181281614,5.265309181281614,5.265309181281614,5.265309181281614,5.265309181281614,5.265309181281614,5.265309181281614,5.265309181281614,5.265309181281614,5.265309181281614,5.265309181281614,5.265309181281614,5.265309181281614,5.265309181281614,5.265309181281614,5.265309181281614,5.265309181281614,5.265309181281614,5.265309181281614,5.265309181281614,5.265309181281614,5.265309181281614,5.265309181281614,5.265309181281614,5.265309181281614,5.265309181281614,5.265309181281614,5.265309181281614,5.265309181281614,5.265309181281614,5.265309181281614,5.265309181281614,5.265309181281614,5.265309181281614,4.7967642516988995,4.7967642516988995,4.7967642516988995,4.7967642516988995,4.7967642516988995,4.7967642516988995,4.7967642516988995,4.7967642516988995,4.7967642516988995,4.7967642516988995,4.7967642516988995,4.7967642516988995,4.7967642516988995,4.7967642516988995,4.7967642516988995,4.7967642516988995,4.7967642516988995,4.7967642516988995,4.7967642516988995,4.7967642516988995,4.7967642516988995,4.7967642516988995,4.7967642516988995,4.7967642516988995,4.7967642516988995,4.7967642516988995,4.7967642516988995,4.7967642516988995,4.7967642516988995,4.7967642516988995,4.7967642516988995,4.7967642516988995,4.7967642516988995,4.7967642516988995,4.7967642516988995,4.7967642516988995,4.7967642516988995,4.7967642516988995,4.7967642516988995,4.7967642516988995,4.7967642516988995,4.7967642516988995,4.7967642516988995,4.7967642516988995,4.7967642516988995,4.7967642516988995,4.7967642516988995,4.7967642516988995,4.7967642516988995,4.7967642516988995,4.7967642516988995,4.7967642516988995,4.7967642516988995,4.7967642516988995,4.7967642516988995,4.7967642516988995,4.7967642516988995,4.7967642516988995,4.7967642516988995,4.7967642516988995,4.7967642516988995,4.7967642516988995,4.7967642516988995,4.7967642516988995,4.7967642516988995,4.7967642516988995,4.7967642516988995,4.7967642516988995,4.7967642516988995,4.7967642516988995,4.7967642516988995,4.7967642516988995,4.7967642516988995,4.7967642516988995,4.7967642516988995,4.7967642516988995,4.7967642516988995,4.7967642516988995,4.7967642516988995,4.7967642516988995,4.7967642516988995,4.7967642516988995,4.7967642516988995,4.7967642516988995,4.7967642516988995,4.7967642516988995,4.7967642516988995,4.7967642516988995,4.7967642516988995,4.7967642516988995,4.7967642516988995,4.7967642516988995,4.7967642516988995,4.7967642516988995,4.7967642516988995,4.7967642516988995,4.7967642516988995,4.7967642516988995,4.7967642516988995,4.7967642516988995,4.7967642516988995,4.7967642516988995,4.7967642516988995,4.7967642516988995,4.7967642516988995,4.7967642516988995,4.7967642516988995,4.7967642516988995,4.7967642516988995,4.7967642516988995,4.7967642516988995,4.7967642516988995,4.7967642516988995,4.7967642516988995,4.7967642516988995,4.7967642516988995,4.7967642516988995,4.7967642516988995,4.7967642516988995,4.7967642516988995,4.7967642516988995,4.7967642516988995,4.7967642516988995,4.7967642516988995,4.7967642516988995,4.7967642516988995,4.49207804208864,4.451978869770189,4.451978869770189,4.19400402515253,4.178726162246215,4.178726162246215,4.178726162246215,4.178726162246215,4.178726162246215,4.178726162246215,4.178726162246215,4.178726162246215,4.178726162246215,4.178726162246215,4.178726162246215,4.178726162246215,4.178726162246215,4.178726162246215,4.178726162246215,4.178726162246215,4.178726162246215,4.178726162246215,4.178726162246215,4.178726162246215,4.178726162246215,4.178726162246215,4.178726162246215,4.178726162246215,4.178726162246215,4.178726162246215,4.178726162246215,4.178726162246215,4.178726162246215,4.178726162246215,4.178726162246215,4.178726162246215,4.178726162246215,4.178726162246215,4.178726162246215,4.178726162246215,4.178726162246215,4.178726162246215,4.178726162246215,4.178726162246215,4.178726162246215,4.178726162246215,4.178726162246215,4.178726162246215,4.178726162246215,4.178726162246215,4.178726162246215,4.178726162246215,4.178726162246215,4.178726162246215,4.178726162246215,4.178726162246215,4.178726162246215,4.178726162246215,4.178726162246215,4.178726162246215,4.178726162246215,4.178726162246215,4.178726162246215,4.178726162246215,4.178726162246215,4.178726162246215,4.178726162246215,4.178726162246215,4.178726162246215,4.178726162246215,4.178726162246215,4.178726162246215,4.178726162246215,4.178726162246215,4.178726162246215,4.178726162246215,4.178726162246215,4.178726162246215,4.178726162246215,4.178726162246215,4.178726162246215,4.178726162246215,4.178726162246215,4.178726162246215,4.178726162246215,4.178726162246215,4.178726162246215,4.178726162246215,4.178726162246215,4.178726162246215,4.178726162246215,4.178726162246215,4.178726162246215,4.178726162246215,4.178726162246215,4.178726162246215,4.178726162246215,4.178726162246215,4.178726162246215,4.178726162246215,4.178726162246215,4.178726162246215,4.178726162246215,4.178726162246215,4.178726162246215,4.178726162246215,4.178726162246215,4.178726162246215,4.178726162246215,4.178726162246215,4.178726162246215,4.178726162246215,4.178726162246215,4.178726162246215,4.178726162246215,4.178726162246215,4.178726162246215,4.178726162246215,4.178726162246215,4.178726162246215,4.178726162246215,4.178726162246215,4.178726162246215,4.178726162246215,4.178726162246215,4.178726162246215,4.178726162246215,4.178726162246215,4.178726162246215,4.178726162246215,4.178726162246215,4.178726162246215,4.178726162246215,4.178726162246215,4.178726162246215,4.178726162246215,4.178726162246215,4.178726162246215,4.178726162246215,4.178726162246215,4.178726162246215,4.178726162246215,4.178726162246215,4.178726162246215,4.178726162246215,4.178726162246215,4.178726162246215,4.178726162246215,4.178726162246215,4.178726162246215,4.178726162246215,4.178726162246215,4.178726162246215,4.178726162246215,4.178726162246215,4.178726162246215,4.178726162246215,4.178726162246215,4.178726162246215,4.178726162246215,4.178726162246215,4.178726162246215,4.178726162246215,4.178726162246215,4.178726162246215,4.178726162246215,4.178726162246215,4.178726162246215,4.178726162246215,4.178726162246215,4.178726162246215,4.131116547617307,4.131116547617307,4.0357332943542295,3.822533875279347,3.822533875279347,3.822533875279347,3.822533875279347,3.822533875279347,3.697861177214619,3.697861177214619,3.043271213918165,2.9584454044988284,2.940561791433316,2.940561791433316,2.889668742453515,2.889668742453515,2.889668742453515,2.889668742453515,2.889668742453515,2.889668742453515,2.889668742453515,2.889668742453515,2.889668742453515,2.889668742453515,2.889668742453515,2.889668742453515,2.889668742453515,2.889668742453515,2.889668742453515,2.889668742453515,2.889668742453515,2.889668742453515,2.889668742453515,2.889668742453515,2.889668742453515,2.889668742453515,2.889668742453515,2.889668742453515,2.889668742453515,2.889668742453515,2.889668742453515,2.889668742453515,2.889668742453515,2.889668742453515,2.889668742453515,2.889668742453515,2.889668742453515,2.889668742453515,2.889668742453515,2.889668742453515,2.889668742453515,2.889668742453515,2.889668742453515,2.889668742453515,2.889668742453515,2.889668742453515,2.889668742453515,2.889668742453515,2.889668742453515,2.889668742453515,2.889668742453515,2.889668742453515,2.889668742453515,2.889668742453515,2.889668742453515,2.889668742453515,2.889668742453515,2.889668742453515,2.889668742453515,2.889668742453515,2.889668742453515,2.889668742453515,2.889668742453515,2.889668742453515,2.889668742453515,2.889668742453515,2.889668742453515,2.889668742453515,2.889668742453515,2.889668742453515,2.889668742453515,2.889668742453515,2.889668742453515,2.889668742453515,2.889668742453515,2.889668742453515,2.889668742453515,2.889668742453515,2.889668742453515,2.889668742453515,2.889668742453515,2.889668742453515,2.889668742453515,2.889668742453515,2.889668742453515,2.889668742453515,2.889668742453515,2.889668742453515,2.889668742453515,2.889668742453515,2.889668742453515,2.889668742453515,2.889668742453515,2.889668742453515,2.889668742453515,2.889668742453515,2.889668742453515,2.889668742453515,2.889668742453515,2.889668742453515,2.889668742453515,2.889668742453515,2.889668742453515,2.889668742453515,2.889668742453515,2.889668742453515,2.889668742453515,2.889668742453515,2.889668742453515,2.889668742453515,2.889668742453515,2.889668742453515,2.889668742453515,2.889668742453515,2.889668742453515,2.889668742453515,2.889668742453515,2.889668742453515,2.889668742453515,2.889668742453515,2.889668742453515,2.889668742453515,2.889668742453515,2.889668742453515,2.889668742453515,2.889668742453515,2.889668742453515,2.889668742453515,2.889668742453515,2.889668742453515,2.889668742453515,2.889668742453515,2.889668742453515,2.889668742453515,2.889668742453515,2.889668742453515,2.889668742453515,2.889668742453515,2.889668742453515,2.889668742453515,2.889668742453515,2.889668742453515,2.889668742453515,2.889668742453515,2.889668742453515,2.889668742453515,2.889668742453515,2.889668742453515,2.889668742453515,2.889668742453515,2.889668742453515,2.889668742453515,2.889668742453515,2.889668742453515,2.889668742453515,2.889668742453515,2.889668742453515,2.889668742453515,2.889668742453515,2.889668742453515,2.889668742453515,2.889668742453515,2.889668742453515,2.889668742453515,2.889668742453515,2.889668742453515,2.889668742453515,2.889668742453515,2.889668742453515,2.889668742453515,2.889668742453515,2.889668742453515,2.889668742453515,2.889668742453515,2.889668742453515,2.889668742453515,2.889668742453515,2.889668742453515,2.889668742453515,2.889668742453515,2.889668742453515,2.889668742453515,2.889668742453515,2.889668742453515,2.889668742453515,2.889668742453515,2.889668742453515,2.889668742453515,2.889668742453515,2.889668742453515,2.889668742453515,2.889668742453515,2.889668742453515,2.889668742453515,2.889668742453515,2.889668742453515,2.889668742453515,2.889668742453515,2.889668742453515,2.889668742453515,2.889668742453515,2.889668742453515,2.889668742453515,2.889668742453515,2.889668742453515,2.889668742453515,2.889668742453515,2.889668742453515,2.889668742453515,2.889668742453515,2.889668742453515,2.889668742453515,2.889668742453515,2.889668742453515,2.889668742453515,2.889668742453515,2.889668742453515,2.889668742453515,2.889668742453515,2.889668742453515,2.889668742453515,2.889668742453515,2.889668742453515,2.889668742453515,2.889668742453515,2.889668742453515,2.889668742453515,2.889668742453515,2.889668742453515,2.889668742453515,2.889668742453515,2.889668742453515,2.889668742453515,2.889668742453515,2.889668742453515,2.889668742453515,2.889668742453515,2.889668742453515,2.889668742453515,2.889668742453515,2.889668742453515,2.889668742453515,2.889668742453515,2.889668742453515,2.889668742453515,2.889668742453515,2.889668742453515,2.889668742453515,2.889668742453515,2.889668742453515,2.889668742453515,2.889668742453515,2.889668742453515,2.889668742453515,2.889668742453515,2.889668742453515,2.889668742453515,2.889668742453515,2.889668742453515,2.889668742453515,2.889668742453515,2.889668742453515,2.889668742453515,2.889668742453515,2.889668742453515,2.889668742453515,2.889668742453515,2.889668742453515,2.889668742453515,2.889668742453515,2.889668742453515,2.889668742453515,2.889668742453515,2.889668742453515,2.889668742453515,2.889668742453515,2.889668742453515,2.889668742453515,2.889668742453515,2.889668742453515,2.889668742453515,2.889668742453515,2.889668742453515,2.889668742453515,2.889668742453515,2.889668742453515,2.889668742453515,2.889668742453515,2.889668742453515,2.889668742453515,2.889668742453515,2.889668742453515,2.889668742453515,2.889668742453515,2.889668742453515,2.889668742453515,2.889668742453515,2.889668742453515,2.889668742453515,2.889668742453515,2.889668742453515,2.889668742453515,2.889668742453515,2.889668742453515,2.889668742453515,2.889668742453515,2.889668742453515,2.889668742453515,2.889668742453515,2.889668742453515,2.889668742453515,2.889668742453515,2.889668742453515,2.889668742453515,2.889668742453515,2.889668742453515,2.889668742453515,2.889668742453515,2.889668742453515,2.889668742453515,2.889668742453515,2.889668742453515,2.889668742453515,2.889668742453515,2.889668742453515,2.889668742453515,2.889668742453515,2.889668742453515,2.889668742453515,2.889668742453515,2.889668742453515,2.889668742453515,2.889668742453515,2.889668742453515,2.889668742453515,2.889668742453515,2.889668742453515,2.889668742453515,2.889668742453515,2.889668742453515,2.889668742453515,2.889668742453515,2.889668742453515,2.889668742453515,2.889668742453515,2.889668742453515,2.889668742453515,2.889668742453515,2.889668742453515,2.889668742453515,2.889668742453515,2.889668742453515,2.889668742453515,2.889668742453515,2.889668742453515,2.889668742453515,2.889668742453515,2.889668742453515,2.889668742453515,2.889668742453515,2.889668742453515,2.889668742453515,2.889668742453515,2.889668742453515,2.889668742453515,2.889668742453515,2.889668742453515,2.889668742453515,2.889668742453515,2.889668742453515,2.889668742453515,2.889668742453515,2.889668742453515,2.889668742453515,2.889668742453515,2.889668742453515,2.889668742453515,2.889668742453515,2.889668742453515,2.889668742453515,2.889668742453515,2.889668742453515,2.889668742453515,2.889668742453515,2.889668742453515,2.889668742453515,2.889668742453515,2.889668742453515,2.889668742453515,2.889668742453515,2.889668742453515,2.889668742453515,2.889668742453515,2.889668742453515,2.889668742453515,2.889668742453515,2.889668742453515,2.889668742453515,2.889668742453515,2.889668742453515,2.889668742453515,2.889668742453515,2.889668742453515,2.889668742453515,2.889668742453515,2.889668742453515,2.889668742453515,2.889668742453515,2.889668742453515,2.889668742453515,2.889668742453515,2.889668742453515,2.889668742453515,2.889668742453515,2.889668742453515,2.889668742453515,2.889668742453515,2.889668742453515,2.889668742453515,2.889668742453515,2.889668742453515,2.889668742453515,2.889668742453515,2.889668742453515,2.889668742453515,2.889668742453515,2.889668742453515,2.889668742453515,2.889668742453515,2.889668742453515,2.889668742453515,2.889668742453515,2.889668742453515,2.889668742453515,2.889668742453515,2.889668742453515,2.889668742453515,2.889668742453515,2.889668742453515,2.889668742453515,2.889668742453515,2.889668742453515,2.889668742453515,2.889668742453515,2.889668742453515,2.889668742453515,2.889668742453515,2.889668742453515,2.889668742453515,2.889668742453515,2.889668742453515,2.889668742453515,2.889668742453515,2.889668742453515,2.889668742453515,2.889668742453515,2.889668742453515,2.889668742453515,2.889668742453515,2.889668742453515,2.889668742453515,2.889668742453515,2.889668742453515,2.889668742453515,2.889668742453515,2.889668742453515,2.889668742453515,2.889668742453515,2.889668742453515,2.889668742453515,2.889668742453515,2.889668742453515,2.889668742453515,2.889668742453515,2.889668742453515,2.889668742453515,2.889668742453515,2.889668742453515,2.889668742453515,2.889668742453515,2.889668742453515,2.889668742453515,2.889668742453515,2.889668742453515,2.889668742453515,2.889668742453515,2.889668742453515,2.889668742453515,2.889668742453515,6.630162672983163,6.630162672983163,6.630162672983163,6.630162672983163,6.630162672983163,6.630162672983163,6.630162672983163,6.630162672983163,6.630162672983163,6.630162672983163,6.630162672983163,6.630162672983163,6.630162672983163,6.630162672983163,6.630162672983163,6.630162672983163,6.630162672983163,6.630162672983163,6.630162672983163,6.630162672983163,6.630162672983163,6.630162672983163,6.630162672983163,6.630162672983163,6.630162672983163,6.630162672983163,6.630162672983163,6.630162672983163,6.630162672983163,6.630162672983163,6.630162672983163,6.630162672983163,6.630162672983163,6.630162672983163,6.630162672983163,6.630162672983163,6.630162672983163,6.630162672983163,6.630162672983163,6.630162672983163,6.630162672983163,6.630162672983163,6.630162672983163,6.630162672983163,6.630162672983163,6.630162672983163,6.630162672983163,6.630162672983163,6.630162672983163,6.630162672983163,6.630162672983163,6.630162672983163,6.630162672983163,6.630162672983163,6.630162672983163,6.630162672983163,6.630162672983163,6.630162672983163,6.630162672983163,6.630162672983163,6.630162672983163,6.630162672983163,6.630162672983163,6.630162672983163,6.630162672983163,6.630162672983163,6.630162672983163,6.630162672983163,6.630162672983163,6.630162672983163,6.630162672983163,6.630162672983163,6.630162672983163,6.630162672983163,6.630162672983163,6.630162672983163,6.630162672983163,6.630162672983163,6.630162672983163,6.630162672983163,6.630162672983163,6.630162672983163,6.630162672983163,6.630162672983163,6.630162672983163,6.630162672983163,6.630162672983163,6.630162672983163,6.630162672983163,6.630162672983163,6.630162672983163,6.630162672983163,6.630162672983163,6.630162672983163,6.630162672983163,6.630162672983163,6.630162672983163,6.630162672983163,6.630162672983163,6.630162672983163,6.630162672983163,6.630162672983163,6.630162672983163,6.630162672983163,6.630162672983163,6.630162672983163,6.630162672983163,6.630162672983163,6.630162672983163,6.630162672983163,6.630162672983163,6.630162672983163,6.630162672983163,6.630162672983163,6.630162672983163,6.630162672983163,6.630162672983163,6.630162672983163,6.630162672983163,6.630162672983163,6.630162672983163,6.630162672983163,6.630162672983163,6.630162672983163,6.630162672983163,6.630162672983163,6.630162672983163,6.630162672983163,6.630162672983163,6.630162672983163,6.630162672983163,6.630162672983163,6.630162672983163,6.630162672983163,6.630162672983163,6.630162672983163,6.630162672983163,6.630162672983163,6.630162672983163,6.630162672983163,6.630162672983163,6.630162672983163,6.630162672983163,6.630162672983163,6.630162672983163,6.630162672983163,6.630162672983163,6.630162672983163,6.630162672983163,6.630162672983163,6.630162672983163,6.630162672983163,6.630162672983163,6.630162672983163,6.630162672983163,6.630162672983163,6.630162672983163,6.630162672983163,6.630162672983163,6.630162672983163,6.630162672983163,6.630162672983163,6.630162672983163,6.630162672983163,6.630162672983163,6.630162672983163,6.630162672983163,6.630162672983163,6.630162672983163,6.630162672983163,6.630162672983163,6.630162672983163,6.630162672983163,6.630162672983163,6.630162672983163,6.630162672983163,6.630162672983163,6.630162672983163,6.630162672983163,6.630162672983163,6.630162672983163,6.630162672983163,6.630162672983163,6.630162672983163,6.630162672983163,6.526657864064959,6.399371970291794,6.1216473471371,5.863155153005506,5.863155153005506,5.863155153005506,5.863155153005506,5.648795246790476,5.648795246790476,5.648795246790476,5.648795246790476,5.648795246790476,5.648795246790476,5.648795246790476,5.387185563911869,5.387185563911869,5.387185563911869,5.387185563911869,5.387185563911869,5.387185563911869,5.387185563911869,5.220158550061591,5.065109622016974,5.065109622016974,5.065109622016974,5.065109622016974,5.065109622016974,5.065109622016974,5.065109622016974,5.065109622016974,5.065109622016974,5.065109622016974,5.065109622016974,5.065109622016974,5.065109622016974,5.065109622016974,5.065109622016974,5.065109622016974,5.065109622016974,5.065109622016974,5.065109622016974,5.065109622016974,5.065109622016974,5.065109622016974,5.065109622016974,5.065109622016974,5.065109622016974,5.065109622016974,5.065109622016974,5.065109622016974,5.065109622016974,5.065109622016974,5.065109622016974,5.065109622016974,5.065109622016974,5.065109622016974,5.065109622016974,5.065109622016974,5.065109622016974,5.065109622016974,5.065109622016974,5.065109622016974,5.065109622016974,5.065109622016974,5.065109622016974,5.065109622016974,5.065109622016974,5.065109622016974,5.065109622016974,5.065109622016974,5.065109622016974,5.065109622016974,5.065109622016974,5.065109622016974,5.065109622016974,5.065109622016974,5.065109622016974,5.065109622016974,5.065109622016974,5.065109622016974,5.065109622016974,5.065109622016974,5.065109622016974,5.065109622016974,5.065109622016974,5.065109622016974,4.899376478877873,4.899376478877873,4.899376478877873,4.899376478877873,4.899376478877873,4.899376478877873,4.899376478877873,4.899376478877873,4.899376478877873,4.899376478877873,4.899376478877873,4.899376478877873,4.899376478877873,4.899376478877873,4.899376478877873,4.899376478877873,4.899376478877873,4.899376478877873,4.899376478877873,4.899376478877873,4.899376478877873,4.899376478877873,4.899376478877873,4.899376478877873,4.899376478877873,4.899376478877873,4.899376478877873,4.899376478877873,4.899376478877873,4.899376478877873,4.899376478877873,4.899376478877873,4.899376478877873,4.899376478877873,4.899376478877873,4.899376478877873,4.899376478877873,4.899376478877873,4.899376478877873,4.899376478877873,4.899376478877873,4.899376478877873,4.899376478877873,4.899376478877873,4.899376478877873,4.899376478877873,4.899376478877873,4.899376478877873,4.899376478877873,4.899376478877873,4.899376478877873,4.899376478877873,4.899376478877873,4.899376478877873,4.899376478877873,4.899376478877873,4.899376478877873,4.899376478877873,4.899376478877873,4.899376478877873,4.899376478877873,4.899376478877873,4.899376478877873,4.899376478877873,4.899376478877873,4.899376478877873,4.899376478877873,4.899376478877873,4.899376478877873,4.899376478877873,4.899376478877873,4.899376478877873,4.899376478877873,4.899376478877873,4.899376478877873,4.899376478877873,4.899376478877873,4.899376478877873,4.899376478877873,4.899376478877873,4.899376478877873,4.899376478877873,4.899376478877873,4.899376478877873,4.899376478877873,4.899376478877873,4.899376478877873,4.899376478877873,4.899376478877873,4.899376478877873,4.899376478877873,4.899376478877873,4.899376478877873,4.899376478877873,4.899376478877873,4.899376478877873,4.899376478877873,4.899376478877873,4.899376478877873,4.899376478877873,4.899376478877873,4.899376478877873,4.899376478877873,4.899376478877873,4.899376478877873,4.899376478877873,4.899376478877873,4.899376478877873,4.899376478877873,4.899376478877873,4.899376478877873,4.899376478877873,4.899376478877873,4.899376478877873,4.899376478877873,4.899376478877873,4.899376478877873,4.899376478877873,4.899376478877873,4.899376478877873,4.899376478877873,4.899376478877873,4.899376478877873,4.899376478877873,4.899376478877873,4.899376478877873,4.899376478877873,4.899376478877873,4.899376478877873,4.899376478877873,4.899376478877873,4.899376478877873,4.899376478877873,4.899376478877873,4.899376478877873,4.899376478877873,4.899376478877873,4.899376478877873,4.899376478877873,4.899376478877873,4.899376478877873,4.899376478877873,4.899376478877873,4.899376478877873,4.899376478877873,4.899376478877873,4.899376478877873,4.899376478877873,4.899376478877873,4.899376478877873,4.899376478877873,4.899376478877873,4.899376478877873,4.899376478877873,4.899376478877873,4.899376478877873,4.899376478877873,4.899376478877873,4.899376478877873,4.899376478877873,4.899376478877873,4.899376478877873,4.899376478877873,4.899376478877873,4.899376478877873,4.899376478877873,4.899376478877873,4.899376478877873,4.899376478877873,4.899376478877873,4.899376478877873,4.899376478877873,4.899376478877873,4.899376478877873,4.899376478877873,4.899376478877873,4.899376478877873,4.899376478877873,4.899376478877873,4.899376478877873,4.899376478877873,4.899376478877873,4.899376478877873,4.899376478877873,4.899376478877873,4.899376478877873,4.899376478877873,4.899376478877873,4.899376478877873,4.899376478877873,4.899376478877873,4.899376478877873,4.899376478877873,4.899376478877873,4.899376478877873,4.899376478877873,4.899376478877873,4.899376478877873,4.899376478877873,4.899376478877873,4.899376478877873,4.899376478877873,4.899376478877873,4.899376478877873,4.899376478877873,4.899376478877873,4.899376478877873,4.899376478877873,4.899376478877873,4.899376478877873,4.899376478877873,4.899376478877873,4.899376478877873,4.899376478877873,4.899376478877873,4.899376478877873,4.899376478877873,4.899376478877873,4.899376478877873,4.899376478877873,4.899376478877873,4.899376478877873,4.899376478877873,4.899376478877873,4.899376478877873,4.899376478877873,4.899376478877873,4.899376478877873,4.899376478877873,4.899376478877873,4.899376478877873,4.899376478877873,4.899376478877873,4.899376478877873,4.899376478877873,4.899376478877873,4.899376478877873,4.899376478877873,4.899376478877873,4.899376478877873,4.899376478877873,4.899376478877873,4.899376478877873,4.899376478877873,4.899376478877873,4.899376478877873,4.899376478877873,4.899376478877873,4.899376478877873,4.899376478877873,4.899376478877873,4.899376478877873,4.899376478877873,4.899376478877873,4.899376478877873,4.899376478877873,4.899376478877873,4.899376478877873,4.899376478877873,4.899376478877873,4.899376478877873,4.899376478877873,4.899376478877873,4.899376478877873,4.899376478877873,4.899376478877873,4.899376478877873,4.899376478877873,4.899376478877873,4.899376478877873,4.899376478877873,4.899376478877873,4.899376478877873,4.899376478877873,4.899376478877873,4.899376478877873,4.899376478877873,4.899376478877873,4.899376478877873,4.899376478877873,4.899376478877873,4.899376478877873,4.899376478877873,4.899376478877873,4.899376478877873,4.899376478877873,4.899376478877873,4.899376478877873,4.899376478877873,4.899376478877873,4.899376478877873,4.899376478877873,4.899376478877873,4.899376478877873,4.899376478877873,4.899376478877873,4.899376478877873,4.899376478877873,4.899376478877873,4.899376478877873,4.899376478877873,4.899376478877873,4.899376478877873,4.899376478877873,4.899376478877873,4.899376478877873,4.899376478877873,4.899376478877873,4.899376478877873,4.899376478877873,4.899376478877873,4.899376478877873,4.899376478877873,4.899376478877873,4.899376478877873,4.899376478877873,4.899376478877873,4.899376478877873,4.899376478877873,4.899376478877873,4.899376478877873,4.899376478877873,4.899376478877873,4.899376478877873,4.899376478877873,4.899376478877873,4.899376478877873,4.899376478877873,4.899376478877873,4.899376478877873,4.899376478877873,4.899376478877873,4.899376478877873,4.899376478877873,4.899376478877873,4.899376478877873,4.899376478877873,4.899376478877873,4.899376478877873,4.899376478877873,4.899376478877873,4.899376478877873,4.899376478877873,4.899376478877873,4.899376478877873,4.899376478877873,4.899376478877873,4.899376478877873,4.899376478877873,4.899376478877873,4.899376478877873,4.899376478877873,4.899376478877873,4.899376478877873,4.899376478877873,4.899376478877873,4.899376478877873,4.899376478877873,4.899376478877873,4.899376478877873,4.899376478877873,4.899376478877873,4.899376478877873,4.899376478877873,4.899376478877873,4.899376478877873,4.899376478877873,4.899376478877873,4.899376478877873,4.899376478877873,4.899376478877873,4.899376478877873,4.899376478877873,4.899376478877873,4.899376478877873,4.899376478877873,4.899376478877873,4.899376478877873,4.899376478877873,4.899376478877873,4.899376478877873,4.899376478877873,4.899376478877873,4.899376478877873,4.899376478877873,4.899376478877873,4.899376478877873,4.899376478877873,4.899376478877873,4.899376478877873,4.899376478877873,4.899376478877873,4.899376478877873,4.899376478877873,4.899376478877873,4.899376478877873,4.899376478877873,4.899376478877873,4.899376478877873,4.899376478877873,4.899376478877873,4.899376478877873,4.899376478877873,4.899376478877873,4.899376478877873,4.899376478877873,4.899376478877873,4.899376478877873,4.899376478877873,4.899376478877873,4.899376478877873,4.899376478877873,4.899376478877873,4.899376478877873,4.899376478877873,4.899376478877873,4.899376478877873,4.899376478877873,4.899376478877873,4.899376478877873,4.899376478877873,4.899376478877873,4.899376478877873,4.899376478877873,4.899376478877873,4.899376478877873,4.899376478877873,4.899376478877873,4.899376478877873,4.899376478877873,4.899376478877873,4.899376478877873,4.899376478877873,4.899376478877873,4.899376478877873,4.899376478877873,4.899376478877873,4.899376478877873,4.899376478877873,4.899376478877873,4.899376478877873,4.899376478877873,4.899376478877873,4.899376478877873,4.899376478877873,4.899376478877873,4.899376478877873,4.899376478877873,4.899376478877873,4.899376478877873,4.899376478877873,4.899376478877873,4.899376478877873,4.899376478877873,4.899376478877873,4.899376478877873,4.899376478877873,4.899376478877873,4.899376478877873,4.899376478877873,4.899376478877873,4.899376478877873,4.899376478877873,4.899376478877873,4.899376478877873,4.899376478877873,4.899376478877873,4.899376478877873,4.899376478877873,4.899376478877873,4.899376478877873,4.899376478877873,4.899376478877873,4.899376478877873,4.899376478877873,4.899376478877873,4.899376478877873,4.899376478877873,4.899376478877873,4.899376478877873,4.899376478877873,4.899376478877873,4.899376478877873,4.899376478877873,4.899376478877873,4.899376478877873,4.899376478877873,4.899376478877873,4.899376478877873,4.899376478877873,4.899376478877873,4.899376478877873,4.899376478877873,4.899376478877873,4.899376478877873,4.899376478877873,4.899376478877873,4.899376478877873,4.899376478877873,4.899376478877873,4.899376478877873,4.899376478877873,4.899376478877873,4.899376478877873,4.899376478877873,4.899376478877873,4.899376478877873,4.899376478877873,4.899376478877873,4.899376478877873,4.899376478877873,4.899376478877873,4.899376478877873,4.899376478877873,4.899376478877873,4.899376478877873,4.899376478877873,4.899376478877873,4.899376478877873,4.899376478877873,4.899376478877873,4.899376478877873,4.899376478877873,4.899376478877873,4.899376478877873,4.899376478877873,4.899376478877873,4.899376478877873,4.899376478877873,4.899376478877873,4.899376478877873,4.899376478877873,4.899376478877873,4.899376478877873,4.899376478877873,4.899376478877873,4.899376478877873,4.899376478877873,4.899376478877873,4.899376478877873,4.899376478877873,4.899376478877873,4.899376478877873,4.899376478877873,4.899376478877873,4.899376478877873,4.899376478877873,4.899376478877873,4.899376478877873,4.899376478877873,4.899376478877873,4.899376478877873,4.899376478877873,4.899376478877873,4.899376478877873,4.899376478877873,4.899376478877873,4.899376478877873,4.899376478877873,4.899376478877873,4.899376478877873,4.899376478877873,4.899376478877873,4.899376478877873,4.899376478877873,4.899376478877873,4.899376478877873,4.899376478877873,4.899376478877873,4.899376478877873,4.899376478877873,4.899376478877873,4.899376478877873,4.899376478877873,4.899376478877873,4.899376478877873,4.899376478877873,4.899376478877873,4.899376478877873,4.899376478877873,4.899376478877873,4.899376478877873,4.899376478877873,4.899376478877873,4.899376478877873,4.899376478877873,4.899376478877873,4.899376478877873,4.899376478877873,4.899376478877873,4.899376478877873,4.899376478877873,4.899376478877873,4.899376478877873,4.899376478877873,4.899376478877873,4.899376478877873,4.899376478877873,4.899376478877873,4.899376478877873,4.899376478877873,4.899376478877873,4.899376478877873,4.899376478877873,4.899376478877873,4.899376478877873,4.899376478877873,4.899376478877873,4.899376478877873,4.899376478877873,4.899376478877873,4.899376478877873,4.899376478877873,4.899376478877873,4.899376478877873,4.899376478877873,4.899376478877873,4.899376478877873,4.899376478877873,4.899376478877873,4.899376478877873,4.899376478877873,4.899376478877873,4.899376478877873,4.899376478877873,4.899376478877873,4.899376478877873,4.899376478877873,4.899376478877873,4.899376478877873,4.899376478877873,4.899376478877873,4.899376478877873,4.899376478877873,4.899376478877873,4.899376478877873,4.899376478877873,4.899376478877873,4.899376478877873,4.899376478877873,4.899376478877873,4.899376478877873,4.899376478877873,4.899376478877873,4.899376478877873,4.899376478877873,4.899376478877873,4.899376478877873,4.899376478877873,4.899376478877873,4.899376478877873,4.899376478877873,4.899376478877873,4.899376478877873,4.899376478877873,4.899376478877873,4.899376478877873,4.899376478877873,4.899376478877873,4.899376478877873,4.899376478877873,4.899376478877873,4.899376478877873,4.899376478877873,4.899376478877873,4.899376478877873,4.899376478877873,4.899376478877873,4.899376478877873,4.899376478877873,4.899376478877873,4.899376478877873,4.899376478877873,4.899376478877873,4.899376478877873,4.899376478877873,4.899376478877873,4.899376478877873,4.899376478877873,4.899376478877873,4.899376478877873,4.899376478877873,4.899376478877873,4.899376478877873,4.899376478877873,4.899376478877873,4.899376478877873,4.899376478877873,4.899376478877873,4.899376478877873,4.899376478877873,4.899376478877873,4.899376478877873,4.899376478877873,4.899376478877873,4.899376478877873,4.899376478877873,4.899376478877873,4.899376478877873,4.899376478877873,4.899376478877873,4.899376478877873,4.899376478877873,4.899376478877873,4.899376478877873,4.899376478877873,4.899376478877873,4.899376478877873,4.899376478877873,4.899376478877873,4.899376478877873,4.899376478877873,4.899376478877873,4.899376478877873,4.899376478877873,4.899376478877873,4.899376478877873,4.899376478877873,4.899376478877873,4.899376478877873,4.899376478877873,4.899376478877873,4.899376478877873,4.899376478877873,4.899376478877873,4.899376478877873,4.899376478877873,4.899376478877873,4.899376478877873,8.744879337690204,7.38566547292875,7.38566547292875,7.38566547292875,6.856251829565349,6.561557395882122,6.561557395882122,6.561557395882122,6.561557395882122,6.537442463698871,6.537442463698871,6.537442463698871,6.537442463698871,6.537442463698871,6.537442463698871,6.537442463698871,6.537442463698871,6.537442463698871,6.537442463698871,6.537442463698871,6.537442463698871,6.537442463698871,6.537442463698871,6.537442463698871,6.537442463698871,6.537442463698871,6.537442463698871,6.537442463698871,6.537442463698871,6.537442463698871,6.537442463698871,6.537442463698871,6.2789104438984795,6.2789104438984795,6.2789104438984795,6.2789104438984795,6.2789104438984795,6.2789104438984795,6.2789104438984795,6.2789104438984795,6.2789104438984795,6.2789104438984795,6.2789104438984795,6.2789104438984795,6.2789104438984795,6.2789104438984795,6.2789104438984795,6.2789104438984795,6.2789104438984795,6.2789104438984795,6.2789104438984795,6.2789104438984795,6.2789104438984795,6.2789104438984795,6.2789104438984795,6.2789104438984795,6.2789104438984795,6.2789104438984795,6.2789104438984795,6.2789104438984795,6.2789104438984795,6.2789104438984795,6.2789104438984795,6.2789104438984795,6.2789104438984795,6.2789104438984795,6.2789104438984795,6.2789104438984795,6.2789104438984795,6.2789104438984795,6.2789104438984795,6.2789104438984795,6.2789104438984795,6.2789104438984795,6.2789104438984795,6.2789104438984795,6.2789104438984795,6.2789104438984795,6.2789104438984795,6.2789104438984795,6.2789104438984795,6.2789104438984795,6.2789104438984795,6.2789104438984795,6.2789104438984795,6.2789104438984795,6.2789104438984795,6.2789104438984795,6.2789104438984795,6.2789104438984795,6.2789104438984795,6.2789104438984795,6.2789104438984795,6.2789104438984795,6.2789104438984795,6.2789104438984795,6.2789104438984795,6.2789104438984795,6.2789104438984795,6.2789104438984795,6.2789104438984795,6.2789104438984795,6.2789104438984795,6.2789104438984795,6.2789104438984795,6.2789104438984795,6.2789104438984795,6.2789104438984795,6.2789104438984795,6.2789104438984795,6.2789104438984795,6.2789104438984795,6.2789104438984795,6.2789104438984795,6.2789104438984795,6.2789104438984795,6.2789104438984795,6.2789104438984795,6.2789104438984795,6.2789104438984795,6.2789104438984795,6.2789104438984795,6.2789104438984795,6.2789104438984795,6.2789104438984795,6.2789104438984795,6.2789104438984795,6.2789104438984795,6.2789104438984795,6.2789104438984795,6.2789104438984795,6.2789104438984795,6.2789104438984795,6.2789104438984795,6.2789104438984795,6.2789104438984795,6.2789104438984795,6.2789104438984795,6.2789104438984795,6.2789104438984795,6.2789104438984795,6.2789104438984795,6.2789104438984795,6.2789104438984795,6.2789104438984795,6.2789104438984795,6.2789104438984795,6.2789104438984795,6.2789104438984795,6.2789104438984795,6.2789104438984795,6.2789104438984795,6.2789104438984795,6.2789104438984795,6.2789104438984795,6.2789104438984795,6.2789104438984795,6.2789104438984795,6.2789104438984795,6.2789104438984795,6.2789104438984795,6.2789104438984795,6.2789104438984795,6.2789104438984795,6.2789104438984795,6.2789104438984795,6.2789104438984795,6.2789104438984795,6.2789104438984795,6.2789104438984795,6.2789104438984795,6.2789104438984795,6.2789104438984795,6.2789104438984795,6.2789104438984795,6.2789104438984795,6.2789104438984795,6.2789104438984795,6.2789104438984795,6.2789104438984795,6.2789104438984795,6.2789104438984795,6.2789104438984795,6.2789104438984795,6.2789104438984795,6.2789104438984795,6.2789104438984795,6.2789104438984795,6.2789104438984795,6.2789104438984795,6.2789104438984795,6.2789104438984795,6.2789104438984795,6.2789104438984795,6.2789104438984795,6.2789104438984795,6.2789104438984795,6.2789104438984795,6.2789104438984795,6.2789104438984795,6.2789104438984795,6.2789104438984795,6.2789104438984795,6.2789104438984795,6.2789104438984795,6.2789104438984795,6.2789104438984795,6.2789104438984795,6.20030550570253,6.20030550570253,6.20030550570253,6.20030550570253,6.20030550570253,6.20030550570253,6.20030550570253,6.20030550570253,6.20030550570253,6.20030550570253,6.20030550570253,6.20030550570253,6.20030550570253,6.20030550570253,6.20030550570253,6.20030550570253,6.20030550570253,6.20030550570253,6.20030550570253,6.20030550570253,6.20030550570253,6.20030550570253,6.20030550570253,6.20030550570253,6.20030550570253,6.20030550570253,6.20030550570253,6.20030550570253,6.20030550570253,6.20030550570253,6.20030550570253,6.20030550570253,6.20030550570253,6.20030550570253,6.20030550570253,6.20030550570253,6.20030550570253,6.20030550570253,6.20030550570253,6.20030550570253,6.20030550570253,6.20030550570253,6.20030550570253,6.20030550570253,6.20030550570253,6.20030550570253,6.20030550570253,6.20030550570253,6.20030550570253,6.20030550570253,6.20030550570253,6.20030550570253,6.20030550570253,6.20030550570253,6.20030550570253,6.20030550570253,6.20030550570253,6.20030550570253,6.20030550570253,6.20030550570253,6.20030550570253,6.20030550570253,6.20030550570253,6.20030550570253,6.20030550570253,6.20030550570253,6.20030550570253,6.20030550570253,6.20030550570253,6.20030550570253,6.20030550570253,6.20030550570253,6.20030550570253,6.20030550570253,6.20030550570253,6.20030550570253,6.20030550570253,6.20030550570253,6.20030550570253,6.20030550570253,6.20030550570253,6.20030550570253,6.20030550570253,6.20030550570253,6.20030550570253,6.20030550570253,6.20030550570253,6.20030550570253,6.20030550570253,6.20030550570253,6.20030550570253,6.20030550570253,6.20030550570253,6.20030550570253,6.20030550570253,6.20030550570253,6.20030550570253,6.20030550570253,6.20030550570253,6.20030550570253,6.20030550570253,6.20030550570253,6.20030550570253,6.20030550570253,6.20030550570253,6.20030550570253,6.20030550570253,6.20030550570253,6.20030550570253,6.20030550570253,6.20030550570253,6.20030550570253,6.20030550570253,6.20030550570253,6.20030550570253,6.20030550570253,6.20030550570253,6.20030550570253,6.20030550570253,6.20030550570253,6.20030550570253,6.20030550570253,6.20030550570253,6.20030550570253,6.20030550570253,6.20030550570253,6.20030550570253,6.20030550570253,6.20030550570253,6.20030550570253,6.20030550570253,6.20030550570253,6.20030550570253,6.20030550570253,6.20030550570253,6.20030550570253,6.20030550570253,6.20030550570253,6.20030550570253,6.20030550570253,6.20030550570253,6.20030550570253,6.20030550570253,6.20030550570253,6.20030550570253,6.20030550570253,6.20030550570253,6.20030550570253,6.20030550570253,6.20030550570253,6.20030550570253,6.20030550570253,6.20030550570253,6.20030550570253,6.20030550570253,6.20030550570253,6.20030550570253,6.20030550570253,6.20030550570253,6.20030550570253,6.20030550570253,6.20030550570253,6.20030550570253,6.026515141965466,6.026515141965466,6.026515141965466,6.026515141965466,6.026515141965466,6.026515141965466,6.026515141965466,5.699730200209334,5.699730200209334,5.699730200209334,5.699730200209334,5.699730200209334,5.699730200209334,5.699730200209334,5.699730200209334,5.699730200209334,5.699730200209334,5.699730200209334,5.699730200209334,5.699730200209334,5.699730200209334,5.699730200209334,5.699730200209334,5.699730200209334,5.699730200209334,5.699730200209334,5.699730200209334,5.699730200209334,5.699730200209334,5.699730200209334,5.699730200209334,5.699730200209334,5.699730200209334,5.699730200209334,5.699730200209334,5.699730200209334,5.699730200209334,5.699730200209334,5.699730200209334,5.699730200209334,5.699730200209334,5.699730200209334,5.699730200209334,5.699730200209334,5.699730200209334,5.699730200209334,5.699730200209334,5.699730200209334,5.699730200209334,5.699730200209334,5.699730200209334,5.699730200209334,5.699730200209334,5.699730200209334,5.699730200209334,5.699730200209334,5.699730200209334,5.699730200209334,5.699730200209334,5.699730200209334,5.699730200209334,5.699730200209334,5.699730200209334,5.699730200209334,5.699730200209334,5.699730200209334,5.699730200209334,5.699730200209334,5.699730200209334,5.699730200209334,5.699730200209334,5.699730200209334,5.699730200209334,5.699730200209334,5.699730200209334,5.699730200209334,5.699730200209334,5.699730200209334,5.699730200209334,5.699730200209334,5.699730200209334,5.699730200209334,5.699730200209334,5.699730200209334,5.699730200209334,5.699730200209334,5.699730200209334,5.699730200209334,5.699730200209334,5.699730200209334,5.699730200209334,5.699730200209334,5.699730200209334,5.699730200209334,5.699730200209334,5.699730200209334,5.699730200209334,5.699730200209334,5.699730200209334,5.699730200209334,5.699730200209334,5.699730200209334,5.699730200209334,5.699730200209334,5.699730200209334,5.699730200209334,5.699730200209334,5.699730200209334,5.699730200209334,5.699730200209334,5.699730200209334,5.699730200209334,5.699730200209334,5.699730200209334,5.699730200209334,5.699730200209334,5.699730200209334,5.699730200209334,5.699730200209334,5.699730200209334,5.699730200209334,5.699730200209334,5.699730200209334,5.699730200209334,5.699730200209334,5.699730200209334,5.699730200209334,5.699730200209334,5.699730200209334,5.699730200209334,5.699730200209334,5.699730200209334,5.699730200209334,5.699730200209334,5.699730200209334,5.699730200209334,5.699730200209334,5.699730200209334,5.699730200209334,5.699730200209334,5.699730200209334,5.699730200209334,5.699730200209334,5.699730200209334,5.699730200209334,5.699730200209334,5.699730200209334,5.699730200209334,5.699730200209334,5.699730200209334,5.699730200209334,5.699730200209334,5.699730200209334,5.699730200209334,5.699730200209334,5.699730200209334,5.699730200209334,5.699730200209334,5.699730200209334,5.699730200209334,5.699730200209334,5.699730200209334,5.699730200209334,5.699730200209334,5.699730200209334,5.699730200209334,5.699730200209334,5.699730200209334,5.699730200209334,5.699730200209334,5.699730200209334,5.699730200209334,5.699730200209334,5.699730200209334,5.699730200209334,5.699730200209334,5.699730200209334,5.699730200209334,5.699730200209334,5.699730200209334,5.699730200209334,5.699730200209334,5.699730200209334,5.699730200209334,5.699730200209334,5.699730200209334,5.699730200209334,5.699730200209334,5.699730200209334,5.699730200209334,5.699730200209334,5.699730200209334,5.699730200209334,5.699730200209334,5.699730200209334,4.925791127482689,4.925791127482689,4.925791127482689,4.318563594527894,4.318563594527894,4.318563594527894,4.318563594527894,4.318563594527894,4.318563594527894,4.318563594527894,4.318563594527894,4.318563594527894,4.318563594527894,4.318563594527894,4.318563594527894,4.318563594527894,4.318563594527894,4.318563594527894,4.318563594527894,4.318563594527894,4.318563594527894,4.318563594527894,4.318563594527894,4.318563594527894,4.318563594527894,4.318563594527894,4.318563594527894,4.318563594527894,4.318563594527894,4.318563594527894,4.318563594527894,4.318563594527894,4.318563594527894,4.318563594527894,4.318563594527894,4.318563594527894,4.318563594527894,4.318563594527894,4.318563594527894,4.318563594527894,4.318563594527894,4.318563594527894,4.318563594527894,4.318563594527894,4.318563594527894,4.318563594527894,4.318563594527894,4.318563594527894,4.318563594527894,4.318563594527894,4.318563594527894,4.318563594527894,4.318563594527894,4.318563594527894,4.318563594527894,4.318563594527894,4.318563594527894,4.318563594527894,4.318563594527894,4.318563594527894,4.318563594527894,4.318563594527894,4.318563594527894,4.318563594527894,4.318563594527894,4.318563594527894,4.318563594527894,4.318563594527894,4.318563594527894,4.318563594527894,4.318563594527894,4.318563594527894,4.318563594527894,4.318563594527894,4.318563594527894,4.318563594527894,4.318563594527894,4.318563594527894,4.318563594527894,4.318563594527894,4.318563594527894,4.318563594527894,4.318563594527894,4.318563594527894,4.318563594527894,4.318563594527894,4.318563594527894,4.318563594527894,4.318563594527894,4.318563594527894,4.318563594527894,4.318563594527894,4.318563594527894,4.318563594527894,4.318563594527894,4.318563594527894,4.318563594527894,4.318563594527894,4.318563594527894,4.318563594527894,4.318563594527894,4.318563594527894,4.318563594527894,4.318563594527894,4.318563594527894,4.318563594527894,4.318563594527894,4.318563594527894,4.318563594527894,4.318563594527894,4.318563594527894,4.318563594527894,4.318563594527894,4.318563594527894,4.318563594527894,4.318563594527894,4.318563594527894,4.318563594527894,4.318563594527894,4.318563594527894,4.318563594527894,4.318563594527894,4.318563594527894,4.318563594527894,4.318563594527894,4.318563594527894,4.318563594527894,4.318563594527894,4.318563594527894,4.318563594527894,4.318563594527894,4.318563594527894,4.318563594527894,4.318563594527894,4.318563594527894,4.318563594527894,4.318563594527894,4.318563594527894,4.318563594527894,4.318563594527894,4.318563594527894,4.318563594527894,4.318563594527894,4.318563594527894,4.318563594527894,4.318563594527894,4.318563594527894,4.318563594527894,4.318563594527894,4.318563594527894,4.318563594527894,4.318563594527894,4.318563594527894,4.318563594527894,4.318563594527894,4.318563594527894,4.318563594527894,4.318563594527894,4.318563594527894,4.318563594527894,4.318563594527894,4.318563594527894,4.318563594527894,4.318563594527894,4.318563594527894,4.318563594527894,4.318563594527894,4.318563594527894,4.318563594527894,4.318563594527894,4.318563594527894,4.318563594527894,4.318563594527894,4.318563594527894,4.318563594527894,4.318563594527894,4.318563594527894,4.318563594527894,4.318563594527894,4.318563594527894,4.318563594527894,4.318563594527894,4.318563594527894,4.318563594527894,4.318563594527894,4.318563594527894,4.318563594527894,4.318563594527894,4.318563594527894,4.318563594527894,4.318563594527894,4.318563594527894,4.318563594527894,4.318563594527894,4.318563594527894,4.318563594527894,4.318563594527894,4.318563594527894,4.318563594527894,4.318563594527894,4.318563594527894,4.318563594527894,4.318563594527894,4.318563594527894,4.318563594527894,4.318563594527894,4.318563594527894,4.318563594527894,4.318563594527894,4.318563594527894,4.318563594527894,4.318563594527894,4.318563594527894,4.318563594527894,4.318563594527894,4.318563594527894,4.318563594527894,4.318563594527894,4.318563594527894,4.318563594527894,4.318563594527894,4.318563594527894,4.318563594527894,4.318563594527894,4.318563594527894,4.318563594527894,4.318563594527894,4.318563594527894,4.318563594527894,4.318563594527894,4.318563594527894,4.318563594527894,4.318563594527894,4.318563594527894,4.318563594527894,4.318563594527894,4.318563594527894,4.318563594527894,4.318563594527894,4.318563594527894,4.318563594527894,4.318563594527894,4.318563594527894,4.318563594527894,4.318563594527894,4.318563594527894,4.318563594527894,4.318563594527894,4.318563594527894,4.318563594527894,4.318563594527894,4.318563594527894,4.318563594527894,4.318563594527894,4.318563594527894,4.318563594527894,4.318563594527894,4.318563594527894,4.318563594527894,4.318563594527894,4.318563594527894,4.318563594527894,4.318563594527894,4.318563594527894,4.318563594527894,4.318563594527894,4.318563594527894,4.318563594527894,4.318563594527894,4.318563594527894,4.318563594527894,4.318563594527894,4.318563594527894,4.318563594527894,4.318563594527894,4.318563594527894,4.318563594527894,4.318563594527894,4.318563594527894,4.318563594527894,4.318563594527894,4.318563594527894,4.318563594527894,4.318563594527894,4.318563594527894,4.318563594527894,4.318563594527894,4.318563594527894,4.318563594527894,4.318563594527894,4.318563594527894,4.318563594527894,4.318563594527894,4.318563594527894,4.318563594527894,4.318563594527894,4.318563594527894,4.318563594527894,4.318563594527894,4.318563594527894,4.318563594527894,4.318563594527894,4.318563594527894,4.318563594527894,4.318563594527894,4.318563594527894,4.318563594527894,4.318563594527894,4.318563594527894,4.318563594527894,4.318563594527894,4.318563594527894,4.318563594527894,4.318563594527894,4.318563594527894,4.318563594527894,4.318563594527894,4.318563594527894,4.318563594527894,4.318563594527894,4.318563594527894,4.318563594527894,4.318563594527894,4.318563594527894,4.318563594527894,4.318563594527894,4.318563594527894,4.318563594527894,4.318563594527894,4.318563594527894,4.318563594527894,4.318563594527894,4.318563594527894,4.318563594527894,4.318563594527894,4.318563594527894,4.318563594527894,4.318563594527894,4.318563594527894,4.318563594527894,4.318563594527894,4.318563594527894,4.318563594527894,4.318563594527894,4.318563594527894,4.318563594527894,4.318563594527894,4.318563594527894,4.318563594527894,4.318563594527894,4.318563594527894,4.318563594527894,4.318563594527894,4.318563594527894,4.318563594527894,4.318563594527894,4.318563594527894,4.318563594527894,4.318563594527894,4.318563594527894,4.318563594527894,4.318563594527894,4.318563594527894,4.318563594527894,4.318563594527894,4.318563594527894,4.318563594527894,4.318563594527894,4.318563594527894,4.318563594527894,4.318563594527894,4.318563594527894,4.318563594527894,4.318563594527894,4.318563594527894,4.318563594527894,4.318563594527894,4.318563594527894,4.318563594527894,4.318563594527894,4.318563594527894,4.318563594527894,4.318563594527894,4.318563594527894,4.318563594527894,4.318563594527894,4.318563594527894,4.318563594527894,4.318563594527894,4.318563594527894,4.318563594527894,4.318563594527894,4.318563594527894,4.318563594527894,4.318563594527894,4.318563594527894,4.318563594527894,4.318563594527894,4.318563594527894,4.318563594527894,4.318563594527894,4.318563594527894,4.318563594527894,4.318563594527894,4.318563594527894,4.318563594527894,4.318563594527894,4.318563594527894,4.318563594527894,4.318563594527894,4.318563594527894,4.318563594527894,4.318563594527894,4.318563594527894,4.318563594527894,4.318563594527894,4.318563594527894,4.318563594527894,4.318563594527894,4.318563594527894,4.318563594527894,4.318563594527894,4.318563594527894,4.318563594527894,4.318563594527894,4.318563594527894,4.318563594527894,4.318563594527894,4.318563594527894,4.318563594527894,4.318563594527894,4.318563594527894,4.318563594527894,4.318563594527894,8.476518032211185,6.6927447190675275,6.6927447190675275,6.673791780665041,6.673791780665041,6.673791780665041,6.633195516838231,6.580821762813099,6.580821762813099,6.580821762813099,5.988280056979861,5.988280056979861,5.988280056979861,5.988280056979861,5.988280056979861,5.988280056979861,5.988280056979861,5.988280056979861,5.988280056979861,5.988280056979861,5.988280056979861,5.988280056979861,5.988280056979861,5.988280056979861,5.988280056979861,5.988280056979861,5.988280056979861,5.988280056979861,5.988280056979861,5.988280056979861,5.988280056979861,5.988280056979861,5.988280056979861,5.988280056979861,5.988280056979861,5.988280056979861,5.988280056979861,5.988280056979861,5.988280056979861,5.988280056979861,5.988280056979861,5.988280056979861,5.988280056979861,5.988280056979861,5.988280056979861,5.988280056979861,5.988280056979861,5.988280056979861,5.988280056979861,5.988280056979861,5.988280056979861,5.988280056979861,5.988280056979861,5.988280056979861,5.988280056979861,5.988280056979861,5.988280056979861,5.988280056979861,5.988280056979861,5.988280056979861,5.988280056979861,5.988280056979861,5.988280056979861,5.988280056979861,5.988280056979861,5.988280056979861,5.988280056979861,5.988280056979861,5.988280056979861,5.988280056979861,5.988280056979861,5.988280056979861,5.988280056979861,5.988280056979861,5.988280056979861,5.988280056979861,5.988280056979861,5.988280056979861,5.988280056979861,5.988280056979861,5.988280056979861,5.988280056979861,5.988280056979861,5.988280056979861,5.988280056979861,5.988280056979861,5.988280056979861,5.988280056979861,5.988280056979861,5.988280056979861,5.988280056979861,5.988280056979861,5.988280056979861,5.988280056979861,5.988280056979861,5.988280056979861,5.988280056979861,5.988280056979861,5.988280056979861,5.988280056979861,5.988280056979861,5.988280056979861,5.988280056979861,5.988280056979861,5.988280056979861,5.988280056979861,5.988280056979861,5.988280056979861,5.988280056979861,5.988280056979861,5.988280056979861,5.988280056979861,5.988280056979861,5.988280056979861,5.988280056979861,5.988280056979861,5.988280056979861,5.988280056979861,5.988280056979861,5.988280056979861,5.988280056979861,5.988280056979861,5.988280056979861,5.988280056979861,5.988280056979861,5.988280056979861,5.988280056979861,5.988280056979861,5.988280056979861,5.988280056979861,5.988280056979861,5.988280056979861,5.988280056979861,5.988280056979861,5.988280056979861,5.988280056979861,5.988280056979861,5.988280056979861,5.988280056979861,5.988280056979861,5.988280056979861,5.988280056979861,5.988280056979861,5.988280056979861,5.988280056979861,5.988280056979861,5.988280056979861,5.988280056979861,5.988280056979861,5.988280056979861,5.988280056979861,5.988280056979861,5.988280056979861,5.988280056979861,5.988280056979861,5.988280056979861,5.988280056979861,5.988280056979861,5.988280056979861,5.988280056979861,5.988280056979861,5.988280056979861,5.988280056979861,5.988280056979861,5.988280056979861,5.988280056979861,5.988280056979861,5.988280056979861,5.988280056979861,5.988280056979861,5.988280056979861,5.988280056979861,5.988280056979861,5.988280056979861,5.988280056979861,5.988280056979861,5.988280056979861,5.988280056979861,5.988280056979861,5.988280056979861,5.988280056979861,5.988280056979861,5.988280056979861,5.988280056979861,5.988280056979861,5.988280056979861,5.988280056979861,5.988280056979861,5.988280056979861,5.988280056979861,5.988280056979861,5.988280056979861,5.988280056979861,5.988280056979861,5.988280056979861,5.988280056979861,5.988280056979861,5.988280056979861,5.988280056979861,5.988280056979861,5.988280056979861,5.988280056979861,5.988280056979861,5.988280056979861,5.988280056979861,5.988280056979861,5.988280056979861,5.988280056979861,5.988280056979861,5.988280056979861,5.988280056979861,5.988280056979861,5.988280056979861,5.988280056979861,5.988280056979861,5.988280056979861,5.988280056979861,5.988280056979861,5.988280056979861,5.988280056979861,5.988280056979861,5.988280056979861,5.988280056979861,5.988280056979861,5.988280056979861,5.988280056979861,5.988280056979861,5.988280056979861,5.988280056979861,5.988280056979861,5.564025610095021,5.564025610095021,5.564025610095021,5.564025610095021,5.564025610095021,5.564025610095021,5.564025610095021,5.564025610095021,5.564025610095021,5.564025610095021,5.564025610095021,5.564025610095021,5.564025610095021,5.564025610095021,5.564025610095021,5.378056686621128,4.699146212913933,4.699146212913933,4.699146212913933,4.699146212913933,4.699146212913933,4.699146212913933,4.699146212913933,4.699146212913933,4.699146212913933,4.699146212913933,4.699146212913933,4.699146212913933,4.699146212913933,4.699146212913933,4.699146212913933,4.699146212913933,4.699146212913933,4.699146212913933,4.699146212913933,4.699146212913933,4.699146212913933,4.699146212913933,4.699146212913933,4.699146212913933,4.699146212913933,4.699146212913933,4.699146212913933,4.699146212913933,4.699146212913933,4.699146212913933,4.699146212913933,4.699146212913933,4.699146212913933,4.699146212913933,4.699146212913933,4.699146212913933,4.699146212913933,4.699146212913933,4.699146212913933,4.699146212913933,4.699146212913933,4.699146212913933,4.699146212913933,4.699146212913933,4.699146212913933,4.699146212913933,4.699146212913933,4.699146212913933,4.699146212913933,4.699146212913933,4.699146212913933,4.699146212913933,4.699146212913933,4.699146212913933,4.699146212913933,4.699146212913933,4.699146212913933,4.699146212913933,4.699146212913933,4.699146212913933,4.699146212913933,4.699146212913933,4.699146212913933,4.699146212913933,4.699146212913933,4.699146212913933,4.699146212913933,4.699146212913933,4.699146212913933,4.699146212913933,4.699146212913933,4.699146212913933,4.699146212913933,4.699146212913933,4.699146212913933,4.699146212913933,4.699146212913933,4.699146212913933,4.699146212913933,4.699146212913933,4.699146212913933,4.699146212913933,4.699146212913933,4.699146212913933,4.699146212913933,4.699146212913933,4.699146212913933,4.699146212913933,4.699146212913933,4.699146212913933,4.699146212913933,4.699146212913933,4.699146212913933,4.699146212913933,4.699146212913933,4.699146212913933,4.699146212913933,4.699146212913933,4.699146212913933,4.699146212913933,4.699146212913933,4.699146212913933,4.699146212913933,4.699146212913933,4.699146212913933,4.699146212913933,4.699146212913933,4.699146212913933,4.699146212913933,4.699146212913933,4.699146212913933,4.699146212913933,4.699146212913933,4.699146212913933,4.699146212913933,4.699146212913933,4.699146212913933,4.699146212913933,4.699146212913933,4.699146212913933,4.699146212913933,4.699146212913933,4.699146212913933,4.699146212913933,4.699146212913933,4.699146212913933,4.699146212913933,4.699146212913933,4.699146212913933,4.699146212913933,4.699146212913933,4.699146212913933,4.699146212913933,4.699146212913933,4.699146212913933,4.699146212913933,4.699146212913933,4.699146212913933,4.699146212913933,4.699146212913933,4.699146212913933,4.699146212913933,4.699146212913933,4.699146212913933,4.699146212913933,4.699146212913933,4.699146212913933,4.699146212913933,4.699146212913933,4.699146212913933,4.699146212913933,4.699146212913933,4.699146212913933,4.699146212913933,4.699146212913933,4.699146212913933,4.699146212913933,4.699146212913933,4.699146212913933,4.699146212913933,4.699146212913933,4.699146212913933,4.699146212913933,4.699146212913933,4.699146212913933,4.699146212913933,4.699146212913933,4.699146212913933,4.699146212913933,4.699146212913933,4.699146212913933,4.699146212913933,4.699146212913933,4.699146212913933,4.699146212913933,4.699146212913933,4.699146212913933,4.699146212913933,4.699146212913933,4.699146212913933,4.699146212913933,4.699146212913933,4.699146212913933,4.699146212913933,4.699146212913933,4.699146212913933,4.699146212913933,4.699146212913933,4.699146212913933,4.699146212913933,4.699146212913933,4.699146212913933,4.699146212913933,4.699146212913933,4.699146212913933,4.699146212913933,4.699146212913933,4.699146212913933,4.699146212913933,4.699146212913933,4.699146212913933,4.699146212913933,4.699146212913933,4.699146212913933,4.699146212913933,4.699146212913933,4.699146212913933,4.699146212913933,4.699146212913933,4.699146212913933,4.699146212913933,4.699146212913933,4.699146212913933,4.699146212913933,4.699146212913933,4.699146212913933,4.699146212913933,4.699146212913933,4.699146212913933,4.699146212913933,4.699146212913933,4.699146212913933,4.699146212913933,4.699146212913933,4.699146212913933,4.699146212913933,4.699146212913933,4.699146212913933,4.699146212913933,4.699146212913933,4.699146212913933,4.699146212913933,4.699146212913933,4.699146212913933,4.699146212913933,4.699146212913933,4.699146212913933,4.699146212913933,4.699146212913933,4.699146212913933,4.699146212913933,4.699146212913933,4.699146212913933,4.699146212913933,4.699146212913933,4.699146212913933,4.699146212913933,4.699146212913933,4.699146212913933,4.699146212913933,4.699146212913933,4.699146212913933,4.699146212913933,4.699146212913933,4.699146212913933,4.699146212913933,4.699146212913933,4.699146212913933,4.699146212913933,4.699146212913933,4.699146212913933,4.699146212913933,4.699146212913933,4.699146212913933,4.699146212913933,4.699146212913933,4.699146212913933,4.699146212913933,4.699146212913933,4.699146212913933,4.699146212913933,4.699146212913933,4.699146212913933,4.699146212913933,4.699146212913933,4.699146212913933,4.699146212913933,4.699146212913933,4.699146212913933,4.699146212913933,4.699146212913933,4.699146212913933,4.699146212913933,4.699146212913933,4.699146212913933,4.699146212913933,4.699146212913933,4.699146212913933,4.699146212913933,4.699146212913933,4.699146212913933,4.699146212913933,4.699146212913933,4.699146212913933,4.699146212913933,4.699146212913933,4.699146212913933,4.699146212913933,4.699146212913933,4.699146212913933,4.699146212913933,4.699146212913933,4.699146212913933,4.699146212913933,4.699146212913933,4.699146212913933,4.699146212913933,4.699146212913933,4.699146212913933,4.699146212913933,4.699146212913933,4.699146212913933,4.699146212913933,4.699146212913933,4.699146212913933,4.699146212913933,4.699146212913933,4.699146212913933,4.699146212913933,4.699146212913933,4.699146212913933,4.699146212913933,4.699146212913933,4.699146212913933,4.699146212913933,4.699146212913933,4.699146212913933,4.699146212913933,4.699146212913933,4.699146212913933,4.699146212913933,4.699146212913933,4.699146212913933,4.699146212913933,4.699146212913933,4.699146212913933,4.699146212913933,4.699146212913933,4.699146212913933,4.699146212913933,4.699146212913933,4.699146212913933,4.699146212913933,4.699146212913933,4.699146212913933,4.699146212913933,4.699146212913933,4.699146212913933,4.699146212913933,4.699146212913933,4.699146212913933,4.699146212913933,4.699146212913933,4.699146212913933,4.699146212913933,4.699146212913933,4.699146212913933,4.699146212913933,4.699146212913933,4.699146212913933,4.699146212913933,4.699146212913933,4.699146212913933,4.699146212913933,4.699146212913933,4.699146212913933,4.699146212913933,4.699146212913933,4.699146212913933,4.699146212913933,4.699146212913933,4.699146212913933,4.699146212913933,4.699146212913933,4.699146212913933,4.699146212913933,4.699146212913933,4.699146212913933,4.699146212913933,4.699146212913933,4.699146212913933,4.699146212913933,4.699146212913933,4.699146212913933,4.699146212913933,4.699146212913933,4.699146212913933,4.699146212913933,4.699146212913933,4.699146212913933,4.699146212913933,4.699146212913933,4.699146212913933,4.699146212913933,4.699146212913933,4.699146212913933,4.699146212913933,4.699146212913933,4.699146212913933,4.699146212913933,4.699146212913933,4.699146212913933,4.699146212913933,4.699146212913933,4.699146212913933,4.699146212913933,4.699146212913933,4.699146212913933,4.699146212913933,4.699146212913933,4.699146212913933,4.699146212913933,4.699146212913933,4.699146212913933,4.699146212913933,4.699146212913933,4.699146212913933,4.699146212913933,4.699146212913933,4.699146212913933,4.699146212913933,4.699146212913933,4.699146212913933,4.699146212913933,4.699146212913933,4.699146212913933,4.699146212913933,4.699146212913933,4.699146212913933,4.699146212913933,4.699146212913933,4.699146212913933,4.699146212913933,4.699146212913933,4.699146212913933,4.699146212913933,4.699146212913933,4.699146212913933,4.699146212913933,4.699146212913933,4.699146212913933,4.699146212913933,4.699146212913933,4.699146212913933,4.699146212913933,4.699146212913933,4.699146212913933,4.699146212913933,4.699146212913933,4.699146212913933,4.699146212913933,4.699146212913933,4.699146212913933,4.699146212913933,4.699146212913933,4.699146212913933,4.699146212913933,4.699146212913933,4.699146212913933,4.699146212913933,4.699146212913933,4.699146212913933,4.699146212913933,4.699146212913933,4.699146212913933,4.699146212913933,4.699146212913933,4.699146212913933,4.699146212913933,4.699146212913933,4.699146212913933,4.699146212913933,4.699146212913933,4.699146212913933,4.699146212913933,4.699146212913933,4.699146212913933,4.699146212913933,4.699146212913933,4.699146212913933,4.699146212913933,4.699146212913933,4.699146212913933,4.699146212913933,4.699146212913933,4.699146212913933,4.699146212913933,4.699146212913933,4.699146212913933,4.699146212913933,4.699146212913933,4.699146212913933,4.699146212913933,4.699146212913933,4.699146212913933,4.699146212913933,4.699146212913933,4.699146212913933,4.699146212913933,4.699146212913933,4.699146212913933,4.699146212913933,4.699146212913933,4.699146212913933,4.699146212913933,4.699146212913933,4.699146212913933,4.699146212913933,4.699146212913933,4.699146212913933,4.699146212913933,4.699146212913933,4.699146212913933,4.699146212913933,4.699146212913933,4.699146212913933,4.699146212913933,4.699146212913933,4.699146212913933,4.699146212913933,4.699146212913933,4.699146212913933,4.699146212913933,4.699146212913933,4.699146212913933,4.699146212913933,4.699146212913933,4.699146212913933,4.699146212913933,4.699146212913933,4.699146212913933,4.699146212913933,4.699146212913933,4.699146212913933,4.699146212913933,4.699146212913933,4.699146212913933,4.699146212913933,4.699146212913933,4.699146212913933,4.699146212913933,4.699146212913933,4.699146212913933,4.699146212913933,4.699146212913933,4.699146212913933,4.699146212913933,4.699146212913933,4.699146212913933,4.699146212913933,4.699146212913933,4.699146212913933,4.699146212913933,4.699146212913933,4.699146212913933,4.699146212913933,4.699146212913933,4.699146212913933,4.699146212913933,4.699146212913933,4.699146212913933,4.699146212913933,4.699146212913933,4.699146212913933,4.699146212913933,4.699146212913933,4.699146212913933,4.699146212913933,4.699146212913933,4.699146212913933,4.699146212913933,4.699146212913933,4.699146212913933,4.699146212913933,4.699146212913933,4.699146212913933,4.699146212913933,4.699146212913933,4.699146212913933,4.699146212913933,4.699146212913933,4.699146212913933,4.699146212913933,4.699146212913933,4.699146212913933,4.699146212913933,4.699146212913933,4.699146212913933,4.699146212913933,4.699146212913933,4.699146212913933,4.699146212913933,4.699146212913933,4.699146212913933,4.699146212913933,4.699146212913933,4.699146212913933,4.699146212913933,4.699146212913933,4.699146212913933,4.699146212913933,4.699146212913933,4.699146212913933,4.699146212913933,4.699146212913933,4.699146212913933,4.699146212913933,4.699146212913933,4.699146212913933,4.699146212913933,4.699146212913933,4.699146212913933,4.699146212913933,4.699146212913933,4.699146212913933,4.699146212913933,4.699146212913933,4.699146212913933,4.699146212913933,4.699146212913933,4.699146212913933,4.699146212913933,4.699146212913933,4.699146212913933,4.699146212913933,4.699146212913933,4.699146212913933,4.699146212913933,4.699146212913933,4.699146212913933,4.699146212913933,4.699146212913933,4.699146212913933,4.699146212913933,4.699146212913933,4.699146212913933,4.699146212913933,4.699146212913933,4.699146212913933,4.699146212913933,4.699146212913933,4.699146212913933,4.699146212913933,4.699146212913933,4.699146212913933,4.699146212913933,4.699146212913933,4.699146212913933,4.699146212913933,4.699146212913933,4.699146212913933,4.699146212913933,4.699146212913933,4.699146212913933,4.699146212913933,4.699146212913933,4.699146212913933,4.699146212913933,4.699146212913933,4.699146212913933,4.699146212913933,4.699146212913933,4.699146212913933,4.699146212913933,4.699146212913933,4.699146212913933,4.699146212913933,4.699146212913933,4.699146212913933,4.699146212913933,4.699146212913933,4.699146212913933,4.699146212913933,4.699146212913933,4.699146212913933,4.699146212913933,4.699146212913933,4.699146212913933,4.699146212913933,4.699146212913933,4.699146212913933,4.699146212913933,4.699146212913933,4.699146212913933,4.699146212913933,4.699146212913933,4.699146212913933,4.699146212913933,4.699146212913933,4.699146212913933,4.699146212913933,4.699146212913933,4.699146212913933,4.699146212913933,4.699146212913933,4.699146212913933,4.699146212913933,4.699146212913933,4.699146212913933,4.699146212913933,4.699146212913933,4.699146212913933,4.699146212913933,4.699146212913933,4.699146212913933,4.699146212913933,4.699146212913933,4.699146212913933,4.699146212913933,4.699146212913933,4.699146212913933,4.699146212913933,4.699146212913933,4.699146212913933,4.699146212913933,4.699146212913933,4.699146212913933,4.699146212913933,4.699146212913933,4.699146212913933,4.699146212913933,4.699146212913933,4.699146212913933,4.699146212913933,4.699146212913933,4.699146212913933,4.699146212913933,4.699146212913933,4.699146212913933,4.699146212913933,4.699146212913933,4.699146212913933,4.699146212913933,4.699146212913933,4.699146212913933,4.699146212913933,4.699146212913933,4.699146212913933,4.699146212913933,4.699146212913933,4.699146212913933,4.699146212913933,4.699146212913933,4.699146212913933,4.699146212913933,4.699146212913933,4.699146212913933,4.699146212913933,4.699146212913933,4.699146212913933,4.699146212913933,4.699146212913933,4.699146212913933,4.699146212913933,6.658247630986363,6.658247630986363,6.658247630986363,6.658247630986363,6.431953538953627,6.431953538953627,6.431953538953627,6.431953538953627,6.431953538953627,6.223699101998701,6.223699101998701,6.223699101998701,6.223699101998701,6.223699101998701,6.223699101998701,6.223699101998701,6.223699101998701,6.223699101998701,6.223699101998701,6.223699101998701,6.223699101998701,6.223699101998701,6.223699101998701,6.223699101998701,6.223699101998701,6.223699101998701,6.223699101998701,6.223699101998701,6.223699101998701,6.223699101998701,6.223699101998701,6.223699101998701,6.223699101998701,6.223699101998701,6.223699101998701,6.223699101998701,6.223699101998701,6.223699101998701,6.223699101998701,6.223699101998701,6.223699101998701,6.223699101998701,6.223699101998701,6.223699101998701,6.223699101998701,6.223699101998701,6.223699101998701,6.223699101998701,6.223699101998701,6.223699101998701,6.223699101998701,6.223699101998701,6.223699101998701,6.223699101998701,6.223699101998701,6.223699101998701,6.223699101998701,6.223699101998701,6.223699101998701,6.223699101998701,6.223699101998701,6.223699101998701,6.223699101998701,6.223699101998701,6.223699101998701,6.223699101998701,6.223699101998701,6.223699101998701,6.223699101998701,6.223699101998701,6.223699101998701,6.223699101998701,6.223699101998701,6.223699101998701,6.223699101998701,6.223699101998701,6.223699101998701,6.223699101998701,6.223699101998701,6.223699101998701,6.223699101998701,6.223699101998701,6.223699101998701,6.223699101998701,6.223699101998701,6.223699101998701,6.223699101998701,6.223699101998701,6.223699101998701,6.223699101998701,6.223699101998701,6.223699101998701,6.223699101998701,6.223699101998701,6.223699101998701,6.223699101998701,6.223699101998701,6.223699101998701,6.223699101998701,6.223699101998701,6.223699101998701,6.223699101998701,6.223699101998701,6.223699101998701,6.223699101998701,6.223699101998701,6.223699101998701,6.223699101998701,6.223699101998701,6.223699101998701,6.223699101998701,6.223699101998701,6.223699101998701,6.223699101998701,6.223699101998701,6.223699101998701,6.223699101998701,6.223699101998701,6.223699101998701,6.223699101998701,6.223699101998701,6.223699101998701,6.223699101998701,6.223699101998701,6.223699101998701,6.223699101998701,6.223699101998701,6.223699101998701,6.223699101998701,6.223699101998701,6.223699101998701,6.223699101998701,6.223699101998701,6.223699101998701,6.223699101998701,6.223699101998701,6.223699101998701,6.223699101998701,6.223699101998701,6.223699101998701,6.223699101998701,6.223699101998701,6.223699101998701,6.223699101998701,6.223699101998701,6.223699101998701,6.223699101998701,6.223699101998701,6.223699101998701,6.223699101998701,6.223699101998701,6.223699101998701,6.223699101998701,6.223699101998701,6.223699101998701,6.223699101998701,6.223699101998701,6.223699101998701,6.223699101998701,6.223699101998701,6.223699101998701,6.223699101998701,6.223699101998701,6.223699101998701,6.223699101998701,6.223699101998701,6.223699101998701,6.223699101998701,6.223699101998701,6.223699101998701,6.223699101998701,5.024115109431163,5.024115109431163,5.024115109431163,5.024115109431163,5.024115109431163,5.024115109431163,5.024115109431163,5.024115109431163,5.024115109431163,5.024115109431163,5.024115109431163,5.024115109431163,5.024115109431163,5.024115109431163,5.024115109431163,5.024115109431163,5.024115109431163,5.024115109431163,5.024115109431163,5.024115109431163,5.024115109431163,5.024115109431163,5.024115109431163,5.024115109431163,5.024115109431163,5.024115109431163,5.024115109431163,5.024115109431163,5.024115109431163,5.024115109431163,5.024115109431163,5.024115109431163,5.024115109431163,5.024115109431163,5.024115109431163,5.024115109431163,5.024115109431163,5.024115109431163,5.024115109431163,5.024115109431163,5.024115109431163,5.024115109431163,5.024115109431163,5.024115109431163,4.8663644458716595,4.8663644458716595,4.8663644458716595,4.8663644458716595,4.8663644458716595,4.8663644458716595,4.8663644458716595,4.8663644458716595,4.8663644458716595,4.8663644458716595,4.8663644458716595,4.8663644458716595,4.8663644458716595,4.8663644458716595,4.8663644458716595,4.8663644458716595,4.8663644458716595,4.8663644458716595,4.8663644458716595,4.8663644458716595,4.8663644458716595,4.8663644458716595,4.8663644458716595,4.8663644458716595,4.8663644458716595,4.8663644458716595,4.8663644458716595,4.8663644458716595,4.8663644458716595,4.8663644458716595,4.8663644458716595,4.8663644458716595,4.8663644458716595,4.8663644458716595,4.8663644458716595,4.8663644458716595,4.8663644458716595,4.8663644458716595,4.8663644458716595,4.8663644458716595,4.8663644458716595,4.8663644458716595,4.8663644458716595,4.8663644458716595,4.8663644458716595,4.8663644458716595,4.8663644458716595,4.8663644458716595,4.8663644458716595,4.8663644458716595,4.8663644458716595,4.8663644458716595,4.8663644458716595,4.8663644458716595,4.8663644458716595,4.8663644458716595,4.8663644458716595,4.8663644458716595,4.8663644458716595,4.8663644458716595,4.8663644458716595,4.8663644458716595,4.8663644458716595,4.8663644458716595,4.8663644458716595,4.8663644458716595,4.8663644458716595,4.8663644458716595,4.8663644458716595,4.8663644458716595,4.8663644458716595,4.8663644458716595,4.8663644458716595,4.8663644458716595,4.8663644458716595,4.8663644458716595,4.8663644458716595,4.8663644458716595,4.8663644458716595,4.8663644458716595,4.8663644458716595,4.8663644458716595,4.8663644458716595,4.8663644458716595,4.8663644458716595,4.8663644458716595,4.8663644458716595,4.8663644458716595,4.8663644458716595,4.8663644458716595,4.8663644458716595,4.8663644458716595,4.8663644458716595,4.8663644458716595,4.8663644458716595,4.8663644458716595,4.8663644458716595,4.8663644458716595,4.8663644458716595,4.8663644458716595,4.8663644458716595,4.8663644458716595,4.8663644458716595,4.8663644458716595,4.8663644458716595,4.8663644458716595,4.8663644458716595,4.8663644458716595,4.8663644458716595,4.8663644458716595,4.8663644458716595,4.8663644458716595,4.8663644458716595,4.8663644458716595,4.8663644458716595,4.8663644458716595,4.8663644458716595,4.8663644458716595,4.8663644458716595,4.8663644458716595,4.8663644458716595,4.8663644458716595,4.8663644458716595,4.8663644458716595,4.8663644458716595,4.8663644458716595,4.8663644458716595,4.8663644458716595,4.8663644458716595,4.8663644458716595,4.8663644458716595,4.8663644458716595,4.8663644458716595,4.8663644458716595,4.8663644458716595,4.8663644458716595,4.8663644458716595,4.8663644458716595,4.8663644458716595,4.8663644458716595,4.8663644458716595,4.8663644458716595,4.8663644458716595,4.8663644458716595,4.8663644458716595,4.8663644458716595,4.8663644458716595,4.8663644458716595,4.8663644458716595,4.8663644458716595,4.8663644458716595,4.8663644458716595,4.8663644458716595,4.8663644458716595,4.8663644458716595,4.8663644458716595,4.8663644458716595,4.8663644458716595,4.8663644458716595,4.8663644458716595,4.8663644458716595,4.8663644458716595,4.8663644458716595,4.8663644458716595,4.8663644458716595,4.8663644458716595,4.8663644458716595,4.8663644458716595,4.8663644458716595,4.8663644458716595,4.8663644458716595,4.8663644458716595,4.8663644458716595,4.8663644458716595,4.8663644458716595,4.8663644458716595,4.8663644458716595,4.8663644458716595,4.8663644458716595,4.8663644458716595,4.8663644458716595,4.8663644458716595,4.8663644458716595,4.8663644458716595,4.8663644458716595,4.8663644458716595,4.8663644458716595,4.8663644458716595,4.8663644458716595,4.8663644458716595,4.8663644458716595,4.8663644458716595,4.8663644458716595,4.8663644458716595,4.8663644458716595,4.8663644458716595,4.8663644458716595,4.8663644458716595,4.8663644458716595,4.8663644458716595,4.8663644458716595,4.8663644458716595,4.8663644458716595,4.8663644458716595,4.8663644458716595,4.8663644458716595,4.8663644458716595,4.8663644458716595,4.8663644458716595,4.8663644458716595,4.8663644458716595,4.8663644458716595,4.8663644458716595,4.8663644458716595,4.8663644458716595,4.8663644458716595,4.8663644458716595,4.8663644458716595,4.8663644458716595,4.8663644458716595,4.8663644458716595,4.8663644458716595,4.8663644458716595,4.8663644458716595,4.8663644458716595,4.8663644458716595,4.8663644458716595,4.8663644458716595,4.8663644458716595,4.8663644458716595,4.8663644458716595,4.8663644458716595,4.8663644458716595,4.8663644458716595,4.8663644458716595,4.8663644458716595,4.8663644458716595,4.8663644458716595,4.8663644458716595,4.8663644458716595,4.8663644458716595,4.8663644458716595,4.8663644458716595,4.8663644458716595,4.8663644458716595,4.8663644458716595,4.8663644458716595,4.8663644458716595,4.8663644458716595,4.8663644458716595,4.8663644458716595,4.8663644458716595,4.8663644458716595,4.8663644458716595,4.8663644458716595,4.8663644458716595,4.8663644458716595,4.832521193299211,4.832521193299211,4.832521193299211,4.832521193299211,4.832521193299211,4.832521193299211,4.832521193299211,4.832521193299211,4.832521193299211,4.832521193299211,4.832521193299211,4.699129399599821,4.486003935367715,4.486003935367715,4.486003935367715,3.8928016355599584,3.8928016355599584,3.8522036083405995,3.8522036083405995,3.8522036083405995,3.8522036083405995,3.8522036083405995,3.8522036083405995,3.8522036083405995,3.8522036083405995,3.8522036083405995,3.8522036083405995,3.8522036083405995,3.8522036083405995,3.8522036083405995,3.8522036083405995,3.8522036083405995,3.8522036083405995,3.8522036083405995,3.8522036083405995,3.8522036083405995,3.8522036083405995,3.8522036083405995,3.8522036083405995,3.8522036083405995,3.8522036083405995,3.8522036083405995,3.8522036083405995,3.8522036083405995,3.8522036083405995,3.8522036083405995,3.8522036083405995,3.8522036083405995,3.8522036083405995,3.8522036083405995,3.8522036083405995,3.8522036083405995,3.8522036083405995,3.8522036083405995,3.8522036083405995,3.8522036083405995,3.8522036083405995,3.8522036083405995,3.8522036083405995,3.8522036083405995,3.8522036083405995,3.8522036083405995,3.8522036083405995,3.8522036083405995,3.8522036083405995,3.8522036083405995,3.8522036083405995,3.8522036083405995,3.8522036083405995,3.8522036083405995,3.8522036083405995,3.8522036083405995,3.8522036083405995,3.8522036083405995,3.8522036083405995,3.8522036083405995,3.8522036083405995,3.8522036083405995,3.8522036083405995,3.8522036083405995,3.8522036083405995,3.8522036083405995,3.8522036083405995,3.8522036083405995,3.8522036083405995,3.8522036083405995,3.8522036083405995,3.8522036083405995,3.8522036083405995,3.8522036083405995,3.8522036083405995,3.8522036083405995,3.8522036083405995,3.8522036083405995,3.8522036083405995,3.8522036083405995,3.8522036083405995,3.8522036083405995,3.8522036083405995,3.8522036083405995,3.8522036083405995,3.8522036083405995,3.8522036083405995,3.8522036083405995,3.8522036083405995,3.8522036083405995,3.8522036083405995,3.8522036083405995,3.8522036083405995,3.8522036083405995,3.8522036083405995,3.8522036083405995,3.8522036083405995,3.8522036083405995,3.8522036083405995,3.8522036083405995,3.8522036083405995,3.8522036083405995,3.8522036083405995,3.8522036083405995,3.8522036083405995,3.8522036083405995,3.8522036083405995,3.8522036083405995,3.8522036083405995,3.8522036083405995,3.8522036083405995,3.8522036083405995,3.8522036083405995,3.8522036083405995,3.8522036083405995,3.8522036083405995,3.8522036083405995,3.8522036083405995,3.8522036083405995,3.8522036083405995,3.8522036083405995,3.8522036083405995,3.8522036083405995,3.8522036083405995,3.8522036083405995,3.8522036083405995,3.8522036083405995,3.8522036083405995,3.8522036083405995,3.8522036083405995,3.8522036083405995,3.8522036083405995,3.8522036083405995,3.8522036083405995,3.8522036083405995,3.8522036083405995,3.8385177226168197,3.8285059745984453,3.8285059745984453,3.8285059745984453,3.8285059745984453,3.8285059745984453,3.8285059745984453,3.8285059745984453,3.8285059745984453,3.8285059745984453,3.8285059745984453,3.8285059745984453,3.8285059745984453,3.8285059745984453,3.8285059745984453,3.8285059745984453,3.8285059745984453,3.8285059745984453,3.8285059745984453,3.8285059745984453,3.8285059745984453,3.8285059745984453,3.8285059745984453,3.8285059745984453,3.8285059745984453,3.8285059745984453,3.8285059745984453,3.8285059745984453,3.8285059745984453,3.8285059745984453,3.8285059745984453,3.8285059745984453,3.8285059745984453,3.8285059745984453,3.8285059745984453,3.8285059745984453,3.8285059745984453,3.8285059745984453,3.8285059745984453,3.8285059745984453,3.8285059745984453,3.8285059745984453,3.8285059745984453,3.8285059745984453,3.8285059745984453,3.8285059745984453,3.8285059745984453,3.8285059745984453,3.8285059745984453,3.8285059745984453,3.8285059745984453,3.8285059745984453,3.8285059745984453,3.8285059745984453,3.8285059745984453,3.8285059745984453,3.8285059745984453,3.8285059745984453,3.8285059745984453,3.8285059745984453,3.8285059745984453,3.8285059745984453,3.8285059745984453,3.8285059745984453,3.8285059745984453,3.8285059745984453,3.8285059745984453,3.8285059745984453,3.8285059745984453,3.8285059745984453,3.8285059745984453,3.8285059745984453,3.8285059745984453,3.8285059745984453,3.8285059745984453,3.8285059745984453,3.8285059745984453,3.8285059745984453,3.8285059745984453,3.8285059745984453,3.8285059745984453,3.8285059745984453,3.8285059745984453,3.8285059745984453,3.8285059745984453,3.8285059745984453,3.8285059745984453,3.8285059745984453,3.8285059745984453,3.8285059745984453,3.8285059745984453,3.8285059745984453,3.8285059745984453,3.8285059745984453,3.8285059745984453,3.8285059745984453,3.8285059745984453,3.8285059745984453,3.8285059745984453,3.8285059745984453,3.8285059745984453,3.8285059745984453,3.8285059745984453,3.8285059745984453,3.8285059745984453,3.8285059745984453,3.8285059745984453,3.8285059745984453,3.8285059745984453,3.8285059745984453,3.8285059745984453,3.8285059745984453,3.8285059745984453,3.8285059745984453,3.8285059745984453,3.8285059745984453,3.8285059745984453,3.8285059745984453,3.8285059745984453,3.8285059745984453,3.8285059745984453,3.8285059745984453,3.8285059745984453,3.8285059745984453,3.8285059745984453,3.8285059745984453,3.8285059745984453,3.8285059745984453,3.8285059745984453,3.8285059745984453,3.8285059745984453,3.8285059745984453,3.8285059745984453,3.8285059745984453,3.8285059745984453,3.8285059745984453,3.8285059745984453,3.8285059745984453,3.8285059745984453,3.8285059745984453,3.8285059745984453,3.8285059745984453,3.8285059745984453,3.8285059745984453,3.8285059745984453,3.8285059745984453,3.8285059745984453,3.8285059745984453,3.8285059745984453,3.8285059745984453,3.8285059745984453,3.8285059745984453,3.8285059745984453,3.8285059745984453,3.8285059745984453,3.8285059745984453,3.8285059745984453,3.8285059745984453,3.8285059745984453,3.8285059745984453,3.8285059745984453,3.8285059745984453,3.8285059745984453,3.8285059745984453,3.8285059745984453,3.8285059745984453,3.8285059745984453,3.8285059745984453,3.8285059745984453,3.8285059745984453,3.8285059745984453,3.8285059745984453,3.8285059745984453,3.8285059745984453,3.8285059745984453,3.8285059745984453,3.8285059745984453,3.8285059745984453,3.8285059745984453,3.8285059745984453,3.8285059745984453,3.8285059745984453,3.8285059745984453,3.8285059745984453,3.8285059745984453,3.8285059745984453,3.8285059745984453,3.8285059745984453,3.8285059745984453,3.8285059745984453,3.8285059745984453,3.8285059745984453,3.8285059745984453,3.8285059745984453,3.8285059745984453,3.8285059745984453,3.8285059745984453,3.8285059745984453,3.8285059745984453,3.8285059745984453,3.8285059745984453,3.8285059745984453,3.8285059745984453,3.8285059745984453,3.8285059745984453,3.8285059745984453,3.8285059745984453,3.8285059745984453,3.8285059745984453,3.8285059745984453,3.8285059745984453,3.8285059745984453,3.8285059745984453,3.8285059745984453,3.8285059745984453,3.8285059745984453,3.8285059745984453,3.8285059745984453,3.8285059745984453,3.8285059745984453,3.8285059745984453,3.8285059745984453,3.8285059745984453,3.8285059745984453,3.8285059745984453,3.8285059745984453,3.8285059745984453,3.8285059745984453,3.8285059745984453,3.8285059745984453,3.8285059745984453,3.8285059745984453,3.8285059745984453,3.8285059745984453,3.8285059745984453,3.8285059745984453,3.8285059745984453,3.8285059745984453,3.8285059745984453,3.8285059745984453,3.8285059745984453,3.8285059745984453,3.8285059745984453,3.8285059745984453,3.8285059745984453,3.8285059745984453,3.8285059745984453,3.8285059745984453,3.8285059745984453,3.8285059745984453,3.8285059745984453,3.8285059745984453,3.8285059745984453,3.8285059745984453,3.8285059745984453,3.8285059745984453,3.8285059745984453,3.8285059745984453,3.8285059745984453,3.8285059745984453,3.8285059745984453,3.8285059745984453,3.8285059745984453,3.8285059745984453,3.8285059745984453,3.8285059745984453,3.8285059745984453,3.8285059745984453,3.8285059745984453,3.8285059745984453,3.8285059745984453,3.8285059745984453,3.8285059745984453,3.8285059745984453,3.8285059745984453,3.8285059745984453,3.8285059745984453,3.8285059745984453,3.8285059745984453,3.8285059745984453,3.8285059745984453,3.8285059745984453,3.8285059745984453,3.8285059745984453,3.8285059745984453,3.8285059745984453,3.8285059745984453,3.8285059745984453,3.8285059745984453,3.8285059745984453,3.8285059745984453,3.8285059745984453,3.8285059745984453,3.8285059745984453,3.8285059745984453,3.8285059745984453,3.8285059745984453,3.8285059745984453,3.8285059745984453,3.8285059745984453,3.8285059745984453,3.8285059745984453,3.8285059745984453,3.8285059745984453,3.8285059745984453,3.8285059745984453,3.8285059745984453,3.8285059745984453,3.8285059745984453,3.8285059745984453,3.8285059745984453,3.8285059745984453,3.8285059745984453,3.8285059745984453,3.8285059745984453,3.8285059745984453,3.8285059745984453,3.8285059745984453,3.8285059745984453,3.8285059745984453,3.8285059745984453,3.8285059745984453,3.8285059745984453,3.8285059745984453,3.8285059745984453,3.8285059745984453,3.8285059745984453,3.8285059745984453,3.8285059745984453,3.8285059745984453,3.8285059745984453,3.8285059745984453,3.8285059745984453,3.8285059745984453,3.8285059745984453,3.8285059745984453,3.8285059745984453,3.8285059745984453,3.8285059745984453,3.8285059745984453,3.8285059745984453,3.8285059745984453,3.8285059745984453,3.8285059745984453,3.8285059745984453,3.8285059745984453,3.8285059745984453,3.8285059745984453,3.8285059745984453,3.8285059745984453,3.8285059745984453,3.8285059745984453,3.8285059745984453,3.8285059745984453,3.8285059745984453,3.8285059745984453,3.8285059745984453,3.8285059745984453,3.8285059745984453,3.8285059745984453,3.8285059745984453,3.8285059745984453,3.8285059745984453,3.8285059745984453,3.8285059745984453,3.8285059745984453,3.8285059745984453,3.8285059745984453,3.8285059745984453,3.8285059745984453,3.8285059745984453,3.8285059745984453,3.8285059745984453,3.8285059745984453,3.8285059745984453,3.8285059745984453,8.34200020133265,7.699835645030985,7.699835645030985,7.699835645030985,7.551987349831151,7.551987349831151,6.848342504344917,6.848342504344917,6.848342504344917,6.848342504344917,6.848342504344917,6.848342504344917,6.848342504344917,6.848342504344917,6.848342504344917,6.848342504344917,6.848342504344917,6.848342504344917,6.848342504344917,6.848342504344917,6.848342504344917,6.848342504344917,6.848342504344917,6.848342504344917,6.848342504344917,6.848342504344917,6.848342504344917,6.848342504344917,6.848342504344917,6.848342504344917,6.848342504344917,6.848342504344917,6.848342504344917,6.848342504344917,6.848342504344917,6.848342504344917,6.848342504344917,6.848342504344917,6.848342504344917,6.848342504344917,6.848342504344917,6.848342504344917,6.848342504344917,6.848342504344917,6.848342504344917,6.848342504344917,6.848342504344917,6.848342504344917,6.848342504344917,6.848342504344917,6.848342504344917,6.848342504344917,6.848342504344917,6.848342504344917,6.848342504344917,6.848342504344917,6.848342504344917,6.848342504344917,6.848342504344917,6.848342504344917,6.848342504344917,6.848342504344917,6.848342504344917,6.848342504344917,6.848342504344917,6.848342504344917,6.848342504344917,6.848342504344917,6.848342504344917,6.848342504344917,6.848342504344917,6.848342504344917,6.848342504344917,6.848342504344917,6.848342504344917,6.848342504344917,6.848342504344917,6.848342504344917,6.848342504344917,6.848342504344917,6.848342504344917,6.848342504344917,6.848342504344917,6.848342504344917,6.848342504344917,6.848342504344917,6.848342504344917,6.848342504344917,6.848342504344917,6.848342504344917,6.848342504344917,6.848342504344917,6.848342504344917,6.848342504344917,6.848342504344917,6.848342504344917,6.848342504344917,6.848342504344917,6.848342504344917,6.848342504344917,6.848342504344917,6.848342504344917,6.848342504344917,6.848342504344917,6.848342504344917,6.848342504344917,6.848342504344917,6.848342504344917,6.848342504344917,6.848342504344917,6.848342504344917,6.848342504344917,6.848342504344917,6.848342504344917,6.848342504344917,6.848342504344917,6.848342504344917,6.848342504344917,6.848342504344917,6.848342504344917,6.848342504344917,6.848342504344917,6.848342504344917,6.848342504344917,6.848342504344917,6.848342504344917,6.848342504344917,6.848342504344917,6.848342504344917,6.848342504344917,6.848342504344917,6.848342504344917,6.848342504344917,6.848342504344917,6.848342504344917,6.848342504344917,6.848342504344917,6.848342504344917,6.848342504344917,6.848342504344917,6.848342504344917,6.848342504344917,6.848342504344917,6.848342504344917,6.848342504344917,6.848342504344917,6.848342504344917,6.848342504344917,6.848342504344917,6.848342504344917,6.848342504344917,6.848342504344917,6.848342504344917,6.848342504344917,6.848342504344917,6.848342504344917,6.848342504344917,6.848342504344917,6.848342504344917,6.488707947239324,6.033055268331028,6.033055268331028,5.633261198908635,5.633261198908635,5.633261198908635,5.633261198908635,5.633261198908635,5.633261198908635,5.633261198908635,5.633261198908635,5.440708383340307,5.440708383340307,5.440708383340307,5.440708383340307,5.440708383340307,5.440708383340307,5.440708383340307,5.440708383340307,5.440708383340307,5.440708383340307,5.440708383340307,5.440708383340307,5.440708383340307,5.440708383340307,5.440708383340307,5.440708383340307,5.440708383340307,5.440708383340307,5.440708383340307,5.440708383340307,5.440708383340307,5.440708383340307,5.440708383340307,5.440708383340307,5.440708383340307,5.440708383340307,5.440708383340307,5.440708383340307,5.440708383340307,5.440708383340307,5.440708383340307,5.4095566304262315,5.4095566304262315,5.4095566304262315,5.4095566304262315,5.4095566304262315,5.4095566304262315,5.4095566304262315,5.4095566304262315,5.4095566304262315,5.4095566304262315,5.4095566304262315,5.4095566304262315,5.4095566304262315,5.4095566304262315,5.4095566304262315,5.4095566304262315,5.4095566304262315,5.4095566304262315,5.4095566304262315,5.4095566304262315,5.4095566304262315,5.300402055448119,5.300402055448119,5.300402055448119,5.300402055448119,5.300402055448119,5.300402055448119,5.300402055448119,5.300402055448119,5.300402055448119,5.300402055448119,5.300402055448119,5.300402055448119,5.300402055448119,5.300402055448119,5.300402055448119,5.300402055448119,5.300402055448119,5.300402055448119,5.300402055448119,5.300402055448119,5.300402055448119,5.300402055448119,5.300402055448119,5.300402055448119,5.300402055448119,5.300402055448119,5.300402055448119,5.300402055448119,5.300402055448119,5.300402055448119,5.300402055448119,5.300402055448119,5.300402055448119,5.300402055448119,5.300402055448119,5.300402055448119,5.300402055448119,5.300402055448119,5.300402055448119,5.300402055448119,5.300402055448119,5.300402055448119,5.300402055448119,5.300402055448119,5.300402055448119,5.300402055448119,5.300402055448119,5.300402055448119,5.300402055448119,5.300402055448119,5.300402055448119,5.300402055448119,5.300402055448119,5.300402055448119,5.300402055448119,5.300402055448119,5.300402055448119,5.300402055448119,5.300402055448119,5.300402055448119,5.300402055448119,5.300402055448119,5.300402055448119,5.300402055448119,5.300402055448119,5.300402055448119,5.300402055448119,5.300402055448119,5.300402055448119,5.300402055448119,5.300402055448119,5.300402055448119,5.300402055448119,5.300402055448119,5.300402055448119,5.300402055448119,5.300402055448119,5.300402055448119,5.300402055448119,5.300402055448119,5.300402055448119,5.300402055448119,5.300402055448119,5.300402055448119,5.300402055448119,5.300402055448119,5.300402055448119,5.300402055448119,5.300402055448119,5.300402055448119,5.300402055448119,5.300402055448119,5.300402055448119,5.300402055448119,5.300402055448119,5.300402055448119,5.300402055448119,5.300402055448119,5.300402055448119,5.300402055448119,5.300402055448119,5.300402055448119,5.300402055448119,5.300402055448119,5.300402055448119,5.300402055448119,5.300402055448119,5.300402055448119,5.300402055448119,5.300402055448119,5.300402055448119,5.300402055448119,5.300402055448119,5.300402055448119,5.300402055448119,5.300402055448119,5.300402055448119,5.300402055448119,5.300402055448119,5.300402055448119,5.300402055448119,5.221370781711781,5.221370781711781,5.221370781711781,5.221370781711781,5.221370781711781,5.221370781711781,5.221370781711781,5.221370781711781,5.221370781711781,5.221370781711781,5.221370781711781,5.221370781711781,5.221370781711781,5.221370781711781,5.221370781711781,5.221370781711781,5.221370781711781,5.221370781711781,5.221370781711781,5.221370781711781,5.221370781711781,5.221370781711781,5.221370781711781,5.10086170881176,5.10086170881176,4.998426247651817,4.998426247651817,4.998426247651817,4.998426247651817,4.998426247651817,4.998426247651817,4.998426247651817,4.998426247651817,4.998426247651817,4.998426247651817,4.998426247651817,4.998426247651817,4.998426247651817,4.998426247651817,4.998426247651817,4.998426247651817,4.998426247651817,4.998426247651817,4.998426247651817,4.998426247651817,4.998426247651817,4.998426247651817,4.998426247651817,4.998426247651817,4.998426247651817,4.998426247651817,4.998426247651817,4.998426247651817,4.998426247651817,4.998426247651817,4.998426247651817,4.998426247651817,4.998426247651817,4.998426247651817,4.998426247651817,4.998426247651817,4.998426247651817,4.998426247651817,4.998426247651817,4.998426247651817,4.998426247651817,4.998426247651817,4.998426247651817,4.998426247651817,4.998426247651817,4.998426247651817,4.998426247651817,4.998426247651817,4.998426247651817,4.998426247651817,4.998426247651817,4.998426247651817,4.998426247651817,4.998426247651817,4.998426247651817,4.998426247651817,4.998426247651817,4.998426247651817,4.998426247651817,4.998426247651817,4.998426247651817,4.998426247651817,4.998426247651817,4.998426247651817,4.998426247651817,4.998426247651817,4.998426247651817,4.998426247651817,4.998426247651817,4.998426247651817,4.998426247651817,4.998426247651817,4.998426247651817,4.998426247651817,4.998426247651817,4.998426247651817,4.998426247651817,4.998426247651817,4.998426247651817,4.998426247651817,4.998426247651817,4.998426247651817,4.998426247651817,4.998426247651817,4.998426247651817,4.998426247651817,4.998426247651817,4.998426247651817,4.998426247651817,4.998426247651817,4.998426247651817,4.998426247651817,4.998426247651817,4.998426247651817,4.998426247651817,4.998426247651817,4.998426247651817,4.998426247651817,4.998426247651817,4.998426247651817,4.998426247651817,4.998426247651817,4.998426247651817,4.998426247651817,4.998426247651817,4.998426247651817,4.998426247651817,4.998426247651817,4.998426247651817,4.998426247651817,4.998426247651817,4.998426247651817,4.998426247651817,4.998426247651817,4.998426247651817,4.998426247651817,4.998426247651817,4.998426247651817,4.998426247651817,4.998426247651817,4.998426247651817,4.998426247651817,4.998426247651817,4.998426247651817,4.998426247651817,4.998426247651817,4.998426247651817,4.998426247651817,4.998426247651817,4.998426247651817,4.998426247651817,4.998426247651817,4.998426247651817,4.998426247651817,4.998426247651817,4.998426247651817,4.998426247651817,4.998426247651817,4.998426247651817,4.998426247651817,4.998426247651817,4.998426247651817,4.998426247651817,4.998426247651817,4.998426247651817,4.998426247651817,4.998426247651817,4.998426247651817,4.998426247651817,4.998426247651817,4.998426247651817,4.998426247651817,4.998426247651817,4.998426247651817,4.998426247651817,4.998426247651817,4.998426247651817,4.998426247651817,4.998426247651817,4.998426247651817,4.998426247651817,4.998426247651817,4.998426247651817,4.998426247651817,4.998426247651817,4.998426247651817,4.998426247651817,4.998426247651817,4.998426247651817,4.998426247651817,4.998426247651817,4.998426247651817,4.998426247651817,4.998426247651817,4.998426247651817,4.998426247651817,4.998426247651817,4.998426247651817,4.998426247651817,4.998426247651817,4.998426247651817,4.998426247651817,4.998426247651817,4.998426247651817,4.998426247651817,4.998426247651817,4.998426247651817,4.998426247651817,4.998426247651817,4.998426247651817,4.998426247651817,4.998426247651817,4.998426247651817,4.998426247651817,4.998426247651817,4.998426247651817,4.998426247651817,4.998426247651817,4.998426247651817,4.998426247651817,4.998426247651817,4.998426247651817,4.998426247651817,4.998426247651817,4.998426247651817,4.998426247651817,4.998426247651817,4.998426247651817,4.998426247651817,4.998426247651817,4.998426247651817,4.998426247651817,4.998426247651817,4.998426247651817,4.998426247651817,4.998426247651817,4.998426247651817,4.998426247651817,4.998426247651817,4.998426247651817,4.998426247651817,4.998426247651817,4.998426247651817,4.998426247651817,4.998426247651817,4.998426247651817,4.998426247651817,4.998426247651817,4.998426247651817,4.998426247651817,4.998426247651817,4.998426247651817,4.998426247651817,4.998426247651817,4.998426247651817,4.998426247651817,4.998426247651817,4.998426247651817,4.998426247651817,4.998426247651817,4.998426247651817,4.998426247651817,4.998426247651817,4.998426247651817,4.998426247651817,4.998426247651817,4.998426247651817,4.998426247651817,4.998426247651817,4.998426247651817,4.998426247651817,4.998426247651817,4.998426247651817,4.998426247651817,4.998426247651817,4.998426247651817,4.998426247651817,4.998426247651817,4.998426247651817,4.998426247651817,4.998426247651817,4.998426247651817,4.998426247651817,4.998426247651817,4.998426247651817,4.998426247651817,4.998426247651817,4.998426247651817,4.998426247651817,4.998426247651817,4.998426247651817,4.998426247651817,4.998426247651817,4.998426247651817,4.998426247651817,4.998426247651817,4.998426247651817,4.998426247651817,4.998426247651817,4.998426247651817,4.998426247651817,4.998426247651817,4.998426247651817,4.998426247651817,4.998426247651817,4.998426247651817,4.998426247651817,4.998426247651817,4.998426247651817,4.998426247651817,4.998426247651817,4.998426247651817,4.998426247651817,4.998426247651817,4.998426247651817,4.998426247651817,4.998426247651817,4.998426247651817,4.998426247651817,4.998426247651817,4.998426247651817,4.998426247651817,4.998426247651817,4.998426247651817,4.998426247651817,4.998426247651817,4.998426247651817,4.998426247651817,4.998426247651817,4.998426247651817,4.998426247651817,4.998426247651817,4.998426247651817,4.998426247651817,4.998426247651817,4.998426247651817,4.998426247651817,4.998426247651817,4.998426247651817,4.998426247651817,4.998426247651817,4.998426247651817,4.998426247651817,4.998426247651817,4.998426247651817,4.998426247651817,4.998426247651817,4.998426247651817,4.998426247651817,4.998426247651817,4.998426247651817,4.998426247651817,4.998426247651817,4.998426247651817,4.998426247651817,4.998426247651817,4.998426247651817,4.998426247651817,4.998426247651817,4.998426247651817,4.998426247651817,4.998426247651817,4.998426247651817,4.998426247651817,4.998426247651817,4.998426247651817,4.998426247651817,4.998426247651817,4.998426247651817,4.998426247651817,4.998426247651817,4.998426247651817,4.998426247651817,4.998426247651817,4.998426247651817,4.998426247651817,4.998426247651817,4.998426247651817,4.998426247651817,4.998426247651817,4.998426247651817,4.998426247651817,4.998426247651817,4.998426247651817,4.998426247651817,4.998426247651817,4.998426247651817,4.998426247651817,4.998426247651817,4.998426247651817,4.998426247651817,4.998426247651817,4.998426247651817,4.998426247651817,4.998426247651817,4.998426247651817,4.998426247651817,4.998426247651817,4.998426247651817,4.998426247651817,4.998426247651817,4.998426247651817,4.998426247651817,4.998426247651817,4.998426247651817,4.998426247651817,4.998426247651817,4.998426247651817,4.998426247651817,4.998426247651817,4.998426247651817,4.998426247651817,4.998426247651817,4.998426247651817,4.998426247651817,4.998426247651817,4.998426247651817,4.998426247651817,4.998426247651817,4.998426247651817,4.998426247651817,4.998426247651817,4.998426247651817,4.998426247651817,4.998426247651817,4.998426247651817,4.998426247651817,4.998426247651817,4.998426247651817,4.998426247651817,4.998426247651817,4.998426247651817,4.998426247651817,4.998426247651817,4.998426247651817,4.998426247651817,4.998426247651817,4.998426247651817,4.998426247651817,4.998426247651817,4.998426247651817,4.998426247651817,4.998426247651817,4.998426247651817,4.998426247651817,4.998426247651817,4.998426247651817,4.998426247651817,4.998426247651817,4.998426247651817,4.998426247651817,4.998426247651817,4.998426247651817,4.998426247651817,4.998426247651817,4.998426247651817,4.998426247651817,4.998426247651817,4.998426247651817,4.998426247651817,4.998426247651817,4.998426247651817,4.998426247651817,4.998426247651817,4.998426247651817,4.998426247651817,4.998426247651817,4.998426247651817,4.998426247651817,4.998426247651817,4.998426247651817,4.998426247651817,4.998426247651817,4.998426247651817,4.998426247651817,4.998426247651817,4.998426247651817,4.998426247651817,4.998426247651817,4.998426247651817,4.998426247651817,4.998426247651817,4.998426247651817,4.998426247651817,4.998426247651817,4.998426247651817,4.998426247651817,4.998426247651817,4.998426247651817,4.998426247651817,4.998426247651817,4.998426247651817,4.998426247651817,4.998426247651817,4.998426247651817,4.998426247651817,4.998426247651817,4.998426247651817,4.998426247651817,4.998426247651817,4.998426247651817,4.998426247651817,4.998426247651817,4.998426247651817,4.998426247651817,4.998426247651817,4.998426247651817,4.998426247651817,4.998426247651817,4.998426247651817,4.998426247651817,4.998426247651817,4.998426247651817,4.998426247651817,4.998426247651817,4.998426247651817,4.998426247651817,4.998426247651817,4.998426247651817,4.998426247651817,4.998426247651817,4.998426247651817,4.998426247651817,4.998426247651817,4.998426247651817,4.998426247651817,4.998426247651817,4.998426247651817,4.998426247651817,4.998426247651817,4.998426247651817,4.998426247651817,4.998426247651817,4.998426247651817,4.998426247651817,4.998426247651817,4.998426247651817,4.998426247651817,4.998426247651817,4.998426247651817,4.998426247651817,4.998426247651817,4.998426247651817,4.998426247651817,4.998426247651817,4.998426247651817,4.998426247651817,4.998426247651817,4.998426247651817,4.998426247651817,4.998426247651817,4.998426247651817,4.998426247651817,4.998426247651817,4.998426247651817,4.998426247651817,4.998426247651817,4.998426247651817,4.998426247651817,4.998426247651817,4.998426247651817,4.998426247651817,4.998426247651817,4.998426247651817,4.998426247651817,4.998426247651817,4.998426247651817,4.998426247651817,4.998426247651817,4.998426247651817,4.998426247651817,4.998426247651817,4.998426247651817,4.998426247651817,4.998426247651817,4.998426247651817,4.998426247651817,4.998426247651817,4.998426247651817,4.998426247651817,4.998426247651817,4.998426247651817,4.998426247651817,4.998426247651817,4.998426247651817,4.998426247651817,4.998426247651817,4.998426247651817,4.998426247651817,4.998426247651817,4.998426247651817,4.998426247651817,4.998426247651817,4.998426247651817,4.998426247651817,4.998426247651817,4.998426247651817,4.998426247651817,4.998426247651817,4.998426247651817,4.998426247651817,4.998426247651817,4.998426247651817,4.998426247651817,4.998426247651817,4.998426247651817,4.998426247651817,4.998426247651817,4.998426247651817,4.998426247651817,4.998426247651817,4.998426247651817,4.998426247651817,4.998426247651817,4.998426247651817,4.998426247651817,4.998426247651817,4.998426247651817,4.998426247651817,4.998426247651817,4.998426247651817,4.998426247651817,4.998426247651817,4.998426247651817,4.998426247651817,4.998426247651817,4.998426247651817,4.998426247651817,4.998426247651817,4.998426247651817,4.998426247651817,4.998426247651817,4.998426247651817,4.998426247651817,4.998426247651817,4.998426247651817,4.998426247651817,4.998426247651817,4.998426247651817,4.998426247651817,4.998426247651817,4.998426247651817,4.998426247651817,4.998426247651817,4.998426247651817,4.998426247651817,4.998426247651817,4.998426247651817,4.998426247651817,4.998426247651817,4.998426247651817,4.998426247651817,8.774776085374953,8.308692695297635,8.308692695297635,8.308692695297635,8.308692695297635,8.299932999523847,8.299932999523847,8.299932999523847,8.299932999523847,8.299932999523847,8.299932999523847,8.299932999523847,8.299932999523847,8.299932999523847,8.299932999523847,8.299932999523847,8.20927305676584,8.20927305676584,7.932127246810485,7.760623720751371,7.760623720751371,7.760623720751371,7.760623720751371,7.760623720751371,7.760623720751371,7.760623720751371,7.760623720751371,7.760623720751371,7.760623720751371,7.760623720751371,7.760623720751371,7.760623720751371,7.760623720751371,7.520558758471531,7.520558758471531,7.520558758471531,7.520558758471531,7.520558758471531,7.520558758471531,7.520558758471531,7.520558758471531,7.520558758471531,7.520558758471531,7.520558758471531,7.520558758471531,7.520558758471531,7.520558758471531,7.520558758471531,7.520558758471531,7.520558758471531,7.520558758471531,7.520558758471531,7.425376243794536,7.425376243794536,7.425376243794536,7.425376243794536,7.425376243794536,7.425376243794536,7.425376243794536,7.425376243794536,7.425376243794536,7.425376243794536,7.425376243794536,7.425376243794536,7.425376243794536,7.425376243794536,7.425376243794536,7.425376243794536,7.425376243794536,7.425376243794536,7.425376243794536,7.425376243794536,7.425376243794536,7.425376243794536,7.425376243794536,7.425376243794536,7.425376243794536,7.425376243794536,7.425376243794536,7.425376243794536,7.425376243794536,7.425376243794536,7.425376243794536,7.425376243794536,7.425376243794536,7.425376243794536,7.425376243794536,7.425376243794536,7.425376243794536,7.425376243794536,7.425376243794536,7.425376243794536,7.425376243794536,7.425376243794536,7.425376243794536,7.425376243794536,7.425376243794536,7.425376243794536,7.425376243794536,7.425376243794536,7.425376243794536,7.425376243794536,7.425376243794536,7.425376243794536,7.425376243794536,7.425376243794536,7.425376243794536,7.425376243794536,7.425376243794536,7.425376243794536,7.425376243794536,7.425376243794536,7.425376243794536,7.425376243794536,7.425376243794536,7.425376243794536,7.425376243794536,7.425376243794536,7.425376243794536,7.425376243794536,7.425376243794536,7.425376243794536,7.425376243794536,7.425376243794536,7.425376243794536,7.425376243794536,7.425376243794536,7.425376243794536,7.425376243794536,7.425376243794536,7.425376243794536,7.425376243794536,7.425376243794536,7.425376243794536,7.425376243794536,7.425376243794536,7.425376243794536,7.425376243794536,7.425376243794536,7.425376243794536,7.425376243794536,7.425376243794536,7.425376243794536,7.425376243794536,7.425376243794536,7.425376243794536,7.425376243794536,7.425376243794536,7.425376243794536,7.425376243794536,7.425376243794536,7.425376243794536,7.425376243794536,7.425376243794536,7.425376243794536,7.425376243794536,7.425376243794536,7.425376243794536,7.425376243794536,7.425376243794536,7.425376243794536,7.425376243794536,7.425376243794536,7.425376243794536,7.425376243794536,7.425376243794536,7.425376243794536,7.425376243794536,7.425376243794536,7.425376243794536,7.425376243794536,7.425376243794536,7.425376243794536,7.425376243794536,7.425376243794536,7.425376243794536,7.425376243794536,7.425376243794536,7.425376243794536,7.425376243794536,7.425376243794536,7.425376243794536,7.425376243794536,7.425376243794536,7.425376243794536,7.425376243794536,7.425376243794536,7.425376243794536,7.425376243794536,7.425376243794536,7.425376243794536,7.425376243794536,7.425376243794536,7.425376243794536,7.425376243794536,7.425376243794536,7.425376243794536,7.425376243794536,7.425376243794536,7.425376243794536,7.425376243794536,7.425376243794536,7.425376243794536,7.425376243794536,7.425376243794536,7.425376243794536,7.425376243794536,7.425376243794536,7.425376243794536,7.425376243794536,7.425376243794536,7.425376243794536,7.425376243794536,7.425376243794536,7.425376243794536,7.425376243794536,7.425376243794536,7.425376243794536,7.425376243794536,7.425376243794536,7.425376243794536,7.425376243794536,7.425376243794536,6.895868146536797,6.831501409188175,6.576555623942003,6.473767424361067,6.473767424361067,6.473767424361067,6.473767424361067,6.473767424361067,6.473767424361067,6.473767424361067,6.473767424361067,6.473767424361067,6.473767424361067,6.473767424361067,6.473767424361067,6.119052118338145,6.119052118338145,6.119052118338145,6.119052118338145,6.119052118338145,6.119052118338145,6.119052118338145,6.034955274003119,6.01154934125835,6.01154934125835,6.01154934125835,5.926894768180784,5.926894768180784,5.926894768180784,5.926894768180784,5.785565517369685,5.785565517369685,5.785565517369685,5.785565517369685,5.747234447213856,5.747234447213856,5.747234447213856,5.677227626675657,5.677227626675657,5.677227626675657,5.677227626675657,5.677227626675657,5.677227626675657,5.677227626675657,5.677227626675657,5.677227626675657,5.677227626675657,5.677227626675657,5.677227626675657,5.677227626675657,5.677227626675657,5.677227626675657,5.677227626675657,5.677227626675657,5.677227626675657,5.677227626675657,5.677227626675657,5.677227626675657,5.677227626675657,5.677227626675657,5.677227626675657,5.677227626675657,5.677227626675657,5.677227626675657,5.677227626675657,5.677227626675657,5.677227626675657,5.677227626675657,5.677227626675657,5.677227626675657,5.677227626675657,5.677227626675657,5.677227626675657,5.677227626675657,5.677227626675657,5.677227626675657,5.677227626675657,5.677227626675657,5.677227626675657,5.677227626675657,5.677227626675657,5.677227626675657,5.677227626675657,5.677227626675657,5.677227626675657,5.677227626675657,5.677227626675657,5.677227626675657,5.677227626675657,5.677227626675657,5.677227626675657,5.677227626675657,5.677227626675657,5.677227626675657,5.677227626675657,5.677227626675657,5.677227626675657,5.677227626675657,5.677227626675657,5.677227626675657,5.677227626675657,5.677227626675657,5.677227626675657,5.677227626675657,5.677227626675657,5.677227626675657,5.677227626675657,5.677227626675657,5.677227626675657,5.677227626675657,5.677227626675657,5.677227626675657,5.677227626675657,5.677227626675657,5.677227626675657,5.677227626675657,5.677227626675657,5.677227626675657,5.677227626675657,5.677227626675657,5.677227626675657,5.677227626675657,5.677227626675657,5.677227626675657,5.677227626675657,5.677227626675657,5.677227626675657,5.677227626675657,5.677227626675657,5.677227626675657,5.677227626675657,5.677227626675657,5.677227626675657,5.677227626675657,5.677227626675657,5.677227626675657,5.677227626675657,5.677227626675657,5.677227626675657,5.677227626675657,5.677227626675657,5.677227626675657,5.677227626675657,5.677227626675657,5.677227626675657,5.677227626675657,5.677227626675657,5.677227626675657,5.677227626675657,5.677227626675657,5.677227626675657,5.677227626675657,5.677227626675657,5.677227626675657,5.677227626675657,5.677227626675657,5.677227626675657,5.677227626675657,5.677227626675657,5.677227626675657,5.677227626675657,5.677227626675657,5.677227626675657,5.677227626675657,5.677227626675657,5.677227626675657,5.677227626675657,5.677227626675657,5.677227626675657,5.677227626675657,5.677227626675657,5.677227626675657,5.677227626675657,5.677227626675657,5.677227626675657,5.677227626675657,5.677227626675657,5.677227626675657,5.677227626675657,5.677227626675657,5.677227626675657,5.677227626675657,5.677227626675657,5.677227626675657,5.677227626675657,5.677227626675657,5.677227626675657,5.677227626675657,5.677227626675657,5.677227626675657,5.677227626675657,5.677227626675657,5.677227626675657,5.677227626675657,5.677227626675657,5.677227626675657,5.677227626675657,5.677227626675657,5.677227626675657,5.677227626675657,5.677227626675657,5.677227626675657,5.677227626675657,5.677227626675657,5.677227626675657,5.677227626675657,5.677227626675657,5.677227626675657,5.677227626675657,5.677227626675657,5.677227626675657,5.677227626675657,5.677227626675657,5.677227626675657,5.677227626675657,5.677227626675657,5.677227626675657,5.677227626675657,5.677227626675657,5.677227626675657,5.677227626675657,5.677227626675657,5.677227626675657,5.677227626675657,5.677227626675657,5.677227626675657,5.677227626675657,5.677227626675657,5.677227626675657,5.677227626675657,5.677227626675657,5.677227626675657,5.677227626675657,5.677227626675657,5.677227626675657,5.677227626675657,5.677227626675657,5.677227626675657,5.677227626675657,5.677227626675657,5.677227626675657,5.677227626675657,5.677227626675657,5.677227626675657,5.677227626675657,5.677227626675657,5.677227626675657,5.677227626675657,5.677227626675657,5.677227626675657,5.677227626675657,5.677227626675657,5.677227626675657,5.677227626675657,5.677227626675657,5.677227626675657,5.677227626675657,5.677227626675657,5.677227626675657,5.677227626675657,5.677227626675657,5.677227626675657,5.677227626675657,5.677227626675657,5.677227626675657,5.677227626675657,5.677227626675657,5.677227626675657,5.677227626675657,5.677227626675657,5.677227626675657,5.677227626675657,5.677227626675657,5.677227626675657,5.677227626675657,5.677227626675657,5.677227626675657,5.677227626675657,5.677227626675657,5.677227626675657,5.677227626675657,5.677227626675657,5.677227626675657,5.677227626675657,5.677227626675657,5.677227626675657,5.677227626675657,5.677227626675657,5.677227626675657,5.677227626675657,5.677227626675657,5.677227626675657,5.677227626675657,5.677227626675657,5.677227626675657,5.677227626675657,5.677227626675657,5.677227626675657,5.677227626675657,5.677227626675657,5.677227626675657,5.677227626675657,5.677227626675657,5.677227626675657,5.677227626675657,5.677227626675657,5.677227626675657,5.677227626675657,5.677227626675657,5.677227626675657,5.677227626675657,5.677227626675657,5.677227626675657,5.677227626675657,5.677227626675657,5.677227626675657,5.677227626675657,5.677227626675657,5.677227626675657,5.677227626675657,5.677227626675657,5.677227626675657,5.677227626675657,5.635087546667199,5.635087546667199,5.635087546667199,5.635087546667199,5.413756224909339,5.413756224909339,5.413756224909339,5.386292728394384,5.386292728394384,5.386292728394384,5.386292728394384,5.386292728394384,5.386292728394384,5.386292728394384,5.386292728394384,5.386292728394384,5.386292728394384,5.386292728394384,5.386292728394384,5.386292728394384,5.386292728394384,5.386292728394384,5.386292728394384,5.386292728394384,5.386292728394384,5.386292728394384,5.386292728394384,5.386292728394384,5.386292728394384,5.386292728394384,5.386292728394384,5.386292728394384,5.386292728394384,5.386292728394384,5.386292728394384,5.386292728394384,5.386292728394384,5.386292728394384,5.386292728394384,5.386292728394384,5.386292728394384,5.386292728394384,5.386292728394384,5.386292728394384,5.386292728394384,5.386292728394384,5.386292728394384,5.386292728394384,5.386292728394384,5.386292728394384,5.386292728394384,5.386292728394384,5.386292728394384,5.386292728394384,5.386292728394384,5.386292728394384,5.386292728394384,5.386292728394384,5.386292728394384,5.386292728394384,5.386292728394384,5.386292728394384,5.386292728394384,5.386292728394384,5.386292728394384,5.386292728394384,5.386292728394384,5.386292728394384,5.386292728394384,5.386292728394384,5.386292728394384,5.386292728394384,5.386292728394384,5.386292728394384,5.386292728394384,5.386292728394384,5.386292728394384,5.386292728394384,5.386292728394384,5.386292728394384,5.386292728394384,5.386292728394384,5.386292728394384,5.386292728394384,5.386292728394384,5.386292728394384,5.386292728394384,5.386292728394384,5.386292728394384,5.386292728394384,5.386292728394384,5.386292728394384,5.386292728394384,5.386292728394384,5.386292728394384,5.386292728394384,5.386292728394384,5.386292728394384,5.386292728394384,5.386292728394384,5.386292728394384,5.386292728394384,5.386292728394384,5.386292728394384,5.386292728394384,5.386292728394384,5.386292728394384,5.386292728394384,5.386292728394384,5.386292728394384,5.386292728394384,5.386292728394384,5.386292728394384,5.386292728394384,5.386292728394384,5.386292728394384,5.386292728394384,5.386292728394384,5.386292728394384,5.386292728394384,5.386292728394384,5.386292728394384,5.386292728394384,5.386292728394384,5.386292728394384,5.386292728394384,5.386292728394384,5.386292728394384,5.386292728394384,5.386292728394384,5.386292728394384,5.386292728394384,5.386292728394384,5.386292728394384,5.386292728394384,5.386292728394384,5.386292728394384,5.386292728394384,5.386292728394384,5.386292728394384,5.386292728394384,5.386292728394384,5.386292728394384,5.386292728394384,5.386292728394384,5.386292728394384,5.386292728394384,5.386292728394384,5.386292728394384,5.386292728394384,5.386292728394384,5.386292728394384,5.386292728394384,5.386292728394384,5.386292728394384,5.386292728394384,5.386292728394384,5.386292728394384,5.386292728394384,5.386292728394384,5.386292728394384,5.386292728394384,5.386292728394384,5.386292728394384,5.386292728394384,5.386292728394384,5.386292728394384,5.386292728394384,5.386292728394384,5.386292728394384,5.386292728394384,5.386292728394384,5.386292728394384,5.386292728394384,5.386292728394384,5.386292728394384,5.386292728394384,5.386292728394384,5.386292728394384,5.386292728394384,5.386292728394384,5.386292728394384,5.386292728394384,5.386292728394384,5.386292728394384,5.386292728394384,5.386292728394384,5.386292728394384,5.386292728394384,5.386292728394384,5.386292728394384,5.386292728394384,5.386292728394384,5.386292728394384,5.386292728394384,5.386292728394384,5.386292728394384,5.386292728394384,5.386292728394384,5.386292728394384,5.386292728394384,5.386292728394384,5.386292728394384,5.386292728394384,5.386292728394384,5.386292728394384,5.386292728394384,5.386292728394384,5.386292728394384,5.386292728394384,5.386292728394384,5.386292728394384,5.386292728394384,5.386292728394384,5.386292728394384,5.386292728394384,5.386292728394384,5.386292728394384,5.386292728394384,5.386292728394384,5.386292728394384,5.386292728394384,5.386292728394384,5.386292728394384,5.386292728394384,5.386292728394384,5.386292728394384,5.386292728394384,5.386292728394384,5.386292728394384,5.386292728394384,5.386292728394384,5.386292728394384,5.386292728394384,5.386292728394384,5.386292728394384,5.386292728394384,5.386292728394384,5.386292728394384,5.386292728394384,5.162364933438513,5.162364933438513,5.162364933438513,5.157124452306238,4.9838407299716145,4.9838407299716145,4.9838407299716145,4.9838407299716145,4.961568638001617,4.961568638001617,4.961568638001617,4.961568638001617,4.961568638001617,4.961568638001617,4.961568638001617,4.961568638001617,4.961568638001617,4.961568638001617,4.961568638001617,4.961568638001617,4.961568638001617,4.961568638001617,4.961568638001617,4.961568638001617,4.961568638001617,4.961568638001617,4.961568638001617,4.961568638001617,4.961568638001617,4.961568638001617,4.961568638001617,4.961568638001617,4.961568638001617,4.961568638001617,4.961568638001617,4.961568638001617,4.961568638001617,4.961568638001617,4.961568638001617,4.961568638001617,4.961568638001617,4.961568638001617,4.961568638001617,4.961568638001617,4.961568638001617,4.961568638001617,4.961568638001617,4.961568638001617,4.961568638001617,4.961568638001617,4.961568638001617,4.961568638001617,4.961568638001617,4.961568638001617,4.961568638001617,4.961568638001617,4.961568638001617,4.961568638001617,4.961568638001617,4.961568638001617,4.961568638001617,4.961568638001617,4.961568638001617,4.961568638001617,4.961568638001617,4.961568638001617,4.961568638001617,4.961568638001617,4.961568638001617,4.961568638001617,4.961568638001617,4.961568638001617,4.961568638001617,4.961568638001617,4.961568638001617,4.961568638001617,4.961568638001617,4.961568638001617,4.961568638001617,4.961568638001617,4.961568638001617,4.961568638001617,4.961568638001617,4.961568638001617,4.961568638001617,4.961568638001617,4.961568638001617,4.961568638001617,4.961568638001617,4.961568638001617,4.961568638001617,4.961568638001617,4.961568638001617,4.961568638001617,4.961568638001617,4.961568638001617,4.961568638001617,4.961568638001617,4.961568638001617,4.961568638001617,4.961568638001617,4.961568638001617,4.961568638001617,4.961568638001617,4.961568638001617,4.961568638001617,4.961568638001617,4.961568638001617,4.961568638001617,4.961568638001617,4.961568638001617,4.961568638001617,4.961568638001617,4.961568638001617,4.961568638001617,4.961568638001617,4.961568638001617,4.961568638001617,4.961568638001617,4.961568638001617,4.961568638001617,4.961568638001617,4.961568638001617,4.961568638001617,4.961568638001617,4.961568638001617,4.961568638001617,4.961568638001617,4.961568638001617,4.961568638001617,4.961568638001617,4.961568638001617,4.961568638001617,4.961568638001617,4.961568638001617,4.961568638001617,4.961568638001617,4.961568638001617,4.961568638001617,4.961568638001617,4.961568638001617,4.961568638001617,4.961568638001617,4.961568638001617,4.961568638001617,4.961568638001617,4.961568638001617,4.961568638001617,4.961568638001617,4.961568638001617,4.961568638001617,4.961568638001617,4.961568638001617,4.961568638001617,4.961568638001617,4.961568638001617,4.961568638001617,4.961568638001617,4.961568638001617,4.961568638001617,4.961568638001617,4.961568638001617,4.961568638001617,4.961568638001617,4.961568638001617,4.961568638001617,4.961568638001617,4.961568638001617,4.961568638001617,4.961568638001617,4.961568638001617,4.961568638001617,4.961568638001617,4.961568638001617,4.961568638001617,4.961568638001617,4.961568638001617,4.961568638001617,4.961568638001617,4.961568638001617,4.961568638001617,4.961568638001617,4.961568638001617,4.961568638001617,4.961568638001617,4.961568638001617,4.961568638001617,4.961568638001617,4.961568638001617,4.961568638001617,4.961568638001617,4.961568638001617,4.961568638001617,4.961568638001617,4.961568638001617,4.961568638001617,4.961568638001617,4.961568638001617,4.961568638001617,4.961568638001617,4.961568638001617,4.961568638001617,4.961568638001617,4.961568638001617,4.961568638001617,4.961568638001617,4.961568638001617,4.961568638001617,4.961568638001617,4.961568638001617,4.961568638001617,4.961568638001617,4.961568638001617,4.961568638001617,7.480106064472667,7.480106064472667,7.480106064472667,7.480106064472667,7.480106064472667,7.480106064472667,7.480106064472667,7.480106064472667,7.480106064472667,7.480106064472667,7.480106064472667,7.480106064472667,7.480106064472667,7.480106064472667,7.480106064472667,7.480106064472667,7.480106064472667,7.480106064472667,7.480106064472667,7.480106064472667,7.480106064472667,7.480106064472667,7.480106064472667,7.480106064472667,7.480106064472667,7.480106064472667,7.480106064472667,7.480106064472667,7.480106064472667,7.480106064472667,7.480106064472667,7.480106064472667,7.480106064472667,7.480106064472667,7.480106064472667,7.480106064472667,7.480106064472667,7.480106064472667,7.480106064472667,7.480106064472667,7.480106064472667,7.480106064472667,7.480106064472667,7.480106064472667,7.480106064472667,7.480106064472667,7.480106064472667,7.480106064472667,7.480106064472667,7.480106064472667,7.480106064472667,7.480106064472667,7.480106064472667,7.480106064472667,7.480106064472667,7.480106064472667,7.480106064472667,7.480106064472667,7.480106064472667,7.480106064472667,7.480106064472667,7.480106064472667,7.480106064472667,7.480106064472667,7.480106064472667,7.480106064472667,7.480106064472667,7.480106064472667,7.480106064472667,7.480106064472667,7.480106064472667,7.480106064472667,7.480106064472667,7.480106064472667,7.480106064472667,7.480106064472667,7.480106064472667,7.480106064472667,7.480106064472667,7.480106064472667,7.480106064472667,7.480106064472667,7.480106064472667,7.480106064472667,7.480106064472667,7.480106064472667,7.480106064472667,7.480106064472667,7.480106064472667,7.480106064472667,7.480106064472667,7.480106064472667,7.480106064472667,7.480106064472667,7.480106064472667,7.480106064472667,7.480106064472667,7.480106064472667,7.480106064472667,7.480106064472667,7.480106064472667,7.480106064472667,7.480106064472667,7.480106064472667,7.480106064472667,7.480106064472667,7.480106064472667,7.480106064472667,7.480106064472667,7.480106064472667,7.480106064472667,7.480106064472667,7.480106064472667,7.480106064472667,7.480106064472667,7.480106064472667,7.480106064472667,7.480106064472667,7.480106064472667,7.480106064472667,7.480106064472667,7.480106064472667,7.480106064472667,7.480106064472667,7.480106064472667,7.014220198484856,7.014220198484856,7.014220198484856,7.014220198484856,7.014220198484856,7.014220198484856,7.014220198484856,7.014220198484856,7.014220198484856,7.014220198484856,7.014220198484856,7.014220198484856,7.014220198484856,7.014220198484856,7.014220198484856,7.014220198484856,6.893153189159924,6.893153189159924,6.893153189159924,6.893153189159924,6.893153189159924,6.893153189159924,6.893153189159924,6.893153189159924,6.893153189159924,6.893153189159924,6.893153189159924,6.893153189159924,6.893153189159924,6.893153189159924,6.893153189159924,6.893153189159924,6.893153189159924,6.893153189159924,6.893153189159924,6.893153189159924,6.893153189159924,6.893153189159924,6.893153189159924,6.893153189159924,6.893153189159924,6.758096157122021,6.758096157122021,6.758096157122021,6.758096157122021,6.758096157122021,6.758096157122021,6.758096157122021,6.758096157122021,6.758096157122021,6.758096157122021,6.758096157122021,6.758096157122021,6.758096157122021,6.758096157122021,6.758096157122021,6.758096157122021,6.758096157122021,6.758096157122021,6.758096157122021,6.758096157122021,6.758096157122021,6.758096157122021,6.758096157122021,6.758096157122021,6.758096157122021,6.758096157122021,6.758096157122021,6.758096157122021,6.758096157122021,6.758096157122021,6.758096157122021,6.758096157122021,6.758096157122021,6.758096157122021,6.758096157122021,6.758096157122021,6.758096157122021,6.758096157122021,6.758096157122021,6.758096157122021,6.758096157122021,6.758096157122021,6.758096157122021,6.758096157122021,6.758096157122021,6.758096157122021,6.758096157122021,6.758096157122021,6.758096157122021,6.758096157122021,6.758096157122021,6.758096157122021,6.758096157122021,6.758096157122021,6.758096157122021,6.758096157122021,6.758096157122021,6.758096157122021,6.758096157122021,6.758096157122021,6.758096157122021,6.758096157122021,6.758096157122021,6.758096157122021,6.758096157122021,6.758096157122021,6.758096157122021,6.758096157122021,6.758096157122021,6.758096157122021,6.758096157122021,6.758096157122021,6.758096157122021,6.758096157122021,6.758096157122021,6.758096157122021,6.758096157122021,6.758096157122021,6.758096157122021,6.758096157122021,6.758096157122021,6.758096157122021,6.758096157122021,6.758096157122021,6.758096157122021,6.758096157122021,6.758096157122021,6.758096157122021,6.758096157122021,6.758096157122021,6.758096157122021,6.758096157122021,6.758096157122021,6.758096157122021,6.758096157122021,6.758096157122021,6.758096157122021,6.758096157122021,6.758096157122021,6.758096157122021,6.758096157122021,6.758096157122021,6.758096157122021,6.758096157122021,6.758096157122021,6.758096157122021,6.758096157122021,6.758096157122021,6.758096157122021,6.758096157122021,6.758096157122021,6.758096157122021,6.758096157122021,6.758096157122021,6.758096157122021,6.758096157122021,6.758096157122021,6.758096157122021,6.758096157122021,6.758096157122021,6.758096157122021,6.758096157122021,6.758096157122021,6.758096157122021,6.758096157122021,6.758096157122021,6.758096157122021,6.758096157122021,6.758096157122021,6.758096157122021,6.758096157122021,6.758096157122021,6.758096157122021,6.758096157122021,6.758096157122021,6.758096157122021,6.758096157122021,6.758096157122021,6.758096157122021,6.758096157122021,6.758096157122021,6.758096157122021,6.758096157122021,6.758096157122021,6.758096157122021,6.758096157122021,6.758096157122021,6.758096157122021,6.758096157122021,6.758096157122021,6.758096157122021,6.758096157122021,6.758096157122021,5.889173885412633,5.505183108220751,5.425914927997788,5.251332142906981,5.251332142906981,5.251332142906981,5.251332142906981,5.251332142906981,5.251332142906981,5.251332142906981,5.251332142906981,5.251332142906981,5.251332142906981,5.251332142906981,5.251332142906981,5.251332142906981,5.251332142906981,5.251332142906981,5.251332142906981,5.251332142906981,5.251332142906981,5.251332142906981,5.251332142906981,5.251332142906981,5.251332142906981,5.251332142906981,5.251332142906981,5.251332142906981,5.251332142906981,5.251332142906981,5.251332142906981,5.251332142906981,5.251332142906981,5.251332142906981,5.251332142906981,5.251332142906981,5.251332142906981,5.251332142906981,5.251332142906981,5.251332142906981,5.251332142906981,5.251332142906981,5.251332142906981,5.251332142906981,5.251332142906981,5.251332142906981,5.251332142906981,5.251332142906981,5.251332142906981,5.251332142906981,5.251332142906981,5.251332142906981,5.251332142906981,5.251332142906981,5.251332142906981,5.251332142906981,5.251332142906981,5.251332142906981,5.251332142906981,5.251332142906981,5.251332142906981,5.251332142906981,5.251332142906981,5.251332142906981,5.251332142906981,5.251332142906981,5.251332142906981,5.251332142906981,5.251332142906981,5.251332142906981,5.251332142906981,5.251332142906981,5.251332142906981,5.251332142906981,5.251332142906981,5.251332142906981,5.251332142906981,5.251332142906981,5.251332142906981,5.251332142906981,5.251332142906981,5.251332142906981,5.251332142906981,5.251332142906981,5.251332142906981,5.251332142906981,5.251332142906981,5.251332142906981,5.251332142906981,5.251332142906981,5.251332142906981,5.251332142906981,5.251332142906981,5.251332142906981,5.251332142906981,5.251332142906981,5.251332142906981,5.251332142906981,5.251332142906981,5.251332142906981,5.251332142906981,5.251332142906981,5.251332142906981,5.251332142906981,5.251332142906981,5.251332142906981,5.251332142906981,5.251332142906981,5.251332142906981,5.251332142906981,5.251332142906981,5.251332142906981,5.251332142906981,5.251332142906981,5.251332142906981,5.251332142906981,5.251332142906981,5.251332142906981,5.251332142906981,5.251332142906981,5.251332142906981,5.251332142906981,5.251332142906981,5.251332142906981,5.251332142906981,5.251332142906981,5.251332142906981,5.251332142906981,5.251332142906981,5.251332142906981,5.251332142906981,5.251332142906981,5.251332142906981,5.251332142906981,5.251332142906981,5.251332142906981,5.251332142906981,5.251332142906981,5.251332142906981,5.251332142906981,5.251332142906981,5.251332142906981,5.251332142906981,5.251332142906981,5.251332142906981,5.251332142906981,5.251332142906981,5.251332142906981,5.251332142906981,5.251332142906981,5.251332142906981,5.251332142906981,5.251332142906981,5.251332142906981,5.251332142906981,5.251332142906981,5.251332142906981,5.251332142906981,5.251332142906981,5.251332142906981,5.251332142906981,5.251332142906981,5.251332142906981,5.251332142906981,5.251332142906981,5.251332142906981,5.251332142906981,5.251332142906981,5.251332142906981,5.251332142906981,5.251332142906981,5.251332142906981,5.251332142906981,5.251332142906981,5.251332142906981,5.251332142906981,5.251332142906981,5.251332142906981,5.251332142906981,5.251332142906981,5.251332142906981,5.251332142906981,5.251332142906981,5.251332142906981,5.251332142906981,5.251332142906981,5.251332142906981,5.251332142906981,5.251332142906981,5.251332142906981,5.251332142906981,5.251332142906981,5.251332142906981,5.251332142906981,5.251332142906981,5.251332142906981,5.251332142906981,5.251332142906981,5.251332142906981,5.251332142906981,5.251332142906981,5.251332142906981,5.251332142906981,5.251332142906981,5.251332142906981,5.251332142906981,5.251332142906981,5.251332142906981,5.251332142906981,5.251332142906981,5.251332142906981,5.251332142906981,5.251332142906981,5.251332142906981,5.251332142906981,5.251332142906981,5.251332142906981,5.251332142906981,5.251332142906981,5.251332142906981,5.251332142906981,5.251332142906981,5.251332142906981,5.251332142906981,5.251332142906981,5.251332142906981,5.251332142906981,5.251332142906981,5.251332142906981,5.251332142906981,5.251332142906981,5.251332142906981,5.251332142906981,5.251332142906981,5.251332142906981,5.251332142906981,5.251332142906981,5.251332142906981,5.251332142906981,5.251332142906981,5.251332142906981,5.251332142906981,5.251332142906981,5.251332142906981,5.251332142906981,5.251332142906981,5.251332142906981,5.251332142906981,5.251332142906981,5.251332142906981,5.251332142906981,5.251332142906981,5.251332142906981,5.251332142906981,5.251332142906981,5.251332142906981,5.251332142906981,5.251332142906981,5.251332142906981,5.251332142906981,5.251332142906981,5.251332142906981,5.251332142906981,5.251332142906981,5.251332142906981,5.251332142906981,5.251332142906981,5.251332142906981,5.251332142906981,5.251332142906981,5.251332142906981,5.251332142906981,5.251332142906981,5.251332142906981,5.251332142906981,5.251332142906981,5.251332142906981,5.251332142906981,5.251332142906981,5.251332142906981,5.251332142906981,5.251332142906981,5.251332142906981,5.251332142906981,5.251332142906981,5.251332142906981,5.251332142906981,5.251332142906981,5.251332142906981,5.251332142906981,5.251332142906981,5.251332142906981,5.251332142906981,5.251332142906981,5.251332142906981,5.251332142906981,5.251332142906981,5.251332142906981,5.251332142906981,5.251332142906981,5.251332142906981,5.251332142906981,5.251332142906981,5.251332142906981,5.251332142906981,5.251332142906981,5.251332142906981,5.251332142906981,5.251332142906981,5.251332142906981,5.251332142906981,5.251332142906981,5.251332142906981,5.251332142906981,5.251332142906981,5.251332142906981,5.251332142906981,5.251332142906981,5.251332142906981,5.251332142906981,5.251332142906981,5.251332142906981,5.251332142906981,5.251332142906981,5.251332142906981,5.251332142906981,5.251332142906981,5.251332142906981,5.2419423276664645,5.2419423276664645,5.2419423276664645,5.2419423276664645,5.2419423276664645,5.2419423276664645,4.922831566727929,4.922831566727929,4.922831566727929,4.922831566727929,4.922831566727929,4.710375041472022,4.710375041472022,4.710375041472022,4.710375041472022,4.710375041472022,4.710375041472022,4.710375041472022,4.710375041472022,4.710375041472022,4.710375041472022,4.710375041472022,4.710375041472022,4.710375041472022,4.710375041472022,4.710375041472022,4.710375041472022,4.710375041472022,4.710375041472022,4.710375041472022,4.710375041472022,4.710375041472022,4.710375041472022,4.710375041472022,4.710375041472022,4.710375041472022,4.710375041472022,4.710375041472022,4.710375041472022,4.710375041472022,4.710375041472022,4.710375041472022,4.710375041472022,4.710375041472022,4.710375041472022,4.710375041472022,4.710375041472022,4.710375041472022,4.710375041472022,4.710375041472022,4.710375041472022,4.710375041472022,4.710375041472022,4.710375041472022,4.710375041472022,4.710375041472022,4.710375041472022,4.710375041472022,4.710375041472022,4.710375041472022,4.710375041472022,4.710375041472022,4.710375041472022,4.710375041472022,4.710375041472022,4.710375041472022,4.710375041472022,4.710375041472022,4.710375041472022,4.710375041472022,4.710375041472022,4.710375041472022,4.710375041472022,4.710375041472022,4.710375041472022,4.710375041472022,4.710375041472022,4.710375041472022,4.710375041472022,4.710375041472022,4.710375041472022,4.710375041472022,4.710375041472022,4.710375041472022,4.710375041472022,4.710375041472022,4.710375041472022,4.710375041472022,4.710375041472022,4.710375041472022,4.710375041472022,4.710375041472022,4.710375041472022,4.710375041472022,4.710375041472022,4.710375041472022,4.710375041472022,4.710375041472022,4.710375041472022,4.710375041472022,4.710375041472022,4.710375041472022,4.710375041472022,4.710375041472022,4.710375041472022,4.710375041472022,4.710375041472022,4.710375041472022,4.710375041472022,4.710375041472022,4.710375041472022,4.710375041472022,4.710375041472022,4.710375041472022,4.710375041472022,4.710375041472022,4.710375041472022,4.710375041472022,4.710375041472022,4.710375041472022,4.710375041472022,4.710375041472022,4.710375041472022,4.710375041472022,4.710375041472022,4.710375041472022,4.710375041472022,4.710375041472022,4.710375041472022,4.710375041472022,4.710375041472022,4.710375041472022,4.710375041472022,4.710375041472022,4.710375041472022,4.710375041472022,4.710375041472022,4.710375041472022,4.710375041472022,4.710375041472022,4.710375041472022,4.710375041472022,4.710375041472022,4.710375041472022,4.710375041472022,4.710375041472022,4.710375041472022,4.710375041472022,4.710375041472022,4.710375041472022,4.710375041472022,4.710375041472022,4.710375041472022,4.710375041472022,4.710375041472022,4.710375041472022,4.710375041472022,4.710375041472022,4.710375041472022,4.710375041472022,4.710375041472022,4.710375041472022,4.710375041472022,4.710375041472022,4.710375041472022,4.710375041472022,4.710375041472022,4.710375041472022,4.710375041472022,4.710375041472022,4.710375041472022,4.710375041472022,4.710375041472022,4.710375041472022,4.710375041472022,4.710375041472022,4.710375041472022,4.710375041472022,4.710375041472022,4.710375041472022,4.710375041472022,4.710375041472022,4.710375041472022,4.710375041472022,4.710375041472022,4.710375041472022,4.710375041472022,4.710375041472022,4.710375041472022,4.710375041472022,4.710375041472022,4.710375041472022,4.710375041472022,4.710375041472022,4.710375041472022,4.710375041472022,4.710375041472022,4.710375041472022,4.710375041472022,4.710375041472022,4.710375041472022,4.710375041472022,4.710375041472022,4.710375041472022,4.710375041472022,4.710375041472022,4.710375041472022,4.710375041472022,4.710375041472022,4.710375041472022,4.710375041472022,4.710375041472022,4.710375041472022,4.710375041472022,4.710375041472022,4.710375041472022,4.710375041472022,4.710375041472022,4.710375041472022,4.710375041472022,4.710375041472022,4.710375041472022,4.710375041472022,4.710375041472022,4.710375041472022,4.710375041472022,4.710375041472022,4.710375041472022,4.710375041472022,4.710375041472022,4.710375041472022,4.710375041472022,4.710375041472022,4.710375041472022,4.710375041472022,4.710375041472022,4.710375041472022,4.710375041472022,4.710375041472022,4.710375041472022,4.710375041472022,4.710375041472022,4.710375041472022,4.710375041472022,4.710375041472022,4.710375041472022,4.710375041472022,4.710375041472022,4.710375041472022,4.710375041472022,4.710375041472022,4.710375041472022,4.710375041472022,4.710375041472022,4.710375041472022,4.710375041472022,4.710375041472022,4.710375041472022,4.710375041472022,4.710375041472022,4.710375041472022,4.710375041472022,4.710375041472022,4.710375041472022,4.710375041472022,4.710375041472022,4.710375041472022,4.710375041472022,4.710375041472022,4.710375041472022,4.710375041472022,4.710375041472022,4.710375041472022,4.710375041472022,4.710375041472022,4.710375041472022,4.710375041472022,4.710375041472022,4.710375041472022,4.710375041472022,4.710375041472022,4.710375041472022,4.710375041472022,4.710375041472022,4.710375041472022,4.710375041472022,4.710375041472022,4.710375041472022,4.710375041472022,4.710375041472022,4.710375041472022,4.710375041472022,4.710375041472022,4.710375041472022,4.710375041472022,4.710375041472022,4.710375041472022,4.710375041472022,4.710375041472022,4.710375041472022,4.710375041472022,4.710375041472022,4.710375041472022,4.710375041472022,4.710375041472022,4.710375041472022,4.710375041472022,4.710375041472022,4.710375041472022,4.710375041472022,4.710375041472022,4.710375041472022,4.710375041472022,3.9419718924228144,3.9419718924228144,3.9419718924228144,3.9419718924228144,3.9419718924228144,3.9419718924228144,3.746333493382689,3.746333493382689,3.746333493382689,3.746333493382689,3.7448895427859896,3.7448895427859896,3.7448895427859896,3.7448895427859896,3.7448895427859896,3.7448895427859896,3.553556638264733,3.553556638264733,3.553556638264733,3.553556638264733,3.553556638264733,3.553556638264733,3.553556638264733,3.553556638264733,3.553556638264733,3.553556638264733,3.553556638264733,3.553556638264733,3.553556638264733,3.553556638264733,3.553556638264733,3.553556638264733,3.553556638264733,3.553556638264733,3.553556638264733,3.553556638264733,3.553556638264733,3.553556638264733,3.553556638264733,3.553556638264733,7.225382259055022,7.225382259055022,7.225382259055022,7.225382259055022,7.225382259055022,7.225382259055022,6.709070019149687,6.709070019149687,6.709070019149687,6.133455927023597,6.133455927023597,6.133455927023597,6.133455927023597,6.133455927023597,6.133455927023597,6.133455927023597,6.133455927023597,6.133455927023597,6.133455927023597,6.133455927023597,6.133455927023597,6.133455927023597,6.133455927023597,6.133455927023597,6.133455927023597,6.133455927023597,6.133455927023597,6.133455927023597,6.133455927023597,6.133455927023597,6.133455927023597,6.133455927023597,6.133455927023597,6.133455927023597,6.133455927023597,6.133455927023597,6.133455927023597,6.133455927023597,6.133455927023597,6.133455927023597,6.133455927023597,6.133455927023597,6.133455927023597,6.133455927023597,6.133455927023597,6.133455927023597,6.133455927023597,6.133455927023597,6.133455927023597,6.133455927023597,6.133455927023597,6.133455927023597,6.133455927023597,6.133455927023597,6.133455927023597,6.133455927023597,6.133455927023597,6.133455927023597,6.133455927023597,6.133455927023597,6.133455927023597,6.133455927023597,6.133455927023597,6.133455927023597,6.133455927023597,6.133455927023597,6.133455927023597,6.133455927023597,6.133455927023597,6.133455927023597,6.133455927023597,6.133455927023597,6.133455927023597,6.133455927023597,6.133455927023597,6.133455927023597,6.133455927023597,6.133455927023597,6.133455927023597,6.133455927023597,6.133455927023597,6.123995136916913,6.123995136916913,6.123995136916913,6.123995136916913,6.123995136916913,6.123995136916913,6.123995136916913,6.123995136916913,6.123995136916913,6.123995136916913,6.123995136916913,6.123995136916913,6.123995136916913,6.123995136916913,6.123995136916913,6.123995136916913,6.123995136916913,6.123995136916913,6.123995136916913,6.123995136916913,6.123995136916913,6.123995136916913,6.123995136916913,6.123995136916913,6.123995136916913,6.123995136916913,6.123995136916913,6.123995136916913,6.123995136916913,6.123995136916913,6.123995136916913,6.123995136916913,6.123995136916913,6.123995136916913,6.123995136916913,6.123995136916913,6.123995136916913,6.123995136916913,6.123995136916913,6.123995136916913,6.123995136916913,6.123995136916913,6.123995136916913,6.123995136916913,6.123995136916913,6.123995136916913,6.123995136916913,6.123995136916913,6.123995136916913,6.123995136916913,6.123995136916913,6.123995136916913,6.123995136916913,6.123995136916913,6.123995136916913,6.123995136916913,6.123995136916913,6.123995136916913,6.123995136916913,6.123995136916913,6.123995136916913,6.123995136916913,6.123995136916913,6.123995136916913,6.123995136916913,6.123995136916913,6.123995136916913,6.123995136916913,6.123995136916913,6.123995136916913,6.123995136916913,6.123995136916913,6.123995136916913,6.123995136916913,6.123995136916913,6.123995136916913,6.123995136916913,6.123995136916913,6.123995136916913,6.123995136916913,6.123995136916913,6.123995136916913,6.123995136916913,6.123995136916913,6.123995136916913,6.123995136916913,6.123995136916913,6.123995136916913,6.123995136916913,6.123995136916913,6.123995136916913,6.123995136916913,6.123995136916913,6.123995136916913,6.123995136916913,6.123995136916913,6.123995136916913,6.123995136916913,6.123995136916913,6.123995136916913,6.10452854368924,6.10452854368924,6.10452854368924,6.10452854368924,6.10452854368924,6.10452854368924,6.052201526822589,6.052201526822589,6.052201526822589,6.052201526822589,6.052201526822589,6.052201526822589,6.052201526822589,6.052201526822589,6.052201526822589,6.052201526822589,6.052201526822589,5.992789872058804,5.992789872058804,5.992789872058804,5.992789872058804,5.992789872058804,5.992789872058804,5.992789872058804,5.992789872058804,5.992789872058804,5.992789872058804,5.992789872058804,5.992789872058804,5.992789872058804,5.992789872058804,5.992789872058804,5.992789872058804,5.992789872058804,5.992789872058804,5.992789872058804,5.992789872058804,5.992789872058804,5.992789872058804,5.992789872058804,5.992789872058804,5.992789872058804,5.992789872058804,5.992789872058804,5.992789872058804,5.992789872058804,5.992789872058804,5.992789872058804,5.992789872058804,5.992789872058804,5.992789872058804,5.992789872058804,5.992789872058804,5.992789872058804,5.992789872058804,5.992789872058804,5.992789872058804,5.992789872058804,5.992789872058804,5.992789872058804,5.992789872058804,5.992789872058804,5.992789872058804,5.992789872058804,5.992789872058804,5.992789872058804,5.992789872058804,5.992789872058804,5.992789872058804,5.992789872058804,5.992789872058804,5.992789872058804,5.992789872058804,5.992789872058804,5.992789872058804,5.992789872058804,5.992789872058804,5.992789872058804,5.992789872058804,5.992789872058804,5.992789872058804,5.992789872058804,5.992789872058804,5.992789872058804,5.992789872058804,5.992789872058804,5.992789872058804,5.992789872058804,5.992789872058804,5.992789872058804,5.992789872058804,5.992789872058804,5.992789872058804,5.992789872058804,5.992789872058804,5.992789872058804,5.992789872058804,5.992789872058804,5.992789872058804,5.992789872058804,5.992789872058804,5.992789872058804,5.992789872058804,5.888876564184376,5.888876564184376,5.888876564184376,5.888876564184376,5.888876564184376,5.888876564184376,5.888876564184376,5.888876564184376,5.888876564184376,5.888876564184376,5.888876564184376,5.888876564184376,5.888876564184376,5.888876564184376,5.888876564184376,5.888876564184376,5.888876564184376,5.888876564184376,5.888876564184376,5.888876564184376,5.888876564184376,5.888876564184376,5.888876564184376,5.888876564184376,5.888876564184376,5.888876564184376,5.888876564184376,5.888876564184376,5.888876564184376,5.888876564184376,5.888876564184376,5.888876564184376,5.888876564184376,5.888876564184376,5.888876564184376,5.888876564184376,5.888876564184376,5.888876564184376,5.888876564184376,5.888876564184376,5.888876564184376,5.888876564184376,5.888876564184376,5.888876564184376,5.888876564184376,5.888876564184376,5.888876564184376,5.888876564184376,5.888876564184376,5.888876564184376,5.888876564184376,5.888876564184376,5.888876564184376,5.888876564184376,5.888876564184376,5.888876564184376,5.888876564184376,5.888876564184376,5.888876564184376,5.888876564184376,5.888876564184376,5.888876564184376,5.888876564184376,5.888876564184376,5.888876564184376,5.888876564184376,5.888876564184376,5.888876564184376,5.888876564184376,5.888876564184376,5.888876564184376,5.888876564184376,5.888876564184376,5.888876564184376,5.888876564184376,5.888876564184376,5.888876564184376,5.888876564184376,5.888876564184376,5.888876564184376,5.888876564184376,5.888876564184376,5.888876564184376,5.888876564184376,5.888876564184376,5.888876564184376,5.888876564184376,5.888876564184376,5.888876564184376,5.888876564184376,5.888876564184376,5.888876564184376,5.888876564184376,5.888876564184376,5.888876564184376,5.888876564184376,5.888876564184376,5.888876564184376,5.888876564184376,5.888876564184376,5.888876564184376,5.888876564184376,5.888876564184376,5.888876564184376,5.888876564184376,5.888876564184376,5.888876564184376,5.888876564184376,5.888876564184376,5.888876564184376,5.888876564184376,5.888876564184376,5.888876564184376,5.888876564184376,5.888876564184376,5.888876564184376,5.888876564184376,5.888876564184376,5.888876564184376,5.888876564184376,5.888876564184376,5.888876564184376,5.888876564184376,5.888876564184376,5.888876564184376,5.888876564184376,5.888876564184376,5.888876564184376,5.888876564184376,5.888876564184376,5.888876564184376,5.888876564184376,5.888876564184376,5.888876564184376,5.888876564184376,5.888876564184376,5.888876564184376,5.888876564184376,5.888876564184376,5.888876564184376,5.888876564184376,5.888876564184376,5.888876564184376,5.888876564184376,5.888876564184376,5.888876564184376,5.888876564184376,5.888876564184376,5.888876564184376,5.888876564184376,5.888876564184376,5.888876564184376,5.888876564184376,5.888876564184376,5.888876564184376,5.888876564184376,5.888876564184376,5.888876564184376,5.888876564184376,5.888876564184376,5.888876564184376,5.888876564184376,5.888876564184376,5.888876564184376,5.888876564184376,5.888876564184376,5.888876564184376,5.888876564184376,5.888876564184376,5.888876564184376,5.888876564184376,5.888876564184376,5.888876564184376,5.061782525842638,5.061782525842638,5.061782525842638,4.601175067726495,4.601175067726495,4.601175067726495,4.601175067726495,4.601175067726495,4.601175067726495,4.601175067726495,4.601175067726495,4.601175067726495,4.601175067726495,4.601175067726495,4.601175067726495,4.3810285999185545,4.3810285999185545,4.379768063726575,4.379768063726575,4.379768063726575,4.3783455381402065,4.3783455381402065,4.3783455381402065,4.3783455381402065,4.3783455381402065,4.3783455381402065,4.3783455381402065,4.3783455381402065,4.3783455381402065,4.3783455381402065,4.3783455381402065,4.3783455381402065,4.3783455381402065,4.3783455381402065,4.3783455381402065,4.3783455381402065,4.3783455381402065,4.3783455381402065,4.3783455381402065,4.3783455381402065,4.3783455381402065,4.3783455381402065,4.3783455381402065,4.3783455381402065,4.3783455381402065,4.3783455381402065,4.3783455381402065,4.3783455381402065,4.3783455381402065,4.3783455381402065,4.3783455381402065,4.3783455381402065,4.3783455381402065,4.3783455381402065,4.3783455381402065,4.3783455381402065,4.3783455381402065,4.3783455381402065,4.3783455381402065,4.3783455381402065,4.3783455381402065,4.3783455381402065,4.3783455381402065,4.3783455381402065,4.3783455381402065,4.3783455381402065,4.3783455381402065,4.3783455381402065,4.3783455381402065,4.3783455381402065,4.3783455381402065,4.3783455381402065,4.3783455381402065,4.3783455381402065,4.3783455381402065,4.3783455381402065,4.3783455381402065,4.3783455381402065,4.3783455381402065,4.3133584266396765,4.3133584266396765,4.3133584266396765,4.3133584266396765,4.3133584266396765,4.3133584266396765,4.3133584266396765,4.3133584266396765,4.3133584266396765,4.3133584266396765,4.3133584266396765,4.3133584266396765,4.3133584266396765,4.3133584266396765,4.3133584266396765,4.3133584266396765,4.3133584266396765,4.3133584266396765,4.3133584266396765,4.3133584266396765,4.3133584266396765,4.3133584266396765,4.3133584266396765,4.3133584266396765,4.3133584266396765,4.3133584266396765,4.3133584266396765,4.3133584266396765,4.3133584266396765,4.3133584266396765,4.3133584266396765,4.3133584266396765,4.3133584266396765,4.3133584266396765,4.3133584266396765,4.3133584266396765,4.3133584266396765,4.3133584266396765,4.3133584266396765,4.3133584266396765,4.3133584266396765,4.3133584266396765,4.3133584266396765,4.3133584266396765,4.3133584266396765,4.3133584266396765,4.3133584266396765,4.3133584266396765,4.3133584266396765,4.3133584266396765,4.3133584266396765,4.3133584266396765,4.3133584266396765,4.3133584266396765,4.3133584266396765,4.3133584266396765,4.3133584266396765,4.3133584266396765,4.3133584266396765,4.3133584266396765,4.3133584266396765,4.3133584266396765,4.3133584266396765,4.3133584266396765,4.3133584266396765,4.3133584266396765,4.3133584266396765,4.3133584266396765,4.3133584266396765,4.3133584266396765,4.3133584266396765,4.3133584266396765,4.3133584266396765,4.3133584266396765,4.3133584266396765,4.3133584266396765,4.3133584266396765,4.3133584266396765,4.3133584266396765,4.3133584266396765,4.3133584266396765,4.3133584266396765,4.3133584266396765,4.3133584266396765,4.3133584266396765,4.3133584266396765,4.3133584266396765,4.3133584266396765,4.3133584266396765,4.3133584266396765,4.3133584266396765,4.3133584266396765,4.3133584266396765,4.3133584266396765,4.3133584266396765,4.3133584266396765,4.3133584266396765,4.3133584266396765,4.3133584266396765,4.3133584266396765,4.3133584266396765,4.3133584266396765,4.3133584266396765,4.3133584266396765,4.3133584266396765,4.3133584266396765,4.3133584266396765,4.3133584266396765,4.3133584266396765,4.3133584266396765,4.3133584266396765,4.3133584266396765,4.3133584266396765,4.3133584266396765,4.3133584266396765,4.3133584266396765,4.3133584266396765,4.3133584266396765,4.3133584266396765,4.3133584266396765,4.3133584266396765,4.3133584266396765,4.3133584266396765,4.3133584266396765,4.3133584266396765,4.3133584266396765,4.3133584266396765,4.3133584266396765,4.3133584266396765,4.3133584266396765,4.3133584266396765,4.3133584266396765,4.3133584266396765,4.3133584266396765,4.3133584266396765,4.3133584266396765,4.3133584266396765,4.3133584266396765,4.3133584266396765,4.3133584266396765,4.3133584266396765,4.3133584266396765,4.3133584266396765,4.3133584266396765,4.3133584266396765,4.3133584266396765,4.3133584266396765,4.3133584266396765,4.3133584266396765,4.3133584266396765,4.3133584266396765,4.3133584266396765,4.3133584266396765,4.3133584266396765,4.3133584266396765,4.3133584266396765,4.3133584266396765,4.3133584266396765,4.3133584266396765,4.3133584266396765,4.3133584266396765,4.3133584266396765,4.3133584266396765,4.3133584266396765,4.3133584266396765,4.3133584266396765,4.3133584266396765,4.3133584266396765,4.3133584266396765,4.3133584266396765,4.3133584266396765,4.3133584266396765,4.3133584266396765,4.3133584266396765,4.3133584266396765,4.3133584266396765,4.3133584266396765,4.3133584266396765,4.3133584266396765,4.3133584266396765,4.3133584266396765,4.3133584266396765,4.3133584266396765,4.3133584266396765,4.3133584266396765,4.3133584266396765,4.3133584266396765,4.3133584266396765,4.3133584266396765,4.3133584266396765,4.3133584266396765,4.3133584266396765,4.3133584266396765,4.3133584266396765,4.3133584266396765,4.3133584266396765,4.3133584266396765,4.3133584266396765,4.3133584266396765,4.3133584266396765,4.3133584266396765,4.3133584266396765,4.3133584266396765,4.3133584266396765,4.3133584266396765,4.3133584266396765,4.3133584266396765,4.3133584266396765,4.3133584266396765,4.3133584266396765,4.3133584266396765,4.3133584266396765,4.3133584266396765,4.3133584266396765,4.3133584266396765,4.3133584266396765,4.3133584266396765,4.3133584266396765,4.3133584266396765,4.3133584266396765,4.3133584266396765,4.3133584266396765,4.3133584266396765,4.3133584266396765,4.3133584266396765,4.3133584266396765,4.3133584266396765,4.3133584266396765,4.3133584266396765,4.3133584266396765,4.3133584266396765,4.3133584266396765,4.3133584266396765,4.3133584266396765,4.3133584266396765,4.3133584266396765,4.3133584266396765,4.3133584266396765,4.3133584266396765,4.3133584266396765,4.3133584266396765,4.3133584266396765,4.3133584266396765,4.3133584266396765,4.3133584266396765,4.3133584266396765,4.3133584266396765,4.3133584266396765,4.3133584266396765,4.3133584266396765,4.3133584266396765,4.3133584266396765,4.3133584266396765,4.3133584266396765,4.3133584266396765,4.3133584266396765,4.3133584266396765,4.3133584266396765,4.3133584266396765,4.3133584266396765,4.3133584266396765,4.3133584266396765,4.3133584266396765,4.3133584266396765,4.3133584266396765,4.3133584266396765,4.3133584266396765,4.3133584266396765,4.3133584266396765,4.3133584266396765,4.3133584266396765,4.3133584266396765,4.3133584266396765,4.3133584266396765,4.3133584266396765,4.3133584266396765,4.3133584266396765,4.3133584266396765,4.3133584266396765,4.3133584266396765,4.3133584266396765,4.3133584266396765,4.3133584266396765,4.3133584266396765,4.3133584266396765,4.3133584266396765,4.3133584266396765,4.3133584266396765,4.3133584266396765,4.3133584266396765,4.3133584266396765,4.3133584266396765,4.3133584266396765,4.3133584266396765,4.3133584266396765,4.3133584266396765,4.3133584266396765,4.3133584266396765,4.3133584266396765,4.3133584266396765,4.3133584266396765,4.3133584266396765,4.3133584266396765,4.3133584266396765,4.3133584266396765,4.3133584266396765,4.3133584266396765,4.3133584266396765,4.3133584266396765,4.3133584266396765,4.3133584266396765,4.3133584266396765,4.3133584266396765,4.3133584266396765,4.3133584266396765,4.3133584266396765,4.3133584266396765,4.3133584266396765,4.3133584266396765,4.3133584266396765,4.3133584266396765,4.3133584266396765,4.3133584266396765,4.3133584266396765,4.3133584266396765,4.3133584266396765,4.3133584266396765,4.3133584266396765,4.3133584266396765,4.3133584266396765,4.3133584266396765,4.3133584266396765,4.3133584266396765,4.3133584266396765,4.3133584266396765,4.3133584266396765,4.3133584266396765,4.3133584266396765,4.3133584266396765,4.3133584266396765,4.3133584266396765,4.3133584266396765,4.3133584266396765,4.3133584266396765,4.3133584266396765,4.3133584266396765,4.3133584266396765,4.3133584266396765,4.3133584266396765,4.3133584266396765,4.3133584266396765,4.3133584266396765,4.3133584266396765,4.3133584266396765,4.3133584266396765,4.3133584266396765,4.3133584266396765,4.3133584266396765,4.3133584266396765,4.3133584266396765,4.3133584266396765,4.3133584266396765,4.3133584266396765,4.3133584266396765,4.3133584266396765,4.3133584266396765,4.3133584266396765,4.3133584266396765,4.3133584266396765,4.3133584266396765,4.3133584266396765,4.3133584266396765,4.3133584266396765,4.3133584266396765,4.3133584266396765,4.3133584266396765,4.3133584266396765,4.3133584266396765,4.3133584266396765,4.3133584266396765,4.3133584266396765,4.3133584266396765,4.3133584266396765,4.3133584266396765,4.3133584266396765,4.3133584266396765,4.3133584266396765,4.3133584266396765,4.3133584266396765,4.3133584266396765,4.3133584266396765,4.3133584266396765,4.3133584266396765,4.3133584266396765,4.3133584266396765,4.3133584266396765,4.3133584266396765,4.3133584266396765,4.3133584266396765,4.3133584266396765,4.3133584266396765,4.3133584266396765,4.3133584266396765,4.3133584266396765,4.3133584266396765,4.3133584266396765,4.3133584266396765,4.3133584266396765,4.3133584266396765,4.3133584266396765,4.3133584266396765,4.3133584266396765,4.3133584266396765,4.3133584266396765,4.3133584266396765,4.3133584266396765,4.3133584266396765,4.3133584266396765,4.3133584266396765,4.3133584266396765,4.3133584266396765,4.3133584266396765,4.3133584266396765,4.3133584266396765,4.3133584266396765,4.3133584266396765,4.3133584266396765,4.3133584266396765,4.3133584266396765,4.3133584266396765,4.3133584266396765,4.3133584266396765,4.3133584266396765,4.3133584266396765,4.3133584266396765,4.3133584266396765,4.3133584266396765,4.3133584266396765,4.3133584266396765,4.3133584266396765,4.3133584266396765,4.3133584266396765,4.3133584266396765,4.3133584266396765,4.3133584266396765,4.3133584266396765,4.3133584266396765,4.3133584266396765,4.3133584266396765,4.3133584266396765,4.3133584266396765,4.3133584266396765,4.3133584266396765,4.3133584266396765,4.3133584266396765,4.3133584266396765,4.3133584266396765,4.3133584266396765,4.3133584266396765,4.3133584266396765,4.3133584266396765,4.3133584266396765,4.3133584266396765,4.3133584266396765,8.654939612829732,8.654939612829732,8.654939612829732,8.10781302090376,8.10781302090376,8.10781302090376,8.10781302090376,8.10781302090376,7.900117887587659,7.900117887587659,7.900117887587659,7.900117887587659,7.8741684108852255,7.8741684108852255,7.8741684108852255,7.38739610185743,7.38739610185743,7.38739610185743,7.38739610185743,7.38739610185743,7.38739610185743,7.2174516384813545,7.2174516384813545,7.2174516384813545,7.2174516384813545,7.2174516384813545,7.2174516384813545,7.2174516384813545,7.2174516384813545,7.0856123076952375,7.0856123076952375,7.0856123076952375,7.0856123076952375,7.0856123076952375,7.0856123076952375,7.0856123076952375,7.0856123076952375,7.0856123076952375,7.0856123076952375,7.0856123076952375,7.0856123076952375,7.0856123076952375,7.0856123076952375,7.0856123076952375,7.0856123076952375,7.0856123076952375,7.0856123076952375,7.0856123076952375,7.0856123076952375,7.0856123076952375,7.0856123076952375,7.0856123076952375,7.0856123076952375,7.0856123076952375,7.0856123076952375,7.0856123076952375,7.0856123076952375,7.0856123076952375,7.0856123076952375,7.0856123076952375,7.0856123076952375,7.0856123076952375,7.0856123076952375,7.0856123076952375,7.0856123076952375,7.0856123076952375,7.0856123076952375,7.0856123076952375,7.0856123076952375,6.692911925955589,6.692911925955589,6.692911925955589,6.692911925955589,6.692911925955589,6.692911925955589,6.692911925955589,6.692911925955589,6.692911925955589,6.692911925955589,6.692911925955589,6.692911925955589,6.692911925955589,6.692911925955589,6.692911925955589,6.545165425273183,6.545165425273183,6.545165425273183,6.545165425273183,6.545165425273183,6.545165425273183,6.545165425273183,6.545165425273183,6.545165425273183,6.545165425273183,6.545165425273183,6.545165425273183,6.545165425273183,6.545165425273183,6.545165425273183,6.545165425273183,6.545165425273183,6.545165425273183,6.545165425273183,6.545165425273183,6.545165425273183,6.545165425273183,6.545165425273183,6.545165425273183,6.545165425273183,6.545165425273183,6.545165425273183,6.545165425273183,6.545165425273183,6.545165425273183,6.545165425273183,6.545165425273183,6.545165425273183,6.545165425273183,6.545165425273183,6.545165425273183,6.545165425273183,6.545165425273183,6.545165425273183,6.545165425273183,6.545165425273183,6.545165425273183,6.545165425273183,6.545165425273183,6.545165425273183,6.545165425273183,6.545165425273183,6.545165425273183,6.545165425273183,6.545165425273183,6.545165425273183,6.545165425273183,6.545165425273183,6.545165425273183,6.545165425273183,6.545165425273183,6.545165425273183,6.545165425273183,6.545165425273183,6.545165425273183,6.545165425273183,6.545165425273183,6.545165425273183,6.545165425273183,6.545165425273183,6.545165425273183,6.545165425273183,6.545165425273183,6.545165425273183,6.545165425273183,6.545165425273183,6.545165425273183,6.545165425273183,6.545165425273183,6.545165425273183,6.545165425273183,6.545165425273183,6.545165425273183,6.545165425273183,6.545165425273183,6.545165425273183,6.545165425273183,6.545165425273183,6.545165425273183,6.545165425273183,6.545165425273183,6.545165425273183,6.545165425273183,6.545165425273183,6.545165425273183,6.545165425273183,6.545165425273183,6.545165425273183,6.545165425273183,6.545165425273183,6.545165425273183,6.545165425273183,6.545165425273183,6.545165425273183,6.545165425273183,6.545165425273183,6.545165425273183,6.545165425273183,6.545165425273183,6.545165425273183,6.545165425273183,6.545165425273183,6.545165425273183,6.545165425273183,6.545165425273183,6.545165425273183,6.545165425273183,6.545165425273183,6.545165425273183,6.545165425273183,6.545165425273183,6.545165425273183,6.545165425273183,6.545165425273183,6.545165425273183,6.545165425273183,6.545165425273183,6.545165425273183,6.545165425273183,6.545165425273183,6.545165425273183,6.545165425273183,6.545165425273183,6.545165425273183,6.545165425273183,6.545165425273183,6.545165425273183,6.545165425273183,6.545165425273183,6.545165425273183,6.545165425273183,6.545165425273183,6.545165425273183,6.545165425273183,6.545165425273183,6.545165425273183,6.545165425273183,6.545165425273183,6.545165425273183,6.545165425273183,6.545165425273183,6.545165425273183,6.545165425273183,6.545165425273183,6.545165425273183,6.545165425273183,6.545165425273183,6.545165425273183,6.545165425273183,6.545165425273183,6.467038325758153,5.93861759658698,5.93861759658698,5.93861759658698,5.93861759658698,5.93861759658698,5.93861759658698,5.93861759658698,5.900203045951312,5.852655165175337,5.852655165175337,5.852655165175337,5.852655165175337,5.852655165175337,5.496757546474048,5.496757546474048,5.496757546474048,5.496757546474048,5.496757546474048,5.496757546474048,5.496757546474048,5.496757546474048,5.496757546474048,5.485890568343255,5.485890568343254,5.485890568343254,5.485890568343254,5.485890568343254,5.485890568343254,5.485890568343254,5.485890568343254,5.348031557644629,5.324507291914212,5.28063445516116,5.28063445516116,5.28063445516116,5.28063445516116,5.28063445516116,5.28063445516116,5.28063445516116,5.28063445516116,5.28063445516116,5.28063445516116,5.28063445516116,5.28063445516116,5.28063445516116,5.28063445516116,5.28063445516116,5.28063445516116,5.28063445516116,5.28063445516116,5.271948861162692,5.271948861162692,5.271948861162692,5.12953851801821,5.12953851801821,5.12953851801821,5.12953851801821,5.12953851801821,5.12953851801821,5.12953851801821,5.12953851801821,5.12953851801821,5.12953851801821,5.12953851801821,5.12953851801821,5.12953851801821,5.12953851801821,5.12953851801821,5.12953851801821,5.12953851801821,5.12953851801821,5.12953851801821,5.12953851801821,5.12953851801821,5.12953851801821,5.12953851801821,5.12953851801821,5.12953851801821,5.12953851801821,5.12953851801821,5.12953851801821,5.12953851801821,5.12953851801821,5.12953851801821,5.12953851801821,5.12953851801821,5.12953851801821,5.12953851801821,5.12953851801821,5.12953851801821,5.12953851801821,5.12953851801821,5.12953851801821,5.12953851801821,5.12953851801821,5.12953851801821,5.12953851801821,5.12953851801821,5.12953851801821,5.12953851801821,5.12953851801821,5.12953851801821,5.12953851801821,5.12953851801821,5.12953851801821,5.12953851801821,5.12953851801821,5.12953851801821,5.12953851801821,5.12953851801821,5.12953851801821,5.12953851801821,5.12953851801821,5.12953851801821,5.12953851801821,5.12953851801821,5.12953851801821,5.12953851801821,5.12953851801821,5.12953851801821,5.12953851801821,5.12953851801821,5.12953851801821,5.12953851801821,5.12953851801821,5.12953851801821,5.12953851801821,5.12953851801821,5.12953851801821,5.12953851801821,5.12953851801821,5.12953851801821,5.12953851801821,5.12953851801821,5.12953851801821,5.12953851801821,5.12953851801821,5.12953851801821,5.12953851801821,5.12953851801821,5.12953851801821,5.12953851801821,5.12953851801821,5.12953851801821,5.12953851801821,5.12953851801821,5.12953851801821,5.12953851801821,5.12953851801821,5.12953851801821,5.12953851801821,5.12953851801821,5.12953851801821,5.12953851801821,5.12953851801821,5.12953851801821,5.12953851801821,5.12953851801821,5.12953851801821,5.12953851801821,5.12953851801821,5.12953851801821,5.12953851801821,5.12953851801821,5.12953851801821,5.12953851801821,5.12953851801821,5.12953851801821,5.12953851801821,5.12953851801821,5.12953851801821,5.12953851801821,5.12953851801821,5.12953851801821,5.12953851801821,5.12953851801821,5.12953851801821,5.12953851801821,5.12953851801821,5.12953851801821,5.12953851801821,5.12953851801821,5.12953851801821,5.12953851801821,5.12953851801821,5.12953851801821,5.12953851801821,5.12953851801821,5.12953851801821,5.12953851801821,5.12953851801821,5.12953851801821,5.12953851801821,5.12953851801821,5.12953851801821,5.12953851801821,5.12953851801821,5.12953851801821,5.12953851801821,5.12953851801821,5.12953851801821,5.12953851801821,5.12953851801821,5.12953851801821,5.12953851801821,5.12953851801821,5.12953851801821,5.12953851801821,5.12953851801821,5.12953851801821,5.12953851801821,5.12953851801821,5.12953851801821,5.12953851801821,5.12953851801821,5.12953851801821,5.12953851801821,5.12953851801821,5.12953851801821,5.12953851801821,5.12953851801821,5.12953851801821,5.12953851801821,5.12953851801821,5.12953851801821,5.12953851801821,5.12953851801821,5.12953851801821,5.12953851801821,5.12953851801821,5.12953851801821,5.12953851801821,5.12953851801821,5.12953851801821,5.12953851801821,5.12953851801821,5.12953851801821,5.12953851801821,5.12953851801821,5.12953851801821,5.12953851801821,5.12953851801821,5.12953851801821,5.12953851801821,5.12953851801821,5.12953851801821,5.12953851801821,5.12953851801821,5.12953851801821,5.12953851801821,5.12953851801821,5.12953851801821,5.12953851801821,5.12953851801821,5.12953851801821,5.12953851801821,5.12953851801821,5.12953851801821,5.12953851801821,5.12953851801821,5.12953851801821,5.12953851801821,5.12953851801821,5.12953851801821,5.12953851801821,5.12953851801821,5.12953851801821,5.12953851801821,5.12953851801821,5.12953851801821,5.12953851801821,5.12953851801821,5.12953851801821,5.12953851801821,5.12953851801821,5.12953851801821,5.12953851801821,5.12953851801821,5.12953851801821,5.12953851801821,5.12953851801821,5.12953851801821,5.12953851801821,5.12953851801821,5.12953851801821,5.12953851801821,5.12953851801821,5.12953851801821,5.12953851801821,5.12953851801821,5.12953851801821,5.12953851801821,5.12953851801821,5.12953851801821,5.12953851801821,5.12953851801821,5.12953851801821,5.12953851801821,5.12953851801821,5.12953851801821,5.12953851801821,5.12953851801821,5.12953851801821,5.12953851801821,5.12953851801821,5.12953851801821,5.12953851801821,5.12953851801821,5.12953851801821,5.12953851801821,5.12953851801821,5.12953851801821,5.12953851801821,5.12953851801821,5.12953851801821,5.12953851801821,5.12953851801821,5.12953851801821,5.12953851801821,5.12953851801821,5.12953851801821,5.12953851801821,5.12953851801821,5.12953851801821,5.12953851801821,5.12953851801821,5.12953851801821,5.12953851801821,5.12953851801821,5.12953851801821,5.12953851801821,5.119724552955055,5.119724552955055,5.119724552955055,5.119724552955055,5.119724552955055,5.119724552955055,5.119724552955055,5.077704389012138,5.077704389012138,5.077704389012138,5.077704389012138,5.077704389012138,5.077704389012138,5.077704389012138,5.077704389012138,5.077704389012138,5.077704389012138,5.077704389012138,5.077704389012138,5.077704389012138,5.077704389012138,5.077704389012138,5.077704389012138,5.077704389012138,5.077704389012138,5.077704389012138,5.077704389012138,5.077704389012138,5.077704389012138,5.077704389012138,5.077704389012138,5.077704389012138,5.077704389012138,5.077704389012138,4.996191316307437,4.996191316307437,4.996191316307437,4.996191316307437,4.996191316307437,4.996191316307437,4.91128708579137,4.91128708579137,4.91128708579137,4.91128708579137,4.91128708579137,4.91128708579137,4.91128708579137,4.91128708579137,4.91128708579137,4.91128708579137,4.91128708579137,4.91128708579137,4.91128708579137,4.91128708579137,4.91128708579137,4.91128708579137,4.91128708579137,4.91128708579137,4.91128708579137,4.91128708579137,4.91128708579137,4.91128708579137,4.91128708579137,4.91128708579137,4.91128708579137,4.91128708579137,4.91128708579137,4.91128708579137,4.91128708579137,4.91128708579137,4.91128708579137,4.91128708579137,4.91128708579137,4.91128708579137,4.91128708579137,4.91128708579137,4.91128708579137,4.91128708579137,4.91128708579137,4.91128708579137,4.91128708579137,4.91128708579137,4.91128708579137,4.91128708579137,4.91128708579137,4.91128708579137,4.91128708579137,4.91128708579137,4.91128708579137,4.91128708579137,4.91128708579137,4.91128708579137,4.91128708579137,4.91128708579137,4.91128708579137,4.91128708579137,4.91128708579137,4.91128708579137,4.91128708579137,4.91128708579137,4.91128708579137,4.91128708579137,4.91128708579137,4.91128708579137,4.91128708579137,4.91128708579137,4.91128708579137,4.91128708579137,4.91128708579137,4.91128708579137,4.91128708579137,4.91128708579137,4.91128708579137,4.91128708579137,4.91128708579137,4.91128708579137,4.91128708579137,4.91128708579137,4.91128708579137,4.91128708579137,4.91128708579137,4.91128708579137,4.91128708579137,4.91128708579137,4.91128708579137,4.91128708579137,4.91128708579137,4.91128708579137,4.91128708579137,4.91128708579137,4.91128708579137,4.91128708579137,4.91128708579137,4.91128708579137,4.91128708579137,4.91128708579137,4.91128708579137,4.91128708579137,4.91128708579137,4.91128708579137,4.91128708579137,4.91128708579137,4.91128708579137,4.91128708579137,4.91128708579137,4.91128708579137,4.91128708579137,4.91128708579137,4.91128708579137,4.91128708579137,4.91128708579137,4.91128708579137,4.91128708579137,4.91128708579137,4.91128708579137,4.91128708579137,4.91128708579137,4.91128708579137,4.91128708579137,4.91128708579137,4.91128708579137,4.91128708579137,4.91128708579137,4.91128708579137,4.91128708579137,4.91128708579137,4.91128708579137,4.91128708579137,4.91128708579137,4.91128708579137,4.91128708579137,4.91128708579137,4.91128708579137,4.91128708579137,4.91128708579137,4.91128708579137,4.91128708579137,4.91128708579137,4.91128708579137,4.91128708579137,4.91128708579137,4.91128708579137,4.91128708579137,4.91128708579137,4.91128708579137,4.91128708579137,4.91128708579137,4.91128708579137,4.91128708579137,4.91128708579137,4.91128708579137,4.91128708579137,4.91128708579137,4.91128708579137,4.91128708579137,4.91128708579137,4.91128708579137,4.91128708579137,4.91128708579137,4.91128708579137,4.91128708579137,4.91128708579137,4.91128708579137,4.91128708579137,4.91128708579137,4.91128708579137,4.91128708579137,4.91128708579137,4.91128708579137,4.91128708579137,4.91128708579137,4.91128708579137,4.91128708579137,4.91128708579137,4.91128708579137,4.91128708579137,4.91128708579137,4.91128708579137,4.91128708579137,4.91128708579137,4.91128708579137,4.91128708579137,4.91128708579137,4.91128708579137,4.91128708579137,4.91128708579137,4.91128708579137,4.91128708579137,4.91128708579137,4.91128708579137,4.91128708579137,4.91128708579137,4.91128708579137,4.91128708579137,4.91128708579137,4.91128708579137,4.91128708579137,4.91128708579137,4.91128708579137,4.91128708579137,4.91128708579137,4.91128708579137,4.91128708579137,4.91128708579137,4.91128708579137,4.91128708579137,4.91128708579137,4.91128708579137,4.91128708579137,4.91128708579137,4.91128708579137,4.91128708579137,4.91128708579137,4.91128708579137,4.91128708579137,4.91128708579137,4.91128708579137,4.91128708579137,4.91128708579137,4.91128708579137,4.91128708579137,4.91128708579137,4.91128708579137,4.91128708579137,4.91128708579137,4.91128708579137,4.91128708579137,4.91128708579137,4.91128708579137,4.91128708579137,4.91128708579137,4.91128708579137,4.91128708579137,4.91128708579137,4.91128708579137,4.91128708579137,4.91128708579137,4.91128708579137,4.91128708579137,4.91128708579137,4.91128708579137,4.91128708579137,4.91128708579137,4.91128708579137,4.91128708579137,4.91128708579137,4.91128708579137,4.91128708579137,4.91128708579137,4.91128708579137,4.91128708579137,4.91128708579137,4.91128708579137,4.91128708579137,4.91128708579137,4.91128708579137,4.91128708579137,4.91128708579137,4.91128708579137,4.91128708579137,4.91128708579137,4.91128708579137,4.91128708579137,4.91128708579137,4.91128708579137,4.91128708579137,4.91128708579137,4.91128708579137,4.91128708579137,4.91128708579137,4.91128708579137,4.91128708579137,4.91128708579137,4.91128708579137,4.91128708579137,4.91128708579137,4.91128708579137,4.91128708579137,4.91128708579137,4.91128708579137,4.91128708579137,4.91128708579137,4.91128708579137,4.91128708579137,4.91128708579137,4.91128708579137,4.91128708579137,4.91128708579137,4.91128708579137,4.91128708579137,4.91128708579137,4.91128708579137,4.91128708579137,4.91128708579137,4.91128708579137,4.91128708579137,4.91128708579137,4.91128708579137,4.91128708579137,4.91128708579137,4.91128708579137,4.91128708579137,4.91128708579137,4.91128708579137,4.91128708579137,4.91128708579137,4.91128708579137,4.91128708579137,4.91128708579137,4.91128708579137,4.91128708579137,4.91128708579137,4.91128708579137,4.91128708579137,4.91128708579137,4.91128708579137,4.91128708579137,4.91128708579137,4.91128708579137,4.91128708579137,4.91128708579137,4.91128708579137,4.91128708579137,4.91128708579137,4.91128708579137,4.91128708579137,4.91128708579137,4.91128708579137,4.91128708579137,4.91128708579137,4.91128708579137,4.91128708579137,4.91128708579137,4.91128708579137,4.91128708579137,4.91128708579137,4.91128708579137,4.91128708579137,4.91128708579137,4.91128708579137,4.91128708579137,4.91128708579137,4.91128708579137,4.91128708579137,4.91128708579137,4.91128708579137,4.91128708579137,4.91128708579137,4.91128708579137,4.91128708579137,4.91128708579137,4.91128708579137,4.91128708579137,4.91128708579137,4.91128708579137,4.91128708579137,4.91128708579137,4.91128708579137,4.91128708579137,4.91128708579137,4.91128708579137,4.91128708579137,4.91128708579137,4.91128708579137,4.91128708579137,4.91128708579137,4.91128708579137,4.91128708579137,4.91128708579137,4.91128708579137,4.91128708579137,4.91128708579137,4.91128708579137,4.91128708579137,4.91128708579137,4.91128708579137,4.91128708579137,4.91128708579137,4.91128708579137,4.91128708579137,4.91128708579137,4.91128708579137,4.91128708579137,4.91128708579137,4.91128708579137,4.91128708579137,4.91128708579137,4.91128708579137,4.91128708579137,7.458080258191082,6.431753428468207,6.431753428468207,6.431753428468207,6.431753428468207,6.431753428468207,6.431753428468207,6.431753428468207,6.431753428468207,6.431753428468207,6.431753428468207,6.431753428468207,6.431753428468207,6.431753428468207,6.431753428468207,6.431753428468207,6.431753428468207,6.431753428468207,6.431753428468207,6.431753428468207,6.054090253544641,6.054090253544641,6.054090253544641,6.054090253544641,6.054090253544641,6.054090253544641,6.054090253544641,6.054090253544641,6.054090253544641,6.054090253544641,6.054090253544641,6.054090253544641,6.054090253544641,6.054090253544641,6.054090253544641,6.054090253544641,6.054090253544641,6.054090253544641,6.054090253544641,6.054090253544641,6.054090253544641,6.054090253544641,6.054090253544641,6.054090253544641,6.054090253544641,6.054090253544641,6.054090253544641,6.054090253544641,6.054090253544641,6.054090253544641,6.054090253544641,6.054090253544641,6.054090253544641,6.054090253544641,6.054090253544641,6.054090253544641,6.054090253544641,6.054090253544641,6.054090253544641,6.054090253544641,6.054090253544641,6.054090253544641,6.054090253544641,6.054090253544641,6.054090253544641,6.054090253544641,6.054090253544641,6.054090253544641,6.054090253544641,6.054090253544641,6.054090253544641,6.054090253544641,6.054090253544641,6.054090253544641,6.054090253544641,6.054090253544641,6.054090253544641,6.054090253544641,6.054090253544641,6.054090253544641,6.054090253544641,6.054090253544641,6.054090253544641,6.054090253544641,6.054090253544641,6.054090253544641,6.054090253544641,6.054090253544641,6.054090253544641,6.054090253544641,6.054090253544641,6.054090253544641,6.054090253544641,6.054090253544641,6.054090253544641,6.054090253544641,6.054090253544641,6.054090253544641,6.054090253544641,6.054090253544641,6.054090253544641,6.054090253544641,6.054090253544641,6.054090253544641,6.054090253544641,6.054090253544641,6.054090253544641,6.054090253544641,6.054090253544641,6.054090253544641,6.054090253544641,6.054090253544641,6.054090253544641,6.054090253544641,6.054090253544641,6.054090253544641,6.054090253544641,6.054090253544641,6.054090253544641,6.054090253544641,6.054090253544641,6.054090253544641,6.054090253544641,6.054090253544641,6.054090253544641,6.054090253544641,6.054090253544641,6.054090253544641,6.054090253544641,6.054090253544641,6.054090253544641,6.054090253544641,6.054090253544641,6.054090253544641,6.054090253544641,6.054090253544641,6.054090253544641,6.054090253544641,6.054090253544641,6.054090253544641,6.054090253544641,6.054090253544641,6.054090253544641,6.054090253544641,6.054090253544641,6.054090253544641,6.054090253544641,6.054090253544641,6.054090253544641,6.054090253544641,6.054090253544641,6.054090253544641,6.054090253544641,6.054090253544641,6.054090253544641,6.054090253544641,6.054090253544641,6.054090253544641,6.054090253544641,6.054090253544641,6.054090253544641,6.054090253544641,6.054090253544641,6.054090253544641,6.054090253544641,6.054090253544641,6.054090253544641,6.054090253544641,6.054090253544641,6.054090253544641,6.054090253544641,6.054090253544641,6.054090253544641,6.054090253544641,6.054090253544641,6.054090253544641,6.054090253544641,6.054090253544641,6.054090253544641,6.054090253544641,6.054090253544641,6.054090253544641,6.004015898743129,6.004015898743129,6.004015898743129,6.004015898743129,6.004015898743129,6.004015898743129,6.004015898743129,6.004015898743129,6.004015898743129,6.004015898743129,6.004015898743129,6.004015898743129,6.004015898743129,6.004015898743129,6.004015898743129,6.004015898743129,6.004015898743129,6.004015898743129,6.004015898743129,6.004015898743129,6.004015898743129,6.004015898743129,6.004015898743129,6.004015898743129,6.004015898743129,6.004015898743129,6.004015898743129,6.004015898743129,6.004015898743129,6.004015898743129,6.004015898743128,6.004015898743128,6.004015898743128,6.004015898743128,6.004015898743128,6.004015898743128,6.004015898743128,6.004015898743128,6.004015898743128,6.004015898743128,6.004015898743128,6.004015898743128,6.004015898743128,6.004015898743128,6.004015898743128,6.004015898743128,6.004015898743128,6.004015898743128,6.004015898743128,6.004015898743128,6.004015898743128,6.004015898743128,6.004015898743128,6.004015898743128,6.004015898743128,6.004015898743128,6.004015898743128,6.004015898743128,6.004015898743128,6.004015898743128,6.004015898743128,6.004015898743128,6.004015898743128,6.004015898743128,6.004015898743128,6.004015898743128,6.004015898743128,6.004015898743128,6.004015898743128,6.004015898743128,6.004015898743128,6.004015898743128,6.004015898743128,6.004015898743128,6.004015898743128,6.004015898743128,6.004015898743128,6.004015898743128,6.004015898743128,6.004015898743128,6.004015898743128,6.004015898743128,6.004015898743128,6.004015898743128,6.004015898743128,6.004015898743128,6.004015898743128,6.004015898743128,6.004015898743128,6.004015898743128,6.004015898743128,6.004015898743128,6.004015898743128,6.004015898743128,6.004015898743128,6.004015898743128,6.004015898743128,6.004015898743128,6.004015898743128,6.004015898743128,6.004015898743128,6.004015898743128,6.004015898743128,6.004015898743128,6.004015898743128,6.004015898743128,6.004015898743128,6.004015898743128,6.004015898743128,6.004015898743128,6.004015898743128,6.004015898743128,6.004015898743128,6.004015898743128,6.004015898743128,6.004015898743128,6.004015898743128,6.004015898743128,6.004015898743128,6.004015898743128,6.004015898743128,6.004015898743128,6.004015898743128,6.004015898743128,6.004015898743128,6.004015898743128,6.004015898743128,6.004015898743128,6.004015898743128,6.004015898743128,6.004015898743128,6.004015898743128,6.004015898743128,6.004015898743128,6.004015898743128,6.004015898743128,6.004015898743128,6.004015898743128,6.004015898743128,6.004015898743128,6.004015898743128,6.004015898743128,6.004015898743128,6.004015898743128,6.004015898743128,6.004015898743128,6.004015898743128,6.004015898743128,6.004015898743128,6.004015898743128,6.004015898743128,6.004015898743128,6.004015898743128,6.004015898743128,6.004015898743128,6.004015898743128,6.004015898743128,6.004015898743128,6.004015898743128,6.004015898743128,6.004015898743128,6.004015898743128,6.004015898743128,6.004015898743128,6.004015898743128,6.004015898743128,6.004015898743128,6.004015898743128,6.004015898743128,6.004015898743128,6.004015898743128,6.004015898743128,6.004015898743128,6.004015898743128,6.004015898743128,6.004015898743128,6.004015898743128,6.004015898743128,6.004015898743128,6.004015898743128,6.004015898743128,6.004015898743128,6.004015898743128,6.004015898743128,6.004015898743128,6.004015898743128,6.004015898743128,6.004015898743128,6.004015898743128,6.004015898743128,6.004015898743128,4.872938486826628,4.626574374162453,4.562885292170034,4.562885292170034,4.562885292170034,4.562885292170034,4.562885292170034,4.562885292170034,4.562885292170034,4.562885292170034,4.562885292170034,4.562885292170034,4.562885292170034,4.562885292170034,4.562885292170034,4.562885292170034,4.562885292170034,4.524385564048791,4.524385564048791,4.524385564048791,4.524385564048791,4.524385564048791,4.524385564048791,4.524385564048791,4.524385564048791,4.524385564048791,4.524385564048791,4.524385564048791,4.524385564048791,4.524385564048791,4.524385564048791,4.524385564048791,4.524385564048791,4.524385564048791,4.524385564048791,4.524385564048791,4.524385564048791,4.524385564048791,4.524385564048791,4.524385564048791,4.524385564048791,4.524385564048791,4.512775914639341,4.496063904711363,4.496063904711363,4.496063904711363,4.496063904711363,4.496063904711363,4.496063904711363,4.496063904711363,4.496063904711363,4.496063904711363,4.496063904711363,4.496063904711363,4.496063904711363,4.496063904711363,4.496063904711363,4.496063904711363,4.496063904711363,4.496063904711363,4.496063904711363,4.496063904711363,4.496063904711363,4.496063904711363,4.496063904711363,4.496063904711363,4.496063904711363,4.496063904711363,4.496063904711363,4.496063904711363,4.496063904711363,4.496063904711363,4.496063904711363,4.496063904711363,4.496063904711363,4.496063904711363,4.496063904711363,4.496063904711363,4.496063904711363,4.496063904711363,4.496063904711363,4.496063904711363,4.496063904711363,4.496063904711363,4.496063904711363,4.496063904711363,4.496063904711363,4.496063904711363,4.496063904711363,4.496063904711363,4.496063904711363,4.496063904711363,4.496063904711363,4.496063904711363,4.496063904711363,4.496063904711363,4.496063904711363,4.496063904711363,4.496063904711363,4.496063904711363,4.360350635108916,4.360350635108915,4.360350635108915,4.360350635108915,4.360350635108915,4.360350635108915,4.360350635108915,4.286041497979617,4.286041497979617,4.286041497979617,4.261369547128977,4.261369547128977,4.261369547128977,4.261369547128977,4.261369547128977,4.261369547128977,4.261369547128977,4.261369547128977,4.261369547128977,4.261369547128977,4.261369547128977,4.261369547128977,4.261369547128977,4.261369547128977,4.261369547128977,4.261369547128977,4.261369547128977,4.261369547128977,4.261369547128977,4.261369547128977,4.261369547128977,4.261369547128977,4.261369547128977,4.261369547128977,4.261369547128977,4.261369547128977,4.261369547128977,4.261369547128977,4.261369547128977,4.261369547128977,4.261369547128977,4.261369547128977,4.261369547128977,4.261369547128977,4.261369547128977,4.261369547128977,4.261369547128977,4.261369547128977,4.261369547128977,4.261369547128977,4.261369547128977,4.261369547128977,4.261369547128977,4.261369547128977,4.261369547128977,4.261369547128977,4.261369547128977,4.261369547128977,4.261369547128977,4.261369547128977,4.261369547128977,4.261369547128977,4.261369547128977,4.261369547128977,4.261369547128977,4.261369547128977,4.261369547128977,4.261369547128977,4.261369547128977,4.261369547128977,4.261369547128977,4.261369547128977,4.261369547128977,4.261369547128977,4.261369547128977,4.261369547128977,4.261369547128977,4.261369547128977,4.261369547128977,4.261369547128977,4.261369547128977,4.261369547128977,4.261369547128977,4.261369547128977,4.261369547128977,4.261369547128977,4.261369547128977,4.261369547128977,4.261369547128977,4.261369547128977,4.261369547128977,4.261369547128977,4.261369547128977,4.261369547128977,4.261369547128977,4.261369547128977,4.261369547128977,4.261369547128977,4.261369547128977,4.261369547128977,4.261369547128977,4.261369547128977,4.261369547128977,4.261369547128977,4.261369547128977,4.261369547128977,4.261369547128977,4.261369547128977,4.261369547128977,4.261369547128977,4.261369547128977,4.261369547128977,4.261369547128977,4.261369547128977,4.261369547128977,4.261369547128977,4.261369547128977,4.261369547128977,4.261369547128977,4.261369547128977,4.261369547128977,4.261369547128977,4.261369547128977,4.261369547128977,4.261369547128977,4.261369547128977,4.261369547128977,4.261369547128977,4.261369547128977,4.261369547128977,4.261369547128977,4.261369547128977,4.261369547128977,4.261369547128977,4.261369547128977,4.261369547128977,4.261369547128977,4.261369547128977,4.261369547128977,4.261369547128977,4.261369547128977,4.261369547128977,4.261369547128977,4.261369547128977,4.261369547128977,4.261369547128977,4.261369547128977,4.261369547128977,4.261369547128977,4.261369547128977,4.261369547128977,4.261369547128977,4.261369547128977,4.261369547128977,4.261369547128977,4.261369547128977,4.261369547128977,4.261369547128977,4.261369547128977,4.261369547128977,4.261369547128977,4.261369547128977,4.261369547128977,4.261369547128977,4.261369547128977,4.261369547128977,4.261369547128977,4.261369547128977,4.261369547128977,4.261369547128977,4.261369547128977,4.261369547128977,4.261369547128977,4.261369547128977,4.261369547128977,4.261369547128977,4.261369547128977,4.261369547128977,4.261369547128977,4.261369547128977,4.261369547128977,4.261369547128977,4.261369547128977,4.261369547128977,4.261369547128977,4.261369547128977,4.261369547128977,4.261369547128977,4.261369547128977,4.261369547128977,4.261369547128977,4.261369547128977,4.261369547128977,4.261369547128977,4.261369547128977,4.261369547128977,4.261369547128977,4.261369547128977,4.261369547128977,4.261369547128977,4.261369547128977,4.261369547128977,4.261369547128977,4.261369547128977,4.261369547128977,4.261369547128977,4.261369547128977,4.261369547128977,4.261369547128977,4.261369547128977,4.261369547128977,4.261369547128977,4.261369547128977,4.261369547128977,4.261369547128977,4.261369547128977,4.261369547128977,4.261369547128977,4.261369547128977,4.261369547128977,4.261369547128977,4.261369547128977,4.261369547128977,4.261369547128977,4.261369547128977,4.261369547128977,4.261369547128977,4.261369547128977,4.261369547128977,4.261369547128977,4.261369547128977,4.261369547128977,4.261369547128977,4.261369547128977,4.261369547128977,4.261369547128977,4.261369547128977,4.261369547128977,4.261369547128977,4.261369547128977,4.261369547128977,4.261369547128977,4.261369547128977,4.261369547128977,4.261369547128977,4.261369547128977,4.261369547128977,4.261369547128977,4.261369547128977,4.261369547128977,4.261369547128977,4.261369547128977,4.261369547128977,4.261369547128977,4.261369547128977,4.261369547128977,4.261369547128977,4.261369547128977,4.261369547128977,4.261369547128977,4.261369547128977,4.261369547128977,4.261369547128977,4.261369547128977,4.261369547128977,4.261369547128977,4.261369547128977,4.261369547128977,4.261369547128977,4.261369547128977,4.261369547128977,4.261369547128977,4.261369547128977,4.261369547128977,4.261369547128977,4.261369547128977,4.261369547128977,4.261369547128977,4.261369547128977,4.261369547128977,4.261369547128977,4.261369547128977,4.261369547128977,4.261369547128977,4.261369547128977,4.261369547128977,4.261369547128977,4.261369547128977,4.261369547128977,4.261369547128977,4.261369547128977,4.261369547128977,4.261369547128977,4.261369547128977,4.261369547128977,4.261369547128977,4.261369547128977,4.261369547128977,4.261369547128977,4.261369547128977,4.261369547128977,4.261369547128977,4.261369547128977,4.261369547128977,4.261369547128977,4.261369547128977,4.261369547128977,4.261369547128977,4.261369547128977,4.261369547128977,4.261369547128977,4.261369547128977,4.261369547128977,4.261369547128977,4.261369547128977,4.261369547128977,4.261369547128977,4.261369547128977,4.261369547128977,4.261369547128977,4.261369547128977,4.261369547128977,4.261369547128977,4.261369547128977,4.261369547128977,4.261369547128977,4.261369547128977,4.261369547128977,4.261369547128977,4.261369547128977,4.261369547128977,4.261369547128977,4.261369547128977,4.261369547128977,4.261369547128977,4.261369547128977,4.261369547128977,4.261369547128977,4.261369547128977,4.261369547128977,4.261369547128977,4.261369547128977,4.261369547128977,4.261369547128977,4.261369547128977,4.261369547128977,4.261369547128977,4.261369547128977,4.261369547128977,4.261369547128977,4.261369547128977,4.261369547128977,4.261369547128977,4.261369547128977,4.261369547128977,4.261369547128977,4.261369547128977,4.261369547128977,4.261369547128977,4.261369547128977,4.261369547128977,4.261369547128977,4.261369547128977,4.261369547128977,4.261369547128977,4.261369547128977,4.261369547128977,4.261369547128977,4.261369547128977,4.261369547128977,4.261369547128977,4.261369547128977,4.261369547128977,4.261369547128977,4.261369547128977,4.261369547128977,4.0284111205628985,3.8722236316668233,3.8722236316668233,3.8722236316668233,3.8722236316668233,3.8722236316668233,3.8379763691727953,3.8379763691727953,3.8379763691727953,3.8379763691727953,3.8379763691727953,3.8379763691727953,3.8379763691727953,3.8379763691727953,3.8379763691727953,3.8379763691727953,3.8379763691727953,3.8379763691727953,3.8379763691727953,3.8379763691727953,3.8379763691727953,3.8379763691727953,3.8379763691727953,3.8379763691727953,3.8379763691727953,3.8379763691727953,3.8379763691727953,3.8379763691727953,3.8379763691727953,3.8379763691727953,3.8379763691727953,3.8379763691727953,3.8379763691727953,3.8379763691727953,3.8379763691727953,3.8379763691727953,3.8379763691727953,3.8379763691727953,3.8379763691727953,3.8379763691727953,3.8379763691727953,3.8379763691727953,3.8379763691727953,3.8379763691727953,3.8379763691727953,3.8379763691727953,3.8379763691727953,3.8379763691727953,3.8379763691727953,3.8379763691727953,3.8379763691727953,3.8379763691727953,3.8379763691727953,3.8379763691727953,3.8379763691727953,3.8379763691727953,3.8379763691727953,3.8379763691727953,3.8379763691727953,3.8379763691727953,3.8379763691727953,3.8379763691727953,3.8379763691727953,3.8379763691727953,3.8379763691727953,3.8379763691727953,3.8379763691727953,3.8379763691727953,3.8379763691727953,3.8379763691727953,3.8379763691727953,3.8379763691727953,3.8379763691727953,3.8379763691727953,3.8379763691727953,3.8379763691727953,3.8379763691727953,3.8379763691727953,3.8379763691727953,3.8379763691727953,3.8379763691727953,3.8379763691727953,3.8379763691727953,3.8379763691727953,3.8379763691727953,3.8379763691727953,3.8379763691727953,3.8379763691727953,3.8379763691727953,3.8379763691727953,3.8379763691727953,3.8379763691727953,3.8379763691727953,3.8379763691727953,3.8379763691727953,3.8379763691727953,3.8379763691727953,3.8379763691727953,3.8379763691727953,3.8379763691727953,3.8379763691727953,3.8379763691727953,3.8379763691727953,3.8379763691727953,3.8379763691727953,3.8379763691727953,3.8379763691727953,3.8379763691727953,3.8379763691727953,3.8379763691727953,3.8379763691727953,3.8379763691727953,3.8379763691727953,3.8379763691727953,3.8379763691727953,3.8379763691727953,3.8379763691727953,3.8379763691727953,3.8379763691727953,3.8379763691727953,3.8379763691727953,3.8379763691727953,3.8379763691727953,3.8379763691727953,3.8379763691727953,3.8379763691727953,3.8379763691727953,3.8379763691727953,3.8379763691727953,3.8379763691727953,3.8379763691727953,3.8379763691727953,3.8379763691727953,3.8379763691727953,3.8379763691727953,3.8379763691727953,3.8379763691727953,3.8379763691727953,3.8379763691727953,3.8379763691727953,3.8379763691727953,3.8379763691727953,3.8379763691727953,3.8379763691727953,3.8379763691727953,3.8379763691727953,3.8379763691727953,3.8379763691727953,3.8379763691727953,3.8379763691727953,3.8379763691727953,7.613749787957142,7.613749787957142,7.613749787957142,7.613749787957142,7.613749787957142,7.613749787957142,7.613749787957142,7.613749787957142,7.613749787957142,7.613749787957142,7.613749787957142,7.613749787957142,7.613749787957142,7.613749787957142,7.613749787957142,7.613749787957142,7.613749787957142,7.613749787957142,7.613749787957142,7.613749787957142,7.613749787957142,7.613749787957142,7.613749787957142,7.613749787957142,7.613749787957142,7.613749787957142,7.613749787957142,7.613749787957142,7.613749787957142,7.613749787957142,7.613749787957142,7.613749787957142,7.613749787957142,7.613749787957142,7.613749787957142,7.613749787957142,7.613749787957142,7.613749787957142,7.613749787957142,7.613749787957142,7.613749787957142,7.613749787957142,7.613749787957142,7.613749787957142,7.613749787957142,7.613749787957142,7.613749787957142,7.613749787957142,7.613749787957142,7.613749787957142,7.613749787957142,7.613749787957142,7.613749787957142,7.613749787957142,7.613749787957142,7.613749787957142,7.613749787957142,7.613749787957142,7.613749787957142,7.613749787957142,7.613749787957142,7.613749787957142,7.613749787957142,7.613749787957142,7.613749787957142,7.613749787957142,7.613749787957142,7.613749787957142,7.613749787957142,7.613749787957142,7.613749787957142,7.613749787957142,7.613749787957142,7.613749787957142,7.613749787957142,7.613749787957142,7.613749787957142,7.613749787957142,7.613749787957142,7.613749787957142,7.613749787957142,7.613749787957142,7.613749787957142,7.613749787957142,7.613749787957142,7.613749787957142,7.613749787957142,7.613749787957142,7.613749787957142,7.613749787957142,7.613749787957142,7.613749787957142,7.613749787957142,7.613749787957142,7.613749787957142,7.613749787957142,7.613749787957142,7.613749787957142,7.613749787957142,7.613749787957142,7.613749787957142,7.613749787957142,7.613749787957142,7.613749787957142,7.613749787957142,7.613749787957142,7.613749787957142,7.613749787957142,7.613749787957142,7.613749787957142,7.613749787957142,7.613749787957142,7.613749787957142,7.613749787957142,7.613749787957142,7.613749787957142,7.613749787957142,7.613749787957142,7.613749787957142,7.613749787957142,7.613749787957142,7.613749787957142,7.613749787957142,7.613749787957142,7.613749787957142,7.613749787957142,7.613749787957142,7.613749787957142,7.613749787957142,7.613749787957142,7.613749787957142,7.613749787957142,7.613749787957142,7.613749787957142,7.613749787957142,7.613749787957142,7.613749787957142,7.613749787957142,7.613749787957142,7.613749787957142,7.613749787957142,7.613749787957142,7.613749787957142,7.613749787957142,7.5901301007883,7.5901301007883,7.5901301007883,7.5901301007883,7.5901301007883,7.5901301007883,7.5901301007883,7.5901301007883,7.5901301007883,7.5901301007883,7.5901301007883,7.5901301007883,7.5901301007883,7.5901301007883,7.5901301007883,7.5901301007883,7.5901301007883,7.5901301007883,7.5901301007883,7.5901301007883,7.5901301007883,7.5901301007883,7.5901301007883,7.5901301007883,7.5901301007883,7.5901301007883,7.5901301007883,7.5901301007883,7.5901301007883,7.5901301007883,7.5901301007883,7.5901301007883,7.5901301007883,7.5901301007883,7.5901301007883,7.5901301007883,7.5901301007883,7.5901301007883,7.5901301007883,7.5901301007883,7.5901301007883,7.5901301007883,7.5901301007883,7.5901301007883,7.5901301007883,7.5901301007883,7.5901301007883,7.5901301007883,7.5901301007883,7.5901301007883,7.5901301007883,7.5901301007883,7.5901301007883,7.5901301007883,7.5901301007883,7.5901301007883,7.5901301007883,7.5901301007883,7.5901301007883,7.5901301007883,7.5901301007883,7.5901301007883,7.5901301007883,7.5901301007883,7.5901301007883,7.5901301007883,7.5901301007883,7.5901301007883,7.5901301007883,7.5901301007883,7.5901301007883,7.5901301007883,7.5901301007883,7.5901301007883,7.5901301007883,7.5901301007883,7.5901301007883,7.5901301007883,7.5901301007883,7.5901301007883,7.5901301007883,7.5901301007883,7.5901301007883,7.5901301007883,7.5901301007883,7.5901301007883,7.5901301007883,7.5901301007883,7.5901301007883,7.5901301007883,7.5901301007883,7.5901301007883,7.5901301007883,7.5901301007883,7.5901301007883,7.5901301007883,7.5901301007883,7.5901301007883,7.5901301007883,7.5901301007883,7.5901301007883,7.5901301007883,7.5901301007883,7.5901301007883,7.5901301007883,7.5901301007883,7.5901301007883,7.5901301007883,7.5901301007883,7.5901301007883,7.5901301007883,7.5901301007883,7.530953429094031,7.530953429094031,7.530953429094031,7.530953429094031,7.530953429094031,7.530953429094031,7.530953429094031,7.530953429094031,7.530953429094031,7.530953429094031,7.530953429094031,7.530953429094031,7.530953429094031,7.530953429094031,7.530953429094031,7.530953429094031,7.530953429094031,7.530953429094031,7.530953429094031,7.530953429094031,7.530953429094031,7.530953429094031,7.530953429094031,7.530953429094031,7.530953429094031,7.530953429094031,7.530953429094031,7.530953429094031,7.530953429094031,7.530953429094031,7.367748739220056,7.367748739220056,7.367748739220056,7.32131122892648,7.32131122892648,7.32131122892648,7.32131122892648,7.32131122892648,7.32131122892648,7.32131122892648,7.32131122892648,7.32131122892648,7.32131122892648,7.32131122892648,7.32131122892648,7.32131122892648,7.32131122892648,7.32131122892648,7.32131122892648,7.32131122892648,7.32131122892648,7.32131122892648,7.32131122892648,7.32131122892648,7.32131122892648,7.32131122892648,7.32131122892648,7.32131122892648,7.32131122892648,7.32131122892648,7.32131122892648,7.32131122892648,7.32131122892648,7.32131122892648,7.32131122892648,7.32131122892648,7.32131122892648,7.32131122892648,7.32131122892648,7.32131122892648,7.32131122892648,7.32131122892648,7.32131122892648,7.32131122892648,7.32131122892648,7.32131122892648,7.32131122892648,7.32131122892648,7.32131122892648,7.32131122892648,7.32131122892648,7.32131122892648,7.32131122892648,7.32131122892648,7.32131122892648,7.32131122892648,7.32131122892648,7.32131122892648,7.32131122892648,7.32131122892648,7.32131122892648,7.32131122892648,7.32131122892648,7.32131122892648,7.32131122892648,7.32131122892648,7.32131122892648,7.32131122892648,7.32131122892648,7.32131122892648,7.32131122892648,7.32131122892648,7.32131122892648,7.32131122892648,7.32131122892648,7.32131122892648,7.32131122892648,7.32131122892648,7.32131122892648,7.32131122892648,7.32131122892648,7.32131122892648,7.32131122892648,7.32131122892648,7.32131122892648,7.32131122892648,7.32131122892648,7.32131122892648,7.32131122892648,7.32131122892648,7.32131122892648,7.32131122892648,7.32131122892648,7.32131122892648,7.32131122892648,7.32131122892648,7.32131122892648,7.32131122892648,7.32131122892648,7.32131122892648,7.32131122892648,7.32131122892648,7.32131122892648,7.32131122892648,7.32131122892648,7.32131122892648,7.32131122892648,7.32131122892648,7.32131122892648,7.32131122892648,7.32131122892648,7.32131122892648,7.32131122892648,7.32131122892648,7.32131122892648,7.32131122892648,7.32131122892648,7.32131122892648,7.32131122892648,7.32131122892648,7.32131122892648,7.32131122892648,7.32131122892648,7.32131122892648,7.32131122892648,7.32131122892648,7.32131122892648,7.32131122892648,7.32131122892648,7.32131122892648,7.32131122892648,7.32131122892648,7.32131122892648,7.32131122892648,7.32131122892648,7.32131122892648,7.32131122892648,7.32131122892648,7.32131122892648,7.32131122892648,7.32131122892648,7.32131122892648,7.32131122892648,7.32131122892648,7.32131122892648,7.32131122892648,7.32131122892648,7.32131122892648,7.32131122892648,7.32131122892648,7.32131122892648,7.32131122892648,7.32131122892648,7.32131122892648,7.32131122892648,7.32131122892648,7.32131122892648,7.32131122892648,7.32131122892648,7.32131122892648,7.32131122892648,7.32131122892648,7.32131122892648,7.32131122892648,7.32131122892648,7.32131122892648,7.32131122892648,7.32131122892648,7.32131122892648,7.32131122892648,7.32131122892648,7.32131122892648,7.32131122892648,7.32131122892648,7.32131122892648,7.32131122892648,7.32131122892648,7.32131122892648,7.32131122892648,7.32131122892648,7.32131122892648,7.32131122892648,7.32131122892648,7.32131122892648,7.32131122892648,7.32131122892648,7.32131122892648,7.32131122892648,7.32131122892648,7.32131122892648,7.32131122892648,7.32131122892648,7.32131122892648,7.32131122892648,7.32131122892648,7.32131122892648,7.32131122892648,7.32131122892648,7.32131122892648,7.32131122892648,7.32131122892648,7.32131122892648,7.32131122892648,7.32131122892648,7.32131122892648,7.32131122892648,7.32131122892648,7.32131122892648,7.32131122892648,7.32131122892648,7.32131122892648,7.32131122892648,7.32131122892648,7.32131122892648,7.32131122892648,7.32131122892648,7.32131122892648,7.32131122892648,7.32131122892648,7.32131122892648,7.32131122892648,7.32131122892648,7.32131122892648,7.32131122892648,7.32131122892648,7.32131122892648,7.32131122892648,7.32131122892648,7.32131122892648,7.32131122892648,7.32131122892648,7.32131122892648,7.32131122892648,7.32131122892648,7.32131122892648,7.32131122892648,7.32131122892648,7.32131122892648,7.32131122892648,7.32131122892648,7.32131122892648,7.32131122892648,7.32131122892648,7.32131122892648,7.32131122892648,7.32131122892648,7.32131122892648,7.32131122892648,7.32131122892648,7.32131122892648,7.32131122892648,5.578189179301206,5.50954388418075,5.509543884180748,5.509543884180748,4.909497261736107,4.909497261736107,4.909497261736107,4.909497261736107,4.909497261736107,4.909497261736107,4.867293318001512,4.867293318001512,4.867293318001512,4.867293318001512,4.867293318001512,4.867293318001512,4.867293318001512,4.867293318001512,4.867293318001512,4.867293318001512,4.867293318001512,4.867293318001512,4.867293318001512,4.867293318001512,4.867293318001512,4.867293318001512,4.867293318001512,4.867293318001512,4.867293318001512,4.867293318001512,4.867293318001512,4.867293318001512,4.867293318001512,4.867293318001512,4.867293318001512,4.867293318001512,4.867293318001512,4.867293318001512,4.867293318001512,4.867293318001512,4.867293318001512,4.867293318001512,4.867293318001512,4.867293318001512,4.867293318001512,4.867293318001512,4.867293318001512,4.867293318001512,4.867293318001512,4.867293318001512,4.867293318001512,4.867293318001512,4.867293318001512,4.867293318001512,4.867293318001512,4.867293318001512,4.867293318001512,4.867293318001512,4.867293318001512,4.867293318001512,4.867293318001512,4.867293318001512,4.867293318001512,4.867293318001512,4.867293318001512,4.867293318001512,4.867293318001512,4.867293318001512,4.867293318001512,4.867293318001512,4.867293318001512,4.867293318001512,4.867293318001512,4.867293318001512,4.867293318001512,4.867293318001512,4.867293318001512,4.867293318001512,4.867293318001512,4.867293318001512,4.867293318001512,4.867293318001512,4.867293318001512,4.867293318001512,4.867293318001512,4.867293318001512,4.867293318001512,4.867293318001512,4.867293318001512,4.867293318001512,4.867293318001512,4.867293318001512,4.867293318001512,4.867293318001512,4.867293318001512,4.867293318001512,4.867293318001512,4.867293318001512,4.867293318001512,4.867293318001512,4.867293318001512,4.867293318001512,4.867293318001512,4.867293318001512,4.867293318001512,4.867293318001512,4.867293318001512,4.867293318001512,4.867293318001512,4.867293318001512,4.867293318001512,4.867293318001512,4.867293318001512,4.867293318001512,4.867293318001512,4.867293318001512,4.867293318001512,4.867293318001512,4.867293318001512,4.867293318001512,4.867293318001512,4.867293318001512,4.867293318001512,4.867293318001512,4.867293318001512,4.867293318001512,4.867293318001512,4.867293318001512,4.867293318001512,4.867293318001512,4.867293318001512,4.867293318001512,4.867293318001512,4.867293318001512,4.867293318001512,4.867293318001512,4.867293318001512,4.867293318001512,4.867293318001512,4.867293318001512,4.867293318001512,4.867293318001512,4.867293318001512,4.867293318001512,4.867293318001512,4.867293318001512,4.867293318001512,4.867293318001512,4.867293318001512,4.867293318001512,4.867293318001512,4.867293318001512,4.867293318001512,4.867293318001512,4.867293318001512,4.867293318001512,4.867293318001512,4.867293318001512,4.867293318001512,4.867293318001512,4.867293318001512,4.867293318001512,4.867293318001512,4.867293318001512,4.867293318001512,4.867293318001512,4.867293318001512,4.867293318001512,4.867293318001512,4.867293318001512,4.867293318001512,4.867293318001512,4.867293318001512,4.867293318001512,4.867293318001512,4.867293318001512,4.867293318001512,4.867293318001512,4.867293318001512,4.867293318001512,4.867293318001512,4.867293318001512,4.867293318001512,4.867293318001512,4.867293318001512,4.867293318001512,4.867293318001512,4.867293318001512,4.867293318001512,4.867293318001512,4.867293318001512,4.867293318001512,4.867293318001512,4.867293318001512,4.867293318001512,4.867293318001512,4.867293318001512,4.867293318001512,4.867293318001512,4.867293318001512,4.867293318001512,4.867293318001512,4.867293318001512,4.867293318001512,4.867293318001512,4.867293318001512,4.867293318001512,4.867293318001512,4.867293318001512,4.867293318001512,4.867293318001512,4.867293318001512,4.867293318001512,4.867293318001512,4.867293318001512,4.867293318001512,4.867293318001512,4.867293318001512,4.867293318001512,4.867293318001512,4.867293318001512,4.867293318001512,4.867293318001512,4.867293318001512,4.867293318001512,4.867293318001512,4.867293318001512,4.867293318001512,4.867293318001512,4.867293318001512,4.867293318001512,4.867293318001512,4.867293318001512,4.867293318001512,4.867293318001512,4.867293318001512,4.867293318001512,4.867293318001512,4.867293318001512,4.867293318001512,4.867293318001512,4.867293318001512,4.867293318001512,4.867293318001512,4.867293318001512,4.867293318001512,4.867293318001512,4.867293318001512,4.867293318001512,4.867293318001512,4.867293318001512,4.867293318001512,4.867293318001512,4.867293318001512,4.867293318001512,4.867293318001512,4.867293318001512,4.867293318001512,4.867293318001512,4.867293318001512,4.867293318001512,4.867293318001512,4.867293318001512,4.867293318001512,4.867293318001512,4.867293318001512,4.867293318001512,4.867293318001512,4.867293318001512,4.867293318001512,4.867293318001512,4.867293318001512,4.867293318001512,4.867293318001512,4.867293318001512,4.867293318001512,4.867293318001512,4.867293318001512,4.867293318001512,4.867293318001512,4.867293318001512,4.867293318001512,4.867293318001512,4.867293318001512,4.867293318001512,4.867293318001512,4.867293318001512,4.867293318001512,4.867293318001512,4.867293318001512,4.867293318001512,4.867293318001512,4.867293318001512,4.867293318001512,4.867293318001512,4.867293318001512,4.867293318001512,4.867293318001512,4.867293318001512,4.867293318001512,4.867293318001512,4.867293318001512,4.867293318001512,4.867293318001512,4.867293318001512,4.867293318001512,4.867293318001512,4.867293318001512,4.867293318001512,4.867293318001512,4.867293318001512,4.867293318001512,4.867293318001512,4.867293318001512,4.867293318001512,4.867293318001512,4.867293318001512,4.867293318001512,4.867293318001512,4.867293318001512,4.867293318001512,4.867293318001512,4.867293318001512,4.867293318001512,4.867293318001512,4.867293318001512,4.867293318001512,4.867293318001512,4.867293318001512,4.867293318001512,4.867293318001512,4.867293318001512,4.867293318001512,4.867293318001512,4.867293318001512,4.867293318001512,4.867293318001512,4.867293318001512,4.867293318001512,4.867293318001512,4.867293318001512,4.867293318001512,4.867293318001512,4.867293318001512,4.867293318001512,4.867293318001512,4.867293318001512,4.867293318001512,4.867293318001512,4.867293318001512,4.867293318001512,4.867293318001512,4.867293318001512,4.867293318001512,4.867293318001512,4.867293318001512,4.867293318001512,4.867293318001512,4.867293318001512,4.867293318001512,4.867293318001512,4.867293318001512,4.867293318001512,4.000794709564602,3.647039361072897,3.647039361072897,3.647039361072897,3.647039361072897,3.647039361072897,3.647039361072897,3.647039361072897,3.647039361072897,3.647039361072897,3.647039361072897,3.647039361072897,3.647039361072897,3.647039361072897,3.647039361072897,3.647039361072897,3.647039361072897,3.647039361072897,3.647039361072897,3.647039361072897,3.647039361072897,3.647039361072897,3.647039361072897,3.647039361072897,3.647039361072897,3.647039361072897,3.647039361072897,3.647039361072897,3.647039361072897,3.647039361072897,3.647039361072897,3.647039361072897,3.647039361072897,3.647039361072897,3.647039361072897,3.647039361072897,3.647039361072897,3.647039361072897,3.647039361072897,3.647039361072897,3.647039361072897,3.647039361072897,3.647039361072897,3.647039361072897,3.647039361072897,3.647039361072897,3.647039361072897,3.647039361072897,3.647039361072897,3.647039361072897,3.647039361072897,3.647039361072897,3.647039361072897,3.647039361072897,3.647039361072897,3.647039361072897,3.647039361072897,3.647039361072897,3.647039361072897,3.647039361072897,3.647039361072897,3.647039361072897,3.647039361072897,3.647039361072897,3.647039361072897,3.647039361072897,3.647039361072897,3.647039361072897,3.647039361072897,3.647039361072897,3.647039361072897,3.647039361072897,3.647039361072897,3.647039361072897,3.647039361072897,3.647039361072897,3.647039361072897,3.647039361072897,3.647039361072897,3.647039361072897,3.647039361072897,3.647039361072897,3.647039361072897,3.647039361072897,3.647039361072897,3.647039361072897,3.647039361072897,3.647039361072897,3.647039361072897,3.647039361072897,3.647039361072897,3.647039361072897,3.647039361072897,3.647039361072897,3.647039361072897,3.647039361072897,3.647039361072897,3.647039361072897,3.647039361072897,3.647039361072897,8.8037995180098,8.8037995180098,8.8037995180098,8.8037995180098,8.8037995180098,8.8037995180098,8.8037995180098,8.752460188383719,7.7955624297105,7.7955624297105,7.7955624297105,7.7955624297105,7.7955624297105,7.7955624297105,7.7955624297105,7.7955624297105,7.7955624297105,7.7955624297105,7.7955624297105,7.7955624297105,7.7955624297105,7.7955624297105,7.7955624297105,7.7955624297105,7.7955624297105,7.7955624297105,7.7955624297105,7.7955624297105,7.7955624297105,7.7955624297105,7.7955624297105,7.7955624297105,7.7955624297105,7.7955624297105,7.7955624297105,7.7955624297105,7.7955624297105,7.7955624297105,7.7955624297105,7.7955624297105,7.7955624297105,7.7955624297105,7.7955624297105,7.7955624297105,7.7955624297105,7.7955624297105,7.7955624297105,7.7955624297105,7.7955624297105,7.7955624297105,7.7955624297105,7.7955624297105,7.7955624297105,7.7955624297105,7.7955624297105,7.7955624297105,7.7955624297105,7.7955624297105,7.7955624297105,7.7955624297105,7.7955624297105,7.7955624297105,7.7955624297105,7.7955624297105,7.7955624297105,7.7955624297105,7.7955624297105,7.7955624297105,7.7955624297105,7.7955624297105,7.7955624297105,7.7955624297105,7.7955624297105,7.7955624297105,7.7955624297105,7.7955624297105,7.7955624297105,7.7955624297105,7.7955624297105,7.7955624297105,7.7955624297105,7.7955624297105,7.7955624297105,7.7955624297105,7.7955624297105,7.7955624297105,7.7955624297105,7.7955624297105,7.7955624297105,7.7955624297105,7.7955624297105,7.7955624297105,7.765945987198337,7.765945987198337,7.765945987198337,7.765945987198337,7.765945987198337,7.765945987198337,7.765945987198337,7.765945987198337,7.765945987198337,7.765945987198337,7.765945987198337,7.765945987198337,7.765945987198337,7.765945987198337,7.765945987198337,7.765945987198337,7.765945987198337,7.765945987198337,7.765945987198337,7.765945987198337,7.765945987198337,7.765945987198337,7.765945987198337,7.765945987198337,7.765945987198337,7.765945987198337,7.765945987198337,7.765945987198337,7.765945987198337,7.765945987198337,7.765945987198337,7.765945987198337,7.765945987198337,7.765945987198337,7.765945987198337,7.765945987198337,7.765945987198337,7.765945987198337,7.765945987198337,7.765945987198337,7.765945987198337,7.765945987198337,7.765945987198337,7.765945987198337,7.765945987198337,7.765945987198337,7.765945987198337,7.765945987198337,7.765945987198337,7.765945987198337,7.765945987198337,7.765945987198337,7.765945987198337,7.765945987198337,7.765945987198337,7.765945987198337,7.765945987198337,7.765945987198337,7.765945987198337,7.765945987198337,7.765945987198337,7.765945987198337,7.765945987198337,7.765945987198337,7.765945987198337,7.765945987198337,7.765945987198337,7.765945987198337,7.765945987198337,7.765945987198337,7.765945987198337,7.765945987198337,7.765945987198337,7.765945987198337,7.765945987198337,7.765945987198337,7.765945987198337,7.765945987198337,7.765945987198337,7.765945987198337,7.765945987198337,7.765945987198337,7.765945987198337,7.765945987198337,7.765945987198337,7.765945987198337,7.765945987198337,7.765945987198337,7.765945987198337,7.765945987198337,7.765945987198337,7.765945987198337,7.765945987198337,7.765945987198337,7.765945987198337,7.765945987198337,7.765945987198337,7.765945987198337,7.765945987198337,7.765945987198337,7.765945987198337,7.765945987198337,7.765945987198337,7.754949286094651,7.754949286094651,7.754949286094651,7.754949286094651,7.754949286094651,7.754949286094651,7.754949286094651,7.754949286094651,7.754949286094651,7.754949286094651,7.754949286094651,7.754949286094651,7.754949286094651,7.754949286094651,7.754949286094651,7.754949286094651,7.754949286094651,7.754949286094651,7.754949286094651,7.754949286094651,7.754949286094651,7.754949286094651,7.754949286094651,7.754949286094651,7.754949286094651,7.754949286094651,7.754949286094651,7.754949286094651,7.754949286094651,7.754949286094651,7.754949286094651,7.754949286094651,7.754949286094651,7.754949286094651,7.754949286094651,7.754949286094651,7.754949286094651,7.754949286094651,7.754949286094651,7.754949286094651,7.754949286094651,7.754949286094651,7.754949286094651,7.754949286094651,7.754949286094651,7.754949286094651,7.754949286094651,7.754949286094651,7.723719890447291,7.723719890447291,7.723719890447291,7.723719890447291,7.723719890447291,7.723719890447291,7.723719890447291,7.723719890447291,7.723719890447291,7.723719890447291,7.723719890447291,7.723719890447291,7.723719890447291,7.723719890447291,7.723719890447291,7.723719890447291,7.723719890447291,7.723719890447291,7.723719890447291,7.723719890447291,7.723719890447291,7.723719890447291,7.723719890447291,7.723719890447291,7.723719890447291,7.723719890447291,7.723719890447291,7.723719890447291,7.723719890447291,7.723719890447291,7.723719890447291,7.723719890447291,7.723719890447291,7.723719890447291,7.723719890447291,7.723719890447291,7.723719890447291,7.723719890447291,7.723719890447291,7.723719890447291,7.723719890447291,7.723719890447291,7.723719890447291,7.723719890447291,7.723719890447291,7.723719890447291,7.723719890447291,7.723719890447291,7.723719890447291,7.723719890447291,7.723719890447291,7.723719890447291,7.723719890447291,7.723719890447291,7.723719890447291,7.723719890447291,7.723719890447291,7.723719890447291,7.723719890447291,7.723719890447291,7.723719890447291,7.723719890447291,7.723719890447291,7.723719890447291,7.723719890447291,7.723719890447291,7.723719890447291,7.723719890447291,7.723719890447291,7.723719890447291,7.723719890447291,7.723719890447291,7.723719890447291,7.723719890447291,7.723719890447291,7.723719890447291,7.723719890447291,7.542840907713834,7.542840907713834,7.542840907713834,7.542840907713834,7.542840907713834,7.542840907713834,7.542840907713834,7.542840907713834,7.542840907713834,7.542840907713834,7.542840907713834,7.542840907713834,7.542840907713834,7.542840907713834,7.542840907713834,7.542840907713834,7.542840907713834,7.542840907713834,7.542840907713834,7.542840907713834,7.542840907713834,7.542840907713834,7.542840907713834,7.542840907713834,7.542840907713834,7.542840907713834,7.542840907713834,7.542840907713834,7.542840907713834,7.542840907713834,7.542840907713834,7.542840907713834,7.542840907713834,7.542840907713834,7.542840907713834,7.542840907713834,7.542840907713834,7.542840907713834,7.542840907713834,7.542840907713834,7.542840907713834,7.542840907713834,7.542840907713834,7.542840907713834,7.542840907713834,7.542840907713834,7.542840907713834,7.542840907713834,7.542840907713834,7.542840907713834,7.542840907713834,7.542840907713834,7.542840907713834,7.542840907713834,7.542840907713834,7.542840907713834,7.542840907713834,7.542840907713834,7.542840907713834,7.542840907713834,7.542840907713834,7.542840907713834,7.542840907713834,7.542840907713834,7.542840907713834,7.542840907713834,7.542840907713834,7.542840907713834,7.542840907713834,7.542840907713834,7.542840907713834,7.542840907713834,7.542840907713834,7.542840907713834,7.542840907713834,7.542840907713834,7.542840907713834,7.542840907713834,7.542840907713834,7.542840907713834,7.542840907713834,7.542840907713834,7.542840907713834,7.542840907713834,7.542840907713834,7.542840907713834,7.542840907713834,7.542840907713834,7.542840907713834,7.542840907713834,7.542840907713834,7.542840907713834,7.542840907713834,7.542840907713834,7.542840907713834,7.542840907713834,7.542840907713834,7.542840907713834,7.542840907713834,7.542840907713834,7.542840907713834,7.542840907713834,7.542840907713834,7.542840907713834,7.542840907713834,7.542840907713834,7.542840907713834,7.542840907713834,7.542840907713834,7.542840907713834,7.542840907713834,7.542840907713834,7.542840907713834,7.542840907713834,7.542840907713834,7.542840907713834,7.542840907713834,7.542840907713834,7.542840907713834,7.542840907713834,7.542840907713834,7.542840907713834,7.542840907713834,7.542840907713834,7.542840907713834,7.542840907713834,7.542840907713834,7.542840907713834,7.542840907713834,7.542840907713834,7.542840907713834,7.542840907713834,7.542840907713834,7.542840907713834,7.542840907713834,7.542840907713834,7.542840907713834,7.542840907713834,7.542840907713834,7.542840907713834,7.542840907713834,7.542840907713834,7.542840907713834,7.542840907713834,7.542840907713834,7.542840907713834,7.542840907713834,7.542840907713834,7.542840907713834,7.542840907713834,7.542840907713834,7.542840907713834,7.542840907713834,7.542840907713834,7.542840907713834,7.542840907713834,7.542840907713834,7.542840907713834,7.542840907713834,7.542840907713834,7.542840907713834,7.542840907713834,7.542840907713834,7.542840907713834,7.542840907713834,7.542840907713834,7.542840907713834,7.542840907713834,7.542840907713834,7.542840907713834,7.542840907713834,7.542840907713834,7.542840907713834,7.542840907713834,7.542840907713834,7.542840907713834,7.542840907713834,7.436165412664315,6.404744176885791,6.404744176885791,6.129679235891862,6.129679235891862,6.129679235891862,6.129679235891862,6.129679235891862,6.129679235891862,6.129679235891862,6.129679235891862,6.129679235891862,6.129679235891862,5.883871959789752,5.866043715093965,5.866043715093965,5.866043715093965,5.866043715093965,5.866043715093965,5.866043715093965,5.866043715093965,5.866043715093965,5.866043715093965,5.866043715093965,5.866043715093965,5.866043715093965,5.866043715093965,5.866043715093965,5.866043715093965,5.866043715093965,5.866043715093965,5.866043715093965,5.866043715093965,5.866043715093965,5.866043715093965,5.866043715093965,5.866043715093965,5.866043715093965,5.866043715093965,5.866043715093965,5.866043715093965,5.866043715093965,5.866043715093965,5.866043715093965,5.866043715093965,5.866043715093965,5.866043715093965,5.866043715093965,5.866043715093965,5.866043715093965,5.866043715093965,5.866043715093965,5.866043715093965,5.866043715093965,5.866043715093965,5.866043715093965,5.866043715093965,5.866043715093965,5.866043715093965,5.866043715093965,5.866043715093965,5.866043715093965,5.866043715093965,5.866043715093965,5.866043715093965,5.866043715093965,5.866043715093965,5.866043715093965,5.866043715093965,5.866043715093965,5.866043715093965,5.866043715093965,5.866043715093965,5.866043715093965,5.866043715093965,5.866043715093965,5.866043715093965,5.866043715093965,5.866043715093965,5.866043715093965,5.866043715093965,5.866043715093965,5.865429039827348,5.865429039827348,5.865429039827348,5.865429039827348,5.865429039827348,5.865429039827348,5.865429039827348,5.865429039827348,5.865429039827348,5.865429039827348,5.865429039827348,5.865429039827348,5.865429039827348,5.865429039827348,5.865429039827348,5.865429039827348,5.865429039827348,5.865429039827348,5.865429039827348,5.592152151087224,5.592152151087224,5.592152151087224,5.592152151087224,5.592152151087224,5.592152151087224,5.592152151087224,5.592152151087224,5.592152151087224,5.592152151087224,5.592152151087224,5.592152151087224,5.592152151087224,5.592152151087224,5.592152151087224,5.592152151087224,5.592152151087224,5.592152151087224,5.592152151087224,5.592152151087224,5.592152151087224,5.592152151087224,5.592152151087224,5.592152151087224,5.592152151087224,5.592152151087224,5.592152151087224,5.592152151087224,5.592152151087224,5.592152151087224,5.592152151087224,5.592152151087224,5.592152151087224,5.592152151087224,5.592152151087224,5.592152151087224,5.592152151087224,5.592152151087224,5.592152151087224,5.592152151087224,5.592152151087224,5.592152151087224,5.592152151087224,5.592152151087224,5.592152151087224,5.592152151087224,5.592152151087224,5.592152151087224,5.592152151087224,5.592152151087224,5.592152151087224,5.592152151087224,5.592152151087224,5.592152151087224,5.592152151087224,5.592152151087224,5.592152151087224,5.592152151087224,5.592152151087224,5.592152151087224,5.592152151087224,5.592152151087224,5.592152151087224,5.592152151087224,5.592152151087224,5.592152151087224,5.592152151087224,5.592152151087224,5.592152151087224,5.592152151087224,5.592152151087224,5.592152151087224,5.592152151087224,5.592152151087224,5.592152151087224,5.592152151087224,5.592152151087224,5.592152151087224,5.592152151087224,5.592152151087224,5.592152151087224,5.592152151087224,5.592152151087224,5.592152151087224,5.592152151087224,5.592152151087224,5.592152151087224,5.592152151087224,5.592152151087224,5.592152151087224,5.592152151087224,5.592152151087224,5.592152151087224,5.592152151087224,5.592152151087224,5.592152151087224,5.592152151087224,5.592152151087224,5.592152151087224,5.592152151087224,5.592152151087224,5.592152151087224,5.592152151087224,5.592152151087224,5.592152151087224,5.592152151087224,5.592152151087224,5.592152151087224,5.592152151087224,5.592152151087224,5.592152151087224,5.592152151087224,5.592152151087224,5.592152151087224,5.592152151087224,5.592152151087224,5.592152151087224,5.592152151087224,5.592152151087224,5.592152151087224,5.592152151087224,5.592152151087224,5.592152151087224,5.592152151087224,5.592152151087224,5.592152151087224,5.592152151087224,5.592152151087224,5.592152151087224,5.592152151087224,5.592152151087224,5.592152151087224,5.592152151087224,5.592152151087224,5.592152151087224,5.592152151087224,5.592152151087224,5.592152151087224,5.592152151087224,5.592152151087224,5.592152151087224,5.592152151087224,5.592152151087224,5.592152151087224,5.592152151087224,5.592152151087224,5.592152151087224,5.592152151087224,5.592152151087224,5.592152151087224,5.592152151087224,5.592152151087224,5.592152151087224,5.592152151087224,5.592152151087224,5.592152151087224,5.592152151087224,5.592152151087224,5.592152151087224,5.592152151087224,5.592152151087224,5.592152151087224,5.592152151087224,5.592152151087224,5.592152151087224,5.592152151087224,5.592152151087224,5.592152151087224,5.592152151087224,5.592152151087224,5.592152151087224,5.592152151087224,5.592152151087224,5.592152151087224,5.592152151087224,5.592152151087224,5.592152151087224,5.592152151087224,5.592152151087224,5.592152151087224,5.592152151087224,5.592152151087224,5.592152151087224,5.592152151087224,5.592152151087224,5.592152151087224,5.592152151087224,5.592152151087224,5.592152151087224,5.592152151087224,5.592152151087224,5.592152151087224,5.592152151087224,5.592152151087224,5.592152151087224,5.592152151087224,5.592152151087224,5.592152151087224,5.592152151087224,5.592152151087224,5.592152151087224,5.592152151087224,5.592152151087224,5.592152151087224,5.592152151087224,5.592152151087224,5.592152151087224,5.592152151087224,5.592152151087224,5.592152151087224,5.592152151087224,5.592152151087224,5.592152151087224,5.592152151087224,5.592152151087224,5.592152151087224,5.592152151087224,5.592152151087224,5.592152151087224,5.592152151087224,5.592152151087224,5.592152151087224,5.592152151087224,5.592152151087224,5.592152151087224,5.592152151087224,5.592152151087224,5.592152151087224,5.592152151087224,5.592152151087224,5.592152151087224,5.592152151087224,5.592152151087224,5.592152151087224,5.592152151087224,5.592152151087224,5.592152151087224,5.592152151087224,5.592152151087224,5.592152151087224,5.592152151087224,5.592152151087224,5.592152151087224,5.592152151087224,5.592152151087224,5.592152151087224,5.592152151087224,5.592152151087224,5.592152151087224,5.592152151087224,5.592152151087224,5.592152151087224,5.592152151087224,5.592152151087224,5.592152151087224,5.592152151087224,5.592152151087224,5.592152151087224,5.592152151087224,5.592152151087224,5.592152151087224,5.592152151087224,5.592152151087224,5.592152151087224,5.592152151087224,5.592152151087224,5.592152151087224,5.592152151087224,5.592152151087224,5.592152151087224,5.592152151087224,5.592152151087224,5.592152151087224,5.592152151087224,5.592152151087224,5.592152151087224,5.592152151087224,5.592152151087224,5.592152151087224,5.592152151087224,5.592152151087224,5.592152151087224,5.592152151087224,5.592152151087224,5.592152151087224,5.592152151087224,5.592152151087224,5.592152151087224,5.592152151087224,5.592152151087224,5.592152151087224,5.592152151087224,5.592152151087224,5.592152151087224,5.592152151087224,5.592152151087224,5.592152151087224,5.592152151087224,5.592152151087224,5.592152151087224,5.592152151087224,5.592152151087224,5.592152151087224,5.592152151087224,5.592152151087224,5.592152151087224,5.592152151087224,5.592152151087224,5.592152151087224,5.592152151087224,5.592152151087224,5.592152151087224,5.592152151087224,5.592152151087224,5.592152151087224,5.592152151087224,5.592152151087224,5.592152151087224,5.592152151087224,5.592152151087224,5.592152151087224,5.592152151087224,5.592152151087224,5.592152151087224,5.592152151087224,5.574520289352086,5.574520289352086,5.552726643041263,5.552726643041263,5.552726643041263,5.552726643041263,5.552726643041263,5.552726643041263,5.552726643041263,5.552726643041263,5.552726643041263,5.552726643041263,5.552726643041263,5.552726643041263,5.552726643041263,5.552726643041263,5.552726643041263,5.552726643041263,5.552726643041263,5.552726643041263,5.552726643041263,5.552726643041263,5.552726643041263,5.552726643041263,5.552726643041263,5.552726643041263,5.552726643041263,5.552726643041263,5.552726643041263,5.552726643041263,5.552726643041263,5.552726643041263,5.552726643041263,5.552726643041263,5.552726643041263,5.552726643041263,5.552726643041263,5.552726643041263,5.552726643041263,5.552726643041263,5.552726643041263,5.552726643041263,5.552726643041263,5.552726643041263,5.552726643041263,5.552726643041263,5.552726643041263,5.552726643041263,5.552726643041263,5.552726643041263,5.552726643041263,5.552726643041263,5.552726643041263,5.552726643041263,5.552726643041263,5.552726643041263,5.552726643041263,5.552726643041263,5.552726643041263,5.552726643041263,5.552726643041263,5.552726643041263,5.552726643041263,5.552726643041263,5.552726643041263,5.552726643041263,5.552726643041263,5.552726643041263,5.552726643041263,5.552726643041263,5.552726643041263,5.552726643041263,5.552726643041263,5.552726643041263,5.552726643041263,5.552726643041263,5.552726643041263,6.374976827488949,6.374976827488949,6.374976827488949,6.374976827488949,6.374976827488949,6.3064642009444665,6.3064642009444665,6.3064642009444665,6.3064642009444665,6.3064642009444665,6.3064642009444665,6.2647689623248315,6.2647689623248315,6.230559428831333,6.230559428831333,6.121761094959153,6.121761094959153,6.121761094959153,6.121761094959153,6.121761094959153,6.121761094959153,6.121761094959153,6.121761094959153,6.121761094959153,6.121761094959153,6.121761094959153,6.121761094959153,6.121761094959153,6.121761094959153,6.121761094959153,6.121761094959153,6.121761094959153,6.121761094959153,6.121761094959153,6.121761094959153,6.121761094959153,6.121761094959153,6.121761094959153,6.121761094959153,6.121761094959153,6.121761094959153,6.121761094959153,6.121761094959153,6.121761094959153,6.121761094959153,6.121761094959153,6.121761094959153,6.121761094959153,6.121761094959153,6.121761094959153,6.121761094959153,6.121761094959153,6.121761094959153,6.121761094959153,6.121761094959153,6.121761094959153,6.121761094959153,6.121761094959153,6.121761094959153,6.121761094959153,6.121761094959153,6.121761094959153,6.121761094959153,6.121761094959153,6.121761094959153,6.121761094959153,6.121761094959153,6.121761094959153,6.121761094959153,6.121761094959153,6.121761094959153,6.121761094959153,6.121761094959153,6.121761094959153,6.121761094959153,6.121761094959153,6.121761094959153,6.121761094959153,6.121761094959153,6.121761094959153,6.121761094959153,6.121761094959153,6.121761094959153,6.121761094959153,6.121761094959153,6.121761094959153,6.121761094959153,6.121761094959153,6.121761094959153,6.121761094959153,6.121761094959153,6.121761094959153,6.121761094959153,6.121761094959153,6.121761094959153,6.121761094959153,6.121761094959153,6.121761094959153,6.121761094959153,6.121761094959153,6.121761094959153,6.121761094959153,6.121761094959153,6.121761094959153,6.121761094959153,6.121761094959153,6.121761094959153,6.121761094959153,6.121761094959153,6.121761094959153,6.121761094959153,6.121761094959153,6.121761094959153,6.121761094959153,6.121761094959153,6.121761094959153,6.121761094959153,6.121761094959153,6.121761094959153,6.121761094959153,6.121761094959153,6.121761094959153,6.121761094959153,6.121761094959153,6.121761094959153,6.121761094959153,6.121761094959153,6.121761094959153,6.121761094959153,6.121761094959153,6.121761094959153,6.119575593326134,6.119575593326134,6.119575593326134,5.818485556764094,5.818485556764094,5.818485556764094,5.818485556764094,5.818485556764094,5.818485556764094,5.818485556764094,5.818485556764094,5.818485556764094,5.818485556764094,5.818485556764094,5.818485556764094,5.751968903016182,5.751968903016182,5.751968903016182,5.751968903016182,5.751968903016182,5.751968903016182,5.659286101235167,5.659286101235167,5.659286101235167,5.659286101235167,5.659286101235167,5.659286101235167,5.659286101235167,5.659286101235167,5.659286101235167,5.659286101235167,5.659286101235167,5.659286101235167,5.659286101235167,5.659286101235167,5.659286101235167,5.659286101235167,5.659286101235167,5.659286101235167,5.659286101235167,5.659286101235167,5.659286101235167,5.659286101235167,5.659286101235167,5.659286101235167,5.659286101235167,5.659286101235167,5.632713243105214,5.632713243105214,5.632713243105214,5.632713243105214,5.632713243105214,5.632713243105214,5.632713243105214,5.632713243105214,5.632713243105214,5.632713243105214,5.632713243105214,5.632713243105214,5.632713243105214,5.632713243105214,5.632713243105214,5.632713243105214,5.632713243105214,5.632713243105214,5.632713243105214,5.632713243105214,5.632713243105214,5.632713243105214,5.632713243105214,5.632713243105214,5.632713243105214,5.632713243105214,5.632713243105214,5.632713243105214,5.632713243105214,5.632713243105214,5.632713243105214,5.632713243105214,5.632713243105214,5.632713243105214,5.632713243105214,5.627184671990203,5.627184671990203,5.627184671990203,5.627184671990203,5.627184671990203,5.627184671990203,5.627184671990203,5.627184671990203,5.627184671990203,5.627184671990203,5.627184671990203,5.627184671990203,5.627184671990203,5.627184671990203,5.627184671990203,5.627184671990203,5.627184671990203,5.627184671990203,5.627184671990203,5.627184671990203,5.627184671990203,5.627184671990203,5.627184671990203,5.627184671990203,5.627184671990203,5.627184671990203,5.627184671990203,5.627184671990203,5.627184671990203,5.627184671990203,5.627184671990203,5.627184671990203,5.627184671990203,5.627184671990203,5.627184671990203,5.627184671990203,5.627184671990203,5.627184671990203,5.627184671990203,5.627184671990203,5.627184671990203,5.627184671990203,5.627184671990203,5.627184671990203,5.627184671990203,5.627184671990203,5.627184671990203,5.627184671990203,5.627184671990203,5.627184671990203,5.627184671990203,5.627184671990203,5.627184671990203,5.627184671990203,5.627184671990203,5.627184671990203,5.627184671990203,5.627184671990203,5.627184671990203,5.627184671990203,5.627184671990203,5.627184671990203,5.627184671990203,5.627184671990203,5.627184671990203,5.627184671990203,5.627184671990203,5.627184671990203,5.627184671990203,5.627184671990203,5.627184671990203,5.627184671990203,5.627184671990203,5.627184671990203,5.627184671990203,5.627184671990203,5.627184671990203,5.627184671990203,5.627184671990203,5.627184671990203,5.627184671990203,5.627184671990203,5.627184671990203,5.627184671990203,5.627184671990203,5.627184671990203,5.627184671990203,5.627184671990203,5.627184671990203,5.627184671990203,5.627184671990203,5.627184671990203,5.627184671990203,5.627184671990203,5.627184671990203,5.627184671990203,5.627184671990203,5.627184671990203,5.627184671990203,5.627184671990203,5.627184671990203,5.627184671990203,5.627184671990203,5.627184671990203,5.627184671990203,5.627184671990203,5.627184671990203,5.627184671990203,5.627184671990203,5.627184671990203,5.627184671990203,5.627184671990203,5.627184671990203,5.627184671990203,5.627184671990203,5.627184671990203,5.627184671990203,5.627184671990203,5.627184671990203,5.627184671990203,5.627184671990203,5.627184671990203,5.627184671990203,5.627184671990203,5.627184671990203,5.627184671990203,5.627184671990203,5.627184671990203,5.627184671990203,5.627184671990203,5.627184671990203,5.627184671990203,5.627184671990203,5.627184671990203,5.627184671990203,5.627184671990203,5.627184671990203,5.627184671990203,5.627184671990203,5.627184671990203,5.627184671990203,5.627184671990203,5.627184671990203,5.627184671990203,5.627184671990203,5.627184671990203,5.627184671990203,5.627184671990203,5.627184671990203,5.627184671990203,5.627184671990203,5.627184671990203,3.708444678534798,3.6346815295584443,3.6346815295584443,3.6346815295584443,3.6346815295584443,3.6346815295584443,3.6346815295584443,3.6346815295584443,3.6346815295584443,3.6346815295584443,3.6346815295584443,3.6346815295584443,3.6346815295584443,3.6346815295584443,3.6346815295584443,3.6346815295584443,3.6346815295584443,3.6346815295584443,3.6346815295584443,3.6346815295584443,3.6346815295584443,3.6346815295584443,3.6346815295584443,3.6346815295584443,3.6346815295584443,3.6346815295584443,3.6346815295584443,3.6346815295584443,3.6346815295584443,3.6346815295584443,3.6346815295584443,3.6346815295584443,3.6346815295584443,3.6346815295584443,3.5725969391949226,3.5725969391949226,3.5725969391949226,3.5725969391949226,3.5725969391949226,3.5725969391949226,3.5725969391949226,3.5725969391949226,3.5725969391949226,3.5725969391949226,3.5725969391949226,3.5725969391949226,3.5725969391949226,3.5725969391949226,3.5725969391949226,3.5725969391949226,3.5725969391949226,3.5725969391949226,3.5725969391949226,3.5725969391949226,3.5725969391949226,3.5725969391949226,3.5725969391949226,3.5725969391949226,3.5725969391949226,3.5725969391949226,3.5725969391949226,3.5725969391949226,3.5725969391949226,3.5725969391949226,3.5725969391949226,3.5725969391949226,3.5725969391949226,3.5725969391949226,3.5725969391949226,3.5725969391949226,3.5725969391949226,3.5725969391949226,3.5725969391949226,3.5725969391949226,3.5725969391949226,3.5725969391949226,3.5725969391949226,3.5725969391949226,3.5725969391949226,3.5725969391949226,3.5725969391949226,3.5725969391949226,3.5725969391949226,3.5725969391949226,3.5725969391949226,3.5725969391949226,3.5725969391949226,3.5725969391949226,3.5725969391949226,3.5725969391949226,3.5725969391949226,3.5725969391949226,3.5725969391949226,3.5725969391949226,3.5725969391949226,3.5725969391949226,3.5725969391949226,3.5725969391949226,3.5725969391949226,3.5725969391949226,3.5725969391949226,3.5725969391949226,3.5725969391949226,3.5725969391949226,3.5725969391949226,3.5725969391949226,3.5725969391949226,3.5725969391949226,3.5725969391949226,3.5725969391949226,3.5725969391949226,3.5725969391949226,3.5725969391949226,3.5725969391949226,3.5725969391949226,3.5725969391949226,3.5725969391949226,3.5725969391949226,3.5725969391949226,3.5725969391949226,3.5725969391949226,3.5725969391949226,3.5725969391949226,3.5343779147949714,3.5343779147949714,3.5343779147949714,3.5343779147949714,3.5343779147949714,3.5343779147949714,3.5343779147949714,3.5343779147949714,3.5343779147949714,3.5343779147949714,3.5343779147949714,3.5343779147949714,3.4554911246621893,3.4554911246621893,3.4554911246621893,3.4554911246621893,3.4554911246621893,3.4554911246621893,3.4554911246621893,3.4554911246621893,3.4554911246621893,3.4554911246621893,3.4554911246621893,3.4554911246621893,3.4554911246621893,3.4554911246621893,3.4554911246621893,3.4554911246621893,3.4554911246621893,3.4554911246621893,3.4554911246621893,3.4554911246621893,3.4554911246621893,3.4554911246621893,3.4554911246621893,3.4554911246621893,3.4554911246621893,3.4554911246621893,3.4554911246621893,3.4554911246621893,3.4554911246621893,3.4554911246621893,3.4554911246621893,3.4554911246621893,3.4554911246621893,3.4554911246621893,3.4554911246621893,3.4554911246621893,3.4554911246621893,3.4554911246621893,3.4554911246621893,3.4554911246621893,3.4554911246621893,3.4554911246621893,3.4554911246621893,3.4554911246621893,3.4554911246621893,3.4554911246621893,3.4554911246621893,3.4554911246621893,3.4554911246621893,3.4554911246621893,3.4554911246621893,3.4554911246621893,3.4554911246621893,3.4554911246621893,3.4554911246621893,3.4554911246621893,3.4554911246621893,3.4554911246621893,3.4554911246621893,3.4554911246621893,3.4554911246621893,3.4554911246621893,3.4554911246621893,3.4554911246621893,3.4554911246621893,3.4554911246621893,3.4554911246621893,3.4554911246621893,3.4554911246621893,3.4554911246621893,3.4554911246621893,3.4554911246621893,3.4554911246621893,3.4554911246621893,3.4554911246621893,3.4554911246621893,3.4554911246621893,3.4554911246621893,3.4554911246621893,3.4554911246621893,3.4554911246621893,3.4554911246621893,3.4554911246621893,3.4554911246621893,3.4554911246621893,3.4554911246621893,3.4554911246621893,3.4554911246621893,3.4554911246621893,3.4554911246621893,3.4554911246621893,3.4554911246621893,3.4554911246621893,3.4554911246621893,3.4554911246621893,3.4554911246621893,3.4554911246621893,3.4554911246621893,3.4554911246621893,3.4554911246621893,3.4554911246621893,3.4554911246621893,3.4554911246621893,3.4554911246621893,3.4554911246621893,3.4554911246621893,3.4554911246621893,3.4554911246621893,3.4554911246621893,3.4554911246621893,3.4554911246621893,3.4554911246621893,3.4554911246621893,3.4554911246621893,3.4554911246621893,3.4554911246621893,3.4554911246621893,3.4554911246621893,3.4554911246621893,3.4554911246621893,3.4554911246621893,3.4554911246621893,3.4554911246621893,3.4554911246621893,3.4554911246621893,3.4554911246621893,3.4554911246621893,3.4554911246621893,3.4554911246621893,3.4554911246621893,3.4554911246621893,3.4554911246621893,3.4554911246621893,3.4554911246621893,3.4554911246621893,3.4554911246621893,3.4554911246621893,3.4554911246621893,3.4554911246621893,3.4554911246621893,3.4554911246621893,3.4554911246621893,3.4554911246621893,3.4554911246621893,3.4554911246621893,3.4554911246621893,3.4554911246621893,3.4554911246621893,3.4554911246621893,3.4554911246621893,3.4554911246621893,3.4554911246621893,3.4554911246621893,3.4554911246621893,3.4554911246621893,3.4554911246621893,3.4554911246621893,3.4554911246621893,3.4554911246621893,3.4554911246621893,3.4554911246621893,3.4554911246621893,3.4554911246621893,3.4554911246621893,3.4554911246621893,3.4554911246621893,3.4554911246621893,3.4554911246621893,3.4554911246621893,3.4554911246621893,3.4554911246621893,3.4554911246621893,3.4554911246621893,3.4554911246621893,3.4554911246621893,3.4554911246621893,3.4554911246621893,3.4554911246621893,3.4554911246621893,3.4554911246621893,3.4554911246621893,3.4554911246621893,3.4554911246621893,3.4554911246621893,3.4554911246621893,3.4554911246621893,3.4554911246621893,3.4554911246621893,3.4554911246621893,3.4554911246621893,3.4554911246621893,3.4554911246621893,3.4554911246621893,3.4554911246621893,3.4554911246621893,3.4554911246621893,3.4554911246621893,3.4554911246621893,3.4554911246621893,3.4554911246621893,3.4554911246621893,3.4554911246621893,3.4554911246621893,3.4554911246621893,3.4554911246621893,3.4554911246621893,3.4554911246621893,3.4554911246621893,3.4554911246621893,3.4554911246621893,3.4554911246621893,3.4554911246621893,3.4554911246621893,3.4554911246621893,3.4554911246621893,3.4554911246621893,3.4554911246621893,3.4554911246621893,3.4554911246621893,3.4554911246621893,3.4554911246621893,3.4554911246621893,3.4554911246621893,3.4554911246621893,3.4554911246621893,3.4554911246621893,3.4554911246621893,3.4554911246621893,3.4554911246621893,3.4554911246621893,3.4554911246621893,3.4554911246621893,3.4554911246621893,3.4554911246621893,3.4554911246621893,3.4554911246621893,3.4554911246621893,3.4554911246621893,3.4554911246621893,3.4554911246621893,3.4554911246621893,3.4554911246621893,3.4554911246621893,3.4554911246621893,3.4554911246621893,3.4554911246621893,3.4554911246621893,3.4554911246621893,3.4554911246621893,3.4554911246621893,3.4554911246621893,3.4554911246621893,3.4554911246621893,3.4554911246621893,3.4554911246621893,3.4554911246621893,3.4554911246621893,3.4554911246621893,3.4554911246621893,3.4554911246621893,3.4554911246621893,3.4554911246621893,3.4554911246621893,3.4554911246621893,3.4554911246621893,3.4554911246621893,3.4554911246621893,3.4554911246621893,3.4554911246621893,3.4554911246621893,3.4554911246621893,3.4554911246621893,3.4554911246621893,3.4554911246621893,3.4554911246621893,3.4554911246621893,3.4554911246621893,3.4554911246621893,3.4554911246621893,3.4554911246621893,3.4554911246621893,3.4554911246621893,3.4554911246621893,3.4554911246621893,3.4554911246621893,3.4554911246621893,3.4554911246621893,3.4554911246621893,3.4554911246621893,3.4554911246621893,3.4554911246621893,3.4554911246621893,3.4554911246621893,3.4554911246621893,3.4554911246621893,3.4554911246621893,3.4554911246621893,3.4554911246621893,3.4554911246621893,3.4554911246621893,3.4554911246621893,3.4554911246621893,3.4554911246621893,3.4554911246621893,3.4554911246621893,3.4554911246621893,3.4554911246621893,3.4554911246621893,3.4554911246621893,3.4554911246621893,3.4554911246621893,3.4554911246621893,3.4554911246621893,3.4554911246621893,3.4554911246621893,3.4554911246621893,3.4554911246621893,3.4554911246621893,3.4554911246621893,3.4554911246621893,3.4554911246621893,3.4554911246621893,3.4554911246621893,3.4554911246621893,3.4554911246621893,3.4554911246621893,3.4554911246621893,3.4554911246621893,3.4554911246621893,3.4554911246621893,3.4554911246621893,3.4554911246621893,3.4554911246621893,3.4554911246621893,3.4554911246621893,3.4554911246621893,3.4554911246621893,3.4554911246621893,3.4554911246621893,3.4554911246621893,3.4554911246621893,3.4554911246621893,3.4554911246621893,3.4554911246621893,3.4554911246621893,3.4554911246621893,3.4554911246621893,3.4554911246621893,3.4554911246621893,3.4554911246621893,3.4554911246621893,3.4554911246621893,3.4554911246621893,3.4554911246621893,3.4554911246621893,3.4554911246621893,3.4554911246621893,3.4554911246621893,3.4554911246621893,3.4554911246621893,3.4554911246621893,3.4554911246621893,3.4554911246621893,3.4554911246621893,3.4554911246621893,3.4554911246621893,3.4554911246621893,3.4554911246621893,3.4554911246621893,3.4554911246621893,3.4554911246621893,3.4554911246621893,3.4554911246621893,3.4554911246621893,3.4554911246621893,3.4554911246621893,3.4554911246621893,3.4554911246621893,3.4554911246621893,3.4554911246621893,3.4554911246621893,3.4554911246621893,3.4554911246621893,3.4554911246621893,3.4554911246621893,3.4554911246621893,3.4554911246621893,3.4554911246621893,3.4554911246621893,3.4554911246621893,3.4554911246621893,3.4554911246621893,3.4554911246621893,3.4554911246621893,3.4554911246621893,3.4554911246621893,3.4554911246621893,3.4554911246621893,3.4554911246621893,3.4554911246621893,3.4554911246621893,3.4554911246621893,3.4554911246621893,3.4554911246621893,3.4554911246621893,3.4554911246621893,3.4554911246621893,3.4554911246621893,3.4554911246621893,3.4554911246621893,3.4554911246621893,3.4554911246621893,3.4554911246621893,3.4554911246621893,3.4554911246621893,3.4554911246621893,3.4554911246621893,3.4554911246621893,3.4554911246621893,3.4554911246621893,3.4554911246621893,3.4554911246621893,3.4554911246621893,3.4554911246621893,3.4554911246621893,3.4554911246621893,3.4554911246621893,3.4554911246621893,3.4554911246621893,3.4554911246621893,3.4554911246621893,3.4554911246621893,3.4554911246621893,3.4554911246621893,3.4554911246621893,3.4554911246621893,3.4554911246621893,3.4554911246621893,3.4554911246621893,3.4554911246621893,3.4554911246621893,3.4554911246621893,3.4554911246621893,3.4554911246621893,3.4554911246621893,3.4554911246621893,3.4554911246621893,3.4554911246621893,3.4554911246621893,3.4554911246621893,3.4554911246621893,3.4554911246621893,3.4554911246621893,3.4554911246621893,3.4554911246621893,3.4554911246621893,3.4554911246621893,3.4554911246621893,3.4554911246621893,3.4554911246621893,3.4554911246621893,3.4554911246621893,3.4554911246621893,3.4554911246621893,3.4554911246621893,3.4554911246621893,3.4554911246621893,3.4554911246621893,3.4554911246621893,3.4554911246621893,3.4554911246621893,3.4554911246621893,3.4554911246621893,3.4554911246621893,3.4554911246621893,3.4554911246621893,3.4554911246621893,3.4554911246621893,3.4554911246621893,3.4554911246621893,3.4554911246621893,3.4554911246621893,3.4554911246621893,3.4554911246621893,3.4554911246621893,3.4554911246621893,3.4554911246621893,3.4554911246621893,3.4554911246621893,3.4554911246621893,3.4554911246621893,3.4554911246621893,3.4554911246621893,3.4554911246621893,3.4554911246621893,3.4554911246621893,3.4554911246621893,3.4554911246621893,3.4554911246621893,3.4554911246621893,7.6669818348569505,7.6669818348569505,7.238388567284668,7.238388567284668,7.238388567284668,7.238388567284668,7.238388567284668,7.238388567284668,7.238388567284668,7.238388567284668,7.238388567284668,7.238388567284668,7.217872941346225,7.217872941346225,7.217872941346225,7.217872941346225,7.217872941346225,6.6004652772698025,6.6004652772698025,6.6004652772698025,6.6004652772698025,6.6004652772698025,6.6004652772698025,6.6004652772698025,6.6004652772698025,6.6004652772698025,6.6004652772698025,6.6004652772698025,6.6004652772698025,6.6004652772698025,6.6004652772698025,6.6004652772698025,6.6004652772698025,6.6004652772698025,6.6004652772698025,6.6004652772698025,6.6004652772698025,6.6004652772698025,6.6004652772698025,6.6004652772698025,6.6004652772698025,6.6004652772698025,6.6004652772698025,6.6004652772698025,6.6004652772698025,6.6004652772698025,6.6004652772698025,6.6004652772698025,6.6004652772698025,6.6004652772698025,6.6004652772698025,6.6004652772698025,6.6004652772698025,6.6004652772698025,6.461733472778367,6.365376822371373,6.365376822371373,6.365376822371373,6.365376822371373,6.365376822371373,6.348552517718206,6.348552517718206,6.348552517718206,6.348552517718206,6.348552517718206,6.348552517718206,6.348552517718206,6.348552517718206,6.348552517718206,6.348552517718206,6.348552517718206,6.348552517718206,6.348552517718206,6.348552517718206,6.348552517718206,6.348552517718206,6.348552517718206,6.348552517718206,6.348552517718206,6.348552517718206,6.348552517718206,6.348552517718206,6.348552517718206,6.348552517718206,6.348552517718206,6.348552517718206,6.348552517718206,6.348552517718206,6.348552517718206,6.348552517718206,6.348552517718206,6.348552517718206,6.348552517718206,6.348552517718206,6.348552517718206,6.348552517718206,6.348552517718206,6.348552517718206,6.348552517718206,6.348552517718206,6.348552517718206,6.348552517718206,6.348552517718206,6.348552517718206,6.348552517718206,6.348552517718206,6.348552517718206,6.348552517718206,6.348552517718206,6.348552517718206,6.348552517718206,6.348552517718206,6.348552517718206,6.348552517718206,6.348552517718206,6.348552517718206,6.348552517718206,6.348552517718206,6.348552517718206,6.348552517718206,6.348552517718206,6.348552517718206,6.348552517718206,6.348552517718206,6.348552517718206,6.348552517718206,6.348552517718206,6.348552517718206,6.348552517718206,6.348552517718206,6.348552517718206,6.348552517718206,6.348552517718206,6.348552517718206,6.348552517718206,6.348552517718206,6.348552517718206,6.348552517718206,6.348552517718206,6.348552517718206,6.348552517718206,6.348552517718206,6.348552517718206,6.348552517718206,6.348552517718206,6.348552517718206,6.348552517718206,6.348552517718206,6.348552517718206,6.348552517718206,6.348552517718206,6.348552517718206,6.348552517718206,6.348552517718206,6.348552517718206,6.348552517718206,6.348552517718206,6.348552517718206,6.348552517718206,6.348552517718206,6.348552517718206,6.348552517718206,6.348552517718206,6.348552517718206,6.348552517718206,6.348552517718206,6.348552517718206,6.348552517718206,6.348552517718206,6.348552517718206,6.348552517718206,6.348552517718206,6.348552517718206,6.348552517718206,6.348552517718206,6.348552517718206,6.348552517718206,6.348552517718206,6.348552517718206,6.348552517718206,6.348552517718206,6.348552517718206,6.348552517718206,6.348552517718206,6.348552517718206,6.348552517718206,6.348552517718206,6.348552517718206,6.348552517718206,6.348552517718206,6.348552517718206,6.348552517718206,6.348552517718206,6.348552517718206,6.348552517718206,6.348552517718206,6.348552517718206,6.348552517718206,6.348552517718206,6.348552517718206,6.348552517718206,6.348552517718206,6.348552517718206,6.348552517718206,6.348552517718206,6.348552517718206,6.348552517718206,6.348552517718206,6.348552517718206,6.348552517718206,6.348552517718206,6.348552517718206,6.348552517718206,6.348552517718206,6.348552517718206,6.348552517718206,6.348552517718206,6.348552517718206,6.348552517718206,6.348552517718206,6.348552517718206,6.348552517718206,6.348552517718206,6.348552517718206,6.348552517718206,6.348552517718206,6.348552517718206,6.348552517718206,6.348552517718206,6.348552517718206,6.348552517718206,6.348552517718206,6.348552517718206,6.348552517718206,4.534475380851951,4.18939606834212,4.18939606834212,4.18939606834212,4.18939606834212,4.18939606834212,4.18939606834212,4.18939606834212,4.18939606834212,4.18939606834212,4.18939606834212,4.18939606834212,4.18939606834212,4.18939606834212,4.18939606834212,4.18939606834212,4.18939606834212,4.18939606834212,4.18939606834212,4.18939606834212,4.18939606834212,4.18939606834212,4.18939606834212,4.18939606834212,4.18939606834212,4.18939606834212,4.18939606834212,4.18939606834212,4.18939606834212,4.18939606834212,4.18939606834212,4.18939606834212,4.18939606834212,4.18939606834212,4.18939606834212,4.18939606834212,4.18939606834212,4.18939606834212,4.18939606834212,4.18939606834212,4.18939606834212,4.18939606834212,4.18939606834212,4.18939606834212,4.18939606834212,4.18939606834212,4.18939606834212,4.18939606834212,4.18939606834212,4.18939606834212,4.18939606834212,4.18939606834212,4.18939606834212,4.18939606834212,4.18939606834212,4.18939606834212,4.18939606834212,4.18939606834212,4.18939606834212,4.18939606834212,4.18939606834212,4.18939606834212,4.18939606834212,4.18939606834212,4.18939606834212,4.18939606834212,4.18939606834212,4.18939606834212,4.18939606834212,4.18939606834212,4.18939606834212,4.18939606834212,4.18939606834212,4.18939606834212,4.18939606834212,4.18939606834212,4.18939606834212,4.18939606834212,4.18939606834212,4.18939606834212,4.18939606834212,4.18939606834212,4.18939606834212,4.18939606834212,4.18939606834212,4.18939606834212,4.18939606834212,4.18939606834212,4.18939606834212,4.18939606834212,4.18939606834212,4.18939606834212,4.18939606834212,4.18939606834212,4.18939606834212,4.18939606834212,4.18939606834212,4.18939606834212,4.18939606834212,4.18939606834212,4.18939606834212,4.18939606834212,4.18939606834212,4.18939606834212,4.18939606834212,4.18939606834212,4.18939606834212,4.18939606834212,4.18939606834212,4.18939606834212,4.18939606834212,4.18939606834212,4.18939606834212,4.18939606834212,4.18939606834212,4.18939606834212,4.18939606834212,4.18939606834212,4.18939606834212,4.18939606834212,4.18939606834212,4.18939606834212,4.18939606834212,4.18939606834212,4.18939606834212,4.18939606834212,4.18939606834212,4.18939606834212,4.18939606834212,4.18939606834212,4.18939606834212,4.18939606834212,4.18939606834212,4.18939606834212,4.18939606834212,4.18939606834212,4.18939606834212,4.18939606834212,4.18939606834212,4.18939606834212,4.18939606834212,4.18939606834212,4.18939606834212,4.18939606834212,4.18939606834212,4.18939606834212,4.18939606834212,4.18939606834212,4.18939606834212,4.18939606834212,4.18939606834212,4.18939606834212,4.18939606834212,4.18939606834212,4.18939606834212,4.18939606834212,4.18939606834212,4.18939606834212,4.18939606834212,4.18939606834212,4.18939606834212,4.18939606834212,4.18939606834212,4.18939606834212,4.18939606834212,4.18939606834212,4.18939606834212,4.18939606834212,4.18939606834212,4.18939606834212,4.18939606834212,4.18939606834212,4.18939606834212,4.18939606834212,4.18939606834212,4.18939606834212,4.18939606834212,4.18939606834212,4.18939606834212,4.18939606834212,4.18939606834212,4.18939606834212,4.18939606834212,4.18939606834212,4.18939606834212,4.18939606834212,4.18939606834212,4.18939606834212,4.18939606834212,4.18939606834212,4.18939606834212,4.18939606834212,4.18939606834212,4.18939606834212,4.18939606834212,4.18939606834212,4.18939606834212,4.18939606834212,4.18939606834212,4.18939606834212,4.18939606834212,4.18939606834212,4.18939606834212,4.18939606834212,4.18939606834212,4.18939606834212,4.18939606834212,4.18939606834212,4.18939606834212,4.18939606834212,4.18939606834212,4.18939606834212,4.18939606834212,4.18939606834212,4.18939606834212,4.18939606834212,4.18939606834212,4.18939606834212,4.18939606834212,4.18939606834212,4.18939606834212,4.18939606834212,4.18939606834212,4.18939606834212,4.18939606834212,4.18939606834212,4.18939606834212,4.18939606834212,4.18939606834212,4.18939606834212,4.18939606834212,4.18939606834212,4.18939606834212,4.18939606834212,4.18939606834212,4.18939606834212,4.18939606834212,4.18939606834212,4.18939606834212,4.18939606834212,4.18939606834212,4.18939606834212,4.18939606834212,4.18939606834212,4.18939606834212,4.18939606834212,4.18939606834212,4.18939606834212,4.18939606834212,4.18939606834212,4.18939606834212,4.18939606834212,4.18939606834212,4.18939606834212,4.18939606834212,4.18939606834212,4.18939606834212,4.18939606834212,4.18939606834212,4.18939606834212,4.18939606834212,4.18939606834212,4.18939606834212,4.18939606834212,4.18939606834212,4.18939606834212,4.18939606834212,4.18939606834212,4.18939606834212,4.18939606834212,4.18939606834212,4.18939606834212,4.18939606834212,4.18939606834212,4.18939606834212,4.18939606834212,4.18939606834212,4.18939606834212,4.18939606834212,4.18939606834212,4.18939606834212,4.18939606834212,4.18939606834212,4.18939606834212,4.18939606834212,4.18939606834212,4.18939606834212,4.18939606834212,4.18939606834212,4.18939606834212,4.18939606834212,4.18939606834212,4.18939606834212,4.18939606834212,4.18939606834212,4.18939606834212,4.18939606834212,4.18939606834212,4.18939606834212,4.18939606834212,4.18939606834212,4.18939606834212,4.18939606834212,4.18939606834212,4.18939606834212,4.18939606834212,4.18939606834212,4.18939606834212,4.18939606834212,4.18939606834212,4.18939606834212,4.18939606834212,4.18939606834212,4.18939606834212,4.18939606834212,4.18939606834212,4.18939606834212,4.18939606834212,4.18939606834212,4.18939606834212,4.18939606834212,4.18939606834212,4.18939606834212,4.18939606834212,4.18939606834212,4.18939606834212,4.18939606834212,4.18939606834212,4.18939606834212,4.18939606834212,4.18939606834212,4.18939606834212,4.18939606834212,4.18939606834212,4.18939606834212,4.18939606834212,4.18939606834212,4.18939606834212,4.18939606834212,4.18939606834212,4.18939606834212,4.18939606834212,4.18939606834212,4.18939606834212,4.18939606834212,4.18939606834212,4.18939606834212,4.18939606834212,4.18939606834212,4.18939606834212,4.18939606834212,4.18939606834212,4.18939606834212,4.18939606834212,4.18939606834212,4.18939606834212,4.18939606834212,4.18939606834212,4.18939606834212,4.18939606834212,4.18939606834212,4.18939606834212,4.18939606834212,4.18939606834212,4.18939606834212,4.18939606834212,4.18939606834212,4.18939606834212,4.18939606834212,4.18939606834212,4.18939606834212,4.18939606834212,4.18939606834212,4.18939606834212,4.18939606834212,4.18939606834212,4.18939606834212,4.18939606834212,4.18939606834212,4.18939606834212,4.18939606834212,4.18939606834212,4.18939606834212,4.18939606834212,4.18939606834212,4.18939606834212,4.18939606834212,4.18939606834212,4.18939606834212,4.18939606834212,4.18939606834212,4.18939606834212,4.18939606834212,4.18939606834212,4.18939606834212,4.18939606834212,4.18939606834212,4.18939606834212,4.18939606834212,4.18939606834212,4.18939606834212,4.18939606834212,4.18939606834212,4.18939606834212,4.18939606834212,4.18939606834212,4.18939606834212,4.18939606834212,4.18939606834212,4.18939606834212,4.18939606834212,4.18939606834212,4.18939606834212,4.18939606834212,4.18939606834212,4.18939606834212,4.18939606834212,4.18939606834212,4.18939606834212,4.18939606834212,4.18939606834212,4.18939606834212,4.18939606834212,4.18939606834212,4.18939606834212,4.18939606834212,4.18939606834212,4.18939606834212,4.18939606834212,4.18939606834212,4.18939606834212,4.18939606834212,4.18939606834212,4.18939606834212,4.18939606834212,4.18939606834212,4.18939606834212,4.18939606834212,4.18939606834212,4.18939606834212,4.18939606834212,4.18939606834212,4.18939606834212,4.18939606834212,4.18939606834212,4.18939606834212,4.18939606834212,4.18939606834212,4.18939606834212,4.18939606834212,4.18939606834212,4.18939606834212,4.18939606834212,4.18939606834212,4.18939606834212,4.18939606834212,4.18939606834212,4.18939606834212,4.18939606834212,4.18939606834212,4.18939606834212,4.18939606834212,4.18939606834212,4.18939606834212,4.18939606834212,4.18939606834212,4.18939606834212,4.18939606834212,4.18939606834212,4.18939606834212,4.18939606834212,4.18939606834212,4.18939606834212,4.18939606834212,4.18939606834212,4.18939606834212,4.18939606834212,4.18939606834212,4.18939606834212,4.18939606834212,4.18939606834212,4.18939606834212,4.18939606834212,4.18939606834212,4.18939606834212,4.18939606834212,4.18939606834212,4.18939606834212,4.18939606834212,4.18939606834212,4.18939606834212,4.18939606834212,4.18939606834212,4.18939606834212,4.18939606834212,4.18939606834212,4.18939606834212,4.18939606834212,4.18939606834212,4.18939606834212,4.18939606834212,4.18939606834212,4.18939606834212,4.18939606834212,4.18939606834212,4.18939606834212,4.18939606834212,4.18939606834212,4.18939606834212,4.18939606834212,4.18939606834212,4.18939606834212,4.18939606834212,4.18939606834212,4.18939606834212,4.18939606834212,4.18939606834212,4.18939606834212,4.18939606834212,4.18939606834212,4.18939606834212,4.18939606834212,4.18939606834212,4.18939606834212,4.18939606834212,4.18939606834212,4.18939606834212,4.18939606834212,4.18939606834212,4.18939606834212,4.18939606834212,4.18939606834212,4.18939606834212,4.18939606834212,4.18939606834212,4.18939606834212,4.18939606834212,4.18939606834212,4.18939606834212,4.18939606834212,4.18939606834212,4.18939606834212,4.18939606834212,4.18939606834212,4.18939606834212,4.18939606834212,4.18939606834212,4.18939606834212,4.18939606834212,4.18939606834212,4.18939606834212,4.18939606834212,4.18939606834212,4.18939606834212,4.18939606834212,4.18939606834212,4.18939606834212,4.18939606834212,4.18939606834212,4.18939606834212,4.18939606834212,4.18939606834212,4.18939606834212,4.18939606834212,4.18939606834212,4.18939606834212,4.18939606834212,4.18939606834212,4.18939606834212,4.18939606834212,4.18939606834212,4.18939606834212,4.18939606834212,4.18939606834212,4.18939606834212,4.18939606834212,4.18939606834212,4.18939606834212,4.18939606834212,4.18939606834212,4.18939606834212,4.18939606834212,4.18939606834212,4.18939606834212,4.18939606834212,4.18939606834212,4.18939606834212,4.18939606834212,4.18939606834212,4.18939606834212,4.18939606834212,4.18939606834212,4.18939606834212,4.18939606834212,4.18939606834212,4.18939606834212,4.18939606834212,4.18939606834212,4.18939606834212,4.18939606834212,4.18939606834212,4.18939606834212,4.18939606834212,4.18939606834212,4.18939606834212,4.18939606834212,4.18939606834212,4.18939606834212,4.18939606834212,4.18939606834212,4.18939606834212,4.18939606834212,4.18939606834212,4.18939606834212,4.18939606834212,4.18939606834212,4.18939606834212,4.18939606834212,4.18939606834212,4.18939606834212,4.18939606834212,4.18939606834212,4.18939606834212,4.18939606834212,4.18939606834212,4.18939606834212,4.18939606834212,4.18939606834212,4.18939606834212,4.18939606834212,4.18939606834212,4.18939606834212,4.18939606834212,4.18939606834212,4.18939606834212,4.18939606834212,4.18939606834212,4.18939606834212,4.18939606834212,4.18939606834212,4.18939606834212,4.18939606834212,4.18939606834212,4.18939606834212,4.18939606834212,4.18939606834212,4.18939606834212,4.18939606834212,4.18939606834212,4.18939606834212,4.18939606834212,4.18939606834212,4.18939606834212,4.18939606834212,4.18939606834212,4.18939606834212,4.18939606834212,4.18939606834212,4.18939606834212,4.18939606834212,4.18939606834212,4.18939606834212,4.18939606834212,4.18939606834212,4.18939606834212,4.18939606834212,4.18939606834212,4.18939606834212,4.18939606834212,4.18939606834212,4.18939606834212,4.18939606834212,4.18939606834212,4.18939606834212,4.18939606834212,4.18939606834212,4.18939606834212,4.18939606834212,4.18939606834212,4.18939606834212,4.18939606834212,4.18939606834212,4.18939606834212,4.18939606834212,4.18939606834212,4.18939606834212,4.18939606834212,4.18939606834212,4.18939606834212,4.18939606834212,4.18939606834212,4.18939606834212,4.18939606834212,4.18939606834212,4.18939606834212,4.18939606834212,4.18939606834212,4.18939606834212,4.18939606834212,4.18939606834212,4.18939606834212,4.18939606834212,4.18939606834212,4.18939606834212,4.18939606834212,4.18939606834212,4.18939606834212,4.18939606834212,4.18939606834212,4.18939606834212,4.18939606834212,4.18939606834212,4.18939606834212,4.18939606834212,4.18939606834212,4.18939606834212,4.18939606834212,4.18939606834212,4.18939606834212,4.18939606834212,4.18939606834212,4.18939606834212,4.18939606834212,4.18939606834212,4.18939606834212,4.18939606834212,4.18939606834212,4.18939606834212,4.18939606834212,4.18939606834212,4.18939606834212,4.18939606834212,4.18939606834212,4.18939606834212,4.18939606834212,4.18939606834212,4.18939606834212,4.18939606834212,4.18939606834212,4.18939606834212,4.18939606834212,4.18939606834212,4.18939606834212,4.18939606834212,4.18939606834212,4.18939606834212,4.18939606834212,4.18939606834212,4.18939606834212,4.18939606834212,4.18939606834212,4.18939606834212,4.18939606834212,4.18939606834212,4.18939606834212,4.18939606834212,4.18939606834212,4.18939606834212,4.18939606834212,4.18939606834212,4.18939606834212,4.18939606834212,4.18939606834212,4.18939606834212,4.18939606834212,4.18939606834212,7.454651440693868,6.895491060055385,6.895491060055385,6.895491060055385,6.863948238351935,6.863948238351935,6.863948238351935,6.863948238351935,6.863948238351935,6.863948238351935,6.863948238351935,6.863948238351935,6.863948238351935,6.863948238351935,6.863948238351935,6.863948238351935,6.863948238351935,5.887557543556926,5.887557543556926,5.887557543556926,5.887557543556926,5.887557543556926,5.887557543556926,5.887557543556926,5.887557543556926,5.887557543556926,5.887557543556926,5.887557543556926,5.887557543556926,5.887557543556926,5.887557543556926,5.887557543556926,5.887557543556926,5.887557543556926,5.887557543556926,5.887557543556926,5.887557543556926,5.887557543556926,5.887557543556926,5.887557543556926,5.887557543556926,5.887557543556926,5.887557543556926,5.887557543556926,5.887557543556926,5.887557543556926,5.887557543556926,5.887557543556926,5.887557543556926,5.887557543556926,5.887557543556926,5.887557543556926,5.887557543556926,5.876236536183912,5.876236536183912,5.876236536183912,5.876236536183912,5.876236536183912,5.876236536183912,5.876236536183912,5.876236536183912,5.876236536183912,5.876236536183912,5.876236536183912,5.876236536183912,5.876236536183912,5.876236536183912,5.876236536183912,5.876236536183912,5.876236536183912,5.876236536183912,5.876236536183912,5.876236536183912,5.876236536183912,5.876236536183912,5.876236536183912,5.876236536183912,5.876236536183912,5.876236536183912,5.876236536183912,5.876236536183912,5.876236536183912,5.876236536183912,5.876236536183912,5.876236536183912,5.876236536183912,5.876236536183912,5.876236536183912,5.876236536183912,5.876236536183912,5.876236536183912,5.876236536183912,5.876236536183912,5.876236536183912,5.876236536183912,5.876236536183912,5.876236536183912,5.876236536183912,5.876236536183912,5.876236536183912,5.876236536183912,5.876236536183912,5.876236536183912,5.876236536183912,5.876236536183912,5.876236536183912,5.876236536183912,5.876236536183912,5.876236536183912,5.876236536183912,5.876236536183912,5.876236536183912,5.876236536183912,5.876236536183912,5.876236536183912,5.876236536183912,5.876236536183912,5.876236536183912,5.876236536183912,5.876236536183912,5.876236536183912,5.876236536183912,5.876236536183912,5.876236536183912,5.876236536183912,5.876236536183912,5.876236536183912,5.876236536183912,5.876236536183912,5.876236536183912,5.876236536183912,5.876236536183912,5.876236536183912,5.876236536183912,5.876236536183912,5.876236536183912,5.876236536183912,5.876236536183912,5.876236536183912,5.876236536183912,5.876236536183912,5.876236536183912,5.876236536183912,5.876236536183912,5.876236536183912,5.876236536183912,5.876236536183912,5.876236536183912,5.876236536183912,5.876236536183912,5.876236536183912,5.876236536183912,5.876236536183912,5.876236536183912,5.876236536183912,5.876236536183912,5.876236536183912,5.876236536183912,5.876236536183912,5.876236536183912,5.876236536183912,5.876236536183912,5.876236536183912,5.876236536183912,5.876236536183912,5.876236536183912,5.876236536183912,5.876236536183912,5.876236536183912,5.876236536183912,5.876236536183912,5.876236536183912,5.876236536183912,5.876236536183912,5.876236536183912,5.876236536183912,5.876236536183912,5.876236536183912,5.876236536183912,5.876236536183912,5.876236536183912,5.876236536183912,5.876236536183912,5.876236536183912,5.876236536183912,5.876236536183912,5.876236536183912,5.876236536183912,5.876236536183912,5.876236536183912,5.876236536183912,5.876236536183912,5.876236536183912,5.876236536183912,5.876236536183912,5.876236536183912,5.876236536183912,5.876236536183912,5.876236536183912,5.876236536183912,5.876236536183912,5.876236536183912,5.876236536183912,5.876236536183912,5.876236536183912,5.876236536183912,5.216299041340888,5.114988835450591,5.114988835450591,5.002341459881453,5.002341459881453,5.002341459881453,4.976854695386484,4.911079744599532,4.651851141425989,4.651851141425989,4.651851141425989,4.651851141425989,4.651851141425989,4.651851141425989,4.651851141425989,4.651851141425989,4.651851141425989,4.651851141425989,4.651851141425989,4.651851141425989,4.651851141425989,4.651851141425989,4.651851141425989,4.651851141425989,4.651851141425989,4.651851141425989,4.651851141425989,4.651851141425989,4.651851141425989,4.651851141425989,4.651851141425989,4.651851141425989,4.651851141425989,4.651851141425989,4.651851141425989,4.651851141425989,4.651851141425989,4.651851141425989,4.651851141425989,4.651851141425989,4.651851141425989,4.651851141425989,4.651851141425989,4.651851141425989,4.651851141425989,4.651851141425989,4.651851141425989,4.651851141425989,4.651851141425989,4.651851141425989,4.651851141425989,4.651851141425989,4.651851141425989,4.651851141425989,4.651851141425989,4.651851141425989,4.651851141425989,4.651851141425989,4.651851141425989,4.651851141425989,4.651851141425989,4.651851141425989,4.651851141425989,4.651851141425989,4.651851141425989,4.651851141425989,4.651851141425989,4.651851141425989,4.651851141425989,4.651851141425989,4.651851141425989,4.651851141425989,4.651851141425989,4.651851141425989,4.651851141425989,4.651851141425989,4.651851141425989,4.651851141425989,4.651851141425989,4.651851141425989,4.651851141425989,4.651851141425989,4.651851141425989,4.651851141425989,4.651851141425989,4.651851141425989,4.651851141425989,4.651851141425989,4.651851141425989,4.651851141425989,4.651851141425989,4.651851141425989,4.651851141425989,4.651851141425989,4.651851141425989,4.651851141425989,4.651851141425989,4.651851141425989,4.651851141425989,4.651851141425989,4.651851141425989,4.651851141425989,4.651851141425989,4.651851141425989,4.651851141425989,4.651851141425989,4.651851141425989,4.651851141425989,4.651851141425989,4.651851141425989,4.651851141425989,4.651851141425989,4.651851141425989,4.651851141425989,4.651851141425989,4.651851141425989,4.651851141425989,4.651851141425989,4.651851141425989,4.651851141425989,4.651851141425989,4.651851141425989,4.651851141425989,4.651851141425989,4.651851141425989,4.651851141425989,4.651851141425989,4.651851141425989,4.651851141425989,4.651851141425989,4.651851141425989,4.651851141425989,4.651851141425989,4.651851141425989,4.651851141425989,4.651851141425989,4.651851141425989,4.651851141425989,4.651851141425989,4.651851141425989,4.651851141425989,4.651851141425989,4.651851141425989,4.651851141425989,4.651851141425989,4.651851141425989,4.651851141425989,4.651851141425989,4.651851141425989,4.651851141425989,4.651851141425989,4.651851141425989,4.651851141425989,4.651851141425989,4.651851141425989,4.651851141425989,4.651851141425989,4.651851141425989,4.651851141425989,4.651851141425989,4.651851141425989,4.651851141425989,4.651851141425989,4.651851141425989,4.651851141425989,4.651851141425989,4.651851141425989,4.651851141425989,4.651851141425989,4.651851141425989,4.651851141425989,4.651851141425989,4.651851141425989,4.651851141425989,4.651851141425989,4.651851141425989,4.651851141425989,4.651851141425989,4.651851141425989,4.651851141425989,4.651851141425989,4.651851141425989,4.651851141425989,4.651851141425989,4.651851141425989,4.651851141425989,4.651851141425989,4.651851141425989,4.651851141425989,4.651851141425989,4.651851141425989,4.651851141425989,4.651851141425989,4.651851141425989,4.651851141425989,4.651851141425989,4.651851141425989,4.651851141425989,4.651851141425989,4.651851141425989,4.651851141425989,4.651851141425989,4.651851141425989,4.651851141425989,4.651851141425989,4.651851141425989,4.651851141425989,4.651851141425989,4.651851141425989,4.651851141425989,4.651851141425989,4.651851141425989,4.651851141425989,4.651851141425989,4.651851141425989,4.651851141425989,4.651851141425989,4.651851141425989,4.651851141425989,4.651851141425989,4.651851141425989,4.651851141425989,4.651851141425989,4.651851141425989,4.651851141425989,4.651851141425989,4.651851141425989,4.651851141425989,4.651851141425989,4.651851141425989,4.651851141425989,4.651851141425989,4.651851141425989,4.651851141425989,4.651851141425989,4.651851141425989,4.651851141425989,4.651851141425989,4.651851141425989,4.651851141425989,4.651851141425989,4.651851141425989,4.651851141425989,4.651851141425989,4.651851141425989,4.651851141425989,4.651851141425989,4.651851141425989,4.651851141425989,4.651851141425989,4.651851141425989,4.651851141425989,4.651851141425989,4.651851141425989,4.651851141425989,4.651851141425989,4.651851141425989,4.651851141425989,4.651851141425989,4.651851141425989,4.651851141425989,4.651851141425989,4.651851141425989,4.651851141425989,4.651851141425989,4.651851141425989,4.651851141425989,4.651851141425989,4.388462593602073,4.388462593602073,4.388462593602073,4.388462593602073,4.388462593602073,4.388462593602073,4.388462593602073,4.388462593602073,4.388462593602073,4.388462593602073,4.388462593602073,4.388462593602073,4.388462593602073,4.388462593602073,4.388462593602073,4.388462593602073,4.388462593602073,4.388462593602073,4.388462593602073,4.388462593602073,4.388462593602073,4.388462593602073,4.388462593602073,4.388462593602073,4.388462593602073,4.388462593602073,4.388462593602073,4.388462593602073,4.388462593602073,4.388462593602073,4.388462593602073,4.388462593602073,4.388462593602073,4.388462593602073,4.388462593602073,4.388462593602073,4.388462593602073,4.388462593602073,4.388462593602073,4.388462593602073,4.388462593602073,4.388462593602073,4.388462593602073,4.388462593602073,4.388462593602073,4.388462593602073,4.388462593602073,4.388462593602073,4.388462593602073,4.388462593602073,4.388462593602073,4.388462593602073,4.388462593602073,4.388462593602073,4.388462593602073,4.388462593602073,4.388462593602073,4.388462593602073,4.388462593602073,4.388462593602073,4.388462593602073,4.388462593602073,4.388462593602073,4.388462593602073,4.388462593602073,4.388462593602073,4.388462593602073,4.388462593602073,4.388462593602073,4.388462593602073,4.388462593602073,4.388462593602073,4.388462593602073,4.388462593602073,4.388462593602073,4.388462593602073,4.388462593602073,4.388462593602073,4.388462593602073,4.388462593602073,4.388462593602073,4.388462593602073,4.388462593602073,4.388462593602073,4.388462593602073,4.388462593602073,4.388462593602073,4.388462593602073,4.388462593602073,4.388462593602073,4.388462593602073,4.388462593602073,4.388462593602073,4.388462593602073,4.388462593602073,4.388462593602073,4.388462593602073,4.388462593602073,4.388462593602073,4.388462593602073,4.388462593602073,4.388462593602073,4.388462593602073,4.388462593602073,4.388462593602073,4.388462593602073,4.388462593602073,4.388462593602073,4.388462593602073,4.388462593602073,4.388462593602073,4.388462593602073,4.388462593602073,4.388462593602073,4.388462593602073,4.388462593602073,4.388462593602073,4.388462593602073,4.388462593602073,4.388462593602073,4.388462593602073,4.388462593602073,4.388462593602073,4.388462593602073,4.388462593602073,4.388462593602073,4.388462593602073,4.388462593602073,4.388462593602073,4.388462593602073,4.388462593602073,4.388462593602073,4.388462593602073,4.388462593602073,4.388462593602073,4.388462593602073,4.388462593602073,4.388462593602073,4.388462593602073,4.388462593602073,4.388462593602073,4.388462593602073,4.388462593602073,4.388462593602073,4.388462593602073,4.388462593602073,4.388462593602073,4.388462593602073,4.388462593602073,4.388462593602073,4.388462593602073,4.388462593602073,4.388462593602073,4.388462593602073,4.388462593602073,4.388462593602073,4.388462593602073,4.388462593602073,4.388462593602073,4.388462593602073,4.388462593602073,4.388462593602073,4.388462593602073,4.388462593602073,4.388462593602073,4.388462593602073,4.388462593602073,4.388462593602073,4.388462593602073,4.388462593602073,4.388462593602073,4.388462593602073,4.388462593602073,4.388462593602073,4.388462593602073,4.388462593602073,4.388462593602073,4.388462593602073,4.388462593602073,4.388462593602073,4.388462593602073,4.388462593602073,4.388462593602073,4.388462593602073,4.388462593602073,4.388462593602073,4.388462593602073,4.388462593602073,4.388462593602073,4.388462593602073,4.388462593602073,4.388462593602073,4.388462593602073,4.388462593602073,4.388462593602073,4.388462593602073,4.388462593602073,4.388462593602073,4.388462593602073,4.388462593602073,4.388462593602073,4.388462593602073,4.388462593602073,4.388462593602073,4.388462593602073,4.388462593602073,4.388462593602073,4.388462593602073,4.388462593602073,4.388462593602073,4.388462593602073,4.388462593602073,4.388462593602073,4.388462593602073,4.388462593602073,4.388462593602073,4.388462593602073,4.388462593602073,4.388462593602073,4.388462593602073,4.388462593602073,4.388462593602073,4.388462593602073,4.388462593602073,4.388462593602073,4.388462593602073,4.388462593602073,4.388462593602073,4.388462593602073,4.388462593602073,4.388462593602073,4.388462593602073,4.388462593602073,4.388462593602073,4.388462593602073,4.388462593602073,4.388462593602073,4.388462593602073,4.388462593602073,4.388462593602073,4.388462593602073,4.388462593602073,4.388462593602073,4.388462593602073,4.388462593602073,4.388462593602073,4.388462593602073,4.388462593602073,4.388462593602073,4.388462593602073,4.388462593602073,4.388462593602073,4.388462593602073,4.388462593602073,4.388462593602073,4.388462593602073,4.388462593602073,4.388462593602073,4.388462593602073,4.388462593602073,4.388462593602073,4.388462593602073,4.388462593602073,4.388462593602073,4.388462593602073,4.388462593602073,4.388462593602073,4.388462593602073,4.388462593602073,4.388462593602073,4.388462593602073,4.388462593602073,4.388462593602073,4.388462593602073,4.388462593602073,4.388462593602073,4.388462593602073,4.388462593602073,4.388462593602073,4.388462593602073,4.388462593602073,4.388462593602073,4.388462593602073,4.388462593602073,4.388462593602073,4.388462593602073,4.388462593602073,4.388462593602073,4.388462593602073,4.388462593602073,4.388462593602073,4.388462593602073,4.388462593602073,4.388462593602073,4.388462593602073,4.388462593602073,4.388462593602073,4.388462593602073,4.388462593602073,4.388462593602073,4.388462593602073,4.388462593602073,4.388462593602073,4.388462593602073,4.388462593602073,4.388462593602073,4.388462593602073,4.388462593602073,4.388462593602073,4.388462593602073,4.388462593602073,4.388462593602073,4.388462593602073,4.388462593602073,4.388462593602073,4.388462593602073,4.388462593602073,4.388462593602073,4.388462593602073,4.388462593602073,4.388462593602073,4.388462593602073,4.388462593602073,4.388462593602073,4.388462593602073,4.388462593602073,4.388462593602073,4.388462593602073,4.388462593602073,4.388462593602073,4.388462593602073,4.388462593602073,4.388462593602073,4.388462593602073,4.388462593602073,4.388462593602073,4.388462593602073,4.388462593602073,4.388462593602073,4.388462593602073,4.388462593602073,4.388462593602073,4.388462593602073,4.388462593602073,4.388462593602073,4.388462593602073,4.388462593602073,4.388462593602073,4.388462593602073,4.388462593602073,4.388462593602073,4.388462593602073,4.388462593602073,4.388462593602073,4.388462593602073,4.388462593602073,4.388462593602073,4.388462593602073,4.388462593602073,4.388462593602073,4.388462593602073,4.388462593602073,4.388462593602073,4.388462593602073,4.388462593602073,4.388462593602073,4.388462593602073,4.388462593602073,4.388462593602073,4.388462593602073,4.388462593602073,4.388462593602073,4.388462593602073,4.388462593602073,4.388462593602073,4.388462593602073,4.388462593602073,4.388462593602073,4.388462593602073,4.388462593602073,4.388462593602073,4.388462593602073,4.388462593602073,4.388462593602073,4.388462593602073,4.388462593602073,4.388462593602073,4.388462593602073,4.388462593602073,4.388462593602073,4.388462593602073,4.388462593602073,4.388462593602073,4.388462593602073,4.388462593602073,4.388462593602073,4.388462593602073,4.388462593602073,4.388462593602073,4.388462593602073,4.388462593602073,4.388462593602073,4.388462593602073,4.388462593602073,4.388462593602073,4.388462593602073,4.388462593602073,4.388462593602073,4.388462593602073,4.388462593602073,4.388462593602073,4.388462593602073,4.388462593602073,4.388462593602073,4.388462593602073,4.388462593602073,4.388462593602073,4.388462593602073,4.388462593602073,4.388462593602073,4.388462593602073,4.388462593602073,4.388462593602073,4.388462593602073,4.388462593602073,4.388462593602073,4.388462593602073,4.388462593602073,4.388462593602073,4.388462593602073,4.388462593602073,4.388462593602073,4.388462593602073,4.388462593602073,4.388462593602073,4.388462593602073,4.388462593602073,4.388462593602073,4.388462593602073,4.388462593602073,4.388462593602073,4.388462593602073,4.388462593602073,4.388462593602073,4.388462593602073,4.388462593602073,4.388462593602073,4.388462593602073,4.388462593602073,4.388462593602073,4.388462593602073,4.388462593602073,4.388462593602073,4.388462593602073,4.388462593602073,4.388462593602073,4.388462593602073,4.388462593602073,4.388462593602073,4.388462593602073,4.388462593602073,4.388462593602073,4.388462593602073,4.388462593602073,4.388462593602073,4.388462593602073,4.388462593602073,4.388462593602073,4.388462593602073,4.388462593602073,4.388462593602073,4.388462593602073,4.388462593602073,4.388462593602073,4.388462593602073,4.388462593602073,4.388462593602073,4.388462593602073,4.388462593602073,4.388462593602073,4.388462593602073,4.388462593602073,4.388462593602073,4.388462593602073,4.388462593602073,4.388462593602073,4.388462593602073,4.388462593602073,4.388462593602073,4.388462593602073,4.388462593602073,4.388462593602073,4.388462593602073,4.388462593602073,4.388462593602073,4.388462593602073,4.388462593602073,4.388462593602073,4.388462593602073,4.388462593602073,4.388462593602073,4.388462593602073,4.388462593602073,4.388462593602073,4.388462593602073,4.388462593602073,4.388462593602073,4.388462593602073,4.388462593602073,4.388462593602073,4.388462593602073,4.388462593602073,4.388462593602073,4.388462593602073,4.388462593602073,4.388462593602073,4.388462593602073,4.388462593602073,4.388462593602073,4.388462593602073,4.388462593602073,4.388462593602073,4.388462593602073,4.388462593602073,4.388462593602073,4.388462593602073,7.3489569635774545,7.23666503508961,7.23666503508961,6.779507114823901,6.779507114823901,6.317783357916741,6.317783357916741,6.317783357916741,6.317783357916741,6.317783357916741,6.317783357916741,6.317783357916741,6.317783357916741,6.317783357916741,6.317783357916741,6.317783357916741,6.317783357916741,6.317783357916741,6.317783357916741,6.317783357916741,6.317783357916741,6.317783357916741,6.317783357916741,6.317783357916741,6.317783357916741,6.317783357916741,6.317783357916741,5.972717530134613,5.676402373577087,5.676402373577087,5.676402373577087,5.676402373577087,5.676402373577087,5.676402373577087,5.676402373577087,5.676402373577087,5.676402373577087,5.676402373577087,5.676402373577087,5.676402373577087,5.676402373577087,5.676402373577087,5.676402373577087,5.676402373577087,5.676402373577087,5.676402373577087,5.676402373577087,5.676402373577087,5.676402373577087,5.676402373577087,5.676402373577087,5.676402373577087,5.676402373577087,5.676402373577087,5.676402373577087,5.676402373577087,5.676402373577087,5.676402373577087,5.676402373577087,5.676402373577087,5.676402373577087,5.676402373577087,5.676402373577087,5.676402373577087,5.676402373577087,5.676402373577087,5.676402373577087,5.676402373577087,5.676402373577087,5.676402373577087,5.676402373577087,5.669319628968542,5.669319628968542,5.669319628968542,5.669319628968542,5.669319628968542,5.669319628968542,5.669319628968542,5.669319628968542,5.669319628968542,5.669319628968542,5.669319628968542,5.669319628968542,5.669319628968542,5.669319628968542,5.669319628968542,5.669319628968542,5.669319628968542,5.669319628968542,5.669319628968542,5.669319628968542,5.669319628968542,5.669319628968542,5.669319628968542,5.624056493185047,5.624056493185047,5.624056493185047,5.624056493185047,5.624056493185047,5.624056493185047,5.624056493185047,5.624056493185047,5.624056493185047,5.624056493185047,5.624056493185047,5.624056493185047,5.624056493185047,5.624056493185047,5.624056493185047,5.624056493185047,5.624056493185047,5.624056493185047,5.624056493185047,5.624056493185047,5.624056493185047,5.624056493185047,5.624056493185047,5.624056493185047,5.624056493185047,5.624056493185047,5.624056493185047,5.624056493185047,5.624056493185047,5.624056493185047,5.624056493185047,5.624056493185047,5.624056493185047,5.624056493185047,5.624056493185047,5.624056493185047,5.624056493185047,5.624056493185047,5.624056493185047,5.624056493185047,5.624056493185047,5.624056493185047,5.624056493185047,5.624056493185047,5.624056493185047,5.624056493185047,5.624056493185047,5.624056493185047,5.624056493185047,5.624056493185047,5.624056493185047,5.624056493185047,5.624056493185047,5.624056493185047,5.624056493185047,5.624056493185047,5.624056493185047,5.624056493185047,5.624056493185047,5.624056493185047,5.624056493185047,5.624056493185047,5.624056493185047,5.624056493185047,5.624056493185047,5.624056493185047,5.624056493185047,5.624056493185047,5.624056493185047,5.624056493185047,5.624056493185047,5.624056493185047,5.624056493185047,5.624056493185047,5.624056493185047,5.624056493185047,5.624056493185047,5.624056493185047,5.624056493185047,5.624056493185047,5.624056493185047,5.624056493185047,5.624056493185047,5.624056493185047,5.624056493185047,5.624056493185047,5.624056493185047,5.624056493185047,5.624056493185047,5.624056493185047,5.624056493185047,5.624056493185047,5.624056493185047,5.624056493185047,5.624056493185047,5.624056493185047,5.624056493185047,5.624056493185047,5.624056493185047,5.624056493185047,5.624056493185047,5.624056493185047,5.624056493185047,5.624056493185047,5.624056493185047,5.624056493185047,5.624056493185047,5.624056493185047,5.624056493185047,5.624056493185047,5.624056493185047,5.624056493185047,5.624056493185047,5.624056493185047,5.624056493185047,5.624056493185047,5.624056493185047,5.624056493185047,5.624056493185047,5.624056493185047,5.624056493185047,5.624056493185047,5.624056493185047,5.624056493185047,5.624056493185047,5.624056493185047,5.624056493185047,5.624056493185047,5.624056493185047,5.624056493185047,5.624056493185047,5.624056493185047,5.624056493185047,5.624056493185047,5.624056493185047,5.624056493185047,5.624056493185047,5.624056493185047,5.624056493185047,5.624056493185047,5.624056493185047,5.624056493185047,5.624056493185047,5.624056493185047,5.624056493185047,5.624056493185047,5.624056493185047,5.624056493185047,5.624056493185047,5.624056493185047,5.624056493185047,5.624056493185047,5.624056493185047,5.624056493185047,5.624056493185047,5.624056493185047,5.624056493185047,5.624056493185047,5.624056493185047,5.624056493185047,5.624056493185047,5.624056493185047,5.624056493185047,5.624056493185047,5.624056493185047,5.624056493185047,5.624056493185047,5.624056493185047,5.624056493185047,5.624056493185047,5.624056493185047,5.624056493185047,5.624056493185047,5.624056493185047,5.624056493185047,5.624056493185047,5.624056493185047,5.624056493185047,5.624056493185047,5.624056493185047,5.624056493185047,5.624056493185047,5.624056493185047,5.624056493185047,5.624056493185047,5.624056493185047,5.624056493185047,5.624056493185047,5.624056493185047,5.624056493185047,5.624056493185047,5.624056493185047,5.624056493185047,5.624056493185047,5.624056493185047,5.624056493185047,5.624056493185047,5.624056493185047,5.624056493185047,5.624056493185047,5.624056493185047,5.624056493185047,5.624056493185047,5.624056493185047,5.624056493185047,5.624056493185047,3.9855130754201533,3.9855130754201533,3.9855130754201533,3.9795522261562115,3.9795522261562115,3.7541319418175516,3.7541319418175516,3.7541319418175516,3.7541319418175516,3.7541319418175516,3.7541319418175516,3.7541319418175516,3.7541319418175516,3.7541319418175516,3.7541319418175516,3.7541319418175516,3.7541319418175516,3.7541319418175516,3.7541319418175516,3.7541319418175516,3.7541319418175516,3.7541319418175516,3.7541319418175516,3.7541319418175516,3.7541319418175516,3.7541319418175516,3.7541319418175516,3.7541319418175516,3.7541319418175516,3.7541319418175516,3.7541319418175516,3.7541319418175516,3.7541319418175516,3.7541319418175516,3.7541319418175516,3.7541319418175516,3.7541319418175516,3.7541319418175516,3.7541319418175516,3.7541319418175516,3.7541319418175516,3.7541319418175516,3.7541319418175516,3.7541319418175516,3.7541319418175516,3.7541319418175516,3.7541319418175516,3.7541319418175516,3.7541319418175516,3.7541319418175516,3.7541319418175516,3.7541319418175516,3.7541319418175516,3.7541319418175516,3.7541319418175516,3.7541319418175516,3.7541319418175516,3.7541319418175516,3.7541319418175516,3.7541319418175516,3.7541319418175516,3.7541319418175516,3.7541319418175516,3.7541319418175516,3.7541319418175516,3.7541319418175516,3.7541319418175516,3.7541319418175516,3.7541319418175516,3.7541319418175516,3.7541319418175516,3.7541319418175516,3.7541319418175516,3.7541319418175516,3.7541319418175516,3.7541319418175516,3.7541319418175516,3.7541319418175516,3.7541319418175516,3.7541319418175516,3.7541319418175516,3.7541319418175516,3.7541319418175516,3.7541319418175516,3.7541319418175516,3.7541319418175516,3.7541319418175516,3.7541319418175516,3.7541319418175516,3.7541319418175516,3.7541319418175516,3.7541319418175516,3.7541319418175516,3.7541319418175516,3.7541319418175516,3.7541319418175516,3.7541319418175516,3.7541319418175516,3.7541319418175516,3.7541319418175516,3.7541319418175516,3.7541319418175516,3.7541319418175516,3.7541319418175516,3.7541319418175516,3.7541319418175516,3.7541319418175516,3.7541319418175516,3.7541319418175516,3.7541319418175516,3.7541319418175516,3.7541319418175516,3.7541319418175516,3.7541319418175516,3.7541319418175516,3.7541319418175516,3.7541319418175516,3.7541319418175516,3.7541319418175516,3.7541319418175516,3.7541319418175516,3.7541319418175516,3.7541319418175516,3.7541319418175516,3.7541319418175516,3.7541319418175516,3.7541319418175516,3.7541319418175516,3.7541319418175516,3.7541319418175516,3.7541319418175516,3.7541319418175516,3.7541319418175516,3.7541319418175516,3.7541319418175516,3.7541319418175516,3.7541319418175516,3.7541319418175516,3.7541319418175516,3.7541319418175516,3.7541319418175516,3.7541319418175516,3.7541319418175516,3.7541319418175516,3.7541319418175516,3.7541319418175516,3.7541319418175516,3.7541319418175516,3.7541319418175516,3.7541319418175516,3.7541319418175516,3.7541319418175516,3.7541319418175516,3.7541319418175516,3.7541319418175516,3.7541319418175516,3.7541319418175516,3.7541319418175516,3.7541319418175516,3.7541319418175516,3.7541319418175516,3.7541319418175516,3.7541319418175516,3.7541319418175516,3.7541319418175516,3.7541319418175516,3.7541319418175516,3.7541319418175516,3.7541319418175516,3.7541319418175516,3.7541319418175516,3.7541319418175516,3.7541319418175516,3.7541319418175516,3.7541319418175516,3.7541319418175516,3.7541319418175516,3.7541319418175516,3.7541319418175516,3.7541319418175516,3.7541319418175516,3.7541319418175516,3.7541319418175516,3.7541319418175516,3.7541319418175516,3.7541319418175516,3.7541319418175516,3.7541319418175516,3.7541319418175516,3.7541319418175516,3.7541319418175516,3.7541319418175516,3.7541319418175516,3.7541319418175516,3.7541319418175516,3.7541319418175516,3.7541319418175516,3.7541319418175516,3.7541319418175516,3.7541319418175516,3.7541319418175516,3.7541319418175516,3.7541319418175516,3.7541319418175516,3.7541319418175516,3.7541319418175516,3.7541319418175516,3.7541319418175516,3.7541319418175516,3.7541319418175516,3.7541319418175516,3.7541319418175516,3.7541319418175516,3.7541319418175516,3.7541319418175516,3.7541319418175516,3.7541319418175516,3.7541319418175516,3.7541319418175516,3.7541319418175516,3.7541319418175516,3.7541319418175516,3.7541319418175516,3.7541319418175516,3.7541319418175516,3.7541319418175516,3.7541319418175516,3.7541319418175516,3.7541319418175516,3.7541319418175516,3.7541319418175516,3.7541319418175516,3.7541319418175516,3.7541319418175516,3.7541319418175516,3.7541319418175516,3.7541319418175516,3.7541319418175516,3.7541319418175516,3.7541319418175516,3.7541319418175516,3.7541319418175516,3.7541319418175516,3.7541319418175516,3.7541319418175516,3.7541319418175516,3.7541319418175516,3.7541319418175516,3.7541319418175516,3.7541319418175516,3.7541319418175516,3.7541319418175516,3.7541319418175516,3.7541319418175516,3.7541319418175516,3.7541319418175516,3.7541319418175516,3.7541319418175516,3.7541319418175516,3.7541319418175516,3.7541319418175516,3.7541319418175516,3.7541319418175516,3.7541319418175516,3.7541319418175516,3.7541319418175516,3.7541319418175516,3.7541319418175516,3.7541319418175516,3.7541319418175516,3.7541319418175516,3.7541319418175516,3.7541319418175516,3.7541319418175516,3.7541319418175516,3.7541319418175516,3.7541319418175516,3.7541319418175516,3.7541319418175516,3.7541319418175516,3.7541319418175516,3.7541319418175516,3.7541319418175516,3.7541319418175516,3.7541319418175516,3.7541319418175516,3.7541319418175516,3.7541319418175516,3.7541319418175516,3.7541319418175516,3.7541319418175516,3.7541319418175516,3.7541319418175516,3.7541319418175516,3.7541319418175516,3.7541319418175516,3.7541319418175516,3.7541319418175516,3.7541319418175516,3.7541319418175516,3.7541319418175516,3.7541319418175516,3.7541319418175516,3.7541319418175516,3.7541319418175516,3.7541319418175516,3.7541319418175516,3.7541319418175516,3.7541319418175516,3.7541319418175516,3.7541319418175516,3.7541319418175516,3.7541319418175516,3.7541319418175516,3.7541319418175516,3.7541319418175516,3.7541319418175516,3.7541319418175516,3.7541319418175516,3.7541319418175516,3.7541319418175516,3.7541319418175516,3.7541319418175516,3.7541319418175516,3.7541319418175516,3.7541319418175516,3.7541319418175516,3.7541319418175516,3.7541319418175516,3.7541319418175516,3.7541319418175516,3.7541319418175516,3.7541319418175516,3.7541319418175516,3.7541319418175516,3.7541319418175516,3.7541319418175516,3.7541319418175516,3.7541319418175516,3.7541319418175516,3.7541319418175516,3.7541319418175516,3.7541319418175516,3.7541319418175516,3.7541319418175516,3.7541319418175516,3.7541319418175516,3.7541319418175516,3.7541319418175516,3.7541319418175516,3.7541319418175516,3.7541319418175516,3.7541319418175516,3.7541319418175516,3.7541319418175516,3.7541319418175516,3.7541319418175516,3.7541319418175516,3.7541319418175516,3.7541319418175516,3.7541319418175516,3.7541319418175516,3.7541319418175516,3.7541319418175516,3.7541319418175516,3.7541319418175516,3.7541319418175516,3.7541319418175516,3.7541319418175516,3.7541319418175516,3.7541319418175516,3.7541319418175516,3.7541319418175516,3.7541319418175516,3.7541319418175516,3.7541319418175516,3.7541319418175516,3.7541319418175516,3.7541319418175516,3.7541319418175516,3.7541319418175516,3.7541319418175516,3.7541319418175516,3.7541319418175516,3.7541319418175516,3.7541319418175516,3.7541319418175516,3.7541319418175516,3.7541319418175516,3.7541319418175516,3.7541319418175516,3.7541319418175516,3.7541319418175516,3.7541319418175516,3.7541319418175516,3.7541319418175516,3.7541319418175516,3.7541319418175516,3.7541319418175516,3.7541319418175516,3.7541319418175516,3.7541319418175516,3.7541319418175516,3.7541319418175516,3.7541319418175516,3.7541319418175516,3.7541319418175516,3.7541319418175516,3.7541319418175516,3.7541319418175516,3.7541319418175516,3.7541319418175516,3.7541319418175516,3.7541319418175516,3.7541319418175516,3.7541319418175516,3.7541319418175516,3.7541319418175516,3.7541319418175516,3.7541319418175516,3.7541319418175516,3.7541319418175516,3.7541319418175516,3.7541319418175516,3.7541319418175516,3.7541319418175516,3.7541319418175516,3.7541319418175516,3.7541319418175516,3.7541319418175516,3.7541319418175516,3.7541319418175516,3.7541319418175516,3.7541319418175516,3.7541319418175516,3.7541319418175516,3.7541319418175516,3.7541319418175516,3.7541319418175516,3.7541319418175516,3.7541319418175516,3.7541319418175516,3.7541319418175516,3.7541319418175516,3.7541319418175516,3.7541319418175516,3.7541319418175516,3.7541319418175516,3.7541319418175516,3.7541319418175516,3.7541319418175516,3.7541319418175516,3.7541319418175516,3.7541319418175516,3.7541319418175516,3.7541319418175516,3.7541319418175516,3.7541319418175516,3.7541319418175516,3.7541319418175516,3.7541319418175516,3.7541319418175516,3.7541319418175516,3.7541319418175516,3.7541319418175516,3.7541319418175516,3.7541319418175516,3.7541319418175516,3.7541319418175516,3.7541319418175516,3.7541319418175516,3.7541319418175516,3.7541319418175516,3.7541319418175516,3.7541319418175516,3.7541319418175516,3.7541319418175516,3.7541319418175516,3.7541319418175516,3.7541319418175516,3.7541319418175516,3.7541319418175516,3.7541319418175516,3.7541319418175516,3.7541319418175516,3.7541319418175516,3.7541319418175516,3.7541319418175516,3.7541319418175516,3.7541319418175516,3.7541319418175516,3.7541319418175516,3.7541319418175516,3.7541319418175516,3.7541319418175516,3.7541319418175516,3.7541319418175516,3.7541319418175516,3.7541319418175516,3.7541319418175516,3.7541319418175516,3.7541319418175516,3.7541319418175516,3.7541319418175516,3.7541319418175516,3.7541319418175516,3.7541319418175516,3.7541319418175516,3.7541319418175516,3.7541319418175516,3.7541319418175516,3.7541319418175516,3.7541319418175516,3.7541319418175516,3.7541319418175516,3.7541319418175516,3.7541319418175516,3.7541319418175516,3.7541319418175516,3.7541319418175516,3.7541319418175516,3.7541319418175516,3.7541319418175516,3.7541319418175516,3.7541319418175516,3.7541319418175516,3.7541319418175516,3.7541319418175516,3.7541319418175516,3.7541319418175516,3.7541319418175516,3.7541319418175516,3.7541319418175516,3.7541319418175516,3.7541319418175516,3.7541319418175516,3.7541319418175516,3.7541319418175516,3.7541319418175516,3.7541319418175516,3.7541319418175516,3.7541319418175516,3.7541319418175516,3.7541319418175516,3.7541319418175516,3.7541319418175516,3.7541319418175516,3.7541319418175516,3.7541319418175516,3.7541319418175516,3.7541319418175516,3.7541319418175516,3.7541319418175516,3.7541319418175516,3.7541319418175516,3.7541319418175516,3.7541319418175516,3.7541319418175516,3.7541319418175516,3.7541319418175516,3.7541319418175516,3.7541319418175516,3.7541319418175516,3.7541319418175516,3.7541319418175516,3.7541319418175516,3.7541319418175516,3.7541319418175516,3.7541319418175516,3.7541319418175516,3.7541319418175516,3.7541319418175516,3.7541319418175516,3.7541319418175516,3.7541319418175516,3.7541319418175516,3.7541319418175516,3.7541319418175516,3.7541319418175516,3.7541319418175516,3.7541319418175516,3.7541319418175516,3.7541319418175516,3.7541319418175516,3.7541319418175516,3.7541319418175516,3.7541319418175516,3.7541319418175516,3.7541319418175516,3.7541319418175516,3.7541319418175516,3.7541319418175516,3.7541319418175516,3.7541319418175516,3.7541319418175516,3.7541319418175516,3.7541319418175516,3.7541319418175516,3.7541319418175516,3.7541319418175516,3.7541319418175516,3.7541319418175516,3.7541319418175516,3.7541319418175516,3.7541319418175516,3.7541319418175516,3.7541319418175516,3.7541319418175516,3.7541319418175516,3.7541319418175516,3.7541319418175516,3.7541319418175516,3.7541319418175516,3.7541319418175516,3.7541319418175516,3.7541319418175516,3.7541319418175516,3.7541319418175516,3.7541319418175516,3.7541319418175516,3.7541319418175516,3.7541319418175516,3.7541319418175516,3.7541319418175516,3.7541319418175516,3.7541319418175516,3.7541319418175516,3.7541319418175516,3.7541319418175516,3.7541319418175516,3.7541319418175516,3.7541319418175516,3.7541319418175516,3.7541319418175516,3.7541319418175516,3.7541319418175516,3.7541319418175516,3.7541319418175516,3.7541319418175516,3.7541319418175516,3.7541319418175516,3.7541319418175516,3.7541319418175516,3.7541319418175516,3.7541319418175516,3.7541319418175516,3.7541319418175516,3.7541319418175516,3.7541319418175516,3.7541319418175516,3.7541319418175516,3.7541319418175516,3.7541319418175516,3.7541319418175516,3.7541319418175516,3.7541319418175516,3.7541319418175516,3.7541319418175516,3.7541319418175516,3.7541319418175516,3.7541319418175516,3.7541319418175516,3.7541319418175516,3.7541319418175516,3.7541319418175516,3.7541319418175516,3.7541319418175516,3.7541319418175516,3.7541319418175516,3.7541319418175516,3.7541319418175516,3.7541319418175516,3.7541319418175516,3.7541319418175516,3.7541319418175516,3.7541319418175516,3.7541319418175516,3.7541319418175516,3.7541319418175516,3.7541319418175516,3.7541319418175516,3.7541319418175516,3.7541319418175516,3.7541319418175516,3.7541319418175516,3.7541319418175516,3.7541319418175516,3.7541319418175516,3.7541319418175516,3.7541319418175516,3.7541319418175516,3.7541319418175516,3.7541319418175516,3.7541319418175516,3.7541319418175516,3.7541319418175516,3.7541319418175516,3.7541319418175516,3.7541319418175516,3.7541319418175516,7.325155632142557,7.325155632142557,7.177127133917876,6.576788630658845,6.576788630658845,6.576788630658845,6.576788630658845,6.576788630658845,6.576788630658845,6.576788630658845,6.576788630658845,6.576788630658845,6.576788630658845,6.576788630658845,6.576788630658845,6.576788630658845,6.576788630658845,6.576788630658845,6.576788630658845,6.576788630658845,6.576788630658845,6.549197176445413,6.516101706887464,6.516101706887464,6.516101706887464,6.516101706887464,6.516101706887464,6.516101706887464,6.516101706887464,6.516101706887464,6.516101706887464,6.516101706887464,6.516101706887464,6.516101706887464,6.516101706887464,6.516101706887464,6.516101706887464,6.516101706887464,6.516101706887464,6.516101706887464,6.516101706887464,6.516101706887464,6.4484205782757025,6.4484205782757025,6.4484205782757025,6.4484205782757025,6.4484205782757025,6.299364277135923,6.29443003532561,6.29443003532561,6.29443003532561,6.29443003532561,6.29443003532561,6.29443003532561,6.29443003532561,6.29443003532561,6.29443003532561,6.29443003532561,6.29443003532561,6.29443003532561,6.29443003532561,6.2255697318200935,6.2255697318200935,6.2255697318200935,6.2255697318200935,6.2255697318200935,6.2255697318200935,6.2255697318200935,6.2255697318200935,6.029583008535855,6.029583008535855,6.029583008535855,6.029583008535855,6.029583008535855,6.029583008535855,6.029583008535855,6.029583008535855,6.029583008535855,6.029583008535855,6.029583008535855,6.029583008535855,6.029583008535855,6.029583008535855,6.029583008535855,6.029583008535855,6.029583008535855,6.029583008535855,6.029583008535855,6.029583008535855,6.029583008535855,6.029583008535855,6.029583008535855,6.029583008535855,6.029583008535855,6.029583008535855,6.029583008535855,6.029583008535855,6.029583008535855,6.029583008535855,6.029583008535855,6.029583008535855,6.029583008535855,6.029583008535855,6.029583008535855,6.029583008535855,6.029583008535855,6.029583008535855,6.029583008535855,6.029583008535855,6.029583008535855,6.029583008535855,6.029583008535855,6.029583008535855,6.029583008535855,6.029583008535855,6.029583008535855,6.029583008535855,6.029583008535855,6.029583008535855,6.029583008535855,6.029583008535855,6.029583008535855,6.029583008535855,6.029583008535855,6.029583008535855,6.029583008535855,6.029583008535855,6.029583008535855,6.029583008535855,6.029583008535855,6.029583008535855,6.029583008535855,6.029583008535855,6.029583008535855,6.029583008535855,6.029583008535855,6.029583008535855,6.029583008535855,6.029583008535855,6.029583008535855,6.029583008535855,6.029583008535855,6.029583008535855,6.029583008535855,6.029583008535855,6.029583008535855,6.029583008535855,6.029583008535855,6.029583008535855,6.029583008535855,6.029583008535855,6.029583008535855,6.029583008535855,6.029583008535855,6.029583008535855,6.029583008535855,6.029583008535855,6.029583008535855,6.029583008535855,6.029583008535855,6.029583008535855,6.029583008535855,6.029583008535855,6.029583008535855,6.029583008535855,6.029583008535855,6.029583008535855,6.029583008535855,6.029583008535855,6.029583008535855,6.029583008535855,6.029583008535855,6.029583008535855,6.029583008535855,6.029583008535855,6.029583008535855,6.029583008535855,6.029583008535855,6.029583008535855,6.029583008535855,6.029583008535855,6.029583008535855,6.029583008535855,6.029583008535855,6.029583008535855,6.029583008535855,6.029583008535855,6.029583008535855,6.029583008535855,6.029583008535855,6.029583008535855,6.029583008535855,6.029583008535855,6.029583008535855,6.029583008535855,6.029583008535855,6.029583008535855,6.029583008535855,6.029583008535855,6.029583008535855,6.029583008535855,6.029583008535855,6.029583008535855,6.029583008535855,6.029583008535855,6.029583008535855,6.029583008535855,6.029583008535855,6.029583008535855,6.029583008535855,6.029583008535855,6.029583008535855,6.029583008535855,6.029583008535855,6.029583008535855,6.029583008535855,6.029583008535855,6.029583008535855,6.029583008535855,6.029583008535855,6.029583008535855,6.029583008535855,6.029583008535855,6.029583008535855,6.029583008535855,6.029583008535855,6.029583008535855,6.029583008535855,6.029583008535855,6.029583008535855,6.029583008535855,6.029583008535855,6.029583008535855,6.029583008535855,6.029583008535855,6.029583008535855,6.029583008535855,6.029583008535855,6.029583008535855,6.029583008535855,6.029583008535855,6.029583008535855,6.029583008535855,6.029583008535855,6.029583008535855,6.029583008535855,6.029583008535855,6.029583008535855,6.029583008535855,6.029583008535855,6.029583008535855,6.029583008535855,6.029583008535855,6.029583008535855,6.029583008535855,6.029583008535855,6.029583008535855,6.029583008535855,6.029583008535855,6.029583008535855,6.029583008535855,6.029583008535855,6.029583008535855,6.029583008535855,6.029583008535855,5.790277568303754,4.542329340415613,4.384450007846951,4.381172966130248,4.3616259661984795,4.3616259661984795,4.3616259661984795,4.3616259661984795,4.3616259661984795,4.3616259661984795,4.3616259661984795,4.3616259661984795,4.3616259661984795,4.3616259661984795,4.3616259661984795,4.335166053424544,4.335166053424544,4.335166053424544,4.335166053424544,4.335166053424544,4.335166053424544,4.335166053424544,4.335166053424544,4.335166053424544,4.335166053424544,4.335166053424544,4.335166053424544,4.335166053424544,4.335166053424544,4.335166053424544,4.335166053424544,4.335166053424544,4.335166053424544,4.335166053424544,4.335166053424544,4.335166053424544,4.335166053424544,4.335166053424544,4.335166053424544,4.335166053424544,4.335166053424544,4.335166053424544,4.335166053424544,4.335166053424544,4.262140375417296,4.262140375417296,4.262140375417296,4.262140375417296,4.262140375417296,4.262140375417296,4.262140375417296,4.262140375417296,4.262140375417296,4.262140375417296,4.262140375417296,4.262140375417296,4.262140375417296,4.262140375417296,4.262140375417296,4.262140375417296,4.262140375417296,4.262140375417296,4.262140375417296,4.262140375417296,4.262140375417296,4.262140375417296,4.262140375417296,4.262140375417296,4.262140375417296,4.262140375417296,4.262140375417296,4.262140375417296,4.262140375417296,4.262140375417296,4.262140375417296,4.262140375417296,4.262140375417296,4.262140375417296,4.262140375417296,4.262140375417296,4.262140375417296,4.262140375417296,4.262140375417296,4.262140375417296,4.262140375417296,4.262140375417296,4.262140375417296,4.262140375417296,4.262140375417296,4.262140375417296,4.262140375417296,4.262140375417296,4.262140375417296,4.262140375417296,4.262140375417296,4.262140375417296,4.262140375417296,4.262140375417296,4.262140375417296,4.262140375417296,4.262140375417296,4.262140375417296,4.262140375417296,4.262140375417296,4.262140375417296,4.262140375417296,4.262140375417296,4.262140375417296,4.262140375417296,4.262140375417296,4.262140375417296,4.262140375417296,4.262140375417296,4.262140375417296,4.262140375417296,4.262140375417296,4.262140375417296,4.262140375417296,4.262140375417296,4.262140375417296,4.262140375417296,4.262140375417296,4.262140375417296,4.262140375417296,4.262140375417296,4.262140375417296,4.262140375417296,4.262140375417296,4.262140375417296,4.262140375417296,4.262140375417296,4.262140375417296,4.262140375417296,4.262140375417296,4.262140375417296,4.262140375417296,4.262140375417296,4.262140375417296,4.262140375417296,4.262140375417296,4.262140375417296,4.262140375417296,4.262140375417296,4.262140375417296,4.262140375417296,4.262140375417296,4.262140375417296,4.262140375417296,4.262140375417296,4.262140375417296,4.262140375417296,4.262140375417296,4.262140375417296,4.262140375417296,4.262140375417296,4.262140375417296,4.262140375417296,4.262140375417296,4.262140375417296,4.262140375417296,4.262140375417296,4.262140375417296,4.262140375417296,4.262140375417296,4.262140375417296,4.262140375417296,4.262140375417296,4.262140375417296,4.262140375417296,4.262140375417296,4.262140375417296,4.262140375417296,4.262140375417296,4.262140375417296,4.262140375417296,4.262140375417296,4.262140375417296,4.262140375417296,4.262140375417296,4.262140375417296,4.262140375417296,4.262140375417296,4.262140375417296,4.262140375417296,4.262140375417296,4.262140375417296,4.262140375417296,4.262140375417296,4.262140375417296,4.262140375417296,4.262140375417296,4.262140375417296,4.262140375417296,4.262140375417296,4.262140375417296,4.262140375417296,4.262140375417296,4.262140375417296,4.262140375417296,4.262140375417296,4.262140375417296,4.262140375417296,4.262140375417296,4.262140375417296,4.262140375417296,4.262140375417296,4.262140375417296,4.262140375417296,4.262140375417296,4.262140375417296,4.262140375417296,4.262140375417296,4.262140375417296,4.262140375417296,4.262140375417296,4.262140375417296,4.262140375417296,4.262140375417296,4.262140375417296,4.262140375417296,4.262140375417296,4.262140375417296,4.262140375417296,4.262140375417296,4.262140375417296,4.262140375417296,4.262140375417296,4.262140375417296,4.262140375417296,4.262140375417296,4.262140375417296,4.262140375417296,4.262140375417296,4.262140375417296,4.262140375417296,4.262140375417296,4.262140375417296,4.262140375417296,4.262140375417296,4.262140375417296,4.262140375417296,4.262140375417296,4.262140375417296,4.262140375417296,4.262140375417296,4.262140375417296,4.262140375417296,4.262140375417296,4.262140375417296,4.262140375417296,4.262140375417296,4.262140375417296,4.262140375417296,4.262140375417296,4.262140375417296,4.262140375417296,4.262140375417296,4.262140375417296,4.262140375417296,4.262140375417296,4.262140375417296,4.262140375417296,4.262140375417296,4.262140375417296,4.262140375417296,4.262140375417296,4.262140375417296,4.262140375417296,4.262140375417296,4.262140375417296,4.262140375417296,4.262140375417296,4.262140375417296,4.262140375417296,4.262140375417296,4.262140375417296,4.262140375417296,4.262140375417296,4.262140375417296,4.262140375417296,4.262140375417296,4.262140375417296,4.262140375417296,4.262140375417296,4.262140375417296,4.262140375417296,4.262140375417296,4.262140375417296,4.262140375417296,4.262140375417296,4.262140375417296,4.262140375417296,4.262140375417296,4.262140375417296,4.262140375417296,4.262140375417296,4.262140375417296,4.262140375417296,4.262140375417296,4.262140375417296,4.262140375417296,4.262140375417296,4.262140375417296,4.262140375417296,4.262140375417296,4.262140375417296,4.262140375417296,4.262140375417296,4.262140375417296,4.262140375417296,4.262140375417296,4.262140375417296,4.262140375417296,4.262140375417296,4.262140375417296,4.262140375417296,4.262140375417296,4.262140375417296,4.262140375417296,4.262140375417296,4.262140375417296,4.262140375417296,4.262140375417296,4.262140375417296,4.262140375417296,4.262140375417296,4.262140375417296,4.262140375417296,4.262140375417296,4.262140375417296,4.100616303893712,4.100616303893712,4.100616303893712,4.100616303893712,4.100616303893712,4.100616303893712,4.100616303893712,4.100616303893712,4.100616303893712,4.100616303893712,4.100616303893712,4.100616303893712,4.100616303893712,4.100616303893712,4.100616303893712,4.100616303893712,4.100616303893712,4.100616303893712,4.100616303893712,4.100616303893712,4.100616303893712,4.100616303893712,4.100616303893712,4.100616303893712,4.100616303893712,4.100616303893712,4.100616303893712,4.100616303893712,4.100616303893712,4.100616303893712,4.100616303893712,4.100616303893712,4.100616303893712,4.100616303893712,4.100616303893712,4.100616303893712,4.100616303893712,4.100616303893712,4.100616303893712,4.100616303893712,4.100616303893712,4.100616303893712,4.100616303893712,4.100616303893712,4.100616303893712,4.100616303893712,4.100616303893712,4.100616303893712,4.100616303893712,4.100616303893712,4.100616303893712,4.100616303893712,4.100616303893712,4.100616303893712,4.100616303893712,4.100616303893712,4.100616303893712,4.100616303893712,4.100616303893712,4.100616303893712,4.100616303893712,4.100616303893712,4.100616303893712,4.100616303893712,4.100616303893712,4.100616303893712,4.100616303893712,4.100616303893712,4.100616303893712,4.100616303893712,4.100616303893712,4.100616303893712,4.100616303893712,4.100616303893712,4.100616303893712,4.100616303893712,4.100616303893712,4.100616303893712,4.100616303893712,4.100616303893712,4.100616303893712,4.100616303893712,4.100616303893712,4.100616303893712,4.100616303893712,4.100616303893712,4.100616303893712,4.100616303893712,4.100616303893712,4.100616303893712,4.100616303893712,4.100616303893712,4.100616303893712,4.100616303893712,4.100616303893712,4.100616303893712,4.100616303893712,4.100616303893712,4.100616303893712,4.100616303893712,4.100616303893712,4.100616303893712,4.100616303893712,4.100616303893712,4.100616303893712,4.100616303893712,4.100616303893712,4.100616303893712,4.100616303893712,4.100616303893712,4.100616303893712,4.100616303893712,4.100616303893712,4.100616303893712,4.100616303893712,4.100616303893712,4.100616303893712,4.100616303893712,4.100616303893712,4.100616303893712,4.100616303893712,4.100616303893712,4.100616303893712,4.100616303893712,4.100616303893712,4.100616303893712,4.100616303893712,4.100616303893712,4.100616303893712,4.100616303893712,4.100616303893712,4.100616303893712,4.100616303893712,4.100616303893712,4.100616303893712,4.100616303893712,4.100616303893712,4.100616303893712,4.100616303893712,4.100616303893712,4.100616303893712,4.100616303893712,4.100616303893712,4.100616303893712,4.100616303893712,4.100616303893712,4.100616303893712,4.100616303893712,4.100616303893712,4.100616303893712,4.100616303893712,4.100616303893712,4.100616303893712,4.100616303893712,4.100616303893712,4.100616303893712,4.100616303893712,4.100616303893712,4.100616303893712,4.100616303893712,4.100616303893712,4.100616303893712,4.100616303893712,4.100616303893712,4.100616303893712,4.100616303893712,4.100616303893712,4.100616303893712,4.100616303893712,4.100616303893712,4.100616303893712,4.100616303893712,4.100616303893712,4.100616303893712,4.100616303893712,4.100616303893712,4.100616303893712,4.100616303893712,4.100616303893712,4.100616303893712,4.100616303893712,4.100616303893712,4.100616303893712,4.100616303893712,4.100616303893712,4.100616303893712,4.100616303893712,4.100616303893712,4.100616303893712,4.100616303893712,4.100616303893712,4.100616303893712,4.100616303893712,4.100616303893712,4.100616303893712,4.100616303893712,4.100616303893712,4.100616303893712,4.100616303893712,4.100616303893712,4.100616303893712,4.100616303893712,4.100616303893712,4.100616303893712,4.100616303893712,4.100616303893712,4.100616303893712,4.100616303893712,4.100616303893712,4.100616303893712,4.100616303893712,4.100616303893712,4.100616303893712,4.100616303893712,4.100616303893712,4.100616303893712,4.100616303893712,4.100616303893712,4.100616303893712,4.100616303893712,4.100616303893712,4.100616303893712,4.100616303893712,4.100616303893712,4.100616303893712,4.100616303893712,4.100616303893712,4.100616303893712,4.100616303893712,4.100616303893712,4.100616303893712,4.100616303893712,4.100616303893712,4.100616303893712,4.100616303893712,4.100616303893712,4.100616303893712,4.100616303893712,4.100616303893712,4.100616303893712,4.100616303893712,4.100616303893712,4.100616303893712,4.100616303893712,4.100616303893712,4.100616303893712,4.100616303893712,4.100616303893712,4.100616303893712,4.100616303893712,4.100616303893712,4.100616303893712,4.100616303893712,4.100616303893712,4.100616303893712,4.100616303893712,4.100616303893712,4.100616303893712,4.100616303893712,4.100616303893712,4.100616303893712,4.100616303893712,4.100616303893712,4.100616303893712,4.100616303893712,4.100616303893712,4.100616303893712,4.100616303893712,4.100616303893712,4.100616303893712,4.100616303893712,4.100616303893712,4.100616303893712,4.100616303893712,4.100616303893712,4.100616303893712,4.100616303893712,4.100616303893712,4.100616303893712,4.100616303893712,4.100616303893712,4.100616303893712,4.100616303893712,4.100616303893712,4.100616303893712,4.100616303893712,4.100616303893712,4.100616303893712,4.100616303893712,4.100616303893712,4.100616303893712,4.100616303893712,4.100616303893712,4.100616303893712,4.100616303893712,4.100616303893712,4.100616303893712,4.100616303893712,4.100616303893712,4.100616303893712,4.100616303893712,4.100616303893712,4.100616303893712,4.100616303893712,4.100616303893712,4.100616303893712,4.100616303893712,4.100616303893712,4.100616303893712,4.100616303893712,4.100616303893712,4.100616303893712,4.100616303893712,4.100616303893712,4.100616303893712,4.100616303893712,4.100616303893712,4.100616303893712,4.100616303893712,4.100616303893712,3.9853046344089638,3.9853046344089638,3.9853046344089638,3.9853046344089638,3.9853046344089638,3.9853046344089638,3.9853046344089638,3.967308177814396,3.967308177814396,3.967308177814396,3.967308177814396,3.967308177814396,3.967308177814396,3.967308177814396,3.967308177814396,3.967308177814396,3.967308177814396,3.967308177814396,3.967308177814396,3.967308177814396,3.967308177814396,3.967308177814396,3.967308177814396,3.967308177814396,3.967308177814396,3.967308177814396,3.967308177814396,3.967308177814396,3.967308177814396,3.967308177814396,3.967308177814396,3.967308177814396,3.967308177814396,3.967308177814396,3.967308177814396,3.967308177814396,3.967308177814396,3.967308177814396,3.967308177814396,3.967308177814396,3.967308177814396,3.967308177814396,3.967308177814396,3.967308177814396,3.967308177814396,3.967308177814396,3.967308177814396,3.967308177814396,3.967308177814396,3.967308177814396,3.967308177814396,3.967308177814396,3.967308177814396,3.967308177814396,3.967308177814396,3.967308177814396,3.967308177814396,3.967308177814396,3.967308177814396,3.967308177814396,3.967308177814396,3.967308177814396,3.967308177814396,3.967308177814396,3.967308177814396,3.967308177814396,3.967308177814396,3.967308177814396,3.967308177814396,3.967308177814396,3.967308177814396,3.967308177814396,3.967308177814396,3.967308177814396,3.967308177814396,3.967308177814396,3.967308177814396,3.967308177814396,3.967308177814396,3.967308177814396,3.967308177814396,3.967308177814396,3.967308177814396,3.967308177814396,3.967308177814396,7.424706110332274,7.424706110332274,7.424706110332274,7.424706110332274,7.106267218444071,7.106267218444071,7.106267218444071,7.106267218444071,7.0129729531157485,6.457213637388957,6.457213637388957,6.457213637388957,5.932926553484106,5.932926553484106,5.932926553484106,5.932926553484106,5.932926553484106,5.932926553484106,5.932926553484106,5.932926553484106,5.932926553484106,5.932926553484106,5.932926553484106,5.932926553484106,5.932926553484106,5.932926553484106,5.932926553484106,5.932926553484106,5.932926553484106,5.932926553484106,5.932926553484106,5.932926553484106,5.932926553484106,5.932926553484106,5.932926553484106,5.932926553484106,5.932926553484106,5.932926553484106,5.932926553484106,5.932926553484106,5.932926553484106,5.932926553484106,5.932926553484106,5.932926553484106,5.932926553484106,5.932926553484106,5.932926553484106,5.932926553484106,5.932926553484106,5.932926553484106,5.932926553484106,5.932926553484106,5.932926553484106,5.932926553484106,5.932926553484106,5.932926553484106,5.932926553484106,5.932926553484106,5.932926553484106,5.932926553484106,5.932926553484106,5.932926553484106,5.932926553484106,5.932926553484106,5.932926553484106,5.932926553484106,5.932926553484106,5.932926553484106,5.932926553484106,5.932926553484106,5.932926553484106,5.932926553484106,5.932926553484106,5.932926553484106,5.932926553484106,5.932926553484106,5.932926553484106,5.932926553484106,5.932926553484106,5.932926553484106,5.932926553484106,5.932926553484106,5.932926553484106,5.932926553484106,5.932926553484106,5.932926553484106,5.932926553484106,5.932926553484106,5.932926553484106,5.932926553484106,5.932926553484106,5.932926553484106,5.932926553484106,5.932926553484106,5.932926553484106,5.932926553484106,5.932926553484106,5.932926553484106,5.932926553484106,5.932926553484106,5.932926553484106,5.932926553484106,5.932926553484106,5.932926553484106,5.932926553484106,5.932926553484106,5.932926553484106,5.932926553484106,5.932926553484106,5.932926553484106,5.932926553484106,5.932926553484106,5.932926553484106,5.932926553484106,5.932926553484106,5.932926553484106,5.932926553484106,5.932926553484106,5.932926553484106,5.932926553484106,5.932926553484106,5.932926553484106,5.932926553484106,5.932926553484106,5.932926553484106,5.932926553484106,5.932926553484106,5.932926553484106,5.932926553484106,5.932926553484106,5.932926553484106,5.932926553484106,5.932926553484106,5.932926553484106,5.932926553484106,5.932926553484106,5.932926553484106,5.932926553484106,5.932926553484106,5.932926553484106,5.932926553484106,5.932926553484106,5.932926553484106,5.932926553484106,5.932926553484106,5.932926553484106,5.932926553484106,5.932926553484106,5.932926553484106,5.932926553484106,5.932926553484106,5.932926553484106,5.932926553484106,5.932926553484106,5.932926553484106,5.932926553484106,5.932926553484106,5.932926553484106,5.932926553484106,5.932926553484106,5.932926553484106,5.932926553484106,5.932926553484106,5.932926553484106,5.932926553484106,5.932926553484106,5.932926553484106,5.932926553484106,5.932926553484106,5.932926553484106,5.932926553484106,5.932926553484106,5.932926553484106,5.932926553484106,5.932926553484106,5.932926553484106,5.932926553484106,5.932926553484106,5.932926553484106,5.932926553484106,5.932926553484106,5.932926553484106,5.932926553484106,5.932926553484106,5.932926553484106,5.932926553484106,5.932926553484106,5.932926553484106,5.932926553484106,5.932926553484106,5.932926553484106,5.932926553484106,5.932926553484106,5.932926553484106,5.932926553484106,5.932926553484106,5.932926553484106,5.932926553484106,5.932926553484106,5.932926553484106,5.932926553484106,5.932926553484106,5.932926553484106,5.932926553484106,5.932926553484106,5.932926553484106,4.919093126860103,4.270937807145581,4.270937807145581,4.270937807145581,4.270937807145581,4.270937807145581,4.270937807145581,4.270937807145581,4.270937807145581,4.270937807145581,4.270937807145581,4.270937807145581,4.270937807145581,4.270937807145581,4.270937807145581,4.270937807145581,4.270937807145581,4.270937807145581,4.270937807145581,4.270937807145581,4.270937807145581,4.270937807145581,4.270937807145581,4.270937807145581,4.270937807145581,4.270937807145581,4.270937807145581,4.270937807145581,4.270937807145581,4.270937807145581,4.270937807145581,4.270937807145581,4.270937807145581,4.270937807145581,4.270937807145581,4.270937807145581,4.270937807145581,4.270937807145581,4.270937807145581,4.270937807145581,4.270937807145581,4.270937807145581,4.159900124716435,4.159900124716435,4.159900124716435,4.159900124716435,4.159900124716435,3.6128570422885544,3.6128570422885544,3.6128570422885544,3.6128570422885544,3.6128570422885544,3.6128570422885544,3.6128570422885544,3.6128570422885544,3.6128570422885544,3.6128570422885544,3.6128570422885544,3.6128570422885544,3.6128570422885544,3.6128570422885544,3.6128570422885544,3.6128570422885544,3.6128570422885544,3.6128570422885544,3.6128570422885544,3.6128570422885544,3.6128570422885544,3.6128570422885544,3.6128570422885544,3.6128570422885544,3.6128570422885544,3.6128570422885544,3.6128570422885544,3.6128570422885544,3.6128570422885544,3.6128570422885544,3.6128570422885544,3.6128570422885544,3.6128570422885544,3.6128570422885544,3.6128570422885544,3.6128570422885544,3.6128570422885544,3.6128570422885544,3.6128570422885544,3.6128570422885544,3.6128570422885544,3.6128570422885544,3.6128570422885544,3.6128570422885544,3.6128570422885544,3.6128570422885544,3.6128570422885544,3.6128570422885544,3.6128570422885544,3.6128570422885544,3.6128570422885544,3.6128570422885544,3.6128570422885544,3.6128570422885544,3.6128570422885544,3.6128570422885544,3.6128570422885544,3.6128570422885544,3.6128570422885544,3.6128570422885544,3.6128570422885544,3.6128570422885544,3.6128570422885544,3.6128570422885544,3.6128570422885544,3.6128570422885544,3.6128570422885544,3.6128570422885544,3.6128570422885544,3.6128570422885544,3.6128570422885544,3.6128570422885544,3.6128570422885544,3.6128570422885544,3.6128570422885544,3.6128570422885544,3.6128570422885544,3.6128570422885544,3.6128570422885544,3.6128570422885544,3.6128570422885544,3.6128570422885544,3.6128570422885544,3.6128570422885544,3.6128570422885544,3.6128570422885544,3.6128570422885544,3.6128570422885544,3.6128570422885544,3.6128570422885544,3.6128570422885544,3.6128570422885544,3.6128570422885544,3.6128570422885544,3.6128570422885544,3.6128570422885544,3.6128570422885544,3.6128570422885544,3.6128570422885544,3.6128570422885544,3.6128570422885544,3.6128570422885544,3.6128570422885544,3.6128570422885544,3.6128570422885544,3.6128570422885544,3.6128570422885544,3.6128570422885544,3.6128570422885544,3.6128570422885544,3.6128570422885544,3.6128570422885544,3.6128570422885544,3.6128570422885544,3.6128570422885544,3.6128570422885544,3.6128570422885544,3.6128570422885544,3.6128570422885544,3.6128570422885544,3.6128570422885544,3.6128570422885544,3.6128570422885544,3.6128570422885544,3.6128570422885544,3.6128570422885544,3.6128570422885544,3.6128570422885544,3.6128570422885544,3.6128570422885544,3.6128570422885544,3.6128570422885544,3.6128570422885544,3.6128570422885544,3.6128570422885544,3.6128570422885544,3.6128570422885544,3.6128570422885544,3.6128570422885544,3.6128570422885544,3.6128570422885544,3.6128570422885544,3.6128570422885544,3.6128570422885544,3.6128570422885544,3.6128570422885544,3.6128570422885544,3.6128570422885544,3.6128570422885544,3.6128570422885544,3.6128570422885544,3.6128570422885544,3.6128570422885544,3.6128570422885544,3.6128570422885544,3.6128570422885544,3.6128570422885544,3.6128570422885544,3.6128570422885544,3.6128570422885544,3.6128570422885544,3.6128570422885544,3.6128570422885544,3.6128570422885544,3.6128570422885544,3.6128570422885544,3.6128570422885544,3.6128570422885544,3.6128570422885544,3.6128570422885544,3.6128570422885544,3.6128570422885544,3.6128570422885544,3.6128570422885544,3.6128570422885544,3.6128570422885544,3.6128570422885544,3.6128570422885544,3.6128570422885544,3.6128570422885544,3.6128570422885544,3.6128570422885544,3.6128570422885544,3.6128570422885544,3.6128570422885544,3.6128570422885544,3.6128570422885544,3.6128570422885544,3.6128570422885544,3.6128570422885544,3.6128570422885544,3.6128570422885544,3.6128570422885544,3.6128570422885544,3.6128570422885544,3.6128570422885544,3.6128570422885544,3.6128570422885544,3.6128570422885544,3.6128570422885544,3.6128570422885544,3.6128570422885544,3.6128570422885544,3.6128570422885544,3.6128570422885544,3.6128570422885544,3.6128570422885544,3.6128570422885544,3.6128570422885544,3.6128570422885544,3.6128570422885544,3.6128570422885544,3.6128570422885544,3.6128570422885544,3.6128570422885544,3.6128570422885544,3.6128570422885544,3.6128570422885544,3.6128570422885544,3.6128570422885544,3.6128570422885544,3.6128570422885544,3.6128570422885544,3.6128570422885544,3.6128570422885544,3.6128570422885544,3.6128570422885544,3.6128570422885544,3.6128570422885544,3.6128570422885544,3.6128570422885544,3.6128570422885544,3.6128570422885544,3.6128570422885544,3.6128570422885544,3.6128570422885544,3.6128570422885544,3.6128570422885544,3.6128570422885544,3.6128570422885544,3.6128570422885544,3.6128570422885544,3.6128570422885544,3.6128570422885544,3.6128570422885544,3.6128570422885544,3.6128570422885544,3.6128570422885544,3.6128570422885544,3.6128570422885544,3.6128570422885544,3.6128570422885544,3.6128570422885544,3.6128570422885544,3.6128570422885544,3.6128570422885544,3.6128570422885544,3.6128570422885544,3.6128570422885544,3.6128570422885544,3.6128570422885544,3.6128570422885544,3.6128570422885544,3.6128570422885544,3.6128570422885544,3.6128570422885544,3.6128570422885544,3.6128570422885544,3.6128570422885544,3.6128570422885544,3.6128570422885544,3.6128570422885544,3.6128570422885544,3.6128570422885544,3.6128570422885544,3.6128570422885544,3.6128570422885544,3.6128570422885544,3.6128570422885544,3.6128570422885544,3.6128570422885544,3.6128570422885544,3.6128570422885544,3.6128570422885544,3.6128570422885544,3.6128570422885544,3.6128570422885544,3.6128570422885544,3.6128570422885544,3.6128570422885544,3.6128570422885544,3.6128570422885544,3.6128570422885544,3.6128570422885544,3.6128570422885544,3.6128570422885544,3.6128570422885544,3.6128570422885544,3.6128570422885544,3.6128570422885544,3.6128570422885544,3.6128570422885544,3.6128570422885544,3.6128570422885544,3.6128570422885544,3.6128570422885544,3.6128570422885544,3.6128570422885544,3.6128570422885544,3.6128570422885544,3.6128570422885544,3.6128570422885544,3.6128570422885544,3.6128570422885544,3.6128570422885544,3.6128570422885544,3.6128570422885544,3.6128570422885544,3.6128570422885544,3.6128570422885544,3.6128570422885544,3.6128570422885544,3.6128570422885544,3.6128570422885544,3.6128570422885544,3.6128570422885544,3.6128570422885544,3.6128570422885544,3.6128570422885544,3.6128570422885544,3.6128570422885544,3.6128570422885544,3.6128570422885544,3.6128570422885544,3.6128570422885544,3.6128570422885544,3.6128570422885544,3.6128570422885544,3.6128570422885544,3.6128570422885544,3.6128570422885544,3.6128570422885544,3.6128570422885544,3.6128570422885544,3.6128570422885544,3.6128570422885544,3.6128570422885544,3.6128570422885544,3.6128570422885544,3.6128570422885544,3.6128570422885544,3.6128570422885544,3.6128570422885544,3.6128570422885544,3.6128570422885544,3.6128570422885544,3.6128570422885544,3.6128570422885544,3.6128570422885544,3.6128570422885544,3.6128570422885544,3.6128570422885544,3.6128570422885544,3.6128570422885544,3.6128570422885544,3.6128570422885544,3.6128570422885544,3.6128570422885544,3.6128570422885544,3.6128570422885544,3.6128570422885544,3.6128570422885544,3.6128570422885544,3.6128570422885544,3.6128570422885544,3.6128570422885544,3.6128570422885544,3.6128570422885544,3.6128570422885544,3.6128570422885544,3.6128570422885544,3.6128570422885544,3.6128570422885544,3.6128570422885544,3.6128570422885544,3.6128570422885544,3.6128570422885544,3.6128570422885544,3.6128570422885544,3.6128570422885544,3.6128570422885544,3.6128570422885544,3.6128570422885544,3.6128570422885544,3.6128570422885544,3.6128570422885544,3.6128570422885544,3.6128570422885544,3.6128570422885544,3.6128570422885544,3.6128570422885544,3.6128570422885544,3.6128570422885544,3.6128570422885544,3.6128570422885544,3.6128570422885544,3.6128570422885544,3.6128570422885544,3.6128570422885544,3.6128570422885544,3.6128570422885544,3.6128570422885544,3.6128570422885544,3.6128570422885544,3.6128570422885544,3.6128570422885544,3.6128570422885544,3.6128570422885544,3.6128570422885544,3.6128570422885544,3.6128570422885544,3.6128570422885544,3.6128570422885544,3.6128570422885544,3.6128570422885544,3.6128570422885544,3.6128570422885544,3.6128570422885544,3.6128570422885544,3.6128570422885544,3.6128570422885544,3.6128570422885544,3.6128570422885544,3.6128570422885544,3.6128570422885544,3.6128570422885544,3.6128570422885544,3.6128570422885544,3.6128570422885544,3.6128570422885544,3.6128570422885544,3.6128570422885544,3.6128570422885544,3.6128570422885544,3.6128570422885544,3.6128570422885544,3.6128570422885544,3.6128570422885544,3.6128570422885544,3.6128570422885544,3.6128570422885544,3.6128570422885544,3.6128570422885544,3.6128570422885544,3.6128570422885544,3.6128570422885544,3.6128570422885544,3.6128570422885544,3.6128570422885544,3.6128570422885544,3.6128570422885544,3.6128570422885544,3.6128570422885544,3.6128570422885544,3.6128570422885544,3.6128570422885544,3.6128570422885544,3.6128570422885544,3.6128570422885544,3.6128570422885544,3.6128570422885544,3.6128570422885544,3.6128570422885544,3.6128570422885544,3.6128570422885544,3.6128570422885544,3.6128570422885544,3.6128570422885544,3.6128570422885544,3.6128570422885544,3.6128570422885544,3.6128570422885544,3.6128570422885544,3.6128570422885544,3.6128570422885544,3.6128570422885544,3.6128570422885544,3.6128570422885544,3.6128570422885544,3.6128570422885544,3.6128570422885544,3.6128570422885544,3.6128570422885544,3.6128570422885544,3.6128570422885544,3.6128570422885544,3.6128570422885544,3.6128570422885544,3.6128570422885544,3.6128570422885544,3.6128570422885544,3.6128570422885544,3.6128570422885544,3.6128570422885544,3.6128570422885544,3.6128570422885544,3.6128570422885544,3.6128570422885544,3.6128570422885544,3.6128570422885544,3.6128570422885544,3.6128570422885544,3.6128570422885544,3.6128570422885544,3.6128570422885544,3.6128570422885544,3.6128570422885544,3.6128570422885544,3.6128570422885544,3.6128570422885544,3.6128570422885544,3.6128570422885544,3.6128570422885544,3.6128570422885544,3.6128570422885544,3.6128570422885544,3.6128570422885544,3.6128570422885544,3.6128570422885544,3.6128570422885544,3.6128570422885544,3.6128570422885544,3.6128570422885544,3.6128570422885544,3.6128570422885544,3.6128570422885544,3.6128570422885544,3.6128570422885544,3.6128570422885544,3.6128570422885544,3.6128570422885544,3.6128570422885544,3.6128570422885544,3.6128570422885544,3.6128570422885544,3.6128570422885544,3.6128570422885544,3.6128570422885544,3.6128570422885544,3.6128570422885544,3.6128570422885544,3.6128570422885544,3.6128570422885544,3.6128570422885544,3.6128570422885544,3.6128570422885544,3.6128570422885544,3.6128570422885544,3.6128570422885544,3.6128570422885544,3.6128570422885544,3.6128570422885544,3.6128570422885544,3.6128570422885544,3.6128570422885544,3.6128570422885544,3.6128570422885544,3.6128570422885544,3.6128570422885544,3.6128570422885544,3.6128570422885544,3.6128570422885544,3.6128570422885544,3.6128570422885544,3.6128570422885544,3.6128570422885544,3.6128570422885544,3.6128570422885544,3.6128570422885544,3.6128570422885544,3.6128570422885544,3.6128570422885544,3.6128570422885544,3.6128570422885544,3.6128570422885544,3.6128570422885544,3.6128570422885544,3.6128570422885544,3.6128570422885544,3.6128570422885544,3.6128570422885544,3.6128570422885544,3.6128570422885544,3.6128570422885544,3.6128570422885544,3.6128570422885544,3.6128570422885544,3.6128570422885544,3.6128570422885544,3.6128570422885544,3.6128570422885544,3.6128570422885544,3.6128570422885544,3.6128570422885544,3.6128570422885544,3.6128570422885544,3.6128570422885544,3.6128570422885544,3.6128570422885544,3.6128570422885544,3.6128570422885544,3.6128570422885544,3.6128570422885544,3.6128570422885544,3.6128570422885544,3.6128570422885544,3.6128570422885544,3.6128570422885544,3.6128570422885544,3.6128570422885544,3.6128570422885544,3.6128570422885544,3.6128570422885544,3.6128570422885544,3.6128570422885544,3.6128570422885544,3.6128570422885544,3.6128570422885544,3.6128570422885544,3.6128570422885544,3.6128570422885544,3.6128570422885544,3.6128570422885544,3.6128570422885544,3.6128570422885544,3.6128570422885544,3.6128570422885544,3.6128570422885544,3.6128570422885544,3.6128570422885544,3.6128570422885544,3.6128570422885544,3.6128570422885544,3.6128570422885544,3.6128570422885544,3.6128570422885544,3.6128570422885544,3.6128570422885544,3.6128570422885544,3.6128570422885544,3.6128570422885544,3.6128570422885544,3.6128570422885544,3.6128570422885544,3.6128570422885544,3.6128570422885544,3.6128570422885544,3.6128570422885544,3.6128570422885544,3.6128570422885544,3.6128570422885544,3.6128570422885544,3.6128570422885544,3.6128570422885544,3.6128570422885544,3.6128570422885544,3.6128570422885544,3.6128570422885544,3.6128570422885544,3.6128570422885544,3.6128570422885544,3.6128570422885544,3.6128570422885544,3.6128570422885544,3.6128570422885544,3.6128570422885544,3.6128570422885544,3.6128570422885544,3.6128570422885544,3.6128570422885544,3.6128570422885544,3.6128570422885544,3.6128570422885544,3.6128570422885544,3.6128570422885544,3.6128570422885544,3.6128570422885544,3.6128570422885544,3.6128570422885544,3.6128570422885544,3.6128570422885544,3.6128570422885544,3.6128570422885544,3.6128570422885544,3.6128570422885544,3.6128570422885544,3.6128570422885544,3.6128570422885544,3.6128570422885544,3.6128570422885544,3.6128570422885544,3.6128570422885544,3.6128570422885544,3.6128570422885544,3.6128570422885544,3.6128570422885544,3.6128570422885544,3.6128570422885544,3.6128570422885544,3.6128570422885544,3.6128570422885544,3.6128570422885544,3.6128570422885544,3.6128570422885544,3.6128570422885544,3.6128570422885544,3.6128570422885544,3.6128570422885544,3.6128570422885544,3.6128570422885544,3.6128570422885544,3.6128570422885544,3.6128570422885544,3.6128570422885544,3.6128570422885544,3.6128570422885544,3.6128570422885544,3.6128570422885544,3.6128570422885544,3.6128570422885544,3.6128570422885544,3.6128570422885544,3.6128570422885544,3.6128570422885544,3.6128570422885544,3.6128570422885544,3.6128570422885544,3.6128570422885544,3.6128570422885544,3.6128570422885544,3.6128570422885544,3.6128570422885544,3.6128570422885544,3.6128570422885544,3.6128570422885544,3.6128570422885544,3.6128570422885544,6.805813249899636,6.68513654857448,6.68513654857448,6.68513654857448,6.68513654857448,6.68513654857448,6.68513654857448,6.68513654857448,6.68513654857448,6.68513654857448,6.68513654857448,6.68513654857448,6.68513654857448,6.68513654857448,6.68513654857448,6.68513654857448,6.68513654857448,6.68513654857448,6.68513654857448,6.68513654857448,6.68513654857448,6.68513654857448,6.68513654857448,6.68513654857448,6.68513654857448,6.68513654857448,6.68513654857448,6.68513654857448,6.68513654857448,6.68513654857448,6.68513654857448,6.68513654857448,6.68513654857448,6.68513654857448,6.68513654857448,6.68513654857448,6.68513654857448,6.68513654857448,6.68513654857448,6.68513654857448,6.68513654857448,6.68513654857448,6.68513654857448,6.68513654857448,6.68513654857448,6.68513654857448,6.68513654857448,6.68513654857448,6.68513654857448,6.68513654857448,6.68513654857448,6.68513654857448,6.68513654857448,6.68513654857448,6.68513654857448,6.68513654857448,6.68513654857448,6.68513654857448,6.68513654857448,6.68513654857448,6.68513654857448,6.68513654857448,6.68513654857448,6.68513654857448,6.68513654857448,6.68513654857448,6.68513654857448,6.68513654857448,6.683041550978802,6.683041550978802,6.574885809021443,6.574885809021443,6.574885809021443,6.574885809021443,6.574885809021443,6.574885809021443,6.574885809021443,6.574885809021443,6.574885809021443,6.574885809021443,6.574885809021443,6.574885809021443,6.574885809021443,6.574885809021443,6.574885809021443,6.574885809021443,6.574885809021443,6.574885809021443,6.574885809021443,6.574885809021443,6.574885809021443,6.574885809021443,6.574885809021443,6.574885809021443,6.574885809021443,6.574885809021443,6.574885809021443,6.574885809021443,6.574885809021443,6.574885809021443,6.574885809021443,6.574885809021443,6.574885809021443,6.574885809021443,6.574885809021443,6.574885809021443,6.574885809021443,6.574885809021443,6.574885809021443,6.574885809021443,6.574885809021443,6.574885809021443,6.574885809021443,6.574885809021443,6.574885809021443,6.574885809021443,6.574885809021443,6.574885809021443,6.574885809021443,6.574885809021443,6.574885809021443,6.574885809021443,6.574885809021443,6.574885809021443,6.574885809021443,6.574885809021443,6.574885809021443,6.574885809021443,6.574885809021443,6.574885809021443,6.574885809021443,6.574885809021443,6.574885809021443,6.574885809021443,6.574885809021443,6.574885809021443,6.574885809021443,6.574885809021443,6.574885809021443,6.574885809021443,6.574885809021443,6.574885809021443,6.574885809021443,6.574885809021443,6.574885809021443,6.574885809021443,6.574885809021443,6.574885809021443,6.574885809021443,6.574885809021443,6.574885809021443,6.574885809021443,6.574885809021443,6.574885809021443,6.574885809021443,6.574885809021443,6.574885809021443,6.574885809021443,6.574885809021443,6.574885809021443,6.574885809021443,6.574885809021443,6.574885809021443,6.574885809021443,6.574885809021443,6.574885809021443,6.574885809021443,6.574885809021443,6.574885809021443,6.574885809021443,6.574885809021443,6.574885809021443,6.574885809021443,6.574885809021443,6.574885809021443,6.574885809021443,6.574885809021443,6.574885809021443,6.574885809021443,6.574885809021443,6.574885809021443,6.574885809021443,6.574885809021443,6.574885809021443,6.574885809021443,6.574885809021443,6.574885809021443,6.574885809021443,6.574885809021443,6.574885809021443,6.574885809021443,6.574885809021443,6.574885809021443,6.574885809021443,6.574885809021443,6.574885809021443,6.574885809021443,6.574885809021443,6.574885809021443,6.574885809021443,6.574885809021443,6.574885809021443,6.574885809021443,6.574885809021443,6.574885809021443,6.574885809021443,6.574885809021443,6.574885809021443,6.574885809021443,6.574885809021443,6.574885809021443,6.574885809021443,6.574885809021443,6.574885809021443,6.574885809021443,6.574885809021443,6.574885809021443,6.574885809021443,6.574885809021443,6.574885809021443,6.574885809021443,6.574885809021443,6.574885809021443,6.574885809021443,6.574885809021443,6.574885809021443,6.574885809021443,6.574885809021443,6.574885809021443,6.574885809021443,6.574885809021443,6.574885809021443,6.574885809021443,6.574885809021443,6.574885809021443,6.574885809021443,6.574885809021443,6.574885809021443,6.574885809021443,6.574885809021443,6.574885809021443,6.574885809021443,6.574885809021443,6.574885809021443,6.574885809021443,6.574885809021443,6.574885809021443,6.574885809021443,6.574885809021443,6.574885809021443,6.574885809021443,6.574885809021443,6.574885809021443,6.574885809021443,6.574885809021443,6.574885809021443,6.574885809021443,6.574885809021443,6.574885809021443,6.574885809021443,6.574885809021443,6.574885809021443,6.574885809021443,6.574885809021443,6.574885809021443,6.574885809021443,6.574885809021443,6.574885809021443,6.574885809021443,6.574885809021443,6.574885809021443,6.574885809021443,6.574885809021443,6.574885809021443,6.574885809021443,6.574885809021443,6.574885809021443,6.574885809021443,6.574885809021443,6.574885809021443,6.574885809021443,6.574885809021443,6.574885809021443,6.574885809021443,6.574885809021443,6.574885809021443,6.574885809021443,6.574885809021443,6.574885809021443,6.574885809021443,6.574885809021443,6.574885809021443,6.574885809021443,6.574885809021443,6.574885809021443,6.574885809021443,6.574885809021443,6.274800637304011,6.274800637304011,4.807399736546055,4.807399736546055,4.807399736546055,4.807399736546055,4.807399736546055,4.807399736546055,4.807399736546055,4.807399736546055,4.807399736546055,4.807399736546055,4.807399736546055,4.807399736546055,4.807399736546055,4.807399736546055,4.807399736546055,4.807399736546055,4.807399736546055,4.807399736546055,4.807399736546055,4.807399736546055,4.807399736546055,4.807399736546055,4.807399736546055,4.807399736546055,4.807399736546055,4.807399736546055,4.807399736546055,4.807399736546055,4.807399736546055,4.807399736546055,4.807399736546055,4.807399736546055,4.807399736546055,4.807399736546055,4.807399736546055,4.807399736546055,4.807399736546055,4.807399736546055,4.807399736546055,4.807399736546055,4.807399736546055,4.807399736546055,4.807399736546055,4.807399736546055,4.807399736546055,4.807399736546055,4.807399736546055,4.807399736546055,4.807399736546055,4.807399736546055,4.807399736546055,4.807399736546055,4.807399736546055,4.807399736546055,4.807399736546055,4.807399736546055,4.807399736546055,4.807399736546055,4.807399736546055,4.807399736546055,4.807399736546055,4.807399736546055,4.807399736546055,4.807399736546055,4.807399736546055,4.807399736546055,4.807399736546055,4.807399736546055,4.807399736546055,4.807399736546055,4.807399736546055,4.807399736546055,4.807399736546055,4.807399736546055,4.807399736546055,4.807399736546055,4.807399736546055,4.807399736546055,4.807399736546055,4.807399736546055,4.807399736546055,4.807399736546055,4.807399736546055,4.807399736546055,4.807399736546055,4.807399736546055,4.807399736546055,4.807399736546055,4.807399736546055,4.807399736546055,4.807399736546055,4.807399736546055,4.807399736546055,4.807399736546055,4.807399736546055,4.807399736546055,4.807399736546055,4.807399736546055,4.807399736546055,4.807399736546055,4.807399736546055,4.807399736546055,4.807399736546055,4.807399736546055,4.807399736546055,4.807399736546055,4.807399736546055,4.807399736546055,4.807399736546055,4.807399736546055,4.807399736546055,4.807399736546055,4.807399736546055,4.807399736546055,4.807399736546055,4.807399736546055,4.807399736546055,4.807399736546055,4.807399736546055,4.807399736546055,4.807399736546055,4.807399736546055,4.807399736546055,4.807399736546055,4.807399736546055,4.807399736546055,4.807399736546055,4.807399736546055,4.807399736546055,4.807399736546055,4.807399736546055,4.807399736546055,4.807399736546055,4.807399736546055,4.807399736546055,4.807399736546055,4.807399736546055,4.807399736546055,4.807399736546055,4.807399736546055,4.807399736546055,4.807399736546055,4.807399736546055,4.807399736546055,4.807399736546055,4.807399736546055,4.807399736546055,4.807399736546055,4.807399736546055,4.807399736546055,4.807399736546055,4.807399736546055,4.807399736546055,4.807399736546055,4.807399736546055,4.807399736546055,4.807399736546055,4.807399736546055,4.807399736546055,4.807399736546055,4.807399736546055,4.807399736546055,4.807399736546055,4.807399736546055,4.807399736546055,4.807399736546055,4.807399736546055,4.807399736546055,4.807399736546055,4.807399736546055,4.807399736546055,4.807399736546055,4.807399736546055,4.807399736546055,4.807399736546055,4.807399736546055,4.807399736546055,4.807399736546055,4.807399736546055,4.807399736546055,4.807399736546055,4.807399736546055,4.807399736546055,4.807399736546055,4.807399736546055,4.807399736546055,4.807399736546055,4.807399736546055,4.807399736546055,4.807399736546055,4.807399736546055,4.807399736546055,4.807399736546055,4.807399736546055,4.807399736546055,4.807399736546055,4.807399736546055,4.807399736546055,4.807399736546055,4.807399736546055,4.807399736546055,4.807399736546055,4.807399736546055,4.807399736546055,4.807399736546055,4.807399736546055,4.807399736546055,4.807399736546055,4.807399736546055,4.807399736546055,4.807399736546055,4.807399736546055,4.807399736546055,4.807399736546055,4.807399736546055,4.807399736546055,4.807399736546055,4.807399736546055,4.807399736546055,4.807399736546055,4.807399736546055,4.807399736546055,4.807399736546055,4.807399736546055,4.807399736546055,4.807399736546055,4.807399736546055,4.807399736546055,4.807399736546055,4.807399736546055,4.807399736546055,4.807399736546055,4.807399736546055,4.807399736546055,4.807399736546055,4.807399736546055,4.807399736546055,4.807399736546055,4.807399736546055,4.807399736546055,4.807399736546055,4.807399736546055,4.807399736546055,4.807399736546055,4.807399736546055,4.807399736546055,4.807399736546055,4.807399736546055,4.807399736546055,4.807399736546055,4.807399736546055,4.807399736546055,4.807399736546055,4.807399736546055,4.807399736546055,4.807399736546055,4.807399736546055,4.807399736546055,4.807399736546055,4.807399736546055,4.807399736546055,4.807399736546055,4.807399736546055,4.807399736546055,4.807399736546055,4.807399736546055,4.807399736546055,4.807399736546055,4.807399736546055,4.807399736546055,4.807399736546055,4.807399736546055,4.807399736546055,4.807399736546055,4.807399736546055,4.807399736546055,4.807399736546055,4.807399736546055,4.807399736546055,4.807399736546055,4.807399736546055,4.807399736546055,4.807399736546055,4.807399736546055,4.807399736546055,4.807399736546055,4.807399736546055,4.807399736546055,4.807399736546055,4.807399736546055,4.807399736546055,4.807399736546055,4.807399736546055,4.807399736546055,4.807399736546055,4.807399736546055,4.807399736546055,4.807399736546055,4.807399736546055,4.807399736546055,4.807399736546055,4.807399736546055,4.807399736546055,4.807399736546055,4.807399736546055,4.807399736546055,4.807399736546055,4.807399736546055,4.807399736546055,4.807399736546055,4.807399736546055,4.807399736546055,4.807399736546055,4.807399736546055,4.807399736546055,4.807399736546055,4.807399736546055,4.807399736546055,4.807399736546055,4.807399736546055,4.807399736546055,4.807399736546055,4.807399736546055,4.807399736546055,4.807399736546055,4.807399736546055,4.807399736546055,4.807399736546055,4.807399736546055,4.807399736546055,4.807399736546055,4.807399736546055,4.807399736546055,4.807399736546055,4.807399736546055,4.807399736546055,4.807399736546055,4.807399736546055,4.807399736546055,4.807399736546055,4.807399736546055,4.807399736546055,4.807399736546055,4.807399736546055,4.807399736546055,4.807399736546055,4.807399736546055,4.807399736546055,4.807399736546055,4.807399736546055,4.807399736546055,4.807399736546055,4.807399736546055,4.807399736546055,4.807399736546055,4.807399736546055,4.807399736546055,4.807399736546055,4.807399736546055,4.807399736546055,4.807399736546055,4.807399736546055,4.807399736546055,4.807399736546055,4.807399736546055,4.807399736546055,4.807399736546055,4.807399736546055,4.807399736546055,4.807399736546055,4.807399736546055,4.807399736546055,4.807399736546055,4.807399736546055,4.807399736546055,4.807399736546055,4.807399736546055,4.807399736546055,4.807399736546055,4.807399736546055,4.807399736546055,4.807399736546055,4.807399736546055,4.807399736546055,4.807399736546055,4.807399736546055,4.807399736546055,4.807399736546055,4.807399736546055,4.807399736546055,4.807399736546055,4.807399736546055,4.807399736546055,4.807399736546055,4.807399736546055,4.807399736546055,4.807399736546055,4.807399736546055,4.807399736546055,4.807399736546055,4.807399736546055,4.807399736546055,4.807399736546055,4.807399736546055,4.807399736546055,4.807399736546055,4.807399736546055,4.807399736546055,4.807399736546055,4.807399736546055,4.807399736546055,4.807399736546055,4.807399736546055,4.807399736546055,4.807399736546055,4.807399736546055,4.807399736546055,4.807399736546055,4.807399736546055,4.807399736546055,4.807399736546055,4.807399736546055,4.807399736546055,4.807399736546055,4.807399736546055,4.807399736546055,4.807399736546055,4.807399736546055,4.807399736546055,4.807399736546055,4.807399736546055,4.807399736546055,4.807399736546055,4.807399736546055,4.807399736546055,4.807399736546055,4.807399736546055,4.807399736546055,4.807399736546055,4.807399736546055,4.807399736546055,4.807399736546055,4.807399736546055,4.807399736546055,4.807399736546055,4.807399736546055,4.807399736546055,4.807399736546055,4.807399736546055,4.807399736546055,4.807399736546055,4.807399736546055,4.807399736546055,4.807399736546055,4.807399736546055,4.807399736546055,4.807399736546055,4.807399736546055,4.807399736546055,4.807399736546055,4.807399736546055,4.807399736546055,4.807399736546055,4.807399736546055,4.807399736546055,4.807399736546055,4.807399736546055,4.807399736546055,4.807399736546055,4.807399736546055,4.807399736546055,4.807399736546055,4.807399736546055,4.807399736546055,4.807399736546055,4.807399736546055,4.807399736546055,4.807399736546055,4.807399736546055,4.807399736546055,4.807399736546055,4.807399736546055,4.807399736546055,4.807399736546055,4.807399736546055,4.807399736546055,4.807399736546055,4.807399736546055,4.807399736546055,4.807399736546055,4.807399736546055,4.807399736546055,4.807399736546055,4.807399736546055,4.807399736546055,4.807399736546055,4.807399736546055,4.807399736546055,4.807399736546055,4.807399736546055,4.807399736546055,4.807399736546055,4.807399736546055,4.807399736546055,4.807399736546055,4.807399736546055,4.807399736546055,4.807399736546055,4.807399736546055,4.807399736546055,4.807399736546055,4.807399736546055,4.807399736546055,4.807399736546055,4.807399736546055,4.807399736546055,4.807399736546055,4.807399736546055,4.807399736546055,4.807399736546055,4.807399736546055,4.807399736546055,4.807399736546055,4.807399736546055,4.807399736546055,4.807399736546055,4.807399736546055,4.807399736546055,4.807399736546055,4.807399736546055,4.807399736546055,4.807399736546055,4.807399736546055,4.807399736546055,4.807399736546055,4.807399736546055,4.807399736546055,4.807399736546055,4.807399736546055,4.807399736546055,4.807399736546055,4.807399736546055,4.807399736546055,4.807399736546055,4.807399736546055,4.807399736546055,4.807399736546055,4.807399736546055,4.807399736546055,4.807399736546055,4.807399736546055,4.807399736546055,4.807399736546055,4.807399736546055,4.807399736546055,4.807399736546055,4.807399736546055,4.807399736546055,4.807399736546055,4.807399736546055,4.807399736546055,4.807399736546055,4.807399736546055,4.807399736546055,4.807399736546055,4.807399736546055,4.807399736546055,4.807399736546055,4.807399736546055,4.807399736546055,4.807399736546055,4.807399736546055,4.807399736546055,4.807399736546055,4.807399736546055,4.807399736546055,4.807399736546055,4.807399736546055,4.807399736546055,4.807399736546055,4.807399736546055,4.807399736546055,4.807399736546055,4.807399736546055,4.807399736546055,4.807399736546055,4.807399736546055,4.807399736546055,4.807399736546055,4.807399736546055,4.807399736546055,4.807399736546055,4.807399736546055,4.807399736546055,4.807399736546055,4.807399736546055,4.807399736546055,4.807399736546055,4.807399736546055,4.807399736546055,4.807399736546055,4.807399736546055,4.807399736546055,4.807399736546055,4.807399736546055,4.807399736546055,4.807399736546055,4.807399736546055,4.807399736546055,4.807399736546055,4.807399736546055,4.807399736546055,4.807399736546055,4.807399736546055,4.807399736546055,4.807399736546055,4.807399736546055,4.807399736546055,4.807399736546055,4.807399736546055,4.807399736546055,4.807399736546055,4.807399736546055,4.807399736546055,4.807399736546055,4.807399736546055,4.807399736546055,4.807399736546055,4.807399736546055,4.807399736546055,4.807399736546055,4.807399736546055,4.807399736546055,4.807399736546055,4.807399736546055,4.807399736546055,4.807399736546055,4.807399736546055,4.807399736546055,4.807399736546055,4.807399736546055,4.807399736546055,4.807399736546055,4.807399736546055,4.807399736546055,4.807399736546055,4.807399736546055,4.807399736546055,4.807399736546055,4.807399736546055,4.807399736546055,4.807399736546055,4.807399736546055,4.807399736546055,4.807399736546055,4.807399736546055,4.807399736546055,4.807399736546055,4.807399736546055,4.807399736546055,4.807399736546055,4.807399736546055,4.807399736546055,4.807399736546055,4.807399736546055,4.807399736546055,4.807399736546055,4.807399736546055,4.807399736546055,4.807399736546055,4.807399736546055,4.807399736546055,4.807399736546055,4.807399736546055,4.807399736546055,4.807399736546055,4.807399736546055,4.807399736546055,4.807399736546055,4.807399736546055,4.807399736546055,4.807399736546055,4.807399736546055,4.807399736546055,4.807399736546055,4.807399736546055,4.807399736546055,4.807399736546055,4.807399736546055,4.807399736546055,4.807399736546055,4.807399736546055,4.807399736546055,4.807399736546055,4.807399736546055,4.807399736546055,4.807399736546055,4.807399736546055,4.807399736546055,4.807399736546055,4.807399736546055,8.029600513046933,6.941421265644133,6.508404190716259,6.253561521614045,6.253561521614045,6.253561521614045,6.253561521614045,6.253561521614045,6.253561521614045,6.224247215875337,6.0125171005669875,6.0125171005669875,6.0125171005669875,6.0125171005669875,6.0125171005669875,6.0125171005669875,6.0125171005669875,6.0125171005669875,6.0125171005669875,6.0125171005669875,6.0125171005669875,6.0125171005669875,6.0125171005669875,6.0125171005669875,6.0125171005669875,6.0125171005669875,6.0125171005669875,6.002530246150597,6.002530246150597,5.9107608344957345,5.9107608344957345,5.9107608344957345,5.9107608344957345,5.9107608344957345,5.9107608344957345,5.9107608344957345,5.9107608344957345,5.9107608344957345,5.9107608344957345,5.9107608344957345,5.9107608344957345,5.9107608344957345,5.9107608344957345,5.9107608344957345,5.9107608344957345,5.9107608344957345,5.9107608344957345,5.9107608344957345,5.9107608344957345,5.9107608344957345,5.9107608344957345,5.9107608344957345,5.9107608344957345,5.9107608344957345,5.9107608344957345,5.9107608344957345,5.9107608344957345,5.9107608344957345,5.9107608344957345,5.9107608344957345,5.9107608344957345,5.9107608344957345,5.9107608344957345,5.9107608344957345,5.9107608344957345,5.9107608344957345,5.9107608344957345,5.9107608344957345,5.9107608344957345,5.8304776135191885,5.8304776135191885,5.8304776135191885,5.8304776135191885,5.8304776135191885,5.8304776135191885,5.8304776135191885,5.8304776135191885,5.8304776135191885,5.8304776135191885,5.8304776135191885,5.8304776135191885,5.8304776135191885,5.8304776135191885,5.8304776135191885,5.8304776135191885,5.8304776135191885,5.8304776135191885,5.8304776135191885,5.8304776135191885,5.8304776135191885,5.8304776135191885,5.8304776135191885,5.8304776135191885,5.8304776135191885,5.8304776135191885,5.8304776135191885,5.8304776135191885,5.8304776135191885,5.8304776135191885,5.8304776135191885,5.8304776135191885,5.8304776135191885,5.8304776135191885,5.8304776135191885,5.8304776135191885,5.8304776135191885,5.8304776135191885,5.8304776135191885,5.8304776135191885,5.8304776135191885,5.8304776135191885,5.8304776135191885,5.8304776135191885,5.8304776135191885,5.8304776135191885,5.8304776135191885,5.8304776135191885,5.8304776135191885,5.8304776135191885,5.8304776135191885,5.8304776135191885,5.8304776135191885,5.8304776135191885,5.8304776135191885,5.8304776135191885,5.8304776135191885,5.8304776135191885,5.8304776135191885,5.8304776135191885,5.8304776135191885,5.8304776135191885,5.8304776135191885,5.8304776135191885,5.8304776135191885,5.8304776135191885,5.8304776135191885,5.8304776135191885,5.8304776135191885,5.8304776135191885,5.8304776135191885,5.8304776135191885,5.8304776135191885,5.8304776135191885,5.8304776135191885,5.8304776135191885,5.8304776135191885,5.8304776135191885,5.8304776135191885,5.8304776135191885,5.8304776135191885,5.8304776135191885,5.8304776135191885,5.8304776135191885,5.8304776135191885,5.8304776135191885,5.8304776135191885,5.8304776135191885,5.8304776135191885,5.8304776135191885,5.8304776135191885,5.8304776135191885,5.8304776135191885,5.8304776135191885,5.8304776135191885,5.8304776135191885,5.8304776135191885,5.8304776135191885,5.8304776135191885,5.8304776135191885,5.8304776135191885,5.8304776135191885,5.8304776135191885,5.8304776135191885,5.8304776135191885,5.8304776135191885,5.8304776135191885,5.8304776135191885,5.8304776135191885,5.8304776135191885,5.8304776135191885,5.8304776135191885,5.8304776135191885,5.8304776135191885,5.8304776135191885,5.8304776135191885,5.8304776135191885,5.8304776135191885,5.8304776135191885,5.8304776135191885,5.8304776135191885,5.8304776135191885,5.8304776135191885,5.8304776135191885,5.8304776135191885,5.8304776135191885,5.8304776135191885,5.8304776135191885,5.8304776135191885,5.8304776135191885,5.8304776135191885,5.8304776135191885,5.8304776135191885,5.8304776135191885,5.8304776135191885,5.8304776135191885,5.8304776135191885,5.8304776135191885,5.8304776135191885,5.8304776135191885,5.8304776135191885,5.8304776135191885,5.8304776135191885,5.8304776135191885,5.8304776135191885,5.8304776135191885,5.8304776135191885,5.8304776135191885,5.8304776135191885,5.8304776135191885,4.961894603908313,4.961894603908313,4.961894603908313,4.747596559382526,4.620745551395839,4.620745551395839,4.620745551395839,4.620745551395839,4.620745551395839,4.620745551395839,4.620745551395839,4.620745551395839,4.620745551395839,4.620745551395839,4.620745551395839,4.620745551395839,4.620745551395839,4.620745551395839,4.620745551395839,4.620745551395839,4.620745551395839,4.620745551395839,4.620745551395839,4.620745551395839,4.620745551395839,4.620745551395839,4.620745551395839,4.620745551395839,4.620745551395839,4.620745551395839,4.620745551395839,4.476670526240051,4.476670526240051,4.476670526240051,4.476670526240051,4.402899152062703,4.402899152062703,4.402899152062703,4.402899152062703,4.402899152062703,4.402899152062703,4.402899152062703,4.402899152062703,4.402899152062703,4.402899152062703,4.402899152062703,4.402899152062703,4.402899152062703,4.402899152062703,4.402899152062703,4.402899152062703,4.402899152062703,4.402899152062703,4.402899152062703,4.402899152062703,4.402899152062703,4.402899152062703,4.402899152062703,4.402899152062703,4.402899152062703,4.402899152062703,4.402899152062703,4.402899152062703,4.402899152062703,4.402899152062703,4.402899152062703,4.402899152062703,4.402899152062703,4.402899152062703,4.402899152062703,4.402899152062703,4.402899152062703,4.402899152062703,4.402899152062703,4.402899152062703,4.402899152062703,4.402899152062703,4.327997472353278,4.327997472353278,4.327997472353278,4.327997472353278,4.327997472353278,4.327997472353278,4.327997472353278,4.327997472353278,4.327997472353278,4.327997472353278,4.327997472353278,4.327997472353278,4.327997472353278,4.327997472353278,4.327997472353278,4.327997472353278,4.327997472353278,4.327997472353278,4.327997472353278,4.327997472353278,4.327997472353278,4.316623744847727,4.316623744847727,4.316623744847727,4.316623744847727,4.316623744847727,4.316623744847727,4.316623744847727,4.316623744847727,4.316623744847727,4.316623744847727,4.316623744847727,4.316623744847727,4.316623744847727,4.316623744847727,4.316623744847727,4.316623744847727,4.316623744847727,4.316623744847727,4.316623744847727,4.316623744847727,4.316623744847727,4.316623744847727,4.316623744847727,4.316623744847727,4.316623744847727,4.316623744847727,4.316623744847727,4.316623744847727,4.316623744847727,4.316623744847727,4.316623744847727,4.316623744847727,4.316623744847727,4.316623744847727,4.316623744847727,4.316623744847727,4.316623744847727,4.316623744847727,4.316623744847727,4.316623744847727,4.316623744847727,4.316623744847727,4.316623744847727,4.316623744847727,4.316623744847727,4.316623744847727,4.316623744847727,4.316623744847727,4.316623744847727,4.316623744847727,4.316623744847727,4.316623744847727,4.316623744847727,4.316623744847727,4.316623744847727,4.316623744847727,4.316623744847727,4.316623744847727,4.316623744847727,4.316623744847727,4.316623744847727,4.316623744847727,4.316623744847727,4.316623744847727,4.316623744847727,4.316623744847727,4.316623744847727,4.316623744847727,4.316623744847727,4.316623744847727,4.316623744847727,4.316623744847727,4.316623744847727,4.316623744847727,4.316623744847727,4.316623744847727,4.316623744847727,4.316623744847727,4.316623744847727,4.316623744847727,4.316623744847727,4.316623744847727,4.316623744847727,4.316623744847727,4.316623744847727,4.316623744847727,4.316623744847727,4.316623744847727,4.316623744847727,4.316623744847727,4.316623744847727,4.316623744847727,4.316623744847727,4.316623744847727,4.316623744847727,4.316623744847727,4.316623744847727,4.316623744847727,4.316623744847727,4.316623744847727,4.316623744847727,4.316623744847727,4.316623744847727,4.316623744847727,4.316623744847727,4.316623744847727,4.316623744847727,4.316623744847727,4.316623744847727,4.316623744847727,4.316623744847727,4.316623744847727,4.316623744847727,4.316623744847727,4.316623744847727,4.316623744847727,4.316623744847727,4.316623744847727,4.316623744847727,4.316623744847727,4.316623744847727,4.316623744847727,4.316623744847727,4.316623744847727,4.316623744847727,4.316623744847727,4.316623744847727,4.316623744847727,4.316623744847727,4.316623744847727,4.316623744847727,4.316623744847727,4.316623744847727,4.316623744847727,4.316623744847727,4.316623744847727,4.316623744847727,4.316623744847727,4.316623744847727,4.316623744847727,4.316623744847727,4.316623744847727,4.316623744847727,4.316623744847727,4.316623744847727,4.316623744847727,4.316623744847727,4.316623744847727,4.316623744847727,4.316623744847727,4.316623744847727,4.316623744847727,4.316623744847727,4.316623744847727,4.316623744847727,4.316623744847727,4.316623744847727,4.316623744847727,4.316623744847727,4.316623744847727,4.316623744847727,4.316623744847727,4.316623744847727,4.316623744847727,4.316623744847727,4.316623744847727,4.316623744847727,4.316623744847727,4.316623744847727,4.316623744847727,4.316623744847727,4.316623744847727,4.316623744847727,4.316623744847727,4.316623744847727,4.316623744847727,4.316623744847727,4.316623744847727,4.316623744847727,4.316623744847727,4.316623744847727,4.316623744847727,4.316623744847727,4.316623744847727,4.316623744847727,4.316623744847727,4.316623744847727,4.316623744847727,4.316623744847727,4.316623744847727,4.316623744847727,4.316623744847727,4.316623744847727,4.316623744847727,4.316623744847727,4.316623744847727,4.316623744847727,4.316623744847727,4.316623744847727,4.316623744847727,4.316623744847727,4.316623744847727,4.316623744847727,4.316623744847727,4.316623744847727,4.316623744847727,4.316623744847727,4.316623744847727,4.316623744847727,4.316623744847727,4.316623744847727,4.316623744847727,4.316623744847727,4.316623744847727,4.316623744847727,4.316623744847727,4.316623744847727,4.316623744847727,4.316623744847727,4.316623744847727,4.316623744847727,4.316623744847727,4.316623744847727,4.316623744847727,4.316623744847727,4.316623744847727,4.316623744847727,4.316623744847727,4.316623744847727,4.316623744847727,4.316623744847727,4.316623744847727,4.316623744847727,4.316623744847727,4.316623744847727,4.316623744847727,4.316623744847727,4.316623744847727,4.316623744847727,4.316623744847727,4.316623744847727,4.316623744847727,4.316623744847727,4.316623744847727,4.316623744847727,4.316623744847727,4.316623744847727,4.316623744847727,4.316623744847727,4.316623744847727,4.316623744847727,4.316623744847727,4.316623744847727,4.316623744847727,4.316623744847727,4.316623744847727,4.316623744847727,4.316623744847727,4.316623744847727,4.316623744847727,4.316623744847727,4.316623744847727,4.316623744847727,4.316623744847727,4.316623744847727,4.316623744847727,4.316623744847727,4.316623744847727,4.316623744847727,4.316623744847727,4.316623744847727,4.316623744847727,4.316623744847727,4.316623744847727,4.316623744847727,4.316623744847727,4.316623744847727,4.316623744847727,4.316623744847727,4.316623744847727,4.316623744847727,4.316623744847727,4.316623744847727,4.316623744847727,4.316623744847727,4.316623744847727,4.316623744847727,4.316623744847727,4.316623744847727,4.316623744847727,4.316623744847727,4.316623744847727,4.316623744847727,4.316623744847727,4.316623744847727,4.316623744847727,4.316623744847727,4.316623744847727,4.316623744847727,4.316623744847727,4.316623744847727,4.316623744847727,4.316623744847727,4.316623744847727,4.316623744847727,4.316623744847727,4.316623744847727,4.316623744847727,4.316623744847727,4.316623744847727,4.316623744847727,4.316623744847727,4.316623744847727,4.316623744847727,4.316623744847727,4.316623744847727,4.316623744847727,4.316623744847727,4.316623744847727,4.316623744847727,4.316623744847727,4.316623744847727,4.316623744847727,4.316623744847727,4.316623744847727,4.316623744847727,4.316623744847727,4.316623744847727,4.316623744847727,4.316623744847727,4.316623744847727,4.316623744847727,4.316623744847727,4.316623744847727,4.316623744847727,4.316623744847727,4.316623744847727,4.316623744847727,4.316623744847727,4.316623744847727,4.316623744847727,4.316623744847727,4.316623744847727,4.316623744847727,4.316623744847727,4.316623744847727,4.316623744847727,4.316623744847727,4.316623744847727,4.316623744847727,4.316623744847727,4.316623744847727,4.316623744847727,4.316623744847727,4.316623744847727,4.316623744847727,4.316623744847727,4.316623744847727,4.316623744847727,4.316623744847727,4.316623744847727,4.316623744847727,4.316623744847727,4.316623744847727,4.316623744847727,4.316623744847727,4.316623744847727,4.316623744847727,4.316623744847727,4.316623744847727,4.316623744847727,4.316623744847727,4.316623744847727,4.316623744847727,4.316623744847727,4.316623744847727,4.316623744847727,4.316623744847727,4.316623744847727,4.316623744847727,4.316623744847727,4.316623744847727,4.316623744847727,4.316623744847727,4.316623744847727,4.316623744847727,4.316623744847727,4.316623744847727,4.316623744847727,4.316623744847727,4.316623744847727,4.316623744847727,4.316623744847727,4.316623744847727,4.316623744847727,4.316623744847727,4.316623744847727,4.316623744847727,4.316623744847727,4.316623744847727,4.316623744847727,4.316623744847727,4.316623744847727,4.316623744847727,4.316623744847727,4.316623744847727,4.316623744847727,4.316623744847727,4.316623744847727,4.316623744847727,4.316623744847727,4.316623744847727,4.316623744847727,4.316623744847727,4.316623744847727,4.316623744847727,4.316623744847727,4.316623744847727,4.316623744847727,4.316623744847727,4.316623744847727,4.316623744847727,4.316623744847727,4.316623744847727,4.316623744847727,4.316623744847727,4.316623744847727,4.316623744847727,4.316623744847727,4.316623744847727,4.316623744847727,4.316623744847727,4.316623744847727,4.316623744847727,4.316623744847727,4.316623744847727,4.316623744847727,4.316623744847727,4.316623744847727,4.316623744847727,4.316623744847727,4.316623744847727,4.316623744847727,4.316623744847727,4.316623744847727,4.316623744847727,4.316623744847727,4.316623744847727,4.316623744847727,4.316623744847727,4.316623744847727,4.316623744847727,4.316623744847727,4.316623744847727,4.316623744847727,4.316623744847727,4.316623744847727,4.316623744847727,4.316623744847727,4.316623744847727,4.316623744847727,4.316623744847727,4.316623744847727,4.316623744847727,4.316623744847727,4.316623744847727,4.316623744847727,4.316623744847727,4.316623744847727,4.316623744847727,4.316623744847727,4.316623744847727,4.316623744847727,4.316623744847727,4.316623744847727,4.316623744847727,4.316623744847727,4.316623744847727,4.316623744847727,4.316623744847727,4.316623744847727,4.316623744847727,4.316623744847727,4.316623744847727,4.316623744847727,4.316623744847727,4.316623744847727,4.316623744847727,4.316623744847727,4.316623744847727,4.316623744847727,4.316623744847727,4.316623744847727,4.316623744847727,4.316623744847727,4.316623744847727,4.316623744847727,4.316623744847727,4.316623744847727,4.316623744847727,4.316623744847727,4.316623744847727,4.316623744847727,4.316623744847727,4.316623744847727,4.316623744847727,4.316623744847727,4.316623744847727,4.316623744847727,4.316623744847727,4.316623744847727,4.316623744847727,4.316623744847727,4.316623744847727,4.316623744847727,4.316623744847727,4.316623744847727,4.316623744847727,4.316623744847727,4.316623744847727,4.316623744847727,4.316623744847727,4.316623744847727,4.316623744847727,4.316623744847727,4.316623744847727,4.316623744847727,4.316623744847727,4.316623744847727,4.316623744847727,4.316623744847727,4.316623744847727,4.316623744847727,4.316623744847727,4.316623744847727,4.316623744847727,4.316623744847727,4.316623744847727,4.316623744847727,4.316623744847727,4.316623744847727,4.316623744847727,4.316623744847727,4.316623744847727,4.316623744847727,4.316623744847727,4.316623744847727,4.316623744847727,4.316623744847727,4.316623744847727,4.316623744847727,4.316623744847727,4.316623744847727,4.316623744847727,4.316623744847727,4.316623744847727,4.316623744847727,4.316623744847727,4.316623744847727,4.316623744847727,4.316623744847727,4.316623744847727,4.316623744847727,4.316623744847727,4.316623744847727,4.316623744847727,4.316623744847727,4.316623744847727,4.316623744847727,4.316623744847727,4.316623744847727,4.316623744847727,4.316623744847727,4.316623744847727,4.316623744847727,4.316623744847727,4.316623744847727,4.316623744847727,4.316623744847727,4.316623744847727,4.316623744847727,4.316623744847727,4.316623744847727,4.316623744847727,4.316623744847727,4.316623744847727,4.316623744847727,4.316623744847727,4.316623744847727,4.316623744847727,4.316623744847727,4.316623744847727,4.316623744847727,4.316623744847727,4.316623744847727,4.316623744847727,4.316623744847727,4.316623744847727,4.316623744847727,4.316623744847727,4.316623744847727,4.316623744847727,4.316623744847727,4.316623744847727,4.316623744847727,4.316623744847727,4.316623744847727,4.316623744847727,4.316623744847727,4.316623744847727,4.316623744847727,4.316623744847727,4.316623744847727,4.316623744847727,4.316623744847727,4.316623744847727,4.316623744847727,4.316623744847727,4.316623744847727,4.316623744847727,4.316623744847727,4.316623744847727,4.316623744847727,4.316623744847727,4.316623744847727,4.316623744847727,4.316623744847727,4.316623744847727,4.316623744847727,4.316623744847727,4.316623744847727,4.316623744847727,4.316623744847727,4.316623744847727,4.316623744847727,4.316623744847727,4.316623744847727,4.316623744847727,4.316623744847727,4.316623744847727,4.316623744847727,4.316623744847727,4.316623744847727,4.316623744847727,4.316623744847727,4.316623744847727,4.316623744847727,4.316623744847727,4.316623744847727,4.316623744847727,4.316623744847727,4.316623744847727,4.316623744847727,4.316623744847727,4.316623744847727,4.316623744847727,4.316623744847727,4.316623744847727,4.316623744847727,4.316623744847727,4.316623744847727,4.316623744847727,4.316623744847727,4.316623744847727,4.316623744847727,4.316623744847727,4.316623744847727,4.316623744847727,4.316623744847727,4.316623744847727,4.316623744847727,4.316623744847727,4.316623744847727,4.316623744847727,4.316623744847727,4.316623744847727,4.316623744847727,4.316623744847727,4.316623744847727,4.316623744847727,4.316623744847727,4.316623744847727,4.316623744847727,8.234775091380662,8.234775091380662,8.234775091380662,8.234775091380662,8.234775091380662,7.566705101931579,7.566705101931579,7.566705101931579,7.566705101931579,7.566705101931579,7.566705101931579,7.566705101931579,7.566705101931579,7.566705101931579,7.566705101931579,7.566705101931579,7.566705101931579,7.566705101931579,7.566705101931579,7.566705101931579,7.566705101931579,7.566705101931579,7.566705101931579,7.566705101931579,7.566705101931579,7.566705101931579,7.566705101931579,7.566705101931579,7.566705101931579,7.566705101931579,7.566705101931579,7.566705101931579,7.566705101931579,7.566705101931579,7.566705101931579,7.566705101931579,7.566705101931579,7.566705101931579,7.566705101931579,7.566705101931579,7.566705101931579,7.566705101931579,7.566705101931579,7.566705101931579,7.566705101931579,7.566705101931579,7.566705101931579,7.566705101931579,7.566705101931579,7.566705101931579,7.566705101931579,7.566705101931579,7.566705101931579,7.566705101931579,7.566705101931579,7.566705101931579,7.566705101931579,7.566705101931579,7.566705101931579,7.566705101931579,7.566705101931579,7.566705101931579,7.566705101931579,7.566705101931579,7.566705101931579,7.566705101931579,7.566705101931579,7.566705101931579,7.566705101931579,7.566705101931579,7.566705101931579,7.566705101931579,7.566705101931579,7.566705101931579,7.566705101931579,7.566705101931579,7.566705101931579,7.566705101931579,7.566705101931579,7.566705101931579,7.566705101931579,7.566705101931579,7.566705101931579,7.566705101931579,7.566705101931579,7.566705101931579,7.566705101931579,7.566705101931579,7.566705101931579,7.566705101931579,7.566705101931579,7.566705101931579,7.566705101931579,7.566705101931579,7.566705101931579,7.566705101931579,7.566705101931579,7.566705101931579,7.566705101931579,7.566705101931579,7.566705101931579,7.566705101931579,7.566705101931579,7.566705101931579,7.566705101931579,7.566705101931579,7.566705101931579,7.566705101931579,7.566705101931579,7.566705101931579,7.566705101931579,7.566705101931579,7.566705101931579,7.566705101931579,7.566705101931579,7.566705101931579,7.566705101931579,7.566705101931579,7.566705101931579,7.566705101931579,7.566705101931579,7.566705101931579,7.566705101931579,7.566705101931579,7.566705101931579,7.566705101931579,7.566705101931579,7.566705101931579,7.566705101931579,7.566705101931579,7.566705101931579,7.566705101931579,7.566705101931579,7.566705101931579,7.566705101931579,7.566705101931579,7.566705101931579,7.566705101931579,7.566705101931579,7.566705101931579,7.566705101931579,7.566705101931579,7.566705101931579,7.566705101931579,7.566705101931579,7.566705101931579,7.566705101931579,7.566705101931579,7.566705101931579,7.566705101931579,7.566705101931579,7.566705101931579,7.566705101931579,7.566705101931579,7.566705101931579,7.566705101931579,7.566705101931579,7.566705101931579,7.566705101931579,7.566705101931579,7.566705101931579,7.566705101931579,7.566705101931579,7.566705101931579,7.566705101931579,7.566705101931579,7.566705101931579,7.566705101931579,7.566705101931579,7.566705101931579,7.566705101931579,7.566705101931579,7.566705101931579,7.566705101931579,7.566705101931579,7.566705101931579,7.566705101931579,7.566705101931579,6.650351396810757,6.650351396810757,6.650351396810757,6.650351396810757,6.650351396810757,6.5613203075931645,5.889434381459504,5.889434381459504,5.889434381459504,5.454554293426099,5.454554293426099,5.357732098596369,5.357732098596369,5.341644837529294,5.341644837529294,5.341644837529294,5.341644837529294,5.341644837529294,5.341644837529294,5.341644837529294,5.341644837529294,5.341644837529294,5.341644837529294,5.341644837529294,5.341644837529294,5.341644837529294,5.341644837529294,5.341644837529294,5.341644837529294,5.341644837529294,5.341644837529294,5.341644837529294,5.341644837529294,5.341644837529294,5.341644837529294,5.341644837529294,5.341644837529294,5.341644837529294,5.341644837529294,5.341644837529294,5.341644837529294,5.341644837529294,5.341644837529294,5.341644837529294,5.341644837529294,5.341644837529294,5.341644837529293,5.341644837529293,5.341644837529293,5.341644837529293,5.341644837529293,5.341644837529293,5.341644837529293,5.341644837529293,5.341644837529293,5.341644837529293,5.341644837529293,5.341644837529293,5.341644837529293,5.341644837529293,5.341644837529293,5.341644837529293,5.341644837529293,5.341644837529293,5.341644837529293,5.341644837529293,5.341644837529293,5.341644837529293,5.341644837529293,5.341644837529293,5.341644837529293,5.341644837529293,5.341644837529293,5.341644837529293,5.341644837529293,5.341644837529293,5.341644837529293,5.341644837529293,5.341644837529293,5.341644837529293,5.341644837529293,5.341644837529293,5.341644837529293,5.341644837529293,5.341644837529293,5.341644837529293,5.341644837529293,5.341644837529293,5.341644837529293,5.341644837529293,5.341644837529293,5.341644837529293,5.341644837529293,5.341644837529293,5.341644837529293,5.341644837529293,5.341644837529293,5.341644837529293,5.341644837529293,5.341644837529293,5.341644837529293,5.341644837529293,5.341644837529293,5.341644837529293,5.341644837529293,5.341644837529293,5.341644837529293,5.341644837529293,5.341644837529293,5.341644837529293,5.341644837529293,5.341644837529293,5.341644837529293,5.341644837529293,5.341644837529293,5.341644837529293,5.341644837529293,5.341644837529293,5.341644837529293,5.341644837529293,5.341644837529293,5.341644837529293,5.341644837529293,5.341644837529293,5.341644837529293,5.341644837529293,5.341644837529293,5.341644837529293,5.341644837529293,5.341644837529293,5.341644837529293,5.341644837529293,5.341644837529293,5.341644837529293,5.341644837529293,5.341644837529293,5.341644837529293,5.341644837529293,5.341644837529293,5.341644837529293,5.341644837529293,5.341644837529293,5.341644837529293,5.341644837529293,5.341644837529293,5.341644837529293,5.341644837529293,5.341644837529293,5.341644837529293,5.341644837529293,5.341644837529293,5.341644837529293,5.341644837529293,5.341644837529293,5.341644837529293,5.341644837529293,5.341644837529293,5.341644837529293,5.341644837529293,5.341644837529293,5.341644837529293,5.341644837529293,5.341644837529293,5.341644837529293,5.341644837529293,5.341644837529293,5.341644837529293,5.341644837529293,5.341644837529293,5.341644837529293,5.341644837529293,5.341644837529293,5.341644837529293,5.341644837529293,5.341644837529293,5.341644837529293,5.341644837529293,5.341644837529293,5.341644837529293,5.341644837529293,5.341644837529293,5.341644837529293,5.341644837529293,5.341644837529293,5.341644837529293,5.341644837529293,5.341644837529293,5.341644837529293,5.341644837529293,5.341644837529293,5.341644837529293,5.341644837529293,5.341644837529293,5.341644837529293,5.341644837529293,5.341644837529293,5.341644837529293,5.341644837529293,5.341644837529293,5.341644837529293,5.341644837529293,5.341644837529293,5.341644837529293,5.341644837529293,5.341644837529293,5.341644837529293,5.341644837529293,5.341644837529293,5.341644837529293,5.341644837529293,5.341644837529293,5.341644837529293,5.341644837529293,5.341644837529293,5.341644837529293,5.341644837529293,5.341644837529293,5.341644837529293,5.341644837529293,5.341644837529293,5.341644837529293,5.341644837529293,5.341644837529293,5.341644837529293,5.341644837529293,5.341644837529293,5.341644837529293,5.341644837529293,5.341644837529293,5.341644837529293,5.341644837529293,5.341644837529293,5.341644837529293,5.341644837529293,5.341644837529293,5.341644837529293,5.341644837529293,5.341644837529293,5.341644837529293,5.341644837529293,5.341644837529293,5.341644837529293,5.341644837529293,5.341644837529293,5.341644837529293,5.341644837529293,5.341644837529293,5.341644837529293,5.341644837529293,5.341644837529293,5.341644837529293,5.341644837529293,5.341644837529293,5.341644837529293,5.341644837529293,5.341644837529293,5.341644837529293,5.341644837529293,5.341644837529293,5.341644837529293,5.341644837529293,5.341644837529293,5.341644837529293,5.341644837529293,5.341644837529293,5.341644837529293,5.341644837529293,5.341644837529293,5.341644837529293,5.341644837529293,5.341644837529293,5.341644837529293,5.341644837529293,5.341644837529293,5.341644837529293,5.341644837529293,5.341644837529293,5.341644837529293,5.341644837529293,5.341644837529293,5.341644837529293,5.341644837529293,5.341644837529293,5.341644837529293,5.341644837529293,5.341644837529293,5.341644837529293,5.341644837529293,5.341644837529293,5.341644837529293,5.341644837529293,5.341644837529293,5.341644837529293,5.341644837529293,5.341644837529293,5.341644837529293,5.341644837529293,5.341644837529293,5.341644837529293,5.341644837529293,5.341644837529293,5.341644837529293,5.341644837529293,5.341644837529293,5.341644837529293,5.341644837529293,5.341644837529293,5.341644837529293,5.341644837529293,5.341644837529293,5.341644837529293,5.341644837529293,5.341644837529293,5.341644837529293,5.341644837529293,5.341644837529293,5.341644837529293,5.341644837529293,5.341644837529293,5.341644837529293,5.341644837529293,5.341644837529293,5.341644837529293,5.341644837529293,5.341644837529293,5.341644837529293,5.341644837529293,5.341644837529293,5.341644837529293,5.341644837529293,5.341644837529293,5.341644837529293,5.341644837529293,5.341644837529293,5.341644837529293,5.341644837529293,5.341644837529293,5.341644837529293,5.341644837529293,5.341644837529293,5.341644837529293,5.341644837529293,5.341644837529293,5.341644837529293,5.341644837529293,5.341644837529293,5.341644837529293,5.341644837529293,5.341644837529293,5.341644837529293,5.341644837529293,5.341644837529293,5.341644837529293,5.341644837529293,5.341644837529293,5.341644837529293,5.341644837529293,5.341644837529293,5.341644837529293,5.341644837529293,5.341644837529293,5.341644837529293,5.341644837529293,5.341644837529293,5.341644837529293,5.341644837529293,5.341644837529293,5.341644837529293,5.341644837529293,5.341644837529293,5.341644837529293,5.341644837529293,5.341644837529293,5.341644837529293,5.341644837529293,5.341644837529293,5.341644837529293,5.341644837529293,5.341644837529293,5.341644837529293,5.341644837529293,5.341644837529293,5.341644837529293,5.341644837529293,5.341644837529293,5.341644837529293,5.341644837529293,5.341644837529293,5.341644837529293,5.341644837529293,5.341644837529293,5.341644837529293,5.341644837529293,5.341644837529293,5.341644837529293,5.341644837529293,5.341644837529293,5.341644837529293,5.341644837529293,5.341644837529293,5.341644837529293,5.341644837529293,5.341644837529293,5.341644837529293,5.341644837529293,5.341644837529293,5.341644837529293,5.341644837529293,5.341644837529293,5.341644837529293,5.341644837529293,5.341644837529293,5.341644837529293,5.341644837529293,5.341644837529293,5.341644837529293,5.341644837529293,5.341644837529293,5.341644837529293,5.341644837529293,5.341644837529293,5.341644837529293,5.341644837529293,5.341644837529293,5.341644837529293,5.341644837529293,5.341644837529293,5.341644837529293,5.341644837529293,5.341644837529293,5.341644837529293,5.341644837529293,5.341644837529293,5.341644837529293,5.341644837529293,5.341644837529293,5.341644837529293,5.341644837529293,5.341644837529293,5.341644837529293,5.341644837529293,5.341644837529293,5.341644837529293,5.341644837529293,5.341644837529293,5.341644837529293,5.341644837529293,5.341644837529293,5.341644837529293,5.341644837529293,5.341644837529293,5.341644837529293,5.341644837529293,5.341644837529293,5.341644837529293,5.341644837529293,5.341644837529293,5.341644837529293,5.341644837529293,5.341644837529293,5.341644837529293,5.341644837529293,5.341644837529293,5.341644837529293,5.341644837529293,5.341644837529293,5.341644837529293,5.341644837529293,5.341644837529293,5.341644837529293,5.341644837529293,5.341644837529293,5.341644837529293,5.341644837529293,5.341644837529293,5.341644837529293,5.341644837529293,5.341644837529293,5.341644837529293,5.341644837529293,5.341644837529293,5.341644837529293,5.341644837529293,5.341644837529293,5.341644837529293,5.341644837529293,5.341644837529293,5.341644837529293,5.341644837529293,5.341644837529293,5.341644837529293,5.341644837529293,5.341644837529293,5.341644837529293,5.341644837529293,5.341644837529293,5.341644837529293,5.341644837529293,5.341644837529293,5.341644837529293,5.341644837529293,5.341644837529293,5.341644837529293,5.341644837529293,5.341644837529293,5.341644837529293,5.341644837529293,5.341644837529293,5.341644837529293,5.341644837529293,5.341644837529293,5.341644837529293,5.341644837529293,5.341644837529293,5.341644837529293,5.341644837529293,5.341644837529293,5.341644837529293,5.341644837529293,5.341644837529293,5.341644837529293,5.341644837529293,5.341644837529293,5.341644837529293,5.341644837529293,5.341644837529293,5.341644837529293,5.341644837529293,5.341644837529293,5.341644837529293,5.341644837529293,5.341644837529293,5.341644837529293,5.341644837529293,5.341644837529293,5.341644837529293,5.341644837529293,5.341644837529293,5.341644837529293,5.341644837529293,5.341644837529293,5.341644837529293,5.341644837529293,5.341644837529293,5.341644837529293,5.341644837529293,5.341644837529293,5.341644837529293,5.341644837529293,5.341644837529293,5.341644837529293,5.341644837529293,5.341644837529293,5.341644837529293,5.341644837529293,5.341644837529293,5.341644837529293,5.341644837529293,5.341644837529293,5.341644837529293,5.341644837529293,5.341644837529293,5.341644837529293,5.341644837529293,5.341644837529293,5.341644837529293,5.341644837529293,5.341644837529293,5.341644837529293,5.341644837529293,5.341644837529293,5.341644837529293,5.341644837529293,5.341644837529293,5.341644837529293,5.341644837529293,5.341644837529293,5.341644837529293,5.341644837529293,5.341644837529293,5.341644837529293,5.341644837529293,5.341644837529293,5.341644837529293,5.341644837529293,5.341644837529293,5.341644837529293,5.341644837529293,5.341644837529293,5.341644837529293,5.341644837529293,5.341644837529293,5.341644837529293,5.341644837529293,5.341644837529293,5.341644837529293,5.341644837529293,5.341644837529293,5.341644837529293,5.341644837529293,5.341644837529293,5.341644837529293,5.341644837529293,5.341644837529293,5.341644837529293,5.341644837529293,5.341644837529293,5.341644837529293,5.341644837529293,5.341644837529293,5.341644837529293,5.341644837529293,5.341644837529293,5.341644837529293,5.341644837529293,5.341644837529293,5.341644837529293,5.341644837529293,5.341644837529293,5.341644837529293,5.341644837529293,5.341644837529293,5.341644837529293,5.341644837529293,5.341644837529293,5.341644837529293,5.341644837529293,5.341644837529293,5.341644837529293,5.341644837529293,5.341644837529293,5.341644837529293,5.341644837529293,5.341644837529293,5.341644837529293,5.341644837529293,5.341644837529293,5.341644837529293,5.341644837529293,5.341644837529293,5.341644837529293,5.341644837529293,5.341644837529293,5.341644837529293,5.341644837529293,5.341644837529293,5.341644837529293,5.341644837529293,5.341644837529293,5.341644837529293,5.341644837529293,5.341644837529293,5.341644837529293,5.341644837529293,5.341644837529293,5.341644837529293,5.341644837529293,5.341644837529293,5.341644837529293,5.341644837529293,5.341644837529293,5.341644837529293,5.341644837529293,5.341644837529293,5.341644837529293,5.341644837529293,5.341644837529293,5.341644837529293,5.341644837529293,5.341644837529293,5.341644837529293,5.341644837529293,5.341644837529293,5.341644837529293,5.341644837529293,5.341644837529293,5.341644837529293,5.341644837529293,5.341644837529293,5.341644837529293,5.341644837529293,5.341644837529293,5.341644837529293,5.341644837529293,5.341644837529293,5.341644837529293,5.341644837529293,5.341644837529293,5.341644837529293,5.341644837529293,5.341644837529293,5.341644837529293,5.341644837529293,5.341644837529293,5.341644837529293,5.341644837529293,5.341644837529293,5.341644837529293,5.341644837529293,5.341644837529293,5.341644837529293,5.341644837529293,5.341644837529293,5.341644837529293,5.341644837529293,5.341644837529293,5.341644837529293,5.341644837529293,5.341644837529293,5.341644837529293,5.341644837529293,5.341644837529293,5.341644837529293,5.341644837529293,5.341644837529293,5.341644837529293,5.341644837529293,5.341644837529293,5.341644837529293,5.341644837529293,5.341644837529293,5.341644837529293,5.341644837529293,5.341644837529293,5.341644837529293,5.341644837529293,5.341644837529293,5.341644837529293,5.341644837529293,5.341644837529293,5.341644837529293,5.341644837529293,5.341644837529293,5.341644837529293,5.341644837529293,5.341644837529293,5.341644837529293,5.341644837529293,5.341644837529293,5.341644837529293,5.341644837529293,5.341644837529293,5.341644837529293,5.341644837529293,5.341644837529293,5.341644837529293,5.341644837529293,5.341644837529293,5.341644837529293,5.341644837529293,5.341644837529293,5.341644837529293,5.341644837529293,5.341644837529293,5.341644837529293,5.341644837529293,5.341644837529293,5.341644837529293,5.341644837529293,5.341644837529293,5.341644837529293,5.341644837529293,5.341644837529293,5.341644837529293,5.341644837529293,5.341644837529293,5.341644837529293,5.341644837529293,5.341644837529293,5.341644837529293,5.341644837529293,5.341644837529293,5.341644837529293,5.341644837529293,5.341644837529293,5.341644837529293,5.341644837529293,5.341644837529293,5.341644837529293,5.341644837529293,5.341644837529293,5.341644837529293,5.341644837529293,5.341644837529293,5.341644837529293,5.341644837529293,5.341644837529293,5.341644837529293,5.341644837529293,5.341644837529293,5.341644837529293,5.341644837529293,5.341644837529293,5.341644837529293,5.341644837529293,5.341644837529293,5.341644837529293,5.341644837529293,5.341644837529293,5.341644837529293,5.341644837529293,5.341644837529293,5.341644837529293,5.341644837529293,5.341644837529293,5.341644837529293,5.341644837529293,5.341644837529293,5.341644837529293,5.341644837529293,5.341644837529293,5.341644837529293,5.341644837529293,5.341644837529293,5.341644837529293,5.341644837529293,5.341644837529293,5.341644837529293,5.341644837529293,5.341644837529293,5.341644837529293,5.341644837529293,9.308471593648688,9.103573337698556,9.103573337698556,9.103573337698556,9.103573337698556,9.103573337698556,9.103573337698556,9.103573337698556,9.103573337698556,9.028483586692525,9.028483586692525,9.028483586692525,9.028483586692525,9.028483586692525,8.889440668720196,8.365878703565304,8.365878703565304,8.365878703565304,8.365878703565304,8.365878703565304,8.365878703565304,8.365878703565304,8.365878703565304,8.365878703565304,8.365878703565304,8.365878703565304,8.365878703565304,8.365878703565304,8.365878703565304,8.365878703565304,8.365878703565304,8.365878703565304,8.365878703565304,8.365878703565304,8.365878703565304,8.365878703565304,8.365878703565304,8.365878703565304,8.365878703565304,8.365878703565304,8.365878703565304,8.365878703565304,8.365878703565304,8.365878703565304,8.365878703565304,8.365878703565304,8.365878703565304,8.365878703565304,8.365878703565304,8.365878703565304,8.365878703565304,8.365878703565304,8.365878703565304,8.365878703565304,8.365878703565304,8.365878703565304,8.365878703565304,8.365878703565304,8.365878703565304,8.365878703565304,8.365878703565304,8.365878703565304,8.365878703565304,8.365878703565304,8.365878703565304,8.365878703565304,8.365878703565304,8.365878703565304,8.365878703565304,8.365878703565304,8.365878703565304,8.365878703565304,8.365878703565304,8.365878703565304,8.365878703565304,8.365878703565304,8.365878703565304,8.365878703565304,8.365878703565304,8.365878703565304,8.365878703565304,8.365878703565304,8.365878703565304,8.365878703565304,8.365878703565304,8.365878703565304,8.365878703565304,8.365878703565304,8.365878703565304,8.365878703565304,8.365878703565304,8.365878703565304,8.365878703565304,8.365878703565304,8.365878703565304,8.365878703565304,8.365878703565304,8.365878703565304,8.365878703565304,8.365878703565304,8.365878703565304,8.365878703565304,8.365878703565304,8.365878703565304,8.365878703565304,8.365878703565304,8.365878703565304,8.365878703565304,8.365878703565304,8.365878703565304,8.365878703565304,8.365878703565304,8.365878703565304,8.365878703565304,8.365878703565304,8.365878703565304,8.365878703565304,8.365878703565304,8.365878703565304,8.365878703565304,8.365878703565304,8.365878703565304,8.365878703565304,8.365878703565304,8.365878703565304,8.365878703565304,8.365878703565304,8.365878703565304,8.365878703565304,8.097099799362267,8.097099799362267,8.097099799362267,8.097099799362267,8.097099799362267,8.097099799362267,8.097099799362267,8.097099799362267,8.097099799362267,8.097099799362267,8.097099799362267,8.097099799362267,8.097099799362267,8.097099799362267,8.097099799362267,8.097099799362267,8.097099799362267,8.097099799362267,8.097099799362267,8.097099799362267,8.097099799362267,8.097099799362267,8.097099799362267,8.097099799362267,8.097099799362267,8.097099799362267,8.097099799362267,8.097099799362267,8.097099799362267,8.097099799362267,8.097099799362267,8.097099799362267,8.097099799362267,8.097099799362267,8.097099799362267,8.097099799362267,8.097099799362267,8.097099799362267,8.097099799362267,8.097099799362267,8.097099799362267,8.097099799362267,8.097099799362267,8.097099799362267,8.097099799362267,8.097099799362267,8.097099799362267,8.097099799362267,8.097099799362267,8.097099799362267,8.097099799362267,8.097099799362267,8.097099799362267,8.097099799362267,8.097099799362267,8.097099799362267,8.097099799362267,8.097099799362267,8.097099799362267,8.097099799362267,8.097099799362267,8.097099799362267,8.097099799362267,8.097099799362267,8.097099799362267,8.097099799362267,8.097099799362267,8.097099799362267,8.097099799362267,8.097099799362267,8.097099799362267,8.097099799362267,8.097099799362267,8.097099799362267,8.097099799362267,8.097099799362267,8.097099799362267,8.097099799362267,8.097099799362267,8.097099799362267,8.097099799362267,8.097099799362267,8.097099799362267,8.097099799362267,8.097099799362267,8.097099799362267,8.097099799362267,8.097099799362267,8.097099799362267,8.097099799362267,8.097099799362267,8.097099799362267,8.097099799362267,8.097099799362267,8.097099799362267,8.097099799362267,8.097099799362267,8.097099799362267,8.097099799362267,8.097099799362267,8.097099799362267,8.097099799362267,8.097099799362267,8.097099799362267,8.097099799362267,8.097099799362267,8.097099799362267,8.097099799362267,8.097099799362267,8.097099799362267,8.097099799362267,8.097099799362267,8.097099799362267,8.097099799362267,8.097099799362267,8.097099799362267,8.097099799362267,8.097099799362267,8.097099799362267,8.097099799362267,8.097099799362267,8.097099799362267,8.097099799362267,8.097099799362267,8.097099799362267,8.097099799362267,8.097099799362267,8.097099799362267,8.097099799362267,8.097099799362267,8.097099799362267,8.097099799362267,8.097099799362267,8.097099799362267,8.097099799362267,8.097099799362267,8.097099799362267,8.097099799362267,8.097099799362267,8.097099799362267,8.097099799362267,8.097099799362267,8.097099799362267,8.097099799362267,8.097099799362267,8.097099799362267,8.097099799362267,8.097099799362267,8.097099799362267,8.097099799362267,8.097099799362267,8.097099799362267,8.097099799362267,8.097099799362267,8.097099799362267,8.097099799362267,8.097099799362267,8.097099799362267,8.097099799362267,8.097099799362267,8.097099799362267,8.097099799362267,8.097099799362267,8.097099799362267,8.097099799362267,8.097099799362267,8.097099799362267,8.097099799362267,8.097099799362267,7.423191438499518,6.722515796063674,6.722515796063674,6.522207933846196,6.339238282878647,6.339238282878647,6.276846835600776,6.276846835600776,6.276846835600776,6.276846835600776,5.510767102403585,5.510767102403585,5.510767102403585,5.510767102403585,5.510767102403585,5.510767102403585,5.510767102403585,5.510767102403585,5.510767102403585,5.510767102403585,5.510767102403585,5.510767102403585,5.510767102403585,5.510767102403585,5.510767102403585,5.510767102403585,5.510767102403585,5.510767102403585,5.510767102403585,5.510767102403585,5.510767102403585,5.510767102403585,5.510767102403585,5.510767102403585,5.510767102403585,5.510767102403585,5.510767102403585,5.510767102403585,5.510767102403585,5.510767102403585,5.510767102403585,5.510767102403585,5.510767102403585,5.510767102403585,5.510767102403585,5.510767102403585,5.510767102403585,5.510767102403585,5.510767102403585,5.510767102403585,5.510767102403585,5.510767102403585,5.510767102403585,5.510767102403585,5.510767102403585,5.510767102403585,5.510767102403585,5.510767102403585,5.510767102403585,5.510767102403585,5.510767102403585,5.510767102403585,5.510767102403585,5.510767102403585,5.510767102403585,5.510767102403585,5.510767102403585,5.510767102403585,5.510767102403585,5.510767102403585,5.510767102403585,5.510767102403585,5.510767102403585,5.510767102403585,5.510767102403585,5.510767102403585,5.510767102403585,5.510767102403585,5.510767102403585,5.510767102403585,5.510767102403585,5.510767102403585,5.510767102403585,5.510767102403585,5.510767102403585,5.510767102403585,5.510767102403585,5.510767102403585,5.510767102403585,5.510767102403585,5.510767102403585,5.510767102403585,5.510767102403585,5.510767102403585,5.510767102403585,5.510767102403585,5.510767102403585,5.510767102403585,5.510767102403585,5.510767102403585,5.510767102403585,5.510767102403585,5.510767102403585,5.510767102403585,5.510767102403585,5.510767102403585,5.510767102403585,5.510767102403585,5.510767102403585,5.510767102403585,5.510767102403585,5.510767102403585,5.510767102403585,5.510767102403585,5.510767102403585,5.510767102403585,5.510767102403585,5.510767102403585,5.510767102403585,5.510767102403585,5.510767102403585,5.510767102403585,5.510767102403585,5.510767102403585,5.510767102403585,5.510767102403585,5.510767102403585,5.510767102403585,5.510767102403585,5.510767102403585,5.510767102403585,5.510767102403585,5.510767102403585,5.510767102403585,5.510767102403585,5.510767102403585,5.510767102403585,5.510767102403585,5.510767102403585,5.510767102403585,5.510767102403585,5.510767102403585,5.510767102403585,5.510767102403585,5.510767102403585,5.510767102403585,5.510767102403585,5.510767102403585,5.510767102403585,5.510767102403585,5.510767102403585,5.510767102403585,5.510767102403585,5.510767102403585,5.510767102403585,5.510767102403585,5.510767102403585,5.510767102403585,5.510767102403585,5.510767102403585,5.510767102403585,5.510767102403585,5.510767102403585,5.510767102403585,5.510767102403585,5.510767102403585,5.510767102403585,5.510767102403585,5.510767102403585,5.510767102403585,5.510767102403585,5.510767102403585,5.510767102403585,5.510767102403585,5.510767102403585,5.510767102403585,5.510767102403585,5.510767102403585,5.510767102403585,5.510767102403585,5.510767102403585,5.510767102403585,5.510767102403585,5.510767102403585,5.510767102403585,5.510767102403585,5.510767102403585,5.510767102403585,5.510767102403585,5.510767102403585,5.510767102403585,5.510767102403585,5.510767102403585,5.510767102403585,5.510767102403585,5.510767102403585,5.510767102403585,5.510767102403585,5.510767102403585,5.510767102403585,5.510767102403585,5.510767102403585,5.510767102403585,5.510767102403585,5.510767102403585,5.510767102403585,5.510767102403585,5.510767102403585,5.510767102403585,5.510767102403585,5.510767102403585,5.510767102403585,5.510767102403585,5.510767102403585,5.510767102403585,5.510767102403585,5.510767102403585,5.510767102403585,5.510767102403585,5.510767102403585,5.510767102403585,5.510767102403585,5.510767102403585,5.510767102403585,5.510767102403585,5.510767102403585,5.510767102403585,5.510767102403585,5.510767102403585,5.510767102403585,5.510767102403585,5.510767102403585,5.510767102403585,5.510767102403585,5.510767102403585,5.510767102403585,5.510767102403585,5.510767102403585,5.510767102403585,5.510767102403585,5.510767102403585,5.510767102403585,5.510767102403585,5.510767102403585,5.510767102403585,5.510767102403585,5.510767102403585,5.510767102403585,5.510767102403585,5.510767102403585,5.510767102403585,5.510767102403585,5.510767102403585,5.510767102403585,5.510767102403585,5.510767102403585,5.510767102403585,5.510767102403585,5.510767102403585,5.510767102403585,5.510767102403585,5.510767102403585,5.510767102403585,5.510767102403585,5.510767102403585,5.510767102403585,5.510767102403585,5.510767102403585,5.510767102403585,5.510767102403585,5.510767102403585,5.510767102403585,5.510767102403585,5.510767102403585,5.510767102403585,5.510767102403585,5.510767102403585,5.510767102403585,5.510767102403585,5.510767102403585,5.510767102403585,5.510767102403585,5.510767102403585,5.510767102403585,5.510767102403585,5.510767102403585,5.510767102403585,5.510767102403585,5.510767102403585,5.510767102403585,5.510767102403585,5.510767102403585,5.510767102403585,5.510767102403585,5.510767102403585,5.510767102403585,5.510767102403585,5.510767102403585,5.510767102403585,5.510767102403585,5.510767102403585,5.510767102403585,5.510767102403585,5.510767102403585,5.510767102403585,5.510767102403585,5.510767102403585,5.510767102403585,5.510767102403585,5.510767102403585,5.510767102403585,5.510767102403585,5.510767102403585,5.510767102403585,5.510767102403585,5.510767102403585,5.510767102403585,5.510767102403585,5.510767102403585,5.510767102403585,5.510767102403585,5.510767102403585,5.510767102403585,5.510767102403585,5.510767102403585,5.510767102403585,5.510767102403585,5.510767102403585,5.510767102403585,5.510767102403585,5.510767102403585,5.510767102403585,5.510767102403585,5.510767102403585,5.510767102403585,5.510767102403585,5.510767102403585,5.510767102403585,5.510767102403585,5.510767102403585,5.510767102403585,5.510767102403585,5.510767102403585,5.510767102403585,5.510767102403585,5.510767102403585,5.510767102403585,5.510767102403585,5.510767102403585,5.510767102403585,5.510767102403585,5.510767102403585,5.510767102403585,5.510767102403585,5.510767102403585,5.510767102403585,5.510767102403585,5.510767102403585,5.510767102403585,5.510767102403585,5.510767102403585,5.510767102403585,5.510767102403585,5.510767102403585,5.510767102403585,5.510767102403585,5.510767102403585,5.510767102403585,5.510767102403585,5.510767102403585,5.510767102403585,5.510767102403585,5.510767102403585,5.510767102403585,5.510767102403585,5.510767102403585,5.510767102403585,5.510767102403585,5.510767102403585,5.510767102403585,5.510767102403585,5.510767102403585,5.510767102403585,5.510767102403585,5.510767102403585,5.510767102403585,5.510767102403585,5.510767102403585,5.510767102403585,5.510767102403585,5.510767102403585,5.510767102403585,5.510767102403585,5.510767102403585,5.510767102403585,5.510767102403585,5.510767102403585,5.510767102403585,5.510767102403585,5.510767102403585,5.510767102403585,5.510767102403585,5.510767102403585,5.510767102403585,5.510767102403585,5.510767102403585,5.510767102403585,5.510767102403585,5.510767102403585,5.510767102403585,5.510767102403585,5.510767102403585,5.510767102403585,5.510767102403585,5.510767102403585,5.510767102403585,5.510767102403585,5.510767102403585,5.510767102403585,5.510767102403585,5.510767102403585,5.510767102403585,5.510767102403585,5.510767102403585,5.510767102403585,5.510767102403585,5.510767102403585,5.510767102403585,5.510767102403585,5.510767102403585,5.510767102403585,5.510767102403585,5.510767102403585,5.510767102403585,5.510767102403585,5.510767102403585,5.510767102403585,5.510767102403585,5.510767102403585,5.510767102403585,5.510767102403585,5.510767102403585,5.510767102403585,5.510767102403585,5.510767102403585,5.510767102403585,5.510767102403585,5.510767102403585,5.510767102403585,5.510767102403585,5.510767102403585,5.510767102403585,5.510767102403585,5.510767102403585,5.510767102403585,5.510767102403585,5.510767102403585,5.510767102403585,5.510767102403585,5.510767102403585,5.510767102403585,5.510767102403585,5.510767102403585,5.510767102403585,5.510767102403585,5.510767102403585,5.510767102403585,5.510767102403585,5.510767102403585,5.510767102403585,5.510767102403585,5.510767102403585,5.510767102403585,5.510767102403585,5.510767102403585,5.510767102403585,5.510767102403585,5.510767102403585,5.510767102403585,5.510767102403585,5.510767102403585,5.510767102403585,5.510767102403585,5.510767102403585,5.510767102403585,5.510767102403585,5.510767102403585,5.510767102403585,5.510767102403585,5.510767102403585,5.510767102403585,5.510767102403585,5.510767102403585,5.510767102403585,5.510767102403585,5.510767102403585,5.510767102403585,5.510767102403585,5.510767102403585,5.510767102403585,5.510767102403585,5.510767102403585,5.510767102403585,5.510767102403585,5.510767102403585,5.510767102403585,5.510767102403585,5.510767102403585,5.510767102403585,5.510767102403585,5.510767102403585,5.510767102403585,5.510767102403585,5.510767102403585,5.510767102403585,5.510767102403585,5.510767102403585,5.510767102403585,5.510767102403585,5.510767102403585,5.510767102403585,5.510767102403585,5.510767102403585,5.510767102403585,5.510767102403585,5.510767102403585,5.510767102403585,5.510767102403585,5.510767102403585,5.510767102403585,5.510767102403585,5.510767102403585,5.510767102403585,5.510767102403585,5.510767102403585,5.510767102403585,5.510767102403585,5.510767102403585,5.510767102403585,5.510767102403585,5.510767102403585,5.510767102403585,5.510767102403585,5.510767102403585,5.510767102403585,5.510767102403585,5.510767102403585,5.510767102403585,5.510767102403585,5.510767102403585,5.510767102403585,5.510767102403585,5.510767102403585,5.510767102403585,5.510767102403585,5.510767102403585,5.510767102403585,5.510767102403585,5.510767102403585,5.510767102403585,5.510767102403585,5.510767102403585,5.510767102403585,5.510767102403585,5.510767102403585,5.510767102403585,5.510767102403585,5.510767102403585,5.510767102403585,5.510767102403585,5.510767102403585,5.510767102403585,5.510767102403585,5.510767102403585,5.510767102403585,5.510767102403585,5.510767102403585,5.510767102403585,5.510767102403585,5.510767102403585,5.510767102403585,5.510767102403585,5.510767102403585,5.510767102403585,5.510767102403585,5.510767102403585,5.510767102403585,5.510767102403585,5.510767102403585,5.510767102403585,5.510767102403585,5.510767102403585,5.510767102403585,5.510767102403585,5.510767102403585,5.510767102403585,5.510767102403585,5.510767102403585,5.510767102403585,5.510767102403585,5.510767102403585,5.510767102403585,5.510767102403585,5.510767102403585,5.510767102403585,5.510767102403585,5.510767102403585,5.510767102403585,5.510767102403585,5.510767102403585,5.510767102403585,5.510767102403585,5.510767102403585,5.510767102403585,5.510767102403585,5.510767102403585,5.510767102403585,5.510767102403585,5.510767102403585,5.510767102403585,5.510767102403585,5.510767102403585,5.510767102403585,5.510767102403585,5.510767102403585,5.510767102403585,5.510767102403585,5.510767102403585,5.510767102403585,5.510767102403585,5.510767102403585,5.510767102403585,5.510767102403585,5.510767102403585,5.510767102403585,5.510767102403585,5.510767102403585,5.510767102403585,5.510767102403585,5.510767102403585,5.510767102403585,5.510767102403585,5.510767102403585,5.510767102403585,5.510767102403585,5.510767102403585,5.510767102403585,5.510767102403585,5.510767102403585,5.510767102403585,5.510767102403585,5.510767102403585,5.510767102403585,5.510767102403585,5.510767102403585,5.510767102403585,5.510767102403585,5.510767102403585,5.510767102403585,5.510767102403585,5.510767102403585,5.510767102403585,5.510767102403585,5.510767102403585,5.510767102403585,5.510767102403585,5.510767102403585,5.510767102403585,5.510767102403585,5.510767102403585,5.510767102403585,5.510767102403585,5.510767102403585,5.510767102403585,5.510767102403585,5.510767102403585,5.510767102403585,5.510767102403585,5.510767102403585,5.510767102403585,5.510767102403585,5.510767102403585,5.510767102403585,5.510767102403585,5.510767102403585,5.510767102403585,5.510767102403585,5.510767102403585,5.510767102403585,5.510767102403585,5.510767102403585,5.510767102403585,5.510767102403585,5.510767102403585,5.510767102403585,5.510767102403585,5.510767102403585,5.510767102403585,5.510767102403585,5.510767102403585,5.510767102403585,5.510767102403585,8.772986732535234,7.932655266112174,7.932655266112174,7.932655266112174,7.932655266112174,7.932655266112174,7.932655266112174,7.670608767508355,7.670608767508355,7.670608767508355,7.670608767508355,7.670608767508355,7.670608767508355,7.670608767508355,7.670608767508355,7.670608767508355,7.670608767508355,7.670608767508355,7.670608767508355,7.670608767508355,7.670608767508355,7.670608767508355,7.670608767508355,7.670608767508355,7.670608767508355,7.670608767508355,7.670608767508355,7.670608767508355,7.670608767508355,7.670608767508355,7.670608767508355,7.670608767508355,7.670608767508355,7.670608767508355,7.670608767508355,7.670608767508355,7.670608767508355,7.670608767508355,7.670608767508355,7.670608767508355,7.670608767508355,7.670608767508355,7.670608767508355,7.670608767508355,7.670608767508355,7.670608767508355,7.670608767508355,7.670608767508355,6.914456329596602,6.914456329596602,6.914456329596602,6.914456329596602,6.914456329596602,6.914456329596602,6.914456329596602,6.914456329596602,6.914456329596602,6.914456329596602,6.914456329596602,6.914456329596602,6.914456329596602,6.914456329596602,6.914456329596602,6.914456329596602,6.914456329596602,6.914456329596602,6.914456329596602,6.914456329596602,6.914456329596602,6.914456329596602,6.914456329596602,6.914456329596602,6.914456329596602,6.914456329596602,6.914456329596602,6.914456329596602,6.914456329596602,6.914456329596602,6.914456329596602,6.914456329596602,6.914456329596602,6.914456329596602,6.914456329596602,6.914456329596602,6.914456329596602,6.914456329596602,6.914456329596602,6.914456329596602,6.914456329596602,6.914456329596602,6.914456329596602,6.763965978554985,6.763965978554985,6.763965978554985,6.763965978554985,6.763965978554985,6.763965978554985,6.763965978554985,6.763965978554985,6.763965978554985,6.763965978554985,6.763965978554985,6.763965978554985,6.763965978554985,6.637388999623005,6.637388999623005,6.637388999623005,6.637388999623005,6.637388999623005,6.637388999623005,6.637388999623005,6.637388999623005,6.637388999623005,6.637388999623005,6.637388999623005,6.637388999623005,6.637388999623005,6.637388999623005,6.637388999623005,6.637388999623005,6.637388999623005,6.637388999623005,6.637388999623005,6.637388999623005,6.637388999623005,6.637388999623005,6.637388999623005,6.637388999623005,6.637388999623005,6.637388999623005,6.637388999623005,6.637388999623005,6.637388999623005,6.637388999623005,6.637388999623005,6.637388999623005,6.637388999623005,6.637388999623005,6.637388999623005,6.637388999623005,6.637388999623005,6.637388999623005,6.637388999623005,6.637388999623005,6.637388999623005,6.637388999623005,6.637388999623005,6.637388999623005,6.637388999623005,6.637388999623005,6.637388999623005,6.637388999623005,6.637388999623005,6.637388999623005,6.637388999623005,6.637388999623005,6.637388999623005,6.637388999623005,6.637388999623005,6.637388999623005,6.637388999623005,6.637388999623005,6.637388999623005,6.637388999623005,6.637388999623005,6.637388999623005,6.637388999623005,6.637388999623005,6.637388999623005,6.637388999623005,6.637388999623005,6.637388999623005,6.637388999623005,6.637388999623005,6.637388999623005,6.637388999623005,6.637388999623005,6.637388999623005,6.637388999623005,6.637388999623005,6.637388999623005,6.637388999623005,6.637388999623005,6.637388999623005,6.637388999623005,6.637388999623005,6.637388999623005,6.637388999623005,6.637388999623005,6.637388999623005,6.637388999623005,6.637388999623005,6.637388999623005,6.637388999623005,6.637388999623005,6.637388999623005,6.637388999623005,6.637388999623005,6.637388999623005,6.637388999623005,6.637388999623005,6.637388999623005,6.637388999623005,6.637388999623005,6.637388999623005,6.637388999623005,6.637388999623005,6.637388999623005,6.637388999623005,6.637388999623005,6.637388999623005,6.637388999623005,6.637388999623005,6.637388999623005,6.637388999623005,6.637388999623005,6.637388999623005,6.637388999623005,6.637388999623005,6.637388999623005,6.637388999623005,6.637388999623005,6.637388999623005,6.637388999623005,6.637388999623005,6.637388999623005,6.637388999623005,6.637388999623005,6.637388999623005,6.637388999623005,6.637388999623005,6.637388999623005,6.637388999623005,6.637388999623005,6.637388999623005,6.637388999623005,6.637388999623005,6.637388999623005,6.637388999623005,6.637388999623005,6.637388999623005,6.637388999623005,6.637388999623005,6.637388999623005,6.637388999623005,6.637388999623005,6.637388999623005,6.637388999623005,6.637388999623005,6.637388999623005,6.637388999623005,6.637388999623005,6.637388999623005,6.637388999623005,6.637388999623005,6.637388999623005,6.637388999623005,6.637388999623005,6.637388999623005,6.637388999623005,6.637388999623005,6.637388999623005,6.637388999623005,6.637388999623005,6.637388999623005,6.637388999623005,6.637388999623005,6.637388999623005,6.637388999623005,6.637388999623005,6.637388999623005,6.050684265933604,5.587763126215723,5.587763126215723,5.587763126215723,5.587763126215723,5.587763126215723,5.587763126215723,5.587763126215723,5.587763126215723,5.587763126215723,5.587763126215723,5.587763126215723,5.587763126215723,5.587763126215723,5.587763126215723,5.587763126215723,5.587763126215723,5.497722069297243,5.497722069297243,5.480626874380316,5.480626874380316,5.480626874380316,5.480626874380316,5.480626874380316,5.480626874380316,5.480626874380316,5.480626874380316,5.480626874380316,5.412658555514688,5.412658555514688,5.259150326146762,5.259150326146762,5.208086608747218,5.208086608747218,5.208086608747218,5.208086608747218,5.208086608747218,5.208086608747218,5.208086608747218,5.208086608747218,5.208086608747218,5.208086608747218,5.208086608747218,5.208086608747218,5.208086608747218,5.208086608747218,5.208086608747218,5.208086608747218,5.208086608747218,5.208086608747218,5.208086608747218,5.208086608747218,5.208086608747218,5.208086608747218,5.208086608747218,5.208086608747218,5.208086608747218,5.208086608747218,5.208086608747218,5.208086608747218,5.208086608747218,5.208086608747218,5.208086608747218,5.208086608747218,5.208086608747218,5.208086608747218,5.208086608747218,5.208086608747218,5.208086608747218,5.208086608747218,5.208086608747218,5.208086608747218,5.208086608747218,5.208086608747218,5.208086608747218,5.208086608747218,5.208086608747218,5.208086608747218,5.208086608747218,5.208086608747218,5.208086608747218,5.208086608747218,5.208086608747218,5.208086608747218,5.208086608747218,5.208086608747218,5.208086608747218,5.208086608747218,5.208086608747218,5.208086608747218,5.208086608747218,5.208086608747218,5.208086608747218,5.208086608747218,5.208086608747218,5.208086608747218,5.208086608747218,5.208086608747218,5.208086608747218,5.208086608747218,5.208086608747218,5.208086608747218,5.208086608747218,5.208086608747218,5.208086608747218,5.208086608747218,5.208086608747218,5.208086608747218,5.208086608747218,5.208086608747218,5.208086608747218,5.208086608747218,5.208086608747218,5.208086608747218,5.208086608747218,5.208086608747218,5.208086608747218,5.208086608747218,5.208086608747218,5.208086608747218,5.208086608747218,5.208086608747218,5.208086608747218,5.208086608747218,5.208086608747218,5.208086608747218,5.208086608747218,5.208086608747218,5.208086608747218,5.208086608747218,5.208086608747218,5.208086608747218,5.208086608747218,5.208086608747218,5.208086608747218,5.208086608747218,5.208086608747218,5.208086608747218,5.208086608747218,5.208086608747218,5.208086608747218,5.208086608747218,5.208086608747218,5.208086608747218,5.208086608747218,5.208086608747218,5.208086608747218,5.208086608747218,5.208086608747218,5.208086608747218,5.208086608747218,5.208086608747218,5.208086608747218,5.208086608747218,5.208086608747218,5.208086608747218,5.208086608747218,5.208086608747218,5.208086608747218,5.208086608747218,5.208086608747218,5.208086608747218,5.208086608747218,5.208086608747218,5.208086608747218,5.208086608747218,5.208086608747218,5.208086608747218,5.208086608747218,5.208086608747218,5.208086608747218,5.208086608747218,5.208086608747218,5.208086608747218,5.208086608747218,5.208086608747218,5.208086608747218,5.208086608747218,5.208086608747218,5.208086608747218,5.208086608747218,5.208086608747218,5.208086608747218,5.208086608747218,5.208086608747218,5.208086608747218,5.208086608747218,5.208086608747218,5.208086608747218,5.208086608747218,5.208086608747218,5.208086608747218,5.208086608747218,5.208086608747218,5.208086608747218,5.208086608747218,5.208086608747218,5.208086608747218,5.208086608747218,5.208086608747218,5.208086608747218,5.208086608747218,5.208086608747218,5.208086608747218,5.208086608747218,5.208086608747218,5.208086608747218,5.208086608747218,5.208086608747218,5.208086608747218,5.208086608747218,5.208086608747218,5.208086608747218,5.208086608747218,5.208086608747218,5.208086608747218,5.208086608747218,5.208086608747218,5.208086608747218,5.208086608747218,5.208086608747218,5.208086608747218,5.208086608747218,5.208086608747218,5.208086608747218,5.208086608747218,5.208086608747218,5.208086608747218,5.208086608747218,5.208086608747218,5.208086608747218,5.208086608747218,5.208086608747218,5.208086608747218,5.208086608747218,5.208086608747218,5.208086608747218,5.208086608747218,5.208086608747218,5.208086608747218,5.208086608747218,5.208086608747218,5.208086608747218,5.208086608747218,5.208086608747218,5.208086608747218,5.208086608747218,5.208086608747218,5.208086608747218,5.208086608747218,5.208086608747218,5.208086608747218,5.208086608747218,5.208086608747218,5.208086608747218,5.208086608747218,5.208086608747218,5.208086608747218,5.208086608747218,5.208086608747218,5.208086608747218,5.208086608747218,5.208086608747218,5.208086608747218,5.208086608747218,5.208086608747218,5.208086608747218,5.208086608747218,5.208086608747218,5.208086608747218,5.208086608747218,5.208086608747218,5.208086608747218,5.208086608747218,5.208086608747218,5.208086608747218,5.208086608747218,5.208086608747218,5.208086608747218,5.208086608747218,5.208086608747218,5.208086608747218,5.208086608747218,5.208086608747218,5.208086608747218,5.208086608747218,5.208086608747218,5.208086608747218,5.208086608747218,5.208086608747218,5.208086608747218,5.208086608747218,5.208086608747218,5.208086608747218,5.208086608747218,5.208086608747218,5.208086608747218,5.208086608747218,5.208086608747218,5.208086608747218,5.208086608747218,5.208086608747218,5.208086608747218,5.208086608747218,5.208086608747218,5.208086608747218,5.208086608747218,5.208086608747218,5.208086608747218,5.208086608747218,5.208086608747218,5.208086608747218,5.208086608747218,5.208086608747218,5.208086608747218,5.208086608747218,5.208086608747218,5.208086608747218,5.208086608747218,5.208086608747218,5.208086608747218,5.208086608747218,5.208086608747218,5.208086608747218,5.208086608747218,5.208086608747218,5.208086608747218,5.208086608747218,5.208086608747218,5.208086608747218,5.208086608747218,5.208086608747218,5.208086608747218,5.208086608747218,5.208086608747218,5.208086608747218,5.208086608747218,5.208086608747218,5.208086608747218,5.208086608747218,5.208086608747218,5.208086608747218,5.208086608747218,5.208086608747218,5.208086608747218,5.208086608747218,5.208086608747218,5.208086608747218,5.208086608747218,5.208086608747218,5.208086608747218,5.208086608747218,5.208086608747218,5.208086608747218,5.208086608747218,5.208086608747218,5.208086608747218,5.208086608747218,5.208086608747218,5.208086608747218,5.208086608747218,5.208086608747218,5.208086608747218,5.208086608747218,5.208086608747218,5.208086608747218,5.208086608747218,5.208086608747218,5.208086608747218,5.208086608747218,5.208086608747218,5.208086608747218,5.208086608747218,5.208086608747218,5.208086608747218,5.208086608747218,5.208086608747218,5.208086608747218,5.208086608747218,5.208086608747218,5.208086608747218,5.208086608747218,5.208086608747218,5.208086608747218,5.208086608747218,5.208086608747218,5.208086608747218,5.208086608747218,5.208086608747218,5.208086608747218,5.208086608747218,5.208086608747218,5.208086608747218,5.208086608747218,5.208086608747218,5.208086608747218,5.208086608747218,5.208086608747218,5.208086608747218,5.208086608747218,5.208086608747218,5.208086608747218,5.208086608747218,5.208086608747218,5.208086608747218,5.208086608747218,5.208086608747218,5.208086608747218,5.208086608747218,5.208086608747218,5.208086608747218,5.208086608747218,5.208086608747218,5.208086608747218,5.208086608747218,5.208086608747218,5.208086608747218,5.208086608747218,5.208086608747218,5.208086608747218,5.208086608747218,5.208086608747218,5.208086608747218,5.208086608747218,5.208086608747218,5.208086608747218,5.208086608747218,5.208086608747218,5.208086608747218,5.208086608747218,5.208086608747218,5.208086608747218,5.208086608747218,5.208086608747218,5.208086608747218,5.208086608747218,5.208086608747218,5.208086608747218,5.208086608747218,5.208086608747218,5.208086608747218,5.208086608747218,5.208086608747218,5.208086608747218,5.208086608747218,5.208086608747218,5.208086608747218,5.199115630738646,5.199115630738646,5.199115630738646,5.199115630738646,5.199115630738646,5.199115630738646,5.199115630738646,5.199115630738646,5.199115630738646,5.199115630738646,5.199115630738646,5.199115630738646,5.199115630738646,5.199115630738646,5.199115630738646,5.199115630738646,5.199115630738646,5.199115630738646,5.199115630738646,5.199115630738646,5.199115630738646,5.199115630738646,5.199115630738646,5.199115630738646,5.199115630738646,5.199115630738646,5.199115630738646,5.199115630738646,5.199115630738646,5.199115630738646,5.199115630738646,5.199115630738646,5.155756062502329,5.155756062502329,5.155756062502329,5.155756062502329,5.155756062502329,5.155756062502329,5.155756062502329,5.155756062502329,5.155756062502329,5.155756062502329,5.155756062502329,5.155756062502329,5.155756062502329,5.155756062502329,5.155756062502329,5.155756062502329,5.155756062502329,5.155756062502329,5.155756062502329,5.155756062502329,5.155756062502329,5.155756062502329,5.155756062502329,5.155756062502329,5.155756062502329,5.155756062502329,5.155756062502329,5.155756062502329,5.155756062502329,5.155756062502329,5.155756062502329,5.155756062502329,5.155756062502329,5.155756062502329,5.155756062502329,5.155756062502329,5.155756062502329,5.155756062502329,5.155756062502329,5.155756062502329,5.155756062502329,5.155756062502329,5.155756062502329,5.155756062502329,5.155756062502329,5.155756062502329,5.155756062502329,5.155756062502329,5.155756062502329,5.155756062502329,5.155756062502329,5.155756062502329,5.155756062502329,5.155756062502329,5.155756062502329,5.155756062502329,5.155756062502329,5.155756062502329,5.155756062502329,5.155756062502329,5.155756062502329,5.155756062502329,5.155756062502329,5.155756062502329,5.155756062502329,5.155756062502329,5.155756062502329,5.155756062502329,5.155756062502329,5.155756062502329,5.155756062502329,5.155756062502329,5.155756062502329,5.155756062502329,5.155756062502329,5.155756062502329,5.155756062502329,5.155756062502329,5.155756062502329,5.155756062502329,5.155756062502329,5.155756062502329,5.155756062502329,5.155756062502329,5.155756062502329,5.155756062502329,5.155756062502329,5.155756062502329,5.155756062502329,5.155756062502329,5.155756062502329,5.155756062502329,5.155756062502329,5.155756062502329,5.155756062502329,5.155756062502329,5.155756062502329,5.155756062502329,5.155756062502329,5.155756062502329,5.155756062502329,5.155756062502329,5.155756062502329,5.155756062502329,5.155756062502329,5.155756062502329,5.155756062502329,5.155756062502329,5.155756062502329,5.155756062502329,5.155756062502329,5.155756062502329,5.155756062502329,5.155756062502329,5.155756062502329,5.155756062502329,5.155756062502329,5.155756062502329,5.155756062502329,5.155756062502329,5.155756062502329,5.155756062502329,5.155756062502329,5.155756062502329,5.155756062502329,5.155756062502329,5.155756062502329,5.155756062502329,5.155756062502329,5.155756062502329,5.123790725691035,5.123790725691035,5.123790725691035,5.123790725691035,5.123790725691035,5.123790725691035,5.123790725691035,5.123790725691035,5.123790725691035,5.123790725691035,5.123790725691035,5.123790725691035,5.123790725691035,5.123790725691035,5.123790725691035,5.123790725691035,5.123790725691035,5.123790725691035,5.123790725691035,5.123790725691035,5.123790725691035,5.123790725691035,5.123790725691035,5.123790725691035,5.123790725691035,5.123790725691035,5.123790725691035,5.123790725691035,5.123790725691035,5.123790725691035,5.123790725691035,5.123790725691035,5.123790725691035,5.123790725691035,5.123790725691035,5.123790725691035,5.123790725691035,5.123790725691035,5.123790725691035,5.123790725691035,5.123790725691035,5.123790725691035,5.123790725691035,5.123790725691035,5.123790725691035,5.123790725691035,5.123790725691035,5.123790725691035,5.123790725691035,5.123790725691035,5.123790725691035,5.123790725691035,5.123790725691035,5.123790725691035,5.123790725691035,5.123790725691035,5.123790725691035,5.123790725691035,5.123790725691035,5.123790725691035,5.123790725691035,5.123790725691035,5.123790725691035,5.123790725691035,5.123790725691035,5.123790725691035,5.123790725691035,5.123790725691035,5.123790725691035,5.123790725691035,5.123790725691035,5.123790725691035,5.123790725691035,5.123790725691035,5.123790725691035,5.123790725691035,5.123790725691035,5.123790725691035,5.123790725691035,5.123790725691035,5.123790725691035,5.123790725691035,5.123790725691035,5.123790725691035,5.123790725691035,5.123790725691035,5.123790725691035,5.123790725691035,5.123790725691035,5.123790725691035,5.123790725691035,5.123790725691035,5.123790725691035,5.123790725691035,5.123790725691035,5.123790725691035,5.123790725691035,5.123790725691035,5.123790725691035,5.123790725691035,5.123790725691035,5.123790725691035,5.123790725691035,5.123790725691035,5.123790725691035,5.123790725691035,5.123790725691035,5.123790725691035,5.123790725691035,5.123790725691035,5.123790725691035,5.123790725691035,5.123790725691035,5.123790725691035,5.123790725691035,5.123790725691035,5.123790725691035,5.123790725691035,5.123790725691035,5.123790725691035,9.446780844819031,9.446780844819031,8.778433969187342,8.415875212499888,8.415875212499888,8.415875212499888,7.870240453409304,6.974961055668844,6.974961055668844,6.974961055668844,6.974961055668844,6.974961055668844,6.974961055668844,6.974961055668844,6.974961055668844,6.974961055668844,6.974961055668844,6.974961055668844,6.974961055668844,6.974961055668844,6.974961055668844,6.974961055668844,6.974961055668844,6.974961055668844,6.974961055668844,6.974961055668844,6.974961055668844,6.974961055668844,6.974961055668844,6.974961055668844,6.742203638606124,6.742203638606124,6.523802967007533,6.523802967007533,6.523802967007533,6.523802967007533,6.523802967007533,6.523802967007533,6.523802967007533,6.523802967007533,6.523802967007533,6.523802967007533,6.523802967007533,6.523802967007533,6.523802967007533,6.523802967007533,6.523802967007533,6.523802967007533,6.523802967007533,6.523802967007533,6.523802967007533,6.523802967007533,6.523802967007533,6.523802967007533,6.523802967007533,6.523802967007533,6.523802967007533,6.523802967007533,6.523802967007533,6.523802967007533,6.523802967007533,6.523802967007533,6.523802967007533,6.523802967007533,6.523802967007533,6.523802967007533,6.523802967007533,6.523802967007533,6.523802967007533,6.523802967007533,6.523802967007533,6.523802967007533,6.523802967007533,6.523802967007533,6.523802967007533,6.523802967007533,6.523802967007533,6.523802967007533,6.523802967007533,6.523802967007533,6.523802967007533,6.523802967007533,6.523802967007533,6.523802967007533,6.523802967007533,6.523802967007533,6.523802967007533,6.523802967007533,6.523802967007533,6.523802967007533,6.523802967007533,6.523802967007533,6.523802967007533,6.523802967007533,6.523802967007533,6.523802967007533,6.523802967007533,6.523802967007533,6.523802967007533,6.523802967007533,6.523802967007533,6.523802967007533,6.523802967007533,6.523802967007533,6.523802967007533,6.523802967007533,6.523802967007533,6.523802967007533,6.523802967007533,6.523802967007533,6.523802967007533,6.523802967007533,6.523802967007533,6.523802967007533,6.523802967007533,6.523802967007533,6.523802967007533,6.519505700840032,6.519505700840032,6.519505700840032,6.519505700840032,6.519505700840032,6.519505700840032,6.519505700840032,6.519505700840032,6.519505700840032,6.519505700840032,6.519505700840032,6.519505700840032,6.519505700840032,6.519505700840032,6.519505700840032,6.519505700840032,6.519505700840032,6.519505700840032,6.519505700840032,6.519505700840032,6.519505700840032,6.519505700840032,6.519505700840032,6.519505700840032,6.519505700840032,6.519505700840032,6.519505700840032,6.519505700840032,6.519505700840032,6.519505700840032,6.519505700840032,6.519505700840032,6.519505700840032,6.519505700840032,6.519505700840032,6.519505700840032,6.519505700840032,6.519505700840032,6.519505700840032,6.519505700840032,6.519505700840032,6.519505700840032,6.519505700840032,6.519505700840032,6.519505700840032,6.519505700840032,6.519505700840032,6.519505700840032,6.519505700840032,6.519505700840032,6.519505700840032,6.519505700840032,6.519505700840032,6.519505700840032,6.519505700840032,6.519505700840032,6.519505700840032,6.519505700840032,6.519505700840032,6.519505700840032,6.519505700840032,6.519505700840032,6.519505700840032,6.519505700840032,6.519505700840032,6.519505700840032,6.519505700840032,6.519505700840032,6.519505700840032,6.519505700840032,6.519505700840032,6.519505700840032,6.519505700840032,6.519505700840032,6.519505700840032,6.519505700840032,6.519505700840032,6.519505700840032,6.519505700840032,6.519505700840032,6.519505700840032,6.519505700840032,6.519505700840032,6.519505700840032,6.519505700840032,6.519505700840032,6.519505700840032,6.519505700840032,6.519505700840032,6.519505700840032,6.519505700840032,6.519505700840032,6.519505700840032,6.519505700840032,6.519505700840032,6.519505700840032,6.519505700840032,6.519505700840032,6.519505700840032,6.519505700840032,6.519505700840032,6.519505700840032,6.519505700840032,6.519505700840032,6.519505700840032,6.519505700840032,6.519505700840032,6.519505700840032,6.519505700840032,6.519505700840032,6.519505700840032,6.519505700840032,6.519505700840032,6.519505700840032,6.519505700840032,6.519505700840032,6.519505700840032,6.519505700840032,6.519505700840032,6.519505700840032,6.519505700840032,6.519505700840032,6.519505700840032,6.519505700840032,6.519505700840032,6.519505700840032,6.519505700840032,6.519505700840032,6.519505700840032,6.519505700840032,6.519505700840032,6.519505700840032,6.519505700840032,6.519505700840032,6.519505700840032,6.519505700840032,6.519505700840032,6.519505700840032,6.519505700840032,6.519505700840032,6.519505700840032,6.519505700840032,6.519505700840032,6.519505700840032,6.519505700840032,6.519505700840032,6.519505700840032,6.519505700840032,6.519505700840032,6.519505700840032,6.519505700840032,6.519505700840032,6.519505700840032,6.519505700840032,6.519505700840032,6.519505700840032,6.519505700840032,6.476980736823443,6.476980736823443,6.476980736823443,6.476980736823443,6.476980736823443,6.476980736823443,6.476980736823443,6.476980736823443,6.476980736823443,6.476980736823443,6.476980736823443,6.476980736823443,6.476980736823443,6.476980736823443,6.476980736823443,6.476980736823443,6.476980736823443,6.476980736823443,6.476980736823443,6.476980736823443,6.476980736823443,6.476980736823443,6.383840063492504,6.2854713813716465,6.104894341907925,6.104894341907925,6.104894341907925,6.104894341907925,6.104894341907925,6.104894341907925,6.104894341907925,6.104894341907925,5.8962453422153365,5.8962453422153365,5.8962453422153365,5.8962453422153365,5.8962453422153365,5.8962453422153365,5.8962453422153365,5.8962453422153365,5.8962453422153365,5.8962453422153365,5.8962453422153365,5.8962453422153365,5.8962453422153365,5.8962453422153365,5.8962453422153365,5.8962453422153365,5.8962453422153365,5.8962453422153365,5.8962453422153365,5.8962453422153365,5.8962453422153365,5.8962453422153365,5.8962453422153365,5.8962453422153365,5.8962453422153365,5.8962453422153365,5.8962453422153365,5.8962453422153365,5.8962453422153365,5.8962453422153365,5.8962453422153365,5.8962453422153365,5.8962453422153365,5.8962453422153365,5.8962453422153365,5.8962453422153365,5.8962453422153365,5.8962453422153365,5.8962453422153365,5.8962453422153365,5.8962453422153365,5.8962453422153365,5.8962453422153365,5.8962453422153365,5.8962453422153365,5.8962453422153365,5.8962453422153365,5.8962453422153365,5.8962453422153365,5.8962453422153365,5.8962453422153365,5.8962453422153365,5.8962453422153365,5.8962453422153365,5.8962453422153365,5.8962453422153365,5.8962453422153365,5.8962453422153365,5.8962453422153365,5.8962453422153365,5.8962453422153365,5.8962453422153365,5.8962453422153365,5.8962453422153365,5.8962453422153365,5.8962453422153365,5.8962453422153365,5.8962453422153365,5.8962453422153365,5.8962453422153365,5.8962453422153365,5.8962453422153365,5.8962453422153365,5.8962453422153365,5.8962453422153365,5.8962453422153365,5.8962453422153365,5.8962453422153365,5.8962453422153365,5.8962453422153365,5.8962453422153365,5.8962453422153365,5.8962453422153365,5.8962453422153365,5.8962453422153365,5.8962453422153365,5.8962453422153365,5.8962453422153365,5.8962453422153365,5.8962453422153365,5.8962453422153365,5.8962453422153365,5.8962453422153365,5.8962453422153365,5.8962453422153365,5.8962453422153365,5.8962453422153365,5.8962453422153365,5.8962453422153365,5.8962453422153365,5.8962453422153365,5.8962453422153365,5.8962453422153365,5.8962453422153365,5.8962453422153365,5.8962453422153365,5.8962453422153365,5.8962453422153365,5.8962453422153365,5.8962453422153365,5.8962453422153365,5.8962453422153365,5.8962453422153365,5.8962453422153365,5.8962453422153365,5.8962453422153365,5.8962453422153365,5.8962453422153365,5.8962453422153365,5.8962453422153365,5.8962453422153365,5.8962453422153365,5.8962453422153365,5.8962453422153365,5.8962453422153365,5.8962453422153365,5.8962453422153365,5.8962453422153365,5.8962453422153365,5.8962453422153365,5.8962453422153365,5.8962453422153365,5.8962453422153365,5.8962453422153365,5.8962453422153365,5.8962453422153365,5.8962453422153365,5.8962453422153365,5.8962453422153365,5.8962453422153365,5.8962453422153365,5.8962453422153365,5.8962453422153365,5.8962453422153365,5.8962453422153365,5.8962453422153365,5.8962453422153365,5.8962453422153365,5.8962453422153365,5.8962453422153365,5.8962453422153365,5.8962453422153365,5.8962453422153365,5.8962453422153365,5.8962453422153365,5.8962453422153365,5.8962453422153365,5.8962453422153365,5.8962453422153365,5.8962453422153365,5.8962453422153365,5.8962453422153365,5.8962453422153365,5.8962453422153365,5.8962453422153365,5.8962453422153365,5.8962453422153365,5.8962453422153365,5.8962453422153365,5.8962453422153365,5.8962453422153365,5.8962453422153365,5.8962453422153365,5.8962453422153365,5.8962453422153365,5.8962453422153365,5.8962453422153365,5.8962453422153365,5.8962453422153365,5.8962453422153365,5.8962453422153365,5.8962453422153365,5.8962453422153365,5.8962453422153365,5.8962453422153365,5.8962453422153365,5.791752821692877,5.791752821692877,5.7614773962802435,5.5379184265037225,5.391179995311462,5.391179995311462,5.391179995311462,5.391179995311462,5.391179995311462,5.391179995311462,5.391179995311462,5.391179995311462,5.391179995311462,5.391179995311462,5.391179995311462,5.391179995311462,5.391179995311462,5.391179995311462,5.391179995311462,5.391179995311462,5.391179995311462,5.391179995311462,5.391179995311462,5.391179995311462,5.391179995311462,5.391179995311462,5.391179995311462,5.391179995311462,5.391179995311462,5.391179995311462,5.061161052453301,5.054253373114803,5.054253373114803,5.054253373114803,5.054253373114803,5.054253373114803,5.054253373114803,5.054253373114803,5.054253373114803,5.054253373114803,5.054253373114803,5.054253373114803,5.054253373114803,5.054253373114803,5.054253373114803,5.054253373114803,5.054253373114803,5.054253373114803,5.054253373114803,5.054253373114803,5.054253373114803,5.054253373114803,5.054253373114803,5.054253373114803,5.054253373114803,5.054253373114803,5.054253373114803,5.054253373114803,5.054253373114803,5.054253373114803,5.054253373114803,5.054253373114803,5.054253373114803,5.054253373114803,5.054253373114803,5.054253373114803,5.054253373114803,5.054253373114803,5.054253373114803,5.054253373114803,5.054253373114803,5.054253373114803,5.054253373114803,5.054253373114803,5.054253373114803,5.054253373114803,5.054253373114803,5.054253373114803,5.054253373114803,5.054253373114803,5.054253373114803,5.054253373114803,5.032381684334452,5.032381684334452,5.032381684334452,5.032381684334452,5.032381684334452,5.032381684334452,5.032381684334452,5.032381684334452,5.032381684334452,5.032381684334452,5.032381684334452,5.032381684334452,5.032381684334452,5.032381684334452,5.032381684334452,5.032381684334452,5.032381684334452,5.032381684334452,5.032381684334452,5.032381684334452,5.032381684334452,5.032381684334452,5.032381684334452,5.032381684334452,5.032381684334452,5.032381684334452,5.032381684334452,5.032381684334452,5.032381684334452,5.032381684334452,5.032381684334452,5.032381684334452,5.032381684334452,5.032381684334452,5.032381684334452,5.032381684334452,5.032381684334452,5.032381684334452,5.032381684334452,5.032381684334452,5.032381684334452,5.032381684334452,5.032381684334452,5.032381684334452,5.032381684334452,5.032381684334452,5.032381684334452,5.032381684334452,5.032381684334452,5.032381684334452,5.032381684334452,5.032381684334452,5.032381684334452,5.032381684334452,5.032381684334452,5.032381684334452,5.032381684334452,5.032381684334452,5.032381684334452,5.032381684334452,5.032381684334452,5.032381684334452,5.032381684334452,5.032381684334452,5.032381684334452,5.032381684334452,5.032381684334452,5.032381684334452,5.032381684334452,5.032381684334452,5.032381684334452,5.032381684334452,5.032381684334452,5.032381684334452,5.032381684334452,5.032381684334452,5.032381684334452,5.032381684334452,5.032381684334452,5.032381684334452,5.032381684334452,5.032381684334452,5.032381684334452,5.032381684334452,5.032381684334452,5.032381684334452,5.032381684334452,5.032381684334452,5.032381684334452,5.032381684334452,5.032381684334452,5.032381684334452,5.032381684334452,5.032381684334452,5.032381684334452,5.032381684334452,5.032381684334452,5.032381684334452,5.032381684334452,5.032381684334452,5.032381684334452,5.032381684334452,5.032381684334452,5.032381684334452,5.032381684334452,5.032381684334452,5.032381684334452,5.032381684334452,5.032381684334452,5.032381684334452,5.032381684334452,5.032381684334452,5.032381684334452,5.032381684334452,5.032381684334452,5.032381684334452,5.032381684334452,5.032381684334452,5.032381684334452,5.032381684334452,5.032381684334452,5.032381684334452,5.032381684334452,5.032381684334452,5.032381684334452,5.032381684334452,5.032381684334452,5.032381684334452,5.032381684334452,5.032381684334452,5.032381684334452,4.7324769179018356,4.7324769179018356,4.7324769179018356,4.7324769179018356,4.7324769179018356,4.7324769179018356,4.7324769179018356,4.7324769179018356,4.7324769179018356,4.7324769179018356,4.7324769179018356,4.7324769179018356,4.7324769179018356,4.7324769179018356,4.7324769179018356,4.7324769179018356,4.7324769179018356,4.7324769179018356,4.7324769179018356,4.7324769179018356,4.7324769179018356,4.7324769179018356,4.7324769179018356,4.7324769179018356,4.7324769179018356,4.7324769179018356,4.7324769179018356,4.7324769179018356,4.7324769179018356,4.7324769179018356,4.7324769179018356,4.7324769179018356,4.7324769179018356,4.7324769179018356,4.7324769179018356,4.7324769179018356,4.7324769179018356,4.7324769179018356,4.7324769179018356,4.7324769179018356,4.7324769179018356,4.7324769179018356,4.7324769179018356,4.7324769179018356,4.7324769179018356,4.7324769179018356,4.7324769179018356,4.7324769179018356,4.7324769179018356,4.7324769179018356,4.7324769179018356,4.7324769179018356,4.7324769179018356,4.7324769179018356,4.7324769179018356,4.7324769179018356,4.7324769179018356,4.7324769179018356,4.7324769179018356,4.7324769179018356,4.7324769179018356,4.7324769179018356,4.7324769179018356,4.7324769179018356,4.7324769179018356,4.7324769179018356,4.7324769179018356,4.7324769179018356,4.7324769179018356,4.7324769179018356,4.7324769179018356,4.7324769179018356,4.7324769179018356,4.7324769179018356,4.7324769179018356,4.7324769179018356,4.7324769179018356,4.7324769179018356,4.7324769179018356,4.7324769179018356,4.7324769179018356,4.7324769179018356,4.7324769179018356,4.7324769179018356,4.7324769179018356,4.7324769179018356,4.7324769179018356,4.7324769179018356,4.7324769179018356,4.7324769179018356,4.7324769179018356,4.7324769179018356,4.7324769179018356,4.7324769179018356,4.7324769179018356,4.7324769179018356,4.7324769179018356,4.7324769179018356,4.7324769179018356,4.7324769179018356,4.7324769179018356,4.7324769179018356,4.7324769179018356,4.7324769179018356,4.7324769179018356,4.7324769179018356,4.7324769179018356,4.7324769179018356,4.7324769179018356,4.7324769179018356,4.7324769179018356,4.7324769179018356,4.7324769179018356,4.7324769179018356,4.7324769179018356,4.7324769179018356,4.7324769179018356,4.7324769179018356,4.7324769179018356,4.7324769179018356,4.7324769179018356,4.7324769179018356,4.7324769179018356,4.7324769179018356,4.7324769179018356,4.7324769179018356,4.7324769179018356,4.7324769179018356,4.7324769179018356,4.7324769179018356,4.7324769179018356,4.7324769179018356,4.7324769179018356,4.7324769179018356,4.7324769179018356,4.7324769179018356,4.7324769179018356,4.7324769179018356,4.7324769179018356,4.7324769179018356,4.7324769179018356,4.7324769179018356,4.7324769179018356,4.7324769179018356,4.7324769179018356,4.7324769179018356,4.7324769179018356,4.7324769179018356,4.7324769179018356,4.7324769179018356,4.7324769179018356,4.7324769179018356,4.7324769179018356,4.7324769179018356,4.7324769179018356,4.7324769179018356,4.7324769179018356,4.7324769179018356,4.7324769179018356,4.7324769179018356,4.7324769179018356,4.7324769179018356,4.7324769179018356,4.7324769179018356,4.7324769179018356,4.7324769179018356,4.7324769179018356,4.7324769179018356,4.7324769179018356,4.7324769179018356,4.7324769179018356,4.7324769179018356,4.7324769179018356,4.7324769179018356,4.7324769179018356,4.7324769179018356,4.7324769179018356,4.7324769179018356,4.7324769179018356,4.7324769179018356,4.7324769179018356,4.7324769179018356,4.7324769179018356,4.7324769179018356,4.7324769179018356,4.7324769179018356,4.7324769179018356,4.7324769179018356,4.7324769179018356,4.7324769179018356,4.7324769179018356,4.7324769179018356,4.7324769179018356,4.7324769179018356,4.7324769179018356,4.7324769179018356,4.7324769179018356,4.7324769179018356,4.7324769179018356,4.7324769179018356,4.7324769179018356,4.7324769179018356,4.7324769179018356,4.7324769179018356,4.7324769179018356,4.7324769179018356,4.7324769179018356,4.7324769179018356,4.7324769179018356,4.7324769179018356,4.7324769179018356,4.7324769179018356,4.7324769179018356,4.7324769179018356,4.7324769179018356,4.7324769179018356,4.7324769179018356,4.7324769179018356,4.7324769179018356,4.7324769179018356,4.7324769179018356,4.7324769179018356,4.7324769179018356,4.7324769179018356,4.7324769179018356,4.7324769179018356,4.7324769179018356,4.7324769179018356,4.7324769179018356,4.7324769179018356,4.7324769179018356,4.7324769179018356,4.7324769179018356,4.7324769179018356,4.7324769179018356,4.7324769179018356,4.7324769179018356,4.7324769179018356,4.7324769179018356,4.7324769179018356,4.7324769179018356,4.7324769179018356,4.7324769179018356,4.7324769179018356,4.7324769179018356,4.7324769179018356,4.7324769179018356,4.7324769179018356,4.7324769179018356,4.7324769179018356,4.7324769179018356,4.7324769179018356,4.7324769179018356,4.7324769179018356,4.7324769179018356,4.7324769179018356,4.7324769179018356,4.7324769179018356,4.7324769179018356,4.7324769179018356,4.7324769179018356,4.7324769179018356,4.7324769179018356,4.7324769179018356,4.7324769179018356,4.7324769179018356,4.7324769179018356,4.7324769179018356,4.7324769179018356,4.7324769179018356,4.7324769179018356,4.7324769179018356,4.7324769179018356,4.7324769179018356,4.7324769179018356,4.7324769179018356,4.7324769179018356,4.7324769179018356,4.7324769179018356,4.7324769179018356,4.7324769179018356,4.7324769179018356,4.7324769179018356,4.7324769179018356,4.7324769179018356,4.7324769179018356,4.7324769179018356,4.7324769179018356,4.7324769179018356,4.7324769179018356,4.7324769179018356,4.7324769179018356,4.7324769179018356,4.7324769179018356,4.7324769179018356,9.017880811719412,7.312892816178496,7.312892816178496,7.312892816178496,7.312892816178496,7.312892816178496,7.312892816178496,7.312892816178496,7.312892816178496,6.6668136775016,6.6668136775016,6.0112893949540185,6.0112893949540185,6.0112893949540185,6.0112893949540185,6.0112893949540185,6.0112893949540185,6.0112893949540185,6.0112893949540185,6.0112893949540185,6.0112893949540185,6.0112893949540185,6.0112893949540185,6.0112893949540185,6.0112893949540185,6.0112893949540185,6.0112893949540185,6.0112893949540185,6.0112893949540185,6.0112893949540185,6.0112893949540185,6.0112893949540185,6.0112893949540185,6.0112893949540185,6.0112893949540185,6.0112893949540185,6.0112893949540185,6.0112893949540185,6.0112893949540185,6.0112893949540185,6.0112893949540185,6.0112893949540185,6.0112893949540185,6.0112893949540185,6.0112893949540185,6.0112893949540185,6.0112893949540185,6.0112893949540185,6.0112893949540185,6.0112893949540185,6.0112893949540185,6.0112893949540185,6.0112893949540185,6.0112893949540185,6.0112893949540185,6.0112893949540185,6.0112893949540185,6.0112893949540185,6.0112893949540185,6.0112893949540185,6.0112893949540185,6.0112893949540185,6.0112893949540185,6.0112893949540185,6.0112893949540185,6.0112893949540185,6.0112893949540185,6.0112893949540185,6.0112893949540185,6.0112893949540185,6.0112893949540185,6.0112893949540185,6.0112893949540185,6.0112893949540185,6.0112893949540185,6.0112893949540185,6.0112893949540185,6.0112893949540185,6.0112893949540185,6.0112893949540185,6.0112893949540185,6.0112893949540185,6.0112893949540185,6.0112893949540185,6.0112893949540185,6.0112893949540185,6.0112893949540185,6.0112893949540185,6.0112893949540185,6.0112893949540185,6.0112893949540185,6.0112893949540185,6.0112893949540185,6.0112893949540185,6.0112893949540185,6.0112893949540185,6.0112893949540185,6.0112893949540185,6.0112893949540185,6.0112893949540185,6.0112893949540185,6.0112893949540185,6.0112893949540185,6.0112893949540185,6.0112893949540185,6.0112893949540185,6.0112893949540185,6.0112893949540185,6.0112893949540185,6.0112893949540185,6.0112893949540185,6.0112893949540185,6.0112893949540185,6.0112893949540185,6.0112893949540185,6.0112893949540185,6.0112893949540185,6.0112893949540185,6.0112893949540185,6.0112893949540185,6.0112893949540185,6.0112893949540185,6.0112893949540185,6.0112893949540185,6.0112893949540185,6.0112893949540185,6.0112893949540185,6.0112893949540185,6.0112893949540185,6.0112893949540185,6.0112893949540185,6.0112893949540185,6.0112893949540185,6.0112893949540185,6.0112893949540185,6.0112893949540185,6.0112893949540185,6.0112893949540185,6.0112893949540185,6.0112893949540185,6.0112893949540185,6.0112893949540185,6.0112893949540185,6.0112893949540185,6.0112893949540185,6.0112893949540185,6.0112893949540185,6.0112893949540185,6.0112893949540185,6.0112893949540185,6.0112893949540185,6.0112893949540185,6.0112893949540185,6.0112893949540185,6.0112893949540185,6.0112893949540185,6.0112893949540185,6.0112893949540185,6.0112893949540185,6.0112893949540185,6.0112893949540185,6.0112893949540185,6.0112893949540185,6.0112893949540185,6.0112893949540185,6.0112893949540185,6.0112893949540185,6.0112893949540185,6.0112893949540185,6.0112893949540185,6.0112893949540185,6.0112893949540185,6.0112893949540185,6.0112893949540185,6.0112893949540185,6.0112893949540185,6.0112893949540185,6.0112893949540185,6.0112893949540185,6.0112893949540185,6.0112893949540185,6.0112893949540185,5.737711824358901,5.737711824358901,5.737711824358901,5.737711824358901,5.737711824358901,5.737711824358901,5.737711824358901,5.737711824358901,5.737711824358901,5.737711824358901,5.737711824358901,5.737711824358901,5.737711824358901,5.737711824358901,5.737711824358901,5.737711824358901,5.737711824358901,5.737711824358901,5.737711824358901,5.737711824358901,5.737711824358901,5.737711824358901,5.737711824358901,5.737711824358901,5.737711824358901,5.737711824358901,5.737711824358901,5.737711824358901,5.737711824358901,5.737711824358901,5.737711824358901,5.737711824358901,5.737711824358901,5.737711824358901,5.737711824358901,5.737711824358901,5.737711824358901,5.737711824358901,5.737711824358901,5.737711824358901,5.737711824358901,5.737711824358901,5.737711824358901,5.737711824358901,5.728553186382562,5.728553186382562,5.728553186382562,5.728553186382562,5.728553186382562,5.728553186382562,5.728553186382562,5.728553186382562,5.728553186382562,5.728553186382562,5.728553186382562,5.728553186382562,5.728553186382562,5.728553186382562,5.728553186382562,5.728553186382562,5.728553186382562,5.728553186382562,5.728553186382562,5.728553186382562,5.728553186382562,5.728553186382562,5.728553186382562,5.728553186382562,5.728553186382562,5.728553186382562,5.728553186382562,5.728553186382562,5.728553186382562,5.728553186382562,5.728553186382562,5.728553186382562,5.728553186382562,5.728553186382562,5.728553186382562,5.728553186382562,5.728553186382562,5.728553186382562,5.728553186382562,5.728553186382562,5.728553186382562,5.728553186382562,5.728553186382562,5.728553186382562,5.728553186382562,5.728553186382562,5.728553186382562,5.728553186382562,5.728553186382562,5.728553186382562,5.728553186382562,5.728553186382562,5.728553186382562,5.728553186382562,5.728553186382562,5.728553186382562,5.728553186382562,5.728553186382562,5.728553186382562,5.728553186382562,5.728553186382562,5.728553186382562,5.728553186382562,5.728553186382562,5.728553186382562,5.728553186382562,5.728553186382562,5.728553186382562,5.728553186382562,5.728553186382562,5.728553186382562,5.728553186382562,5.728553186382562,5.728553186382562,5.728553186382562,5.728553186382562,5.728553186382562,5.728553186382562,5.728553186382562,5.728553186382562,5.728553186382562,5.728553186382562,5.728553186382562,5.728553186382562,5.728553186382562,5.728553186382562,5.728553186382562,5.728553186382562,5.728553186382562,5.728553186382562,5.728553186382562,5.728553186382562,5.728553186382562,5.728553186382562,5.728553186382562,5.728553186382562,5.728553186382562,5.728553186382562,5.728553186382562,5.728553186382562,5.728553186382562,5.728553186382562,5.728553186382562,5.728553186382562,5.728553186382562,5.728553186382562,5.728553186382562,5.728553186382562,5.728553186382562,5.728553186382562,5.728553186382562,5.728553186382562,5.728553186382562,5.728553186382562,5.728553186382562,5.728553186382562,5.728553186382562,5.728553186382562,5.728553186382562,5.728553186382562,5.728553186382562,5.728553186382562,5.728553186382562,5.728553186382562,5.728553186382562,5.728553186382562,5.728553186382562,5.728553186382562,5.728553186382562,5.728553186382562,5.728553186382562,5.728553186382562,5.728553186382562,5.728553186382562,5.728553186382562,5.728553186382562,5.728553186382562,5.728553186382562,5.728553186382562,5.728553186382562,5.728553186382562,5.728553186382562,5.728553186382562,5.728553186382562,5.728553186382562,5.728553186382562,5.728553186382562,5.728553186382562,5.728553186382562,5.728553186382562,5.728553186382562,5.728553186382562,5.728553186382562,5.728553186382562,5.728553186382562,5.728553186382562,5.728553186382562,5.728553186382562,5.728553186382562,5.728553186382562,5.728553186382562,5.728553186382562,5.728553186382562,5.728553186382562,5.728553186382562,5.728553186382562,5.728553186382562,5.728553186382562,5.728553186382562,5.728553186382562,5.728553186382562,5.728553186382562,5.728553186382562,5.728553186382562,5.728553186382562,5.728553186382562,5.728553186382562,5.728553186382562,5.728553186382562,5.728553186382562,5.728553186382562,5.728553186382562,5.728553186382562,5.728553186382562,5.728553186382562,5.728553186382562,5.728553186382562,5.728553186382562,5.728553186382562,5.728553186382562,5.728553186382562,5.728553186382562,5.728553186382562,5.728553186382562,5.728553186382562,5.728553186382562,5.728553186382562,5.728553186382562,5.728553186382562,5.728553186382562,5.728553186382562,5.725263871803684,5.701121342356004,5.701121342356004,5.701121342356004,5.341131388321535,5.233504070153135,5.233504070153135,5.233504070153135,5.233504070153135,5.233504070153135,5.233504070153135,5.233504070153135,5.233504070153135,5.233504070153135,5.233504070153135,5.233504070153135,5.233504070153135,4.973116594303395,4.973116594303395,4.973116594303395,4.973116594303395,4.973116594303395,4.973116594303395,4.973116594303395,4.973116594303395,4.973116594303395,4.906664543551109,4.862280687881356,4.862280687881356,4.8436459999819474,4.8436459999819474,4.8436459999819474,4.8436459999819474,4.8436459999819474,4.8436459999819474,4.8436459999819474,4.8436459999819474,4.8436459999819474,4.8436459999819474,4.8436459999819474,4.8183954333453025,4.8183954333453025,4.8183954333453025,4.8183954333453025,4.8183954333453025,4.8183954333453025,4.8183954333453025,4.8183954333453025,4.8183954333453025,4.8183954333453025,4.8183954333453025,4.8183954333453025,4.8183954333453025,4.8183954333453025,4.8183954333453025,4.8183954333453025,4.8183954333453025,4.8183954333453025,4.8183954333453025,4.8183954333453025,4.8183954333453025,4.8183954333453025,4.8183954333453025,4.8183954333453025,4.8183954333453025,4.8183954333453025,4.8183954333453025,4.8183954333453025,4.8183954333453025,4.8183954333453025,4.8183954333453025,4.8183954333453025,4.8183954333453025,4.8183954333453025,4.8183954333453025,4.8183954333453025,4.8183954333453025,4.8183954333453025,4.8183954333453025,4.8183954333453025,4.8183954333453025,4.8183954333453025,4.8183954333453025,4.8183954333453025,4.8183954333453025,4.8183954333453025,4.8183954333453025,4.8183954333453025,4.8183954333453025,4.8183954333453025,4.8183954333453025,4.8183954333453025,4.8183954333453025,4.8183954333453025,4.8183954333453025,4.8183954333453025,4.8183954333453025,4.8183954333453025,4.8183954333453025,4.8183954333453025,4.8183954333453025,4.8183954333453025,4.8183954333453025,4.8183954333453025,4.8183954333453025,4.8183954333453025,4.8183954333453025,4.8183954333453025,4.8183954333453025,4.8183954333453025,4.8183954333453025,4.8183954333453025,4.8183954333453025,4.8183954333453025,4.8183954333453025,4.8183954333453025,4.8183954333453025,4.8183954333453025,4.8183954333453025,4.8183954333453025,4.8183954333453025,4.8183954333453025,4.8183954333453025,4.8183954333453025,4.8183954333453025,4.8183954333453025,4.8183954333453025,4.8183954333453025,4.8183954333453025,4.8183954333453025,4.8183954333453025,4.8183954333453025,4.8183954333453025,4.8183954333453025,4.8183954333453025,4.8183954333453025,4.8183954333453025,4.8183954333453025,4.8183954333453025,4.8183954333453025,4.8183954333453025,4.8183954333453025,4.8183954333453025,4.8183954333453025,4.8183954333453025,4.8183954333453025,4.8183954333453025,4.8183954333453025,4.8183954333453025,4.8183954333453025,4.8183954333453025,4.8183954333453025,4.8183954333453025,4.8183954333453025,4.8183954333453025,4.8183954333453025,4.8183954333453025,4.8183954333453025,4.8183954333453025,4.8183954333453025,4.8183954333453025,4.8183954333453025,4.8183954333453025,4.8183954333453025,4.8183954333453025,4.8183954333453025,4.8183954333453025,4.8183954333453025,4.8183954333453025,4.8183954333453025,4.8183954333453025,4.8183954333453025,4.8183954333453025,4.8183954333453025,4.8183954333453025,4.8183954333453025,4.8183954333453025,4.8183954333453025,4.8183954333453025,4.8183954333453025,4.8183954333453025,4.8183954333453025,4.8183954333453025,4.8183954333453025,4.8183954333453025,4.8183954333453025,4.8183954333453025,4.8183954333453025,4.8183954333453025,4.8183954333453025,4.8183954333453025,4.8183954333453025,4.8183954333453025,4.8183954333453025,4.8183954333453025,4.8183954333453025,4.8183954333453025,4.8183954333453025,4.8183954333453025,4.8183954333453025,4.8183954333453025,4.8183954333453025,4.8183954333453025,4.8183954333453025,4.8183954333453025,4.8183954333453025,4.8183954333453025,4.8183954333453025,4.8183954333453025,4.8183954333453025,4.8183954333453025,4.8183954333453025,4.8183954333453025,4.8183954333453025,4.8183954333453025,4.8183954333453025,4.8183954333453025,4.8183954333453025,4.8183954333453025,4.8183954333453025,4.8183954333453025,4.8183954333453025,4.8183954333453025,4.8183954333453025,4.8183954333453025,4.8183954333453025,4.8183954333453025,4.8183954333453025,4.8183954333453025,4.8183954333453025,4.8183954333453025,4.8183954333453025,4.8183954333453025,4.8183954333453025,4.8183954333453025,4.8183954333453025,4.8183954333453025,4.8183954333453025,4.8183954333453025,4.8183954333453025,4.8183954333453025,4.8183954333453025,4.8183954333453025,4.8183954333453025,4.8183954333453025,4.8183954333453025,4.8183954333453025,4.8183954333453025,4.8183954333453025,4.8183954333453025,4.8183954333453025,4.8183954333453025,4.8183954333453025,4.8183954333453025,4.8183954333453025,4.8183954333453025,4.8183954333453025,4.8183954333453025,4.8183954333453025,4.8183954333453025,4.8183954333453025,4.8183954333453025,4.8183954333453025,4.8183954333453025,4.8183954333453025,4.8183954333453025,4.8183954333453025,4.8183954333453025,4.8183954333453025,4.8183954333453025,4.8183954333453025,4.8183954333453025,4.8183954333453025,4.8183954333453025,4.8183954333453025,4.8183954333453025,4.8183954333453025,4.8183954333453025,4.8183954333453025,4.8183954333453025,4.8183954333453025,4.8183954333453025,4.8183954333453025,4.8183954333453025,4.8183954333453025,4.8183954333453025,4.8183954333453025,4.8183954333453025,4.8183954333453025,4.8183954333453025,4.8183954333453025,4.8183954333453025,4.8183954333453025,4.8183954333453025,4.8183954333453025,4.8183954333453025,4.8183954333453025,4.8183954333453025,4.8183954333453025,4.8183954333453025,4.8183954333453025,4.8183954333453025,4.8183954333453025,4.8183954333453025,4.8183954333453025,4.8183954333453025,4.8183954333453025,4.8183954333453025,4.8183954333453025,4.8183954333453025,4.8183954333453025,4.8183954333453025,4.8183954333453025,4.8183954333453025,4.8183954333453025,4.8183954333453025,4.8183954333453025,4.8183954333453025,4.8183954333453025,4.8183954333453025,4.8183954333453025,4.8183954333453025,4.8183954333453025,4.8183954333453025,4.8183954333453025,4.8183954333453025,4.8183954333453025,4.8183954333453025,4.8183954333453025,4.8183954333453025,4.8183954333453025,4.754104211173103,4.754104211173103,4.754104211173103,4.754104211173103,4.754104211173103,4.754104211173103,4.754104211173103,4.553500359146639,4.553500359146639,4.553500359146639,4.553500359146639,4.553500359146639,4.553500359146639,4.553500359146639,4.553500359146639,4.553500359146639,4.553500359146639,4.553500359146639,4.553500359146639,4.553500359146639,4.553500359146639,4.553500359146639,4.553500359146639,4.553500359146639,4.553500359146639,4.553500359146639,4.553500359146639,4.553500359146639,4.553500359146639,4.553500359146639,4.553500359146639,4.553500359146639,4.553500359146639,4.553500359146639,4.553500359146639,4.553500359146639,4.553500359146639,4.47015000197034,4.364525067951554,4.364525067951554,4.364525067951554,4.364525067951554,4.364525067951554,4.364525067951554,4.364525067951554,4.364525067951554,4.364525067951554,4.364525067951554,4.364525067951554,4.364525067951554,4.364525067951554,4.364525067951554,4.364525067951554,4.364525067951554,4.364525067951554,4.364525067951554,4.364525067951554,4.364525067951554,4.364525067951554,4.364525067951554,4.364525067951554,4.364525067951554,4.364525067951554,4.364525067951554,4.364525067951554,4.364525067951554,4.364525067951554,4.364525067951554,4.364525067951554,4.364525067951554,4.364525067951554,4.364525067951554,4.364525067951554,4.364525067951554,4.364525067951554,4.364525067951554,4.364525067951554,4.364525067951554,4.364525067951554,4.364525067951554,4.364525067951554,4.364525067951554,4.364525067951554,4.364525067951554,4.364525067951554,4.364525067951554,4.364525067951554,4.364525067951554,4.364525067951554,4.364525067951554,4.364525067951554,4.364525067951554,4.364525067951554,4.364525067951554,4.364525067951554,4.364525067951554,4.364525067951554,4.364525067951554,4.364525067951554,4.364525067951554,4.364525067951554,4.364525067951554,4.364525067951554,4.364525067951554,4.364525067951554,4.364525067951554,4.364525067951554,4.364525067951554,4.364525067951554,4.364525067951554,4.364525067951554,4.364525067951554,4.364525067951554,4.364525067951554,4.364525067951554,4.364525067951554,4.364525067951554,4.364525067951554,4.364525067951554,4.364525067951554,4.364525067951554,4.364525067951554,4.364525067951554,4.364525067951554,4.364525067951554,4.364525067951554,4.364525067951554,4.364525067951554,4.364525067951554,4.364525067951554,4.364525067951554,4.364525067951554,4.364525067951554,4.364525067951554,4.364525067951554,4.364525067951554,4.364525067951554,4.364525067951554,4.364525067951554,4.364525067951554,4.364525067951554,4.364525067951554,4.364525067951554,4.364525067951554,4.364525067951554,4.364525067951554,4.364525067951554,4.364525067951554,4.364525067951554,4.364525067951554,4.364525067951554,4.364525067951554,4.364525067951554,4.364525067951554,4.364525067951554,4.364525067951554,4.364525067951554,4.364525067951554,4.364525067951554,4.364525067951554,4.364525067951554,4.364525067951554,4.364525067951554,4.364525067951554,4.364525067951554,4.364525067951554,4.364525067951554,4.364525067951554,4.364525067951554,4.364525067951554,4.364525067951554,4.364525067951554,4.364525067951554,4.364525067951554,4.364525067951554,4.364525067951554,4.364525067951554,4.364525067951554,4.364525067951554,4.364525067951554,4.364525067951554,4.364525067951554,4.364525067951554,4.364525067951554,4.364525067951554,4.364525067951554,4.364525067951554,4.364525067951554,4.364525067951554,4.364525067951554,4.364525067951554,4.364525067951554,4.364525067951554,4.364525067951554,4.364525067951554,4.364525067951554,4.364525067951554,4.364525067951554,4.364525067951554,4.364525067951554,4.364525067951554,4.364525067951554,4.364525067951554,4.364525067951554,4.364525067951554,4.364525067951554,4.364525067951554,4.364525067951554,4.364525067951554,4.364525067951554,4.364525067951554,4.364525067951554,4.364525067951554,4.364525067951554,4.364525067951554,4.364525067951554,4.364525067951554,4.364525067951554,4.364525067951554,4.364525067951554,4.364525067951554,4.364525067951554,4.364525067951554,4.364525067951554,4.364525067951554,4.364525067951554,4.364525067951554,4.364525067951554,4.364525067951554,4.364525067951554,4.364525067951554,4.364525067951554,4.364525067951554,4.364525067951554,4.364525067951554,4.364525067951554,4.364525067951554,4.364525067951554,4.364525067951554,4.364525067951554,4.364525067951554,4.364525067951554,7.518134317392606,7.518134317392606,7.518134317392606,7.278323679019557,7.278323679019557,7.278323679019557,7.278323679019557,7.278323679019557,7.278323679019557,7.278323679019557,7.278323679019557,7.278323679019557,7.278323679019557,7.278323679019557,7.238571478238364,7.238571478238364,7.111721121078495,7.111721121078495,7.111721121078495,7.111721121078495,7.111721121078495,7.100204785476203,7.100204785476203,7.100204785476203,6.730236892604723,6.730236892604723,6.730236892604723,6.730236892604723,6.730236892604723,6.730236892604723,6.730236892604723,6.730236892604723,6.701799296966548,6.701799296966548,6.701799296966548,6.701799296966548,6.701799296966548,6.701799296966548,6.701799296966548,6.701799296966548,6.701799296966548,6.701799296966548,6.701799296966548,6.701799296966548,6.701799296966548,6.701799296966548,6.701799296966548,6.701799296966548,6.701799296966548,6.701799296966548,6.701799296966548,6.701799296966548,6.701799296966548,6.701799296966548,6.701799296966548,6.701799296966548,6.701799296966548,6.701799296966548,6.701799296966548,6.701799296966548,6.701799296966548,6.701799296966548,6.701799296966548,6.701799296966548,6.701799296966548,6.701799296966548,6.701799296966548,6.701799296966548,6.701799296966548,6.701799296966548,6.701799296966548,6.701799296966548,6.701799296966548,6.701799296966548,6.701799296966548,6.701799296966548,6.701799296966548,6.701799296966548,6.701799296966548,6.701799296966548,6.701799296966548,6.701799296966548,6.701799296966548,6.701799296966548,6.701799296966548,6.701799296966548,6.701799296966548,6.701799296966548,6.701799296966548,6.701799296966548,6.701799296966548,6.701799296966548,6.701799296966548,6.701799296966548,6.701799296966548,6.701799296966548,6.701799296966548,6.701799296966548,6.701799296966548,6.701799296966548,6.701799296966548,6.6696473874875775,6.6696473874875775,6.6696473874875775,6.6696473874875775,6.6696473874875775,6.6696473874875775,6.6696473874875775,6.6696473874875775,6.6696473874875775,6.6696473874875775,6.6696473874875775,6.6696473874875775,6.6696473874875775,6.6696473874875775,6.6696473874875775,6.6696473874875775,6.6696473874875775,6.6696473874875775,6.6696473874875775,6.6696473874875775,6.6696473874875775,6.6696473874875775,6.6696473874875775,6.6696473874875775,6.6696473874875775,6.6696473874875775,6.6696473874875775,6.6696473874875775,6.6696473874875775,6.6696473874875775,6.6696473874875775,6.6696473874875775,6.6696473874875775,6.6696473874875775,6.6696473874875775,6.6696473874875775,6.6696473874875775,6.6696473874875775,6.6696473874875775,6.6696473874875775,6.6696473874875775,6.6696473874875775,6.6696473874875775,6.6696473874875775,6.6696473874875775,6.6696473874875775,6.6696473874875775,6.6696473874875775,6.6696473874875775,6.6696473874875775,6.6696473874875775,6.6696473874875775,6.6696473874875775,6.6696473874875775,6.6696473874875775,6.6696473874875775,6.6696473874875775,6.6696473874875775,6.6696473874875775,6.6696473874875775,6.6696473874875775,6.6696473874875775,6.6696473874875775,6.6696473874875775,6.6696473874875775,6.6696473874875775,6.6696473874875775,6.6696473874875775,6.6696473874875775,6.6696473874875775,6.6696473874875775,6.6696473874875775,6.6696473874875775,6.6696473874875775,6.6696473874875775,6.6696473874875775,6.6696473874875775,6.6696473874875775,6.6696473874875775,6.6696473874875775,6.6696473874875775,6.6696473874875775,6.6696473874875775,6.6696473874875775,6.6696473874875775,6.6696473874875775,6.6696473874875775,6.6696473874875775,6.6696473874875775,6.6696473874875775,6.6696473874875775,6.6696473874875775,6.6696473874875775,6.6696473874875775,6.6696473874875775,6.6696473874875775,6.6696473874875775,6.6696473874875775,6.6696473874875775,6.6696473874875775,6.6696473874875775,6.6696473874875775,6.6696473874875775,6.6696473874875775,6.6696473874875775,6.6696473874875775,6.6696473874875775,6.6696473874875775,6.6696473874875775,6.6696473874875775,6.6696473874875775,6.6696473874875775,6.6696473874875775,6.6696473874875775,6.6696473874875775,6.6696473874875775,6.6696473874875775,6.6696473874875775,6.6696473874875775,6.6696473874875775,6.6696473874875775,6.6696473874875775,6.6696473874875775,6.6696473874875775,6.6696473874875775,6.6696473874875775,6.6696473874875775,6.6696473874875775,6.6696473874875775,6.6696473874875775,6.6696473874875775,6.6696473874875775,6.6696473874875775,6.6696473874875775,6.6696473874875775,6.6696473874875775,6.6696473874875775,6.6696473874875775,6.6696473874875775,6.6696473874875775,6.6696473874875775,6.6696473874875775,6.6696473874875775,6.6696473874875775,6.6696473874875775,6.6696473874875775,6.6696473874875775,6.6696473874875775,6.6696473874875775,6.6696473874875775,6.6696473874875775,6.6696473874875775,6.6696473874875775,6.6696473874875775,6.6696473874875775,6.6696473874875775,6.6696473874875775,6.6696473874875775,6.6696473874875775,6.6696473874875775,6.6696473874875775,6.6696473874875775,6.6696473874875775,6.6696473874875775,6.6696473874875775,6.6696473874875775,6.6696473874875775,6.6696473874875775,6.6696473874875775,6.6696473874875775,6.6696473874875775,6.6696473874875775,6.6696473874875775,6.6696473874875775,6.6696473874875775,6.6696473874875775,6.6696473874875775,6.6696473874875775,6.6696473874875775,6.6696473874875775,6.6696473874875775,6.6696473874875775,6.6696473874875775,6.6696473874875775,6.6696473874875775,6.6696473874875775,6.6696473874875775,3.955245377731703,3.955245377731703,3.955245377731703,3.955245377731703,3.955245377731703,3.955245377731703,3.955245377731703,3.955245377731703,3.955245377731703,3.955245377731703,3.955245377731703,3.955245377731703,3.955245377731703,3.955245377731703,3.955245377731703,3.955245377731703,3.955245377731703,3.955245377731703,3.955245377731703,3.8929824226488416,3.8929824226488416,3.8929824226488416,3.8929824226488416,3.8929824226488416,3.8929824226488416,3.8929824226488416,3.8929824226488416,3.8929824226488416,3.8929824226488416,3.8929824226488416,3.8929824226488416,3.8929824226488416,3.8929824226488416,3.8929824226488416,3.8929824226488416,3.8929824226488416,3.8929824226488416,3.8929824226488416,3.8929824226488416,3.8929824226488416,3.8929824226488416,3.8929824226488416,3.8929824226488416,3.8929824226488416,3.8929824226488416,3.8929824226488416,3.8929824226488416,3.8929824226488416,3.8929824226488416,3.8929824226488416,3.8929824226488416,3.8929824226488416,3.8929824226488416,3.8929824226488416,3.8929824226488416,3.8929824226488416,3.8929824226488416,3.8929824226488416,3.8929824226488416,3.8929824226488416,3.8929824226488416,3.8929824226488416,3.8929824226488416,3.8929824226488416,3.8929824226488416,3.8929824226488416,3.8929824226488416,3.8929824226488416,3.8929824226488416,3.8929824226488416,3.8929824226488416,3.8929824226488416,3.8929824226488416,3.8929824226488416,3.8929824226488416,3.8929824226488416,3.8929824226488416,3.8929824226488416,3.8929824226488416,3.8929824226488416,3.8929824226488416,3.8929824226488416,3.8929824226488416,3.8929824226488416,3.8929824226488416,3.8929824226488416,3.8929824226488416,3.8929824226488416,3.8929824226488416,3.8929824226488416,3.8929824226488416,3.8929824226488416,3.8929824226488416,3.8929824226488416,3.8929824226488416,3.8929824226488416,3.8929824226488416,3.8929824226488416,3.8929824226488416,3.8929824226488416,3.8929824226488416,3.8929824226488416,3.8929824226488416,3.8929824226488416,3.8929824226488416,3.8929824226488416,3.8929824226488416,3.8929824226488416,3.8929824226488416,3.8929824226488416,3.8929824226488416,3.8929824226488416,3.8929824226488416,3.8929824226488416,3.8929824226488416,3.8929824226488416,3.8929824226488416,3.8929824226488416,3.8929824226488416,3.8929824226488416,3.8929824226488416,3.8929824226488416,3.8929824226488416,3.8929824226488416,3.8929824226488416,3.8929824226488416,3.8929824226488416,3.8929824226488416,3.8929824226488416,3.8929824226488416,3.8929824226488416,3.8929824226488416,3.8929824226488416,3.8929824226488416,3.8929824226488416,3.8929824226488416,3.8929824226488416,3.8929824226488416,3.8929824226488416,3.8929824226488416,3.8929824226488416,3.8929824226488416,3.8929824226488416,3.8929824226488416,3.8929824226488416,3.8929824226488416,3.8929824226488416,3.8929824226488416,3.8929824226488416,3.8929824226488416,3.8929824226488416,3.8929824226488416,3.8929824226488416,3.8929824226488416,3.8929824226488416,3.8929824226488416,3.8929824226488416,3.8929824226488416,3.8929824226488416,3.8929824226488416,3.8929824226488416,3.8929824226488416,3.8929824226488416,3.8929824226488416,3.8929824226488416,3.8929824226488416,3.8929824226488416,3.8929824226488416,3.8929824226488416,3.8929824226488416,3.8929824226488416,3.8929824226488416,3.8929824226488416,3.8929824226488416,3.8929824226488416,3.8929824226488416,3.8929824226488416,3.8929824226488416,3.8929824226488416,3.8929824226488416,3.8929824226488416,3.8929824226488416,3.8929824226488416,3.8929824226488416,3.8929824226488416,3.8929824226488416,3.8929824226488416,3.8929824226488416,3.8929824226488416,3.8929824226488416,3.8929824226488416,3.8929824226488416,3.8929824226488416,3.8929824226488416,3.8929824226488416,3.8929824226488416,3.8929824226488416,3.8929824226488416,3.8929824226488416,3.8929824226488416,3.8929824226488416,3.8929824226488416,3.8929824226488416,3.8929824226488416,3.8929824226488416,3.8929824226488416,3.8929824226488416,3.8929824226488416,3.8929824226488416,3.8929824226488416,3.8929824226488416,3.8929824226488416,3.8929824226488416,3.8929824226488416,3.8929824226488416,3.8929824226488416,3.8929824226488416,3.8929824226488416,3.8929824226488416,3.8929824226488416,3.8929824226488416,3.8929824226488416,3.8929824226488416,3.8929824226488416,3.8929824226488416,3.8929824226488416,3.8929824226488416,3.8929824226488416,3.8929824226488416,3.8929824226488416,3.8929824226488416,3.8929824226488416,3.8929824226488416,3.8929824226488416,3.8929824226488416,3.8929824226488416,3.8929824226488416,3.8929824226488416,3.8929824226488416,3.8929824226488416,3.8929824226488416,3.8929824226488416,3.8929824226488416,3.8929824226488416,3.8929824226488416,3.8929824226488416,3.8929824226488416,3.8929824226488416,3.8929824226488416,3.8929824226488416,3.8929824226488416,3.8929824226488416,3.8929824226488416,3.8929824226488416,3.8929824226488416,3.8929824226488416,3.8929824226488416,3.8929824226488416,3.8929824226488416,3.8929824226488416,3.8929824226488416,3.8929824226488416,3.8929824226488416,3.8929824226488416,3.8929824226488416,3.8929824226488416,3.8929824226488416,3.8929824226488416,3.8929824226488416,3.8929824226488416,3.8929824226488416,3.8929824226488416,3.8929824226488416,3.8929824226488416,3.8929824226488416,3.8929824226488416,3.8929824226488416,3.8929824226488416,3.8929824226488416,3.8929824226488416,3.8929824226488416,3.8929824226488416,3.8929824226488416,3.8929824226488416,3.8929824226488416,3.8929824226488416,3.8929824226488416,3.8929824226488416,3.8929824226488416,3.8929824226488416,3.8929824226488416,3.8929824226488416,3.8929824226488416,3.8929824226488416,3.8929824226488416,3.8929824226488416,3.8929824226488416,3.8929824226488416,3.8929824226488416,3.8929824226488416,3.8929824226488416,3.8929824226488416,3.8929824226488416,3.8929824226488416,3.8929824226488416,3.8929824226488416,3.8929824226488416,3.8929824226488416,3.8929824226488416,3.8929824226488416,3.8929824226488416,3.8929824226488416,3.8929824226488416,3.8929824226488416,3.8929824226488416,3.8929824226488416,3.8929824226488416,3.8929824226488416,3.8929824226488416,3.8929824226488416,3.8929824226488416,3.8929824226488416,3.8929824226488416,3.8929824226488416,3.8929824226488416,3.8929824226488416,3.8929824226488416,3.8929824226488416,3.8929824226488416,3.8929824226488416,3.8929824226488416,3.8929824226488416,3.8929824226488416,3.8929824226488416,3.8929824226488416,3.8929824226488416,3.8929824226488416,3.8929824226488416,3.8929824226488416,3.8929824226488416,3.8929824226488416,3.8929824226488416,3.8929824226488416,3.8929824226488416,3.8929824226488416,3.8929824226488416,3.8929824226488416,3.8929824226488416,3.8929824226488416,3.8929824226488416,3.8929824226488416,3.8929824226488416,3.8929824226488416,3.8929824226488416,3.8929824226488416,3.8929824226488416,3.8929824226488416,3.8929824226488416,3.8929824226488416,3.8929824226488416,3.8929824226488416,3.8929824226488416,3.8929824226488416,3.8929824226488416,3.8929824226488416,3.8929824226488416,3.8929824226488416,3.8929824226488416,3.8929824226488416,3.8929824226488416,3.8929824226488416,3.8929824226488416,3.8929824226488416,3.8929824226488416,3.8929824226488416,3.8929824226488416,3.8929824226488416,3.8929824226488416,3.8929824226488416,3.8929824226488416,3.8929824226488416,3.8929824226488416,3.8929824226488416,3.8929824226488416,3.8929824226488416,3.8929824226488416,3.8929824226488416,3.8929824226488416,3.8929824226488416,3.8929824226488416,3.8929824226488416,3.8929824226488416,3.8929824226488416,3.8929824226488416,3.8929824226488416,3.8929824226488416,3.8929824226488416,3.8929824226488416,3.8929824226488416,3.8929824226488416,3.8929824226488416,3.8929824226488416,3.8929824226488416,3.8929824226488416,3.8929824226488416,3.8929824226488416,3.8929824226488416,3.8929824226488416,3.8929824226488416,3.8929824226488416,3.8929824226488416,3.8929824226488416,3.8929824226488416,3.8929824226488416,3.8929824226488416,3.8929824226488416,3.8929824226488416,3.8929824226488416,3.8929824226488416,3.8929824226488416,3.8929824226488416,3.8929824226488416,3.8929824226488416,3.8929824226488416,3.8929824226488416,3.8929824226488416,3.8929824226488416,3.8929824226488416,3.8929824226488416,3.8929824226488416,3.8929824226488416,3.8929824226488416,3.8929824226488416,3.8929824226488416,3.8929824226488416,3.8929824226488416,3.8929824226488416,3.8929824226488416,3.8929824226488416,3.8929824226488416,3.8929824226488416,3.8929824226488416,3.8929824226488416,3.8929824226488416,3.8929824226488416,3.8929824226488416,3.8929824226488416,3.8929824226488416,3.8929824226488416,3.8929824226488416,3.8929824226488416,3.8929824226488416,3.8929824226488416,3.8929824226488416,3.8929824226488416,3.8929824226488416,3.8929824226488416,3.8929824226488416,3.8929824226488416,3.8929824226488416,3.8929824226488416,3.8929824226488416,3.8929824226488416,3.8929824226488416,3.8929824226488416,3.8929824226488416,3.8929824226488416,3.8929824226488416,3.8929824226488416,3.8929824226488416,3.8929824226488416,3.8929824226488416,3.8929824226488416,3.8929824226488416,3.8929824226488416,3.8929824226488416,3.8929824226488416,3.8929824226488416,3.8929824226488416,3.8929824226488416,3.8929824226488416,3.8929824226488416,3.8929824226488416,3.8929824226488416,3.8929824226488416,3.8929824226488416,3.8929824226488416,3.8929824226488416,3.8929824226488416,3.8929824226488416,3.8929824226488416,3.8929824226488416,3.8929824226488416,3.8929824226488416,3.8929824226488416,3.8929824226488416,3.8929824226488416,3.8929824226488416,3.8929824226488416,3.8929824226488416,3.8929824226488416,3.8929824226488416,3.8929824226488416,3.8929824226488416,3.8929824226488416,3.8929824226488416,3.8929824226488416,3.8929824226488416,3.8929824226488416,3.8929824226488416,3.8929824226488416,3.8929824226488416,3.8929824226488416,3.8929824226488416,3.8929824226488416,3.8929824226488416,3.8929824226488416,3.8929824226488416,3.8929824226488416,3.8929824226488416,3.8929824226488416,3.8929824226488416,3.8929824226488416,3.8929824226488416,3.8929824226488416,3.8929824226488416,3.8929824226488416,3.8929824226488416,3.8929824226488416,3.8929824226488416,3.8929824226488416,3.8929824226488416,3.8929824226488416,3.8929824226488416,3.8929824226488416,3.8929824226488416,3.8929824226488416,3.8929824226488416,3.8929824226488416,3.8929824226488416,3.8929824226488416,3.8929824226488416,3.8929824226488416,3.8929824226488416,3.8929824226488416,3.8929824226488416,3.8929824226488416,3.8929824226488416,3.8929824226488416,3.8929824226488416,3.8929824226488416,3.8929824226488416,3.8929824226488416,3.8929824226488416,3.8929824226488416,3.8929824226488416,3.8929824226488416,3.8929824226488416,3.8929824226488416,3.8929824226488416,3.8929824226488416,3.8929824226488416,3.8929824226488416,3.8929824226488416,3.8929824226488416,3.8929824226488416,3.8929824226488416,3.8929824226488416,3.8929824226488416,3.8929824226488416,3.8929824226488416,3.8929824226488416,3.8929824226488416,3.8929824226488416,3.8929824226488416,3.8929824226488416,3.8929824226488416,3.8929824226488416,3.8929824226488416,3.8929824226488416,3.8929824226488416,3.8929824226488416,3.8929824226488416,3.8929824226488416,3.8929824226488416,3.8929824226488416,3.8929824226488416,3.8929824226488416,3.8929824226488416,3.8929824226488416,3.8929824226488416,3.8929824226488416,3.8929824226488416,3.8929824226488416,3.8929824226488416,3.8929824226488416,3.8929824226488416,3.8929824226488416,3.8929824226488416,3.8929824226488416,3.8929824226488416,3.8929824226488416,3.8929824226488416,3.8929824226488416,3.8929824226488416,3.8929824226488416,3.8929824226488416,3.8929824226488416,3.8929824226488416,3.8929824226488416,3.8929824226488416,3.8929824226488416,3.8929824226488416,3.8929824226488416,3.8929824226488416,3.8929824226488416,3.8929824226488416,3.8929824226488416,3.8929824226488416,3.8929824226488416,3.8929824226488416,3.8929824226488416,3.8929824226488416,3.8929824226488416,3.8929824226488416,3.8929824226488416,3.8929824226488416,3.8929824226488416,3.8929824226488416,3.8929824226488416,3.8929824226488416,3.8929824226488416,3.8929824226488416,3.8929824226488416,3.8929824226488416,3.8929824226488416,3.8929824226488416,3.8929824226488416,3.8929824226488416,3.8929824226488416,3.8929824226488416,3.8929824226488416,3.8929824226488416,3.8929824226488416,3.8929824226488416,3.8929824226488416,3.8929824226488416,3.8929824226488416,3.8929824226488416,3.8929824226488416,3.8929824226488416,3.8929824226488416,3.8929824226488416,3.8929824226488416,3.8929824226488416,3.8929824226488416,3.8929824226488416,3.8929824226488416,3.8929824226488416,3.8929824226488416,3.8929824226488416,3.8929824226488416,3.8929824226488416,3.8929824226488416,3.8929824226488416,3.8929824226488416,3.8929824226488416,3.8929824226488416,3.8929824226488416,3.8929824226488416,3.8929824226488416,3.8929824226488416,3.8929824226488416,3.8929824226488416,3.8929824226488416,3.8929824226488416,3.8929824226488416,3.8929824226488416,3.8929824226488416,3.8929824226488416,3.8929824226488416,3.8929824226488416,3.8929824226488416,3.8929824226488416,3.8929824226488416,3.8929824226488416,3.8929824226488416,3.8929824226488416,3.8929824226488416,3.8929824226488416,3.8929824226488416,3.8929824226488416,3.8929824226488416,3.8929824226488416,3.8929824226488416,3.8929824226488416,3.8929824226488416,3.8929824226488416,3.8929824226488416,3.8929824226488416,3.8929824226488416,3.8929824226488416,3.8929824226488416,3.8929824226488416,3.8929824226488416,3.8929824226488416,3.8929824226488416,3.8929824226488416,3.8929824226488416,3.8929824226488416,3.8929824226488416,3.8929824226488416,6.469463637025237,6.469463637025237,6.469463637025237,6.469463637025237,6.469463637025237,6.469463637025237,6.469463637025237,5.9978594238762994,5.9978594238762994,5.979810711403426,5.979810711403426,5.979810711403426,5.979810711403426,5.979810711403426,5.979810711403426,5.979810711403426,5.979810711403426,5.979810711403426,5.979810711403426,5.979810711403426,5.979810711403426,5.979810711403426,5.979810711403426,5.979810711403426,5.979810711403426,5.979810711403426,5.979810711403426,5.979810711403426,5.979810711403426,5.979810711403426,5.979810711403426,5.979810711403426,5.979810711403426,5.979810711403426,5.979810711403426,5.979810711403426,5.979810711403426,5.979810711403426,5.979810711403426,5.979810711403426,5.979810711403426,5.979810711403426,5.979810711403426,5.979810711403426,5.979810711403426,5.979810711403426,5.979810711403426,5.979810711403426,5.979810711403426,5.979810711403426,5.979810711403426,5.979810711403426,5.979810711403426,5.979810711403426,5.979810711403426,5.979810711403426,5.979810711403426,5.979810711403426,5.979810711403426,5.979810711403426,5.979810711403425,5.979810711403425,5.979810711403425,5.979810711403425,5.979810711403425,5.979810711403425,5.979810711403425,5.979810711403425,5.979810711403425,5.979810711403425,5.979810711403425,5.979810711403425,5.979810711403425,5.979810711403425,5.979810711403425,5.979810711403425,5.979810711403425,5.979810711403425,5.979810711403425,5.979810711403425,5.979810711403425,5.979810711403425,5.979810711403425,5.979810711403425,5.979810711403425,5.979810711403425,5.979810711403425,5.979810711403425,5.979810711403425,5.979810711403425,5.979810711403425,5.979810711403425,5.979810711403425,5.979810711403425,5.979810711403425,5.979810711403425,5.979810711403425,5.979810711403425,5.979810711403425,5.979810711403425,5.979810711403425,5.979810711403425,5.979810711403425,5.979810711403425,5.979810711403425,5.979810711403425,5.979810711403425,5.979810711403425,5.979810711403425,5.979810711403425,5.979810711403425,5.979810711403425,5.979810711403425,5.979810711403425,5.979810711403425,5.979810711403425,5.979810711403425,5.979810711403425,5.979810711403425,5.979810711403425,5.979810711403425,5.979810711403425,5.979810711403425,5.979810711403425,5.979810711403425,5.979810711403425,5.979810711403425,5.979810711403425,5.979810711403425,5.979810711403425,5.979810711403425,5.979810711403425,5.979810711403425,5.979810711403425,5.979810711403425,5.979810711403425,5.979810711403425,5.979810711403425,5.979810711403425,5.979810711403425,5.979810711403425,5.979810711403425,5.979810711403425,5.979810711403425,5.979810711403425,5.979810711403425,5.979810711403425,5.979810711403425,5.979810711403425,5.979810711403425,5.979810711403425,5.979810711403425,5.979810711403425,5.979810711403425,5.979810711403425,5.979810711403425,5.979810711403425,5.979810711403425,5.979810711403425,5.979810711403425,5.979810711403425,5.979810711403425,5.979810711403425,5.979810711403425,5.979810711403425,5.979810711403425,5.979810711403425,5.979810711403425,5.979810711403425,5.979810711403425,5.979810711403425,5.979810711403425,5.979810711403425,5.979810711403425,5.979810711403425,5.979810711403425,5.979810711403425,5.979810711403425,5.979810711403425,5.979810711403425,5.979810711403425,5.979810711403425,5.979810711403425,5.979810711403425,5.979810711403425,5.979810711403425,5.979810711403425,5.979810711403425,5.979810711403425,5.979810711403425,5.979810711403425,5.979810711403425,5.979810711403425,5.979810711403425,5.979810711403425,5.979810711403425,5.979810711403425,5.979810711403425,5.979810711403425,5.979810711403425,5.979810711403425,5.979810711403425,5.979810711403425,5.979810711403425,5.979810711403425,5.979810711403425,5.979810711403425,5.979810711403425,5.979810711403425,5.979810711403425,5.979810711403425,5.979810711403425,5.979810711403425,5.979810711403425,5.979810711403425,5.979810711403425,5.979810711403425,5.979810711403425,5.979810711403425,5.979810711403425,5.979810711403425,5.979810711403425,5.979810711403425,5.979810711403425,5.979810711403425,5.979810711403425,5.979810711403425,5.3502629425096915,5.3502629425096915,5.3502629425096915,5.3502629425096915,5.3502629425096915,5.3502629425096915,5.121538046554224,4.805130697479012,4.792440463103961,4.792440463103961,4.792440463103961,4.792440463103961,4.792440463103961,4.792440463103961,4.792440463103961,4.792440463103961,4.792440463103961,4.792440463103961,4.792440463103961,4.792440463103961,4.792440463103961,4.616612186221796,4.566625756829466,4.40865888382214,4.40865888382214,4.40865888382214,3.9178413237464547,3.9178413237464547,3.9178413237464547,3.9178413237464547,3.9178413237464547,3.9178413237464547,3.9178413237464547,3.9178413237464547,3.9178413237464547,3.9178413237464547,3.9178413237464547,3.9178413237464547,3.9178413237464547,3.9178413237464547,3.9178413237464547,3.9178413237464547,3.9178413237464547,3.9178413237464547,3.9178413237464547,3.9178413237464547,3.9178413237464547,3.9178413237464547,3.9178413237464547,3.9178413237464547,3.9178413237464547,3.9178413237464547,3.9178413237464547,3.9178413237464547,3.9178413237464547,3.9178413237464547,3.9178413237464547,3.9178413237464547,3.9178413237464547,3.9178413237464547,3.9178413237464547,3.9178413237464547,3.9178413237464547,3.9178413237464547,3.9178413237464547,3.9178413237464547,3.9178413237464547,3.9178413237464547,3.9178413237464547,3.9178413237464547,3.9178413237464547,3.9178413237464547,3.9178413237464547,3.9178413237464547,3.9178413237464547,3.9178413237464547,3.9178413237464547,3.9178413237464547,3.9178413237464547,3.9178413237464547,3.9178413237464547,3.9178413237464547,3.9178413237464547,3.9178413237464547,3.9178413237464547,3.9178413237464547,3.9178413237464547,3.9178413237464547,3.9178413237464547,3.9178413237464547,3.9178413237464547,3.9178413237464547,3.9178413237464547,3.9178413237464547,3.9178413237464547,3.9178413237464547,3.9178413237464547,3.9178413237464547,3.9178413237464547,3.9178413237464547,3.9178413237464547,3.9178413237464547,3.9178413237464547,3.9178413237464547,3.9178413237464547,3.9178413237464547,3.9178413237464547,3.9178413237464547,3.9178413237464547,3.9178413237464547,3.9178413237464547,3.9178413237464547,3.9178413237464547,3.9178413237464547,3.9178413237464547,3.9178413237464547,3.9178413237464547,3.9178413237464547,3.9178413237464547,3.9178413237464547,3.9178413237464547,3.9178413237464547,3.9178413237464547,3.9178413237464547,3.9178413237464547,3.9178413237464547,3.9178413237464547,3.9178413237464547,3.9178413237464547,3.9178413237464547,3.9178413237464547,3.9178413237464547,3.9178413237464547,3.9178413237464547,3.9178413237464547,3.9178413237464547,3.9178413237464547,3.9178413237464547,3.9178413237464547,3.9178413237464547,3.9178413237464547,3.9178413237464547,3.9178413237464547,3.9178413237464547,3.9178413237464547,3.9178413237464547,3.9178413237464547,3.9178413237464547,3.9178413237464547,3.9178413237464547,3.9178413237464547,3.9178413237464547,3.9178413237464547,3.9178413237464547,3.9178413237464547,3.9178413237464547,3.9178413237464547,3.9178413237464547,3.9178413237464547,3.9178413237464547,3.9178413237464547,3.9178413237464547,3.9178413237464547,3.9178413237464547,3.9178413237464547,3.9178413237464547,3.9178413237464547,3.9178413237464547,3.9178413237464547,3.9178413237464547,3.9178413237464547,3.9178413237464547,3.9178413237464547,3.9178413237464547,3.9178413237464547,3.9178413237464547,3.9178413237464547,3.9178413237464547,3.9178413237464547,3.9178413237464547,3.9178413237464547,3.9178413237464547,3.9178413237464547,3.9178413237464547,3.9178413237464547,3.9178413237464547,3.9178413237464547,3.9178413237464547,3.9178413237464547,3.9178413237464547,3.9178413237464547,3.9178413237464547,3.9178413237464547,3.9178413237464547,3.9178413237464547,3.9178413237464547,3.9178413237464547,3.9178413237464547,3.9178413237464547,3.9178413237464547,3.9178413237464547,3.9178413237464547,3.9178413237464547,3.9178413237464547,3.9178413237464547,3.9178413237464547,3.9178413237464547,3.9178413237464547,3.9178413237464547,3.9178413237464547,3.9178413237464547,3.9178413237464547,3.9178413237464547,3.9178413237464547,3.9178413237464547,3.9178413237464547,3.9178413237464547,3.9178413237464547,3.9178413237464547,3.9178413237464547,3.9178413237464547,3.9178413237464547,3.9178413237464547,3.9178413237464547,3.9178413237464547,3.9178413237464547,3.9178413237464547,3.9178413237464547,3.9178413237464547,3.9178413237464547,3.9178413237464547,3.9178413237464547,3.9178413237464547,3.9178413237464547,3.9178413237464547,3.9178413237464547,3.9178413237464547,3.9178413237464547,3.9178413237464547,3.9178413237464547,3.9178413237464547,3.9178413237464547,3.9178413237464547,3.9178413237464547,3.9178413237464547,3.9178413237464547,3.9178413237464547,3.9178413237464547,3.9178413237464547,3.9178413237464547,3.9178413237464547,3.9178413237464547,3.9178413237464547,3.9178413237464547,3.9178413237464547,3.9178413237464547,3.9178413237464547,3.9178413237464547,3.9178413237464547,3.9178413237464547,3.9178413237464547,3.9178413237464547,3.9178413237464547,3.9178413237464547,3.9178413237464547,3.9178413237464547,3.9178413237464547,3.9178413237464547,3.9178413237464547,3.9178413237464547,3.9178413237464547,3.9178413237464547,3.9178413237464547,3.9178413237464547,3.9178413237464547,3.9178413237464547,3.9178413237464547,3.9178413237464547,3.9178413237464547,3.9178413237464547,3.9178413237464547,3.9178413237464547,3.9178413237464547,3.9178413237464547,3.9178413237464547,3.9178413237464547,3.9178413237464547,3.9178413237464547,3.9178413237464547,3.9178413237464547,3.9178413237464547,3.9178413237464547,3.9178413237464547,3.9178413237464547,3.9178413237464547,3.9178413237464547,3.9178413237464547,3.9178413237464547,3.9178413237464547,3.9178413237464547,3.9178413237464547,3.9178413237464547,3.9178413237464547,3.9178413237464547,3.9178413237464547,3.9178413237464547,3.9178413237464547,3.9178413237464547,3.9178413237464547,3.9178413237464547,3.9178413237464547,3.9178413237464547,3.9178413237464547,3.9178413237464547,3.9178413237464547,3.9178413237464547,3.9178413237464547,3.9178413237464547,3.9178413237464547,3.9178413237464547,3.9178413237464547,3.9178413237464547,3.9178413237464547,3.9178413237464547,3.9178413237464547,3.9178413237464547,3.9178413237464547,3.9178413237464547,3.9178413237464547,3.9178413237464547,3.9178413237464547,3.9178413237464547,3.9178413237464547,3.9178413237464547,3.9178413237464547,3.9178413237464547,3.9178413237464547,3.9178413237464547,3.9178413237464547,3.9178413237464547,3.9178413237464547,3.9178413237464547,3.9178413237464547,3.9178413237464547,3.9178413237464547,3.9178413237464547,3.9178413237464547,3.9178413237464547,3.9178413237464547,3.9178413237464547,3.9178413237464547,3.9178413237464547,3.9178413237464547,3.9178413237464547,3.9178413237464547,3.9178413237464547,3.9178413237464547,3.9178413237464547,3.9178413237464547,3.9178413237464547,3.9178413237464547,3.9178413237464547,3.9178413237464547,3.9178413237464547,3.9178413237464547,3.9178413237464547,3.9178413237464547,3.9178413237464547,3.9178413237464547,3.9178413237464547,3.9178413237464547,3.9178413237464547,3.9178413237464547,3.9178413237464547,3.9178413237464547,3.9178413237464547,3.9178413237464547,3.9178413237464547,3.9178413237464547,3.9178413237464547,3.9178413237464547,3.9178413237464547,3.9178413237464547,3.9178413237464547,3.9178413237464547,3.9178413237464547,3.9178413237464547,3.9178413237464547,3.9178413237464547,3.9178413237464547,3.9178413237464547,3.9178413237464547,3.9178413237464547,3.9178413237464547,3.9178413237464547,3.9178413237464547,3.9178413237464547,3.9178413237464547,3.9178413237464547,3.9178413237464547,3.9178413237464547,3.9178413237464547,3.9178413237464547,3.9178413237464547,3.9178413237464547,3.9178413237464547,3.9178413237464547,3.9178413237464547,3.9178413237464547,3.9178413237464547,3.9178413237464547,3.9178413237464547,3.9178413237464547,3.9178413237464547,3.9178413237464547,3.9178413237464547,3.9178413237464547,3.9178413237464547,3.9178413237464547,3.9178413237464547,3.9178413237464547,3.9178413237464547,3.9178413237464547,3.9178413237464547,3.9178413237464547,3.9178413237464547,3.9178413237464547,3.9178413237464547,3.9178413237464547,3.9178413237464547,3.9178413237464547,3.9178413237464547,3.9178413237464547,3.9178413237464547,3.9178413237464547,3.9178413237464547,3.9178413237464547,3.9178413237464547,3.9178413237464547,3.9178413237464547,3.9178413237464547,3.9178413237464547,3.9178413237464547,3.9178413237464547,3.9178413237464547,3.9178413237464547,3.9178413237464547,3.9178413237464547,3.9178413237464547,3.9178413237464547,3.9178413237464547,3.9178413237464547,3.9178413237464547,3.9178413237464547,3.9178413237464547,3.9178413237464547,3.9178413237464547,3.9178413237464547,3.9178413237464547,3.9178413237464547,3.9178413237464547,3.9178413237464547,3.9178413237464547,3.9178413237464547,3.9178413237464547,3.9178413237464547,3.9178413237464547,3.9178413237464547,3.9178413237464547,3.9178413237464547,3.9178413237464547,3.9178413237464547,3.9178413237464547,3.9178413237464547,3.9178413237464547,3.9178413237464547,3.9178413237464547,3.9178413237464547,3.9178413237464547,3.9178413237464547,3.9178413237464547,3.9178413237464547,3.9178413237464547,3.9178413237464547,3.9178413237464547,3.9178413237464547,3.9178413237464547,3.9178413237464547,3.9178413237464547,3.9178413237464547,3.9178413237464547,3.9178413237464547,3.9178413237464547,3.9178413237464547,3.9178413237464547,3.9178413237464547,3.9178413237464547,3.9178413237464547,3.9178413237464547,3.9178413237464547,3.9178413237464547,3.9178413237464547,3.9178413237464547,3.9178413237464547,3.9178413237464547,3.9178413237464547,3.9178413237464547,3.9178413237464547,3.9178413237464547,3.9178413237464547,3.9178413237464547,3.9178413237464547,3.9178413237464547,3.9178413237464547,3.9178413237464547,3.9178413237464547,3.9178413237464547,3.9178413237464547,3.9178413237464547,3.9178413237464547,3.9178413237464547,3.9178413237464547,3.9178413237464547,3.9178413237464547,3.9178413237464547,3.9178413237464547,3.9178413237464547,3.9178413237464547,3.9178413237464547,3.9178413237464547,3.9178413237464547,3.9178413237464547,3.9178413237464547,3.9178413237464547,3.9178413237464547,3.9178413237464547,3.9178413237464547,3.9178413237464547,3.9178413237464547,3.9178413237464547,3.9178413237464547,3.9178413237464547,3.9178413237464547,3.9178413237464547,3.9178413237464547,3.9178413237464547,3.9178413237464547,3.9178413237464547,3.9178413237464547,3.9178413237464547,3.9178413237464547,3.9178413237464547,3.9178413237464547,3.9178413237464547,3.9178413237464547,3.9178413237464547,3.9178413237464547,3.9178413237464547,3.9178413237464547,3.9178413237464547,3.9178413237464547,3.9178413237464547,3.9178413237464547,3.9178413237464547,3.9178413237464547,3.9178413237464547,3.9178413237464547,3.9178413237464547,3.9178413237464547,3.9178413237464547,3.9178413237464547,3.9178413237464547,3.9178413237464547,3.9178413237464547,3.9178413237464547,3.9178413237464547,3.9178413237464547,3.9178413237464547,3.9178413237464547,3.9178413237464547,3.9178413237464547,3.9178413237464547,3.9178413237464547,3.9178413237464547,3.9178413237464547,3.9178413237464547,3.9178413237464547,3.9178413237464547,3.9178413237464547,3.9178413237464547,3.9178413237464547,3.9178413237464547,3.9178413237464547,3.9178413237464547,3.9178413237464547,3.9178413237464547,3.9178413237464547,3.9178413237464547,3.9178413237464547,3.9178413237464547,3.9178413237464547,3.9178413237464547,3.9178413237464547,3.9178413237464547,3.9178413237464547,3.9178413237464547,3.9178413237464547,3.9178413237464547,3.9178413237464547,3.9178413237464547,3.9178413237464547,3.9178413237464547,3.9178413237464547,3.9178413237464547,3.9178413237464547,3.9178413237464547,3.9178413237464547,3.9178413237464547,3.9178413237464547,3.9178413237464547,3.9178413237464547,3.9178413237464547,3.9178413237464547,3.9178413237464547,3.9178413237464547,3.9178413237464547,3.9178413237464547,3.9178413237464547,3.9178413237464547,3.9178413237464547,3.9178413237464547,3.9178413237464547,3.9178413237464547,3.9178413237464547,3.9178413237464547,3.9178413237464547,3.9178413237464547,3.9178413237464547,3.9178413237464547,3.9178413237464547,3.9178413237464547,3.9178413237464547,3.9178413237464547,3.9178413237464547,3.9178413237464547,3.9178413237464547,3.9178413237464547,3.9178413237464547,3.9178413237464547,3.9178413237464547,3.9178413237464547,3.9178413237464547,3.9178413237464547,3.9178413237464547,3.9178413237464547,3.9178413237464547,3.9178413237464547,3.9178413237464547,3.9178413237464547,3.9178413237464547,3.9178413237464547,3.9178413237464547,3.9178413237464547,3.9178413237464547,3.9178413237464547,3.9178413237464547,3.9178413237464547,3.9178413237464547,3.9178413237464547,3.9178413237464547,3.9178413237464547,3.9178413237464547,3.9178413237464547,3.9178413237464547,3.9178413237464547,3.9178413237464547,3.9178413237464547,3.9178413237464547,3.9178413237464547,3.9178413237464547,3.9178413237464547,3.9178413237464547,3.9178413237464547,3.9178413237464547,3.9178413237464547,3.9178413237464547,3.9178413237464547,3.9178413237464547,3.9178413237464547,3.9178413237464547,3.9178413237464547,3.9178413237464547,3.9178413237464547,3.9178413237464547,3.9178413237464547,3.9178413237464547,3.9178413237464547,3.9178413237464547,3.9178413237464547,3.9178413237464547,3.9178413237464547,3.9178413237464547,3.9178413237464547,3.9178413237464547,3.9178413237464547,3.9178413237464547,3.9178413237464547,3.9178413237464547,3.9178413237464547,3.9178413237464547,3.9178413237464547,3.9178413237464547,3.9178413237464547,3.9178413237464547,3.9178413237464547,3.9178413237464547,3.9178413237464547,3.9178413237464547,3.9178413237464547,3.9178413237464547,3.9178413237464547,3.9178413237464547,3.9178413237464547,3.9178413237464547,3.9178413237464547,3.9178413237464547,3.9178413237464547,3.9178413237464547,3.9178413237464547,3.9178413237464547,3.9178413237464547,3.9178413237464547,3.9178413237464547,3.9178413237464547,3.9178413237464547,3.9178413237464547,3.9178413237464547,3.9178413237464547,3.9178413237464547,3.9178413237464547,3.9178413237464547,3.9178413237464547,3.9178413237464547,3.9178413237464547,3.9178413237464547,3.9178413237464547,3.9178413237464547,3.9178413237464547,3.9178413237464547,3.9178413237464547,3.9178413237464547,3.9178413237464547,3.9178413237464547,3.9178413237464547,3.9178413237464547,3.9178413237464547,3.9178413237464547,3.9178413237464547,3.9178413237464547,3.9178413237464547,3.9178413237464547,3.9178413237464547,3.9178413237464547,3.9178413237464547,3.9178413237464547,3.9178413237464547,3.9178413237464547,3.9178413237464547,3.9178413237464547,3.9178413237464547,3.9178413237464547,3.9178413237464547,3.9178413237464547,7.379745270696096,6.687915580752999,5.914153275061454,5.779715989512621,5.366612143189608,5.366612143189608,5.366612143189608,5.366612143189608,5.366612143189608,5.366612143189608,5.366612143189608,5.366612143189608,5.366612143189608,5.366612143189608,5.366612143189608,5.366612143189608,5.366612143189608,5.366612143189608,5.366612143189608,5.366612143189608,5.366612143189608,5.366612143189608,5.366612143189608,5.366612143189608,5.366612143189608,5.366612143189608,5.339944372696795,5.339944372696795,5.339944372696795,5.339944372696795,5.339944372696795,5.339944372696795,5.339944372696795,5.339944372696795,5.339944372696795,5.339944372696795,5.339944372696795,5.339944372696795,5.339944372696795,5.328495572001785,5.328495572001785,5.328495572001785,5.328495572001785,5.328495572001785,5.328495572001785,5.328495572001785,5.328495572001785,5.328495572001785,5.328495572001785,5.328495572001785,5.328495572001785,5.328495572001785,5.328495572001785,5.328495572001785,5.328495572001785,5.328495572001785,5.328495572001785,5.328495572001785,5.328495572001785,5.328495572001785,5.328495572001785,5.328495572001785,5.328495572001785,5.328495572001785,5.328495572001785,5.328495572001785,5.328495572001785,5.328495572001785,5.328495572001785,5.328495572001785,5.328495572001785,5.328495572001785,5.328495572001785,5.328495572001785,5.328495572001785,5.328495572001785,5.328495572001785,5.328495572001785,5.328495572001785,5.328495572001785,5.328495572001785,5.328495572001785,5.328495572001785,5.328495572001785,5.328495572001785,5.328495572001785,5.328495572001785,5.328495572001785,5.328495572001785,5.328495572001785,5.328495572001785,5.328495572001785,5.328495572001785,5.328495572001785,5.328495572001785,5.328495572001785,5.328495572001785,5.328495572001785,5.328495572001785,5.328495572001785,5.328495572001785,5.328495572001785,5.328495572001785,5.328495572001785,5.328495572001785,5.328495572001785,5.328495572001785,5.328495572001785,5.328495572001785,5.328495572001785,5.328495572001785,5.328495572001785,5.328495572001785,5.328495572001785,5.328495572001785,5.328495572001785,5.328495572001785,5.328495572001785,5.328495572001785,5.328495572001785,5.328495572001785,5.328495572001785,5.328495572001785,5.328495572001785,5.328495572001785,5.328495572001785,5.328495572001785,5.328495572001785,5.328495572001785,5.328495572001785,5.328495572001785,5.328495572001785,5.328495572001785,5.328495572001785,5.328495572001785,5.328495572001785,5.328495572001785,5.328495572001785,5.328495572001785,5.328495572001785,5.328495572001785,5.328495572001785,5.328495572001785,5.328495572001785,5.328495572001785,5.328495572001785,5.328495572001785,5.328495572001785,5.328495572001785,5.328495572001785,5.328495572001785,5.328495572001785,5.328495572001785,5.328495572001785,5.328495572001785,5.328495572001785,5.328495572001785,5.328495572001785,5.328495572001785,5.328495572001785,5.328495572001785,5.328495572001785,5.328495572001785,5.328495572001785,5.328495572001785,5.328495572001785,5.328495572001785,5.328495572001785,5.328495572001785,5.328495572001785,5.328495572001785,5.328495572001785,5.328495572001785,5.328495572001785,5.328495572001785,5.328495572001785,5.328495572001785,5.328495572001785,5.328495572001785,5.328495572001785,5.328495572001785,5.328495572001785,5.328495572001785,5.328495572001785,5.328495572001785,5.328495572001785,5.328495572001785,5.190386869504542,5.190386869504542,5.190386869504542,5.190386869504542,5.190386869504542,5.190386869504542,5.190386869504542,5.190386869504542,5.190386869504542,5.190386869504542,5.190386869504542,5.190386869504542,5.190386869504542,5.190386869504542,5.190386869504542,5.190386869504542,5.190386869504542,5.190386869504542,5.190386869504542,5.190386869504542,5.190386869504542,5.190386869504542,5.190386869504542,5.190386869504542,5.190386869504542,5.190386869504542,5.190386869504542,5.190386869504542,5.190386869504542,5.190386869504542,5.190386869504542,5.190386869504542,5.190386869504542,5.190386869504542,5.190386869504542,5.190386869504542,5.190386869504542,5.190386869504542,5.190386869504542,5.190386869504542,5.190386869504542,5.190386869504542,5.190386869504542,5.190386869504542,5.190386869504542,5.190386869504542,5.190386869504542,5.190386869504542,5.190386869504542,5.190386869504542,5.190386869504542,5.190386869504542,5.190386869504542,5.190386869504542,5.190386869504542,5.190386869504542,5.190386869504542,5.190386869504542,5.190386869504542,5.190386869504542,5.190386869504542,5.190386869504542,5.190386869504542,5.190386869504542,5.190386869504542,5.190386869504542,5.190386869504542,5.190386869504542,5.190386869504542,5.190386869504542,5.190386869504542,5.190386869504542,5.190386869504542,5.190386869504542,5.190386869504542,5.190386869504542,5.190386869504542,5.190386869504542,5.190386869504542,5.190386869504542,5.190386869504542,5.181861338004307,5.181861338004307,5.181861338004307,5.181861338004307,5.181861338004307,5.181861338004307,5.181861338004307,5.181861338004307,5.181861338004307,5.181861338004307,5.181861338004307,5.181861338004307,5.181861338004307,5.181861338004307,5.181861338004307,5.181861338004307,5.181861338004307,5.181861338004307,5.181861338004307,5.181861338004307,5.181861338004307,5.181861338004307,5.181861338004307,5.181861338004307,5.181861338004307,5.181861338004307,5.181861338004307,5.181861338004307,5.181861338004307,5.181861338004307,5.181861338004307,5.181861338004307,5.181861338004307,5.181861338004307,5.181861338004307,5.181861338004307,5.181861338004307,5.181861338004307,5.181861338004307,5.181861338004307,5.181861338004307,5.181861338004307,5.181861338004307,5.181861338004307,5.181861338004307,5.181861338004307,5.181861338004307,5.181861338004307,5.181861338004307,5.181861338004307,5.181861338004307,5.181861338004307,5.181861338004307,5.181861338004307,5.181861338004307,5.181861338004307,5.181861338004307,5.181861338004307,5.181861338004307,5.181861338004307,5.181861338004307,5.181861338004307,5.181861338004307,5.181861338004307,5.181861338004307,5.181861338004307,5.181861338004307,5.181861338004307,5.181861338004307,5.181861338004307,5.181861338004307,5.181861338004307,5.181861338004307,5.181861338004307,5.181861338004307,5.181861338004307,5.181861338004307,5.181861338004307,5.181861338004307,5.181861338004307,5.181861338004307,5.181861338004307,5.181861338004307,5.181861338004307,5.181861338004307,5.181861338004307,5.181861338004307,5.181861338004307,5.181861338004307,5.181861338004307,5.181861338004307,5.181861338004307,5.181861338004307,5.181861338004307,5.181861338004307,5.181861338004307,5.181861338004307,5.181861338004307,5.181861338004307,5.181861338004307,5.181861338004307,5.181861338004307,5.181861338004307,5.181861338004307,5.181861338004307,5.181861338004307,5.181861338004307,5.181861338004307,5.181861338004307,5.181861338004307,5.181861338004307,5.181861338004307,5.181861338004307,5.181861338004307,5.181861338004307,5.181861338004307,5.181861338004307,5.181861338004307,5.181861338004307,5.181861338004307,5.181861338004307,5.181861338004307,5.181861338004307,5.181861338004307,5.181861338004307,5.181861338004307,5.181861338004307,5.181861338004307,5.181861338004307,5.181861338004307,5.181861338004307,5.181861338004307,5.181861338004307,5.181861338004307,5.181861338004307,5.181861338004307,5.181861338004307,5.181861338004307,5.181861338004307,5.181861338004307,5.181861338004307,5.181861338004307,5.181861338004307,5.181861338004307,5.181861338004307,5.181861338004307,5.181861338004307,5.181861338004307,5.181861338004307,5.181861338004307,5.181861338004307,5.181861338004307,5.181861338004307,5.181861338004307,5.181861338004307,5.181861338004307,5.181861338004307,5.181861338004307,5.181861338004307,5.181861338004307,5.181861338004307,5.181861338004307,5.181861338004307,5.181861338004307,5.181861338004307,5.181861338004307,5.181861338004307,5.181861338004307,5.181861338004307,5.181861338004307,5.181861338004307,5.181861338004307,5.181861338004307,5.181861338004307,5.181861338004307,5.181861338004307,5.181861338004307,5.181861338004307,5.181861338004307,5.181861338004307,5.181861338004307,5.181861338004307,5.181861338004307,5.181861338004307,5.181861338004307,5.181861338004307,5.181861338004307,5.181861338004307,5.181861338004307,5.181861338004307,5.181861338004307,5.181861338004307,5.181861338004307,5.181861338004307,5.181861338004307,5.181861338004307,5.181861338004307,5.181861338004307,5.181861338004307,5.181861338004307,5.181861338004307,5.181861338004307,5.181861338004307,5.181861338004307,5.181861338004307,5.181861338004307,5.181861338004307,5.181861338004307,5.181861338004307,5.181861338004307,5.181861338004307,5.181861338004307,5.181861338004307,5.181861338004307,5.181861338004307,5.181861338004307,5.181861338004307,5.181861338004307,5.181861338004307,5.181861338004307,5.181861338004307,5.181861338004307,5.181861338004307,5.181861338004307,5.181861338004307,5.181861338004307,5.181861338004307,5.181861338004307,5.181861338004307,5.181861338004307,5.181861338004307,5.181861338004307,5.181861338004307,5.181861338004307,5.181861338004307,5.181861338004307,5.181861338004307,5.181861338004307,5.181861338004307,5.181861338004307,5.181861338004307,5.181861338004307,5.181861338004307,5.165603800467924,5.165603800467924,5.165603800467924,5.165603800467924,5.165603800467924,5.165603800467924,5.165603800467924,5.165603800467924,5.165603800467924,5.165603800467924,5.145629468272677,5.145629468272677,5.145629468272677,5.145629468272677,5.145629468272677,5.145629468272677,5.145629468272677,5.145629468272677,5.145629468272677,5.145629468272677,5.145629468272677,5.145629468272677,5.145629468272677,5.145629468272677,5.145629468272677,5.145629468272677,5.145629468272677,5.145629468272677,5.145629468272677,5.145629468272677,5.145629468272677,5.145629468272677,5.145629468272677,5.145629468272677,5.145629468272677,5.145629468272677,5.145629468272677,5.145629468272677,5.145629468272677,5.145629468272677,5.145629468272677,5.145629468272677,5.145629468272677,5.145629468272677,5.145629468272677,5.145629468272677,5.145629468272677,5.145629468272677,5.145629468272677,5.145629468272677,5.145629468272677,5.145629468272677,5.145629468272677,5.145629468272677,5.145629468272677,5.145629468272677,5.145629468272677,5.145629468272677,5.145629468272677,5.145629468272677,5.145629468272677,5.145629468272677,5.145629468272677,5.145629468272677,5.145629468272677,5.145629468272677,5.145629468272677,5.145629468272677,5.145629468272677,5.145629468272677,5.145629468272677,5.145629468272677,5.145629468272677,5.145629468272677,5.145629468272677,5.145629468272677,5.145629468272677,5.145629468272677,5.145629468272677,5.145629468272677,5.145629468272677,5.145629468272677,5.145629468272677,5.145629468272677,5.145629468272677,5.145629468272677,5.145629468272677,5.145629468272677,5.145629468272677,5.145629468272677,5.145629468272677,5.145629468272677,5.145629468272677,5.145629468272677,5.145629468272677,5.145629468272677,5.145629468272677,5.145629468272677,5.145629468272677,5.145629468272677,5.145629468272677,5.145629468272677,5.145629468272677,5.145629468272677,5.145629468272677,5.145629468272677,5.145629468272677,5.145629468272677,5.145629468272677,5.145629468272677,5.145629468272677,5.145629468272677,5.145629468272677,5.145629468272677,5.145629468272677,5.145629468272677,5.145629468272677,5.145629468272677,5.145629468272677,5.145629468272677,5.145629468272677,5.145629468272677,5.145629468272677,5.145629468272677,5.145629468272677,5.145629468272677,5.145629468272677,5.145629468272677,5.145629468272677,5.145629468272677,5.145629468272677,5.145629468272677,5.145629468272677,5.145629468272677,5.145629468272677,5.145629468272677,5.145629468272677,5.145629468272677,5.145629468272677,5.145629468272677,5.145629468272677,5.145629468272677,5.145629468272677,5.145629468272677,5.145629468272677,5.145629468272677,5.145629468272677,5.145629468272677,5.145629468272677,5.145629468272677,5.145629468272677,5.145629468272677,5.145629468272677,5.145629468272677,5.145629468272677,5.145629468272677,5.145629468272677,5.145629468272677,5.145629468272677,5.145629468272677,5.145629468272677,5.145629468272677,5.145629468272677,5.145629468272677,5.145629468272677,5.145629468272677,5.145629468272677,5.145629468272677,5.145629468272677,5.145629468272677,5.145629468272677,5.145629468272677,5.145629468272677,5.145629468272677,5.145629468272677,5.145629468272677,5.145629468272677,5.145629468272677,5.145629468272677,5.145629468272677,5.145629468272677,5.145629468272677,5.145629468272677,5.145629468272677,5.145629468272677,5.145629468272677,5.145629468272677,5.145629468272677,5.145629468272677,5.145629468272677,5.145629468272677,5.145629468272677,5.145629468272677,5.145629468272677,5.145629468272677,5.145629468272677,5.145629468272677,5.145629468272677,5.145629468272677,5.145629468272677,5.145629468272677,5.145629468272677,5.145629468272677,5.145629468272677,5.145629468272677,5.145629468272677,5.145629468272677,5.145629468272677,5.145629468272677,5.145629468272677,5.145629468272677,5.145629468272677,5.145629468272677,5.145629468272677,5.145629468272677,5.145629468272677,5.145629468272677,5.145629468272677,5.145629468272677,5.145629468272677,5.145629468272677,5.145629468272677,5.145629468272677,5.145629468272677,5.145629468272677,5.145629468272677,5.145629468272677,5.145629468272677,5.145629468272677,5.145629468272677,5.145629468272677,5.145629468272677,5.145629468272677,5.145629468272677,5.145629468272677,5.145629468272677,5.145629468272677,5.145629468272677,5.145629468272677,5.145629468272677,5.145629468272677,5.145629468272677,5.145629468272677,5.145629468272677,5.145629468272677,5.145629468272677,5.145629468272677,5.145629468272677,5.145629468272677,5.145629468272677,5.145629468272677,5.145629468272677,5.145629468272677,5.145629468272677,5.145629468272677,5.145629468272677,5.145629468272677,5.145629468272677,5.145629468272677,5.145629468272677,5.145629468272677,5.145629468272677,5.145629468272677,5.145629468272677,5.145629468272677,5.145629468272677,5.145629468272677,5.145629468272677,5.145629468272677,5.145629468272677,5.145629468272677,5.145629468272677,5.145629468272677,5.145629468272677,5.145629468272677,5.145629468272677,5.145629468272677,5.145629468272677,5.145629468272677,5.145629468272677,5.145629468272677,5.145629468272677,5.145629468272677,5.145629468272677,5.145629468272677,5.145629468272677,5.145629468272677,5.145629468272677,5.145629468272677,5.145629468272677,5.145629468272677,5.145629468272677,5.145629468272677,5.145629468272677,5.145629468272677,5.145629468272677,5.145629468272677,5.145629468272677,5.145629468272677,5.145629468272677,5.145629468272677,5.145629468272677,5.145629468272677,5.145629468272677,5.145629468272677,5.145629468272677,5.145629468272677,5.145629468272677,5.145629468272677,5.145629468272677,5.145629468272677,5.145629468272677,5.145629468272677,5.145629468272677,5.145629468272677,5.145629468272677,5.145629468272677,5.145629468272677,5.145629468272677,5.145629468272677,5.145629468272677,5.145629468272677,5.145629468272677,5.145629468272677,5.145629468272677,5.145629468272677,5.145629468272677,5.145629468272677,5.145629468272677,5.145629468272677,5.1168167072078266,3.9664386533804707,3.9664386533804707,3.9664386533804707,3.9664386533804707,3.9664386533804707,3.9664386533804707,3.9664386533804707,3.9664386533804707,3.9664386533804707,3.9664386533804707,3.9664386533804707,3.9664386533804707,3.9664386533804707,3.9664386533804707,3.9664386533804707,3.9664386533804707,3.9664386533804707,3.9664386533804707,3.9664386533804707,3.9664386533804707,3.9664386533804707,3.9664386533804707,3.9664386533804707,3.9664386533804707,3.9664386533804707,3.9664386533804707,3.9664386533804707,3.9664386533804707,3.9664386533804707,3.9664386533804707,3.9664386533804707,3.9664386533804707,3.9664386533804707,3.9664386533804707,3.9664386533804707,3.9664386533804707,3.9664386533804707,3.9664386533804707,3.9664386533804707,3.9664386533804707,3.9664386533804707,3.9664386533804707,3.9664386533804707,3.9664386533804707,3.9664386533804707,3.9664386533804707,3.9664386533804707,3.9664386533804707,3.9664386533804707,3.9664386533804707,3.9664386533804707,3.9664386533804707,3.9664386533804707,3.9664386533804707,3.9664386533804707,3.9664386533804707,3.9664386533804707,3.9664386533804707,3.9664386533804707,3.9664386533804707,3.9664386533804707,3.9664386533804707,3.9664386533804707,3.9664386533804707,3.9664386533804707,3.9664386533804707,3.9664386533804707,3.9664386533804707,3.9664386533804707,3.9664386533804707,3.9664386533804707,3.9664386533804707,3.9664386533804707,3.9664386533804707,3.9664386533804707,3.9664386533804707,3.9664386533804707,3.9664386533804707,3.9664386533804707,3.9664386533804707,3.9664386533804707,3.9664386533804707,3.9664386533804707,3.9664386533804707,3.9664386533804707,3.9664386533804707,3.9664386533804707,3.9664386533804707,3.9664386533804707,3.9664386533804707,3.9664386533804707,3.9664386533804707,3.9664386533804707,3.9664386533804707,3.9664386533804707,3.9664386533804707,3.9664386533804707,3.9664386533804707,3.9664386533804707,3.9664386533804707,3.9664386533804707,3.9664386533804707,3.9664386533804707,3.9664386533804707,3.9664386533804707,3.9664386533804707,3.9664386533804707,3.9664386533804707,3.9664386533804707,3.9664386533804707,3.9664386533804707,3.9664386533804707,3.9664386533804707,3.9664386533804707,3.9664386533804707,3.9664386533804707,3.9664386533804707,3.9664386533804707,3.9664386533804707,3.9664386533804707,3.9664386533804707,3.9664386533804707,3.9664386533804707,3.9664386533804707,3.9664386533804707,3.9664386533804707,3.9664386533804707,3.9664386533804707,3.9664386533804707,3.9664386533804707,3.9664386533804707,3.9664386533804707,3.9664386533804707,3.9664386533804707,3.9664386533804707,3.9664386533804707,3.9664386533804707,3.9664386533804707,3.9664386533804707,3.9664386533804707,3.9664386533804707,3.9664386533804707,3.9664386533804707,3.9664386533804707,3.9664386533804707,3.9664386533804707,3.9664386533804707,3.9664386533804707,3.9664386533804707,3.9664386533804707,3.9664386533804707,3.9664386533804707,3.9664386533804707,3.9664386533804707,3.9664386533804707,3.9664386533804707,3.9664386533804707,3.9664386533804707,8.46250990969119,8.46250990969119,8.46250990969119,8.46250990969119,8.46250990969119,8.46250990969119,8.46250990969119,8.46250990969119,8.46250990969119,8.46250990969119,8.46250990969119,8.46250990969119,8.46250990969119,8.46250990969119,8.46250990969119,8.46250990969119,8.46250990969119,8.46250990969119,8.46250990969119,8.46250990969119,8.096867552796013,8.096867552796013,8.096867552796013,8.096867552796013,8.096867552796013,8.096867552796013,8.096867552796013,8.096867552796013,8.096867552796013,8.096867552796013,8.096867552796013,8.096867552796013,8.096867552796013,8.096867552796013,8.096867552796013,8.096867552796013,8.096867552796013,8.096867552796013,8.096867552796013,8.096867552796013,8.096867552796013,8.096867552796013,8.096867552796013,8.096867552796013,8.096867552796013,8.096867552796013,8.096867552796013,8.096867552796013,8.096867552796013,8.096867552796013,8.096867552796013,8.096867552796013,8.096867552796013,8.096867552796013,8.096867552796013,8.096867552796013,8.096867552796013,8.096867552796013,8.096867552796013,8.096867552796013,8.096867552796013,8.096867552796013,8.096867552796013,8.096867552796013,8.096867552796013,8.096867552796013,8.096867552796013,8.096867552796013,8.096867552796013,8.096867552796013,8.096867552796013,8.096867552796013,8.096867552796013,8.096867552796013,8.096867552796013,8.096867552796013,8.096867552796013,8.096867552796013,8.096867552796013,8.096867552796013,8.096867552796013,8.096867552796013,8.096867552796013,8.096867552796013,8.096867552796013,8.096867552796013,8.096867552796013,8.096867552796013,8.096867552796013,8.096867552796013,8.096867552796013,8.096867552796013,8.096867552796013,8.096867552796013,8.096867552796013,8.096867552796013,8.096867552796013,8.096867552796013,8.096867552796013,8.096867552796013,8.096867552796013,8.096867552796013,8.096867552796013,8.096867552796013,8.096867552796013,8.096867552796013,8.096867552796013,8.096867552796013,8.096867552796013,8.096867552796013,8.096867552796013,8.096867552796013,8.096867552796013,8.096867552796013,8.096867552796013,8.096867552796013,8.096867552796013,8.096867552796013,8.096867552796013,8.096867552796013,8.096867552796013,8.096867552796013,8.096867552796013,8.096867552796013,8.096867552796013,8.096867552796013,8.096867552796013,8.096867552796013,8.096867552796013,8.096867552796013,8.096867552796013,8.096867552796013,8.096867552796013,8.096867552796013,8.096867552796013,8.096867552796013,8.096867552796013,8.096867552796013,8.096867552796013,8.096867552796013,8.096867552796013,8.096867552796013,8.096867552796013,8.096867552796013,8.096867552796013,8.096867552796013,8.096867552796013,8.096867552796013,8.096867552796013,8.096867552796013,8.096867552796013,8.096867552796013,8.096867552796013,8.096867552796013,8.096867552796013,8.096867552796013,8.096867552796013,8.096867552796013,8.096867552796013,8.096867552796013,8.096867552796013,8.096867552796013,8.096867552796013,8.096867552796013,8.096867552796013,8.096867552796013,8.096867552796013,8.096867552796013,8.096867552796013,8.096867552796013,8.096867552796013,8.096867552796013,8.096867552796013,8.096867552796013,8.096867552796013,8.096867552796013,8.096867552796013,8.096867552796013,8.096867552796013,8.096867552796013,8.096867552796013,8.096867552796013,8.096867552796013,8.096867552796013,8.096867552796013,8.096867552796013,8.096867552796013,7.855845478941119,7.855845478941119,7.855845478941119,7.855845478941118,7.855845478941118,7.855845478941118,7.855845478941118,7.855845478941118,7.855845478941118,7.855845478941118,7.855845478941118,7.855845478941118,7.855845478941118,7.855845478941118,7.855845478941118,7.855845478941118,7.855845478941118,7.855845478941118,7.855845478941118,7.855845478941118,7.855845478941118,7.855845478941118,7.855845478941118,7.772905344265626,7.772905344265626,7.772905344265626,7.772905344265626,7.772905344265626,7.772905344265626,7.772905344265626,7.772905344265626,7.772905344265626,7.772905344265626,7.772905344265626,7.772905344265626,7.772905344265626,7.772905344265626,7.772905344265626,7.772905344265626,7.772905344265626,7.772905344265626,7.772905344265626,7.772905344265626,7.772905344265626,7.772905344265626,7.772905344265626,7.772905344265626,7.772905344265626,7.772905344265626,7.772905344265626,7.772905344265626,7.772905344265626,7.772905344265626,7.772905344265626,7.772905344265626,7.772905344265626,7.772905344265626,7.772905344265626,7.772905344265626,7.772905344265626,7.772905344265626,7.772905344265626,7.772905344265626,7.772905344265626,7.772905344265626,7.772905344265626,7.772905344265626,7.772905344265626,7.772905344265626,7.772905344265626,7.772905344265626,7.772905344265626,7.772905344265626,7.772905344265626,7.772905344265626,7.772905344265626,7.772905344265626,7.772905344265626,7.772905344265626,7.772905344265626,7.772905344265626,7.772905344265626,7.772905344265626,7.772905344265626,7.772905344265626,7.772905344265626,7.772905344265626,7.772905344265626,7.772905344265626,7.772905344265626,7.772905344265626,7.772905344265626,7.772905344265626,7.772905344265626,7.772905344265626,7.772905344265626,7.772905344265626,7.772905344265626,7.772905344265626,7.772905344265626,7.772905344265626,7.772905344265626,7.772905344265626,7.772905344265626,7.772905344265626,7.772905344265626,7.772905344265626,7.772905344265626,7.772905344265626,7.772905344265626,7.772905344265626,7.772905344265626,7.772905344265626,7.772905344265626,7.772905344265626,7.772905344265626,7.772905344265626,7.772905344265626,7.772905344265626,7.772905344265626,7.772905344265626,7.772905344265626,7.772905344265626,7.772905344265626,7.772905344265626,7.772905344265626,7.772905344265626,7.772905344265626,7.772905344265626,7.772905344265626,7.772905344265626,7.772905344265626,7.772905344265626,7.772905344265626,7.772905344265626,7.772905344265626,7.772905344265626,7.772905344265626,7.772905344265626,7.772905344265626,7.772905344265626,7.772905344265626,7.772905344265626,7.772905344265626,7.772905344265626,7.772905344265626,7.772905344265626,7.772905344265626,7.772905344265626,7.772905344265626,7.772905344265626,7.772905344265626,7.772905344265626,7.772905344265626,7.772905344265626,7.772905344265626,7.772905344265626,7.772905344265626,7.772905344265626,7.772905344265626,7.772905344265626,7.772905344265626,7.772905344265626,7.772905344265626,7.772905344265626,7.772905344265626,7.772905344265626,7.772905344265626,7.772905344265626,7.772905344265626,7.772905344265626,7.772905344265626,7.772905344265626,7.772905344265626,7.772905344265626,7.772905344265626,7.772905344265625,7.772905344265625,7.772905344265625,7.772905344265625,7.772905344265625,7.772905344265625,7.772905344265625,7.772905344265625,7.772905344265625,7.772905344265625,7.772905344265625,7.772905344265625,7.772905344265625,7.772905344265625,7.772905344265625,7.772905344265625,7.772905344265625,7.772905344265625,7.772905344265625,7.772905344265625,7.772905344265625,7.772905344265625,7.772905344265625,7.772905344265625,7.772905344265625,7.772905344265625,7.772905344265625,7.772905344265625,7.772905344265625,7.772905344265625,7.772905344265625,7.772905344265625,7.772905344265625,7.772905344265625,7.772905344265625,7.772905344265625,7.772905344265625,7.772905344265625,7.772905344265625,7.772905344265625,7.772905344265625,7.772905344265625,7.772905344265625,7.772905344265625,7.772905344265625,7.772905344265625,7.772905344265625,7.772905344265625,7.772905344265625,7.772905344265625,7.772905344265625,7.772905344265625,7.772905344265625,7.772905344265625,7.772905344265625,7.772905344265625,7.772905344265625,7.772905344265625,7.772905344265625,7.772905344265625,7.772905344265625,7.772905344265625,7.772905344265625,7.772905344265625,7.772905344265625,7.772905344265625,7.772905344265625,7.772905344265625,7.772905344265625,7.772905344265625,7.772905344265625,7.772905344265625,7.772905344265625,7.772905344265625,7.772905344265625,7.772905344265625,7.772905344265625,7.772905344265625,7.772905344265625,7.772905344265625,7.772905344265625,7.772905344265625,7.772905344265625,7.772905344265625,7.772905344265625,7.772905344265625,7.772905344265625,7.772905344265625,7.772905344265625,7.772905344265625,7.772905344265625,7.772905344265625,7.772905344265625,7.772905344265625,7.772905344265625,7.772905344265625,7.772905344265625,7.772905344265625,7.772905344265625,7.772905344265625,7.772905344265625,7.772905344265625,7.772905344265625,7.772905344265625,7.772905344265625,7.772905344265625,7.772905344265625,7.772905344265625,7.772905344265625,7.772905344265625,7.772905344265625,7.772905344265625,7.772905344265625,7.772905344265625,7.772905344265625,7.772905344265625,7.772905344265625,7.772905344265625,7.772905344265625,7.772905344265625,7.772905344265625,7.772905344265625,7.772905344265625,7.772905344265625,7.772905344265625,7.772905344265625,7.772905344265625,7.772905344265625,7.772905344265625,7.772905344265625,7.772905344265625,7.772905344265625,7.772905344265625,7.772905344265625,7.772905344265625,7.772905344265625,7.772905344265625,7.772905344265625,7.772905344265625,7.772905344265625,7.772905344265625,7.772905344265625,7.772905344265625,7.772905344265625,7.772905344265625,7.772905344265625,7.772905344265625,7.772905344265625,7.772905344265625,7.772905344265625,7.772905344265625,7.772905344265625,7.772905344265625,7.772905344265625,7.772905344265625,7.772905344265625,7.772905344265625,7.772905344265625,7.772905344265625,7.772905344265625,7.772905344265625,7.772905344265625,7.772905344265625,7.772905344265625,7.772905344265625,7.772905344265625,7.772905344265625,7.772905344265625,7.772905344265625,7.772905344265625,7.772905344265625,7.772905344265625,7.772905344265625,7.772905344265625,7.772905344265625,7.772905344265625,7.772905344265625,7.772905344265625,7.772905344265625,7.772905344265625,7.772905344265625,7.772905344265625,7.772905344265625,7.772905344265625,7.772905344265625,7.772905344265625,7.772905344265625,7.772905344265625,7.772905344265625,7.772905344265625,7.772905344265625,7.772905344265625,7.772905344265625,7.772905344265625,7.772905344265625,7.772905344265625,7.772905344265625,7.772905344265625,7.772905344265625,7.772905344265625,7.772905344265625,7.772905344265625,7.772905344265625,7.772905344265625,7.772905344265625,7.772905344265625,7.772905344265625,7.772905344265625,7.772905344265625,7.772905344265625,7.772905344265625,7.772905344265625,7.772905344265625,7.772905344265625,7.772905344265625,7.772905344265625,7.772905344265625,7.772905344265625,7.772905344265625,7.772905344265625,7.772905344265625,7.772905344265625,7.772905344265625,7.772905344265625,7.772905344265625,7.772905344265625,7.772905344265625,7.772905344265625,7.772905344265625,7.772905344265625,7.772905344265625,7.772905344265625,7.772905344265625,7.772905344265625,7.772905344265625,7.772905344265625,7.772905344265625,7.772905344265625,7.772905344265625,7.772905344265625,7.772905344265625,7.772905344265625,7.772905344265625,7.772905344265625,7.772905344265625,7.772905344265625,7.772905344265625,7.772905344265625,7.717628378466442,7.717628378466442,7.717628378466442,7.717628378466442,7.717628378466442,7.717628378466442,7.717628378466442,7.717628378466442,7.717628378466442,7.717628378466442,7.717628378466442,7.717628378466442,7.717628378466442,7.717628378466442,7.717628378466442,7.717628378466442,7.717628378466442,7.717628378466442,7.717628378466442,7.717628378466442,7.717628378466442,7.717628378466442,7.717628378466442,7.717628378466442,7.717628378466442,7.717628378466442,7.717628378466442,7.717628378466442,7.717628378466442,7.717628378466442,7.717628378466442,7.717628378466442,7.717628378466442,7.717628378466442,7.717628378466442,7.717628378466442,7.717628378466442,7.717628378466442,7.717628378466442,7.717628378466442,7.717628378466442,7.717628378466442,7.717628378466442,7.717628378466442,7.717628378466442,7.717628378466442,7.717628378466442,7.717628378466442,7.717628378466442,7.717628378466442,7.717628378466442,7.717628378466442,7.717628378466442,7.717628378466442,7.717628378466442,7.717628378466442,7.717628378466442,7.717628378466442,7.717628378466442,7.717628378466442,7.717628378466442,7.717628378466442,7.717628378466442,7.717628378466442,7.717628378466442,7.717628378466442,7.717628378466442,7.717628378466442,7.717628378466442,7.717628378466442,7.717628378466442,7.717628378466442,7.717628378466442,7.717628378466442,7.717628378466442,7.717628378466442,7.717628378466442,7.717628378466442,7.717628378466442,7.717628378466442,7.717628378466442,7.717628378466442,7.717628378466442,7.717628378466442,7.717628378466442,7.717628378466442,7.717628378466442,7.717628378466442,7.717628378466442,7.717628378466442,7.717628378466442,7.717628378466442,7.717628378466442,7.717628378466442,7.717628378466442,7.717628378466442,7.717628378466442,7.717628378466442,7.717628378466442,7.717628378466442,7.717628378466442,7.717628378466442,7.717628378466442,7.717628378466442,7.717628378466442,7.717628378466442,7.717628378466442,7.717628378466442,7.717628378466442,7.717628378466442,7.717628378466442,7.717628378466442,7.717628378466442,7.717628378466442,7.717628378466442,7.717628378466442,7.717628378466442,7.717628378466442,7.717628378466442,7.717628378466442,7.717628378466442,7.717628378466442,7.717628378466442,7.717628378466442,7.717628378466442,7.717628378466442,7.717628378466442,7.717628378466442,7.717628378466442,7.717628378466442,7.717628378466442,7.717628378466442,7.717628378466442,7.717628378466442,7.717628378466442,7.717628378466442,7.717628378466442,7.717628378466442,7.717628378466442,7.717628378466442,7.717628378466442,7.717628378466442,7.717628378466442,7.717628378466442,7.717628378466442,7.717628378466442,7.717628378466442,7.717628378466442,7.717628378466442,7.717628378466442,7.717628378466442,7.717628378466442,7.717628378466442,7.717628378466442,7.717628378466442,7.717628378466442,7.717628378466442,7.717628378466442,7.717628378466442,7.717628378466442,7.717628378466442,7.717628378466442,7.717628378466442,7.717628378466442,7.717628378466442,7.717628378466442,7.717628378466442,7.717628378466442,7.717628378466442,7.717628378466442,7.6041969937581735,6.653537212529649,6.653537212529649,6.406352968786727,6.4063529687867256,6.4063529687867256,6.4063529687867256,6.217165117923023,6.217165117923023,6.217165117923023,6.217165117923023,6.217165117923023,6.217165117923023,6.217165117923023,6.018824596513392,6.018824596513392,6.018824596513392,6.018824596513392,5.880861000721978,5.880861000721978,5.880861000721978,5.880861000721978,5.880861000721978,5.871310819994283,5.871310819994283,5.871310819994283,5.871310819994283,5.871310819994283,5.871310819994283,5.871310819994283,5.871310819994283,5.871310819994283,5.871310819994283,5.871310819994283,5.871310819994283,5.871310819994283,5.871310819994283,5.871310819994283,5.871310819994283,5.871310819994283,5.871310819994283,5.871310819994283,5.871310819994283,5.871310819994283,5.871310819994283,5.871310819994283,5.871310819994283,5.871310819994283,5.871310819994283,5.871310819994283,5.871310819994283,5.871310819994283,5.871310819994283,5.871310819994283,5.871310819994283,5.871310819994283,5.871310819994283,5.871310819994283,5.871310819994283,5.871310819994283,5.871310819994283,5.871310819994283,5.871310819994283,5.871310819994283,5.871310819994283,5.871310819994283,5.871310819994283,5.871310819994283,5.871310819994283,5.871310819994283,5.871310819994283,5.871310819994283,5.871310819994283,5.871310819994283,5.871310819994283,5.871310819994283,5.871310819994283,5.871310819994283,5.871310819994283,5.871310819994283,5.871310819994283,5.871310819994283,5.871310819994283,5.871310819994283,5.871310819994283,5.871310819994283,5.871310819994283,5.871310819994283,5.871310819994283,5.871310819994283,5.871310819994283,5.871310819994283,5.871310819994283,5.871310819994283,5.871310819994283,5.871310819994283,5.871310819994283,5.871310819994283,5.871310819994283,5.871310819994283,5.871310819994283,5.871310819994283,5.871310819994283,5.871310819994283,5.871310819994283,5.871310819994283,5.871310819994283,5.871310819994283,5.871310819994283,5.871310819994283,5.871310819994283,5.871310819994283,5.871310819994283,5.871310819994283,5.871310819994283,5.871310819994283,5.871310819994283,5.871310819994283,5.871310819994283,5.871310819994283,5.871310819994283,5.871310819994283,5.871310819994283,5.871310819994283,5.871310819994283,5.871310819994283,5.871310819994283,5.871310819994283,5.871310819994283,5.871310819994283,5.871310819994283,5.871310819994283,5.871310819994283,5.871310819994283,5.871310819994283,5.871310819994283,5.871310819994283,5.871310819994283,5.871310819994283,5.871310819994283,5.871310819994283,5.871310819994283,5.871310819994283,5.871310819994283,5.871310819994283,5.871310819994283,5.871310819994283,5.871310819994283,5.871310819994283,5.871310819994283,5.871310819994283,5.871310819994283,5.871310819994283,5.871310819994283,5.871310819994283,5.871310819994283,5.871310819994283,5.871310819994283,5.871310819994283,5.871310819994283,5.871310819994283,5.871310819994283,5.871310819994283,5.871310819994283,5.871310819994283,5.871310819994283,5.871310819994283,5.871310819994283,5.871310819994283,5.871310819994283,5.871310819994283,5.871310819994283,5.871310819994283,5.871310819994283,5.871310819994283,5.871310819994283,5.871310819994283,5.871310819994283,5.871310819994283,5.871310819994283,5.871310819994283,5.871310819994283,5.871310819994283,5.871310819994283,5.871310819994283,5.871310819994283,5.871310819994283,5.871310819994283,5.871310819994283,5.871310819994283,5.871310819994283,5.871310819994283,5.871310819994283,5.871310819994283,5.871310819994283,5.871310819994283,5.871310819994283,5.871310819994283,5.871310819994283,5.871310819994283,5.871310819994283,5.871310819994283,5.871310819994283,5.871310819994283,5.871310819994283,5.871310819994283,5.871310819994283,5.871310819994283,5.871310819994283,5.871310819994283,5.871310819994283,5.871310819994283,5.871310819994283,5.871310819994283,5.871310819994283,5.871310819994283,5.871310819994283,5.871310819994283,5.871310819994283,7.463640138138405,5.620993172925982,5.620993172925982,5.620993172925982,5.620993172925982,5.620993172925982,5.620993172925982,5.620993172925982,5.620993172925982,5.620993172925982,5.620993172925982,5.620993172925982,5.620993172925982,5.620993172925982,5.620993172925982,5.620993172925982,5.620993172925982,5.620993172925982,5.620993172925982,5.620993172925982,5.620993172925982,5.620993172925982,5.620993172925982,5.620993172925982,5.620993172925982,5.620993172925982,5.620993172925982,5.620993172925982,5.620993172925982,5.620993172925982,5.620993172925982,5.620993172925982,5.620993172925982,5.620993172925982,5.620993172925982,5.620993172925982,5.620993172925982,5.620993172925982,5.620993172925982,5.620993172925982,5.620993172925982,5.620993172925982,5.620993172925982,5.620993172925982,5.620993172925982,5.620993172925982,5.620993172925982,5.620993172925982,5.620993172925982,5.620993172925982,5.620993172925982,5.620993172925982,5.620993172925982,5.620993172925982,5.620993172925982,5.620993172925982,5.620993172925982,5.620993172925982,5.620993172925982,5.620993172925982,5.620993172925982,5.620993172925982,5.620993172925982,5.620993172925982,5.620993172925982,5.620993172925982,5.620993172925982,5.620993172925982,5.620993172925982,5.620993172925982,5.620993172925982,5.620993172925982,5.590625746843105,5.590625746843105,5.590625746843105,5.590625746843105,5.590625746843105,5.590625746843105,5.590625746843105,5.590625746843105,5.590625746843105,5.590625746843105,5.590625746843105,5.590625746843105,5.590625746843105,5.590625746843105,5.590625746843105,5.590625746843105,5.590625746843105,5.590625746843105,5.590625746843105,5.590625746843105,5.590625746843105,5.590625746843105,5.590625746843105,5.590625746843105,5.590625746843105,5.590625746843105,5.590625746843105,5.590625746843105,5.590625746843105,5.590625746843105,5.590625746843105,5.590625746843105,5.590625746843105,5.590625746843105,5.590625746843105,5.590625746843105,5.590625746843105,5.590625746843105,5.590625746843105,5.590625746843105,5.590625746843105,5.590625746843105,5.590625746843105,5.590625746843105,5.590625746843105,5.590625746843105,5.590625746843105,5.590625746843105,5.590625746843105,5.590625746843105,5.590625746843105,5.590625746843105,5.590625746843105,5.590625746843105,5.590625746843105,5.590625746843105,5.590625746843105,5.590625746843105,5.590625746843105,5.590625746843105,5.590625746843105,5.590625746843105,5.590625746843105,5.590625746843105,5.590625746843105,5.590625746843105,5.590625746843105,5.590625746843105,5.590625746843105,5.590625746843105,5.590625746843105,5.590625746843105,5.590625746843105,5.590625746843105,5.590625746843105,5.590625746843105,5.590625746843105,5.590625746843105,5.590625746843105,5.590625746843105,5.590625746843105,5.590625746843105,5.590625746843105,5.590625746843105,5.590625746843105,5.590625746843105,5.590625746843105,5.590625746843105,5.590625746843105,5.590625746843105,5.590625746843105,5.590625746843105,5.590625746843105,5.590625746843105,5.590625746843105,5.590625746843105,5.590625746843105,5.590625746843105,5.590625746843105,5.590625746843105,5.590625746843105,5.590625746843105,5.590625746843105,5.590625746843105,5.590625746843105,5.590625746843105,5.590625746843105,5.590625746843105,5.590625746843105,5.590625746843105,5.590625746843105,5.590625746843105,5.590625746843105,5.590625746843105,5.590625746843105,5.590625746843105,5.590625746843105,5.590625746843105,5.590625746843105,5.590625746843105,5.590625746843105,5.590625746843105,5.590625746843105,5.590625746843105,5.590625746843105,5.590625746843105,5.590625746843105,5.590625746843105,5.590625746843105,5.590625746843105,5.590625746843105,5.590625746843105,5.590625746843105,5.590625746843105,5.590625746843105,5.590625746843105,5.590625746843105,5.590625746843105,5.590625746843105,5.590625746843105,5.590625746843105,5.590625746843105,5.590625746843105,5.590625746843105,5.590625746843105,5.590625746843105,5.590625746843105,5.590625746843105,5.590625746843105,5.590625746843105,5.590625746843105,5.590625746843105,5.590625746843105,5.590625746843105,5.590625746843105,5.590625746843105,5.590625746843105,5.590625746843105,5.590625746843105,5.590625746843105,5.590625746843105,5.590625746843105,5.590625746843105,5.590625746843105,5.590625746843105,5.590625746843105,5.590625746843105,5.590625746843105,5.590625746843105,5.590625746843105,5.590625746843105,5.590625746843105,5.590625746843105,5.590625746843105,5.590625746843105,5.590625746843105,5.590625746843105,5.590625746843105,5.590625746843105,5.590625746843105,5.590625746843105,5.590625746843105,5.590625746843105,5.590625746843105,5.590625746843105,5.590625746843105,5.590625746843105,5.590625746843105,5.590625746843105,5.590625746843105,5.590625746843105,5.590625746843105,5.590625746843105,5.590625746843105,5.590625746843105,5.590625746843105,5.590625746843105,5.590625746843105,5.590625746843105,5.590625746843105,5.590625746843105,5.590625746843105,5.590625746843105,5.590625746843105,5.590625746843105,5.590625746843105,5.590560325094583,5.590560325094583,5.590560325094583,5.590560325094583,5.590560325094583,5.590560325094583,5.590560325094583,5.590560325094583,5.590560325094583,5.590560325094583,5.590560325094583,5.590560325094583,5.590560325094583,5.590560325094583,5.590560325094583,5.590560325094583,5.590560325094583,5.590560325094583,5.590560325094583,5.590560325094583,5.590560325094583,5.590560325094583,5.590560325094583,5.590560325094583,5.590560325094583,5.590560325094583,5.590560325094583,5.590560325094583,5.590560325094583,5.590560325094583,5.590560325094583,5.590560325094583,5.590560325094583,5.590560325094583,5.590560325094583,5.590560325094583,5.590560325094583,5.590560325094583,5.590560325094583,5.590560325094583,5.590560325094583,5.590560325094583,5.590560325094583,5.590560325094583,5.590560325094583,5.590560325094583,5.590560325094583,5.590560325094583,5.590560325094583,5.590560325094583,5.590560325094583,5.590560325094583,5.590560325094583,5.590560325094583,5.590560325094583,5.590560325094583,5.590560325094583,5.590560325094583,5.590560325094583,5.590560325094583,5.590560325094583,5.590560325094583,5.590560325094583,5.590560325094583,5.590560325094583,5.590560325094583,5.590560325094583,5.590560325094583,5.590560325094583,5.590560325094583,5.590560325094583,5.590560325094583,5.590560325094583,5.590560325094583,5.590560325094583,5.590560325094583,5.590560325094583,5.590560325094583,5.590560325094583,5.590560325094583,5.590560325094583,5.590560325094583,5.590560325094583,5.590560325094583,5.590560325094583,5.590560325094583,5.590560325094583,5.590560325094583,5.590560325094583,5.590560325094583,5.590560325094583,5.590560325094583,5.590560325094583,5.590560325094583,5.590560325094583,5.590560325094583,5.590560325094583,5.590560325094583,5.590560325094583,5.590560325094583,5.590560325094583,5.590560325094583,5.590560325094583,5.590560325094583,5.590560325094583,5.590560325094583,5.590560325094583,5.590560325094583,5.590560325094583,5.590560325094583,5.590560325094583,5.590560325094583,5.590560325094583,5.590560325094583,5.590560325094583,5.590560325094583,5.590560325094583,5.590560325094583,5.590560325094583,5.590560325094583,5.590560325094583,5.590560325094583,5.590560325094583,5.590560325094583,5.590560325094583,5.590560325094583,5.590560325094583,5.590560325094583,5.590560325094583,5.590560325094583,5.590560325094583,5.590560325094583,5.590560325094583,5.590560325094583,5.590560325094583,5.590560325094583,5.590560325094583,5.590560325094583,5.590560325094583,5.590560325094583,5.590560325094583,5.590560325094583,5.590560325094583,5.590560325094583,5.590560325094583,5.590560325094583,5.590560325094583,5.590560325094583,5.590560325094583,5.590560325094583,5.590560325094583,5.590560325094583,5.590560325094583,5.590560325094583,5.590560325094583,5.590560325094583,5.590560325094583,5.590560325094583,5.590560325094583,5.590560325094583,5.590560325094583,5.590560325094583,5.590560325094583,5.590560325094583,5.590560325094583,5.590560325094583,5.590560325094583,5.590560325094583,5.590560325094583,5.590560325094583,5.590560325094583,5.590560325094583,5.590560325094583,5.590560325094583,5.590560325094583,5.590560325094583,5.590560325094583,5.590560325094583,5.590560325094583,5.590560325094583,5.590560325094583,5.590560325094583,5.590560325094583,5.590560325094583,5.590560325094583,5.590560325094583,5.590560325094583,5.590560325094583,5.590560325094583,5.590560325094583,5.590560325094583,5.590560325094583,5.590560325094583,5.590560325094583,5.590560325094583,5.590560325094583,5.590560325094583,5.590560325094583,5.590560325094583,5.590560325094583,5.590560325094583,5.590560325094583,5.590560325094583,5.590560325094583,5.590560325094583,5.590560325094583,5.590560325094583,5.590560325094583,5.590560325094583,5.590560325094583,5.590560325094583,5.590560325094583,5.590560325094583,5.590560325094583,5.590560325094583,5.590560325094583,5.590560325094583,5.590560325094583,5.590560325094583,5.590560325094583,5.590560325094583,5.590560325094583,5.590560325094583,5.590560325094583,5.590560325094583,5.590560325094583,5.590560325094583,5.590560325094583,5.590560325094583,5.590560325094583,5.590560325094583,5.590560325094583,5.590560325094583,5.590560325094583,5.590560325094583,5.590560325094583,5.590560325094583,5.590560325094583,5.590560325094583,5.590560325094583,5.590560325094583,5.590560325094583,5.590560325094583,5.590560325094583,5.590560325094583,5.590560325094583,5.590560325094583,5.590560325094583,5.590560325094583,5.590560325094583,5.590560325094583,5.590560325094583,5.590560325094583,5.590560325094583,5.590560325094583,5.590560325094583,5.590560325094583,5.590560325094583,5.590560325094583,5.590560325094583,5.590560325094583,5.590560325094583,5.590560325094583,5.590560325094583,5.590560325094583,5.590560325094583,5.590560325094583,5.590560325094583,5.590560325094583,5.590560325094583,5.590560325094583,4.037361908766962,3.797334097401536,3.797334097401536,3.797334097401536,3.6342017933894333,3.6342017933894333,3.6342017933894333,3.6342017933894333,3.6342017933894333,3.6342017933894333,3.6342017933894333,3.6342017933894333,3.6342017933894333,3.6342017933894333,3.6342017933894333,3.6342017933894333,3.6342017933894333,3.6342017933894333,3.6342017933894333,3.6342017933894333,3.6342017933894333,3.6342017933894333,3.6342017933894333,3.6342017933894333,3.6342017933894333,3.6342017933894333,3.6342017933894333,3.6342017933894333,3.6342017933894333,3.6342017933894333,3.6342017933894333,3.6342017933894333,3.6342017933894333,3.6342017933894333,3.6342017933894333,3.6342017933894333,3.6342017933894333,3.6342017933894333,3.6341363716409125,3.6341363716409125,3.6341363716409125,3.6341363716409125,3.6341363716409125,3.6341363716409125,3.6341363716409125,3.6341363716409125,3.6341363716409125,3.6341363716409125,3.6341363716409125,3.6341363716409125,3.6341363716409125,3.6341363716409125,3.6341363716409125,3.6341363716409125,3.6341363716409125,3.6341363716409125,3.6341363716409125,3.6341363716409125,3.6341363716409125,3.6341363716409125,3.6341363716409125,3.6341363716409125,3.6341363716409125,3.6341363716409125,3.6341363716409125,3.6341363716409125,3.6341363716409125,3.6341363716409125,3.6341363716409125,3.6341363716409125,3.6341363716409125,3.6341363716409125,3.6341363716409125,3.6341363716409125,3.6341363716409125,3.6341363716409125,3.6341363716409125,3.6341363716409125,3.6341363716409125,3.6341363716409125,3.6341363716409125,3.6341363716409125,3.6341363716409125,3.2394792850763254,3.2394792850763254,3.2394792850763254,3.2394792850763254,3.2394792850763254,3.2394792850763254,3.2394792850763254,3.2394792850763254,3.2394792850763254,3.2394792850763254,3.2394792850763254,3.2394792850763254,3.2394792850763254,3.2394792850763254,3.2394792850763254,3.2394792850763254,3.2394792850763254,3.2394792850763254,3.2394792850763254,3.2394792850763254,3.2394792850763254,3.2394792850763254,3.2394792850763254,3.2394792850763254,3.2394792850763254,3.2394792850763254,3.2394792850763254,3.2394792850763254,3.2394792850763254,3.2394792850763254,3.2394792850763254,3.2394792850763254,3.2394792850763254,3.2394792850763254,3.2394792850763254,3.2394792850763254,3.2394792850763254,3.2394792850763254,3.2394792850763254,3.2394792850763254,3.2394792850763254,3.2394792850763254,3.2394792850763254,3.2394792850763254,3.2394792850763254,3.2394792850763254,3.2394792850763254,3.2394792850763254,3.2394792850763254,3.2394792850763254,3.2394792850763254,3.2394792850763254,3.2394792850763254,3.2394792850763254,3.2394792850763254,3.2394792850763254,3.2394792850763254,3.2394792850763254,3.2394792850763254,3.2394792850763254,3.2394792850763254,3.2394792850763254,3.2394792850763254,3.2394792850763254,3.2394792850763254,3.2394792850763254,3.2394792850763254,3.2394792850763254,3.2394792850763254,3.2394792850763254,3.2394792850763254,3.2394792850763254,3.2394792850763254,3.2394792850763254,3.2394792850763254,3.2394792850763254,3.2394792850763254,3.2394792850763254,3.2394792850763254,3.2394792850763254,3.2394792850763254,3.2394792850763254,3.2394792850763254,3.2394792850763254,3.2394792850763254,3.2394792850763254,3.2394792850763254,3.2394792850763254,3.2394792850763254,3.2394792850763254,3.2394792850763254,3.2394792850763254,3.2394792850763254,3.2394792850763254,3.2394792850763254,3.2394792850763254,3.2394792850763254,3.2394792850763254,3.2394792850763254,3.2394792850763254,3.2394792850763254,3.2394792850763254,3.2394792850763254,3.2394792850763254,3.2394792850763254,3.2394792850763254,3.2394792850763254,3.2394792850763254,3.2394792850763254,3.2394792850763254,3.2394792850763254,3.2394792850763254,3.2394792850763254,3.2394792850763254,3.2394792850763254,3.2394792850763254,3.2394792850763254,3.2394792850763254,3.2394792850763254,3.2394792850763254,3.2394792850763254,3.2394792850763254,3.2394792850763254,3.2394792850763254,3.2394792850763254,3.2394792850763254,3.2394792850763254,3.2394792850763254,3.2394792850763254,3.2394792850763254,3.2394792850763254,3.2394792850763254,3.2394792850763254,3.2394792850763254,3.2394792850763254,3.2394792850763254,3.2394792850763254,3.2394792850763254,3.2394792850763254,3.2394792850763254,3.2394792850763254,3.2394792850763254,3.2394792850763254,3.2394792850763254,3.2394792850763254,3.2394792850763254,3.2394792850763254,3.2394792850763254,3.2394792850763254,3.2394792850763254,3.2394792850763254,3.2394792850763254,3.2394792850763254,3.2394792850763254,3.2394792850763254,3.2394792850763254,3.2394792850763254,3.2394792850763254,3.2394792850763254,3.2394792850763254,3.2394792850763254,3.2394792850763254,3.2394792850763254,3.2394792850763254,3.2394792850763254,3.2394792850763254,3.2394792850763254,3.2394792850763254,3.2394792850763254,3.2394792850763254,3.2394792850763254,3.2394792850763254,3.2394792850763254,3.2394792850763254,3.2394792850763254,3.2394792850763254,3.2394792850763254,3.2394792850763254,3.2394792850763254,3.2394792850763254,3.2394792850763254,3.2394792850763254,3.2394792850763254,3.2394792850763254,3.2394792850763254,3.2394792850763254,3.2394792850763254,3.2394792850763254,3.2394792850763254,3.2394792850763254,3.2394792850763254,3.2394792850763254,3.2394792850763254,3.2394792850763254,3.2394792850763254,3.2394792850763254,3.2394792850763254,3.2394792850763254,3.2394792850763254,3.2394792850763254,3.2394792850763254,3.2394792850763254,3.2394792850763254,3.2394792850763254,3.2394792850763254,3.2394792850763254,3.2394792850763254,3.2394792850763254,3.2394792850763254,3.2394792850763254,3.2394792850763254,3.2394792850763254,3.2394792850763254,3.2394792850763254,3.2394792850763254,3.2394792850763254,3.2394792850763254,3.2394792850763254,3.2394792850763254,3.2394792850763254,3.2394792850763254,3.2394792850763254,3.2394792850763254,3.2394792850763254,3.2394792850763254,3.2394792850763254,3.2394792850763254,3.2394792850763254,3.2394792850763254,3.2394792850763254,3.2394792850763254,3.2394792850763254,3.2394792850763254,3.2394792850763254,3.2394792850763254,3.2394792850763254,3.2394792850763254,3.2394792850763254,3.2394792850763254,3.2394792850763254,3.2394792850763254,3.2394792850763254,3.2394792850763254,3.2394792850763254,3.2394792850763254,3.2394792850763254,3.2394792850763254,3.2394792850763254,3.2394792850763254,3.2394792850763254,3.2394792850763254,3.2394792850763254,3.2394792850763254,3.2394792850763254,3.2394792850763254,3.2394792850763254,3.2394792850763254,3.2394792850763254,3.2394792850763254,3.2394792850763254,3.2394792850763254,3.2394792850763254,3.2394792850763254,3.2394792850763254,3.2394792850763254,3.2394792850763254,3.2394792850763254,3.2394792850763254,3.2394792850763254,3.2394792850763254,3.2394792850763254,3.2394792850763254,3.2394792850763254,3.2394792850763254,3.2394792850763254,3.2394792850763254,3.2394792850763254,3.2394792850763254,3.2394792850763254,3.2394792850763254,3.2394792850763254,3.2394792850763254,3.2394792850763254,3.2394792850763254,3.2394792850763254,3.2394792850763254,3.2394792850763254,3.2394792850763254,3.2394792850763254,3.2394792850763254,3.2394792850763254,3.2394792850763254,3.2394792850763254,3.2394792850763254,3.2394792850763254,3.2394792850763254,3.2394792850763254,3.2394792850763254,3.2394792850763254,3.2394792850763254,3.2394792850763254,3.2394792850763254,3.2394792850763254,3.2394792850763254,3.2394792850763254,3.2394792850763254,3.2394792850763254,3.2394792850763254,3.2394792850763254,3.2394792850763254,3.2394792850763254,3.2394792850763254,3.2394792850763254,3.2394792850763254,3.2394792850763254,3.2394792850763254,3.2394792850763254,3.2394792850763254,3.2394792850763254,3.2394792850763254,3.2394792850763254,3.2394792850763254,3.2394792850763254,3.2394792850763254,3.2394792850763254,3.2394792850763254,3.2394792850763254,3.2394792850763254,3.2394792850763254,3.2394792850763254,3.2394792850763254,3.2394792850763254,3.2394792850763254,3.2394792850763254,3.2394792850763254,3.2394792850763254,3.2394792850763254,3.2394792850763254,3.2394792850763254,3.2394792850763254,3.2394792850763254,3.2394792850763254,3.2394792850763254,3.2394792850763254,3.2394792850763254,3.2394792850763254,3.2394792850763254,3.2394792850763254,3.2394792850763254,3.2394792850763254,3.2394792850763254,3.2394792850763254,3.2394792850763254,3.2394792850763254,3.2394792850763254,3.2394792850763254,3.2394792850763254,3.2394792850763254,3.2394792850763254,3.2394792850763254,3.2394792850763254,3.2394792850763254,3.2394792850763254,3.2394792850763254,3.2394792850763254,3.2394792850763254,3.2394792850763254,3.2394792850763254,6.644632905761731,6.644632905761731,6.644632905761731,6.644632905761731,5.7013537994553625,5.7013537994553625,5.7013537994553625,5.7013537994553625,5.7013537994553625,5.7013537994553625,5.627454547116937,5.627454547116937,5.627454547116937,5.627454547116937,5.622372491726033,5.622372491726033,5.622372491726033,5.622372491726033,5.622372491726033,5.622372491726033,5.622372491726033,5.622372491726033,5.622372491726033,5.622372491726033,5.622372491726033,5.622372491726033,5.622372491726033,5.622372491726033,5.622372491726033,5.622372491726033,5.622372491726033,5.622372491726033,5.622372491726033,5.622372491726033,5.622372491726033,5.622372491726033,5.622372491726033,5.622372491726033,5.622372491726033,5.622372491726033,5.622372491726033,5.622372491726033,5.622372491726033,5.622372491726033,5.622372491726033,5.622372491726033,5.622372491726033,5.622372491726033,5.622372491726033,5.622372491726033,5.622372491726033,5.622372491726033,5.622372491726033,5.622372491726033,5.622372491726033,5.622372491726033,5.622372491726033,5.622372491726033,5.622372491726033,5.622372491726033,5.622372491726033,5.622372491726033,5.622372491726033,5.622372491726033,5.622372491726033,5.622372491726033,5.622372491726033,5.622372491726033,5.622372491726033,5.622372491726033,5.622372491726033,5.622372491726033,5.622372491726033,5.622372491726033,5.622372491726033,5.622372491726033,5.622372491726033,5.622372491726033,5.622372491726033,5.622372491726033,5.622372491726033,5.622372491726033,5.622372491726033,5.622372491726033,5.622372491726033,5.622372491726033,5.622372491726033,5.622372491726033,5.622372491726033,5.622372491726033,5.622372491726033,5.622372491726033,5.622372491726033,5.622372491726033,5.622372491726033,5.622372491726033,5.622372491726033,5.622372491726033,5.622372491726033,5.622372491726033,5.622372491726033,5.622372491726033,5.622372491726033,5.622372491726033,5.622372491726033,5.622372491726033,5.622372491726033,5.622372491726033,5.622372491726033,5.622372491726033,5.622372491726033,5.622372491726033,5.622372491726033,5.622372491726033,5.622372491726033,5.622372491726033,5.622372491726033,5.622372491726033,5.622372491726033,5.622372491726033,5.622372491726033,5.622372491726033,5.622372491726033,5.622372491726033,5.622372491726033,5.622372491726033,5.622372491726033,5.622372491726033,5.622372491726033,5.622372491726033,5.622372491726033,5.622372491726033,5.622372491726033,5.622372491726033,5.622372491726033,5.622372491726033,5.622372491726033,5.622372491726033,5.622372491726033,5.622372491726033,5.622372491726033,5.622372491726033,5.622372491726033,5.622372491726033,5.622372491726033,5.622372491726033,5.622372491726033,5.622372491726033,5.622372491726033,5.622372491726033,5.622372491726033,5.622372491726033,5.622372491726033,5.622372491726033,5.622372491726033,5.622372491726033,5.622372491726033,5.622372491726033,5.622372491726033,5.622372491726033,5.622372491726033,5.622372491726033,5.622372491726033,5.622372491726033,5.622372491726033,5.622372491726033,5.622372491726033,5.622372491726033,5.622372491726033,5.622372491726033,5.622372491726033,5.622372491726033,5.622372491726033,5.622372491726033,5.622372491726033,5.622372491726033,5.622372491726033,5.622372491726033,5.622372491726033,5.622372491726033,5.622372491726033,5.622372491726033,5.622372491726033,5.622372491726033,5.622372491726033,5.622372491726033,5.622372491726033,5.622372491726033,5.622372491726033,5.622372491726033,5.622372491726033,5.622372491726033,5.622372491726033,5.622372491726033,5.622372491726033,5.622372491726033,5.622372491726033,5.622372491726033,5.622372491726033,5.622372491726033,5.622372491726033,5.622372491726033,5.622372491726033,5.622372491726033,5.622372491726033,5.622372491726033,5.622372491726033,5.622372491726033,5.622372491726033,5.622372491726033,5.622372491726033,5.622372491726033,5.622372491726033,5.622372491726033,5.616055995516246,5.616055995516246,5.51283724688918,5.51283724688918,4.623317448207774,4.623317448207774,4.623317448207774,4.623317448207774,4.623317448207774,4.623317448207774,4.623317448207774,4.623317448207774,4.623317448207774,4.623317448207774,4.623317448207774,4.623317448207774,4.623317448207774,4.623317448207774,4.623317448207774,4.623317448207774,4.623317448207774,4.623317448207774,4.623317448207774,4.623317448207774,4.623317448207774,4.623317448207774,4.623317448207774,4.623317448207774,4.623317448207774,4.623317448207774,4.623317448207774,4.623317448207774,4.623317448207774,4.623317448207774,4.623317448207774,4.623317448207774,4.623317448207774,4.623317448207774,4.623317448207774,4.623317448207774,4.623317448207774,4.623317448207774,4.623317448207774,4.623317448207774,4.623317448207774,4.623317448207774,4.34491394460366,4.34491394460366,4.34491394460366,4.34491394460366,4.34491394460366,4.34491394460366,4.34491394460366,4.34491394460366,4.34491394460366,4.34491394460366,4.34491394460366,4.34491394460366,4.34491394460366,4.34491394460366,4.34491394460366,4.34491394460366,4.34491394460366,4.34491394460366,4.34491394460366,4.34491394460366,4.34491394460366,4.34491394460366,4.34491394460366,4.34491394460366,4.34491394460366,4.34491394460366,4.34491394460366,4.34491394460366,4.34491394460366,4.34491394460366,4.34491394460366,4.34491394460366,4.34491394460366,4.34491394460366,4.34491394460366,4.34491394460366,4.34491394460366,4.34491394460366,4.34491394460366,4.34491394460366,4.34491394460366,4.34491394460366,4.34491394460366,4.34491394460366,4.34491394460366,4.34491394460366,4.34491394460366,4.34491394460366,4.34491394460366,4.34491394460366,4.34491394460366,4.34491394460366,4.34491394460366,4.34491394460366,4.34491394460366,4.34491394460366,4.34491394460366,4.34491394460366,4.34491394460366,4.34491394460366,4.34491394460366,4.34491394460366,4.34491394460366,4.34491394460366,4.34491394460366,4.34491394460366,4.34491394460366,4.34491394460366,4.34491394460366,4.34491394460366,4.34491394460366,4.34491394460366,4.34491394460366,4.34491394460366,4.34491394460366,4.34491394460366,4.34491394460366,4.34491394460366,4.34491394460366,4.34491394460366,4.34491394460366,4.34491394460366,4.34491394460366,4.34491394460366,4.34491394460366,4.34491394460366,4.34491394460366,4.34491394460366,4.34491394460366,4.34491394460366,4.34491394460366,4.34491394460366,4.34491394460366,4.34491394460366,4.34491394460366,4.34491394460366,4.34491394460366,4.34491394460366,4.34491394460366,4.34491394460366,4.34491394460366,4.34491394460366,4.34491394460366,3.9164688378996546,3.9164688378996546,3.9164688378996546,3.9164688378996546,3.9164688378996546,3.9164688378996546,3.9164688378996546,3.9164688378996546,3.9164688378996546,3.9164688378996546,3.9164688378996546,3.9164688378996546,3.9164688378996546,3.9164688378996546,3.9164688378996546,3.9164688378996546,3.9164688378996546,3.9164688378996546,3.9164688378996546,3.9164688378996546,3.9164688378996546,3.9164688378996546,3.9164688378996546,3.9164688378996546,3.9164688378996546,3.9164688378996546,3.9164688378996546,3.9164688378996546,3.9164688378996546,3.9164688378996546,3.9164688378996546,3.9164688378996546,3.9164688378996546,3.9164688378996546,3.9164688378996546,3.9164688378996546,3.9164688378996546,3.9164688378996546,3.9164688378996546,3.9164688378996546,3.9164688378996546,3.9164688378996546,3.9164688378996546,3.9164688378996546,3.9164688378996546,3.9164688378996546,3.9164688378996546,3.9164688378996546,3.9164688378996546,3.9164688378996546,3.9164688378996546,3.9164688378996546,3.9164688378996546,3.9164688378996546,3.9164688378996546,3.9164688378996546,3.9164688378996546,3.9164688378996546,3.9164688378996546,3.9164688378996546,3.9164688378996546,3.9164688378996546,3.9164688378996546,3.9164688378996546,3.9164688378996546,3.9164688378996546,3.9164688378996546,3.9164688378996546,3.9164688378996546,3.9164688378996546,3.9164688378996546,3.9164688378996546,3.9164688378996546,3.9164688378996546,3.9164688378996546,3.9164688378996546,3.9164688378996546,3.9164688378996546,3.9164688378996546,3.9164688378996546,3.9164688378996546,3.9164688378996546,3.9164688378996546,3.9164688378996546,3.9164688378996546,3.9164688378996546,3.9164688378996546,3.9164688378996546,3.9164688378996546,3.9164688378996546,3.9164688378996546,3.9164688378996546,3.9164688378996546,3.9164688378996546,3.9164688378996546,3.9164688378996546,3.9164688378996546,3.9164688378996546,3.9164688378996546,3.9164688378996546,3.9164688378996546,3.9164688378996546,3.9164688378996546,3.9164688378996546,3.9164688378996546,3.9164688378996546,3.9164688378996546,3.9164688378996546,3.9164688378996546,3.9164688378996546,3.9164688378996546,3.9164688378996546,3.9164688378996546,3.9164688378996546,3.9164688378996546,3.9164688378996546,3.9164688378996546,3.9164688378996546,3.9164688378996546,3.9164688378996546,3.9164688378996546,3.9164688378996546,3.9164688378996546,3.9164688378996546,3.9164688378996546,3.9164688378996546,3.9164688378996546,3.9164688378996546,3.9164688378996546,3.9164688378996546,3.9164688378996546,3.9164688378996546,3.9164688378996546,3.9164688378996546,3.9164688378996546,3.9164688378996546,3.9164688378996546,3.9164688378996546,3.9164688378996546,3.9164688378996546,3.9164688378996546,3.9164688378996546,3.9164688378996546,3.9164688378996546,3.9164688378996546,3.9164688378996546,3.9164688378996546,3.9164688378996546,3.9164688378996546,3.9164688378996546,3.9164688378996546,3.9164688378996546,3.9164688378996546,3.9164688378996546,3.9164688378996546,3.9164688378996546,3.9164688378996546,3.9164688378996546,3.9164688378996546,3.9164688378996546,3.9164688378996546,3.9164688378996546,3.9164688378996546,3.9164688378996546,3.9164688378996546,3.9164688378996546,3.9164688378996546,3.9164688378996546,3.9164688378996546,3.9164688378996546,3.9164688378996546,3.9164688378996546,3.9164688378996546,3.9164688378996546,3.9164688378996546,3.9164688378996546,3.9164688378996546,3.9164688378996546,3.9164688378996546,3.9164688378996546,3.9164688378996546,3.9164688378996546,3.9164688378996546,3.9164688378996546,3.9164688378996546,3.9164688378996546,3.9164688378996546,3.9164688378996546,3.9164688378996546,3.9164688378996546,3.9164688378996546,3.9164688378996546,3.9164688378996546,3.9164688378996546,3.9164688378996546,3.9164688378996546,3.9164688378996546,3.9164688378996546,3.9164688378996546,3.9164688378996546,3.9164688378996546,3.9164688378996546,3.9164688378996546,3.9164688378996546,3.9164688378996546,3.9164688378996546,3.9164688378996546,3.9164688378996546,3.9164688378996546,3.9164688378996546,3.9164688378996546,3.9164688378996546,3.9164688378996546,3.9164688378996546,3.9164688378996546,3.9164688378996546,3.9164688378996546,3.9164688378996546,3.9164688378996546,3.9164688378996546,3.9164688378996546,3.9164688378996546,3.9164688378996546,3.9164688378996546,3.9164688378996546,3.9164688378996546,3.9164688378996546,3.9164688378996546,3.9164688378996546,3.9164688378996546,3.9164688378996546,3.9164688378996546,3.9164688378996546,3.9164688378996546,3.9164688378996546,3.9164688378996546,3.9164688378996546,3.9164688378996546,3.9164688378996546,3.9164688378996546,3.9164688378996546,3.9164688378996546,3.9164688378996546,3.9164688378996546,3.9164688378996546,3.9164688378996546,3.9164688378996546,3.9164688378996546,3.9164688378996546,3.9164688378996546,3.9164688378996546,3.9164688378996546,3.9164688378996546,3.9164688378996546,3.9164688378996546,3.9164688378996546,3.9164688378996546,3.9164688378996546,3.9164688378996546,3.9164688378996546,3.9164688378996546,3.9164688378996546,3.9164688378996546,3.9164688378996546,3.9164688378996546,3.9164688378996546,3.9164688378996546,3.9164688378996546,3.9164688378996546,3.9164688378996546,3.9164688378996546,3.9164688378996546,3.9164688378996546,3.9164688378996546,3.9164688378996546,3.9164688378996546,3.9164688378996546,3.9164688378996546,3.9164688378996546,3.9164688378996546,3.9164688378996546,3.9164688378996546,3.9164688378996546,3.9164688378996546,3.9164688378996546,3.9164688378996546,3.9164688378996546,3.9164688378996546,3.9164688378996546,3.9164688378996546,3.9164688378996546,3.9164688378996546,3.9164688378996546,3.9164688378996546,3.9164688378996546,3.9164688378996546,3.9164688378996546,3.9164688378996546,3.9164688378996546,3.9164688378996546,3.9164688378996546,3.9164688378996546,3.9164688378996546,3.9164688378996546,3.9164688378996546,3.9164688378996546,3.9164688378996546,3.9164688378996546,3.9164688378996546,3.9164688378996546,3.9164688378996546,3.9164688378996546,3.9164688378996546,3.9164688378996546,3.9164688378996546,3.9164688378996546,3.9164688378996546,3.9164688378996546,3.9164688378996546,3.9164688378996546,3.9164688378996546,3.9164688378996546,3.9164688378996546,3.9164688378996546,3.9164688378996546,3.9164688378996546,3.9164688378996546,3.9164688378996546,3.9164688378996546,3.9164688378996546,3.9164688378996546,3.9164688378996546,3.9164688378996546,3.9164688378996546,3.9164688378996546,3.9164688378996546,3.9164688378996546,3.9164688378996546,3.9164688378996546,3.9164688378996546,3.9164688378996546,3.9164688378996546,3.9164688378996546,3.9164688378996546,3.9164688378996546,3.9164688378996546,3.9164688378996546,3.9164688378996546,3.9164688378996546,3.9164688378996546,3.9164688378996546,3.9164688378996546,3.9164688378996546,3.9164688378996546,3.9164688378996546,3.9164688378996546,3.9164688378996546,3.9164688378996546,3.9164688378996546,3.9164688378996546,3.9164688378996546,3.9164688378996546,3.9164688378996546,3.9164688378996546,3.9164688378996546,3.9164688378996546,3.9164688378996546,3.9164688378996546,3.9164688378996546,3.9164688378996546,3.9164688378996546,3.9164688378996546,3.9164688378996546,3.9164688378996546,3.9164688378996546,3.9164688378996546,3.9164688378996546,3.9164688378996546,3.9164688378996546,3.9164688378996546,3.9164688378996546,3.9164688378996546,3.9164688378996546,3.9164688378996546,3.9164688378996546,3.9164688378996546,3.9164688378996546,3.9164688378996546,3.9164688378996546,3.9164688378996546,3.9164688378996546,3.9164688378996546,3.9164688378996546,3.9164688378996546,3.9164688378996546,3.9164688378996546,3.9164688378996546,3.9164688378996546,3.9164688378996546,3.9164688378996546,3.9164688378996546,3.9164688378996546,3.9164688378996546,3.9164688378996546,3.9164688378996546,3.9164688378996546,3.9164688378996546,3.9164688378996546,3.9164688378996546,3.9164688378996546,3.9164688378996546,3.9164688378996546,3.9164688378996546,3.9164688378996546,3.9164688378996546,3.9164688378996546,3.9164688378996546,3.9164688378996546,3.9164688378996546,3.9164688378996546,3.9164688378996546,3.9164688378996546,3.9164688378996546,3.9164688378996546,3.9164688378996546,3.9164688378996546,3.9164688378996546,3.9164688378996546,3.9164688378996546,3.9164688378996546,3.9164688378996546,3.9164688378996546,3.9164688378996546,3.9164688378996546,3.9164688378996546,3.9164688378996546,3.9164688378996546,3.9164688378996546,3.9164688378996546,3.9164688378996546,3.9164688378996546,3.9164688378996546,3.9164688378996546,3.9164688378996546,3.9164688378996546,3.9164688378996546,3.9164688378996546,3.9164688378996546,3.9164688378996546,3.9164688378996546,3.9164688378996546,3.9164688378996546,3.9164688378996546,3.9164688378996546,3.9164688378996546,3.9164688378996546,3.9164688378996546,3.9164688378996546,3.9164688378996546,3.9164688378996546,3.9164688378996546,3.9164688378996546,3.9164688378996546,3.9164688378996546,3.9164688378996546,3.9164688378996546,3.9164688378996546,3.9164688378996546,3.9164688378996546,3.9164688378996546,3.9164688378996546,3.9164688378996546,3.9164688378996546,3.9164688378996546,3.9164688378996546,3.9164688378996546,3.9164688378996546,3.9164688378996546,3.9164688378996546,3.9164688378996546,3.9164688378996546,3.9164688378996546,3.9164688378996546,3.9164688378996546,3.9164688378996546,3.9164688378996546,3.9164688378996546,3.9164688378996546,3.9164688378996546,3.9164688378996546,3.9164688378996546,3.9164688378996546,3.9164688378996546,3.9164688378996546,3.9164688378996546,3.9164688378996546,3.9164688378996546,3.9164688378996546,3.9164688378996546,3.9164688378996546,3.9164688378996546,3.9164688378996546,3.9164688378996546,3.9164688378996546,3.9164688378996546,3.9164688378996546,3.9164688378996546,3.9164688378996546,3.9164688378996546,3.9164688378996546,3.9164688378996546,3.9164688378996546,3.9164688378996546,3.9164688378996546,3.9164688378996546,3.9164688378996546,3.9164688378996546,3.9164688378996546,3.9164688378996546,3.9164688378996546,3.9164688378996546,3.9164688378996546,3.9164688378996546,3.9164688378996546,3.9164688378996546,3.9164688378996546,3.9164688378996546,3.9164688378996546,3.9164688378996546,3.9164688378996546,3.9164688378996546,3.9164688378996546,3.9164688378996546,3.9164688378996546,3.9164688378996546,3.9164688378996546,3.9164688378996546,3.9164688378996546,3.9164688378996546,3.9164688378996546,3.9164688378996546,3.9164688378996546,3.9164688378996546,3.9164688378996546,3.9164688378996546,3.9164688378996546,3.9164688378996546,3.9164688378996546,3.9164688378996546,3.9164688378996546,3.9164688378996546,3.9164688378996546,3.9164688378996546,3.9164688378996546,3.9164688378996546,3.9164688378996546,3.9164688378996546,3.9164688378996546,3.9164688378996546,3.9164688378996546,3.9164688378996546,3.9164688378996546,3.9164688378996546,3.9164688378996546,3.9164688378996546,3.9164688378996546,3.9164688378996546,3.9164688378996546,3.9164688378996546,3.9164688378996546,3.9164688378996546,3.9164688378996546,3.9164688378996546,3.9164688378996546,3.9164688378996546,3.9164688378996546,3.9164688378996546,3.9164688378996546,3.9164688378996546,3.9164688378996546,3.9164688378996546,3.9164688378996546,3.9164688378996546,3.9164688378996546,3.9164688378996546,3.9164688378996546,3.9164688378996546,3.9164688378996546,3.9164688378996546,3.9164688378996546,3.9164688378996546,3.9164688378996546,3.9164688378996546,3.9164688378996546,3.9164688378996546,3.9164688378996546,3.9164688378996546,3.9164688378996546,3.9164688378996546,3.9164688378996546,3.9164688378996546,3.9164688378996546,3.9164688378996546,3.9164688378996546,3.9164688378996546,3.9164688378996546,3.9164688378996546,3.9164688378996546,3.9164688378996546,3.9164688378996546,3.9164688378996546,3.9164688378996546,3.9164688378996546,3.9164688378996546,3.9164688378996546,3.9164688378996546,3.9164688378996546,3.9164688378996546,3.9164688378996546,3.9164688378996546,3.9164688378996546,3.9164688378996546,3.9164688378996546,3.9164688378996546,3.9164688378996546,3.9164688378996546,3.9164688378996546,3.9164688378996546,3.9164688378996546,3.9164688378996546,3.9164688378996546,3.9164688378996546,3.9164688378996546,3.9164688378996546,3.9164688378996546,3.9164688378996546,3.9164688378996546,7.36581881432845,5.665542251716171,5.654583750945742,5.654583750945742,5.654583750945742,5.654583750945742,5.2959318247830565,5.2959318247830565,5.2959318247830565,5.2959318247830565,5.2959318247830565,5.2959318247830565,5.2959318247830565,5.2959318247830565,5.2959318247830565,5.2959318247830565,5.2959318247830565,5.2959318247830565,5.2959318247830565,5.2959318247830565,5.2959318247830565,5.2959318247830565,5.2959318247830565,5.2959318247830565,5.2959318247830565,5.2959318247830565,5.2959318247830565,5.2959318247830565,5.2959318247830565,5.2959318247830565,5.2959318247830565,5.2959318247830565,5.2959318247830565,5.2959318247830565,5.2959318247830565,5.2959318247830565,5.2959318247830565,5.2959318247830565,5.2959318247830565,5.2959318247830565,5.2959318247830565,5.2959318247830565,5.2959318247830565,5.2959318247830565,5.2959318247830565,5.2959318247830565,5.2959318247830565,5.2959318247830565,5.2959318247830565,5.2959318247830565,5.2959318247830565,5.2959318247830565,5.2959318247830565,5.2959318247830565,5.2959318247830565,5.2959318247830565,5.2959318247830565,5.2959318247830565,5.2959318247830565,5.2959318247830565,5.2959318247830565,5.2959318247830565,5.2959318247830565,5.2959318247830565,5.2959318247830565,5.2959318247830565,5.2959318247830565,5.2959318247830565,5.2959318247830565,5.2959318247830565,5.2959318247830565,5.2959318247830565,5.2959318247830565,5.2959318247830565,5.2959318247830565,5.2959318247830565,5.2959318247830565,5.2959318247830565,5.295931824783055,5.295931824783055,5.295931824783055,5.295931824783055,5.295931824783055,5.295931824783055,5.295931824783055,5.295931824783055,5.295931824783055,5.295931824783055,5.295931824783055,5.295931824783055,5.295931824783055,5.295931824783055,5.295931824783055,5.295931824783055,5.295931824783055,5.295931824783055,5.295931824783055,5.295931824783055,5.295931824783055,5.295931824783055,5.295931824783055,5.295931824783055,5.295931824783055,5.295931824783055,5.295931824783055,5.295931824783055,5.295931824783055,5.295931824783055,5.295931824783055,5.295931824783055,5.295931824783055,5.295931824783055,5.295931824783055,5.295931824783055,5.295931824783055,5.295931824783055,5.295931824783055,5.295931824783055,5.295931824783055,5.295931824783055,5.295931824783055,5.295931824783055,5.295931824783055,5.295931824783055,5.295931824783055,5.295931824783055,5.295931824783055,5.295931824783055,5.295931824783055,5.295931824783055,5.295931824783055,5.295931824783055,5.295931824783055,5.295931824783055,5.295931824783055,5.295931824783055,5.295931824783055,5.295931824783055,5.295931824783055,5.295931824783055,5.295931824783055,5.295931824783055,5.295931824783055,5.295931824783055,5.295931824783055,5.295931824783055,5.295931824783055,5.295931824783055,5.295931824783055,5.295931824783055,5.295931824783055,5.295931824783055,5.295931824783055,5.295931824783055,5.295931824783055,5.295931824783055,5.295931824783055,5.295931824783055,5.295931824783055,5.295931824783055,5.295931824783055,5.295931824783055,5.295931824783055,5.295931824783055,5.295931824783055,5.295931824783055,5.295931824783055,5.295931824783055,5.295931824783055,5.295931824783055,5.295931824783055,5.295931824783055,5.295931824783055,5.295931824783055,5.295931824783055,5.295931824783055,5.295931824783055,5.295931824783055,5.295931824783055,5.295931824783055,5.295931824783055,5.295931824783055,5.295931824783055,5.295931824783055,5.295931824783055,5.295931824783055,5.295931824783055,5.295931824783055,5.295931824783055,5.295931824783055,5.295931824783055,5.295931824783055,5.295931824783055,5.295931824783055,5.295931824783055,5.295931824783055,5.295931824783055,5.295931824783055,5.295931824783055,5.295931824783055,5.295931824783055,5.295931824783055,5.295931824783055,5.295931824783055,5.295931824783055,5.295931824783055,5.295931824783055,5.295931824783055,5.295931824783055,5.295931824783055,5.295931824783055,5.295931824783055,5.295931824783055,5.295931824783055,5.295931824783055,5.295931824783055,5.295931824783055,5.295931824783055,5.295931824783055,5.295931824783055,5.295931824783055,5.295931824783055,5.295931824783055,5.295931824783055,5.295931824783055,5.295931824783055,5.295931824783055,5.295931824783055,5.295931824783055,5.295931824783055,5.295931824783055,5.295931824783055,5.295931824783055,5.295931824783055,5.295931824783055,5.295931824783055,5.295931824783055,5.295931824783055,5.295931824783055,5.295931824783055,5.295931824783055,5.295931824783055,5.295931824783055,5.227599513761446,4.920058268174281,4.920058268174281,4.879120394480372,4.640673010868889,4.640673010868889,4.640673010868889,4.640673010868889,4.640673010868889,4.640673010868889,4.640673010868889,4.640673010868889,4.640673010868889,4.640673010868889,4.640673010868889,4.640673010868889,4.640673010868889,4.640673010868889,4.640673010868889,4.640673010868889,4.640673010868889,4.640673010868889,4.640673010868889,4.640673010868889,4.640673010868889,4.640673010868889,4.640673010868889,4.640673010868889,4.640673010868889,4.640673010868889,4.640673010868889,4.640673010868889,4.640673010868889,4.640673010868889,4.640673010868889,4.640673010868889,4.640673010868889,4.640673010868889,4.640673010868889,4.640673010868889,4.640673010868889,4.640673010868889,4.640673010868889,4.640673010868889,4.640673010868889,4.640673010868889,4.640673010868889,4.640673010868889,4.640673010868889,4.640673010868889,4.640673010868889,4.640673010868889,4.640673010868889,4.640673010868889,4.640673010868889,4.640673010868889,4.640673010868889,4.640673010868889,4.640673010868889,4.640673010868889,4.640673010868889,4.640673010868889,4.640673010868889,4.640673010868889,4.640673010868889,4.640673010868889,4.640673010868889,4.640673010868889,4.640673010868889,4.640673010868889,4.640673010868889,4.640673010868889,4.640673010868889,4.640673010868889,4.640673010868889,4.640673010868889,4.640673010868889,4.640673010868889,4.640673010868889,4.640673010868889,4.640673010868889,4.640673010868889,4.640673010868889,4.640673010868889,4.640673010868889,4.640673010868889,4.640673010868889,4.640673010868889,4.640673010868889,4.640673010868889,4.640673010868889,4.640673010868889,4.640673010868889,4.640673010868889,4.640673010868889,4.640673010868889,4.640673010868889,4.640673010868889,4.640673010868889,4.640673010868889,4.640673010868889,4.640673010868889,4.640673010868889,4.640673010868889,4.640673010868889,4.640673010868889,4.640673010868889,4.640673010868889,4.640673010868889,4.640673010868889,4.640673010868889,4.640673010868889,4.640673010868889,4.640673010868889,4.640673010868889,4.640673010868889,4.640673010868889,4.640673010868889,4.640673010868889,4.640673010868889,4.640673010868889,4.640673010868889,4.640673010868889,4.640673010868889,4.640673010868889,4.640673010868889,4.640673010868889,4.640673010868889,4.640673010868889,4.640673010868889,4.640673010868889,4.640673010868889,4.640673010868889,4.640673010868889,4.640673010868889,4.640673010868889,4.640673010868889,4.640673010868889,4.640673010868889,4.640673010868889,4.640673010868889,4.640673010868889,4.640673010868889,4.640673010868889,4.640673010868889,4.640673010868889,4.640673010868889,4.640673010868889,4.640673010868889,4.640673010868889,4.640673010868889,4.640673010868889,4.640673010868889,4.640673010868889,4.640673010868889,4.640673010868889,4.640673010868889,4.640673010868889,4.640673010868889,4.640673010868889,4.640673010868889,4.640673010868889,4.640673010868889,4.640673010868889,4.640673010868889,4.640673010868889,4.640673010868889,4.640673010868889,4.640673010868889,4.640673010868889,4.640673010868889,4.640673010868889,4.640673010868889,4.640673010868889,4.640673010868889,4.640673010868889,4.640673010868889,4.640673010868889,4.640673010868889,4.640673010868889,4.640673010868889,4.640673010868889,4.640673010868889,4.640673010868889,4.640673010868889,4.640673010868889,4.640673010868889,4.640673010868889,4.640673010868889,4.640673010868889,4.640673010868889,4.640673010868889,4.640673010868889,4.640673010868889,4.640673010868889,4.640673010868889,4.640673010868889,4.640673010868889,4.640673010868889,4.640673010868889,4.640673010868889,4.640673010868889,4.640673010868889,4.640673010868889,4.640673010868889,4.640673010868889,4.640673010868889,4.640673010868889,4.640673010868889,4.640673010868889,4.640673010868889,4.640673010868889,4.640673010868889,4.640673010868889,4.640673010868889,4.640673010868889,4.640673010868889,4.640673010868889,4.640673010868889,4.640673010868889,4.640673010868889,4.640673010868889,4.640673010868889,4.640673010868889,4.640673010868889,4.640673010868889,4.640673010868889,4.640673010868889,4.640673010868889,4.640673010868889,4.640673010868889,4.640673010868889,4.640673010868889,4.640673010868889,4.640673010868889,4.640673010868889,4.640673010868889,4.640673010868889,4.640673010868889,4.640673010868889,4.640673010868889,4.640673010868889,4.640673010868889,4.640673010868889,4.640673010868889,4.640673010868889,4.640673010868889,4.640673010868889,4.640673010868889,4.640673010868889,4.640673010868889,4.640673010868889,4.640673010868889,4.640673010868889,4.640673010868889,4.640673010868889,4.640673010868889,4.640673010868889,4.640673010868889,4.640673010868889,4.640673010868889,4.640673010868889,4.592592430024591,4.592592430024591,4.592592430024591,4.592592430024591,4.592592430024591,4.592592430024591,4.592592430024591,4.592592430024591,4.592592430024591,4.592592430024591,4.592592430024591,4.592592430024591,4.592592430024591,4.592592430024591,4.592592430024591,4.592592430024591,4.592592430024591,4.592592430024591,4.592592430024591,4.592592430024591,4.592592430024591,4.592592430024591,4.592592430024591,4.592592430024591,4.592592430024591,4.592592430024591,4.592592430024591,4.592592430024591,4.592592430024591,4.592592430024591,4.592592430024591,4.592592430024591,4.592592430024591,4.592592430024591,4.592592430024591,4.592592430024591,4.592592430024591,4.480224232560218,4.480224232560218,4.480224232560218,4.480224232560218,4.480224232560218,4.480224232560218,4.480224232560218,4.480224232560218,4.480224232560218,4.480224232560218,4.480224232560218,4.480224232560218,4.480224232560218,4.480224232560218,4.480224232560218,4.480224232560218,4.480224232560218,4.480224232560218,4.480224232560218,4.480224232560218,4.480224232560218,4.480224232560218,4.480224232560218,4.480224232560218,4.480224232560218,4.480224232560218,4.480224232560218,4.480224232560218,4.480224232560218,4.480224232560218,4.480224232560218,4.480224232560218,4.480224232560218,4.480224232560218,4.480224232560218,4.480224232560218,4.480224232560218,4.480224232560218,4.480224232560218,4.480224232560218,4.480224232560218,4.480224232560218,4.480224232560218,4.480224232560218,4.480224232560218,4.480224232560218,4.480224232560218,4.480224232560218,4.480224232560218,4.480224232560218,4.480224232560218,4.480224232560218,4.480224232560218,4.480224232560218,4.480224232560218,4.480224232560218,4.480224232560218,4.480224232560218,4.480224232560218,4.480224232560218,4.480224232560218,4.480224232560218,4.480224232560218,4.480224232560218,4.480224232560218,4.480224232560218,4.480224232560218,4.480224232560218,4.480224232560218,4.480224232560218,4.480224232560218,4.480224232560218,4.480224232560218,4.480224232560218,4.480224232560218,4.480224232560218,4.480224232560218,4.480224232560218,4.480224232560218,4.480224232560218,4.480224232560218,4.480224232560218,4.480224232560218,4.480224232560218,4.480224232560218,4.480224232560218,4.480224232560218,4.480224232560218,4.480224232560218,4.480224232560218,4.480224232560218,4.480224232560218,4.480224232560218,4.480224232560218,4.480224232560218,4.480224232560218,4.480224232560218,4.480224232560218,4.480224232560218,4.480224232560218,4.480224232560218,4.480224232560218,4.480224232560218,4.480224232560218,4.480224232560218,4.480224232560218,4.480224232560218,4.480224232560218,4.480224232560218,4.480224232560218,4.480224232560218,4.480224232560218,4.480224232560218,4.480224232560218,4.480224232560218,4.480224232560218,4.480224232560218,4.480224232560218,4.480224232560218,4.480224232560218,4.480224232560218,4.480224232560218,4.480224232560218,4.480224232560218,4.480224232560218,4.480224232560218,4.480224232560218,4.480224232560218,4.480224232560218,4.480224232560218,4.480224232560218,4.480224232560218,4.480224232560218,4.480224232560218,4.480224232560218,4.480224232560218,4.480224232560218,4.480224232560218,4.480224232560218,4.480224232560218,4.480224232560218,4.480224232560218,4.480224232560218,4.480224232560218,4.480224232560218,4.480224232560218,4.480224232560218,4.480224232560218,4.480224232560218,4.480224232560218,4.480224232560218,4.480224232560218,4.480224232560218,4.480224232560218,4.480224232560218,4.480224232560218,4.480224232560218,4.480224232560218,4.480224232560218,4.480224232560218,4.480224232560218,4.480224232560218,4.480224232560218,4.480224232560218,4.480224232560218,4.480224232560218,4.480224232560218,4.480224232560218,4.480224232560218,4.480224232560218,4.480224232560218,4.480224232560218,4.480224232560218,4.480224232560218,4.480224232560218,4.480224232560218,4.480224232560218,4.480224232560218,4.480224232560218,4.480224232560218,4.480224232560218,4.480224232560218,4.480224232560218,4.480224232560218,4.480224232560218,4.480224232560218,4.480224232560218,4.480224232560218,4.480224232560218,4.480224232560218,4.480224232560218,4.480224232560218,4.480224232560218,4.480224232560218,4.480224232560218,4.480224232560218,4.480224232560218,4.480224232560218,4.480224232560218,4.480224232560218,4.480224232560218,4.480224232560218,4.480224232560218,4.480224232560218,4.480224232560218,4.480224232560218,4.480224232560218,4.480224232560218,4.480224232560218,4.480224232560218,4.480224232560218,4.480224232560218,4.480224232560218,4.480224232560218,4.480224232560218,4.480224232560218,4.480224232560218,4.480224232560218,4.480224232560218,4.480224232560218,4.480224232560218,4.480224232560218,4.480224232560218,4.480224232560218,4.480224232560218,4.480224232560218,4.480224232560218,4.480224232560218,4.480224232560218,4.480224232560218,4.480224232560218,4.480224232560218,4.480224232560218,4.480224232560218,4.480224232560218,4.480224232560218,4.480224232560218,4.480224232560218,4.480224232560218,4.480224232560218,4.480224232560218,4.480224232560218,4.480224232560218,4.480224232560218,4.480224232560218,4.480224232560218,4.480224232560218,4.480224232560218,4.480224232560218,4.480224232560218,4.480224232560218,4.480224232560218,4.480224232560218,4.480224232560218,4.480224232560218,4.480224232560218,4.480224232560218,4.480224232560218,4.480224232560218,4.480224232560218,4.480224232560218,4.480224232560218,4.480224232560218,4.480224232560218,4.480224232560218,4.480224232560218,4.480224232560218,4.480224232560218,4.480224232560218,4.480224232560218,4.480224232560218,4.480224232560218,4.480224232560218,4.480224232560218,4.480224232560218,4.480224232560218,4.480224232560218,4.480224232560218,4.480224232560218,4.480224232560218,4.480224232560218,4.480224232560218,4.480224232560218,4.480224232560218,4.480224232560218,4.480224232560218,4.480224232560218,4.480224232560218,4.480224232560218,4.480224232560218,4.480224232560218,4.480224232560218,4.480224232560218,4.480224232560218,4.480224232560218,4.480224232560218,4.480224232560218,4.480224232560218,4.480224232560218,4.480224232560218,4.480224232560218,4.480224232560218,4.480224232560218,4.480224232560218,4.480224232560218,4.480224232560218,4.480224232560218,4.480224232560218,4.480224232560218,4.480224232560218,4.480224232560218,4.480224232560218,4.480224232560218,4.480224232560218,4.480224232560218,4.480224232560218,4.480224232560218,4.480224232560218,4.480224232560218,4.480224232560218,4.480224232560218,4.480224232560218,4.480224232560218,4.480224232560218,4.480224232560218,4.480224232560218,4.480224232560218,4.480224232560218,4.480224232560218,4.480224232560218,4.480224232560218,4.480224232560218,4.480224232560218,4.480224232560218,4.480224232560218,4.480224232560218,4.480224232560218,4.480224232560218,4.480224232560218,4.480224232560218,4.480224232560218,4.480224232560218,4.480224232560218,4.480224232560218,4.480224232560218,4.480224232560218,4.480224232560218,4.480224232560218,4.480224232560218,4.480224232560218,4.480224232560218,4.480224232560218,4.480224232560218,4.480224232560218,4.480224232560218,4.480224232560218,4.480224232560218,4.480224232560218,4.480224232560218,4.480224232560218,4.480224232560218,4.480224232560218,4.480224232560218,4.480224232560218,4.480224232560218,4.480224232560218,4.480224232560218,4.480224232560218,4.480224232560218,4.480224232560218,4.480224232560218,4.480224232560218,4.480224232560218,4.480224232560218,4.480224232560218,4.480224232560218,4.480224232560218,4.480224232560218,4.480224232560218,4.480224232560218,4.480224232560218,4.480224232560218,4.480224232560218,4.480224232560218,4.480224232560218,4.480224232560218,4.480224232560218,4.480224232560218,4.480224232560218,4.480224232560218,4.480224232560218,4.480224232560218,4.480224232560218,4.480224232560218,4.480224232560218,4.480224232560218,4.480224232560218,4.480224232560218,4.480224232560218,4.480224232560218,4.480224232560218,4.480224232560218,4.480224232560218,4.480224232560218,4.480224232560218,4.480224232560218,4.480224232560218,4.480224232560218,4.480224232560218,4.480224232560218,4.480224232560218,4.480224232560218,4.480224232560218,4.480224232560218,4.480224232560218,4.480224232560218,4.480224232560218,4.480224232560218,4.480224232560218,4.480224232560218,4.480224232560218,4.480224232560218,4.480224232560218,4.480224232560218,4.480224232560218,4.480224232560218,4.480224232560218,4.480224232560218,4.480224232560218,4.480224232560218,4.480224232560218,4.480224232560218,4.480224232560218,4.480224232560218,4.480224232560218,4.480224232560218,4.480224232560218,4.480224232560218,4.480224232560218,4.480224232560218,4.480224232560218,4.480224232560218,4.480224232560218,4.480224232560218,4.480224232560218,4.480224232560218,4.480224232560218,4.480224232560218,4.480224232560218,4.480224232560218,4.480224232560218,4.480224232560218,4.480224232560218,4.480224232560218,4.480224232560218,4.480224232560218,4.480224232560218,4.480224232560218,9.327973348512627,8.07846854446804,8.07846854446804,8.07846854446804,8.07846854446804,8.07846854446804,8.07846854446804,7.747261436587717,7.747261436587717,7.747261436587717,7.747261436587717,7.747261436587717,7.747261436587717,7.747261436587717,7.747261436587717,7.747261436587717,7.747261436587717,7.747261436587717,7.747261436587717,7.747261436587717,7.747261436587717,7.747261436587717,7.747261436587717,7.747261436587717,7.747261436587717,7.747261436587717,7.747261436587717,7.441605513283882,7.441605513283882,7.441605513283882,7.441605513283882,7.441605513283882,7.441605513283882,7.441605513283882,7.441605513283882,7.441605513283882,7.441605513283882,7.441605513283882,7.441605513283882,7.441605513283882,7.441605513283882,7.441605513283882,7.441605513283882,7.441605513283882,7.441605513283882,7.441605513283882,7.441605513283882,7.441605513283882,7.441605513283882,7.441605513283882,7.441605513283882,7.125028934479786,6.903890178792334,6.903890178792334,6.903890178792334,6.903890178792334,6.723695252257438,6.723695252257438,6.68106113544895,6.68106113544895,6.68106113544895,6.68106113544895,6.68106113544895,6.68106113544895,6.68106113544895,6.68106113544895,6.68106113544895,6.68106113544895,6.68106113544895,6.68106113544895,6.68106113544895,6.623961130286605,6.623961130286605,6.623961130286605,6.623961130286605,6.623961130286605,6.623961130286605,6.623961130286605,6.623961130286605,6.623961130286605,6.623961130286605,6.623961130286605,6.623961130286605,6.623961130286605,6.623961130286605,6.623961130286605,6.623961130286605,6.623961130286605,6.623961130286605,6.623961130286605,6.623961130286605,6.623961130286605,6.623961130286605,6.623961130286605,6.623961130286605,6.623961130286605,6.623961130286605,6.623961130286605,6.623961130286605,6.623961130286605,6.623961130286605,6.623961130286605,6.623961130286605,6.623961130286605,6.623961130286605,6.623961130286605,6.623961130286605,6.623961130286605,6.623961130286605,6.623961130286605,6.623961130286605,6.623961130286605,6.623961130286605,6.623961130286605,6.623961130286605,6.623961130286605,6.623961130286605,6.623961130286605,6.623961130286605,6.623961130286605,6.623961130286605,6.623961130286605,6.623961130286605,6.623961130286605,6.623961130286605,6.623961130286605,6.623961130286605,6.623961130286605,6.623961130286605,6.623961130286605,6.623961130286605,6.623961130286605,6.623961130286605,6.623961130286605,6.623961130286605,6.623961130286605,6.623961130286605,6.623961130286605,6.623961130286605,6.623961130286605,6.623961130286605,6.623961130286605,6.623961130286605,6.623961130286605,6.623961130286605,6.623961130286605,6.623961130286605,6.623961130286605,6.623961130286605,6.623961130286605,6.623961130286605,6.623961130286605,6.623961130286605,6.623961130286605,6.623961130286605,6.623961130286605,6.623961130286605,6.623961130286605,6.623961130286605,6.623961130286605,6.623961130286605,6.623961130286605,6.623961130286605,6.623961130286605,6.623961130286605,6.623961130286605,6.623961130286605,6.623961130286605,6.623961130286605,6.623961130286605,6.623961130286605,6.623961130286605,6.623961130286605,6.623961130286605,6.623961130286605,6.623961130286605,6.623961130286605,6.623961130286605,6.623961130286605,6.623961130286605,6.623961130286605,6.623961130286605,6.623961130286605,6.623961130286605,6.623961130286605,6.623961130286605,6.623961130286605,6.623961130286605,6.623961130286605,6.623961130286605,6.621662960580747,6.621662960580747,6.621662960580747,6.621662960580747,6.621662960580747,6.621662960580747,6.621662960580747,6.621662960580747,6.621662960580747,6.621662960580747,6.621662960580747,6.621662960580747,6.621662960580747,6.621662960580747,6.621662960580747,6.621662960580747,6.621662960580747,6.621662960580747,6.621662960580747,6.621662960580747,6.621662960580747,6.621662960580747,6.621662960580747,6.621662960580747,6.621662960580747,6.621662960580747,6.621662960580747,6.621662960580747,6.621662960580747,6.621662960580747,6.621662960580747,6.621662960580747,6.621662960580747,6.621662960580747,6.621662960580747,6.621662960580747,6.621662960580747,6.621662960580747,6.621662960580747,6.621662960580747,6.621662960580747,6.621662960580747,6.621662960580747,6.621662960580747,6.621662960580747,6.621662960580747,6.621662960580747,6.621662960580747,6.621662960580747,6.621662960580747,6.621662960580747,6.621662960580747,6.621662960580747,6.621662960580747,6.621662960580747,6.621662960580747,6.621662960580747,6.621662960580747,6.621662960580747,6.621662960580747,6.621662960580747,6.621662960580747,6.621662960580747,6.621662960580747,6.621662960580747,6.621662960580747,6.621662960580747,6.621662960580747,6.621662960580747,6.621662960580747,6.621662960580747,6.621662960580747,6.621662960580747,6.621662960580747,6.621662960580747,6.621662960580747,6.621662960580747,6.621662960580747,6.621662960580747,6.621662960580747,6.621662960580747,6.621662960580747,6.621662960580747,6.621662960580747,6.621662960580747,6.621662960580747,6.621662960580747,6.621662960580747,6.621662960580747,6.621662960580747,6.621662960580747,6.621662960580747,6.621662960580747,6.621662960580747,6.621662960580747,6.621662960580747,6.621662960580747,6.621662960580747,6.621662960580747,6.621662960580747,6.621662960580747,6.621662960580747,6.621662960580747,6.621662960580747,6.621662960580747,6.621662960580747,6.621662960580747,6.621662960580747,6.621662960580747,6.621662960580747,6.621662960580747,6.621662960580747,6.621662960580747,6.621662960580747,6.621662960580747,6.621662960580747,6.621662960580747,6.621662960580747,6.621662960580747,6.621662960580747,6.621662960580747,6.621662960580747,6.621662960580747,6.621662960580747,6.621662960580747,6.621662960580747,6.621662960580747,6.621662960580747,6.621662960580747,6.621662960580747,6.621662960580747,6.621662960580747,6.621662960580747,6.621662960580747,6.621662960580747,6.621662960580747,6.621662960580747,6.621662960580747,6.621662960580747,6.621662960580747,6.621662960580747,6.621662960580747,6.621662960580747,6.621662960580747,6.621662960580747,6.621662960580747,6.621662960580747,6.621662960580747,6.621662960580747,6.621662960580747,6.621662960580747,6.621662960580747,6.621662960580747,6.621662960580747,6.621662960580747,6.621662960580747,6.621662960580747,6.621662960580747,6.621662960580747,6.621662960580747,6.621662960580747,6.621662960580747,6.621662960580747,6.621662960580747,6.621662960580747,6.621662960580747,6.621662960580747,6.621662960580747,6.621662960580747,6.621662960580747,6.621662960580747,6.621662960580747,6.621662960580747,6.621662960580747,6.621662960580747,6.621662960580747,6.621662960580747,6.621662960580747,6.621662960580747,6.621662960580747,6.621662960580747,6.621662960580747,6.621662960580747,6.621662960580747,6.621662960580747,6.621662960580747,6.621662960580747,6.621662960580747,6.621662960580747,6.621662960580747,6.621662960580747,6.621662960580747,6.621662960580747,6.621662960580747,6.621662960580747,6.621662960580747,6.621662960580747,6.0706345652607245,5.218126036237456,5.218126036237456,5.218126036237456,5.218126036237456,5.212045447784931,5.212045447784931,5.212045447784931,5.212045447784931,5.212045447784931,4.988638732721007,4.988638732721007,4.988638732721007,4.988638732721007,4.988638732721007,4.988638732721007,4.988638732721007,4.988638732721007,4.986554474856847,4.986554474856847,4.986554474856847,4.986554474856847,4.986554474856847,4.986554474856847,4.986554474856847,4.986554474856847,4.986554474856847,4.986554474856847,4.986554474856847,4.986554474856847,4.986554474856847,4.986554474856847,4.986554474856847,4.986554474856847,4.986554474856847,4.986554474856847,4.986554474856847,4.986554474856847,4.986554474856847,4.986554474856847,4.986554474856847,4.986554474856847,4.986554474856847,4.986554474856847,4.986554474856847,4.986554474856847,4.986554474856847,4.986554474856847,4.986554474856847,4.986554474856847,4.986554474856847,4.974016409956653,4.974016409956653,4.974016409956653,4.974016409956653,4.710035836097585,4.710035836097585,4.710035836097585,4.710035836097585,4.710035836097585,4.710035836097585,4.710035836097585,4.710035836097585,4.710035836097585,4.710035836097585,4.710035836097585,4.710035836097585,4.710035836097585,4.710035836097585,4.710035836097585,4.710035836097585,4.710035836097585,4.710035836097585,4.710035836097585,4.710035836097585,4.710035836097585,4.710035836097585,4.710035836097585,4.710035836097585,4.710035836097585,4.710035836097585,4.710035836097585,4.710035836097585,4.710035836097585,4.710035836097585,4.710035836097585,4.710035836097585,4.710035836097585,4.710035836097585,4.710035836097585,4.710035836097585,4.710035836097585,4.710035836097585,4.710035836097585,4.710035836097585,4.710035836097585,4.710035836097585,4.710035836097585,4.710035836097585,4.710035836097585,4.710035836097585,4.710035836097585,4.710035836097585,4.710035836097585,4.710035836097585,4.710035836097585,4.710035836097585,4.710035836097585,4.710035836097585,4.710035836097585,4.710035836097585,4.710035836097585,4.710035836097585,4.710035836097585,4.710035836097585,4.710035836097585,4.710035836097585,4.710035836097585,4.710035836097585,4.710035836097585,4.710035836097585,4.710035836097585,4.710035836097585,4.710035836097585,4.710035836097585,4.710035836097585,4.710035836097585,4.710035836097585,4.710035836097585,4.710035836097585,4.710035836097585,4.710035836097585,4.710035836097585,4.710035836097585,4.710035836097585,4.710035836097585,4.710035836097585,4.710035836097585,4.710035836097585,4.710035836097585,4.710035836097585,4.710035836097585,4.710035836097585,4.710035836097585,4.710035836097585,4.710035836097585,4.710035836097585,4.710035836097585,4.710035836097585,4.710035836097585,4.710035836097585,4.710035836097585,4.710035836097585,4.710035836097585,4.710035836097585,4.710035836097585,4.710035836097585,4.710035836097585,4.710035836097585,4.710035836097585,4.710035836097585,4.710035836097585,4.710035836097585,4.710035836097585,4.710035836097585,4.710035836097585,4.710035836097585,4.710035836097585,4.710035836097585,4.710035836097585,4.710035836097585,4.710035836097585,4.710035836097585,4.710035836097585,4.710035836097585,4.710035836097585,4.710035836097585,4.710035836097585,4.710035836097585,4.710035836097585,4.710035836097585,4.710035836097585,4.710035836097585,4.710035836097585,4.710035836097585,4.710035836097585,4.710035836097585,4.710035836097585,4.710035836097585,4.710035836097585,4.710035836097585,4.710035836097585,4.710035836097585,4.710035836097585,4.710035836097585,4.710035836097585,4.710035836097585,4.710035836097585,4.710035836097585,4.710035836097585,4.710035836097585,4.710035836097585,4.710035836097585,4.710035836097585,4.710035836097585,4.710035836097585,4.710035836097585,4.710035836097585,4.710035836097585,4.710035836097585,4.710035836097585,4.710035836097585,4.710035836097585,4.710035836097585,4.710035836097585,4.710035836097585,4.710035836097585,4.710035836097585,4.710035836097585,4.710035836097585,4.710035836097585,4.710035836097585,4.710035836097585,4.710035836097585,4.710035836097585,4.710035836097585,4.710035836097585,4.710035836097585,4.710035836097585,4.710035836097585,4.710035836097585,4.710035836097585,4.710035836097585,4.710035836097585,4.710035836097585,4.710035836097585,4.710035836097585,4.710035836097585,4.710035836097585,4.710035836097585,4.710035836097585,4.710035836097585,4.710035836097585,4.710035836097585,4.710035836097585,4.710035836097585,4.710035836097585,4.710035836097585,4.710035836097585,4.710035836097585,4.710035836097585,4.710035836097585,4.710035836097585,4.710035836097585,4.710035836097585,4.710035836097585,4.710035836097585,4.710035836097585,4.710035836097585,4.710035836097585,4.710035836097585,4.710035836097585,4.710035836097585,4.710035836097585,4.710035836097585,4.710035836097585,4.710035836097585,4.710035836097585,4.710035836097585,4.710035836097585,4.710035836097585,4.710035836097585,4.710035836097585,4.710035836097585,4.710035836097585,4.710035836097585,4.710035836097585,4.710035836097585,4.710035836097585,4.710035836097585,4.710035836097585,4.710035836097585,4.710035836097585,4.710035836097585,4.710035836097585,4.710035836097585,4.710035836097585,4.710035836097585,4.710035836097585,4.710035836097585,4.710035836097585,4.710035836097585,4.710035836097585,4.710035836097585,4.710035836097585,4.710035836097585,4.710035836097585,4.710035836097585,4.710035836097585,4.710035836097585,4.710035836097585,4.710035836097585,4.710035836097585,4.710035836097585,4.710035836097585,4.710035836097585,4.710035836097585,4.710035836097585,4.710035836097585,4.710035836097585,4.710035836097585,4.710035836097585,4.710035836097585,4.710035836097585,4.710035836097585,4.710035836097585,4.710035836097585,4.710035836097585,4.710035836097585,4.710035836097585,4.710035836097585,4.710035836097585,4.710035836097585,4.710035836097585,4.710035836097585,4.710035836097585,4.710035836097585,4.710035836097585,4.710035836097585,4.710035836097585,4.710035836097585,4.710035836097585,4.710035836097585,4.710035836097585,4.710035836097585,4.710035836097585,4.710035836097585,4.710035836097585,4.710035836097585,4.710035836097585,4.710035836097585,4.710035836097585,4.710035836097585,4.710035836097585,4.710035836097585,4.710035836097585,4.710035836097585,4.710035836097585,4.710035836097585,4.710035836097585,4.710035836097585,4.710035836097585,4.710035836097585,4.710035836097585,4.710035836097585,4.710035836097585,4.710035836097585,4.710035836097585,4.710035836097585,4.710035836097585,4.710035836097585,4.710035836097585,4.710035836097585,4.710035836097585,4.710035836097585,4.710035836097585,4.710035836097585,4.710035836097585,4.710035836097585,4.710035836097585,4.710035836097585,4.710035836097585,4.710035836097585,4.710035836097585,4.710035836097585,4.710035836097585,4.710035836097585,4.710035836097585,4.710035836097585,4.710035836097585,4.710035836097585,4.710035836097585,4.710035836097585,4.710035836097585,4.710035836097585,4.710035836097585,4.710035836097585,4.710035836097585,4.710035836097585,4.710035836097585,4.710035836097585,4.710035836097585,4.710035836097585,4.710035836097585,4.710035836097585,4.710035836097585,4.710035836097585,4.710035836097585,4.710035836097585,4.710035836097585,4.710035836097585,4.710035836097585,4.710035836097585,4.710035836097585,4.710035836097585,4.710035836097585,4.710035836097585,4.710035836097585,4.710035836097585,4.710035836097585,4.710035836097585,4.710035836097585,4.710035836097585,4.710035836097585,4.710035836097585,4.710035836097585,4.710035836097585,4.710035836097585,4.710035836097585,4.710035836097585,4.710035836097585,4.710035836097585,4.710035836097585,4.710035836097585,4.710035836097585,4.710035836097585,4.710035836097585,4.710035836097585,4.710035836097585,4.710035836097585,4.710035836097585,4.710035836097585,4.710035836097585,4.710035836097585,4.710035836097585,4.710035836097585,4.710035836097585,4.710035836097585,4.710035836097585,4.710035836097585,4.710035836097585,4.710035836097585,4.710035836097585,4.710035836097585,4.710035836097585,4.710035836097585,4.710035836097585,4.710035836097585,4.710035836097585,4.710035836097585,4.710035836097585,4.710035836097585,4.710035836097585,4.710035836097585,4.710035836097585,4.710035836097585,4.710035836097585,4.710035836097585,4.710035836097585,4.710035836097585,4.710035836097585,4.710035836097585,4.710035836097585,4.710035836097585,4.710035836097585,4.710035836097585,4.710035836097585,4.710035836097585,4.710035836097585,4.710035836097585,4.710035836097585,4.710035836097585,4.710035836097585,4.710035836097585,4.710035836097585,4.710035836097585,4.710035836097585,4.710035836097585,4.710035836097585,4.710035836097585,4.710035836097585,4.710035836097585,4.710035836097585,4.710035836097585,4.710035836097585,4.710035836097585,4.710035836097585,4.710035836097585,4.710035836097585,4.710035836097585,4.710035836097585,4.710035836097585,4.710035836097585,4.710035836097585,4.710035836097585,4.710035836097585,4.710035836097585,4.710035836097585,4.710035836097585,4.710035836097585,4.710035836097585,4.710035836097585,4.710035836097585,4.710035836097585,4.710035836097585,4.710035836097585,4.710035836097585,4.710035836097585,4.710035836097585,4.710035836097585,4.710035836097585,4.710035836097585,4.710035836097585,4.710035836097585,4.710035836097585,4.710035836097585,4.710035836097585,4.710035836097585,4.710035836097585,4.710035836097585,4.710035836097585,4.710035836097585,4.710035836097585,4.710035836097585,4.710035836097585,4.710035836097585,4.710035836097585,4.710035836097585,4.710035836097585,4.710035836097585,4.710035836097585,4.710035836097585,4.710035836097585,4.710035836097585,4.710035836097585,4.710035836097585,4.710035836097585,4.710035836097585,4.710035836097585,4.710035836097585,4.710035836097585,4.710035836097585,4.710035836097585,4.710035836097585,4.710035836097585,4.710035836097585,4.710035836097585,4.710035836097585,4.710035836097585,4.710035836097585,4.710035836097585,4.710035836097585,4.710035836097585,4.710035836097585,4.710035836097585,4.710035836097585,4.710035836097585,4.710035836097585,4.710035836097585,4.710035836097585,4.710035836097585,4.710035836097585,4.710035836097585,4.710035836097585,4.710035836097585,4.710035836097585,4.710035836097585,4.710035836097585,4.710035836097585,4.710035836097585,4.710035836097585,4.710035836097585,4.710035836097585,4.710035836097585,4.710035836097585,4.710035836097585,4.710035836097585,4.710035836097585,4.710035836097585,4.710035836097585,4.710035836097585,4.710035836097585,4.710035836097585,4.710035836097585,4.710035836097585,4.710035836097585,4.710035836097585,4.710035836097585,4.710035836097585,4.710035836097585,4.710035836097585,4.710035836097585,4.710035836097585,4.710035836097585,4.710035836097585,4.710035836097585,4.710035836097585,4.710035836097585,4.710035836097585,4.710035836097585,4.710035836097585,4.710035836097585,4.710035836097585,4.710035836097585,4.710035836097585,4.710035836097585,4.710035836097585,4.710035836097585,4.710035836097585,4.710035836097585,4.710035836097585,4.710035836097585,4.710035836097585,8.02295266544298,7.167474387140178,7.167474387140178,7.167474387140178,6.501364091141193,6.501364091141193,6.501364091141193,6.501364091141193,6.501364091141193,6.501364091141193,6.501364091141193,6.498060325507071,6.498060325507071,6.498060325507071,6.498060325507071,6.498060325507071,6.498060325507071,6.498060325507071,6.498060325507071,6.498060325507071,6.498060325507071,6.498060325507071,6.498060325507071,6.498060325507071,6.498060325507071,6.498060325507071,6.498060325507071,6.498060325507071,6.498060325507071,6.498060325507071,6.498060325507071,6.498060325507071,6.498060325507071,6.498060325507071,6.498060325507071,6.498060325507071,6.498060325507071,6.498060325507071,6.498060325507071,6.498060325507071,6.498060325507071,6.485825613512304,6.485825613512304,6.485825613512304,6.485825613512304,6.485825613512304,6.485825613512304,6.485825613512304,6.485825613512304,6.485825613512304,6.485825613512304,6.485825613512304,6.485825613512304,6.485825613512304,6.485825613512304,6.485825613512304,6.485825613512304,6.485825613512304,6.485825613512304,6.485825613512304,6.485825613512304,6.485825613512304,6.485825613512304,6.485825613512304,6.485825613512304,6.485825613512304,6.485825613512304,6.485825613512304,6.485825613512304,6.485825613512304,6.485825613512304,6.485825613512304,6.485825613512304,6.485825613512304,6.485825613512304,6.485825613512304,6.292088375401389,6.292088375401389,6.292088375401389,6.292088375401389,6.292088375401389,6.275493678491744,6.275493678491744,6.275493678491744,6.275493678491744,6.275493678491744,6.275493678491744,6.275493678491744,6.275493678491744,6.275493678491744,6.275493678491744,6.275493678491744,6.275493678491744,6.275493678491744,6.275493678491744,6.275493678491744,6.275493678491744,6.275493678491744,6.275493678491744,6.275493678491744,6.275493678491744,6.275493678491744,6.275493678491744,6.275493678491744,6.275493678491744,6.275493678491744,6.275493678491744,6.275493678491744,6.275493678491744,6.275493678491744,6.275493678491744,6.275493678491744,6.275493678491744,6.275493678491744,6.275493678491744,6.275493678491744,6.275493678491744,6.275493678491744,6.275493678491744,6.275493678491744,6.275493678491744,6.275493678491744,6.275493678491744,6.275493678491744,6.275493678491744,6.275493678491744,6.275493678491744,6.275493678491744,6.275493678491744,6.275493678491744,6.275493678491744,6.275493678491744,6.275493678491744,6.275493678491744,6.275493678491744,6.275493678491744,6.275493678491744,6.275493678491744,6.275493678491744,6.275493678491744,6.275493678491744,6.275493678491744,6.275493678491744,6.275493678491744,6.275493678491744,6.275493678491744,6.275493678491744,6.275493678491744,6.275493678491744,6.275493678491744,6.275493678491744,6.275493678491744,6.275493678491744,6.275493678491744,6.275493678491744,6.275493678491744,6.275493678491744,6.275493678491744,6.275493678491744,6.275493678491744,6.275493678491744,6.275493678491744,6.275493678491744,6.275493678491744,6.275493678491744,6.275493678491744,6.275493678491744,6.275493678491744,6.275493678491744,6.275493678491744,6.275493678491744,6.275493678491744,6.275493678491744,6.275493678491744,6.275493678491744,6.275493678491744,6.275493678491744,6.275493678491744,6.275493678491744,6.275493678491744,6.275493678491744,6.275493678491744,6.275493678491744,6.275493678491744,6.275493678491744,6.275493678491744,6.275493678491744,6.275493678491744,6.275493678491744,6.275493678491744,6.275493678491744,6.275493678491744,6.275493678491744,6.275493678491744,6.275493678491744,6.275493678491744,6.275493678491744,6.275493678491744,6.275493678491744,6.234152455889678,6.234152455889678,6.234152455889678,6.234152455889678,6.234152455889678,6.234152455889678,6.234152455889678,6.234152455889678,6.234152455889678,6.234152455889678,6.234152455889678,6.234152455889678,6.234152455889678,6.234152455889678,6.234152455889678,6.234152455889678,6.234152455889678,6.234152455889678,6.234152455889678,6.234152455889678,6.234152455889678,6.234152455889678,6.234152455889678,6.234152455889678,6.234152455889678,6.234152455889678,6.234152455889678,6.234152455889678,6.234152455889678,6.234152455889678,6.234152455889678,6.234152455889678,6.234152455889678,6.234152455889678,6.234152455889678,6.234152455889678,6.234152455889678,6.234152455889678,6.234152455889678,6.234152455889678,6.234152455889678,6.234152455889678,6.234152455889678,6.234152455889678,6.234152455889678,6.234152455889678,6.234152455889678,6.234152455889678,6.234152455889678,6.234152455889678,6.234152455889678,6.234152455889678,6.234152455889678,6.234152455889678,6.234152455889678,6.234152455889678,6.234152455889678,6.234152455889678,6.234152455889678,6.234152455889678,6.234152455889678,6.234152455889678,6.234152455889678,6.234152455889678,6.234152455889678,6.234152455889678,6.234152455889678,6.234152455889678,6.234152455889678,6.234152455889678,6.234152455889678,6.234152455889678,6.234152455889678,6.234152455889678,6.234152455889678,6.234152455889678,6.234152455889678,6.234152455889678,6.234152455889678,6.234152455889678,6.234152455889678,6.234152455889678,6.234152455889678,6.234152455889678,6.234152455889678,6.234152455889678,6.234152455889678,6.234152455889678,6.234152455889678,6.234152455889678,6.234152455889678,6.234152455889678,6.234152455889678,6.234152455889678,6.234152455889678,6.234152455889678,6.234152455889678,6.234152455889678,6.234152455889678,6.234152455889678,6.234152455889678,6.234152455889678,6.234152455889678,6.234152455889678,6.234152455889678,6.234152455889678,6.234152455889678,6.234152455889678,6.234152455889678,6.234152455889678,6.234152455889678,6.234152455889678,6.234152455889678,6.234152455889678,6.234152455889678,6.234152455889678,6.234152455889678,6.234152455889678,6.234152455889678,6.234152455889678,6.234152455889678,6.234152455889678,6.234152455889678,6.234152455889678,6.234152455889678,6.234152455889678,6.234152455889678,6.234152455889678,6.234152455889678,6.234152455889678,6.234152455889678,6.234152455889678,6.234152455889678,6.234152455889678,6.234152455889678,6.234152455889678,6.234152455889678,6.234152455889678,6.234152455889678,6.234152455889678,6.234152455889678,6.234152455889678,6.234152455889678,6.234152455889678,6.234152455889678,6.234152455889678,6.234152455889678,4.425272081715332,4.425272081715332,4.425272081715332,4.425272081715332,4.425272081715332,4.425272081715332,4.425272081715332,4.425272081715332,4.425272081715332,4.425272081715332,4.425272081715332,4.425272081715332,4.425272081715332,4.425272081715332,4.425272081715332,4.425272081715332,4.425272081715332,4.425272081715332,4.425272081715332,4.425272081715332,4.425272081715332,4.425272081715332,4.425272081715332,4.425272081715332,4.425272081715332,4.425272081715332,4.425272081715332,4.425272081715332,4.425272081715332,4.425272081715332,4.425272081715332,4.425272081715332,4.425272081715332,4.425272081715332,4.425272081715332,4.425272081715332,4.425272081715332,4.425272081715332,4.425272081715332,4.425272081715332,4.425272081715332,4.425272081715332,4.425272081715332,4.425272081715332,4.425272081715332,4.425272081715332,4.425272081715332,4.425272081715332,4.425272081715332,4.425272081715332,4.425272081715332,4.425272081715332,4.425272081715332,4.425272081715332,4.425272081715332,4.425272081715332,4.425272081715332,4.425272081715332,4.425272081715332,4.425272081715332,4.425272081715332,4.425272081715332,4.425272081715332,4.425272081715332,4.425272081715332,4.425272081715332,4.425272081715332,4.425272081715332,4.425272081715332,4.425272081715332,4.425272081715332,4.425272081715332,4.425272081715332,4.425272081715332,4.425272081715332,4.425272081715332,4.425272081715332,4.425272081715332,4.425272081715332,4.425272081715332,4.425272081715332,4.425272081715332,4.425272081715332,4.425272081715332,4.425272081715332,4.425272081715332,4.425272081715332,4.425272081715332,4.425272081715332,4.425272081715332,4.425272081715332,4.425272081715332,4.425272081715332,4.425272081715332,4.425272081715332,4.425272081715332,4.425272081715332,4.425272081715332,4.425272081715332,4.425272081715332,4.425272081715332,4.425272081715332,4.425272081715332,4.425272081715332,4.425272081715332,4.425272081715332,4.425272081715332,4.425272081715332,4.425272081715332,4.425272081715332,4.425272081715332,4.425272081715332,4.425272081715332,4.425272081715332,4.425272081715332,4.425272081715332,4.425272081715332,4.425272081715332,4.425272081715332,4.425272081715332,4.425272081715332,4.425272081715332,4.425272081715332,4.425272081715332,4.425272081715332,4.425272081715332,4.425272081715332,4.425272081715332,4.425272081715332,4.425272081715332,4.425272081715332,4.425272081715332,4.425272081715332,4.425272081715332,4.425272081715332,4.425272081715332,4.425272081715332,4.425272081715332,4.425272081715332,4.425272081715332,4.425272081715332,4.425272081715332,4.425272081715332,4.425272081715332,4.425272081715332,4.425272081715332,4.425272081715332,4.425272081715332,4.425272081715332,4.425272081715332,4.425272081715332,4.425272081715332,4.425272081715332,4.425272081715332,4.425272081715332,4.425272081715332,4.425272081715332,4.425272081715332,4.425272081715332,4.425272081715332,4.425272081715332,4.425272081715332,4.425272081715332,4.425272081715332,4.425272081715332,4.425272081715332,4.425272081715332,4.425272081715332,4.425272081715332,4.425272081715332,4.425272081715332,4.425272081715332,4.425272081715332,4.425272081715332,4.425272081715332,4.425272081715332,4.425272081715332,4.425272081715332,4.425272081715332,4.425272081715332,4.425272081715332,4.425272081715332,4.425272081715332,4.425272081715332,4.425272081715332,4.425272081715332,4.425272081715332,4.425272081715332,4.425272081715332,4.425272081715332,4.425272081715332,4.425272081715332,4.425272081715332,4.425272081715332,4.425272081715332,4.425272081715332,4.425272081715332,4.425272081715332,4.425272081715332,4.425272081715332,4.425272081715332,4.425272081715332,4.425272081715332,4.425272081715332,4.425272081715332,4.425272081715332,4.425272081715332,4.425272081715332,4.425272081715332,4.425272081715332,4.425272081715332,4.425272081715332,4.425272081715332,4.425272081715332,4.425272081715332,4.425272081715332,4.425272081715332,4.425272081715332,4.425272081715332,4.425272081715332,4.425272081715332,4.425272081715332,4.425272081715332,4.425272081715332,4.425272081715332,4.425272081715332,4.425272081715332,4.425272081715332,4.425272081715332,4.425272081715332,4.425272081715332,4.425272081715332,4.425272081715332,4.425272081715332,4.425272081715332,4.425272081715332,4.425272081715332,4.425272081715332,4.425272081715332,4.425272081715332,4.425272081715332,4.425272081715332,4.425272081715332,4.425272081715332,4.425272081715332,4.425272081715332,4.425272081715332,4.425272081715332,4.425272081715332,4.425272081715332,4.425272081715332,4.425272081715332,4.425272081715332,4.425272081715332,4.425272081715332,4.425272081715332,4.425272081715332,4.425272081715332,4.425272081715332,4.425272081715332,4.425272081715332,4.425272081715332,4.425272081715332,4.425272081715332,4.425272081715332,4.425272081715332,4.425272081715332,4.425272081715332,4.425272081715332,4.425272081715332,4.425272081715332,4.425272081715332,4.425272081715332,4.425272081715332,4.425272081715332,4.425272081715332,4.425272081715332,4.425272081715332,4.425272081715332,4.425272081715332,4.425272081715332,4.425272081715332,4.425272081715332,4.425272081715332,4.425272081715332,4.425272081715332,4.425272081715332,4.425272081715332,4.425272081715332,4.425272081715332,4.425272081715332,4.425272081715332,4.425272081715332,4.425272081715332,4.425272081715332,4.425272081715332,4.425272081715332,4.425272081715332,4.425272081715332,4.425272081715332,4.425272081715332,4.425272081715332,4.425272081715332,4.425272081715332,4.425272081715332,4.425272081715332,4.425272081715332,4.425272081715332,4.425272081715332,4.425272081715332,4.425272081715332,4.425272081715332,4.425272081715332,4.425272081715332,4.425272081715332,4.425272081715332,4.425272081715332,4.425272081715332,4.425272081715332,4.425272081715332,4.425272081715332,4.425272081715332,4.425272081715332,4.425272081715332,4.425272081715332,4.425272081715332,4.425272081715332,4.425272081715332,4.425272081715332,4.425272081715332,4.425272081715332,4.425272081715332,4.425272081715332,4.425272081715332,4.425272081715332,4.425272081715332,4.425272081715332,4.425272081715332,4.425272081715332,4.425272081715332,4.425272081715332,4.425272081715332,4.425272081715332,4.425272081715332,4.425272081715332,4.425272081715332,4.425272081715332,4.425272081715332,4.425272081715332,4.425272081715332,4.425272081715332,4.425272081715332,4.425272081715332,4.425272081715332,4.425272081715332,4.425272081715332,4.425272081715332,4.425272081715332,4.425272081715332,4.425272081715332,4.425272081715332,4.425272081715332,4.425272081715332,4.425272081715332,4.425272081715332,4.425272081715332,4.425272081715332,4.425272081715332,4.425272081715332,4.425272081715332,4.425272081715332,4.425272081715332,4.425272081715332,4.425272081715332,4.425272081715332,4.425272081715332,4.425272081715332,4.425272081715332,4.425272081715332,4.425272081715332,4.425272081715332,4.425272081715332,4.425272081715332,4.425272081715332,4.425272081715332,4.425272081715332,4.425272081715332,4.425272081715332,4.425272081715332,4.425272081715332,4.425272081715332,4.425272081715332,4.425272081715332,4.425272081715332,4.425272081715332,4.425272081715332,4.425272081715332,4.425272081715332,4.425272081715332,4.425272081715332,4.425272081715332,4.425272081715332,4.425272081715332,4.425272081715332,4.425272081715332,4.425272081715332,4.425272081715332,4.425272081715332,4.425272081715332,4.425272081715332,4.425272081715332,4.425272081715332,4.425272081715332,4.425272081715332,4.425272081715332,4.425272081715332,4.425272081715332,4.425272081715332,4.425272081715332,4.425272081715332,4.425272081715332,4.425272081715332,4.425272081715332,4.425272081715332,4.425272081715332,4.425272081715332,4.425272081715332,4.425272081715332,4.425272081715332,4.425272081715332,4.425272081715332,4.425272081715332,4.425272081715332,4.425272081715332,4.425272081715332,4.425272081715332,4.425272081715332,4.425272081715332,4.425272081715332,4.425272081715332,4.425272081715332,4.425272081715332,4.425272081715332,4.425272081715332,4.425272081715332,4.425272081715332,4.425272081715332,4.425272081715332,4.425272081715332,4.425272081715332,4.425272081715332,4.425272081715332,4.425272081715332,4.425272081715332,4.425272081715332,4.425272081715332,4.425272081715332,4.425272081715332,4.425272081715332,4.425272081715332,4.425272081715332,4.425272081715332,4.425272081715332,4.425272081715332,4.425272081715332,4.425272081715332,4.425272081715332,4.425272081715332,4.425272081715332,4.425272081715332,4.425272081715332,4.425272081715332,4.425272081715332,4.425272081715332,4.425272081715332,4.425272081715332,4.425272081715332,4.425272081715332,4.425272081715332,4.425272081715332,4.425272081715332,4.425272081715332,4.425272081715332,4.425272081715332,4.425272081715332,4.425272081715332,4.425272081715332,4.425272081715332,4.425272081715332,4.425272081715332,4.425272081715332,4.425272081715332,4.425272081715332,4.425272081715332,4.425272081715332,4.425272081715332,4.425272081715332,4.425272081715332,4.425272081715332,4.425272081715332,4.425272081715332,4.425272081715332,4.425272081715332,4.425272081715332,4.425272081715332,4.425272081715332,4.425272081715332,4.425272081715332,4.425272081715332,4.425272081715332,4.425272081715332,4.425272081715332,4.425272081715332,4.425272081715332,4.425272081715332,4.425272081715332,4.425272081715332,4.425272081715332,4.425272081715332,4.425272081715332,4.425272081715332,4.425272081715332,4.425272081715332,4.425272081715332,4.425272081715332,4.425272081715332,4.425272081715332,4.425272081715332,4.425272081715332,4.425272081715332,4.425272081715332,4.425272081715332,4.425272081715332,4.425272081715332,4.425272081715332,4.425272081715332,4.425272081715332,4.425272081715332,4.425272081715332,4.425272081715332,4.425272081715332,4.425272081715332,4.425272081715332,4.425272081715332,4.425272081715332,4.425272081715332,4.425272081715332,4.425272081715332,4.425272081715332,4.425272081715332,4.425272081715332,4.425272081715332,4.425272081715332,4.425272081715332,4.425272081715332,4.425272081715332,4.425272081715332,4.425272081715332,4.425272081715332,4.425272081715332,4.425272081715332,4.425272081715332,4.425272081715332,4.425272081715332,4.425272081715332,4.425272081715332,4.425272081715332,4.425272081715332,4.425272081715332,4.425272081715332,4.425272081715332,4.425272081715332,4.425272081715332,4.425272081715332,4.425272081715332,4.425272081715332,4.425272081715332,4.425272081715332,4.425272081715332,4.425272081715332,4.425272081715332,4.425272081715332,4.425272081715332,4.425272081715332,4.425272081715332,4.425272081715332,4.425272081715332,4.425272081715332,4.425272081715332,4.425272081715332,4.425272081715332,4.425272081715332,4.425272081715332,4.425272081715332,4.425272081715332,4.425272081715332,4.425272081715332,4.425272081715332,4.425272081715332,4.425272081715332,4.425272081715332,4.425272081715332,4.425272081715332,4.425272081715332,4.425272081715332,4.425272081715332,4.425272081715332,4.425272081715332,4.425272081715332,4.425272081715332,4.425272081715332,4.425272081715332,4.425272081715332,4.425272081715332,4.425272081715332,4.425272081715332,4.425272081715332,4.425272081715332,4.425272081715332,4.425272081715332,4.425272081715332,4.425272081715332,4.425272081715332,4.425272081715332,4.425272081715332,4.425272081715332,4.425272081715332,4.425272081715332,4.425272081715332,4.425272081715332,4.425272081715332,4.425272081715332,4.425272081715332,4.425272081715332,4.425272081715332,4.425272081715332,4.425272081715332,4.425272081715332,4.425272081715332,4.425272081715332,4.425272081715332,4.425272081715332,4.425272081715332,4.425272081715332,4.425272081715332,4.425272081715332,4.425272081715332,4.425272081715332,4.425272081715332,4.425272081715332,4.425272081715332,4.425272081715332,4.425272081715332,4.425272081715332,5.349550736072267,5.349550736072267,5.349550736072267,5.349550736072267,5.349550736072267,5.349550736072267,5.244262602296484,5.244262602296484,5.244262602296484,5.244262602296484,5.244262602296484,5.244262602296484,5.244262602296484,5.244262602296484,5.244262602296484,5.244262602296484,5.244262602296484,5.244262602296484,5.244262602296484,5.212374805869136,5.212374805869136,5.212374805869136,5.212374805869136,5.212374805869136,5.212374805869136,5.212374805869136,5.212374805869136,5.212374805869136,5.212374805869136,5.212374805869136,5.212374805869136,5.212374805869136,5.212374805869136,5.212374805869136,5.212374805869136,5.212374805869136,5.212374805869136,5.212374805869136,5.212374805869136,5.212374805869136,5.212374805869136,5.212374805869136,5.212374805869136,5.212374805869136,5.212374805869136,5.212374805869136,5.212374805869136,5.212374805869136,5.212374805869136,5.212374805869136,5.212374805869136,5.212374805869136,5.212374805869136,5.212374805869136,5.212374805869136,5.212374805869136,5.212374805869136,5.212374805869136,5.212374805869136,5.212374805869136,5.212374805869136,5.212374805869136,5.212374805869136,5.212374805869136,5.212374805869136,5.212374805869136,5.212374805869136,5.212374805869136,5.212374805869136,5.212374805869136,5.212374805869136,5.212374805869136,5.212374805869136,5.212374805869136,5.212374805869136,5.212374805869136,5.212374805869136,5.212374805869136,5.212374805869136,5.212374805869136,5.212374805869136,5.212374805869136,5.212374805869136,5.212374805869136,5.212374805869136,5.212374805869136,5.212374805869136,5.212374805869136,5.212374805869136,5.212374805869136,5.212374805869136,5.212374805869136,5.212374805869136,5.212374805869136,5.212374805869136,5.212374805869136,5.212374805869136,5.212374805869136,5.212374805869136,5.212374805869136,5.212374805869136,5.212374805869136,5.212374805869136,5.212374805869136,5.212374805869136,5.212374805869136,5.212374805869136,5.212374805869136,5.212374805869136,5.212374805869136,5.212374805869136,5.212374805869136,5.212374805869136,5.212374805869136,5.212374805869136,5.212374805869136,5.212374805869136,5.212374805869136,5.212374805869136,5.212374805869136,5.212374805869136,5.212374805869136,5.212374805869136,5.212374805869136,5.212374805869136,5.212374805869136,5.212374805869136,5.212374805869136,5.212374805869136,5.212374805869136,5.212374805869136,5.212374805869136,5.212374805869136,5.212374805869136,5.212374805869136,5.212374805869136,5.212374805869136,5.212374805869136,5.212374805869136,5.212374805869136,5.212374805869136,5.212374805869136,5.212374805869136,5.212374805869136,5.212374805869136,5.212374805869136,5.212374805869136,5.180557919574665,5.180557919574665,5.180557919574665,5.180557919574665,5.180557919574665,5.180557919574665,5.1382516203066455,5.1382516203066455,5.1382516203066455,5.1382516203066455,5.1382516203066455,5.1382516203066455,5.1382516203066455,5.1382516203066455,5.1382516203066455,5.1382516203066455,5.1382516203066455,5.1382516203066455,5.1382516203066455,5.1382516203066455,5.1382516203066455,5.1382516203066455,5.1382516203066455,5.1382516203066455,5.1382516203066455,5.1382516203066455,5.1382516203066455,5.1382516203066455,5.1382516203066455,5.1382516203066455,5.1382516203066455,5.1382516203066455,5.1382516203066455,5.1382516203066455,5.1382516203066455,5.1382516203066455,5.1382516203066455,5.1382516203066455,5.1382516203066455,5.1382516203066455,5.1382516203066455,5.1382516203066455,5.1382516203066455,5.1382516203066455,5.1382516203066455,5.1382516203066455,5.1382516203066455,5.1382516203066455,5.1382516203066455,5.1382516203066455,5.132250963130767,5.132250963130767,5.132250963130767,5.132250963130767,5.132250963130767,5.132250963130767,4.943655685029185,4.943655685029185,4.943655685029185,4.943655685029185,4.943655685029185,4.943655685029185,4.943655685029185,4.943655685029185,4.943655685029185,4.943655685029185,4.943655685029185,4.943655685029185,4.943655685029185,4.943655685029185,4.931697336902132,4.931697336902132,4.931697336902132,4.931697336902132,4.931697336902132,4.931697336902132,4.931697336902132,4.931697336902132,4.931697336902132,4.931697336902132,4.931697336902132,4.931697336902132,4.931697336902132,4.931697336902132,4.931697336902132,4.931697336902132,4.931697336902132,4.931697336902132,4.931697336902132,4.931697336902132,4.931697336902132,4.931697336902132,4.931697336902132,4.931697336902132,4.931697336902132,4.931697336902132,4.931697336902132,4.931697336902132,4.931697336902132,4.931697336902132,4.931697336902132,4.931697336902132,4.931697336902132,4.931697336902132,4.931697336902132,4.931697336902132,4.931697336902132,4.931697336902132,4.931697336902132,4.931697336902132,4.931697336902132,4.931697336902132,4.931697336902132,4.931697336902132,4.931697336902132,4.931697336902132,4.931697336902132,4.931697336902132,4.931697336902132,4.931697336902132,4.931697336902132,4.931697336902132,4.931697336902132,4.931697336902132,4.931697336902132,4.931697336902132,4.931697336902132,4.931697336902132,4.931697336902132,4.931697336902132,4.931697336902132,4.931697336902132,4.931697336902132,4.931697336902132,4.931697336902132,4.931697336902132,4.931697336902132,4.931697336902132,4.931697336902132,4.931697336902132,4.931697336902132,4.931697336902132,4.931697336902132,4.931697336902132,4.931697336902132,4.931697336902132,4.931697336902132,4.931697336902132,4.931697336902132,4.931697336902132,4.931697336902132,4.931697336902132,4.931697336902132,4.931697336902132,4.931697336902132,4.931697336902132,4.931697336902132,4.931697336902132,4.931697336902132,4.931697336902132,4.931697336902132,4.931697336902132,4.931697336902132,4.931697336902132,4.931697336902132,4.931697336902132,4.931697336902132,4.931697336902132,4.931697336902132,4.931697336902132,4.931697336902132,4.931697336902132,4.931697336902132,4.931697336902132,4.931697336902132,4.931697336902132,4.931697336902132,4.931697336902132,4.931697336902132,4.931697336902132,4.931697336902132,4.931697336902132,4.931697336902132,4.931697336902132,4.931697336902132,4.931697336902132,4.931697336902132,4.931697336902132,4.931697336902132,4.931697336902132,4.931697336902132,4.931697336902132,4.931697336902132,4.931697336902132,4.931697336902132,4.931697336902132,4.931697336902132,4.931697336902132,4.931697336902132,4.931697336902132,4.931697336902132,4.931697336902132,4.931697336902132,4.931697336902132,4.931697336902132,4.931697336902132,4.931697336902132,4.931697336902132,4.931697336902132,4.931697336902132,4.931697336902132,4.931697336902132,4.931697336902132,4.931697336902132,4.931697336902132,4.931697336902132,4.931697336902132,4.931697336902132,4.883242111865151,4.883242111865151,4.883242111865151,4.883242111865151,4.883242111865151,4.883242111865151,4.883242111865151,4.883242111865151,4.883242111865151,4.883242111865151,4.883242111865151,4.883242111865151,4.883242111865151,4.883242111865151,4.883242111865151,4.883242111865151,4.883242111865151,4.883242111865151,4.883242111865151,4.883242111865151,4.883242111865151,4.883242111865151,4.883242111865151,4.883242111865151,4.883242111865151,4.883242111865151,4.883242111865151,4.883242111865151,4.883242111865151,4.883242111865151,4.883242111865151,4.883242111865151,4.883242111865151,4.883242111865151,4.883242111865151,4.883242111865151,4.883242111865151,4.883242111865151,4.883242111865151,4.883242111865151,4.883242111865151,4.883242111865151,4.883242111865151,4.883242111865151,4.883242111865151,4.883242111865151,4.883242111865151,4.883242111865151,4.883242111865151,4.883242111865151,4.883242111865151,4.883242111865151,4.883242111865151,4.883242111865151,4.883242111865151,4.883242111865151,4.883242111865151,4.883242111865151,4.883242111865151,4.883242111865151,4.883242111865151,4.883242111865151,4.883242111865151,4.883242111865151,4.883242111865151,4.883242111865151,4.883242111865151,4.883242111865151,4.883242111865151,4.883242111865151,4.883242111865151,4.883242111865151,4.883242111865151,4.883242111865151,4.883242111865151,4.883242111865151,4.883242111865151,4.883242111865151,4.883242111865151,4.883242111865151,4.883242111865151,4.883242111865151,4.883242111865151,4.883242111865151,4.883242111865151,4.883242111865151,4.883242111865151,4.883242111865151,4.883242111865151,4.883242111865151,4.883242111865151,4.883242111865151,4.883242111865151,4.883242111865151,4.883242111865151,4.883242111865151,4.883242111865151,4.883242111865151,4.883242111865151,4.883242111865151,4.883242111865151,4.883242111865151,4.883242111865151,4.883242111865151,4.883242111865151,4.883242111865151,4.883242111865151,4.883242111865151,4.883242111865151,4.883242111865151,4.883242111865151,4.883242111865151,4.883242111865151,4.883242111865151,4.883242111865151,4.883242111865151,4.883242111865151,4.883242111865151,4.883242111865151,4.883242111865151,4.883242111865151,4.883242111865151,4.883242111865151,4.883242111865151,4.883242111865151,4.883242111865151,4.883242111865151,4.883242111865151,4.883242111865151,4.883242111865151,4.883242111865151,4.883242111865151,4.883242111865151,4.883242111865151,4.883242111865151,4.883242111865151,4.883242111865151,4.883242111865151,4.883242111865151,4.883242111865151,4.883242111865151,4.883242111865151,4.883242111865151,4.883242111865151,4.883242111865151,4.883242111865151,4.883242111865151,4.883242111865151,4.883242111865151,4.883242111865151,4.883242111865151,4.883242111865151,4.883242111865151,4.883242111865151,4.883242111865151,4.883242111865151,4.883242111865151,4.883242111865151,4.883242111865151,4.883242111865151,4.883242111865151,4.883242111865151,4.883242111865151,4.883242111865151,4.883242111865151,4.883242111865151,4.883242111865151,4.883242111865151,4.883242111865151,4.883242111865151,4.883242111865151,4.883242111865151,4.883242111865151,4.883242111865151,4.883242111865151,4.883242111865151,4.883242111865151,4.883242111865151,4.883242111865151,4.883242111865151,4.883242111865151,4.883242111865151,4.883242111865151,4.883242111865151,4.883242111865151,4.883242111865151,4.432310186218596,4.432310186218596,4.432310186218596,4.432310186218596,4.432310186218596,4.275782925614184,4.098540197539071,4.098540197539071,4.098540197539071,4.098540197539071,4.098540197539071,3.956043669265064,3.956043669265064,3.956043669265064,3.956043669265064,3.956043669265064,3.956043669265064,3.956043669265064,3.956043669265064,3.956043669265064,3.956043669265064,3.956043669265064,3.956043669265064,3.956043669265064,3.956043669265064,3.956043669265064,3.956043669265064,3.956043669265064,3.956043669265064,3.956043669265064,3.956043669265064,3.956043669265064,3.956043669265064,3.956043669265064,3.956043669265064,3.956043669265064,3.956043669265064,3.956043669265064,3.956043669265064,3.956043669265064,3.956043669265064,3.956043669265064,3.956043669265064,3.956043669265064,3.956043669265064,3.956043669265064,3.956043669265064,3.956043669265064,3.956043669265064,3.956043669265064,3.956043669265064,3.956043669265064,3.956043669265064,3.956043669265064,3.956043669265064,3.956043669265064,3.956043669265064,3.956043669265064,3.956043669265064,3.956043669265064,3.956043669265064,3.956043669265064,3.956043669265064,3.956043669265064,3.956043669265064,3.956043669265064,3.956043669265064,3.956043669265064,3.956043669265064,3.956043669265064,3.956043669265064,3.956043669265064,3.956043669265064,3.956043669265064,3.956043669265064,3.956043669265064,3.956043669265064,3.956043669265064,3.956043669265064,3.956043669265064,3.956043669265064,3.956043669265064,3.956043669265064,3.956043669265064,3.956043669265064,3.956043669265064,3.956043669265064,3.956043669265064,3.956043669265064,3.956043669265064,3.956043669265064,3.956043669265064,3.956043669265064,3.956043669265064,3.956043669265064,3.956043669265064,3.956043669265064,3.956043669265064,3.956043669265064,3.956043669265064,3.956043669265064,3.956043669265064,3.956043669265064,3.956043669265064,3.956043669265064,3.956043669265064,3.956043669265064,3.956043669265064,3.956043669265064,3.956043669265064,3.956043669265064,3.956043669265064,3.956043669265064,3.956043669265064,3.956043669265064,3.956043669265064,3.956043669265064,3.956043669265064,3.956043669265064,3.956043669265064,3.956043669265064,3.956043669265064,3.956043669265064,3.956043669265064,3.956043669265064,3.956043669265064,3.956043669265064,3.956043669265064,3.956043669265064,3.956043669265064,3.956043669265064,3.956043669265064,3.956043669265064,3.956043669265064,3.956043669265064,3.956043669265064,3.956043669265064,3.956043669265064,3.956043669265064,3.956043669265064,3.956043669265064,3.956043669265064,3.956043669265064,3.956043669265064,3.956043669265064,3.956043669265064,3.956043669265064,3.956043669265064,3.956043669265064,3.956043669265064,3.956043669265064,3.956043669265064,3.956043669265064,3.956043669265064,3.956043669265064,3.956043669265064,3.956043669265064,3.956043669265064,3.956043669265064,3.956043669265064,3.956043669265064,3.956043669265064,3.956043669265064,3.956043669265064,3.956043669265064,3.956043669265064,3.956043669265064,3.956043669265064,3.956043669265064,3.956043669265064,3.956043669265064,3.956043669265064,3.956043669265064,3.956043669265064,3.956043669265064,3.956043669265064,3.956043669265064,3.956043669265064,3.956043669265064,3.956043669265064,3.956043669265064,3.956043669265064,3.956043669265064,3.956043669265064,3.956043669265064,3.956043669265064,3.956043669265064,3.956043669265064,3.956043669265064,3.956043669265064,3.956043669265064,3.956043669265064,3.956043669265064,3.956043669265064,3.956043669265064,3.956043669265064,3.956043669265064,3.956043669265064,3.956043669265064,3.956043669265064,3.956043669265064,3.956043669265064,3.956043669265064,3.956043669265064,3.956043669265064,3.956043669265064,3.956043669265064,3.956043669265064,3.956043669265064,3.956043669265064,3.956043669265064,3.956043669265064,3.956043669265064,3.956043669265064,3.956043669265064,3.956043669265064,3.956043669265064,3.956043669265064,3.956043669265064,3.956043669265064,3.956043669265064,3.956043669265064,3.956043669265064,3.956043669265064,3.956043669265064,3.956043669265064,3.956043669265064,3.956043669265064,3.956043669265064,3.956043669265064,3.956043669265064,3.956043669265064,3.956043669265064,3.956043669265064,3.956043669265064,3.956043669265064,3.956043669265064,3.956043669265064,3.956043669265064,3.956043669265064,3.956043669265064,3.956043669265064,3.956043669265064,3.956043669265064,3.956043669265064,3.956043669265064,3.956043669265064,3.956043669265064,3.956043669265064,3.956043669265064,3.956043669265064,3.956043669265064,3.956043669265064,3.956043669265064,3.956043669265064,3.956043669265064,3.956043669265064,3.956043669265064,3.956043669265064,3.956043669265064,3.956043669265064,3.956043669265064,3.956043669265064,3.956043669265064,3.956043669265064,3.956043669265064,3.956043669265064,3.956043669265064,3.956043669265064,3.956043669265064,3.956043669265064,3.956043669265064,3.956043669265064,3.956043669265064,3.956043669265064,3.956043669265064,3.956043669265064,3.956043669265064,3.956043669265064,3.956043669265064,3.956043669265064,3.956043669265064,3.956043669265064,3.956043669265064,3.956043669265064,3.956043669265064,3.956043669265064,3.956043669265064,3.956043669265064,3.956043669265064,3.956043669265064,3.956043669265064,3.956043669265064,3.956043669265064,3.956043669265064,3.956043669265064,3.956043669265064,3.956043669265064,3.956043669265064,3.956043669265064,3.956043669265064,3.956043669265064,3.956043669265064,3.956043669265064,3.956043669265064,3.956043669265064,3.956043669265064,3.956043669265064,3.956043669265064,3.956043669265064,3.956043669265064,3.956043669265064,3.956043669265064,3.956043669265064,3.956043669265064,3.956043669265064,3.956043669265064,3.956043669265064,3.956043669265064,3.956043669265064,3.956043669265064,3.956043669265064,3.956043669265064,3.956043669265064,3.956043669265064,3.956043669265064,3.956043669265064,3.956043669265064,3.956043669265064,3.956043669265064,3.956043669265064,3.956043669265064,3.956043669265064,3.956043669265064,3.956043669265064,3.956043669265064,3.956043669265064,3.956043669265064,3.956043669265064,3.956043669265064,3.956043669265064,3.956043669265064,3.795313833332517,3.795313833332517,3.795313833332517,3.795313833332517,3.795313833332517,3.795313833332517,3.795313833332517,3.795313833332517,3.795313833332517,3.795313833332517,3.795313833332517,3.795313833332517,3.795313833332517,3.795313833332517,3.795313833332517,3.795313833332517,3.795313833332517,3.795313833332517,3.795313833332517,3.795313833332517,3.795313833332517,3.795313833332517,3.795313833332517,3.795313833332517,3.795313833332517,3.795313833332517,3.795313833332517,3.795313833332517,3.795313833332517,3.795313833332517,3.795313833332517,3.795313833332517,3.795313833332517,3.795313833332517,3.795313833332517,3.795313833332517,3.795313833332517,3.795313833332517,3.795313833332517,3.795313833332517,3.795313833332517,3.795313833332517,3.795313833332517,3.795313833332517,3.795313833332517,3.795313833332517,3.795313833332517,3.795313833332517,3.795313833332517,3.795313833332517,3.795313833332517,3.795313833332517,3.795313833332517,3.795313833332517,3.795313833332517,3.795313833332517,3.795313833332517,3.795313833332517,3.795313833332517,3.795313833332517,3.795313833332517,3.795313833332517,3.795313833332517,3.795313833332517,3.795313833332517,3.795313833332517,3.795313833332517,3.795313833332517,3.795313833332517,3.795313833332517,3.795313833332517,3.795313833332517,3.795313833332517,3.795313833332517,3.795313833332517,3.795313833332517,3.795313833332517,3.795313833332517,3.795313833332517,3.795313833332517,3.795313833332517,3.795313833332517,3.795313833332517,3.795313833332517,3.795313833332517,3.795313833332517,3.795313833332517,3.795313833332517,3.795313833332517,3.795313833332517,3.795313833332517,3.795313833332517,3.795313833332517,3.795313833332517,3.795313833332517,3.795313833332517,3.795313833332517,3.795313833332517,3.795313833332517,3.795313833332517,3.795313833332517,3.795313833332517,3.795313833332517,3.795313833332517,3.795313833332517,3.795313833332517,3.795313833332517,6.182006918964894,6.182006918964894,6.182006918964894,6.182006918964894,6.182006918964894,6.182006918964894,6.182006918964894,6.182006918964894,6.182006918964894,6.182006918964894,6.182006918964894,6.182006918964894,6.182006918964894,6.182006918964894,5.423087971814108,5.423087971814108,5.423087971814108,5.423087971814108,5.423087971814108,5.423087971814108,5.423087971814108,5.423087971814108,5.423087971814108,5.423087971814108,5.353147173223737,5.353147173223737,5.353147173223737,5.353147173223737,5.353147173223737,5.353147173223737,5.353147173223737,5.353147173223737,5.353147173223737,5.353147173223737,5.353147173223737,5.353147173223737,5.353147173223737,5.353147173223737,5.353147173223737,5.353147173223737,5.353147173223737,5.353147173223737,5.353147173223737,5.353147173223737,5.353147173223737,5.353147173223737,5.353147173223737,5.353147173223737,5.353147173223737,5.353147173223737,5.353147173223737,5.353147173223737,5.353147173223737,5.353147173223737,5.353147173223737,5.353147173223737,5.353147173223737,5.353147173223737,5.353147173223737,5.353147173223737,5.353147173223737,5.353147173223737,5.353147173223737,5.353147173223737,5.353147173223737,5.353147173223737,5.353147173223737,5.353147173223737,5.353147173223737,5.353147173223737,5.353147173223737,5.353147173223737,5.353147173223737,5.353147173223737,5.353147173223737,5.353147173223737,5.353147173223737,5.353147173223737,5.353147173223737,5.353147173223737,5.353147173223737,5.353147173223737,5.353147173223737,5.353147173223737,5.353147173223737,5.353147173223737,5.353147173223737,5.353147173223737,5.353147173223737,5.353147173223737,5.353147173223737,5.353147173223737,5.353147173223737,5.353147173223737,5.353147173223737,5.353147173223737,5.353147173223737,5.353147173223737,5.353147173223737,5.353147173223737,5.353147173223737,5.353147173223737,5.353147173223737,5.353147173223737,5.353147173223737,5.353147173223737,5.353147173223737,5.353147173223737,5.353147173223737,5.353147173223737,5.353147173223737,5.353147173223737,5.353147173223737,5.353147173223737,5.353147173223737,5.353147173223737,5.353147173223737,5.353147173223737,5.353147173223737,5.353147173223737,5.353147173223737,5.353147173223737,5.353147173223737,5.353147173223737,5.353147173223737,5.353147173223737,5.353147173223737,5.353147173223737,5.353147173223737,5.353147173223737,5.353147173223737,5.353147173223737,5.353147173223737,5.353147173223737,5.353147173223737,5.353147173223737,5.353147173223737,5.353147173223737,5.353147173223737,5.353147173223737,5.353147173223737,5.353147173223737,5.353147173223737,5.353147173223737,5.353147173223737,5.353147173223737,5.353147173223737,5.353147173223737,5.353147173223737,5.353147173223737,5.353147173223737,5.353147173223737,5.353147173223737,5.353147173223737,5.353147173223737,5.353147173223737,5.353147173223737,5.353147173223737,5.353147173223737,5.353147173223737,5.353147173223737,5.353147173223737,5.353147173223737,5.353147173223737,5.353147173223737,5.353147173223737,5.353147173223737,5.353147173223737,5.353147173223737,5.353147173223737,5.353147173223737,5.353147173223737,5.353147173223737,5.353147173223737,5.353147173223737,5.353147173223737,5.353147173223737,5.353147173223737,5.353147173223737,5.353147173223737,5.353147173223737,4.660828655932076,4.206428682342429,4.206428682342429,4.206428682342429,4.206428682342429,4.206428682342429,4.206428682342429,4.206428682342429,4.206428682342429,4.206428682342429,4.206428682342429,4.206428682342429,4.206428682342429,4.206428682342429,4.206428682342429,4.206428682342429,4.206428682342429,4.206428682342429,4.206428682342429,4.206428682342429,4.206428682342429,4.206428682342429,4.206428682342429,4.206428682342429,4.206428682342429,4.206428682342429,4.206428682342429,4.206428682342429,4.203214755788902,4.148486080685907,4.148486080685907,4.148486080685907,4.148486080685907,4.148486080685907,4.100746929033761,3.8137264138995013,3.8137264138995013,3.8137264138995013,3.758043849762024,3.758043849762024,3.758043849762024,3.758043849762024,3.758043849762024,3.758043849762024,3.758043849762024,3.758043849762024,3.758043849762024,3.758043849762024,3.758043849762024,3.758043849762024,3.758043849762024,3.758043849762024,3.758043849762024,3.758043849762024,3.758043849762024,3.758043849762024,3.758043849762024,3.758043849762024,3.758043849762024,3.758043849762024,3.758043849762024,3.758043849762024,3.758043849762024,3.758043849762024,3.758043849762024,3.758043849762024,3.758043849762024,3.758043849762024,3.758043849762024,3.758043849762024,3.758043849762024,3.758043849762024,3.758043849762024,3.758043849762024,3.758043849762024,3.758043849762024,3.758043849762024,3.758043849762024,3.758043849762024,3.758043849762024,3.758043849762024,3.758043849762024,3.758043849762024,3.758043849762024,3.758043849762024,3.758043849762024,3.758043849762024,3.758043849762024,3.758043849762024,3.758043849762024,3.758043849762024,3.758043849762024,3.758043849762024,3.758043849762024,3.758043849762024,3.758043849762024,3.758043849762024,3.758043849762024,3.758043849762024,3.758043849762024,3.758043849762024,3.758043849762024,3.758043849762024,3.758043849762024,3.758043849762024,3.758043849762024,3.758043849762024,3.758043849762024,3.758043849762024,3.758043849762024,3.758043849762024,3.758043849762024,3.758043849762024,3.758043849762024,3.758043849762024,3.758043849762024,3.758043849762024,3.758043849762024,3.758043849762024,3.758043849762024,3.758043849762024,3.758043849762024,3.758043849762024,3.758043849762024,3.758043849762024,3.758043849762024,3.758043849762024,3.758043849762024,3.758043849762024,3.758043849762024,3.758043849762024,3.758043849762024,3.758043849762024,3.758043849762024,3.758043849762024,3.758043849762024,3.758043849762024,3.758043849762024,3.758043849762024,3.758043849762024,3.758043849762024,3.758043849762024,3.758043849762024,3.758043849762024,3.758043849762024,3.758043849762024,3.758043849762024,3.758043849762024,3.758043849762024,3.758043849762024,3.758043849762024,3.758043849762024,3.758043849762024,3.758043849762024,3.758043849762024,3.758043849762024,3.758043849762024,3.758043849762024,3.758043849762024,3.758043849762024,3.758043849762024,3.758043849762024,3.758043849762024,3.758043849762024,3.758043849762024,3.758043849762024,3.758043849762024,3.758043849762024,3.758043849762024,3.758043849762024,3.758043849762024,3.758043849762024,3.758043849762024,3.758043849762024,3.758043849762024,3.758043849762024,3.758043849762024,3.758043849762024,3.758043849762024,3.758043849762024,3.758043849762024,3.758043849762024,3.758043849762024,3.758043849762024,3.758043849762024,3.758043849762024,3.758043849762024,3.758043849762024,3.758043849762024,3.758043849762024,3.758043849762024,3.758043849762024,3.758043849762024,3.758043849762024,3.758043849762024,3.758043849762024,3.758043849762024,3.758043849762024,3.758043849762024,3.758043849762024,3.758043849762024,3.758043849762024,3.758043849762024,3.758043849762024,3.758043849762024,3.758043849762024,3.758043849762024,3.758043849762024,3.758043849762024,3.758043849762024,3.758043849762024,3.758043849762024,3.758043849762024,3.758043849762024,3.758043849762024,3.758043849762024,3.758043849762024,3.758043849762024,3.758043849762024,3.758043849762024,3.758043849762024,3.758043849762024,3.758043849762024,3.758043849762024,3.758043849762024,3.758043849762024,3.758043849762024,3.758043849762024,3.758043849762024,3.758043849762024,3.758043849762024,3.758043849762024,3.758043849762024,3.758043849762024,3.758043849762024,3.758043849762024,3.758043849762024,3.758043849762024,3.758043849762024,3.758043849762024,3.758043849762024,3.758043849762024,3.758043849762024,3.758043849762024,3.758043849762024,3.758043849762024,3.758043849762024,3.758043849762024,3.758043849762024,3.758043849762024,3.758043849762024,3.758043849762024,3.758043849762024,3.758043849762024,3.758043849762024,3.758043849762024,3.758043849762024,3.758043849762024,3.758043849762024,3.758043849762024,3.758043849762024,3.758043849762024,3.758043849762024,3.758043849762024,3.758043849762024,3.758043849762024,3.758043849762024,3.758043849762024,3.758043849762024,3.758043849762024,3.758043849762024,3.758043849762024,3.758043849762024,3.758043849762024,3.758043849762024,3.758043849762024,3.758043849762024,3.758043849762024,3.758043849762024,3.758043849762024,3.758043849762024,3.758043849762024,3.758043849762024,3.758043849762024,3.758043849762024,3.758043849762024,3.758043849762024,3.758043849762024,3.758043849762024,3.758043849762024,3.758043849762024,3.758043849762024,3.758043849762024,3.758043849762024,3.758043849762024,3.758043849762024,3.758043849762024,3.758043849762024,3.758043849762024,3.758043849762024,3.758043849762024,3.758043849762024,3.758043849762024,3.758043849762024,3.758043849762024,3.758043849762024,3.758043849762024,3.758043849762024,3.758043849762024,3.758043849762024,3.758043849762024,3.758043849762024,3.758043849762024,3.758043849762024,3.758043849762024,3.758043849762024,3.758043849762024,3.758043849762024,3.758043849762024,3.758043849762024,3.758043849762024,3.758043849762024,3.758043849762024,3.758043849762024,3.758043849762024,3.758043849762024,3.758043849762024,3.758043849762024,3.758043849762024,3.758043849762024,3.758043849762024,3.758043849762024,3.758043849762024,3.758043849762024,3.758043849762024,3.758043849762024,3.758043849762024,3.758043849762024,3.758043849762024,3.758043849762024,3.758043849762024,3.758043849762024,3.758043849762024,3.758043849762024,3.758043849762024,3.758043849762024,3.758043849762024,3.758043849762024,3.758043849762024,3.758043849762024,3.758043849762024,3.758043849762024,3.758043849762024,3.758043849762024,3.758043849762024,3.758043849762024,3.758043849762024,3.758043849762024,3.758043849762024,3.758043849762024,3.758043849762024,3.758043849762024,3.758043849762024,3.758043849762024,3.758043849762024,3.758043849762024,3.758043849762024,3.758043849762024,3.758043849762024,3.758043849762024,3.758043849762024,3.758043849762024,3.758043849762024,3.758043849762024,3.758043849762024,3.758043849762024,3.758043849762024,3.758043849762024,3.758043849762024,3.758043849762024,3.758043849762024,3.758043849762024,3.758043849762024,3.758043849762024,3.758043849762024,3.758043849762024,3.758043849762024,3.758043849762024,3.758043849762024,3.758043849762024,3.758043849762024,3.758043849762024,3.758043849762024,3.758043849762024,3.758043849762024,3.758043849762024,3.758043849762024,3.758043849762024,3.758043849762024,3.758043849762024,3.758043849762024,3.758043849762024,3.758043849762024,3.758043849762024,3.758043849762024,3.758043849762024,3.758043849762024,3.758043849762024,3.758043849762024,3.758043849762024,3.758043849762024,3.758043849762024,3.758043849762024,3.758043849762024,3.758043849762024,3.758043849762024,3.758043849762024,3.758043849762024,3.758043849762024,3.758043849762024,3.758043849762024,3.758043849762024,3.758043849762024,3.758043849762024,3.758043849762024,3.758043849762024,3.758043849762024,3.758043849762024,3.758043849762024,3.758043849762024,3.758043849762024,3.758043849762024,3.758043849762024,3.758043849762024,3.758043849762024,3.758043849762024,3.758043849762024,3.758043849762024,3.758043849762024,3.758043849762024,3.758043849762024,3.758043849762024,3.758043849762024,3.758043849762024,3.758043849762024,3.758043849762024,3.758043849762024,3.758043849762024,3.758043849762024,3.758043849762024,3.758043849762024,3.758043849762024,3.758043849762024,3.758043849762024,3.758043849762024,3.758043849762024,3.758043849762024,3.758043849762024,3.758043849762024,3.758043849762024,3.758043849762024,3.758043849762024,3.758043849762024,3.758043849762024,3.6108799249527963,3.6108799249527963,3.6108799249527963,3.6108799249527963,3.6108799249527963,3.6108799249527963,3.6108799249527963,3.6108799249527963,3.6108799249527963,3.6108799249527963,3.6108799249527963,3.6108799249527963,3.6108799249527963,3.6108799249527963,3.6108799249527963,3.6108799249527963,3.6108799249527963,3.6108799249527963,3.6108799249527963,3.6108799249527963,3.6108799249527963,3.6108799249527963,3.6108799249527963,3.6108799249527963,3.6108799249527963,3.6108799249527963,3.6108799249527963,3.610879924952796,3.610879924952796,3.610879924952796,3.610879924952796,3.610879924952796,3.610879924952796,3.610879924952796,3.610879924952796,3.610879924952796,3.610879924952796,3.610879924952796,3.610879924952796,3.610879924952796,3.610879924952796,3.610879924952796,3.610879924952796,3.610879924952796,3.610879924952796,3.610879924952796,3.610879924952796,3.610879924952796,3.610879924952796,3.610879924952796,3.610879924952796,3.610879924952796,3.610879924952796,3.610879924952796,3.610879924952796,3.610879924952796,3.610879924952796,3.610879924952796,3.610879924952796,3.610879924952796,3.610879924952796,3.610879924952796,3.610879924952796,3.610879924952796,3.610879924952796,3.610879924952796,3.610879924952796,3.610879924952796,3.610879924952796,3.610879924952796,3.610879924952796,3.610879924952796,3.610879924952796,3.610879924952796,3.610879924952796,3.610879924952796,3.610879924952796,3.610879924952796,3.610879924952796,3.610879924952796,3.610879924952796,3.610879924952796,3.610879924952796,3.610879924952796,3.610879924952796,3.610879924952796,3.610879924952796,3.610879924952796,3.610879924952796,3.610879924952796,3.610879924952796,3.610879924952796,3.610879924952796,3.610879924952796,3.610879924952796,3.610879924952796,3.610879924952796,3.610879924952796,3.610879924952796,3.610879924952796,3.610879924952796,3.610879924952796,3.610879924952796,3.610879924952796,3.610879924952796,3.610879924952796,3.610879924952796,3.610879924952796,3.610879924952796,3.610879924952796,3.610879924952796,3.610879924952796,3.610879924952796,3.610879924952796,3.610879924952796,3.610879924952796,3.610879924952796,3.610879924952796,3.610879924952796,3.610879924952796,3.610879924952796,3.610879924952796,3.610879924952796,3.610879924952796,3.610879924952796,3.610879924952796,3.610879924952796,3.610879924952796,3.610879924952796,3.610879924952796,3.610879924952796,3.610879924952796,3.610879924952796,3.610879924952796,3.610879924952796,3.610879924952796,3.610879924952796,3.610879924952796,3.610879924952796,3.610879924952796,3.610879924952796,3.610879924952796,3.610879924952796,3.610879924952796,3.610879924952796,3.610879924952796,3.610879924952796,3.610879924952796,3.610879924952796,3.610879924952796,3.610879924952796,3.610879924952796,3.610879924952796,3.610879924952796,3.610879924952796,3.610879924952796,3.610879924952796,3.610879924952796,3.610879924952796,3.610879924952796,3.610879924952796,3.610879924952796,3.610879924952796,3.610879924952796,3.610879924952796,3.610879924952796,3.610879924952796,3.610879924952796,3.610879924952796,3.610879924952796,3.610879924952796,3.610879924952796,3.610879924952796,3.610879924952796,3.610879924952796,3.610879924952796,3.610879924952796,3.610879924952796,3.610879924952796,3.610879924952796,3.610879924952796,3.610879924952796,3.610879924952796,3.610879924952796,3.610879924952796,3.610879924952796,3.610879924952796,3.610879924952796,3.610879924952796,3.610879924952796,3.610879924952796,3.610879924952796,3.610879924952796,3.610879924952796,3.610879924952796,3.610879924952796,3.610879924952796,3.610879924952796,3.610879924952796,3.610879924952796,3.610879924952796,3.610879924952796,3.610879924952796,3.610879924952796,3.610879924952796,3.610879924952796,3.610879924952796,3.610879924952796,3.610879924952796,3.610879924952796,3.610879924952796,3.610879924952796,3.610879924952796,3.610879924952796,3.610879924952796,3.610879924952796,3.610879924952796,3.610879924952796,3.610879924952796,3.610879924952796,3.610879924952796,3.610879924952796,3.610879924952796,3.610879924952796,3.610879924952796,3.610879924952796,3.610879924952796,3.610879924952796,3.610879924952796,3.610879924952796,3.610879924952796,3.610879924952796,3.610879924952796,3.610879924952796,3.610879924952796,3.610879924952796,3.610879924952796,3.610879924952796,3.610879924952796,3.610879924952796,3.610879924952796,3.610879924952796,3.610879924952796,3.610879924952796,3.610879924952796,3.610879924952796,3.610879924952796,3.610879924952796,3.610879924952796,3.610879924952796,3.610879924952796,3.610879924952796,3.610879924952796,3.610879924952796,3.610879924952796,3.610879924952796,3.610879924952796,3.610879924952796,3.610879924952796,3.610879924952796,3.610879924952796,3.610879924952796,3.610879924952796,3.610879924952796,3.610879924952796,3.610879924952796,3.610879924952796,3.610879924952796,3.610879924952796,3.610879924952796,3.610879924952796,3.610879924952796,3.610879924952796,3.610879924952796,3.610879924952796,3.610879924952796,3.610879924952796,3.610879924952796,3.610879924952796,3.610879924952796,3.610879924952796,3.610879924952796,3.610879924952796,3.610879924952796,3.610879924952796,3.610879924952796,3.610879924952796,3.610879924952796,3.610879924952796,3.610879924952796,3.610879924952796,3.610879924952796,3.610879924952796,3.610879924952796,3.610879924952796,3.610879924952796,3.610879924952796,3.610879924952796,3.610879924952796,3.610879924952796,3.610879924952796,3.610879924952796,3.610879924952796,3.610879924952796,3.610879924952796,3.610879924952796,3.610879924952796,3.610879924952796,3.610879924952796,3.610879924952796,3.610879924952796,3.610879924952796,3.610879924952796,3.610879924952796,3.610879924952796,3.610879924952796,3.610879924952796,3.610879924952796,3.610879924952796,3.610879924952796,3.610879924952796,3.610879924952796,3.610879924952796,3.610879924952796,3.610879924952796,3.610879924952796,3.610879924952796,3.610879924952796,3.610879924952796,3.610879924952796,3.610879924952796,3.610879924952796,3.610879924952796,3.610879924952796,3.610879924952796,3.610879924952796,3.610879924952796,3.610879924952796,3.610879924952796,3.610879924952796,3.610879924952796,3.610879924952796,3.610879924952796,3.610879924952796,3.610879924952796,3.610879924952796,3.610879924952796,3.610879924952796,3.610879924952796,3.610879924952796,3.610879924952796,3.610879924952796,3.610879924952796,3.610879924952796,3.610879924952796,7.804124285960044,7.389861894323252,7.301357595844355,6.978011789296618,6.978011789296618,6.978011789296618,6.978011789296618,6.978011789296618,6.978011789296618,6.978011789296618,6.978011789296618,6.978011789296618,6.978011789296618,6.978011789296618,6.978011789296618,6.978011789296618,6.978011789296618,6.978011789296618,6.978011789296618,6.978011789296618,6.978011789296618,6.978011789296618,6.978011789296618,6.978011789296618,6.978011789296618,6.978011789296618,6.978011789296618,6.978011789296618,6.978011789296618,6.978011789296618,6.978011789296618,6.978011789296618,6.978011789296618,6.978011789296618,6.978011789296618,6.978011789296618,6.978011789296618,6.978011789296618,6.978011789296618,6.978011789296618,6.978011789296618,6.978011789296618,6.978011789296618,6.978011789296618,6.978011789296618,6.978011789296618,6.978011789296618,6.978011789296618,6.978011789296618,6.978011789296618,6.978011789296618,6.978011789296618,6.978011789296618,6.978011789296618,6.978011789296618,6.978011789296618,6.978011789296618,6.978011789296618,6.978011789296618,6.978011789296618,6.978011789296618,6.932002986007032,6.932002986007032,6.932002986007032,6.932002986007032,6.932002986007032,6.932002986007032,6.932002986007032,6.932002986007032,6.932002986007032,6.932002986007032,6.932002986007032,6.932002986007032,6.932002986007032,6.932002986007032,6.932002986007032,6.932002986007032,6.932002986007032,6.932002986007032,6.932002986007032,6.932002986007032,6.932002986007032,6.932002986007032,6.932002986007032,6.932002986007032,6.932002986007032,6.932002986007032,6.932002986007032,6.932002986007032,6.932002986007032,6.932002986007032,6.932002986007032,6.932002986007032,6.932002986007032,6.932002986007032,6.932002986007032,6.932002986007032,6.932002986007032,6.932002986007032,6.932002986007032,6.932002986007032,6.932002986007032,6.932002986007032,6.932002986007032,6.932002986007032,6.932002986007032,6.932002986007032,6.932002986007032,6.932002986007032,6.932002986007032,6.932002986007032,6.932002986007032,6.932002986007032,6.932002986007032,6.932002986007032,6.932002986007032,6.932002986007032,6.932002986007032,6.932002986007032,6.932002986007032,6.932002986007032,6.932002986007032,6.932002986007032,6.932002986007032,6.932002986007032,6.932002986007032,6.932002986007032,6.932002986007032,6.932002986007032,6.932002986007032,6.932002986007032,6.932002986007032,6.932002986007032,6.932002986007032,6.932002986007032,6.932002986007032,6.932002986007032,6.932002986007032,6.932002986007032,6.932002986007032,6.932002986007032,6.932002986007032,6.932002986007032,6.932002986007032,6.932002986007032,6.932002986007032,6.932002986007032,6.932002986007032,6.932002986007032,6.932002986007032,6.932002986007032,6.932002986007032,6.932002986007032,6.932002986007032,6.932002986007032,6.932002986007032,6.932002986007032,6.932002986007032,6.932002986007032,6.932002986007032,6.932002986007032,6.932002986007032,6.932002986007032,6.932002986007032,6.932002986007032,6.932002986007032,6.932002986007032,6.932002986007032,6.932002986007032,6.932002986007032,6.932002986007032,6.932002986007032,6.932002986007032,6.932002986007032,6.932002986007032,6.932002986007032,6.932002986007032,6.932002986007032,6.932002986007032,6.932002986007032,6.932002986007032,6.932002986007032,6.932002986007032,6.932002986007032,6.932002986007032,6.932002986007032,6.932002986007032,6.932002986007032,6.932002986007032,6.932002986007032,6.932002986007032,6.932002986007032,6.932002986007032,6.932002986007032,6.932002986007032,6.932002986007032,6.932002986007032,6.932002986007032,6.932002986007032,6.932002986007032,6.932002986007032,6.932002986007032,6.932002986007032,6.932002986007032,6.932002986007032,6.932002986007032,6.932002986007032,6.932002986007032,6.932002986007032,6.932002986007032,6.932002986007032,6.932002986007032,6.932002986007032,6.932002986007032,6.932002986007032,6.932002986007032,6.932002986007032,6.932002986007032,6.932002986007032,6.932002986007032,6.932002986007032,6.932002986007032,6.932002986007032,6.932002986007032,6.932002986007032,6.932002986007032,6.932002986007032,6.932002986007032,6.932002986007032,6.932002986007032,6.932002986007032,6.932002986007032,6.932002986007032,6.932002986007032,6.932002986007032,6.932002986007032,6.932002986007032,6.932002986007032,6.932002986007032,6.932002986007032,6.932002986007032,6.932002986007032,6.932002986007032,6.932002986007032,6.932002986007032,6.932002986007032,6.932002986007032,6.932002986007032,6.932002986007032,6.932002986007032,6.932002986007032,6.932002986007032,6.932002986007032,6.932002986007032,6.932002986007032,6.932002986007032,6.932002986007032,6.932002986007032,6.932002986007032,6.932002986007032,6.932002986007032,6.932002986007032,6.932002986007032,6.932002986007032,6.932002986007032,6.932002986007032,6.932002986007032,6.932002986007032,6.932002986007032,6.932002986007032,6.932002986007032,6.932002986007032,6.932002986007032,6.932002986007032,6.932002986007032,6.932002986007032,6.932002986007032,6.932002986007032,6.932002986007032,6.932002986007032,6.932002986007032,6.932002986007032,6.932002986007032,6.932002986007032,6.932002986007032,6.932002986007032,6.932002986007032,6.932002986007032,6.932002986007032,6.932002986007032,6.932002986007032,6.932002986007032,6.932002986007032,6.932002986007032,6.932002986007032,6.932002986007032,6.932002986007032,6.932002986007032,6.932002986007032,6.932002986007032,6.932002986007032,6.932002986007032,6.932002986007032,6.932002986007032,6.932002986007032,6.932002986007032,6.932002986007032,6.932002986007032,6.932002986007032,6.932002986007032,6.932002986007032,6.932002986007032,6.932002986007032,6.932002986007032,6.932002986007032,6.932002986007032,6.932002986007032,6.932002986007032,6.932002986007032,6.932002986007032,6.932002986007032,6.932002986007032,6.932002986007032,6.932002986007032,6.932002986007032,6.932002986007032,6.932002986007032,6.932002986007032,6.932002986007032,6.932002986007032,6.932002986007032,6.932002986007032,6.932002986007032,6.932002986007032,6.932002986007032,6.932002986007032,6.932002986007032,6.932002986007032,6.932002986007032,6.932002986007032,6.932002986007032,6.932002986007032,6.932002986007032,6.932002986007032,6.932002986007032,6.932002986007032,6.932002986007032,6.932002986007032,6.932002986007032,6.932002986007032,6.932002986007032,6.932002986007032,6.932002986007032,6.932002986007032,6.932002986007032,6.932002986007032,6.932002986007032,6.932002986007032,6.932002986007032,6.932002986007032,6.932002986007032,6.932002986007032,6.932002986007032,6.932002986007032,6.932002986007032,6.932002986007032,6.932002986007032,6.932002986007032,6.932002986007032,6.932002986007032,6.932002986007032,6.932002986007032,6.932002986007032,6.932002986007032,6.371099723583733,5.8884064450108395,5.8884064450108395,5.715930075559002,5.715930075559002,5.715930075559002,5.488306372898252,5.488306372898252,5.488306372898252,5.488306372898252,5.488306372898252,5.488306372898252,5.488306372898252,5.456629888055912,5.456629888055912,5.456629888055912,5.456629888055912,5.456629888055912,5.456629888055912,5.456629888055912,5.456629888055912,5.456629888055912,5.456629888055912,5.456629888055912,5.456629888055912,5.267079733361496,5.267079733361496,5.267079733361496,5.267079733361496,5.267079733361496,5.267079733361496,5.267079733361496,5.267079733361496,5.267079733361496,5.267079733361496,5.267079733361496,5.267079733361496,5.267079733361496,5.267079733361496,5.267079733361496,5.267079733361496,5.267079733361496,5.267079733361496,5.267079733361496,5.267079733361496,5.267079733361496,5.267079733361496,5.267079733361496,5.267079733361496,5.267079733361496,5.267079733361496,5.267079733361496,5.267079733361496,5.267079733361496,5.267079733361496,5.267079733361496,5.267079733361496,5.267079733361496,5.267079733361496,5.267079733361496,5.267079733361496,5.267079733361496,5.267079733361496,5.267079733361496,5.267079733361496,5.267079733361496,5.267079733361496,5.267079733361496,5.267079733361496,5.267079733361496,5.267079733361496,5.267079733361496,5.267079733361496,5.267079733361496,5.267079733361496,5.267079733361496,5.267079733361496,5.267079733361496,5.267079733361496,5.267079733361496,5.267079733361496,5.267079733361496,5.267079733361496,5.267079733361496,5.267079733361496,5.267079733361496,5.267079733361496,5.267079733361496,5.267079733361496,5.267079733361496,5.267079733361496,5.267079733361496,5.267079733361496,5.267079733361496,5.267079733361496,5.267079733361496,5.267079733361496,5.267079733361496,5.267079733361496,5.267079733361496,5.267079733361496,5.267079733361496,5.267079733361496,5.267079733361496,5.267079733361496,5.267079733361496,5.267079733361496,5.267079733361496,5.267079733361496,5.267079733361496,5.267079733361496,5.267079733361496,5.267079733361496,5.267079733361496,5.267079733361496,5.267079733361496,5.267079733361496,5.267079733361496,5.267079733361496,5.267079733361496,5.267079733361496,5.267079733361496,5.267079733361496,5.267079733361496,5.267079733361496,5.267079733361496,5.267079733361496,5.267079733361496,5.267079733361496,5.267079733361496,5.267079733361496,5.267079733361496,5.267079733361496,5.267079733361496,5.267079733361496,5.267079733361496,5.267079733361496,5.267079733361496,5.267079733361496,5.267079733361496,5.267079733361496,5.267079733361496,5.267079733361496,5.267079733361496,5.267079733361496,5.267079733361496,5.267079733361496,5.267079733361496,5.267079733361496,5.267079733361496,5.267079733361496,5.267079733361496,5.267079733361496,5.267079733361496,5.267079733361496,5.267079733361496,5.267079733361496,5.267079733361496,5.267079733361496,5.267079733361496,5.267079733361496,5.267079733361496,5.267079733361496,5.267079733361496,5.267079733361496,5.267079733361496,5.267079733361496,5.267079733361496,5.267079733361496,5.267079733361496,5.267079733361496,5.267079733361496,5.267079733361496,5.267079733361496,5.267079733361496,5.267079733361496,5.267079733361496,5.267079733361496,5.267079733361496,5.267079733361496,5.267079733361496,5.267079733361496,5.267079733361496,5.267079733361496,5.267079733361496,5.267079733361496,5.267079733361496,5.267079733361496,5.267079733361496,5.267079733361496,5.267079733361496,5.267079733361496,5.267079733361496,5.267079733361496,5.267079733361496,5.267079733361496,5.267079733361496,5.267079733361496,5.267079733361496,5.267079733361496,5.267079733361496,5.267079733361496,5.267079733361496,5.267079733361496,5.267079733361496,5.267079733361496,5.267079733361496,5.267079733361496,5.267079733361496,5.267079733361496,5.267079733361496,5.267079733361496,5.267079733361496,5.267079733361496,5.267079733361496,5.267079733361496,5.267079733361496,5.267079733361496,5.267079733361496,5.267079733361496,5.267079733361496,5.267079733361496,5.267079733361496,5.267079733361496,5.267079733361496,5.267079733361496,5.267079733361496,5.267079733361496,5.267079733361496,5.267079733361496,5.267079733361496,5.267079733361496,5.267079733361496,5.267079733361496,5.267079733361496,5.267079733361496,5.267079733361496,5.267079733361496,5.267079733361496,5.267079733361496,5.267079733361496,5.267079733361496,5.267079733361496,5.267079733361496,5.267079733361496,5.2636705559862875,5.2636705559862875,5.2636705559862875,5.2636705559862875,5.2636705559862875,5.2636705559862875,5.2636705559862875,5.2636705559862875,5.2636705559862875,5.2636705559862875,5.2636705559862875,5.2636705559862875,5.2636705559862875,5.2636705559862875,5.2636705559862875,5.2636705559862875,5.2636705559862875,5.2636705559862875,5.2636705559862875,5.2636705559862875,5.2636705559862875,5.2636705559862875,5.2636705559862875,5.2636705559862875,5.2636705559862875,5.2636705559862875,5.2636705559862875,5.2636705559862875,5.2636705559862875,5.2636705559862875,5.2636705559862875,5.2636705559862875,5.2636705559862875,5.2636705559862875,5.2636705559862875,5.2636705559862875,5.2636705559862875,5.2636705559862875,5.2636705559862875,5.2636705559862875,5.2636705559862875,5.2636705559862875,5.2636705559862875,5.2636705559862875,5.2636705559862875,5.2636705559862875,5.2636705559862875,5.2636705559862875,5.2636705559862875,5.2636705559862875,5.2636705559862875,5.2636705559862875,5.2636705559862875,5.2636705559862875,5.2636705559862875,5.2636705559862875,5.214428806911396,5.214428806911396,5.214428806911396,5.214428806911396,5.214428806911396,5.214428806911396,5.214428806911396,5.214428806911396,5.214428806911396,5.214428806911396,5.214428806911396,5.214428806911396,5.214428806911396,5.214428806911396,5.214428806911396,5.214428806911396,5.214428806911396,5.214428806911396,5.214428806911396,5.214428806911396,5.214428806911396,5.214428806911396,5.214428806911396,5.214428806911396,5.214428806911396,5.214428806911396,5.214428806911396,5.214428806911396,5.214428806911396,5.214428806911396,5.214428806911396,5.214428806911396,5.214428806911396,5.214428806911396,5.214428806911396,5.214428806911396,5.214428806911396,5.214428806911396,5.214428806911396,5.214428806911396,5.214428806911396,5.214428806911396,4.921162973585363,4.921162973585363,4.921162973585363,4.921162973585363,4.921162973585363,4.921162973585363,4.921162973585363,4.921162973585363,4.921162973585363,4.921162973585363,4.921162973585363,4.921162973585363,4.921162973585363,4.921162973585363,4.921162973585363,4.921162973585363,4.921162973585363,4.921162973585363,4.921162973585363,4.921162973585363,4.921162973585363,4.921162973585363,4.921162973585363,4.921162973585363,4.921162973585363,4.921162973585363,4.921162973585363,4.921162973585363,4.921162973585363,4.921162973585363,4.921162973585363,4.921162973585363,4.921162973585363,4.921162973585363,4.921162973585363,4.921162973585363,4.921162973585363,4.921162973585363,4.921162973585363,4.921162973585363,4.921162973585363,4.921162973585363,4.921162973585363,4.921162973585363,4.921162973585363,4.921162973585363,4.921162973585363,4.921162973585363,4.921162973585363,4.921162973585363,4.921162973585363,4.921162973585363,4.921162973585363,4.921162973585363,4.921162973585363,4.921162973585363,4.921162973585363,4.921162973585363,4.921162973585363,4.921162973585363,4.921162973585363,4.921162973585363,4.921162973585363,4.921162973585363,4.921162973585363,4.921162973585363,4.921162973585363,4.921162973585363,4.921162973585363,4.921162973585363,4.921162973585363,4.921162973585363,4.921162973585363,4.921162973585363,4.921162973585363,4.921162973585363,4.921162973585363,4.921162973585363,4.921162973585363,4.921162973585363,4.921162973585363,4.921162973585363,4.921162973585363,4.921162973585363,4.921162973585363,4.921162973585363,4.921162973585363,4.921162973585363,4.921162973585363,4.921162973585363,4.921162973585363,4.921162973585363,4.921162973585363,4.921162973585363,4.921162973585363,4.921162973585363,4.921162973585363,4.921162973585363,4.921162973585363,4.921162973585363,4.921162973585363,4.921162973585363,4.921162973585363,4.921162973585363,4.921162973585363,4.921162973585363,4.921162973585363,4.921162973585363,4.921162973585363,4.921162973585363,4.921162973585363,4.921162973585363,4.921162973585363,4.921162973585363,4.921162973585363,4.921162973585363,4.921162973585363,4.921162973585363,4.921162973585363,4.921162973585363,4.921162973585363,4.921162973585363,4.921162973585363,4.921162973585363,4.921162973585363,4.921162973585363,4.921162973585363,4.921162973585363,4.921162973585363,4.921162973585363,4.921162973585363,4.921162973585363,4.921162973585363,4.921162973585363,4.921162973585363,4.921162973585363,4.921162973585363,4.921162973585363,4.921162973585363,4.921162973585363,4.921162973585363,4.921162973585363,4.921162973585363,4.921162973585363,4.921162973585363,4.921162973585363,4.921162973585363,4.921162973585363,4.921162973585363,4.921162973585363,4.921162973585363,4.921162973585363,4.921162973585363,4.921162973585363,4.921162973585363,4.921162973585363,4.921162973585363,4.921162973585363,4.921162973585363,4.921162973585363,4.921162973585363,4.921162973585363,4.921162973585363,4.921162973585363,4.921162973585363,4.921162973585363,4.921162973585363,4.921162973585363,4.921162973585363,4.921162973585363,4.921162973585363,4.921162973585363,4.921162973585363,4.921162973585363,4.921162973585363,4.921162973585363,4.921162973585363,4.921162973585363,4.921162973585363,4.921162973585363,4.921162973585363,4.921162973585363,4.921162973585363,4.921162973585363,4.921162973585363,4.921162973585363,4.921162973585363,4.921162973585363,4.921162973585363,4.921162973585363,4.921162973585363,4.921162973585363,4.921162973585363,4.921162973585363,4.921162973585363,4.921162973585363,4.921162973585363,4.921162973585363,4.921162973585363,4.921162973585363,4.921162973585363,4.921162973585363,4.921162973585363,4.921162973585363,4.921162973585363,4.921162973585363,4.921162973585363,4.921162973585363,4.921162973585363,4.921162973585363,4.921162973585363,4.921162973585363,4.921162973585363,4.921162973585363,4.921162973585363,4.921162973585363,4.921162973585363,4.921162973585363,4.921162973585363,4.921162973585363,4.921162973585363,4.921162973585363,4.921162973585363,4.921162973585363,4.921162973585363,4.921162973585363,4.921162973585363,4.921162973585363,4.921162973585363,4.921162973585363,4.921162973585363,4.921162973585363,4.921162973585363,4.921162973585363,4.921162973585363,4.921162973585363,4.921162973585363,4.921162973585363,4.921162973585363,4.921162973585363,4.921162973585363,4.921162973585363,4.921162973585363,4.921162973585363,4.921162973585363,4.921162973585363,4.921162973585363,4.921162973585363,4.921162973585363,4.921162973585363,4.921162973585363,4.921162973585363,4.921162973585363,4.921162973585363,4.921162973585363,4.921162973585363,4.921162973585363,4.921162973585363,4.921162973585363,4.921162973585363,4.921162973585363,4.921162973585363,4.921162973585363,4.921162973585363,4.921162973585363,4.921162973585363,4.921162973585363,4.921162973585363,4.921162973585363,4.921162973585363,4.921162973585363,4.921162973585363,4.921162973585363,4.921162973585363,4.921162973585363,4.921162973585363,4.921162973585363,4.921162973585363,4.921162973585363,4.921162973585363,4.921162973585363,4.921162973585363,4.921162973585363,7.3941096226974565,7.3774200613712555,6.880214724121618,6.880214724121618,6.880214724121618,6.880214724121618,6.880214724121618,6.585329742145514,6.585329742145514,6.585329742145514,6.585329742145514,6.540938184892168,6.540938184892168,6.487378715607971,6.487378715607971,6.487378715607971,6.487378715607971,6.473488683261566,6.473488683261566,6.473488683261566,6.473488683261566,6.473488683261566,6.473488683261566,5.9620718957274015,5.9620718957274015,5.9620718957274015,5.9620718957274015,5.9620718957274015,5.9620718957274015,5.9620718957274015,5.9620718957274015,5.9620718957274015,5.9620718957274015,5.9620718957274015,5.9620718957274015,5.9620718957274015,5.9620718957274015,5.9620718957274015,5.9620718957274015,5.9620718957274015,5.539447859674977,5.539447859674977,5.539447859674977,5.539447859674977,5.539447859674977,5.539447859674977,5.539447859674977,5.539447859674977,5.539447859674977,5.539447859674977,5.539447859674977,5.539447859674977,5.539447859674977,5.539447859674977,5.539447859674977,5.539447859674977,5.539447859674977,5.539447859674977,5.539447859674977,5.539447859674977,5.539447859674977,5.539447859674977,5.539447859674977,5.539447859674977,5.539447859674977,5.539447859674977,5.539447859674977,5.539447859674977,5.539447859674977,5.539447859674977,5.539447859674977,5.539447859674977,5.539447859674977,5.539447859674977,5.539447859674977,5.539447859674977,5.539447859674977,5.539447859674977,5.539447859674977,5.539447859674977,5.539447859674977,5.539447859674977,5.539447859674977,5.539447859674977,5.539447859674977,5.539447859674977,5.539447859674977,5.539447859674977,5.539447859674977,5.539447859674977,5.539447859674977,5.539447859674977,5.539447859674977,5.539447859674977,5.539447859674977,5.539447859674977,5.539447859674977,5.539447859674977,5.539447859674977,5.539447859674977,5.539447859674977,5.539447859674977,5.539447859674977,5.539447859674977,5.539447859674977,5.539447859674977,5.539447859674977,5.539447859674977,5.539447859674977,5.539447859674977,5.539447859674977,5.539447859674977,5.539447859674977,5.539447859674977,5.539447859674977,5.539447859674977,5.539447859674977,5.539447859674977,5.539447859674977,5.539447859674977,5.539447859674977,5.539447859674977,5.539447859674977,5.539447859674977,5.539447859674977,5.539447859674977,5.539447859674977,5.539447859674977,5.539447859674977,5.539447859674977,5.539447859674977,5.539447859674977,5.539447859674977,5.539447859674977,5.539447859674977,5.539447859674977,5.539447859674977,5.539447859674977,5.539447859674977,5.539447859674977,5.539447859674977,5.539447859674977,5.539447859674977,5.539447859674977,5.539447859674977,5.539447859674977,5.539447859674977,5.539447859674977,5.539447859674977,5.539447859674977,5.539447859674977,5.539447859674977,5.539447859674977,5.539447859674977,5.539447859674977,5.539447859674977,5.539447859674977,5.539447859674977,5.539447859674977,5.539447859674977,5.539447859674977,5.539447859674977,5.539447859674977,5.539447859674977,5.539447859674977,5.539447859674977,5.539447859674977,5.539447859674977,5.539447859674977,5.539447859674977,5.539447859674977,5.539447859674977,5.539447859674977,5.539447859674977,5.539447859674977,5.539447859674977,5.539447859674977,5.539447859674977,5.539447859674977,5.539447859674977,5.539447859674977,5.539447859674977,5.539447859674977,5.539447859674977,5.539447859674977,5.539447859674977,5.539447859674977,5.539447859674977,5.539447859674977,5.539447859674977,5.539447859674977,5.539447859674977,5.539447859674977,5.539447859674977,5.539447859674977,5.539447859674977,5.539447859674977,5.539447859674977,5.539447859674977,5.539447859674977,5.539447859674977,5.539447859674977,5.539447859674977,5.539447859674977,5.346708910607083,5.346708910607083,5.346708910607083,5.346708910607083,5.346708910607083,5.346708910607083,5.346708910607083,5.346708910607083,5.346708910607083,5.346708910607083,5.346708910607083,5.346708910607083,5.346708910607083,5.346708910607083,5.346708910607083,5.346708910607083,5.346708910607083,5.346708910607083,5.346708910607083,5.346708910607083,5.346708910607083,5.346708910607083,5.346708910607083,5.346708910607083,5.346708910607083,5.346708910607083,5.346708910607083,5.346708910607083,5.346708910607083,5.346708910607083,5.346708910607083,5.346708910607083,5.346708910607083,5.346708910607083,5.346708910607083,5.346708910607083,5.346708910607083,5.346708910607083,5.346708910607083,5.346708910607083,5.346708910607083,5.346708910607083,5.346708910607083,5.346708910607083,5.346708910607083,5.346708910607083,5.346708910607083,5.346708910607083,5.346708910607083,5.346708910607083,5.346708910607083,5.346708910607083,5.346708910607083,5.346708910607083,5.346708910607083,5.346708910607083,5.346708910607083,5.346708910607083,5.346708910607083,5.346708910607083,5.346708910607083,5.346708910607083,5.346708910607083,5.346708910607083,5.346708910607083,5.346708910607083,5.346708910607083,5.346708910607083,5.346708910607083,5.346708910607083,5.346708910607083,5.346708910607083,5.346708910607083,5.346708910607083,5.346708910607083,5.346708910607083,5.346708910607083,5.346708910607083,5.346708910607083,5.346708910607083,5.346708910607083,5.346708910607083,5.346708910607083,5.346708910607083,5.346708910607083,5.346708910607083,5.346708910607083,5.346708910607083,5.346708910607083,5.346708910607083,5.346708910607083,5.346708910607083,5.346708910607083,5.346708910607083,5.346708910607083,5.346708910607083,5.346708910607083,5.346708910607083,5.346708910607083,5.346708910607083,5.346708910607083,5.346708910607083,5.346708910607083,5.346708910607083,5.346708910607083,5.346708910607083,5.346708910607083,5.346708910607083,5.346708910607083,5.346708910607083,5.346708910607083,5.346708910607083,5.346708910607083,5.346708910607083,5.346708910607083,5.346708910607083,5.346708910607083,5.346708910607083,5.346708910607083,5.346708910607083,5.346708910607083,5.346708910607083,5.346708910607083,5.346708910607083,5.346708910607083,5.346708910607083,5.346708910607083,5.346708910607083,5.346708910607083,5.346708910607083,5.346708910607083,5.346708910607083,5.346708910607083,5.346708910607083,5.346708910607083,5.346708910607083,5.346708910607083,5.346708910607083,5.346708910607083,5.346708910607083,5.346708910607083,5.346708910607083,5.346708910607083,5.346708910607083,5.346708910607083,5.346708910607083,5.346708910607083,5.346708910607083,5.346708910607083,5.346708910607083,5.346708910607083,5.346708910607083,5.346708910607083,5.346708910607083,5.346708910607083,5.346708910607083,5.346708910607083,5.346708910607083,5.346708910607083,5.346708910607083,5.346708910607083,5.346708910607083,5.346708910607083,5.346708910607083,5.346708910607083,5.346708910607083,5.346708910607083,5.346708910607083,5.346708910607083,5.346708910607083,5.346708910607083,5.346708910607083,5.346708910607083,5.346708910607083,5.346708910607083,5.346708910607083,5.346708910607083,5.194837549291323,5.194837549291323,5.106553041215637,5.106553041215637,5.106553041215637,5.106553041215637,5.106553041215637,5.106553041215637,5.106553041215637,5.106553041215637,5.106553041215637,5.106553041215637,5.106553041215637,5.106553041215637,5.106553041215637,5.106553041215637,5.106553041215637,5.106553041215637,5.106553041215637,5.106553041215637,5.106553041215637,5.106553041215637,5.106553041215637,5.106553041215637,5.106553041215637,5.106553041215637,5.106553041215637,5.106553041215637,5.106553041215637,5.106553041215637,5.106553041215637,5.106553041215637,5.106553041215637,5.106553041215637,5.106553041215637,5.106553041215637,5.106553041215637,5.106553041215637,5.106553041215637,5.106553041215637,5.106553041215637,5.106553041215637,5.106553041215637,5.106553041215637,4.933901237785951,4.933901237785951,4.933901237785951,4.933901237785951,4.933901237785951,4.933901237785951,4.933901237785951,4.933901237785951,4.933901237785951,4.933901237785951,4.271344244898487,4.271344244898487,4.271344244898487,4.271344244898487,4.271344244898487,4.271344244898487,4.271344244898487,4.271344244898487,4.271344244898487,4.271344244898487,4.271344244898487,4.271344244898487,4.271344244898487,4.271344244898487,4.271344244898487,4.271344244898487,4.271344244898487,4.271344244898487,4.271344244898487,4.271344244898487,4.271344244898487,4.271344244898487,4.271344244898487,4.271344244898487,4.271344244898487,4.271344244898487,4.271344244898487,4.271344244898487,4.271344244898487,4.271344244898487,4.271344244898487,4.271344244898487,4.271344244898487,4.271344244898487,4.271344244898487,4.271344244898487,4.271344244898487,4.271344244898487,4.271344244898487,4.271344244898487,4.271344244898487,4.271344244898487,4.271344244898487,4.271344244898487,4.271344244898487,4.271344244898487,4.271344244898487,4.271344244898487,4.271344244898487,4.271344244898487,4.271344244898487,4.271344244898487,4.271344244898487,4.271344244898487,4.271344244898487,4.271344244898487,4.271344244898487,4.271344244898487,4.271344244898487,4.271344244898487,4.271344244898487,4.271344244898487,4.271344244898487,4.271344244898487,4.271344244898487,4.271344244898487,4.271344244898487,4.271344244898487,4.271344244898487,4.271344244898487,4.271344244898487,4.271344244898487,4.271344244898487,4.271344244898487,4.271344244898487,4.271344244898487,4.271344244898487,4.271344244898487,4.271344244898487,4.271344244898487,4.271344244898487,4.271344244898487,4.271344244898487,4.271344244898487,4.271344244898487,4.271344244898487,4.271344244898487,4.271344244898487,4.271344244898487,4.271344244898487,4.271344244898487,4.271344244898487,4.271344244898487,4.271344244898487,4.271344244898487,4.271344244898487,4.271344244898487,4.271344244898487,4.271344244898487,4.271344244898487,4.271344244898487,4.271344244898487,4.271344244898487,4.271344244898487,4.271344244898487,4.271344244898487,4.271344244898487,4.271344244898487,4.271344244898487,4.271344244898487,4.271344244898487,4.271344244898487,4.271344244898487,4.271344244898487,4.271344244898487,4.271344244898487,4.271344244898487,4.271344244898487,4.271344244898487,4.271344244898487,4.271344244898487,4.271344244898487,4.271344244898487,4.271344244898487,4.271344244898487,4.271344244898487,4.271344244898487,4.271344244898487,4.271344244898487,4.271344244898487,4.271344244898487,4.271344244898487,4.271344244898487,4.271344244898487,4.271344244898487,4.271344244898487,4.271344244898487,4.271344244898487,4.271344244898487,4.271344244898487,4.271344244898487,4.271344244898487,4.271344244898487,4.271344244898487,4.271344244898487,4.271344244898487,4.271344244898487,4.271344244898487,4.271344244898487,4.271344244898487,4.271344244898487,4.271344244898487,4.271344244898487,4.271344244898487,4.271344244898487,4.271344244898487,4.271344244898487,4.271344244898487,4.271344244898487,4.271344244898487,4.271344244898487,4.271344244898487,4.271344244898487,4.271344244898487,4.271344244898487,4.271344244898487,4.271344244898487,4.271344244898487,4.271344244898487,4.271344244898487,4.271344244898487,4.271344244898487,4.271344244898487,4.271344244898487,4.271344244898487,4.271344244898487,4.271344244898487,4.271344244898487,4.271344244898487,4.271344244898487,4.271344244898487,4.271344244898487,4.271344244898487,4.271344244898487,4.271344244898487,4.271344244898487,4.271344244898487,4.271344244898487,4.271344244898487,4.271344244898487,4.271344244898487,4.271344244898487,4.271344244898487,4.271344244898487,4.271344244898487,4.271344244898487,4.271344244898487,4.271344244898487,4.271344244898487,4.271344244898487,4.271344244898487,4.271344244898487,4.271344244898487,4.271344244898487,4.271344244898487,4.271344244898487,4.271344244898487,4.271344244898487,4.271344244898487,4.271344244898487,4.271344244898487,4.271344244898487,4.271344244898487,4.271344244898487,4.271344244898487,4.271344244898487,4.271344244898487,4.271344244898487,4.271344244898487,4.271344244898487,4.271344244898487,4.271344244898487,4.271344244898487,4.271344244898487,4.271344244898487,4.271344244898487,4.271344244898487,4.271344244898487,4.271344244898487,4.271344244898487,4.271344244898487,4.271344244898487,4.271344244898487,4.271344244898487,4.271344244898487,4.271344244898487,4.271344244898487,4.271344244898487,4.271344244898487,4.271344244898487,4.271344244898487,4.271344244898487,4.271344244898487,4.271344244898487,4.271344244898487,4.271344244898487,4.271344244898487,4.271344244898487,4.271344244898487,4.271344244898487,4.271344244898487,4.271344244898487,4.271344244898487,4.271344244898487,4.271344244898487,4.271344244898487,4.271344244898487,4.271344244898487,4.271344244898487,4.271344244898487,4.271344244898487,4.271344244898487,4.271344244898487,4.271344244898487,4.271344244898487,4.271344244898487,4.271344244898487,4.271344244898487,4.271344244898487,4.271344244898487,4.271344244898487,4.271344244898487,4.271344244898487,4.271344244898487,4.271344244898487,4.271344244898487,4.271344244898487,4.271344244898487,4.271344244898487,4.271344244898487,4.271344244898487,4.271344244898487,4.271344244898487,4.271344244898487,4.271344244898487,4.271344244898487,4.271344244898487,4.271344244898487,4.271344244898487,4.271344244898487,4.271344244898487,4.271344244898487,4.271344244898487,4.271344244898487,4.271344244898487,4.271344244898487,4.271344244898487,4.271344244898487,4.271344244898487,4.271344244898487,4.271344244898487,4.271344244898487,4.271344244898487,4.271344244898487,4.271344244898487,4.271344244898487,4.271344244898487,4.271344244898487,4.271344244898487,4.271344244898487,4.271344244898487,4.271344244898487,4.271344244898487,4.271344244898487,4.271344244898487,4.271344244898487,4.271344244898487,4.271344244898487,4.271344244898487,4.271344244898487,4.271344244898487,4.271344244898487,4.271344244898487,4.271344244898487,4.271344244898487,4.271344244898487,4.271344244898487,4.271344244898487,4.271344244898487,4.271344244898487,4.271344244898487,4.271344244898487,4.271344244898487,4.271344244898487,4.271344244898487,4.271344244898487,4.271344244898487,4.271344244898487,4.271344244898487,4.271344244898487,4.271344244898487,4.271344244898487,4.271344244898487,4.271344244898487,4.271344244898487,4.271344244898487,4.271344244898487,4.271344244898487,4.271344244898487,4.271344244898487,4.271344244898487,4.271344244898487,4.271344244898487,4.271344244898487,4.271344244898487,4.271344244898487,4.271344244898487,4.271344244898487,4.271344244898487,4.271344244898487,4.271344244898487,4.271344244898487,4.271344244898487,4.271344244898487,4.271344244898487,4.271344244898487,4.271344244898487,4.271344244898487,4.271344244898487,4.271344244898487,4.271344244898487,4.271344244898487,4.271344244898487,4.271344244898487,4.271344244898487,4.271344244898487,4.271344244898487,4.271344244898487,4.271344244898487,4.271344244898487,4.271344244898487,4.271344244898487,4.271344244898487,4.271344244898487,4.271344244898487,4.271344244898487,4.271344244898487,4.271344244898487,4.271344244898487,4.271344244898487,4.271344244898487,4.271344244898487,4.271344244898487,4.271344244898487,4.271344244898487,4.271344244898487,4.271344244898487,4.271344244898487,4.271344244898487,4.271344244898487,4.271344244898487,4.271344244898487,4.271344244898487,4.271344244898487,4.271344244898487,4.271344244898487,4.271344244898487,4.271344244898487,4.271344244898487,4.271344244898487,4.271344244898487,4.271344244898487,4.271344244898487,4.271344244898487,4.271344244898487,4.271344244898487,4.271344244898487,4.271344244898487,4.271344244898487,4.271344244898487,4.271344244898487,4.271344244898487,4.271344244898487,4.271344244898487,4.271344244898487,4.271344244898487,4.271344244898487,4.271344244898487,4.271344244898487,4.271344244898487,4.271344244898487,4.271344244898487,4.271344244898487,4.271344244898487,4.271344244898487,4.271344244898487,4.271344244898487,4.271344244898487,4.271344244898487,4.271344244898487,4.271344244898487,4.271344244898487,4.271344244898487,4.271344244898487,4.271344244898487,4.271344244898487,4.271344244898487,4.271344244898487,4.271344244898487,4.271344244898487,4.271344244898487,4.271344244898487,4.271344244898487,4.271344244898487,4.271344244898487,4.271344244898487,4.271344244898487,4.271344244898487,4.271344244898487,4.271344244898487,4.271344244898487,4.271344244898487,4.271344244898487,4.271344244898487,4.271344244898487,4.271344244898487,4.271344244898487,4.271344244898487,4.271344244898487,4.271344244898487,4.271344244898487,4.271344244898487,4.271344244898487,4.271344244898487,4.271344244898487,4.271344244898487,4.271344244898487,4.271344244898487,4.271344244898487,4.271344244898487,4.271344244898487,4.271344244898487,4.271344244898487,4.271344244898487,4.271344244898487,4.271344244898487,4.271344244898487,4.271344244898487,4.271344244898487,4.271344244898487,4.271344244898487,4.271344244898487,4.271344244898487,4.271344244898487,4.271344244898487,4.271344244898487,4.271344244898487,4.271344244898487,4.271344244898487,4.271344244898487,4.271344244898487,4.271344244898487,4.271344244898487,4.271344244898487,4.271344244898487,4.271344244898487,4.271344244898487,4.271344244898487,4.271344244898487,4.271344244898487,4.271344244898487,4.271344244898487,4.271344244898487,4.271344244898487,4.271344244898487,4.271344244898487,4.271344244898487,4.271344244898487,4.271344244898487,4.271344244898487,4.271344244898487,4.271344244898487,4.271344244898487,4.271344244898487,4.271344244898487,4.271344244898487,4.271344244898487,4.271344244898487,4.271344244898487,4.271344244898487,4.271344244898487,4.271344244898487,4.271344244898487,4.271344244898487,4.271344244898487,4.271344244898487,4.271344244898487,4.271344244898487,4.271344244898487,4.271344244898487,4.271344244898487,4.271344244898487,4.271344244898487,4.271344244898487,4.271344244898487,4.271344244898487,4.271344244898487,4.271344244898487,4.271344244898487,4.271344244898487,4.271344244898487,4.271344244898487,4.271344244898487,4.271344244898487,4.271344244898487,4.271344244898487,4.271344244898487,4.271344244898487,4.271344244898487,4.271344244898487,4.271344244898487,4.271344244898487,4.271344244898487,4.271344244898487,4.271344244898487
